Date,Coalition,Region or State,Adult ICU Empty ,Adult ICU Ful,Adult Intensive Care Unit Staffed Bed Capacity,at_admission_confirmed_covid19_patients_in_24_hrs,at_admission_suspected_covid19_patients_in_24_hrs,full_adult_icu_covid19_positive_patients,Hospital Cnt,HospitalCountbyRegion,ICU Licensed Beds,Inpatient Empty Beds (all types),Inpatient Full (all bed types),Licensed Inpatient Beds,Number of Additional Surge Beds Being Planned,Number of COVID-19 Positive Patients In Hospital,TOTAL Staffed Inpatient Capacity (all bed types),Ventilator available,Ventilator used (not specific to COVID-19)
4/6/2020,CapRAC,Region,74,150,224,,,,0,7,203,712,1254,1418,587,50,1966,263,75
4/7/2020,CapRAC,Region,60,138,198,,,,0,7,203,664,1189,1418,452,50,1853,255,67
4/8/2020,CapRAC,Region,65,159,224,,,,0,7,203,613,1354,1418,587,56,1967,267,73
4/9/2020,CapRAC,Region,72,152,224,,,,0,7,203,566,1396,1418,587,58,1962,272,68
4/10/2020,CapRAC,Region,9,31,40,,,,0,7,203,74,129,1418,155,14,203,23,11
4/11/2020,CapRAC,Region,89,134,223,,,,0,7,203,965,889,1418,587,65,1854,278,62
4/12/2020,CapRAC,Region,85,137,222,,,,0,7,203,773,1176,1418,587,73,1949,277,63
4/13/2020,CapRAC,Region,78,144,222,,,,0,7,203,990,957,1418,587,70,1947,279,61
4/14/2020,CapRAC,Region,78,142,220,,,,0,7,203,690,1276,1418,496,68,1966,275,65
4/15/2020,CapRAC,Region,71,153,224,,,,0,7,203,649,1346,1418,491,72,1995,266,74
4/16/2020,CapRAC,Region,72,152,224,,,,0,7,203,596,1362,1418,552,73,1958,278,61
4/17/2020,CapRAC,Region,66,158,224,,,,0,7,203,608,1348,1418,552,67,1956,279,60
4/18/2020,CapRAC,Region,80,144,224,,,,0,7,203,616,1342,1418,556,66,1958,269,63
4/19/2020,CapRAC,Region,88,136,224,,,,0,7,203,704,1254,1418,552,61,1958,282,56
4/20/2020,CapRAC,Region,82,142,224,,,,0,7,203,606,1352,1418,552,66,1958,287,53
4/21/2020,CapRAC,Region,74,150,224,,,,0,7,203,444,1520,1418,552,80,1964,279,61
4/22/2020,CapRAC,Region,79,141,220,,,,0,7,203,485,1485,1418,552,81,1970,273,67
4/23/2020,CapRAC,Region,100,124,224,,,,0,7,203,554,1411,1418,552,93,1965,283,57
4/24/2020,CapRAC,Region,99,125,224,,,,0,7,203,541,1432,1418,552,92,1973,281,59
4/25/2020,CapRAC,Region,90,134,224,,,,0,7,203,517,1364,1418,552,80,1881,282,58
4/26/2020,CapRAC,Region,93,131,224,,,,0,7,203,620,1344,1418,552,73,1964,285,53
4/27/2020,CapRAC,Region,-14,238,224,,,,0,7,203,772,1194,1418,558,78,1966,291,49
4/28/2020,CapRAC,Region,74,150,224,,,,0,7,203,676,1288,1418,552,84,1964,275,53
4/29/2020,CapRAC,Region,65,159,224,,,,0,7,203,631,1333,1418,552,98,1964,271,57
4/30/2020,CapRAC,Region,73,151,224,,,,0,7,203,617,1355,1418,552,87,1972,262,66
5/1/2020,CapRAC,Region,77,147,224,,,,0,7,203,694,1275,1418,552,86,1969,263,65
5/2/2020,CapRAC,Region,64,150,214,,,,0,7,203,687,1142,1418,552,75,1829,262,58
5/3/2020,CapRAC,Region,86,138,224,,,,0,7,203,767,1209,1418,552,81,1976,269,59
5/4/2020,CapRAC,Region,74,148,222,,,,0,7,203,743,1229,1418,552,85,1972,264,64
5/5/2020,CapRAC,Region,54,170,224,,,,0,7,203,607,1366,1418,552,84,1973,267,61
5/6/2020,CapRAC,Region,51,173,224,,,,0,7,203,578,1396,1418,552,79,1974,272,56
5/7/2020,CapRAC,Region,47,177,224,,,,0,7,203,522,1458,1418,552,75,1980,266,62
5/8/2020,CapRAC,Region,41,183,224,,,,0,7,203,551,1428,1418,552,77,1979,270,58
5/9/2020,CapRAC,Region,47,177,224,,,,0,7,203,605,1375,1418,552,72,1980,242,86
5/10/2020,CapRAC,Region,64,160,224,,,,0,7,203,657,1309,1418,552,68,1966,256,72
5/11/2020,CapRAC,Region,76,148,224,,,,0,7,203,617,1364,1418,552,73,1981,256,72
5/12/2020,CapRAC,Region,70,154,224,,,,0,7,203,568,1420,1418,552,71,1988,254,74
5/13/2020,CapRAC,Region,52,172,224,,,,0,7,203,539,1453,1418,552,57,1992,251,70
5/14/2020,CapRAC,Region,54,170,224,,,,0,7,203,564,1421,1418,552,45,1985,254,74
5/15/2020,CapRAC,Region,56,168,224,,,,0,7,203,607,1375,1418,552,37,1982,258,70
5/16/2020,CapRAC,Region,59,165,224,,,,0,7,203,601,1378,1418,552,42,1979,263,65
5/17/2020,CapRAC,Region,78,146,224,,,,0,7,203,663,1321,1418,552,43,1984,268,60
5/18/2020,CapRAC,Region,57,167,224,,,,0,7,203,623,1367,1418,552,61,1990,278,50
5/19/2020,CapRAC,Region,57,167,224,,,,0,7,203,538,1468,1418,552,64,2006,280,48
5/20/2020,CapRAC,Region,58,166,224,,,,0,7,203,535,1461,1418,552,68,1996,272,56
5/21/2020,CapRAC,Region,63,159,222,,,,0,7,203,516,1472,1418,552,68,1988,254,74
5/22/2020,CapRAC,Region,61,163,224,,,,0,7,203,493,1495,1418,552,68,1988,259,69
5/23/2020,CapRAC,Region,52,172,224,,,,0,7,203,562,1430,1418,552,72,1992,257,71
5/24/2020,CapRAC,Region,69,155,224,,,,0,7,203,588,1390,1418,552,62,1978,251,77
5/25/2020,CapRAC,Region,42,182,224,,,,0,7,203,605,1373,1418,552,66,1978,255,73
5/26/2020,CapRAC,Region,79,145,224,,,,0,7,203,644,1328,1418,552,72,1972,254,74
5/27/2020,CapRAC,Region,54,170,224,,,,0,7,203,559,1423,1418,552,68,1982,256,72
5/28/2020,CapRAC,Region,53,171,224,,,,0,7,203,500,1480,1418,586,69,1980,249,79
5/29/2020,CapRAC,Region,47,177,224,,,,0,7,203,526,1458,1418,587,69,1984,251,77
5/30/2020,CapRAC,Region,55,169,224,,,,0,7,203,479,1495,1418,587,61,1974,254,74
5/31/2020,CapRAC,Region,55,169,224,,,,0,7,203,564,1411,1418,587,69,1975,242,86
6/1/2020,CapRAC,Region,71,153,224,,,,0,7,203,596,1391,1418,587,74,1987,243,85
6/2/2020,CapRAC,Region,60,138,198,,,,0,7,203,481,1368,1418,452,60,1849,230,81
6/3/2020,CapRAC,Region,65,159,224,21,10,37,0,7,203,463,1539,1418,587,80,2002,243,85
6/4/2020,CapRAC,Region,66,158,224,15,10,32,0,7,203,414,1568,1418,587,84,1982,237,91
6/5/2020,CapRAC,Region,49,175,224,20,12,36,0,7,203,431,1543,1418,587,98,1974,231,97
6/6/2020,CapRAC,Region,56,168,224,21,9,37,0,7,203,455,1523,1418,587,105,1978,243,85
6/7/2020,CapRAC,Region,46,170,216,10,7,43,0,7,203,408,1421,1418,587,101,1829,239,81
6/8/2020,CapRAC,Region,51,173,224,10,5,47,0,7,203,556,1422,1418,587,108,1978,252,76
6/9/2020,CapRAC,Region,47,177,224,10,11,46,0,7,203,416,1564,1418,587,107,1980,248,80
6/10/2020,CapRAC,Region,47,174,221,13,21,44,0,7,203,340,1670,1418,587,119,2010,250,78
6/11/2020,CapRAC,Region,49,175,224,17,9,44,0,7,203,378,1635,1418,587,117,2013,238,90
6/12/2020,CapRAC,Region,47,177,224,8,5,52,0,7,203,426,1593,1418,587,123,2019,235,93
6/13/2020,CapRAC,Region,46,178,224,19,22,54,0,7,203,470,1533,1418,587,125,2003,237,91
6/14/2020,CapRAC,Region,37,187,224,17,14,50,0,7,203,492,1497,1418,587,124,1989,211,117
6/15/2020,CapRAC,Region,42,182,224,12,7,45,0,7,203,480,1528,1418,587,120,2008,213,115
6/16/2020,CapRAC,Region,31,193,224,18,8,56,0,7,203,390,1607,1418,587,134,1997,221,107
6/17/2020,CapRAC,Region,31,193,224,19,10,60,0,7,203,389,1607,1418,587,140,1996,227,101
6/18/2020,CapRAC,Region,24,200,224,19,17,55,0,7,203,365,1644,1418,587,137,2009,238,90
6/19/2020,CapRAC,Region,40,184,224,18,7,54,0,7,203,368,1633,1418,465,146,2001,227,101
6/20/2020,CapRAC,Region,53,171,224,13,12,54,0,7,203,453,1554,1418,587,146,2007,227,101
6/21/2020,CapRAC,Region,43,173,216,23,12,58,0,7,203,376,1472,1418,587,154,1848,226,94
6/22/2020,CapRAC,Region,40,184,224,20,12,59,0,7,203,461,1543,1418,587,169,2004,224,104
6/23/2020,CapRAC,Region,30,194,224,14,9,60,0,7,203,369,1642,1418,587,163,2011,227,101
6/24/2020,CapRAC,Region,48,209,257,22,11,56,0,7,203,440,1586,1418,469,160,2026,247,98
6/25/2020,CapRAC,Region,43,212,255,20,8,55,0,7,203,462,1570,1418,469,156,2032,228,117
6/26/2020,CapRAC,Region,39,218,257,12,15,54,0,7,203,442,1590,1418,469,150,2032,240,105
6/27/2020,CapRAC,Region,52,205,257,17,13,60,0,7,203,455,1560,1418,469,146,2015,246,97
6/28/2020,CapRAC,Region,45,212,257,12,11,63,0,7,203,518,1498,1418,469,146,2016,260,85
6/29/2020,CapRAC,Region,47,210,257,16,17,60,0,7,203,403,1609,1418,469,152,2012,261,84
6/30/2020,CapRAC,Region,42,215,257,30,21,63,0,7,203,393,1633,1418,469,156,2026,258,87
7/1/2020,CapRAC,Region,32,225,257,22,20,62,0,7,203,373,1647,1418,469,165,2020,267,78
7/2/2020,CapRAC,Region,39,218,257,12,14,61,0,7,203,383,1627,1418,469,156,2010,279,66
7/3/2020,CapRAC,Region,36,221,257,22,15,72,0,7,203,440,1588,1418,469,177,2028,269,76
7/4/2020,CapRAC,Region,37,220,257,19,18,73,0,7,203,523,1487,1418,469,189,2010,267,78
7/5/2020,CapRAC,Region,36,221,257,15,13,81,0,7,203,522,1490,1418,469,185,2012,266,79
7/6/2020,CapRAC,Region,30,227,257,12,23,80,0,7,203,501,1519,1418,469,182,2020,248,97
7/7/2020,CapRAC,Region,36,221,257,27,23,73,0,7,203,416,1604,1418,469,204,2020,244,101
7/8/2020,CapRAC,Region,30,219,249,21,24,69,0,7,203,294,1591,1418,474,207,1885,229,108
7/9/2020,CapRAC,Region,28,229,257,8,20,62,0,7,203,473,1547,1418,474,187,2020,233,112
7/10/2020,CapRAC,Region,37,220,257,1,21,55,0,7,203,476,1542,1418,394,193,2018,248,97
7/11/2020,CapRAC,Region,52,205,257,8,27,57,0,7,203,529,1489,1418,424,185,2018,253,92
7/12/2020,CapRAC,Region,52,205,257,16,11,54,0,7,203,533,1485,1418,428,191,2018,260,85
7/13/2020,CapRAC,Region,55,202,257,6,27,49,0,7,203,519,1497,1418,474,189,2016,259,86
7/14/2020,CapRAC,Region,35,222,257,10,30,53,0,7,203,473,1553,1418,476,186,2026,255,90
7/15/2020,CapRAC,Region,47,210,257,13,42,46,0,7,203,453,1567,1418,476,197,2020,263,82
7/16/2020,CapRAC,Region,54,203,257,11,35,52,0,7,203,413,1611,1418,476,197,2024,268,77
7/17/2020,CapRAC,Region,43,214,257,20,28,63,0,7,203,447,1573,1418,476,199,2020,266,79
7/18/2020,CapRAC,Region,55,202,257,22,26,59,0,7,203,484,1538,1418,476,199,2022,269,76
7/19/2020,CapRAC,Region,53,203,256,18,11,54,0,7,203,494,1511,1418,476,171,2005,272,73
7/20/2020,CapRAC,Region,49,206,255,14,17,51,0,7,203,523,1493,1418,476,187,2016,278,67
7/21/2020,CapRAC,Region,45,210,255,16,16,50,0,7,203,370,1650,1418,476,196,2020,277,68
7/22/2020,CapRAC,Region,44,211,255,11,27,57,0,7,203,396,1616,1418,476,196,2012,269,76
7/23/2020,CapRAC,Region,46,211,257,11,32,56,0,7,203,380,1640,1418,476,179,2020,274,71
7/24/2020,CapRAC,Region,45,124,169,7,31,30,0,7,203,301,855,1418,259,98,1156,165,37
7/25/2020,CapRAC,Region,51,118,169,8,23,35,0,7,203,433,721,1418,259,99,1154,166,36
7/26/2020,CapRAC,Region,118,51,169,7,22,37,0,7,203,470,678,1418,259,94,1148,163,39
7/27/2020,CapRAC,Region,118,50,168,7,24,33,0,7,203,378,678,1418,259,91,1056,155,47
7/28/2020,CapRAC,Region,124,55,179,8,30,36,0,7,203,439,717,1418,259,97,1156,152,50
7/29/2020,CapRAC,Region,35,134,169,8,24,37,0,7,203,236,912,1418,259,99,1148,150,52
7/30/2020,CapRAC,Region,31,138,169,12,15,37,0,7,203,338,824,1418,259,107,1162,151,51
7/31/2020,CapRAC,Region,40,129,169,9,25,42,0,7,203,376,782,1418,259,100,1158,151,51
8/1/2020,CapRAC,Region,42,127,169,8,19,44,0,7,203,379,777,1418,259,104,1156,151,51
8/2/2020,CapRAC,Region,40,121,161,3,18,37,0,7,203,272,743,1418,259,97,1015,148,46
8/3/2020,CapRAC,Region,48,121,169,8,17,35,0,7,203,356,802,1418,259,99,1158,151,49
8/4/2020,CapRAC,Region,44,125,169,6,31,33,0,7,203,339,828,1418,259,96,1167,155,47
8/5/2020,CapRAC,Region,39,130,169,12,26,30,0,7,203,335,835,1418,259,96,1170,157,45
8/6/2020,CapRAC,Region,43,118,161,6,24,26,0,7,203,266,751,1418,259,94,1017,150,44
8/7/2020,CapRAC,Region,45,123,168,3,23,26,0,7,203,378,782,1418,259,93,1160,155,43
8/8/2020,CapRAC,Region,52,117,169,2,26,27,0,7,203,421,742,1418,259,98,1163,157,45
8/9/2020,CapRAC,Region,58,111,169,3,18,26,0,7,203,418,744,1418,259,97,1162,164,38
8/10/2020,CapRAC,Region,34,135,169,1,26,27,0,7,203,361,809,1418,259,86,1170,157,45
8/11/2020,CapRAC,Region,39,130,169,1,30,25,0,7,203,358,809,1418,259,82,1167,154,48
8/12/2020,CapRAC,Region,47,122,169,5,31,24,0,7,203,339,814,1418,259,76,1153,158,44
8/13/2020,CapRAC,Region,50,119,169,3,29,23,0,7,203,366,809,1418,259,79,1175,154,48
8/14/2020,CapRAC,Region,47,113,160,1,27,24,0,7,203,265,762,1418,259,63,1027,155,39
8/15/2020,CapRAC,Region,47,120,167,2,25,23,0,7,203,383,774,1418,259,61,1157,155,47
8/16/2020,CapRAC,Region,44,123,167,5,18,25,0,7,203,381,782,1418,258,62,1163,156,46
8/17/2020,CapRAC,Region,44,125,169,4,26,26,0,7,203,379,786,1418,259,58,1165,159,43
8/18/2020,CapRAC,Region,44,125,169,0,22,24,0,7,203,364,801,1418,259,62,1165,156,46
8/19/2020,CapRAC,Region,38,130,168,8,34,24,0,7,203,288,872,1418,259,70,1160,152,50
8/20/2020,CapRAC,Region,45,123,168,7,23,24,0,7,203,365,797,1418,259,65,1162,156,46
8/21/2020,CapRAC,Region,36,125,161,4,26,24,0,7,203,247,769,1418,259,59,1016,155,39
8/22/2020,CapRAC,Region,50,119,169,3,28,20,0,7,203,399,766,1418,259,58,1165,168,34
8/23/2020,CapRAC,Region,48,121,169,4,19,19,0,7,203,409,756,1418,259,60,1165,160,42
8/24/2020,CapRAC,Region,38,131,169,2,24,18,0,7,203,367,794,1418,259,54,1161,169,33
8/25/2020,CapRAC,Region,39,122,161,2,16,19,0,7,203,268,756,1418,259,50,1024,162,32
8/26/2020,CapRAC,Region,37,132,169,4,22,22,6,7,203,361,816,1418,259,48,1177,166,36
8/27/2020,CapRAC,Region,46,115,161,4,23,19,5,7,203,306,718,1418,259,50,1024,162,32
8/28/2020,CapRAC,Region,40,121,161,4,21,21,5,7,203,312,714,1418,259,57,1026,161,33
8/29/2020,CapRAC,Region,43,125,168,1,26,21,6,7,203,397,763,1418,259,57,1160,170,32
8/30/2020,CapRAC,Region,38,120,158,2,22,23,5,7,203,257,760,1418,259,59,1017,159,35
8/31/2020,CapRAC,Region,43,116,159,0,28,24,5,7,203,280,736,1418,259,62,1016,157,37
9/1/2020,CapRAC,Region,40,118,158,2,21,24,5,7,203,242,766,1418,259,59,1008,159,35
9/2/2020,CapRAC,Region,44,117,161,3,25,19,5,7,203,195,833,1418,259,60,1028,160,34
9/3/2020,CapRAC,Region,51,110,161,2,30,17,5,7,203,212,816,1418,259,60,1028,160,34
9/4/2020,CapRAC,Region,48,113,161,3,23,15,5,7,203,211,815,1418,259,59,1026,158,36
9/5/2020,CapRAC,Region,36,125,161,1,21,17,5,7,203,208,807,1418,259,54,1015,149,45
9/6/2020,CapRAC,Region,45,116,161,2,23,18,5,7,203,255,760,1418,259,54,1015,153,41
9/7/2020,CapRAC,Region,43,118,161,2,20,16,5,7,203,269,749,1418,259,54,1018,152,42
9/8/2020,CapRAC,Region,40,129,169,2,23,21,6,7,203,262,815,1418,331,59,1077,162,38
9/9/2020,CapRAC,Region,42,127,169,4,25,19,6,7,203,217,844,1418,331,59,1061,162,38
9/10/2020,CapRAC,Region,37,132,169,3,22,21,6,7,203,197,868,1418,331,53,1065,160,40
9/11/2020,CapRAC,Region,35,131,166,3,23,23,6,7,203,207,863,1418,331,54,1070,163,37
9/12/2020,CapRAC,Region,36,130,166,3,29,20,6,7,203,210,845,1418,331,57,1055,155,45
9/13/2020,CapRAC,Region,36,133,169,3,18,21,6,7,203,254,817,1418,330,58,1071,158,42
9/14/2020,CapRAC,Region,31,138,169,0,22,23,6,7,203,217,852,1418,330,60,1069,161,39
9/15/2020,CapRAC,Region,34,133,167,3,28,20,6,7,203,199,878,1418,331,46,1077,162,38
9/16/2020,CapRAC,Region,41,128,169,3,28,20,6,7,203,199,867,1418,331,49,1066,170,30
9/17/2020,CapRAC,Region,38,131,169,3,25,18,6,7,203,200,873,1418,331,47,1073,165,35
9/18/2020,CapRAC,Region,45,124,169,3,25,21,6,7,203,198,868,1418,331,44,1066,159,41
9/19/2020,CapRAC,Region,49,129,178,3,14,24,6,7,203,250,820,1418,331,47,1070,166,34
9/20/2020,CapRAC,Region,43,126,169,4,16,19,6,7,203,261,813,1418,331,45,1074,167,33
9/21/2020,CapRAC,Region,67,157,224,2,31,15,7,7,203,258,870,1418,331,39,1128,162,38
9/22/2020,CapRAC,Region,35,134,169,2,31,22,7,7,203,199,875,1418,331,71,1074,159,41
9/23/2020,CapRAC,Region,38,131,169,4,25,22,7,7,203,182,892,1418,331,45,1074,159,41
9/24/2020,CapRAC,Region,32,137,169,3,24,25,7,7,203,182,900,1418,331,46,1082,161,39
9/25/2020,CapRAC,Region,42,126,168,7,23,26,7,7,203,215,860,1418,331,53,1075,166,34
9/26/2020,CapRAC,Region,42,127,169,6,22,29,7,7,203,234,840,1418,331,54,1074,165,35
9/27/2020,CapRAC,Region,39,129,168,6,17,26,7,7,203,227,852,1418,331,54,1079,164,36
9/28/2020,CapRAC,Region,31,137,168,6,23,27,7,7,203,189,888,1418,331,59,1077,161,39
9/29/2020,CapRAC,Region,30,138,168,2,21,28,7,7,203,185,891,1418,331,53,1076,158,42
9/30/2020,CapRAC,Region,28,140,168,5,26,25,7,7,203,181,896,1418,331,48,1077,165,35
10/1/2020,CapRAC,Region,31,138,169,2,26,25,7,7,203,169,911,1418,331,39,1080,161,39
10/2/2020,CapRAC,Region,36,133,169,2,24,22,7,7,203,210,876,1418,331,34,1086,160,40
10/3/2020,CapRAC,Region,43,126,169,1,21,23,7,7,203,235,848,1418,331,35,1083,163,37
10/4/2020,CapRAC,Region,44,125,169,4,17,25,7,7,203,231,842,1418,331,39,1073,158,42
10/5/2020,CapRAC,Region,33,136,169,3,24,22,7,7,203,211,868,1418,331,42,1079,160,40
10/6/2020,CapRAC,Region,33,136,169,2,29,23,7,7,203,192,885,1418,331,42,1077,160,40
10/7/2020,CapRAC,Region,34,135,169,2,28,21,7,7,203,194,887,1418,331,48,1081,160,40
10/8/2020,CapRAC,Region,36,133,169,7,28,21,7,7,203,190,888,1418,331,52,1078,164,36
10/9/2020,CapRAC,Region,38,131,169,2,25,18,7,7,203,189,888,1418,331,44,1077,165,35
10/10/2020,CapRAC,Region,43,126,169,7,19,16,7,7,203,192,893,1418,331,52,1085,165,35
10/11/2020,CapRAC,Region,27,142,169,2,29,24,7,7,203,177,896,1418,331,59,1073,160,40
10/12/2020,CapRAC,Region,28,141,169,3,22,25,7,7,203,167,906,1418,331,59,1073,163,37
10/13/2020,CapRAC,Region,28,141,169,1,26,25,7,7,203,165,912,1418,331,54,1077,171,29
10/14/2020,CapRAC,Region,24,145,169,2,24,28,7,7,203,180,899,1418,331,51,1079,170,30
10/15/2020,CapRAC,Region,43,126,169,7,10,26,7,7,203,206,873,1418,331,58,1079,163,37
10/16/2020,CapRAC,Region,34,135,169,10,16,26,7,7,203,168,915,1418,331,65,1083,169,31
10/17/2020,CapRAC,Region,45,124,169,4,14,23,7,7,203,182,895,1418,331,55,1077,167,33
10/18/2020,CapRAC,Region,35,134,169,1,16,22,7,7,203,206,871,1418,331,55,1077,175,25
10/19/2020,CapRAC,Region,34,135,169,1,13,19,7,7,203,201,874,1418,331,64,1075,175,25
10/20/2020,CapRAC,Region,37,132,169,5,25,17,7,7,203,198,877,1418,331,68,1075,173,27
10/21/2020,CapRAC,Region,44,125,169,0,11,18,7,7,203,195,884,1418,331,74,1079,173,27
10/22/2020,CapRAC,Region,35,134,169,7,18,18,7,7,203,194,883,1418,331,76,1077,165,35
10/23/2020,CapRAC,Region,34,135,169,8,16,19,7,7,203,205,872,1418,331,77,1077,169,31
10/24/2020,CapRAC,Region,44,125,169,8,9,23,7,7,203,211,866,1418,331,65,1077,168,32
10/25/2020,CapRAC,Region,39,129,168,7,27,23,7,7,203,234,838,1418,331,74,1072,168,32
10/26/2020,CapRAC,Region,31,137,168,3,9,24,7,7,203,193,878,1418,331,69,1071,167,33
10/27/2020,CapRAC,Region,29,140,169,9,15,24,7,7,203,187,886,1418,331,77,1073,161,39
10/28/2020,CapRAC,Region,30,139,169,10,18,19,7,7,203,173,902,1418,331,74,1075,164,36
10/29/2020,CapRAC,Region,26,143,169,5,19,25,7,7,203,158,917,1418,331,81,1075,166,34
10/30/2020,CapRAC,Region,28,141,169,4,12,25,7,7,203,204,871,1418,331,69,1075,168,32
10/31/2020,CapRAC,Region,33,136,169,6,18,22,7,7,203,234,843,1418,331,68,1077,167,33
11/1/2020,CapRAC,Region,39,130,169,4,18,24,7,7,203,260,813,1418,331,66,1073,164,36
11/2/2020,CapRAC,Region,37,132,169,7,17,21,7,7,203,227,850,1418,331,70,1077,156,44
11/3/2020,CapRAC,Region,39,130,169,6,12,16,7,7,203,211,866,1418,331,65,1077,154,46
11/4/2020,CapRAC,Region,34,135,169,9,22,17,7,7,203,205,872,1418,331,66,1077,154,46
11/5/2020,CapRAC,Region,38,131,169,4,15,17,7,7,203,206,867,1418,331,66,1073,160,40
11/6/2020,CapRAC,Region,41,128,169,8,25,19,7,7,203,243,832,1418,331,61,1075,165,35
11/7/2020,CapRAC,Region,35,134,169,5,25,19,7,7,203,251,829,1418,331,59,1080,165,35
11/8/2020,CapRAC,Region,26,143,169,2,22,18,7,7,203,233,847,1418,331,66,1080,167,33
11/9/2020,CapRAC,Region,30,139,169,5,19,20,7,7,203,208,868,1418,331,72,1076,165,35
11/10/2020,CapRAC,Region,25,143,168,8,29,25,7,7,203,158,921,1418,331,74,1079,167,33
11/11/2020,CapRAC,Region,31,138,169,8,17,26,7,7,203,150,928,1418,331,71,1078,166,34
11/12/2020,CapRAC,Region,32,137,169,3,18,30,7,7,203,153,930,1418,331,92,1083,162,38
11/13/2020,CapRAC,Region,22,147,169,5,29,29,7,7,203,165,965,1418,331,91,1130,171,29
11/14/2020,CapRAC,Region,26,143,169,5,20,28,7,7,203,194,935,1418,331,89,1129,170,30
11/15/2020,CapRAC,Region,28,141,169,6,17,30,7,7,203,214,914,1418,331,99,1128,162,38
11/16/2020,CapRAC,Region,24,145,169,6,15,29,7,7,203,200,927,1418,331,108,1127,164,36
11/17/2020,CapRAC,Region,27,142,169,10,30,34,7,7,203,177,950,1418,331,120,1127,165,35
11/18/2020,CapRAC,Region,26,143,169,17,11,29,7,7,203,155,975,1418,331,125,1130,162,38
4/6/2020,DHPC,Region,100,117,217,,,,0,8,424,791,1240,2640,1028,29,2031,374,84
4/7/2020,DHPC,Region,92,125,217,,,,0,8,424,831,1241,2640,1391,36,2072,340,91
4/8/2020,DHPC,Region,82,116,198,,,,0,8,424,620,1134,2640,718,51,1754,335,81
4/9/2020,DHPC,Region,87,130,217,,,,0,8,424,704,1315,2640,1400,51,2019,276,94
4/10/2020,DHPC,Region,77,142,219,,,,0,8,424,840,1360,2640,1400,43,2200,331,96
4/11/2020,DHPC,Region,46,117,163,,,,0,8,424,580,959,2640,1213,34,1539,239,83
4/12/2020,DHPC,Region,55,108,163,,,,0,8,424,602,936,2640,1213,35,1538,237,91
4/13/2020,DHPC,Region,96,124,220,,,,0,8,424,838,1243,2640,1321,50,2081,325,94
4/14/2020,DHPC,Region,74,143,217,,,,0,8,424,896,1305,2640,1400,50,2201,330,97
4/15/2020,DHPC,Region,67,150,217,,,,0,8,424,855,1344,2640,1400,52,2199,337,90
4/16/2020,DHPC,Region,70,147,217,,,,0,8,424,766,1425,2640,1400,54,2191,339,88
4/17/2020,DHPC,Region,71,124,195,,,,0,8,424,756,1147,2640,1301,42,1903,277,87
4/18/2020,DHPC,Region,45,118,163,,,,0,8,424,599,939,2640,1213,42,1538,236,92
4/19/2020,DHPC,Region,36,127,163,,,,0,8,424,610,929,2640,1213,48,1539,236,92
4/20/2020,DHPC,Region,50,141,191,,,,0,8,424,704,1159,2640,1322,56,1863,306,92
4/21/2020,DHPC,Region,63,158,221,,,,0,8,424,802,1392,2640,1327,62,2194,329,105
4/22/2020,DHPC,Region,59,164,223,,,,0,8,424,771,1433,2640,1347,73,2204,319,115
4/23/2020,DHPC,Region,56,145,201,,,,0,8,424,658,1269,2640,1307,65,1927,264,108
4/24/2020,DHPC,Region,55,140,195,,,,0,8,424,674,1238,2640,1301,61,1912,263,101
4/25/2020,DHPC,Region,21,123,144,,,,0,8,424,352,940,2640,531,48,1292,215,89
4/26/2020,DHPC,Region,33,130,163,,,,0,8,424,502,1058,2640,1213,50,1560,224,104
4/27/2020,DHPC,Region,67,134,201,,,,0,8,424,718,1270,2640,1307,53,1988,273,99
4/28/2020,DHPC,Region,60,160,220,,,,0,8,424,682,1548,2640,1332,67,2230,327,108
4/29/2020,DHPC,Region,61,162,223,,,,0,8,424,673,1558,2640,1327,72,2231,333,103
4/30/2020,DHPC,Region,54,150,204,,,,0,8,424,602,1573,2640,1307,71,2175,339,90
5/1/2020,DHPC,Region,32,163,195,,,,0,8,424,613,1321,2640,1301,61,1934,295,74
5/2/2020,DHPC,Region,18,145,163,,,,0,8,424,427,1132,2640,1213,60,1559,242,87
5/3/2020,DHPC,Region,21,142,163,,,,0,8,424,449,1109,2640,1213,63,1558,244,85
5/4/2020,DHPC,Region,46,149,195,,,,0,8,424,584,1330,2640,644,67,1914,319,87
5/5/2020,DHPC,Region,21,148,169,,,,0,8,424,421,1162,2640,556,62,1583,283,89
5/6/2020,DHPC,Region,53,166,219,,,,0,8,424,608,1651,2640,1350,73,2259,346,94
5/7/2020,DHPC,Region,59,160,219,,,,0,8,424,593,1646,2640,1324,71,2239,361,79
5/8/2020,DHPC,Region,63,157,220,,,,0,8,424,629,1626,2640,1332,84,2255,360,76
5/9/2020,DHPC,Region,21,154,175,,,,0,8,424,448,1362,2640,1223,75,1810,308,84
5/10/2020,DHPC,Region,30,133,163,,,,0,8,424,501,1058,2640,1213,61,1559,247,82
5/11/2020,DHPC,Region,59,136,195,,,,0,8,424,703,1239,2640,1301,64,1942,278,91
5/12/2020,DHPC,Region,47,170,217,,,,0,8,424,645,1553,2640,1321,81,2198,335,97
5/13/2020,DHPC,Region,53,162,215,,,,0,8,424,596,1586,2640,1326,73,2182,329,103
5/14/2020,DHPC,Region,45,172,217,,,,0,8,424,560,1634,2640,1351,80,2194,335,97
5/15/2020,DHPC,Region,32,183,215,,,,0,8,424,554,1620,2640,1321,75,2174,339,92
5/16/2020,DHPC,Region,24,157,181,,,,0,8,424,428,1360,2640,1233,74,1788,297,95
5/17/2020,DHPC,Region,26,155,181,,,,0,8,424,442,1347,2640,1221,77,1789,305,87
5/18/2020,DHPC,Region,34,189,223,,,,0,8,424,675,1575,2640,1357,90,2250,354,85
5/19/2020,DHPC,Region,13,169,182,,,,0,8,424,351,1501,2640,1273,71,1852,295,105
5/20/2020,DHPC,Region,37,155,192,,,,0,8,424,366,1548,2640,669,71,1914,311,96
5/21/2020,DHPC,Region,8,180,188,,,,0,8,424,293,1589,2640,1273,78,1882,293,107
5/22/2020,DHPC,Region,47,167,214,,,,0,8,424,465,1753,2640,1351,95,2218,341,91
5/23/2020,DHPC,Region,28,149,177,,,,0,8,424,346,1460,2640,1263,91,1806,301,91
5/24/2020,DHPC,Region,34,144,178,,,,0,8,424,383,1405,2640,1263,97,1788,298,94
5/25/2020,DHPC,Region,31,143,174,,,,0,8,424,447,1376,2640,1263,99,1823,307,85
5/26/2020,DHPC,Region,43,161,204,,,,0,8,424,608,1598,2640,1351,107,2206,350,81
5/27/2020,DHPC,Region,43,164,207,,,,0,8,424,493,1698,2640,1351,120,2191,351,80
5/28/2020,DHPC,Region,46,191,237,,,,0,8,424,457,1737,2640,1351,109,2194,358,74
5/29/2020,DHPC,Region,44,180,224,,,,0,8,424,302,1590,2640,669,84,1892,315,92
5/30/2020,DHPC,Region,18,160,178,,,,0,8,424,320,1490,2640,1263,90,1810,300,92
5/31/2020,DHPC,Region,33,141,174,,,,0,8,424,364,1447,2640,1223,93,1811,318,75
6/1/2020,DHPC,Region,31,137,168,,,,0,8,424,296,1299,2640,591,79,1595,300,75
6/2/2020,DHPC,Region,26,142,168,,,,0,8,424,214,1399,2640,592,81,1613,290,85
6/3/2020,DHPC,Region,10,152,162,9,1,29,0,8,424,263,1331,2640,1223,81,1594,251,86
6/4/2020,DHPC,Region,49,185,234,17,4,42,0,8,424,265,1860,2640,1351,116,2125,288,91
6/5/2020,DHPC,Region,14,165,179,8,1,40,0,8,424,247,1604,2640,1273,104,1851,303,97
6/6/2020,DHPC,Region,14,161,175,9,10,37,0,8,424,295,1492,2640,1263,98,1787,282,110
6/7/2020,DHPC,Region,17,158,175,6,13,42,0,8,424,357,1417,2640,1263,98,1774,290,102
6/8/2020,DHPC,Region,42,180,222,11,4,42,0,8,424,359,1476,2640,669,94,1835,312,95
6/9/2020,DHPC,Region,55,181,236,11,4,44,0,8,424,381,1739,2640,1351,112,2120,332,100
6/10/2020,DHPC,Region,17,163,180,11,0,40,0,8,424,273,1601,2640,1273,104,1874,303,97
6/11/2020,DHPC,Region,67,169,236,19,8,48,0,8,424,371,1762,2640,1351,115,2133,331,101
6/12/2020,DHPC,Region,51,184,235,10,7,44,0,8,424,417,1719,2640,1351,115,2136,332,100
6/13/2020,DHPC,Region,14,160,174,10,32,38,0,8,424,311,1524,2640,1263,104,1835,297,95
6/14/2020,DHPC,Region,27,149,176,11,11,37,0,8,424,336,1451,2640,1223,104,1787,290,103
6/15/2020,DHPC,Region,74,147,221,12,5,61,0,8,424,367,1475,2640,1273,113,1842,301,99
6/16/2020,DHPC,Region,24,160,184,11,6,41,0,8,424,309,1562,2640,1273,103,1871,472,98
6/17/2020,DHPC,Region,27,209,236,16,5,42,0,8,424,268,1836,2640,1351,109,2104,313,117
6/18/2020,DHPC,Region,37,194,231,18,8,39,0,8,424,325,1805,2640,1351,113,2130,334,98
6/19/2020,DHPC,Region,16,162,178,13,8,36,0,8,424,256,1545,2640,1121,98,1801,143,87
6/20/2020,DHPC,Region,14,160,174,10,6,34,0,8,424,240,1475,2640,1111,100,1715,163,86
6/21/2020,DHPC,Region,16,156,172,13,4,42,0,8,424,282,1407,2640,1111,107,1689,140,82
6/22/2020,DHPC,Region,35,198,233,10,2,49,0,8,424,402,1613,2640,1199,120,2015,164,98
6/23/2020,DHPC,Region,42,193,235,12,24,50,0,8,424,342,1726,2640,1199,120,2068,163,98
6/24/2020,DHPC,Region,30,204,234,12,27,45,0,8,424,322,1741,2640,1199,106,2063,169,93
6/25/2020,DHPC,Region,15,165,180,10,6,44,0,8,424,204,1585,2640,1121,98,1789,132,98
6/26/2020,DHPC,Region,18,161,179,12,6,43,0,8,424,210,1586,2640,1121,97,1796,140,90
6/27/2020,DHPC,Region,19,154,173,8,7,40,0,8,424,207,1517,2640,1111,106,1724,123,99
6/28/2020,DHPC,Region,28,145,173,8,8,37,0,8,424,264,1432,2640,1071,99,1696,131,91
6/29/2020,DHPC,Region,44,190,234,9,4,39,0,8,424,432,1598,2640,1189,108,2030,181,89
6/30/2020,DHPC,Region,26,152,178,12,5,36,0,8,424,404,1359,2640,1101,103,1763,147,84
7/1/2020,DHPC,Region,36,196,232,8,5,39,0,8,424,434,1621,2640,1189,105,2055,178,91
7/2/2020,DHPC,Region,46,186,232,8,4,33,0,8,424,443,1608,2640,1189,108,2051,185,86
7/3/2020,DHPC,Region,25,158,183,12,2,35,0,8,424,453,1339,2640,1111,103,1792,154,84
7/4/2020,DHPC,Region,34,142,176,13,0,30,0,8,424,469,1253,2640,1101,98,1722,153,78
7/5/2020,DHPC,Region,20,152,172,11,4,36,0,8,424,411,1278,2640,1101,103,1689,147,84
7/6/2020,DHPC,Region,24,156,180,11,5,32,0,8,424,405,1379,2640,1111,107,1784,145,94
7/7/2020,DHPC,Region,23,161,184,16,4,34,0,8,424,378,1417,2640,1111,110,1795,139,99
7/8/2020,DHPC,Region,23,162,185,17,1,34,0,8,424,369,1432,2640,1111,108,1801,161,77
7/9/2020,DHPC,Region,40,198,238,8,3,36,0,8,424,387,1661,2640,1189,106,2048,178,92
7/10/2020,DHPC,Region,20,163,183,15,7,33,0,8,424,314,1457,2640,1111,106,1771,145,92
7/11/2020,DHPC,Region,25,154,179,13,4,33,0,8,424,393,1328,2640,1101,100,1721,133,98
7/12/2020,DHPC,Region,16,161,177,11,2,36,0,8,424,397,1318,2640,1101,95,1715,139,92
7/13/2020,DHPC,Region,15,197,212,16,2,37,0,8,424,447,1557,2640,1189,107,2004,167,104
7/14/2020,DHPC,Region,6,148,154,12,3,45,0,8,424,378,1397,2640,1111,100,1775,144,95
7/15/2020,DHPC,Region,16,144,160,16,3,42,0,8,424,360,1415,2640,1111,112,1775,153,85
7/16/2020,DHPC,Region,31,183,214,17,6,43,0,8,424,420,1620,2640,1189,126,2040,186,84
7/17/2020,DHPC,Region,26,183,209,19,4,46,0,8,424,385,1639,2640,1189,129,2024,189,81
7/18/2020,DHPC,Region,12,146,158,11,8,37,0,8,424,354,1365,2640,1111,124,1719,153,85
7/19/2020,DHPC,Region,14,133,147,11,0,40,0,8,424,341,1326,2640,1101,124,1667,150,81
7/20/2020,DHPC,Region,14,141,155,14,2,33,0,8,424,334,1423,2640,1111,132,1757,155,83
7/21/2020,DHPC,Region,30,181,211,13,6,34,0,8,424,366,1662,2640,1189,121,2028,198,73
7/22/2020,DHPC,Region,23,187,210,22,4,36,0,8,424,371,1666,2640,1189,125,2037,197,74
7/23/2020,DHPC,Region,29,181,210,15,2,31,0,8,424,364,1666,2640,1189,125,2030,192,79
7/24/2020,DHPC,Region,32,176,208,15,4,35,0,8,424,412,1604,2640,1189,127,2016,190,81
7/25/2020,DHPC,Region,16,151,167,15,21,29,0,8,424,420,1322,2640,429,120,1742,165,76
7/26/2020,DHPC,Region,17,145,162,9,8,29,0,8,424,436,1263,2640,419,123,1699,160,73
7/27/2020,DHPC,Region,39,182,221,6,16,27,0,8,424,474,1544,2640,507,125,2018,192,81
7/28/2020,DHPC,Region,21,145,166,10,16,25,0,8,424,365,1415,2640,429,108,1780,150,91
7/29/2020,DHPC,Region,16,149,165,11,17,21,0,8,424,371,1416,2640,429,101,1787,163,78
7/30/2020,DHPC,Region,15,152,167,10,23,21,0,8,424,347,1432,2640,429,100,1779,160,81
7/31/2020,DHPC,Region,22,146,168,8,21,18,0,8,424,462,1319,2640,429,89,1781,160,81
8/1/2020,DHPC,Region,23,145,168,16,15,19,0,8,424,438,1320,2640,429,97,1758,168,73
8/2/2020,DHPC,Region,25,136,161,10,15,18,0,8,424,414,1292,2640,419,99,1706,163,70
8/3/2020,DHPC,Region,74,143,217,10,24,22,0,8,424,466,1559,2640,507,102,2025,202,71
8/4/2020,DHPC,Region,30,186,216,11,14,20,0,8,424,387,1644,2640,507,99,2031,201,72
8/5/2020,DHPC,Region,39,179,218,6,15,20,0,8,424,393,1649,2640,507,97,2042,198,75
8/6/2020,DHPC,Region,22,143,165,18,19,19,0,8,424,324,1441,2640,429,83,1765,170,71
8/7/2020,DHPC,Region,22,143,165,13,19,18,0,8,424,350,1393,2640,429,82,1743,173,68
8/8/2020,DHPC,Region,19,141,160,9,12,21,0,8,424,373,1324,2640,419,81,1697,163,70
8/9/2020,DHPC,Region,16,145,161,7,11,23,0,8,424,377,1323,2640,419,82,1700,164,69
8/10/2020,DHPC,Region,17,149,166,8,17,20,0,8,424,370,1374,2640,429,80,1744,162,79
8/11/2020,DHPC,Region,17,152,169,11,19,23,0,8,424,351,1420,2640,429,75,1771,157,84
8/12/2020,DHPC,Region,16,156,172,7,23,20,0,8,424,309,1467,2640,429,78,1776,160,81
8/13/2020,DHPC,Region,10,157,167,14,15,19,0,8,424,306,1476,2640,429,73,1782,162,79
8/14/2020,DHPC,Region,11,158,169,9,16,19,0,8,424,341,1427,2640,429,74,1768,154,87
8/15/2020,DHPC,Region,26,147,173,9,20,19,0,8,424,429,1344,2640,429,67,1773,174,67
8/16/2020,DHPC,Region,29,142,171,4,15,15,0,8,424,386,1368,2640,429,81,1754,167,74
8/17/2020,DHPC,Region,23,148,171,4,12,18,0,8,424,323,1449,2640,429,70,1772,160,81
8/18/2020,DHPC,Region,30,143,173,7,18,21,0,8,424,335,1446,2640,429,68,1781,164,77
8/19/2020,DHPC,Region,26,147,173,9,14,17,0,8,424,355,1428,2640,429,64,1783,156,82
8/20/2020,DHPC,Region,34,139,173,8,21,18,0,8,424,373,1412,2640,429,65,1785,157,84
8/21/2020,DHPC,Region,27,140,167,14,17,17,0,8,424,403,1379,2640,429,63,1782,157,81
8/22/2020,DHPC,Region,30,138,168,10,12,16,0,8,424,429,1348,2640,429,57,1777,171,67
8/23/2020,DHPC,Region,37,134,171,6,15,18,0,8,424,441,1336,2640,429,64,1777,172,66
8/24/2020,DHPC,Region,29,142,171,6,4,17,0,8,424,352,1426,2640,429,64,1778,162,76
8/25/2020,DHPC,Region,17,154,171,15,21,18,0,8,424,300,1485,2640,429,72,1785,146,92
8/26/2020,DHPC,Region,20,149,169,11,12,15,6,8,424,320,1468,2640,429,67,1788,158,80
8/27/2020,DHPC,Region,18,150,168,12,21,15,6,8,424,341,1449,2640,429,72,1790,153,87
8/28/2020,DHPC,Region,18,147,165,14,15,15,6,8,424,381,1398,2640,429,72,1779,161,77
8/29/2020,DHPC,Region,32,137,169,12,16,16,6,8,424,410,1342,2640,429,79,1752,171,67
8/30/2020,DHPC,Region,25,143,168,19,13,18,6,8,424,395,1353,2640,429,74,1748,173,65
8/31/2020,DHPC,Region,22,149,171,14,13,21,6,8,424,354,1427,2640,429,84,1781,167,74
9/1/2020,DHPC,Region,17,153,170,7,21,24,6,8,424,304,1498,2640,429,80,1802,163,75
9/2/2020,DHPC,Region,18,151,169,37,39,25,6,8,424,341,1466,2640,429,90,1807,155,83
9/3/2020,DHPC,Region,18,152,170,43,41,23,6,8,424,346,1459,2640,429,79,1805,147,91
9/4/2020,DHPC,Region,20,152,172,28,45,21,6,8,424,380,1421,2640,429,73,1801,152,86
9/5/2020,DHPC,Region,17,152,169,31,42,23,6,8,424,338,1391,2640,429,69,1729,159,79
9/6/2020,DHPC,Region,22,148,170,32,47,23,6,8,424,385,1344,2640,429,65,1729,158,80
9/7/2020,DHPC,Region,15,155,170,35,35,28,6,8,424,422,1315,2640,429,66,1737,145,93
9/8/2020,DHPC,Region,16,155,171,39,55,27,6,8,424,341,1393,2640,429,71,1734,147,91
9/9/2020,DHPC,Region,18,151,169,34,38,32,6,8,424,312,1431,2640,429,78,1743,157,81
9/10/2020,DHPC,Region,19,149,168,44,33,30,6,8,424,290,1439,2640,429,79,1729,150,88
9/11/2020,DHPC,Region,27,142,169,32,24,27,6,8,424,310,1418,2640,429,64,1728,158,80
9/12/2020,DHPC,Region,17,153,170,32,25,26,6,8,424,320,1404,2640,429,67,1724,152,86
9/13/2020,DHPC,Region,24,147,171,31,15,24,6,8,424,352,1367,2640,429,82,1719,155,83
9/14/2020,DHPC,Region,16,153,169,30,20,27,6,8,424,260,1466,2640,429,71,1726,151,87
9/15/2020,DHPC,Region,22,151,173,33,23,28,6,8,424,244,1500,2640,429,76,1744,154,84
9/16/2020,DHPC,Region,21,150,171,29,7,25,6,8,424,314,1445,2640,429,68,1759,161,77
9/17/2020,DHPC,Region,27,146,173,32,10,22,6,8,424,317,1445,2640,429,68,1762,152,86
9/18/2020,DHPC,Region,25,144,169,33,8,23,6,8,424,386,1368,2640,429,63,1754,152,86
9/19/2020,DHPC,Region,19,146,165,33,6,22,6,8,424,393,1340,2640,429,69,1733,166,72
9/20/2020,DHPC,Region,26,143,169,36,4,23,6,8,424,391,1335,2640,429,70,1726,160,78
9/21/2020,DHPC,Region,21,146,167,32,5,17,6,8,424,356,1399,2640,429,85,1755,156,82
9/22/2020,DHPC,Region,12,157,169,35,8,17,6,8,424,279,1478,2640,429,65,1757,153,85
9/23/2020,DHPC,Region,12,157,169,36,5,19,6,8,424,295,1460,2640,429,67,1755,152,86
9/24/2020,DHPC,Region,20,152,172,35,7,21,6,8,424,269,1480,2640,429,72,1749,151,87
9/25/2020,DHPC,Region,19,130,149,29,9,18,6,8,424,325,1433,2640,429,70,1758,159,79
9/26/2020,DHPC,Region,19,126,145,30,6,17,6,8,424,395,1346,2640,429,69,1741,163,75
9/27/2020,DHPC,Region,24,111,135,32,2,20,6,8,424,436,1281,2640,429,70,1717,164,74
9/28/2020,DHPC,Region,12,123,135,28,9,23,6,8,424,287,1442,2640,429,79,1729,152,86
9/29/2020,DHPC,Region,16,127,143,30,11,21,7,8,424,266,1507,2640,449,79,1773,158,84
9/30/2020,DHPC,Region,16,127,143,27,2,22,7,8,424,270,1494,2640,449,83,1764,155,87
10/1/2020,DHPC,Region,12,130,142,10,5,22,7,8,424,265,1496,2640,449,78,1761,146,96
10/2/2020,DHPC,Region,16,128,144,13,6,21,7,8,424,319,1447,2640,449,78,1766,143,99
10/3/2020,DHPC,Region,20,117,137,15,5,19,7,8,424,365,1377,2640,449,81,1742,162,80
10/4/2020,DHPC,Region,21,118,139,14,4,18,7,8,424,376,1356,2640,449,84,1732,166,76
10/5/2020,DHPC,Region,51,136,187,13,10,21,7,8,424,335,1428,2640,449,87,1763,154,88
10/6/2020,DHPC,Region,39,147,186,11,6,21,7,8,424,305,1466,2640,449,84,1771,144,98
10/7/2020,DHPC,Region,47,142,189,12,8,22,7,8,424,298,1481,2640,449,79,1779,156,86
10/8/2020,DHPC,Region,54,136,190,17,6,22,7,8,424,282,1494,2640,449,82,1776,152,90
10/9/2020,DHPC,Region,60,128,188,17,6,21,7,8,424,306,1448,2640,449,88,1754,145,97
10/10/2020,DHPC,Region,51,138,189,18,8,20,7,8,424,324,1413,2640,449,81,1737,160,82
10/11/2020,DHPC,Region,48,141,189,18,2,22,7,8,424,360,1377,2640,449,94,1737,162,80
10/12/2020,DHPC,Region,50,140,190,9,5,22,7,8,424,302,1453,2640,449,105,1755,152,90
10/13/2020,DHPC,Region,53,139,192,20,11,21,7,8,424,273,1486,2640,448,95,1759,157,85
10/14/2020,DHPC,Region,47,143,190,10,5,22,7,8,424,267,1498,2640,449,90,1765,143,99
10/15/2020,DHPC,Region,48,144,192,13,8,22,7,8,424,271,1489,2640,449,87,1760,140,102
10/16/2020,DHPC,Region,55,137,192,12,3,24,7,8,424,284,1480,2640,449,86,1764,138,104
10/17/2020,DHPC,Region,53,135,188,9,7,24,7,8,424,321,1431,2640,449,87,1752,159,83
10/18/2020,DHPC,Region,54,135,189,8,6,21,7,8,424,384,1371,2640,449,81,1755,158,84
10/19/2020,DHPC,Region,25,161,186,8,7,27,7,8,424,311,1452,2640,449,92,1763,144,98
10/20/2020,DHPC,Region,30,158,188,7,6,27,7,8,424,281,1501,2640,449,73,1782,149,93
10/21/2020,DHPC,Region,31,159,190,11,2,25,7,8,424,269,1500,2640,449,73,1769,144,98
10/22/2020,DHPC,Region,26,161,187,12,6,23,7,8,424,255,1520,2640,449,70,1775,152,90
10/23/2020,DHPC,Region,35,154,189,18,5,20,7,8,424,337,1442,2640,449,74,1779,149,93
10/24/2020,DHPC,Region,37,151,188,10,6,20,7,8,424,353,1402,2640,449,62,1755,151,91
10/25/2020,DHPC,Region,38,151,189,11,7,18,7,8,424,312,1422,2640,449,63,1734,150,92
10/26/2020,DHPC,Region,39,150,189,12,5,15,7,8,424,280,1490,2640,449,69,1770,138,104
10/27/2020,DHPC,Region,45,146,191,18,13,13,7,8,424,267,1516,2640,449,68,1783,148,94
10/28/2020,DHPC,Region,48,146,194,11,6,14,7,8,424,308,1471,2640,449,82,1779,148,94
10/29/2020,DHPC,Region,46,143,189,17,6,16,7,8,424,252,1527,2640,449,78,1779,150,92
10/30/2020,DHPC,Region,50,138,188,8,4,17,7,8,424,336,1446,2640,449,76,1782,153,89
10/31/2020,DHPC,Region,37,151,188,13,8,18,7,8,424,358,1387,2640,449,75,1745,162,80
11/1/2020,DHPC,Region,38,150,188,12,9,16,7,8,424,367,1361,2640,449,81,1728,161,81
11/2/2020,DHPC,Region,44,141,185,14,6,20,7,8,424,341,1432,2640,449,75,1773,149,93
11/3/2020,DHPC,Region,37,153,190,14,6,19,7,8,424,333,1443,2640,449,79,1776,150,92
11/4/2020,DHPC,Region,34,156,190,12,4,23,7,8,424,344,1434,2640,449,88,1778,143,99
11/5/2020,DHPC,Region,38,154,192,14,9,20,7,8,424,286,1490,2640,449,85,1776,156,86
11/6/2020,DHPC,Region,39,152,191,15,8,21,7,8,424,362,1412,2640,449,86,1774,159,83
11/7/2020,DHPC,Region,38,151,189,14,6,19,7,8,424,406,1358,2640,449,78,1764,171,71
11/8/2020,DHPC,Region,46,141,187,7,3,23,7,8,424,360,1392,2640,449,77,1752,170,72
11/9/2020,DHPC,Region,38,150,188,13,3,21,7,8,424,290,1476,2640,449,81,1766,159,83
11/10/2020,DHPC,Region,27,161,188,15,1,21,7,8,424,254,1531,2640,449,83,1785,161,81
11/11/2020,DHPC,Region,38,151,189,11,4,22,7,8,424,247,1542,2640,449,86,1789,153,89
11/12/2020,DHPC,Region,24,164,188,14,3,34,7,8,424,260,1534,2640,449,114,1794,139,103
11/13/2020,DHPC,Region,37,153,190,20,5,31,7,8,424,312,1475,2640,449,116,1787,155,87
11/14/2020,DHPC,Region,41,149,190,15,1,30,7,8,424,403,1385,2640,449,110,1788,160,82
11/15/2020,DHPC,Region,41,149,190,13,3,27,7,8,424,390,1379,2640,449,114,1769,157,85
11/16/2020,DHPC,Region,36,156,192,18,3,30,7,8,424,292,1488,2640,449,122,1780,158,84
11/17/2020,DHPC,Region,25,163,188,16,9,30,7,8,424,253,1537,2640,449,118,1790,159,83
11/18/2020,DHPC,Region,42,148,190,11,4,30,7,8,424,279,1506,2640,449,111,1785,159,83
4/6/2020,EHPC,Region,96,170,266,,,,0,19,420,1174,1233,3851,778,53,2407,299,116
4/7/2020,EHPC,Region,99,185,284,,,,0,19,420,1366,1490,3851,851,60,2856,343,123
4/8/2020,EHPC,Region,97,168,265,,,,0,19,420,1013,1346,3851,737,56,2359,327,113
4/9/2020,EHPC,Region,98,175,273,,,,0,19,420,1207,1472,3851,821,73,2679,344,117
4/10/2020,EHPC,Region,110,182,292,,,,0,19,420,1219,1517,3851,801,73,2736,348,120
4/11/2020,EHPC,Region,40,165,205,,,,0,19,420,621,987,3851,105,34,1608,222,99
4/12/2020,EHPC,Region,91,141,232,,,,0,19,420,904,1056,3851,167,42,1960,244,108
4/13/2020,EHPC,Region,112,186,298,,,,0,19,420,1287,1547,3851,829,75,2834,331,126
4/14/2020,EHPC,Region,104,191,295,,,,0,19,420,1206,1510,3851,972,76,2716,362,121
4/15/2020,EHPC,Region,117,175,292,,,,0,19,420,1223,1533,3851,854,81,2756,360,123
4/16/2020,EHPC,Region,109,173,282,,,,0,19,420,1122,1483,3851,812,75,2605,337,124
4/17/2020,EHPC,Region,109,176,285,,,,0,19,420,1152,1427,3851,779,71,2579,354,115
4/18/2020,EHPC,Region,39,237,276,,,,0,19,420,951,1351,3851,732,77,2302,345,110
4/19/2020,EHPC,Region,104,186,290,,,,0,19,420,1188,1445,3851,798,82,2633,351,123
4/20/2020,EHPC,Region,98,177,275,,,,0,19,420,1201,1421,3851,842,81,2622,347,119
4/21/2020,EHPC,Region,92,198,290,,,,0,19,420,1095,1537,3851,848,84,2632,337,123
4/22/2020,EHPC,Region,80,200,280,,,,0,19,420,932,1615,3851,790,70,2547,353,120
4/23/2020,EHPC,Region,70,213,283,,,,0,19,420,964,1513,3851,581,74,2477,347,117
4/24/2020,EHPC,Region,88,179,267,,,,0,19,420,902,1310,3851,530,68,2212,342,99
4/25/2020,EHPC,Region,18,255,273,,,,0,19,420,743,1437,3851,548,83,2180,283,121
4/26/2020,EHPC,Region,104,182,286,,,,0,19,420,952,1437,3851,558,85,2389,331,109
4/27/2020,EHPC,Region,104,179,283,,,,0,19,420,999,1404,3851,646,79,2403,359,112
4/28/2020,EHPC,Region,97,181,278,,,,0,19,420,925,1481,3851,638,97,2406,289,125
4/29/2020,EHPC,Region,93,195,288,,,,0,19,420,988,1570,3851,649,91,2558,376,124
4/30/2020,EHPC,Region,99,188,287,,,,0,19,420,1110,1563,3851,655,93,2673,367,124
5/1/2020,EHPC,Region,103,148,251,,,,0,19,420,958,1305,3851,562,61,2263,358,87
5/2/2020,EHPC,Region,42,221,263,,,,0,19,420,787,1390,3851,517,75,2177,337,106
5/3/2020,EHPC,Region,93,172,265,,,,0,19,420,856,1323,3851,521,78,2179,331,110
5/4/2020,EHPC,Region,103,187,290,,,,0,19,420,1071,1473,3851,644,99,2544,392,111
5/5/2020,EHPC,Region,83,205,288,,,,0,19,420,1101,1542,3851,641,105,2643,386,114
5/6/2020,EHPC,Region,87,203,290,,,,0,19,420,951,1570,3851,387,94,2521,370,129
5/7/2020,EHPC,Region,127,152,279,,,,0,19,420,874,1453,3851,638,78,2327,378,100
5/8/2020,EHPC,Region,99,187,286,,,,0,19,420,883,1489,3851,587,85,2372,369,116
5/9/2020,EHPC,Region,40,211,251,,,,0,19,420,542,1356,3851,590,56,1898,268,98
5/10/2020,EHPC,Region,98,162,260,,,,0,19,420,785,1345,3851,439,81,2130,345,115
5/11/2020,EHPC,Region,145,172,317,,,,0,19,420,979,1587,3851,743,98,2566,326,114
5/12/2020,EHPC,Region,121,169,290,,,,0,19,420,959,1567,3851,635,96,2526,401,97
5/13/2020,EHPC,Region,107,181,288,,,,0,19,420,896,1644,3851,746,95,2540,391,110
5/14/2020,EHPC,Region,101,184,285,,,,0,19,420,841,1650,3851,628,98,2491,391,117
5/15/2020,EHPC,Region,90,178,268,,,,0,19,420,795,1497,3851,548,85,2292,346,124
5/16/2020,EHPC,Region,49,241,290,,,,0,19,420,863,1659,3851,800,102,2522,368,122
5/17/2020,EHPC,Region,93,170,263,,,,0,19,420,812,1402,3851,437,95,2214,335,121
5/18/2020,EHPC,Region,99,192,291,,,,0,19,420,980,1596,3851,642,122,2576,379,119
5/19/2020,EHPC,Region,83,204,287,,,,0,19,420,858,1626,3851,725,111,2484,366,120
5/20/2020,EHPC,Region,85,185,270,,,,0,19,420,750,1594,3851,435,109,2344,346,116
5/21/2020,EHPC,Region,88,159,247,,,,0,19,420,732,1334,3851,662,80,2066,336,98
5/22/2020,EHPC,Region,79,159,238,,,,0,19,420,665,1341,3851,231,87,2006,313,104
5/23/2020,EHPC,Region,39,201,240,,,,0,19,420,652,1322,3851,237,93,1974,295,115
5/24/2020,EHPC,Region,122,166,288,,,,0,19,420,633,1519,3851,289,101,2152,323,107
5/25/2020,EHPC,Region,103,149,252,,,,0,19,420,742,1345,3851,387,98,2087,329,102
5/26/2020,EHPC,Region,95,175,270,,,,0,19,420,841,1506,3851,333,114,2347,349,112
5/27/2020,EHPC,Region,79,191,270,,,,0,19,420,750,1597,3851,363,115,2347,355,110
5/28/2020,EHPC,Region,76,182,258,,,,0,19,420,691,1520,3851,389,90,2211,343,103
5/29/2020,EHPC,Region,90,186,276,,,,0,19,420,745,1593,3851,423,96,2338,352,115
5/30/2020,EHPC,Region,17,249,266,,,,0,19,420,658,1560,3851,362,88,2218,335,111
5/31/2020,EHPC,Region,-1,240,239,,,,0,19,420,535,1393,3851,449,90,1928,288,104
6/1/2020,EHPC,Region,83,199,282,,,,0,19,420,888,1614,3851,383,107,2502,357,112
6/2/2020,EHPC,Region,72,200,272,,,,0,19,420,818,1657,3851,403,111,2475,338,121
6/3/2020,EHPC,Region,91,169,260,8,9,30,0,19,420,677,1549,3851,403,103,2226,350,106
6/4/2020,EHPC,Region,91,173,264,7,3,29,0,19,420,661,1574,3851,293,106,2235,340,109
6/5/2020,EHPC,Region,73,177,250,11,14,26,0,19,420,668,1479,3851,363,87,2147,315,108
6/6/2020,EHPC,Region,86,154,240,14,11,21,0,19,420,427,1531,3851,332,85,1958,288,95
6/7/2020,EHPC,Region,82,180,262,7,16,29,0,19,420,699,1531,3851,436,118,2230,346,103
6/8/2020,EHPC,Region,91,174,265,15,14,29,0,19,420,819,1620,3851,449,121,2439,360,100
6/9/2020,EHPC,Region,67,195,262,13,13,38,0,19,420,683,1685,3851,357,114,2368,329,114
6/10/2020,EHPC,Region,61,207,268,10,23,35,0,19,420,646,1711,3851,407,127,2357,367,100
6/11/2020,EHPC,Region,69,174,243,18,20,25,0,19,420,517,1547,3851,256,85,2064,337,92
6/12/2020,EHPC,Region,80,188,268,10,16,33,0,19,420,604,1727,3851,313,117,2331,346,105
6/13/2020,EHPC,Region,82,169,251,8,18,27,0,19,420,670,1518,3851,487,87,2188,334,90
6/14/2020,EHPC,Region,78,168,246,11,17,27,0,19,420,797,1383,3851,484,85,2180,327,97
6/15/2020,EHPC,Region,86,166,252,10,23,26,0,19,420,872,1488,3851,362,93,2360,342,99
6/16/2020,EHPC,Region,79,200,279,16,26,37,0,19,420,695,1751,3851,447,111,2446,368,108
6/17/2020,EHPC,Region,84,209,293,9,27,34,0,19,420,793,1856,3851,565,116,2649,376,115
6/18/2020,EHPC,Region,73,220,293,16,25,39,0,19,420,702,1839,3851,459,113,2541,373,119
6/19/2020,EHPC,Region,86,192,278,19,34,41,0,19,420,659,1799,3851,382,110,2458,354,116
6/20/2020,EHPC,Region,71,170,241,10,14,30,0,19,420,695,1475,3851,326,79,2170,304,100
6/21/2020,EHPC,Region,72,153,225,14,15,33,0,19,420,694,1222,3851,239,86,1916,221,109
6/22/2020,EHPC,Region,90,196,286,11,19,33,0,19,420,825,1713,3851,475,108,2538,371,114
6/23/2020,EHPC,Region,72,198,270,12,25,32,0,19,420,556,1826,3851,365,104,2382,363,111
6/24/2020,EHPC,Region,63,185,248,16,30,33,0,19,420,606,1684,3851,283,101,2290,385,103
6/25/2020,EHPC,Region,69,183,252,12,31,30,0,19,420,701,1598,3851,273,102,2299,378,101
6/26/2020,EHPC,Region,75,173,248,13,26,33,0,19,420,562,1765,3851,242,98,2327,370,101
6/27/2020,EHPC,Region,78,164,242,11,30,30,0,19,420,729,1481,3851,250,78,2210,283,102
6/28/2020,EHPC,Region,83,165,248,9,33,25,0,19,420,702,1523,3851,251,76,2225,285,105
6/29/2020,EHPC,Region,74,184,258,16,31,30,0,19,420,813,1591,3851,300,100,2404,490,106
6/30/2020,EHPC,Region,59,186,245,9,23,26,0,19,420,735,1621,3851,296,83,2356,363,102
7/1/2020,EHPC,Region,51,220,271,18,31,26,0,19,420,525,1995,3851,317,74,2520,375,128
7/2/2020,EHPC,Region,67,211,278,18,31,29,0,19,420,701,1841,3851,319,92,2542,380,125
7/3/2020,EHPC,Region,62,190,252,16,40,23,0,19,420,703,1622,3851,287,67,2325,343,131
7/4/2020,EHPC,Region,74,169,243,9,18,15,0,19,420,662,1594,3851,260,66,2256,265,120
7/5/2020,EHPC,Region,86,179,265,11,24,26,0,19,420,855,1576,3851,298,76,2431,368,123
7/6/2020,EHPC,Region,76,173,249,11,17,25,0,19,420,913,1519,3851,333,73,2432,359,111
7/7/2020,EHPC,Region,72,180,252,18,32,25,0,19,420,721,1726,3851,336,81,2447,325,117
7/8/2020,EHPC,Region,65,196,261,21,41,28,0,19,420,637,1782,3851,312,101,2419,378,117
7/9/2020,EHPC,Region,61,181,242,15,25,20,0,19,420,684,1521,3851,253,81,2205,339,113
7/10/2020,EHPC,Region,63,182,245,12,29,26,0,19,420,555,1653,3851,250,80,2208,357,105
7/11/2020,EHPC,Region,65,185,250,21,27,22,0,19,420,604,1731,3851,276,79,2335,349,121
7/12/2020,EHPC,Region,66,179,245,14,16,22,0,19,420,595,1611,3851,274,72,2206,323,132
7/13/2020,EHPC,Region,55,197,252,20,35,27,0,19,420,689,1596,3851,286,101,2285,369,121
7/14/2020,EHPC,Region,54,200,254,15,35,28,0,19,420,714,1686,3851,313,108,2400,365,117
7/15/2020,EHPC,Region,55,198,253,19,28,29,0,19,420,715,1748,3851,231,106,2463,379,116
7/16/2020,EHPC,Region,68,196,264,20,32,32,0,19,420,658,1760,3851,274,121,2418,318,111
7/17/2020,EHPC,Region,59,179,238,20,31,30,0,19,420,602,1557,3851,221,110,2159,290,111
7/18/2020,EHPC,Region,76,184,260,7,32,24,0,19,420,614,1817,3851,313,88,2431,284,116
7/19/2020,EHPC,Region,75,189,264,16,23,21,0,19,420,618,1804,3851,299,76,2422,305,119
7/20/2020,EHPC,Region,76,191,267,26,21,35,0,19,420,716,1665,3851,284,120,2381,321,117
7/21/2020,EHPC,Region,73,192,265,15,24,38,0,19,420,717,1726,3851,275,117,2443,320,117
7/22/2020,EHPC,Region,71,200,271,15,32,35,0,19,420,635,1832,3851,287,118,2467,313,126
7/23/2020,EHPC,Region,62,208,270,9,27,35,0,19,420,653,1866,3851,289,120,2519,312,127
7/24/2020,EHPC,Region,57,212,269,15,28,35,0,19,420,629,1829,3851,306,116,2458,296,138
7/25/2020,EHPC,Region,58,217,275,16,35,38,0,19,420,771,1870,3851,329,118,2641,300,137
7/26/2020,EHPC,Region,49,208,257,13,23,43,0,19,420,654,1773,3851,293,110,2427,286,141
7/27/2020,EHPC,Region,64,209,273,19,23,44,0,19,420,754,1753,3851,300,136,2507,297,145
7/28/2020,EHPC,Region,62,211,273,20,23,43,0,19,420,702,1830,3851,305,146,2532,303,137
7/29/2020,EHPC,Region,52,211,263,17,31,38,0,19,420,671,1803,3851,307,118,2474,288,129
7/30/2020,EHPC,Region,67,212,279,17,34,39,0,19,420,657,1890,3851,300,146,2547,310,128
7/31/2020,EHPC,Region,53,206,259,19,18,39,0,19,420,642,1802,3851,288,131,2444,304,119
8/1/2020,EHPC,Region,60,193,253,19,24,32,0,19,420,546,1779,3851,261,126,2325,294,113
8/2/2020,EHPC,Region,60,192,252,15,20,36,0,19,420,679,1631,3851,255,132,2310,285,115
8/3/2020,EHPC,Region,67,183,250,18,22,40,0,19,420,702,1580,3851,260,140,2282,281,123
8/4/2020,EHPC,Region,82,194,276,26,38,48,0,19,420,802,1841,3851,292,160,2643,311,120
8/5/2020,EHPC,Region,69,183,252,13,27,41,0,19,420,655,1679,3851,262,145,2334,275,104
8/6/2020,EHPC,Region,68,197,265,18,15,41,0,19,420,634,1801,3851,307,143,2435,279,113
8/7/2020,EHPC,Region,75,192,267,22,24,51,0,19,420,788,1769,3851,312,152,2557,264,109
8/8/2020,EHPC,Region,69,187,256,25,26,46,0,19,420,623,1710,3851,283,158,2333,273,101
8/9/2020,EHPC,Region,62,184,246,11,24,45,0,19,420,607,1629,3851,262,156,2236,266,106
8/10/2020,EHPC,Region,66,205,271,14,28,48,0,19,420,690,1741,3851,293,159,2431,284,109
8/11/2020,EHPC,Region,70,197,267,30,30,45,0,19,420,669,1760,3851,293,147,2429,265,119
8/12/2020,EHPC,Region,66,203,269,23,23,43,0,19,420,707,1854,3851,267,153,2561,223,115
8/13/2020,EHPC,Region,60,188,248,20,23,36,0,19,420,617,1754,3851,278,141,2371,255,113
8/14/2020,EHPC,Region,61,206,267,20,23,42,0,19,420,663,1849,3851,307,160,2512,281,119
8/15/2020,EHPC,Region,78,192,270,26,34,38,0,19,420,731,1757,3851,344,132,2488,257,114
8/16/2020,EHPC,Region,77,202,279,23,27,43,0,19,420,819,1738,3851,360,135,2557,276,129
8/17/2020,EHPC,Region,82,196,278,22,32,49,0,19,420,825,1742,3851,356,145,2567,259,131
8/18/2020,EHPC,Region,79,207,286,28,34,42,0,19,420,756,1825,3851,361,132,2581,276,127
8/19/2020,EHPC,Region,74,197,271,31,28,41,0,19,420,699,1895,3851,340,139,2594,272,124
8/20/2020,EHPC,Region,83,191,274,31,31,39,0,19,420,713,1860,3851,331,141,2573,271,123
8/21/2020,EHPC,Region,86,181,267,35,33,45,0,19,420,713,1803,3851,316,140,2516,273,114
8/22/2020,EHPC,Region,94,178,272,31,30,39,0,19,420,694,1797,3851,333,107,2491,282,111
8/23/2020,EHPC,Region,63,211,274,32,32,39,0,19,420,728,1754,3851,333,117,2482,281,112
8/24/2020,EHPC,Region,89,187,276,35,23,43,0,19,420,802,1782,3851,321,146,2584,288,114
8/25/2020,EHPC,Region,75,215,290,40,36,45,0,19,420,818,1985,3851,314,150,2803,300,121
8/26/2020,EHPC,Region,76,207,283,29,38,39,17,19,420,775,1968,3851,315,149,2743,282,130
8/27/2020,EHPC,Region,82,215,297,35,38,56,19,19,420,848,2016,3851,316,159,2864,306,122
8/28/2020,EHPC,Region,75,220,295,39,43,55,19,19,420,876,1988,3851,322,157,2864,300,129
8/29/2020,EHPC,Region,90,199,289,36,39,52,17,19,420,836,1923,3851,316,143,2759,289,132
8/30/2020,EHPC,Region,85,180,265,35,35,42,15,19,420,864,1652,3851,259,131,2516,267,124
8/31/2020,EHPC,Region,80,205,285,14,20,51,17,19,420,981,1765,3851,291,151,2746,282,130
9/1/2020,EHPC,Region,87,180,267,33,92,52,16,19,420,758,1699,3851,337,177,2457,273,97
9/2/2020,EHPC,Region,155,98,253,25,79,49,17,19,420,667,1583,3851,357,173,2250,292,90
9/3/2020,EHPC,Region,84,191,275,12,74,53,17,19,420,761,1845,3851,358,177,2606,285,95
9/4/2020,EHPC,Region,104,187,291,21,53,55,18,19,420,864,1895,3851,378,189,2759,293,101
9/5/2020,EHPC,Region,80,197,277,14,53,46,16,19,420,838,1825,3851,351,178,2663,289,96
9/6/2020,EHPC,Region,105,186,291,9,53,49,18,19,420,896,1863,3851,378,187,2759,299,95
9/7/2020,EHPC,Region,111,190,301,7,54,51,18,19,420,974,1875,3851,399,201,2849,316,100
9/8/2020,EHPC,Region,91,206,297,11,68,49,17,19,420,816,2001,3851,497,197,2817,301,110
9/9/2020,EHPC,Region,71,222,293,15,58,49,18,19,420,747,2035,3851,381,195,2782,285,108
9/10/2020,EHPC,Region,69,232,301,12,57,51,18,19,420,718,2130,3851,516,193,2848,294,107
9/11/2020,EHPC,Region,63,237,300,10,64,54,19,19,420,745,2102,3851,515,186,2847,295,107
9/12/2020,EHPC,Region,49,122,171,14,25,44,17,19,420,744,1126,3851,351,135,1870,239,57
9/13/2020,EHPC,Region,83,218,301,12,47,50,18,19,420,847,2011,3851,412,171,2858,297,104
9/14/2020,EHPC,Region,77,224,301,9,52,54,19,19,420,750,2122,3851,391,197,2872,289,113
9/15/2020,EHPC,Region,82,219,301,12,50,55,19,19,420,750,2122,3851,428,181,2872,301,117
9/16/2020,EHPC,Region,71,230,301,17,58,52,19,19,420,712,2219,3851,428,183,2931,298,104
9/17/2020,EHPC,Region,72,221,293,16,57,53,18,19,420,713,2152,3851,407,190,2865,286,107
9/18/2020,EHPC,Region,62,239,301,17,59,59,19,19,420,808,2123,3851,438,186,2931,311,107
9/19/2020,EHPC,Region,63,238,301,16,59,59,18,19,420,868,2051,3851,433,189,2919,302,115
9/20/2020,EHPC,Region,73,228,301,14,60,58,18,19,420,911,2008,3851,433,195,2919,306,111
9/21/2020,EHPC,Region,76,225,301,19,47,61,19,19,420,813,2118,3851,438,203,2931,289,115
9/22/2020,EHPC,Region,78,223,301,17,53,63,19,19,420,832,2099,3851,438,201,2931,293,111
9/23/2020,EHPC,Region,81,220,301,12,63,58,19,19,420,749,2182,3851,438,204,2931,295,109
9/24/2020,EHPC,Region,78,223,301,15,51,52,19,19,420,741,2200,3851,432,191,2941,300,104
9/25/2020,EHPC,Region,73,228,301,19,59,60,19,19,420,777,2150,3851,422,204,2927,296,108
9/26/2020,EHPC,Region,66,225,291,21,53,59,17,19,420,811,1994,3851,391,214,2805,307,96
9/27/2020,EHPC,Region,67,234,301,15,49,58,19,19,420,886,2041,3851,422,207,2927,302,102
9/28/2020,EHPC,Region,76,225,301,17,18,62,19,19,420,771,2156,3851,422,216,2927,302,102
9/29/2020,EHPC,Region,76,225,301,24,30,65,19,19,420,721,2212,3851,422,211,2933,309,125
9/30/2020,EHPC,Region,69,232,301,21,31,58,19,19,420,698,2235,3851,422,209,2933,302,132
10/1/2020,EHPC,Region,84,217,301,25,12,52,19,19,420,764,2169,3851,422,203,2933,299,135
10/2/2020,EHPC,Region,69,232,301,24,19,50,19,19,420,748,2185,3851,422,198,2933,295,138
10/3/2020,EHPC,Region,74,218,292,20,14,47,17,19,420,766,2046,3851,391,187,2812,298,134
10/4/2020,EHPC,Region,67,225,292,21,12,46,18,19,420,760,2064,3851,396,181,2824,293,140
10/5/2020,EHPC,Region,69,233,302,21,23,49,19,19,420,775,2159,3851,417,186,2934,287,146
10/6/2020,EHPC,Region,67,235,302,28,22,50,19,19,420,749,2185,3851,417,197,2934,288,145
10/7/2020,EHPC,Region,67,235,302,26,21,54,19,19,420,684,2250,3851,417,210,2934,301,148
10/8/2020,EHPC,Region,60,242,302,18,29,55,19,19,420,680,2254,3851,417,205,2934,315,144
10/9/2020,EHPC,Region,68,234,302,23,25,50,18,19,420,726,2196,3851,412,208,2922,318,124
10/10/2020,EHPC,Region,69,226,295,28,29,56,18,19,420,759,2124,3851,406,209,2883,288,135
10/11/2020,EHPC,Region,76,226,302,24,27,66,19,19,420,813,2121,3851,417,227,2934,315,131
10/12/2020,EHPC,Region,65,223,288,27,18,60,17,19,420,730,2126,3851,376,215,2856,302,128
10/13/2020,EHPC,Region,50,240,290,32,18,61,18,19,420,629,2163,3851,380,244,2792,294,138
10/14/2020,EHPC,Region,57,243,300,25,17,52,19,19,420,593,2333,3851,411,230,2926,313,154
10/15/2020,EHPC,Region,60,242,302,23,13,47,19,19,420,647,2281,3851,418,238,2928,321,146
10/16/2020,EHPC,Region,60,242,302,29,22,53,19,19,420,674,2255,3851,418,225,2929,325,142
10/17/2020,EHPC,Region,66,236,302,28,9,57,18,19,420,725,2192,3851,413,235,2917,329,137
10/18/2020,EHPC,Region,74,228,302,28,6,57,19,19,420,725,2198,3851,418,243,2923,334,133
10/19/2020,EHPC,Region,72,230,302,24,9,59,19,19,420,721,2201,3851,415,244,2922,331,136
10/20/2020,EHPC,Region,55,247,302,26,18,56,19,19,420,632,2295,3851,415,251,2927,335,132
10/21/2020,EHPC,Region,62,240,302,15,19,49,19,19,420,651,2276,3851,419,246,2927,348,135
10/22/2020,EHPC,Region,69,233,302,19,18,48,19,19,420,657,2274,3851,421,232,2931,336,147
10/23/2020,EHPC,Region,59,243,302,23,11,51,19,19,420,686,2241,3851,419,196,2927,339,128
10/24/2020,EHPC,Region,85,217,302,37,23,48,19,19,420,849,2039,3851,419,201,2888,354,129
10/25/2020,EHPC,Region,72,224,296,17,24,53,18,19,420,826,2083,3851,401,197,2909,318,158
10/26/2020,EHPC,Region,73,229,302,24,19,53,19,19,420,781,2146,3851,421,207,2927,330,153
10/27/2020,EHPC,Region,73,229,302,13,32,52,19,19,420,718,2209,3851,421,198,2927,320,163
10/28/2020,EHPC,Region,56,246,302,29,22,58,19,19,420,706,2221,3851,421,196,2927,306,159
10/29/2020,EHPC,Region,64,238,302,26,18,50,19,19,420,717,2210,3851,421,192,2927,308,157
10/30/2020,EHPC,Region,66,236,302,20,15,45,19,19,420,730,2197,3851,421,182,2927,316,149
10/31/2020,EHPC,Region,64,238,302,18,17,47,19,19,420,779,2148,3851,421,171,2927,309,172
11/1/2020,EHPC,Region,70,216,286,25,8,48,18,19,420,760,2057,3851,390,179,2817,313,145
11/2/2020,EHPC,Region,84,217,301,25,39,46,19,19,420,782,2132,3851,435,182,2914,343,138
11/3/2020,EHPC,Region,77,223,300,28,43,40,19,19,420,755,2158,3851,435,179,2913,330,151
11/4/2020,EHPC,Region,67,233,300,39,32,40,19,19,420,738,2175,3851,435,184,2913,332,149
11/5/2020,EHPC,Region,80,222,302,36,34,37,19,19,420,747,2168,3851,435,185,2915,349,132
11/6/2020,EHPC,Region,72,230,302,29,36,38,19,19,420,738,2177,3851,435,184,2915,341,140
11/7/2020,EHPC,Region,66,236,302,21,40,38,19,19,420,837,2078,3851,435,164,2915,342,139
11/8/2020,EHPC,Region,70,232,302,13,38,35,19,19,420,932,1983,3851,435,164,2915,334,147
11/9/2020,EHPC,Region,72,230,302,29,32,41,19,19,420,873,2042,3851,435,165,2915,344,137
11/10/2020,EHPC,Region,64,236,300,29,24,33,19,19,420,693,2220,3851,435,165,2913,347,134
11/11/2020,EHPC,Region,58,243,301,28,24,33,19,19,420,688,2226,3851,435,164,2914,344,137
11/12/2020,EHPC,Region,67,233,300,27,26,35,19,19,420,736,2177,3851,435,194,2913,335,146
11/13/2020,EHPC,Region,56,246,302,26,22,33,18,19,420,734,2164,3851,427,196,2898,327,149
11/14/2020,EHPC,Region,73,229,302,22,25,37,19,19,420,828,2087,3851,435,200,2915,337,144
11/15/2020,EHPC,Region,80,223,303,22,17,38,19,19,420,783,2133,3851,435,206,2916,333,148
11/16/2020,EHPC,Region,76,218,294,24,24,37,19,19,420,745,2162,3851,435,216,2907,325,156
11/17/2020,EHPC,Region,65,229,294,30,27,38,19,19,420,693,2214,3851,435,198,2907,331,150
11/18/2020,EHPC,Region,66,235,301,14,22,43,19,19,420,702,2212,3851,435,192,2914,342,139
4/6/2020,MAHPC,Region,74,82,156,,,,0,16,247,561,682,1979,545,7,1243,173,34
4/7/2020,MAHPC,Region,70,84,154,,,,0,16,247,546,642,1979,455,9,1188,173,29
4/8/2020,MAHPC,Region,57,75,132,,,,0,16,247,422,531,1979,443,7,953,133,29
4/9/2020,MAHPC,Region,59,115,174,,,,0,16,247,562,738,1979,572,8,1300,187,33
4/10/2020,MAHPC,Region,65,74,139,,,,0,16,247,448,639,1979,466,6,1087,154,29
4/11/2020,MAHPC,Region,65,79,144,,,,0,16,247,407,605,1979,443,8,1012,147,36
4/12/2020,MAHPC,Region,61,76,137,,,,0,16,247,402,575,1979,414,10,977,142,33
4/13/2020,MAHPC,Region,77,93,170,,,,0,16,247,506,635,1979,563,11,1141,179,29
4/14/2020,MAHPC,Region,68,101,169,,,,0,16,247,524,697,1979,535,12,1221,173,33
4/15/2020,MAHPC,Region,65,98,163,,,,0,16,247,441,693,1979,513,12,1134,167,34
4/16/2020,MAHPC,Region,68,91,159,,,,0,16,247,457,683,1979,511,9,1140,165,34
4/17/2020,MAHPC,Region,73,88,161,,,,0,16,247,524,656,1979,537,6,1180,167,30
4/18/2020,MAHPC,Region,59,74,133,,,,0,16,247,389,642,1979,431,6,1031,149,30
4/19/2020,MAHPC,Region,66,75,141,,,,0,16,247,448,601,1979,458,7,1049,145,39
4/20/2020,MAHPC,Region,73,92,165,,,,0,16,247,494,727,1979,555,12,1221,172,36
4/21/2020,MAHPC,Region,65,102,167,,,,0,16,247,449,738,1979,545,9,1187,167,39
4/22/2020,MAHPC,Region,41,35,76,,,,0,16,247,231,315,1979,345,8,546,67,9
4/23/2020,MAHPC,Region,69,92,161,,,,0,16,247,294,790,1979,622,13,1084,166,40
4/24/2020,MAHPC,Region,55,82,137,,,,0,16,247,245,730,1979,517,9,975,146,39
4/25/2020,MAHPC,Region,54,95,149,,,,0,16,247,277,740,1979,509,8,1017,154,31
4/26/2020,MAHPC,Region,61,81,142,,,,0,16,247,284,669,1979,457,6,953,153,32
4/27/2020,MAHPC,Region,93,85,178,,,,0,16,247,516,758,1979,575,11,1274,171,35
4/28/2020,MAHPC,Region,76,93,169,,,,0,16,247,410,778,1979,538,9,1188,172,34
4/29/2020,MAHPC,Region,42,34,76,,,,0,16,247,256,316,1979,328,7,572,72,4
4/30/2020,MAHPC,Region,76,83,159,,,,0,16,247,465,724,1979,516,6,1189,173,29
5/1/2020,MAHPC,Region,79,82,161,,,,0,16,247,404,753,1979,446,8,1157,167,26
5/2/2020,MAHPC,Region,22,28,50,,,,0,16,247,201,226,1979,171,6,427,53,2
5/3/2020,MAHPC,Region,65,65,130,,,,0,16,247,337,704,1979,340,8,1041,147,24
5/4/2020,MAHPC,Region,82,79,161,,,,0,16,247,440,775,1979,472,13,1215,177,27
5/5/2020,MAHPC,Region,77,90,167,,,,0,16,247,393,852,1979,534,12,1245,176,29
5/6/2020,MAHPC,Region,72,89,161,,,,0,16,247,368,856,1979,500,12,1224,175,29
5/7/2020,MAHPC,Region,32,38,70,,,,0,16,247,237,310,1979,305,4,547,69,5
5/8/2020,MAHPC,Region,70,78,148,,,,0,16,247,316,822,1979,422,6,1138,157,35
5/9/2020,MAHPC,Region,73,71,144,,,,0,16,247,322,766,1979,423,4,1088,158,26
5/10/2020,MAHPC,Region,76,57,133,,,,0,16,247,303,679,1979,401,2,982,155,21
5/11/2020,MAHPC,Region,90,73,163,,,,0,16,247,441,783,1979,534,3,1224,182,24
5/12/2020,MAHPC,Region,67,76,143,,,,0,16,247,257,775,1979,422,2,1032,161,27
5/13/2020,MAHPC,Region,75,76,151,,,,0,16,247,299,821,1979,454,3,1120,166,31
5/14/2020,MAHPC,Region,84,79,163,,,,0,16,247,553,919,1979,534,5,1472,181,25
5/15/2020,MAHPC,Region,79,84,163,,,,0,16,247,318,917,1979,524,3,1235,182,24
5/16/2020,MAHPC,Region,60,74,134,,,,0,16,247,177,809,1979,378,4,986,157,19
5/17/2020,MAHPC,Region,62,68,130,,,,0,16,247,249,725,1979,351,5,974,154,19
5/18/2020,MAHPC,Region,81,78,159,,,,0,16,247,369,825,1979,484,6,1194,180,24
5/19/2020,MAHPC,Region,75,89,164,,,,0,16,247,328,922,1979,516,6,1250,182,22
5/20/2020,MAHPC,Region,71,86,157,,,,0,16,247,237,933,1979,470,9,1170,184,20
5/21/2020,MAHPC,Region,73,78,151,,,,0,16,247,289,897,1979,438,13,1186,170,30
5/22/2020,MAHPC,Region,64,84,148,,,,0,16,247,283,854,1979,441,14,1137,166,29
5/23/2020,MAHPC,Region,51,85,136,,,,0,16,247,214,788,1979,407,13,1002,148,32
5/24/2020,MAHPC,Region,50,77,127,,,,0,16,247,228,730,1979,365,15,958,141,33
5/25/2020,MAHPC,Region,57,70,127,,,,0,16,247,264,687,1979,358,12,951,137,34
5/26/2020,MAHPC,Region,68,93,161,,,,0,16,247,355,835,1979,478,9,1190,164,40
5/27/2020,MAHPC,Region,66,87,153,,,,0,16,247,311,870,1979,456,9,1181,154,41
5/28/2020,MAHPC,Region,71,92,163,,,,0,16,247,274,965,1979,514,10,1239,165,41
5/29/2020,MAHPC,Region,60,94,154,,,,0,16,247,241,914,1979,482,12,1155,156,42
5/30/2020,MAHPC,Region,42,94,136,,,,0,16,247,182,791,1979,372,18,973,138,38
5/31/2020,MAHPC,Region,49,81,130,,,,0,16,247,188,738,1979,337,19,926,142,30
6/1/2020,MAHPC,Region,63,86,149,,,,0,16,247,357,807,1979,440,18,1164,166,28
6/2/2020,MAHPC,Region,60,97,157,,,,0,16,247,341,884,1979,476,20,1225,165,37
6/3/2020,MAHPC,Region,38,99,137,2,51,15,0,16,247,275,912,1979,486,21,1187,151,40
6/4/2020,MAHPC,Region,48,100,148,1,40,9,0,16,247,297,934,1979,464,22,1231,163,41
6/5/2020,MAHPC,Region,32,100,132,2,56,9,0,16,247,225,939,1979,432,26,1164,157,43
6/6/2020,MAHPC,Region,23,89,112,1,31,8,0,16,247,187,770,1979,337,20,957,134,41
6/7/2020,MAHPC,Region,28,86,114,4,18,7,0,16,247,198,798,1979,372,21,996,140,39
6/8/2020,MAHPC,Region,17,97,114,4,35,9,0,16,247,301,829,1979,456,27,1130,150,43
6/9/2020,MAHPC,Region,30,86,116,2,43,10,0,16,247,248,816,1979,410,25,1064,142,42
6/10/2020,MAHPC,Region,23,93,116,0,48,10,0,16,247,190,849,1979,399,26,1039,140,42
6/11/2020,MAHPC,Region,22,90,112,0,45,10,0,16,247,177,863,1979,390,24,1040,147,36
6/12/2020,MAHPC,Region,24,85,109,2,33,10,0,16,247,199,812,1979,390,26,1011,149,34
6/13/2020,MAHPC,Region,30,84,114,0,46,11,0,16,247,222,733,1979,384,24,955,143,35
6/14/2020,MAHPC,Region,39,58,97,1,18,9,0,16,247,230,629,1979,324,21,859,133,34
6/15/2020,MAHPC,Region,47,77,124,4,32,11,0,16,247,353,747,1979,419,24,1100,150,41
6/16/2020,MAHPC,Region,36,84,120,2,46,9,0,16,247,327,744,1979,434,22,1071,141,45
6/17/2020,MAHPC,Region,23,37,60,1,3,4,0,16,247,168,300,1979,256,6,468,58,7
6/18/2020,MAHPC,Region,32,96,128,1,35,11,0,16,247,226,917,1979,456,24,1143,150,43
6/19/2020,MAHPC,Region,42,91,133,2,53,7,0,16,247,282,885,1979,446,24,1167,160,36
6/20/2020,MAHPC,Region,26,87,113,0,33,11,0,16,247,173,806,1979,335,23,979,132,44
6/21/2020,MAHPC,Region,28,79,107,2,23,10,0,16,247,220,711,1979,297,24,931,124,47
6/22/2020,MAHPC,Region,47,91,138,1,46,9,0,16,247,292,936,1979,472,29,1228,163,41
6/23/2020,MAHPC,Region,40,99,139,0,49,11,0,16,247,239,948,1979,450,25,1187,146,49
6/24/2020,MAHPC,Region,65,96,161,1,51,10,0,16,247,480,795,1979,167,22,1275,113,49
6/25/2020,MAHPC,Region,69,103,172,3,48,10,0,16,247,470,894,1979,189,26,1364,131,46
6/26/2020,MAHPC,Region,71,107,178,5,42,9,0,16,247,502,898,1979,213,24,1400,141,37
6/27/2020,MAHPC,Region,70,79,149,1,48,8,0,16,247,476,674,1979,83,24,1150,117,34
6/28/2020,MAHPC,Region,66,83,149,2,36,7,0,16,247,469,678,1979,81,22,1147,114,37
6/29/2020,MAHPC,Region,81,95,176,0,41,9,0,16,247,538,855,1979,216,25,1393,133,46
6/30/2020,MAHPC,Region,64,108,172,7,62,7,0,16,247,486,907,1979,215,27,1393,137,42
7/1/2020,MAHPC,Region,68,110,178,4,45,8,0,16,247,496,905,1979,213,25,1401,137,42
7/2/2020,MAHPC,Region,66,86,152,0,41,8,0,16,247,418,716,1979,131,23,1134,114,40
7/3/2020,MAHPC,Region,63,98,161,2,43,7,0,16,247,500,768,1979,159,25,1268,127,35
7/4/2020,MAHPC,Region,67,82,149,3,52,8,0,16,247,477,663,1979,81,25,1140,119,32
7/5/2020,MAHPC,Region,57,80,137,3,30,7,0,16,247,450,595,1979,67,24,1045,110,32
7/6/2020,MAHPC,Region,78,98,176,2,32,9,0,16,247,550,851,1979,215,34,1401,138,41
7/7/2020,MAHPC,Region,60,110,170,2,42,11,0,16,247,487,858,1979,193,31,1345,124,46
7/8/2020,MAHPC,Region,55,103,158,6,57,14,0,16,247,462,788,1979,177,35,1250,120,41
7/9/2020,MAHPC,Region,68,104,172,11,53,15,0,16,247,460,824,1979,171,36,1284,129,43
7/10/2020,MAHPC,Region,69,92,161,2,43,12,0,16,247,478,782,1979,165,34,1260,120,42
7/11/2020,MAHPC,Region,53,96,149,1,36,15,0,16,247,456,681,1979,81,30,1137,110,41
7/12/2020,MAHPC,Region,57,92,149,2,27,14,0,16,247,454,678,1979,81,28,1132,103,48
7/13/2020,MAHPC,Region,64,108,172,5,45,19,0,16,247,531,839,1979,173,44,1370,126,49
7/14/2020,MAHPC,Region,55,115,170,4,45,18,0,16,247,523,819,1979,191,36,1342,120,50
7/15/2020,MAHPC,Region,69,101,170,8,53,16,0,16,247,536,809,1979,193,40,1345,131,39
7/16/2020,MAHPC,Region,68,93,161,6,54,13,0,16,247,503,775,1979,167,37,1278,117,43
7/17/2020,MAHPC,Region,59,102,161,4,55,15,0,16,247,493,780,1979,167,41,1273,115,47
7/18/2020,MAHPC,Region,55,94,149,6,62,13,0,16,247,428,717,1979,83,41,1145,111,40
7/19/2020,MAHPC,Region,63,92,155,2,38,11,0,16,247,523,712,1979,125,41,1235,119,39
7/20/2020,MAHPC,Region,72,104,176,3,43,11,0,16,247,523,853,1979,215,41,1376,132,47
7/21/2020,MAHPC,Region,73,86,159,10,43,12,0,16,247,457,762,1979,175,38,1219,113,48
7/22/2020,MAHPC,Region,71,100,171,5,51,14,0,16,247,502,835,1979,191,38,1337,128,42
7/23/2020,MAHPC,Region,68,103,171,7,68,15,0,16,247,502,835,1979,191,44,1337,135,35
7/24/2020,MAHPC,Region,67,104,171,9,56,12,0,16,247,552,793,1979,193,45,1345,128,42
7/25/2020,MAHPC,Region,53,91,144,5,33,12,0,16,247,452,650,1979,57,41,1102,109,40
7/26/2020,MAHPC,Region,59,88,147,8,37,14,0,16,247,477,658,1979,83,50,1135,118,33
7/27/2020,MAHPC,Region,73,104,177,5,41,19,0,16,247,490,839,1979,215,60,1329,136,46
7/28/2020,MAHPC,Region,67,95,162,7,48,17,0,16,247,440,825,1979,165,52,1265,126,39
7/29/2020,MAHPC,Region,72,99,171,8,49,18,0,16,247,443,894,1979,191,55,1337,134,39
7/30/2020,MAHPC,Region,65,106,171,6,46,20,0,16,247,470,862,1979,191,55,1332,133,40
7/31/2020,MAHPC,Region,70,99,169,13,45,20,0,16,247,504,841,1979,198,59,1345,135,39
8/1/2020,MAHPC,Region,72,76,148,8,57,12,0,16,247,449,678,1979,81,52,1127,125,30
8/2/2020,MAHPC,Region,65,83,148,1,42,12,0,16,247,449,678,1979,81,51,1127,128,27
8/3/2020,MAHPC,Region,68,101,169,7,47,20,0,16,247,524,816,1979,210,56,1340,139,35
8/4/2020,MAHPC,Region,66,97,163,2,61,19,0,16,247,486,834,1979,153,53,1320,126,44
8/5/2020,MAHPC,Region,69,94,163,12,53,20,0,16,247,489,826,1979,189,63,1315,131,41
8/6/2020,MAHPC,Region,66,103,169,8,52,21,0,16,247,500,840,1979,215,63,1340,126,47
8/7/2020,MAHPC,Region,63,85,148,1,40,17,0,16,247,465,750,1979,101,52,1215,117,43
8/8/2020,MAHPC,Region,64,90,154,3,44,12,0,16,247,440,702,1979,138,43,1142,120,39
8/9/2020,MAHPC,Region,64,84,148,1,38,10,0,16,247,446,663,1979,81,42,1109,118,37
8/10/2020,MAHPC,Region,74,95,169,5,29,13,0,16,247,529,797,1979,191,51,1326,128,44
8/11/2020,MAHPC,Region,72,97,169,7,51,12,0,16,247,492,840,1979,191,52,1332,128,44
8/12/2020,MAHPC,Region,57,97,154,10,63,14,0,16,247,446,794,1979,141,51,1240,121,43
8/13/2020,MAHPC,Region,69,106,175,5,47,17,0,16,247,464,881,1979,191,58,1345,134,40
8/14/2020,MAHPC,Region,75,94,169,5,46,17,0,16,247,480,865,1979,196,59,1345,136,38
8/15/2020,MAHPC,Region,70,78,148,2,45,8,0,16,247,392,753,1979,68,41,1145,116,37
8/16/2020,MAHPC,Region,65,83,148,3,33,9,0,16,247,411,716,1979,81,45,1127,116,37
8/17/2020,MAHPC,Region,60,109,169,2,43,11,0,16,247,459,863,1979,202,53,1322,137,37
8/18/2020,MAHPC,Region,66,103,169,10,44,12,0,16,247,421,906,1979,191,54,1327,135,37
8/19/2020,MAHPC,Region,74,89,163,8,46,10,0,16,247,451,859,1979,171,52,1310,125,47
8/20/2020,MAHPC,Region,58,105,163,4,51,9,0,16,247,426,881,1979,162,51,1307,127,45
8/21/2020,MAHPC,Region,68,101,169,5,58,11,0,16,247,463,886,1979,198,53,1349,131,43
8/22/2020,MAHPC,Region,61,87,148,4,55,8,0,16,247,359,773,1979,81,48,1132,120,35
8/23/2020,MAHPC,Region,61,81,142,4,54,6,0,16,247,354,753,1979,57,47,1107,105,36
8/24/2020,MAHPC,Region,57,111,168,7,52,14,0,16,247,482,845,1979,191,52,1327,137,35
8/25/2020,MAHPC,Region,60,109,169,4,42,13,0,16,247,435,892,1979,191,50,1327,129,43
8/26/2020,MAHPC,Region,53,100,153,5,50,11,12,16,247,346,846,1979,156,49,1192,121,39
8/27/2020,MAHPC,Region,68,100,168,8,50,9,15,16,247,405,930,1979,193,52,1335,135,39
8/28/2020,MAHPC,Region,62,92,154,8,53,10,13,16,247,415,818,1979,165,48,1233,129,35
8/29/2020,MAHPC,Region,58,90,148,4,60,8,11,16,247,385,755,1979,81,38,1140,117,36
8/30/2020,MAHPC,Region,60,88,148,2,57,6,10,16,247,383,744,1979,81,35,1127,123,30
8/31/2020,MAHPC,Region,77,92,169,1,42,9,15,16,247,472,863,1979,196,47,1335,138,34
9/1/2020,MAHPC,Region,65,75,140,11,48,7,10,16,247,364,744,1979,127,44,1108,122,35
9/2/2020,MAHPC,Region,63,91,154,7,44,6,11,16,247,407,773,1979,107,44,1180,119,38
9/3/2020,MAHPC,Region,48,90,138,4,49,9,9,16,247,316,711,1979,54,39,1027,106,35
9/4/2020,MAHPC,Region,57,87,144,4,46,9,10,16,247,364,668,1979,93,37,1032,111,36
9/5/2020,MAHPC,Region,50,88,138,4,45,8,8,16,247,364,645,1979,41,37,1009,108,35
9/6/2020,MAHPC,Region,52,86,138,1,24,8,8,16,247,359,650,1979,41,33,1009,110,33
9/7/2020,MAHPC,Region,54,100,154,1,38,9,11,16,247,446,691,1979,110,38,1137,123,36
9/8/2020,MAHPC,Region,57,97,154,1,44,10,11,16,247,422,720,1979,109,38,1142,121,38
9/9/2020,MAHPC,Region,97,67,164,2,53,13,13,16,247,521,754,1979,127,44,1275,129,39
9/10/2020,MAHPC,Region,59,105,164,4,52,12,14,16,247,479,808,1979,120,42,1287,134,36
9/11/2020,MAHPC,Region,59,114,173,3,45,13,15,16,247,484,903,1979,108,47,1387,149,33
9/12/2020,MAHPC,Region,62,110,172,6,51,14,15,16,247,526,924,1979,109,49,1450,148,34
9/13/2020,MAHPC,Region,68,105,173,2,25,16,15,16,247,542,903,1979,115,49,1445,145,37
9/14/2020,MAHPC,Region,61,111,172,5,43,17,15,16,247,533,912,1979,103,48,1445,142,40
9/15/2020,MAHPC,Region,62,117,179,3,52,17,16,16,247,526,980,1979,159,49,1506,148,41
9/16/2020,MAHPC,Region,71,108,179,5,54,18,16,16,247,487,1014,1979,151,52,1501,149,40
9/17/2020,MAHPC,Region,75,104,179,5,58,21,16,16,247,499,1002,1979,154,46,1501,141,48
9/18/2020,MAHPC,Region,70,109,179,1,54,17,16,16,247,546,955,1979,154,42,1501,136,53
9/19/2020,MAHPC,Region,67,106,173,3,38,17,15,16,247,548,870,1979,83,43,1418,136,46
9/20/2020,MAHPC,Region,71,102,173,4,36,18,15,16,247,555,858,1979,133,47,1413,136,46
9/21/2020,MAHPC,Region,64,109,173,2,37,18,15,16,247,526,949,1979,120,45,1475,140,45
9/22/2020,MAHPC,Region,59,120,179,0,40,20,16,16,247,477,1029,1979,177,33,1506,138,51
9/23/2020,MAHPC,Region,57,122,179,4,48,18,16,16,247,477,1024,1979,177,29,1501,141,48
9/24/2020,MAHPC,Region,59,111,170,7,67,19,14,16,247,436,958,1979,171,43,1394,128,47
9/25/2020,MAHPC,Region,67,112,179,3,55,21,16,16,247,529,977,1979,177,40,1506,139,50
9/26/2020,MAHPC,Region,62,105,167,9,58,16,14,16,247,499,883,1979,76,42,1382,128,50
9/27/2020,MAHPC,Region,61,112,173,6,35,18,15,16,247,499,919,1979,133,42,1418,127,55
9/28/2020,MAHPC,Region,58,121,179,2,42,23,16,16,247,531,970,1979,152,46,1501,131,58
9/29/2020,MAHPC,Region,61,118,179,7,55,28,16,16,247,455,1046,1979,159,45,1501,138,51
9/30/2020,MAHPC,Region,62,117,179,3,51,27,16,16,247,478,1023,1979,159,38,1501,139,50
10/1/2020,MAHPC,Region,62,111,173,6,47,25,15,16,247,476,994,1979,120,40,1470,138,47
10/2/2020,MAHPC,Region,59,110,169,8,50,19,15,16,247,475,916,1979,147,40,1391,128,49
10/3/2020,MAHPC,Region,66,107,173,11,58,17,15,16,247,515,898,1979,108,42,1413,138,44
10/4/2020,MAHPC,Region,57,101,158,5,33,15,12,16,247,465,805,1979,70,46,1270,124,40
10/5/2020,MAHPC,Region,62,116,178,6,52,19,16,16,247,509,984,1979,148,45,1493,133,56
10/6/2020,MAHPC,Region,52,117,169,7,63,12,14,16,247,437,944,1979,142,38,1381,124,51
10/7/2020,MAHPC,Region,54,124,178,2,48,16,16,16,247,457,1031,1979,152,49,1488,139,50
10/8/2020,MAHPC,Region,56,123,179,11,50,19,16,16,247,448,1050,1979,151,63,1498,145,44
10/9/2020,MAHPC,Region,56,123,179,9,56,19,16,16,247,500,991,1979,154,54,1491,144,45
10/10/2020,MAHPC,Region,57,116,173,6,61,15,15,16,247,503,905,1979,111,53,1408,141,41
10/11/2020,MAHPC,Region,62,110,172,11,46,13,15,16,247,519,883,1979,107,53,1402,144,38
10/12/2020,MAHPC,Region,66,113,179,4,47,17,16,16,247,537,963,1979,150,65,1500,149,40
10/13/2020,MAHPC,Region,58,121,179,14,60,15,16,16,247,483,1012,1979,156,58,1495,145,52
10/14/2020,MAHPC,Region,51,112,163,6,37,14,14,16,247,368,976,1979,120,58,1344,129,47
10/15/2020,MAHPC,Region,61,118,179,12,58,20,16,16,247,464,1031,1979,150,66,1495,137,52
10/16/2020,MAHPC,Region,54,125,179,9,29,20,16,16,247,464,1028,1979,150,60,1492,142,47
10/17/2020,MAHPC,Region,59,108,167,2,26,13,14,16,247,454,911,1979,76,53,1365,130,48
10/18/2020,MAHPC,Region,64,102,166,7,32,13,14,16,247,461,909,1979,76,56,1370,133,45
10/19/2020,MAHPC,Region,68,111,179,3,32,16,16,16,247,525,970,1979,149,63,1495,143,46
10/20/2020,MAHPC,Region,71,108,179,13,37,14,15,16,247,505,982,1979,152,53,1487,140,49
10/21/2020,MAHPC,Region,64,108,172,5,28,11,15,16,247,488,981,1979,120,48,1469,142,43
10/22/2020,MAHPC,Region,58,115,173,4,25,11,15,16,247,447,1017,1979,120,45,1464,140,45
10/23/2020,MAHPC,Region,55,124,179,8,23,14,16,16,247,484,1011,1979,151,48,1495,140,49
10/24/2020,MAHPC,Region,58,109,167,5,27,9,14,16,247,471,910,1979,76,46,1381,144,34
10/25/2020,MAHPC,Region,65,102,167,7,22,8,14,16,247,486,889,1979,76,51,1375,146,32
10/26/2020,MAHPC,Region,69,110,179,6,21,10,16,16,247,499,995,1979,151,54,1494,146,43
10/27/2020,MAHPC,Region,68,111,179,8,32,11,16,16,247,500,999,1979,151,55,1499,150,39
10/28/2020,MAHPC,Region,59,120,179,3,37,15,16,16,247,453,1046,1979,150,59,1499,148,41
10/29/2020,MAHPC,Region,54,125,179,13,32,13,16,16,247,446,1048,1979,150,63,1494,156,33
10/30/2020,MAHPC,Region,63,116,179,12,33,16,16,16,247,527,967,1979,148,60,1494,148,41
10/31/2020,MAHPC,Region,64,103,167,11,29,12,14,16,247,536,839,1979,76,52,1375,138,40
11/1/2020,MAHPC,Region,61,112,173,3,30,14,15,16,247,530,881,1979,108,54,1411,137,45
11/2/2020,MAHPC,Region,65,114,179,2,29,15,16,16,247,536,958,1979,152,50,1494,136,53
11/3/2020,MAHPC,Region,66,113,179,8,49,18,16,16,247,508,991,1979,148,63,1499,125,64
11/4/2020,MAHPC,Region,51,122,173,18,45,18,15,16,247,490,985,1979,151,57,1475,126,61
11/5/2020,MAHPC,Region,63,116,179,7,33,21,16,16,247,491,1008,1979,138,58,1499,141,48
11/6/2020,MAHPC,Region,56,123,179,7,23,21,16,16,247,489,1010,1979,149,65,1499,131,58
11/7/2020,MAHPC,Region,61,115,176,9,33,21,16,16,247,536,963,1979,135,59,1499,128,61
11/8/2020,MAHPC,Region,63,113,176,7,26,21,16,16,247,536,958,1979,135,61,1494,137,52
11/9/2020,MAHPC,Region,62,111,173,4,26,17,14,16,247,489,962,1979,119,54,1451,130,53
11/10/2020,MAHPC,Region,61,118,179,14,41,20,16,16,247,480,1019,1979,152,63,1499,139,50
11/11/2020,MAHPC,Region,54,125,179,11,38,19,16,16,247,463,1031,1979,152,68,1494,143,46
11/12/2020,MAHPC,Region,61,118,179,7,33,19,16,16,247,453,1041,1979,149,74,1494,143,46
11/13/2020,MAHPC,Region,56,123,179,13,33,17,16,16,247,487,1007,1979,149,71,1494,139,50
11/14/2020,MAHPC,Region,60,119,179,7,31,19,16,16,247,534,965,1979,147,62,1499,140,49
11/15/2020,MAHPC,Region,58,121,179,3,24,20,16,16,247,537,957,1979,151,58,1494,141,48
11/16/2020,MAHPC,Region,61,118,179,5,30,19,16,16,247,524,965,1979,151,59,1489,137,52
11/17/2020,MAHPC,Region,59,120,179,14,32,19,16,16,247,486,1003,1979,149,59,1489,137,52
11/18/2020,MAHPC,Region,50,123,173,12,35,17,15,16,247,410,1048,1979,120,59,1458,129,56
4/6/2020,MCRHC,Region,138,193,331,,,,0,13,468,1031,1666,3301,826,34,2697,309,98
4/7/2020,MCRHC,Region,121,207,328,,,,0,13,468,1092,1685,3301,837,37,2777,316,108
4/8/2020,MCRHC,Region,116,200,316,,,,0,13,468,887,1650,3301,781,40,2537,309,105
4/9/2020,MCRHC,Region,135,194,329,,,,0,13,468,864,1727,3301,829,42,2591,312,109
4/10/2020,MCRHC,Region,123,206,329,,,,0,13,468,824,1746,3301,829,49,2570,322,99
4/11/2020,MCRHC,Region,123,206,329,,,,0,13,468,911,1673,3301,831,46,2584,309,108
4/12/2020,MCRHC,Region,130,152,282,,,,0,13,468,875,1216,3301,636,33,2091,241,85
4/13/2020,MCRHC,Region,59,270,329,,,,0,13,468,1027,1628,3301,829,51,2655,303,114
4/14/2020,MCRHC,Region,116,178,294,,,,0,13,468,805,1336,3301,641,40,2141,250,82
4/15/2020,MCRHC,Region,119,222,341,,,,0,13,468,765,1832,3301,844,56,2597,306,115
4/16/2020,MCRHC,Region,164,181,345,,,,0,13,468,691,1563,3301,804,49,2254,265,107
4/17/2020,MCRHC,Region,92,214,306,,,,0,13,468,732,1814,3301,837,45,2546,314,104
4/18/2020,MCRHC,Region,113,206,319,,,,0,13,468,756,1790,3301,842,55,2546,323,92
4/19/2020,MCRHC,Region,120,162,282,,,,0,13,468,837,1299,3301,641,31,2136,268,60
4/20/2020,MCRHC,Region,126,203,329,,,,0,13,468,849,1760,3301,844,56,2609,309,110
4/21/2020,MCRHC,Region,131,198,329,,,,0,13,468,1032,1783,3301,837,56,2815,338,90
4/22/2020,MCRHC,Region,117,212,329,,,,0,13,468,996,1811,3301,837,74,2807,327,95
4/23/2020,MCRHC,Region,120,235,355,,,,0,13,468,1013,1864,3301,805,62,2877,323,100
4/24/2020,MCRHC,Region,140,219,359,,,,0,13,468,868,1922,3301,827,66,2790,331,92
4/25/2020,MCRHC,Region,160,199,359,,,,0,13,468,757,1941,3301,827,71,2698,331,92
4/26/2020,MCRHC,Region,145,214,359,,,,0,13,468,906,1845,3301,807,70,2751,302,99
4/27/2020,MCRHC,Region,138,221,359,,,,0,13,468,878,1868,3301,827,75,2746,314,107
4/28/2020,MCRHC,Region,129,230,359,,,,0,13,468,775,1971,3301,827,84,2746,316,107
4/29/2020,MCRHC,Region,140,219,359,,,,0,13,468,750,2033,3301,827,84,2783,306,101
4/30/2020,MCRHC,Region,133,226,359,,,,0,13,468,800,1990,3301,827,94,2790,368,39
5/1/2020,MCRHC,Region,136,223,359,,,,0,13,468,805,1985,3301,827,99,2790,314,104
5/2/2020,MCRHC,Region,98,184,282,,,,0,13,468,614,1516,3301,635,77,2130,252,82
5/3/2020,MCRHC,Region,134,187,321,,,,0,13,468,713,1697,3301,794,80,2410,316,80
5/4/2020,MCRHC,Region,142,217,359,,,,0,13,468,781,1981,3301,827,86,2762,343,82
5/5/2020,MCRHC,Region,136,223,359,,,,0,13,468,693,2070,3301,827,72,2763,334,91
5/6/2020,MCRHC,Region,113,246,359,,,,0,13,468,770,1993,3301,827,80,2763,324,101
5/7/2020,MCRHC,Region,124,235,359,,,,0,13,468,661,2102,3301,823,88,2763,321,98
5/8/2020,MCRHC,Region,122,237,359,,,,0,13,468,667,2123,3301,807,86,2790,330,95
5/9/2020,MCRHC,Region,74,208,282,,,,0,13,468,586,1573,3301,614,68,2159,254,80
5/10/2020,MCRHC,Region,117,242,359,,,,0,13,468,727,2063,3301,805,79,2790,333,92
5/11/2020,MCRHC,Region,81,189,270,,,,0,13,468,486,1498,3301,569,61,1984,251,77
5/12/2020,MCRHC,Region,125,234,359,,,,0,13,468,650,2135,3301,792,85,2785,331,94
5/13/2020,MCRHC,Region,115,244,359,,,,0,13,468,663,2086,3301,792,87,2749,326,98
5/14/2020,MCRHC,Region,109,250,359,,,,0,13,468,649,2108,3301,787,76,2757,331,94
5/15/2020,MCRHC,Region,117,230,347,,,,0,13,468,539,2095,3301,752,75,2634,325,94
5/16/2020,MCRHC,Region,120,229,349,,,,0,13,468,585,2043,3301,752,71,2628,322,97
5/17/2020,MCRHC,Region,134,225,359,,,,0,13,468,690,1992,3301,792,76,2682,319,105
5/18/2020,MCRHC,Region,131,228,359,,,,0,13,468,731,2042,3301,792,84,2773,322,103
5/19/2020,MCRHC,Region,111,210,321,,,,0,13,468,487,1947,3301,792,70,2434,287,109
5/20/2020,MCRHC,Region,117,242,359,,,,0,13,468,389,2276,3301,792,86,2665,319,100
5/21/2020,MCRHC,Region,115,244,359,,,,0,13,468,425,2240,3301,792,89,2665,330,95
5/22/2020,MCRHC,Region,111,210,321,,,,0,13,468,397,1925,3301,792,67,2322,311,85
5/23/2020,MCRHC,Region,115,244,359,,,,0,13,468,495,2201,3301,796,80,2696,323,103
5/24/2020,MCRHC,Region,130,229,359,,,,0,13,468,591,2092,3301,772,75,2683,320,103
5/25/2020,MCRHC,Region,144,215,359,,,,0,13,468,633,2061,3301,792,67,2694,320,96
5/26/2020,MCRHC,Region,146,211,357,,,,0,13,468,586,2105,3301,792,77,2691,324,101
5/27/2020,MCRHC,Region,126,233,359,,,,0,13,468,409,2365,3301,792,75,2774,314,111
5/28/2020,MCRHC,Region,104,255,359,,,,0,13,468,372,2394,3301,792,69,2766,315,109
5/29/2020,MCRHC,Region,103,253,356,,,,0,13,468,352,2381,3301,772,76,2733,307,116
5/30/2020,MCRHC,Region,74,273,347,,,,0,13,468,363,2324,3301,752,84,2687,303,114
5/31/2020,MCRHC,Region,53,225,278,,,,0,13,468,381,1713,3301,584,62,2094,233,95
6/1/2020,MCRHC,Region,98,261,359,,,,0,13,468,438,2307,3301,792,90,2745,312,113
6/2/2020,MCRHC,Region,87,272,359,,,,0,13,468,355,2419,3301,792,85,2774,290,135
6/3/2020,MCRHC,Region,82,239,321,0,46,22,0,13,468,223,2211,3301,792,61,2434,268,118
6/4/2020,MCRHC,Region,83,238,321,4,14,17,0,13,468,234,2200,3301,792,62,2434,283,113
6/5/2020,MCRHC,Region,88,259,347,3,32,25,0,13,468,192,2515,3301,752,72,2707,289,127
6/6/2020,MCRHC,Region,88,259,347,5,23,30,0,13,468,318,2389,3301,755,83,2707,283,133
6/7/2020,MCRHC,Region,62,182,244,6,4,23,0,13,468,313,1449,3301,580,50,1762,210,93
6/8/2020,MCRHC,Region,112,227,339,9,30,33,0,13,468,435,2178,3301,745,89,2613,257,124
6/9/2020,MCRHC,Region,94,245,339,9,14,37,0,13,468,241,2298,3301,792,99,2539,273,127
6/10/2020,MCRHC,Region,87,270,357,4,54,43,0,13,468,252,2517,3301,792,96,2769,280,142
6/11/2020,MCRHC,Region,63,231,294,4,64,37,0,13,468,264,1981,3301,616,76,2245,242,128
6/12/2020,MCRHC,Region,81,228,309,2,49,30,0,13,468,225,2141,3301,732,74,2366,255,133
6/13/2020,MCRHC,Region,77,262,339,9,8,46,0,13,468,248,2290,3301,795,96,2538,257,143
6/14/2020,MCRHC,Region,60,218,278,6,21,44,0,13,468,395,1722,3301,584,85,2117,213,112
6/15/2020,MCRHC,Region,95,248,343,4,22,44,0,13,468,442,2228,3301,752,100,2670,284,132
6/16/2020,MCRHC,Region,93,254,347,3,45,42,0,13,468,321,2357,3301,736,95,2678,277,135
6/17/2020,MCRHC,Region,96,259,355,6,58,45,0,13,468,298,2440,3301,792,98,2738,300,122
6/18/2020,MCRHC,Region,95,262,357,8,73,45,0,13,468,288,2450,3301,792,95,2738,288,122
6/19/2020,MCRHC,Region,87,222,309,7,50,35,0,13,468,228,2142,3301,752,80,2370,266,111
6/20/2020,MCRHC,Region,88,267,355,7,45,47,0,13,468,302,2466,3301,792,103,2768,296,114
6/21/2020,MCRHC,Region,111,246,357,5,40,42,0,13,468,390,2366,3301,772,103,2756,300,108
6/22/2020,MCRHC,Region,100,257,357,15,60,42,0,13,468,370,2365,3301,792,105,2735,298,112
6/23/2020,MCRHC,Region,79,270,349,9,47,39,0,13,468,243,2459,3301,736,105,2702,284,116
6/24/2020,MCRHC,Region,105,361,466,12,254,39,0,13,468,436,2113,3301,327,107,2549,485,107
6/25/2020,MCRHC,Region,123,343,466,12,93,39,0,13,468,470,2078,3301,328,106,2548,492,101
6/26/2020,MCRHC,Region,136,330,466,8,85,34,0,13,468,530,2023,3301,328,111,2553,485,108
6/27/2020,MCRHC,Region,105,349,454,6,96,39,0,13,468,483,2013,3301,289,118,2496,487,100
6/28/2020,MCRHC,Region,84,305,389,8,60,34,0,13,468,467,1456,3301,136,86,1923,408,88
6/29/2020,MCRHC,Region,90,311,401,7,84,35,0,13,468,487,1542,3301,152,85,2029,445,96
6/30/2020,MCRHC,Region,70,394,464,11,109,40,0,13,468,459,2105,3301,338,110,2564,472,121
7/1/2020,MCRHC,Region,105,359,464,6,132,41,0,13,468,475,2087,3301,340,110,2562,481,112
7/2/2020,MCRHC,Region,112,354,466,10,98,38,0,13,468,510,2036,3301,290,121,2546,474,117
7/3/2020,MCRHC,Region,119,335,454,17,130,37,0,13,468,533,1967,3301,303,119,2500,465,122
7/4/2020,MCRHC,Region,117,347,464,13,99,40,0,13,468,571,1967,3301,290,123,2538,456,135
7/5/2020,MCRHC,Region,124,338,462,14,90,42,0,13,468,601,1950,3301,343,132,2551,470,123
7/6/2020,MCRHC,Region,96,366,462,9,143,41,0,13,468,679,1956,3301,292,124,2635,462,131
7/7/2020,MCRHC,Region,86,374,460,11,136,42,0,13,468,585,2069,3301,292,123,2654,457,136
7/8/2020,MCRHC,Region,91,369,460,9,122,49,0,13,468,553,2081,3301,287,123,2634,471,122
7/9/2020,MCRHC,Region,88,366,454,10,120,46,0,13,468,592,1986,3301,230,119,2578,457,126
7/10/2020,MCRHC,Region,76,366,442,11,111,47,0,13,468,571,1956,3301,192,133,2527,442,136
7/11/2020,MCRHC,Region,83,379,462,17,108,53,0,13,468,626,2048,3301,286,144,2674,458,136
7/12/2020,MCRHC,Region,84,378,462,6,16,56,0,13,468,655,1982,3301,280,147,2637,458,136
7/13/2020,MCRHC,Region,91,371,462,8,77,52,0,13,468,672,2032,3301,288,130,2704,452,142
7/14/2020,MCRHC,Region,95,359,454,12,102,57,0,13,468,614,2018,3301,232,134,2632,449,135
7/15/2020,MCRHC,Region,85,377,462,20,131,57,0,13,468,645,2056,3301,288,132,2701,458,135
7/16/2020,MCRHC,Region,83,371,454,10,104,54,0,13,468,571,2095,3301,264,139,2666,450,137
7/17/2020,MCRHC,Region,84,367,451,15,91,52,0,13,468,524,2122,3301,261,136,2646,468,119
7/18/2020,MCRHC,Region,127,335,462,11,116,45,0,13,468,679,2020,3301,302,129,2699,473,120
7/19/2020,MCRHC,Region,108,350,458,10,83,43,0,13,468,700,1995,3301,304,123,2695,470,123
7/20/2020,MCRHC,Region,110,350,460,11,88,41,0,13,468,695,2013,3301,304,131,2708,471,123
7/21/2020,MCRHC,Region,100,360,460,15,106,44,0,13,468,639,2075,3301,325,134,2714,459,135
7/22/2020,MCRHC,Region,92,368,460,16,113,48,0,13,468,636,2079,3301,324,150,2715,462,132
7/23/2020,MCRHC,Region,102,359,461,17,116,48,0,13,468,613,2109,3301,324,146,2722,467,127
7/24/2020,MCRHC,Region,106,354,460,14,97,51,0,13,468,577,2126,3301,324,137,2703,455,139
7/25/2020,MCRHC,Region,101,361,462,42,74,50,0,13,468,645,2053,3301,327,149,2698,463,131
7/26/2020,MCRHC,Region,115,345,460,12,98,42,0,13,468,725,1970,3301,322,137,2695,458,136
7/27/2020,MCRHC,Region,90,368,458,11,79,37,0,13,468,657,2012,3301,322,147,2669,469,125
7/28/2020,MCRHC,Region,98,360,458,15,113,40,0,13,468,640,2067,3301,324,157,2707,466,128
7/29/2020,MCRHC,Region,88,370,458,19,121,44,0,13,468,560,2137,3301,323,157,2697,476,118
7/30/2020,MCRHC,Region,95,364,459,19,120,48,0,13,468,588,2115,3301,324,156,2703,473,121
7/31/2020,MCRHC,Region,91,369,460,9,125,50,0,13,468,632,2074,3301,322,153,2706,471,122
8/1/2020,MCRHC,Region,89,363,452,15,115,47,0,13,468,631,2058,3301,323,163,2689,473,121
8/2/2020,MCRHC,Region,81,371,452,16,88,43,0,13,468,636,2036,3301,340,155,2672,476,118
8/3/2020,MCRHC,Region,84,364,448,6,103,41,0,13,468,617,2061,3301,339,164,2678,477,117
8/4/2020,MCRHC,Region,81,370,451,12,108,41,0,13,468,621,2073,3301,339,147,2694,456,138
8/5/2020,MCRHC,Region,91,361,452,12,105,40,0,13,468,580,2110,3301,338,146,2690,462,132
8/6/2020,MCRHC,Region,87,357,444,12,107,38,0,13,468,561,2072,3301,283,132,2633,458,126
8/7/2020,MCRHC,Region,103,351,454,11,107,41,0,13,468,664,2015,3301,291,140,2679,462,132
8/8/2020,MCRHC,Region,110,337,447,14,124,39,0,13,468,683,1935,3301,235,137,2618,455,129
8/9/2020,MCRHC,Region,107,339,446,4,105,41,0,13,468,701,1917,3301,236,145,2618,458,126
8/10/2020,MCRHC,Region,82,371,453,9,79,38,0,13,468,627,2040,3301,235,137,2667,478,116
8/11/2020,MCRHC,Region,95,359,454,11,120,35,0,13,468,574,2059,3301,290,136,2633,474,120
8/12/2020,MCRHC,Region,84,374,458,5,117,34,0,13,468,582,2097,3301,290,136,2679,473,121
8/13/2020,MCRHC,Region,78,368,446,12,110,38,0,13,468,526,2092,3301,236,137,2618,460,124
8/14/2020,MCRHC,Region,95,351,446,8,94,36,0,13,468,590,2025,3301,236,128,2615,475,109
8/15/2020,MCRHC,Region,87,367,454,13,117,35,0,13,468,618,2051,3301,292,118,2669,474,120
8/16/2020,MCRHC,Region,105,344,449,10,92,34,0,13,468,659,1982,3301,291,124,2641,470,124
8/17/2020,MCRHC,Region,92,361,453,10,98,32,0,13,468,710,1969,3301,291,130,2679,470,124
8/18/2020,MCRHC,Region,84,359,443,16,107,37,0,13,468,619,1999,3301,234,136,2618,464,120
8/19/2020,MCRHC,Region,71,380,451,9,104,37,0,13,468,561,2103,3301,290,133,2664,474,120
8/20/2020,MCRHC,Region,86,366,452,13,91,38,0,13,468,588,2077,3301,299,132,2665,475,119
8/21/2020,MCRHC,Region,90,362,452,5,110,38,0,13,468,625,2042,3301,316,127,2667,482,112
8/22/2020,MCRHC,Region,95,359,454,15,101,42,0,13,468,702,1966,3301,316,130,2668,481,113
8/23/2020,MCRHC,Region,91,363,454,9,88,41,0,13,468,705,1964,3301,316,133,2669,475,119
8/24/2020,MCRHC,Region,81,365,446,9,95,42,0,13,468,620,1990,3301,260,138,2610,457,127
8/25/2020,MCRHC,Region,86,360,446,13,112,39,0,13,468,581,2031,3301,260,132,2612,457,127
8/26/2020,MCRHC,Region,105,366,471,13,111,40,10,13,468,651,2063,3301,300,127,2714,472,122
8/27/2020,MCRHC,Region,97,366,463,16,102,40,9,13,468,608,2048,3301,244,127,2656,465,119
8/28/2020,MCRHC,Region,109,353,462,11,109,43,9,13,468,703,1952,3301,245,128,2655,464,120
8/29/2020,MCRHC,Region,118,344,462,11,108,37,9,13,468,679,1978,3301,244,126,2657,464,120
8/30/2020,MCRHC,Region,122,348,470,10,82,35,10,13,468,737,1979,3301,300,125,2716,472,122
8/31/2020,MCRHC,Region,111,359,470,6,101,34,10,13,468,705,2012,3301,300,125,2717,474,120
9/1/2020,MCRHC,Region,101,377,478,10,84,37,11,13,468,632,2138,3301,304,135,2770,460,140
9/2/2020,MCRHC,Region,98,372,470,18,111,35,12,13,468,639,2080,3301,301,134,2719,462,132
9/3/2020,MCRHC,Region,101,369,470,12,111,39,12,13,468,642,2083,3301,300,133,2725,446,148
9/4/2020,MCRHC,Region,81,389,470,11,93,39,12,13,468,674,2052,3301,299,127,2726,457,137
9/5/2020,MCRHC,Region,109,361,470,11,100,35,12,13,468,750,1975,3301,300,113,2725,462,132
9/6/2020,MCRHC,Region,121,349,470,7,61,35,12,13,468,783,1939,3301,300,120,2722,462,132
9/7/2020,MCRHC,Region,123,347,470,9,94,34,12,13,468,787,1931,3301,300,113,2718,479,115
9/8/2020,MCRHC,Region,115,347,462,14,83,37,11,13,468,652,1996,3301,244,115,2648,453,131
9/9/2020,MCRHC,Region,100,362,462,8,111,37,11,13,468,590,2061,3301,244,116,2651,453,131
9/10/2020,MCRHC,Region,87,383,470,8,77,39,12,13,468,653,2072,3301,301,111,2725,460,134
9/11/2020,MCRHC,Region,84,386,470,12,102,39,12,13,468,660,2069,3301,301,119,2729,484,110
9/12/2020,MCRHC,Region,76,394,470,12,100,41,12,13,468,712,2017,3301,301,120,2729,496,98
9/13/2020,MCRHC,Region,101,369,470,11,96,42,12,13,468,704,2004,3301,293,131,2708,464,130
9/14/2020,MCRHC,Region,103,359,462,11,87,37,11,13,468,604,2036,3301,237,117,2640,452,132
9/15/2020,MCRHC,Region,100,370,470,8,85,36,12,13,468,622,2086,3301,293,125,2708,455,139
9/16/2020,MCRHC,Region,78,384,462,12,95,35,11,13,468,547,2096,3301,237,113,2643,439,145
9/17/2020,MCRHC,Region,85,384,469,16,99,41,12,13,468,596,2085,3301,293,120,2681,453,141
9/18/2020,MCRHC,Region,101,369,470,13,97,43,12,13,468,654,2028,3301,293,117,2682,458,136
9/19/2020,MCRHC,Region,92,370,462,8,105,40,11,13,468,646,1969,3301,236,119,2615,445,139
9/20/2020,MCRHC,Region,101,369,470,13,83,39,12,13,468,713,1970,3301,324,127,2683,450,144
9/21/2020,MCRHC,Region,100,370,470,7,76,37,12,13,468,670,2015,3301,324,122,2685,454,140
9/22/2020,MCRHC,Region,97,373,470,12,112,36,12,13,468,617,2067,3301,324,117,2684,442,152
9/23/2020,MCRHC,Region,81,389,470,8,88,41,12,13,468,596,2088,3301,324,114,2684,452,142
9/24/2020,MCRHC,Region,91,379,470,5,95,34,12,13,468,620,2065,3301,324,105,2685,461,133
9/25/2020,MCRHC,Region,115,355,470,12,92,27,12,13,468,672,2011,3301,323,103,2683,475,119
9/26/2020,MCRHC,Region,119,352,471,10,96,29,12,13,468,684,1996,3301,323,107,2680,486,108
9/27/2020,MCRHC,Region,114,357,471,6,80,25,12,13,468,718,1956,3301,323,103,2674,485,109
9/28/2020,MCRHC,Region,114,357,471,11,60,24,12,13,468,663,2015,3301,323,106,2678,488,106
9/29/2020,MCRHC,Region,98,372,470,10,104,29,12,13,468,607,2063,3301,323,116,2670,478,116
9/30/2020,MCRHC,Region,95,375,470,15,108,34,12,13,468,576,2098,3301,323,120,2674,472,122
10/1/2020,MCRHC,Region,90,379,469,15,121,32,12,13,468,599,2075,3301,323,121,2674,463,131
10/2/2020,MCRHC,Region,101,369,470,13,106,33,12,13,468,644,2033,3301,324,113,2677,471,123
10/3/2020,MCRHC,Region,98,372,470,12,106,33,12,13,468,662,2015,3301,324,118,2677,462,132
10/4/2020,MCRHC,Region,110,360,470,13,82,33,12,13,468,693,1985,3301,324,124,2678,465,129
10/5/2020,MCRHC,Region,96,374,470,10,90,30,12,13,468,639,2035,3301,324,123,2674,457,137
10/6/2020,MCRHC,Region,91,371,462,12,102,32,11,13,468,592,2016,3301,268,130,2608,459,125
10/7/2020,MCRHC,Region,90,381,471,17,99,34,12,13,468,625,2064,3301,324,136,2689,467,127
10/8/2020,MCRHC,Region,93,370,463,14,104,34,11,13,468,547,2078,3301,267,129,2625,459,125
10/9/2020,MCRHC,Region,100,370,470,16,106,29,12,13,468,616,2072,3301,323,123,2688,473,121
10/10/2020,MCRHC,Region,114,357,471,14,105,30,12,13,468,635,2038,3301,323,131,2673,468,126
10/11/2020,MCRHC,Region,123,348,471,11,89,35,12,13,468,721,1961,3301,323,136,2682,473,121
10/12/2020,MCRHC,Region,111,360,471,18,99,35,12,13,468,650,2046,3301,323,138,2696,464,130
10/13/2020,MCRHC,Region,93,378,471,19,133,34,12,13,468,595,2105,3301,322,136,2700,461,133
10/14/2020,MCRHC,Region,78,392,470,10,50,33,12,13,468,549,2178,3301,301,136,2727,470,124
10/15/2020,MCRHC,Region,73,397,470,16,34,34,12,13,468,567,2153,3301,301,134,2720,477,117
10/16/2020,MCRHC,Region,93,377,470,22,57,34,12,13,468,623,2099,3301,301,139,2722,474,120
10/17/2020,MCRHC,Region,99,371,470,12,35,32,12,13,468,692,2022,3301,301,124,2714,468,126
10/18/2020,MCRHC,Region,96,374,470,19,47,30,12,13,468,719,2007,3301,301,126,2726,463,131
10/19/2020,MCRHC,Region,84,386,470,9,36,28,12,13,468,636,2085,3301,301,118,2721,469,125
10/20/2020,MCRHC,Region,85,385,470,23,46,30,12,13,468,573,2148,3301,301,125,2721,478,116
10/21/2020,MCRHC,Region,76,394,470,14,44,32,12,13,468,557,2164,3301,302,120,2721,478,116
10/22/2020,MCRHC,Region,85,386,471,18,50,32,12,13,468,578,2146,3301,301,134,2724,474,120
10/23/2020,MCRHC,Region,90,381,471,19,51,31,12,13,468,666,2056,3301,302,139,2722,473,121
10/24/2020,MCRHC,Region,102,369,471,16,39,36,12,13,468,702,2021,3301,301,147,2723,477,117
10/25/2020,MCRHC,Region,102,369,471,17,31,37,12,13,468,691,2032,3301,301,142,2723,471,123
10/26/2020,MCRHC,Region,99,372,471,8,28,34,12,13,468,676,2048,3301,301,134,2724,464,130
10/27/2020,MCRHC,Region,87,384,471,16,31,32,12,13,468,604,2119,3301,300,133,2723,462,132
10/28/2020,MCRHC,Region,77,394,471,19,56,28,12,13,468,569,2154,3301,301,145,2723,451,143
10/29/2020,MCRHC,Region,68,403,471,13,40,34,12,13,468,550,2174,3301,301,152,2724,448,146
10/30/2020,MCRHC,Region,84,386,470,15,52,39,12,13,468,589,2133,3301,301,149,2722,463,131
10/31/2020,MCRHC,Region,112,359,471,14,32,41,12,13,468,667,2052,3301,302,152,2719,446,112
11/1/2020,MCRHC,Region,105,366,471,14,36,39,12,13,468,725,1993,3301,302,139,2718,438,120
11/2/2020,MCRHC,Region,98,373,471,7,44,37,12,13,468,664,2052,3301,301,144,2716,434,124
11/3/2020,MCRHC,Region,87,384,471,19,46,37,12,13,468,615,2103,3301,303,143,2718,460,134
11/4/2020,MCRHC,Region,89,383,472,17,46,39,12,13,468,627,2094,3301,302,131,2721,465,129
11/5/2020,MCRHC,Region,96,376,472,13,51,37,12,13,468,611,2110,3301,304,130,2721,460,134
11/6/2020,MCRHC,Region,102,370,472,17,66,35,12,13,468,611,2107,3301,305,128,2718,472,122
11/7/2020,MCRHC,Region,110,362,472,14,64,31,12,13,468,667,2028,3301,326,118,2695,470,124
11/8/2020,MCRHC,Region,102,370,472,11,41,32,12,13,468,649,2043,3301,328,127,2692,475,119
11/9/2020,MCRHC,Region,97,375,472,17,56,30,12,13,468,597,2095,3301,327,126,2692,479,115
11/10/2020,MCRHC,Region,78,394,472,16,47,25,12,13,468,555,2142,3301,343,125,2697,471,123
11/11/2020,MCRHC,Region,68,404,472,16,56,29,12,13,468,526,2169,3301,344,132,2695,471,123
11/12/2020,MCRHC,Region,87,385,472,17,52,40,12,13,468,513,2185,3301,350,170,2698,481,113
11/13/2020,MCRHC,Region,122,349,471,21,63,44,12,13,468,608,2090,3301,350,163,2698,488,106
11/14/2020,MCRHC,Region,111,360,471,19,50,46,12,13,468,662,2032,3301,352,163,2694,487,107
11/15/2020,MCRHC,Region,118,352,470,17,46,50,12,13,468,680,2015,3301,350,182,2695,485,109
11/16/2020,MCRHC,Region,98,372,470,27,56,47,12,13,468,598,2099,3301,350,182,2697,479,115
11/17/2020,MCRHC,Region,85,387,472,15,58,50,12,13,468,566,2133,3301,351,183,2699,479,115
11/18/2020,MCRHC,Region,82,390,472,20,43,53,12,13,468,637,1962,3301,351,188,2599,484,110
4/6/2020,MHPC,Region,253,317,570,,,,0,18,687,1957,2039,4815,1411,128,3996,524,135
4/7/2020,MHPC,Region,207,370,577,,,,0,18,687,1766,2189,4815,1377,135,3955,357,130
4/8/2020,MHPC,Region,148,258,406,,,,0,18,687,1696,2303,4815,1562,121,3999,451,131
4/9/2020,MHPC,Region,231,338,569,,,,0,18,687,1618,2270,4815,1450,132,3888,438,135
4/10/2020,MHPC,Region,243,332,575,,,,0,18,687,1603,2377,4815,1495,128,3980,458,125
4/11/2020,MHPC,Region,275,316,591,,,,0,18,687,1911,2186,4815,1540,117,4097,472,128
4/12/2020,MHPC,Region,219,317,536,,,,0,18,687,1471,1810,4815,1428,81,3281,331,121
4/13/2020,MHPC,Region,254,337,591,,,,0,18,687,1833,2221,4815,1330,121,4054,377,129
4/14/2020,MHPC,Region,220,371,591,,,,0,18,687,1699,2411,4815,1731,123,4110,482,128
4/15/2020,MHPC,Region,240,343,583,,,,0,18,687,1474,2400,4815,1622,116,3874,482,126
4/16/2020,MHPC,Region,228,351,579,,,,0,18,687,1473,2450,4815,1625,113,3923,486,131
4/17/2020,MHPC,Region,200,379,579,,,,0,18,687,1430,2459,4815,1632,105,3889,466,142
4/18/2020,MHPC,Region,214,369,583,,,,0,18,687,1551,2416,4815,1665,125,3967,574,146
4/19/2020,MHPC,Region,248,339,587,,,,0,18,687,1674,2393,4815,1746,111,4067,603,148
4/20/2020,MHPC,Region,241,350,591,,,,0,18,687,1536,2471,4815,1749,127,4007,477,139
4/21/2020,MHPC,Region,224,359,583,,,,0,18,687,1485,2491,4815,1735,125,3976,544,138
4/22/2020,MHPC,Region,236,347,583,,,,0,18,687,1452,2508,4815,1649,124,3960,478,131
4/23/2020,MHPC,Region,184,278,462,,,,0,18,687,1414,2625,4815,1770,133,4039,598,127
4/24/2020,MHPC,Region,221,364,585,,,,0,18,687,1501,2593,4815,1754,129,4094,465,141
4/25/2020,MHPC,Region,198,379,577,,,,0,18,687,1471,2533,4815,1622,128,4004,501,132
4/26/2020,MHPC,Region,222,343,565,,,,0,18,687,1374,2484,4815,1538,123,3858,469,135
4/27/2020,MHPC,Region,144,228,372,,,,0,18,687,1323,2072,4815,1623,99,3395,373,111
4/28/2020,MHPC,Region,167,282,449,,,,0,18,687,1424,2633,4815,1890,132,4057,492,159
4/29/2020,MHPC,Region,170,255,425,,,,0,18,687,1485,2575,4815,1955,128,4060,515,159
4/30/2020,MHPC,Region,189,260,449,,,,0,18,687,1419,2693,4815,2037,127,4112,558,157
5/1/2020,MHPC,Region,232,355,587,,,,0,18,687,1430,2682,4815,2035,126,4112,580,167
5/2/2020,MHPC,Region,215,372,587,,,,0,18,687,1493,2582,4815,1982,118,4075,594,152
5/3/2020,MHPC,Region,221,366,587,,,,0,18,687,1389,2544,4815,1984,115,3933,582,165
5/4/2020,MHPC,Region,223,364,587,,,,0,18,687,1496,2598,4815,2035,113,4094,580,168
5/5/2020,MHPC,Region,145,304,449,,,,0,18,687,1295,2847,4815,2031,110,4142,600,160
5/6/2020,MHPC,Region,122,303,425,,,,0,18,687,1250,2892,4815,2030,107,4142,722,163
5/7/2020,MHPC,Region,147,302,449,,,,0,18,687,1206,2700,4815,1911,112,3906,612,118
5/8/2020,MHPC,Region,117,423,540,,,,0,18,687,1226,2916,4815,2020,93,4142,755,130
5/9/2020,MHPC,Region,138,404,542,,,,0,18,687,1366,2729,4815,1938,87,4095,748,125
5/10/2020,MHPC,Region,164,393,557,,,,0,18,687,1456,2591,4815,1927,85,4047,739,133
5/11/2020,MHPC,Region,143,424,567,,,,0,18,687,1344,2750,4815,2035,87,4094,702,183
5/12/2020,MHPC,Region,85,344,429,,,,0,18,687,1255,2888,4815,1976,86,4143,571,191
5/13/2020,MHPC,Region,140,290,430,,,,0,18,687,1173,2922,4815,1973,87,4095,566,175
5/14/2020,MHPC,Region,134,295,429,,,,0,18,687,1112,2985,4815,1835,82,4097,582,189
5/15/2020,MHPC,Region,124,416,540,,,,0,18,687,1031,3065,4815,1837,74,4096,585,172
5/16/2020,MHPC,Region,128,413,541,,,,0,18,687,1248,2921,4815,1885,77,4169,578,182
5/17/2020,MHPC,Region,194,374,568,,,,0,18,687,1330,2791,4815,1929,90,4121,562,190
5/18/2020,MHPC,Region,166,402,568,,,,0,18,687,1240,2854,4815,1974,93,4094,587,170
5/19/2020,MHPC,Region,106,343,449,,,,0,18,687,1016,3080,4815,1964,95,4096,579,187
5/20/2020,MHPC,Region,98,351,449,,,,0,18,687,927,3170,4815,1939,94,4097,567,193
5/21/2020,MHPC,Region,100,335,435,,,,0,18,687,948,3006,4815,1893,87,3954,549,197
5/22/2020,MHPC,Region,102,458,560,,,,0,18,687,890,3206,4815,2019,95,4096,561,200
5/23/2020,MHPC,Region,95,446,541,,,,0,18,687,1053,3106,4815,1991,85,4159,555,209
5/24/2020,MHPC,Region,120,467,587,,,,0,18,687,1092,2971,4815,1420,111,4063,510,207
5/25/2020,MHPC,Region,90,470,560,,,,0,18,687,1170,2957,4815,1409,121,4127,513,205
5/26/2020,MHPC,Region,110,320,430,,,,0,18,687,1133,3005,4815,2027,136,4138,565,204
5/27/2020,MHPC,Region,97,333,430,,,,0,18,687,1040,3118,4815,2024,133,4158,552,221
5/28/2020,MHPC,Region,56,344,400,,,,0,18,687,907,3251,4815,2017,138,4158,554,213
5/29/2020,MHPC,Region,59,480,539,,,,0,18,687,900,3258,4815,1830,131,4158,588,174
5/30/2020,MHPC,Region,67,462,529,,,,0,18,687,911,3158,4815,1924,135,4069,640,194
5/31/2020,MHPC,Region,122,434,556,,,,0,18,687,1069,2952,4815,1922,135,4021,569,200
6/1/2020,MHPC,Region,126,442,568,,,,0,18,687,1057,3037,4815,1884,141,4094,601,205
6/2/2020,MHPC,Region,47,513,560,,,,0,18,687,837,3305,4815,1832,143,4142,638,222
6/3/2020,MHPC,Region,62,387,449,42,100,61,0,18,687,803,3339,4815,1773,142,4142,501,218
6/4/2020,MHPC,Region,59,391,450,11,152,57,0,18,687,731,3411,4815,1776,152,4142,503,236
6/5/2020,MHPC,Region,42,408,450,18,138,60,0,18,687,646,3496,4815,1778,144,4142,508,228
6/6/2020,MHPC,Region,40,406,446,17,115,61,0,18,687,927,3152,4815,1730,156,4079,517,220
6/7/2020,MHPC,Region,62,520,582,17,115,53,0,18,687,1009,3019,4815,1732,165,4028,529,206
6/8/2020,MHPC,Region,76,360,436,11,82,56,0,18,687,1028,2864,4815,1709,163,3892,544,176
6/9/2020,MHPC,Region,5,425,430,65,122,63,0,18,687,814,3240,4815,1763,171,4054,504,231
6/10/2020,MHPC,Region,56,374,430,11,84,63,0,18,687,778,3319,4815,1768,169,4097,499,225
6/11/2020,MHPC,Region,61,369,430,20,96,61,0,18,687,702,3392,4815,1771,178,4094,499,226
6/12/2020,MHPC,Region,59,383,442,20,126,64,0,18,687,735,3335,4815,1777,190,4070,456,280
6/13/2020,MHPC,Region,83,335,418,18,77,62,0,18,687,831,3146,4815,1722,197,3977,489,227
6/14/2020,MHPC,Region,107,461,568,16,66,58,0,18,687,1085,3003,4815,1783,214,4088,501,230
6/15/2020,MHPC,Region,103,458,561,7,106,53,0,18,687,879,2899,4815,1716,192,3778,484,205
6/16/2020,MHPC,Region,77,372,449,21,153,53,0,18,687,818,3244,4815,1821,197,4062,506,230
6/17/2020,MHPC,Region,88,361,449,14,72,58,0,18,687,792,3288,4815,1812,211,4080,555,190
6/18/2020,MHPC,Region,61,388,449,24,119,67,0,18,687,821,3247,4815,1714,202,4068,625,231
6/19/2020,MHPC,Region,82,391,473,15,106,79,0,18,687,733,3329,4815,1829,211,4062,522,232
6/20/2020,MHPC,Region,82,370,452,16,116,73,0,18,687,804,3060,4815,1771,205,3864,530,203
6/21/2020,MHPC,Region,88,499,587,10,109,62,0,18,687,983,3027,4815,1838,222,4010,524,206
6/22/2020,MHPC,Region,93,494,587,18,82,63,0,18,687,1017,3056,4815,1996,221,4073,505,237
6/23/2020,MHPC,Region,109,352,461,20,115,57,0,18,687,772,3298,4815,1831,220,4070,547,210
6/24/2020,MHPC,Region,99,362,461,18,89,64,0,18,687,654,3417,4815,1764,224,4071,512,210
6/25/2020,MHPC,Region,78,383,461,19,90,49,0,18,687,686,3376,4815,1766,226,4062,541,208
6/26/2020,MHPC,Region,78,381,459,26,94,57,0,18,687,618,3449,4815,1761,235,4067,540,201
6/27/2020,MHPC,Region,88,361,449,31,93,48,0,18,687,785,3187,4815,1718,243,3972,523,205
6/28/2020,MHPC,Region,103,461,564,27,92,62,0,18,687,1128,2946,4815,1778,240,4074,546,197
6/29/2020,MHPC,Region,127,460,587,25,104,62,0,18,687,1019,2980,4815,1728,245,3999,558,196
6/30/2020,MHPC,Region,76,366,442,23,144,60,0,18,687,809,3264,4815,1768,235,4073,530,162
7/1/2020,MHPC,Region,61,378,439,28,101,62,0,18,687,643,3413,4815,1775,258,4056,548,211
7/2/2020,MHPC,Region,43,399,442,39,99,65,0,18,687,654,3419,4815,1863,279,4073,569,177
7/3/2020,MHPC,Region,55,386,441,28,91,71,0,18,687,725,3344,4815,1795,286,4069,563,183
7/4/2020,MHPC,Region,81,337,418,33,100,64,0,18,687,1057,3035,4815,1793,285,4092,556,186
7/5/2020,MHPC,Region,125,443,568,27,64,64,0,18,687,1003,3030,4815,1794,280,4033,525,223
7/6/2020,MHPC,Region,55,342,397,21,91,57,0,18,687,966,3077,4815,1781,280,4043,518,225
7/7/2020,MHPC,Region,42,355,397,30,117,65,0,18,687,704,3366,4815,1775,265,4070,521,226
7/8/2020,MHPC,Region,56,341,397,35,178,75,0,18,687,591,3466,4815,1834,279,4057,530,227
7/9/2020,MHPC,Region,67,330,397,41,128,69,0,18,687,628,3423,4815,1791,309,4051,549,210
7/10/2020,MHPC,Region,58,331,389,39,106,66,0,18,687,613,3431,4815,1767,321,4044,548,209
7/11/2020,MHPC,Region,51,326,377,20,80,75,0,18,687,644,3198,4815,1626,300,3842,524,201
7/12/2020,MHPC,Region,76,301,377,26,113,71,0,18,687,780,3020,4815,1596,301,3800,532,193
7/13/2020,MHPC,Region,75,341,416,23,119,76,0,18,687,945,3063,4815,1688,305,4008,548,216
7/14/2020,MHPC,Region,54,362,416,37,135,67,0,18,687,689,3368,4815,1733,316,4057,547,218
7/15/2020,MHPC,Region,45,373,418,41,114,68,0,18,687,623,3441,4815,1731,312,4064,549,220
7/16/2020,MHPC,Region,45,371,416,36,106,72,0,18,687,612,3400,4815,1714,332,4012,546,214
7/17/2020,MHPC,Region,47,369,416,43,82,79,0,18,687,600,3482,4815,1673,328,4082,548,219
7/18/2020,MHPC,Region,48,358,406,32,105,78,0,18,687,728,3193,4815,1622,314,3921,516,212
7/19/2020,MHPC,Region,76,330,406,23,105,84,0,18,687,783,3182,4815,1646,317,3965,513,237
7/20/2020,MHPC,Region,38,348,386,28,85,87,0,18,687,831,3172,4815,1647,333,4003,519,234
7/21/2020,MHPC,Region,43,346,389,25,102,92,0,18,687,648,3394,4815,1666,325,4042,540,230
7/22/2020,MHPC,Region,40,357,397,36,83,88,0,18,687,515,3529,4815,1728,329,4044,527,228
7/23/2020,MHPC,Region,74,333,407,46,102,85,0,18,687,1023,3082,4815,661,301,4105,575,204
7/24/2020,MHPC,Region,76,331,407,35,140,88,0,18,687,1009,3092,4815,667,308,4101,565,216
7/25/2020,MHPC,Region,76,327,403,30,104,88,0,18,687,1161,2859,4815,663,315,4020,562,215
7/26/2020,MHPC,Region,96,311,407,32,83,91,0,18,687,1228,2875,4815,681,341,4103,557,216
7/27/2020,MHPC,Region,83,324,407,34,69,94,0,18,687,1179,2926,4815,677,349,4105,550,223
7/28/2020,MHPC,Region,75,333,408,37,156,90,0,18,687,960,3147,4815,664,349,4107,548,223
7/29/2020,MHPC,Region,69,338,407,40,156,93,0,18,687,779,3323,4815,662,347,4102,558,214
7/30/2020,MHPC,Region,64,343,407,25,111,93,0,18,687,857,3245,4815,672,315,4102,547,225
7/31/2020,MHPC,Region,82,325,407,30,121,92,0,18,687,1016,3090,4815,664,302,4106,556,215
8/1/2020,MHPC,Region,72,323,395,29,158,95,0,18,687,1108,2901,4815,626,302,4009,536,217
8/2/2020,MHPC,Region,86,321,407,25,133,100,0,18,687,1267,2845,4815,677,312,4112,550,220
8/3/2020,MHPC,Region,65,345,410,24,149,93,0,18,687,1008,3106,4815,673,330,4114,570,201
8/4/2020,MHPC,Region,75,332,407,37,136,91,0,18,687,1006,3097,4815,677,315,4103,571,205
8/5/2020,MHPC,Region,88,325,413,28,104,83,0,18,687,996,3112,4815,662,313,4108,566,208
8/6/2020,MHPC,Region,87,320,407,35,134,94,0,18,687,1012,3103,4815,679,310,4115,552,222
8/7/2020,MHPC,Region,88,319,407,26,116,84,0,18,687,1010,3114,4815,665,313,4124,554,219
8/8/2020,MHPC,Region,114,293,407,28,139,77,0,18,687,1195,2928,4815,675,300,4123,551,218
8/9/2020,MHPC,Region,105,290,395,19,135,77,0,18,687,1205,2814,4815,614,300,4019,556,196
8/10/2020,MHPC,Region,96,311,407,19,125,79,0,18,687,1208,2906,4815,684,287,4114,556,214
8/11/2020,MHPC,Region,75,332,407,38,177,80,0,18,687,897,3222,4815,694,295,4119,548,227
8/12/2020,MHPC,Region,102,324,426,22,112,89,0,18,687,1067,3139,4815,740,286,4206,565,219
8/13/2020,MHPC,Region,82,344,426,32,111,81,0,18,687,956,3256,4815,739,286,4212,569,213
8/14/2020,MHPC,Region,94,343,437,25,105,84,0,18,687,1119,3128,4815,732,263,4247,567,215
8/15/2020,MHPC,Region,109,328,437,21,103,78,0,18,687,1303,2936,4815,729,261,4239,575,208
8/16/2020,MHPC,Region,103,307,410,26,69,77,0,18,687,1179,2610,4815,748,273,3789,552,194
8/17/2020,MHPC,Region,84,353,437,26,101,83,0,18,687,1386,3342,4815,769,288,4728,572,208
8/18/2020,MHPC,Region,86,351,437,27,124,83,0,18,687,1161,3592,4815,732,268,4753,570,212
8/19/2020,MHPC,Region,90,347,437,36,97,71,0,18,687,1210,3547,4815,729,264,4757,571,212
8/20/2020,MHPC,Region,80,357,437,33,106,78,0,18,687,1233,3531,4815,731,273,4764,568,214
8/21/2020,MHPC,Region,102,330,432,26,93,68,0,18,687,1234,3532,4815,766,256,4766,577,205
8/22/2020,MHPC,Region,117,315,432,21,139,72,0,18,687,1437,3329,4815,771,245,4766,563,219
8/23/2020,MHPC,Region,116,289,405,17,123,74,0,18,687,1362,2969,4815,779,241,4331,546,197
8/24/2020,MHPC,Region,100,332,432,21,120,66,0,18,687,1369,3391,4815,776,243,4760,576,204
8/25/2020,MHPC,Region,97,335,432,29,128,69,0,18,687,1226,3480,4815,771,245,4706,570,211
8/26/2020,MHPC,Region,93,339,432,29,94,73,16,18,687,1188,3520,4815,756,242,4708,568,212
8/27/2020,MHPC,Region,85,347,432,28,114,71,16,18,687,1054,3656,4815,774,250,4710,569,213
8/28/2020,MHPC,Region,108,324,432,29,62,59,16,18,687,1183,3503,4815,758,241,4686,569,213
8/29/2020,MHPC,Region,96,336,432,27,134,62,16,18,687,1268,3418,4815,771,243,4686,572,208
8/30/2020,MHPC,Region,115,317,432,21,85,54,16,18,687,1236,3450,4815,774,250,4686,572,210
8/31/2020,MHPC,Region,94,338,432,25,110,64,16,18,687,1346,3355,4815,775,257,4701,560,220
9/1/2020,MHPC,Region,67,319,386,37,84,69,13,18,687,943,3048,4815,695,232,3991,494,217
9/2/2020,MHPC,Region,78,328,406,26,97,78,15,18,687,1016,3239,4815,747,244,4255,501,232
9/3/2020,MHPC,Region,94,311,405,23,75,76,15,18,687,1130,3115,4815,723,244,4245,511,222
9/4/2020,MHPC,Region,90,315,405,25,77,76,15,18,687,1151,3083,4815,723,239,4234,512,222
9/5/2020,MHPC,Region,104,301,405,28,88,80,15,18,687,1257,2977,4815,723,237,4234,526,207
9/6/2020,MHPC,Region,111,294,405,16,91,72,15,18,687,1311,2923,4815,723,224,4234,516,217
9/7/2020,MHPC,Region,114,292,406,18,68,75,15,18,687,1366,2888,4815,723,230,4254,528,205
9/8/2020,MHPC,Region,102,304,406,26,57,76,15,18,687,1253,3000,4815,723,228,4253,517,216
9/9/2020,MHPC,Region,83,323,406,25,47,66,17,18,687,970,3288,4815,723,222,4258,520,213
9/10/2020,MHPC,Region,91,342,433,29,71,67,18,18,687,1016,3708,4815,735,235,4724,530,202
9/11/2020,MHPC,Region,78,355,433,18,100,66,18,18,687,996,3721,4815,735,207,4717,531,199
9/12/2020,MHPC,Region,98,335,433,25,95,65,18,18,687,1196,3521,4815,735,194,4717,521,209
9/13/2020,MHPC,Region,107,314,421,26,69,66,17,18,687,1214,3160,4815,723,200,4374,503,216
9/14/2020,MHPC,Region,99,326,425,32,91,64,18,18,687,1198,3238,4815,735,207,4436,519,211
9/15/2020,MHPC,Region,90,337,427,25,83,64,18,18,687,1161,3265,4815,735,214,4426,533,232
9/16/2020,MHPC,Region,99,328,427,21,82,59,18,18,687,1117,3333,4815,735,204,4450,529,238
9/17/2020,MHPC,Region,105,322,427,26,86,60,18,18,687,1000,3438,4815,735,218,4438,526,245
9/18/2020,MHPC,Region,101,326,427,28,75,60,18,18,687,1069,3385,4815,735,213,4454,532,239
9/19/2020,MHPC,Region,115,312,427,25,76,59,18,18,687,1246,3208,4815,735,206,4454,539,236
9/20/2020,MHPC,Region,118,309,427,13,66,51,18,18,687,1299,3155,4815,735,202,4454,551,223
9/21/2020,MHPC,Region,94,333,427,25,62,48,18,18,687,1198,3490,4815,735,198,4688,533,241
9/22/2020,MHPC,Region,84,343,427,30,85,48,18,18,687,1046,3640,4815,735,204,4686,557,237
9/23/2020,MHPC,Region,78,349,427,33,29,52,18,18,687,1064,3624,4815,735,204,4688,580,215
9/24/2020,MHPC,Region,52,363,415,16,26,50,17,18,687,845,3749,4815,723,201,4594,599,201
9/25/2020,MHPC,Region,87,340,427,24,72,47,18,18,687,1107,3579,4815,735,194,4686,612,200
9/26/2020,MHPC,Region,99,316,415,24,106,46,17,18,687,1176,3413,4815,723,187,4589,590,211
9/27/2020,MHPC,Region,99,328,427,24,72,51,18,18,687,1252,3434,4815,735,205,4686,598,213
9/28/2020,MHPC,Region,87,340,427,22,90,55,18,18,687,1234,3432,4815,735,208,4666,588,223
9/29/2020,MHPC,Region,66,361,427,27,89,55,18,18,687,1071,3608,4815,735,206,4679,586,225
9/30/2020,MHPC,Region,71,356,427,25,88,54,18,18,687,1100,3571,4815,735,203,4671,570,244
10/1/2020,MHPC,Region,83,344,427,27,57,50,18,18,687,1151,3535,4815,735,197,4686,581,229
10/2/2020,MHPC,Region,87,340,427,38,92,53,18,18,687,1183,3512,4815,735,215,4695,585,230
10/3/2020,MHPC,Region,96,331,427,27,139,58,18,18,687,1277,3418,4815,735,207,4695,576,239
10/4/2020,MHPC,Region,96,331,427,19,115,63,18,18,687,1294,3395,4815,735,213,4689,582,233
10/5/2020,MHPC,Region,77,350,427,30,99,68,18,18,687,1197,3504,4815,796,223,4701,566,251
10/6/2020,MHPC,Region,64,368,432,27,103,69,18,18,687,1089,3589,4815,735,236,4678,564,252
10/7/2020,MHPC,Region,60,369,429,26,127,64,18,18,687,1036,3642,4815,735,226,4678,582,234
10/8/2020,MHPC,Region,56,380,436,23,107,67,18,18,687,1038,3609,4815,735,215,4647,574,241
10/9/2020,MHPC,Region,68,364,432,19,94,63,18,18,687,1172,3500,4815,735,209,4672,571,244
10/10/2020,MHPC,Region,77,350,427,39,102,67,18,18,687,1192,3480,4815,735,226,4672,578,240
10/11/2020,MHPC,Region,80,347,427,35,85,66,18,18,687,1167,3505,4815,735,248,4672,584,239
10/12/2020,MHPC,Region,61,366,427,31,95,56,18,18,687,1113,3565,4815,735,255,4678,579,244
10/13/2020,MHPC,Region,60,367,427,33,127,58,18,18,687,1048,3650,4815,735,266,4698,586,242
10/14/2020,MHPC,Region,61,366,427,31,116,57,18,18,687,926,3742,4815,735,270,4668,585,243
10/15/2020,MHPC,Region,69,358,427,32,121,62,18,18,687,1002,3689,4815,735,270,4691,584,244
10/16/2020,MHPC,Region,69,358,427,23,119,60,18,18,687,1010,3682,4815,735,265,4692,577,251
10/17/2020,MHPC,Region,69,358,427,22,114,66,18,18,687,1151,3556,4815,735,274,4707,590,239
10/18/2020,MHPC,Region,82,345,427,31,95,72,18,18,687,1270,3414,4815,735,293,4684,573,253
10/19/2020,MHPC,Region,75,352,427,30,94,71,18,18,687,1209,3472,4815,735,301,4681,573,255
10/20/2020,MHPC,Region,66,361,427,39,131,79,18,18,687,1096,3598,4815,735,313,4694,575,254
10/21/2020,MHPC,Region,68,361,429,28,112,82,18,18,687,1047,3594,4815,735,307,4641,561,269
10/22/2020,MHPC,Region,61,367,428,26,112,81,18,18,687,1032,3622,4815,735,282,4654,561,269
10/23/2020,MHPC,Region,74,355,429,25,96,82,18,18,687,1068,3574,4815,735,275,4642,569,260
10/24/2020,MHPC,Region,82,347,429,39,89,82,18,18,687,1143,3499,4815,735,284,4642,566,263
10/25/2020,MHPC,Region,84,346,430,28,125,85,18,18,687,1200,3437,4815,735,295,4637,578,247
10/26/2020,MHPC,Region,71,358,429,30,102,78,18,18,687,1091,3552,4815,735,301,4643,582,246
10/27/2020,MHPC,Region,68,362,430,31,114,80,18,18,687,1049,3653,4815,735,289,4702,456,164
10/28/2020,MHPC,Region,61,367,428,34,91,84,18,18,687,1034,3647,4815,735,295,4681,586,248
10/29/2020,MHPC,Region,55,373,428,19,124,83,18,18,687,1045,3632,4815,735,281,4677,591,243
10/30/2020,MHPC,Region,69,360,429,37,109,83,18,18,687,1063,3577,4815,735,272,4640,596,236
10/31/2020,MHPC,Region,76,352,428,29,117,81,18,18,687,1170,3458,4815,735,269,4628,589,244
11/1/2020,MHPC,Region,92,337,429,27,81,87,18,18,687,1352,3296,4815,735,278,4648,564,268
11/2/2020,MHPC,Region,76,351,427,40,102,74,18,18,687,1186,3476,4815,735,280,4662,577,248
11/3/2020,MHPC,Region,60,373,433,38,126,80,18,18,687,1041,3642,4815,735,283,4683,564,265
11/4/2020,MHPC,Region,73,358,431,31,120,73,18,18,687,1033,3653,4815,735,277,4686,580,249
11/5/2020,MHPC,Region,63,367,430,37,124,77,18,18,687,1003,3692,4815,735,282,4695,570,253
11/6/2020,MHPC,Region,59,372,431,40,123,82,18,18,687,931,3718,4815,735,289,4649,566,258
11/7/2020,MHPC,Region,80,351,431,29,110,85,18,18,687,1145,3504,4815,735,282,4649,552,272
11/8/2020,MHPC,Region,79,351,430,30,99,86,18,18,687,1172,3477,4815,735,295,4649,567,257
11/9/2020,MHPC,Region,64,363,427,47,99,82,18,18,687,1009,3641,4815,735,319,4650,575,249
11/10/2020,MHPC,Region,61,366,427,38,120,74,18,18,687,1031,3649,4815,735,303,4680,569,253
11/11/2020,MHPC,Region,61,367,428,33,130,73,18,18,687,1031,3629,4815,735,300,4660,568,253
11/12/2020,MHPC,Region,77,352,429,43,117,84,18,18,687,1104,3532,4815,735,339,4636,560,261
11/13/2020,MHPC,Region,81,346,427,34,122,86,18,18,687,1092,3546,4815,735,357,4638,533,267
11/14/2020,MHPC,Region,98,329,427,54,122,89,18,18,687,1218,3420,4815,735,344,4638,562,257
11/15/2020,MHPC,Region,97,330,427,45,115,84,18,18,687,1250,3388,4815,735,336,4638,552,267
11/16/2020,MHPC,Region,76,351,427,40,133,86,18,18,687,1197,3454,4815,735,363,4651,571,248
11/17/2020,MHPC,Region,79,348,427,41,141,84,18,18,687,1059,3587,4815,735,358,4646,568,252
11/18/2020,MHPC,Region,53,376,429,46,142,93,18,18,687,995,3641,4815,735,378,4636,581,243
4/6/2020,SHPR,Region,20,40,60,,,,0,7,112,304,539,1392,309,12,843,171,30
4/7/2020,SHPR,Region,17,62,79,,,,0,7,112,353,605,1392,309,13,958,179,34
4/8/2020,SHPR,Region,14,54,68,,,,0,7,112,242,601,1392,458,13,843,174,29
4/9/2020,SHPR,Region,18,50,68,,,,0,7,112,256,608,1392,468,14,864,190,13
4/10/2020,SHPR,Region,0,6,6,,,,0,7,112,50,73,1392,65,0,123,23,2
4/11/2020,SHPR,Region,0,6,6,,,,0,7,112,44,69,1392,58,3,113,21,2
4/12/2020,SHPR,Region,15,6,21,,,,0,7,112,110,82,1392,27,3,192,25,3
4/13/2020,SHPR,Region,52,41,93,,,,0,7,112,376,600,1392,458,18,976,183,32
4/14/2020,SHPR,Region,57,36,93,,,,0,7,112,328,625,1392,208,17,953,182,29
4/15/2020,SHPR,Region,55,38,93,,,,0,7,112,413,594,1392,555,21,1007,184,28
4/16/2020,SHPR,Region,24,36,60,,,,0,7,112,364,537,1392,239,18,901,189,14
4/17/2020,SHPR,Region,23,36,59,,,,0,7,112,402,495,1392,268,12,897,173,29
4/18/2020,SHPR,Region,0,6,6,,,,0,7,112,31,66,1392,65,6,97,25,0
4/19/2020,SHPR,Region,0,6,6,,,,0,7,112,18,62,1392,34,3,80,21,0
4/20/2020,SHPR,Region,24,41,65,,,,0,7,112,420,556,1392,239,15,976,186,29
4/21/2020,SHPR,Region,30,35,65,,,,0,7,112,359,653,1392,237,14,1012,187,28
4/22/2020,SHPR,Region,31,28,59,,,,0,7,112,273,633,1392,226,8,906,182,21
4/23/2020,SHPR,Region,41,28,69,,,,0,7,112,300,681,1392,207,10,981,191,25
4/24/2020,SHPR,Region,33,31,64,,,,0,7,112,255,650,1392,207,15,905,183,19
4/25/2020,SHPR,Region,28,36,64,,,,0,7,112,292,613,1392,207,15,905,182,20
4/26/2020,SHPR,Region,32,33,65,,,,0,7,112,305,600,1392,207,14,905,191,11
4/27/2020,SHPR,Region,28,41,69,,,,0,7,112,334,646,1392,203,17,980,187,27
4/28/2020,SHPR,Region,25,39,64,,,,0,7,112,263,642,1392,205,17,905,173,29
4/29/2020,SHPR,Region,26,42,68,,,,0,7,112,285,677,1392,219,17,962,171,47
4/30/2020,SHPR,Region,22,47,69,,,,0,7,112,288,677,1392,218,16,965,143,27
5/1/2020,SHPR,Region,27,42,69,,,,0,7,112,335,612,1392,208,15,947,136,28
5/2/2020,SHPR,Region,22,45,67,,,,0,7,112,277,663,1392,224,10,940,137,30
5/3/2020,SHPR,Region,30,42,72,,,,0,7,112,315,650,1392,220,15,965,137,33
5/4/2020,SHPR,Region,30,42,72,,,,0,7,112,274,691,1392,220,14,965,139,31
5/5/2020,SHPR,Region,9,9,18,,,,0,7,112,71,125,1392,44,8,196,45,1
5/6/2020,SHPR,Region,26,45,71,,,,0,7,112,191,774,1392,220,15,965,137,33
5/7/2020,SHPR,Region,28,44,72,,,,0,7,112,221,744,1392,215,16,965,138,32
5/8/2020,SHPR,Region,27,45,72,,,,0,7,112,240,707,1392,208,16,947,137,27
5/9/2020,SHPR,Region,30,38,68,,,,0,7,112,307,633,1392,215,11,940,138,29
5/10/2020,SHPR,Region,30,42,72,,,,0,7,112,334,631,1392,215,14,965,147,23
5/11/2020,SHPR,Region,27,40,67,,,,0,7,112,264,658,1392,208,10,922,138,23
5/12/2020,SHPR,Region,18,53,71,,,,0,7,112,187,778,1392,215,14,965,67,103
5/13/2020,SHPR,Region,18,54,72,,,,0,7,112,155,810,1392,215,15,965,142,28
5/14/2020,SHPR,Region,18,54,72,,,,0,7,112,120,845,1392,215,14,965,147,24
5/15/2020,SHPR,Region,25,47,72,,,,0,7,112,175,790,1392,215,20,965,148,22
5/16/2020,SHPR,Region,22,50,72,,,,0,7,112,247,718,1392,215,19,965,144,26
5/17/2020,SHPR,Region,23,49,72,,,,0,7,112,277,688,1392,215,19,965,144,26
5/18/2020,SHPR,Region,16,53,69,,,,0,7,112,220,727,1392,208,22,947,133,31
5/19/2020,SHPR,Region,15,57,72,,,,0,7,112,138,827,1392,215,23,965,133,37
5/20/2020,SHPR,Region,10,62,72,,,,0,7,112,123,824,1392,208,22,947,128,36
5/21/2020,SHPR,Region,20,49,69,,,,0,7,112,161,786,1392,208,21,947,132,32
5/22/2020,SHPR,Region,20,48,68,,,,0,7,112,193,772,1392,215,20,965,140,30
5/23/2020,SHPR,Region,14,55,69,,,,0,7,112,242,705,1392,208,13,947,429,35
5/24/2020,SHPR,Region,23,46,69,,,,0,7,112,269,695,1392,215,22,964,138,31
5/25/2020,SHPR,Region,19,50,69,,,,0,7,112,250,715,1392,215,24,965,134,36
5/26/2020,SHPR,Region,24,48,72,,,,0,7,112,222,743,1392,215,27,965,139,31
5/27/2020,SHPR,Region,16,53,69,,,,0,7,112,140,825,1392,215,26,965,139,31
5/28/2020,SHPR,Region,17,52,69,,,,0,7,112,137,810,1392,208,28,947,131,33
5/29/2020,SHPR,Region,17,52,69,,,,0,7,112,112,853,1392,215,26,965,142,28
5/30/2020,SHPR,Region,12,57,69,,,,0,7,112,167,798,1392,215,27,965,138,32
5/31/2020,SHPR,Region,18,47,65,,,,0,7,112,207,733,1392,215,26,940,135,32
6/1/2020,SHPR,Region,25,44,69,,,,0,7,112,229,736,1392,215,25,965,134,36
6/2/2020,SHPR,Region,17,52,69,,,,0,7,112,183,782,1392,215,25,965,138,35
6/3/2020,SHPR,Region,7,62,69,1,1,11,0,7,112,168,797,1392,215,28,965,137,35
6/4/2020,SHPR,Region,19,51,70,3,3,11,0,7,112,138,827,1392,215,27,965,136,34
6/5/2020,SHPR,Region,12,58,70,1,4,13,0,7,112,142,823,1392,215,25,965,139,31
6/6/2020,SHPR,Region,14,56,70,3,3,13,0,7,112,193,772,1392,215,25,965,140,30
6/7/2020,SHPR,Region,14,52,66,2,1,12,0,7,112,205,735,1392,215,24,940,134,33
6/8/2020,SHPR,Region,21,48,69,7,2,15,0,7,112,199,766,1392,215,27,965,141,29
6/9/2020,SHPR,Region,19,50,69,3,2,17,0,7,112,179,783,1392,215,28,962,139,31
6/10/2020,SHPR,Region,16,53,69,4,2,17,0,7,112,111,854,1392,215,33,965,137,33
6/11/2020,SHPR,Region,14,55,69,4,2,17,0,7,112,126,839,1392,215,34,965,138,32
6/12/2020,SHPR,Region,11,58,69,1,7,19,0,7,112,92,873,1392,215,36,965,129,41
6/13/2020,SHPR,Region,13,56,69,4,4,17,0,7,112,156,791,1392,208,35,947,131,35
6/14/2020,SHPR,Region,15,44,59,2,0,12,0,7,112,147,705,1392,196,28,852,113,37
6/15/2020,SHPR,Region,13,56,69,4,6,16,0,7,112,137,828,1392,215,35,965,135,35
6/16/2020,SHPR,Region,14,55,69,2,3,18,0,7,112,95,870,1392,215,35,965,133,37
6/17/2020,SHPR,Region,8,61,69,2,5,18,0,7,112,44,921,1392,215,33,965,133,37
6/18/2020,SHPR,Region,14,55,69,3,3,17,0,7,112,94,871,1392,215,36,965,122,44
6/19/2020,SHPR,Region,11,58,69,5,4,16,0,7,112,147,818,1392,215,36,965,124,46
6/20/2020,SHPR,Region,9,54,63,3,1,14,0,7,112,148,730,1392,194,29,878,110,43
6/21/2020,SHPR,Region,11,58,69,2,1,15,0,7,112,164,774,1392,208,33,938,122,44
6/22/2020,SHPR,Region,22,47,69,1,3,15,0,7,112,152,813,1392,215,32,965,124,46
6/23/2020,SHPR,Region,9,60,69,6,4,13,0,7,112,3,962,1392,215,38,965,136,34
6/24/2020,SHPR,Region,4,65,69,6,4,14,0,7,112,39,926,1392,215,41,965,132,38
6/25/2020,SHPR,Region,15,54,69,1,4,12,0,7,112,89,876,1392,210,38,965,131,39
6/26/2020,SHPR,Region,14,55,69,5,3,11,0,7,112,117,848,1392,210,36,965,135,35
6/27/2020,SHPR,Region,15,48,63,5,6,7,0,7,112,121,756,1392,196,37,877,116,37
6/28/2020,SHPR,Region,15,50,65,6,2,7,0,7,112,161,733,1392,201,41,894,121,40
6/29/2020,SHPR,Region,16,53,69,10,2,10,0,7,112,99,838,1392,208,47,937,132,34
6/30/2020,SHPR,Region,9,60,69,8,1,10,0,7,112,96,841,1392,208,52,937,129,37
7/1/2020,SHPR,Region,6,63,69,2,2,12,0,7,112,55,900,1392,208,44,955,134,36
7/2/2020,SHPR,Region,13,56,69,4,1,11,0,7,112,85,870,1392,208,42,955,128,42
7/3/2020,SHPR,Region,16,53,69,5,1,10,0,7,112,121,834,1392,208,43,955,133,37
7/4/2020,SHPR,Region,14,55,69,7,1,12,0,7,112,157,780,1392,208,43,937,133,33
7/5/2020,SHPR,Region,15,54,69,3,0,12,0,7,112,174,763,1392,208,42,937,130,36
7/6/2020,SHPR,Region,18,51,69,5,2,13,0,7,112,127,830,1392,208,45,957,136,34
7/7/2020,SHPR,Region,13,56,69,4,3,13,0,7,112,81,907,1392,208,49,988,141,29
7/8/2020,SHPR,Region,13,56,69,6,3,15,0,7,112,63,925,1392,208,50,988,132,36
7/9/2020,SHPR,Region,12,57,69,10,3,15,0,7,112,56,932,1392,208,54,988,131,37
7/10/2020,SHPR,Region,12,57,69,6,1,13,0,7,112,52,936,1392,208,57,988,124,40
7/11/2020,SHPR,Region,11,58,69,8,6,14,0,7,112,101,869,1392,208,59,970,123,41
7/12/2020,SHPR,Region,11,58,69,7,3,16,0,7,112,151,819,1392,208,56,970,129,37
7/13/2020,SHPR,Region,18,51,69,8,2,17,0,7,112,78,892,1392,208,64,970,124,40
7/14/2020,SHPR,Region,9,60,69,5,3,17,0,7,112,88,882,1392,208,62,970,124,40
7/15/2020,SHPR,Region,16,61,77,4,3,16,0,7,112,235,720,1392,463,58,955,125,40
7/16/2020,SHPR,Region,18,59,77,8,5,16,0,7,112,244,729,1392,470,57,973,123,44
7/17/2020,SHPR,Region,24,53,77,2,7,16,0,7,112,270,699,1392,463,57,969,126,39
7/18/2020,SHPR,Region,25,52,77,7,3,16,0,7,112,300,677,1392,470,60,977,130,38
7/19/2020,SHPR,Region,26,51,77,3,2,14,0,7,112,328,659,1392,470,60,987,139,29
7/20/2020,SHPR,Region,31,46,77,7,2,14,0,7,112,329,658,1392,470,63,987,136,32
7/21/2020,SHPR,Region,19,58,77,7,4,15,0,7,112,248,723,1392,470,60,971,134,34
7/22/2020,SHPR,Region,6,9,15,0,2,16,0,7,112,23,157,1392,34,59,180,42,2
7/23/2020,SHPR,Region,28,49,77,4,1,17,0,7,112,249,704,1392,463,60,953,133,33
7/24/2020,SHPR,Region,21,56,77,5,1,18,0,7,112,311,676,1392,470,50,987,134,34
7/25/2020,SHPR,Region,31,46,77,6,1,13,0,7,112,336,639,1392,470,48,975,136,34
7/26/2020,SHPR,Region,19,58,77,9,1,13,0,7,112,333,642,1392,470,46,975,135,35
7/27/2020,SHPR,Region,25,52,77,5,3,13,0,7,112,338,643,1392,470,49,981,138,32
7/28/2020,SHPR,Region,22,55,77,2,6,15,0,7,112,295,686,1392,470,48,981,135,35
7/29/2020,SHPR,Region,22,55,77,5,1,14,0,7,112,268,713,1392,470,50,981,134,36
7/30/2020,SHPR,Region,26,52,78,4,1,13,0,7,112,261,714,1392,470,46,975,133,37
7/31/2020,SHPR,Region,20,57,77,4,4,13,0,7,112,265,710,1392,470,39,975,127,43
8/1/2020,SHPR,Region,24,53,77,3,3,11,0,7,112,284,691,1392,470,34,975,133,37
8/2/2020,SHPR,Region,24,47,71,4,1,10,0,7,112,315,606,1392,458,36,921,123,34
8/3/2020,SHPR,Region,23,54,77,1,2,11,0,7,112,332,649,1392,470,37,981,132,38
8/4/2020,SHPR,Region,21,56,77,7,4,13,0,7,112,319,662,1392,470,41,981,132,38
8/5/2020,SHPR,Region,23,54,77,2,5,12,0,7,112,312,669,1392,470,43,981,137,33
8/6/2020,SHPR,Region,22,55,77,3,4,11,0,7,112,276,691,1392,470,38,967,133,37
8/7/2020,SHPR,Region,24,53,77,3,2,10,0,7,112,268,705,1392,470,40,973,135,35
8/8/2020,SHPR,Region,20,57,77,3,2,9,0,7,112,287,680,1392,470,41,967,137,33
8/9/2020,SHPR,Region,18,53,71,2,0,10,0,7,112,293,614,1392,458,38,907,122,35
8/10/2020,SHPR,Region,30,48,78,2,5,9,0,7,112,306,667,1392,470,44,973,138,32
8/11/2020,SHPR,Region,24,53,77,4,33,9,0,7,112,257,709,1392,470,43,966,144,26
8/12/2020,SHPR,Region,27,44,71,1,27,8,0,7,112,255,651,1392,458,31,906,129,28
8/13/2020,SHPR,Region,29,48,77,2,26,10,0,7,112,272,699,1392,470,35,971,140,30
8/14/2020,SHPR,Region,24,53,77,6,36,12,0,7,112,252,711,1392,470,33,963,135,35
8/15/2020,SHPR,Region,29,48,77,1,21,9,0,7,112,272,680,1392,470,29,952,135,35
8/16/2020,SHPR,Region,31,46,77,0,20,8,0,7,112,302,660,1392,471,23,962,136,33
8/17/2020,SHPR,Region,34,43,77,2,24,9,0,7,112,320,691,1392,484,26,1011,108,62
8/18/2020,SHPR,Region,33,44,77,3,24,9,0,7,112,264,736,1392,484,28,1000,107,63
8/19/2020,SHPR,Region,34,43,77,5,22,8,0,7,112,270,735,1392,484,30,1005,112,58
8/20/2020,SHPR,Region,43,34,77,1,22,6,0,7,112,281,719,1392,484,31,1000,107,63
8/21/2020,SHPR,Region,33,44,77,2,27,9,0,7,112,270,725,1392,484,32,995,102,68
8/22/2020,SHPR,Region,37,40,77,1,26,9,0,7,112,303,692,1392,484,30,995,108,62
8/23/2020,SHPR,Region,40,37,77,3,20,7,0,7,112,320,675,1392,484,29,995,141,29
8/24/2020,SHPR,Region,43,28,71,2,25,3,0,7,112,324,617,1392,472,26,941,129,28
8/25/2020,SHPR,Region,46,31,77,4,24,3,0,7,112,300,701,1392,484,31,1001,111,59
8/26/2020,SHPR,Region,34,43,77,3,26,3,6,7,112,262,739,1392,484,33,1001,111,59
8/27/2020,SHPR,Region,42,36,78,6,22,3,6,7,112,285,716,1392,484,35,1001,115,55
8/28/2020,SHPR,Region,45,26,71,1,27,2,5,7,112,260,675,1392,472,29,935,103,54
8/29/2020,SHPR,Region,46,31,77,8,23,4,6,7,112,272,723,1392,484,32,995,119,51
8/30/2020,SHPR,Region,49,28,77,0,24,3,6,7,112,313,687,1392,484,32,1000,119,51
8/31/2020,SHPR,Region,44,33,77,4,17,5,6,7,112,297,703,1392,484,34,1000,118,52
9/1/2020,SHPR,Region,36,35,71,2,27,4,5,7,112,251,697,1392,472,30,948,103,54
9/2/2020,SHPR,Region,46,31,77,5,25,5,6,7,112,282,732,1392,484,30,1014,106,51
9/3/2020,SHPR,Region,43,34,77,8,26,6,6,7,112,272,742,1392,484,36,1014,114,56
9/4/2020,SHPR,Region,42,35,77,3,20,8,6,7,112,254,765,1392,484,35,1019,140,30
9/5/2020,SHPR,Region,38,39,77,4,25,9,6,7,112,278,741,1392,484,30,1019,136,34
9/6/2020,SHPR,Region,34,43,77,0,25,9,6,7,112,295,719,1392,484,29,1014,135,35
9/7/2020,SHPR,Region,38,39,77,2,16,9,6,7,112,286,728,1392,484,29,1014,131,39
9/8/2020,SHPR,Region,34,43,77,3,21,9,6,7,112,296,718,1392,484,28,1014,133,37
9/9/2020,SHPR,Region,36,41,77,4,28,9,6,7,112,256,767,1392,484,35,1023,134,36
9/10/2020,SHPR,Region,36,41,77,3,23,8,6,7,112,259,755,1392,484,32,1014,138,32
9/11/2020,SHPR,Region,34,43,77,3,33,7,6,7,112,251,763,1392,484,27,1014,132,38
9/12/2020,SHPR,Region,28,49,77,1,18,7,6,7,112,248,766,1392,484,29,1014,105,65
9/13/2020,SHPR,Region,34,43,77,3,19,8,6,7,112,280,734,1392,484,28,1014,107,63
9/14/2020,SHPR,Region,41,36,77,3,11,9,6,7,112,305,709,1392,484,27,1014,110,60
9/15/2020,SHPR,Region,30,47,77,6,30,10,6,7,112,265,753,1392,484,27,1018,109,61
9/16/2020,SHPR,Region,30,47,77,3,33,7,6,7,112,243,780,1392,484,31,1023,102,68
9/17/2020,SHPR,Region,37,34,71,2,25,6,5,7,112,241,707,1392,472,32,948,95,62
9/18/2020,SHPR,Region,35,42,77,0,17,6,6,7,112,261,760,1392,484,32,1021,112,58
9/19/2020,SHPR,Region,38,39,77,1,22,6,6,7,112,280,736,1392,484,32,1016,142,28
9/20/2020,SHPR,Region,36,41,77,1,28,5,6,7,112,324,692,1392,484,28,1016,140,30
9/21/2020,SHPR,Region,41,36,77,3,16,5,6,7,112,326,690,1392,484,24,1016,144,26
9/22/2020,SHPR,Region,36,41,77,3,34,5,6,7,112,296,720,1392,484,25,1016,116,54
9/23/2020,SHPR,Region,32,45,77,8,31,6,6,7,112,270,746,1392,484,30,1016,137,33
9/24/2020,SHPR,Region,37,40,77,2,22,7,6,7,112,282,734,1392,484,32,1016,139,31
9/25/2020,SHPR,Region,41,36,77,5,31,5,6,7,112,295,721,1392,484,25,1016,135,35
9/26/2020,SHPR,Region,42,35,77,1,30,5,6,7,112,289,727,1392,484,23,1016,142,28
9/27/2020,SHPR,Region,43,34,77,2,18,6,6,7,112,331,685,1392,484,23,1016,142,28
9/28/2020,SHPR,Region,36,41,77,1,29,6,6,7,112,328,688,1392,484,22,1016,136,34
9/29/2020,SHPR,Region,38,39,77,2,27,6,6,7,112,267,749,1392,484,24,1016,138,32
9/30/2020,SHPR,Region,41,36,77,5,39,6,6,7,112,251,765,1392,484,24,1016,140,30
10/1/2020,SHPR,Region,39,38,77,2,27,7,6,7,112,263,753,1392,484,24,1016,145,25
10/2/2020,SHPR,Region,46,31,77,3,22,7,6,7,112,253,763,1392,484,23,1016,145,25
10/3/2020,SHPR,Region,39,38,77,2,18,7,6,7,112,300,716,1392,484,23,1016,143,27
10/4/2020,SHPR,Region,37,40,77,4,13,7,6,7,112,291,725,1392,484,32,1016,137,33
10/5/2020,SHPR,Region,37,40,77,7,27,7,6,7,112,303,713,1392,484,34,1016,140,30
10/6/2020,SHPR,Region,40,37,77,10,29,8,5,7,112,254,737,1392,477,40,991,136,30
10/7/2020,SHPR,Region,42,35,77,11,23,7,6,7,112,227,789,1392,501,42,1016,151,23
10/8/2020,SHPR,Region,32,39,71,3,36,10,5,7,112,214,734,1392,472,41,948,129,28
10/9/2020,SHPR,Region,32,45,77,3,33,14,6,7,112,219,791,1392,501,51,1010,148,26
10/10/2020,SHPR,Region,36,41,77,6,24,14,6,7,112,245,765,1392,501,47,1010,146,28
10/11/2020,SHPR,Region,33,44,77,5,21,15,6,7,112,267,743,1392,501,48,1010,142,32
10/12/2020,SHPR,Region,29,48,77,7,21,14,6,7,112,258,752,1392,501,59,1010,135,39
10/13/2020,SHPR,Region,19,58,77,8,28,11,6,7,112,225,792,1392,494,59,1017,136,38
10/14/2020,SHPR,Region,29,48,77,4,26,11,6,7,112,212,805,1392,494,56,1017,136,38
10/15/2020,SHPR,Region,32,45,77,5,21,13,6,7,112,210,806,1392,499,59,1016,141,33
10/16/2020,SHPR,Region,33,44,77,6,23,13,6,7,112,212,798,1392,501,57,1010,134,40
10/17/2020,SHPR,Region,37,40,77,4,23,13,6,7,112,248,762,1392,501,58,1010,137,37
10/18/2020,SHPR,Region,37,40,77,1,25,12,6,7,112,283,727,1392,501,49,1010,132,42
10/19/2020,SHPR,Region,36,41,77,4,17,13,6,7,112,271,739,1392,501,53,1010,136,38
10/20/2020,SHPR,Region,30,47,77,7,20,12,6,7,112,258,752,1392,501,54,1010,136,38
10/21/2020,SHPR,Region,28,49,77,12,35,14,6,7,112,222,788,1392,501,61,1010,135,39
10/22/2020,SHPR,Region,32,45,77,9,22,13,6,7,112,257,753,1392,501,61,1010,139,35
10/23/2020,SHPR,Region,33,44,77,2,29,14,6,7,112,229,781,1392,501,55,1010,143,31
10/24/2020,SHPR,Region,37,40,77,5,22,15,6,7,112,262,748,1392,501,55,1010,143,31
10/25/2020,SHPR,Region,37,40,77,3,23,15,6,7,112,287,723,1392,501,55,1010,140,34
10/26/2020,SHPR,Region,36,41,77,4,23,13,6,7,112,290,720,1392,501,52,1010,142,32
10/27/2020,SHPR,Region,38,39,77,4,27,11,6,7,112,276,734,1392,501,46,1010,144,30
10/28/2020,SHPR,Region,27,51,78,6,25,12,6,7,112,251,759,1392,500,41,1010,143,31
10/29/2020,SHPR,Region,31,46,77,4,30,14,6,7,112,243,767,1392,501,45,1010,141,33
10/30/2020,SHPR,Region,32,45,77,1,25,13,5,7,112,252,733,1392,494,40,985,137,33
10/31/2020,SHPR,Region,39,38,77,3,29,12,6,7,112,278,732,1392,501,38,1010,141,33
11/1/2020,SHPR,Region,40,31,71,0,20,8,6,7,112,299,649,1392,472,32,948,33,0
11/2/2020,SHPR,Region,39,38,77,3,21,12,6,7,112,303,707,1392,501,41,1010,50,0
11/3/2020,SHPR,Region,34,43,77,6,19,13,6,7,112,275,735,1392,501,46,1010,140,34
11/4/2020,SHPR,Region,37,40,77,5,29,11,6,7,112,253,757,1392,498,44,1010,139,35
11/5/2020,SHPR,Region,40,37,77,9,26,10,6,7,112,250,760,1392,500,47,1010,145,29
11/6/2020,SHPR,Region,39,38,77,4,27,9,6,7,112,261,749,1392,501,42,1010,143,31
11/7/2020,SHPR,Region,35,42,77,4,21,5,6,7,112,280,730,1392,501,42,1010,137,37
11/8/2020,SHPR,Region,39,38,77,2,19,5,6,7,112,293,717,1392,501,40,1010,142,32
11/9/2020,SHPR,Region,41,36,77,2,26,7,6,7,112,277,733,1392,501,44,1010,143,31
11/10/2020,SHPR,Region,43,34,77,5,23,4,6,7,112,217,780,1392,501,44,997,144,30
11/11/2020,SHPR,Region,37,41,78,6,26,9,6,7,112,217,780,1392,500,46,997,143,31
11/12/2020,SHPR,Region,39,52,91,4,27,7,6,7,112,231,780,1392,501,42,1011,143,31
11/13/2020,SHPR,Region,33,58,91,5,25,9,6,7,112,245,766,1392,501,40,1011,141,33
11/14/2020,SHPR,Region,39,52,91,4,28,7,6,7,112,248,763,1392,501,40,1011,149,25
11/15/2020,SHPR,Region,49,42,91,2,15,6,6,7,112,287,724,1392,501,41,1011,148,26
11/16/2020,SHPR,Region,45,46,91,5,21,7,6,7,112,279,732,1392,501,38,1011,146,28
11/17/2020,SHPR,Region,44,47,91,3,27,7,6,7,112,238,773,1392,501,40,1011,146,28
11/18/2020,SHPR,Region,46,45,91,6,15,5,6,7,112,219,805,1392,501,45,1024,145,29
4/6/2020,THPC,Region,270,318,588,,,,0,29,926,1981,2342,6070,298,62,4323,426,203
4/7/2020,THPC,Region,165,403,568,,,,0,29,926,1597,2372,6070,288,70,3969,350,170
4/8/2020,THPC,Region,198,388,586,,,,0,29,926,1615,2647,6070,362,76,4262,407,162
4/9/2020,THPC,Region,213,352,565,,,,0,29,926,1737,2566,6070,315,68,4303,376,181
4/10/2020,THPC,Region,207,270,477,,,,0,29,926,1301,1942,6070,364,49,3243,371,103
4/11/2020,THPC,Region,155,259,414,,,,0,29,926,1501,1529,6070,170,49,3030,323,105
4/12/2020,THPC,Region,223,318,541,,,,0,29,926,1546,2035,6070,192,66,3581,450,118
4/13/2020,THPC,Region,176,280,456,,,,0,29,926,1154,2021,6070,291,51,3175,356,124
4/14/2020,THPC,Region,233,395,628,,,,0,29,926,1845,2605,6070,417,74,4450,448,165
4/15/2020,THPC,Region,208,389,597,,,,0,29,926,1596,2589,6070,351,73,4185,426,159
4/16/2020,THPC,Region,209,351,560,,,,0,29,926,1694,2697,6070,384,69,4391,459,153
4/17/2020,THPC,Region,242,352,594,,,,0,29,926,1395,2649,6070,354,68,4044,474,156
4/18/2020,THPC,Region,265,330,595,,,,0,29,926,1626,2249,6070,219,116,3875,420,177
4/19/2020,THPC,Region,261,320,581,,,,0,29,926,2029,2176,6070,248,56,4205,428,160
4/20/2020,THPC,Region,267,316,583,,,,0,29,926,1864,2571,6070,399,43,4435,476,157
4/21/2020,THPC,Region,241,291,532,,,,0,29,926,1626,2453,6070,307,38,4079,465,121
4/22/2020,THPC,Region,262,310,572,,,,0,29,926,1316,2653,6070,384,83,3969,466,165
4/23/2020,THPC,Region,241,331,572,,,,0,29,926,1339,2785,6070,738,66,4124,488,148
4/24/2020,THPC,Region,147,296,443,,,,0,29,926,1167,2204,6070,708,54,3371,365,132
4/25/2020,THPC,Region,212,360,572,,,,0,29,926,1623,2265,6070,673,50,3888,445,149
4/26/2020,THPC,Region,235,373,608,,,,0,29,926,1879,2331,6070,683,75,4210,471,147
4/27/2020,THPC,Region,249,339,588,,,,0,29,926,1676,2646,6070,769,88,4322,502,146
4/28/2020,THPC,Region,242,348,590,,,,0,29,926,1362,2846,6070,821,91,4208,509,168
4/29/2020,THPC,Region,217,362,579,,,,0,29,926,1504,2737,6070,782,87,4241,532,176
4/30/2020,THPC,Region,213,372,585,,,,0,29,926,1614,2759,6070,798,85,4373,520,190
5/1/2020,THPC,Region,217,372,589,,,,0,29,926,1707,2592,6070,770,76,4299,584,176
5/2/2020,THPC,Region,268,365,633,,,,0,29,926,1680,2642,6070,750,83,4322,598,169
5/3/2020,THPC,Region,265,340,605,,,,0,29,926,1566,2610,6070,754,87,4176,606,172
5/4/2020,THPC,Region,241,351,592,,,,0,29,926,1451,2778,6070,798,87,4229,594,179
5/5/2020,THPC,Region,209,381,590,,,,0,29,926,1148,3107,6070,782,93,4255,645,129
5/6/2020,THPC,Region,224,359,583,,,,0,29,926,1175,3044,6070,782,90,4219,609,165
5/7/2020,THPC,Region,229,382,611,,,,0,29,926,1205,2920,6070,576,95,4125,601,166
5/8/2020,THPC,Region,220,375,595,,,,0,29,926,1483,2818,6070,609,91,4301,592,175
5/9/2020,THPC,Region,207,394,601,,,,0,29,926,1648,2564,6070,575,93,4212,582,174
5/10/2020,THPC,Region,316,388,704,,,,0,29,926,1827,2492,6070,466,95,4319,599,168
5/11/2020,THPC,Region,202,382,584,,,,0,29,926,1449,2734,6070,616,104,4183,468,182
5/12/2020,THPC,Region,242,384,626,,,,0,29,926,1335,2948,6070,622,112,4283,568,155
5/13/2020,THPC,Region,231,408,639,,,,0,29,926,1510,2834,6070,579,111,4344,511,180
5/14/2020,THPC,Region,193,409,602,,,,0,29,926,1579,2882,6070,743,111,4461,598,179
5/15/2020,THPC,Region,196,398,594,,,,0,29,926,1483,2843,6070,750,126,4326,588,184
5/16/2020,THPC,Region,196,393,589,,,,0,29,926,1526,2830,6070,515,120,4356,613,188
5/17/2020,THPC,Region,179,409,588,,,,0,29,926,1659,2564,6070,504,123,4223,581,197
5/18/2020,THPC,Region,156,414,570,,,,0,29,926,1327,2960,6070,579,132,4287,604,188
5/19/2020,THPC,Region,170,419,589,,,,0,29,926,1372,2987,6070,581,140,4359,586,192
5/20/2020,THPC,Region,159,433,592,,,,0,29,926,946,3313,6070,567,147,4259,581,202
5/21/2020,THPC,Region,153,420,573,,,,0,29,926,1293,3312,6070,577,160,4605,493,205
5/22/2020,THPC,Region,231,386,617,,,,0,29,926,1310,3104,6070,577,171,4414,481,191
5/23/2020,THPC,Region,181,395,576,,,,0,29,926,1255,2806,6070,504,169,4061,454,187
5/24/2020,THPC,Region,186,401,587,,,,0,29,926,1408,2720,6070,494,168,4128,577,182
5/25/2020,THPC,Region,149,365,514,,,,0,29,926,1170,2656,6070,544,159,3826,493,145
5/26/2020,THPC,Region,169,412,581,,,,0,29,926,1405,2940,6070,567,187,4345,476,199
5/27/2020,THPC,Region,123,453,576,,,,0,29,926,1066,3207,6070,550,188,4273,536,186
5/28/2020,THPC,Region,146,432,578,,,,0,29,926,1182,3119,6070,565,194,4301,577,190
5/29/2020,THPC,Region,192,402,594,,,,0,29,926,1157,3319,6070,535,171,4476,536,170
5/30/2020,THPC,Region,189,427,616,,,,0,29,926,1235,3143,6070,698,170,4378,573,173
5/31/2020,THPC,Region,199,405,604,,,,0,29,926,1318,2955,6070,693,184,4273,563,181
6/1/2020,THPC,Region,179,384,563,,,,0,29,926,1357,3024,6070,712,212,4381,560,160
6/2/2020,THPC,Region,153,449,602,,,,0,29,926,1427,3078,6070,602,187,4505,604,193
6/3/2020,THPC,Region,140,420,560,8,159,66,0,29,926,1029,3032,6070,535,176,4061,475,161
6/4/2020,THPC,Region,153,413,566,21,44,66,0,29,926,1185,2916,6070,529,184,4101,431,208
6/5/2020,THPC,Region,251,423,674,8,127,70,0,29,926,1043,3034,6070,522,193,4077,443,192
6/6/2020,THPC,Region,131,457,588,5,62,74,0,29,926,1192,2815,6070,519,185,4007,469,162
6/7/2020,THPC,Region,149,445,594,10,21,80,0,29,926,1193,2926,6070,519,184,4119,492,172
6/8/2020,THPC,Region,152,301,453,11,167,52,0,29,926,1098,2481,6070,390,147,3579,422,146
6/9/2020,THPC,Region,147,447,594,10,201,73,0,29,926,1224,3024,6070,596,188,4248,454,213
6/10/2020,THPC,Region,122,452,574,15,109,67,0,29,926,1115,3016,6070,560,189,4131,413,193
6/11/2020,THPC,Region,126,449,575,10,212,73,0,29,926,1329,2902,6070,591,178,4231,419,224
6/12/2020,THPC,Region,132,436,568,13,153,73,0,29,926,1273,2939,6070,589,192,4212,419,213
6/13/2020,THPC,Region,86,377,463,12,13,68,0,29,926,1038,2321,6070,519,179,3359,420,151
6/14/2020,THPC,Region,121,453,574,9,80,69,0,29,926,1335,2730,6070,538,184,4065,455,211
6/15/2020,THPC,Region,135,423,558,11,77,74,0,29,926,1304,2763,6070,554,196,4067,445,213
6/16/2020,THPC,Region,148,442,590,12,170,72,0,29,926,1069,3109,6070,618,199,4178,455,220
6/17/2020,THPC,Region,142,444,586,8,149,69,0,29,926,1020,3128,6070,587,198,4148,468,211
6/18/2020,THPC,Region,124,467,591,13,187,76,0,29,926,1101,3186,6070,593,203,4287,476,218
6/19/2020,THPC,Region,142,435,577,15,154,75,0,29,926,1262,2986,6070,597,216,4248,468,221
6/20/2020,THPC,Region,137,418,555,17,135,76,0,29,926,1119,3007,6070,520,215,4126,422,218
6/21/2020,THPC,Region,114,465,579,11,130,75,0,29,926,1185,2846,6070,526,203,4031,446,206
6/22/2020,THPC,Region,145,441,586,7,174,79,0,29,926,1149,3138,6070,599,197,4287,485,207
6/23/2020,THPC,Region,146,439,585,22,232,61,0,29,926,1257,3218,6070,589,198,4475,466,205
6/24/2020,THPC,Region,161,473,634,19,65,63,0,29,926,1309,3273,6070,543,193,4582,484,198
6/25/2020,THPC,Region,143,432,575,14,24,66,0,29,926,1416,3202,6070,521,203,4618,472,199
6/26/2020,THPC,Region,209,429,638,8,18,64,0,29,926,1492,3211,6070,545,194,4703,499,198
6/27/2020,THPC,Region,148,442,590,21,14,56,0,29,926,1530,3062,6070,468,198,4592,496,187
6/28/2020,THPC,Region,137,437,574,11,17,56,0,29,926,1524,2884,6070,478,194,4408,474,186
6/29/2020,THPC,Region,151,417,568,12,91,55,0,29,926,1581,2986,6070,553,206,4567,503,194
6/30/2020,THPC,Region,145,432,577,16,97,55,0,29,926,1379,3156,6070,515,189,4535,478,208
7/1/2020,THPC,Region,151,419,570,10,100,49,0,29,926,1370,3249,6070,555,197,4619,481,209
7/2/2020,THPC,Region,142,422,564,15,128,56,0,29,926,1531,3146,6070,555,196,4677,490,202
7/3/2020,THPC,Region,145,421,566,14,115,52,0,29,926,1451,3088,6070,526,195,4539,466,202
7/4/2020,THPC,Region,127,375,502,16,72,51,0,29,926,1326,3103,6070,465,196,4429,432,198
7/5/2020,THPC,Region,184,391,575,13,78,50,0,29,926,1431,3231,6070,470,215,4662,457,204
7/6/2020,THPC,Region,183,391,574,12,196,55,0,29,926,1466,2996,6070,517,215,4462,493,192
7/7/2020,THPC,Region,127,429,556,16,155,61,0,29,926,1276,3176,6070,526,216,4452,498,183
7/8/2020,THPC,Region,153,421,574,25,133,61,0,29,926,1192,3331,6070,545,225,4523,511,185
7/9/2020,THPC,Region,138,425,563,19,126,68,0,29,926,1051,3217,6070,527,235,4268,490,188
7/10/2020,THPC,Region,164,414,578,19,89,73,0,29,926,1091,3229,6070,553,249,4320,518,178
7/11/2020,THPC,Region,134,430,564,29,62,66,0,29,926,1299,3065,6070,472,252,4364,480,181
7/12/2020,THPC,Region,153,421,574,18,45,67,0,29,926,1027,2861,6070,462,231,3888,478,179
7/13/2020,THPC,Region,158,399,557,21,15,89,0,29,926,1525,3007,6070,516,252,4532,485,189
7/14/2020,THPC,Region,114,452,566,31,19,94,0,29,926,1381,3284,6070,544,283,4665,486,206
7/15/2020,THPC,Region,122,434,556,18,81,101,0,29,926,1249,3164,6070,513,262,4413,480,189
7/16/2020,THPC,Region,110,432,542,14,55,85,0,29,926,1152,3197,6070,514,256,4349,470,199
7/17/2020,THPC,Region,117,442,559,20,73,82,0,29,926,947,3228,6070,543,244,4175,482,200
7/18/2020,THPC,Region,115,469,584,22,25,71,0,29,926,1134,3204,6070,507,245,4338,477,202
7/19/2020,THPC,Region,134,433,567,19,15,79,0,29,926,1287,3049,6070,499,258,4336,475,205
7/20/2020,THPC,Region,141,415,556,26,84,74,0,29,926,1602,2735,6070,524,255,4337,459,206
7/21/2020,THPC,Region,158,423,581,37,65,89,0,29,926,1722,3235,6070,550,286,4957,469,222
7/22/2020,THPC,Region,159,422,581,35,56,91,0,29,926,1625,3349,6070,538,264,4974,465,224
7/23/2020,THPC,Region,157,410,567,25,51,87,0,29,926,1675,3305,6070,531,261,4980,463,215
7/24/2020,THPC,Region,148,434,582,19,75,85,0,29,926,1680,3316,6070,550,265,4996,484,208
7/25/2020,THPC,Region,161,397,558,24,54,74,0,29,926,1649,3099,6070,492,249,4748,428,202
7/26/2020,THPC,Region,194,376,570,20,39,74,0,29,926,1936,2881,6070,463,237,4817,475,193
7/27/2020,THPC,Region,194,384,578,21,57,83,0,29,926,1738,3235,6070,550,240,4973,487,212
7/28/2020,THPC,Region,144,446,590,32,22,82,0,29,926,1485,3447,6070,530,279,4932,464,229
7/29/2020,THPC,Region,138,421,559,28,69,80,0,29,926,1294,3287,6070,498,275,4581,433,221
7/30/2020,THPC,Region,144,418,562,20,55,79,0,29,926,1364,3474,6070,502,254,4838,469,201
7/31/2020,THPC,Region,142,438,580,22,40,76,0,29,926,1506,3350,6070,509,260,4856,474,207
8/1/2020,THPC,Region,170,399,569,28,43,80,0,29,926,1653,3156,6070,504,251,4809,493,188
8/2/2020,THPC,Region,156,362,518,12,26,62,0,29,926,1557,2913,6070,469,174,4470,469,170
8/3/2020,THPC,Region,186,407,593,14,49,74,0,29,926,1676,3216,6070,538,226,4892,500,194
8/4/2020,THPC,Region,169,410,579,33,47,82,0,29,926,1618,3228,6070,509,235,4846,480,199
8/5/2020,THPC,Region,199,394,593,32,61,87,0,29,926,1529,3392,6070,531,242,4921,492,204
8/6/2020,THPC,Region,177,390,567,23,46,89,0,29,926,1515,3258,6070,502,259,4773,464,201
8/7/2020,THPC,Region,180,407,587,25,39,88,0,29,926,1776,3163,6070,538,257,4939,499,192
8/8/2020,THPC,Region,173,397,570,33,39,84,0,29,926,1563,3108,6070,442,251,4671,444,196
8/9/2020,THPC,Region,178,399,577,17,29,85,0,29,926,1833,2949,6070,501,249,4782,470,205
8/10/2020,THPC,Region,162,413,575,22,30,93,0,29,926,1614,3200,6070,530,260,4814,477,216
8/11/2020,THPC,Region,159,412,571,23,57,82,0,29,926,1531,3309,6070,513,231,4840,455,225
8/12/2020,THPC,Region,153,427,580,40,38,80,0,29,926,1486,3397,6070,522,233,4883,476,225
8/13/2020,THPC,Region,143,436,579,19,28,83,0,29,926,1436,3415,6070,513,226,4851,462,220
8/14/2020,THPC,Region,145,431,576,28,27,84,0,29,926,1422,3377,6070,523,239,4799,467,217
8/15/2020,THPC,Region,146,415,561,26,21,84,0,29,926,1423,3247,6070,477,251,4670,443,228
8/16/2020,THPC,Region,160,391,551,27,12,79,0,29,926,1344,3079,6070,455,235,4423,455,202
8/17/2020,THPC,Region,139,361,500,26,21,85,0,29,926,1685,2967,6070,567,245,4652,457,234
8/18/2020,THPC,Region,152,420,572,21,29,78,0,29,926,1669,3601,6070,538,248,5270,492,235
8/19/2020,THPC,Region,122,463,585,29,27,72,0,29,926,1667,3688,6070,555,260,5355,492,246
8/20/2020,THPC,Region,141,429,570,21,22,71,0,29,926,1692,3620,6070,530,250,5312,472,256
8/21/2020,THPC,Region,142,417,559,51,14,67,0,29,926,1737,3454,6070,708,261,5191,467,263
8/22/2020,THPC,Region,136,384,520,26,25,62,0,29,926,1702,3102,6070,640,222,4804,441,252
8/23/2020,THPC,Region,129,417,546,36,25,73,0,29,926,1773,3291,6070,665,255,5064,476,244
8/24/2020,THPC,Region,133,428,561,26,21,68,0,29,926,1780,3479,6070,728,263,5259,488,257
8/25/2020,THPC,Region,130,436,566,26,27,70,0,29,926,1636,3665,6070,747,255,5301,482,266
8/26/2020,THPC,Region,134,424,558,32,27,69,23,29,926,1617,3612,6070,724,250,5229,493,239
8/27/2020,THPC,Region,144,422,566,27,29,65,24,29,926,1691,3602,6070,747,235,5293,512,236
8/28/2020,THPC,Region,145,429,574,28,23,60,24,29,926,1677,3612,6070,731,232,5289,484,260
8/29/2020,THPC,Region,150,407,557,24,26,59,24,29,926,1780,3463,6070,740,212,5243,498,243
8/30/2020,THPC,Region,167,384,551,24,24,58,23,29,926,1871,3302,6070,696,219,5173,473,256
8/31/2020,THPC,Region,155,407,562,23,35,62,24,29,926,1936,3315,6070,740,208,5251,503,245
9/1/2020,THPC,Region,137,411,548,24,18,63,21,29,926,1656,3371,6070,652,195,5027,437,249
9/2/2020,THPC,Region,130,420,550,23,26,68,21,29,926,1618,3462,6070,776,194,5080,452,238
9/3/2020,THPC,Region,141,410,551,18,15,58,23,29,926,1659,3358,6070,686,187,5017,461,229
9/4/2020,THPC,Region,127,414,541,19,22,58,26,29,926,1677,3331,6070,684,189,5008,447,242
9/5/2020,THPC,Region,126,408,534,23,21,60,26,29,926,1758,3198,6070,684,198,4956,461,256
9/6/2020,THPC,Region,127,407,534,14,13,66,26,29,926,1849,3108,6070,676,189,4957,485,232
9/7/2020,THPC,Region,123,405,528,17,15,65,25,29,926,1820,3065,6070,663,187,4885,460,243
9/8/2020,THPC,Region,124,421,545,14,11,65,27,29,926,1795,3235,6070,680,174,5030,487,232
9/9/2020,THPC,Region,130,414,544,18,11,65,28,29,926,1665,3400,6070,749,179,5065,485,245
9/10/2020,THPC,Region,101,443,544,18,15,64,28,29,926,1601,3459,6070,759,193,5060,479,251
9/11/2020,THPC,Region,107,437,544,17,14,57,28,29,926,1629,3407,6070,779,185,5036,479,251
9/12/2020,THPC,Region,118,412,530,12,16,51,27,29,926,1567,3290,6070,720,167,4857,398,175
9/13/2020,THPC,Region,124,410,534,15,7,62,27,29,926,1737,3211,6070,714,175,4948,476,243
9/14/2020,THPC,Region,121,410,531,10,8,65,28,29,926,1725,3307,6070,759,179,5032,454,274
9/15/2020,THPC,Region,109,443,552,22,18,67,29,29,926,1659,3546,6070,808,200,5205,467,276
9/16/2020,THPC,Region,115,438,553,20,13,70,29,29,926,1624,3580,6070,813,194,5204,475,268
9/17/2020,THPC,Region,122,428,550,15,28,62,28,29,926,1594,3604,6070,808,181,5198,474,267
9/18/2020,THPC,Region,125,436,561,17,25,66,29,29,926,1661,3524,6070,816,186,5185,470,273
9/19/2020,THPC,Region,129,422,551,21,14,65,29,29,926,1714,3436,6070,811,184,5150,481,262
9/20/2020,THPC,Region,134,415,549,11,15,63,29,29,926,1808,3342,6070,812,172,5150,489,254
9/21/2020,THPC,Region,134,420,554,11,10,69,29,29,926,1760,3424,6070,812,172,5184,481,262
9/22/2020,THPC,Region,133,426,559,20,10,70,29,29,926,1635,3567,6070,805,196,5202,478,265
9/23/2020,THPC,Region,125,438,563,16,13,63,29,29,926,1592,3630,6070,795,209,5222,530,213
9/24/2020,THPC,Region,132,430,562,15,17,73,29,29,926,1607,3615,6070,790,207,5222,524,219
9/25/2020,THPC,Region,123,438,561,19,12,68,29,29,926,1622,3602,6070,788,220,5224,521,222
9/26/2020,THPC,Region,124,427,551,21,15,69,29,29,926,1676,3504,6070,786,213,5180,514,229
9/27/2020,THPC,Region,112,439,551,8,12,71,29,29,926,1802,3373,6070,793,201,5175,511,232
9/28/2020,THPC,Region,128,437,565,30,17,66,29,29,926,1795,3435,6070,787,205,5230,528,215
9/29/2020,THPC,Region,121,443,564,40,16,65,29,29,926,1598,3630,6070,792,212,5228,525,218
9/30/2020,THPC,Region,99,461,560,32,20,71,29,29,926,1532,3707,6070,789,214,5239,537,206
10/1/2020,THPC,Region,120,447,567,24,27,65,29,29,926,1594,3652,6070,794,219,5246,548,195
10/2/2020,THPC,Region,121,441,562,37,20,67,29,29,926,1640,3594,6070,799,213,5234,551,192
10/3/2020,THPC,Region,134,398,532,33,25,62,27,29,926,1720,3246,6070,715,210,4966,522,191
10/4/2020,THPC,Region,127,426,553,35,25,67,29,29,926,1853,3328,6070,783,254,5181,556,187
10/5/2020,THPC,Region,116,438,554,38,11,73,29,29,926,1785,3451,6070,786,258,5236,545,201
10/6/2020,THPC,Region,114,447,561,40,34,74,29,29,926,1722,3558,6070,785,256,5280,536,207
10/7/2020,THPC,Region,116,452,568,34,29,76,29,29,926,1593,3692,6070,788,250,5285,539,204
10/8/2020,THPC,Region,113,455,568,49,22,73,29,29,926,1608,3676,6070,772,268,5284,542,197
10/9/2020,THPC,Region,104,460,564,32,27,67,29,29,926,1639,3619,6070,779,257,5258,540,199
10/10/2020,THPC,Region,96,447,543,44,24,71,29,29,926,1728,3446,6070,789,246,5174,538,201
10/11/2020,THPC,Region,115,428,543,30,32,72,29,29,926,1776,3402,6070,788,245,5178,545,194
10/12/2020,THPC,Region,124,430,554,31,24,75,29,29,926,1732,3498,6070,790,233,5230,542,204
10/13/2020,THPC,Region,106,456,562,48,23,75,29,29,926,1594,3655,6070,795,240,5249,537,209
10/14/2020,THPC,Region,100,467,567,43,23,77,29,29,926,1523,3741,6070,792,240,5264,533,213
10/15/2020,THPC,Region,95,467,562,39,18,75,29,29,926,1519,3736,6070,785,236,5255,529,217
10/16/2020,THPC,Region,94,472,566,39,21,83,29,29,926,1586,3663,6070,783,237,5249,520,226
10/17/2020,THPC,Region,107,449,556,27,22,82,29,29,926,1671,3545,6070,786,243,5216,540,206
10/18/2020,THPC,Region,91,462,553,50,38,84,29,29,926,1681,3520,6070,791,255,5201,534,212
10/19/2020,THPC,Region,107,447,554,39,30,93,29,29,926,1616,3605,6070,787,268,5221,534,213
10/20/2020,THPC,Region,89,459,548,52,27,96,29,29,926,1491,3765,6070,785,265,5256,539,208
10/21/2020,THPC,Region,93,465,558,52,23,102,29,29,926,1436,3831,6070,786,276,5267,534,213
10/22/2020,THPC,Region,103,464,567,55,28,99,29,29,926,1544,3730,6070,775,281,5274,530,217
10/23/2020,THPC,Region,108,453,561,54,22,101,29,29,926,1597,3648,6070,775,303,5245,537,210
10/24/2020,THPC,Region,115,438,553,66,25,95,29,29,926,1680,3536,6070,797,295,5216,541,206
10/25/2020,THPC,Region,97,443,540,37,26,94,28,29,926,1631,3472,6070,790,313,5103,530,210
10/26/2020,THPC,Region,116,446,562,44,24,102,29,29,926,1661,3593,6070,772,325,5254,529,218
10/27/2020,THPC,Region,108,443,551,46,29,102,28,29,926,1588,3519,6070,725,309,5107,391,141
10/28/2020,THPC,Region,105,462,567,41,23,109,29,29,926,1577,3677,6070,772,287,5254,525,223
10/29/2020,THPC,Region,109,460,569,55,20,108,29,29,926,1551,3691,6070,772,309,5242,518,228
10/30/2020,THPC,Region,112,463,575,58,26,111,29,29,926,1599,3607,6070,771,328,5206,517,229
10/31/2020,THPC,Region,113,437,550,48,13,102,28,29,926,1678,3334,6070,735,313,5012,508,223
11/1/2020,THPC,Region,121,442,563,33,19,107,29,29,926,1775,3384,6070,782,311,5159,526,220
11/2/2020,THPC,Region,139,434,573,46,17,106,29,29,926,1703,3532,6070,773,333,5235,528,218
11/3/2020,THPC,Region,108,469,577,40,29,101,29,29,926,1608,3642,6070,771,327,5250,514,233
11/4/2020,THPC,Region,111,466,577,40,18,100,29,29,926,1603,3649,6070,780,333,5252,515,232
11/5/2020,THPC,Region,96,451,547,50,19,96,27,29,926,1597,3489,6070,729,312,5086,506,224
11/6/2020,THPC,Region,104,462,566,48,27,103,29,29,926,1702,3545,6070,781,334,5247,535,208
11/7/2020,THPC,Region,120,439,559,57,28,97,29,29,926,1761,3458,6070,777,336,5219,531,217
11/8/2020,THPC,Region,96,463,559,51,35,99,29,29,926,1773,3444,6070,767,346,5217,537,211
11/9/2020,THPC,Region,106,460,566,61,27,107,29,29,926,1669,3599,6070,759,369,5268,528,220
11/10/2020,THPC,Region,105,462,567,66,21,102,29,29,926,1530,3759,6070,763,394,5289,567,210
11/11/2020,THPC,Region,102,464,566,57,37,112,29,29,926,1534,3746,6070,768,400,5280,561,216
11/12/2020,THPC,Region,98,466,564,69,13,103,29,29,926,1487,3782,6070,772,398,5269,564,213
11/13/2020,THPC,Region,89,472,561,63,24,98,29,29,926,1585,3661,6070,768,385,5246,568,209
11/14/2020,THPC,Region,120,445,565,69,23,99,29,29,926,1703,3514,6070,757,397,5217,575,202
11/15/2020,THPC,Region,134,432,566,45,17,105,29,29,926,1797,3400,6070,767,387,5197,570,207
11/16/2020,THPC,Region,116,452,568,61,18,115,28,29,926,1698,3525,6070,767,413,5223,564,212
11/17/2020,THPC,Region,96,483,579,86,29,120,29,29,926,1562,3719,6070,755,436,5281,556,222
11/18/2020,THPC,Region,103,449,552,72,30,125,29,29,926,2201,2459,6070,761,440,4660,556,222
