Date,Region or State,Coalition,Adult ICU Empty ,Adult ICU Full,Adult Intensive Care Unit Staffed Bed Capacity,at_admission_confirmed_covid19_patients_in_24_hrs,at_admission_suspected_covid19_patients_in_24_hrs,full_adult_icu_covid19_positive_patients,ICU Licensed Beds,Inpatient Empty Beds (all types),Inpatient Full (all bed types),Licensed Inpatient Beds,Number of COVID-19 Positive Patients In Hospital,TOTAL Staffed Inpatient Capacity (all bed types),Ventilator available,Ventilator used (not specific to COVID-19)
11/29/2020,State,THPC,116,439,555,78,17,139,926,1753,3387,6070,555,5140,536,242
12/13/2020,State,MHPC,70,369,439,74,69,145,687,1231,3528,4815,619,4759,590,272
7/11/2020,State,MCRHC,83,379,462,17,108,53,468,626,2048,3301,144,2674,458,136
10/28/2020,State,DHPC,48,146,194,11,6,14,424,308,1471,2640,82,1779,148,94
4/26/2020,State,MAHPC,61,81,142,,,,247,284,669,1979,6,953,153,32
4/17/2020,State,MAHPC,73,88,161,,,,247,524,656,1979,6,1180,167,30
6/4/2020,State,MHPC,59,391,450,11,152,57,687,731,3411,4815,152,4142,503,236
11/22/2020,State,EHPC,88,140,228,31,24,40,420,847,2039,3851,211,2886,334,147
8/24/2020,State,SHPR,43,28,71,2,25,3,112,324,617,1392,26,941,129,28
9/23/2020,State,THPC,125,438,563,16,13,63,926,1592,3630,6070,209,5222,530,213
11/8/2020,State,DHPC,46,141,187,7,3,23,424,360,1392,2640,77,1752,170,72
9/1/2020,State,SHPR,36,35,71,2,27,4,112,251,697,1392,30,948,103,54
11/22/2020,State,DHPC,22,167,189,14,5,26,424,413,1348,2640,114,1761,172,70
4/24/2020,State,DHPC,55,140,195,,,,424,674,1238,2640,61,1912,263,101
4/26/2020,State,CapRAC,93,131,224,,,,203,620,1344,1418,73,1964,285,53
7/20/2020,State,MAHPC,72,104,176,3,43,11,247,523,853,1979,41,1376,132,47
7/2/2020,State,DHPC,46,186,232,8,4,33,424,443,1608,2640,108,2051,185,86
11/5/2020,State,CapRAC,38,131,169,4,15,17,203,206,867,1418,66,1073,160,40
9/21/2020,State,THPC,134,420,554,11,10,69,926,1760,3424,6070,172,5184,481,262
9/13/2020,State,MHPC,107,314,421,26,69,66,687,1214,3160,4815,200,4374,503,216
7/31/2020,State,CapRAC,40,129,169,9,25,42,203,376,782,1418,100,1158,151,51
8/10/2020,State,CapRAC,34,135,169,1,26,27,203,361,809,1418,86,1170,157,45
7/3/2020,State,SHPR,16,53,69,5,1,10,112,121,834,1392,43,955,133,37
9/3/2020,State,DHPC,18,152,170,43,41,23,424,346,1459,2640,79,1805,147,91
6/3/2020,State,CapRAC,65,159,224,21,10,37,203,463,1539,1418,80,2002,243,85
7/19/2020,State,SHPR,26,51,77,3,2,14,112,328,659,1392,60,987,139,29
4/11/2020,State,DHPC,46,117,163,,,,424,580,959,2640,34,1539,239,83
8/29/2020,State,MHPC,96,336,432,27,134,62,687,1268,3418,4815,243,4686,572,208
7/4/2020,State,THPC,127,375,502,16,72,51,926,1326,3103,6070,196,4429,432,198
5/25/2020,State,MAHPC,57,70,127,,,,247,264,687,1979,12,951,137,34
5/31/2020,State,EHPC,-1,240,239,,,,420,535,1393,3851,90,1928,288,104
12/1/2020,State,MCRHC,78,394,472,33,54,62,468,570,2197,3301,237,2767,474,125
10/16/2020,State,MAHPC,54,125,179,9,29,20,247,464,1028,1979,60,1492,142,47
11/16/2020,State,MHPC,76,351,427,40,133,86,687,1197,3454,4815,363,4651,571,248
5/20/2020,State,DHPC,37,155,192,,,,424,366,1548,2640,71,1914,311,96
4/6/2020,State,MAHPC,74,82,156,,,,247,561,682,1979,7,1243,173,34
6/18/2020,State,MCRHC,95,262,357,8,73,45,468,288,2450,3301,95,2738,288,122
10/21/2020,State,MCRHC,76,394,470,14,44,32,468,557,2164,3301,120,2721,478,116
10/12/2020,State,CapRAC,28,141,169,3,22,25,203,167,906,1418,59,1073,163,37
8/16/2020,State,MAHPC,65,83,148,3,33,9,247,411,716,1979,45,1127,116,37
8/30/2020,State,THPC,167,384,551,24,24,58,926,1871,3302,6070,219,5173,473,256
11/3/2020,State,EHPC,77,223,300,28,43,40,420,755,2158,3851,179,2913,330,151
8/15/2020,State,SHPR,29,48,77,1,21,9,112,272,680,1392,29,952,135,35
6/30/2020,State,DHPC,26,152,178,12,5,36,424,404,1359,2640,103,1763,147,84
10/24/2020,State,THPC,115,438,553,66,25,95,926,1680,3536,6070,295,5216,541,206
6/7/2020,State,SHPR,14,52,66,2,1,12,112,205,735,1392,24,940,134,33
10/8/2020,State,THPC,113,455,568,49,22,73,926,1608,3676,6070,268,5284,542,197
5/20/2020,State,MCRHC,117,242,359,,,,468,389,2276,3301,86,2665,319,100
12/14/2020,State,CapRAC,15,154,169,16,32,46,203,174,969,1418,206,1143,143,57
7/12/2020,State,MCRHC,84,378,462,6,16,56,468,655,1982,3301,147,2637,458,136
4/8/2020,State,EHPC,97,168,265,,,,420,1013,1346,3851,56,2359,327,113
5/10/2020,State,MCRHC,117,242,359,,,,468,727,2063,3301,79,2790,333,92
10/29/2020,State,CapRAC,26,143,169,5,19,25,203,158,917,1418,81,1075,166,34
6/24/2020,State,CapRAC,48,209,257,22,11,56,203,440,1586,1418,160,2026,247,98
4/12/2020,State,CapRAC,85,137,222,,,,203,773,1176,1418,73,1949,277,63
7/17/2020,State,DHPC,26,183,209,19,4,46,424,385,1639,2640,129,2024,189,81
10/20/2020,State,MAHPC,71,108,179,13,37,14,247,505,982,1979,53,1487,140,49
5/7/2020,State,SHPR,28,44,72,,,,112,221,744,1392,16,965,138,32
8/18/2020,State,DHPC,30,143,173,7,18,21,424,335,1446,2640,68,1781,164,77
11/1/2020,State,MCRHC,105,366,471,14,36,39,468,725,1993,3301,139,2718,438,120
5/9/2020,State,DHPC,21,154,175,,,,424,448,1362,2640,75,1810,308,84
11/21/2020,State,MAHPC,64,115,179,13,34,17,247,478,1016,1979,60,1494,137,52
10/20/2020,State,EHPC,55,247,302,26,18,56,420,632,2295,3851,251,2927,335,132
4/25/2020,State,CapRAC,90,134,224,,,,203,517,1364,1418,80,1881,282,58
10/18/2020,State,MCRHC,96,374,470,19,47,30,468,719,2007,3301,126,2726,463,131
9/30/2020,State,SHPR,41,36,77,5,39,6,112,251,765,1392,24,1016,140,30
4/24/2020,State,EHPC,88,179,267,,,,420,902,1310,3851,68,2212,342,99
11/9/2020,State,CapRAC,30,139,169,5,19,20,203,208,868,1418,72,1076,165,35
7/15/2020,State,MHPC,45,373,418,41,114,68,687,623,3441,4815,312,4064,549,220
6/14/2020,State,SHPR,15,44,59,2,0,12,112,147,705,1392,28,852,113,37
9/15/2020,State,MHPC,90,337,427,25,83,64,687,1161,3265,4815,214,4426,533,232
7/26/2020,State,DHPC,17,145,162,9,8,29,424,436,1263,2640,123,1699,160,73
12/6/2020,State,MHPC,71,358,429,65,109,116,687,1032,3620,4815,553,4652,573,284
10/11/2020,State,CapRAC,27,142,169,2,29,24,203,177,896,1418,59,1073,160,40
12/10/2020,State,CapRAC,28,141,169,17,30,48,203,164,979,1418,191,1143,153,47
4/10/2020,State,CapRAC,9,31,40,,,,203,74,129,1418,14,203,23,11
5/8/2020,State,THPC,220,375,595,,,,926,1483,2818,6070,91,4301,592,175
5/29/2020,State,EHPC,90,186,276,,,,420,745,1593,3851,96,2338,352,115
5/25/2020,State,EHPC,103,149,252,,,,420,742,1345,3851,98,2087,329,102
9/27/2020,State,SHPR,43,34,77,2,18,6,112,331,685,1392,23,1016,142,28
6/23/2020,State,MHPC,109,352,461,20,115,57,687,772,3298,4815,220,4070,547,210
7/3/2020,State,MHPC,55,386,441,28,91,71,687,725,3344,4815,286,4069,563,183
6/13/2020,State,EHPC,82,169,251,8,18,27,420,670,1518,3851,87,2188,334,90
6/25/2020,State,MHPC,78,383,461,19,90,49,687,686,3376,4815,226,4062,541,208
4/18/2020,State,MHPC,214,369,583,,,,687,1551,2416,4815,125,3967,574,146
12/14/2020,State,EHPC,78,230,308,41,18,71,420,753,2194,3851,354,2947,340,162
4/21/2020,State,CapRAC,74,150,224,,,,203,444,1520,1418,80,1964,279,61
5/1/2020,State,SHPR,27,42,69,,,,112,335,612,1392,15,947,136,28
12/5/2020,State,DHPC,14,173,187,22,3,38,424,321,1419,2640,148,1740,125,90
11/29/2020,State,EHPC,84,219,303,32,22,57,420,853,2087,3851,273,2940,337,145
11/14/2020,State,MHPC,98,329,427,54,122,89,687,1218,3420,4815,344,4638,562,257
5/13/2020,State,MHPC,140,290,430,,,,687,1173,2922,4815,87,4095,566,175
6/8/2020,State,CapRAC,51,173,224,10,5,47,203,556,1422,1418,108,1978,252,76
10/4/2020,State,DHPC,21,118,139,14,4,18,424,376,1356,2640,84,1732,166,76
4/26/2020,State,EHPC,104,182,286,,,,420,952,1437,3851,85,2389,331,109
11/11/2020,State,DHPC,38,151,189,11,4,22,424,247,1542,2640,86,1789,153,89
9/24/2020,State,MAHPC,59,111,170,7,67,19,247,436,958,1979,43,1394,128,47
8/3/2020,State,CapRAC,48,121,169,8,17,35,203,356,802,1418,99,1158,151,49
5/5/2020,State,MHPC,145,304,449,,,,687,1295,2847,4815,110,4142,600,160
11/14/2020,State,SHPR,39,52,91,4,28,7,112,248,763,1392,40,1011,149,25
11/17/2020,State,DHPC,25,163,188,16,9,30,424,253,1537,2640,118,1790,159,83
5/29/2020,State,MHPC,59,480,539,,,,687,900,3258,4815,131,4158,588,174
7/16/2020,State,MAHPC,68,93,161,6,54,13,247,503,775,1979,37,1278,117,43
11/27/2020,State,DHPC,19,171,190,16,2,31,424,496,1257,2640,130,1753,161,81
6/14/2020,State,DHPC,27,149,176,11,11,37,424,336,1451,2640,104,1787,290,103
8/7/2020,State,THPC,180,407,587,25,39,88,926,1776,3163,6070,257,4939,499,192
7/20/2020,State,CapRAC,49,206,255,14,17,51,203,523,1493,1418,187,2016,278,67
8/5/2020,State,SHPR,23,54,77,2,5,12,112,312,669,1392,43,981,137,33
4/15/2020,State,MHPC,240,343,583,,,,687,1474,2400,4815,116,3874,482,126
11/28/2020,State,MAHPC,74,105,179,11,29,15,247,545,949,1979,78,1494,139,50
7/25/2020,State,EHPC,58,217,275,16,35,38,420,771,1870,3851,118,2641,300,137
5/22/2020,State,THPC,231,386,617,,,,926,1310,3104,6070,171,4414,481,191
6/16/2020,State,CapRAC,31,193,224,18,8,56,203,390,1607,1418,134,1997,221,107
10/30/2020,State,SHPR,32,45,77,1,25,13,112,252,733,1392,40,985,137,33
9/25/2020,State,EHPC,73,228,301,19,59,60,420,777,2150,3851,204,2927,296,108
11/5/2020,State,DHPC,38,154,192,14,9,20,424,286,1490,2640,85,1776,156,86
7/17/2020,State,MAHPC,59,102,161,4,55,15,247,493,780,1979,41,1273,115,47
9/22/2020,State,DHPC,12,157,169,35,8,17,424,279,1478,2640,65,1757,153,85
7/10/2020,State,DHPC,20,163,183,15,7,33,424,314,1457,2640,106,1771,145,92
4/22/2020,State,MHPC,236,347,583,,,,687,1452,2508,4815,124,3960,478,131
7/28/2020,State,MCRHC,98,360,458,15,113,40,468,640,2067,3301,157,2707,466,128
11/2/2020,State,THPC,139,434,573,46,17,106,926,1703,3532,6070,333,5235,528,218
8/1/2020,State,EHPC,60,193,253,19,24,32,420,546,1779,3851,126,2325,294,113
8/12/2020,State,CapRAC,47,122,169,5,31,24,203,339,814,1418,76,1153,158,44
9/14/2020,State,MCRHC,103,359,462,11,87,37,468,604,2036,3301,117,2640,452,132
10/11/2020,State,MHPC,80,347,427,35,85,66,687,1167,3505,4815,248,4672,584,239
4/19/2020,State,THPC,261,320,581,,,,926,2029,2176,6070,56,4205,428,160
11/1/2020,State,DHPC,38,150,188,12,9,16,424,367,1361,2640,81,1728,161,81
5/31/2020,State,MCRHC,53,225,278,,,,468,381,1713,3301,62,2094,233,95
5/14/2020,State,DHPC,45,172,217,,,,424,560,1634,2640,80,2194,335,97
7/19/2020,State,MCRHC,108,350,458,10,83,43,468,700,1995,3301,123,2695,470,123
11/12/2020,State,CapRAC,32,137,169,3,18,30,203,153,930,1418,92,1083,162,38
12/16/2020,State,MAHPC,79,146,225,21,45,44,247,482,1042,1979,153,1524,111,78
4/6/2020,State,CapRAC,74,150,224,,,,203,712,1254,1418,50,1966,263,75
7/8/2020,State,THPC,153,421,574,25,133,61,926,1192,3331,6070,225,4523,511,185
5/19/2020,State,THPC,170,419,589,,,,926,1372,2987,6070,140,4359,586,192
9/9/2020,State,MAHPC,97,67,164,2,53,13,247,521,754,1979,44,1275,129,39
8/20/2020,State,MHPC,80,357,437,33,106,78,687,1233,3531,4815,273,4764,568,214
10/28/2020,State,THPC,105,462,567,41,23,109,926,1577,3677,6070,287,5254,525,223
4/26/2020,State,DHPC,33,130,163,,,,424,502,1058,2640,50,1560,224,104
12/2/2020,State,THPC,94,469,563,81,27,146,926,1502,3767,6070,557,5269,541,243
7/22/2020,State,EHPC,71,200,271,15,32,35,420,635,1832,3851,118,2467,313,126
4/13/2020,State,EHPC,112,186,298,,,,420,1287,1547,3851,75,2834,331,126
11/1/2020,State,THPC,121,442,563,33,19,107,926,1775,3384,6070,311,5159,526,220
10/26/2020,State,EHPC,73,229,302,24,19,53,420,781,2146,3851,207,2927,330,153
10/5/2020,State,MHPC,77,350,427,30,99,68,687,1197,3504,4815,223,4701,566,251
4/27/2020,State,CapRAC,-14,238,224,,,,203,772,1194,1418,78,1966,291,49
7/24/2020,State,DHPC,32,176,208,15,4,35,424,412,1604,2640,127,2016,190,81
5/26/2020,State,MHPC,110,320,430,,,,687,1133,3005,4815,136,4138,565,204
9/9/2020,State,THPC,130,414,544,18,11,65,926,1665,3400,6070,179,5065,485,245
6/22/2020,State,MCRHC,100,257,357,15,60,42,468,370,2365,3301,105,2735,298,112
6/18/2020,State,MAHPC,32,96,128,1,35,11,247,226,917,1979,24,1143,150,43
5/19/2020,State,SHPR,15,57,72,,,,112,138,827,1392,23,965,133,37
7/15/2020,State,MCRHC,85,377,462,20,131,57,468,645,2056,3301,132,2701,458,135
6/25/2020,State,SHPR,15,54,69,1,4,12,112,89,876,1392,38,965,131,39
9/20/2020,State,SHPR,36,41,77,1,28,5,112,324,692,1392,28,1016,140,30
5/24/2020,State,MAHPC,50,77,127,,,,247,228,730,1979,15,958,141,33
5/2/2020,State,EHPC,42,221,263,,,,420,787,1390,3851,75,2177,337,106
10/3/2020,State,CapRAC,43,126,169,1,21,23,203,235,848,1418,35,1083,163,37
5/24/2020,State,MHPC,120,467,587,,,,687,1092,2971,4815,111,4063,510,207
10/29/2020,State,DHPC,46,143,189,17,6,16,424,252,1527,2640,78,1779,150,92
12/10/2020,State,SHPR,42,49,91,8,28,11,112,225,792,1392,86,1017,154,20
9/4/2020,State,SHPR,42,35,77,3,20,8,112,254,765,1392,35,1019,140,30
10/20/2020,State,SHPR,30,47,77,7,20,12,112,258,752,1392,54,1010,136,38
5/31/2020,State,THPC,199,405,604,,,,926,1318,2955,6070,184,4273,563,181
9/6/2020,State,THPC,127,407,534,14,13,66,926,1849,3108,6070,189,4957,485,232
8/21/2020,State,MHPC,102,330,432,26,93,68,687,1234,3532,4815,256,4766,577,205
12/2/2020,State,MHPC,58,370,428,55,123,106,687,929,3715,4815,499,4644,583,274
9/2/2020,State,DHPC,18,151,169,37,39,25,424,341,1466,2640,90,1807,155,83
12/8/2020,State,THPC,73,496,569,105,24,169,926,1408,3758,6070,699,5166,535,249
9/22/2020,State,MAHPC,59,120,179,0,40,20,247,477,1029,1979,33,1506,138,51
5/8/2020,State,CapRAC,41,183,224,,,,203,551,1428,1418,77,1979,270,58
10/10/2020,State,CapRAC,43,126,169,7,19,16,203,192,893,1418,52,1085,165,35
5/7/2020,State,EHPC,127,152,279,,,,420,874,1453,3851,78,2327,378,100
8/13/2020,State,MCRHC,78,368,446,12,110,38,468,526,2092,3301,137,2618,460,124
8/10/2020,State,DHPC,17,149,166,8,17,20,424,370,1374,2640,80,1744,162,79
5/30/2020,State,MAHPC,42,94,136,,,,247,182,791,1979,18,973,138,38
10/10/2020,State,SHPR,36,41,77,6,24,14,112,245,765,1392,47,1010,146,28
10/4/2020,State,THPC,127,426,553,35,25,67,926,1853,3328,6070,254,5181,556,187
8/5/2020,State,DHPC,39,179,218,6,15,20,424,393,1649,2640,97,2042,198,75
4/25/2020,State,SHPR,28,36,64,,,,112,292,613,1392,15,905,182,20
4/20/2020,State,MHPC,241,350,591,,,,687,1536,2471,4815,127,4007,477,139
7/23/2020,State,EHPC,62,208,270,9,27,35,420,653,1866,3851,120,2519,312,127
8/24/2020,State,MCRHC,81,365,446,9,95,42,468,620,1990,3301,138,2610,457,127
5/24/2020,State,CapRAC,69,155,224,,,,203,588,1390,1418,62,1978,251,77
5/9/2020,State,MAHPC,73,71,144,,,,247,322,766,1979,4,1088,158,26
10/15/2020,State,THPC,95,467,562,39,18,75,926,1519,3736,6070,236,5255,529,217
12/12/2020,State,MCRHC,69,400,469,43,60,70,468,613,2143,3301,281,2756,443,156
5/13/2020,State,MCRHC,115,244,359,,,,468,663,2086,3301,87,2749,326,98
4/7/2020,State,MHPC,207,370,577,,,,687,1766,2189,4815,135,3955,357,130
9/4/2020,State,MCRHC,81,389,470,11,93,39,468,674,2052,3301,127,2726,457,137
8/14/2020,State,SHPR,24,53,77,6,36,12,112,252,711,1392,33,963,135,35
7/30/2020,State,THPC,144,418,562,20,55,79,926,1364,3474,6070,254,4838,469,201
10/4/2020,State,EHPC,67,225,292,21,12,46,420,760,2064,3851,181,2824,293,140
11/1/2020,State,MAHPC,61,112,173,3,30,14,247,530,881,1979,54,1411,137,45
5/26/2020,State,MCRHC,146,211,357,,,,468,586,2105,3301,77,2691,324,101
9/11/2020,State,THPC,107,437,544,17,14,57,926,1629,3407,6070,185,5036,479,251
5/6/2020,State,SHPR,26,45,71,,,,112,191,774,1392,15,965,137,33
5/28/2020,State,DHPC,46,191,237,,,,424,457,1737,2640,109,2194,358,74
10/30/2020,State,MCRHC,84,386,470,15,52,39,468,589,2133,3301,149,2722,463,131
11/2/2020,State,DHPC,44,141,185,14,6,20,424,341,1432,2640,75,1773,149,93
10/16/2020,State,EHPC,60,242,302,29,22,53,420,674,2255,3851,225,2929,325,142
4/8/2020,State,DHPC,82,116,198,,,,424,620,1134,2640,51,1754,335,81
11/23/2020,State,MAHPC,68,111,179,14,34,15,247,491,995,1979,69,1486,143,46
5/18/2020,State,MAHPC,81,78,159,,,,247,369,825,1979,6,1194,180,24
8/17/2020,State,MAHPC,60,109,169,2,43,11,247,459,863,1979,53,1322,137,37
12/15/2020,State,MHPC,58,377,435,89,97,153,687,1006,3780,4815,689,4786,589,272
4/18/2020,State,DHPC,45,118,163,,,,424,599,939,2640,42,1538,236,92
8/26/2020,State,SHPR,34,43,77,3,26,3,112,262,739,1392,33,1001,111,59
9/26/2020,State,MHPC,99,316,415,24,106,46,687,1176,3413,4815,187,4589,590,211
6/15/2020,State,MHPC,103,458,561,7,106,53,687,879,2899,4815,192,3778,484,205
8/13/2020,State,MHPC,82,344,426,32,111,81,687,956,3256,4815,286,4212,569,213
7/19/2020,State,CapRAC,53,203,256,18,11,54,203,494,1511,1418,171,2005,272,73
7/10/2020,State,THPC,164,414,578,19,89,73,926,1091,3229,6070,249,4320,518,178
6/25/2020,State,EHPC,69,183,252,12,31,30,420,701,1598,3851,102,2299,378,101
8/2/2020,State,SHPR,24,47,71,4,1,10,112,315,606,1392,36,921,123,34
5/24/2020,State,DHPC,34,144,178,,,,424,383,1405,2640,97,1788,298,94
11/1/2020,State,SHPR,40,31,71,0,20,8,112,299,649,1392,32,948,33,0
4/28/2020,State,DHPC,60,160,220,,,,424,682,1548,2640,67,2230,327,108
6/24/2020,State,MAHPC,65,96,161,1,51,10,247,480,795,1979,22,1275,113,49
7/31/2020,State,MHPC,82,325,407,30,121,92,687,1016,3090,4815,302,4106,556,215
8/5/2020,State,MCRHC,91,361,452,12,105,40,468,580,2110,3301,146,2690,462,132
8/23/2020,State,DHPC,37,134,171,6,15,18,424,441,1336,2640,64,1777,172,66
4/23/2020,State,CapRAC,100,124,224,,,,203,554,1411,1418,93,1965,283,57
8/28/2020,State,MHPC,108,324,432,29,62,59,687,1183,3503,4815,241,4686,569,213
5/10/2020,State,THPC,316,388,704,,,,926,1827,2492,6070,95,4319,599,168
8/3/2020,State,DHPC,74,143,217,10,24,22,424,466,1559,2640,102,2025,202,71
7/7/2020,State,MAHPC,60,110,170,2,42,11,247,487,858,1979,31,1345,124,46
9/24/2020,State,EHPC,78,223,301,15,51,52,420,741,2200,3851,191,2941,300,104
10/14/2020,State,CapRAC,24,145,169,2,24,28,203,180,899,1418,51,1079,170,30
11/25/2020,State,THPC,92,464,556,71,21,138,926,1637,3587,6070,502,5224,530,248
7/5/2020,State,THPC,184,391,575,13,78,50,926,1431,3231,6070,215,4662,457,204
7/24/2020,State,SHPR,21,56,77,5,1,18,112,311,676,1392,50,987,134,34
5/30/2020,State,MHPC,67,462,529,,,,687,911,3158,4815,135,4069,640,194
12/16/2020,State,MCRHC,63,410,473,34,55,79,468,481,2280,3301,341,2761,437,162
5/21/2020,State,CapRAC,63,159,222,,,,203,516,1472,1418,68,1988,254,74
9/12/2020,State,THPC,118,412,530,12,16,51,926,1567,3290,6070,167,4857,398,175
11/3/2020,State,CapRAC,39,130,169,6,12,16,203,211,866,1418,65,1077,154,46
5/2/2020,State,MCRHC,98,184,282,,,,468,614,1516,3301,77,2130,252,82
6/1/2020,State,MAHPC,63,86,149,,,,247,357,807,1979,18,1164,166,28
6/2/2020,State,MAHPC,60,97,157,,,,247,341,884,1979,20,1225,165,37
6/24/2020,State,THPC,161,473,634,19,65,63,926,1309,3273,6070,193,4582,484,198
7/9/2020,State,MCRHC,88,366,454,10,120,46,468,592,1986,3301,119,2578,457,126
7/25/2020,State,MCRHC,101,361,462,42,74,50,468,645,2053,3301,149,2698,463,131
5/26/2020,State,MAHPC,68,93,161,,,,247,355,835,1979,9,1190,164,40
4/16/2020,State,MAHPC,68,91,159,,,,247,457,683,1979,9,1140,165,34
8/2/2020,State,THPC,156,362,518,12,26,62,926,1557,2913,6070,174,4470,469,170
4/10/2020,State,DHPC,77,142,219,,,,424,840,1360,2640,43,2200,331,96
10/16/2020,State,DHPC,55,137,192,12,3,24,424,284,1480,2640,86,1764,138,104
5/12/2020,State,MCRHC,125,234,359,,,,468,650,2135,3301,85,2785,331,94
8/16/2020,State,DHPC,29,142,171,4,15,15,424,386,1368,2640,81,1754,167,74
12/8/2020,State,EHPC,72,232,304,53,22,79,420,774,2197,3851,323,2971,344,158
9/14/2020,State,DHPC,16,153,169,30,20,27,424,260,1466,2640,71,1726,151,87
8/5/2020,State,EHPC,69,183,252,13,27,41,420,655,1679,3851,145,2334,275,104
6/26/2020,State,CapRAC,39,218,257,12,15,54,203,442,1590,1418,150,2032,240,105
5/27/2020,State,MAHPC,66,87,153,,,,247,311,870,1979,9,1181,154,41
5/22/2020,State,MAHPC,64,84,148,,,,247,283,854,1979,14,1137,166,29
5/2/2020,State,SHPR,22,45,67,,,,112,277,663,1392,10,940,137,30
5/25/2020,State,SHPR,19,50,69,,,,112,250,715,1392,24,965,134,36
6/23/2020,State,DHPC,42,193,235,12,24,50,424,342,1726,2640,120,2068,163,98
6/25/2020,State,THPC,143,432,575,14,24,66,926,1416,3202,6070,203,4618,472,199
11/19/2020,State,CapRAC,23,146,169,6,27,29,203,169,960,1418,121,1129,168,32
10/24/2020,State,MCRHC,102,369,471,16,39,36,468,702,2021,3301,147,2723,477,117
4/6/2020,State,SHPR,20,40,60,,,,112,304,539,1392,12,843,171,30
5/10/2020,State,MHPC,164,393,557,,,,687,1456,2591,4815,85,4047,739,133
11/29/2020,State,CapRAC,30,139,169,5,27,34,203,234,887,1418,125,1121,145,55
7/1/2020,State,EHPC,51,220,271,18,31,26,420,525,1995,3851,74,2520,375,128
10/11/2020,State,THPC,115,428,543,30,32,72,926,1776,3402,6070,245,5178,545,194
5/9/2020,State,MHPC,138,404,542,,,,687,1366,2729,4815,87,4095,748,125
6/26/2020,State,MHPC,78,381,459,26,94,57,687,618,3449,4815,235,4067,540,201
6/14/2020,State,CapRAC,37,187,224,17,14,50,203,492,1497,1418,124,1989,211,117
7/9/2020,State,SHPR,12,57,69,10,3,15,112,56,932,1392,54,988,131,37
5/2/2020,State,CapRAC,64,150,214,,,,203,687,1142,1418,75,1829,262,58
12/2/2020,State,MCRHC,93,379,472,39,64,65,468,618,2148,3301,237,2766,473,126
9/15/2020,State,CapRAC,34,133,167,3,28,20,203,199,878,1418,46,1077,162,38
12/7/2020,State,MAHPC,57,122,179,11,25,33,247,507,994,1979,117,1501,124,65
10/20/2020,State,MHPC,66,361,427,39,131,79,687,1096,3598,4815,313,4694,575,254
7/8/2020,State,CapRAC,30,219,249,21,24,69,203,294,1591,1418,207,1885,229,108
8/5/2020,State,CapRAC,39,130,169,12,26,30,203,335,835,1418,96,1170,157,45
10/14/2020,State,SHPR,29,48,77,4,26,11,112,212,805,1392,56,1017,136,38
8/6/2020,State,EHPC,68,197,265,18,15,41,420,634,1801,3851,143,2435,279,113
7/23/2020,State,THPC,157,410,567,25,51,87,926,1675,3305,6070,261,4980,463,215
8/26/2020,State,THPC,134,424,558,32,27,69,926,1617,3612,6070,250,5229,493,239
4/15/2020,State,MAHPC,65,98,163,,,,247,441,693,1979,12,1134,167,34
8/7/2020,State,EHPC,75,192,267,22,24,51,420,788,1769,3851,152,2557,264,109
7/5/2020,State,MAHPC,57,80,137,3,30,7,247,450,595,1979,24,1045,110,32
4/18/2020,State,THPC,265,330,595,,,,926,1626,2249,6070,116,3875,420,177
4/14/2020,State,CapRAC,78,142,220,,,,203,690,1276,1418,68,1966,275,65
8/23/2020,State,MHPC,116,289,405,17,123,74,687,1362,2969,4815,241,4331,546,197
11/7/2020,State,EHPC,66,236,302,21,40,38,420,837,2078,3851,164,2915,342,139
11/15/2020,State,SHPR,49,42,91,2,15,6,112,287,724,1392,41,1011,148,26
9/23/2020,State,MHPC,78,349,427,33,29,52,687,1064,3624,4815,204,4688,580,215
11/6/2020,State,CapRAC,41,128,169,8,25,19,203,243,832,1418,61,1075,165,35
5/18/2020,State,CapRAC,57,167,224,,,,203,623,1367,1418,61,1990,278,50
11/13/2020,State,EHPC,56,246,302,26,22,33,420,734,2164,3851,196,2898,327,149
4/25/2020,State,EHPC,18,255,273,,,,420,743,1437,3851,83,2180,283,121
7/18/2020,State,THPC,115,469,584,22,25,71,926,1134,3204,6070,245,4338,477,202
4/22/2020,State,CapRAC,79,141,220,,,,203,485,1485,1418,81,1970,273,67
10/31/2020,State,EHPC,64,238,302,18,17,47,420,779,2148,3851,171,2927,309,172
10/27/2020,State,MAHPC,68,111,179,8,32,11,247,500,999,1979,55,1499,150,39
7/5/2020,State,SHPR,15,54,69,3,0,12,112,174,763,1392,42,937,130,36
12/17/2020,State,EHPC,57,234,291,41,15,60,420,638,2187,3851,344,2825,325,150
4/12/2020,State,DHPC,55,108,163,,,,424,602,936,2640,35,1538,237,91
11/3/2020,State,MCRHC,87,384,471,19,46,37,468,615,2103,3301,143,2718,460,134
7/28/2020,State,MHPC,75,333,408,37,156,90,687,960,3147,4815,349,4107,548,223
4/17/2020,State,MHPC,200,379,579,,,,687,1430,2459,4815,105,3889,466,142
9/13/2020,State,CapRAC,36,133,169,3,18,21,203,254,817,1418,58,1071,158,42
11/30/2020,State,MHPC,74,353,427,46,79,97,687,1099,3541,4815,516,4640,619,251
7/14/2020,State,MHPC,54,362,416,37,135,67,687,689,3368,4815,316,4057,547,218
6/2/2020,State,CapRAC,60,138,198,,,,203,481,1368,1418,60,1849,230,81
6/23/2020,State,MCRHC,79,270,349,9,47,39,468,243,2459,3301,105,2702,284,116
7/20/2020,State,SHPR,31,46,77,7,2,14,112,329,658,1392,63,987,136,32
9/23/2020,State,MCRHC,81,389,470,8,88,41,468,596,2088,3301,114,2684,452,142
8/10/2020,State,SHPR,30,48,78,2,5,9,112,306,667,1392,44,973,138,32
12/15/2020,State,SHPR,34,57,91,11,26,16,112,256,761,1392,86,1017,144,30
12/17/2020,State,SHPR,38,53,91,10,25,9,112,237,765,1392,80,1002,145,29
7/12/2020,State,MAHPC,57,92,149,2,27,14,247,454,678,1979,28,1132,103,48
6/22/2020,State,MAHPC,47,91,138,1,46,9,247,292,936,1979,29,1228,163,41
6/16/2020,State,MAHPC,36,84,120,2,46,9,247,327,744,1979,22,1071,141,45
8/29/2020,State,EHPC,90,199,289,36,39,52,420,836,1923,3851,143,2759,289,132
12/15/2020,State,THPC,59,507,566,114,26,192,926,1119,3872,6070,821,4991,528,256
6/29/2020,State,SHPR,16,53,69,10,2,10,112,99,838,1392,47,937,132,34
6/7/2020,State,THPC,149,445,594,10,21,80,926,1193,2926,6070,184,4119,492,172
7/2/2020,State,SHPR,13,56,69,4,1,11,112,85,870,1392,42,955,128,42
7/21/2020,State,DHPC,30,181,211,13,6,34,424,366,1662,2640,121,2028,198,73
12/4/2020,State,SHPR,37,54,91,10,28,10,112,213,797,1392,77,1010,139,35
4/22/2020,State,MCRHC,117,212,329,,,,468,996,1811,3301,74,2807,327,95
12/1/2020,State,SHPR,28,63,91,7,33,21,112,251,764,1392,74,1015,135,39
5/31/2020,State,MAHPC,49,81,130,,,,247,188,738,1979,19,926,142,30
11/10/2020,State,DHPC,27,161,188,15,1,21,424,254,1531,2640,83,1785,161,81
6/2/2020,State,MCRHC,87,272,359,,,,468,355,2419,3301,85,2774,290,135
6/25/2020,State,MCRHC,123,343,466,12,93,39,468,470,2078,3301,106,2548,492,101
11/11/2020,State,MHPC,61,367,428,33,130,73,687,1031,3629,4815,300,4660,568,253
10/12/2020,State,EHPC,65,223,288,27,18,60,420,730,2126,3851,215,2856,302,128
8/2/2020,State,DHPC,25,136,161,10,15,18,424,414,1292,2640,99,1706,163,70
9/28/2020,State,SHPR,36,41,77,1,29,6,112,328,688,1392,22,1016,136,34
11/13/2020,State,MHPC,81,346,427,34,122,86,687,1092,3546,4815,357,4638,533,267
5/4/2020,State,THPC,241,351,592,,,,926,1451,2778,6070,87,4229,594,179
4/16/2020,State,EHPC,109,173,282,,,,420,1122,1483,3851,75,2605,337,124
8/9/2020,State,MHPC,105,290,395,19,135,77,687,1205,2814,4815,300,4019,556,196
10/4/2020,State,MHPC,96,331,427,19,115,63,687,1294,3395,4815,213,4689,582,233
11/20/2020,State,DHPC,20,171,191,16,4,30,424,324,1457,2640,127,1781,165,77
6/4/2020,State,CapRAC,66,158,224,15,10,32,203,414,1568,1418,84,1982,237,91
9/27/2020,State,DHPC,24,111,135,32,2,20,424,436,1281,2640,70,1717,164,74
5/8/2020,State,EHPC,99,187,286,,,,420,883,1489,3851,85,2372,369,116
4/25/2020,State,MAHPC,54,95,149,,,,247,277,740,1979,8,1017,154,31
5/17/2020,State,SHPR,23,49,72,,,,112,277,688,1392,19,965,144,26
8/17/2020,State,EHPC,82,196,278,22,32,49,420,825,1742,3851,145,2567,259,131
6/5/2020,State,THPC,251,423,674,8,127,70,926,1043,3034,6070,193,4077,443,192
10/12/2020,State,SHPR,29,48,77,7,21,14,112,258,752,1392,59,1010,135,39
7/16/2020,State,DHPC,31,183,214,17,6,43,424,420,1620,2640,126,2040,186,84
8/14/2020,State,MCRHC,95,351,446,8,94,36,468,590,2025,3301,128,2615,475,109
4/8/2020,State,THPC,198,388,586,,,,926,1615,2647,6070,76,4262,407,162
4/11/2020,State,CapRAC,89,134,223,,,,203,965,889,1418,65,1854,278,62
6/26/2020,State,THPC,209,429,638,8,18,64,926,1492,3211,6070,194,4703,499,198
7/29/2020,State,MCRHC,88,370,458,19,121,44,468,560,2137,3301,157,2697,476,118
11/18/2020,State,SHPR,46,45,91,6,15,5,112,219,805,1392,45,1024,145,29
10/25/2020,State,MAHPC,65,102,167,7,22,8,247,486,889,1979,51,1375,146,32
5/22/2020,State,MHPC,102,458,560,,,,687,890,3206,4815,95,4096,561,200
10/2/2020,State,MCRHC,101,369,470,13,106,33,468,644,2033,3301,113,2677,471,123
4/28/2020,State,SHPR,25,39,64,,,,112,263,642,1392,17,905,173,29
12/4/2020,State,MHPC,53,374,427,67,125,109,687,786,3866,4815,537,4652,573,284
12/1/2020,State,MHPC,60,370,430,61,100,107,687,987,3655,4815,490,4642,594,265
6/30/2020,State,MHPC,76,366,442,23,144,60,687,809,3264,4815,235,4073,530,162
5/15/2020,State,MAHPC,79,84,163,,,,247,318,917,1979,3,1235,182,24
10/24/2020,State,SHPR,37,40,77,5,22,15,112,262,748,1392,55,1010,143,31
5/1/2020,State,DHPC,32,163,195,,,,424,613,1321,2640,61,1934,295,74
7/14/2020,State,DHPC,6,148,154,12,3,45,424,378,1397,2640,100,1775,144,95
8/19/2020,State,EHPC,74,197,271,31,28,41,420,699,1895,3851,139,2594,272,124
4/24/2020,State,MCRHC,140,219,359,,,,468,868,1922,3301,66,2790,331,92
6/14/2020,State,MCRHC,60,218,278,6,21,44,468,395,1722,3301,85,2117,213,112
5/24/2020,State,SHPR,23,46,69,,,,112,269,695,1392,22,964,138,31
7/1/2020,State,MHPC,61,378,439,28,101,62,687,643,3413,4815,258,4056,548,211
12/10/2020,State,MCRHC,82,388,470,33,66,64,468,580,2177,3301,284,2757,447,152
9/1/2020,State,EHPC,87,180,267,33,92,52,420,758,1699,3851,177,2457,273,97
9/6/2020,State,SHPR,34,43,77,0,25,9,112,295,719,1392,29,1014,135,35
4/27/2020,State,MHPC,144,228,372,,,,687,1323,2072,4815,99,3395,373,111
6/7/2020,State,DHPC,17,158,175,6,13,42,424,357,1417,2640,98,1774,290,102
8/4/2020,State,DHPC,30,186,216,11,14,20,424,387,1644,2640,99,2031,201,72
4/17/2020,State,MCRHC,92,214,306,,,,468,732,1814,3301,45,2546,314,104
8/11/2020,State,MHPC,75,332,407,38,177,80,687,897,3222,4815,295,4119,548,227
12/2/2020,State,MAHPC,52,127,179,12,44,26,247,407,1087,1979,106,1494,128,61
12/5/2020,State,CapRAC,21,148,169,17,37,36,203,184,955,1418,154,1139,152,48
5/31/2020,State,CapRAC,55,169,224,,,,203,564,1411,1418,69,1975,242,86
9/25/2020,State,MAHPC,67,112,179,3,55,21,247,529,977,1979,40,1506,139,50
6/15/2020,State,EHPC,86,166,252,10,23,26,420,872,1488,3851,93,2360,342,99
8/25/2020,State,EHPC,75,215,290,40,36,45,420,818,1985,3851,150,2803,300,121
10/28/2020,State,CapRAC,30,139,169,10,18,19,203,173,902,1418,74,1075,164,36
9/30/2020,State,DHPC,16,127,143,27,2,22,424,270,1494,2640,83,1764,155,87
11/13/2020,State,MCRHC,122,349,471,21,63,44,468,608,2090,3301,163,2698,488,106
10/31/2020,State,THPC,113,437,550,48,13,102,926,1678,3334,6070,313,5012,508,223
11/15/2020,State,THPC,134,432,566,47,17,105,926,1797,3400,6070,387,5197,570,207
4/13/2020,State,DHPC,96,124,220,,,,424,838,1243,2640,50,2081,325,94
6/6/2020,State,MAHPC,23,89,112,1,31,8,247,187,770,1979,20,957,134,41
4/7/2020,State,SHPR,17,62,79,,,,112,353,605,1392,13,958,179,34
11/13/2020,State,MAHPC,56,123,179,13,33,17,247,487,1007,1979,71,1494,139,50
12/4/2020,State,MAHPC,50,129,179,23,42,31,247,453,1041,1979,114,1494,131,58
7/22/2020,State,CapRAC,44,211,255,11,27,57,203,396,1616,1418,196,2012,269,76
9/16/2020,State,EHPC,71,230,301,17,58,52,420,712,2219,3851,183,2931,298,104
7/5/2020,State,MCRHC,124,338,462,14,90,42,468,601,1950,3301,132,2551,470,123
7/28/2020,State,MAHPC,67,95,162,7,48,17,247,440,825,1979,52,1265,126,39
8/24/2020,State,THPC,133,428,561,26,21,68,926,1780,3479,6070,263,5259,488,257
9/7/2020,State,THPC,123,405,528,17,15,65,926,1820,3065,6070,187,4885,460,243
5/24/2020,State,MCRHC,130,229,359,,,,468,591,2092,3301,75,2683,320,103
6/7/2020,State,MAHPC,28,86,114,4,18,7,247,198,798,1979,21,996,140,39
8/12/2020,State,DHPC,16,156,172,7,23,20,424,309,1467,2640,78,1776,160,81
7/25/2020,State,MAHPC,53,91,144,5,33,12,247,452,650,1979,41,1102,109,40
7/17/2020,State,MCRHC,84,367,451,15,91,52,468,524,2122,3301,136,2646,468,119
7/10/2020,State,MHPC,58,331,389,39,106,66,687,613,3431,4815,321,4044,548,209
10/3/2020,State,THPC,134,398,532,33,25,62,926,1720,3246,6070,210,4966,522,191
4/27/2020,State,MAHPC,93,85,178,,,,247,516,758,1979,11,1274,171,35
5/1/2020,State,MCRHC,136,223,359,,,,468,805,1985,3301,99,2790,314,104
6/15/2020,State,CapRAC,42,182,224,12,7,45,203,480,1528,1418,120,2008,213,115
10/2/2020,State,DHPC,16,128,144,13,6,21,424,319,1447,2640,78,1766,143,99
6/5/2020,State,SHPR,12,58,70,1,4,13,112,142,823,1392,25,965,139,31
11/4/2020,State,EHPC,67,233,300,39,32,40,420,738,2175,3851,184,2913,332,149
10/31/2020,State,MHPC,76,352,428,29,117,81,687,1170,3458,4815,269,4628,589,244
6/28/2020,State,MAHPC,66,83,149,2,36,7,247,469,678,1979,22,1147,114,37
8/14/2020,State,THPC,145,431,576,28,27,84,926,1422,3377,6070,239,4799,467,217
4/25/2020,State,DHPC,21,123,144,,,,424,352,940,2640,48,1292,215,89
12/9/2020,State,THPC,74,492,566,110,29,170,926,1417,3762,6070,713,5179,533,251
10/9/2020,State,MCRHC,100,370,470,16,106,29,468,616,2072,3301,123,2688,473,121
9/5/2020,State,EHPC,80,197,277,14,53,46,420,838,1825,3851,178,2663,289,96
10/24/2020,State,MAHPC,58,109,167,5,27,9,247,471,910,1979,46,1381,144,34
5/13/2020,State,SHPR,18,54,72,,,,112,155,810,1392,15,965,142,28
6/7/2020,State,CapRAC,46,170,216,10,7,43,203,408,1421,1418,101,1829,239,81
9/15/2020,State,DHPC,22,151,173,33,23,28,424,244,1500,2640,76,1744,154,84
6/18/2020,State,THPC,124,467,591,13,187,76,926,1101,3186,6070,203,4287,476,218
5/30/2020,State,MCRHC,74,273,347,,,,468,363,2324,3301,84,2687,303,114
9/29/2020,State,SHPR,38,39,77,2,27,6,112,267,749,1392,24,1016,138,32
11/19/2020,State,DHPC,36,153,189,20,8,32,424,274,1510,2640,121,1784,164,78
7/31/2020,State,THPC,142,438,580,22,40,76,926,1506,3350,6070,260,4856,474,207
9/10/2020,State,THPC,101,443,544,18,15,64,926,1601,3459,6070,193,5060,479,251
10/22/2020,State,CapRAC,35,134,169,7,18,18,203,194,883,1418,76,1077,165,35
12/14/2020,State,DHPC,19,176,195,20,2,43,424,287,1495,2640,167,1782,146,96
10/11/2020,State,MAHPC,62,110,172,11,46,13,247,519,883,1979,53,1402,144,38
9/4/2020,State,EHPC,104,187,291,21,53,55,420,864,1895,3851,189,2759,293,101
5/23/2020,State,EHPC,39,201,240,,,,420,652,1322,3851,93,1974,295,115
11/8/2020,State,MAHPC,63,113,176,7,26,21,247,536,958,1979,61,1494,137,52
11/11/2020,State,MAHPC,54,125,179,11,38,19,247,463,1031,1979,68,1494,143,46
11/25/2020,State,CapRAC,28,141,169,10,22,38,203,201,919,1418,134,1120,153,47
7/17/2020,State,THPC,117,442,559,20,73,82,926,947,3228,6070,244,4175,482,200
4/17/2020,State,CapRAC,66,158,224,,,,203,608,1348,1418,67,1956,279,60
9/18/2020,State,CapRAC,45,124,169,3,25,21,203,198,868,1418,44,1066,159,41
9/24/2020,State,THPC,132,430,562,15,17,73,926,1607,3615,6070,207,5222,524,219
10/6/2020,State,THPC,114,447,561,40,34,74,926,1722,3558,6070,256,5280,536,207
7/1/2020,State,MAHPC,68,110,178,4,45,8,247,496,905,1979,25,1401,137,42
9/20/2020,State,MHPC,118,309,427,13,66,51,687,1299,3155,4815,202,4454,551,223
9/11/2020,State,MHPC,78,355,433,18,100,66,687,996,3721,4815,207,4717,531,199
11/4/2020,State,MAHPC,51,122,173,18,45,18,247,490,985,1979,57,1475,126,61
9/2/2020,State,THPC,130,420,550,23,26,68,926,1618,3462,6070,194,5080,452,238
9/22/2020,State,MHPC,84,343,427,30,85,48,687,1046,3640,4815,204,4686,557,237
7/18/2020,State,MAHPC,55,94,149,6,62,13,247,428,717,1979,41,1145,111,40
5/16/2020,State,THPC,196,393,589,,,,926,1526,2830,6070,120,4356,613,188
5/25/2020,State,DHPC,31,143,174,,,,424,447,1376,2640,99,1823,307,85
6/19/2020,State,EHPC,86,192,278,19,34,41,420,659,1799,3851,110,2458,354,116
9/9/2020,State,SHPR,36,41,77,4,28,9,112,256,767,1392,35,1023,134,36
5/28/2020,State,CapRAC,53,171,224,,,,203,500,1480,1418,69,1980,249,79
12/3/2020,State,SHPR,30,61,91,13,25,11,112,192,818,1392,85,1010,143,31
11/24/2020,State,MHPC,59,368,427,52,86,98,687,958,3693,4815,426,4651,545,274
8/19/2020,State,SHPR,34,43,77,5,22,8,112,270,735,1392,30,1005,112,58
5/3/2020,State,EHPC,93,172,265,,,,420,856,1323,3851,78,2179,331,110
11/6/2020,State,MAHPC,56,123,179,7,23,21,247,489,1010,1979,65,1499,131,58
4/12/2020,State,MCRHC,130,152,282,,,,468,875,1216,3301,33,2091,241,85
5/16/2020,State,CapRAC,59,165,224,,,,203,601,1378,1418,42,1979,263,65
9/15/2020,State,SHPR,30,47,77,6,30,10,112,265,753,1392,27,1018,109,61
4/11/2020,State,SHPR,0,6,6,,,,112,44,69,1392,3,113,21,2
9/6/2020,State,MCRHC,121,349,470,7,61,35,468,783,1939,3301,120,2722,462,132
7/13/2020,State,CapRAC,55,202,257,6,27,49,203,519,1497,1418,189,2016,259,86
10/21/2020,State,MAHPC,64,108,172,5,28,11,247,488,981,1979,48,1469,142,43
10/18/2020,State,SHPR,37,40,77,1,25,12,112,283,727,1392,49,1010,132,42
10/6/2020,State,MHPC,64,368,432,27,103,69,687,1089,3589,4815,236,4678,564,252
8/4/2020,State,MHPC,75,332,407,37,136,91,687,1006,3097,4815,315,4103,571,205
6/6/2020,State,DHPC,14,161,175,9,10,37,424,295,1492,2640,98,1787,282,110
9/2/2020,State,CapRAC,44,117,161,3,25,19,203,195,833,1418,60,1028,160,34
5/11/2020,State,MAHPC,90,73,163,,,,247,441,783,1979,3,1224,182,24
9/3/2020,State,EHPC,84,191,275,12,74,53,420,761,1845,3851,177,2606,285,95
8/28/2020,State,EHPC,75,220,295,39,43,55,420,876,1988,3851,157,2864,300,129
11/7/2020,State,THPC,120,439,559,57,28,97,926,1761,3458,6070,336,5219,531,217
9/19/2020,State,MHPC,115,312,427,25,76,59,687,1246,3208,4815,206,4454,539,236
5/3/2020,State,DHPC,21,142,163,,,,424,449,1109,2640,63,1558,244,85
5/9/2020,State,EHPC,40,211,251,,,,420,542,1356,3851,56,1898,268,98
6/11/2020,State,MCRHC,63,231,294,4,64,37,468,264,1981,3301,76,2245,242,128
12/6/2020,State,DHPC,19,171,190,8,5,37,424,367,1389,2640,150,1756,136,79
10/20/2020,State,THPC,89,459,548,52,27,96,926,1491,3765,6070,265,5256,539,208
8/9/2020,State,EHPC,62,184,246,11,24,45,420,607,1629,3851,156,2236,266,106
12/4/2020,State,MCRHC,88,384,472,35,49,63,468,602,2148,3301,247,2750,462,137
7/6/2020,State,MHPC,55,342,397,21,91,57,687,966,3077,4815,280,4043,518,225
9/1/2020,State,MCRHC,101,377,478,10,84,37,468,632,2138,3301,135,2770,460,140
6/17/2020,State,DHPC,27,209,236,16,5,42,424,268,1836,2640,109,2104,313,117
9/27/2020,State,MCRHC,114,357,471,6,80,25,468,718,1956,3301,103,2674,485,109
7/26/2020,State,MCRHC,115,345,460,12,98,42,468,725,1970,3301,137,2695,458,136
12/6/2020,State,MAHPC,69,110,179,17,40,32,247,553,942,1979,116,1495,129,60
10/14/2020,State,MCRHC,78,392,470,10,50,33,468,549,2178,3301,136,2727,470,124
9/29/2020,State,EHPC,76,225,301,24,30,65,420,721,2212,3851,211,2933,309,125
5/15/2020,State,MHPC,124,416,540,,,,687,1031,3065,4815,74,4096,585,172
6/25/2020,State,MAHPC,69,103,172,3,48,10,247,470,894,1979,26,1364,131,46
11/20/2020,State,MHPC,78,349,427,49,93,96,687,1078,3565,4815,379,4643,575,237
5/14/2020,State,MCRHC,109,250,359,,,,468,649,2108,3301,76,2757,331,94
7/13/2020,State,MAHPC,64,108,172,5,45,19,247,531,839,1979,44,1370,126,49
5/31/2020,State,MHPC,122,434,556,,,,687,1069,2952,4815,135,4021,569,200
9/18/2020,State,DHPC,25,144,169,33,8,23,424,386,1368,2640,63,1754,152,86
9/1/2020,State,THPC,137,411,548,24,18,63,926,1656,3371,6070,195,5027,437,249
5/20/2020,State,MAHPC,71,86,157,,,,247,237,933,1979,9,1170,184,20
10/13/2020,State,DHPC,53,139,192,20,11,21,424,273,1486,2640,95,1759,157,85
5/16/2020,State,MHPC,128,413,541,,,,687,1248,2921,4815,77,4169,578,182
6/3/2020,State,SHPR,7,62,69,1,1,11,112,168,797,1392,28,965,137,35
7/16/2020,State,SHPR,18,59,77,8,5,16,112,244,729,1392,57,973,123,44
7/30/2020,State,DHPC,15,152,167,10,23,21,424,347,1432,2640,100,1779,160,81
9/26/2020,State,DHPC,19,126,145,30,6,17,424,395,1346,2640,69,1741,163,75
10/14/2020,State,THPC,100,467,567,43,23,77,926,1523,3741,6070,240,5264,533,213
8/27/2020,State,SHPR,42,36,78,6,22,3,112,285,716,1392,35,1001,115,55
10/15/2020,State,MHPC,69,358,427,32,121,62,687,1002,3689,4815,270,4691,584,244
7/5/2020,State,EHPC,86,179,265,11,24,26,420,855,1576,3851,76,2431,368,123
7/17/2020,State,EHPC,59,179,238,20,31,30,420,602,1557,3851,110,2159,290,111
5/23/2020,State,DHPC,28,149,177,,,,424,346,1460,2640,91,1806,301,91
8/9/2020,State,THPC,178,399,577,17,29,85,926,1833,2949,6070,249,4782,470,205
6/16/2020,State,SHPR,14,55,69,2,3,18,112,95,870,1392,35,965,133,37
8/1/2020,State,MCRHC,89,363,452,15,115,47,468,631,2058,3301,163,2689,473,121
6/10/2020,State,THPC,122,452,574,15,109,67,926,1115,3016,6070,189,4131,413,193
7/29/2020,State,THPC,138,421,559,28,69,80,926,1294,3287,6070,275,4581,433,221
9/6/2020,State,EHPC,105,186,291,9,53,49,420,896,1863,3851,187,2759,299,95
6/26/2020,State,SHPR,14,55,69,5,3,11,112,117,848,1392,36,965,135,35
7/6/2020,State,CapRAC,30,227,257,12,23,80,203,501,1519,1418,182,2020,248,97
5/16/2020,State,DHPC,24,157,181,,,,424,428,1360,2640,74,1788,297,95
8/22/2020,State,THPC,136,384,520,26,25,62,926,1702,3102,6070,222,4804,441,252
6/19/2020,State,CapRAC,40,184,224,18,7,54,203,368,1633,1418,146,2001,227,101
9/8/2020,State,SHPR,34,43,77,3,21,9,112,296,718,1392,28,1014,133,37
4/9/2020,State,SHPR,18,50,68,,,,112,256,608,1392,14,864,190,13
10/27/2020,State,EHPC,73,229,302,13,32,52,420,718,2209,3851,198,2927,320,163
11/25/2020,State,DHPC,16,175,191,13,6,28,424,466,1329,2640,130,1795,162,80
12/6/2020,State,SHPR,36,55,91,7,12,9,112,286,731,1392,65,1017,151,23
11/8/2020,State,THPC,96,463,559,51,35,99,926,1773,3444,6070,346,5217,537,211
11/30/2020,State,CapRAC,25,144,169,7,25,37,203,183,938,1418,133,1121,140,60
7/29/2020,State,EHPC,52,211,263,17,31,38,420,671,1803,3851,118,2474,288,129
4/12/2020,State,MAHPC,61,76,137,,,,247,402,575,1979,10,977,142,33
7/8/2020,State,DHPC,23,162,185,17,1,34,424,369,1432,2640,108,1801,161,77
9/21/2020,State,SHPR,41,36,77,3,16,5,112,326,690,1392,24,1016,144,26
10/3/2020,State,MCRHC,98,372,470,12,106,33,468,662,2015,3301,118,2677,462,132
9/12/2020,State,SHPR,28,49,77,1,18,7,112,248,766,1392,29,1014,105,65
5/8/2020,State,MHPC,117,423,540,,,,687,1226,2916,4815,93,4142,755,130
6/28/2020,State,MCRHC,84,305,389,8,60,34,468,467,1456,3301,86,1923,408,88
7/12/2020,State,SHPR,11,58,69,7,3,16,112,151,819,1392,56,970,129,37
12/7/2020,State,MCRHC,76,394,470,35,56,70,468,615,2141,3301,270,2756,473,126
11/17/2020,State,MHPC,79,348,427,41,141,84,687,1059,3587,4815,358,4646,568,252
12/15/2020,State,MCRHC,75,398,473,59,76,83,468,497,2263,3301,327,2760,435,164
8/30/2020,State,MHPC,115,317,432,21,85,54,687,1236,3450,4815,250,4686,572,210
7/27/2020,State,MHPC,83,324,407,34,69,94,687,1179,2926,4815,349,4105,550,223
4/21/2020,State,THPC,241,291,532,,,,926,1626,2453,6070,38,4079,465,121
8/30/2020,State,EHPC,85,180,265,35,35,42,420,864,1652,3851,131,2516,267,124
7/6/2020,State,DHPC,24,156,180,11,5,32,424,405,1379,2640,107,1784,145,94
7/24/2020,State,THPC,148,434,582,19,75,85,926,1680,3316,6070,265,4996,484,208
4/28/2020,State,MCRHC,129,230,359,,,,468,775,1971,3301,84,2746,316,107
8/22/2020,State,MCRHC,95,359,454,15,101,42,468,702,1966,3301,130,2668,481,113
12/3/2020,State,MAHPC,50,129,179,38,49,30,247,416,1073,1979,117,1489,126,63
9/3/2020,State,SHPR,43,34,77,8,26,6,112,272,742,1392,36,1014,114,56
10/27/2020,State,MCRHC,87,384,471,16,31,32,468,604,2119,3301,133,2723,462,132
6/3/2020,State,MHPC,62,387,449,42,100,61,687,803,3339,4815,142,4142,501,218
11/20/2020,State,EHPC,65,233,298,39,32,45,420,799,2136,3851,206,2935,341,140
5/26/2020,State,EHPC,95,175,270,,,,420,841,1506,3851,114,2347,349,112
10/19/2020,State,CapRAC,34,135,169,1,13,19,203,201,874,1418,64,1075,175,25
9/5/2020,State,MHPC,104,301,405,28,88,80,687,1257,2977,4815,237,4234,526,207
11/2/2020,State,MCRHC,98,373,471,7,44,37,468,664,2052,3301,144,2716,434,124
7/27/2020,State,MAHPC,73,104,177,5,41,19,247,490,839,1979,60,1329,136,46
6/12/2020,State,CapRAC,47,177,224,8,5,52,203,426,1593,1418,123,2019,235,93
9/8/2020,State,CapRAC,40,129,169,2,23,21,203,262,815,1418,59,1077,162,38
9/19/2020,State,DHPC,19,146,165,33,6,22,424,393,1340,2640,69,1733,166,72
5/11/2020,State,SHPR,27,40,67,,,,112,264,658,1392,10,922,138,23
10/11/2020,State,SHPR,33,44,77,5,21,15,112,267,743,1392,48,1010,142,32
7/3/2020,State,THPC,145,421,566,14,115,52,926,1451,3088,6070,195,4539,466,202
9/11/2020,State,EHPC,63,237,300,10,64,54,420,745,2102,3851,186,2847,295,107
9/5/2020,State,THPC,126,408,534,23,21,60,926,1758,3198,6070,198,4956,461,256
9/11/2020,State,MAHPC,59,114,173,3,45,13,247,484,903,1979,47,1387,149,33
11/9/2020,State,MCRHC,97,375,472,17,56,30,468,597,2095,3301,126,2692,479,115
9/14/2020,State,EHPC,77,224,301,9,52,54,420,750,2122,3851,197,2872,289,113
12/13/2020,State,EHPC,69,223,292,44,23,63,420,784,2024,3851,308,2808,335,153
7/6/2020,State,THPC,183,391,574,12,196,55,926,1466,2996,6070,215,4462,493,192
10/30/2020,State,EHPC,66,236,302,20,15,45,420,730,2197,3851,182,2927,316,149
8/24/2020,State,MAHPC,57,111,168,7,52,14,247,482,845,1979,52,1327,137,35
10/26/2020,State,MHPC,71,358,429,30,102,78,687,1091,3552,4815,301,4643,582,246
11/30/2020,State,SHPR,40,51,91,4,18,19,112,303,712,1392,79,1015,139,35
11/10/2020,State,SHPR,43,34,77,5,23,4,112,217,780,1392,44,997,144,30
11/23/2020,State,MCRHC,97,375,472,16,42,56,468,616,2150,3301,203,2766,483,116
9/19/2020,State,EHPC,63,238,301,16,59,59,420,868,2051,3851,189,2919,302,115
5/5/2020,State,DHPC,21,148,169,,,,424,421,1162,2640,62,1583,283,89
4/21/2020,State,SHPR,30,35,65,,,,112,359,653,1392,14,1012,187,28
11/21/2020,State,DHPC,15,172,187,20,9,29,424,379,1398,2640,117,1777,168,74
9/25/2020,State,MCRHC,115,355,470,12,92,27,468,672,2011,3301,103,2683,475,119
6/21/2020,State,MAHPC,28,79,107,2,23,10,247,220,711,1979,24,931,124,47
9/28/2020,State,CapRAC,31,137,168,6,23,27,203,189,888,1418,59,1077,161,39
12/1/2020,State,EHPC,72,230,302,24,28,66,420,763,2176,3851,290,2939,341,141
7/11/2020,State,THPC,134,430,564,29,62,66,926,1299,3065,6070,252,4364,480,181
10/13/2020,State,SHPR,19,58,77,8,28,11,112,225,792,1392,59,1017,136,38
4/9/2020,State,MAHPC,59,115,174,,,,247,562,738,1979,8,1300,187,33
10/19/2020,State,EHPC,72,230,302,24,9,59,420,721,2201,3851,244,2922,331,136
5/5/2020,State,MAHPC,77,90,167,,,,247,393,852,1979,12,1245,176,29
9/20/2020,State,MCRHC,101,369,470,13,83,39,468,713,1970,3301,127,2683,450,144
6/7/2020,State,EHPC,82,180,262,7,16,29,420,699,1531,3851,118,2230,346,103
6/20/2020,State,MHPC,82,370,452,16,116,73,687,804,3060,4815,205,3864,530,203
6/1/2020,State,SHPR,25,44,69,,,,112,229,736,1392,25,965,134,36
8/29/2020,State,SHPR,46,31,77,8,23,4,112,272,723,1392,32,995,119,51
12/9/2020,State,MHPC,51,384,435,59,125,123,687,836,3844,4815,584,4680,591,264
11/6/2020,State,THPC,104,462,566,48,27,103,926,1702,3545,6070,334,5247,535,208
10/14/2020,State,MAHPC,51,112,163,6,37,14,247,368,976,1979,58,1344,129,47
9/25/2020,State,CapRAC,42,126,168,7,23,26,203,215,860,1418,53,1075,166,34
10/2/2020,State,EHPC,69,232,301,24,19,50,420,748,2185,3851,198,2933,295,138
4/16/2020,State,MHPC,228,351,579,,,,687,1473,2450,4815,113,3923,486,131
9/11/2020,State,CapRAC,35,131,166,3,23,23,203,207,863,1418,54,1070,163,37
8/30/2020,State,MAHPC,60,88,148,2,57,6,247,383,744,1979,35,1127,123,30
5/21/2020,State,THPC,153,420,573,,,,926,1293,3312,6070,160,4605,493,205
9/8/2020,State,THPC,124,421,545,14,11,65,926,1795,3235,6070,174,5030,487,232
4/15/2020,State,MCRHC,119,222,341,,,,468,765,1832,3301,56,2597,306,115
11/27/2020,State,MCRHC,93,371,464,19,52,60,468,785,1911,3301,197,2696,452,137
10/24/2020,State,MHPC,82,347,429,39,89,82,687,1143,3499,4815,284,4642,566,263
4/6/2020,State,THPC,270,318,588,,,,926,1981,2342,6070,62,4323,426,203
9/24/2020,State,DHPC,20,152,172,35,7,21,424,269,1480,2640,72,1749,151,87
11/24/2020,State,MCRHC,93,379,472,20,58,59,468,638,2129,3301,202,2767,479,120
10/5/2020,State,MCRHC,96,374,470,10,90,30,468,639,2035,3301,123,2674,457,137
11/15/2020,State,DHPC,41,149,190,15,3,27,424,390,1379,2640,114,1769,157,85
8/14/2020,State,EHPC,61,206,267,20,23,42,420,663,1849,3851,160,2512,281,119
5/16/2020,State,SHPR,22,50,72,,,,112,247,718,1392,19,965,144,26
8/26/2020,State,MHPC,93,339,432,29,94,73,687,1188,3520,4815,242,4708,568,212
7/1/2020,State,DHPC,36,196,232,8,5,39,424,434,1621,2640,105,2055,178,91
8/29/2020,State,MCRHC,118,344,462,11,108,37,468,679,1978,3301,126,2657,464,120
4/30/2020,State,CapRAC,73,151,224,,,,203,617,1355,1418,87,1972,262,66
7/22/2020,State,SHPR,6,9,15,0,2,16,112,23,157,1392,59,180,42,2
6/5/2020,State,DHPC,14,165,179,8,1,40,424,247,1604,2640,104,1851,303,97
9/10/2020,State,MCRHC,87,383,470,8,77,39,468,653,2072,3301,111,2725,460,134
9/13/2020,State,DHPC,24,147,171,31,15,24,424,352,1367,2640,82,1719,155,83
9/18/2020,State,MAHPC,70,109,179,1,54,17,247,546,955,1979,42,1501,136,53
4/16/2020,State,THPC,209,351,560,,,,926,1694,2697,6070,69,4391,459,153
11/9/2020,State,EHPC,72,230,302,29,32,41,420,873,2042,3851,165,2915,344,137
11/14/2020,State,CapRAC,26,143,169,5,20,28,203,194,935,1418,89,1129,170,30
8/6/2020,State,CapRAC,43,118,161,6,24,26,203,266,751,1418,94,1017,150,44
4/27/2020,State,SHPR,28,41,69,,,,112,334,646,1392,17,980,187,27
10/17/2020,State,MCRHC,99,371,470,12,35,32,468,692,2022,3301,124,2714,468,126
10/31/2020,State,CapRAC,33,136,169,6,18,22,203,234,843,1418,68,1077,167,33
10/17/2020,State,MAHPC,59,108,167,2,26,13,247,454,911,1979,53,1365,130,48
7/14/2020,State,SHPR,9,60,69,5,3,17,112,88,882,1392,62,970,124,40
10/7/2020,State,SHPR,42,35,77,11,23,7,112,227,789,1392,42,1016,151,23
11/4/2020,State,DHPC,34,156,190,12,4,23,424,344,1434,2640,88,1778,143,99
6/9/2020,State,MCRHC,94,245,339,9,14,37,468,241,2298,3301,99,2539,273,127
4/13/2020,State,MAHPC,77,93,170,,,,247,506,635,1979,11,1141,179,29
4/29/2020,State,CapRAC,65,159,224,,,,203,631,1333,1418,98,1964,271,57
8/15/2020,State,CapRAC,47,120,167,2,25,23,203,383,774,1418,61,1157,155,47
11/22/2020,State,SHPR,45,46,91,7,18,11,112,309,715,1392,48,1024,142,32
7/15/2020,State,EHPC,55,198,253,19,28,29,420,715,1748,3851,106,2463,379,116
11/22/2020,State,MCRHC,99,373,472,28,51,52,468,663,2103,3301,186,2766,489,110
8/21/2020,State,MCRHC,90,362,452,5,110,38,468,625,2042,3301,127,2667,482,112
7/17/2020,State,MHPC,47,369,416,43,82,79,687,600,3482,4815,328,4082,548,219
8/18/2020,State,MHPC,86,351,437,27,124,83,687,1161,3592,4815,268,4753,570,212
4/20/2020,State,THPC,267,316,583,,,,926,1864,2571,6070,43,4435,476,157
11/16/2020,State,EHPC,76,218,294,30,24,37,420,745,2162,3851,216,2907,325,156
10/6/2020,State,MCRHC,91,371,462,12,102,32,468,592,2016,3301,130,2608,459,125
10/8/2020,State,CapRAC,36,133,169,7,28,21,203,190,888,1418,52,1078,164,36
8/2/2020,State,MHPC,86,321,407,25,133,100,687,1267,2845,4815,312,4112,550,220
8/24/2020,State,EHPC,89,187,276,35,23,43,420,802,1782,3851,146,2584,288,114
4/27/2020,State,EHPC,104,179,283,,,,420,999,1404,3851,79,2403,359,112
4/7/2020,State,EHPC,99,185,284,,,,420,1366,1490,3851,60,2856,343,123
9/8/2020,State,EHPC,91,206,297,11,68,49,420,816,2001,3851,197,2817,301,110
9/4/2020,State,CapRAC,48,113,161,3,23,15,203,211,815,1418,59,1026,158,36
6/29/2020,State,DHPC,44,190,234,9,4,39,424,432,1598,2640,108,2030,181,89
8/25/2020,State,CapRAC,39,122,161,2,16,19,203,268,756,1418,50,1024,162,32
8/5/2020,State,MAHPC,69,94,163,12,53,20,247,489,826,1979,63,1315,131,41
9/7/2020,State,EHPC,111,190,301,7,54,51,420,974,1875,3851,201,2849,316,100
8/3/2020,State,MAHPC,68,101,169,7,47,20,247,524,816,1979,56,1340,139,35
12/10/2020,State,MAHPC,42,137,179,20,38,38,247,442,1056,1979,134,1498,125,64
7/12/2020,State,CapRAC,52,205,257,16,11,54,203,533,1485,1418,191,2018,260,85
11/6/2020,State,MCRHC,102,370,472,17,66,35,468,611,2107,3301,128,2718,472,122
10/15/2020,State,CapRAC,43,126,169,7,10,26,203,206,873,1418,58,1079,163,37
5/17/2020,State,EHPC,93,170,263,,,,420,812,1402,3851,95,2214,335,121
11/16/2020,State,DHPC,36,156,192,19,3,30,424,292,1488,2640,122,1780,158,84
5/30/2020,State,EHPC,17,249,266,,,,420,658,1560,3851,88,2218,335,111
6/3/2020,State,MCRHC,82,239,321,0,46,22,468,223,2211,3301,61,2434,268,118
11/30/2020,State,MCRHC,96,376,472,26,50,62,468,636,2124,3301,232,2760,480,119
7/21/2020,State,SHPR,19,58,77,7,4,15,112,248,723,1392,60,971,134,34
8/26/2020,State,MAHPC,53,100,153,5,50,11,247,346,846,1979,49,1192,121,39
10/3/2020,State,MHPC,96,331,427,27,139,58,687,1277,3418,4815,207,4695,576,239
6/27/2020,State,SHPR,15,48,63,5,6,7,112,121,756,1392,37,877,116,37
12/5/2020,State,MCRHC,88,383,471,34,51,69,468,645,2091,3301,250,2736,464,135
11/18/2020,State,MHPC,71,358,429,50,135,94,687,1045,3591,4815,371,4636,581,243
8/2/2020,State,MCRHC,81,371,452,16,88,43,468,636,2036,3301,155,2672,476,118
5/21/2020,State,MHPC,100,335,435,,,,687,948,3006,4815,87,3954,549,197
10/11/2020,State,DHPC,48,141,189,18,2,22,424,360,1377,2640,94,1737,162,80
4/28/2020,State,EHPC,97,181,278,,,,420,925,1481,3851,97,2406,289,125
7/22/2020,State,MAHPC,71,100,171,5,51,14,247,502,835,1979,38,1337,128,42
11/4/2020,State,MCRHC,89,383,472,17,46,39,468,627,2094,3301,131,2721,465,129
9/16/2020,State,MAHPC,71,108,179,5,54,18,247,487,1014,1979,52,1501,149,40
7/2/2020,State,MHPC,43,399,442,39,99,65,687,654,3419,4815,279,4073,569,177
6/19/2020,State,MAHPC,42,91,133,2,53,7,247,282,885,1979,24,1167,160,36
8/3/2020,State,MCRHC,84,364,448,6,103,41,468,617,2061,3301,164,2678,477,117
12/3/2020,State,MCRHC,99,373,472,29,48,65,468,582,2164,3301,253,2746,475,124
8/22/2020,State,MHPC,117,315,432,21,139,72,687,1437,3329,4815,245,4766,563,219
4/7/2020,State,CapRAC,60,138,198,,,,203,664,1189,1418,50,1853,255,67
10/30/2020,State,THPC,112,463,575,58,26,111,926,1599,3607,6070,328,5206,517,229
9/19/2020,State,MAHPC,67,106,173,3,38,17,247,548,870,1979,43,1418,136,46
5/6/2020,State,MHPC,122,303,425,,,,687,1250,2892,4815,107,4142,722,163
4/23/2020,State,SHPR,41,28,69,,,,112,300,681,1392,10,981,191,25
6/27/2020,State,CapRAC,52,205,257,17,13,60,203,455,1560,1418,146,2015,246,97
7/31/2020,State,EHPC,53,206,259,19,18,39,420,642,1802,3851,131,2444,304,119
10/15/2020,State,MAHPC,61,118,179,12,58,20,247,464,1031,1979,66,1495,137,52
8/1/2020,State,THPC,170,399,569,28,43,80,926,1653,3156,6070,251,4809,493,188
9/28/2020,State,THPC,128,437,565,30,17,66,926,1795,3435,6070,205,5230,528,215
10/2/2020,State,MAHPC,59,110,169,8,50,19,247,475,916,1979,40,1391,128,49
8/8/2020,State,THPC,173,397,570,33,39,84,926,1563,3108,6070,251,4671,444,196
5/11/2020,State,MHPC,143,424,567,,,,687,1344,2750,4815,87,4094,702,183
6/19/2020,State,MCRHC,87,222,309,7,50,35,468,228,2142,3301,80,2370,266,111
4/10/2020,State,THPC,207,270,477,,,,926,1301,1942,6070,49,3243,371,103
7/16/2020,State,EHPC,68,196,264,20,32,32,420,658,1760,3851,121,2418,318,111
9/20/2020,State,THPC,134,415,549,11,15,63,926,1808,3342,6070,172,5150,489,254
12/1/2020,State,THPC,96,465,561,98,36,152,926,1579,3658,6070,562,5237,534,250
9/10/2020,State,MAHPC,59,105,164,4,52,12,247,479,808,1979,42,1287,134,36
10/25/2020,State,MCRHC,102,369,471,17,31,37,468,691,2032,3301,142,2723,471,123
10/19/2020,State,MHPC,75,352,427,30,94,71,687,1209,3472,4815,301,4681,573,255
8/26/2020,State,EHPC,76,207,283,29,38,39,420,775,1968,3851,149,2743,282,130
6/20/2020,State,DHPC,14,160,174,10,6,34,424,240,1475,2640,100,1715,163,86
8/17/2020,State,MHPC,84,353,437,26,101,83,687,1386,3342,4815,288,4728,572,208
7/2/2020,State,THPC,142,422,564,15,128,56,926,1531,3146,6070,196,4677,490,202
11/20/2020,State,MCRHC,106,366,472,26,55,54,468,671,2092,3301,185,2763,497,102
8/13/2020,State,DHPC,10,157,167,14,15,19,424,306,1476,2640,73,1782,162,79
6/19/2020,State,THPC,142,435,577,15,154,75,926,1262,2986,6070,216,4248,468,221
6/11/2020,State,THPC,126,449,575,10,212,73,926,1329,2902,6070,178,4231,419,224
7/23/2020,State,MCRHC,102,359,461,17,116,48,468,613,2109,3301,146,2722,467,127
8/17/2020,State,DHPC,23,148,171,4,12,18,424,323,1449,2640,70,1772,160,81
9/14/2020,State,CapRAC,31,138,169,0,22,23,203,217,852,1418,60,1069,161,39
8/2/2020,State,EHPC,60,192,252,15,20,36,420,679,1631,3851,132,2310,285,115
7/27/2020,State,CapRAC,118,50,168,7,24,33,203,378,678,1418,91,1056,155,47
9/24/2020,State,SHPR,37,40,77,2,22,7,112,282,734,1392,32,1016,139,31
7/27/2020,State,EHPC,64,209,273,19,23,44,420,754,1753,3851,136,2507,297,145
5/30/2020,State,DHPC,18,160,178,,,,424,320,1490,2640,90,1810,300,92
11/15/2020,State,CapRAC,28,141,169,6,17,30,203,214,914,1418,99,1128,162,38
8/4/2020,State,MAHPC,66,97,163,2,61,19,247,486,834,1979,53,1320,126,44
11/11/2020,State,EHPC,58,243,301,28,24,33,420,688,2226,3851,164,2914,344,137
7/15/2020,State,THPC,122,434,556,18,81,101,926,1249,3164,6070,262,4413,480,189
10/29/2020,State,SHPR,31,46,77,4,30,14,112,243,767,1392,45,1010,141,33
12/9/2020,State,DHPC,21,174,195,22,3,42,424,279,1520,2640,159,1799,155,87
5/29/2020,State,SHPR,17,52,69,,,,112,112,853,1392,26,965,142,28
10/24/2020,State,EHPC,85,217,302,37,23,48,420,849,2039,3851,201,2888,354,129
5/15/2020,State,DHPC,32,183,215,,,,424,554,1620,2640,75,2174,339,92
5/9/2020,State,CapRAC,47,177,224,,,,203,605,1375,1418,72,1980,242,86
5/6/2020,State,EHPC,87,203,290,,,,420,951,1570,3851,94,2521,370,129
11/17/2020,State,CapRAC,27,142,169,10,30,34,203,177,950,1418,120,1127,165,35
11/27/2020,State,THPC,118,436,554,57,19,129,926,1867,3322,6070,520,5189,528,250
12/6/2020,State,MCRHC,82,387,469,37,50,66,468,643,2095,3301,253,2738,456,143
9/26/2020,State,EHPC,66,225,291,21,53,59,420,811,1994,3851,214,2805,307,96
9/17/2020,State,CapRAC,38,131,169,3,25,18,203,200,873,1418,47,1073,165,35
6/20/2020,State,MCRHC,88,267,355,7,45,47,468,302,2466,3301,103,2768,296,114
7/30/2020,State,MAHPC,65,106,171,6,46,20,247,470,862,1979,55,1332,133,40
8/10/2020,State,EHPC,66,205,271,14,28,48,420,690,1741,3851,159,2431,284,109
10/23/2020,State,MCRHC,90,381,471,19,51,31,468,666,2056,3301,139,2722,473,121
6/27/2020,State,MAHPC,70,79,149,1,48,8,247,476,674,1979,24,1150,117,34
8/30/2020,State,SHPR,49,28,77,0,24,3,112,313,687,1392,32,1000,119,51
7/26/2020,State,CapRAC,118,51,169,7,22,37,203,470,678,1418,94,1148,163,39
6/3/2020,State,THPC,140,420,560,8,159,66,926,1029,3032,6070,176,4061,475,161
7/2/2020,State,EHPC,67,211,278,18,31,29,420,701,1841,3851,92,2542,380,125
10/8/2020,State,DHPC,54,136,190,17,6,22,424,282,1494,2640,82,1776,152,90
9/13/2020,State,THPC,124,410,534,15,7,62,926,1737,3211,6070,175,4948,476,243
10/17/2020,State,EHPC,66,236,302,28,9,57,420,725,2192,3851,235,2917,329,137
10/1/2020,State,THPC,120,447,567,24,27,65,926,1594,3652,6070,219,5246,548,195
7/23/2020,State,CapRAC,46,211,257,11,32,56,203,380,1640,1418,179,2020,274,71
9/17/2020,State,DHPC,27,146,173,32,10,22,424,317,1445,2640,68,1762,152,86
10/13/2020,State,CapRAC,28,141,169,1,26,25,203,165,912,1418,54,1077,171,29
4/15/2020,State,EHPC,117,175,292,,,,420,1223,1533,3851,81,2756,360,123
9/6/2020,State,CapRAC,45,116,161,2,23,18,203,255,760,1418,54,1015,153,41
8/16/2020,State,MHPC,103,307,410,26,69,77,687,1179,2610,4815,273,3789,552,194
11/25/2020,State,MCRHC,111,361,472,27,58,61,468,755,2012,3301,200,2767,478,121
5/5/2020,State,MCRHC,136,223,359,,,,468,693,2070,3301,72,2763,334,91
7/31/2020,State,MAHPC,70,99,169,13,45,20,247,504,841,1979,59,1345,135,39
4/17/2020,State,THPC,242,352,594,,,,926,1395,2649,6070,68,4044,474,156
6/11/2020,State,DHPC,67,169,236,19,8,48,424,371,1762,2640,115,2133,331,101
10/28/2020,State,MCRHC,77,394,471,19,56,28,468,569,2154,3301,145,2723,451,143
10/14/2020,State,DHPC,47,143,190,10,5,22,424,267,1498,2640,90,1765,143,99
5/7/2020,State,CapRAC,47,177,224,,,,203,522,1458,1418,75,1980,266,62
11/14/2020,State,EHPC,73,229,302,32,25,37,420,828,2087,3851,200,2915,337,144
9/20/2020,State,MAHPC,71,102,173,4,36,18,247,555,858,1979,47,1413,136,46
5/18/2020,State,THPC,156,414,570,,,,926,1327,2960,6070,132,4287,604,188
6/13/2020,State,MCRHC,77,262,339,9,8,46,468,248,2290,3301,96,2538,257,143
10/13/2020,State,THPC,106,456,562,48,23,75,926,1594,3655,6070,240,5249,537,209
11/4/2020,State,THPC,111,466,577,40,18,100,926,1603,3649,6070,333,5252,515,232
6/29/2020,State,MAHPC,81,95,176,0,41,9,247,538,855,1979,25,1393,133,46
10/29/2020,State,MHPC,55,373,428,19,124,83,687,1045,3632,4815,281,4677,591,243
6/18/2020,State,CapRAC,24,200,224,19,17,55,203,365,1644,1418,137,2009,238,90
4/16/2020,State,MCRHC,164,181,345,,,,468,691,1563,3301,49,2254,265,107
7/30/2020,State,SHPR,26,52,78,4,1,13,112,261,714,1392,46,975,133,37
5/19/2020,State,MAHPC,75,89,164,,,,247,328,922,1979,6,1250,182,22
5/26/2020,State,CapRAC,79,145,224,,,,203,644,1328,1418,72,1972,254,74
5/28/2020,State,MHPC,56,344,400,,,,687,907,3251,4815,138,4158,554,213
5/14/2020,State,EHPC,101,184,285,,,,420,841,1650,3851,98,2491,391,117
6/14/2020,State,EHPC,78,168,246,11,17,27,420,797,1383,3851,85,2180,327,97
12/8/2020,State,DHPC,21,171,192,22,3,40,424,283,1510,2640,166,1793,148,94
11/28/2020,State,THPC,115,439,554,104,23,133,926,1792,3341,6070,531,5133,526,252
10/27/2020,State,SHPR,38,39,77,4,27,11,112,276,734,1392,46,1010,144,30
11/23/2020,State,EHPC,72,156,228,41,28,45,420,805,2081,3851,235,2886,342,139
12/17/2020,State,MAHPC,52,153,205,14,43,49,247,498,1046,1979,163,1544,113,76
11/2/2020,State,SHPR,39,38,77,3,21,12,112,303,707,1392,41,1010,50,0
11/16/2020,State,MAHPC,61,118,179,5,30,19,247,524,965,1979,59,1489,137,52
11/18/2020,State,THPC,103,449,552,66,30,125,926,1596,3669,6070,440,5265,556,222
8/5/2020,State,MHPC,88,325,413,28,104,83,687,996,3112,4815,313,4108,566,208
7/7/2020,State,THPC,127,429,556,16,155,61,926,1276,3176,6070,216,4452,498,183
11/24/2020,State,CapRAC,26,143,169,6,27,32,203,198,931,1418,130,1129,155,45
10/4/2020,State,MAHPC,57,101,158,5,33,15,247,465,805,1979,46,1270,124,40
9/18/2020,State,SHPR,35,42,77,0,17,6,112,261,760,1392,32,1021,112,58
4/29/2020,State,DHPC,61,162,223,,,,424,673,1558,2640,72,2231,333,103
10/11/2020,State,EHPC,76,226,302,24,27,66,420,813,2121,3851,227,2934,315,131
9/29/2020,State,DHPC,16,127,143,30,11,21,424,266,1507,2640,79,1773,158,84
9/8/2020,State,MCRHC,115,347,462,14,83,37,468,652,1996,3301,115,2648,453,131
12/16/2020,State,THPC,63,508,571,106,24,191,926,1145,3895,6070,815,5040,514,270
7/31/2020,State,SHPR,20,57,77,4,4,13,112,265,710,1392,39,975,127,43
12/17/2020,State,THPC,84,490,574,92,14,182,926,1208,3859,6070,829,5067,521,263
12/11/2020,State,DHPC,18,174,192,23,3,44,424,321,1444,2640,166,1765,156,86
8/23/2020,State,EHPC,63,211,274,32,32,39,420,728,1754,3851,117,2482,281,112
5/22/2020,State,SHPR,20,48,68,,,,112,193,772,1392,20,965,140,30
11/9/2020,State,DHPC,38,150,188,13,3,21,424,290,1476,2640,81,1766,159,83
9/28/2020,State,MCRHC,114,357,471,11,60,24,468,663,2015,3301,106,2678,488,106
5/13/2020,State,MAHPC,75,76,151,,,,247,299,821,1979,3,1120,166,31
6/5/2020,State,MCRHC,88,259,347,3,32,25,468,192,2515,3301,72,2707,289,127
12/1/2020,State,MAHPC,59,120,179,20,40,26,247,443,1046,1979,91,1489,129,60
4/14/2020,State,MAHPC,68,101,169,,,,247,524,697,1979,12,1221,173,33
12/13/2020,State,CapRAC,15,154,169,12,28,47,203,168,971,1418,198,1139,143,57
9/22/2020,State,MCRHC,97,373,470,12,112,36,468,617,2067,3301,117,2684,442,152
8/23/2020,State,THPC,129,417,546,36,25,73,926,1773,3291,6070,255,5064,476,244
10/19/2020,State,MCRHC,84,386,470,9,36,28,468,636,2085,3301,118,2721,469,125
12/5/2020,State,THPC,90,468,558,104,27,155,926,1451,3632,6070,650,5083,568,216
5/23/2020,State,THPC,181,395,576,,,,926,1255,2806,6070,169,4061,454,187
7/10/2020,State,MCRHC,76,366,442,11,111,47,468,571,1956,3301,133,2527,442,136
8/25/2020,State,DHPC,17,154,171,15,21,18,424,300,1485,2640,72,1785,146,92
9/3/2020,State,MCRHC,101,369,470,12,111,39,468,642,2083,3301,133,2725,446,148
11/9/2020,State,SHPR,41,36,77,2,26,7,112,277,733,1392,44,1010,143,31
5/10/2020,State,CapRAC,64,160,224,,,,203,657,1309,1418,68,1966,256,72
9/30/2020,State,THPC,99,461,560,32,20,71,926,1532,3707,6070,214,5239,537,206
11/14/2020,State,MAHPC,60,119,179,7,31,19,247,534,965,1979,62,1499,140,49
7/18/2020,State,CapRAC,55,202,257,22,26,59,203,484,1538,1418,199,2022,269,76
9/21/2020,State,DHPC,21,146,167,32,5,17,424,356,1399,2640,85,1755,156,82
9/2/2020,State,EHPC,155,98,253,25,79,49,420,667,1583,3851,173,2250,292,90
6/10/2020,State,EHPC,61,207,268,10,23,35,420,646,1711,3851,127,2357,367,100
10/10/2020,State,DHPC,51,138,189,18,8,20,424,324,1413,2640,81,1737,160,82
10/31/2020,State,MAHPC,64,103,167,11,29,12,247,536,839,1979,52,1375,138,40
6/18/2020,State,DHPC,37,194,231,18,8,39,424,325,1805,2640,113,2130,334,98
10/14/2020,State,EHPC,57,243,300,25,17,52,420,593,2333,3851,230,2926,313,154
10/6/2020,State,DHPC,39,147,186,11,6,21,424,305,1466,2640,84,1771,144,98
6/15/2020,State,SHPR,13,56,69,4,6,16,112,137,828,1392,35,965,135,35
5/2/2020,State,MAHPC,22,28,50,,,,247,201,226,1979,6,427,53,2
6/29/2020,State,CapRAC,47,210,257,16,17,60,203,403,1609,1418,152,2012,261,84
10/10/2020,State,THPC,96,447,543,44,24,71,926,1728,3446,6070,246,5174,538,201
12/2/2020,State,CapRAC,24,145,169,14,28,35,203,166,961,1418,131,1127,143,57
6/27/2020,State,DHPC,19,154,173,8,7,40,424,207,1517,2640,106,1724,123,99
11/24/2020,State,DHPC,14,175,189,15,7,29,424,343,1441,2640,125,1784,159,83
11/30/2020,State,MAHPC,71,108,179,9,25,25,247,498,996,1979,88,1494,132,55
5/29/2020,State,DHPC,44,180,224,,,,424,302,1590,2640,84,1892,315,92
4/28/2020,State,CapRAC,74,150,224,,,,203,676,1288,1418,84,1964,275,53
6/22/2020,State,SHPR,22,47,69,1,3,15,112,152,813,1392,32,965,124,46
12/10/2020,State,EHPC,63,247,310,46,29,79,420,691,2286,3851,338,2977,339,163
5/12/2020,State,EHPC,121,169,290,,,,420,959,1567,3851,96,2526,401,97
7/26/2020,State,SHPR,19,58,77,9,1,13,112,333,642,1392,46,975,135,35
5/3/2020,State,CapRAC,86,138,224,,,,203,767,1209,1418,81,1976,269,59
7/19/2020,State,MAHPC,63,92,155,2,38,11,247,523,712,1979,41,1235,119,39
5/27/2020,State,CapRAC,54,170,224,,,,203,559,1423,1418,68,1982,256,72
5/8/2020,State,MAHPC,70,78,148,,,,247,316,822,1979,6,1138,157,35
7/14/2020,State,THPC,114,452,566,31,19,94,926,1381,3284,6070,283,4665,486,206
5/10/2020,State,MAHPC,76,57,133,,,,247,303,679,1979,2,982,155,21
11/17/2020,State,SHPR,44,47,91,3,27,7,112,238,773,1392,40,1011,146,28
7/7/2020,State,EHPC,72,180,252,18,32,25,420,721,1726,3851,81,2447,325,117
9/16/2020,State,MCRHC,78,384,462,12,95,35,468,547,2096,3301,113,2643,439,145
8/22/2020,State,MAHPC,61,87,148,4,55,8,247,359,773,1979,48,1132,120,35
8/13/2020,State,EHPC,60,188,248,20,23,36,420,617,1754,3851,141,2371,255,113
5/28/2020,State,MAHPC,71,92,163,,,,247,274,965,1979,10,1239,165,41
6/15/2020,State,MCRHC,95,248,343,4,22,44,468,442,2228,3301,100,2670,284,132
8/31/2020,State,MHPC,94,338,432,25,110,64,687,1346,3355,4815,257,4701,560,220
5/30/2020,State,SHPR,12,57,69,,,,112,167,798,1392,27,965,138,32
6/10/2020,State,MAHPC,23,93,116,0,48,10,247,190,849,1979,26,1039,140,42
7/9/2020,State,CapRAC,28,229,257,8,20,62,203,473,1547,1418,187,2020,233,112
10/27/2020,State,THPC,108,443,551,46,29,102,926,1588,3519,6070,309,5107,391,141
8/23/2020,State,SHPR,40,37,77,3,20,7,112,320,675,1392,29,995,141,29
7/20/2020,State,THPC,141,415,556,26,84,74,926,1602,2735,6070,255,4337,459,206
9/9/2020,State,MCRHC,100,362,462,8,111,37,468,590,2061,3301,116,2651,453,131
12/10/2020,State,THPC,82,485,567,118,24,166,926,1414,3755,6070,728,5169,534,250
10/17/2020,State,SHPR,37,40,77,4,23,13,112,248,762,1392,58,1010,137,37
12/8/2020,State,MCRHC,78,392,470,31,67,70,468,551,2205,3301,274,2756,454,145
4/28/2020,State,MHPC,167,282,449,,,,687,1424,2633,4815,132,4057,492,159
11/13/2020,State,THPC,89,472,561,63,24,98,926,1585,3661,6070,385,5246,568,209
5/25/2020,State,MCRHC,144,215,359,,,,468,633,2061,3301,67,2694,320,96
6/29/2020,State,MHPC,127,460,587,25,104,62,687,1019,2980,4815,245,3999,558,196
6/28/2020,State,MHPC,103,461,564,27,92,62,687,1128,2946,4815,240,4074,546,197
5/16/2020,State,MAHPC,60,74,134,,,,247,177,809,1979,4,986,157,19
6/23/2020,State,CapRAC,30,194,224,14,9,60,203,369,1642,1418,163,2011,227,101
8/2/2020,State,MAHPC,65,83,148,1,42,12,247,449,678,1979,51,1127,128,27
4/11/2020,State,MHPC,275,316,591,,,,687,1911,2186,4815,117,4097,472,128
8/6/2020,State,MAHPC,66,103,169,8,52,21,247,500,840,1979,63,1340,126,47
4/20/2020,State,DHPC,50,141,191,,,,424,704,1159,2640,56,1863,306,92
4/21/2020,State,MAHPC,65,102,167,,,,247,449,738,1979,9,1187,167,39
10/7/2020,State,THPC,116,452,568,34,29,76,926,1593,3692,6070,250,5285,539,204
7/2/2020,State,CapRAC,39,218,257,12,14,61,203,383,1627,1418,156,2010,279,66
6/16/2020,State,MHPC,77,372,449,21,153,53,687,818,3244,4815,197,4062,506,230
6/4/2020,State,MAHPC,48,100,148,1,40,9,247,297,934,1979,22,1231,163,41
5/16/2020,State,EHPC,49,241,290,,,,420,863,1659,3851,102,2522,368,122
6/17/2020,State,EHPC,84,209,293,9,27,34,420,793,1856,3851,116,2649,376,115
4/20/2020,State,MCRHC,126,203,329,,,,468,849,1760,3301,56,2609,309,110
11/25/2020,State,MHPC,87,340,427,43,82,111,687,1279,3371,4815,416,4650,591,262
9/19/2020,State,SHPR,38,39,77,1,22,6,112,280,736,1392,32,1016,142,28
4/10/2020,State,MCRHC,123,206,329,,,,468,824,1746,3301,49,2570,322,99
5/25/2020,State,THPC,149,365,514,,,,926,1170,2656,6070,159,3826,493,145
5/25/2020,State,MHPC,90,470,560,,,,687,1170,2957,4815,121,4127,513,205
10/26/2020,State,MCRHC,99,372,471,8,28,34,468,676,2048,3301,134,2724,464,130
10/18/2020,State,MAHPC,64,102,166,7,32,13,247,461,909,1979,56,1370,133,45
12/11/2020,State,SHPR,47,44,91,5,15,9,112,227,790,1392,79,1017,148,26
6/15/2020,State,MAHPC,47,77,124,4,32,11,247,353,747,1979,24,1100,150,41
8/31/2020,State,DHPC,22,149,171,14,13,21,424,354,1427,2640,84,1781,167,74
12/11/2020,State,MHPC,63,376,439,84,96,138,687,1061,3704,4815,581,4765,593,269
6/27/2020,State,EHPC,78,164,242,11,30,30,420,729,1481,3851,78,2210,283,102
5/4/2020,State,SHPR,30,42,72,,,,112,274,691,1392,14,965,139,31
11/3/2020,State,MAHPC,66,113,179,8,49,18,247,508,991,1979,63,1499,125,64
8/3/2020,State,THPC,186,407,593,14,49,74,926,1676,3216,6070,226,4892,500,194
8/28/2020,State,MAHPC,62,92,154,8,53,10,247,415,818,1979,48,1233,129,35
6/26/2020,State,MCRHC,136,330,466,8,85,34,468,530,2023,3301,111,2553,485,108
10/30/2020,State,MAHPC,63,116,179,12,33,16,247,527,967,1979,60,1494,148,41
4/30/2020,State,THPC,213,372,585,,,,926,1614,2759,6070,85,4373,520,190
7/19/2020,State,DHPC,14,133,147,11,0,40,424,341,1326,2640,124,1667,150,81
10/27/2020,State,CapRAC,29,140,169,9,15,24,203,187,886,1418,77,1073,161,39
4/20/2020,State,MAHPC,73,92,165,,,,247,494,727,1979,12,1221,172,36
12/5/2020,State,SHPR,37,54,91,3,16,10,112,244,766,1392,65,1010,147,27
11/4/2020,State,MHPC,73,358,431,31,120,73,687,1033,3653,4815,277,4686,580,249
5/30/2020,State,CapRAC,55,169,224,,,,203,479,1495,1418,61,1974,254,74
5/29/2020,State,MCRHC,103,253,356,,,,468,352,2381,3301,76,2733,307,116
8/24/2020,State,MHPC,100,332,432,21,120,66,687,1369,3391,4815,243,4760,576,204
7/22/2020,State,MHPC,40,357,397,36,83,88,687,515,3529,4815,329,4044,527,228
5/13/2020,State,EHPC,107,181,288,,,,420,896,1644,3851,95,2540,391,110
8/25/2020,State,MCRHC,86,360,446,13,112,39,468,581,2031,3301,132,2612,457,127
8/9/2020,State,MAHPC,64,84,148,1,38,10,247,446,663,1979,42,1109,118,37
9/30/2020,State,MCRHC,95,375,470,15,108,34,468,576,2098,3301,120,2674,472,122
5/19/2020,State,CapRAC,57,167,224,,,,203,538,1468,1418,64,2006,280,48
11/5/2020,State,THPC,96,451,547,50,19,96,926,1597,3489,6070,312,5086,506,224
7/4/2020,State,MHPC,81,337,418,33,100,64,687,1057,3035,4815,285,4092,556,186
11/27/2020,State,SHPR,40,51,91,3,14,15,112,317,698,1392,73,1015,140,34
9/16/2020,State,DHPC,21,150,171,29,7,25,424,314,1445,2640,68,1759,161,77
6/3/2020,State,DHPC,10,152,162,9,1,29,424,263,1331,2640,81,1594,251,86
7/26/2020,State,MAHPC,59,88,147,8,37,14,247,477,658,1979,50,1135,118,33
8/12/2020,State,MHPC,102,324,426,22,112,89,687,1067,3139,4815,286,4206,565,219
8/27/2020,State,MCRHC,97,366,463,16,102,40,468,608,2048,3301,127,2656,465,119
5/1/2020,State,THPC,217,372,589,,,,926,1707,2592,6070,76,4299,584,176
6/5/2020,State,CapRAC,49,175,224,20,12,36,203,431,1543,1418,98,1974,231,97
9/27/2020,State,THPC,112,439,551,8,12,71,926,1802,3373,6070,201,5175,511,232
11/22/2020,State,THPC,113,440,553,65,17,125,926,1708,3487,6070,462,5195,541,237
8/10/2020,State,MHPC,96,311,407,19,125,79,687,1208,2906,4815,287,4114,556,214
11/21/2020,State,CapRAC,29,140,169,6,22,30,203,210,913,1418,104,1123,161,39
8/21/2020,State,SHPR,33,44,77,2,27,9,112,270,725,1392,32,995,102,68
7/26/2020,State,THPC,194,376,570,20,39,74,926,1936,2881,6070,237,4817,475,193
10/14/2020,State,MHPC,61,366,427,31,116,57,687,926,3742,4815,270,4668,585,243
7/13/2020,State,MHPC,75,341,416,23,119,76,687,945,3063,4815,305,4008,548,216
8/26/2020,State,DHPC,20,149,169,11,12,15,424,320,1468,2640,67,1788,158,80
7/13/2020,State,SHPR,18,51,69,8,2,17,112,78,892,1392,64,970,124,40
9/28/2020,State,EHPC,76,225,301,17,18,62,420,771,2156,3851,216,2927,302,102
10/21/2020,State,CapRAC,44,125,169,0,11,18,203,195,884,1418,74,1079,173,27
11/27/2020,State,EHPC,79,152,231,22,26,50,420,857,2033,3851,254,2890,337,144
11/3/2020,State,SHPR,34,43,77,6,19,13,112,275,735,1392,46,1010,140,34
4/16/2020,State,CapRAC,72,152,224,,,,203,596,1362,1418,73,1958,278,61
8/1/2020,State,MHPC,72,323,395,29,158,95,687,1108,2901,4815,302,4009,536,217
9/12/2020,State,MHPC,98,335,433,25,95,65,687,1196,3521,4815,194,4717,521,209
8/27/2020,State,EHPC,82,215,297,35,38,56,420,848,2016,3851,159,2864,306,122
6/14/2020,State,THPC,121,453,574,9,80,69,926,1335,2730,6070,184,4065,455,211
6/19/2020,State,MHPC,82,391,473,15,106,79,687,733,3329,4815,211,4062,522,232
9/29/2020,State,THPC,121,443,564,40,16,65,926,1598,3630,6070,212,5228,525,218
8/11/2020,State,SHPR,24,53,77,4,33,9,112,257,709,1392,43,966,144,26
9/18/2020,State,MHPC,101,326,427,28,75,60,687,1069,3385,4815,213,4454,532,239
7/20/2020,State,EHPC,76,191,267,26,21,35,420,716,1665,3851,120,2381,321,117
11/12/2020,State,MAHPC,61,118,179,7,33,19,247,453,1041,1979,74,1494,143,46
5/6/2020,State,MCRHC,113,246,359,,,,468,770,1993,3301,80,2763,324,101
6/28/2020,State,SHPR,15,50,65,6,2,7,112,161,733,1392,41,894,121,40
10/6/2020,State,CapRAC,33,136,169,2,29,23,203,192,885,1418,42,1077,160,40
6/1/2020,State,MCRHC,98,261,359,,,,468,438,2307,3301,90,2745,312,113
7/11/2020,State,CapRAC,52,205,257,8,27,57,203,529,1489,1418,185,2018,253,92
11/20/2020,State,MAHPC,66,113,179,4,25,14,247,518,976,1979,60,1494,144,45
5/28/2020,State,SHPR,17,52,69,,,,112,137,810,1392,28,947,131,33
8/5/2020,State,THPC,199,394,593,32,61,87,926,1529,3392,6070,242,4921,492,204
7/6/2020,State,SHPR,18,51,69,5,2,13,112,127,830,1392,45,957,136,34
10/5/2020,State,SHPR,37,40,77,7,27,7,112,303,713,1392,34,1016,140,30
7/9/2020,State,DHPC,40,198,238,8,3,36,424,387,1661,2640,106,2048,178,92
7/31/2020,State,MCRHC,91,369,460,9,125,50,468,632,2074,3301,153,2706,471,122
11/5/2020,State,MAHPC,63,116,179,7,33,21,247,491,1008,1979,58,1499,141,48
7/21/2020,State,EHPC,73,192,265,15,24,38,420,717,1726,3851,117,2443,320,117
9/10/2020,State,MHPC,91,342,433,29,71,67,687,1016,3708,4815,235,4724,530,202
6/10/2020,State,CapRAC,47,174,221,13,21,44,203,340,1670,1418,119,2010,250,78
12/13/2020,State,MCRHC,83,386,469,35,66,74,468,664,2093,3301,297,2757,445,154
8/16/2020,State,SHPR,31,46,77,0,20,8,112,302,660,1392,23,962,136,33
8/21/2020,State,CapRAC,36,125,161,4,26,24,203,247,769,1418,59,1016,155,39
9/10/2020,State,CapRAC,37,132,169,3,22,21,203,197,868,1418,53,1065,160,40
8/24/2020,State,DHPC,29,142,171,6,4,17,424,352,1426,2640,64,1778,162,76
11/12/2020,State,THPC,98,466,564,69,13,103,926,1487,3782,6070,398,5269,564,213
11/4/2020,State,SHPR,37,40,77,5,29,11,112,253,757,1392,44,1010,139,35
11/11/2020,State,THPC,102,464,566,57,37,112,926,1534,3746,6070,400,5280,561,216
8/17/2020,State,SHPR,34,43,77,2,24,9,112,320,691,1392,26,1011,108,62
8/9/2020,State,MCRHC,107,339,446,4,105,41,468,701,1917,3301,145,2618,458,126
11/18/2020,State,EHPC,66,235,301,28,22,43,420,702,2212,3851,192,2914,342,139
5/25/2020,State,CapRAC,42,182,224,,,,203,605,1373,1418,66,1978,255,73
6/13/2020,State,MHPC,83,335,418,18,77,62,687,831,3146,4815,197,3977,489,227
12/7/2020,State,THPC,89,468,557,86,17,166,926,1470,3668,6070,684,5138,551,233
8/29/2020,State,CapRAC,43,125,168,1,26,21,203,397,763,1418,57,1160,170,32
8/11/2020,State,MCRHC,95,359,454,11,120,35,468,574,2059,3301,136,2633,474,120
10/31/2020,State,DHPC,37,151,188,13,8,18,424,358,1387,2640,75,1745,162,80
11/3/2020,State,MHPC,60,373,433,38,126,80,687,1041,3642,4815,283,4683,564,265
5/14/2020,State,MAHPC,84,79,163,,,,247,553,919,1979,5,1472,181,25
4/10/2020,State,SHPR,0,6,6,,,,112,50,73,1392,0,123,23,2
4/18/2020,State,SHPR,0,6,6,,,,112,31,66,1392,6,97,25,0
4/19/2020,State,SHPR,0,6,6,,,,112,18,62,1392,3,80,21,0
5/5/2020,State,SHPR,9,9,18,,,,112,71,125,1392,8,196,45,1
5/20/2020,State,SHPR,10,62,72,,,,112,123,824,1392,22,947,128,36
4/8/2020,State,SHPR,14,54,68,,,,112,242,601,1392,13,843,174,29
5/23/2020,State,SHPR,14,55,69,,,,112,242,705,1392,13,947,429,35
4/12/2020,State,SHPR,15,6,21,,,,112,110,82,1392,3,192,25,3
5/18/2020,State,SHPR,16,53,69,,,,112,220,727,1392,22,947,133,31
5/27/2020,State,SHPR,16,53,69,,,,112,140,825,1392,26,965,139,31
6/2/2020,State,SHPR,17,52,69,,,,112,183,782,1392,25,965,138,35
5/12/2020,State,SHPR,18,53,71,,,,112,187,778,1392,14,965,67,103
5/14/2020,State,SHPR,18,54,72,,,,112,120,845,1392,14,965,147,24
5/31/2020,State,SHPR,18,47,65,,,,112,207,733,1392,26,940,135,32
5/21/2020,State,SHPR,20,49,69,,,,112,161,786,1392,21,947,132,32
4/30/2020,State,SHPR,22,47,69,,,,112,288,677,1392,16,965,143,27
4/17/2020,State,SHPR,23,36,59,,,,112,402,495,1392,12,897,173,29
4/16/2020,State,SHPR,24,36,60,,,,112,364,537,1392,18,901,189,14
4/20/2020,State,SHPR,24,41,65,,,,112,420,556,1392,15,976,186,29
5/26/2020,State,SHPR,24,48,72,,,,112,222,743,1392,27,965,139,31
5/15/2020,State,SHPR,25,47,72,,,,112,175,790,1392,20,965,148,22
4/29/2020,State,SHPR,26,42,68,,,,112,285,677,1392,17,962,171,47
5/8/2020,State,SHPR,27,45,72,,,,112,240,707,1392,16,947,137,27
5/3/2020,State,SHPR,30,42,72,,,,112,315,650,1392,15,965,137,33
5/9/2020,State,SHPR,30,38,68,,,,112,307,633,1392,11,940,138,29
5/10/2020,State,SHPR,30,42,72,,,,112,334,631,1392,14,965,147,23
4/22/2020,State,SHPR,31,28,59,,,,112,273,633,1392,8,906,182,21
4/26/2020,State,SHPR,32,33,65,,,,112,305,600,1392,14,905,191,11
4/24/2020,State,SHPR,33,31,64,,,,112,255,650,1392,15,905,183,19
4/13/2020,State,SHPR,52,41,93,,,,112,376,600,1392,18,976,183,32
4/15/2020,State,SHPR,55,38,93,,,,112,413,594,1392,21,1007,184,28
4/14/2020,State,SHPR,57,36,93,,,,112,328,625,1392,17,953,182,29
8/28/2020,State,SHPR,45,26,71,1,27,2,112,260,675,1392,29,935,103,54
9/26/2020,State,SHPR,42,35,77,1,30,5,112,289,727,1392,23,1016,142,28
8/20/2020,State,SHPR,43,34,77,1,22,6,112,281,719,1392,31,1000,107,63
8/12/2020,State,SHPR,27,44,71,1,27,8,112,255,651,1392,31,906,129,28
8/22/2020,State,SHPR,37,40,77,1,26,9,112,303,692,1392,30,995,108,62
8/3/2020,State,SHPR,23,54,77,1,2,11,112,332,649,1392,37,981,132,38
6/12/2020,State,SHPR,11,58,69,1,7,19,112,92,873,1392,36,965,129,41
11/8/2020,State,SHPR,39,38,77,2,19,5,112,293,717,1392,40,1010,142,32
9/17/2020,State,SHPR,37,34,71,2,25,6,112,241,707,1392,32,948,95,62
10/3/2020,State,SHPR,39,38,77,2,18,7,112,300,716,1392,23,1016,143,27
10/1/2020,State,SHPR,39,38,77,2,27,7,112,263,753,1392,24,1016,145,25
9/7/2020,State,SHPR,38,39,77,2,16,9,112,286,728,1392,29,1014,131,39
8/9/2020,State,SHPR,18,53,71,2,0,10,112,293,614,1392,38,907,122,35
8/13/2020,State,SHPR,29,48,77,2,26,10,112,272,699,1392,35,971,140,30
7/1/2020,State,SHPR,6,63,69,2,2,12,112,55,900,1392,44,955,134,36
10/23/2020,State,SHPR,33,44,77,2,29,14,112,229,781,1392,55,1010,143,31
6/21/2020,State,SHPR,11,58,69,2,1,15,112,164,774,1392,33,938,122,44
7/28/2020,State,SHPR,22,55,77,2,6,15,112,295,686,1392,48,981,135,35
7/17/2020,State,SHPR,24,53,77,2,7,16,112,270,699,1392,57,969,126,39
6/17/2020,State,SHPR,8,61,69,2,5,18,112,44,921,1392,33,965,133,37
9/22/2020,State,SHPR,36,41,77,3,34,5,112,296,720,1392,25,1016,116,54
10/2/2020,State,SHPR,46,31,77,3,22,7,112,253,763,1392,23,1016,145,25
9/16/2020,State,SHPR,30,47,77,3,33,7,112,243,780,1392,31,1023,102,68
9/11/2020,State,SHPR,34,43,77,3,33,7,112,251,763,1392,27,1014,132,38
9/13/2020,State,SHPR,34,43,77,3,19,8,112,280,734,1392,28,1014,107,63
9/10/2020,State,SHPR,36,41,77,3,23,8,112,259,755,1392,32,1014,138,32
8/8/2020,State,SHPR,20,57,77,3,2,9,112,287,680,1392,41,967,137,33
9/14/2020,State,SHPR,41,36,77,3,11,9,112,305,709,1392,27,1014,110,60
8/18/2020,State,SHPR,33,44,77,3,24,9,112,264,736,1392,28,1000,107,63
8/7/2020,State,SHPR,24,53,77,3,2,10,112,268,705,1392,40,973,135,35
10/8/2020,State,SHPR,32,39,71,3,36,10,112,214,734,1392,41,948,129,28
6/4/2020,State,SHPR,19,51,70,3,3,11,112,138,827,1392,27,965,136,34
8/1/2020,State,SHPR,24,53,77,3,3,11,112,284,691,1392,34,975,133,37
8/6/2020,State,SHPR,22,55,77,3,4,11,112,276,691,1392,38,967,133,37
10/31/2020,State,SHPR,39,38,77,3,29,12,112,278,732,1392,38,1010,141,33
6/6/2020,State,SHPR,14,56,70,3,3,13,112,193,772,1392,25,965,140,30
6/20/2020,State,SHPR,9,54,63,3,1,14,112,148,730,1392,29,878,110,43
10/9/2020,State,SHPR,32,45,77,3,33,14,112,219,791,1392,51,1010,148,26
11/28/2020,State,SHPR,35,56,91,3,16,15,112,319,696,1392,75,1015,141,33
10/25/2020,State,SHPR,37,40,77,3,23,15,112,287,723,1392,55,1010,140,34
6/9/2020,State,SHPR,19,50,69,3,2,17,112,179,783,1392,28,962,139,31
6/18/2020,State,SHPR,14,55,69,3,3,17,112,94,871,1392,36,965,122,44
8/25/2020,State,SHPR,46,31,77,4,24,3,112,300,701,1392,31,1001,111,59
8/31/2020,State,SHPR,44,33,77,4,17,5,112,297,703,1392,34,1000,118,52
11/7/2020,State,SHPR,35,42,77,4,21,5,112,280,730,1392,42,1010,137,37
10/4/2020,State,SHPR,37,40,77,4,13,7,112,291,725,1392,32,1016,137,33
11/12/2020,State,SHPR,39,52,91,4,27,7,112,231,780,1392,42,1011,143,31
9/5/2020,State,SHPR,38,39,77,4,25,9,112,278,741,1392,30,1019,136,34
11/6/2020,State,SHPR,39,38,77,4,27,9,112,261,749,1392,42,1010,143,31
12/16/2020,State,SHPR,36,55,91,4,34,12,112,222,780,1392,82,1002,146,28
7/7/2020,State,SHPR,13,56,69,4,3,13,112,81,907,1392,49,988,141,29
10/19/2020,State,SHPR,36,41,77,4,17,13,112,271,739,1392,53,1010,136,38
10/26/2020,State,SHPR,36,41,77,4,23,13,112,290,720,1392,52,1010,142,32
11/25/2020,State,SHPR,41,50,91,4,23,14,112,254,770,1392,62,1024,149,25
7/15/2020,State,SHPR,16,61,77,4,3,16,112,235,720,1392,58,955,125,40
7/23/2020,State,SHPR,28,49,77,4,1,17,112,249,704,1392,60,953,133,33
6/11/2020,State,SHPR,14,55,69,4,2,17,112,126,839,1392,34,965,138,32
6/10/2020,State,SHPR,16,53,69,4,2,17,112,111,854,1392,33,965,137,33
6/13/2020,State,SHPR,13,56,69,4,4,17,112,156,791,1392,35,947,131,35
9/2/2020,State,SHPR,46,31,77,5,25,5,112,282,732,1392,30,1014,106,51
9/25/2020,State,SHPR,41,36,77,5,31,5,112,295,721,1392,25,1016,135,35
11/16/2020,State,SHPR,45,46,91,5,21,7,112,279,732,1392,38,1011,146,28
11/13/2020,State,SHPR,33,58,91,5,25,9,112,245,766,1392,40,1011,141,33
12/8/2020,State,SHPR,39,52,91,5,19,10,112,222,795,1392,77,1017,155,19
11/23/2020,State,SHPR,47,44,91,5,19,11,112,327,697,1392,52,1024,143,31
7/27/2020,State,SHPR,25,52,77,5,3,13,112,338,643,1392,49,981,138,32
10/15/2020,State,SHPR,32,45,77,5,21,13,112,210,806,1392,59,1016,141,33
7/29/2020,State,SHPR,22,55,77,5,1,14,112,268,713,1392,50,981,134,36
6/19/2020,State,SHPR,11,58,69,5,4,16,112,147,818,1392,36,965,124,46
11/19/2020,State,SHPR,44,47,91,6,30,7,112,250,774,1392,50,1024,144,30
11/11/2020,State,SHPR,37,41,78,6,26,9,112,217,780,1392,46,997,143,31
11/20/2020,State,SHPR,38,53,91,6,29,10,112,270,754,1392,46,1024,141,33
10/28/2020,State,SHPR,27,51,78,6,25,12,112,251,759,1392,41,1010,143,31
7/10/2020,State,SHPR,12,57,69,6,1,13,112,52,936,1392,57,988,124,40
7/25/2020,State,SHPR,31,46,77,6,1,13,112,336,639,1392,48,975,136,34
6/23/2020,State,SHPR,9,60,69,6,4,13,112,3,962,1392,38,965,136,34
10/16/2020,State,SHPR,33,44,77,6,23,13,112,212,798,1392,57,1010,134,40
6/24/2020,State,SHPR,4,65,69,6,4,14,112,39,926,1392,41,965,132,38
12/13/2020,State,SHPR,43,48,91,6,17,14,112,276,741,1392,83,1017,142,32
7/8/2020,State,SHPR,13,56,69,6,3,15,112,63,925,1392,50,988,132,36
7/4/2020,State,SHPR,14,55,69,7,1,12,112,157,780,1392,43,937,133,33
8/4/2020,State,SHPR,21,56,77,7,4,13,112,319,662,1392,41,981,132,38
6/8/2020,State,SHPR,21,48,69,7,2,15,112,199,766,1392,27,965,141,29
11/26/2020,State,SHPR,40,51,91,7,25,15,112,293,722,1392,73,1015,140,34
7/18/2020,State,SHPR,25,52,77,7,3,16,112,300,677,1392,60,977,130,38
9/23/2020,State,SHPR,32,45,77,8,31,6,112,270,746,1392,30,1016,137,33
6/30/2020,State,SHPR,9,60,69,8,1,10,112,96,841,1392,52,937,129,37
11/21/2020,State,SHPR,38,53,91,8,23,11,112,281,743,1392,45,1024,145,29
7/11/2020,State,SHPR,11,58,69,8,6,14,112,101,869,1392,59,970,123,41
11/5/2020,State,SHPR,40,37,77,9,26,10,112,250,760,1392,47,1010,145,29
12/7/2020,State,SHPR,38,53,91,9,16,11,112,291,726,1392,74,1017,146,28
10/22/2020,State,SHPR,32,45,77,9,22,13,112,257,753,1392,61,1010,139,35
11/24/2020,State,SHPR,43,48,91,9,30,16,112,293,731,1392,64,1024,148,26
10/6/2020,State,SHPR,40,37,77,10,29,8,112,254,737,1392,40,991,136,30
11/29/2020,State,SHPR,31,60,91,10,21,19,112,327,688,1392,79,1015,140,34
12/14/2020,State,SHPR,42,49,91,11,16,14,112,288,729,1392,84,1017,141,33
12/12/2020,State,SHPR,44,47,91,12,25,11,112,254,763,1392,80,1017,146,28
10/21/2020,State,SHPR,28,49,77,12,35,14,112,222,788,1392,61,1010,135,39
12/2/2020,State,SHPR,28,63,91,12,28,19,112,213,797,1392,83,1010,138,36
12/9/2020,State,SHPR,37,54,91,14,21,12,112,227,794,1392,75,1021,155,19
5/29/2020,State,CapRAC,47,177,224,,,,203,526,1458,1418,69,1984,251,77
5/6/2020,State,CapRAC,51,173,224,,,,203,578,1396,1418,79,1974,272,56
5/13/2020,State,CapRAC,52,172,224,,,,203,539,1453,1418,57,1992,251,70
5/23/2020,State,CapRAC,52,172,224,,,,203,562,1430,1418,72,1992,257,71
5/5/2020,State,CapRAC,54,170,224,,,,203,607,1366,1418,84,1973,267,61
5/14/2020,State,CapRAC,54,170,224,,,,203,564,1421,1418,45,1985,254,74
5/15/2020,State,CapRAC,56,168,224,,,,203,607,1375,1418,37,1982,258,70
5/20/2020,State,CapRAC,58,166,224,,,,203,535,1461,1418,68,1996,272,56
5/22/2020,State,CapRAC,61,163,224,,,,203,493,1495,1418,68,1988,259,69
4/8/2020,State,CapRAC,65,159,224,,,,203,613,1354,1418,56,1967,267,73
5/12/2020,State,CapRAC,70,154,224,,,,203,568,1420,1418,71,1988,254,74
4/15/2020,State,CapRAC,71,153,224,,,,203,649,1346,1418,72,1995,266,74
6/1/2020,State,CapRAC,71,153,224,,,,203,596,1391,1418,74,1987,243,85
4/9/2020,State,CapRAC,72,152,224,,,,203,566,1396,1418,58,1962,272,68
5/4/2020,State,CapRAC,74,148,222,,,,203,743,1229,1418,85,1972,264,64
5/11/2020,State,CapRAC,76,148,224,,,,203,617,1364,1418,73,1981,256,72
5/1/2020,State,CapRAC,77,147,224,,,,203,694,1275,1418,86,1969,263,65
4/13/2020,State,CapRAC,78,144,222,,,,203,990,957,1418,70,1947,279,61
5/17/2020,State,CapRAC,78,146,224,,,,203,663,1321,1418,43,1984,268,60
4/18/2020,State,CapRAC,80,144,224,,,,203,616,1342,1418,66,1958,269,63
4/20/2020,State,CapRAC,82,142,224,,,,203,606,1352,1418,66,1958,287,53
4/19/2020,State,CapRAC,88,136,224,,,,203,704,1254,1418,61,1958,282,56
4/24/2020,State,CapRAC,99,125,224,,,,203,541,1432,1418,92,1973,281,59
8/18/2020,State,CapRAC,44,125,169,0,22,24,203,364,801,1418,62,1165,156,46
8/31/2020,State,CapRAC,43,116,159,0,28,24,203,280,736,1418,62,1016,157,37
9/5/2020,State,CapRAC,36,125,161,1,21,17,203,208,807,1418,54,1015,149,45
10/18/2020,State,CapRAC,35,134,169,1,16,22,203,206,871,1418,55,1077,175,25
8/14/2020,State,CapRAC,47,113,160,1,27,24,203,265,762,1418,63,1027,155,39
8/11/2020,State,CapRAC,39,130,169,1,30,25,203,358,809,1418,82,1167,154,48
7/10/2020,State,CapRAC,37,220,257,1,21,55,203,476,1542,1418,193,2018,248,97
9/21/2020,State,CapRAC,67,157,224,2,31,15,203,258,870,1418,39,1128,162,38
9/7/2020,State,CapRAC,43,118,161,2,20,16,203,269,749,1418,54,1018,152,42
9/3/2020,State,CapRAC,51,110,161,2,30,17,203,212,816,1418,60,1028,160,34
11/8/2020,State,CapRAC,26,143,169,2,22,18,203,233,847,1418,66,1080,167,33
8/24/2020,State,CapRAC,38,131,169,2,24,18,203,367,794,1418,54,1161,169,33
10/9/2020,State,CapRAC,38,131,169,2,25,18,203,189,888,1418,44,1077,165,35
10/7/2020,State,CapRAC,34,135,169,2,28,21,203,194,887,1418,48,1081,160,40
10/2/2020,State,CapRAC,36,133,169,2,24,22,203,210,876,1418,34,1086,160,40
9/22/2020,State,CapRAC,35,134,169,2,31,22,203,199,875,1418,71,1074,159,41
8/30/2020,State,CapRAC,38,120,158,2,22,23,203,257,760,1418,59,1017,159,35
9/1/2020,State,CapRAC,40,118,158,2,21,24,203,242,766,1418,59,1008,159,35
10/1/2020,State,CapRAC,31,138,169,2,26,25,203,169,911,1418,39,1080,161,39
8/8/2020,State,CapRAC,52,117,169,2,26,27,203,421,742,1418,98,1163,157,45
9/29/2020,State,CapRAC,30,138,168,2,21,28,203,185,891,1418,53,1076,158,42
9/16/2020,State,CapRAC,41,128,169,3,28,20,203,199,867,1418,49,1066,170,30
8/22/2020,State,CapRAC,50,119,169,3,28,20,203,399,766,1418,58,1165,168,34
9/12/2020,State,CapRAC,36,130,166,3,29,20,203,210,845,1418,57,1055,155,45
10/5/2020,State,CapRAC,33,136,169,3,24,22,203,211,868,1418,42,1079,160,40
8/13/2020,State,CapRAC,50,119,169,3,29,23,203,366,809,1418,79,1175,154,48
10/26/2020,State,CapRAC,31,137,168,3,9,24,203,193,878,1418,69,1071,167,33
9/19/2020,State,CapRAC,49,129,178,3,14,24,203,250,820,1418,47,1070,166,34
9/24/2020,State,CapRAC,32,137,169,3,24,25,203,182,900,1418,46,1082,161,39
8/9/2020,State,CapRAC,58,111,169,3,18,26,203,418,744,1418,97,1162,164,38
8/7/2020,State,CapRAC,45,123,168,3,23,26,203,378,782,1418,93,1160,155,43
8/2/2020,State,CapRAC,40,121,161,3,18,37,203,272,743,1418,97,1015,148,46
9/20/2020,State,CapRAC,43,126,169,4,16,19,203,261,813,1418,45,1074,167,33
8/23/2020,State,CapRAC,48,121,169,4,19,19,203,409,756,1418,60,1165,160,42
8/27/2020,State,CapRAC,46,115,161,4,23,19,203,306,718,1418,50,1024,162,32
9/9/2020,State,CapRAC,42,127,169,4,25,19,203,217,844,1418,59,1061,162,38
8/28/2020,State,CapRAC,40,121,161,4,21,21,203,312,714,1418,57,1026,161,33
8/26/2020,State,CapRAC,37,132,169,4,22,22,203,361,816,1418,48,1177,166,36
9/23/2020,State,CapRAC,38,131,169,4,25,22,203,182,892,1418,45,1074,159,41
10/17/2020,State,CapRAC,45,124,169,4,14,23,203,182,895,1418,55,1077,167,33
11/1/2020,State,CapRAC,39,130,169,4,18,24,203,260,813,1418,66,1073,164,36
10/30/2020,State,CapRAC,28,141,169,4,12,25,203,204,871,1418,69,1075,168,32
10/4/2020,State,CapRAC,44,125,169,4,17,25,203,231,842,1418,39,1073,158,42
8/17/2020,State,CapRAC,44,125,169,4,26,26,203,379,786,1418,58,1165,159,43
10/20/2020,State,CapRAC,37,132,169,5,25,17,203,198,877,1418,68,1075,173,27
11/7/2020,State,CapRAC,35,134,169,5,25,19,203,251,829,1418,59,1080,165,35
8/16/2020,State,CapRAC,44,123,167,5,18,25,203,381,782,1418,62,1163,156,46
9/30/2020,State,CapRAC,28,140,168,5,26,25,203,181,896,1418,48,1077,165,35
11/13/2020,State,CapRAC,22,147,169,5,29,29,203,165,965,1418,91,1130,171,29
9/27/2020,State,CapRAC,39,129,168,6,17,26,203,227,852,1418,54,1079,164,36
9/26/2020,State,CapRAC,42,127,169,6,22,29,203,234,840,1418,54,1074,165,35
8/4/2020,State,CapRAC,44,125,169,6,31,33,203,339,828,1418,96,1167,155,47
11/27/2020,State,CapRAC,27,142,169,6,18,37,203,238,882,1418,126,1120,148,52
11/2/2020,State,CapRAC,37,132,169,7,17,21,203,227,850,1418,70,1077,156,44
10/25/2020,State,CapRAC,39,129,168,7,27,23,203,234,838,1418,74,1072,168,32
8/20/2020,State,CapRAC,45,123,168,7,23,24,203,365,797,1418,65,1162,156,46
11/16/2020,State,CapRAC,24,145,169,7,15,29,203,200,927,1418,108,1127,164,36
7/24/2020,State,CapRAC,45,124,169,7,31,30,203,301,855,1418,98,1156,165,37
10/23/2020,State,CapRAC,34,135,169,8,16,19,203,205,872,1418,77,1077,169,31
10/24/2020,State,CapRAC,44,125,169,8,9,23,203,211,866,1418,65,1077,168,32
8/19/2020,State,CapRAC,38,130,168,8,34,24,203,288,872,1418,70,1160,152,50
11/10/2020,State,CapRAC,25,143,168,8,29,25,203,158,921,1418,74,1079,167,33
11/11/2020,State,CapRAC,31,138,169,8,17,26,203,150,928,1418,71,1078,166,34
7/25/2020,State,CapRAC,51,118,169,8,23,35,203,433,721,1418,99,1154,166,36
11/28/2020,State,CapRAC,34,135,169,8,27,35,203,232,889,1418,125,1121,145,55
7/28/2020,State,CapRAC,124,55,179,8,30,36,203,439,717,1418,97,1156,152,50
7/29/2020,State,CapRAC,35,134,169,8,24,37,203,236,912,1418,99,1148,150,52
8/1/2020,State,CapRAC,42,127,169,8,19,44,203,379,777,1418,104,1156,151,51
11/4/2020,State,CapRAC,34,135,169,9,22,17,203,205,872,1418,66,1077,154,46
11/22/2020,State,CapRAC,25,143,168,9,25,30,203,223,905,1418,113,1128,161,39
11/20/2020,State,CapRAC,25,144,169,9,21,34,203,172,953,1418,118,1125,165,35
10/16/2020,State,CapRAC,34,135,169,10,16,26,203,168,915,1418,65,1083,169,31
6/9/2020,State,CapRAC,47,177,224,10,11,46,203,416,1564,1418,107,1980,248,80
7/14/2020,State,CapRAC,35,222,257,10,30,53,203,473,1553,1418,186,2026,255,90
11/23/2020,State,CapRAC,26,142,168,11,20,32,203,207,921,1418,125,1128,159,41
12/3/2020,State,CapRAC,27,142,169,11,26,35,203,172,951,1418,138,1123,152,48
12/7/2020,State,CapRAC,21,148,169,11,33,38,203,172,965,1418,176,1137,158,42
12/1/2020,State,CapRAC,20,149,169,11,26,39,203,173,952,1418,131,1125,140,60
7/16/2020,State,CapRAC,54,203,257,11,35,52,203,413,1611,1418,197,2024,268,77
7/30/2020,State,CapRAC,31,138,169,12,15,37,203,338,824,1418,107,1162,151,51
11/26/2020,State,CapRAC,29,140,169,12,23,38,203,224,897,1418,127,1121,148,52
6/28/2020,State,CapRAC,45,212,257,12,11,63,203,518,1498,1418,146,2016,260,85
12/6/2020,State,CapRAC,23,146,169,13,21,41,203,203,940,1418,160,1143,158,42
12/16/2020,State,CapRAC,33,136,169,13,23,43,203,178,973,1418,190,1151,137,63
7/15/2020,State,CapRAC,47,210,257,13,42,46,203,453,1567,1418,197,2020,263,82
6/20/2020,State,CapRAC,53,171,224,13,12,54,203,453,1554,1418,146,2007,227,101
12/8/2020,State,CapRAC,25,144,169,15,33,44,203,180,963,1418,179,1143,153,47
12/17/2020,State,CapRAC,24,145,169,15,28,46,203,180,969,1418,209,1149,133,67
7/5/2020,State,CapRAC,36,221,257,15,13,81,203,522,1490,1418,185,2012,266,79
12/9/2020,State,CapRAC,20,149,169,16,24,48,203,159,982,1418,196,1141,152,48
7/21/2020,State,CapRAC,45,210,255,16,16,50,203,370,1650,1418,196,2020,277,68
11/18/2020,State,CapRAC,26,143,169,17,11,29,203,155,975,1418,125,1130,162,38
6/11/2020,State,CapRAC,49,175,224,17,9,44,203,378,1635,1418,117,2013,238,90
12/12/2020,State,CapRAC,19,150,169,17,35,44,203,181,958,1418,194,1139,138,62
12/15/2020,State,CapRAC,20,149,169,17,38,49,203,193,950,1418,194,1143,145,55
12/4/2020,State,CapRAC,24,145,169,18,16,35,203,157,966,1418,140,1123,145,55
6/13/2020,State,CapRAC,46,178,224,19,22,54,203,470,1533,1418,125,2003,237,91
6/17/2020,State,CapRAC,31,193,224,19,10,60,203,389,1607,1418,140,1996,227,101
7/4/2020,State,CapRAC,37,220,257,19,18,73,203,523,1487,1418,189,2010,267,78
6/25/2020,State,CapRAC,43,212,255,20,8,55,203,462,1570,1418,156,2032,228,117
6/22/2020,State,CapRAC,40,184,224,20,12,59,203,461,1543,1418,169,2004,224,104
7/17/2020,State,CapRAC,43,214,257,20,28,63,203,447,1573,1418,199,2020,266,79
6/6/2020,State,CapRAC,56,168,224,21,9,37,203,455,1523,1418,105,1978,243,85
12/11/2020,State,CapRAC,23,146,169,21,37,49,203,177,964,1418,198,1141,144,56
7/1/2020,State,CapRAC,32,225,257,22,20,62,203,373,1647,1418,165,2020,267,78
7/3/2020,State,CapRAC,36,221,257,22,15,72,203,440,1588,1418,177,2028,269,76
6/21/2020,State,CapRAC,43,173,216,23,12,58,203,376,1472,1418,154,1848,226,94
7/7/2020,State,CapRAC,36,221,257,27,23,73,203,416,1604,1418,204,2020,244,101
6/30/2020,State,CapRAC,42,215,257,30,21,63,203,393,1633,1418,156,2026,258,87
5/7/2020,State,MAHPC,32,38,70,,,,247,237,310,1979,4,547,69,5
4/22/2020,State,MAHPC,41,35,76,,,,247,231,315,1979,8,546,67,9
4/29/2020,State,MAHPC,42,34,76,,,,247,256,316,1979,7,572,72,4
5/23/2020,State,MAHPC,51,85,136,,,,247,214,788,1979,13,1002,148,32
4/24/2020,State,MAHPC,55,82,137,,,,247,245,730,1979,9,975,146,39
4/8/2020,State,MAHPC,57,75,132,,,,247,422,531,1979,7,953,133,29
4/18/2020,State,MAHPC,59,74,133,,,,247,389,642,1979,6,1031,149,30
5/29/2020,State,MAHPC,60,94,154,,,,247,241,914,1979,12,1155,156,42
5/17/2020,State,MAHPC,62,68,130,,,,247,249,725,1979,5,974,154,19
4/10/2020,State,MAHPC,65,74,139,,,,247,448,639,1979,6,1087,154,29
4/11/2020,State,MAHPC,65,79,144,,,,247,407,605,1979,8,1012,147,36
5/3/2020,State,MAHPC,65,65,130,,,,247,337,704,1979,8,1041,147,24
4/19/2020,State,MAHPC,66,75,141,,,,247,448,601,1979,7,1049,145,39
5/12/2020,State,MAHPC,67,76,143,,,,247,257,775,1979,2,1032,161,27
4/23/2020,State,MAHPC,69,92,161,,,,247,294,790,1979,13,1084,166,40
4/7/2020,State,MAHPC,70,84,154,,,,247,546,642,1979,9,1188,173,29
5/6/2020,State,MAHPC,72,89,161,,,,247,368,856,1979,12,1224,175,29
5/21/2020,State,MAHPC,73,78,151,,,,247,289,897,1979,13,1186,170,30
4/28/2020,State,MAHPC,76,93,169,,,,247,410,778,1979,9,1188,172,34
4/30/2020,State,MAHPC,76,83,159,,,,247,465,724,1979,6,1189,173,29
5/1/2020,State,MAHPC,79,82,161,,,,247,404,753,1979,8,1157,167,26
5/4/2020,State,MAHPC,82,79,161,,,,247,440,775,1979,13,1215,177,27
7/2/2020,State,MAHPC,66,86,152,0,41,8,247,418,716,1979,23,1134,114,40
6/11/2020,State,MAHPC,22,90,112,0,45,10,247,177,863,1979,24,1040,147,36
6/20/2020,State,MAHPC,26,87,113,0,33,11,247,173,806,1979,23,979,132,44
6/13/2020,State,MAHPC,30,84,114,0,46,11,247,222,733,1979,24,955,143,35
6/23/2020,State,MAHPC,40,99,139,0,49,11,247,239,948,1979,25,1187,146,49
6/17/2020,State,MAHPC,23,37,60,1,3,4,247,168,300,1979,6,468,58,7
9/6/2020,State,MAHPC,52,86,138,1,24,8,247,359,650,1979,33,1009,110,33
6/14/2020,State,MAHPC,39,58,97,1,18,9,247,230,629,1979,21,859,133,34
9/7/2020,State,MAHPC,54,100,154,1,38,9,247,446,691,1979,38,1137,123,36
8/31/2020,State,MAHPC,77,92,169,1,42,9,247,472,863,1979,47,1335,138,34
9/8/2020,State,MAHPC,57,97,154,1,44,10,247,422,720,1979,38,1142,121,38
7/11/2020,State,MAHPC,53,96,149,1,36,15,247,456,681,1979,30,1137,110,41
8/7/2020,State,MAHPC,63,85,148,1,40,17,247,465,750,1979,52,1215,117,43
7/3/2020,State,MAHPC,63,98,161,2,43,7,247,500,768,1979,25,1268,127,35
8/15/2020,State,MAHPC,70,78,148,2,45,8,247,392,753,1979,41,1145,116,37
7/6/2020,State,MAHPC,78,98,176,2,32,9,247,550,851,1979,34,1401,138,41
6/5/2020,State,MAHPC,32,100,132,2,56,9,247,225,939,1979,26,1164,157,43
6/12/2020,State,MAHPC,24,85,109,2,33,10,247,199,812,1979,26,1011,149,34
6/9/2020,State,MAHPC,30,86,116,2,43,10,247,248,816,1979,25,1064,142,42
7/10/2020,State,MAHPC,69,92,161,2,43,12,247,478,782,1979,34,1260,120,42
11/2/2020,State,MAHPC,65,114,179,2,29,15,247,536,958,1979,50,1494,136,53
6/3/2020,State,MAHPC,38,99,137,2,51,15,247,275,912,1979,21,1187,151,40
9/13/2020,State,MAHPC,68,105,173,2,25,16,247,542,903,1979,49,1445,145,37
10/7/2020,State,MAHPC,54,124,178,2,48,16,247,457,1031,1979,49,1488,139,50
9/21/2020,State,MAHPC,64,109,173,2,37,18,247,526,949,1979,45,1475,140,45
9/28/2020,State,MAHPC,58,121,179,2,42,23,247,531,970,1979,46,1501,131,58
7/4/2020,State,MAHPC,67,82,149,3,52,8,247,477,663,1979,25,1140,119,32
8/8/2020,State,MAHPC,64,90,154,3,44,12,247,440,702,1979,43,1142,120,39
10/28/2020,State,MAHPC,59,120,179,3,37,15,247,453,1046,1979,59,1499,148,41
10/19/2020,State,MAHPC,68,111,179,3,32,16,247,525,970,1979,63,1495,143,46
9/15/2020,State,MAHPC,62,117,179,3,52,17,247,526,980,1979,49,1506,148,41
11/15/2020,State,MAHPC,58,121,179,3,24,20,247,537,957,1979,58,1494,141,48
9/30/2020,State,MAHPC,62,117,179,3,51,27,247,478,1023,1979,38,1501,139,50
8/23/2020,State,MAHPC,61,81,142,4,54,6,247,354,753,1979,47,1107,105,36
9/5/2020,State,MAHPC,50,88,138,4,45,8,247,364,645,1979,37,1009,108,35
8/29/2020,State,MAHPC,58,90,148,4,60,8,247,385,755,1979,38,1140,117,36
6/8/2020,State,MAHPC,17,97,114,4,35,9,247,301,829,1979,27,1130,150,43
9/4/2020,State,MAHPC,57,87,144,4,46,9,247,364,668,1979,37,1032,111,36
9/3/2020,State,MAHPC,48,90,138,4,49,9,247,316,711,1979,39,1027,106,35
8/20/2020,State,MAHPC,58,105,163,4,51,9,247,426,881,1979,51,1307,127,45
10/22/2020,State,MAHPC,58,115,173,4,25,11,247,447,1017,1979,45,1464,140,45
8/25/2020,State,MAHPC,60,109,169,4,42,13,247,435,892,1979,50,1327,129,43
11/9/2020,State,MAHPC,62,111,173,4,26,17,247,489,962,1979,54,1451,130,53
10/12/2020,State,MAHPC,66,113,179,4,47,17,247,537,963,1979,65,1500,149,40
7/14/2020,State,MAHPC,55,115,170,4,45,18,247,523,819,1979,36,1342,120,50
9/23/2020,State,MAHPC,57,122,179,4,48,18,247,477,1024,1979,29,1501,141,48
6/26/2020,State,MAHPC,71,107,178,5,42,9,247,502,898,1979,24,1400,141,37
8/21/2020,State,MAHPC,68,101,169,5,58,11,247,463,886,1979,53,1349,131,43
8/10/2020,State,MAHPC,74,95,169,5,29,13,247,529,797,1979,51,1326,128,44
11/22/2020,State,MAHPC,65,114,179,5,27,16,247,518,976,1979,59,1494,143,46
9/14/2020,State,MAHPC,61,111,172,5,43,17,247,533,912,1979,48,1445,142,40
8/14/2020,State,MAHPC,75,94,169,5,46,17,247,480,865,1979,59,1345,136,38
8/13/2020,State,MAHPC,69,106,175,5,47,17,247,464,881,1979,58,1345,134,40
9/17/2020,State,MAHPC,75,104,179,5,58,21,247,499,1002,1979,46,1501,141,48
10/26/2020,State,MAHPC,69,110,179,6,21,10,247,499,995,1979,54,1494,146,43
9/12/2020,State,MAHPC,62,110,172,6,51,14,247,526,924,1979,49,1450,148,34
7/8/2020,State,MAHPC,55,103,158,6,57,14,247,462,788,1979,35,1250,120,41
10/10/2020,State,MAHPC,57,116,173,6,61,15,247,503,905,1979,53,1408,141,41
9/27/2020,State,MAHPC,61,112,173,6,35,18,247,499,919,1979,42,1418,127,55
10/5/2020,State,MAHPC,62,116,178,6,52,19,247,509,984,1979,45,1493,133,56
10/1/2020,State,MAHPC,62,111,173,6,47,25,247,476,994,1979,40,1470,138,47
9/2/2020,State,MAHPC,63,91,154,7,44,6,247,407,773,1979,44,1180,119,38
6/30/2020,State,MAHPC,64,108,172,7,62,7,247,486,907,1979,27,1393,137,42
8/11/2020,State,MAHPC,72,97,169,7,51,12,247,492,840,1979,52,1332,128,44
10/6/2020,State,MAHPC,52,117,169,7,63,12,247,437,944,1979,38,1381,124,51
11/27/2020,State,MAHPC,74,105,179,7,25,14,247,561,933,1979,68,1494,141,48
7/23/2020,State,MAHPC,68,103,171,7,68,15,247,502,835,1979,44,1337,135,35
11/29/2020,State,MAHPC,74,105,179,7,37,18,247,529,960,1979,81,1489,139,50
9/29/2020,State,MAHPC,61,118,179,7,55,28,247,455,1046,1979,45,1501,138,51
8/27/2020,State,MAHPC,68,100,168,8,50,9,247,405,930,1979,52,1335,135,39
8/19/2020,State,MAHPC,74,89,163,8,46,10,247,451,859,1979,52,1310,125,47
8/1/2020,State,MAHPC,72,76,148,8,57,12,247,449,678,1979,52,1127,125,30
10/23/2020,State,MAHPC,55,124,179,8,23,14,247,484,1011,1979,48,1495,140,49
7/15/2020,State,MAHPC,69,101,170,8,53,16,247,536,809,1979,40,1345,131,39
7/29/2020,State,MAHPC,72,99,171,8,49,18,247,443,894,1979,55,1337,134,39
11/26/2020,State,MAHPC,57,116,173,8,28,19,247,459,947,1979,73,1406,131,51
7/24/2020,State,MAHPC,67,104,171,9,56,12,247,552,793,1979,45,1345,128,42
9/26/2020,State,MAHPC,62,105,167,9,58,16,247,499,883,1979,42,1382,128,50
10/9/2020,State,MAHPC,56,123,179,9,56,19,247,500,991,1979,54,1491,144,45
11/7/2020,State,MAHPC,61,115,176,9,33,21,247,536,963,1979,59,1499,128,61
7/21/2020,State,MAHPC,73,86,159,10,43,12,247,457,762,1979,38,1219,113,48
8/18/2020,State,MAHPC,66,103,169,10,44,12,247,421,906,1979,54,1327,135,37
8/12/2020,State,MAHPC,57,97,154,10,63,14,247,446,794,1979,51,1240,121,43
9/1/2020,State,MAHPC,65,75,140,11,48,7,247,364,744,1979,44,1108,122,35
7/9/2020,State,MAHPC,68,104,172,11,53,15,247,460,824,1979,36,1284,129,43
10/3/2020,State,MAHPC,66,107,173,11,58,17,247,515,898,1979,42,1413,138,44
10/8/2020,State,MAHPC,56,123,179,11,50,19,247,448,1050,1979,63,1498,145,44
11/25/2020,State,MAHPC,51,128,179,11,33,20,247,453,1039,1979,77,1492,135,54
10/29/2020,State,MAHPC,54,125,179,13,32,13,247,446,1048,1979,63,1494,156,33
11/19/2020,State,MAHPC,57,121,178,13,23,17,247,500,988,1979,60,1488,147,42
11/18/2020,State,MAHPC,54,125,179,13,35,17,247,427,1062,1979,61,1489,133,56
10/13/2020,State,MAHPC,58,121,179,14,60,15,247,483,1012,1979,58,1495,145,52
11/17/2020,State,MAHPC,59,120,179,14,32,19,247,486,1003,1979,59,1489,137,52
11/10/2020,State,MAHPC,61,118,179,14,41,20,247,480,1019,1979,63,1499,139,50
12/5/2020,State,MAHPC,57,122,179,14,32,31,247,521,973,1979,113,1494,132,57
12/14/2020,State,MAHPC,75,150,225,16,21,48,247,536,993,1979,142,1529,122,67
12/13/2020,State,MAHPC,71,154,225,16,30,51,247,522,1002,1979,139,1524,123,66
11/24/2020,State,MAHPC,53,126,179,19,26,18,247,476,1018,1979,81,1494,332,51
12/8/2020,State,MAHPC,50,129,179,21,41,36,247,431,1070,1979,133,1501,124,65
12/11/2020,State,MAHPC,61,164,225,23,31,43,247,482,1047,1979,151,1529,121,68
12/9/2020,State,MAHPC,49,130,179,24,37,39,247,438,1060,1979,130,1498,121,68
12/12/2020,State,MAHPC,68,157,225,25,33,45,247,504,1020,1979,143,1524,121,68
12/15/2020,State,MAHPC,67,157,224,30,40,50,247,496,1032,1979,144,1528,113,76
4/18/2020,State,EHPC,39,237,276,,,,420,951,1351,3851,77,2302,345,110
4/11/2020,State,EHPC,40,165,205,,,,420,621,987,3851,34,1608,222,99
4/23/2020,State,EHPC,70,213,283,,,,420,964,1513,3851,74,2477,347,117
6/2/2020,State,EHPC,72,200,272,,,,420,818,1657,3851,111,2475,338,121
5/28/2020,State,EHPC,76,182,258,,,,420,691,1520,3851,90,2211,343,103
5/22/2020,State,EHPC,79,159,238,,,,420,665,1341,3851,87,2006,313,104
5/27/2020,State,EHPC,79,191,270,,,,420,750,1597,3851,115,2347,355,110
4/22/2020,State,EHPC,80,200,280,,,,420,932,1615,3851,70,2547,353,120
5/5/2020,State,EHPC,83,205,288,,,,420,1101,1542,3851,105,2643,386,114
5/19/2020,State,EHPC,83,204,287,,,,420,858,1626,3851,111,2484,366,120
6/1/2020,State,EHPC,83,199,282,,,,420,888,1614,3851,107,2502,357,112
5/20/2020,State,EHPC,85,185,270,,,,420,750,1594,3851,109,2344,346,116
5/21/2020,State,EHPC,88,159,247,,,,420,732,1334,3851,80,2066,336,98
5/15/2020,State,EHPC,90,178,268,,,,420,795,1497,3851,85,2292,346,124
4/12/2020,State,EHPC,91,141,232,,,,420,904,1056,3851,42,1960,244,108
4/21/2020,State,EHPC,92,198,290,,,,420,1095,1537,3851,84,2632,337,123
4/29/2020,State,EHPC,93,195,288,,,,420,988,1570,3851,91,2558,376,124
4/6/2020,State,EHPC,96,170,266,,,,420,1174,1233,3851,53,2407,299,116
4/9/2020,State,EHPC,98,175,273,,,,420,1207,1472,3851,73,2679,344,117
4/20/2020,State,EHPC,98,177,275,,,,420,1201,1421,3851,81,2622,347,119
5/10/2020,State,EHPC,98,162,260,,,,420,785,1345,3851,81,2130,345,115
4/30/2020,State,EHPC,99,188,287,,,,420,1110,1563,3851,93,2673,367,124
5/18/2020,State,EHPC,99,192,291,,,,420,980,1596,3851,122,2576,379,119
5/1/2020,State,EHPC,103,148,251,,,,420,958,1305,3851,61,2263,358,87
5/4/2020,State,EHPC,103,187,290,,,,420,1071,1473,3851,99,2544,392,111
4/14/2020,State,EHPC,104,191,295,,,,420,1206,1510,3851,76,2716,362,121
4/19/2020,State,EHPC,104,186,290,,,,420,1188,1445,3851,82,2633,351,123
4/17/2020,State,EHPC,109,176,285,,,,420,1152,1427,3851,71,2579,354,115
4/10/2020,State,EHPC,110,182,292,,,,420,1219,1517,3851,73,2736,348,120
5/24/2020,State,EHPC,122,166,288,,,,420,633,1519,3851,101,2152,323,107
5/11/2020,State,EHPC,145,172,317,,,,420,979,1587,3851,98,2566,326,114
7/18/2020,State,EHPC,76,184,260,7,32,24,420,614,1817,3851,88,2431,284,116
6/4/2020,State,EHPC,91,173,264,7,3,29,420,661,1574,3851,106,2235,340,109
6/3/2020,State,EHPC,91,169,260,8,9,30,420,677,1549,3851,103,2226,350,106
7/4/2020,State,EHPC,74,169,243,9,18,15,420,662,1594,3851,66,2256,265,120
6/28/2020,State,EHPC,83,165,248,9,33,25,420,702,1523,3851,76,2225,285,105
6/30/2020,State,EHPC,59,186,245,9,23,26,420,735,1621,3851,83,2356,363,102
6/20/2020,State,EHPC,71,170,241,10,14,30,420,695,1475,3851,79,2170,304,100
6/12/2020,State,EHPC,80,188,268,10,16,33,420,604,1727,3851,117,2331,346,105
7/6/2020,State,EHPC,76,173,249,11,17,25,420,913,1519,3851,73,2432,359,111
6/5/2020,State,EHPC,73,177,250,11,14,26,420,668,1479,3851,87,2147,315,108
6/22/2020,State,EHPC,90,196,286,11,19,33,420,825,1713,3851,108,2538,371,114
7/10/2020,State,EHPC,63,182,245,12,29,26,420,555,1653,3851,80,2208,357,105
6/23/2020,State,EHPC,72,198,270,12,25,32,420,556,1826,3851,104,2382,363,111
9/13/2020,State,EHPC,83,218,301,12,47,50,420,847,2011,3851,171,2858,297,104
9/10/2020,State,EHPC,69,232,301,12,57,51,420,718,2130,3851,193,2848,294,107
9/15/2020,State,EHPC,82,219,301,12,50,55,420,750,2122,3851,181,2872,301,117
9/23/2020,State,EHPC,81,220,301,12,63,58,420,749,2182,3851,204,2931,295,109
6/26/2020,State,EHPC,75,173,248,13,26,33,420,562,1765,3851,98,2327,370,101
11/8/2020,State,EHPC,70,232,302,13,38,35,420,932,1983,3851,164,2915,334,147
6/9/2020,State,EHPC,67,195,262,13,13,38,420,683,1685,3851,114,2368,329,114
7/26/2020,State,EHPC,49,208,257,13,23,43,420,654,1773,3851,110,2427,286,141
6/6/2020,State,EHPC,86,154,240,14,11,21,420,427,1531,3851,85,1958,288,95
7/12/2020,State,EHPC,66,179,245,14,16,22,420,595,1611,3851,72,2206,323,132
6/21/2020,State,EHPC,72,153,225,14,15,33,420,694,1222,3851,86,1916,221,109
9/12/2020,State,EHPC,49,122,171,14,25,44,420,744,1126,3851,135,1870,239,57
8/31/2020,State,EHPC,80,205,285,14,20,51,420,981,1765,3851,151,2746,282,130
9/20/2020,State,EHPC,73,228,301,14,60,58,420,911,2008,3851,195,2919,306,111
7/9/2020,State,EHPC,61,181,242,15,25,20,420,684,1521,3851,81,2205,339,113
7/14/2020,State,EHPC,54,200,254,15,35,28,420,714,1686,3851,108,2400,365,117
6/8/2020,State,EHPC,91,174,265,15,14,29,420,819,1620,3851,121,2439,360,100
7/24/2020,State,EHPC,57,212,269,15,28,35,420,629,1829,3851,116,2458,296,138
10/21/2020,State,EHPC,62,240,302,15,19,49,420,651,2276,3851,246,2927,348,135
9/9/2020,State,EHPC,71,222,293,15,58,49,420,747,2035,3851,195,2782,285,108
9/27/2020,State,EHPC,67,234,301,15,49,58,420,886,2041,3851,207,2927,302,102
7/19/2020,State,EHPC,75,189,264,16,23,21,420,618,1804,3851,76,2422,305,119
7/3/2020,State,EHPC,62,190,252,16,40,23,420,703,1622,3851,67,2325,343,131
6/29/2020,State,EHPC,74,184,258,16,31,30,420,813,1591,3851,100,2404,490,106
6/24/2020,State,EHPC,63,185,248,16,30,33,420,606,1684,3851,101,2290,385,103
6/16/2020,State,EHPC,79,200,279,16,26,37,420,695,1751,3851,111,2446,368,108
6/18/2020,State,EHPC,73,220,293,16,25,39,420,702,1839,3851,113,2541,373,119
9/17/2020,State,EHPC,72,221,293,16,57,53,420,713,2152,3851,190,2865,286,107
7/30/2020,State,EHPC,67,212,279,17,34,39,420,657,1890,3851,146,2547,310,128
10/25/2020,State,EHPC,72,224,296,17,24,53,420,826,2083,3851,197,2909,318,158
9/18/2020,State,EHPC,62,239,301,17,59,59,420,808,2123,3851,186,2931,311,107
9/22/2020,State,EHPC,78,223,301,17,53,63,420,832,2099,3851,201,2931,293,111
6/11/2020,State,EHPC,69,174,243,18,20,25,420,517,1547,3851,85,2064,337,92
8/3/2020,State,EHPC,67,183,250,18,22,40,420,702,1580,3851,140,2282,281,123
10/8/2020,State,EHPC,60,242,302,18,29,55,420,680,2254,3851,205,2934,315,144
10/22/2020,State,EHPC,69,233,302,19,18,48,420,657,2274,3851,232,2931,336,147
9/21/2020,State,EHPC,76,225,301,19,47,61,420,813,2118,3851,203,2931,289,115
7/13/2020,State,EHPC,55,197,252,20,35,27,420,689,1596,3851,101,2285,369,121
7/28/2020,State,EHPC,62,211,273,20,23,43,420,702,1830,3851,146,2532,303,137
10/3/2020,State,EHPC,74,218,292,20,14,47,420,766,2046,3851,187,2812,298,134
7/11/2020,State,EHPC,65,185,250,21,27,22,420,604,1731,3851,79,2335,349,121
7/8/2020,State,EHPC,65,196,261,21,41,28,420,637,1782,3851,101,2419,378,117
10/5/2020,State,EHPC,69,233,302,21,23,49,420,775,2159,3851,186,2934,287,146
9/30/2020,State,EHPC,69,232,301,21,31,58,420,698,2235,3851,209,2933,302,132
8/12/2020,State,EHPC,66,203,269,23,23,43,420,707,1854,3851,153,2561,223,115
8/16/2020,State,EHPC,77,202,279,23,27,43,420,819,1738,3851,135,2557,276,129
10/15/2020,State,EHPC,60,242,302,23,13,47,420,647,2281,3851,238,2928,321,146
10/9/2020,State,EHPC,68,234,302,23,25,50,420,726,2196,3851,208,2922,318,124
10/23/2020,State,EHPC,59,243,302,23,11,51,420,686,2241,3851,196,2927,339,128
8/8/2020,State,EHPC,69,187,256,25,26,46,420,623,1710,3851,158,2333,273,101
11/2/2020,State,EHPC,84,217,301,25,39,46,420,782,2132,3851,182,2914,343,138
11/1/2020,State,EHPC,70,216,286,25,8,48,420,760,2057,3851,179,2817,313,145
10/1/2020,State,EHPC,84,217,301,25,12,52,420,764,2169,3851,203,2933,299,135
8/15/2020,State,EHPC,78,192,270,26,34,38,420,731,1757,3851,132,2488,257,114
11/19/2020,State,EHPC,65,233,298,26,21,47,420,751,2170,3851,193,2921,334,147
8/4/2020,State,EHPC,82,194,276,26,38,48,420,802,1841,3851,160,2643,311,120
10/29/2020,State,EHPC,64,238,302,26,18,50,420,717,2210,3851,192,2927,308,157
10/7/2020,State,EHPC,67,235,302,26,21,54,420,684,2250,3851,210,2934,301,148
11/12/2020,State,EHPC,67,233,300,27,26,35,420,736,2177,3851,194,2913,335,146
8/18/2020,State,EHPC,79,207,286,28,34,42,420,756,1825,3851,132,2581,276,127
10/6/2020,State,EHPC,67,235,302,28,22,50,420,749,2185,3851,197,2934,288,145
10/10/2020,State,EHPC,69,226,295,28,29,56,420,759,2124,3851,209,2883,288,135
10/18/2020,State,EHPC,74,228,302,28,6,57,420,725,2198,3851,243,2923,334,133
11/10/2020,State,EHPC,64,236,300,29,24,33,420,693,2220,3851,165,2913,347,134
11/6/2020,State,EHPC,72,230,302,29,36,38,420,738,2177,3851,184,2915,341,140
10/28/2020,State,EHPC,56,246,302,29,22,58,420,706,2221,3851,196,2927,306,159
8/11/2020,State,EHPC,70,197,267,30,30,45,420,669,1760,3851,147,2429,265,119
11/25/2020,State,EHPC,66,162,228,30,23,46,420,765,2122,3851,267,2887,340,141
8/22/2020,State,EHPC,94,178,272,31,30,39,420,694,1797,3851,107,2491,282,111
8/20/2020,State,EHPC,83,191,274,31,31,39,420,713,1860,3851,141,2573,271,123
11/15/2020,State,EHPC,80,223,303,32,17,38,420,783,2133,3851,206,2916,333,148
11/30/2020,State,EHPC,86,212,298,32,18,59,420,846,2089,3851,284,2935,335,147
10/13/2020,State,EHPC,50,240,290,32,18,61,420,629,2163,3851,244,2792,294,138
12/6/2020,State,EHPC,81,221,302,32,16,64,420,867,2102,3851,280,2969,344,158
11/26/2020,State,EHPC,85,146,231,34,28,50,420,849,2041,3851,245,2890,340,141
8/21/2020,State,EHPC,86,181,267,35,33,45,420,713,1803,3851,140,2516,273,114
11/5/2020,State,EHPC,80,222,302,36,34,37,420,747,2168,3851,185,2915,349,132
12/5/2020,State,EHPC,69,223,292,36,20,66,420,786,2066,3851,278,2852,329,161
11/17/2020,State,EHPC,65,229,294,39,27,38,420,693,2214,3851,198,2907,331,150
12/12/2020,State,EHPC,73,235,308,39,13,68,420,772,2175,3851,323,2947,345,157
12/4/2020,State,EHPC,69,233,302,39,20,70,420,756,2185,3851,290,2941,337,156
12/9/2020,State,EHPC,67,237,304,40,26,77,420,701,2270,3851,310,2971,348,154
12/3/2020,State,EHPC,69,235,304,43,23,67,420,710,2233,3851,307,2943,334,148
11/24/2020,State,EHPC,70,158,228,44,26,47,420,749,2138,3851,247,2887,345,136
11/28/2020,State,EHPC,76,226,302,44,24,54,420,867,2072,3851,263,2939,338,144
12/2/2020,State,EHPC,74,228,302,44,29,62,420,758,2181,3851,320,2939,338,144
12/11/2020,State,EHPC,76,226,302,44,17,76,420,731,2226,3851,335,2957,336,159
12/7/2020,State,EHPC,83,221,304,45,17,76,420,829,2142,3851,319,2971,329,173
11/21/2020,State,EHPC,70,225,295,51,26,43,420,850,2082,3851,215,2932,340,141
12/16/2020,State,EHPC,71,237,308,51,21,57,420,684,2246,3851,387,2930,331,165
12/15/2020,State,EHPC,66,240,306,65,17,63,420,674,2271,3851,367,2945,334,168
5/21/2020,State,DHPC,8,180,188,,,,424,293,1589,2640,78,1882,293,107
5/19/2020,State,DHPC,13,169,182,,,,424,351,1501,2640,71,1852,295,105
5/2/2020,State,DHPC,18,145,163,,,,424,427,1132,2640,60,1559,242,87
5/17/2020,State,DHPC,26,155,181,,,,424,442,1347,2640,77,1789,305,87
6/2/2020,State,DHPC,26,142,168,,,,424,214,1399,2640,81,1613,290,85
5/10/2020,State,DHPC,30,133,163,,,,424,501,1058,2640,61,1559,247,82
6/1/2020,State,DHPC,31,137,168,,,,424,296,1299,2640,79,1595,300,75
5/31/2020,State,DHPC,33,141,174,,,,424,364,1447,2640,93,1811,318,75
5/18/2020,State,DHPC,34,189,223,,,,424,675,1575,2640,90,2250,354,85
4/19/2020,State,DHPC,36,127,163,,,,424,610,929,2640,48,1539,236,92
5/26/2020,State,DHPC,43,161,204,,,,424,608,1598,2640,107,2206,350,81
5/27/2020,State,DHPC,43,164,207,,,,424,493,1698,2640,120,2191,351,80
5/4/2020,State,DHPC,46,149,195,,,,424,584,1330,2640,67,1914,319,87
5/12/2020,State,DHPC,47,170,217,,,,424,645,1553,2640,81,2198,335,97
5/22/2020,State,DHPC,47,167,214,,,,424,465,1753,2640,95,2218,341,91
5/6/2020,State,DHPC,53,166,219,,,,424,608,1651,2640,73,2259,346,94
5/13/2020,State,DHPC,53,162,215,,,,424,596,1586,2640,73,2182,329,103
4/30/2020,State,DHPC,54,150,204,,,,424,602,1573,2640,71,2175,339,90
4/23/2020,State,DHPC,56,145,201,,,,424,658,1269,2640,65,1927,264,108
4/22/2020,State,DHPC,59,164,223,,,,424,771,1433,2640,73,2204,319,115
5/7/2020,State,DHPC,59,160,219,,,,424,593,1646,2640,71,2239,361,79
5/11/2020,State,DHPC,59,136,195,,,,424,703,1239,2640,64,1942,278,91
4/21/2020,State,DHPC,63,158,221,,,,424,802,1392,2640,62,2194,329,105
5/8/2020,State,DHPC,63,157,220,,,,424,629,1626,2640,84,2255,360,76
4/15/2020,State,DHPC,67,150,217,,,,424,855,1344,2640,52,2199,337,90
4/27/2020,State,DHPC,67,134,201,,,,424,718,1270,2640,53,1988,273,99
4/16/2020,State,DHPC,70,147,217,,,,424,766,1425,2640,54,2191,339,88
4/17/2020,State,DHPC,71,124,195,,,,424,756,1147,2640,42,1903,277,87
4/14/2020,State,DHPC,74,143,217,,,,424,896,1305,2640,50,2201,330,97
4/9/2020,State,DHPC,87,130,217,,,,424,704,1315,2640,51,2019,276,94
4/7/2020,State,DHPC,92,125,217,,,,424,831,1241,2640,36,2072,340,91
4/6/2020,State,DHPC,100,117,217,,,,424,791,1240,2640,29,2031,374,84
7/27/2020,State,DHPC,39,182,221,6,16,27,424,474,1544,2640,125,2018,192,81
8/9/2020,State,DHPC,16,145,161,7,11,23,424,377,1323,2640,82,1700,164,69
9/1/2020,State,DHPC,17,153,170,7,21,24,424,304,1498,2640,80,1802,163,75
10/20/2020,State,DHPC,30,158,188,7,6,27,424,281,1501,2640,73,1782,149,93
10/30/2020,State,DHPC,50,138,188,8,4,17,424,336,1446,2640,76,1782,153,89
7/31/2020,State,DHPC,22,146,168,8,21,18,424,462,1319,2640,89,1781,160,81
8/20/2020,State,DHPC,34,139,173,8,21,18,424,373,1412,2640,65,1785,157,84
10/18/2020,State,DHPC,54,135,189,8,6,21,424,384,1371,2640,81,1755,158,84
10/19/2020,State,DHPC,25,161,186,8,7,27,424,311,1452,2640,92,1763,144,98
6/28/2020,State,DHPC,28,145,173,8,8,37,424,264,1432,2640,99,1696,131,91
8/19/2020,State,DHPC,26,147,173,9,14,17,424,355,1428,2640,64,1783,156,82
8/14/2020,State,DHPC,11,158,169,9,16,19,424,341,1427,2640,74,1768,154,87
8/15/2020,State,DHPC,26,147,173,9,20,19,424,429,1344,2640,67,1773,174,67
8/8/2020,State,DHPC,19,141,160,9,12,21,424,373,1324,2640,81,1697,163,70
10/12/2020,State,DHPC,50,140,190,9,5,22,424,302,1453,2640,105,1755,152,90
10/17/2020,State,DHPC,53,135,188,9,7,24,424,321,1431,2640,87,1752,159,83
8/22/2020,State,DHPC,30,138,168,10,12,16,424,429,1348,2640,57,1777,171,67
10/24/2020,State,DHPC,37,151,188,10,6,20,424,353,1402,2640,62,1755,151,91
10/1/2020,State,DHPC,12,130,142,10,5,22,424,265,1496,2640,78,1761,146,96
7/28/2020,State,DHPC,21,145,166,10,16,25,424,365,1415,2640,108,1780,150,91
12/4/2020,State,DHPC,18,179,197,10,7,38,424,285,1481,2640,146,1766,149,93
6/13/2020,State,DHPC,14,160,174,10,32,38,424,311,1524,2640,104,1835,297,95
6/25/2020,State,DHPC,15,165,180,10,6,44,424,204,1585,2640,98,1789,132,98
6/12/2020,State,DHPC,51,184,235,10,7,44,424,417,1719,2640,115,2136,332,100
6/22/2020,State,DHPC,35,198,233,10,2,49,424,402,1613,2640,120,2015,164,98
10/25/2020,State,DHPC,38,151,189,11,7,18,424,312,1422,2640,63,1734,150,92
7/29/2020,State,DHPC,16,149,165,11,17,21,424,371,1416,2640,101,1787,163,78
8/11/2020,State,DHPC,17,152,169,11,19,23,424,351,1420,2640,75,1771,157,84
10/21/2020,State,DHPC,31,159,190,11,2,25,424,269,1500,2640,73,1769,144,98
11/23/2020,State,DHPC,22,171,193,11,7,28,424,371,1415,2640,125,1786,160,82
7/12/2020,State,DHPC,16,161,177,11,2,36,424,397,1318,2640,95,1715,139,92
7/5/2020,State,DHPC,20,152,172,11,4,36,424,411,1278,2640,103,1689,147,84
7/18/2020,State,DHPC,12,146,158,11,8,37,424,354,1365,2640,124,1719,153,85
6/10/2020,State,DHPC,17,163,180,11,0,40,424,273,1601,2640,104,1874,303,97
6/16/2020,State,DHPC,24,160,184,11,6,41,424,309,1562,2640,103,1871,472,98
6/8/2020,State,DHPC,42,180,222,11,4,42,424,359,1476,2640,94,1835,312,95
6/9/2020,State,DHPC,55,181,236,11,4,44,424,381,1739,2640,112,2120,332,100
10/26/2020,State,DHPC,39,150,189,12,5,15,424,280,1490,2640,69,1770,138,104
8/27/2020,State,DHPC,18,150,168,12,21,15,424,341,1449,2640,72,1790,153,87
8/29/2020,State,DHPC,32,137,169,12,16,16,424,410,1342,2640,79,1752,171,67
10/7/2020,State,DHPC,47,142,189,12,8,22,424,298,1481,2640,79,1779,156,86
10/22/2020,State,DHPC,26,161,187,12,6,23,424,255,1520,2640,70,1775,152,90
11/18/2020,State,DHPC,42,148,190,12,4,30,424,279,1506,2640,111,1785,159,83
7/3/2020,State,DHPC,25,158,183,12,2,35,424,453,1339,2640,103,1792,154,84
6/26/2020,State,DHPC,18,161,179,12,6,43,424,210,1586,2640,97,1796,140,90
6/24/2020,State,DHPC,30,204,234,12,27,45,424,322,1741,2640,106,2063,169,93
6/15/2020,State,DHPC,74,147,221,12,5,61,424,367,1475,2640,113,1842,301,99
8/7/2020,State,DHPC,22,143,165,13,19,18,424,350,1393,2640,82,1743,173,68
10/5/2020,State,DHPC,51,136,187,13,10,21,424,335,1428,2640,87,1763,154,88
10/15/2020,State,DHPC,48,144,192,13,8,22,424,271,1489,2640,87,1760,140,102
7/4/2020,State,DHPC,34,142,176,13,0,30,424,469,1253,2640,98,1722,153,78
7/11/2020,State,DHPC,25,154,179,13,4,33,424,393,1328,2640,100,1721,133,98
6/19/2020,State,DHPC,16,162,178,13,8,36,424,256,1545,2640,98,1801,143,87
6/21/2020,State,DHPC,16,156,172,13,4,42,424,282,1407,2640,107,1689,140,82
8/28/2020,State,DHPC,18,147,165,14,15,15,424,381,1398,2640,72,1779,161,77
8/21/2020,State,DHPC,27,140,167,14,17,17,424,403,1379,2640,63,1782,157,81
11/3/2020,State,DHPC,37,153,190,14,6,19,424,333,1443,2640,79,1776,150,92
11/7/2020,State,DHPC,38,151,189,14,6,19,424,406,1358,2640,78,1764,171,71
7/20/2020,State,DHPC,14,141,155,14,2,33,424,334,1423,2640,132,1757,155,83
11/12/2020,State,DHPC,24,164,188,14,3,34,424,260,1534,2640,114,1794,139,103
10/3/2020,State,DHPC,20,117,137,15,5,19,424,365,1377,2640,81,1742,162,80
11/6/2020,State,DHPC,39,152,191,15,8,21,424,362,1412,2640,86,1774,159,83
7/25/2020,State,DHPC,16,151,167,15,21,29,424,420,1322,2640,120,1742,165,76
7/23/2020,State,DHPC,29,181,210,15,2,31,424,364,1666,2640,125,2030,192,79
12/3/2020,State,DHPC,10,184,194,15,3,36,424,284,1502,2640,155,1786,155,87
8/1/2020,State,DHPC,23,145,168,16,15,19,424,438,1320,2640,97,1758,168,73
7/7/2020,State,DHPC,23,161,184,16,4,34,424,378,1417,2640,110,1795,139,99
11/30/2020,State,DHPC,14,176,190,16,3,36,424,368,1418,2640,148,1786,165,77
7/13/2020,State,DHPC,15,197,212,16,2,37,424,447,1557,2640,107,2004,167,104
12/17/2020,State,DHPC,18,171,189,16,7,39,424,317,1427,2640,153,1744,144,90
12/16/2020,State,DHPC,14,183,197,16,17,40,424,300,1496,2640,160,1796,151,91
7/15/2020,State,DHPC,16,144,160,16,3,42,424,360,1415,2640,112,1775,153,85
10/9/2020,State,DHPC,60,128,188,17,6,21,424,306,1448,2640,88,1754,145,97
11/14/2020,State,DHPC,41,149,190,17,1,30,424,403,1385,2640,110,1788,160,82
11/28/2020,State,DHPC,24,164,188,17,7,31,424,526,1242,2640,126,1768,173,69
6/4/2020,State,DHPC,49,185,234,17,4,42,424,265,1860,2640,116,2125,288,91
12/10/2020,State,DHPC,19,175,194,17,6,47,424,291,1493,2640,168,1784,154,88
10/27/2020,State,DHPC,45,146,191,18,13,13,424,267,1516,2640,68,1783,148,94
8/6/2020,State,DHPC,22,143,165,18,19,19,424,324,1441,2640,83,1765,170,71
10/23/2020,State,DHPC,35,154,189,18,5,20,424,337,1442,2640,74,1779,149,93
11/26/2020,State,DHPC,12,178,190,18,7,31,424,497,1290,2640,138,1787,159,83
8/30/2020,State,DHPC,25,143,168,19,13,18,424,395,1353,2640,74,1748,173,65
11/13/2020,State,DHPC,37,153,190,20,5,31,424,312,1475,2640,116,1787,155,87
12/13/2020,State,DHPC,34,163,197,20,6,40,424,357,1402,2640,155,1759,161,81
12/7/2020,State,DHPC,12,178,190,21,2,43,424,299,1476,2640,154,1775,150,92
11/29/2020,State,DHPC,27,159,186,22,1,29,424,487,1284,2640,134,1771,170,72
7/22/2020,State,DHPC,23,187,210,22,4,36,424,371,1666,2640,125,2037,197,74
12/15/2020,State,DHPC,12,185,197,22,13,40,424,296,1491,2640,170,1787,147,95
12/1/2020,State,DHPC,19,174,193,23,4,36,424,308,1480,2640,148,1788,152,90
12/2/2020,State,DHPC,20,173,193,23,3,38,424,287,1511,2640,157,1798,156,86
9/4/2020,State,DHPC,20,152,172,28,45,21,424,380,1421,2640,73,1801,152,86
9/28/2020,State,DHPC,12,123,135,28,9,23,424,287,1442,2640,79,1729,152,86
12/12/2020,State,DHPC,23,175,198,28,7,45,424,371,1385,2640,159,1756,163,79
9/25/2020,State,DHPC,19,130,149,29,9,18,424,325,1433,2640,70,1758,159,79
9/5/2020,State,DHPC,17,152,169,31,42,23,424,338,1391,2640,69,1729,159,79
9/6/2020,State,DHPC,22,148,170,32,47,23,424,385,1344,2640,65,1729,158,80
9/12/2020,State,DHPC,17,153,170,32,25,26,424,320,1404,2640,67,1724,152,86
9/11/2020,State,DHPC,27,142,169,32,24,27,424,310,1418,2640,64,1728,158,80
9/9/2020,State,DHPC,18,151,169,34,38,32,424,312,1431,2640,78,1743,157,81
9/7/2020,State,DHPC,15,155,170,35,35,28,424,422,1315,2640,66,1737,145,93
9/23/2020,State,DHPC,12,157,169,36,5,19,424,295,1460,2640,67,1755,152,86
9/20/2020,State,DHPC,26,143,169,36,4,23,424,391,1335,2640,70,1726,160,78
9/8/2020,State,DHPC,16,155,171,39,55,27,424,341,1393,2640,71,1734,147,91
9/10/2020,State,DHPC,19,149,168,44,33,30,424,290,1439,2640,79,1729,150,88
4/13/2020,State,MCRHC,59,270,329,,,,468,1027,1628,3301,51,2655,303,114
5/9/2020,State,MCRHC,74,208,282,,,,468,586,1573,3301,68,2159,254,80
5/11/2020,State,MCRHC,81,189,270,,,,468,486,1498,3301,61,1984,251,77
5/28/2020,State,MCRHC,104,255,359,,,,468,372,2394,3301,69,2766,315,109
5/19/2020,State,MCRHC,111,210,321,,,,468,487,1947,3301,70,2434,287,109
5/22/2020,State,MCRHC,111,210,321,,,,468,397,1925,3301,67,2322,311,85
4/18/2020,State,MCRHC,113,206,319,,,,468,756,1790,3301,55,2546,323,92
5/21/2020,State,MCRHC,115,244,359,,,,468,425,2240,3301,89,2665,330,95
5/23/2020,State,MCRHC,115,244,359,,,,468,495,2201,3301,80,2696,323,103
4/8/2020,State,MCRHC,116,200,316,,,,468,887,1650,3301,40,2537,309,105
4/14/2020,State,MCRHC,116,178,294,,,,468,805,1336,3301,40,2141,250,82
5/15/2020,State,MCRHC,117,230,347,,,,468,539,2095,3301,75,2634,325,94
4/19/2020,State,MCRHC,120,162,282,,,,468,837,1299,3301,31,2136,268,60
4/23/2020,State,MCRHC,120,235,355,,,,468,1013,1864,3301,62,2877,323,100
5/16/2020,State,MCRHC,120,229,349,,,,468,585,2043,3301,71,2628,322,97
4/7/2020,State,MCRHC,121,207,328,,,,468,1092,1685,3301,37,2777,316,108
5/8/2020,State,MCRHC,122,237,359,,,,468,667,2123,3301,86,2790,330,95
4/11/2020,State,MCRHC,123,206,329,,,,468,911,1673,3301,46,2584,309,108
5/7/2020,State,MCRHC,124,235,359,,,,468,661,2102,3301,88,2763,321,98
5/27/2020,State,MCRHC,126,233,359,,,,468,409,2365,3301,75,2774,314,111
4/21/2020,State,MCRHC,131,198,329,,,,468,1032,1783,3301,56,2815,338,90
5/18/2020,State,MCRHC,131,228,359,,,,468,731,2042,3301,84,2773,322,103
4/30/2020,State,MCRHC,133,226,359,,,,468,800,1990,3301,94,2790,368,39
5/3/2020,State,MCRHC,134,187,321,,,,468,713,1697,3301,80,2410,316,80
5/17/2020,State,MCRHC,134,225,359,,,,468,690,1992,3301,76,2682,319,105
4/9/2020,State,MCRHC,135,194,329,,,,468,864,1727,3301,42,2591,312,109
4/6/2020,State,MCRHC,138,193,331,,,,468,1031,1666,3301,34,2697,309,98
4/27/2020,State,MCRHC,138,221,359,,,,468,878,1868,3301,75,2746,314,107
4/29/2020,State,MCRHC,140,219,359,,,,468,750,2033,3301,84,2783,306,101
5/4/2020,State,MCRHC,142,217,359,,,,468,781,1981,3301,86,2762,343,82
4/26/2020,State,MCRHC,145,214,359,,,,468,906,1845,3301,70,2751,302,99
4/25/2020,State,MCRHC,160,199,359,,,,468,757,1941,3301,71,2698,331,92
6/12/2020,State,MCRHC,81,228,309,2,49,30,468,225,2141,3301,74,2366,255,133
6/16/2020,State,MCRHC,93,254,347,3,45,42,468,321,2357,3301,95,2678,277,135
6/4/2020,State,MCRHC,83,238,321,4,14,17,468,234,2200,3301,62,2434,283,113
6/10/2020,State,MCRHC,87,270,357,4,54,43,468,252,2517,3301,96,2769,280,142
6/6/2020,State,MCRHC,88,259,347,5,23,30,468,318,2389,3301,83,2707,283,133
9/24/2020,State,MCRHC,91,379,470,5,95,34,468,620,2065,3301,105,2685,461,133
8/12/2020,State,MCRHC,84,374,458,5,117,34,468,582,2097,3301,136,2679,473,121
6/21/2020,State,MCRHC,111,246,357,5,40,42,468,390,2366,3301,103,2756,300,108
6/7/2020,State,MCRHC,62,182,244,6,4,23,468,313,1449,3301,50,1762,210,93
8/31/2020,State,MCRHC,111,359,470,6,101,34,468,705,2012,3301,125,2717,474,120
6/27/2020,State,MCRHC,105,349,454,6,96,39,468,483,2013,3301,118,2496,487,100
7/1/2020,State,MCRHC,105,359,464,6,132,41,468,475,2087,3301,110,2562,481,112
6/17/2020,State,MCRHC,96,259,355,6,58,45,468,298,2440,3301,98,2738,300,122
6/29/2020,State,MCRHC,90,311,401,7,84,35,468,487,1542,3301,85,2029,445,96
9/21/2020,State,MCRHC,100,370,470,7,76,37,468,670,2015,3301,122,2685,454,140
9/15/2020,State,MCRHC,100,370,470,8,85,36,468,622,2086,3301,125,2708,455,139
9/19/2020,State,MCRHC,92,370,462,8,105,40,468,646,1969,3301,119,2615,445,139
7/13/2020,State,MCRHC,91,371,462,8,77,52,468,672,2032,3301,130,2704,452,142
6/8/2020,State,MCRHC,112,227,339,9,30,33,468,435,2178,3301,89,2613,257,124
9/7/2020,State,MCRHC,123,347,470,9,94,34,468,787,1931,3301,113,2718,479,115
8/19/2020,State,MCRHC,71,380,451,9,104,37,468,561,2103,3301,133,2664,474,120
8/10/2020,State,MCRHC,82,371,453,9,79,38,468,627,2040,3301,137,2667,478,116
8/23/2020,State,MCRHC,91,363,454,9,88,41,468,705,1964,3301,133,2669,475,119
7/6/2020,State,MCRHC,96,366,462,9,143,41,468,679,1956,3301,124,2635,462,131
7/8/2020,State,MCRHC,91,369,460,9,122,49,468,553,2081,3301,123,2634,471,122
9/26/2020,State,MCRHC,119,352,471,10,96,29,468,684,1996,3301,107,2680,486,108
9/29/2020,State,MCRHC,98,372,470,10,104,29,468,607,2063,3301,116,2670,478,116
8/17/2020,State,MCRHC,92,361,453,10,98,32,468,710,1969,3301,130,2679,470,124
8/16/2020,State,MCRHC,105,344,449,10,92,34,468,659,1982,3301,124,2641,470,124
8/30/2020,State,MCRHC,122,348,470,10,82,35,468,737,1979,3301,125,2716,472,122
7/2/2020,State,MCRHC,112,354,466,10,98,38,468,510,2036,3301,121,2546,474,117
7/16/2020,State,MCRHC,83,371,454,10,104,54,468,571,2095,3301,139,2666,450,137
11/8/2020,State,MCRHC,102,370,472,11,41,32,468,649,2043,3301,127,2692,475,119
10/11/2020,State,MCRHC,123,348,471,11,89,35,468,721,1961,3301,136,2682,473,121
9/5/2020,State,MCRHC,109,361,470,11,100,35,468,750,1975,3301,113,2725,462,132
7/27/2020,State,MCRHC,90,368,458,11,79,37,468,657,2012,3301,147,2669,469,125
6/30/2020,State,MCRHC,70,394,464,11,109,40,468,459,2105,3301,110,2564,472,121
7/20/2020,State,MCRHC,110,350,460,11,88,41,468,695,2013,3301,131,2708,471,123
8/7/2020,State,MCRHC,103,351,454,11,107,41,468,664,2015,3301,140,2679,462,132
9/13/2020,State,MCRHC,101,369,470,11,96,42,468,704,2004,3301,131,2708,464,130
7/7/2020,State,MCRHC,86,374,460,11,136,42,468,585,2069,3301,123,2654,457,136
8/28/2020,State,MCRHC,109,353,462,11,109,43,468,703,1952,3301,128,2655,464,120
7/18/2020,State,MCRHC,127,335,462,11,116,45,468,679,2020,3301,129,2699,473,120
8/6/2020,State,MCRHC,87,357,444,12,107,38,468,561,2072,3301,132,2633,458,126
9/11/2020,State,MCRHC,84,386,470,12,102,39,468,660,2069,3301,119,2729,484,110
6/24/2020,State,MCRHC,105,361,466,12,254,39,468,436,2113,3301,107,2549,485,107
9/12/2020,State,MCRHC,76,394,470,12,100,41,468,712,2017,3301,120,2729,496,98
8/4/2020,State,MCRHC,81,370,451,12,108,41,468,621,2073,3301,147,2694,456,138
7/14/2020,State,MCRHC,95,359,454,12,102,57,468,614,2018,3301,134,2632,449,135
10/4/2020,State,MCRHC,110,360,470,13,82,33,468,693,1985,3301,124,2678,465,129
10/29/2020,State,MCRHC,68,403,471,13,40,34,468,550,2174,3301,152,2724,448,146
8/15/2020,State,MCRHC,87,367,454,13,117,35,468,618,2051,3301,118,2669,474,120
11/5/2020,State,MCRHC,96,376,472,13,51,37,468,611,2110,3301,130,2721,460,134
8/20/2020,State,MCRHC,86,366,452,13,91,38,468,588,2077,3301,132,2665,475,119
7/4/2020,State,MCRHC,117,347,464,13,99,40,468,571,1967,3301,123,2538,456,135
8/26/2020,State,MCRHC,105,366,471,13,111,40,468,651,2063,3301,127,2714,472,122
9/18/2020,State,MCRHC,101,369,470,13,97,43,468,654,2028,3301,117,2682,458,136
10/10/2020,State,MCRHC,114,357,471,14,105,30,468,635,2038,3301,131,2673,468,126
11/7/2020,State,MCRHC,110,362,472,14,64,31,468,667,2028,3301,118,2695,470,124
10/8/2020,State,MCRHC,93,370,463,14,104,34,468,547,2078,3301,129,2625,459,125
8/8/2020,State,MCRHC,110,337,447,14,124,39,468,683,1935,3301,137,2618,455,129
10/31/2020,State,MCRHC,112,359,471,14,32,41,468,667,2052,3301,152,2719,446,112
7/24/2020,State,MCRHC,106,354,460,14,97,51,468,577,2126,3301,137,2703,455,139
10/1/2020,State,MCRHC,90,379,469,15,121,32,468,599,2075,3301,121,2674,463,131
7/21/2020,State,MCRHC,100,360,460,15,106,44,468,639,2075,3301,134,2714,459,135
11/17/2020,State,MCRHC,85,387,472,15,58,50,468,566,2133,3301,183,2699,479,115
11/10/2020,State,MCRHC,78,394,472,16,47,25,468,555,2142,3301,125,2697,471,123
11/11/2020,State,MCRHC,68,404,472,16,56,29,468,526,2169,3301,132,2695,471,123
10/15/2020,State,MCRHC,73,397,470,16,34,34,468,567,2153,3301,134,2720,477,117
8/18/2020,State,MCRHC,84,359,443,16,107,37,468,619,1999,3301,136,2618,464,120
9/17/2020,State,MCRHC,85,384,469,16,99,41,468,596,2085,3301,120,2681,453,141
7/22/2020,State,MCRHC,92,368,460,16,113,48,468,636,2079,3301,150,2715,462,132
10/7/2020,State,MCRHC,90,381,471,17,99,34,468,625,2064,3301,136,2689,467,127
7/3/2020,State,MCRHC,119,335,454,17,130,37,468,533,1967,3301,119,2500,465,122
11/12/2020,State,MCRHC,87,385,472,17,52,40,468,513,2185,3301,170,2698,481,113
11/15/2020,State,MCRHC,118,352,470,17,46,50,468,680,2015,3301,182,2695,485,109
10/22/2020,State,MCRHC,85,386,471,18,50,32,468,578,2146,3301,134,2724,474,120
10/12/2020,State,MCRHC,111,360,471,18,99,35,468,650,2046,3301,138,2696,464,130
9/2/2020,State,MCRHC,98,372,470,18,111,35,468,639,2080,3301,134,2719,462,132
11/19/2020,State,MCRHC,90,382,472,18,51,49,468,615,2111,3301,184,2726,499,100
11/28/2020,State,MCRHC,107,365,472,18,45,65,468,816,1948,3301,210,2764,466,133
10/13/2020,State,MCRHC,93,378,471,19,133,34,468,595,2105,3301,136,2700,461,133
11/14/2020,State,MCRHC,111,360,471,19,50,46,468,662,2032,3301,163,2694,487,107
7/30/2020,State,MCRHC,95,364,459,19,120,48,468,588,2115,3301,156,2703,473,121
11/21/2020,State,MCRHC,101,371,472,19,41,54,468,683,2082,3301,181,2765,492,107
11/18/2020,State,MCRHC,82,390,472,20,43,53,468,535,2166,3301,188,2701,484,110
10/16/2020,State,MCRHC,93,377,470,22,57,34,468,623,2099,3301,139,2722,474,120
11/26/2020,State,MCRHC,94,378,472,22,58,61,468,825,1942,3301,204,2767,465,134
10/20/2020,State,MCRHC,85,385,470,23,46,30,468,573,2148,3301,125,2721,478,116
11/16/2020,State,MCRHC,98,372,470,27,56,47,468,598,2099,3301,182,2697,479,115
12/11/2020,State,MCRHC,65,404,469,28,61,68,468,595,2160,3301,291,2755,440,159
11/29/2020,State,MCRHC,107,365,472,30,60,65,468,772,1987,3301,224,2759,471,128
12/14/2020,State,MCRHC,67,402,469,32,81,86,468,605,2150,3301,322,2755,444,155
12/17/2020,State,MCRHC,79,390,469,38,50,79,468,503,2279,3301,345,2782,446,153
12/9/2020,State,MCRHC,77,393,470,39,71,62,468,536,2220,3301,277,2756,449,150
6/2/2020,State,MHPC,47,513,560,,,,687,837,3305,4815,143,4142,638,222
5/12/2020,State,MHPC,85,344,429,,,,687,1255,2888,4815,86,4143,571,191
5/23/2020,State,MHPC,95,446,541,,,,687,1053,3106,4815,85,4159,555,209
5/27/2020,State,MHPC,97,333,430,,,,687,1040,3118,4815,133,4158,552,221
5/20/2020,State,MHPC,98,351,449,,,,687,927,3170,4815,94,4097,567,193
5/19/2020,State,MHPC,106,343,449,,,,687,1016,3080,4815,95,4096,579,187
6/1/2020,State,MHPC,126,442,568,,,,687,1057,3037,4815,141,4094,601,205
5/14/2020,State,MHPC,134,295,429,,,,687,1112,2985,4815,82,4097,582,189
5/7/2020,State,MHPC,147,302,449,,,,687,1206,2700,4815,112,3906,612,118
4/8/2020,State,MHPC,148,258,406,,,,687,1696,2303,4815,121,3999,451,131
5/18/2020,State,MHPC,166,402,568,,,,687,1240,2854,4815,93,4094,587,170
4/29/2020,State,MHPC,170,255,425,,,,687,1485,2575,4815,128,4060,515,159
4/23/2020,State,MHPC,184,278,462,,,,687,1414,2625,4815,133,4039,598,127
4/30/2020,State,MHPC,189,260,449,,,,687,1419,2693,4815,127,4112,558,157
5/17/2020,State,MHPC,194,374,568,,,,687,1330,2791,4815,90,4121,562,190
4/25/2020,State,MHPC,198,379,577,,,,687,1471,2533,4815,128,4004,501,132
5/2/2020,State,MHPC,215,372,587,,,,687,1493,2582,4815,118,4075,594,152
4/12/2020,State,MHPC,219,317,536,,,,687,1471,1810,4815,81,3281,331,121
4/14/2020,State,MHPC,220,371,591,,,,687,1699,2411,4815,123,4110,482,128
4/24/2020,State,MHPC,221,364,585,,,,687,1501,2593,4815,129,4094,465,141
5/3/2020,State,MHPC,221,366,587,,,,687,1389,2544,4815,115,3933,582,165
4/26/2020,State,MHPC,222,343,565,,,,687,1374,2484,4815,123,3858,469,135
5/4/2020,State,MHPC,223,364,587,,,,687,1496,2598,4815,113,4094,580,168
4/21/2020,State,MHPC,224,359,583,,,,687,1485,2491,4815,125,3976,544,138
4/9/2020,State,MHPC,231,338,569,,,,687,1618,2270,4815,132,3888,438,135
5/1/2020,State,MHPC,232,355,587,,,,687,1430,2682,4815,126,4112,580,167
4/10/2020,State,MHPC,243,332,575,,,,687,1603,2377,4815,128,3980,458,125
4/19/2020,State,MHPC,248,339,587,,,,687,1674,2393,4815,111,4067,603,148
4/6/2020,State,MHPC,253,317,570,,,,687,1957,2039,4815,128,3996,524,135
4/13/2020,State,MHPC,254,337,591,,,,687,1833,2221,4815,121,4054,377,129
6/21/2020,State,MHPC,88,499,587,10,109,62,687,983,3027,4815,222,4010,524,206
6/8/2020,State,MHPC,76,360,436,11,82,56,687,1028,2864,4815,163,3892,544,176
6/10/2020,State,MHPC,56,374,430,11,84,63,687,778,3319,4815,169,4097,499,225
6/17/2020,State,MHPC,88,361,449,14,72,58,687,792,3288,4815,211,4080,555,190
9/24/2020,State,MHPC,52,363,415,16,26,50,687,845,3749,4815,201,4594,599,201
6/14/2020,State,MHPC,107,461,568,16,66,58,687,1085,3003,4815,214,4088,501,230
9/6/2020,State,MHPC,111,294,405,16,91,72,687,1311,2923,4815,224,4234,516,217
6/7/2020,State,MHPC,62,520,582,17,115,53,687,1009,3019,4815,165,4028,529,206
6/6/2020,State,MHPC,40,406,446,17,115,61,687,927,3152,4815,156,4079,517,220
6/5/2020,State,MHPC,42,408,450,18,138,60,687,646,3496,4815,144,4142,508,228
6/22/2020,State,MHPC,93,494,587,18,82,63,687,1017,3056,4815,221,4073,505,237
6/24/2020,State,MHPC,99,362,461,18,89,64,687,654,3417,4815,224,4071,512,210
9/7/2020,State,MHPC,114,292,406,18,68,75,687,1366,2888,4815,230,4254,528,205
10/9/2020,State,MHPC,68,364,432,19,94,63,687,1172,3500,4815,209,4672,571,244
6/11/2020,State,MHPC,61,369,430,20,96,61,687,702,3392,4815,178,4094,499,226
6/12/2020,State,MHPC,59,383,442,20,126,64,687,735,3335,4815,190,4070,456,280
7/11/2020,State,MHPC,51,326,377,20,80,75,687,644,3198,4815,300,3842,524,201
9/16/2020,State,MHPC,99,328,427,21,82,59,687,1117,3333,4815,204,4450,529,238
8/15/2020,State,MHPC,109,328,437,21,103,78,687,1303,2936,4815,261,4239,575,208
9/28/2020,State,MHPC,87,340,427,22,90,55,687,1234,3432,4815,208,4666,588,223
10/17/2020,State,MHPC,69,358,427,22,114,66,687,1151,3556,4815,274,4707,590,239
10/16/2020,State,MHPC,69,358,427,23,119,60,687,1010,3682,4815,265,4692,577,251
10/8/2020,State,MHPC,56,380,436,23,107,67,687,1038,3609,4815,215,4647,574,241
9/3/2020,State,MHPC,94,311,405,23,75,76,687,1130,3115,4815,244,4245,511,222
7/19/2020,State,MHPC,76,330,406,23,105,84,687,783,3182,4815,317,3965,513,237
9/25/2020,State,MHPC,87,340,427,24,72,47,687,1107,3579,4815,194,4686,612,200
9/27/2020,State,MHPC,99,328,427,24,72,51,687,1252,3434,4815,205,4686,598,213
6/18/2020,State,MHPC,61,388,449,24,119,67,687,821,3247,4815,202,4068,625,231
8/3/2020,State,MHPC,65,345,410,24,149,93,687,1008,3106,4815,330,4114,570,201
9/21/2020,State,MHPC,94,333,427,25,62,48,687,1198,3490,4815,198,4688,533,241
9/30/2020,State,MHPC,71,356,427,25,88,54,687,1100,3571,4815,203,4671,570,244
9/9/2020,State,MHPC,83,323,406,25,47,66,687,970,3288,4815,222,4258,520,213
9/4/2020,State,MHPC,90,315,405,25,77,76,687,1151,3083,4815,239,4234,512,222
10/23/2020,State,MHPC,74,355,429,25,96,82,687,1068,3574,4815,275,4642,569,260
8/14/2020,State,MHPC,94,343,437,25,105,84,687,1119,3128,4815,263,4247,567,215
7/21/2020,State,MHPC,43,346,389,25,102,92,687,648,3394,4815,325,4042,540,230
7/30/2020,State,MHPC,64,343,407,25,111,93,687,857,3245,4815,315,4102,547,225
9/17/2020,State,MHPC,105,322,427,26,86,60,687,1000,3438,4815,218,4438,526,245
10/7/2020,State,MHPC,60,369,429,26,127,64,687,1036,3642,4815,226,4678,582,234
7/12/2020,State,MHPC,76,301,377,26,113,71,687,780,3020,4815,301,3800,532,193
9/8/2020,State,MHPC,102,304,406,26,57,76,687,1253,3000,4815,228,4253,517,216
9/2/2020,State,MHPC,78,328,406,26,97,78,687,1016,3239,4815,244,4255,501,232
10/22/2020,State,MHPC,61,367,428,26,112,81,687,1032,3622,4815,282,4654,561,269
8/7/2020,State,MHPC,88,319,407,26,116,84,687,1010,3114,4815,313,4124,554,219
10/1/2020,State,MHPC,83,344,427,27,57,50,687,1151,3535,4815,197,4686,581,229
9/29/2020,State,MHPC,66,361,427,27,89,55,687,1071,3608,4815,206,4679,586,225
7/5/2020,State,MHPC,125,443,568,27,64,64,687,1003,3030,4815,280,4033,525,223
11/1/2020,State,MHPC,92,337,429,27,81,87,687,1352,3296,4815,278,4648,564,268
8/27/2020,State,MHPC,85,347,432,28,114,71,687,1054,3656,4815,250,4710,569,213
8/8/2020,State,MHPC,114,293,407,28,139,77,687,1195,2928,4815,300,4123,551,218
10/21/2020,State,MHPC,68,361,429,28,112,82,687,1047,3594,4815,307,4641,561,269
10/25/2020,State,MHPC,84,346,430,28,125,85,687,1200,3437,4815,295,4637,578,247
7/20/2020,State,MHPC,38,348,386,28,85,87,687,831,3172,4815,333,4003,519,234
8/25/2020,State,MHPC,97,335,432,29,128,69,687,1226,3480,4815,245,4706,570,211
11/7/2020,State,MHPC,80,351,431,29,110,85,687,1145,3504,4815,282,4649,552,272
7/7/2020,State,MHPC,42,355,397,30,117,65,687,704,3366,4815,265,4070,521,226
11/8/2020,State,MHPC,79,351,430,30,99,86,687,1172,3477,4815,295,4649,567,257
7/25/2020,State,MHPC,76,327,403,30,104,88,687,1161,2859,4815,315,4020,562,215
6/27/2020,State,MHPC,88,361,449,31,93,48,687,785,3187,4815,243,3972,523,205
10/12/2020,State,MHPC,61,366,427,31,95,56,687,1113,3565,4815,255,4678,579,244
10/18/2020,State,MHPC,82,345,427,31,95,72,687,1270,3414,4815,293,4684,573,253
10/27/2020,State,MHPC,68,362,430,31,114,80,687,1049,3653,4815,289,4702,456,164
9/14/2020,State,MHPC,99,326,425,32,91,64,687,1198,3238,4815,207,4436,519,211
7/18/2020,State,MHPC,48,358,406,32,105,78,687,728,3193,4815,314,3921,516,212
7/26/2020,State,MHPC,96,311,407,32,83,91,687,1228,2875,4815,341,4103,557,216
10/13/2020,State,MHPC,60,367,427,33,127,58,687,1048,3650,4815,266,4698,586,242
10/28/2020,State,MHPC,61,367,428,34,91,84,687,1034,3647,4815,295,4681,586,248
7/8/2020,State,MHPC,56,341,397,35,178,75,687,591,3466,4815,279,4057,530,227
7/24/2020,State,MHPC,76,331,407,35,140,88,687,1009,3092,4815,308,4101,565,216
8/6/2020,State,MHPC,87,320,407,35,134,94,687,1012,3103,4815,310,4115,552,222
8/19/2020,State,MHPC,90,347,437,36,97,71,687,1210,3547,4815,264,4757,571,212
7/16/2020,State,MHPC,45,371,416,36,106,72,687,612,3400,4815,332,4012,546,214
9/1/2020,State,MHPC,67,319,386,37,84,69,687,943,3048,4815,232,3991,494,217
11/5/2020,State,MHPC,63,367,430,37,124,77,687,1003,3692,4815,282,4695,570,253
10/30/2020,State,MHPC,69,360,429,37,109,83,687,1063,3577,4815,272,4640,596,236
10/2/2020,State,MHPC,87,340,427,38,92,53,687,1183,3512,4815,215,4695,585,230
11/10/2020,State,MHPC,61,366,427,38,120,74,687,1031,3649,4815,303,4680,569,253
10/10/2020,State,MHPC,77,350,427,39,102,67,687,1192,3480,4815,226,4672,578,240
11/2/2020,State,MHPC,76,351,427,40,102,74,687,1186,3476,4815,280,4662,577,248
11/6/2020,State,MHPC,59,372,431,40,123,82,687,931,3718,4815,289,4649,566,258
7/29/2020,State,MHPC,69,338,407,40,156,93,687,779,3323,4815,347,4102,558,214
7/9/2020,State,MHPC,67,330,397,41,128,69,687,628,3423,4815,309,4051,549,210
11/12/2020,State,MHPC,77,352,429,43,117,84,687,1104,3532,4815,339,4636,560,261
11/15/2020,State,MHPC,97,330,427,45,115,84,687,1250,3388,4815,336,4638,552,267
7/23/2020,State,MHPC,74,333,407,46,102,85,687,1023,3082,4815,301,4105,575,204
11/9/2020,State,MHPC,64,363,427,47,99,82,687,1009,3641,4815,319,4650,575,249
11/23/2020,State,MHPC,34,393,427,47,56,97,687,596,4038,4815,425,4634,566,257
11/21/2020,State,MHPC,73,354,427,48,94,93,687,1185,3457,4815,389,4642,579,245
11/19/2020,State,MHPC,67,360,427,48,109,104,687,1056,3588,4815,383,4644,575,246
11/27/2020,State,MHPC,99,328,427,48,42,114,687,1305,3342,4815,458,4647,632,265
11/28/2020,State,MHPC,95,333,428,51,92,106,687,1307,3340,4815,471,4647,635,252
11/22/2020,State,MHPC,86,341,427,52,79,99,687,1350,3292,4815,410,4642,582,242
12/10/2020,State,MHPC,47,388,435,53,124,130,687,784,3943,4815,585,4727,582,274
12/7/2020,State,MHPC,65,369,434,58,103,134,687,974,3676,4815,579,4650,581,276
11/29/2020,State,MHPC,30,397,427,59,73,96,687,647,4000,4815,485,4647,628,252
11/26/2020,State,MHPC,96,331,427,59,87,108,687,1302,3344,4815,438,4646,588,265
12/3/2020,State,MHPC,48,379,427,59,117,110,687,862,3789,4815,512,4651,578,279
12/8/2020,State,MHPC,53,382,435,59,135,129,687,854,3795,4815,589,4649,578,280
12/12/2020,State,MHPC,59,380,439,64,91,143,687,1116,3650,4815,590,4766,603,259
6/9/2020,State,MHPC,5,425,430,65,122,63,687,814,3240,4815,171,4054,504,231
12/5/2020,State,MHPC,54,375,429,65,117,113,687,895,3757,4815,547,4652,574,283
12/14/2020,State,MHPC,72,363,435,68,90,149,687,1049,3706,4815,657,4755,593,268
12/16/2020,State,MHPC,66,390,456,75,93,154,687,999,3794,4815,676,4793,574,285
12/17/2020,State,MHPC,64,392,456,81,89,155,687,1036,3761,4815,701,4797,577,285
5/27/2020,State,THPC,123,453,576,,,,926,1066,3207,6070,188,4273,536,186
5/28/2020,State,THPC,146,432,578,,,,926,1182,3119,6070,194,4301,577,190
4/24/2020,State,THPC,147,296,443,,,,926,1167,2204,6070,54,3371,365,132
6/2/2020,State,THPC,153,449,602,,,,926,1427,3078,6070,187,4505,604,193
4/11/2020,State,THPC,155,259,414,,,,926,1501,1529,6070,49,3030,323,105
5/20/2020,State,THPC,159,433,592,,,,926,946,3313,6070,147,4259,581,202
4/7/2020,State,THPC,165,403,568,,,,926,1597,2372,6070,70,3969,350,170
5/26/2020,State,THPC,169,412,581,,,,926,1405,2940,6070,187,4345,476,199
4/13/2020,State,THPC,176,280,456,,,,926,1154,2021,6070,51,3175,356,124
5/17/2020,State,THPC,179,409,588,,,,926,1659,2564,6070,123,4223,581,197
6/1/2020,State,THPC,179,384,563,,,,926,1357,3024,6070,212,4381,560,160
5/24/2020,State,THPC,186,401,587,,,,926,1408,2720,6070,168,4128,577,182
5/30/2020,State,THPC,189,427,616,,,,926,1235,3143,6070,170,4378,573,173
5/29/2020,State,THPC,192,402,594,,,,926,1157,3319,6070,171,4476,536,170
5/14/2020,State,THPC,193,409,602,,,,926,1579,2882,6070,111,4461,598,179
5/15/2020,State,THPC,196,398,594,,,,926,1483,2843,6070,126,4326,588,184
5/11/2020,State,THPC,202,382,584,,,,926,1449,2734,6070,104,4183,468,182
5/9/2020,State,THPC,207,394,601,,,,926,1648,2564,6070,93,4212,582,174
4/15/2020,State,THPC,208,389,597,,,,926,1596,2589,6070,73,4185,426,159
5/5/2020,State,THPC,209,381,590,,,,926,1148,3107,6070,93,4255,645,129
4/25/2020,State,THPC,212,360,572,,,,926,1623,2265,6070,50,3888,445,149
4/9/2020,State,THPC,213,352,565,,,,926,1737,2566,6070,68,4303,376,181
4/29/2020,State,THPC,217,362,579,,,,926,1504,2737,6070,87,4241,532,176
4/12/2020,State,THPC,223,318,541,,,,926,1546,2035,6070,66,3581,450,118
5/6/2020,State,THPC,224,359,583,,,,926,1175,3044,6070,90,4219,609,165
5/7/2020,State,THPC,229,382,611,,,,926,1205,2920,6070,95,4125,601,166
5/13/2020,State,THPC,231,408,639,,,,926,1510,2834,6070,111,4344,511,180
4/14/2020,State,THPC,233,395,628,,,,926,1845,2605,6070,74,4450,448,165
4/26/2020,State,THPC,235,373,608,,,,926,1879,2331,6070,75,4210,471,147
4/23/2020,State,THPC,241,331,572,,,,926,1339,2785,6070,66,4124,488,148
4/28/2020,State,THPC,242,348,590,,,,926,1362,2846,6070,91,4208,509,168
5/12/2020,State,THPC,242,384,626,,,,926,1335,2948,6070,112,4283,568,155
4/27/2020,State,THPC,249,339,588,,,,926,1676,2646,6070,88,4322,502,146
4/22/2020,State,THPC,262,310,572,,,,926,1316,2653,6070,83,3969,466,165
5/3/2020,State,THPC,265,340,605,,,,926,1566,2610,6070,87,4176,606,172
5/2/2020,State,THPC,268,365,633,,,,926,1680,2642,6070,83,4322,598,169
6/6/2020,State,THPC,131,457,588,5,62,74,926,1192,2815,6070,185,4007,469,162
6/22/2020,State,THPC,145,441,586,7,174,79,926,1149,3138,6070,197,4287,485,207
6/17/2020,State,THPC,142,444,586,8,149,69,926,1020,3128,6070,198,4148,468,211
7/1/2020,State,THPC,151,419,570,10,100,49,926,1370,3249,6070,197,4619,481,209
9/14/2020,State,THPC,121,410,531,10,8,65,926,1725,3307,6070,179,5032,454,274
6/9/2020,State,THPC,147,447,594,10,201,73,926,1224,3024,6070,188,4248,454,213
6/8/2020,State,THPC,152,301,453,11,167,52,926,1098,2481,6070,147,3579,422,146
6/28/2020,State,THPC,137,437,574,11,17,56,926,1524,2884,6070,194,4408,474,186
6/15/2020,State,THPC,135,423,558,11,77,74,926,1304,2763,6070,196,4067,445,213
6/21/2020,State,THPC,114,465,579,11,130,75,926,1185,2846,6070,203,4031,446,206
6/29/2020,State,THPC,151,417,568,12,91,55,926,1581,2986,6070,206,4567,503,194
6/13/2020,State,THPC,86,377,463,12,13,68,926,1038,2321,6070,179,3359,420,151
6/16/2020,State,THPC,148,442,590,12,170,72,926,1069,3109,6070,199,4178,455,220
6/12/2020,State,THPC,132,436,568,13,153,73,926,1273,2939,6070,192,4212,419,213
7/16/2020,State,THPC,110,432,542,14,55,85,926,1152,3197,6070,256,4349,470,199
9/17/2020,State,THPC,122,428,550,15,28,62,926,1594,3604,6070,181,5198,474,267
6/30/2020,State,THPC,145,432,577,16,97,55,926,1379,3156,6070,189,4535,478,208
9/18/2020,State,THPC,125,436,561,17,25,66,926,1661,3524,6070,186,5185,470,273
6/20/2020,State,THPC,137,418,555,17,135,76,926,1119,3007,6070,215,4126,422,218
9/3/2020,State,THPC,141,410,551,18,15,58,926,1659,3358,6070,187,5017,461,229
7/12/2020,State,THPC,153,421,574,18,45,67,926,1027,2861,6070,231,3888,478,179
9/4/2020,State,THPC,127,414,541,19,22,58,926,1677,3331,6070,189,5008,447,242
9/25/2020,State,THPC,123,438,561,19,12,68,926,1622,3602,6070,220,5224,521,222
7/9/2020,State,THPC,138,425,563,19,126,68,926,1051,3217,6070,235,4268,490,188
7/19/2020,State,THPC,134,433,567,19,15,79,926,1287,3049,6070,258,4336,475,205
8/13/2020,State,THPC,143,436,579,19,28,83,926,1436,3415,6070,226,4851,462,220
9/22/2020,State,THPC,133,426,559,20,10,70,926,1635,3567,6070,196,5202,478,265
9/16/2020,State,THPC,115,438,553,20,13,70,926,1624,3580,6070,194,5204,475,268
6/27/2020,State,THPC,148,442,590,21,14,56,926,1530,3062,6070,198,4592,496,187
9/19/2020,State,THPC,129,422,551,21,14,65,926,1714,3436,6070,184,5150,481,262
6/4/2020,State,THPC,153,413,566,21,44,66,926,1185,2916,6070,184,4101,431,208
9/26/2020,State,THPC,124,427,551,21,15,69,926,1676,3504,6070,213,5180,514,229
8/20/2020,State,THPC,141,429,570,21,22,71,926,1692,3620,6070,250,5312,472,256
8/18/2020,State,THPC,152,420,572,21,29,78,926,1669,3601,6070,248,5270,492,235
7/27/2020,State,THPC,194,384,578,21,57,83,926,1738,3235,6070,240,4973,487,212
7/13/2020,State,THPC,158,399,557,21,15,89,926,1525,3007,6070,252,4532,485,189
6/23/2020,State,THPC,146,439,585,22,232,61,926,1257,3218,6070,198,4475,466,205
9/15/2020,State,THPC,109,443,552,22,18,67,926,1659,3546,6070,200,5205,467,276
8/10/2020,State,THPC,162,413,575,22,30,93,926,1614,3200,6070,260,4814,477,216
8/31/2020,State,THPC,155,407,562,23,35,62,926,1936,3315,6070,208,5251,503,245
8/11/2020,State,THPC,159,412,571,23,57,82,926,1531,3309,6070,231,4840,455,225
8/6/2020,State,THPC,177,390,567,23,46,89,926,1515,3258,6070,259,4773,464,201
8/29/2020,State,THPC,150,407,557,24,26,59,926,1780,3463,6070,212,5243,498,243
7/25/2020,State,THPC,161,397,558,24,54,74,926,1649,3099,6070,249,4748,428,202
8/25/2020,State,THPC,130,436,566,26,27,70,926,1636,3665,6070,255,5301,482,266
8/15/2020,State,THPC,146,415,561,26,21,84,926,1423,3247,6070,251,4670,443,228
8/17/2020,State,THPC,139,361,500,26,21,85,926,1685,2967,6070,245,4652,457,234
8/27/2020,State,THPC,144,422,566,27,29,65,926,1691,3602,6070,235,5293,512,236
8/16/2020,State,THPC,160,391,551,27,12,79,926,1344,3079,6070,235,4423,455,202
10/17/2020,State,THPC,107,449,556,27,22,82,926,1671,3545,6070,243,5216,540,206
8/28/2020,State,THPC,145,429,574,28,23,60,926,1677,3612,6070,232,5289,484,260
8/19/2020,State,THPC,122,463,585,29,27,72,926,1667,3688,6070,260,5355,492,246
10/12/2020,State,THPC,124,430,554,31,24,75,926,1732,3498,6070,233,5230,542,204
10/9/2020,State,THPC,104,460,564,32,27,67,926,1639,3619,6070,257,5258,540,199
7/28/2020,State,THPC,144,446,590,32,22,82,926,1485,3447,6070,279,4932,464,229
8/4/2020,State,THPC,169,410,579,33,47,82,926,1618,3228,6070,235,4846,480,199
7/22/2020,State,THPC,159,422,581,35,56,91,926,1625,3349,6070,264,4974,465,224
10/2/2020,State,THPC,121,441,562,37,20,67,926,1640,3594,6070,213,5234,551,192
7/21/2020,State,THPC,158,423,581,37,65,89,926,1722,3235,6070,286,4957,469,222
10/25/2020,State,THPC,97,443,540,37,26,94,926,1631,3472,6070,313,5103,530,210
10/5/2020,State,THPC,116,438,554,38,11,73,926,1785,3451,6070,258,5236,545,201
10/16/2020,State,THPC,94,472,566,39,21,83,926,1586,3663,6070,237,5249,520,226
10/19/2020,State,THPC,107,447,554,39,30,93,926,1616,3605,6070,268,5221,534,213
8/12/2020,State,THPC,153,427,580,40,38,80,926,1486,3397,6070,233,4883,476,225
11/3/2020,State,THPC,108,469,577,40,29,101,926,1608,3642,6070,327,5250,514,233
10/26/2020,State,THPC,116,446,562,44,24,102,926,1661,3593,6070,325,5254,529,218
10/18/2020,State,THPC,91,462,553,50,38,84,926,1681,3520,6070,255,5201,534,212
8/21/2020,State,THPC,142,417,559,51,14,67,926,1737,3454,6070,261,5191,467,263
10/21/2020,State,THPC,93,465,558,52,23,102,926,1436,3831,6070,276,5267,534,213
10/23/2020,State,THPC,108,453,561,54,22,101,926,1597,3648,6070,303,5245,537,210
10/22/2020,State,THPC,103,464,567,55,28,99,926,1544,3730,6070,281,5274,530,217
10/29/2020,State,THPC,109,460,569,55,20,108,926,1551,3691,6070,309,5242,518,228
11/9/2020,State,THPC,106,460,566,61,27,107,926,1669,3599,6070,369,5268,528,220
11/16/2020,State,THPC,116,452,568,62,19,115,926,1700,3537,6070,413,5237,565,212
11/23/2020,State,THPC,105,452,557,65,16,128,926,1603,3613,6070,490,5216,536,242
11/10/2020,State,THPC,105,462,567,66,21,102,926,1530,3759,6070,394,5289,567,210
11/20/2020,State,THPC,112,447,559,69,21,126,926,1666,3609,6070,469,5275,540,238
11/30/2020,State,THPC,90,468,558,70,26,150,926,1619,3582,6070,553,5201,513,265
11/14/2020,State,THPC,120,445,565,71,23,99,926,1703,3514,6070,397,5217,575,202
11/21/2020,State,THPC,95,462,557,73,22,129,926,1673,3546,6070,462,5219,549,229
11/26/2020,State,THPC,116,437,553,78,18,123,926,1750,3466,6070,508,5216,531,247
11/17/2020,State,THPC,96,483,579,86,29,120,926,1562,3719,6070,436,5281,556,222
12/6/2020,State,THPC,89,464,553,87,29,163,926,1532,3531,6070,670,5063,557,227
12/13/2020,State,THPC,94,467,561,88,19,180,926,1526,3546,6070,755,5072,534,250
11/24/2020,State,THPC,92,468,560,89,32,132,926,1528,3724,6070,525,5252,547,231
11/19/2020,State,THPC,105,449,554,91,17,132,926,1609,3678,6070,461,5287,552,226
12/3/2020,State,THPC,80,482,562,98,30,150,926,1541,3727,6070,581,5268,536,248
12/14/2020,State,THPC,67,484,551,99,19,188,926,1459,3654,6070,803,5113,536,248
12/4/2020,State,THPC,92,471,563,103,27,152,926,1445,3692,6070,622,5137,546,237
12/11/2020,State,THPC,92,478,570,104,21,178,926,1461,3708,6070,744,5169,515,267
12/12/2020,State,THPC,77,476,553,123,23,182,926,1486,3584,6070,762,5070,520,264
