at_admission_suspected_covid19_patients_in_24_hrs,Ventilator used (not specific to COVID-19),Inpatient Full (all bed types),ED COVID Visits Previous Day,Parent Name,at_admission_confirmed_covid19_patients_in_24_hrs,ICU Licensed Beds,Inpatient Empty Beds (all types),Adult ICU Empty,Ventilator available,Date,full_adult_icu_covid19_positive_patients,Licensed Inpatient Beds,Coalition,Adult ICU Ful,Adult Intensive Care Unit Staffed Bed Capacity,Number of COVID-19 Positive Patients In Hospital,Hospitalized and Ventilated COVID Inpatient Count,ED Total Visits Previous Day,TOTAL Staffed Inpatient Capacity (all bed types)
5,89,1565,60,7,12,424,217,18,153,2021-03-16,36,2640,DHPC,167,185,144,27,692,1782
17,242,3387,215,29,78,926,1753,116,536,2020-11-29,139,6070,THPC,439,555,555,57,1806,5140
10,112,1491,91,7,27,424,281,17,130,2021-02-03,60,2640,DHPC,174,191,216,49,624,1772
5,89,1539,65,7,10,424,248,19,153,2021-03-17,38,2640,DHPC,166,185,155,29,659,1787
18,37,974,251,7,5,203,180,23,173,2021-07-10,9,1418,CapRAC,154,177,37,2,1261,1154
69,272,3528,684,18,74,687,1231,70,590,2020-12-13,145,4815,MHPC,369,439,619,78,2122,4759
6,94,1471,56,7,11,424,308,48,148,2020-10-28,14,2640,DHPC,146,194,82,9,741,1779
108,136,2048,,10,17,468,626,83,458,2020-07-11,53,3301,MCRHC,379,462,144,,,2674
9,33,788,48,6,6,112,248,46,141,2021-03-26,3,1392,SHPR,56,102,31,3,540,1036
12,190,3582,302,28,52,926,1213,83,611,2021-08-04,84,6070,THPC,432,515,338,31,2202,4795
46,216,2232,225,12,19,468,517,71,383,2021-05-26,29,3301,MCRHC,392,463,101,9,1673,2749
33,222,3558,308,18,19,687,1240,104,638,2021-03-17,49,4815,MHPC,356,460,200,26,2230,4798
6,80,1373,63,7,8,424,389,14,162,2021-02-21,54,2640,DHPC,175,189,177,35,580,1762
,32,669,,10,,247,284,61,153,2020-04-26,,1979,MAHPC,81,142,6,,,953
,30,656,,14,,247,524,73,167,2020-04-17,,1979,MAHPC,88,161,6,,,1180
152,236,3411,,16,11,687,731,59,503,2020-06-04,57,4815,MHPC,391,450,152,,,4142
13,28,1006,301,7,3,203,154,27,182,2021-07-13,9,1418,CapRAC,150,177,40,1,1413,1160
3,100,1358,68,7,15,424,414,24,142,2021-03-05,42,2640,DHPC,164,188,136,36,726,1772
28,158,2326,207,19,53,420,690,61,371,2021-01-26,63,3851,EHPC,249,310,428,45,1800,3016
24,147,2039,191,19,31,420,847,88,334,2020-11-22,40,3851,EHPC,140,228,211,34,1695,2886
29,65,940,334,7,22,203,220,28,135,2020-12-23,58,1418,CapRAC,141,169,234,23,1013,1160
14,43,874,65,16,4,247,614,85,143,2021-05-31,10,1979,MAHPC,110,195,28,5,921,1488
18,144,2037,130,19,9,420,815,91,378,2021-06-13,18,3851,EHPC,215,306,80,13,1733,2852
2,78,1471,45,7,7,424,263,24,164,2021-06-30,8,2640,DHPC,135,159,39,7,857,1734
25,28,617,,5,2,112,324,43,129,2020-08-24,3,1392,SHPR,28,71,26,,,941
13,213,3630,176,29,16,926,1592,125,530,2020-09-23,63,6070,THPC,438,563,209,27,1277,5222
3,72,1392,43,7,7,424,360,46,170,2020-11-08,23,2640,DHPC,141,187,77,13,631,1752
9,87,1490,63,7,14,424,280,16,155,2021-03-12,34,2640,DHPC,167,183,143,26,680,1770
17,34,729,55,6,12,112,273,35,140,2020-12-23,9,1392,SHPR,56,91,76,12,439,1002
2,165,2972,180,28,6,926,1799,152,636,2021-07-05,16,6070,THPC,380,532,62,16,1853,4771
27,54,697,35,5,2,112,251,36,103,2020-09-01,4,1392,SHPR,35,71,30,2,424,948
27,211,2114,212,12,7,468,626,107,388,2021-05-24,32,3301,MCRHC,357,464,103,12,1538,2740
5,70,1348,69,7,14,424,413,22,172,2020-11-22,26,2640,DHPC,167,189,114,15,635,1761
25,199,1984,116,12,3,468,734,90,400,2021-06-20,33,3301,MCRHC,362,452,82,14,1489,2718
,101,1238,,6,,424,674,55,263,2020-04-24,,2640,DHPC,140,195,61,,,1912
,53,1344,,5,,203,620,93,285,2020-04-26,,1418,CapRAC,131,224,73,,,1964
43,47,853,,15,3,247,523,72,132,2020-07-20,11,1979,MAHPC,104,176,41,,,1376
31,57,955,290,7,13,203,189,16,143,2020-12-21,47,1418,CapRAC,152,168,216,25,917,1144
4,86,1608,,7,8,424,443,46,185,2020-07-02,33,2640,DHPC,186,232,108,,,2051
15,40,867,254,7,4,203,206,38,160,2020-11-05,17,1418,CapRAC,131,169,66,10,1048,1073
42,300,3680,443,18,60,687,1098,74,612,2021-02-09,131,4815,MHPC,393,467,510,83,2511,4778
10,262,3424,151,29,11,926,1760,134,481,2020-09-21,69,6070,THPC,420,554,172,25,1111,5184
18,44,998,327,7,6,203,172,27,156,2021-03-30,22,1418,CapRAC,150,177,86,8,1195,1170
23,284,3658,309,29,123,926,1354,69,528,2021-01-01,213,6070,THPC,473,542,956,110,1670,5012
69,216,3160,383,17,26,687,1214,107,503,2020-09-13,66,4815,MHPC,314,421,200,47,1730,4374
25,51,782,,5,9,203,376,40,151,2020-07-31,42,1418,CapRAC,129,169,100,,,1158
55,308,3724,541,18,94,687,1044,53,563,2021-01-11,220,4815,MHPC,401,454,1034,140,2131,4768
26,45,809,,5,1,203,361,34,157,2020-08-10,27,1418,CapRAC,135,169,86,,,1170
1,37,834,,6,5,112,121,16,133,2020-07-03,10,1392,SHPR,53,69,43,,,955
41,91,1459,72,6,43,424,346,18,147,2020-09-03,23,2640,DHPC,152,170,79,8,663,1805
2,29,659,,6,3,112,328,26,139,2020-07-19,14,1392,SHPR,51,77,60,,,987
10,85,1539,,5,21,203,463,65,243,2020-06-03,37,1418,CapRAC,159,224,80,,,2002
30,218,2201,181,12,11,468,552,75,381,2021-05-27,34,3301,MCRHC,391,466,103,10,1654,2753
134,208,3418,0,16,27,687,1268,96,572,2020-08-29,62,4815,MHPC,336,432,243,47,0,4686
,83,959,,4,,424,580,46,239,2020-04-11,,2640,DHPC,117,163,34,,,1539
13,29,765,37,6,4,112,271,50,145,2021-04-13,0,1392,SHPR,52,102,28,0,573,1036
72,198,3103,,19,16,926,1326,127,432,2020-07-04,51,6070,THPC,375,502,196,,,4429
13,138,1976,111,19,10,420,863,103,384,2021-05-31,29,3851,EHPC,203,306,108,13,1643,2839
29,179,2321,324,19,55,420,686,60,354,2021-01-08,85,3851,EHPC,248,308,521,52,1771,3007
,34,687,,7,,247,264,57,137,2020-05-25,,1979,MAHPC,70,127,12,,,951
48,53,1056,89,16,38,247,499,58,137,2020-12-29,69,1979,MAHPC,147,205,213,17,438,1555
19,129,2081,169,19,14,420,874,90,396,2021-05-03,37,3851,EHPC,215,305,136,23,1829,2955
,104,1393,,15,,420,535,-1,288,2020-05-31,,3851,EHPC,240,239,90,,,1928
15,28,723,46,6,4,112,314,49,146,2021-05-02,8,1392,SHPR,54,103,33,8,576,1037
54,125,2197,237,12,33,468,570,78,474,2020-12-01,62,3301,MCRHC,394,472,237,22,1552,2767
29,47,1028,54,16,9,247,464,54,142,2020-10-16,20,1979,MAHPC,125,179,60,6,401,1492
133,248,3454,595,18,40,687,1197,76,571,2020-11-16,86,4815,MHPC,351,427,363,60,2212,4651
,96,1548,,6,,424,366,37,311,2020-05-20,,2640,DHPC,155,192,71,,,1914
,34,682,,13,,247,561,74,173,2020-04-06,,1979,MAHPC,82,156,7,,,1243
26,39,955,80,16,8,247,557,91,147,2021-05-11,10,1979,MAHPC,103,194,45,4,904,1512
73,122,2450,,10,8,468,288,95,288,2020-06-18,45,3301,MCRHC,262,357,95,,,2738
15,32,953,279,7,3,203,198,35,178,2021-07-07,10,1418,CapRAC,142,177,35,3,1380,1151
44,116,2164,182,12,14,468,557,76,478,2020-10-21,32,3301,MCRHC,394,470,120,12,1461,2721
22,37,906,158,7,3,203,167,28,163,2020-10-12,25,1418,CapRAC,141,169,59,8,996,1073
33,37,716,,10,3,247,411,65,116,2020-08-16,9,1979,MAHPC,83,148,45,,,1127
29,61,1027,462,7,24,203,143,21,149,2021-08-03,36,1418,CapRAC,156,177,145,15,1423,1170
11,53,950,288,7,7,203,218,28,147,2021-03-09,25,1418,CapRAC,149,177,74,11,1124,1168
8,99,1186,92,7,24,424,545,24,142,2020-12-25,46,2640,DHPC,173,197,188,27,553,1731
43,151,2158,196,19,28,420,755,77,330,2020-11-03,40,3851,EHPC,223,300,179,26,1736,2913
54,142,2095,192,12,25,468,674,105,421,2021-02-23,54,3301,MCRHC,364,469,202,24,1429,2769
24,256,3302,7,23,24,926,1871,167,473,2020-08-30,58,6070,THPC,384,551,219,16,128,5173
21,35,680,,6,1,112,272,29,135,2020-08-15,9,1392,SHPR,48,77,29,,,952
5,84,1359,,5,12,424,404,26,147,2020-06-30,36,2640,DHPC,152,178,103,,,1763
9,186,3502,183,29,33,926,1520,142,643,2021-02-27,67,6070,THPC,418,560,304,36,1687,5022
25,206,3536,153,29,66,926,1680,115,541,2020-10-24,95,6070,THPC,438,553,295,32,1268,5216
1,33,735,,5,2,112,205,14,134,2020-06-07,12,1392,SHPR,52,66,24,,,940
22,197,3676,156,29,49,926,1608,113,542,2020-10-08,73,6070,THPC,455,568,268,23,1242,5284
5,97,1498,44,7,6,424,272,18,145,2021-05-25,20,2640,DHPC,168,186,68,15,928,1770
,100,2276,,10,,468,389,117,319,2020-05-20,,3301,MCRHC,242,359,86,,,2665
32,57,969,303,7,16,203,174,15,143,2020-12-14,46,1418,CapRAC,154,169,206,24,982,1143
32,209,2045,124,12,10,468,689,83,390,2021-06-27,23,3301,MCRHC,374,457,72,10,1510,2734
5,82,1295,81,7,21,424,427,24,160,2020-12-20,33,2640,DHPC,162,186,153,18,577,1722
38,56,982,75,15,33,247,485,68,124,2021-01-23,46,1979,MAHPC,131,199,184,18,308,1467
16,136,1982,,10,6,468,655,84,458,2020-07-12,56,3301,MCRHC,378,462,147,,,2637
22,51,869,63,15,0,247,524,70,128,2021-07-03,4,1979,MAHPC,102,172,14,4,884,1393
,113,1346,,17,,420,1013,97,327,2020-04-08,,3851,EHPC,168,265,56,,,2359
17,148,2138,177,19,17,420,828,89,374,2021-05-12,33,3851,EHPC,219,308,123,20,1972,2966
17,59,960,311,7,8,203,203,28,141,2021-04-06,24,1418,CapRAC,149,177,89,13,1181,1163
,92,2063,,10,,468,727,117,333,2020-05-10,,3301,MCRHC,242,359,79,,,2790
19,34,917,276,7,5,203,158,26,166,2020-10-29,25,1418,CapRAC,143,169,81,9,1095,1075
34,144,2137,184,12,16,468,636,93,455,2021-04-15,34,3301,MCRHC,376,469,130,10,1596,2773
11,98,1586,,5,22,203,440,48,247,2020-06-24,56,1418,CapRAC,209,257,160,,,2026
48,218,3435,310,18,29,687,1389,103,643,2021-03-13,50,4815,MHPC,357,460,213,30,2324,4824
20,51,967,287,7,3,203,197,33,149,2021-03-11,21,1418,CapRAC,144,177,69,8,1032,1164
19,44,990,77,16,8,247,565,79,142,2021-02-14,22,1979,MAHPC,126,205,104,8,717,1555
,63,1176,,5,,203,773,85,277,2020-04-12,,1418,CapRAC,137,222,73,,,1949
4,81,1639,,7,19,424,385,26,189,2020-07-17,46,2640,DHPC,183,209,129,,,2024
30,173,2227,207,19,53,420,786,46,352,2021-02-02,76,3851,EHPC,261,307,374,49,1599,3013
37,49,982,54,15,13,247,505,71,140,2020-10-20,14,1979,MAHPC,108,179,53,4,375,1487
18,77,1446,,6,7,424,335,30,164,2020-08-18,21,2640,DHPC,143,173,68,,,1781
29,185,2207,228,19,45,420,801,65,344,2021-01-16,83,3851,EHPC,245,310,462,55,1577,3008
,32,744,,6,,112,221,28,138,2020-05-07,,1392,SHPR,44,72,16,,,965
36,137,1993,142,12,14,468,725,105,458,2020-11-01,39,3301,MCRHC,366,471,139,17,1185,2718
20,34,962,383,7,4,203,188,37,176,2021-05-25,16,1418,CapRAC,140,177,50,6,1393,1150
,84,1362,,5,,424,448,21,308,2020-05-09,,2640,DHPC,154,175,75,,,1810
34,52,1016,55,16,13,247,478,64,137,2020-11-21,17,1979,MAHPC,115,179,60,9,402,1494
3,85,1334,45,7,4,424,399,31,157,2021-05-23,15,2640,DHPC,151,182,65,10,737,1733
18,132,2295,171,19,26,420,632,55,335,2020-10-20,56,3851,EHPC,247,302,251,31,1727,2927
,58,1364,,5,,203,517,90,282,2020-04-25,,1418,CapRAC,134,224,80,,,1881
19,42,983,48,16,0,247,500,63,141,2021-06-24,4,1979,MAHPC,116,179,22,2,901,1483
39,30,765,39,6,5,112,251,41,140,2020-09-30,6,1392,SHPR,36,77,24,5,474,1016
47,131,2007,167,12,19,468,719,96,463,2020-10-18,30,3301,MCRHC,374,470,126,16,1265,2726
3,94,1378,71,7,14,424,385,24,148,2021-04-02,28,2640,DHPC,158,182,118,19,714,1763
22,58,953,250,7,5,203,216,23,142,2021-03-01,25,1418,CapRAC,154,177,104,13,1066,1169
39,69,951,322,7,20,203,205,21,131,2021-01-11,66,1418,CapRAC,148,169,252,27,1024,1156
31,128,2063,207,12,13,468,701,87,471,2021-05-09,44,3301,MCRHC,377,464,149,16,1440,2764
34,57,1013,110,16,12,247,547,72,129,2021-02-12,27,1979,MAHPC,133,205,103,12,811,1560
9,90,1451,52,7,8,424,247,18,152,2021-07-13,17,2640,DHPC,151,169,43,13,908,1698
35,45,986,112,16,13,247,540,79,141,2021-04-21,17,1979,MAHPC,115,194,76,8,876,1526
,99,1310,,16,,420,902,88,342,2020-04-24,,3851,EHPC,179,267,68,,,2212
19,35,868,271,7,5,203,208,30,165,2020-11-09,20,1418,CapRAC,139,169,72,11,1016,1076
83,232,3265,407,18,25,687,1161,90,533,2020-09-15,64,4815,MHPC,337,427,214,42,2284,4426
0,37,705,,3,2,112,147,15,113,2020-06-14,12,1392,SHPR,44,59,28,,,852
114,220,3441,,16,41,687,623,45,549,2020-07-15,68,4815,MHPC,373,418,312,,,4064
8,73,1263,,5,9,424,436,17,160,2020-07-26,29,2640,DHPC,145,162,123,,,1699
109,284,3620,539,18,65,687,1032,71,573,2020-12-06,116,4815,MHPC,358,429,553,60,2152,4652
29,40,896,174,7,2,203,177,27,160,2020-10-11,24,1418,CapRAC,142,169,59,7,1008,1073
15,131,1936,144,12,16,468,838,131,468,2021-04-03,43,3301,MCRHC,339,470,126,15,1323,2774
30,47,979,345,7,17,203,164,28,153,2020-12-10,48,1418,CapRAC,141,169,191,17,1067,1143
6,188,3360,191,28,30,926,1409,107,615,2021-05-09,48,6070,THPC,390,497,206,31,1803,4769
11,48,976,277,7,4,203,178,24,162,2021-05-10,17,1418,CapRAC,153,177,80,9,1033,1154
,11,129,,2,,203,74,9,23,2020-04-10,,1418,CapRAC,31,40,14,,,203
,175,2818,,22,,926,1483,220,592,2020-05-08,,6070,THPC,375,595,91,,,4301
,115,1593,,18,,420,745,90,352,2020-05-29,,3851,EHPC,186,276,96,,,2338
42,140,2137,148,12,16,468,630,86,459,2021-03-18,39,3301,MCRHC,383,469,138,15,1378,2767
21,46,761,41,6,2,112,275,46,128,2021-05-29,5,1392,SHPR,56,102,30,10,560,1036
29,145,2072,151,19,25,420,888,93,377,2021-03-09,34,3851,EHPC,208,301,162,18,1793,2960
25,191,2246,275,19,50,420,740,62,338,2021-01-19,78,3851,EHPC,248,310,447,67,1772,2986
7,203,3270,179,27,22,926,1421,93,587,2021-05-15,64,6070,THPC,408,501,175,37,1775,4691
15,29,790,46,6,6,112,246,38,145,2021-05-07,13,1392,SHPR,64,102,39,9,578,1036
18,28,685,46,6,2,112,331,43,142,2020-09-27,6,1392,SHPR,34,77,23,7,526,1016
,102,1345,,14,,420,742,103,329,2020-05-25,,3851,EHPC,149,252,98,,,2087
25,217,3618,234,18,23,687,1199,110,641,2021-03-08,55,4815,MHPC,350,460,236,30,1906,4817
91,183,3344,,16,28,687,725,55,563,2020-07-03,71,4815,MHPC,386,441,286,,,4069
115,210,3298,,16,20,687,772,109,547,2020-06-23,57,4815,MHPC,352,461,220,,,4070
18,90,1518,,15,8,420,670,82,334,2020-06-13,27,3851,EHPC,169,251,87,,,2188
15,23,945,230,7,4,203,208,35,187,2021-07-04,4,1418,CapRAC,142,177,22,0,1159,1153
90,208,3376,,16,19,687,686,78,541,2020-06-25,49,4815,MHPC,383,461,226,,,4062
13,295,3669,278,29,125,926,1303,60,528,2021-01-10,221,6070,THPC,488,548,1048,124,1635,4972
0,80,1329,27,7,6,424,421,32,162,2021-05-31,21,2640,DHPC,146,178,58,15,796,1750
18,162,2194,224,19,41,420,753,78,340,2020-12-14,71,3851,EHPC,230,308,354,52,1643,2947
,146,2416,,15,,687,1551,214,574,2020-04-18,,4815,MHPC,369,583,125,,,3967
7,98,1459,63,7,8,424,355,15,144,2021-02-15,57,2640,DHPC,178,193,178,37,542,1814
24,293,3713,377,29,132,926,1259,54,519,2021-01-03,204,6070,THPC,483,537,974,111,1900,4972
,61,1520,,5,,203,444,74,279,2020-04-21,,1418,CapRAC,150,224,80,,,1964
13,134,2032,219,19,17,420,823,94,388,2021-07-31,35,3851,EHPC,212,306,133,15,2025,2855
32,154,2035,163,19,44,420,977,66,374,2021-01-31,68,3851,EHPC,242,308,359,45,1433,3012
,28,612,,5,,112,335,27,136,2020-05-01,,1392,SHPR,42,69,15,,,947
3,90,1419,94,7,22,424,321,14,125,2020-12-05,38,2640,DHPC,173,187,148,25,728,1740
22,145,2087,150,19,32,420,853,84,337,2020-11-29,57,3851,EHPC,219,303,273,40,1502,2940
34,68,959,315,7,19,203,192,18,132,2021-01-09,63,1418,CapRAC,151,169,245,31,973,1151
122,257,3420,487,18,54,687,1218,98,562,2020-11-14,89,4815,MHPC,329,427,344,56,2314,4638
5,76,1422,,5,10,203,556,51,252,2020-06-08,47,1418,CapRAC,173,224,108,,,1978
42,78,1056,90,16,33,247,499,71,113,2021-01-12,71,1979,MAHPC,134,205,221,31,360,1555
,175,2922,,16,,687,1173,140,566,2020-05-13,,4815,MHPC,290,430,87,,,4095
32,243,3577,256,18,19,687,1189,102,650,2021-02-27,79,4815,MHPC,360,462,305,36,2033,4766
34,131,2036,160,19,19,420,925,100,395,2021-03-16,29,3851,EHPC,203,303,133,21,1794,2961
9,22,772,53,6,4,112,266,47,152,2021-04-28,4,1392,SHPR,56,103,35,4,575,1038
21,43,978,73,16,6,247,528,78,143,2021-05-26,10,1979,MAHPC,117,195,27,4,930,1506
4,76,1356,45,7,14,424,376,21,166,2020-10-04,18,2640,DHPC,118,139,84,12,596,1732
23,37,704,72,6,7,112,232,32,137,2021-01-18,19,1392,SHPR,62,94,115,17,447,936
14,37,750,33,6,4,112,287,38,137,2021-05-16,8,1392,SHPR,65,103,34,8,548,1037
11,162,2082,123,19,21,420,926,70,366,2021-02-14,46,3851,EHPC,238,308,238,36,1417,3008
,109,1437,,18,,420,952,104,331,2020-04-26,,3851,EHPC,182,286,85,,,2389
4,89,1542,66,7,11,424,247,38,153,2020-11-11,22,2640,DHPC,151,189,86,11,742,1789
2,85,1431,65,7,12,424,262,18,157,2021-07-20,18,2640,DHPC,165,183,56,10,910,1693
14,321,3893,277,29,112,926,1156,67,502,2021-01-17,222,6070,THPC,490,557,1083,138,1633,5049
28,43,983,310,7,5,203,173,23,167,2021-05-03,25,1418,CapRAC,154,177,85,8,1208,1156
67,47,958,46,14,7,247,436,59,128,2020-09-24,19,1979,MAHPC,111,170,43,11,315,1394
18,130,1996,132,19,19,420,903,82,392,2021-05-22,35,3851,EHPC,224,306,128,15,1678,2899
17,49,802,,5,8,203,356,48,151,2020-08-03,35,1418,CapRAC,121,169,99,,,1158
26,159,2148,298,19,63,420,805,84,367,2021-01-01,67,3851,EHPC,222,306,443,49,1770,2953
1,83,1472,47,7,5,424,301,24,159,2021-05-10,16,2640,DHPC,164,188,81,11,675,1773
18,80,993,271,7,13,203,172,9,120,2021-01-25,66,1418,CapRAC,160,169,272,33,933,1165
23,293,3969,355,29,91,926,1065,42,519,2020-12-30,220,6070,THPC,499,541,968,108,1917,5034
,160,2847,,16,,687,1295,145,600,2020-05-05,,4815,MHPC,304,449,110,,,4142
6,204,3485,187,18,12,687,1276,69,557,2021-07-06,18,4815,MHPC,351,420,96,12,2918,4761
15,149,2053,224,19,23,420,791,100,373,2021-08-02,40,3851,EHPC,206,306,143,19,1908,2844
23,42,1035,78,16,16,247,460,56,141,2021-07-22,14,1979,MAHPC,122,178,50,6,948,1495
9,144,2036,179,19,18,420,934,73,382,2021-03-27,33,3851,EHPC,231,304,141,17,1843,2970
28,25,763,52,6,4,112,248,39,149,2020-11-14,7,1392,SHPR,52,91,40,5,511,1011
9,83,1537,77,7,16,424,253,25,159,2020-11-17,30,2640,DHPC,163,188,118,14,779,1790
17,226,3631,181,18,11,687,1120,61,541,2021-06-29,18,4815,MHPC,359,420,70,12,2930,4751
54,43,775,,13,6,247,503,68,117,2020-07-16,13,1979,MAHPC,93,161,37,,,1278
,174,3258,,16,,687,900,59,588,2020-05-29,,4815,MHPC,480,539,131,,,4158
8,108,1474,74,7,13,424,196,13,134,2021-08-03,30,2640,DHPC,156,169,101,19,927,1670
18,125,2087,131,19,9,420,771,92,397,2021-07-01,12,3851,EHPC,216,308,61,4,1932,2858
2,81,1257,52,7,16,424,496,19,161,2020-11-27,31,2640,DHPC,171,190,130,23,453,1753
11,103,1451,,5,11,424,336,27,290,2020-06-14,37,2640,DHPC,149,176,104,,,1787
39,192,3163,,23,25,926,1776,180,499,2020-08-07,88,6070,THPC,407,587,257,,,4939
21,123,2004,159,12,23,468,771,118,476,2021-04-02,44,3301,MCRHC,352,470,130,12,1339,2775
22,175,2267,243,19,53,420,680,57,344,2020-12-18,72,3851,EHPC,251,308,356,48,1708,2947
17,67,1493,,5,14,203,523,49,278,2020-07-20,51,1418,CapRAC,206,255,187,,,2016
5,33,669,,6,2,112,312,23,137,2020-08-05,12,1392,SHPR,54,77,43,,,981
26,71,998,368,7,16,203,165,15,129,2021-01-12,69,1418,CapRAC,154,169,250,30,1096,1163
6,37,759,54,6,3,112,277,48,137,2021-05-31,3,1392,SHPR,54,102,33,10,584,1036
21,31,843,74,15,7,247,566,93,148,2021-05-09,11,1979,MAHPC,95,188,41,5,810,1409
,126,2400,,15,,687,1474,240,482,2020-04-15,,4815,MHPC,343,583,116,,,3874
29,50,949,64,16,11,247,545,74,139,2020-11-28,15,1979,MAHPC,105,179,78,9,345,1494
9,234,3776,216,18,16,687,1042,64,626,2021-05-25,44,4815,MHPC,375,439,149,30,2926,4818
18,125,1948,145,19,14,420,881,113,397,2021-07-06,13,3851,EHPC,193,306,66,8,2131,2829
35,137,1870,,16,16,420,771,58,300,2020-07-25,38,3851,EHPC,217,275,118,,,2641
8,107,1607,,5,18,203,390,31,221,2020-06-16,56,1418,CapRAC,193,224,134,,,1997
,191,3104,,22,,926,1310,231,481,2020-05-22,,6070,THPC,386,617,171,,,4414
25,33,733,51,5,1,112,252,32,137,2020-10-30,13,1392,SHPR,45,77,40,10,494,985
59,108,2150,104,19,19,420,777,73,296,2020-09-25,60,3851,EHPC,228,301,204,27,1262,2927
10,41,761,36,6,3,112,277,41,133,2021-04-20,7,1392,SHPR,63,104,32,4,642,1038
9,86,1490,66,7,14,424,286,38,156,2020-11-05,20,2640,DHPC,154,192,85,13,653,1776
55,47,780,,13,4,247,493,59,115,2020-07-17,15,1979,MAHPC,102,161,41,,,1273
8,85,1478,44,6,35,424,279,12,153,2020-09-22,17,2640,DHPC,157,169,65,14,645,1757
8,93,1359,31,7,7,424,336,27,149,2021-06-12,15,2640,DHPC,151,178,54,13,803,1695
7,92,1457,,6,15,424,314,20,145,2020-07-10,33,2640,DHPC,163,183,106,,,1771
17,47,765,52,6,6,112,230,30,127,2021-02-23,10,1392,SHPR,70,100,72,16,530,995
17,218,3532,223,29,46,926,1703,139,528,2020-11-02,106,6070,THPC,434,573,333,56,1847,5235
113,128,2067,,10,15,468,640,98,466,2020-07-28,40,3301,MCRHC,360,458,157,,,2707
,131,2508,,15,,687,1452,236,478,2020-04-22,,4815,MHPC,347,583,124,,,3960
24,113,1779,,15,19,420,546,60,294,2020-08-01,32,3851,EHPC,193,253,126,,,2325
31,44,814,,5,5,203,339,47,158,2020-08-12,24,1418,CapRAC,122,169,76,,,1153
10,41,809,50,6,6,112,227,48,133,2021-05-26,6,1392,SHPR,54,102,29,10,646,1036
85,239,3505,412,18,35,687,1167,80,584,2020-10-11,66,4815,MHPC,347,427,248,33,2190,4672
87,132,2036,196,11,11,468,604,103,452,2020-09-14,37,3301,MCRHC,359,462,117,20,846,2640
29,212,3769,340,18,34,687,1068,82,648,2021-04-14,68,4815,MHPC,389,471,289,21,2580,4837
,160,2176,,20,,926,2029,261,428,2020-04-19,,6070,THPC,320,581,56,,,4205
9,81,1361,53,7,12,424,367,38,161,2020-11-01,16,2640,DHPC,150,188,81,10,618,1728
,97,1634,,7,,424,560,45,335,2020-05-14,,2640,DHPC,172,217,80,,,2194
18,44,982,321,7,5,203,186,26,156,2021-03-25,16,1418,CapRAC,151,177,92,10,1162,1168
,95,1713,,6,,468,381,53,233,2020-05-31,,3301,MCRHC,225,278,62,,,2094
83,123,1995,,10,10,468,700,108,470,2020-07-19,43,3301,MCRHC,350,458,123,,,2695
18,38,930,299,7,3,203,153,32,162,2020-11-12,30,1418,CapRAC,137,169,92,14,1081,1083
45,143,2108,196,12,24,468,657,87,456,2021-03-02,63,3301,MCRHC,381,468,180,21,1505,2765
45,78,1042,76,16,21,247,482,79,111,2020-12-16,44,1979,MAHPC,146,225,153,23,360,1524
20,39,785,44,6,4,112,251,49,135,2021-05-28,5,1392,SHPR,53,102,35,10,588,1036
3,143,2095,139,19,14,420,869,82,382,2021-04-26,46,3851,EHPC,224,306,152,26,1735,2964
133,185,3331,,23,25,926,1192,153,511,2020-07-08,61,6070,THPC,421,574,225,,,4523
,75,1254,,5,,203,712,74,263,2020-04-06,,1418,CapRAC,150,224,50,,,1966
22,40,995,261,7,4,203,177,24,170,2021-06-03,15,1418,CapRAC,153,177,40,6,1280,1172
,192,2987,,22,,926,1372,170,586,2020-05-19,,6070,THPC,419,589,140,,,4359
53,39,754,29,13,2,247,521,97,129,2020-09-09,13,1979,MAHPC,67,164,44,10,312,1275
14,53,997,50,16,3,247,487,68,130,2021-07-02,4,1979,MAHPC,110,178,15,4,837,1484
106,214,3531,,16,33,687,1233,80,568,2020-08-20,78,4815,MHPC,357,437,273,,,4764
15,69,976,238,7,11,203,191,15,131,2021-02-07,51,1418,CapRAC,154,169,191,25,943,1167
23,223,3677,246,29,41,926,1577,105,525,2020-10-28,109,6070,THPC,462,567,287,53,1890,5254
,104,1058,,4,,424,502,33,224,2020-04-26,,2640,DHPC,130,163,50,,,1560
27,243,3767,263,29,81,926,1502,94,541,2020-12-02,146,6070,THPC,469,563,557,66,1770,5269
32,126,1832,,17,15,420,635,71,313,2020-07-22,35,3851,EHPC,200,271,118,,,2467
47,232,3652,275,18,28,687,1144,84,654,2021-03-02,75,4815,MHPC,376,460,299,40,2539,4796
15,52,816,99,6,11,112,217,29,122,2021-07-30,17,1392,SHPR,70,99,80,15,622,1033
19,220,3384,157,29,33,926,1775,121,526,2020-11-01,107,6070,THPC,442,563,311,59,1596,5159
,126,1547,,19,,420,1287,112,331,2020-04-13,,3851,EHPC,186,298,75,,,2834
26,224,3641,299,18,32,687,1180,103,633,2021-04-09,61,4815,MHPC,357,460,249,28,2370,4821
10,185,3494,210,28,27,926,1362,123,616,2021-06-03,35,6070,THPC,400,523,137,19,2036,4856
99,251,3504,473,18,30,687,1197,77,566,2020-10-05,68,4815,MHPC,350,427,223,31,2214,4701
19,153,2146,174,19,24,420,781,73,330,2020-10-26,53,3851,EHPC,229,302,207,36,1472,2927
7,64,952,259,7,2,203,211,21,136,2021-02-15,50,1418,CapRAC,148,169,163,24,885,1163
17,142,2053,177,19,13,420,926,112,384,2021-04-12,32,3851,EHPC,194,306,144,22,1775,2979
36,50,996,117,16,10,247,564,77,136,2021-02-23,18,1979,MAHPC,118,195,62,11,853,1560
,49,1194,,5,,203,772,-14,291,2020-04-27,,1418,CapRAC,238,224,78,,,1966
24,136,2092,132,12,10,468,680,90,463,2021-04-11,32,3301,MCRHC,380,470,124,9,1041,2772
4,81,1604,,7,15,424,412,32,190,2020-07-24,35,2640,DHPC,176,208,127,,,2016
11,245,3400,196,28,18,926,1665,130,485,2020-09-09,65,6070,THPC,414,544,179,26,1284,5065
,204,3005,,16,,687,1133,110,565,2020-05-26,,4815,MHPC,320,430,136,,,4138
18,54,837,88,6,13,112,196,30,120,2021-07-28,15,1392,SHPR,69,99,68,13,647,1033
60,112,2365,,10,15,468,370,100,298,2020-06-22,42,3301,MCRHC,257,357,105,,,2735
19,58,938,265,7,5,203,215,39,142,2021-04-05,23,1418,CapRAC,138,177,75,11,1058,1153
2,93,1452,41,7,6,424,274,22,149,2021-06-17,12,2640,DHPC,143,165,49,11,803,1726
18,317,3933,253,29,96,926,1144,61,506,2021-01-18,223,6070,THPC,502,563,1060,132,1589,5077
,37,827,,6,,112,138,15,133,2020-05-19,,1392,SHPR,57,72,23,,,965
35,43,917,,13,1,247,226,32,150,2020-06-18,11,1979,MAHPC,96,128,24,,,1143
41,131,2002,132,12,16,468,768,106,468,2021-03-14,42,3301,MCRHC,361,467,127,13,1304,2770
131,135,2056,,10,20,468,645,85,458,2020-07-15,57,3301,MCRHC,377,462,132,,,2701
4,39,876,,6,1,112,89,15,131,2020-06-25,12,1392,SHPR,54,69,38,,,965
28,30,692,35,6,1,112,324,36,140,2020-09-20,5,1392,SHPR,41,77,28,3,419,1016
51,322,3475,434,18,56,687,1314,77,588,2021-01-31,154,4815,MHPC,389,466,654,121,1891,4789
8,34,725,46,6,2,112,312,39,140,2021-03-21,5,1392,SHPR,64,103,31,5,481,1037
,33,730,,8,,247,228,50,141,2020-05-24,,1979,MAHPC,77,127,15,,,958
,106,1390,,15,,420,787,42,337,2020-05-02,,3851,EHPC,221,263,75,,,2177
5,175,3347,209,28,15,926,1451,115,629,2021-06-14,24,6070,THPC,390,505,116,18,2016,4798
21,37,848,158,7,1,203,235,43,163,2020-10-03,23,1418,CapRAC,126,169,35,8,1019,1083
9,143,2138,145,19,16,420,840,101,385,2021-03-04,33,3851,EHPC,205,306,152,28,1559,2978
4,106,1423,50,7,9,424,341,31,136,2021-04-09,26,2640,DHPC,161,192,103,18,797,1764
,207,2971,,16,,687,1092,120,510,2020-05-24,,4815,MHPC,467,587,111,,,4063
6,92,1527,70,7,17,424,252,46,150,2020-10-29,16,2640,DHPC,143,189,78,9,738,1779
28,20,792,56,6,8,112,225,42,154,2020-12-10,11,1392,SHPR,49,91,86,6,482,1017
13,136,2126,208,19,24,420,847,100,389,2021-04-13,35,3851,EHPC,206,306,153,26,1960,2973
53,143,2080,165,12,19,468,690,96,456,2021-02-26,57,3301,MCRHC,373,469,190,22,1330,2770
20,30,765,34,6,3,112,254,42,140,2020-09-04,8,1392,SHPR,35,77,35,4,451,1019
20,38,752,50,6,7,112,258,30,136,2020-10-20,12,1392,SHPR,47,77,54,11,553,1010
,181,2955,,21,,926,1318,199,563,2020-05-31,,6070,THPC,405,604,184,,,4273
13,232,3108,142,26,14,926,1849,127,485,2020-09-06,66,6070,THPC,407,534,189,19,1026,4957
1,99,1398,46,7,7,424,354,24,143,2021-04-05,27,2640,DHPC,152,176,117,17,624,1752
93,205,3532,,16,26,687,1234,102,577,2020-08-21,68,4815,MHPC,330,432,256,,,4766
123,274,3715,631,18,55,687,929,58,583,2020-12-02,106,4815,MHPC,370,428,499,62,2366,4644
14,47,725,41,6,2,112,313,47,127,2021-04-18,8,1392,SHPR,57,104,41,7,560,1038
21,34,845,79,15,3,247,566,84,145,2021-05-15,10,1979,MAHPC,105,189,32,3,793,1411
39,83,1466,68,6,37,424,341,18,155,2020-09-02,25,2640,DHPC,151,169,90,10,694,1807
40,51,1029,45,16,0,247,477,59,138,2020-09-22,20,1979,MAHPC,120,179,33,10,411,1506
24,249,3758,286,29,105,926,1408,73,535,2020-12-08,169,6070,THPC,496,569,699,84,1890,5166
26,127,1910,139,19,10,420,1038,127,401,2021-03-07,35,3851,EHPC,179,306,162,19,1472,2948
,58,1428,,5,,203,551,41,270,2020-05-08,,1418,CapRAC,183,224,77,,,1979
19,126,2087,242,19,10,420,781,100,396,2021-06-25,15,3851,EHPC,206,306,76,6,1842,2868
5,108,1434,106,7,25,424,328,8,134,2021-01-20,67,2640,DHPC,181,189,287,46,665,1762
19,35,893,180,7,7,203,192,43,165,2020-10-10,16,1418,CapRAC,126,169,52,5,1038,1085
,100,1453,,18,,420,874,127,378,2020-05-07,,3851,EHPC,152,279,78,,,2327
28,39,736,47,6,14,112,265,35,135,2021-02-06,17,1392,SHPR,62,97,93,12,492,1001
17,134,2054,148,19,11,420,908,83,391,2021-05-02,36,3851,EHPC,222,305,134,25,1770,2962
110,124,2092,,9,12,468,526,78,460,2020-08-13,38,3301,MCRHC,368,446,137,,,2618
17,79,1374,,6,8,424,370,17,162,2020-08-10,20,2640,DHPC,149,166,80,,,1744
,38,791,,7,,247,182,42,138,2020-05-30,,1979,MAHPC,94,136,18,,,973
24,28,765,52,6,6,112,245,36,146,2020-10-10,14,1392,SHPR,41,77,47,9,535,1010
6,197,3479,189,28,27,926,1507,116,613,2021-03-15,69,6070,THPC,417,533,248,34,1601,4986
25,187,3328,193,29,35,926,1853,127,556,2020-10-04,67,6070,THPC,426,553,254,25,1221,5181
15,75,1649,,7,6,424,393,39,198,2020-08-05,20,2640,DHPC,179,218,97,,,2042
57,153,2167,202,12,30,468,628,87,446,2021-02-10,72,3301,MCRHC,384,471,285,26,1448,2795
14,47,923,56,16,2,247,543,57,136,2021-06-28,4,1979,MAHPC,122,179,19,4,883,1466
26,135,2249,277,12,7,468,517,67,464,2021-04-27,40,3301,MCRHC,398,465,142,15,1778,2766
50,135,2042,163,12,19,468,727,111,464,2021-03-12,40,3301,MCRHC,356,467,130,12,1382,2769
,20,613,,5,,112,292,28,182,2020-04-25,,1392,SHPR,36,64,15,,,905
,139,2471,,16,,687,1536,241,477,2020-04-20,,4815,MHPC,350,591,127,,,4007
37,54,1030,125,16,13,247,530,69,132,2021-02-05,30,1979,MAHPC,136,205,120,13,777,1560
27,127,1866,,17,9,420,653,62,312,2020-07-23,35,3851,EHPC,208,270,120,,,2519
12,41,793,47,6,3,112,243,52,133,2021-05-27,5,1392,SHPR,50,102,30,10,551,1036
20,73,961,277,7,20,203,207,19,127,2021-02-13,49,1418,CapRAC,150,169,173,24,1025,1168
16,251,3532,277,18,33,687,1278,108,607,2021-04-05,57,4815,MHPC,352,460,248,27,2148,4810
95,127,1990,,9,9,468,620,81,457,2020-08-24,42,3301,MCRHC,365,446,138,,,2610
35,63,896,272,7,16,203,259,20,137,2020-12-26,49,1418,CapRAC,149,169,212,22,813,1155
2,85,1364,40,7,4,424,319,25,157,2021-06-13,15,2640,DHPC,146,171,54,11,301,1683
8,219,3755,202,18,9,687,1078,61,546,2021-06-11,21,4815,MHPC,380,441,105,16,2552,4833
,77,1390,,5,,203,588,69,251,2020-05-24,,1418,CapRAC,155,224,62,,,1978
7,100,1490,143,7,35,424,286,8,142,2021-01-12,62,2640,DHPC,180,188,277,39,723,1776
,26,766,,9,,247,322,73,158,2020-05-09,,1979,MAHPC,71,144,4,,,1088
18,217,3736,203,29,39,926,1519,95,529,2020-10-15,75,6070,THPC,467,562,236,32,1348,5255
18,74,969,320,7,7,203,200,23,126,2021-04-08,21,1418,CapRAC,154,177,87,15,1190,1169
60,156,2143,217,12,43,468,613,69,443,2020-12-12,70,3301,MCRHC,400,469,281,35,1338,2756
,98,2086,,10,,468,663,115,326,2020-05-13,,3301,MCRHC,244,359,87,,,2749
16,47,878,60,15,3,247,523,66,132,2021-07-11,7,1979,MAHPC,106,172,21,3,908,1401
,130,2189,,15,,687,1766,207,357,2020-04-07,,4815,MHPC,370,577,135,,,3955
28,216,2094,160,12,12,468,643,71,383,2021-07-06,37,3301,MCRHC,384,455,86,13,1685,2737
93,137,2052,216,12,11,468,674,81,457,2020-09-04,39,3301,MCRHC,389,470,127,14,1011,2726
24,245,3714,386,18,35,687,1096,75,624,2021-04-23,65,4815,MHPC,374,449,306,27,2532,4810
2,174,3575,196,28,24,926,1227,92,629,2021-07-21,37,6070,THPC,424,516,145,18,2135,4802
24,50,995,78,16,8,247,525,73,136,2021-05-05,7,1979,MAHPC,122,195,44,6,857,1520
8,179,3284,173,28,31,926,1583,130,631,2021-03-28,49,6070,THPC,390,520,186,18,1636,4867
32,164,2265,271,19,70,420,680,72,362,2020-12-31,72,3851,EHPC,232,304,433,51,1791,2945
3,71,1400,99,7,33,424,354,12,171,2021-01-10,59,2640,DHPC,179,191,265,32,593,1754
16,126,2182,180,19,16,420,775,89,399,2021-04-20,43,3851,EHPC,213,302,162,22,1998,2957
21,45,927,295,7,5,203,223,53,165,2021-05-17,16,1418,CapRAC,124,177,56,10,1156,1150
59,342,3800,517,18,101,687,1047,61,563,2021-01-20,175,4815,MHPC,396,457,919,138,2365,4847
36,35,711,,6,6,112,252,24,135,2020-08-14,12,1392,SHPR,53,77,33,,,963
38,141,2097,169,12,19,468,672,106,458,2021-03-04,55,3301,MCRHC,362,468,168,22,1317,2769
55,201,3474,,21,20,926,1364,144,469,2020-07-30,79,6070,THPC,418,562,254,,,4838
12,32,728,40,6,7,112,268,39,142,2021-02-27,6,1392,SHPR,62,101,61,8,478,996
30,45,881,42,15,3,247,530,61,137,2020-11-01,14,1979,MAHPC,112,173,54,4,335,1411
12,140,2064,141,18,21,420,760,67,293,2020-10-04,46,3851,EHPC,225,292,181,28,1427,2824
,101,2105,,10,,468,586,146,324,2020-05-26,,3301,MCRHC,211,357,77,,,2691
25,41,934,68,16,2,247,557,73,142,2021-06-21,3,1979,MAHPC,105,178,15,2,905,1491
14,251,3407,151,28,17,926,1629,107,479,2020-09-11,57,6070,THPC,437,544,185,26,1159,5036
,33,774,,6,,112,191,26,137,2020-05-06,,1392,SHPR,45,71,15,,,965
5,95,1475,44,7,4,424,300,22,147,2021-05-20,17,2640,DHPC,159,181,65,12,796,1775
5,101,1343,55,7,5,424,290,22,141,2021-07-25,25,2640,DHPC,148,170,71,16,778,1633
21,74,1001,309,7,14,203,171,15,126,2021-02-04,58,1418,CapRAC,154,169,220,28,1008,1172
15,43,958,275,7,6,203,199,30,167,2021-05-27,17,1418,CapRAC,147,177,49,4,1211,1157
,74,1737,,7,,424,457,46,358,2020-05-28,,2640,DHPC,191,237,109,,,2194
83,160,2226,271,12,56,468,587,70,439,2021-01-05,106,3301,MCRHC,406,476,487,37,1577,2813
52,131,2133,198,12,15,468,589,84,463,2020-10-30,39,3301,MCRHC,386,470,149,17,1427,2722
3,78,1480,41,7,8,424,263,23,164,2021-06-23,12,2640,DHPC,139,162,46,10,855,1743
6,93,1432,46,7,14,424,341,44,149,2020-11-02,20,2640,DHPC,141,185,75,15,622,1773
5,208,3644,200,28,27,926,1230,89,602,2021-04-08,57,6070,THPC,426,515,205,33,1939,4874
22,142,2255,175,19,29,420,674,60,325,2020-10-16,53,3851,EHPC,242,302,225,34,1644,2929
16,131,2149,169,19,19,420,821,78,397,2021-02-24,42,3851,EHPC,228,306,181,26,1723,2970
6,173,3100,207,28,19,926,1668,144,628,2021-05-31,33,6070,THPC,374,518,131,21,1914,4768
,81,1134,,6,,424,620,82,335,2020-04-08,,2640,DHPC,116,198,51,,,1754
34,46,995,57,16,14,247,491,68,143,2020-11-23,15,1979,MAHPC,111,179,69,10,341,1486
43,37,863,,14,2,247,459,60,137,2020-08-17,11,1979,MAHPC,109,169,53,,,1322
,24,825,,13,,247,369,81,180,2020-05-18,,1979,MAHPC,78,159,6,,,1194
97,272,3780,779,18,89,687,1006,58,589,2020-12-15,153,4815,MHPC,377,435,689,84,2402,4786
13,40,806,43,6,3,112,231,36,134,2021-05-21,10,1392,SHPR,67,103,38,13,580,1037
,92,939,,4,,424,599,45,236,2020-04-18,,2640,DHPC,118,163,42,,,1538
19,229,3674,302,18,19,687,1144,79,625,2021-05-18,53,4815,MHPC,362,441,187,27,2810,4818
21,242,3724,326,18,24,687,1092,72,613,2021-05-01,67,4815,MHPC,370,442,267,41,2570,4816
106,211,3413,487,17,24,687,1176,99,590,2020-09-26,46,4815,MHPC,316,415,187,27,2106,4589
26,59,739,41,6,3,112,262,34,111,2020-08-26,3,1392,SHPR,43,77,33,2,408,1001
7,186,3563,211,28,16,926,1276,90,615,2021-06-10,39,6070,THPC,422,512,126,16,2038,4839
52,159,2040,176,12,24,468,745,105,440,2021-02-07,81,3301,MCRHC,366,471,311,29,1223,2785
106,205,2899,,16,7,687,879,103,484,2020-06-15,53,4815,MHPC,458,561,192,,,3778
111,213,3256,,16,32,687,956,82,569,2020-08-13,81,4815,MHPC,344,426,286,,,4212
11,73,1511,,5,18,203,494,53,272,2020-07-19,54,1418,CapRAC,203,256,171,,,2005
1,101,1337,82,7,29,424,394,18,141,2021-01-31,53,2640,DHPC,173,191,214,34,553,1731
1,34,606,,5,4,112,315,24,123,2020-08-02,10,1392,SHPR,47,71,36,,,921
89,178,3229,,23,19,926,1091,164,518,2020-07-10,73,6070,THPC,414,578,249,,,4320
31,101,1598,,16,12,420,701,69,378,2020-06-25,30,3851,EHPC,183,252,102,,,2299
10,151,3553,169,28,13,926,1281,120,652,2021-07-15,24,6070,THPC,405,525,83,10,2054,4834
14,129,2168,192,19,24,420,803,78,396,2021-04-22,33,3851,EHPC,228,306,159,20,1856,2971
,94,1405,,5,,424,383,34,298,2020-05-24,,2640,DHPC,144,178,97,,,1788
46,135,2053,147,12,20,468,717,111,428,2021-02-22,56,3301,MCRHC,359,470,208,21,1225,2770
87,156,2133,260,12,59,468,675,84,443,2021-01-08,105,3301,MCRHC,383,467,469,42,1334,2808
1,90,1347,69,7,15,424,424,25,152,2021-04-17,21,2640,DHPC,169,194,100,16,845,1771
20,32,649,33,6,0,112,299,40,141,2020-11-01,8,1392,SHPR,31,71,32,7,373,948
7,74,1454,60,7,8,424,250,21,168,2021-07-15,19,2640,DHPC,148,169,54,10,914,1704
51,49,795,,13,1,247,480,65,113,2020-06-24,10,1979,MAHPC,96,161,22,,,1275
,108,1548,,8,,424,682,60,327,2020-04-28,,2640,DHPC,160,220,67,,,2230
37,75,999,355,7,24,203,165,12,125,2020-12-30,65,1418,CapRAC,157,169,238,37,1109,1164
34,220,3723,343,18,25,687,1090,92,637,2021-03-30,50,4815,MHPC,368,460,206,27,2532,4813
3,96,1408,51,7,15,424,357,24,146,2021-03-08,42,2640,DHPC,165,189,150,35,573,1765
121,215,3090,,15,30,687,1016,82,556,2020-07-31,92,4815,MHPC,325,407,302,,,4106
105,132,2110,,10,12,468,580,91,462,2020-08-05,40,3301,MCRHC,361,452,146,,,2690
15,66,1336,,6,6,424,441,37,172,2020-08-23,18,2640,DHPC,134,171,64,,,1777
4,197,3506,189,28,29,926,1367,93,613,2021-05-03,54,6070,THPC,406,499,222,25,1870,4873
9,232,3565,223,29,69,926,1381,93,596,2021-02-08,124,6070,THPC,466,559,557,70,1506,5053
62,213,3503,0,16,29,687,1183,108,569,2020-08-28,59,4815,MHPC,324,432,241,48,0,4686
,57,1411,,5,,203,554,100,283,2020-04-23,,1418,CapRAC,124,224,93,,,1965
6,181,3368,207,28,18,926,1420,105,620,2021-06-12,28,6070,THPC,405,510,116,16,1963,4788
5,82,1506,68,7,19,424,274,27,160,2021-03-18,37,2640,DHPC,161,188,136,29,686,1780
,168,2492,,22,,926,1827,316,599,2020-05-10,,6070,THPC,388,704,95,,,4319
24,71,1559,,7,10,424,466,74,202,2020-08-03,22,2640,DHPC,143,217,102,,,2025
25,45,939,292,7,4,203,215,43,165,2021-05-15,20,1418,CapRAC,134,177,56,11,1148,1154
6,142,2085,133,19,9,420,775,87,380,2021-06-12,19,3851,EHPC,219,306,83,14,1896,2860
11,227,3555,214,18,10,687,1279,85,597,2021-06-06,33,4815,MHPC,351,436,119,22,2509,4834
42,46,858,,15,2,247,487,60,124,2020-07-07,11,1979,MAHPC,110,170,31,,,1345
51,104,2200,144,19,15,420,741,78,300,2020-09-24,52,3851,EHPC,223,301,191,25,1346,2941
24,30,899,237,7,2,203,180,24,170,2020-10-14,28,1418,CapRAC,145,169,51,6,1088,1079
11,33,800,68,6,6,112,231,40,143,2021-07-15,6,1392,SHPR,57,97,34,4,621,1031
21,248,3587,221,29,71,926,1637,92,530,2020-11-25,138,6070,THPC,464,556,502,61,1685,5224
78,204,3231,,20,13,926,1431,184,457,2020-07-05,50,6070,THPC,391,575,215,,,4662
1,34,676,,6,5,112,311,21,134,2020-07-24,18,1392,SHPR,56,77,50,,,987
5,72,1332,29,7,3,424,331,27,170,2021-07-05,10,2640,DHPC,138,165,37,9,731,1663
,194,3158,,15,,687,911,67,640,2020-05-30,,4815,MHPC,462,529,135,,,4069
55,162,2280,181,12,34,468,481,63,437,2020-12-16,79,3301,MCRHC,410,473,341,35,1310,2761
31,212,2063,132,12,11,468,672,92,387,2021-06-14,31,3301,MCRHC,365,457,79,11,1499,2735
,74,1472,,5,,203,516,63,254,2020-05-21,,1418,CapRAC,159,222,68,,,1988
16,175,3290,160,27,12,926,1567,118,398,2020-09-12,51,6070,THPC,412,530,167,24,1151,4857
12,46,866,257,7,6,203,211,39,154,2020-11-03,16,1418,CapRAC,130,169,65,11,1043,1077
,82,1516,,7,,468,614,98,252,2020-05-02,,3301,MCRHC,184,282,77,,,2130
8,187,3632,216,28,34,926,1162,85,614,2021-07-28,48,6070,THPC,426,511,212,21,2223,4794
25,155,2369,273,19,59,420,643,60,374,2021-01-27,66,3851,EHPC,248,308,420,44,1840,3012
6,198,3534,154,28,27,926,1431,121,612,2021-03-22,53,6070,THPC,414,535,205,18,1669,4965
23,51,787,102,6,18,112,245,24,123,2021-08-01,20,1392,SHPR,74,98,93,17,609,1032
8,210,3594,204,28,28,926,1277,97,603,2021-05-07,59,6070,THPC,415,512,216,30,2012,4871
,28,807,,11,,247,357,63,166,2020-06-01,,1979,MAHPC,86,149,18,,,1164
6,197,3382,205,28,7,926,1414,98,604,2021-06-21,22,6070,THPC,407,505,99,18,1867,4796
36,228,3567,308,18,21,687,1255,99,631,2021-04-02,55,4815,MHPC,361,460,222,30,2332,4822
,37,884,,13,,247,341,60,165,2020-06-02,,1979,MAHPC,97,157,20,,,1225
65,198,3273,,23,19,926,1309,161,484,2020-06-24,63,6070,THPC,473,634,193,,,4582
120,126,1986,,9,10,468,592,88,457,2020-07-09,46,3301,MCRHC,366,454,119,,,2578
74,131,2053,,10,42,468,645,101,463,2020-07-25,50,3301,MCRHC,361,462,149,,,2698
10,40,760,84,6,0,112,247,44,134,2021-07-01,2,1392,SHPR,52,96,20,3,596,1007
,40,835,,13,,247,355,68,164,2020-05-26,,1979,MAHPC,93,161,9,,,1190
,34,683,,14,,247,457,68,165,2020-04-16,,1979,MAHPC,91,159,9,,,1140
26,170,2913,,21,12,926,1557,156,469,2020-08-02,62,6070,THPC,362,518,174,,,4470
,96,1360,,7,,424,840,77,331,2020-04-10,,2640,DHPC,142,219,43,,,2200
12,29,754,41,6,3,112,253,44,145,2021-07-02,1,1392,SHPR,52,96,20,2,599,1007
3,91,1403,48,7,5,424,368,22,151,2021-05-01,27,2640,DHPC,170,192,94,16,776,1771
13,38,767,51,6,2,112,246,44,136,2021-06-27,3,1392,SHPR,53,97,22,3,660,1013
3,104,1480,42,7,12,424,284,55,138,2020-10-16,24,2640,DHPC,137,192,86,16,737,1764
,94,2135,,10,,468,650,125,331,2020-05-12,,3301,MCRHC,234,359,85,,,2785
5,249,3675,488,18,49,687,1093,84,520,2021-08-02,79,4815,MHPC,336,420,362,33,2862,4768
22,121,2130,176,12,20,468,642,94,478,2021-03-30,40,3301,MCRHC,376,470,140,10,1592,2772
15,74,1368,,6,4,424,386,29,167,2020-08-16,15,2640,DHPC,142,171,81,,,1754
5,85,1460,42,7,6,424,288,22,157,2021-06-14,12,2640,DHPC,157,179,51,12,785,1748
8,260,3589,234,29,69,926,1493,79,567,2021-01-31,157,6070,THPC,472,551,697,90,1507,5082
17,41,946,261,7,0,203,207,41,169,2021-06-24,5,1418,CapRAC,136,177,23,3,1197,1153
11,44,925,288,7,3,203,243,33,156,2021-03-20,20,1418,CapRAC,144,177,76,8,1055,1168
45,291,3516,391,18,39,687,1264,95,618,2021-02-07,134,4815,MHPC,376,471,537,93,2013,4780
8,103,1437,79,7,25,424,334,12,139,2021-01-27,54,2640,DHPC,177,189,225,39,656,1771
14,144,2089,113,19,32,420,891,75,384,2021-02-20,43,3851,EHPC,223,298,221,32,1475,2980
22,158,2197,247,19,53,420,774,72,344,2020-12-08,79,3851,EHPC,232,304,323,60,1800,2971
23,80,955,390,7,11,203,205,14,120,2021-01-04,61,1418,CapRAC,155,169,248,38,1136,1160
13,146,2155,170,19,23,420,821,66,379,2021-04-16,47,3851,EHPC,240,306,160,27,1867,2976
20,87,1466,40,6,30,424,260,16,151,2020-09-14,27,2640,DHPC,153,169,71,19,556,1726
22,38,897,84,16,11,247,658,97,148,2021-04-03,10,1979,MAHPC,97,194,47,6,744,1555
22,39,939,92,16,4,247,615,79,147,2021-04-10,12,1979,MAHPC,116,195,48,6,903,1554
27,104,1679,,15,13,420,655,69,275,2020-08-05,41,3851,EHPC,183,252,145,,,2334
15,105,1590,,5,12,203,442,39,240,2020-06-26,54,1418,CapRAC,218,257,150,,,2032
71,155,1927,187,12,44,468,874,109,444,2020-12-25,73,3301,MCRHC,357,466,359,30,1087,2801
9,168,3473,198,28,18,926,1368,100,636,2021-06-15,24,6070,THPC,407,507,111,16,2258,4841
22,45,985,77,16,2,247,570,89,141,2021-03-15,10,1979,MAHPC,105,194,47,4,819,1555
,41,870,,12,,247,311,66,154,2020-05-27,,1979,MAHPC,87,153,9,,,1181
15,40,931,255,7,2,203,230,49,170,2021-05-30,18,1418,CapRAC,128,177,49,4,1097,1161
,29,854,,11,,247,283,64,166,2020-05-22,,1979,MAHPC,84,148,14,,,1137
5,98,1493,57,7,10,424,294,21,144,2021-05-05,28,2640,DHPC,167,188,93,18,861,1787
11,202,3522,178,28,27,926,1467,118,608,2021-03-12,66,6070,THPC,419,537,241,32,1754,4989
5,86,1200,79,7,23,424,513,21,155,2020-12-26,51,2640,DHPC,172,193,204,28,480,1713
13,46,790,55,6,7,112,205,27,128,2021-02-24,8,1392,SHPR,73,100,75,14,503,995
22,48,964,55,16,2,247,529,65,138,2021-06-10,7,1979,MAHPC,113,178,18,4,958,1493
13,263,3651,273,29,80,926,1453,94,564,2021-01-30,148,6070,THPC,463,557,697,89,1652,5104
,30,663,,5,,112,277,22,137,2020-05-02,,1392,SHPR,45,67,10,,,940
10,204,3662,202,28,22,926,1237,94,606,2021-05-06,57,6070,THPC,416,510,212,27,2071,4899
25,127,2063,176,19,10,420,772,97,395,2021-07-08,16,3851,EHPC,209,306,63,7,2138,2835
,36,715,,6,,112,250,19,134,2020-05-25,,1392,SHPR,50,69,24,,,965
24,98,1726,,7,12,424,342,42,163,2020-06-23,50,2640,DHPC,193,235,120,,,2068
24,199,3202,,22,14,926,1416,143,472,2020-06-25,66,6070,THPC,432,575,203,,,4618
22,142,2103,171,19,18,420,867,72,386,2021-02-23,47,3851,EHPC,234,306,189,34,1733,2970
27,32,960,290,7,6,203,169,23,168,2020-11-19,29,1418,CapRAC,146,169,121,9,1012,1129
39,117,2021,192,12,16,468,702,102,477,2020-10-24,36,3301,MCRHC,369,471,147,14,1407,2723
,30,539,,5,,112,304,20,171,2020-04-06,,1392,SHPR,40,60,12,,,843
17,136,2132,157,19,21,420,712,72,386,2021-05-28,34,3851,EHPC,234,306,113,15,1947,2844
27,55,887,295,7,5,203,234,30,145,2020-11-29,34,1418,CapRAC,139,169,125,18,1000,1121
,133,2591,,15,,687,1456,164,739,2020-05-10,,4815,MHPC,393,557,85,,,4047
33,220,2195,139,12,5,468,557,82,379,2021-06-03,30,3301,MCRHC,384,466,80,11,1594,2752
31,128,1995,,18,18,420,525,51,375,2020-07-01,26,3851,EHPC,220,271,74,,,2520
32,194,3402,187,29,30,926,1776,115,545,2020-10-11,72,6070,THPC,428,543,245,29,1143,5178
,125,2729,,15,,687,1366,138,748,2020-05-09,,4815,MHPC,404,542,87,,,4095
94,201,3449,,16,26,687,618,78,540,2020-06-26,57,4815,MHPC,381,459,235,,,4067
19,49,988,72,16,9,247,552,81,137,2021-04-16,17,1979,MAHPC,113,194,54,7,768,1540
14,117,1497,,5,17,203,492,37,211,2020-06-14,50,1418,CapRAC,187,224,124,,,1989
3,37,932,,6,10,112,56,12,131,2020-07-09,15,1392,SHPR,57,69,54,,,988
64,126,2148,213,12,39,468,618,93,473,2020-12-02,65,3301,MCRHC,379,472,237,23,1466,2766
,58,1142,,4,,203,687,64,262,2020-05-02,,1418,CapRAC,150,214,75,,,1829
5,106,1474,57,7,13,424,306,26,136,2021-05-04,30,2640,DHPC,168,194,99,17,862,1780
26,49,973,88,16,7,247,538,76,137,2021-05-04,5,1979,MAHPC,118,194,40,5,866,1511
28,38,878,180,6,3,203,199,34,162,2020-09-15,20,1418,CapRAC,133,167,46,13,1086,1077
10,112,1477,98,7,26,424,289,14,130,2021-02-02,59,2640,DHPC,177,191,228,46,702,1766
25,65,994,49,16,11,247,507,57,124,2020-12-07,33,1979,MAHPC,122,179,117,21,339,1501
2,88,1382,52,7,10,424,381,19,154,2021-02-28,43,2640,DHPC,169,188,151,33,613,1763
131,254,3598,501,18,39,687,1096,66,575,2020-10-20,79,4815,MHPC,361,427,313,52,2454,4694
26,45,835,,5,12,203,335,39,157,2020-08-05,30,1418,CapRAC,130,169,96,,,1170
24,108,1591,,4,21,203,294,30,229,2020-07-08,69,1418,CapRAC,219,249,207,,,1885
26,38,805,43,6,4,112,212,29,136,2020-10-14,11,1392,SHPR,48,77,56,12,531,1017
21,239,3646,307,18,35,687,1166,114,618,2021-04-12,63,4815,MHPC,357,471,276,25,2464,4812
5,21,720,39,6,3,112,316,56,153,2021-04-04,1,1392,SHPR,46,102,33,0,507,1036
8,206,3623,227,29,59,926,1434,117,631,2021-02-23,76,6070,THPC,444,561,351,39,1885,5057
24,163,2316,236,19,45,420,688,63,367,2021-01-13,87,3851,EHPC,245,308,531,50,1691,3004
15,113,1801,,17,18,420,634,68,279,2020-08-06,41,3851,EHPC,197,265,143,,,2435
19,53,932,240,7,3,203,230,43,147,2021-03-06,27,1418,CapRAC,134,177,81,12,1045,1162
18,301,3814,347,29,151,926,1225,68,522,2021-01-12,217,6070,THPC,490,558,1020,118,1843,5039
27,239,3612,3,23,32,926,1617,134,493,2020-08-26,69,6070,THPC,424,558,250,15,133,5229
51,215,3305,,22,25,926,1675,157,463,2020-07-23,87,6070,THPC,410,567,261,,,4980
24,109,1769,,15,22,420,788,75,264,2020-08-07,51,3851,EHPC,192,267,152,,,2557
,34,693,,14,,247,441,65,167,2020-04-15,,1979,MAHPC,98,163,12,,,1134
30,32,595,,10,3,247,450,57,110,2020-07-05,7,1979,MAHPC,80,137,24,,,1045
4,76,1377,56,7,7,424,376,26,166,2021-03-13,33,2640,DHPC,160,186,132,29,697,1753
,177,2249,,19,,926,1626,265,420,2020-04-18,,6070,THPC,330,595,116,,,3875
,65,1276,,5,,203,690,78,275,2020-04-14,,1418,CapRAC,142,220,68,,,1966
6,94,1461,79,7,12,424,315,15,148,2021-04-01,29,2640,DHPC,173,188,114,17,717,1776
123,197,2969,,15,17,687,1362,116,546,2020-08-23,74,4815,MHPC,289,405,241,,,4331
40,139,2078,193,19,21,420,837,66,342,2020-11-07,38,3851,EHPC,236,302,164,26,1637,2915
15,26,724,53,6,2,112,287,49,148,2020-11-15,6,1392,SHPR,42,91,41,5,474,1011
29,215,3624,264,18,33,687,1064,78,580,2020-09-23,52,4815,MHPC,349,427,204,28,2219,4688
30,136,2160,246,12,10,468,611,92,463,2021-04-26,40,3301,MCRHC,378,470,144,18,1556,2771
25,35,832,282,7,8,203,243,41,165,2020-11-06,19,1418,CapRAC,128,169,61,10,1093,1075
,50,1367,,5,,203,623,57,278,2020-05-18,,1418,CapRAC,167,224,61,,,1990
12,123,1879,122,19,5,420,955,109,399,2021-07-04,16,3851,EHPC,197,306,62,8,1880,2834
22,149,2164,161,18,26,420,734,56,327,2020-11-13,33,3851,EHPC,246,302,196,22,1589,2898
9,201,3627,190,29,42,926,1392,123,628,2021-03-03,62,6070,THPC,433,556,279,36,1791,5019
25,202,3204,,22,22,926,1134,115,477,2020-07-18,71,6070,THPC,469,584,245,,,4338
,121,1437,,17,,420,743,18,283,2020-04-25,,3851,EHPC,255,273,83,,,2180
19,44,972,253,7,5,203,190,36,166,2021-06-10,19,1418,CapRAC,141,177,39,9,1240,1162
9,41,952,235,7,2,203,202,34,169,2021-06-06,14,1418,CapRAC,143,177,35,9,1189,1154
1,102,1467,57,7,14,424,305,19,140,2021-03-22,37,2640,DHPC,168,187,141,28,627,1772
16,35,1018,291,7,7,203,146,23,175,2021-07-14,11,1418,CapRAC,154,177,42,1,1329,1164
17,172,2148,189,19,18,420,779,64,309,2020-10-31,47,3851,EHPC,238,302,171,30,1609,2927
32,39,999,57,16,8,247,500,68,150,2020-10-27,11,1979,MAHPC,111,179,55,2,414,1499
,67,1485,,5,,203,485,79,273,2020-04-22,,1418,CapRAC,141,220,81,,,1970
0,36,763,,5,3,112,174,15,130,2020-07-05,12,1392,SHPR,54,69,42,,,937
25,168,2274,231,19,53,420,672,61,349,2020-12-17,68,3851,EHPC,246,307,376,48,1703,2946
13,317,3932,316,29,152,926,1141,58,506,2021-01-14,228,6070,THPC,508,566,1054,122,1787,5073
4,89,1475,49,7,9,424,289,23,153,2021-05-28,20,2640,DHPC,163,186,69,16,794,1764
4,104,1416,78,7,8,424,218,17,138,2021-08-02,31,2640,DHPC,151,168,106,18,829,1634
,91,936,,4,,424,602,55,237,2020-04-12,,2640,DHPC,108,163,35,,,1538
46,134,2103,190,12,19,468,615,87,460,2020-11-03,37,3301,MCRHC,384,471,143,16,1436,2718
1,97,1384,44,7,9,424,351,25,145,2021-05-16,15,2640,DHPC,156,181,75,12,730,1735
18,158,2154,220,19,52,420,787,75,368,2020-12-24,71,3851,EHPC,229,304,376,46,1542,2941
26,164,2294,237,19,57,420,721,46,370,2021-02-03,74,3851,EHPC,263,309,371,48,1695,3015
156,223,3147,,15,37,687,960,75,548,2020-07-28,90,4815,MHPC,333,408,349,,,4107
5,104,1395,59,7,11,424,368,22,138,2021-04-12,29,2640,DHPC,170,192,107,19,840,1763
18,42,817,122,6,3,203,254,36,158,2020-09-13,21,1418,CapRAC,133,169,58,14,965,1071
,142,2459,,15,,687,1430,200,466,2020-04-17,,4815,MHPC,379,579,105,,,3889
79,251,3541,489,18,46,687,1099,74,619,2020-11-30,97,4815,MHPC,353,427,516,58,2229,4640
,81,1368,,4,,203,481,60,230,2020-06-02,,1418,CapRAC,138,198,60,,,1849
135,218,3368,,16,37,687,689,54,547,2020-07-14,67,4815,MHPC,362,416,316,,,4057
8,100,1449,129,7,37,424,317,8,142,2021-01-19,65,2640,DHPC,180,188,294,46,674,1766
34,231,3510,314,18,36,687,1256,114,662,2021-02-26,79,4815,MHPC,348,462,330,38,2202,4766
3,103,1423,75,7,27,424,330,17,139,2021-02-05,65,2640,DHPC,169,186,220,41,654,1753
7,199,3682,248,28,36,926,1227,83,611,2021-05-04,58,6070,THPC,425,508,215,27,2088,4909
18,306,3993,371,29,121,926,1105,45,507,2021-01-06,212,6070,THPC,512,557,1072,127,1801,5098
47,116,2459,,9,9,468,243,79,284,2020-06-23,39,3301,MCRHC,270,349,105,,,2702
2,32,658,,6,7,112,329,31,136,2020-07-20,14,1392,SHPR,46,77,63,,,987
26,35,956,81,16,10,247,599,112,151,2021-03-20,7,1979,MAHPC,83,195,37,1,820,1555
88,142,2088,213,12,8,468,596,81,452,2020-09-23,41,3301,MCRHC,389,470,114,23,1376,2684
5,32,667,,6,2,112,306,30,138,2020-08-10,9,1392,SHPR,48,78,44,,,973
14,39,738,48,6,9,112,257,34,135,2021-01-25,9,1392,SHPR,63,97,113,9,435,995
26,30,761,76,6,11,112,256,34,144,2020-12-15,16,1392,SHPR,57,91,86,9,540,1017
25,29,765,53,6,10,112,237,38,145,2020-12-17,9,1392,SHPR,53,91,80,6,474,1002
71,178,2092,197,12,44,468,701,82,421,2021-01-24,88,3301,MCRHC,390,472,400,34,1284,2793
18,52,992,368,7,11,203,167,24,158,2021-08-01,33,1418,CapRAC,153,177,120,14,1332,1159
27,48,678,,10,2,247,454,57,103,2020-07-12,14,1979,MAHPC,92,149,28,,,1132
6,213,3324,151,28,15,926,1502,96,588,2021-05-22,56,6070,THPC,420,516,160,29,1950,4826
50,57,1065,135,16,26,247,496,67,130,2021-01-26,49,1979,MAHPC,139,206,188,20,729,1561
46,45,744,,11,2,247,327,36,141,2020-06-16,9,1979,MAHPC,84,120,22,,,1071
46,41,936,,13,1,247,292,47,163,2020-06-22,9,1979,MAHPC,91,138,29,,,1228
39,132,1923,65,17,36,420,836,90,289,2020-08-29,52,3851,EHPC,199,289,143,21,651,2759
27,172,2246,249,19,69,420,762,63,357,2021-01-22,77,3851,EHPC,247,310,450,55,1740,3008
20,36,989,304,7,6,203,173,32,174,2021-07-20,16,1418,CapRAC,145,177,48,4,1302,1162
26,256,3872,317,29,114,926,1119,59,528,2020-12-15,192,6070,THPC,507,566,821,100,1935,4991
2,34,838,,5,10,112,99,16,132,2020-06-29,10,1392,SHPR,53,69,47,,,937
8,205,3367,223,28,19,926,1458,91,596,2021-05-24,44,6070,THPC,422,513,159,24,1964,4825
38,136,2072,169,12,18,468,697,94,463,2021-03-11,41,3301,MCRHC,374,468,139,11,1389,2769
10,42,761,33,6,5,112,275,45,132,2021-05-30,4,1392,SHPR,57,102,35,10,578,1036
30,137,2161,204,12,11,468,613,87,462,2021-04-13,30,3301,MCRHC,383,470,122,7,1695,2774
15,44,982,327,7,10,203,166,30,166,2021-05-07,23,1418,CapRAC,147,177,81,9,1230,1148
24,42,1006,48,16,3,247,482,64,141,2021-06-30,5,1979,MAHPC,114,178,19,3,932,1488
22,231,2022,164,12,5,468,731,101,368,2021-05-31,32,3301,MCRHC,365,466,84,14,1480,2753
55,152,2160,218,12,25,468,610,79,447,2021-02-16,64,3301,MCRHC,388,467,248,20,1470,2770
40,201,2168,171,12,14,468,575,85,398,2021-07-14,34,3301,MCRHC,373,458,100,10,1737,2743
6,98,1369,131,7,38,424,396,16,144,2020-12-31,46,2640,DHPC,174,190,232,27,683,1765
1,42,870,,6,4,112,85,13,128,2020-07-02,11,1392,SHPR,56,69,42,,,955
4,98,1356,39,7,11,424,352,23,144,2021-06-18,14,2640,DHPC,142,165,50,10,844,1708
21,172,2926,,22,10,926,1193,149,492,2020-06-07,80,6070,THPC,445,594,184,,,4119
6,73,1662,,7,13,424,366,30,198,2020-07-21,34,2640,DHPC,181,211,121,,,2028
28,35,797,48,6,10,112,213,37,139,2020-12-04,10,1392,SHPR,54,91,77,11,471,1010
49,293,3814,439,18,65,687,977,63,621,2021-02-05,148,4815,MHPC,405,468,596,95,2115,4791
,95,1811,,10,,468,996,117,327,2020-04-22,,3301,MCRHC,212,329,74,,,2807
33,39,764,63,6,7,112,251,28,135,2020-12-01,21,1392,SHPR,63,91,74,13,545,1015
,30,738,,6,,247,188,49,142,2020-05-31,,1979,MAHPC,81,130,19,,,926
1,81,1531,70,7,15,424,254,27,161,2020-11-10,21,2640,DHPC,161,188,83,12,748,1785
,135,2419,,10,,468,355,87,290,2020-06-02,,3301,MCRHC,272,359,85,,,2774
93,101,2078,,10,12,468,470,123,492,2020-06-25,39,3301,MCRHC,343,466,106,,,2548
29,213,2077,128,12,10,468,667,85,386,2021-06-18,36,3301,MCRHC,373,458,78,16,1598,2744
130,253,3629,524,18,33,687,1031,61,568,2020-11-11,73,4815,MHPC,367,428,300,51,2486,4660
18,128,2126,165,17,27,420,730,65,302,2020-10-12,60,3851,EHPC,223,288,215,24,1514,2856
14,24,811,39,6,5,112,226,46,150,2021-04-23,4,1392,SHPR,57,103,33,3,588,1037
15,70,1292,,5,10,424,414,25,163,2020-08-02,18,2640,DHPC,136,161,99,,,1706
29,34,688,41,6,1,112,328,36,136,2020-09-28,6,1392,SHPR,41,77,22,7,519,1016
21,112,2116,181,12,15,468,655,97,487,2021-03-29,43,3301,MCRHC,373,470,126,11,1315,2771
122,267,3546,467,18,34,687,1092,81,533,2020-11-13,86,4815,MHPC,346,427,357,51,2258,4638
13,33,722,49,6,4,112,274,48,141,2021-03-01,4,1392,SHPR,53,101,58,7,478,996
,179,2778,,22,,926,1451,241,594,2020-05-04,,6070,THPC,351,592,87,,,4229
20,42,990,346,7,2,203,166,30,168,2021-05-04,24,1418,CapRAC,147,177,78,8,1349,1156
,124,1483,,18,,420,1122,109,337,2020-04-16,,3851,EHPC,173,282,75,,,2605
27,60,1034,87,16,14,247,521,57,127,2021-01-31,42,1979,MAHPC,148,205,167,20,675,1555
135,196,2814,,14,19,687,1205,105,556,2020-08-09,77,4815,MHPC,290,395,300,,,4019
115,233,3395,394,18,19,687,1294,96,582,2020-10-04,63,4815,MHPC,331,427,213,33,2136,4689
4,77,1457,57,7,16,424,324,20,165,2020-11-20,30,2640,DHPC,171,191,127,13,646,1781
16,39,945,70,16,4,247,563,78,147,2021-05-14,11,1979,MAHPC,117,195,36,4,891,1508
10,91,1568,,5,15,203,414,66,237,2020-06-04,32,1418,CapRAC,158,224,84,,,1982
2,74,1281,29,6,32,424,436,24,164,2020-09-27,20,2640,DHPC,111,135,70,16,598,1717
42,129,2214,278,12,14,468,550,68,470,2021-05-11,43,3301,MCRHC,398,466,136,13,1797,2764
,116,1489,,18,,420,883,99,369,2020-05-08,,3851,EHPC,187,286,85,,,2372
4,90,1514,71,7,18,424,264,14,152,2021-02-17,51,2640,DHPC,173,187,171,33,690,1778
8,100,1554,149,7,52,424,216,13,142,2021-01-05,54,2640,DHPC,176,189,273,32,781,1770
,31,740,,10,,247,277,54,154,2020-04-25,,1979,MAHPC,95,149,8,,,1017
49,306,3634,523,18,70,687,1150,76,604,2021-02-02,149,4815,MHPC,394,470,624,113,2217,4784
17,44,902,209,7,3,203,257,47,156,2021-03-21,16,1418,CapRAC,130,177,74,7,936,1159
32,131,1742,,18,22,420,825,82,259,2020-08-17,49,3851,EHPC,196,278,145,,,2567
,26,688,,6,,112,277,23,144,2020-05-17,,1392,SHPR,49,72,19,,,965
127,192,3034,,21,8,926,1043,251,443,2020-06-05,70,6070,THPC,423,674,193,,,4077
25,210,2117,246,12,4,468,634,91,389,2021-05-21,37,3301,MCRHC,373,464,94,15,1598,2751
21,39,752,43,6,7,112,258,29,135,2020-10-12,14,1392,SHPR,48,77,59,7,524,1010
5,158,3396,157,28,19,926,1364,115,645,2021-07-17,31,6070,THPC,399,514,101,11,2099,4760
6,84,1620,,7,17,424,420,31,186,2020-07-16,43,2640,DHPC,183,214,126,,,2040
68,165,2133,232,12,46,468,664,94,434,2020-12-23,78,3301,MCRHC,376,470,372,33,1397,2797
94,109,2025,,9,8,468,590,95,475,2020-08-14,36,3301,MCRHC,351,446,128,,,2615
12,153,2122,146,19,27,420,858,68,375,2021-02-19,43,3851,EHPC,230,298,228,32,1539,2980
,162,2647,,21,,926,1615,198,407,2020-04-08,,6070,THPC,388,586,76,,,4262
,62,889,,5,,203,965,89,278,2020-04-11,,1418,CapRAC,134,223,65,,,1854
13,188,3400,165,28,42,926,1560,121,622,2021-03-13,64,6070,THPC,414,535,236,33,1746,4960
6,141,1975,101,19,9,420,874,81,381,2021-06-20,17,3851,EHPC,225,306,82,11,1796,2849
18,198,3211,,23,8,926,1492,209,499,2020-06-26,64,6070,THPC,429,638,194,,,4703
15,29,805,41,6,6,112,219,46,145,2020-11-18,5,1392,SHPR,45,91,45,7,474,1024
22,32,889,37,14,7,247,486,65,146,2020-10-25,8,1979,MAHPC,102,167,51,2,284,1375
121,118,2137,,10,19,468,560,88,476,2020-07-29,44,3301,MCRHC,370,458,157,,,2697
8,205,3388,192,28,37,926,1434,105,605,2021-04-25,54,6070,THPC,398,503,208,25,1756,4822
,200,3206,,16,,687,890,102,561,2020-05-22,,4815,MHPC,458,560,95,,,4096
106,123,2033,214,12,13,468,644,101,471,2020-10-02,33,3301,MCRHC,369,470,113,17,1377,2677
22,29,927,67,16,6,247,633,90,157,2021-03-27,7,1979,MAHPC,105,195,32,1,827,1560
,29,642,,5,,112,263,25,173,2020-04-28,,1392,SHPR,39,64,17,,,905
125,284,3866,520,18,67,687,786,53,573,2020-12-04,109,4815,MHPC,374,427,537,67,2273,4652
11,133,2090,159,19,13,420,805,76,389,2021-05-19,32,3851,EHPC,232,308,109,14,1878,2895
69,169,2159,235,12,37,468,651,75,430,2021-01-14,107,3301,MCRHC,397,472,470,40,1339,2810
100,265,3655,596,18,61,687,987,60,594,2020-12-01,107,4815,MHPC,370,430,490,59,2640,4642
29,52,1002,133,16,7,247,479,52,131,2021-07-30,26,1979,MAHPC,126,178,74,9,1046,1481
144,162,3264,,16,23,687,809,76,530,2020-06-30,60,4815,MHPC,366,442,235,,,4073
,24,917,,14,,247,318,79,182,2020-05-15,,1979,MAHPC,84,163,3,,,1235
22,50,959,331,7,7,203,203,24,151,2021-04-13,27,1418,CapRAC,153,177,80,9,1310,1162
22,31,748,48,6,5,112,262,37,143,2020-10-24,15,1392,SHPR,40,77,55,10,488,1010
3,95,1397,,6,12,424,378,6,144,2020-07-14,45,2640,DHPC,148,154,100,,,1775
,74,1321,,6,,424,613,32,295,2020-05-01,,2640,DHPC,163,195,61,,,1934
28,124,1895,,17,31,420,699,74,272,2020-08-19,41,3851,EHPC,197,271,139,,,2594
12,175,3350,221,28,24,926,1367,109,631,2021-07-25,39,6070,THPC,396,505,179,16,1967,4717
35,211,2027,169,12,14,468,721,97,388,2021-05-29,31,3301,MCRHC,364,461,102,12,1514,2748
10,27,746,43,6,6,112,291,53,147,2021-04-08,1,1392,SHPR,50,103,24,0,553,1037
17,36,964,70,16,3,247,522,72,147,2021-06-29,6,1979,MAHPC,106,178,20,4,946,1486
57,154,1979,173,12,37,468,822,111,445,2020-12-26,77,3301,MCRHC,356,467,378,36,1047,2801
60,151,2115,193,12,27,468,650,88,448,2021-02-12,69,3301,MCRHC,373,461,273,20,1321,2765
18,67,979,278,7,6,203,189,34,133,2021-04-07,23,1418,CapRAC,143,177,91,14,1092,1168
,92,1922,,10,,468,868,140,331,2020-04-24,,3301,MCRHC,219,359,66,,,2790
,31,695,,6,,112,269,23,138,2020-05-24,,1392,SHPR,46,69,22,,,964
21,112,1722,,6,6,468,395,60,213,2020-06-14,44,3301,MCRHC,218,278,85,,,2117
65,305,3700,686,18,77,687,1056,49,556,2020-12-29,193,4815,MHPC,406,455,841,118,2810,4756
8,128,2117,134,19,6,420,735,82,394,2021-06-30,10,3851,EHPC,224,306,66,4,1943,2852
51,158,2141,172,12,18,468,634,89,441,2021-02-11,69,3301,MCRHC,382,471,273,23,1374,2775
101,211,3413,,16,28,687,643,61,548,2020-07-01,62,4815,MHPC,378,439,258,,,4056
11,136,2098,201,19,17,420,871,72,390,2021-03-26,35,3851,EHPC,232,304,135,18,1759,2969
66,152,2177,237,12,33,468,580,82,447,2020-12-10,64,3301,MCRHC,388,470,284,34,1319,2757
10,34,961,259,7,4,203,192,29,176,2021-07-05,5,1418,CapRAC,148,177,28,1,1097,1153
40,44,799,59,6,9,112,194,23,130,2021-02-11,13,1392,SHPR,75,98,95,12,505,993
92,97,1699,75,16,33,420,758,87,273,2020-09-01,52,3851,EHPC,180,267,177,28,836,2457
25,35,719,31,6,0,112,295,34,135,2020-09-06,9,1392,SHPR,43,77,29,5,447,1014
14,72,1644,,7,11,424,387,30,201,2020-08-04,20,2640,DHPC,186,216,99,,,2031
13,102,1417,,5,6,424,357,17,290,2020-06-07,42,2640,DHPC,158,175,98,,,1774
,111,2072,,15,,687,1323,144,373,2020-04-27,,4815,MHPC,228,372,99,,,3395
,104,1814,,10,,468,732,92,314,2020-04-17,,3301,MCRHC,214,306,45,,,2546
12,250,3482,205,29,71,926,1428,86,578,2021-02-07,129,6070,THPC,468,554,561,75,1555,5017
84,167,2205,253,12,51,468,605,89,432,2021-01-13,103,3301,MCRHC,383,472,492,43,1361,2810
33,197,2159,133,12,6,468,584,78,402,2021-06-09,31,3301,MCRHC,381,459,81,12,1628,2743
44,61,1087,79,16,12,247,407,52,128,2020-12-02,26,1979,MAHPC,127,179,106,13,311,1494
177,227,3222,,15,38,687,897,75,548,2020-08-11,80,4815,MHPC,332,407,295,,,4119
20,228,3545,272,18,27,687,1264,92,629,2021-03-16,44,4815,MHPC,368,460,203,25,2485,4809
37,48,955,325,7,17,203,184,21,152,2020-12-05,36,1418,CapRAC,148,169,154,19,1063,1139
16,41,764,32,6,3,112,272,35,133,2021-06-14,4,1392,SHPR,67,102,24,6,621,1036
53,286,3693,495,18,43,687,1104,60,627,2021-02-04,149,4815,MHPC,409,469,582,95,2177,4797
23,24,968,322,7,6,203,200,25,186,2021-07-24,17,1418,CapRAC,152,177,67,5,1322,1168
,86,1411,,5,,203,564,55,242,2020-05-31,,1418,CapRAC,169,224,69,,,1975
15,35,1009,307,7,5,203,159,32,175,2021-07-21,18,1418,CapRAC,145,177,52,4,1315,1168
55,50,977,55,16,3,247,529,67,139,2020-09-25,21,1979,MAHPC,112,179,40,10,359,1506
24,43,941,65,16,8,247,619,98,143,2021-03-05,13,1979,MAHPC,97,195,58,3,723,1560
23,99,1488,,17,10,420,872,86,342,2020-06-15,26,3851,EHPC,166,252,93,,,2360
36,121,1985,,17,40,420,818,75,300,2020-08-25,45,3851,EHPC,215,290,150,,,2803
18,36,902,264,7,10,203,173,30,164,2020-10-28,19,1418,CapRAC,139,169,74,8,405,1075
2,87,1494,42,7,27,424,270,16,155,2020-09-30,22,2640,DHPC,127,143,83,16,704,1764
4,97,1504,78,7,10,424,289,17,145,2021-04-27,29,2640,DHPC,177,194,119,17,883,1793
13,43,753,53,6,6,112,286,40,131,2021-03-12,7,1392,SHPR,61,101,44,9,498,1039
1,98,1369,49,7,7,424,348,26,144,2021-04-11,27,2640,DHPC,164,190,102,19,735,1717
63,106,2090,170,12,21,468,608,122,488,2020-11-13,44,3301,MCRHC,349,471,163,13,1462,2698
22,44,932,87,16,9,247,587,79,142,2021-05-01,6,1979,MAHPC,116,195,48,4,882,1519
13,223,3334,163,28,48,926,1678,113,508,2020-10-31,102,6070,THPC,437,550,313,52,1666,5012
7,76,1450,111,7,41,424,313,7,166,2021-01-09,59,2640,DHPC,184,191,269,34,593,1763
23,255,3868,272,29,95,926,1166,76,529,2020-12-18,186,6070,THPC,475,551,823,91,1626,5034
6,103,1481,60,7,22,424,307,21,139,2021-04-29,30,2640,DHPC,173,194,116,17,856,1788
8,283,3940,276,29,128,926,1149,57,544,2021-01-22,198,6070,THPC,504,561,921,109,1730,5089
28,214,3540,281,18,28,687,1266,113,647,2021-03-22,49,4815,MHPC,348,461,192,26,2177,4806
17,207,3400,214,29,47,926,1797,134,570,2020-11-15,105,6070,THPC,432,566,387,49,1689,5197
,94,1243,,6,,424,838,96,325,2020-04-13,,2640,DHPC,124,220,50,,,2081
15,126,2088,176,19,14,420,744,91,396,2021-07-13,20,3851,EHPC,215,306,74,11,2181,2832
80,171,2175,233,12,55,468,619,93,428,2021-01-27,88,3301,MCRHC,379,472,427,37,1405,2794
31,41,770,,7,1,247,187,23,134,2020-06-06,8,1979,MAHPC,89,112,20,,,957
,34,605,,6,,112,353,17,179,2020-04-07,,1392,SHPR,62,79,13,,,958
33,50,1007,43,16,13,247,487,56,139,2020-11-13,17,1979,MAHPC,123,179,71,8,413,1494
42,58,1041,75,16,23,247,453,50,131,2020-12-04,31,1979,MAHPC,129,179,114,18,381,1494
27,157,2202,262,19,41,420,747,66,369,2020-12-23,72,3851,EHPC,241,307,370,46,1644,2949
27,76,1616,,5,11,203,396,44,269,2020-07-22,57,1418,CapRAC,211,255,196,,,2012
33,133,1949,149,12,18,468,822,103,466,2021-03-06,49,3301,MCRHC,365,468,164,20,1310,2771
58,104,2219,122,19,17,420,712,71,298,2020-09-16,52,3851,EHPC,230,301,183,32,1386,2931
6,90,1485,53,7,7,424,292,26,152,2021-05-18,19,2640,DHPC,157,183,71,16,852,1777
15,59,882,291,7,3,203,273,41,141,2021-04-10,27,1418,CapRAC,136,177,71,16,1141,1155
9,183,3735,211,29,58,926,1330,121,646,2021-02-25,80,6070,THPC,439,560,346,41,1790,5065
90,123,1950,,10,14,468,601,124,470,2020-07-05,42,3301,MCRHC,338,462,132,,,2551
21,257,3479,,24,26,926,1780,133,488,2020-08-24,68,6070,THPC,428,561,263,,,5259
48,39,825,,12,7,247,440,67,126,2020-07-28,17,1979,MAHPC,95,162,52,,,1265
37,45,1041,125,16,12,247,446,64,138,2021-07-29,28,1979,MAHPC,115,179,77,8,1055,1487
15,243,3065,163,25,17,926,1820,123,460,2020-09-07,65,6070,THPC,405,528,187,17,1077,4885
,103,2092,,9,,468,591,130,320,2020-05-24,,3301,MCRHC,229,359,75,,,2683
13,52,783,36,6,2,112,253,36,122,2021-06-11,3,1392,SHPR,66,102,20,6,584,1036
7,99,1482,61,7,19,424,292,13,143,2021-04-30,30,2640,DHPC,179,192,110,18,817,1774
23,45,990,60,16,0,247,488,65,138,2021-07-01,4,1979,MAHPC,113,178,19,3,970,1478
18,39,798,,9,4,247,198,28,140,2020-06-07,7,1979,MAHPC,86,114,21,,,996
31,71,942,303,7,10,203,216,15,129,2021-01-10,65,1418,CapRAC,154,169,239,31,915,1158
8,49,969,238,7,1,203,191,20,161,2021-06-21,5,1418,CapRAC,157,177,31,4,1102,1160
16,35,724,45,6,2,112,272,40,139,2021-02-28,6,1392,SHPR,61,101,57,8,475,996
23,81,1467,,6,7,424,309,16,160,2020-08-12,20,2640,DHPC,156,172,78,,,1776
27,176,2319,266,19,69,420,686,57,351,2021-01-07,79,3851,EHPC,249,306,526,55,1757,3005
28,194,2155,103,12,7,468,586,91,405,2021-06-23,24,3301,MCRHC,363,454,70,10,1551,2741
20,44,984,80,16,2,247,541,77,142,2021-04-23,18,1979,MAHPC,118,195,79,7,846,1525
91,119,2122,,10,15,468,524,84,468,2020-07-17,52,3301,MCRHC,367,451,136,,,2646
33,40,650,,9,5,247,452,53,109,2020-07-25,12,1979,MAHPC,91,144,41,,,1102
106,209,3431,,16,39,687,613,58,548,2020-07-10,66,4815,MHPC,331,389,321,,,4044
10,25,773,42,6,3,112,263,46,149,2021-03-31,1,1392,SHPR,56,102,40,1,518,1036
25,191,3246,166,27,33,926,1720,134,522,2020-10-03,62,6070,THPC,398,532,210,26,1101,4966
9,139,2189,194,19,16,420,784,82,386,2021-04-14,40,3851,EHPC,224,306,152,26,1955,2973
,35,758,,16,,247,516,93,171,2020-04-27,,1979,MAHPC,85,178,11,,,1274
,104,1985,,10,,468,805,136,314,2020-05-01,,3301,MCRHC,223,359,99,,,2790
7,115,1528,,5,12,203,480,42,213,2020-06-15,45,1418,CapRAC,182,224,120,,,2008
6,99,1447,35,7,13,424,319,16,143,2020-10-02,21,2640,DHPC,128,144,78,17,671,1766
14,124,1894,118,19,5,420,939,111,398,2021-07-05,13,3851,EHPC,195,306,67,7,1842,2833
27,204,2170,136,12,6,468,571,81,395,2021-06-24,25,3301,MCRHC,375,456,76,10,1540,2741
24,57,956,315,7,7,203,211,16,143,2021-02-20,45,1418,CapRAC,153,169,127,19,1046,1167
9,138,2107,134,19,6,420,755,88,384,2021-06-23,15,3851,EHPC,218,306,77,7,1987,2862
8,197,3453,228,28,36,926,1389,95,613,2021-04-17,53,6070,THPC,413,508,225,25,1936,4842
4,31,823,,6,1,112,142,12,139,2020-06-05,13,1392,SHPR,58,70,25,,,965
117,244,3458,375,18,29,687,1170,76,589,2020-10-31,81,4815,MHPC,352,428,269,52,2150,4628
32,149,2175,180,19,39,420,738,67,332,2020-11-04,40,3851,EHPC,233,300,184,24,1693,2913
58,136,2190,221,12,37,468,581,95,463,2020-12-19,76,3301,MCRHC,374,469,346,30,1327,2771
36,37,678,,11,2,247,469,66,114,2020-06-28,7,1979,MAHPC,83,149,22,,,1147
10,145,2098,167,19,21,420,855,87,381,2021-03-18,25,3851,EHPC,217,304,136,17,1730,2953
27,217,3377,,22,28,926,1422,145,467,2020-08-14,84,6070,THPC,431,576,239,,,4799
,89,940,,3,,424,352,21,215,2020-04-25,,2640,DHPC,123,144,48,,,1292
29,251,3762,289,29,110,926,1417,74,533,2020-12-09,170,6070,THPC,492,566,713,89,1777,5179
106,121,2072,268,12,16,468,616,100,473,2020-10-09,29,3301,MCRHC,370,470,123,15,1511,2688
17,60,981,322,7,5,203,191,21,140,2021-03-04,25,1418,CapRAC,156,177,100,14,1081,1172
13,133,2099,184,19,10,420,755,87,389,2021-07-16,21,3851,EHPC,219,306,77,11,1937,2854
53,96,1825,68,16,14,420,838,80,289,2020-09-05,46,3851,EHPC,197,277,178,26,1031,2663
27,34,910,42,14,5,247,471,58,144,2020-10-24,9,1979,MAHPC,109,167,46,2,363,1381
,28,810,,6,,112,155,18,142,2020-05-13,,1392,SHPR,54,72,15,,,965
24,161,2236,270,19,54,420,705,73,365,2020-12-29,73,3851,EHPC,231,304,413,47,1926,2941
23,84,1500,58,6,33,424,244,22,154,2020-09-15,28,2640,DHPC,151,173,76,18,722,1744
7,81,1421,,4,10,203,408,46,239,2020-06-07,43,1418,CapRAC,170,216,101,,,1829
187,218,3186,,23,13,926,1101,124,476,2020-06-18,76,6070,THPC,467,591,203,,,4287
4,28,729,44,6,1,112,295,51,146,2021-07-04,1,1392,SHPR,45,96,20,2,587,1024
,114,2324,,10,,468,363,74,303,2020-05-30,,3301,MCRHC,273,347,84,,,2687
8,78,1510,67,7,20,424,274,36,164,2020-11-19,32,2640,DHPC,153,189,121,15,696,1784
29,301,4009,365,29,142,926,1086,45,511,2021-01-05,215,6070,THPC,514,559,1028,121,1952,5095
23,159,2134,281,19,49,420,809,79,367,2021-01-02,71,3851,EHPC,227,306,450,51,1805,2943
27,32,749,45,6,2,112,267,38,138,2020-09-29,6,1392,SHPR,39,77,24,7,534,1016
7,93,1443,74,7,9,424,239,21,149,2021-07-28,32,2640,DHPC,146,167,90,19,912,1682
6,97,1418,70,7,15,424,362,21,145,2021-03-09,37,2640,DHPC,168,189,149,30,681,1780
15,251,3459,149,28,18,926,1601,101,479,2020-09-10,64,6070,THPC,443,544,193,24,1151,5060
40,207,3350,,22,22,926,1506,142,474,2020-07-31,76,6070,THPC,438,580,260,,,4856
18,35,883,271,7,7,203,194,35,165,2020-10-22,18,1418,CapRAC,134,169,76,3,1138,1077
2,96,1495,91,7,20,424,287,19,146,2020-12-14,43,2640,DHPC,176,195,167,30,654,1782
35,51,1063,121,16,21,247,492,67,136,2021-01-27,46,1979,MAHPC,138,205,184,20,781,1555
16,132,2075,190,19,20,420,881,98,393,2021-04-24,36,3851,EHPC,206,304,155,22,1785,2956
51,145,2002,142,12,17,468,767,110,454,2021-02-21,59,3301,MCRHC,360,470,206,22,1188,2769
46,38,883,58,15,11,247,519,62,144,2020-10-11,13,1979,MAHPC,110,172,53,4,381,1402
53,101,1895,80,18,21,420,864,104,293,2020-09-04,55,3851,EHPC,187,291,189,28,1213,2759
8,142,2003,164,19,11,420,839,101,380,2021-06-07,26,3851,EHPC,205,306,97,12,1857,2842
5,88,1402,109,7,20,424,370,15,151,2020-12-22,42,2640,DHPC,175,190,177,24,705,1772
,115,1322,,13,,420,652,39,295,2020-05-23,,3851,EHPC,201,240,93,,,1974
26,52,958,43,16,7,247,536,63,137,2020-11-08,21,1979,MAHPC,113,176,61,10,380,1494
38,46,1031,53,16,11,247,463,54,143,2020-11-11,19,1979,MAHPC,125,179,68,7,394,1494
22,47,919,326,7,10,203,201,28,153,2020-11-25,38,1418,CapRAC,141,169,134,17,1067,1120
73,200,3228,,22,20,926,947,117,482,2020-07-17,82,6070,THPC,442,559,244,,,4175
,60,1348,,5,,203,608,66,279,2020-04-17,,1418,CapRAC,158,224,67,,,1956
25,41,868,137,6,3,203,198,45,159,2020-09-18,21,1418,CapRAC,124,169,44,10,979,1066
10,173,3565,243,28,38,926,1232,86,628,2021-07-29,53,6070,THPC,428,514,224,21,2258,4797
34,70,1072,57,16,29,247,488,49,117,2021-01-21,57,1979,MAHPC,156,205,191,27,352,1560
17,219,3615,157,29,15,926,1607,132,524,2020-09-24,73,6070,THPC,430,562,207,34,1217,5222
34,207,3558,236,29,40,926,1722,114,536,2020-10-06,74,6070,THPC,447,561,256,26,1338,5280
12,181,3299,260,28,47,926,1419,84,620,2021-08-01,77,6070,THPC,417,501,290,25,2086,4718
45,42,905,,16,4,247,496,68,137,2020-07-01,8,1979,MAHPC,110,178,25,,,1401
66,223,3155,352,18,13,687,1299,118,551,2020-09-20,51,4815,MHPC,309,427,202,29,1996,4454
100,199,3721,328,18,18,687,996,78,531,2020-09-11,66,4815,MHPC,355,433,207,44,2004,4717
45,61,985,55,15,18,247,490,51,126,2020-11-04,18,1979,MAHPC,122,173,57,7,358,1475
19,39,968,313,7,2,203,192,36,171,2021-05-21,14,1418,CapRAC,141,177,46,7,1222,1160
34,207,3593,297,18,23,687,1219,108,649,2021-03-27,50,4815,MHPC,352,460,190,23,2309,4812
23,180,2326,296,19,69,420,679,63,353,2021-01-12,79,3851,EHPC,245,308,544,54,1798,3005
2,70,1417,27,7,10,424,314,29,172,2021-07-02,10,2640,DHPC,135,164,39,9,801,1731
26,48,883,61,16,3,247,620,86,138,2021-05-29,7,1979,MAHPC,109,195,22,4,882,1503
26,54,960,103,16,6,247,523,62,129,2021-07-26,25,1979,MAHPC,117,179,63,9,961,1483
26,238,3462,61,21,23,926,1618,130,452,2020-09-02,68,6070,THPC,420,550,194,22,547,5080
85,237,3640,442,18,30,687,1046,84,557,2020-09-22,48,4815,MHPC,343,427,204,29,2441,4686
83,321,3810,717,18,110,687,960,41,538,2021-01-06,212,4815,MHPC,413,454,1018,117,2573,4770
23,46,971,81,16,12,247,539,89,140,2021-05-06,9,1979,MAHPC,106,195,44,6,790,1510
62,40,717,,11,6,247,428,55,111,2020-07-18,13,1979,MAHPC,94,149,41,,,1145
,188,2830,,22,,926,1526,196,613,2020-05-16,,6070,THPC,393,589,120,,,4356
9,27,774,42,6,5,112,264,52,147,2021-04-24,4,1392,SHPR,51,103,34,3,505,1038
1,74,1293,19,7,4,424,417,30,168,2021-07-04,9,2640,DHPC,133,163,37,9,743,1710
,85,1376,,5,,424,447,31,307,2020-05-25,,2640,DHPC,143,174,99,,,1823
34,116,1799,,17,19,420,659,86,354,2020-06-19,41,3851,EHPC,192,278,110,,,2458
66,171,2171,296,12,40,468,640,87,428,2021-01-04,99,3301,MCRHC,389,476,474,36,1420,2811
28,36,767,47,6,4,112,256,36,134,2020-09-09,9,1392,SHPR,41,77,35,8,485,1023
25,31,818,68,6,13,112,192,30,143,2020-12-03,11,1392,SHPR,61,91,85,11,491,1010
,79,1480,,5,,203,500,53,249,2020-05-28,,1418,CapRAC,171,224,69,,,1980
4,88,1287,35,7,8,424,446,36,154,2021-06-11,15,2640,DHPC,138,174,56,13,811,1733
86,274,3693,466,18,52,687,958,59,545,2020-11-24,98,4815,MHPC,368,427,426,64,2496,4651
22,58,735,,6,5,112,270,34,112,2020-08-19,8,1392,SHPR,43,77,30,,,1005
,110,1323,,15,,420,856,93,331,2020-05-03,,3851,EHPC,172,265,78,,,2179
4,235,3594,210,18,14,687,1240,77,589,2021-06-05,37,4815,MHPC,359,436,125,23,2547,4834
14,240,3352,263,18,42,687,1470,131,619,2021-04-04,56,4815,MHPC,329,460,248,28,2041,4822
32,60,949,308,7,11,203,196,22,140,2020-12-19,47,1418,CapRAC,147,169,201,28,1060,1145
23,58,1010,42,16,7,247,489,56,131,2020-11-06,21,1979,MAHPC,123,179,65,10,351,1499
48,353,3573,466,18,74,687,1218,73,556,2021-01-24,172,4815,MHPC,389,462,821,139,2061,4791
7,169,3272,173,28,30,926,1536,142,632,2021-06-01,33,6070,THPC,375,517,135,19,2065,4808
,85,1216,,7,,468,875,130,241,2020-04-12,,3301,MCRHC,152,282,33,,,2091
20,124,2033,145,19,6,420,800,97,398,2021-07-07,13,3851,EHPC,209,306,65,7,2214,2833
30,61,753,43,6,6,112,265,30,109,2020-09-15,10,1392,SHPR,47,77,27,6,464,1018
,65,1378,,5,,203,601,59,263,2020-05-16,,1418,CapRAC,165,224,42,,,1979
61,132,1939,194,12,7,468,783,121,462,2020-09-06,35,3301,MCRHC,349,470,120,17,882,2722
19,138,2019,162,12,11,468,745,111,461,2021-05-16,45,3301,MCRHC,355,466,129,15,1374,2764
,2,69,,3,,112,44,0,21,2020-04-11,,1392,SHPR,6,6,3,,,113
27,86,1497,,5,6,203,519,55,259,2020-07-13,49,1418,CapRAC,202,257,189,,,2016
28,43,981,35,15,5,247,488,64,142,2020-10-21,11,1979,MAHPC,108,172,48,2,355,1469
25,42,727,53,6,1,112,283,37,132,2020-10-18,12,1392,SHPR,40,77,49,11,447,1010
103,252,3589,497,18,27,687,1089,64,564,2020-10-06,69,4815,MHPC,368,432,236,30,2581,4678
136,205,3097,,15,37,687,1006,75,571,2020-08-04,91,4815,MHPC,332,407,315,,,4103
13,45,816,53,6,3,112,221,45,129,2021-06-02,5,1392,SHPR,58,103,34,12,611,1037
10,110,1492,,5,9,424,295,14,282,2020-06-06,37,2640,DHPC,161,175,98,,,1787
2,95,1418,53,7,10,424,333,26,147,2021-03-28,29,2640,DHPC,163,189,109,18,626,1751
5,99,1456,64,7,17,424,328,29,143,2021-04-19,24,2640,DHPC,165,194,122,19,727,1784
25,34,833,138,5,3,203,195,44,160,2020-09-02,19,1418,CapRAC,117,161,60,6,869,1028
12,50,807,37,6,1,112,210,40,124,2021-06-09,3,1392,SHPR,61,101,23,6,616,1017
,24,783,,15,,247,441,90,182,2020-05-11,,1979,MAHPC,73,163,3,,,1224
74,95,1845,79,17,12,420,761,84,285,2020-09-03,53,3851,EHPC,191,275,177,27,1078,2606
43,129,1988,48,19,39,420,876,75,300,2020-08-28,55,3851,EHPC,220,295,157,23,654,2864
34,184,2140,228,12,17,468,591,98,415,2021-07-19,38,3301,MCRHC,356,454,142,12,1574,2731
22,218,2101,107,12,9,468,641,88,381,2021-07-02,25,3301,MCRHC,371,459,86,10,1454,2742
28,217,3458,213,29,57,926,1761,120,531,2020-11-07,97,6070,THPC,439,559,336,52,1848,5219
17,38,770,46,6,4,112,225,29,136,2021-02-25,6,1392,SHPR,71,100,60,9,509,995
76,236,3208,377,18,25,687,1246,115,539,2020-09-19,59,4815,MHPC,312,427,206,38,2229,4454
,98,1356,,14,,420,542,40,268,2020-05-09,,3851,EHPC,211,251,56,,,1898
,85,1109,,4,,424,449,21,244,2020-05-03,,2640,DHPC,142,163,63,,,1558
4,85,1302,119,7,31,424,434,18,157,2021-01-03,49,2640,DHPC,174,192,231,28,687,1736
21,47,718,53,6,15,112,218,24,127,2021-01-15,20,1392,SHPR,70,94,116,22,490,936
34,134,2220,226,12,18,468,549,66,465,2021-05-06,47,3301,MCRHC,401,467,152,17,1627,2769
77,305,3981,656,18,83,687,781,40,556,2021-01-07,218,4815,MHPC,413,453,994,119,2339,4762
53,232,3763,314,18,32,687,1058,85,625,2021-03-31,48,4815,MHPC,375,460,229,28,2406,4821
64,128,1981,,9,4,468,264,63,242,2020-06-11,37,3301,MCRHC,231,294,76,,,2245
5,213,3434,156,18,8,687,1200,80,552,2021-07-01,16,4815,MHPC,340,420,67,9,2679,4634
7,142,2071,164,19,20,420,875,89,384,2021-03-19,26,3851,EHPC,214,303,135,18,1627,2946
7,225,3482,214,18,8,687,1350,89,631,2021-06-01,44,4815,MHPC,351,440,124,24,2525,4832
1,160,3494,150,28,26,926,1323,125,643,2021-07-16,26,6070,THPC,399,524,99,10,2026,4817
5,79,1389,110,7,8,424,367,19,136,2020-12-06,37,2640,DHPC,171,190,150,23,681,1756
14,142,2136,217,12,13,468,636,97,457,2021-04-06,32,3301,MCRHC,373,470,117,11,1621,2772
15,34,1002,344,7,9,203,166,20,176,2021-07-26,21,1418,CapRAC,157,177,80,6,1325,1168
27,208,3765,201,29,52,926,1491,89,539,2020-10-20,96,6070,THPC,459,548,265,34,1283,5256
24,106,1629,,14,11,420,607,62,266,2020-08-09,45,3851,EHPC,184,246,156,,,2236
49,137,2148,206,12,35,468,602,88,462,2020-12-04,63,3301,MCRHC,384,472,247,29,1368,2750
17,39,724,51,6,14,112,277,37,135,2021-02-07,16,1392,SHPR,60,97,100,15,476,1001
91,225,3077,,16,21,687,966,55,518,2020-07-06,57,4815,MHPC,342,397,280,,,4043
84,140,2138,121,11,10,468,632,101,460,2020-09-01,37,3301,MCRHC,377,478,135,17,672,2770
25,216,3744,289,18,20,687,1079,82,642,2021-03-24,47,4815,MHPC,378,460,203,22,2398,4823
5,117,1836,,7,16,424,268,27,313,2020-06-17,42,2640,DHPC,209,236,109,,,2104
80,109,1956,178,12,6,468,718,114,485,2020-09-27,25,3301,MCRHC,357,471,103,11,1264,2674
13,126,2033,107,19,18,420,938,97,402,2021-02-27,43,3851,EHPC,209,306,178,29,1453,2971
98,136,1970,,10,12,468,725,115,458,2020-07-26,42,3301,MCRHC,345,460,137,,,2695
40,60,942,67,16,17,247,553,69,129,2020-12-06,32,1979,MAHPC,110,179,116,21,332,1495
36,135,2176,266,12,13,468,595,89,464,2021-04-24,39,3301,MCRHC,381,470,144,14,1573,2771
50,124,2178,196,12,10,468,549,78,470,2020-10-14,33,3301,MCRHC,392,470,136,15,1516,2727
14,142,2187,171,19,14,420,768,77,380,2021-05-06,33,3851,EHPC,227,304,128,24,1977,2955
54,346,3718,520,18,89,687,1079,66,561,2021-01-19,175,4815,MHPC,389,455,942,142,2348,4797
8,174,3490,219,28,17,926,1390,105,627,2021-05-27,42,6070,THPC,412,517,159,22,2115,4880
30,125,2212,152,19,24,420,721,76,309,2020-09-29,65,3851,EHPC,225,301,211,32,1521,2933
93,237,3565,551,18,49,687,1078,78,575,2020-11-20,96,4815,MHPC,349,427,379,53,2167,4643
,172,3065,,16,,687,1031,124,585,2020-05-15,,4815,MHPC,416,540,74,,,4096
19,157,2180,205,19,43,420,769,79,369,2020-12-21,73,3851,EHPC,227,306,354,46,1506,2949
48,46,894,,14,3,247,470,69,131,2020-06-25,10,1979,MAHPC,103,172,26,,,1364
5,196,3646,266,28,34,926,1251,72,614,2021-04-21,55,6070,THPC,445,517,222,28,2017,4897
8,83,1501,54,7,11,424,270,24,159,2021-05-12,14,2640,DHPC,160,184,78,12,792,1771
,94,2108,,10,,468,649,109,331,2020-05-14,,3301,MCRHC,250,359,76,,,2757
6,106,1496,68,7,11,424,279,23,136,2021-04-13,28,2640,DHPC,170,193,101,18,855,1775
28,219,2163,156,12,4,468,590,97,380,2021-06-04,30,3301,MCRHC,371,468,73,11,1522,2753
24,53,1000,273,7,6,203,179,22,147,2021-03-24,22,1418,CapRAC,155,177,100,9,1089,1179
45,49,839,,14,5,247,531,64,126,2020-07-13,19,1979,MAHPC,108,172,44,,,1370
13,54,938,230,7,11,203,225,22,146,2021-02-21,38,1418,CapRAC,147,169,119,20,924,1163
2,91,1469,76,7,11,424,223,11,151,2021-07-29,31,2640,DHPC,155,166,90,20,876,1692
,200,2952,,15,,687,1069,122,569,2020-05-31,,4815,MHPC,434,556,135,,,4021
8,86,1368,37,6,33,424,386,25,152,2020-09-18,23,2640,DHPC,144,169,63,16,603,1754
18,249,3371,51,21,24,926,1656,137,437,2020-09-01,63,6070,THPC,411,548,195,19,514,5027
,20,933,,13,,247,237,71,184,2020-05-20,,1979,MAHPC,86,157,9,,,1170
14,150,2055,158,19,22,420,913,85,375,2021-04-18,51,3851,EHPC,221,306,171,23,1617,2968
28,36,877,78,16,5,247,678,96,150,2021-03-06,12,1979,MAHPC,99,195,59,6,744,1555
9,207,3307,181,27,15,926,1355,112,583,2021-05-17,59,6070,THPC,382,494,184,37,1735,4662
7,243,3862,261,29,90,926,1230,79,585,2021-02-10,116,6070,THPC,481,560,522,68,1794,5092
11,85,1486,76,7,20,424,273,53,157,2020-10-13,21,2640,DHPC,139,192,95,16,810,1759
25,145,2256,199,19,33,420,756,71,385,2021-01-29,58,3851,EHPC,237,308,370,38,1424,3012
8,186,3480,165,28,13,926,1352,114,615,2021-06-11,33,6070,THPC,397,511,116,18,1958,4832
5,44,729,,6,8,112,244,18,123,2020-07-16,16,1392,SHPR,59,77,57,,,973
,182,2921,,16,,687,1248,128,578,2020-05-16,,4815,MHPC,413,541,77,,,4169
1,35,797,,6,1,112,168,7,137,2020-06-03,11,1392,SHPR,62,69,28,,,965
10,36,959,240,7,2,203,195,25,174,2021-07-12,11,1418,CapRAC,152,177,40,2,1217,1154
6,75,1346,45,6,30,424,395,19,163,2020-09-26,17,2640,DHPC,126,145,69,13,617,1741
23,81,1432,,6,10,424,347,15,160,2020-07-30,21,2640,DHPC,152,167,100,,,1779
23,213,3741,196,29,43,926,1523,100,533,2020-10-14,77,6070,THPC,467,567,240,27,1398,5264
22,55,716,35,6,6,112,285,42,115,2020-08-27,3,1392,SHPR,36,78,35,2,390,1001
3,182,3503,210,28,21,926,1381,87,619,2021-05-26,42,6070,THPC,433,520,152,20,2052,4884
121,244,3689,466,18,32,687,1002,69,584,2020-10-15,62,4815,MHPC,358,427,270,39,2409,4691
24,123,1576,,16,11,420,855,86,368,2020-07-05,26,3851,EHPC,179,265,76,,,2431
31,111,1557,,14,20,420,602,59,290,2020-07-17,30,3851,EHPC,179,238,110,,,2159
,91,1460,,5,,424,346,28,301,2020-05-23,,2640,DHPC,149,177,91,,,1806
29,205,2949,,22,17,926,1833,178,470,2020-08-09,85,6070,THPC,399,577,249,,,4782
3,72,1376,51,7,6,424,277,22,170,2021-07-17,18,2640,DHPC,144,166,50,12,840,1653
10,29,673,55,6,7,112,329,40,145,2020-12-20,12,1392,SHPR,51,91,69,7,420,1002
115,121,2058,,10,15,468,631,89,473,2020-08-01,47,3301,MCRHC,363,452,163,,,2689
3,37,870,,6,2,112,95,14,133,2020-06-16,18,1392,SHPR,55,69,35,,,965
17,56,803,86,6,16,112,230,28,118,2021-07-31,21,1392,SHPR,71,99,86,20,648,1033
12,209,3751,191,29,58,926,1322,89,620,2021-02-18,96,6070,THPC,475,564,439,61,1728,5073
11,39,776,50,6,2,112,262,35,135,2021-03-16,5,1392,SHPR,65,100,40,5,550,1038
109,193,3016,,22,15,926,1115,122,413,2020-06-10,67,6070,THPC,452,574,189,,,4131
69,221,3287,,20,28,926,1294,138,433,2020-07-29,80,6070,THPC,421,559,275,,,4581
53,95,1863,54,18,9,420,896,105,299,2020-09-06,49,3851,EHPC,186,291,187,29,1116,2759
2,99,1342,42,7,8,424,401,38,143,2021-06-10,17,2640,DHPC,144,182,58,16,853,1743
16,44,1000,287,7,7,203,162,31,166,2021-06-08,20,1418,CapRAC,146,177,41,10,1368,1162
23,97,1519,,5,12,203,501,30,248,2020-07-06,80,1418,CapRAC,227,257,182,,,2020
3,35,848,,6,5,112,117,14,135,2020-06-26,11,1392,SHPR,55,69,36,,,965
25,252,3102,,20,26,926,1702,136,441,2020-08-22,62,6070,THPC,384,520,222,,,4804
,95,1360,,5,,424,428,24,297,2020-05-16,,2640,DHPC,157,181,74,,,1788
7,199,3670,191,18,12,687,1162,84,566,2021-06-14,25,4815,MHPC,357,441,98,15,2556,4832
20,58,791,113,6,15,112,241,25,116,2021-08-02,23,1392,SHPR,73,98,97,21,596,1032
21,37,718,32,6,3,112,296,34,133,2020-09-08,9,1392,SHPR,43,77,28,7,454,1014
7,101,1633,,5,18,203,368,40,227,2020-06-19,54,1418,CapRAC,184,224,146,,,2001
5,139,2148,187,19,8,420,810,82,386,2021-04-28,39,3851,EHPC,224,306,136,23,1914,2958
32,163,2209,193,19,13,420,718,73,320,2020-10-27,52,3851,EHPC,229,302,198,41,1727,2927
,0,62,,3,,112,18,0,21,2020-04-19,,1392,SHPR,6,6,3,,,80
,3,82,,3,,112,110,15,25,2020-04-12,,1392,SHPR,6,21,3,,,192
2,40,733,,3,6,112,161,15,121,2020-06-28,7,1392,SHPR,50,65,41,,,894
,0,66,,4,,112,31,0,25,2020-04-18,,1392,SHPR,6,6,6,,,97
,2,73,,4,,112,50,0,23,2020-04-10,,1392,SHPR,6,6,0,,,123
,23,658,,4,,112,264,27,138,2020-05-11,,1392,SHPR,40,67,10,,,922
1,43,730,,4,3,112,148,9,110,2020-06-20,14,1392,SHPR,54,63,29,,,878
6,37,756,,4,5,112,121,15,116,2020-06-27,7,1392,SHPR,48,63,37,,,877
,1,125,,5,,112,71,9,45,2020-05-05,,1392,SHPR,9,18,8,,,196
,36,824,,5,,112,123,10,128,2020-05-20,,1392,SHPR,62,72,22,,,947
,29,601,,5,,112,242,14,174,2020-04-08,,1392,SHPR,54,68,13,,,843
,35,705,,5,,112,242,14,429,2020-05-23,,1392,SHPR,55,69,13,,,947
,31,727,,5,,112,220,16,133,2020-05-18,,1392,SHPR,53,69,22,,,947
,33,810,,5,,112,137,17,131,2020-05-28,,1392,SHPR,52,69,28,,,947
,32,733,,5,,112,207,18,135,2020-05-31,,1392,SHPR,47,65,26,,,940
,32,786,,5,,112,161,20,132,2020-05-21,,1392,SHPR,49,69,21,,,947
,29,495,,5,,112,402,23,173,2020-04-17,,1392,SHPR,36,59,12,,,897
,14,537,,5,,112,364,24,189,2020-04-16,,1392,SHPR,36,60,18,,,901
,27,707,,5,,112,240,27,137,2020-05-08,,1392,SHPR,45,72,16,,,947
,29,633,,5,,112,307,30,138,2020-05-09,,1392,SHPR,38,68,11,,,940
,21,633,,5,,112,273,31,182,2020-04-22,,1392,SHPR,28,59,8,,,906
,11,600,,5,,112,305,32,191,2020-04-26,,1392,SHPR,33,65,14,,,905
,19,650,,5,,112,255,33,183,2020-04-24,,1392,SHPR,31,64,15,,,905
,29,625,,5,,112,328,57,182,2020-04-14,,1392,SHPR,36,93,17,,,953
27,28,651,,5,1,112,255,27,129,2020-08-12,8,1392,SHPR,44,71,31,,,906
27,54,675,32,5,1,112,260,45,103,2020-08-28,2,1392,SHPR,26,71,29,2,383,935
0,35,614,,5,2,112,293,18,122,2020-08-09,10,1392,SHPR,53,71,38,,,907
1,44,774,,5,2,112,164,11,122,2020-06-21,15,1392,SHPR,58,69,33,,,938
7,39,699,,5,2,112,270,24,126,2020-07-17,16,1392,SHPR,53,77,57,,,969
25,62,707,35,5,2,112,241,37,95,2020-09-17,6,1392,SHPR,34,71,32,5,395,948
36,28,734,45,5,3,112,214,32,129,2020-10-08,10,1392,SHPR,39,71,41,8,531,948
1,33,704,,5,4,112,249,28,133,2020-07-23,17,1392,SHPR,49,77,60,,,953
3,40,720,,5,4,112,235,16,125,2020-07-15,16,1392,SHPR,61,77,58,,,955
4,35,791,,5,4,112,156,13,131,2020-06-13,17,1392,SHPR,56,69,35,,,947
3,40,882,,5,5,112,88,9,124,2020-07-14,17,1392,SHPR,60,69,62,,,970
1,33,780,,5,7,112,157,14,133,2020-07-04,12,1392,SHPR,55,69,43,,,937
3,37,819,,5,7,112,151,11,129,2020-07-12,16,1392,SHPR,58,69,56,,,970
1,37,841,,5,8,112,96,9,129,2020-06-30,10,1392,SHPR,60,69,52,,,937
2,40,892,,5,8,112,78,18,124,2020-07-13,17,1392,SHPR,51,69,64,,,970
6,41,869,,5,8,112,101,11,123,2020-07-11,14,1392,SHPR,58,69,59,,,970
29,30,737,67,5,10,112,254,40,136,2020-10-06,8,1392,SHPR,37,77,40,6,539,991
,32,798,,6,,112,167,12,138,2020-05-30,,1392,SHPR,57,69,27,,,965
,31,825,,6,,112,140,16,139,2020-05-27,,1392,SHPR,53,69,26,,,965
,28,853,,6,,112,112,17,142,2020-05-29,,1392,SHPR,52,69,26,,,965
,35,782,,6,,112,183,17,138,2020-06-02,,1392,SHPR,52,69,25,,,965
,13,608,,6,,112,256,18,190,2020-04-09,,1392,SHPR,50,68,14,,,864
,24,845,,6,,112,120,18,147,2020-05-14,,1392,SHPR,54,72,14,,,965
,103,778,,6,,112,187,18,67,2020-05-12,,1392,SHPR,53,71,14,,,965
,30,772,,6,,112,193,20,140,2020-05-22,,1392,SHPR,48,68,20,,,965
,26,718,,6,,112,247,22,144,2020-05-16,,1392,SHPR,50,72,19,,,965
,27,677,,6,,112,288,22,143,2020-04-30,,1392,SHPR,47,69,16,,,965
,29,556,,6,,112,420,24,186,2020-04-20,,1392,SHPR,41,65,15,,,976
,31,743,,6,,112,222,24,139,2020-05-26,,1392,SHPR,48,72,27,,,965
,22,790,,6,,112,175,25,148,2020-05-15,,1392,SHPR,47,72,20,,,965
,36,736,,6,,112,229,25,134,2020-06-01,,1392,SHPR,44,69,25,,,965
,47,677,,6,,112,285,26,171,2020-04-29,,1392,SHPR,42,68,17,,,962
,27,646,,6,,112,334,28,187,2020-04-27,,1392,SHPR,41,69,17,,,980
,23,631,,6,,112,334,30,147,2020-05-10,,1392,SHPR,42,72,14,,,965
,28,653,,6,,112,359,30,187,2020-04-21,,1392,SHPR,35,65,14,,,1012
,31,691,,6,,112,274,30,139,2020-05-04,,1392,SHPR,42,72,14,,,965
,33,650,,6,,112,315,30,137,2020-05-03,,1392,SHPR,42,72,15,,,965
,25,681,,6,,112,300,41,191,2020-04-23,,1392,SHPR,28,69,10,,,981
,32,600,,6,,112,376,52,183,2020-04-13,,1392,SHPR,41,93,18,,,976
,28,594,,6,,112,413,55,184,2020-04-15,,1392,SHPR,38,93,21,,,1007
2,2,157,,6,0,112,23,6,42,2020-07-22,16,1392,SHPR,9,15,59,,,180
20,33,660,,6,0,112,302,31,136,2020-08-16,8,1392,SHPR,46,77,23,,,962
8,25,716,27,6,0,112,322,56,149,2021-04-10,0,1392,SHPR,48,104,22,0,543,1038
12,25,703,41,6,0,112,333,58,149,2021-04-05,1,1392,SHPR,44,102,29,0,456,1036
24,51,687,26,6,0,112,313,49,119,2020-08-30,3,1392,SHPR,28,77,32,1,387,1000
15,48,792,49,6,0,112,226,40,126,2021-06-23,1,1392,SHPR,62,102,18,3,576,1018
12,34,817,44,6,0,112,213,43,142,2021-07-14,5,1392,SHPR,53,96,29,4,623,1030
17,58,760,32,6,0,112,261,35,112,2020-09-18,6,1392,SHPR,42,77,32,4,387,1021
11,43,851,42,6,0,112,185,39,131,2021-06-16,4,1392,SHPR,63,102,24,5,622,1036
7,45,803,41,6,0,112,232,39,129,2021-06-04,3,1392,SHPR,62,101,24,7,548,1035
7,48,749,49,6,0,112,286,38,126,2021-06-06,4,1392,SHPR,63,101,24,8,572,1035
9,47,749,34,6,0,112,286,41,127,2021-06-07,4,1392,SHPR,60,101,24,8,562,1035
15,33,709,50,6,0,112,326,47,141,2021-05-10,11,1392,SHPR,54,101,38,9,493,1035
12,41,755,49,6,0,112,282,41,133,2021-05-23,9,1392,SHPR,62,103,34,12,556,1037
2,38,649,,6,1,112,332,23,132,2020-08-03,11,1392,SHPR,54,77,37,,,981
3,46,813,,6,1,112,152,22,124,2020-06-22,15,1392,SHPR,47,69,32,,,965
7,41,873,,6,1,112,92,11,129,2020-06-12,19,1392,SHPR,58,69,36,,,965
22,63,719,,6,1,112,281,43,107,2020-08-20,6,1392,SHPR,34,77,31,,,1000
26,62,692,,6,1,112,303,37,108,2020-08-22,9,1392,SHPR,40,77,30,,,995
12,23,701,36,6,1,112,337,53,151,2021-04-11,0,1392,SHPR,51,104,19,0,526,1038
6,26,799,47,6,1,112,232,44,150,2021-07-09,1,1392,SHPR,52,96,24,2,547,1031
6,28,722,44,6,1,112,302,50,146,2021-07-05,1,1392,SHPR,46,96,18,2,625,1024
8,29,731,42,6,1,112,275,44,145,2021-07-03,1,1392,SHPR,52,96,21,2,566,1006
16,20,735,36,6,1,112,303,62,154,2021-04-26,4,1392,SHPR,41,103,28,2,494,1038
22,28,736,27,6,1,112,280,38,142,2020-09-19,6,1392,SHPR,39,77,32,2,401,1016
7,39,793,37,6,1,112,220,46,135,2021-06-25,2,1392,SHPR,51,97,19,3,601,1013
12,42,741,88,6,1,112,295,42,132,2021-06-20,2,1392,SHPR,60,102,19,3,561,1036
13,30,746,44,6,1,112,284,47,146,2021-07-11,2,1392,SHPR,49,96,26,3,657,1030
13,51,758,44,6,1,112,260,38,123,2021-06-19,3,1392,SHPR,64,102,22,4,591,1018
16,42,748,29,6,1,112,288,35,132,2021-06-13,2,1392,SHPR,67,102,24,6,577,1036
18,65,766,34,6,1,112,248,28,105,2020-09-12,7,1392,SHPR,49,77,29,6,434,1014
30,28,727,35,6,1,112,289,42,142,2020-09-26,5,1392,SHPR,35,77,23,6,470,1016
13,38,740,44,6,1,112,298,36,136,2021-03-05,8,1392,SHPR,64,100,50,7,502,1038
13,43,817,52,6,1,112,219,44,131,2021-06-03,4,1392,SHPR,58,102,30,8,596,1036
14,44,775,41,6,1,112,262,41,130,2021-05-15,8,1392,SHPR,62,103,32,8,570,1037
14,29,729,54,6,1,112,308,60,145,2021-05-03,9,1392,SHPR,43,103,30,8,581,1037
14,41,736,43,6,1,112,301,43,133,2021-05-17,8,1392,SHPR,60,103,33,9,562,1037
18,39,786,49,6,1,112,250,31,135,2021-05-13,9,1392,SHPR,71,102,33,9,502,1036
11,32,738,46,6,1,112,297,52,142,2021-05-09,12,1392,SHPR,49,101,37,10,568,1035
14,38,818,50,6,1,112,219,32,136,2021-05-19,8,1392,SHPR,71,103,31,10,580,1037
8,42,754,45,6,1,112,283,44,132,2021-05-24,9,1392,SHPR,59,103,32,11,601,1037
2,36,900,,6,2,112,55,6,134,2020-07-01,12,1392,SHPR,63,69,44,,,955
5,37,921,,6,2,112,44,8,133,2020-06-17,18,1392,SHPR,61,69,33,,,965
6,35,686,,6,2,112,295,22,135,2020-07-28,15,1392,SHPR,55,77,48,,,981
24,62,691,,6,2,112,320,34,108,2020-08-17,9,1392,SHPR,43,77,26,,,1011
26,30,699,,6,2,112,272,29,140,2020-08-13,10,1392,SHPR,48,77,35,,,971
27,68,725,,6,2,112,270,33,102,2020-08-21,9,1392,SHPR,44,77,32,,,995
12,30,755,32,6,2,112,282,49,144,2021-04-07,1,1392,SHPR,54,103,21,0,543,1037
7,35,742,61,6,2,112,288,55,141,2021-07-06,1,1392,SHPR,41,96,16,2,709,1030
13,32,802,50,6,2,112,227,46,144,2021-07-07,2,1392,SHPR,50,96,18,2,661,1029
9,43,778,37,6,2,112,240,41,131,2021-06-24,3,1392,SHPR,61,102,20,3,638,1018
15,33,774,32,6,2,112,239,47,141,2021-06-28,4,1392,SHPR,50,97,24,3,552,1013
16,32,785,52,6,2,112,253,41,142,2021-03-17,6,1392,SHPR,59,100,38,5,472,1038
18,27,716,38,6,2,112,300,39,143,2020-10-03,7,1392,SHPR,38,77,23,5,475,1016
19,32,717,49,6,2,112,293,39,142,2020-11-08,5,1392,SHPR,38,77,40,5,484,1010
26,31,733,44,6,2,112,277,41,143,2020-11-09,7,1392,SHPR,36,77,44,5,486,1010
27,25,753,46,6,2,112,263,39,145,2020-10-01,7,1392,SHPR,38,77,24,5,528,1016
9,48,799,48,6,2,112,237,39,126,2021-06-10,3,1392,SHPR,63,102,23,6,603,1036
9,43,808,44,6,2,112,228,31,131,2021-06-15,5,1392,SHPR,71,102,26,6,682,1036
13,55,757,49,6,2,112,279,39,119,2021-06-12,3,1392,SHPR,63,102,23,6,609,1036
16,39,728,29,6,2,112,286,38,131,2020-09-07,9,1392,SHPR,39,77,29,6,440,1014
22,31,734,52,6,2,112,282,37,139,2020-09-24,7,1392,SHPR,40,77,32,6,511,1016
8,41,786,55,6,2,112,245,36,135,2021-07-18,12,1392,SHPR,61,97,40,7,603,1031
29,31,781,55,6,2,112,229,33,143,2020-10-23,14,1392,SHPR,44,77,55,10,499,1010
12,42,705,39,6,2,112,334,43,132,2021-03-08,7,1392,SHPR,58,101,57,11,430,1039
2,33,680,,6,3,112,287,20,137,2020-08-08,9,1392,SHPR,57,77,41,,,967
2,35,705,,6,3,112,268,24,135,2020-08-07,10,1392,SHPR,53,77,40,,,973
2,31,783,,6,3,112,179,19,139,2020-06-09,17,1392,SHPR,50,69,28,,,962
3,34,827,,6,3,112,138,19,136,2020-06-04,11,1392,SHPR,51,70,27,,,965
3,37,691,,6,3,112,284,24,133,2020-08-01,11,1392,SHPR,53,77,34,,,975
3,30,772,,6,3,112,193,14,140,2020-06-06,13,1392,SHPR,56,70,25,,,965
3,44,871,,6,3,112,94,14,122,2020-06-18,17,1392,SHPR,55,69,36,,,965
4,37,691,,6,3,112,276,22,133,2020-08-06,11,1392,SHPR,55,77,38,,,967
20,29,675,,6,3,112,320,40,141,2020-08-23,7,1392,SHPR,37,77,29,,,995
24,63,736,,6,3,112,264,33,107,2020-08-18,9,1392,SHPR,44,77,28,,,1000
12,30,706,51,6,3,112,330,52,144,2021-04-06,1,1392,SHPR,50,102,23,0,576,1036
16,27,739,54,6,3,112,297,48,147,2021-04-15,1,1392,SHPR,54,102,34,1,570,1036
7,28,793,47,6,3,112,245,43,146,2021-04-22,5,1392,SHPR,61,104,29,2,548,1038
13,31,816,51,6,3,112,214,45,145,2021-07-08,1,1392,SHPR,51,96,22,2,655,1030
8,38,731,41,6,3,112,287,46,136,2021-06-21,1,1392,SHPR,56,102,19,3,559,1018
9,28,777,47,6,3,112,253,48,148,2021-07-10,2,1392,SHPR,48,96,24,3,614,1030
10,32,751,57,6,3,112,279,44,144,2021-07-12,2,1392,SHPR,52,96,28,3,631,1030
10,19,764,50,6,3,112,274,48,155,2021-04-27,4,1392,SHPR,55,103,28,3,616,1038
11,35,795,40,6,3,112,218,46,139,2021-06-26,2,1392,SHPR,51,97,19,3,565,1013
13,30,800,61,6,3,112,230,41,146,2021-07-13,4,1392,SHPR,55,96,30,3,636,1030
16,26,690,49,6,3,112,326,41,144,2020-09-21,5,1392,SHPR,36,77,24,3,436,1016
17,41,805,51,6,3,112,213,42,133,2021-06-22,1,1392,SHPR,60,102,18,3,677,1018
7,31,751,41,6,3,112,285,47,143,2021-03-27,5,1392,SHPR,55,102,33,4,530,1036
8,26,732,47,6,3,112,306,45,148,2021-04-19,6,1392,SHPR,59,104,37,4,624,1038
10,18,803,51,6,3,112,235,54,156,2021-04-29,4,1392,SHPR,49,103,36,4,581,1038
13,36,773,75,6,3,112,263,33,138,2021-03-23,5,1392,SHPR,69,102,35,4,544,1036
15,34,783,40,6,3,112,230,48,140,2021-06-29,4,1392,SHPR,49,97,23,4,658,1013
5,32,715,37,6,3,112,322,43,142,2021-03-22,5,1392,SHPR,60,103,34,5,477,1037
8,47,797,35,6,3,112,221,34,127,2021-06-18,3,1392,SHPR,68,102,26,5,580,1018
10,41,790,41,6,3,112,228,38,133,2021-06-17,5,1392,SHPR,64,102,27,5,641,1018
22,25,763,38,6,3,112,253,46,145,2020-10-02,7,1392,SHPR,31,77,23,5,538,1016
23,32,755,37,6,3,112,259,36,138,2020-09-10,8,1392,SHPR,41,77,32,5,455,1014
33,68,780,22,6,3,112,243,30,102,2020-09-16,7,1392,SHPR,47,77,31,5,396,1023
33,38,763,34,6,3,112,251,34,132,2020-09-11,7,1392,SHPR,43,77,27,5,463,1014
34,54,720,37,6,3,112,296,36,116,2020-09-22,5,1392,SHPR,41,77,25,5,488,1016
13,50,796,50,6,3,112,240,37,124,2021-06-08,3,1392,SHPR,65,102,25,6,652,1036
8,51,778,34,6,3,112,257,35,123,2021-06-05,3,1392,SHPR,66,101,25,7,543,1035
11,60,709,26,6,3,112,305,41,110,2020-09-14,9,1392,SHPR,36,77,27,7,420,1014
12,42,734,41,6,3,112,304,47,132,2021-03-14,6,1392,SHPR,53,100,42,7,502,1038
19,63,734,30,6,3,112,280,34,107,2020-09-13,8,1392,SHPR,43,77,28,7,395,1014
27,28,773,56,6,3,112,238,44,146,2020-11-17,7,1392,SHPR,47,91,40,7,593,1011
14,34,698,49,6,3,112,317,40,140,2020-11-27,15,1392,SHPR,51,91,73,8,426,1015
16,27,766,47,6,3,112,244,37,147,2020-12-05,10,1392,SHPR,54,91,65,8,517,1010
18,29,765,66,6,3,112,271,54,145,2021-05-04,9,1392,SHPR,48,102,29,8,630,1036
21,32,707,34,6,3,112,303,39,142,2020-11-02,12,1392,SHPR,38,77,41,8,482,1010
33,26,791,61,6,3,112,219,32,148,2020-10-09,14,1392,SHPR,45,77,51,8,545,1010
11,41,788,45,6,3,112,243,27,135,2021-07-20,16,1392,SHPR,70,97,36,9,627,1031
16,33,696,49,6,3,112,319,35,141,2020-11-28,15,1392,SHPR,56,91,75,9,532,1015
18,35,763,56,6,3,112,272,30,139,2021-05-11,11,1392,SHPR,71,101,40,9,666,1035
29,33,732,44,6,3,112,278,39,141,2020-10-31,12,1392,SHPR,38,77,38,9,496,1010
10,40,789,52,6,3,112,247,37,134,2021-05-12,12,1392,SHPR,65,102,36,10,575,1036
12,42,772,48,6,3,112,263,45,132,2021-06-01,3,1392,SHPR,56,101,33,10,600,1035
11,40,761,37,6,3,112,278,45,134,2021-03-10,7,1392,SHPR,56,101,53,11,489,1039
11,33,729,48,6,3,112,266,34,141,2021-02-21,10,1392,SHPR,66,100,86,11,448,995
13,37,747,50,6,3,112,292,46,137,2021-03-09,7,1392,SHPR,55,101,54,11,530,1039
17,44,787,63,6,3,112,249,40,130,2021-05-25,8,1392,SHPR,62,102,28,11,663,1036
23,34,723,46,6,3,112,287,37,140,2020-10-25,15,1392,SHPR,40,77,55,11,514,1010
12,38,807,45,6,3,112,230,38,136,2021-05-20,9,1392,SHPR,65,103,38,12,580,1037
13,43,779,46,6,3,112,258,38,131,2021-05-22,9,1392,SHPR,65,103,32,13,579,1037
1,37,714,,6,4,112,261,26,133,2020-07-30,13,1392,SHPR,52,78,46,,,975
2,32,839,,6,4,112,126,14,138,2020-06-11,17,1392,SHPR,55,69,34,,,965
2,33,854,,6,4,112,111,16,137,2020-06-10,17,1392,SHPR,53,69,33,,,965
3,29,907,,6,4,112,81,13,141,2020-07-07,13,1392,SHPR,56,69,49,,,988
4,43,710,,6,4,112,265,20,127,2020-07-31,13,1392,SHPR,57,77,39,,,975
6,35,828,,6,4,112,137,13,135,2020-06-15,16,1392,SHPR,56,69,35,,,965
24,59,701,,6,4,112,300,46,111,2020-08-25,3,1392,SHPR,31,77,31,,,1001
33,26,709,,6,4,112,257,24,144,2020-08-11,9,1392,SHPR,53,77,43,,,966
10,29,749,39,6,4,112,288,48,145,2021-04-09,0,1392,SHPR,55,103,25,0,547,1037
14,24,773,39,6,4,112,263,52,150,2021-04-01,2,1392,SHPR,50,102,37,1,516,1036
12,22,762,30,6,4,112,274,46,152,2021-04-02,2,1392,SHPR,56,102,35,2,541,1036
17,52,703,27,6,4,112,297,44,118,2020-08-31,5,1392,SHPR,33,77,34,2,381,1000
8,41,814,41,6,4,112,198,39,133,2021-06-30,5,1392,SHPR,57,96,25,3,577,1012
9,21,729,40,6,4,112,309,63,153,2021-04-25,4,1392,SHPR,40,103,31,3,515,1038
8,31,780,51,6,4,112,256,48,143,2021-03-25,3,1392,SHPR,54,102,31,4,507,1036
8,35,801,71,6,4,112,234,40,139,2021-03-24,4,1392,SHPR,61,101,36,4,515,1035
10,25,778,39,6,4,112,260,49,149,2021-04-21,8,1392,SHPR,55,104,33,4,560,1038
14,28,768,50,6,4,112,269,47,146,2021-03-18,4,1392,SHPR,56,103,37,4,461,1037
15,30,739,43,6,4,112,297,47,144,2021-03-29,4,1392,SHPR,55,102,44,4,520,1036
25,34,741,29,6,4,112,278,38,136,2020-09-05,9,1392,SHPR,39,77,30,4,444,1019
9,36,740,41,6,4,112,298,43,138,2021-03-15,6,1392,SHPR,57,100,42,5,501,1038
21,37,730,50,6,4,112,280,35,137,2020-11-07,5,1392,SHPR,42,77,42,5,504,1010
27,31,780,54,6,4,112,231,39,143,2020-11-12,7,1392,SHPR,52,91,42,5,523,1011
27,31,749,50,6,4,112,261,39,143,2020-11-06,9,1392,SHPR,38,77,42,5,493,1010
13,33,725,46,6,4,112,291,37,137,2020-10-04,7,1392,SHPR,40,77,32,6,503,1016
11,21,774,37,6,4,112,263,47,153,2021-05-01,7,1392,SHPR,56,103,35,7,531,1037
23,32,720,48,6,4,112,290,36,142,2020-10-26,13,1392,SHPR,41,77,52,7,479,1010
23,25,770,58,6,4,112,254,41,149,2020-11-25,14,1392,SHPR,50,91,62,7,453,1024
27,30,734,48,6,4,112,276,38,144,2020-10-27,11,1392,SHPR,39,77,46,7,534,1010
31,20,808,59,6,4,112,229,47,154,2021-04-30,7,1392,SHPR,56,103,35,7,606,1037
20,30,791,59,6,4,112,245,47,144,2021-05-06,11,1392,SHPR,55,102,34,8,584,1036
12,37,710,37,6,4,112,328,37,137,2021-03-06,9,1392,SHPR,63,100,49,9,470,1038
15,38,692,37,6,4,112,346,38,136,2021-03-07,9,1392,SHPR,62,100,54,10,399,1038
17,27,775,44,6,4,112,261,51,147,2021-05-08,13,1392,SHPR,51,102,38,10,562,1036
20,45,773,67,6,4,112,264,36,129,2021-05-18,7,1392,SHPR,67,103,30,10,610,1037
30,33,767,55,6,4,112,243,31,141,2020-10-29,14,1392,SHPR,46,77,45,10,560,1010
17,38,739,45,6,4,112,271,36,136,2020-10-19,13,1392,SHPR,41,77,53,12,481,1010
18,35,712,68,6,4,112,303,40,139,2020-11-30,19,1392,SHPR,51,91,79,12,450,1015
23,37,762,48,6,4,112,248,37,137,2020-10-17,13,1392,SHPR,40,77,58,12,470,1010
1,36,713,,6,5,112,268,22,134,2020-07-29,14,1392,SHPR,55,77,50,,,981
2,34,830,,6,5,112,127,18,136,2020-07-06,13,1392,SHPR,51,69,45,,,957
3,32,643,,6,5,112,338,25,138,2020-07-27,13,1392,SHPR,52,77,49,,,981
4,46,818,,6,5,112,147,11,124,2020-06-19,16,1392,SHPR,58,69,36,,,965
6,23,706,37,6,5,112,330,54,151,2021-04-03,2,1392,SHPR,48,102,35,0,485,1036
25,51,732,34,6,5,112,282,46,106,2020-09-02,5,1392,SHPR,31,77,30,2,442,1014
18,25,765,40,6,5,112,271,51,149,2021-03-30,4,1392,SHPR,51,102,42,3,606,1036
9,38,811,46,6,5,112,220,36,138,2021-07-17,10,1392,SHPR,61,97,40,4,631,1031
19,19,795,66,6,5,112,222,39,155,2020-12-08,10,1392,SHPR,52,91,77,4,563,1017
12,45,775,52,6,5,112,261,48,129,2021-04-16,5,1392,SHPR,54,102,38,5,565,1036
23,30,780,49,6,5,112,217,43,144,2020-11-10,4,1392,SHPR,34,77,44,5,580,997
25,33,766,49,6,5,112,245,33,141,2020-11-13,9,1392,SHPR,58,91,40,5,507,1011
29,35,757,44,6,5,112,253,37,139,2020-11-04,11,1392,SHPR,40,77,44,5,444,1010
7,39,781,50,6,5,112,250,35,137,2021-07-19,13,1392,SHPR,62,97,38,6,564,1031
12,31,771,51,6,5,112,266,48,143,2021-03-19,7,1392,SHPR,55,103,38,6,525,1037
15,26,790,43,6,5,112,227,47,148,2020-12-11,9,1392,SHPR,44,91,79,6,446,1017
19,32,736,46,6,5,112,301,43,142,2021-03-20,6,1392,SHPR,60,103,33,6,531,1037
31,35,721,38,6,5,112,295,41,135,2020-09-25,5,1392,SHPR,36,77,25,6,517,1016
8,33,750,35,6,5,112,288,39,141,2021-03-04,6,1392,SHPR,61,100,57,7,480,1038
19,31,697,62,6,5,112,327,47,143,2020-11-23,11,1392,SHPR,44,91,52,7,515,1024
21,28,732,47,6,5,112,279,45,146,2020-11-16,7,1392,SHPR,46,91,38,7,476,1011
21,32,743,42,6,5,112,267,33,142,2020-10-11,15,1392,SHPR,44,77,48,8,518,1010
34,28,780,51,6,5,112,222,36,146,2020-12-16,12,1392,SHPR,55,91,82,8,490,1002
8,33,757,38,6,5,112,238,44,141,2021-02-26,6,1392,SHPR,56,100,57,9,487,995
11,43,778,44,6,5,112,258,39,131,2021-05-14,8,1392,SHPR,63,102,32,10,574,1036
21,33,806,62,6,5,112,210,32,141,2020-10-15,13,1392,SHPR,45,77,59,12,547,1016
1,40,936,,6,6,112,52,12,124,2020-07-10,13,1392,SHPR,57,69,57,,,988
1,34,639,,6,6,112,336,31,136,2020-07-25,13,1392,SHPR,46,77,48,,,975
3,36,925,,6,6,112,63,13,132,2020-07-08,15,1392,SHPR,56,69,50,,,988
4,34,962,,6,6,112,3,9,136,2020-06-23,13,1392,SHPR,60,69,38,,,965
4,38,926,,6,6,112,39,4,132,2020-06-24,14,1392,SHPR,65,69,41,,,965
7,24,708,43,6,6,112,330,58,150,2021-04-12,1,1392,SHPR,46,104,24,0,533,1038
12,34,741,34,6,6,112,295,47,140,2021-03-28,5,1392,SHPR,55,102,42,4,525,1036
26,31,780,55,6,6,112,217,37,143,2020-11-11,9,1392,SHPR,41,78,46,5,519,997
6,32,771,39,6,6,112,268,41,142,2021-03-03,4,1392,SHPR,60,101,57,6,468,1039
29,33,754,41,6,6,112,270,38,141,2020-11-20,10,1392,SHPR,53,91,46,6,454,1024
30,30,774,47,6,6,112,250,44,144,2020-11-19,7,1392,SHPR,47,91,50,6,478,1024
19,37,745,52,6,6,112,251,43,137,2021-03-02,4,1392,SHPR,58,101,55,7,559,996
19,28,780,56,6,6,112,256,45,146,2021-05-05,8,1392,SHPR,57,102,35,7,596,1036
19,34,735,33,6,6,112,275,34,140,2020-11-03,13,1392,SHPR,43,77,46,7,489,1010
21,31,690,70,6,6,112,312,33,143,2020-12-21,12,1392,SHPR,58,91,78,8,396,1002
17,32,741,54,6,6,112,276,43,142,2020-12-13,14,1392,SHPR,48,91,83,9,465,1017
25,31,759,47,6,6,112,251,27,143,2020-10-28,12,1392,SHPR,51,78,41,9,507,1010
29,28,726,49,6,6,112,276,34,146,2020-12-22,10,1392,SHPR,57,91,72,9,489,1002
16,44,784,85,6,6,112,246,35,132,2021-07-25,12,1392,SHPR,61,96,56,10,579,1030
20,40,793,52,6,6,112,201,32,134,2021-02-18,13,1392,SHPR,67,99,91,10,502,994
11,44,762,55,6,6,112,260,41,130,2021-03-11,7,1392,SHPR,60,101,53,11,516,1022
7,35,725,54,6,6,112,270,46,139,2021-02-22,8,1392,SHPR,54,100,74,12,451,995
14,48,778,84,6,6,112,252,29,128,2021-07-26,13,1392,SHPR,67,96,61,12,628,1030
23,40,798,48,6,6,112,212,33,134,2020-10-16,13,1392,SHPR,44,77,57,13,538,1010
2,29,766,,6,7,112,199,21,141,2020-06-08,15,1392,SHPR,48,69,27,,,965
3,38,677,,6,7,112,300,25,130,2020-07-18,16,1392,SHPR,52,77,60,,,977
4,38,662,,6,7,112,319,21,132,2020-08-04,13,1392,SHPR,56,77,41,,,981
4,34,723,,6,7,112,248,19,134,2020-07-21,15,1392,SHPR,58,77,60,,,971
17,28,766,40,6,7,112,270,50,146,2021-04-14,1,1392,SHPR,52,102,32,1,554,1036
12,35,805,52,6,7,112,226,38,141,2021-07-16,7,1392,SHPR,59,97,39,3,626,1031
24,36,745,48,6,7,112,257,37,138,2020-12-18,9,1392,SHPR,54,91,77,5,436,1002
27,30,713,65,6,7,112,303,37,140,2020-10-05,7,1392,SHPR,40,77,34,5,485,1016
5,40,739,51,6,7,112,300,45,134,2021-03-13,6,1392,SHPR,56,101,40,6,515,1039
22,29,703,56,6,7,112,299,36,145,2020-12-19,9,1392,SHPR,55,91,78,6,424,1002
11,40,731,56,6,7,112,262,34,134,2021-02-14,9,1392,SHPR,64,98,91,7,457,993
12,23,731,53,6,7,112,286,36,151,2020-12-06,9,1392,SHPR,55,91,65,7,478,1017
18,32,715,48,6,7,112,309,45,142,2020-11-22,11,1392,SHPR,46,91,48,7,501,1024
25,34,722,54,6,7,112,293,40,140,2020-11-26,15,1392,SHPR,51,91,73,8,501,1015
15,46,793,78,6,7,112,237,25,130,2021-07-22,13,1392,SHPR,71,96,46,12,672,1030
30,29,755,61,6,7,112,240,30,145,2021-01-19,16,1392,SHPR,64,94,111,13,495,995
23,51,723,37,6,8,112,272,46,119,2020-08-29,4,1392,SHPR,31,77,32,1,468,995
26,56,742,31,6,8,112,272,43,114,2020-09-03,6,1392,SHPR,34,77,36,4,443,1014
31,33,746,39,6,8,112,270,32,137,2020-09-23,6,1392,SHPR,45,77,30,4,478,1016
11,46,757,35,6,8,112,281,44,128,2021-04-17,6,1392,SHPR,60,104,42,6,542,1038
23,29,743,42,6,8,112,281,38,145,2020-11-21,11,1392,SHPR,53,91,45,6,512,1024
6,42,798,65,6,8,112,232,30,134,2021-07-21,13,1392,SHPR,66,96,41,10,589,1030
15,47,809,79,6,8,112,221,27,129,2021-07-23,12,1392,SHPR,69,96,53,10,640,1030
17,48,791,62,6,8,112,239,30,128,2021-07-24,12,1392,SHPR,66,96,59,10,610,1030
19,40,749,49,6,8,112,244,35,134,2021-02-13,10,1392,SHPR,63,98,90,10,455,993
28,38,792,40,6,8,112,225,19,136,2020-10-13,11,1392,SHPR,58,77,59,11,589,1017
1,35,642,,6,9,112,333,19,135,2020-07-26,13,1392,SHPR,58,77,46,,,975
26,29,760,35,6,9,112,250,40,145,2020-11-05,10,1392,SHPR,37,77,47,6,459,1010
30,26,731,49,6,9,112,293,43,148,2020-11-24,16,1392,SHPR,48,91,64,6,534,1024
16,38,796,57,6,9,112,199,33,136,2021-02-19,11,1392,SHPR,67,100,91,8,445,995
16,28,726,51,6,9,112,291,38,146,2020-12-07,11,1392,SHPR,53,91,74,9,460,1017
22,35,753,39,6,9,112,257,32,139,2020-10-22,13,1392,SHPR,45,77,61,9,518,1010
13,39,666,33,6,9,112,286,37,118,2021-02-01,13,1392,SHPR,51,88,92,11,387,952
27,37,691,67,6,9,112,262,39,136,2021-01-02,18,1392,SHPR,50,89,101,13,521,953
21,35,754,64,6,9,112,242,34,139,2021-01-20,10,1392,SHPR,62,96,108,14,479,996
16,40,705,69,6,9,112,248,42,133,2021-01-03,17,1392,SHPR,47,89,96,15,547,953
34,41,799,74,6,9,112,198,27,133,2021-02-03,19,1392,SHPR,71,98,107,15,467,997
25,41,767,60,6,9,112,186,33,133,2021-01-06,20,1392,SHPR,56,89,106,17,519,953
8,33,771,51,6,10,112,224,34,141,2021-02-20,11,1392,SHPR,66,100,91,10,438,995
21,34,688,45,6,10,112,327,31,140,2020-11-29,19,1392,SHPR,60,91,79,10,500,1015
19,43,822,62,6,10,112,173,31,131,2021-02-17,10,1392,SHPR,68,99,101,11,495,995
16,54,813,95,6,10,112,220,30,120,2021-07-29,16,1392,SHPR,69,99,66,16,600,1033
34,48,772,88,6,10,112,242,31,126,2021-01-28,17,1392,SHPR,68,99,103,17,478,1014
12,41,711,46,6,10,112,225,26,133,2021-01-17,18,1392,SHPR,68,94,112,18,465,936
23,23,789,54,6,11,112,227,42,151,2020-10-07,7,1392,SHPR,35,77,42,6,558,1016
16,33,729,64,6,11,112,288,42,141,2020-12-14,14,1392,SHPR,49,91,84,9,441,1017
44,45,794,50,6,11,112,199,33,129,2021-02-10,12,1392,SHPR,65,98,92,13,480,993
44,42,764,61,6,11,112,238,33,132,2021-02-09,13,1392,SHPR,65,98,96,13,521,1002
30,41,714,62,6,11,112,262,41,132,2020-12-31,19,1392,SHPR,50,91,104,14,512,976
19,46,720,36,6,11,112,282,33,128,2020-12-28,20,1392,SHPR,58,91,103,16,473,1002
18,57,818,120,6,11,112,213,29,117,2021-08-04,20,1392,SHPR,68,97,111,21,596,1031
25,28,763,50,6,12,112,254,44,146,2020-12-12,11,1392,SHPR,47,91,80,6,538,1017
8,41,723,45,6,12,112,270,39,133,2021-02-15,11,1392,SHPR,59,98,95,7,392,993
35,45,768,49,6,12,112,225,32,129,2021-02-12,11,1392,SHPR,66,98,97,9,458,993
25,43,782,72,6,12,112,212,33,131,2021-02-16,11,1392,SHPR,66,99,97,10,517,994
35,39,788,113,6,12,112,222,28,135,2020-10-21,14,1392,SHPR,49,77,61,10,492,1010
28,36,797,53,6,12,112,213,28,138,2020-12-02,19,1392,SHPR,63,91,83,12,473,1010
29,35,769,41,6,12,112,232,40,139,2021-02-05,16,1392,SHPR,57,97,92,12,445,1001
22,38,725,76,6,12,112,284,54,136,2021-01-21,9,1392,SHPR,56,110,105,13,504,1009
27,38,739,65,6,12,112,256,42,136,2021-01-22,11,1392,SHPR,52,94,109,13,446,995
17,41,734,59,6,12,112,267,36,133,2021-02-08,17,1392,SHPR,61,97,101,14,439,1001
24,45,771,57,6,12,112,243,35,129,2021-01-29,16,1392,SHPR,61,96,108,15,461,1014
16,42,699,88,6,12,112,254,40,132,2021-01-04,20,1392,SHPR,49,89,100,16,529,953
35,41,754,68,6,13,112,241,36,133,2021-02-02,18,1392,SHPR,60,96,107,12,493,995
22,46,758,93,6,13,112,231,33,128,2020-12-29,19,1392,SHPR,58,91,102,17,583,989
19,60,810,126,6,13,112,221,22,114,2021-08-03,23,1392,SHPR,75,97,110,21,674,1031
28,53,734,72,6,13,112,219,22,121,2021-01-13,23,1392,SHPR,67,89,114,23,469,953
21,19,794,65,6,14,112,227,37,155,2020-12-09,12,1392,SHPR,54,91,75,6,502,1021
21,49,822,110,6,14,112,209,26,127,2021-07-27,13,1392,SHPR,71,97,66,12,680,1031
28,42,659,59,6,14,112,343,34,130,2020-12-27,16,1392,SHPR,58,92,91,14,476,1002
25,37,745,90,6,14,112,208,34,137,2021-01-08,19,1392,SHPR,55,89,99,17,493,953
17,36,701,52,6,15,112,252,38,137,2021-01-01,17,1392,SHPR,51,89,102,13,460,953
20,43,733,67,6,15,112,262,34,131,2021-01-23,14,1392,SHPR,60,94,109,13,491,995
22,39,753,52,6,15,112,236,41,135,2020-12-30,18,1392,SHPR,50,91,102,14,522,989
12,46,709,56,6,15,112,244,28,128,2021-01-11,23,1392,SHPR,61,89,112,22,464,953
16,41,726,66,6,16,112,269,37,133,2021-01-24,9,1392,SHPR,57,94,116,13,488,995
9,41,640,53,6,16,112,362,32,120,2020-12-26,17,1392,SHPR,60,92,89,16,379,1002
28,41,778,52,6,16,112,225,34,133,2021-02-04,18,1392,SHPR,65,99,97,17,492,1003
17,44,722,69,6,16,112,231,26,130,2021-01-09,17,1392,SHPR,63,89,105,18,484,953
38,47,768,52,6,17,112,246,32,127,2021-01-27,11,1392,SHPR,64,96,111,13,500,1014
18,42,704,67,6,17,112,298,36,130,2020-12-24,12,1392,SHPR,56,92,85,14,460,1002
16,39,635,61,6,17,112,367,36,122,2020-12-25,15,1392,SHPR,56,92,83,15,409,1002
26,42,754,52,6,17,112,261,35,132,2021-01-30,20,1392,SHPR,62,97,108,15,451,1015
37,38,770,64,6,18,112,228,27,136,2021-01-26,9,1392,SHPR,69,96,110,9,519,998
19,43,738,80,6,18,112,215,39,131,2021-01-05,20,1392,SHPR,50,89,113,16,555,953
25,39,761,59,6,20,112,192,30,135,2021-01-07,18,1392,SHPR,59,89,103,16,539,953
18,50,719,73,6,20,112,234,26,124,2021-01-10,20,1392,SHPR,63,89,112,22,470,953
36,45,722,62,6,21,112,231,24,129,2021-01-14,21,1392,SHPR,65,89,116,21,475,953
36,43,722,60,6,21,112,214,23,131,2021-01-16,22,1392,SHPR,71,94,119,21,498,936
13,42,735,55,6,22,112,279,29,132,2021-01-31,20,1392,SHPR,67,96,105,14,471,1014
22,49,746,75,6,28,112,207,21,125,2021-01-12,26,1392,SHPR,68,89,114,21,519,953
,67,1189,,4,,203,664,60,255,2020-04-07,,1418,CapRAC,138,198,50,,,1853
27,39,762,,4,1,203,265,47,155,2020-08-14,24,1418,CapRAC,113,160,63,,,1027
16,32,756,,4,2,203,268,39,162,2020-08-25,19,1418,CapRAC,122,161,50,,,1024
18,46,743,,4,3,203,272,40,148,2020-08-02,37,1418,CapRAC,121,161,97,,,1015
26,39,769,,4,4,203,247,36,155,2020-08-21,24,1418,CapRAC,125,161,59,,,1016
24,44,751,,4,6,203,266,43,150,2020-08-06,26,1418,CapRAC,118,161,94,,,1017
12,94,1472,,4,23,203,376,43,226,2020-06-21,58,1418,CapRAC,173,216,154,,,1848
,73,1373,,5,,203,605,42,255,2020-05-25,,1418,CapRAC,182,224,66,,,1978
,62,1458,,5,,203,522,47,266,2020-05-07,,1418,CapRAC,177,224,75,,,1980
,77,1458,,5,,203,526,47,251,2020-05-29,,1418,CapRAC,177,224,69,,,1984
,86,1375,,5,,203,605,47,242,2020-05-09,,1418,CapRAC,177,224,72,,,1980
,56,1396,,5,,203,578,51,272,2020-05-06,,1418,CapRAC,173,224,79,,,1974
,70,1453,,5,,203,539,52,251,2020-05-13,,1418,CapRAC,172,224,57,,,1992
,71,1430,,5,,203,562,52,257,2020-05-23,,1418,CapRAC,172,224,72,,,1992
,61,1366,,5,,203,607,54,267,2020-05-05,,1418,CapRAC,170,224,84,,,1973
,72,1423,,5,,203,559,54,256,2020-05-27,,1418,CapRAC,170,224,68,,,1982
,74,1421,,5,,203,564,54,254,2020-05-14,,1418,CapRAC,170,224,45,,,1985
,74,1495,,5,,203,479,55,254,2020-05-30,,1418,CapRAC,169,224,61,,,1974
,70,1375,,5,,203,607,56,258,2020-05-15,,1418,CapRAC,168,224,37,,,1982
,48,1468,,5,,203,538,57,280,2020-05-19,,1418,CapRAC,167,224,64,,,2006
,56,1461,,5,,203,535,58,272,2020-05-20,,1418,CapRAC,166,224,68,,,1996
,69,1495,,5,,203,493,61,259,2020-05-22,,1418,CapRAC,163,224,68,,,1988
,72,1309,,5,,203,657,64,256,2020-05-10,,1418,CapRAC,160,224,68,,,1966
,57,1333,,5,,203,631,65,271,2020-04-29,,1418,CapRAC,159,224,98,,,1964
,73,1354,,5,,203,613,65,267,2020-04-08,,1418,CapRAC,159,224,56,,,1967
,74,1420,,5,,203,568,70,254,2020-05-12,,1418,CapRAC,154,224,71,,,1988
,74,1346,,5,,203,649,71,266,2020-04-15,,1418,CapRAC,153,224,72,,,1995
,85,1391,,5,,203,596,71,243,2020-06-01,,1418,CapRAC,153,224,74,,,1987
,61,1362,,5,,203,596,72,278,2020-04-16,,1418,CapRAC,152,224,73,,,1958
,68,1396,,5,,203,566,72,272,2020-04-09,,1418,CapRAC,152,224,58,,,1962
,66,1355,,5,,203,617,73,262,2020-04-30,,1418,CapRAC,151,224,87,,,1972
,53,1288,,5,,203,676,74,275,2020-04-28,,1418,CapRAC,150,224,84,,,1964
,64,1229,,5,,203,743,74,264,2020-05-04,,1418,CapRAC,148,222,85,,,1972
,72,1364,,5,,203,617,76,256,2020-05-11,,1418,CapRAC,148,224,73,,,1981
,65,1275,,5,,203,694,77,263,2020-05-01,,1418,CapRAC,147,224,86,,,1969
,60,1321,,5,,203,663,78,268,2020-05-17,,1418,CapRAC,146,224,43,,,1984
,61,957,,5,,203,990,78,279,2020-04-13,,1418,CapRAC,144,222,70,,,1947
,74,1328,,5,,203,644,79,254,2020-05-26,,1418,CapRAC,145,224,72,,,1972
,63,1342,,5,,203,616,80,269,2020-04-18,,1418,CapRAC,144,224,66,,,1958
,53,1352,,5,,203,606,82,287,2020-04-20,,1418,CapRAC,142,224,66,,,1958
,59,1209,,5,,203,767,86,269,2020-05-03,,1418,CapRAC,138,224,81,,,1976
,56,1254,,5,,203,704,88,282,2020-04-19,,1418,CapRAC,136,224,61,,,1958
,59,1432,,5,,203,541,99,281,2020-04-24,,1418,CapRAC,125,224,92,,,1973
22,46,801,,5,0,203,364,44,156,2020-08-18,24,1418,CapRAC,125,169,62,,,1165
28,37,736,17,5,0,203,280,43,157,2020-08-31,24,1418,CapRAC,116,159,62,9,180,1016
21,97,1542,,5,1,203,476,37,248,2020-07-10,55,1418,CapRAC,220,257,193,,,2018
30,48,809,,5,1,203,358,39,154,2020-08-11,25,1418,CapRAC,130,169,82,,,1167
21,45,807,134,5,1,203,208,36,149,2020-09-05,17,1418,CapRAC,125,161,54,10,892,1015
24,33,794,,5,2,203,367,38,169,2020-08-24,18,1418,CapRAC,131,169,54,,,1161
25,47,774,,5,2,203,383,47,155,2020-08-15,23,1418,CapRAC,120,167,61,,,1157
26,45,742,,5,2,203,421,52,157,2020-08-08,27,1418,CapRAC,117,169,98,,,1163
30,34,816,159,5,2,203,212,51,160,2020-09-03,17,1418,CapRAC,110,161,60,7,974,1028
22,35,760,26,5,2,203,257,38,159,2020-08-30,23,1418,CapRAC,120,158,59,9,175,1017
20,42,749,130,5,2,203,269,43,152,2020-09-07,16,1418,CapRAC,118,161,54,10,959,1018
21,35,766,33,5,2,203,242,40,159,2020-09-01,24,1418,CapRAC,118,158,59,10,328,1008
23,41,760,126,5,2,203,255,45,153,2020-09-06,18,1418,CapRAC,116,161,54,12,886,1015
18,38,744,,5,3,203,418,58,164,2020-08-09,26,1418,CapRAC,111,169,97,,,1162
23,43,782,,5,3,203,378,45,155,2020-08-07,26,1418,CapRAC,123,168,93,,,1160
28,34,766,,5,3,203,399,50,168,2020-08-22,20,1418,CapRAC,119,169,58,,,1165
29,48,809,,5,3,203,366,50,154,2020-08-13,23,1418,CapRAC,119,169,79,,,1175
23,36,815,127,5,3,203,211,48,158,2020-09-04,15,1418,CapRAC,113,161,59,10,963,1026
19,42,756,,5,4,203,409,48,160,2020-08-23,19,1418,CapRAC,121,169,60,,,1165
26,43,786,,5,4,203,379,44,159,2020-08-17,26,1418,CapRAC,125,169,58,,,1165
21,33,714,22,5,4,203,312,40,161,2020-08-28,21,1418,CapRAC,121,161,57,6,185,1026
23,32,718,18,5,4,203,306,46,162,2020-08-27,19,1418,CapRAC,115,161,50,8,180,1024
18,46,782,,5,5,203,381,44,156,2020-08-16,25,1418,CapRAC,123,167,62,,,1163
31,47,828,,5,6,203,339,44,155,2020-08-04,33,1418,CapRAC,125,169,96,,,1167
22,39,678,,5,7,203,470,118,163,2020-07-26,37,1418,CapRAC,51,169,94,,,1148
23,46,797,,5,7,203,365,45,156,2020-08-20,24,1418,CapRAC,123,168,65,,,1162
24,47,678,,5,7,203,378,118,155,2020-07-27,33,1418,CapRAC,50,168,91,,,1056
31,37,855,,5,7,203,301,45,165,2020-07-24,30,1418,CapRAC,124,169,98,,,1156
5,93,1593,,5,8,203,426,47,235,2020-06-12,52,1418,CapRAC,177,224,123,,,2019
19,51,777,,5,8,203,379,42,151,2020-08-01,44,1418,CapRAC,127,169,104,,,1156
20,112,1547,,5,8,203,473,28,233,2020-07-09,62,1418,CapRAC,229,257,187,,,2020
23,36,721,,5,8,203,433,51,166,2020-07-25,35,1418,CapRAC,118,169,99,,,1154
24,52,912,,5,8,203,236,35,150,2020-07-29,37,1418,CapRAC,134,169,99,,,1148
27,92,1489,,5,8,203,529,52,253,2020-07-11,57,1418,CapRAC,205,257,185,,,2018
30,50,717,,5,8,203,439,124,152,2020-07-28,36,1418,CapRAC,55,179,97,,,1156
34,50,872,,5,8,203,288,38,152,2020-08-19,24,1418,CapRAC,130,168,70,,,1160
11,80,1564,,5,10,203,416,47,248,2020-06-09,46,1418,CapRAC,177,224,107,,,1980
30,90,1553,,5,10,203,473,35,255,2020-07-14,53,1418,CapRAC,222,257,186,,,2026
32,71,1640,,5,11,203,380,46,274,2020-07-23,56,1418,CapRAC,211,257,179,,,2020
35,77,1611,,5,11,203,413,54,268,2020-07-16,52,1418,CapRAC,203,257,197,,,2024
11,85,1498,,5,12,203,518,45,260,2020-06-28,63,1418,CapRAC,212,257,146,,,2016
14,66,1627,,5,12,203,383,39,279,2020-07-02,61,1418,CapRAC,218,257,156,,,2010
15,51,824,,5,12,203,338,31,151,2020-07-30,37,1418,CapRAC,138,169,107,,,1162
12,101,1554,,5,13,203,453,53,227,2020-06-20,54,1418,CapRAC,171,224,146,,,2007
21,78,1670,,5,13,203,340,47,250,2020-06-10,44,1418,CapRAC,174,221,119,,,2010
42,82,1567,,5,13,203,453,47,263,2020-07-15,46,1418,CapRAC,210,257,197,,,2020
9,101,1642,,5,14,203,369,30,227,2020-06-23,60,1418,CapRAC,194,224,163,,,2011
13,79,1490,,5,15,203,522,36,266,2020-07-05,81,1418,CapRAC,221,257,185,,,2012
11,85,1485,,5,16,203,533,52,260,2020-07-12,54,1418,CapRAC,205,257,191,,,2018
16,68,1650,,5,16,203,370,45,277,2020-07-21,50,1418,CapRAC,210,255,196,,,2020
17,84,1609,,5,16,203,403,47,261,2020-06-29,60,1418,CapRAC,210,257,152,,,2012
9,90,1635,,5,17,203,378,49,238,2020-06-11,44,1418,CapRAC,175,224,117,,,2013
13,97,1560,,5,17,203,455,52,246,2020-06-27,60,1418,CapRAC,205,257,146,,,2015
10,101,1607,,5,19,203,389,31,227,2020-06-17,60,1418,CapRAC,193,224,140,,,1996
17,90,1644,,5,19,203,365,24,238,2020-06-18,55,1418,CapRAC,200,224,137,,,2009
18,78,1487,,5,19,203,523,37,267,2020-07-04,73,1418,CapRAC,220,257,189,,,2010
22,91,1533,,5,19,203,470,46,237,2020-06-13,54,1418,CapRAC,178,224,125,,,2003
8,117,1570,,5,20,203,462,43,228,2020-06-25,55,1418,CapRAC,212,255,156,,,2032
12,97,1543,,5,20,203,431,49,231,2020-06-05,36,1418,CapRAC,175,224,98,,,1974
12,104,1543,,5,20,203,461,40,224,2020-06-22,59,1418,CapRAC,184,224,169,,,2004
28,79,1573,,5,20,203,447,43,266,2020-07-17,63,1418,CapRAC,214,257,199,,,2020
9,85,1523,,5,21,203,455,56,243,2020-06-06,37,1418,CapRAC,168,224,105,,,1978
15,76,1588,,5,22,203,440,36,269,2020-07-03,72,1418,CapRAC,221,257,177,,,2028
20,78,1647,,5,22,203,373,32,267,2020-07-01,62,1418,CapRAC,225,257,165,,,2020
26,76,1538,,5,22,203,484,55,269,2020-07-18,59,1418,CapRAC,202,257,199,,,2022
23,101,1604,,5,27,203,416,36,244,2020-07-07,73,1418,CapRAC,221,257,204,,,2020
21,87,1633,,5,30,203,393,42,258,2020-06-30,63,1418,CapRAC,215,257,156,,,2026
22,39,852,151,6,0,203,217,31,161,2020-09-14,23,1418,CapRAC,138,169,60,14,1021,1069
26,32,763,26,6,1,203,397,43,170,2020-08-29,21,1418,CapRAC,125,168,57,7,166,1160
23,38,815,52,6,2,203,262,40,162,2020-09-08,21,1418,CapRAC,129,169,59,13,400,1077
14,34,820,166,6,3,203,250,49,166,2020-09-19,24,1418,CapRAC,129,178,47,11,1059,1070
23,37,863,140,6,3,203,207,35,163,2020-09-11,23,1418,CapRAC,131,166,54,11,1026,1070
25,35,873,150,6,3,203,200,38,165,2020-09-17,18,1418,CapRAC,131,169,47,11,1011,1073
22,40,868,152,6,3,203,197,37,160,2020-09-10,21,1418,CapRAC,132,169,53,12,1034,1065
28,30,867,152,6,3,203,199,41,170,2020-09-16,20,1418,CapRAC,128,169,49,12,1034,1066
29,45,845,146,6,3,203,210,36,155,2020-09-12,20,1418,CapRAC,130,166,57,14,1063,1055
16,33,813,125,6,4,203,261,43,167,2020-09-20,19,1418,CapRAC,126,169,45,8,934,1074
22,36,816,24,6,4,203,361,37,166,2020-08-26,22,1418,CapRAC,132,169,48,8,182,1177
25,38,844,153,6,4,203,217,42,162,2020-09-09,19,1418,CapRAC,127,169,59,12,1079,1061
7,36,955,254,7,0,203,194,44,174,2021-06-30,4,1418,CapRAC,133,177,24,1,1236,1149
13,44,935,255,7,0,203,225,36,166,2021-06-18,7,1418,CapRAC,141,177,31,4,1284,1160
11,27,884,244,7,0,203,195,44,173,2020-10-21,18,1418,CapRAC,125,169,74,5,1043,1079
14,46,931,278,7,0,203,234,32,154,2021-03-18,20,1418,CapRAC,145,177,69,8,1121,1165
21,48,979,284,7,0,203,175,26,162,2021-05-13,21,1418,CapRAC,151,177,65,11,1142,1154
10,28,968,257,7,1,203,187,29,182,2021-07-02,4,1418,CapRAC,148,177,22,1,1207,1155
17,35,959,262,7,1,203,194,37,175,2021-06-29,5,1418,CapRAC,140,177,24,2,1314,1153
8,44,952,233,7,1,203,207,32,166,2021-06-25,4,1418,CapRAC,145,177,22,3,1228,1159
14,33,970,263,7,1,203,182,26,177,2021-07-08,11,1418,CapRAC,151,177,36,3,1232,1152
17,47,950,246,7,1,203,213,30,163,2021-06-27,4,1418,CapRAC,147,177,20,3,1185,1163
6,44,954,227,7,1,203,200,37,166,2021-06-20,7,1418,CapRAC,140,177,31,4,1230,1154
11,42,935,251,7,1,203,222,41,168,2021-05-31,16,1418,CapRAC,136,177,41,4,1136,1157
14,51,959,232,7,1,203,201,28,159,2021-06-17,11,1418,CapRAC,149,177,33,4,1264,1160
16,25,871,146,7,1,203,206,35,175,2020-10-18,22,1418,CapRAC,134,169,55,4,967,1077
13,25,874,157,7,1,203,201,34,175,2020-10-19,19,1418,CapRAC,135,169,64,5,920,1075
6,51,985,224,7,1,203,175,31,159,2021-06-16,11,1418,CapRAC,146,177,34,6,1303,1160
26,29,912,205,7,1,203,165,28,171,2020-10-13,25,1418,CapRAC,141,169,54,7,1231,1077
14,39,942,264,7,1,203,208,47,171,2021-05-24,16,1418,CapRAC,130,177,51,8,1236,1150
14,53,903,273,7,1,203,252,38,147,2021-04-03,20,1418,CapRAC,139,177,66,9,1018,1155
14,34,970,259,7,2,203,179,36,176,2021-07-01,4,1418,CapRAC,141,177,23,1,1204,1149
11,47,932,227,7,2,203,219,25,163,2021-06-28,4,1418,CapRAC,152,177,24,3,1193,1151
13,49,976,277,7,2,203,188,29,161,2021-06-23,4,1418,CapRAC,148,177,30,3,1216,1164
15,42,948,234,7,2,203,211,27,168,2021-06-26,5,1418,CapRAC,150,177,22,3,1181,1159
20,39,981,298,7,2,203,183,29,171,2021-07-22,15,1418,CapRAC,148,177,52,4,1316,1164
25,35,888,183,7,2,203,189,38,165,2020-10-09,18,1418,CapRAC,131,169,44,5,1072,1077
15,39,983,295,7,2,203,170,29,171,2021-05-26,18,1418,CapRAC,147,176,53,6,1322,1153
11,52,1005,286,7,2,203,150,15,158,2021-06-15,13,1418,CapRAC,162,177,37,7,1294,1155
21,37,938,253,7,2,203,212,46,173,2021-05-23,18,1418,CapRAC,131,177,50,7,1141,1150
31,38,870,146,7,2,203,258,67,162,2020-09-21,15,1418,CapRAC,157,224,39,7,984,1128
12,44,952,256,7,2,203,208,33,166,2021-06-05,16,1418,CapRAC,144,177,38,8,1183,1160
15,59,965,230,7,2,203,190,33,151,2021-06-14,12,1418,CapRAC,144,177,37,8,1209,1155
16,49,972,258,7,2,203,182,35,161,2021-06-12,15,1418,CapRAC,142,177,39,8,1233,1154
24,40,876,159,7,2,203,210,36,160,2020-10-02,22,1418,CapRAC,133,169,34,8,1022,1086
26,39,911,155,7,2,203,169,31,161,2020-10-01,25,1418,CapRAC,138,169,39,8,1056,1080
28,40,887,189,7,2,203,194,34,160,2020-10-07,21,1418,CapRAC,135,169,48,8,1107,1081
31,41,875,131,7,2,203,199,35,159,2020-09-22,22,1418,CapRAC,134,169,71,8,857,1074
21,42,891,164,7,2,203,185,30,158,2020-09-29,28,1418,CapRAC,138,168,53,9,1181,1076
22,33,847,238,7,2,203,233,26,167,2020-11-08,18,1418,CapRAC,143,169,66,9,991,1080
29,40,885,197,7,2,203,192,33,160,2020-10-06,23,1418,CapRAC,136,169,42,10,1089,1077
10,64,935,246,7,2,203,202,38,146,2021-04-25,24,1418,CapRAC,139,177,75,12,1139,1137
18,46,995,310,7,2,203,153,22,164,2021-05-06,23,1418,CapRAC,155,177,79,12,1193,1148
14,60,975,287,7,2,203,185,18,140,2021-04-12,27,1418,CapRAC,159,177,76,13,1235,1160
14,29,970,254,7,3,203,191,32,181,2021-07-03,2,1418,CapRAC,145,177,19,0,1151,1161
17,31,1029,289,7,3,203,145,23,179,2021-07-15,13,1418,CapRAC,154,177,46,0,1321,1174
19,32,1013,303,7,3,203,151,25,178,2021-07-16,14,1418,CapRAC,152,177,46,0,1301,1164
16,36,944,258,7,3,203,214,30,174,2021-07-06,7,1418,CapRAC,147,177,27,2,1369,1158
19,39,939,237,7,3,203,213,29,171,2021-07-11,10,1418,CapRAC,148,177,41,2,1230,1152
9,41,965,279,7,3,203,199,36,169,2021-07-18,11,1418,CapRAC,141,177,43,4,1244,1164
10,38,960,259,7,3,203,199,34,172,2021-06-01,14,1418,CapRAC,143,177,41,5,1247,1159
12,45,961,303,7,3,203,195,38,165,2021-05-08,21,1418,CapRAC,139,177,84,8,1179,1156
15,49,976,284,7,3,203,192,28,151,2021-03-17,21,1418,CapRAC,149,177,76,8,1013,1168
19,46,933,279,7,3,203,235,34,154,2021-03-19,22,1418,CapRAC,143,177,76,8,1025,1168
9,33,878,221,7,3,203,193,31,167,2020-10-26,24,1418,CapRAC,137,168,69,9,1009,1071
24,39,900,169,7,3,203,182,32,161,2020-09-24,25,1418,CapRAC,137,169,46,9,1040,1082
11,48,995,268,7,3,203,177,28,162,2021-06-09,19,1418,CapRAC,149,177,41,10,1266,1172
24,40,868,174,7,3,203,211,33,160,2020-10-05,22,1418,CapRAC,136,169,42,11,1057,1079
15,61,953,256,7,3,203,211,29,139,2021-03-07,27,1418,CapRAC,148,177,75,12,985,1164
15,43,977,289,7,4,203,183,27,167,2021-06-22,5,1418,CapRAC,150,177,32,3,1401,1160
15,35,993,300,7,4,203,171,33,175,2021-07-17,12,1418,CapRAC,144,177,48,3,1271,1164
16,37,951,271,7,4,203,201,31,173,2021-07-09,13,1418,CapRAC,146,177,37,3,1194,1152
17,40,964,279,7,4,203,194,35,170,2021-07-19,12,1418,CapRAC,142,177,43,4,1274,1158
14,33,895,180,7,4,203,182,45,167,2020-10-17,23,1418,CapRAC,124,169,55,5,986,1077
12,51,974,252,7,4,203,182,36,159,2021-06-13,13,1418,CapRAC,141,177,38,7,1199,1156
21,39,957,290,7,4,203,203,42,171,2021-05-22,19,1418,CapRAC,135,177,51,7,1135,1160
10,52,946,227,7,4,203,220,30,148,2021-03-15,20,1418,CapRAC,147,177,78,8,997,1166
18,41,918,266,7,4,203,230,49,169,2021-05-16,17,1418,CapRAC,128,177,51,8,1129,1148
14,43,934,309,7,4,203,233,28,157,2021-03-26,18,1418,CapRAC,149,177,81,9,1142,1167
19,49,962,300,7,4,203,202,34,151,2021-04-16,25,1418,CapRAC,143,177,79,9,1216,1164
20,47,937,271,7,4,203,215,27,163,2021-05-02,25,1418,CapRAC,150,177,79,9,1145,1152
25,41,892,169,7,4,203,182,38,159,2020-09-23,22,1418,CapRAC,131,169,45,9,1043,1074
10,49,920,246,7,4,203,248,38,151,2021-03-28,17,1418,CapRAC,139,177,72,10,1034,1168
12,32,871,269,7,4,203,204,28,168,2020-10-30,25,1418,CapRAC,141,169,69,10,1061,1075
17,42,842,157,7,4,203,231,44,158,2020-10-04,25,1418,CapRAC,125,169,39,10,985,1073
18,36,813,210,7,4,203,260,39,164,2020-11-01,24,1418,CapRAC,130,169,66,10,918,1073
19,43,990,346,7,4,203,160,26,167,2021-05-12,21,1418,CapRAC,151,177,72,11,1238,1150
19,61,983,331,7,4,203,174,16,149,2021-04-22,26,1418,CapRAC,161,177,84,11,1215,1157
15,44,963,310,7,4,203,195,32,166,2021-05-14,21,1418,CapRAC,145,177,56,12,1176,1158
19,47,980,352,7,4,203,180,28,163,2021-05-18,18,1418,CapRAC,149,177,58,12,1308,1160
21,59,968,246,7,4,203,200,23,141,2021-03-08,29,1418,CapRAC,154,177,80,12,1013,1168
15,58,952,252,7,4,203,202,38,142,2021-04-18,23,1418,CapRAC,139,177,85,13,1148,1154
3,48,952,226,7,5,203,208,32,162,2021-06-19,6,1418,CapRAC,145,177,33,4,1284,1160
13,41,978,281,7,5,203,179,37,169,2021-05-28,20,1418,CapRAC,140,177,45,4,1264,1157
14,42,1000,288,7,5,203,165,30,168,2021-06-02,14,1418,CapRAC,147,177,43,5,1271,1165
25,27,877,281,7,5,203,198,37,173,2020-10-20,17,1418,CapRAC,132,169,68,5,1136,1075
14,48,942,279,7,5,203,226,32,152,2021-03-29,21,1418,CapRAC,145,177,82,8,1101,1168
15,43,942,269,7,5,203,208,36,167,2021-05-09,19,1418,CapRAC,141,177,85,9,1082,1150
17,53,975,286,7,5,203,189,25,147,2021-03-16,22,1418,CapRAC,152,177,81,9,1109,1164
17,52,979,325,7,5,203,188,24,148,2021-04-15,28,1418,CapRAC,153,177,78,9,1272,1167
20,30,935,276,7,5,203,194,26,170,2020-11-14,28,1418,CapRAC,143,169,89,9,1067,1129
26,35,896,174,7,5,203,181,28,165,2020-09-30,25,1418,CapRAC,140,168,48,9,1074,1077
24,45,990,278,7,5,203,170,31,165,2021-05-19,19,1418,CapRAC,146,177,55,10,1193,1160
25,35,829,258,7,5,203,251,35,165,2020-11-07,19,1418,CapRAC,134,169,59,10,1007,1080
10,57,947,294,7,5,203,197,26,153,2021-04-23,28,1418,CapRAC,151,177,82,11,1132,1144
14,44,1000,314,7,5,203,160,23,166,2021-05-05,24,1418,CapRAC,154,177,78,11,1294,1160
29,29,965,266,7,5,203,165,22,171,2020-11-13,29,1418,CapRAC,147,169,91,11,1031,1130
19,53,946,266,7,5,203,226,26,147,2021-03-05,26,1418,CapRAC,151,177,89,13,1077,1172
21,61,977,312,7,5,203,187,23,139,2021-04-20,27,1418,CapRAC,154,177,95,14,1298,1164
14,53,983,275,7,5,203,184,27,147,2021-02-24,35,1418,CapRAC,150,177,117,16,1040,1167
19,39,966,277,7,6,203,191,36,171,2021-05-29,22,1418,CapRAC,141,177,51,4,1198,1157
16,47,972,284,7,6,203,193,34,153,2021-03-22,18,1418,CapRAC,143,177,78,7,1085,1165
22,35,840,135,7,6,203,234,42,165,2020-09-26,29,1418,CapRAC,127,169,54,7,954,1074
17,36,852,153,7,6,203,227,39,164,2020-09-27,26,1418,CapRAC,129,168,54,8,996,1079
23,44,966,317,7,6,203,188,37,166,2021-05-20,19,1418,CapRAC,140,177,52,8,1224,1154
11,53,1004,325,7,6,203,159,26,147,2021-04-14,27,1418,CapRAC,151,177,84,9,1264,1163
18,33,843,240,7,6,203,234,33,167,2020-10-31,22,1418,CapRAC,136,169,68,9,990,1077
18,42,914,294,7,6,203,250,31,158,2021-03-27,18,1418,CapRAC,146,177,74,10,1177,1164
19,44,989,228,7,6,203,165,32,166,2021-06-07,18,1418,CapRAC,145,177,40,10,1240,1154
23,39,888,146,7,6,203,189,31,161,2020-09-28,27,1418,CapRAC,137,168,59,10,1042,1077
17,38,914,249,7,6,203,214,28,162,2020-11-15,30,1418,CapRAC,141,169,99,13,924,1128
27,45,931,313,7,6,203,198,26,155,2020-11-24,32,1418,CapRAC,143,169,130,15,1181,1129
9,64,958,297,7,6,203,201,26,136,2021-04-09,25,1418,CapRAC,151,177,81,16,1237,1159
18,52,882,245,7,6,203,238,27,148,2020-11-27,37,1418,CapRAC,142,169,126,17,924,1120
22,39,913,294,7,6,203,210,29,161,2020-11-21,30,1418,CapRAC,140,169,104,17,1063,1123
20,62,964,261,7,6,203,203,10,138,2021-01-31,56,1418,CapRAC,159,169,215,26,910,1167
27,76,925,376,7,6,203,235,14,124,2021-01-03,59,1418,CapRAC,155,169,230,35,1102,1160
15,28,978,321,7,7,203,188,26,182,2021-07-25,19,1418,CapRAC,151,177,71,3,1258,1166
26,40,984,326,7,7,203,194,23,160,2021-03-23,18,1418,CapRAC,154,177,93,7,1225,1178
27,32,838,259,7,7,203,234,39,168,2020-10-25,23,1418,CapRAC,129,168,74,7,1035,1072
28,36,888,180,7,7,203,190,36,164,2020-10-08,21,1418,CapRAC,133,169,52,7,1104,1078
10,37,873,172,7,7,203,206,43,163,2020-10-15,26,1418,CapRAC,126,169,58,8,1104,1079
17,43,946,225,7,7,203,216,37,167,2021-06-11,17,1418,CapRAC,140,177,43,8,1186,1162
8,55,910,236,7,7,203,243,47,145,2021-04-04,21,1418,CapRAC,130,177,73,9,1030,1153
17,44,850,237,7,7,203,227,37,156,2020-11-02,21,1418,CapRAC,132,169,70,9,1019,1077
23,34,860,140,7,7,203,215,42,166,2020-09-25,26,1418,CapRAC,126,168,53,9,936,1075
11,57,981,292,7,7,203,163,27,153,2021-04-29,29,1418,CapRAC,150,177,90,11,1212,1144
18,53,972,273,7,7,203,184,37,147,2021-04-17,24,1418,CapRAC,140,177,86,11,1226,1156
30,47,970,334,7,7,203,190,24,163,2021-05-11,21,1418,CapRAC,153,177,72,11,1324,1160
15,36,927,273,7,7,203,200,24,164,2020-11-16,29,1418,CapRAC,145,169,108,12,1010,1127
26,59,954,336,7,7,203,214,23,141,2021-03-02,25,1418,CapRAC,154,177,103,12,1132,1168
5,60,930,252,7,7,203,225,39,140,2021-04-11,26,1418,CapRAC,138,177,74,13,936,1155
16,60,984,291,7,7,203,180,20,140,2021-04-19,24,1418,CapRAC,157,177,84,13,1180,1164
18,57,980,289,7,7,203,192,27,143,2021-03-03,26,1418,CapRAC,150,177,104,13,1072,1172
14,59,964,293,7,7,203,193,24,141,2021-04-21,25,1418,CapRAC,153,177,86,14,1196,1157
15,59,942,263,7,7,203,204,27,151,2021-04-24,29,1418,CapRAC,150,177,82,15,1128,1146
19,60,940,265,7,7,203,229,28,140,2021-02-27,33,1418,CapRAC,149,177,109,17,985,1169
14,54,949,254,7,7,203,214,23,146,2021-02-22,40,1418,CapRAC,146,169,126,19,923,1163
25,60,938,318,7,7,203,183,25,140,2020-11-30,37,1418,CapRAC,144,169,133,20,1044,1121
9,32,866,252,7,8,203,211,44,168,2020-10-24,23,1418,CapRAC,125,169,65,4,1053,1077
16,31,872,251,7,8,203,205,34,169,2020-10-23,19,1418,CapRAC,135,169,77,4,1042,1077
12,41,979,287,7,8,203,187,26,169,2021-06-04,16,1418,CapRAC,151,177,39,6,1155,1166
17,41,995,279,7,8,203,175,25,159,2021-03-31,24,1418,CapRAC,152,177,92,7,1091,1170
17,49,910,243,7,8,203,258,44,151,2021-04-02,25,1418,CapRAC,133,177,80,7,1043,1168
14,47,931,266,7,8,203,237,40,153,2021-03-13,19,1418,CapRAC,137,177,66,9,1083,1168
20,56,945,301,7,8,203,213,39,154,2021-05-01,25,1418,CapRAC,138,177,84,10,1169,1158
20,57,989,322,7,8,203,167,26,153,2021-04-28,27,1418,CapRAC,151,177,92,10,1295,1156
21,56,969,242,7,8,203,199,31,144,2021-03-14,19,1418,CapRAC,146,177,66,10,998,1168
12,43,984,391,7,8,203,173,19,167,2021-07-30,31,1418,CapRAC,158,177,103,11,1376,1157
18,51,901,231,7,8,203,268,39,149,2021-02-28,27,1418,CapRAC,138,177,106,11,990,1169
32,16,987,333,7,8,203,156,14,184,2020-12-18,49,1418,CapRAC,155,169,209,11,1021,1143
15,60,940,291,7,8,203,202,34,150,2021-04-26,22,1418,CapRAC,143,177,77,12,1179,1142
17,34,928,284,7,8,203,150,31,166,2020-11-11,26,1418,CapRAC,138,169,71,14,1136,1078
29,33,921,275,7,8,203,158,25,167,2020-11-10,25,1418,CapRAC,143,168,74,14,1172,1079
12,64,956,275,7,8,203,212,23,136,2021-02-26,28,1418,CapRAC,154,177,111,16,1043,1168
27,55,889,321,7,8,203,232,34,145,2020-11-28,35,1418,CapRAC,135,169,125,17,1150,1121
13,75,955,232,7,8,203,209,23,125,2021-02-14,46,1418,CapRAC,146,169,166,26,881,1164
36,71,939,357,7,8,203,221,18,129,2021-01-02,61,1418,CapRAC,151,169,226,31,1020,1160
22,36,991,320,7,9,203,179,27,174,2021-07-23,15,1418,CapRAC,150,177,65,5,1280,1170
22,49,983,287,7,9,203,187,33,151,2021-04-01,23,1418,CapRAC,144,177,84,6,1085,1170
15,39,886,274,7,9,203,187,29,161,2020-10-27,24,1418,CapRAC,140,169,77,8,1134,1073
19,49,954,273,7,9,203,214,33,151,2021-03-12,19,1418,CapRAC,144,177,66,9,1079,1168
22,46,872,249,7,9,203,205,34,154,2020-11-04,17,1418,CapRAC,135,169,66,12,944,1077
13,60,960,297,7,9,203,208,33,140,2021-02-25,31,1418,CapRAC,144,177,126,13,1081,1168
21,35,953,287,7,9,203,172,25,165,2020-11-20,34,1418,CapRAC,144,169,118,13,986,1125
25,39,905,293,7,9,203,223,25,161,2020-11-22,30,1418,CapRAC,143,168,113,15,1033,1128
20,72,995,295,7,9,203,172,22,128,2021-02-12,53,1418,CapRAC,147,169,178,26,1010,1167
18,69,970,296,7,9,203,200,19,131,2021-02-17,48,1418,CapRAC,150,169,140,27,1084,1170
25,75,990,325,7,9,203,177,10,125,2021-01-23,69,1418,CapRAC,159,169,250,31,1044,1167
16,31,915,152,7,10,203,168,34,169,2020-10-16,26,1418,CapRAC,135,169,65,6,1049,1083
23,44,1061,418,7,10,203,107,18,166,2021-07-28,29,1418,CapRAC,159,177,91,8,1352,1168
20,54,967,275,7,10,203,201,32,146,2021-03-10,25,1418,CapRAC,145,177,73,11,1065,1168
21,54,956,325,7,10,203,192,21,156,2021-04-30,27,1418,CapRAC,156,177,84,11,1236,1148
30,35,950,345,7,10,203,177,27,165,2020-11-17,34,1418,CapRAC,142,169,120,11,1140,1127
28,50,988,394,7,10,203,177,19,160,2021-07-31,32,1418,CapRAC,158,177,113,13,1338,1165
26,70,975,321,7,10,203,194,25,130,2021-02-09,52,1418,CapRAC,144,169,181,26,1143,1169
15,61,954,274,7,10,203,217,15,139,2021-02-01,57,1418,CapRAC,154,169,221,27,913,1171
22,77,978,355,7,10,203,188,20,123,2020-12-31,62,1418,CapRAC,149,169,234,41,1051,1166
22,41,1013,386,7,11,203,158,16,169,2021-07-29,32,1418,CapRAC,161,177,94,10,1374,1171
15,53,996,386,7,11,203,172,24,157,2021-08-02,33,1418,CapRAC,153,177,125,13,1292,1168
20,41,921,283,7,11,203,207,26,159,2020-11-23,32,1418,CapRAC,142,168,125,14,983,1128
33,42,965,308,7,11,203,172,21,158,2020-12-07,38,1418,CapRAC,148,169,176,15,1006,1137
26,60,952,387,7,11,203,173,20,140,2020-12-01,39,1418,CapRAC,149,169,131,21,1233,1125
26,48,951,308,7,11,203,172,27,152,2020-12-03,35,1418,CapRAC,142,169,138,22,1091,1123
22,60,958,271,7,11,203,216,32,140,2021-02-18,47,1418,CapRAC,137,169,136,23,1047,1174
22,70,963,310,7,11,203,204,17,130,2021-02-06,51,1418,CapRAC,152,169,186,25,1077,1167
25,69,980,290,7,11,203,191,22,131,2021-02-08,48,1418,CapRAC,147,169,188,25,936,1171
15,67,972,300,7,11,203,200,24,133,2021-02-10,52,1418,CapRAC,145,169,177,29,1106,1172
35,37,1026,437,7,12,203,142,19,173,2021-07-27,24,1418,CapRAC,158,177,82,8,1494,1168
23,52,897,257,7,12,203,224,29,148,2020-11-26,38,1418,CapRAC,140,169,127,17,1006,1121
20,46,949,328,7,12,203,218,34,154,2021-02-23,39,1418,CapRAC,143,177,127,18,1115,1167
28,57,971,309,7,12,203,168,15,143,2020-12-13,47,1418,CapRAC,154,169,198,23,1009,1139
24,70,983,306,7,12,203,185,26,130,2021-02-11,50,1418,CapRAC,143,169,178,27,1055,1168
29,60,916,294,7,12,203,224,20,140,2020-12-20,48,1418,CapRAC,148,168,200,27,938,1140
34,63,953,322,7,12,203,218,17,137,2021-01-30,60,1418,CapRAC,152,169,223,27,987,1171
14,57,920,314,7,13,203,234,31,153,2021-04-27,24,1418,CapRAC,146,177,79,10,1304,1154
21,42,940,286,7,13,203,203,23,158,2020-12-06,41,1418,CapRAC,146,169,160,19,1009,1143
23,63,973,328,7,13,203,178,33,137,2020-12-16,43,1418,CapRAC,136,169,190,21,963,1151
20,66,976,325,7,13,203,196,22,134,2021-01-27,61,1418,CapRAC,147,169,254,30,1011,1172
24,68,961,298,7,13,203,197,18,132,2020-12-28,61,1418,CapRAC,151,169,223,30,987,1158
18,70,987,321,7,13,203,183,11,130,2021-01-17,72,1418,CapRAC,158,169,260,37,956,1170
36,75,981,341,7,13,203,178,9,125,2021-01-08,68,1418,CapRAC,159,168,260,40,1001,1159
31,54,1022,450,7,14,203,145,15,156,2021-08-04,38,1418,CapRAC,161,176,149,16,1381,1167
28,57,961,354,7,14,203,166,24,143,2020-12-02,35,1418,CapRAC,145,169,131,22,1136,1127
24,70,999,326,7,14,203,172,20,130,2021-02-03,58,1418,CapRAC,149,169,212,27,1026,1171
23,77,989,299,7,14,203,176,8,123,2021-01-24,72,1418,CapRAC,161,169,257,32,989,1165
33,47,963,342,7,15,203,180,25,153,2020-12-08,44,1418,CapRAC,144,169,179,18,1113,1143
18,61,960,282,7,15,203,205,19,139,2021-02-19,45,1418,CapRAC,150,169,118,22,975,1165
40,67,1041,323,7,15,203,116,28,133,2020-12-25,74,1418,CapRAC,141,169,237,24,907,1157
24,65,971,295,7,15,203,201,24,135,2021-01-29,62,1418,CapRAC,145,169,234,28,927,1172
25,65,999,344,7,15,203,170,13,135,2021-01-26,62,1418,CapRAC,156,169,259,28,1104,1169
28,67,969,286,7,15,203,180,24,133,2020-12-17,46,1418,CapRAC,145,169,209,28,1014,1149
23,78,976,358,7,15,203,182,14,122,2020-12-29,63,1418,CapRAC,155,169,186,38,1144,1158
27,80,994,328,7,15,203,165,14,120,2021-01-21,69,1418,CapRAC,155,169,267,38,1089,1159
24,48,982,318,7,16,203,159,20,152,2020-12-09,48,1418,CapRAC,149,169,196,19,1045,1141
29,62,914,315,7,16,203,241,29,138,2020-12-24,49,1418,CapRAC,140,169,218,22,964,1155
17,74,975,297,7,16,203,192,20,126,2021-02-16,47,1418,CapRAC,149,169,160,25,1027,1167
40,67,951,354,7,16,203,207,20,133,2020-12-27,54,1418,CapRAC,149,169,219,28,1051,1158
24,70,1006,363,7,16,203,157,16,130,2021-01-14,67,1418,CapRAC,153,169,261,31,1009,1163
11,38,975,270,7,17,203,155,26,162,2020-11-18,29,1418,CapRAC,143,169,125,12,1007,1130
38,55,950,354,7,17,203,193,20,145,2020-12-15,49,1418,CapRAC,149,169,194,23,1111,1143
35,62,958,323,7,17,203,181,19,138,2020-12-12,44,1418,CapRAC,150,169,194,26,1043,1139
22,69,993,367,7,17,203,178,20,131,2021-02-05,54,1418,CapRAC,149,169,198,28,1057,1171
34,66,981,321,7,17,203,191,24,134,2021-01-28,57,1418,CapRAC,145,169,239,28,1035,1172
35,64,997,375,7,17,203,177,17,136,2021-02-02,60,1418,CapRAC,152,169,229,28,1051,1174
19,66,961,293,7,17,203,208,18,134,2021-01-18,74,1418,CapRAC,151,169,295,35,932,1169
16,55,966,331,7,18,203,157,24,145,2020-12-04,35,1418,CapRAC,145,169,140,24,1010,1123
28,73,970,356,7,18,203,193,22,127,2021-01-13,66,1418,CapRAC,147,169,260,34,1053,1163
36,76,949,336,7,18,203,207,22,124,2021-01-01,65,1418,CapRAC,147,169,222,35,990,1156
25,75,991,350,7,18,203,178,11,125,2021-01-20,69,1418,CapRAC,158,169,277,37,1046,1169
36,63,950,349,7,19,203,207,24,137,2020-12-22,52,1418,CapRAC,145,169,227,24,1091,1157
20,60,994,318,7,19,203,169,18,140,2021-01-16,69,1418,CapRAC,151,169,260,31,369,1163
29,64,994,366,7,19,203,171,12,135,2021-01-15,70,1418,CapRAC,157,169,263,33,1071,1165
27,79,991,349,7,20,203,178,8,121,2021-01-19,71,1418,CapRAC,161,169,293,38,1094,1169
37,56,964,342,7,21,203,177,23,144,2020-12-11,49,1418,CapRAC,146,169,198,25,1107,1141
21,79,995,334,7,22,203,177,17,121,2021-01-22,66,1418,CapRAC,152,169,262,36,1046,1172
34,73,978,359,7,22,203,186,15,127,2021-01-07,72,1418,CapRAC,154,169,258,37,1083,1164
34,73,980,384,7,23,203,180,13,127,2021-01-05,63,1418,CapRAC,156,169,248,36,1112,1160
36,73,1009,394,7,23,203,153,10,127,2021-01-06,66,1418,CapRAC,159,169,254,37,1110,1162
23,47,711,,6,2,247,220,28,124,2020-06-21,10,1979,MAHPC,79,107,24,,,931
18,34,629,,7,1,247,230,39,133,2020-06-14,9,1979,MAHPC,58,97,21,,,859
,19,809,,8,,247,177,60,157,2020-05-16,,1979,MAHPC,74,134,4,,,986
,33,575,,8,,247,402,61,142,2020-04-12,,1979,MAHPC,76,137,10,,,977
,19,725,,8,,247,249,62,154,2020-05-17,,1979,MAHPC,68,130,5,,,974
,24,704,,8,,247,337,65,147,2020-05-03,,1979,MAHPC,65,130,8,,,1041
33,44,806,,8,0,247,173,26,132,2020-06-20,11,1979,MAHPC,87,113,23,,,979
24,33,650,5,8,1,247,359,52,110,2020-09-06,8,1979,MAHPC,86,138,33,5,73,1009
45,35,645,5,8,4,247,364,50,108,2020-09-05,8,1979,MAHPC,88,138,37,5,65,1009
,2,226,,9,,247,201,22,53,2020-05-02,,1979,MAHPC,28,50,6,,,427
,32,788,,9,,247,214,51,148,2020-05-23,,1979,MAHPC,85,136,13,,,1002
,29,531,,9,,247,422,57,133,2020-04-08,,1979,MAHPC,75,132,7,,,953
,30,642,,9,,247,389,59,149,2020-04-18,,1979,MAHPC,74,133,6,,,1031
,39,601,,9,,247,448,66,145,2020-04-19,,1979,MAHPC,75,141,7,,,1049
,21,679,,9,,247,303,76,155,2020-05-10,,1979,MAHPC,57,133,2,,,982
38,37,663,,9,1,247,446,64,118,2020-08-09,10,1979,MAHPC,84,148,42,,,1109
33,34,812,,9,2,247,199,24,149,2020-06-12,10,1979,MAHPC,85,109,26,,,1011
54,36,753,,9,4,247,354,61,105,2020-08-23,6,1979,MAHPC,81,142,47,,,1107
49,35,711,9,9,4,247,316,48,106,2020-09-03,9,1979,MAHPC,90,138,39,5,114,1027
,29,639,,10,,247,448,65,154,2020-04-10,,1979,MAHPC,74,139,6,,,1087
,36,605,,10,,247,407,65,147,2020-04-11,,1979,MAHPC,79,144,8,,,1012
45,36,863,,10,0,247,177,22,147,2020-06-11,10,1979,MAHPC,90,112,24,,,1040
46,35,733,,10,0,247,222,30,143,2020-06-13,11,1979,MAHPC,84,114,24,,,955
48,42,849,,10,0,247,190,23,140,2020-06-10,10,1979,MAHPC,93,116,26,,,1039
36,41,681,,10,1,247,456,53,110,2020-07-11,15,1979,MAHPC,96,149,30,,,1137
40,43,750,,10,1,247,465,63,117,2020-08-07,17,1979,MAHPC,85,148,52,,,1215
42,27,678,,10,1,247,449,65,128,2020-08-02,12,1979,MAHPC,83,148,51,,,1127
57,30,744,0,10,2,247,383,60,123,2020-08-30,6,1979,MAHPC,88,148,35,4,66,1127
55,35,773,,10,4,247,359,61,120,2020-08-22,8,1979,MAHPC,87,148,48,,,1132
46,36,668,10,10,4,247,364,57,111,2020-09-04,9,1979,MAHPC,87,144,37,5,149,1032
57,30,678,,10,8,247,449,72,125,2020-08-01,12,1979,MAHPC,76,148,52,,,1127
48,35,744,23,10,11,247,364,65,122,2020-09-01,7,1979,MAHPC,75,140,44,8,235,1108
,39,730,,11,,247,245,55,146,2020-04-24,,1979,MAHPC,82,137,9,,,975
,42,914,,11,,247,241,60,156,2020-05-29,,1979,MAHPC,94,154,12,,,1155
,27,775,,11,,247,257,67,161,2020-05-12,,1979,MAHPC,76,143,2,,,1032
,35,822,,11,,247,316,70,157,2020-05-08,,1979,MAHPC,78,148,6,,,1138
48,34,674,,11,1,247,476,70,117,2020-06-27,8,1979,MAHPC,79,149,24,,,1150
38,36,691,10,11,1,247,446,54,123,2020-09-07,9,1979,MAHPC,100,154,38,6,196,1137
44,38,720,14,11,1,247,422,57,121,2020-09-08,10,1979,MAHPC,97,154,38,7,237,1142
38,39,712,,11,2,247,523,63,119,2020-07-19,11,1979,MAHPC,92,155,41,,,1235
43,42,816,,11,2,247,248,30,142,2020-06-09,10,1979,MAHPC,86,116,25,,,1064
45,37,753,,11,2,247,392,70,116,2020-08-15,8,1979,MAHPC,78,148,41,,,1145
44,39,702,,11,3,247,440,64,120,2020-08-08,12,1979,MAHPC,90,154,43,,,1142
52,32,663,,11,3,247,477,67,119,2020-07-04,8,1979,MAHPC,82,149,25,,,1140
60,36,755,3,11,4,247,385,58,117,2020-08-29,8,1979,MAHPC,90,148,38,6,76,1140
44,38,773,16,11,7,247,407,63,119,2020-09-02,6,1979,MAHPC,91,154,44,5,233,1180
37,33,658,,11,8,247,477,59,118,2020-07-26,14,1979,MAHPC,88,147,50,,,1135
63,43,794,,11,10,247,446,57,121,2020-08-12,14,1979,MAHPC,97,154,51,,,1240
,5,310,,12,,247,237,32,69,2020-05-07,,1979,MAHPC,38,70,4,,,547
,29,642,,12,,247,546,70,173,2020-04-07,,1979,MAHPC,84,154,9,,,1188
,30,897,,12,,247,289,73,170,2020-05-21,,1979,MAHPC,78,151,13,,,1186
41,40,716,,12,0,247,418,66,114,2020-07-02,8,1979,MAHPC,86,152,23,,,1134
49,49,948,,12,0,247,239,40,146,2020-06-23,11,1979,MAHPC,99,139,25,,,1187
3,7,300,,12,1,247,168,23,58,2020-06-17,4,1979,MAHPC,37,60,6,,,468
43,42,782,,12,2,247,478,69,120,2020-07-10,12,1979,MAHPC,92,161,34,,,1260
53,36,885,,12,2,247,282,42,160,2020-06-19,7,1979,MAHPC,91,133,24,,,1167
56,43,939,,12,2,247,225,32,157,2020-06-05,9,1979,MAHPC,100,132,26,,,1164
32,41,747,,12,4,247,353,47,150,2020-06-15,11,1979,MAHPC,77,124,24,,,1100
35,43,829,,12,4,247,301,17,150,2020-06-08,9,1979,MAHPC,97,114,27,,,1130
50,39,846,4,12,5,247,346,53,121,2020-08-26,11,1979,MAHPC,100,153,49,7,83,1192
33,40,805,31,12,5,247,465,57,124,2020-10-04,15,1979,MAHPC,101,158,46,11,254,1270
43,48,762,,12,10,247,457,73,113,2020-07-21,12,1979,MAHPC,86,159,38,,,1219
,9,315,,13,,247,231,41,67,2020-04-22,,1979,MAHPC,35,76,8,,,546
,4,316,,13,,247,256,42,72,2020-04-29,,1979,MAHPC,34,76,7,,,572
,31,821,,13,,247,299,75,166,2020-05-13,,1979,MAHPC,76,151,3,,,1120
,26,753,,13,,247,404,79,167,2020-05-01,,1979,MAHPC,82,161,8,,,1157
43,35,768,,13,2,247,500,63,127,2020-07-03,7,1979,MAHPC,98,161,25,,,1268
51,40,912,,13,2,247,275,38,151,2020-06-03,15,1979,MAHPC,99,137,21,,,1187
51,45,881,,13,4,247,426,58,127,2020-08-20,9,1979,MAHPC,105,163,51,,,1307
53,35,818,6,13,8,247,415,62,129,2020-08-28,10,1979,MAHPC,92,154,48,6,84,1233
,39,738,,14,,247,449,65,167,2020-04-21,,1979,MAHPC,102,167,9,,,1187
,33,697,,14,,247,524,68,173,2020-04-14,,1979,MAHPC,101,169,12,,,1221
,40,790,,14,,247,294,69,166,2020-04-23,,1979,MAHPC,92,161,13,,,1084
,41,965,,14,,247,274,71,165,2020-05-28,,1979,MAHPC,92,163,10,,,1239
,29,856,,14,,247,368,72,175,2020-05-06,,1979,MAHPC,89,161,12,,,1224
,29,724,,14,,247,465,76,173,2020-04-30,,1979,MAHPC,83,159,6,,,1189
,29,635,,14,,247,506,77,179,2020-04-13,,1979,MAHPC,93,170,11,,,1141
,27,775,,14,,247,440,82,177,2020-05-04,,1979,MAHPC,79,161,13,,,1215
40,41,934,,14,1,247,297,48,163,2020-06-04,9,1979,MAHPC,100,148,22,,,1231
61,44,834,,14,2,247,486,66,126,2020-08-04,19,1979,MAHPC,97,163,53,,,1320
26,48,911,53,14,2,247,454,59,130,2020-10-17,13,1979,MAHPC,108,167,53,6,345,1365
42,43,892,,14,4,247,435,60,129,2020-08-25,13,1979,MAHPC,109,169,50,,,1327
45,50,819,,14,4,247,523,55,120,2020-07-14,18,1979,MAHPC,115,170,36,,,1342
26,53,962,40,14,4,247,489,62,130,2020-11-09,17,1979,MAHPC,111,173,54,8,320,1451
52,36,808,27,14,4,247,479,59,134,2020-09-10,12,1979,MAHPC,105,164,42,9,357,1287
29,44,797,,14,5,247,529,74,128,2020-08-10,13,1979,MAHPC,95,169,51,,,1326
51,42,835,,14,5,247,502,71,128,2020-07-22,14,1979,MAHPC,100,171,38,,,1337
46,40,862,,14,6,247,470,65,133,2020-07-30,20,1979,MAHPC,106,171,55,,,1332
57,41,788,,14,6,247,462,55,120,2020-07-08,14,1979,MAHPC,103,158,35,,,1250
37,47,976,39,14,6,247,368,51,129,2020-10-14,14,1979,MAHPC,112,163,58,4,300,1344
51,44,840,,14,7,247,492,72,128,2020-08-11,12,1979,MAHPC,97,169,52,,,1332
52,35,845,,14,7,247,482,57,137,2020-08-24,14,1979,MAHPC,111,168,52,,,1327
68,35,835,,14,7,247,502,68,135,2020-07-23,15,1979,MAHPC,103,171,44,,,1337
32,45,909,47,14,7,247,461,64,133,2020-10-18,13,1979,MAHPC,102,166,56,6,344,1370
63,51,944,47,14,7,247,437,52,124,2020-10-06,12,1979,MAHPC,117,169,38,9,361,1381
46,47,859,,14,8,247,451,74,125,2020-08-19,10,1979,MAHPC,89,163,52,,,1310
49,39,894,,14,8,247,443,72,134,2020-07-29,18,1979,MAHPC,99,171,55,,,1337
58,50,883,55,14,9,247,499,62,128,2020-09-26,16,1979,MAHPC,105,167,42,10,347,1382
44,37,906,,14,10,247,421,66,135,2020-08-18,12,1979,MAHPC,103,169,54,,,1327
29,40,839,43,14,11,247,536,64,138,2020-10-31,12,1979,MAHPC,103,167,52,4,324,1375
53,41,826,,14,12,247,489,69,131,2020-08-05,20,1979,MAHPC,94,163,63,,,1315
,36,727,,15,,247,494,73,172,2020-04-20,,1979,MAHPC,92,165,12,,,1221
,22,922,,15,,247,328,75,182,2020-05-19,,1979,MAHPC,89,164,6,,,1250
,34,778,,15,,247,410,76,172,2020-04-28,,1979,MAHPC,93,169,9,,,1188
,29,852,,15,,247,393,77,176,2020-05-05,,1979,MAHPC,90,167,12,,,1245
,25,919,,15,,247,553,84,181,2020-05-14,,1979,MAHPC,79,163,5,,,1472
42,34,863,1,15,1,247,472,77,138,2020-08-31,9,1979,MAHPC,92,169,47,5,90,1335
14,47,903,40,15,2,247,553,65,136,2021-06-11,6,1979,MAHPC,108,173,16,5,897,1456
25,37,903,38,15,2,247,542,68,145,2020-09-13,16,1979,MAHPC,105,173,49,7,376,1445
37,45,949,36,15,2,247,526,64,140,2020-09-21,18,1979,MAHPC,109,173,45,10,376,1475
19,36,840,67,15,3,247,563,62,143,2021-06-05,6,1979,MAHPC,111,173,23,1,827,1403
38,46,870,41,15,3,247,548,67,136,2020-09-19,17,1979,MAHPC,106,173,43,7,406,1418
45,33,903,30,15,3,247,484,59,149,2020-09-11,13,1979,MAHPC,114,173,47,9,416,1387
25,45,1017,39,15,4,247,447,58,140,2020-10-22,11,1979,MAHPC,115,173,45,2,351,1464
28,38,846,73,15,4,247,621,82,141,2021-02-27,17,1979,MAHPC,106,188,49,7,787,1467
36,46,858,43,15,4,247,555,71,136,2020-09-20,18,1979,MAHPC,102,173,47,9,363,1413
46,38,865,,15,5,247,480,75,136,2020-08-14,17,1979,MAHPC,94,169,59,,,1345
47,40,881,,15,5,247,464,69,134,2020-08-13,17,1979,MAHPC,106,175,58,,,1345
58,43,886,,15,5,247,463,68,131,2020-08-21,11,1979,MAHPC,101,169,53,,,1349
43,40,912,37,15,5,247,533,61,142,2020-09-14,17,1979,MAHPC,111,172,48,6,395,1445
14,33,837,50,15,6,247,585,80,146,2021-05-22,9,1979,MAHPC,108,188,28,4,817,1422
61,41,905,62,15,6,247,503,57,141,2020-10-10,15,1979,MAHPC,116,173,53,5,418,1408
28,50,932,95,15,6,247,472,50,129,2021-07-23,15,1979,MAHPC,123,173,49,6,987,1404
51,34,924,37,15,6,247,526,62,148,2020-09-12,14,1979,MAHPC,110,172,49,7,415,1450
35,55,919,51,15,6,247,499,61,127,2020-09-27,18,1979,MAHPC,112,173,42,11,335,1418
47,47,994,31,15,6,247,476,62,138,2020-10-01,25,1979,MAHPC,111,173,40,13,384,1470
47,35,816,,15,7,247,524,68,139,2020-08-03,20,1979,MAHPC,101,169,56,,,1340
19,43,851,74,15,7,247,567,84,136,2021-05-02,6,1979,MAHPC,105,189,48,3,840,1418
52,47,840,,15,8,247,500,66,126,2020-08-06,21,1979,MAHPC,103,169,63,,,1340
53,39,809,,15,8,247,536,69,131,2020-07-15,16,1979,MAHPC,101,170,40,,,1345
50,39,930,4,15,8,247,405,68,135,2020-08-27,9,1979,MAHPC,100,168,52,8,76,1335
50,49,916,37,15,8,247,475,59,128,2020-10-02,19,1979,MAHPC,110,169,40,8,329,1391
28,51,947,51,15,8,247,459,57,131,2020-11-26,19,1979,MAHPC,116,173,73,10,342,1406
56,42,793,,15,9,247,552,67,128,2020-07-24,12,1979,MAHPC,104,171,45,,,1345
23,45,917,92,15,9,247,550,91,134,2021-03-29,8,1979,MAHPC,97,188,38,1,806,1467
23,46,993,56,15,9,247,473,63,133,2021-04-17,15,1979,MAHPC,126,189,51,7,847,1466
53,43,824,,15,11,247,460,68,129,2020-07-09,15,1979,MAHPC,104,172,36,,,1284
58,44,898,46,15,11,247,515,66,138,2020-10-03,17,1979,MAHPC,107,173,42,11,392,1413
45,39,841,,15,13,247,504,70,135,2020-07-31,20,1979,MAHPC,99,169,59,,,1345
24,48,892,79,15,13,247,507,59,131,2021-07-25,19,1979,MAHPC,114,173,57,8,923,1399
26,47,1041,119,15,14,247,440,55,133,2021-07-28,31,1979,MAHPC,117,172,80,10,971,1481
31,52,816,81,15,20,247,656,58,131,2020-12-25,56,1979,MAHPC,141,199,184,20,305,1472
35,52,962,103,15,25,247,505,64,128,2021-01-30,35,1979,MAHPC,135,199,156,20,711,1467
32,60,991,76,15,29,247,481,48,123,2021-01-02,65,1979,MAHPC,151,199,237,21,338,1472
46,63,943,96,15,35,247,524,48,120,2020-12-23,63,1979,MAHPC,151,199,202,18,386,1467
43,61,951,96,15,37,247,478,47,116,2020-12-18,50,1979,MAHPC,148,195,171,19,325,1429
,33,738,,16,,247,562,59,187,2020-04-09,,1979,MAHPC,115,174,8,,,1300
41,46,855,,16,0,247,538,81,133,2020-06-29,9,1979,MAHPC,95,176,25,,,1393
17,48,966,48,16,0,247,512,70,138,2021-06-15,4,1979,MAHPC,108,178,11,3,1003,1478
21,52,984,62,16,0,247,504,64,134,2021-06-16,5,1979,MAHPC,115,179,8,3,935,1488
21,29,909,71,16,0,247,584,91,157,2021-05-16,10,1979,MAHPC,104,195,37,3,862,1493
17,50,913,51,16,0,247,561,71,133,2021-06-27,5,1979,MAHPC,108,179,17,4,837,1474
21,44,890,64,16,0,247,579,60,142,2021-06-13,5,1979,MAHPC,119,179,17,4,876,1469
23,48,992,59,16,0,247,499,56,138,2021-06-09,8,1979,MAHPC,122,178,22,4,975,1491
27,41,915,51,16,1,247,564,71,145,2021-06-04,8,1979,MAHPC,108,179,28,1,825,1479
19,40,901,58,16,1,247,581,75,143,2021-06-26,4,1979,MAHPC,104,179,16,2,907,1482
20,47,1009,51,16,1,247,486,67,136,2021-06-22,3,1979,MAHPC,111,178,18,2,1034,1495
16,45,944,69,16,1,247,546,59,141,2021-06-07,9,1979,MAHPC,119,178,26,3,920,1490
17,51,961,46,16,1,247,529,64,135,2021-06-17,5,1979,MAHPC,115,179,8,3,918,1490
17,36,867,62,16,1,247,631,75,150,2021-05-23,11,1979,MAHPC,120,195,25,4,849,1498
23,46,920,64,16,1,247,560,63,140,2021-06-12,6,1979,MAHPC,115,178,14,4,893,1480
54,53,955,36,16,1,247,546,70,136,2020-09-18,17,1979,MAHPC,109,179,42,7,383,1501
32,41,851,,16,2,247,550,78,138,2020-07-06,9,1979,MAHPC,98,176,34,,,1401
10,35,902,50,16,2,247,585,66,148,2021-06-20,3,1979,MAHPC,113,179,17,2,885,1487
14,39,924,48,16,2,247,546,69,144,2021-07-05,4,1979,MAHPC,109,178,12,2,903,1470
16,43,903,54,16,2,247,563,74,140,2021-07-04,4,1979,MAHPC,105,179,13,2,859,1466
16,40,899,51,16,2,247,582,67,146,2021-06-06,8,1979,MAHPC,111,178,24,2,868,1481
21,47,940,91,16,2,247,542,76,136,2021-07-12,9,1979,MAHPC,103,179,22,3,982,1482
25,41,937,52,16,2,247,549,65,145,2021-06-18,6,1979,MAHPC,114,179,13,3,931,1486
30,37,933,63,16,2,247,545,73,149,2021-06-03,8,1979,MAHPC,106,179,27,3,837,1478
16,48,911,72,16,2,247,588,91,138,2021-05-30,7,1979,MAHPC,104,195,25,4,831,1499
19,29,949,76,16,2,247,562,75,157,2021-05-21,7,1979,MAHPC,119,194,28,4,866,1511
20,48,934,71,16,2,247,566,85,138,2021-05-24,12,1979,MAHPC,110,195,29,4,895,1500
29,53,958,38,16,2,247,536,65,136,2020-11-02,15,1979,MAHPC,114,179,50,4,351,1494
15,46,914,44,16,2,247,583,89,140,2021-06-01,12,1979,MAHPC,106,195,30,5,902,1497
20,47,993,85,16,2,247,499,67,136,2021-07-13,8,1979,MAHPC,112,179,21,5,1019,1492
48,50,1031,51,16,2,247,457,54,139,2020-10-07,16,1979,MAHPC,124,178,49,7,395,1488
26,49,1028,86,16,2,247,521,69,137,2021-04-14,16,1979,MAHPC,125,194,60,10,850,1549
42,58,970,48,16,2,247,531,58,131,2020-09-28,23,1979,MAHPC,121,179,46,14,351,1501
18,41,968,86,16,3,247,518,69,142,2021-07-09,4,1979,MAHPC,109,178,17,1,965,1486
25,41,977,79,16,3,247,583,99,145,2021-03-19,7,1979,MAHPC,96,195,41,1,818,1560
31,38,984,69,16,3,247,571,88,148,2021-03-18,7,1979,MAHPC,107,195,38,1,787,1555
20,37,1026,60,16,3,247,473,60,146,2021-06-23,3,1979,MAHPC,119,179,15,2,947,1499
20,44,993,67,16,3,247,483,70,139,2021-07-06,5,1979,MAHPC,108,178,15,2,1065,1476
18,45,984,72,16,3,247,501,63,138,2021-07-07,6,1979,MAHPC,116,179,16,3,1023,1485
18,54,915,62,16,3,247,559,73,132,2021-06-14,6,1979,MAHPC,106,179,20,3,915,1474
19,45,983,72,16,3,247,525,90,141,2021-05-12,9,1979,MAHPC,105,195,40,4,886,1508
32,46,970,97,16,3,247,513,55,137,2021-07-19,10,1979,MAHPC,124,179,39,4,971,1483
37,41,1046,54,16,3,247,453,59,148,2020-10-28,15,1979,MAHPC,120,179,59,4,383,1499
22,39,907,88,16,3,247,583,101,147,2021-05-10,10,1979,MAHPC,93,194,39,5,875,1490
32,46,970,55,16,3,247,525,68,143,2020-10-19,16,1979,MAHPC,111,179,63,5,345,1495
21,39,879,57,16,3,247,676,109,147,2021-03-07,12,1979,MAHPC,86,195,59,7,720,1555
25,33,961,69,16,3,247,599,98,153,2021-03-08,14,1979,MAHPC,97,195,64,8,766,1560
52,41,980,31,16,3,247,526,62,148,2020-09-15,17,1979,MAHPC,117,179,49,8,426,1506
24,48,957,48,16,3,247,537,58,141,2020-11-15,20,1979,MAHPC,121,179,58,9,338,1494
26,37,1051,33,16,3,247,509,87,149,2021-04-09,15,1979,MAHPC,107,194,44,9,362,1560
25,47,941,70,16,3,247,619,75,139,2021-02-22,16,1979,MAHPC,120,195,64,10,703,1560
51,50,1023,49,16,3,247,478,62,139,2020-09-30,27,1979,MAHPC,117,179,38,12,373,1501
32,34,993,90,16,4,247,567,103,152,2021-03-24,6,1979,MAHPC,92,195,37,0,817,1560
18,40,1013,74,16,4,247,477,71,143,2021-07-08,4,1979,MAHPC,108,179,15,1,972,1490
27,34,941,75,16,4,247,614,115,152,2021-03-21,5,1979,MAHPC,80,195,33,1,787,1555
9,48,938,56,16,4,247,549,71,135,2021-07-10,7,1979,MAHPC,107,178,15,2,920,1487
18,46,963,63,16,4,247,527,58,140,2021-06-08,9,1979,MAHPC,121,179,23,3,874,1490
22,46,959,77,16,4,247,547,74,140,2021-05-13,10,1979,MAHPC,121,195,38,3,796,1506
34,31,955,88,16,4,247,547,86,155,2021-05-17,6,1979,MAHPC,109,195,38,3,823,1502
17,32,986,84,16,4,247,529,79,154,2021-05-20,8,1979,MAHPC,116,195,30,4,890,1515
19,42,982,53,16,4,247,523,78,144,2021-06-02,12,1979,MAHPC,117,195,32,5,895,1505
47,40,963,50,16,4,247,537,66,149,2020-10-12,17,1979,MAHPC,113,179,65,5,350,1500
21,54,980,72,16,4,247,532,72,132,2021-04-30,11,1979,MAHPC,123,195,54,6,881,1512
26,44,939,83,16,4,247,616,89,142,2021-03-13,16,1979,MAHPC,105,194,50,6,873,1555
25,49,947,109,16,4,247,521,58,134,2021-07-24,16,1979,MAHPC,121,179,51,7,998,1468
25,45,976,55,16,4,247,518,66,144,2020-11-20,14,1979,MAHPC,113,179,60,8,322,1494
48,48,1024,48,16,4,247,477,57,141,2020-09-23,18,1979,MAHPC,122,179,29,11,377,1501
41,46,839,,16,5,247,490,73,136,2020-07-27,19,1979,MAHPC,104,177,60,,,1329
42,37,898,,16,5,247,502,71,141,2020-06-26,9,1979,MAHPC,107,178,24,,,1400
20,34,962,69,16,5,247,598,112,152,2021-03-22,4,1979,MAHPC,83,195,37,0,759,1560
29,32,983,78,16,5,247,572,94,154,2021-03-26,7,1979,MAHPC,101,195,34,1,747,1555
19,47,913,57,16,5,247,566,65,136,2021-06-25,5,1979,MAHPC,114,179,20,2,904,1479
10,37,888,36,16,5,247,597,75,146,2021-06-19,5,1979,MAHPC,104,179,18,3,935,1485
21,43,965,63,16,5,247,545,75,143,2021-05-27,9,1979,MAHPC,120,195,28,4,881,1510
21,42,1010,60,16,5,247,475,52,141,2021-07-20,13,1979,MAHPC,126,178,38,4,960,1485
26,40,971,81,16,5,247,511,49,143,2021-07-18,10,1979,MAHPC,130,179,37,4,954,1482
54,40,1014,36,16,5,247,487,71,149,2020-09-16,18,1979,MAHPC,108,179,52,6,359,1501
58,48,1002,32,16,5,247,499,75,141,2020-09-17,21,1979,MAHPC,104,179,46,7,380,1501
26,42,981,68,16,5,247,574,99,144,2021-03-10,18,1979,MAHPC,96,195,55,8,828,1555
27,46,976,38,16,5,247,518,65,143,2020-11-22,16,1979,MAHPC,114,179,59,8,330,1494
23,45,971,114,16,5,247,554,86,141,2021-04-26,13,1979,MAHPC,109,195,65,9,893,1525
30,52,965,53,16,5,247,524,61,137,2020-11-16,19,1979,MAHPC,118,179,59,10,341,1489
29,28,1000,87,16,6,247,555,92,158,2021-03-25,9,1979,MAHPC,103,195,37,0,884,1555
21,43,995,52,16,6,247,499,69,146,2020-10-26,10,1979,MAHPC,110,179,54,2,364,1494
14,47,934,83,16,6,247,576,80,139,2021-05-03,6,1979,MAHPC,115,195,47,3,855,1510
18,44,972,79,16,6,247,523,56,139,2021-07-16,9,1979,MAHPC,123,179,26,3,933,1495
21,45,1013,81,16,6,247,480,65,138,2021-07-15,11,1979,MAHPC,114,179,27,3,985,1493
25,38,939,80,16,6,247,616,94,148,2021-03-14,14,1979,MAHPC,100,194,47,3,764,1555
26,47,980,72,16,6,247,525,86,139,2021-05-25,12,1979,MAHPC,109,195,27,3,957,1505
12,30,977,62,16,6,247,536,84,156,2021-05-18,7,1979,MAHPC,111,195,38,4,989,1513
19,40,938,74,16,6,247,566,90,146,2021-05-07,13,1979,MAHPC,104,194,40,5,897,1504
28,40,916,78,16,6,247,638,97,146,2021-04-18,17,1979,MAHPC,98,195,47,6,853,1554
19,41,897,82,16,6,247,658,94,145,2021-04-04,11,1979,MAHPC,100,194,46,7,782,1555
27,37,958,69,16,6,247,597,99,149,2021-03-09,15,1979,MAHPC,95,194,52,7,890,1555
35,42,951,83,16,6,247,609,75,144,2021-03-01,14,1979,MAHPC,120,195,54,7,770,1560
36,41,891,90,16,6,247,669,86,145,2021-02-28,15,1979,MAHPC,109,195,51,7,759,1560
25,40,918,79,16,6,247,612,83,146,2021-04-25,15,1979,MAHPC,112,195,59,9,734,1530
52,56,984,59,16,6,247,509,62,133,2020-10-05,19,1979,MAHPC,116,178,45,12,360,1493
62,42,907,,16,7,247,486,64,137,2020-06-30,7,1979,MAHPC,108,172,27,,,1393
24,38,989,89,16,7,247,512,69,145,2021-07-17,7,1979,MAHPC,109,178,32,3,934,1501
16,39,1033,77,16,7,247,462,61,144,2021-07-14,11,1979,MAHPC,118,179,24,4,987,1495
26,35,1018,64,16,7,247,492,80,151,2021-05-19,9,1979,MAHPC,115,195,36,4,837,1510
26,37,861,99,16,7,247,638,99,149,2021-05-08,12,1979,MAHPC,95,194,44,5,858,1499
32,50,1021,75,16,7,247,534,88,136,2021-03-16,9,1979,MAHPC,107,195,43,5,851,1555
32,38,951,76,16,7,247,609,103,148,2021-03-04,12,1979,MAHPC,92,195,51,6,736,1560
22,38,942,79,16,7,247,613,96,148,2021-03-12,14,1979,MAHPC,99,195,49,7,782,1555
27,39,994,75,16,7,247,561,76,147,2021-02-25,16,1979,MAHPC,119,195,53,7,760,1555
33,46,1041,42,16,7,247,453,61,143,2020-11-12,19,1979,MAHPC,118,179,74,7,410,1494
25,48,933,59,16,7,247,561,74,141,2020-11-27,14,1979,MAHPC,105,179,68,9,307,1494
33,48,1008,59,16,7,247,491,63,141,2020-11-05,21,1979,MAHPC,116,179,58,9,342,1499
36,47,988,103,16,7,247,567,84,139,2021-02-24,18,1979,MAHPC,111,195,62,9,799,1555
31,49,965,38,16,7,247,534,60,140,2020-11-14,19,1979,MAHPC,119,179,62,10,375,1499
37,50,960,64,16,7,247,529,74,139,2020-11-29,18,1979,MAHPC,105,179,81,10,361,1489
55,51,1046,45,16,7,247,455,61,138,2020-09-29,28,1979,MAHPC,118,179,45,13,439,1501
23,49,1011,55,16,8,247,484,55,140,2020-10-23,14,1979,MAHPC,124,179,48,1,391,1495
16,48,940,66,16,8,247,569,79,137,2021-05-28,11,1979,MAHPC,116,195,29,4,931,1509
28,37,1014,88,16,8,247,479,59,146,2021-07-21,15,1979,MAHPC,120,179,43,5,911,1493
49,64,991,57,16,8,247,508,66,125,2020-11-03,18,1979,MAHPC,113,179,63,6,391,1499
20,38,938,68,16,8,247,616,84,148,2021-04-11,13,1979,MAHPC,111,195,54,7,678,1554
27,53,1009,85,16,8,247,512,65,133,2021-04-29,12,1979,MAHPC,129,194,61,7,900,1521
21,39,959,91,16,8,247,570,81,147,2021-04-24,13,1979,MAHPC,114,195,73,8,841,1529
23,39,889,77,16,8,247,666,87,147,2021-02-20,17,1979,MAHPC,108,195,76,8,757,1555
26,52,1042,92,16,8,247,507,74,134,2021-04-15,17,1979,MAHPC,121,195,55,8,881,1549
23,42,969,79,16,8,247,586,90,144,2021-04-06,14,1979,MAHPC,105,195,53,9,826,1555
26,54,1017,103,16,8,247,509,70,132,2021-04-28,13,1979,MAHPC,124,194,65,9,911,1526
24,51,942,72,16,8,247,618,70,135,2021-02-08,30,1979,MAHPC,135,205,117,15,627,1560
30,44,997,93,16,9,247,563,97,142,2021-03-17,9,1979,MAHPC,98,195,39,2,815,1560
56,45,991,45,16,9,247,500,56,144,2020-10-09,19,1979,MAHPC,123,179,54,5,376,1491
17,38,912,96,16,9,247,606,103,148,2021-04-07,17,1979,MAHPC,92,195,42,8,872,1518
21,38,914,85,16,9,247,606,91,148,2021-04-08,15,1979,MAHPC,103,194,38,8,910,1520
25,45,970,84,16,9,247,579,93,141,2021-04-19,18,1979,MAHPC,102,195,52,8,782,1549
39,41,1023,73,16,9,247,537,78,145,2021-02-18,21,1979,MAHPC,117,195,82,8,710,1560
33,61,963,42,16,9,247,536,61,128,2020-11-07,21,1979,MAHPC,115,176,59,10,375,1499
25,55,996,59,16,9,247,498,71,132,2020-11-30,25,1979,MAHPC,108,179,88,11,349,1494
27,43,978,110,16,9,247,510,56,140,2021-08-01,37,1979,MAHPC,123,179,88,14,979,1488
46,52,1066,92,16,9,247,489,55,135,2021-02-03,35,1979,MAHPC,150,205,137,14,654,1555
22,56,908,79,16,9,247,647,72,130,2021-02-07,33,1979,MAHPC,133,205,121,18,681,1555
30,31,1004,100,16,10,247,556,97,155,2021-03-23,5,1979,MAHPC,98,195,36,0,915,1560
22,41,1028,57,16,10,247,532,103,145,2021-03-31,8,1979,MAHPC,92,195,45,1,834,1560
27,41,954,85,16,10,247,606,89,145,2021-02-26,16,1979,MAHPC,106,195,53,7,783,1560
33,41,985,93,16,10,247,570,92,145,2021-03-11,17,1979,MAHPC,103,195,51,8,816,1555
29,55,996,82,16,10,247,539,86,131,2021-04-12,14,1979,MAHPC,109,195,59,10,727,1535
27,44,878,86,16,10,247,677,79,142,2021-02-21,18,1979,MAHPC,116,195,71,11,744,1555
22,43,978,104,16,11,247,576,89,143,2021-04-20,18,1979,MAHPC,106,195,62,6,918,1554
50,44,1050,63,16,11,247,448,56,145,2020-10-08,19,1979,MAHPC,123,179,63,6,412,1498
15,42,935,74,16,11,247,620,87,144,2021-04-05,12,1979,MAHPC,107,194,48,8,740,1555
22,48,1019,99,16,11,247,503,67,138,2021-04-27,14,1979,MAHPC,128,195,64,9,943,1522
30,51,1016,80,16,11,247,544,77,135,2021-02-15,25,1979,MAHPC,123,200,99,9,673,1560
33,54,1039,50,16,11,247,453,51,135,2020-11-25,20,1979,MAHPC,128,179,77,12,352,1492
33,41,967,52,16,12,247,527,63,148,2020-10-30,16,1979,MAHPC,116,179,60,5,377,1494
58,52,1031,58,16,12,247,464,61,137,2020-10-15,20,1979,MAHPC,118,179,66,6,385,1495
34,45,979,99,16,12,247,581,84,141,2021-03-02,16,1979,MAHPC,111,195,58,8,797,1560
20,35,911,63,16,13,247,644,101,151,2021-03-28,6,1979,MAHPC,94,195,37,1,748,1555
32,33,1048,50,16,13,247,446,54,156,2020-10-29,13,1979,MAHPC,125,179,63,3,365,1494
23,42,988,38,16,13,247,500,57,147,2020-11-19,17,1979,MAHPC,121,178,60,7,344,1488
35,56,1062,53,16,13,247,427,54,133,2020-11-18,17,1979,MAHPC,125,179,61,7,339,1489
26,48,1058,98,16,13,247,491,60,138,2021-04-13,18,1979,MAHPC,134,194,64,10,950,1549
25,36,1005,76,16,14,247,555,100,150,2021-03-30,6,1979,MAHPC,95,195,42,1,883,1560
60,52,1012,56,16,14,247,483,58,145,2020-10-13,15,1979,MAHPC,121,179,58,3,447,1495
34,45,1007,141,16,14,247,483,60,138,2021-07-27,28,1979,MAHPC,119,179,68,7,1044,1490
41,50,1019,45,16,14,247,480,61,139,2020-11-10,20,1979,MAHPC,118,179,63,7,402,1499
27,45,967,77,16,14,247,593,97,141,2021-03-03,16,1979,MAHPC,97,194,59,8,757,1560
32,52,1003,72,16,14,247,486,59,137,2020-11-17,19,1979,MAHPC,120,179,59,9,389,1489
32,43,1053,72,16,14,247,507,76,143,2021-02-17,23,1979,MAHPC,119,195,86,9,774,1560
45,57,1024,95,16,14,247,531,78,129,2021-02-10,26,1979,MAHPC,127,205,116,14,734,1555
32,57,973,66,16,14,247,521,57,132,2020-12-05,31,1979,MAHPC,122,179,113,18,334,1494
33,45,956,82,16,15,247,599,78,141,2021-02-19,20,1979,MAHPC,117,195,80,8,695,1555
35,52,1035,109,16,15,247,525,81,134,2021-02-16,23,1979,MAHPC,114,195,97,10,788,1560
32,52,1039,79,16,15,247,516,73,134,2021-02-11,25,1979,MAHPC,132,205,110,11,759,1555
33,60,1092,111,16,15,247,468,57,127,2021-02-02,34,1979,MAHPC,148,205,152,12,748,1560
34,54,1052,99,16,15,247,503,65,132,2021-02-04,30,1979,MAHPC,140,205,127,13,711,1555
17,36,1003,78,16,16,247,533,96,147,2021-04-01,8,1979,MAHPC,92,188,47,3,766,1536
26,35,968,83,16,16,247,587,98,151,2021-04-02,12,1979,MAHPC,96,194,51,6,779,1555
34,48,1023,153,16,16,247,461,53,135,2021-08-02,38,1979,MAHPC,126,179,91,13,991,1484
21,67,993,76,16,16,247,536,75,122,2020-12-14,48,1979,MAHPC,150,225,142,19,363,1529
30,66,1002,69,16,16,247,522,71,123,2020-12-13,51,1979,MAHPC,154,225,139,19,336,1524
37,57,1011,56,16,16,247,544,74,130,2021-01-24,51,1979,MAHPC,131,205,185,19,334,1555
43,76,1046,78,16,16,247,498,52,113,2020-12-17,49,1979,MAHPC,153,205,163,23,351,1544
38,49,1008,102,16,18,247,552,82,137,2021-02-13,22,1979,MAHPC,123,205,103,9,776,1560
26,51,1018,60,16,19,247,476,53,332,2020-11-24,18,1979,MAHPC,126,179,81,11,416,1494
32,44,997,128,16,19,247,493,55,139,2021-07-31,32,1979,MAHPC,124,179,81,11,1061,1490
31,53,978,123,16,19,247,582,83,133,2021-02-09,29,1979,MAHPC,122,205,113,15,818,1560
32,73,1035,73,16,19,247,526,71,114,2021-01-18,73,1979,MAHPC,135,206,233,22,313,1561
40,60,1046,75,16,20,247,443,59,129,2020-12-01,26,1979,MAHPC,120,179,91,12,381,1489
38,64,1056,82,16,20,247,442,42,125,2020-12-10,38,1979,MAHPC,137,179,134,18,351,1498
22,47,999,86,16,21,247,530,81,139,2021-04-22,18,1979,MAHPC,114,195,75,7,821,1529
35,63,1047,110,16,21,247,513,60,124,2021-02-01,40,1979,MAHPC,145,205,164,17,672,1560
36,71,1081,67,16,21,247,474,62,116,2021-01-20,60,1979,MAHPC,143,205,203,23,356,1555
41,65,1070,78,16,21,247,431,50,124,2020-12-08,36,1979,MAHPC,129,179,133,23,427,1501
37,49,957,118,16,22,247,603,70,137,2021-02-06,32,1979,MAHPC,135,205,121,13,731,1560
31,49,1044,125,16,22,247,511,60,138,2021-01-28,43,1979,MAHPC,145,205,167,17,743,1555
41,52,1025,131,16,22,247,536,67,135,2021-01-29,44,1979,MAHPC,139,206,154,18,756,1561
31,68,1047,74,16,23,247,482,61,121,2020-12-11,43,1979,MAHPC,164,225,151,18,357,1529
40,70,1049,63,16,23,247,511,57,117,2021-01-22,51,1979,MAHPC,148,205,184,22,349,1560
32,72,1022,80,16,23,247,533,78,119,2021-01-11,66,1979,MAHPC,127,205,212,32,369,1555
33,49,1009,86,16,24,247,551,57,141,2020-12-28,67,1979,MAHPC,148,205,204,13,366,1560
41,57,982,85,16,24,247,561,53,133,2020-12-20,59,1979,MAHPC,152,205,198,16,327,1543
30,63,1020,74,16,24,247,541,63,128,2021-01-17,77,1979,MAHPC,143,206,233,19,334,1561
37,68,1060,93,16,24,247,438,49,121,2020-12-09,39,1979,MAHPC,130,179,130,21,376,1498
37,63,1036,110,16,24,247,521,60,124,2021-01-25,56,1979,MAHPC,147,207,196,21,629,1557
42,45,935,60,16,25,247,620,64,145,2020-12-27,62,1979,MAHPC,141,205,197,12,313,1555
33,68,1020,73,16,25,247,504,68,121,2020-12-12,45,1979,MAHPC,157,225,143,18,388,1524
33,58,912,86,16,25,247,648,56,132,2020-12-24,67,1979,MAHPC,149,205,186,19,362,1560
34,74,1058,71,16,25,247,504,67,113,2021-01-19,67,1979,MAHPC,140,207,222,24,328,1562
37,80,1034,93,16,25,247,526,64,111,2021-01-15,74,1979,MAHPC,141,205,234,25,371,1560
32,46,1020,167,16,26,247,470,51,137,2021-08-03,40,1979,MAHPC,128,179,99,14,983,1490
45,51,1071,166,16,27,247,429,61,132,2021-08-04,37,1979,MAHPC,118,179,105,11,993,1500
40,45,907,83,16,27,247,648,61,145,2020-12-26,66,1979,MAHPC,144,205,190,18,286,1555
42,56,1031,83,16,27,247,524,51,134,2020-12-22,68,1979,MAHPC,154,205,202,21,358,1555
32,59,1044,91,16,29,247,516,51,131,2021-01-03,70,1979,MAHPC,154,205,239,21,362,1560
40,76,1032,81,16,30,247,496,67,113,2020-12-15,50,1979,MAHPC,157,224,144,23,355,1528
40,68,1075,102,16,32,247,480,59,122,2021-01-07,64,1979,MAHPC,146,205,233,23,369,1555
38,73,990,76,16,32,247,565,75,118,2021-01-09,54,1979,MAHPC,130,205,213,31,330,1555
38,58,1016,94,16,33,247,532,61,132,2020-12-21,66,1979,MAHPC,144,205,205,18,351,1548
37,62,1087,102,16,33,247,471,52,128,2021-01-04,78,1979,MAHPC,153,205,252,20,409,1558
43,63,1003,85,16,36,247,545,49,127,2020-12-19,53,1979,MAHPC,156,205,179,17,323,1548
52,59,1089,98,16,36,247,466,60,131,2021-01-06,75,1979,MAHPC,145,205,240,17,361,1555
55,63,1070,95,16,37,247,490,54,127,2020-12-30,71,1979,MAHPC,151,205,223,17,429,1560
49,63,1073,69,16,38,247,416,50,126,2020-12-03,30,1979,MAHPC,129,179,117,18,335,1489
41,72,994,78,16,38,247,566,76,119,2021-01-10,65,1979,MAHPC,129,205,209,32,337,1560
35,69,1074,100,16,41,247,486,56,121,2020-12-31,70,1979,MAHPC,149,205,235,19,405,1560
38,67,1020,89,16,41,247,540,69,123,2021-01-08,62,1979,MAHPC,136,205,218,28,334,1560
39,71,1016,68,16,43,247,539,67,120,2021-01-16,74,1979,MAHPC,138,205,234,24,340,1555
49,63,1076,118,16,44,247,479,61,127,2021-01-05,76,1979,MAHPC,144,205,241,17,441,1555
45,90,1061,90,16,44,247,494,64,101,2021-01-13,76,1979,MAHPC,141,205,235,31,365,1555
52,79,1091,91,16,46,247,469,61,112,2021-01-14,81,1979,MAHPC,144,205,238,27,351,1560
45,64,1037,107,16,49,247,518,49,126,2021-01-01,72,1979,MAHPC,156,205,242,19,381,1555
,99,987,,10,,420,621,40,222,2020-04-11,,3851,EHPC,165,205,34,,,1608
,108,1056,,12,,420,904,91,244,2020-04-12,,3851,EHPC,141,232,42,,,1960
30,102,1481,,12,11,420,729,78,283,2020-06-27,30,3851,EHPC,164,242,78,,,2210
15,109,1222,,12,14,420,694,72,221,2020-06-21,33,3851,EHPC,153,225,86,,,1916
33,105,1523,,13,9,420,702,83,285,2020-06-28,25,3851,EHPC,165,248,76,,,2225
14,100,1475,,13,10,420,695,71,304,2020-06-20,30,3851,EHPC,170,241,79,,,2170
26,101,1765,,13,13,420,562,75,370,2020-06-26,33,3851,EHPC,173,248,98,,,2327
16,132,1611,,13,14,420,595,66,323,2020-07-12,22,3851,EHPC,179,245,72,,,2206
,104,1341,,14,,420,665,79,313,2020-05-22,,3851,EHPC,159,238,87,,,2006
18,120,1594,,14,9,420,662,74,265,2020-07-04,15,3851,EHPC,169,243,66,,,2256
11,95,1531,,14,14,420,427,86,288,2020-06-06,21,3851,EHPC,154,240,85,,,1958
20,115,1631,,14,15,420,679,60,285,2020-08-02,36,3851,EHPC,192,252,132,,,2310
,87,1305,,15,,420,958,103,358,2020-05-01,,3851,EHPC,148,251,61,,,2263
,107,1519,,15,,420,633,122,323,2020-05-24,,3851,EHPC,166,288,101,,,2152
32,116,1817,,15,7,420,614,76,284,2020-07-18,24,3851,EHPC,184,260,88,,,2431
23,102,1621,,15,9,420,735,59,363,2020-06-30,26,3851,EHPC,186,245,83,,,2356
17,111,1519,,15,11,420,913,76,359,2020-07-06,25,3851,EHPC,173,249,73,,,2432
17,97,1383,,15,11,420,797,78,327,2020-06-14,27,3851,EHPC,168,246,85,,,2180
29,105,1653,,15,12,420,555,63,357,2020-07-10,26,3851,EHPC,182,245,80,,,2208
25,113,1521,,15,15,420,684,61,339,2020-07-09,20,3851,EHPC,181,242,81,,,2205
23,119,1804,,15,16,420,618,75,305,2020-07-19,21,3851,EHPC,189,264,76,,,2422
40,131,1622,,15,16,420,703,62,343,2020-07-03,23,3851,EHPC,190,252,67,,,2325
20,92,1547,,15,18,420,517,69,337,2020-06-11,25,3851,EHPC,174,243,85,,,2064
23,113,1754,,15,20,420,617,60,255,2020-08-13,36,3851,EHPC,188,248,141,,,2371
27,121,1731,,15,21,420,604,65,349,2020-07-11,22,3851,EHPC,185,250,79,,,2335
26,101,1710,,15,25,420,623,69,273,2020-08-08,46,3851,EHPC,187,256,158,,,2333
35,124,1652,59,15,35,420,864,85,267,2020-08-30,42,3851,EHPC,180,265,131,18,484,2516
,111,1560,,16,,420,658,17,335,2020-05-30,,3851,EHPC,249,266,88,,,2218
,103,1520,,16,,420,691,76,343,2020-05-28,,3851,EHPC,182,258,90,,,2211
,98,1334,,16,,420,732,88,336,2020-05-21,,3851,EHPC,159,247,80,,,2066
,121,1402,,16,,420,812,93,335,2020-05-17,,3851,EHPC,170,263,95,,,2214
,115,1345,,16,,420,785,98,345,2020-05-10,,3851,EHPC,162,260,81,,,2130
16,103,1531,,16,7,420,699,82,346,2020-06-07,29,3851,EHPC,180,262,118,,,2230
14,108,1479,,16,11,420,668,73,315,2020-06-05,26,3851,EHPC,177,250,87,,,2147
13,114,1685,,16,13,420,683,67,329,2020-06-09,38,3851,EHPC,195,262,114,,,2368
23,141,1773,,16,13,420,654,49,286,2020-07-26,43,3851,EHPC,208,257,110,,,2427
35,117,1686,,16,15,420,714,54,365,2020-07-14,28,3851,EHPC,200,254,108,,,2400
30,103,1684,,16,16,420,606,63,385,2020-06-24,33,3851,EHPC,185,248,101,,,2290
31,129,1803,,16,17,420,671,52,288,2020-07-29,38,3851,EHPC,211,263,118,,,2474
22,123,1580,,16,18,420,702,67,281,2020-08-03,40,3851,EHPC,183,250,140,,,2282
32,117,1726,,16,18,420,721,72,325,2020-07-07,25,3851,EHPC,180,252,81,,,2447
28,116,1748,,16,19,420,715,55,379,2020-07-15,29,3851,EHPC,198,253,106,,,2463
35,121,1596,,16,20,420,689,55,369,2020-07-13,27,3851,EHPC,197,252,101,,,2285
41,117,1782,,16,21,420,637,65,378,2020-07-08,28,3851,EHPC,196,261,101,,,2419
34,114,1757,,16,26,420,731,78,257,2020-08-15,38,3851,EHPC,192,270,132,,,2488
30,111,1797,,16,31,420,694,94,282,2020-08-22,39,3851,EHPC,178,272,107,,,2491
32,112,1754,,16,32,420,728,63,281,2020-08-23,39,3851,EHPC,211,274,117,,,2482
,110,1351,,17,,420,951,39,345,2020-04-18,,3851,EHPC,237,276,77,,,2302
,116,1594,,17,,420,750,85,346,2020-05-20,,3851,EHPC,185,270,109,,,2344
,124,1497,,17,,420,795,90,346,2020-05-15,,3851,EHPC,178,268,85,,,2292
,117,1472,,17,,420,1207,98,344,2020-04-09,,3851,EHPC,175,273,73,,,2679
3,109,1574,,17,7,420,661,91,340,2020-06-04,29,3851,EHPC,173,264,106,,,2235
9,106,1549,,17,8,420,677,91,350,2020-06-03,30,3851,EHPC,169,260,103,,,2226
16,105,1727,,17,10,420,604,80,346,2020-06-12,33,3851,EHPC,188,268,117,,,2331
68,110,2001,103,17,11,420,816,91,301,2020-09-08,49,3851,EHPC,206,297,197,34,1343,2817
28,109,1741,,17,14,420,690,66,284,2020-08-10,48,3851,EHPC,205,271,159,,,2431
20,130,1765,38,17,14,420,981,80,282,2020-08-31,51,3851,EHPC,205,285,151,16,557,2746
25,57,1126,164,17,14,420,744,49,239,2020-09-12,44,3851,EHPC,122,171,135,25,1432,1870
14,100,1620,,17,15,420,819,91,360,2020-06-08,29,3851,EHPC,174,265,121,,,2439
24,117,1726,,17,15,420,717,73,320,2020-07-21,38,3851,EHPC,192,265,117,,,2443
28,138,1829,,17,15,420,629,57,296,2020-07-24,35,3851,EHPC,212,269,116,,,2458
26,108,1751,,17,16,420,695,79,368,2020-06-16,37,3851,EHPC,200,279,111,,,2446
31,106,1591,,17,16,420,813,74,490,2020-06-29,30,3851,EHPC,184,258,100,,,2404
18,119,1802,,17,19,420,642,53,304,2020-07-31,39,3851,EHPC,206,259,131,,,2444
32,111,1760,,17,20,420,658,68,318,2020-07-16,32,3851,EHPC,196,264,121,,,2418
14,134,2046,138,17,20,420,766,74,298,2020-10-03,47,3851,EHPC,218,292,187,26,1586,2812
53,96,1994,136,17,21,420,811,66,307,2020-09-26,59,3851,EHPC,225,291,214,27,1282,2805
23,115,1854,,17,23,420,707,66,223,2020-08-12,43,3851,EHPC,203,269,153,,,2561
27,129,1738,,17,23,420,819,77,276,2020-08-16,43,3851,EHPC,202,279,135,,,2557
79,90,1583,69,17,25,420,667,155,292,2020-09-02,49,3851,EHPC,98,253,173,26,832,2250
21,117,1665,,17,26,420,716,76,321,2020-07-20,35,3851,EHPC,191,267,120,,,2381
38,130,1968,34,17,29,420,775,76,282,2020-08-26,39,3851,EHPC,207,283,149,18,697,2743
30,119,1760,,17,30,420,669,70,265,2020-08-11,45,3851,EHPC,197,267,147,,,2429
31,123,1860,,17,31,420,713,83,271,2020-08-20,39,3851,EHPC,191,274,141,,,2573
33,114,1803,,17,35,420,713,86,273,2020-08-21,45,3851,EHPC,181,267,140,,,2516
,122,1659,,18,,420,863,49,368,2020-05-16,,3851,EHPC,241,290,102,,,2522
,117,1513,,18,,420,964,70,347,2020-04-23,,3851,EHPC,213,283,74,,,2477
,121,1657,,18,,420,818,72,338,2020-06-02,,3851,EHPC,200,272,111,,,2475
,110,1597,,18,,420,750,79,355,2020-05-27,,3851,EHPC,191,270,115,,,2347
,120,1615,,18,,420,932,80,353,2020-04-22,,3851,EHPC,200,280,70,,,2547
,120,1626,,18,,420,858,83,366,2020-05-19,,3851,EHPC,204,287,111,,,2484
,112,1506,,18,,420,841,95,349,2020-05-26,,3851,EHPC,175,270,114,,,2347
,116,1233,,18,,420,1174,96,299,2020-04-06,,3851,EHPC,170,266,53,,,2407
,125,1481,,18,,420,925,97,289,2020-04-28,,3851,EHPC,181,278,97,,,2406
,119,1421,,18,,420,1201,98,347,2020-04-20,,3851,EHPC,177,275,81,,,2622
,123,1490,,18,,420,1366,99,343,2020-04-07,,3851,EHPC,185,284,60,,,2856
,124,1563,,18,,420,1110,99,367,2020-04-30,,3851,EHPC,188,287,93,,,2673
,112,1404,,18,,420,999,104,359,2020-04-27,,3851,EHPC,179,283,79,,,2403
,115,1427,,18,,420,1152,109,354,2020-04-17,,3851,EHPC,176,285,71,,,2579
,114,1587,,18,,420,979,145,326,2020-05-11,,3851,EHPC,172,317,98,,,2566
54,100,1875,71,18,7,420,974,111,316,2020-09-07,51,3851,EHPC,190,301,201,31,1024,2849
27,115,1856,,18,9,420,793,84,376,2020-06-17,34,3851,EHPC,209,293,116,,,2649
23,100,1711,,18,10,420,646,61,367,2020-06-10,35,3851,EHPC,207,268,127,,,2357
25,111,1826,,18,12,420,556,72,363,2020-06-23,32,3851,EHPC,198,270,104,,,2382
47,104,2011,223,18,12,420,847,83,297,2020-09-13,50,3851,EHPC,218,301,171,30,1212,2858
57,107,2130,89,18,12,420,718,69,294,2020-09-10,51,3851,EHPC,232,301,193,35,1339,2848
60,111,2008,108,18,14,420,911,73,306,2020-09-20,58,3851,EHPC,228,301,195,35,1183,2919
58,108,2035,111,18,15,420,747,71,285,2020-09-09,49,3851,EHPC,222,293,195,35,1373,2782
57,107,2152,133,18,16,420,713,72,286,2020-09-17,53,3851,EHPC,221,293,190,34,1332,2865
59,115,2051,105,18,16,420,868,63,302,2020-09-19,59,3851,EHPC,238,301,189,41,1196,2919
34,128,1890,,18,17,420,657,67,310,2020-07-30,39,3851,EHPC,212,279,146,,,2547
24,158,2083,157,18,17,420,826,72,318,2020-10-25,53,3851,EHPC,224,296,197,34,1523,2909
31,125,1841,,18,18,420,701,67,380,2020-07-02,29,3851,EHPC,211,278,92,,,2542
23,145,1753,,18,19,420,754,64,297,2020-07-27,44,3851,EHPC,209,273,136,,,2507
23,119,1849,,18,20,420,663,61,281,2020-08-14,42,3851,EHPC,206,267,160,,,2512
23,137,1830,,18,20,420,702,62,303,2020-07-28,43,3851,EHPC,211,273,146,,,2532
25,124,2196,154,18,23,420,726,68,318,2020-10-09,50,3851,EHPC,234,302,208,24,1681,2922
8,145,2057,164,18,25,420,760,70,313,2020-11-01,48,3851,EHPC,216,286,179,32,1468,2817
38,120,1841,,18,26,420,802,82,311,2020-08-04,48,3851,EHPC,194,276,160,,,2643
34,127,1825,,18,28,420,756,79,276,2020-08-18,42,3851,EHPC,207,286,132,,,2581
29,135,2124,163,18,28,420,759,69,288,2020-10-10,56,3851,EHPC,226,295,209,27,1517,2883
9,137,2192,173,18,28,420,725,66,329,2020-10-17,57,3851,EHPC,236,302,235,34,1551,2917
18,138,2163,164,18,32,420,629,50,294,2020-10-13,61,3851,EHPC,240,290,244,34,1648,2792
23,114,1782,,18,35,420,802,89,288,2020-08-24,43,3851,EHPC,187,276,146,,,2584
20,161,2066,197,18,36,420,786,69,329,2020-12-05,66,3851,EHPC,223,292,278,56,1544,2852
21,159,2066,222,18,42,420,743,54,346,2020-12-19,68,3851,EHPC,238,292,320,44,1548,2809
23,153,2024,185,18,44,420,784,69,335,2020-12-13,63,3851,EHPC,223,292,308,44,1565,2808
17,159,2226,226,18,44,420,731,76,336,2020-12-11,76,3851,EHPC,226,302,335,51,1595,2957
,112,1614,,19,,420,888,83,357,2020-06-01,,3851,EHPC,199,282,107,,,2502
,114,1542,,19,,420,1101,83,386,2020-05-05,,3851,EHPC,205,288,105,,,2643
,129,1570,,19,,420,951,87,370,2020-05-06,,3851,EHPC,203,290,94,,,2521
,123,1537,,19,,420,1095,92,337,2020-04-21,,3851,EHPC,198,290,84,,,2632
,124,1570,,19,,420,988,93,376,2020-04-29,,3851,EHPC,195,288,91,,,2558
,119,1596,,19,,420,980,99,379,2020-05-18,,3851,EHPC,192,291,122,,,2576
,117,1650,,19,,420,841,101,391,2020-05-14,,3851,EHPC,184,285,98,,,2491
,111,1473,,19,,420,1071,103,392,2020-05-04,,3851,EHPC,187,290,99,,,2544
,121,1510,,19,,420,1206,104,362,2020-04-14,,3851,EHPC,191,295,76,,,2716
,123,1445,,19,,420,1188,104,351,2020-04-19,,3851,EHPC,186,290,82,,,2633
,110,1644,,19,,420,896,107,391,2020-05-13,,3851,EHPC,181,288,95,,,2540
,120,1517,,19,,420,1219,110,348,2020-04-10,,3851,EHPC,182,292,73,,,2736
,123,1533,,19,,420,1223,117,360,2020-04-15,,3851,EHPC,175,292,81,,,2756
,97,1567,,19,,420,959,121,401,2020-05-12,,3851,EHPC,169,290,96,,,2526
9,121,2082,133,19,5,420,758,101,401,2021-07-10,19,3851,EHPC,205,306,71,9,1888,2840
7,125,1999,135,19,5,420,832,100,397,2021-07-12,20,3851,EHPC,206,306,69,11,1841,2831
10,124,1990,139,19,5,420,843,99,398,2021-07-11,20,3851,EHPC,207,306,70,11,1881,2833
14,152,2104,141,19,5,420,754,81,370,2021-06-14,20,3851,EHPC,225,306,85,13,1964,2858
15,128,2039,121,19,6,420,799,97,394,2021-06-28,11,3851,EHPC,209,306,69,4,1729,2838
22,130,2031,164,19,6,420,880,92,391,2021-07-17,21,3851,EHPC,214,306,77,9,1987,2911
14,129,2126,147,19,7,420,712,74,393,2021-06-29,11,3851,EHPC,232,306,70,4,2141,2838
22,141,2070,164,19,7,420,779,79,381,2021-06-22,15,3851,EHPC,227,306,81,8,2082,2849
9,133,2049,139,19,7,420,861,109,388,2021-07-19,21,3851,EHPC,197,306,79,9,1842,2910
10,134,2078,155,19,7,420,763,77,388,2021-05-29,30,3851,EHPC,229,306,118,14,1909,2841
13,138,2004,154,19,7,420,846,98,384,2021-06-05,28,3851,EHPC,208,306,97,16,1846,2850
17,130,2137,172,19,8,420,707,84,392,2021-07-14,19,3851,EHPC,222,306,71,9,2099,2844
14,127,2028,169,19,8,420,883,91,394,2021-07-18,21,3851,EHPC,215,306,78,10,1848,2911
14,126,2048,143,19,8,420,838,86,396,2021-05-24,29,3851,EHPC,220,306,112,14,1894,2886
14,126,1977,125,19,9,420,853,101,396,2021-06-27,10,3851,EHPC,205,306,65,4,1645,2830
17,124,2000,126,19,9,420,850,101,398,2021-06-26,11,3851,EHPC,205,306,68,4,1883,2850
20,126,2045,187,19,9,420,865,105,395,2021-07-20,20,3851,EHPC,201,306,75,5,1947,2910
20,120,2042,151,19,9,420,794,100,402,2021-07-09,18,3851,EHPC,206,306,70,6,1731,2836
11,141,2100,140,19,9,420,806,77,381,2021-05-20,30,3851,EHPC,231,308,110,14,1852,2906
12,141,2034,161,19,9,420,916,98,377,2021-05-09,27,3851,EHPC,206,304,114,17,1736,2950
52,113,2122,104,19,9,420,750,77,289,2020-09-14,54,3851,EHPC,224,301,197,33,1241,2872
14,121,1948,131,19,10,420,899,103,401,2021-07-03,18,3851,EHPC,203,306,65,9,1843,2847
4,133,2034,122,19,10,420,814,76,389,2021-06-19,20,3851,EHPC,230,306,78,11,1944,2848
15,133,2131,151,19,10,420,723,81,389,2021-06-10,20,3851,EHPC,225,306,84,12,1950,2854
12,134,2010,141,19,10,420,832,89,388,2021-05-30,29,3851,EHPC,217,306,113,13,1776,2842
20,130,2002,147,19,10,420,954,103,396,2021-03-15,30,3851,EHPC,202,305,130,20,1584,2956
17,139,2129,152,19,10,420,837,90,386,2021-04-19,51,3851,EHPC,216,306,165,22,1815,2966
64,107,2102,113,19,10,420,745,63,295,2020-09-11,54,3851,EHPC,237,300,186,32,1334,2847
19,114,1713,,19,11,420,825,90,371,2020-06-22,33,3851,EHPC,196,286,108,,,2538
11,139,2037,103,19,11,420,817,90,383,2021-06-21,14,3851,EHPC,216,306,87,9,1669,2854
14,125,2121,149,19,11,420,728,89,397,2021-07-15,20,3851,EHPC,217,306,76,10,2000,2849
16,140,2068,159,19,11,420,778,80,382,2021-06-08,24,3851,EHPC,226,306,90,13,2026,2846
18,149,2075,151,19,12,420,772,84,373,2021-06-02,30,3851,EHPC,222,306,106,14,2012,2847
19,134,2014,112,19,12,420,882,86,388,2021-05-23,32,3851,EHPC,220,306,120,14,1626,2896
27,141,2081,203,19,12,420,751,71,381,2021-05-25,33,3851,EHPC,235,306,112,14,2086,2832
4,137,2079,158,19,12,420,911,95,389,2021-04-09,35,3851,EHPC,211,306,145,18,1802,2990
10,134,2194,210,19,12,420,769,83,391,2021-04-21,42,3851,EHPC,223,306,161,23,1897,2963
63,109,2182,117,19,12,420,749,81,295,2020-09-23,58,3851,EHPC,220,301,204,28,1325,2931
50,117,2122,124,19,12,420,750,82,301,2020-09-15,55,3851,EHPC,219,301,181,31,1449,2872
17,127,2121,158,19,13,420,789,99,394,2021-07-23,23,3851,EHPC,207,306,97,3,1911,2910
14,133,2111,173,19,13,420,799,107,388,2021-07-21,19,3851,EHPC,199,306,85,4,1962,2910
20,123,1986,181,19,13,420,853,108,399,2021-07-25,26,3851,EHPC,192,300,102,5,1796,2839
13,124,2045,156,19,13,420,811,80,398,2021-07-02,14,3851,EHPC,226,306,61,6,1976,2856
13,132,2113,127,19,13,420,745,73,390,2021-06-18,18,3851,EHPC,233,306,79,10,1934,2858
24,135,2111,174,19,13,420,729,81,387,2021-05-27,28,3851,EHPC,225,306,109,13,1973,2840
12,137,2083,170,19,13,420,873,105,381,2021-05-10,28,3851,EHPC,199,304,122,16,1684,2956
15,134,1988,136,19,13,420,854,94,388,2021-06-06,29,3851,EHPC,212,306,95,16,1818,2842
1,155,2036,127,19,13,420,937,92,371,2021-04-11,36,3851,EHPC,214,306,149,21,1419,2973
8,136,2032,125,19,13,420,948,111,392,2021-03-08,33,3851,EHPC,197,308,159,21,1593,2980
38,147,1983,183,19,13,420,932,70,334,2020-11-08,35,3851,EHPC,232,302,164,22,1603,2915
11,138,2134,136,19,14,420,733,78,384,2021-06-24,15,3851,EHPC,228,306,81,8,1919,2867
11,140,2140,162,19,14,420,712,91,382,2021-06-09,23,3851,EHPC,215,306,87,13,2004,2852
14,133,2099,191,19,14,420,740,99,389,2021-07-28,23,3851,EHPC,207,306,121,13,2104,2839
17,135,2066,213,19,14,420,775,108,387,2021-07-29,26,3851,EHPC,198,306,118,13,1974,2841
18,126,2104,186,19,14,420,793,87,396,2021-05-18,30,3851,EHPC,221,308,112,14,2101,2897
8,140,1920,155,19,14,420,1037,86,386,2021-04-04,36,3851,EHPC,220,306,140,15,1598,2957
18,149,2108,133,19,14,420,745,75,373,2021-06-11,22,3851,EHPC,224,299,94,15,1819,2853
9,139,1971,107,19,14,420,992,105,387,2021-03-21,28,3851,EHPC,198,303,129,16,1341,2963
8,141,2125,177,19,14,420,840,84,385,2021-03-31,36,3851,EHPC,222,306,155,19,1830,2965
13,131,2123,180,19,14,420,834,74,394,2021-05-01,36,3851,EHPC,231,305,125,22,1953,2957
35,145,2055,152,19,14,420,905,79,383,2021-03-12,41,3851,EHPC,225,304,149,23,1722,2960
13,142,2078,126,19,14,420,893,95,386,2021-03-01,40,3851,EHPC,211,306,178,28,1641,2971
4,125,2020,109,19,14,420,951,98,403,2021-02-28,45,3851,EHPC,208,306,171,31,1468,2971
17,148,2156,146,19,15,420,698,68,374,2021-06-16,22,3851,EHPC,238,306,83,12,2010,2854
27,155,2156,183,19,15,420,710,62,367,2021-06-15,18,3851,EHPC,244,306,84,12,2145,2866
12,139,2137,165,19,15,420,695,84,383,2021-05-26,32,3851,EHPC,222,306,103,13,1953,2832
9,132,1989,153,19,15,420,963,88,394,2021-04-05,37,3851,EHPC,218,306,140,17,1577,2952
12,141,2200,173,19,15,420,790,71,384,2021-04-15,44,3851,EHPC,235,306,158,23,1796,2990
19,131,2220,202,19,15,420,736,74,391,2021-05-05,34,3851,EHPC,231,305,133,24,2006,2956
49,102,2041,113,19,15,420,886,67,302,2020-09-27,58,3851,EHPC,234,301,207,28,1270,2927
19,135,2276,182,19,15,420,651,62,348,2020-10-21,49,3851,EHPC,240,302,246,31,1718,2927
25,119,1839,,19,16,420,702,73,373,2020-06-18,39,3851,EHPC,220,293,113,,,2541
14,124,2129,189,19,16,420,781,99,397,2021-07-22,22,3851,EHPC,207,306,89,4,2192,2910
25,134,2143,158,19,16,420,715,72,388,2021-06-17,19,3851,EHPC,234,306,76,11,2011,2858
15,132,2072,153,19,16,420,829,69,390,2021-05-21,34,3851,EHPC,237,306,119,15,1853,2901
11,144,2153,180,19,16,420,812,77,382,2021-03-25,36,3851,EHPC,226,303,134,17,1756,2965
13,127,1992,164,19,16,420,915,92,395,2021-05-16,28,3851,EHPC,214,306,112,17,1807,2907
8,145,2129,166,19,16,420,850,98,381,2021-04-08,36,3851,EHPC,207,305,155,20,1783,2979
26,136,1983,134,19,16,420,978,88,390,2021-03-14,38,3851,EHPC,221,309,137,26,1518,2961
13,126,2113,161,19,17,420,747,98,396,2021-07-24,25,3851,EHPC,208,306,102,5,1926,2860
13,128,2047,171,19,17,420,850,90,394,2021-05-17,27,3851,EHPC,218,308,119,13,1725,2897
28,134,2016,115,19,17,420,820,92,388,2021-06-01,27,3851,EHPC,214,306,107,14,1841,2836
11,140,2124,197,19,17,420,845,87,382,2021-05-14,25,3851,EHPC,221,308,112,20,1786,2969
14,138,2129,191,19,17,420,831,89,384,2021-05-13,29,3851,EHPC,219,308,126,20,1752,2960
15,143,2056,170,19,17,420,898,88,375,2021-05-08,27,3851,EHPC,216,304,119,20,1863,2954
22,143,2118,165,19,17,420,839,86,379,2021-05-07,29,3851,EHPC,216,302,120,21,1834,2957
18,102,2156,121,19,17,420,771,76,302,2020-09-28,62,3851,EHPC,225,301,216,31,1288,2927
53,111,2099,150,19,17,420,832,78,293,2020-09-22,63,3851,EHPC,223,301,201,32,1388,2931
59,107,2123,151,19,17,420,808,62,311,2020-09-18,59,3851,EHPC,239,301,186,38,1212,2931
11,135,1938,186,19,18,420,1024,88,391,2021-04-03,31,3851,EHPC,217,305,147,15,1624,2962
12,142,2024,157,19,18,420,826,94,380,2021-06-04,30,3851,EHPC,212,306,100,15,1851,2850
15,128,2171,168,19,18,420,786,76,398,2021-03-24,34,3851,EHPC,227,303,133,16,1748,2957
19,141,2039,201,19,18,420,802,93,381,2021-08-01,37,3851,EHPC,213,306,130,18,1976,2841
27,150,2141,170,19,18,420,821,80,372,2021-03-10,39,3851,EHPC,225,305,146,21,1737,2962
12,134,2096,160,19,18,420,861,88,391,2021-04-25,42,3851,EHPC,218,306,155,24,1720,2957
29,144,2254,142,19,18,420,680,60,315,2020-10-08,55,3851,EHPC,242,302,205,28,1653,2934
7,126,2139,157,19,18,420,832,85,402,2021-02-26,44,3851,EHPC,221,306,189,30,1677,2971
13,146,2037,111,19,18,420,943,89,382,2021-02-21,43,3851,EHPC,209,298,209,35,1392,2980
10,163,2119,212,19,19,420,838,83,363,2021-04-06,34,3851,EHPC,223,306,154,16,1997,2957
15,164,2064,145,19,19,420,782,86,358,2021-06-03,30,3851,EHPC,220,306,109,16,1899,2846
11,149,2006,133,19,19,420,957,110,377,2021-03-22,34,3851,EHPC,193,303,132,19,1511,2963
8,138,2058,161,19,19,420,914,93,388,2021-03-29,37,3851,EHPC,213,306,142,21,1768,2972
15,151,2038,154,19,19,420,936,89,375,2021-04-10,39,3851,EHPC,217,306,142,23,1801,2974
18,147,2274,188,19,19,420,657,69,336,2020-10-22,48,3851,EHPC,233,302,232,33,1721,2931
47,115,2118,113,19,19,420,813,76,289,2020-09-21,61,3851,EHPC,225,301,203,37,1181,2931
12,140,1986,152,19,20,420,987,95,386,2021-03-28,35,3851,EHPC,211,306,137,20,1676,2973
14,129,2102,214,19,20,420,868,91,396,2021-04-23,36,3851,EHPC,215,306,156,21,1820,2970
15,146,2119,154,19,20,420,845,69,379,2021-04-17,46,3851,EHPC,237,306,159,24,1784,2964
7,146,2197,166,19,20,420,781,86,382,2021-03-03,36,3851,EHPC,220,306,165,29,1655,2978
15,149,2197,209,19,20,420,730,66,316,2020-10-30,45,3851,EHPC,236,302,182,29,1667,2927
16,150,1942,167,19,21,420,1035,81,376,2021-04-01,32,3851,EHPC,225,306,152,18,1766,2977
10,129,2150,161,19,21,420,803,82,397,2021-03-17,30,3851,EHPC,222,304,137,19,1653,2953
10,137,2173,207,19,21,420,778,74,388,2021-05-04,36,3851,EHPC,231,305,135,23,2068,2951
14,134,2095,153,19,21,420,883,97,394,2021-03-05,37,3851,EHPC,209,306,156,25,1642,2978
17,145,2133,172,19,21,420,845,87,383,2021-03-02,39,3851,EHPC,219,306,169,28,1755,2978
31,132,2235,147,19,21,420,698,69,302,2020-09-30,58,3851,EHPC,232,301,209,29,1556,2933
23,146,2159,155,19,21,420,775,69,287,2020-10-05,49,3851,EHPC,233,302,186,31,1496,2934
13,147,2098,143,19,21,420,876,87,381,2021-02-22,42,3851,EHPC,211,298,207,33,1439,2974
9,140,1868,160,19,22,420,1101,90,386,2021-04-02,29,3851,EHPC,216,306,145,13,1614,2969
13,126,2072,149,19,22,420,836,88,396,2021-05-15,26,3851,EHPC,220,308,111,15,1675,2908
10,146,2135,189,19,22,420,824,86,376,2021-05-11,28,3851,EHPC,220,306,117,18,2126,2959
19,127,2063,158,19,22,420,818,66,401,2021-02-25,47,3851,EHPC,230,296,180,29,1596,2881
11,154,2174,164,19,22,420,806,75,374,2021-02-18,42,3851,EHPC,223,298,231,32,1688,2980
26,144,2033,157,19,22,420,857,79,337,2020-11-27,50,3851,EHPC,152,231,254,33,1388,2890
27,127,2059,208,19,23,420,764,108,395,2021-07-27,26,3851,EHPC,198,306,120,11,2156,2823
22,141,2096,198,19,23,420,860,84,385,2021-03-23,32,3851,EHPC,219,303,147,18,1892,2956
9,147,1988,122,19,23,420,964,103,379,2021-03-20,32,3851,EHPC,194,297,131,19,1416,2952
19,144,2121,183,19,23,420,843,77,381,2021-04-27,40,3851,EHPC,229,306,138,24,1968,2964
29,146,2006,153,19,23,420,952,81,380,2021-03-13,44,3851,EHPC,221,302,146,26,1768,2958
13,146,2281,152,19,23,420,647,60,321,2020-10-15,47,3851,EHPC,242,302,238,30,1633,2928
11,128,2241,184,19,23,420,686,59,339,2020-10-23,51,3851,EHPC,243,302,196,32,1742,2927
12,124,2056,179,19,24,420,777,108,398,2021-07-26,25,3851,EHPC,198,306,116,9,1963,2833
19,138,2185,159,19,24,420,748,69,295,2020-10-02,50,3851,EHPC,232,301,198,24,1543,2933
27,131,2121,166,19,24,420,813,76,315,2020-10-11,66,3851,EHPC,226,302,227,30,1616,2934
9,136,2201,149,19,24,420,721,72,331,2020-10-19,59,3851,EHPC,230,302,244,32,1471,2922
28,141,2176,243,19,24,420,763,72,341,2020-12-01,66,3851,EHPC,230,302,290,42,1903,2939
12,135,2169,157,19,25,420,764,84,299,2020-10-01,52,3851,EHPC,217,301,203,31,1554,2933
39,138,2132,164,19,25,420,782,84,343,2020-11-02,46,3851,EHPC,217,301,182,33,1586,2914
17,154,2333,184,19,25,420,593,57,313,2020-10-14,52,3851,EHPC,243,300,230,36,1705,2926
15,131,2168,216,19,26,420,800,76,394,2021-04-29,37,3851,EHPC,230,306,140,20,2018,2968
18,140,2060,189,19,26,420,901,95,386,2021-03-30,37,3851,EHPC,211,306,154,21,1824,2961
28,129,1992,135,19,26,420,956,111,399,2021-03-06,38,3851,EHPC,195,306,172,23,1623,2948
21,147,2170,182,19,26,420,751,65,334,2020-11-19,47,3851,EHPC,233,298,193,24,1621,2921
21,148,2250,157,19,26,420,684,67,301,2020-10-07,54,3851,EHPC,235,302,210,30,1723,2934
18,157,2210,184,19,26,420,717,64,308,2020-10-29,50,3851,EHPC,238,302,192,32,1637,2927
13,147,2092,165,19,26,420,916,76,381,2021-02-15,47,3851,EHPC,232,308,252,34,1383,3008
26,146,2177,184,19,27,420,736,67,335,2020-11-12,35,3851,EHPC,233,300,194,20,1769,2913
16,133,2167,200,19,27,420,801,67,392,2021-04-30,32,3851,EHPC,238,305,140,21,1934,2968
31,148,2140,162,19,27,420,824,75,374,2021-03-11,42,3851,EHPC,230,305,156,22,1751,2964
17,136,2100,211,19,28,420,757,97,386,2021-07-30,31,3851,EHPC,209,306,127,14,2023,2857
24,137,2226,206,19,28,420,688,58,344,2020-11-11,33,3851,EHPC,243,301,164,20,1807,2914
22,139,2212,218,19,28,420,702,66,342,2020-11-18,43,3851,EHPC,235,301,192,23,1859,2914
22,145,2185,175,19,28,420,749,67,288,2020-10-06,50,3851,EHPC,235,302,197,30,1695,2934
6,133,2198,151,19,28,420,725,74,334,2020-10-18,57,3851,EHPC,228,302,243,33,1490,2923
8,152,2198,171,19,28,420,810,77,376,2021-02-17,50,3851,EHPC,231,308,250,35,1714,3008
14,164,2267,179,19,28,420,746,52,361,2021-02-04,64,3851,EHPC,255,307,339,49,1628,3013
24,134,2220,226,19,29,420,693,64,347,2020-11-10,33,3851,EHPC,236,300,165,20,1919,2913
32,137,2042,191,19,29,420,873,72,344,2020-11-09,41,3851,EHPC,230,302,165,24,1745,2915
36,140,2177,191,19,29,420,738,72,341,2020-11-06,38,3851,EHPC,230,302,184,27,1684,2915
22,159,2221,215,19,29,420,706,56,306,2020-10-28,58,3851,EHPC,246,302,196,35,1741,2927
21,157,2240,188,19,29,420,768,68,371,2021-02-10,52,3851,EHPC,240,308,273,40,1750,3008
24,156,2162,200,19,30,420,745,76,325,2020-11-16,37,3851,EHPC,218,294,216,24,1612,2907
23,141,2122,207,19,30,420,765,66,340,2020-11-25,46,3851,EHPC,162,228,267,34,1692,2887
19,167,2080,183,19,30,420,861,74,359,2020-12-26,73,3851,EHPC,230,304,383,43,1372,2941
16,153,2165,162,19,32,420,805,89,373,2021-04-07,38,3851,EHPC,217,306,166,18,1830,2970
25,144,2087,177,19,32,420,828,73,337,2020-11-14,37,3851,EHPC,229,302,200,21,1743,2915
17,148,2133,192,19,32,420,783,80,333,2020-11-15,38,3851,EHPC,223,303,206,22,1684,2916
18,147,2089,215,19,32,420,846,86,335,2020-11-30,59,3851,EHPC,212,298,284,38,1682,2935
13,158,2186,185,19,32,420,822,71,370,2021-02-12,58,3851,EHPC,237,308,258,40,1594,3008
15,171,2288,197,19,32,420,728,62,358,2021-01-25,69,3851,EHPC,248,310,411,45,1505,3016
16,158,2102,227,19,32,420,867,81,344,2020-12-06,64,3851,EHPC,221,302,280,56,1615,2969
18,161,2252,192,19,33,420,756,64,367,2021-02-11,50,3851,EHPC,244,308,279,38,1699,3008
18,151,2159,150,19,33,420,849,68,374,2021-02-07,58,3851,EHPC,240,308,328,39,1420,3008
11,161,2103,154,19,33,420,905,72,367,2021-02-13,56,3851,EHPC,236,308,265,44,1518,3008
28,141,2041,201,19,34,420,849,85,340,2020-11-26,50,3851,EHPC,146,231,245,35,1623,2890
38,122,2016,44,19,35,420,848,82,306,2020-08-27,56,3851,EHPC,215,297,159,22,636,2864
34,132,2168,188,19,36,420,747,80,349,2020-11-05,37,3851,EHPC,222,302,185,23,1690,2915
28,169,2158,171,19,36,420,851,67,355,2021-02-01,67,3851,EHPC,238,305,360,44,1366,3009
23,129,2039,196,19,37,420,849,85,354,2020-10-24,48,3851,EHPC,217,302,201,33,1616,2888
25,173,2199,197,19,37,420,817,61,356,2021-01-23,74,3851,EHPC,249,310,417,53,1525,3016
20,148,2160,267,19,38,420,680,76,374,2021-08-03,43,3851,EHPC,230,306,178,23,2171,2840
17,161,2276,192,19,38,420,732,48,364,2021-02-05,60,3851,EHPC,260,308,338,39,1616,3008
24,161,2244,192,19,38,420,764,73,367,2021-02-09,55,3851,EHPC,235,308,312,40,1742,3008
26,148,2205,242,19,39,420,633,73,374,2021-08-04,48,3851,EHPC,233,306,185,21,2010,2838
27,150,2214,227,19,39,420,693,65,331,2020-11-17,38,3851,EHPC,229,294,198,24,1962,2907
32,140,2136,203,19,39,420,799,65,341,2020-11-20,45,3851,EHPC,233,298,206,26,1583,2935
13,157,2175,241,19,39,420,772,73,345,2020-12-12,68,3851,EHPC,235,308,323,50,1636,2947
20,156,2185,210,19,39,420,756,69,337,2020-12-04,70,3851,EHPC,233,302,290,54,1651,2941
32,184,2169,229,19,39,420,839,69,345,2021-01-18,89,3851,EHPC,241,310,456,66,1419,3008
18,165,2183,171,19,40,420,825,79,360,2021-02-08,60,3851,EHPC,229,308,338,41,1468,3008
26,154,2270,249,19,40,420,701,67,348,2020-12-09,77,3851,EHPC,237,304,310,56,1711,2971
28,139,2081,190,19,41,420,805,72,342,2020-11-23,45,3851,EHPC,156,228,235,33,1712,2886
19,156,2163,270,19,41,420,778,78,370,2020-12-28,75,3851,EHPC,226,304,420,47,1641,2941
21,150,2148,195,19,42,420,860,71,378,2021-02-16,49,3851,EHPC,237,308,258,35,1735,3008
20,155,2156,147,19,42,420,852,60,370,2021-02-06,60,3851,EHPC,248,308,321,42,1499,3008
23,148,2233,218,19,43,420,710,69,334,2020-12-03,67,3851,EHPC,235,304,307,51,1658,2943
26,136,2138,215,19,44,420,749,70,345,2020-11-24,47,3851,EHPC,158,228,247,32,1841,2887
24,144,2072,178,19,44,420,867,76,338,2020-11-28,54,3851,EHPC,226,302,263,36,1597,2939
29,144,2181,218,19,44,420,758,74,338,2020-12-02,62,3851,EHPC,228,302,320,49,1699,2939
17,173,2142,231,19,45,420,829,83,329,2020-12-07,76,3851,EHPC,221,304,319,58,1627,2971
29,163,2286,235,19,46,420,691,63,339,2020-12-10,79,3851,EHPC,247,310,338,60,1651,2977
21,165,2174,204,19,47,420,773,65,354,2020-12-20,77,3851,EHPC,243,308,347,48,1610,2947
22,165,2247,200,19,47,420,760,71,368,2021-01-10,81,3851,EHPC,237,308,503,52,1523,3007
18,186,2313,231,19,47,420,695,59,343,2021-01-20,84,3851,EHPC,251,310,461,60,1742,3008
15,146,2107,191,19,48,420,905,69,382,2021-01-30,67,3851,EHPC,239,308,355,40,1548,3012
30,176,2270,239,19,48,420,738,66,354,2021-01-14,78,3851,EHPC,244,310,496,52,1672,3008
26,141,2082,196,19,51,420,850,70,340,2020-11-21,43,3851,EHPC,225,295,215,32,1737,2932
28,147,2242,243,19,51,420,707,74,379,2020-12-22,73,3851,EHPC,235,309,367,48,1709,2949
22,174,2181,283,19,52,420,671,65,352,2020-12-30,73,3851,EHPC,229,294,408,50,1874,2852
30,168,2261,238,19,52,420,746,66,365,2021-01-11,84,3851,EHPC,242,308,514,55,1582,3007
23,164,2196,294,19,52,420,753,70,363,2021-01-04,79,3851,EHPC,236,306,474,56,1793,2949
18,171,2275,210,19,53,420,733,62,358,2021-01-21,82,3851,EHPC,248,310,437,54,1575,3008
22,165,2263,245,19,54,420,684,71,337,2020-12-16,57,3851,EHPC,237,308,389,47,1669,2947
21,163,2067,250,19,54,420,874,78,363,2020-12-27,72,3851,EHPC,226,304,403,48,1617,2941
22,169,2209,177,19,55,420,807,68,360,2021-01-24,75,3851,EHPC,242,310,410,51,1476,3016
32,151,2345,231,19,58,420,667,69,378,2021-01-28,62,3851,EHPC,239,308,407,44,1582,3012
24,188,2165,180,19,60,420,843,72,341,2021-01-17,82,3851,EHPC,238,310,473,59,1425,3008
26,188,2246,268,19,63,420,762,62,342,2021-01-15,83,3851,EHPC,248,310,488,53,1764,3008
18,168,2271,293,19,65,420,674,66,334,2020-12-15,63,3851,EHPC,240,306,367,49,1806,2945
27,178,2262,218,19,65,420,745,62,355,2021-01-09,76,3851,EHPC,246,308,494,53,1535,3007
33,163,2139,221,19,69,420,806,80,363,2021-01-03,76,3851,EHPC,226,306,469,59,1901,2945
37,169,2325,306,19,70,420,680,61,358,2021-01-06,78,3851,EHPC,246,307,516,54,1803,3005
25,165,2056,207,19,72,420,867,77,361,2020-12-25,65,3851,EHPC,227,304,374,43,1444,2923
25,165,2289,327,19,78,420,660,62,362,2021-01-05,78,3851,EHPC,244,306,496,55,1943,2949
,87,1132,,4,,424,427,18,242,2020-05-02,,2640,DHPC,145,163,60,,,1559
,82,1058,,4,,424,501,30,247,2020-05-10,,2640,DHPC,133,163,61,,,1559
,92,929,,4,,424,610,36,236,2020-04-19,,2640,DHPC,127,163,48,,,1539
,92,1490,,5,,424,320,18,300,2020-05-30,,2640,DHPC,160,178,90,,,1810
,89,1162,,5,,424,421,21,283,2020-05-05,,2640,DHPC,148,169,62,,,1583
,85,1399,,5,,424,214,26,290,2020-06-02,,2640,DHPC,142,168,81,,,1613
,87,1347,,5,,424,442,26,305,2020-05-17,,2640,DHPC,155,181,77,,,1789
,75,1299,,5,,424,296,31,300,2020-06-01,,2640,DHPC,137,168,79,,,1595
,75,1447,,5,,424,364,33,318,2020-05-31,,2640,DHPC,141,174,93,,,1811
,92,1590,,5,,424,302,44,315,2020-05-29,,2640,DHPC,180,224,84,,,1892
11,69,1323,,5,7,424,377,16,164,2020-08-09,23,2640,DHPC,145,161,82,,,1700
7,99,1517,,5,8,424,207,19,123,2020-06-27,40,2640,DHPC,154,173,106,,,1724
8,91,1432,,5,8,424,264,28,131,2020-06-28,37,2640,DHPC,145,173,99,,,1696
1,86,1331,,5,9,424,263,10,251,2020-06-03,29,2640,DHPC,152,162,81,,,1594
12,70,1324,,5,9,424,373,19,163,2020-08-08,21,2640,DHPC,141,160,81,,,1697
6,86,1475,,5,10,424,240,14,163,2020-06-20,34,2640,DHPC,160,174,100,,,1715
32,95,1524,,5,10,424,311,14,297,2020-06-13,38,2640,DHPC,160,174,104,,,1835
0,81,1326,,5,11,424,341,14,150,2020-07-19,40,2640,DHPC,133,147,124,,,1667
2,92,1318,,5,11,424,397,16,139,2020-07-12,36,2640,DHPC,161,177,95,,,1715
4,84,1278,,5,11,424,411,20,147,2020-07-05,36,2640,DHPC,152,172,103,,,1689
0,78,1253,,5,13,424,469,34,153,2020-07-04,30,2640,DHPC,142,176,98,,,1722
4,98,1328,,5,13,424,393,25,133,2020-07-11,33,2640,DHPC,154,179,100,,,1721
4,82,1407,,5,13,424,282,16,140,2020-06-21,42,2640,DHPC,156,172,107,,,1689
,107,1589,,6,,424,293,8,293,2020-05-21,,2640,DHPC,180,188,78,,,1882
,105,1501,,6,,424,351,13,295,2020-05-19,,2640,DHPC,169,182,71,,,1852
,87,1330,,6,,424,584,46,319,2020-05-04,,2640,DHPC,149,195,67,,,1914
,92,1159,,6,,424,704,50,306,2020-04-20,,2640,DHPC,141,191,56,,,1863
,91,1239,,6,,424,703,59,278,2020-05-11,,2640,DHPC,136,195,64,,,1942
,87,1147,,6,,424,756,71,277,2020-04-17,,2640,DHPC,124,195,42,,,1903
,94,1315,,6,,424,704,87,276,2020-04-09,,2640,DHPC,130,217,51,,,2019
12,81,1449,,6,4,424,323,23,160,2020-08-17,18,2640,DHPC,148,171,70,,,1772
4,76,1426,,6,6,424,352,29,162,2020-08-24,17,2640,DHPC,142,171,64,,,1778
21,75,1498,38,6,7,424,304,17,163,2020-09-01,24,2640,DHPC,153,170,80,7,549,1802
21,81,1319,,6,8,424,462,22,160,2020-07-31,18,2640,DHPC,146,168,89,,,1781
21,84,1412,,6,8,424,373,34,157,2020-08-20,18,2640,DHPC,139,173,65,,,1785
14,82,1428,,6,9,424,355,26,156,2020-08-19,17,2640,DHPC,147,173,64,,,1783
16,87,1427,,6,9,424,341,11,154,2020-08-14,19,2640,DHPC,158,169,74,,,1768
20,67,1344,,6,9,424,429,26,174,2020-08-15,19,2640,DHPC,147,173,67,,,1773
6,98,1585,,6,10,424,204,15,132,2020-06-25,44,2640,DHPC,165,180,98,,,1789
12,67,1348,,6,10,424,429,30,171,2020-08-22,16,2640,DHPC,138,168,57,,,1777
16,91,1415,,6,10,424,365,21,150,2020-07-28,25,2640,DHPC,145,166,108,,,1780
0,97,1601,,6,11,424,273,17,303,2020-06-10,40,2640,DHPC,163,180,104,,,1874
4,95,1476,,6,11,424,359,42,312,2020-06-08,42,2640,DHPC,180,222,94,,,1835
5,94,1379,,6,11,424,405,24,145,2020-07-06,32,2640,DHPC,156,180,107,,,1784
6,98,1562,,6,11,424,309,24,472,2020-06-16,41,2640,DHPC,160,184,103,,,1871
8,85,1365,,6,11,424,354,12,153,2020-07-18,37,2640,DHPC,146,158,124,,,1719
17,78,1416,,6,11,424,371,16,163,2020-07-29,21,2640,DHPC,149,165,101,,,1787
19,84,1420,,6,11,424,351,17,157,2020-08-11,23,2640,DHPC,152,169,75,,,1771
12,80,1468,0,6,11,424,320,20,158,2020-08-26,15,2640,DHPC,149,169,67,8,0,1788
2,84,1339,,6,12,424,453,25,154,2020-07-03,35,2640,DHPC,158,183,103,,,1792
5,99,1475,,6,12,424,367,74,301,2020-06-15,61,2640,DHPC,147,221,113,,,1842
6,90,1586,,6,12,424,210,18,140,2020-06-26,43,2640,DHPC,161,179,97,,,1796
16,67,1342,41,6,12,424,410,32,171,2020-08-29,16,2640,DHPC,137,169,79,4,461,1752
21,87,1449,26,6,12,424,341,18,153,2020-08-27,15,2640,DHPC,150,168,72,6,433,1790
8,87,1545,,6,13,424,256,16,143,2020-06-19,36,2640,DHPC,162,178,98,,,1801
19,68,1393,,6,13,424,350,22,173,2020-08-07,18,2640,DHPC,143,165,82,,,1743
2,83,1423,,6,14,424,334,14,155,2020-07-20,33,2640,DHPC,141,155,132,,,1757
15,79,1476,,6,14,424,306,10,162,2020-08-13,19,2640,DHPC,157,167,73,,,1782
17,81,1379,,6,14,424,403,27,157,2020-08-21,17,2640,DHPC,140,167,63,,,1782
15,77,1398,37,6,14,424,381,18,161,2020-08-28,15,2640,DHPC,147,165,72,4,467,1779
13,74,1427,41,6,14,424,354,22,167,2020-08-31,21,2640,DHPC,149,171,84,6,400,1781
21,92,1485,,6,15,424,300,17,146,2020-08-25,18,2640,DHPC,154,171,72,,,1785
21,76,1322,,6,15,424,420,16,165,2020-07-25,29,2640,DHPC,151,167,120,,,1742
3,85,1415,,6,16,424,360,16,153,2020-07-15,42,2640,DHPC,144,160,112,,,1775
4,99,1417,,6,16,424,378,23,139,2020-07-07,34,2640,DHPC,161,184,110,,,1795
15,73,1320,,6,16,424,438,23,168,2020-08-01,19,2640,DHPC,145,168,97,,,1758
1,77,1432,,6,17,424,369,23,161,2020-07-08,34,2640,DHPC,162,185,108,,,1801
19,71,1441,,6,18,424,324,22,170,2020-08-06,19,2640,DHPC,143,165,83,,,1765
13,65,1353,28,6,19,424,395,25,173,2020-08-30,18,2640,DHPC,143,168,74,5,409,1748
45,86,1421,70,6,28,424,380,20,152,2020-09-04,21,2640,DHPC,152,172,73,7,665,1801
9,86,1442,38,6,28,424,287,12,152,2020-09-28,23,2640,DHPC,123,135,79,16,604,1729
9,79,1433,32,6,29,424,325,19,159,2020-09-25,18,2640,DHPC,130,149,70,16,650,1758
7,77,1445,42,6,29,424,314,21,161,2020-09-16,25,2640,DHPC,150,171,68,17,680,1759
42,79,1391,51,6,31,424,338,17,159,2020-09-05,23,2640,DHPC,152,169,69,9,657,1729
15,83,1367,46,6,31,424,352,24,155,2020-09-13,24,2640,DHPC,147,171,82,17,568,1719
5,82,1399,59,6,32,424,356,21,156,2020-09-21,17,2640,DHPC,146,167,85,11,578,1755
47,80,1344,77,6,32,424,385,22,158,2020-09-06,23,2640,DHPC,148,170,65,13,670,1729
25,86,1404,59,6,32,424,320,17,152,2020-09-12,26,2640,DHPC,153,170,67,15,696,1724
10,86,1445,48,6,32,424,317,27,152,2020-09-17,22,2640,DHPC,146,173,68,16,591,1762
24,80,1418,43,6,32,424,310,27,158,2020-09-11,27,2640,DHPC,142,169,64,19,650,1728
6,72,1340,39,6,33,424,393,19,166,2020-09-19,22,2640,DHPC,146,165,69,17,633,1733
38,81,1431,67,6,34,424,312,18,157,2020-09-09,32,2640,DHPC,151,169,78,21,683,1743
7,87,1480,42,6,35,424,269,20,151,2020-09-24,21,2640,DHPC,152,172,72,16,637,1749
35,93,1315,58,6,35,424,422,15,145,2020-09-07,28,2640,DHPC,155,170,66,17,586,1737
5,86,1460,68,6,36,424,295,12,152,2020-09-23,19,2640,DHPC,157,169,67,16,652,1755
4,78,1335,31,6,36,424,391,26,160,2020-09-20,23,2640,DHPC,143,169,70,17,526,1726
55,91,1393,72,6,39,424,341,16,147,2020-09-08,27,2640,DHPC,155,171,71,16,608,1734
33,88,1439,55,6,44,424,290,19,150,2020-09-10,30,2640,DHPC,149,168,79,19,646,1729
,92,1620,,7,,424,554,32,339,2020-05-15,,2640,DHPC,183,215,75,,,2174
,80,1698,,7,,424,493,43,351,2020-05-27,,2640,DHPC,164,207,120,,,2191
,81,1598,,7,,424,608,43,350,2020-05-26,,2640,DHPC,161,204,107,,,2206
,91,1753,,7,,424,465,47,341,2020-05-22,,2640,DHPC,167,214,95,,,2218
,97,1553,,7,,424,645,47,335,2020-05-12,,2640,DHPC,170,217,81,,,2198
,103,1586,,7,,424,596,53,329,2020-05-13,,2640,DHPC,162,215,73,,,2182
,90,1573,,7,,424,602,54,339,2020-04-30,,2640,DHPC,150,204,71,,,2175
,108,1269,,7,,424,658,56,264,2020-04-23,,2640,DHPC,145,201,65,,,1927
,90,1344,,7,,424,855,67,337,2020-04-15,,2640,DHPC,150,217,52,,,2199
,99,1270,,7,,424,718,67,273,2020-04-27,,2640,DHPC,134,201,53,,,1988
,88,1425,,7,,424,766,70,339,2020-04-16,,2640,DHPC,147,217,54,,,2191
,97,1305,,7,,424,896,74,330,2020-04-14,,2640,DHPC,143,217,50,,,2201
,91,1241,,7,,424,831,92,340,2020-04-07,,2640,DHPC,125,217,36,,,2072
,84,1240,,7,,424,791,100,374,2020-04-06,,2640,DHPC,117,217,29,,,2031
2,75,1384,45,7,3,424,260,17,167,2021-07-18,18,2640,DHPC,147,164,50,11,788,1644
3,86,1324,31,7,3,424,391,29,156,2021-05-30,22,2640,DHPC,149,178,66,15,712,1715
1,69,1423,47,7,4,424,271,22,173,2021-07-11,13,2640,DHPC,138,160,43,8,809,1694
6,90,1481,34,7,4,424,251,21,152,2021-06-22,12,2640,DHPC,139,160,44,9,889,1732
5,73,1438,41,7,4,424,264,23,169,2021-07-06,10,2640,DHPC,144,167,43,11,880,1702
2,92,1265,30,7,4,424,419,20,150,2021-06-06,17,2640,DHPC,147,167,61,12,800,1684
6,105,1372,43,7,4,424,372,25,137,2021-06-08,18,2640,DHPC,157,182,61,14,913,1744
5,98,1416,54,7,4,424,340,19,144,2021-03-27,29,2640,DHPC,170,189,107,18,717,1756
5,102,1482,50,7,4,424,275,15,140,2021-03-26,32,2640,DHPC,172,187,117,18,726,1757
7,80,1320,30,7,5,424,383,27,162,2021-07-03,10,2640,DHPC,136,163,41,9,785,1703
3,80,1387,37,7,5,424,297,29,162,2021-06-27,10,2640,DHPC,136,165,43,10,758,1684
1,91,1451,34,7,5,424,267,23,151,2021-06-21,11,2640,DHPC,138,161,50,12,711,1718
6,79,1487,34,7,5,424,233,17,163,2021-07-14,17,2640,DHPC,146,163,46,12,844,1720
2,102,1318,34,7,5,424,404,24,140,2021-06-07,17,2640,DHPC,154,178,58,13,750,1722
7,80,1420,35,7,5,424,247,20,162,2021-07-19,18,2640,DHPC,146,166,54,13,850,1667
4,101,1378,38,7,5,424,395,18,141,2021-06-03,19,2640,DHPC,164,182,60,16,848,1773
7,97,1454,49,7,5,424,317,14,145,2021-03-31,30,2640,DHPC,177,191,111,20,675,1771
7,94,1469,67,7,5,424,307,24,148,2021-03-24,36,2640,DHPC,165,189,124,21,701,1776
16,81,1544,,7,6,424,474,39,192,2020-07-27,27,2640,DHPC,182,221,125,,,2018
4,81,1365,25,7,6,424,354,33,161,2021-06-26,10,2640,DHPC,129,162,47,8,779,1719
7,78,1478,43,7,6,424,255,26,164,2021-06-29,9,2640,DHPC,133,159,35,8,830,1733
8,83,1366,48,7,6,424,393,36,159,2021-05-08,15,2640,DHPC,153,189,74,9,630,1759
1,85,1372,35,7,6,424,300,16,157,2021-06-20,13,2640,DHPC,140,156,53,10,763,1672
5,89,1410,41,7,6,424,320,23,153,2021-06-15,11,2640,DHPC,136,159,46,10,924,1730
3,80,1465,38,7,6,424,276,28,162,2021-07-07,10,2640,DHPC,139,167,42,11,899,1741
4,96,1440,31,7,6,424,290,22,146,2021-06-16,15,2640,DHPC,141,163,49,11,871,1730
7,75,1467,41,7,6,424,252,20,167,2021-07-09,13,2640,DHPC,144,164,37,11,808,1719
5,99,1386,40,7,6,424,369,18,143,2021-06-04,18,2640,DHPC,163,181,62,13,769,1755
4,91,1449,33,7,6,424,309,26,151,2021-06-01,17,2640,DHPC,153,179,52,14,804,1758
3,82,1455,47,7,7,424,283,29,160,2021-07-01,9,2640,DHPC,132,161,43,7,849,1738
6,67,1420,41,7,7,424,276,25,175,2021-07-10,12,2640,DHPC,137,162,38,8,835,1696
3,80,1477,31,7,7,424,267,29,162,2021-07-08,12,2640,DHPC,138,167,40,9,840,1744
1,79,1356,35,7,7,424,391,34,163,2021-05-09,16,2640,DHPC,152,186,77,10,716,1747
4,78,1444,36,7,7,424,289,26,164,2021-06-24,11,2640,DHPC,135,161,43,10,849,1733
3,79,1488,43,7,7,424,239,28,163,2021-06-28,11,2640,DHPC,135,163,39,11,801,1727
3,99,1353,41,7,7,424,379,29,143,2021-05-15,15,2640,DHPC,150,179,68,14,603,1732
7,94,1355,49,7,7,424,383,29,148,2021-06-09,17,2640,DHPC,148,177,56,14,842,1738
9,84,1382,54,7,7,424,362,27,158,2021-05-02,27,2640,DHPC,166,193,93,16,755,1744
6,93,1501,62,7,7,424,281,30,149,2020-10-20,27,2640,DHPC,158,188,73,17,750,1782
2,89,1306,56,7,7,424,455,23,153,2021-04-24,33,2640,DHPC,170,193,117,18,798,1761
11,98,1477,83,7,7,424,215,20,144,2021-08-04,31,2640,DHPC,149,169,113,20,844,1692
2,98,1487,50,7,7,424,274,11,144,2021-03-11,31,2640,DHPC,177,188,134,25,657,1761
0,88,1323,63,7,7,424,422,16,154,2021-02-14,61,2640,DHPC,163,179,171,42,538,1745
1,97,1604,,7,8,424,247,14,303,2020-06-05,40,2640,DHPC,165,179,104,,,1851
3,92,1661,,7,8,424,387,40,178,2020-07-09,36,2640,DHPC,198,238,106,,,2048
5,91,1621,,7,8,424,434,36,178,2020-07-01,39,2640,DHPC,196,232,105,,,2055
2,88,1380,33,7,8,424,351,29,154,2021-06-25,11,2640,DHPC,130,159,42,10,833,1731
4,89,1446,67,7,8,424,336,50,153,2020-10-30,17,2640,DHPC,138,188,76,10,684,1782
2,87,1467,42,7,8,424,229,17,155,2021-07-12,14,2640,DHPC,144,161,46,11,829,1696
6,84,1371,43,7,8,424,384,54,158,2020-10-18,21,2640,DHPC,135,189,81,12,644,1755
3,90,1254,39,7,8,424,448,21,152,2021-06-05,20,2640,DHPC,151,172,60,14,801,1702
6,93,1461,49,7,8,424,234,17,149,2021-07-22,25,2640,DHPC,156,173,69,14,860,1695
4,91,1529,47,7,8,424,243,15,151,2021-05-26,23,2640,DHPC,171,186,72,16,882,1772
7,98,1452,42,7,8,424,311,25,144,2020-10-19,27,2640,DHPC,161,186,92,16,604,1763
9,91,1386,35,7,8,424,336,24,151,2021-05-29,22,2640,DHPC,160,184,65,16,786,1722
4,96,1419,61,7,8,424,256,14,146,2021-07-26,31,2640,DHPC,150,164,78,17,787,1675
3,95,1465,36,7,8,424,318,24,147,2021-05-03,32,2640,DHPC,170,194,100,19,684,1783
4,106,1367,76,7,8,424,277,18,136,2021-07-31,33,2640,DHPC,142,160,90,20,827,1644
9,109,1477,55,7,8,424,304,20,133,2021-04-07,31,2640,DHPC,172,192,116,21,786,1781
5,95,1350,42,7,8,424,399,28,147,2021-03-20,34,2640,DHPC,161,189,124,28,664,1749
4,89,1598,,7,9,424,432,44,181,2020-06-29,39,2640,DHPC,190,234,108,,,2030
5,90,1453,55,7,9,424,302,50,152,2020-10-12,22,2640,DHPC,140,190,105,12,653,1755
6,87,1462,63,7,9,424,217,19,155,2021-07-21,22,2640,DHPC,155,174,68,13,898,1679
5,98,1399,35,7,9,424,386,20,144,2021-05-17,17,2640,DHPC,168,188,71,14,729,1785
7,83,1431,34,7,9,424,321,53,159,2020-10-17,24,2640,DHPC,135,188,87,17,704,1752
5,104,1480,54,7,9,424,270,14,138,2021-03-29,32,2640,DHPC,164,178,112,19,628,1750
6,104,1461,74,7,9,424,316,23,138,2021-04-08,28,2640,DHPC,168,191,109,19,781,1777
1,96,1342,49,7,9,424,393,30,146,2021-04-10,26,2640,DHPC,160,190,97,20,728,1735
6,94,1344,76,7,9,424,420,26,148,2021-03-06,42,2640,DHPC,161,187,131,34,673,1764
2,98,1613,,7,10,424,402,35,164,2020-06-22,49,2640,DHPC,198,233,120,,,2015
7,100,1719,,7,10,424,417,51,332,2020-06-12,44,2640,DHPC,184,235,115,,,2136
7,84,1473,45,7,10,424,310,26,158,2021-05-07,22,2640,DHPC,165,191,88,11,816,1783
3,92,1506,40,7,10,424,269,25,150,2021-05-19,19,2640,DHPC,158,183,68,12,862,1775
6,91,1402,57,7,10,424,353,37,151,2020-10-24,20,2640,DHPC,151,188,62,12,719,1755
9,100,1423,45,7,10,424,249,15,142,2021-07-23,25,2640,DHPC,159,174,74,13,836,1672
5,96,1496,47,7,10,424,265,12,146,2020-10-01,22,2640,DHPC,130,142,78,16,699,1761
5,99,1498,53,7,10,424,267,47,143,2020-10-14,22,2640,DHPC,143,190,90,17,736,1765
4,72,1402,44,7,10,424,345,34,170,2021-03-14,34,2640,DHPC,151,185,139,23,635,1747
7,93,1481,76,7,10,424,285,18,149,2020-12-04,38,2640,DHPC,179,197,146,24,608,1766
6,92,1363,61,7,10,424,372,26,150,2021-03-07,43,2640,DHPC,162,188,143,32,622,1735
4,100,1739,,7,11,424,381,55,332,2020-06-09,44,2640,DHPC,181,236,112,,,2120
7,85,1343,35,7,11,424,413,33,157,2021-05-22,15,2640,DHPC,152,185,59,10,770,1756
4,92,1418,30,7,11,424,356,24,150,2021-05-21,15,2640,DHPC,161,185,57,11,813,1774
3,96,1492,40,7,11,424,261,20,146,2021-05-24,17,2640,DHPC,160,180,68,13,770,1753
6,98,1466,60,7,11,424,305,39,144,2020-10-06,21,2640,DHPC,147,186,84,13,765,1771
7,92,1422,37,7,11,424,312,38,150,2020-10-25,18,2640,DHPC,151,189,63,14,660,1734
2,98,1500,50,7,11,424,269,31,144,2020-10-21,25,2640,DHPC,159,190,73,15,665,1769
11,103,1321,49,7,11,424,318,17,139,2021-07-24,23,2640,DHPC,155,172,69,15,816,1639
7,82,1415,75,7,11,424,371,22,160,2020-11-23,28,2640,DHPC,171,193,125,16,614,1786
4,94,1522,37,7,11,424,235,13,148,2021-05-27,22,2640,DHPC,172,185,75,17,846,1757
8,105,1511,65,7,11,424,257,13,137,2021-03-30,30,2640,DHPC,175,188,111,18,714,1768
1,103,1481,83,7,11,424,289,18,139,2021-03-01,46,2640,DHPC,170,188,149,36,622,1770
27,93,1741,,7,12,424,322,30,169,2020-06-24,45,2640,DHPC,204,234,106,,,2063
5,104,1490,50,7,12,424,280,39,138,2020-10-26,15,2640,DHPC,150,189,69,10,640,1770
3,92,1369,27,7,12,424,321,23,150,2021-06-19,15,2640,DHPC,140,163,52,11,807,1690
7,74,1438,55,7,12,424,249,17,168,2021-07-16,19,2640,DHPC,151,168,59,11,873,1687
4,99,1434,45,7,12,424,344,34,143,2020-11-04,23,2640,DHPC,156,190,88,14,622,1778
8,86,1481,49,7,12,424,298,47,156,2020-10-07,22,2640,DHPC,142,189,79,14,754,1779
4,83,1506,62,7,12,424,279,42,159,2020-11-18,30,2640,DHPC,148,190,111,15,691,1785
6,90,1520,62,7,12,424,255,26,152,2020-10-22,23,2640,DHPC,161,187,70,15,672,1775
1,86,1302,44,7,12,424,411,26,156,2021-04-04,26,2640,DHPC,148,174,112,16,600,1713
4,92,1508,55,7,12,424,264,18,150,2021-03-25,34,2640,DHPC,171,189,119,16,739,1772
1,90,1353,50,7,12,424,392,27,152,2021-04-25,30,2640,DHPC,165,192,122,17,702,1745
4,85,1410,65,7,12,424,361,22,157,2021-03-19,37,2640,DHPC,165,187,136,24,685,1771
8,80,1387,45,7,13,424,358,37,162,2020-10-31,18,2640,DHPC,151,188,75,6,639,1745
6,99,1435,58,7,13,424,318,21,143,2021-05-14,16,2640,DHPC,160,181,72,10,868,1753
3,83,1476,47,7,13,424,290,38,159,2020-11-09,21,2640,DHPC,150,188,81,11,651,1766
10,88,1428,53,7,13,424,335,51,154,2020-10-05,21,2640,DHPC,136,187,87,13,651,1763
3,93,1450,76,7,13,424,332,22,149,2021-04-22,28,2640,DHPC,171,193,116,16,786,1782
6,80,1329,82,7,13,424,466,16,162,2020-11-25,28,2640,DHPC,175,191,130,16,656,1795
8,102,1489,57,7,13,424,271,48,140,2020-10-15,22,2640,DHPC,144,192,87,17,744,1760
5,98,1475,51,7,13,424,296,22,144,2021-06-02,21,2640,DHPC,157,179,54,18,878,1771
3,103,1371,73,7,13,424,240,16,139,2021-08-01,31,2640,DHPC,145,161,93,19,808,1611
4,103,1523,60,7,13,424,253,16,139,2021-03-15,36,2640,DHPC,169,185,142,22,626,1776
5,90,1460,74,7,13,424,318,22,152,2021-03-04,43,2640,DHPC,168,190,150,32,662,1778
7,93,1479,66,7,13,424,298,11,149,2021-03-02,46,2640,DHPC,175,186,161,34,703,1777
2,95,1349,70,7,13,424,406,15,147,2021-02-13,60,2640,DHPC,164,179,182,41,649,1755
4,96,1498,54,7,14,424,279,27,146,2021-05-13,16,2640,DHPC,158,185,81,10,770,1777
6,71,1358,67,7,14,424,406,38,171,2020-11-07,19,2640,DHPC,151,189,78,12,697,1764
6,92,1443,56,7,14,424,333,37,150,2020-11-03,19,2640,DHPC,153,190,79,14,698,1776
3,95,1469,48,7,14,424,305,20,147,2021-04-06,24,2640,DHPC,166,186,117,16,773,1774
1,94,1470,58,7,14,424,317,18,148,2021-04-26,30,2640,DHPC,176,194,113,18,706,1787
2,101,1481,59,7,14,424,312,17,141,2021-04-20,26,2640,DHPC,177,194,131,20,886,1793
4,98,1436,71,7,14,424,248,17,144,2021-07-27,29,2640,DHPC,148,165,90,20,949,1684
5,91,1301,68,7,14,424,450,27,151,2021-04-03,27,2640,DHPC,159,186,114,21,662,1751
3,103,1534,73,7,14,424,260,24,139,2020-11-12,34,2640,DHPC,164,188,114,23,750,1794
5,98,1477,84,7,14,424,299,18,144,2021-03-23,36,2640,DHPC,170,188,131,26,779,1776
7,87,1490,72,7,14,424,283,14,155,2021-02-18,47,2640,DHPC,173,187,164,31,662,1773
2,102,1472,89,7,14,424,307,9,140,2021-02-23,52,2640,DHPC,178,187,170,35,698,1779
5,99,1452,36,7,14,424,329,5,143,2021-02-22,53,2640,DHPC,182,187,178,37,535,1781
2,79,1666,,7,15,424,364,29,192,2020-07-23,31,2640,DHPC,181,210,125,,,2030
9,85,1497,63,7,15,424,275,32,157,2021-05-11,12,2640,DHPC,158,190,72,9,871,1772
8,83,1412,56,7,15,424,362,39,159,2020-11-06,21,2640,DHPC,152,191,86,11,660,1774
3,85,1379,45,7,15,424,390,41,157,2020-11-15,27,2640,DHPC,149,190,114,14,648,1769
5,80,1377,45,7,15,424,365,20,162,2020-10-03,19,2640,DHPC,117,137,81,14,722,1742
7,83,1441,81,7,15,424,343,14,159,2020-11-24,29,2640,DHPC,175,189,125,16,735,1784
4,95,1340,59,7,15,424,408,21,147,2021-04-18,23,2640,DHPC,173,194,113,17,726,1748
5,101,1449,75,7,15,424,233,15,141,2021-07-30,33,2640,DHPC,149,164,89,21,818,1682
3,87,1502,91,7,15,424,284,10,155,2020-12-03,36,2640,DHPC,184,194,155,24,714,1786
1,96,1363,35,7,15,424,375,24,146,2021-03-21,37,2640,DHPC,163,187,131,29,610,1738
4,95,1406,67,7,15,424,369,9,147,2021-02-16,52,2640,DHPC,178,187,181,35,655,1775
5,97,1388,60,7,15,424,379,16,145,2021-02-26,47,2640,DHPC,172,188,158,35,621,1767
3,107,1423,79,7,15,424,356,6,135,2021-01-25,61,2640,DHPC,185,191,247,41,553,1779
5,116,1469,89,7,15,424,301,10,126,2021-02-11,59,2640,DHPC,171,181,202,43,672,1770
2,104,1557,,7,16,424,447,15,167,2020-07-13,37,2640,DHPC,197,212,107,,,2004
4,90,1486,48,7,16,424,292,28,152,2021-05-06,25,2640,DHPC,160,188,91,17,797,1778
3,77,1418,59,7,16,424,368,14,165,2020-11-30,36,2640,DHPC,176,190,148,21,633,1786
17,91,1496,107,7,16,424,300,14,151,2020-12-16,40,2640,DHPC,183,197,160,26,687,1796
2,86,1483,60,7,16,424,301,16,156,2021-03-03,45,2640,DHPC,171,187,158,34,657,1784
4,91,1860,,7,17,424,265,49,288,2020-06-04,42,2640,DHPC,185,234,116,,,2125
6,97,1448,64,7,17,424,306,60,145,2020-10-09,21,2640,DHPC,128,188,88,12,718,1754
6,90,1494,52,7,17,424,282,54,152,2020-10-08,22,2640,DHPC,136,190,82,13,721,1776
0,90,1469,47,7,17,424,314,27,152,2021-04-16,20,2640,DHPC,167,194,94,14,827,1783
4,91,1383,61,7,17,424,386,22,151,2021-04-23,32,2640,DHPC,171,193,124,15,794,1769
1,82,1385,59,7,17,424,403,41,160,2020-11-14,30,2640,DHPC,149,190,110,16,699,1788
6,84,1502,55,7,17,424,283,24,158,2021-04-14,25,2640,DHPC,170,194,95,16,858,1785
7,69,1242,81,7,17,424,526,24,173,2020-11-28,31,2640,DHPC,164,188,126,21,757,1768
7,90,1473,80,7,17,424,324,18,152,2020-12-17,43,2640,DHPC,177,195,163,24,635,1797
6,88,1493,86,7,17,424,291,19,154,2020-12-10,47,2640,DHPC,175,194,168,31,636,1784
4,114,1419,76,7,17,424,341,7,128,2021-02-12,58,2640,DHPC,179,186,196,41,616,1760
4,85,1413,87,7,17,424,340,6,157,2021-01-23,66,2640,DHPC,180,186,255,42,637,1753
8,98,1805,,7,18,424,325,37,334,2020-06-18,39,2640,DHPC,194,231,113,,,2130
13,94,1516,55,7,18,424,267,45,148,2020-10-27,13,2640,DHPC,146,191,68,7,733,1783
8,82,1413,60,7,18,424,324,51,160,2020-10-10,20,2640,DHPC,138,189,81,11,692,1737
2,80,1377,51,7,18,424,360,48,162,2020-10-11,22,2640,DHPC,141,189,94,12,639,1737
5,93,1442,47,7,18,424,337,35,149,2020-10-23,20,2640,DHPC,154,189,74,13,767,1779
7,83,1290,65,7,18,424,497,12,159,2020-11-26,31,2640,DHPC,178,190,138,19,617,1787
3,93,1419,114,7,18,424,356,27,147,2020-12-18,37,2640,DHPC,166,193,166,23,720,1775
3,80,1375,62,7,18,424,397,15,162,2021-02-20,51,2640,DHPC,175,190,174,33,641,1772
4,84,1352,52,7,18,424,404,21,158,2021-02-27,45,2640,DHPC,169,190,159,34,589,1756
3,96,1470,61,7,18,424,299,10,146,2021-02-25,53,2640,DHPC,179,189,169,36,599,1769
3,107,1454,71,7,18,424,291,9,135,2021-02-08,62,2640,DHPC,175,184,224,39,570,1745
8,101,1762,,7,19,424,371,67,331,2020-06-11,48,2640,DHPC,169,236,115,,,2133
4,86,1534,51,7,19,424,257,18,156,2021-04-15,25,2640,DHPC,176,194,100,13,831,1791
3,84,1488,83,7,19,424,292,36,158,2020-11-16,30,2640,DHPC,156,192,122,17,687,1780
5,80,1311,124,7,19,424,407,22,161,2020-12-27,48,2640,DHPC,171,193,205,24,660,1718
2,96,1525,88,7,19,424,238,9,146,2021-02-09,60,2640,DHPC,179,188,226,35,685,1763
8,106,1491,79,7,19,424,256,14,136,2021-02-06,62,2640,DHPC,173,187,223,47,675,1747
9,74,1398,75,7,20,424,379,15,168,2020-11-21,29,2640,DHPC,172,187,117,16,644,1777
2,92,1475,66,7,20,424,310,21,150,2021-04-21,25,2640,DHPC,173,194,118,18,820,1785
5,87,1475,72,7,20,424,312,37,155,2020-11-13,31,2640,DHPC,153,190,116,18,735,1787
2,75,1417,99,7,20,424,357,14,166,2020-12-28,47,2640,DHPC,179,193,230,19,681,1774
6,81,1402,84,7,20,424,357,34,161,2020-12-13,40,2640,DHPC,163,197,155,26,599,1759
6,91,1470,72,7,20,424,306,9,151,2021-02-24,50,2640,DHPC,180,189,170,32,660,1776
5,83,1467,50,7,20,424,297,12,159,2021-02-19,53,2640,DHPC,174,186,175,33,533,1764
4,103,1383,78,7,20,424,372,12,139,2021-01-29,56,2640,DHPC,178,190,214,38,597,1755
3,98,1378,83,7,20,424,372,11,144,2021-01-18,63,2640,DHPC,180,191,295,40,561,1750
8,119,1402,70,7,20,424,353,18,123,2021-02-01,61,2640,DHPC,172,190,227,45,523,1755
2,92,1476,87,7,21,424,299,12,150,2020-12-07,43,2640,DHPC,178,190,154,27,613,1775
2,97,1479,62,7,21,424,296,20,145,2021-03-10,35,2640,DHPC,168,188,145,28,703,1775
4,74,1666,,7,22,424,371,23,197,2020-07-22,36,2640,DHPC,187,210,125,,,2037
1,72,1284,83,7,22,424,487,27,170,2020-11-29,29,2640,DHPC,159,186,134,20,652,1771
3,94,1510,97,7,22,424,283,21,148,2020-12-08,40,2640,DHPC,171,192,166,25,677,1793
7,90,1304,89,7,22,424,459,22,148,2020-12-23,42,2640,DHPC,171,193,181,27,654,1763
3,87,1520,105,7,22,424,279,21,155,2020-12-09,42,2640,DHPC,174,195,159,28,754,1799
13,95,1491,101,7,22,424,296,12,147,2020-12-15,40,2640,DHPC,185,197,170,28,679,1787
4,90,1480,105,7,23,424,308,19,152,2020-12-01,36,2640,DHPC,174,193,148,24,785,1788
3,86,1511,103,7,23,424,287,20,156,2020-12-02,38,2640,DHPC,173,193,157,25,688,1798
1,91,1307,90,7,23,424,438,20,151,2021-01-02,50,2640,DHPC,167,187,235,30,636,1745
3,86,1444,111,7,23,424,321,18,156,2020-12-11,44,2640,DHPC,174,192,166,30,728,1765
5,96,1353,96,7,23,424,391,9,146,2021-01-30,57,2640,DHPC,181,190,207,36,664,1744
4,85,1385,85,7,24,424,380,21,154,2020-12-21,41,2640,DHPC,174,195,177,22,582,1765
6,96,1427,100,7,24,424,333,15,146,2021-01-28,57,2640,DHPC,175,190,221,34,667,1760
3,91,1505,73,7,25,424,281,16,151,2021-04-28,27,2640,DHPC,176,192,118,17,834,1786
6,92,1461,105,7,25,424,313,10,150,2021-01-26,56,2640,DHPC,180,190,223,35,752,1774
2,87,1403,90,7,25,424,339,14,155,2021-01-24,57,2640,DHPC,173,187,250,42,594,1742
5,98,1465,113,7,25,424,294,10,144,2021-01-22,65,2640,DHPC,179,189,276,44,648,1759
0,112,1507,84,7,25,424,252,15,130,2021-02-04,63,2640,DHPC,173,188,229,46,689,1759
6,101,1454,140,7,26,424,305,12,141,2021-01-04,57,2640,DHPC,181,193,248,33,688,1759
7,102,1497,111,7,26,424,287,6,140,2021-01-13,58,2640,DHPC,184,190,281,38,647,1784
3,97,1454,70,7,26,424,286,14,145,2021-02-07,61,2640,DHPC,179,193,222,40,626,1740
3,104,1344,86,7,27,424,392,13,138,2021-01-17,55,2640,DHPC,178,191,283,44,595,1736
7,79,1385,104,7,28,424,371,23,163,2020-12-12,45,2640,DHPC,175,198,159,27,691,1756
5,100,1232,71,7,28,424,518,21,140,2020-12-24,44,2640,DHPC,170,191,187,28,599,1750
6,110,1547,95,7,28,424,211,6,132,2021-02-10,61,2640,DHPC,181,187,216,40,691,1758
11,84,1507,40,7,30,424,266,16,158,2020-09-29,21,2640,DHPC,127,143,79,15,776,1773
9,80,1298,96,7,30,424,466,27,160,2020-12-19,34,2640,DHPC,164,191,158,23,679,1764
5,93,1326,105,7,30,424,432,19,149,2021-01-01,52,2640,DHPC,171,190,227,29,638,1758
2,105,1469,125,7,32,424,308,13,136,2020-12-30,44,2640,DHPC,177,190,237,29,771,1777
5,107,1460,107,7,33,424,306,12,135,2021-01-15,60,2640,DHPC,179,191,293,42,672,1766
5,96,1504,111,7,35,424,267,9,146,2021-01-11,60,2640,DHPC,178,187,290,35,580,1771
3,102,1466,108,7,36,424,292,7,140,2021-01-21,67,2640,DHPC,179,186,283,44,695,1758
5,106,1373,108,7,37,424,362,12,136,2021-01-16,56,2640,DHPC,179,191,289,43,690,1735
8,82,1509,117,7,39,424,267,11,160,2021-01-08,59,2640,DHPC,177,188,276,33,719,1776
7,105,1528,126,7,40,424,247,7,137,2021-01-14,57,2640,DHPC,184,191,282,38,677,1775
9,93,1514,104,7,47,424,270,8,149,2021-01-06,56,2640,DHPC,184,192,276,33,742,1784
10,91,1459,130,7,48,424,336,17,150,2020-12-29,45,2640,DHPC,172,189,237,22,786,1795
11,88,1519,129,7,48,424,256,10,154,2021-01-07,58,2640,DHPC,176,186,278,29,704,1775
,85,1575,,8,,424,675,34,354,2020-05-18,,2640,DHPC,189,223,90,,,2250
,94,1651,,8,,424,608,53,346,2020-05-06,,2640,DHPC,166,219,73,,,2259
,79,1646,,8,,424,593,59,361,2020-05-07,,2640,DHPC,160,219,71,,,2239
,115,1433,,8,,424,771,59,319,2020-04-22,,2640,DHPC,164,223,73,,,2204
,103,1558,,8,,424,673,61,333,2020-04-29,,2640,DHPC,162,223,72,,,2231
,76,1626,,8,,424,629,63,360,2020-05-08,,2640,DHPC,157,220,84,,,2255
,105,1392,,8,,424,802,63,329,2020-04-21,,2640,DHPC,158,221,62,,,2194
4,93,1449,,6,6,468,313,62,210,2020-06-07,23,3301,MCRHC,182,244,50,,,1762
,80,1573,,7,,468,586,74,254,2020-05-09,,3301,MCRHC,208,282,68,,,2159
,77,1498,,7,,468,486,81,251,2020-05-11,,3301,MCRHC,189,270,61,,,1984
,82,1336,,7,,468,805,116,250,2020-04-14,,3301,MCRHC,178,294,40,,,2141
,60,1299,,7,,468,837,120,268,2020-04-19,,3301,MCRHC,162,282,31,,,2136
60,88,1456,,7,8,468,467,84,408,2020-06-28,34,3301,MCRHC,305,389,86,,,1923
,116,2381,,9,,468,352,103,307,2020-05-29,,3301,MCRHC,253,356,76,,,2733
,105,1650,,9,,468,887,116,309,2020-04-08,,3301,MCRHC,200,316,40,,,2537
,80,1697,,9,,468,713,134,316,2020-05-03,,3301,MCRHC,187,321,80,,,2410
,99,1845,,9,,468,906,145,302,2020-04-26,,3301,MCRHC,214,359,70,,,2751
49,133,2141,,9,2,468,225,81,255,2020-06-12,30,3301,MCRHC,228,309,74,,,2366
45,135,2357,,9,3,468,321,93,277,2020-06-16,42,3301,MCRHC,254,347,95,,,2678
105,126,1917,,9,4,468,701,107,458,2020-08-09,41,3301,MCRHC,339,446,145,,,2618
40,108,2366,,9,5,468,390,111,300,2020-06-21,42,3301,MCRHC,246,357,103,,,2756
50,111,2142,,9,7,468,228,87,266,2020-06-19,35,3301,MCRHC,222,309,80,,,2370
84,96,1542,,9,7,468,487,90,445,2020-06-29,35,3301,MCRHC,311,401,85,,,2029
8,143,2290,,9,9,468,248,77,257,2020-06-13,46,3301,MCRHC,262,339,96,,,2538
14,127,2298,,9,9,468,241,94,273,2020-06-09,37,3301,MCRHC,245,339,99,,,2539
30,124,2178,,9,9,468,435,112,257,2020-06-08,33,3301,MCRHC,227,339,89,,,2613
98,117,2036,,9,10,468,510,112,474,2020-07-02,38,3301,MCRHC,354,466,121,,,2546
111,136,1956,,9,11,468,571,76,442,2020-07-10,47,3301,MCRHC,366,442,133,,,2527
108,120,1978,83,9,11,468,679,118,464,2020-08-29,37,3301,MCRHC,344,462,126,20,426,2657
109,120,1952,100,9,11,468,703,109,464,2020-08-28,43,3301,MCRHC,353,462,128,20,430,2655
102,135,2018,,9,12,468,614,95,449,2020-07-14,57,3301,MCRHC,359,454,134,,,2632
107,126,2072,,9,12,468,561,87,458,2020-08-06,38,3301,MCRHC,357,444,132,,,2633
99,135,1967,,9,13,468,571,117,456,2020-07-04,40,3301,MCRHC,347,464,123,,,2538
112,127,2031,,9,13,468,581,86,457,2020-08-25,39,3301,MCRHC,360,446,132,,,2612
124,129,1935,,9,14,468,683,110,455,2020-08-08,39,3301,MCRHC,337,447,137,,,2618
107,120,1999,,9,16,468,619,84,464,2020-08-18,37,3301,MCRHC,359,443,136,,,2618
102,119,2048,85,9,16,468,608,97,465,2020-08-27,40,3301,MCRHC,366,463,127,20,390,2656
,114,1628,,10,,468,1027,59,303,2020-04-13,,3301,MCRHC,270,329,51,,,2655
,113,2307,,10,,468,438,98,312,2020-06-01,,3301,MCRHC,261,359,90,,,2745
,109,2394,,10,,468,372,104,315,2020-05-28,,3301,MCRHC,255,359,69,,,2766
,85,1925,,10,,468,397,111,311,2020-05-22,,3301,MCRHC,210,321,67,,,2322
,109,1947,,10,,468,487,111,287,2020-05-19,,3301,MCRHC,210,321,70,,,2434
,92,1790,,10,,468,756,113,323,2020-04-18,,3301,MCRHC,206,319,55,,,2546
,101,1993,,10,,468,770,113,324,2020-05-06,,3301,MCRHC,246,359,80,,,2763
,95,2240,,10,,468,425,115,330,2020-05-21,,3301,MCRHC,244,359,89,,,2665
,103,2201,,10,,468,495,115,323,2020-05-23,,3301,MCRHC,244,359,80,,,2696
,94,2095,,10,,468,539,117,325,2020-05-15,,3301,MCRHC,230,347,75,,,2634
,115,1832,,10,,468,765,119,306,2020-04-15,,3301,MCRHC,222,341,56,,,2597
,97,2043,,10,,468,585,120,322,2020-05-16,,3301,MCRHC,229,349,71,,,2628
,100,1864,,10,,468,1013,120,323,2020-04-23,,3301,MCRHC,235,355,62,,,2877
,108,1685,,10,,468,1092,121,316,2020-04-07,,3301,MCRHC,207,328,37,,,2777
,95,2123,,10,,468,667,122,330,2020-05-08,,3301,MCRHC,237,359,86,,,2790
,99,1746,,10,,468,824,123,322,2020-04-10,,3301,MCRHC,206,329,49,,,2570
,108,1673,,10,,468,911,123,309,2020-04-11,,3301,MCRHC,206,329,46,,,2584
,98,2102,,10,,468,661,124,321,2020-05-07,,3301,MCRHC,235,359,88,,,2763
,110,1760,,10,,468,849,126,309,2020-04-20,,3301,MCRHC,203,329,56,,,2609
,111,2365,,10,,468,409,126,314,2020-05-27,,3301,MCRHC,233,359,75,,,2774
,107,1971,,10,,468,775,129,316,2020-04-28,,3301,MCRHC,230,359,84,,,2746
,90,1783,,10,,468,1032,131,338,2020-04-21,,3301,MCRHC,198,329,56,,,2815
,103,2042,,10,,468,731,131,322,2020-05-18,,3301,MCRHC,228,359,84,,,2773
,39,1990,,10,,468,800,133,368,2020-04-30,,3301,MCRHC,226,359,94,,,2790
,105,1992,,10,,468,690,134,319,2020-05-17,,3301,MCRHC,225,359,76,,,2682
,109,1727,,10,,468,864,135,312,2020-04-09,,3301,MCRHC,194,329,42,,,2591
,91,2070,,10,,468,693,136,334,2020-05-05,,3301,MCRHC,223,359,72,,,2763
,98,1666,,10,,468,1031,138,309,2020-04-06,,3301,MCRHC,193,331,34,,,2697
,107,1868,,10,,468,878,138,314,2020-04-27,,3301,MCRHC,221,359,75,,,2746
,101,2033,,10,,468,750,140,306,2020-04-29,,3301,MCRHC,219,359,84,,,2783
,82,1981,,10,,468,781,142,343,2020-05-04,,3301,MCRHC,217,359,86,,,2762
,96,2061,,10,,468,633,144,320,2020-05-25,,3301,MCRHC,215,359,67,,,2694
,92,1941,,10,,468,757,160,331,2020-04-25,,3301,MCRHC,199,359,71,,,2698
,107,1563,,10,,468,691,164,265,2020-04-16,,3301,MCRHC,181,345,49,,,2254
46,118,2211,,10,0,468,223,82,268,2020-06-03,22,3301,MCRHC,239,321,61,,,2434
32,127,2515,,10,3,468,192,88,289,2020-06-05,25,3301,MCRHC,259,347,72,,,2707
14,113,2200,,10,4,468,234,83,283,2020-06-04,17,3301,MCRHC,238,321,62,,,2434
22,132,2228,,10,4,468,442,95,284,2020-06-15,44,3301,MCRHC,248,343,100,,,2670
54,142,2517,,10,4,468,252,87,280,2020-06-10,43,3301,MCRHC,270,357,96,,,2769
23,133,2389,,10,5,468,318,88,283,2020-06-06,30,3301,MCRHC,259,347,83,,,2707
110,112,2042,,10,5,468,625,90,482,2020-08-21,38,3301,MCRHC,362,452,127,,,2667
117,121,2097,,10,5,468,582,84,473,2020-08-12,34,3301,MCRHC,374,458,136,,,2679
58,122,2440,,10,6,468,298,96,300,2020-06-17,45,3301,MCRHC,259,355,98,,,2738
96,100,2013,,10,6,468,483,105,487,2020-06-27,39,3301,MCRHC,349,454,118,,,2496
103,117,2061,,10,6,468,617,84,477,2020-08-03,41,3301,MCRHC,364,448,164,,,2678
132,112,2087,,10,6,468,475,105,481,2020-07-01,41,3301,MCRHC,359,464,110,,,2562
101,120,2012,57,10,6,468,705,111,474,2020-08-31,34,3301,MCRHC,359,470,125,15,362,2717
45,114,2466,,10,7,468,302,88,296,2020-06-20,47,3301,MCRHC,267,355,103,,,2768
77,142,2032,,10,8,468,672,91,452,2020-07-13,52,3301,MCRHC,371,462,130,,,2704
85,108,2023,,10,8,468,530,136,485,2020-06-26,34,3301,MCRHC,330,466,111,,,2553
79,116,2040,,10,9,468,627,82,478,2020-08-10,38,3301,MCRHC,371,453,137,,,2667
88,119,1964,,10,9,468,705,91,475,2020-08-23,41,3301,MCRHC,363,454,133,,,2669
104,120,2103,,10,9,468,561,71,474,2020-08-19,37,3301,MCRHC,380,451,133,,,2664
122,122,2081,,10,9,468,553,91,471,2020-07-08,49,3301,MCRHC,369,460,123,,,2634
125,122,2074,,10,9,468,632,91,471,2020-07-31,50,3301,MCRHC,369,460,153,,,2706
143,131,1956,,10,9,468,679,96,462,2020-07-06,41,3301,MCRHC,366,462,124,,,2635
92,124,1982,,10,10,468,659,105,470,2020-08-16,34,3301,MCRHC,344,449,124,,,2641
98,124,1969,,10,10,468,710,92,470,2020-08-17,32,3301,MCRHC,361,453,130,,,2679
104,137,2095,,10,10,468,571,83,450,2020-07-16,54,3301,MCRHC,371,454,139,,,2666
82,122,1979,65,10,10,468,737,122,472,2020-08-30,35,3301,MCRHC,348,470,125,16,355,2716
79,125,2012,,10,11,468,657,90,469,2020-07-27,37,3301,MCRHC,368,458,147,,,2669
88,123,2013,,10,11,468,695,110,471,2020-07-20,41,3301,MCRHC,350,460,131,,,2708
107,132,2015,,10,11,468,664,103,462,2020-08-07,41,3301,MCRHC,351,454,140,,,2679
109,121,2105,,10,11,468,459,70,472,2020-06-30,40,3301,MCRHC,394,464,110,,,2564
116,120,2020,,10,11,468,679,127,473,2020-07-18,45,3301,MCRHC,335,462,129,,,2699
120,120,2059,,10,11,468,574,95,474,2020-08-11,35,3301,MCRHC,359,454,136,,,2633
136,136,2069,,10,11,468,585,86,457,2020-07-07,42,3301,MCRHC,374,460,123,,,2654
108,138,2073,,10,12,468,621,81,456,2020-08-04,41,3301,MCRHC,370,451,147,,,2694
254,107,2113,,10,12,468,436,105,485,2020-06-24,39,3301,MCRHC,361,466,107,,,2549
91,119,2077,,10,13,468,588,86,475,2020-08-20,38,3301,MCRHC,366,452,132,,,2665
117,120,2051,,10,13,468,618,87,474,2020-08-15,35,3301,MCRHC,367,454,118,,,2669
111,122,2063,105,10,13,468,651,105,472,2020-08-26,40,3301,MCRHC,366,471,127,17,435,2714
97,139,2126,,10,14,468,577,106,455,2020-07-24,51,3301,MCRHC,354,460,137,,,2703
101,113,1966,,10,15,468,702,95,481,2020-08-22,42,3301,MCRHC,359,454,130,,,2668
106,135,2075,,10,15,468,639,100,459,2020-07-21,44,3301,MCRHC,360,460,134,,,2714
88,118,2036,,10,16,468,636,81,476,2020-08-02,43,3301,MCRHC,371,452,155,,,2672
113,132,2079,,10,16,468,636,92,462,2020-07-22,48,3301,MCRHC,368,460,150,,,2715
116,127,2109,,10,17,468,613,102,467,2020-07-23,48,3301,MCRHC,359,461,146,,,2722
130,122,1967,,10,17,468,533,119,465,2020-07-03,37,3301,MCRHC,335,454,119,,,2500
120,121,2115,,10,19,468,588,95,473,2020-07-30,48,3301,MCRHC,364,459,156,,,2703
111,131,2061,223,11,8,468,590,100,453,2020-09-09,37,3301,MCRHC,362,462,116,19,991,2651
105,139,1969,229,11,8,468,646,92,445,2020-09-19,40,3301,MCRHC,370,462,119,25,885,2615
102,125,2016,264,11,12,468,592,91,459,2020-10-06,32,3301,MCRHC,371,462,130,16,1462,2608
95,145,2096,216,11,12,468,547,78,439,2020-09-16,35,3301,MCRHC,384,462,113,21,918,2643
104,125,2078,248,11,14,468,547,93,459,2020-10-08,34,3301,MCRHC,370,463,129,14,1419,2625
83,131,1996,233,11,14,468,652,115,453,2020-09-08,37,3301,MCRHC,347,462,115,16,996,2648
52,137,1911,161,11,19,468,785,93,452,2020-11-27,60,3301,MCRHC,371,464,197,21,1040,2696
28,210,1989,88,12,2,468,754,74,389,2021-06-19,34,3301,MCRHC,382,456,75,15,1547,2743
28,228,2096,166,12,4,468,655,88,371,2021-06-01,30,3301,MCRHC,379,467,88,14,1591,2751
39,206,2124,150,12,5,468,612,89,393,2021-06-16,27,3301,MCRHC,365,454,77,11,1654,2736
37,194,2100,148,12,5,468,643,84,405,2021-06-10,26,3301,MCRHC,375,459,79,13,1552,2743
27,215,2024,203,12,5,468,707,104,384,2021-05-23,32,3301,MCRHC,360,464,93,14,1409,2731
32,213,2006,136,12,5,468,738,92,386,2021-06-13,26,3301,MCRHC,365,457,71,14,1530,2744
36,225,2075,205,12,5,468,672,86,374,2021-05-22,32,3301,MCRHC,378,464,88,14,1519,2747
95,133,2065,244,12,5,468,620,91,461,2020-09-24,34,3301,MCRHC,379,470,105,21,1380,2685
24,204,2185,138,12,6,468,554,68,395,2021-06-08,31,3301,MCRHC,391,459,84,11,1723,2739
21,214,2143,127,12,6,468,598,76,385,2021-07-07,32,3301,MCRHC,381,457,82,12,1693,2741
26,201,2092,142,12,6,468,629,83,398,2021-06-21,29,3301,MCRHC,371,454,78,13,1462,2721
30,214,2145,151,12,6,468,597,76,385,2021-06-29,29,3301,MCRHC,381,457,80,13,1713,2742
13,129,1910,150,12,6,468,864,140,470,2021-04-04,35,3301,MCRHC,330,470,115,14,1332,2774
31,206,2014,153,12,7,468,727,101,393,2021-07-03,29,3301,MCRHC,358,459,84,11,1465,2741
33,201,2144,151,12,7,468,600,84,398,2021-06-22,26,3301,MCRHC,373,457,79,13,1801,2744
41,124,2062,229,12,7,468,711,75,475,2021-05-02,43,3301,MCRHC,395,470,148,13,1502,2773
35,214,2136,114,12,7,468,606,93,385,2021-06-17,31,3301,MCRHC,366,459,82,14,1564,2742
29,121,2069,225,12,7,468,687,94,478,2021-05-17,44,3301,MCRHC,372,466,124,15,1375,2756
44,139,2052,169,12,7,468,664,98,455,2020-11-02,37,3301,MCRHC,373,471,144,15,1360,2716
39,142,2023,127,12,7,468,748,102,457,2021-03-08,49,3301,MCRHC,366,468,158,17,1256,2771
76,140,2015,186,12,7,468,670,100,454,2020-09-21,37,3301,MCRHC,370,470,122,28,884,2685
35,211,2117,161,12,8,468,637,109,388,2021-06-05,23,3301,MCRHC,359,468,66,9,1493,2754
32,202,2202,154,12,8,468,542,74,397,2021-07-08,32,3301,MCRHC,384,458,91,12,1661,2744
28,130,2048,161,12,8,468,676,99,464,2020-10-26,34,3301,MCRHC,372,471,134,15,1310,2724
77,134,2072,238,12,8,468,653,87,460,2020-09-10,39,3301,MCRHC,383,470,111,17,1020,2725
85,139,2086,202,12,8,468,622,100,455,2020-09-15,36,3301,MCRHC,370,470,125,20,1036,2708
26,201,2087,118,12,9,468,647,81,398,2021-06-26,23,3301,MCRHC,376,457,68,7,1486,2734
32,204,2099,158,12,9,468,642,98,395,2021-06-15,25,3301,MCRHC,359,457,72,10,1771,2741
28,199,2151,173,12,9,468,590,86,400,2021-07-15,36,3301,MCRHC,371,457,109,12,1651,2741
5,123,2163,199,12,9,468,609,103,476,2021-03-25,35,3301,MCRHC,367,470,115,13,1446,2772
32,216,1990,137,12,9,468,753,98,383,2021-07-04,32,3301,MCRHC,361,459,87,13,1438,2743
36,125,2085,210,12,9,468,636,84,469,2020-10-19,28,3301,MCRHC,386,470,118,13,1341,2721
21,210,2004,146,12,9,468,736,82,389,2021-06-12,25,3301,MCRHC,373,455,75,14,1605,2740
31,139,1926,112,12,9,468,845,97,460,2021-03-07,55,3301,MCRHC,371,468,164,19,1143,2771
33,129,2072,212,12,9,468,693,94,470,2021-05-08,48,3301,MCRHC,370,464,146,19,1456,2765
94,115,1931,210,12,9,468,787,123,479,2020-09-07,34,3301,MCRHC,347,470,113,19,940,2718
23,205,2064,130,12,10,468,682,97,394,2021-06-06,24,3301,MCRHC,362,459,67,8,1446,2746
25,200,2105,106,12,10,468,635,83,399,2021-06-25,23,3301,MCRHC,373,456,71,8,1558,2740
29,214,1999,152,12,10,468,736,85,385,2021-07-05,33,3301,MCRHC,366,451,85,11,1414,2735
22,217,2164,169,12,10,468,591,82,382,2021-06-02,33,3301,MCRHC,386,468,89,13,1673,2755
104,116,2063,260,12,10,468,607,98,478,2020-09-29,29,3301,MCRHC,372,470,116,13,1534,2670
32,211,2081,189,12,10,468,639,85,388,2021-07-12,37,3301,MCRHC,370,455,94,14,1563,2720
29,208,2063,115,12,10,468,677,84,391,2021-06-11,24,3301,MCRHC,371,455,78,15,1512,2740
96,108,1996,193,12,10,468,684,119,486,2020-09-26,29,3301,MCRHC,352,471,107,15,1324,2680
90,137,2035,229,12,10,468,639,96,457,2020-10-05,30,3301,MCRHC,374,470,123,18,1329,2674
31,133,2166,174,12,11,468,605,95,466,2021-04-19,38,3301,MCRHC,374,469,142,6,1440,2771
28,217,2143,136,12,11,468,600,72,382,2021-06-07,30,3301,MCRHC,387,459,82,8,1487,2743
43,129,2089,196,12,11,468,683,95,470,2021-04-10,35,3301,MCRHC,375,470,120,9,1609,2772
41,119,2043,193,12,11,468,649,102,475,2020-11-08,32,3301,MCRHC,370,472,127,11,1390,2692
21,227,2021,173,12,11,468,731,85,372,2021-05-30,30,3301,MCRHC,381,466,99,12,1449,2752
15,124,2118,171,12,11,468,653,94,475,2021-03-26,36,3301,MCRHC,376,470,114,13,1479,2771
33,144,2054,148,12,11,468,713,98,455,2021-03-15,40,3301,MCRHC,369,467,130,13,1235,2767
48,205,2044,150,12,11,468,699,86,394,2021-07-11,32,3301,MCRHC,371,457,87,13,1582,2743
30,204,2171,146,12,11,468,574,72,395,2021-06-30,31,3301,MCRHC,387,459,87,14,1619,2745
60,106,2015,206,12,11,468,663,114,488,2020-09-28,24,3301,MCRHC,357,471,106,15,1309,2678
37,210,2201,244,12,11,468,560,76,389,2021-05-18,41,3301,MCRHC,390,466,117,17,1695,2761
100,132,1975,230,12,11,468,750,109,462,2020-09-05,35,3301,MCRHC,361,470,113,17,984,2725
96,130,2004,181,12,11,468,704,101,464,2020-09-13,42,3301,MCRHC,369,470,131,18,953,2708
41,218,2159,226,12,11,468,589,80,381,2021-05-20,40,3301,MCRHC,384,464,105,19,1663,2748
89,121,1961,196,12,11,468,721,123,473,2020-10-11,35,3301,MCRHC,348,471,136,20,1336,2682
16,141,2138,180,12,12,468,635,84,458,2021-04-08,30,3301,MCRHC,386,470,119,8,1464,2773
16,135,2148,164,12,12,468,625,99,464,2021-04-07,30,3301,MCRHC,371,470,116,9,1510,2773
41,211,2160,175,12,12,468,583,85,388,2021-07-01,26,3301,MCRHC,372,457,90,11,1559,2743
47,149,2190,173,12,12,468,581,81,450,2021-04-14,32,3301,MCRHC,388,469,122,11,1575,2771
41,206,2134,129,12,12,468,608,74,393,2021-07-09,33,3301,MCRHC,382,456,89,12,1474,2742
28,218,2112,141,12,12,468,619,66,381,2021-06-28,27,3301,MCRHC,390,456,73,13,1500,2731
100,98,2017,216,12,12,468,712,76,496,2020-09-12,41,3301,MCRHC,394,470,120,14,942,2729
111,148,2083,235,12,12,468,642,101,446,2020-09-03,39,3301,MCRHC,369,470,133,14,1049,2725
35,126,2022,171,12,12,468,692,99,468,2020-10-17,32,3301,MCRHC,371,470,124,16,1365,2714
92,119,2011,199,12,12,468,672,115,475,2020-09-25,27,3301,MCRHC,355,470,103,16,1387,2683
102,110,2069,245,12,12,468,660,84,484,2020-09-11,39,3301,MCRHC,386,470,119,17,1028,2729
106,132,2015,218,12,12,468,662,98,462,2020-10-03,33,3301,MCRHC,372,470,118,18,1394,2677
42,132,2178,200,12,12,468,581,85,467,2021-05-12,46,3301,MCRHC,378,463,139,20,1594,2759
33,145,2210,265,12,12,468,560,73,454,2021-05-05,43,3301,MCRHC,397,470,145,23,1668,2770
112,152,2067,248,12,12,468,617,97,442,2020-09-22,36,3301,MCRHC,373,470,117,25,1030,2684
35,218,2119,128,12,13,468,631,81,381,2021-05-28,30,3301,MCRHC,382,463,103,9,1460,2750
32,140,2126,179,12,13,468,643,98,459,2021-03-16,38,3301,MCRHC,370,468,122,12,1474,2769
38,200,2143,207,12,13,468,599,91,399,2021-07-23,41,3301,MCRHC,365,456,156,13,1692,2742
47,148,2153,178,12,13,468,619,84,451,2021-03-17,41,3301,MCRHC,385,469,129,15,1398,2772
82,129,1985,175,12,13,468,693,110,465,2020-10-04,33,3301,MCRHC,360,470,124,16,1284,2678
40,146,2174,178,12,13,468,550,68,448,2020-10-29,34,3301,MCRHC,403,471,152,17,1444,2724
51,134,2110,188,12,13,468,611,96,460,2020-11-05,37,3301,MCRHC,376,472,130,18,1401,2721
42,144,2063,170,12,13,468,706,101,455,2021-03-01,57,3301,MCRHC,368,469,195,21,1317,2769
97,136,2028,209,12,13,468,654,101,458,2020-09-18,43,3301,MCRHC,369,470,117,22,926,2682
83,144,1970,179,12,13,468,713,101,450,2020-09-20,39,3301,MCRHC,369,470,127,26,849,2683
30,130,2018,152,12,14,468,756,115,469,2021-04-05,32,3301,MCRHC,355,470,119,10,1307,2774
33,124,2233,274,12,14,468,538,80,475,2021-04-21,41,3301,MCRHC,390,470,149,10,1603,2771
36,205,2095,175,12,14,468,649,82,394,2021-07-10,33,3301,MCRHC,375,457,94,10,1575,2744
16,111,2112,167,12,14,468,658,107,488,2021-03-28,39,3301,MCRHC,363,470,124,11,1295,2770
41,221,2199,250,12,14,468,547,82,378,2021-05-25,34,3301,MCRHC,378,460,105,11,1806,2746
22,115,2099,200,12,14,468,674,108,484,2021-03-27,40,3301,MCRHC,362,470,116,12,1508,2773
64,124,2028,193,12,14,468,667,110,470,2020-11-07,31,3301,MCRHC,362,472,118,12,1438,2695
14,127,2072,179,12,14,468,697,101,472,2021-03-22,40,3301,MCRHC,367,468,137,13,1369,2769
15,135,2149,186,12,14,468,620,86,464,2021-03-23,38,3301,MCRHC,383,469,134,13,1559,2769
43,121,2151,234,12,14,468,611,92,478,2021-05-13,46,3301,MCRHC,373,465,139,14,1474,2762
49,134,2138,248,12,14,468,634,88,465,2021-04-25,41,3301,MCRHC,382,470,136,15,1403,2772
28,136,2106,165,12,14,468,664,102,463,2021-03-19,45,3301,MCRHC,367,469,130,16,1273,2770
33,125,2176,269,12,14,468,593,76,474,2021-05-03,40,3301,MCRHC,394,470,148,17,1555,2769
43,128,2130,222,12,14,468,635,84,471,2021-05-10,46,3301,MCRHC,380,464,152,17,1423,2765
105,126,2038,203,12,14,468,635,114,468,2020-10-10,30,3301,MCRHC,357,471,131,18,1361,2673
32,129,2052,189,12,14,468,667,112,465,2020-10-31,41,3301,MCRHC,359,471,152,20,1374,2719
33,142,2157,178,12,15,468,616,80,457,2021-04-12,33,3301,MCRHC,390,470,134,8,1472,2773
10,128,2116,184,12,15,468,657,108,471,2021-04-01,42,3301,MCRHC,362,470,127,10,1400,2773
15,118,2152,179,12,15,468,620,96,481,2021-03-24,37,3301,MCRHC,374,470,125,10,1453,2772
44,188,2203,223,12,15,468,539,82,411,2021-07-20,37,3301,MCRHC,374,456,141,12,1793,2742
31,125,2169,266,12,15,468,598,84,474,2021-04-23,41,3301,MCRHC,383,467,142,13,1529,2767
108,122,2098,239,12,15,468,576,95,472,2020-09-30,34,3301,MCRHC,375,470,120,13,1403,2674
58,115,2133,208,12,15,468,566,85,479,2020-11-17,50,3301,MCRHC,387,472,183,14,1517,2699
33,136,2101,228,12,15,468,657,101,463,2021-05-14,45,3301,MCRHC,362,463,153,15,1507,2758
121,131,2075,226,12,15,468,599,90,463,2020-10-01,32,3301,MCRHC,379,469,121,15,1401,2674
32,208,2081,228,12,15,468,649,87,391,2021-07-25,39,3301,MCRHC,371,458,168,19,1578,2730
46,139,2054,176,12,16,468,713,92,460,2021-03-10,40,3301,MCRHC,376,468,131,10,1400,2767
47,123,2142,213,12,16,468,555,78,471,2020-11-10,25,3301,MCRHC,394,472,125,11,1655,2697
30,127,2246,234,12,16,468,525,80,472,2021-04-22,42,3301,MCRHC,390,470,154,12,1588,2771
31,132,2119,197,12,16,468,604,87,462,2020-10-27,32,3301,MCRHC,384,471,133,12,1479,2723
47,132,2073,145,12,16,468,694,97,467,2021-03-09,41,3301,MCRHC,371,468,135,12,1486,2767
56,123,2169,184,12,16,468,526,68,471,2020-11-11,29,3301,MCRHC,404,472,132,12,1456,2695
17,129,1968,163,12,16,468,805,115,470,2021-03-21,45,3301,MCRHC,354,469,140,13,1270,2773
34,117,2153,175,12,16,468,567,73,477,2020-10-15,34,3301,MCRHC,397,470,134,13,1445,2720
39,124,2094,217,12,16,468,679,77,475,2021-05-01,44,3301,MCRHC,392,469,151,16,1585,2773
47,149,2079,166,12,16,468,690,104,450,2021-02-15,61,3301,MCRHC,362,466,253,16,1116,2769
32,128,2252,250,12,16,468,518,83,471,2021-04-28,43,3301,MCRHC,386,469,142,18,1673,2770
41,140,2024,144,12,16,468,747,117,459,2021-03-05,50,3301,MCRHC,351,468,169,19,1321,2771
42,116,2150,182,12,16,468,616,97,483,2020-11-23,56,3301,MCRHC,375,472,203,19,1339,2766
99,141,2085,210,12,16,468,596,85,453,2020-09-17,41,3301,MCRHC,384,469,120,21,977,2681
44,138,2063,183,12,16,468,709,103,461,2021-02-20,61,3301,MCRHC,367,470,204,24,1381,2772
40,134,2152,183,12,17,468,619,96,465,2021-04-17,31,3301,MCRHC,373,469,118,7,1542,2771
56,115,2095,187,12,17,468,597,97,479,2020-11-09,30,3301,MCRHC,375,472,126,10,1433,2692
51,200,2244,229,12,17,468,499,76,399,2021-07-21,36,3301,MCRHC,381,457,141,12,1648,2743
41,209,2148,210,12,17,468,596,75,390,2021-07-13,38,3301,MCRHC,383,458,104,14,1767,2744
52,113,2185,205,12,17,468,513,87,481,2020-11-12,40,3301,MCRHC,385,472,170,14,1547,2698
66,122,2107,191,12,17,468,611,102,472,2020-11-06,35,3301,MCRHC,370,472,128,15,1379,2718
31,123,2032,185,12,17,468,691,102,471,2020-10-25,37,3301,MCRHC,369,471,142,16,1346,2723
46,109,2015,163,12,17,468,680,118,485,2020-11-15,50,3301,MCRHC,352,470,182,16,1357,2695
99,127,2064,239,12,17,468,625,90,467,2020-10-07,34,3301,MCRHC,381,471,136,17,1451,2689
41,218,2203,230,12,17,468,555,78,381,2021-05-19,42,3301,MCRHC,383,461,112,19,1652,2758
46,129,2094,178,12,17,468,627,89,465,2020-11-04,39,3301,MCRHC,383,472,131,20,1339,2721
50,120,2146,197,12,18,468,578,85,474,2020-10-22,32,3301,MCRHC,386,471,134,8,1497,2724
31,146,2272,113,12,18,468,501,65,453,2021-04-09,32,3301,MCRHC,405,470,123,10,1518,2773
51,100,2111,168,12,18,468,615,90,499,2020-11-19,49,3301,MCRHC,382,472,184,17,1381,2726
111,132,2080,178,12,18,468,639,98,462,2020-09-02,35,3301,MCRHC,372,470,134,17,857,2719
99,130,2046,217,12,18,468,650,111,464,2020-10-12,35,3301,MCRHC,360,471,138,19,1355,2696
45,133,1948,225,12,18,468,816,107,466,2020-11-28,65,3301,MCRHC,365,472,210,22,1510,2764
37,190,2122,195,12,19,468,605,85,409,2021-07-18,35,3301,MCRHC,369,454,128,8,1542,2727
18,122,2166,155,12,19,468,608,110,477,2021-03-31,40,3301,MCRHC,360,470,133,10,1382,2774
46,196,2112,180,12,19,468,634,98,403,2021-07-16,34,3301,MCRHC,360,458,111,11,1645,2746
51,121,2056,207,12,19,468,666,90,473,2020-10-23,31,3301,MCRHC,381,471,139,11,1438,2722
35,130,2076,202,12,19,468,686,100,469,2021-05-15,41,3301,MCRHC,366,466,134,14,1445,2762
50,107,2032,186,12,19,468,662,111,487,2020-11-14,46,3301,MCRHC,360,471,163,15,1446,2694
17,129,1977,158,12,19,468,794,113,470,2021-03-20,45,3301,MCRHC,356,469,132,17,1347,2771
42,135,2234,253,12,19,468,537,66,464,2021-05-04,41,3301,MCRHC,404,470,141,17,1713,2771
56,143,2154,202,12,19,468,569,77,451,2020-10-28,28,3301,MCRHC,394,471,145,18,1501,2723
133,133,2105,259,12,19,468,595,93,461,2020-10-13,34,3301,MCRHC,378,471,136,18,1635,2700
44,218,2206,274,12,19,468,506,83,381,2021-07-28,41,3301,MCRHC,376,459,185,19,1752,2712
41,107,2082,177,12,19,468,683,101,492,2020-11-21,54,3301,MCRHC,371,472,181,20,1378,2765
50,204,2108,238,12,19,468,632,88,395,2021-07-24,40,3301,MCRHC,369,457,167,20,1710,2740
53,142,2098,178,12,19,468,693,93,421,2021-02-24,56,3301,MCRHC,376,469,205,23,1392,2791
45,138,2149,176,12,20,468,623,88,461,2021-04-16,35,3301,MCRHC,382,470,124,9,1540,2772
40,137,2048,158,12,20,468,723,107,462,2021-04-18,32,3301,MCRHC,362,469,129,10,1422,2771
47,190,2099,202,12,20,468,626,85,409,2021-07-17,35,3301,MCRHC,364,449,123,11,1645,2725
49,128,2132,296,12,20,468,639,75,471,2021-04-30,39,3301,MCRHC,394,469,142,12,1617,2771
38,203,2190,237,12,20,468,548,65,396,2021-07-22,37,3301,MCRHC,387,452,156,14,1681,2738
43,110,2166,212,12,20,468,535,82,484,2020-11-18,53,3301,MCRHC,390,472,188,14,1501,2701
58,120,2129,209,12,20,468,638,93,479,2020-11-24,59,3301,MCRHC,379,472,202,21,1479,2767
50,218,2172,267,12,20,468,534,93,381,2021-07-29,49,3301,MCRHC,364,457,195,23,1782,2706
43,125,2180,279,12,21,468,591,81,474,2021-04-29,34,3301,MCRHC,388,469,143,13,1623,2771
53,146,2095,137,12,21,468,673,102,453,2021-02-19,57,3301,MCRHC,368,470,212,20,1166,2768
42,148,2120,180,12,21,468,652,102,451,2021-02-18,51,3301,MCRHC,368,470,228,22,1318,2772
51,136,2008,172,12,21,468,758,88,463,2021-02-27,54,3301,MCRHC,381,469,195,25,1335,2766
57,120,2099,197,12,22,468,623,93,474,2020-10-16,34,3301,MCRHC,377,470,139,11,1369,2722
24,127,2044,157,12,22,468,726,96,472,2021-03-13,40,3301,MCRHC,371,467,137,12,1410,2770
46,209,2176,267,12,22,468,525,84,390,2021-07-27,35,3301,MCRHC,374,458,177,16,1825,2701
30,135,2108,226,12,22,468,659,87,464,2021-05-07,50,3301,MCRHC,380,467,148,22,1542,2767
58,134,1942,188,12,22,468,825,94,465,2020-11-26,61,3301,MCRHC,378,472,204,22,1352,2767
42,230,2136,323,12,22,468,569,89,369,2021-08-02,59,3301,MCRHC,369,458,240,32,1627,2705
45,221,2089,278,12,22,468,615,90,378,2021-08-01,59,3301,MCRHC,368,458,228,32,1616,2704
46,116,2148,217,12,23,468,573,85,478,2020-10-20,30,3301,MCRHC,385,470,125,15,1551,2721
45,220,2167,250,12,24,468,554,79,379,2021-07-26,37,3301,MCRHC,379,458,174,19,1577,2721
54,138,2088,173,12,24,468,679,92,461,2021-02-13,67,3301,MCRHC,372,464,272,19,1269,2767
44,140,2098,168,12,24,468,668,90,459,2021-03-03,66,3301,MCRHC,378,468,179,21,1354,2766
52,134,2044,163,12,25,468,745,97,465,2021-02-25,56,3301,MCRHC,372,469,194,20,1376,2789
49,138,1990,175,12,25,468,776,99,461,2021-02-28,56,3301,MCRHC,370,469,194,25,1254,2766
47,164,2122,198,12,25,468,662,83,435,2021-02-09,84,3301,MCRHC,388,471,302,32,1483,2784
55,102,2092,173,12,26,468,671,106,497,2020-11-20,54,3301,MCRHC,366,472,185,18,1286,2763
50,119,2124,230,12,26,468,636,96,480,2020-11-30,62,3301,MCRHC,376,472,232,21,1387,2760
52,233,2118,318,12,26,468,585,78,366,2021-08-03,60,3301,MCRHC,375,453,244,34,1895,2703
56,115,2099,212,12,27,468,598,98,479,2020-11-16,47,3301,MCRHC,372,470,182,15,1446,2697
58,121,2012,168,12,27,468,755,111,478,2020-11-25,61,3301,MCRHC,361,472,200,24,1262,2767
48,225,2134,284,12,27,468,567,95,374,2021-07-30,53,3301,MCRHC,359,454,211,25,1638,2701
51,110,2103,163,12,28,468,663,99,489,2020-11-22,52,3301,MCRHC,373,472,186,17,1321,2766
50,154,2095,173,12,28,468,689,86,445,2021-02-08,81,3301,MCRHC,385,471,313,29,1185,2784
61,159,2160,209,12,28,468,595,65,440,2020-12-11,68,3301,MCRHC,404,469,291,36,1332,2755
63,139,2071,144,12,29,468,698,92,460,2021-02-14,67,3301,MCRHC,374,466,262,21,1146,2769
48,124,2164,210,12,29,468,582,99,475,2020-12-03,65,3301,MCRHC,373,472,253,25,1418,2746
60,164,2183,200,12,29,468,598,88,435,2021-02-04,85,3301,MCRHC,383,471,346,34,1319,2781
60,128,1987,232,12,30,468,772,107,471,2020-11-29,65,3301,MCRHC,365,472,224,23,1407,2759
67,145,2205,250,12,31,468,551,78,454,2020-12-08,70,3301,MCRHC,392,470,274,34,1518,2756
50,139,2182,212,12,32,468,590,88,460,2021-04-20,38,3301,MCRHC,382,470,146,11,1712,2772
53,165,2167,188,12,32,468,603,93,434,2021-02-17,59,3301,MCRHC,374,467,253,21,1416,2770
81,155,2150,213,12,32,468,605,67,444,2020-12-14,86,3301,MCRHC,402,469,322,36,1359,2755
58,222,2058,315,12,33,468,639,93,377,2021-07-31,52,3301,MCRHC,360,453,213,28,1659,2697
55,158,2050,187,12,33,468,744,102,441,2021-02-06,90,3301,MCRHC,369,471,315,29,1383,2794
55,177,2117,227,12,33,468,670,97,422,2021-01-18,107,3301,MCRHC,374,471,466,47,1202,2787
51,135,2091,225,12,34,468,645,88,464,2020-12-05,69,3301,MCRHC,383,471,250,25,1361,2736
56,126,2141,231,12,35,468,615,76,473,2020-12-07,70,3301,MCRHC,394,470,270,25,1385,2756
58,173,2117,195,12,35,468,674,87,426,2021-01-29,90,3301,MCRHC,384,471,398,32,1259,2791
57,170,2149,199,12,35,468,645,89,427,2021-01-25,96,3301,MCRHC,383,472,407,33,1270,2794
66,154,2093,206,12,35,468,664,83,445,2020-12-13,74,3301,MCRHC,386,469,297,36,1344,2757
58,160,2101,188,12,36,468,681,106,439,2021-02-01,87,3301,MCRHC,365,471,378,30,1157,2782
60,155,2117,191,12,36,468,670,110,444,2020-12-20,74,3301,MCRHC,360,470,347,37,1227,2787
50,143,2095,211,12,37,468,643,82,456,2020-12-06,66,3301,MCRHC,387,469,253,29,1266,2738
52,163,2177,245,12,37,468,638,95,436,2021-01-07,107,3301,MCRHC,382,477,468,43,1359,2815
61,171,2096,209,12,37,468,693,84,428,2021-01-17,107,3301,MCRHC,387,471,469,45,1249,2789
51,153,2279,222,12,38,468,503,79,446,2020-12-17,79,3301,MCRHC,390,469,345,32,1240,2782
57,158,2153,219,12,38,468,646,86,441,2020-12-21,81,3301,MCRHC,384,470,343,35,1170,2799
49,232,2145,317,12,38,468,562,82,367,2021-08-04,69,3301,MCRHC,377,459,258,36,1644,2707
67,164,2044,219,12,38,468,754,96,435,2020-12-27,80,3301,MCRHC,371,467,373,36,1379,2798
68,162,2139,224,12,39,468,639,94,437,2021-02-02,87,3301,MCRHC,377,471,369,33,1407,2778
71,150,2220,202,12,39,468,536,77,449,2020-12-09,62,3301,MCRHC,393,470,277,37,1437,2756
62,172,2095,193,12,39,468,698,85,427,2021-01-30,93,3301,MCRHC,386,471,391,38,1296,2793
67,162,2125,197,12,40,468,658,99,437,2021-02-05,94,3301,MCRHC,372,471,340,31,1356,2783
77,142,2256,249,12,41,468,524,78,457,2020-12-18,72,3301,MCRHC,390,468,354,31,1352,2780
66,157,2002,257,12,41,468,810,91,441,2021-01-02,102,3301,MCRHC,385,476,448,36,1371,2812
73,174,2174,203,12,42,468,614,83,425,2021-01-28,88,3301,MCRHC,389,472,417,34,1335,2788
76,169,2178,269,12,42,468,621,88,430,2020-12-22,81,3301,MCRHC,381,469,355,36,1456,2799
63,168,2184,199,12,42,468,597,82,431,2021-02-03,88,3301,MCRHC,389,471,366,39,1327,2781
55,159,2142,198,12,42,468,668,81,440,2021-01-11,104,3301,MCRHC,387,468,505,46,1241,2810
64,174,2100,245,12,44,468,693,88,425,2021-01-23,93,3301,MCRHC,384,472,405,38,1373,2793
65,190,2158,246,12,44,468,630,74,409,2021-01-19,103,3301,MCRHC,398,472,448,42,1406,2788
68,159,2185,251,12,45,468,616,92,440,2020-12-29,91,3301,MCRHC,379,471,395,38,1567,2801
71,195,2182,248,12,45,468,604,64,404,2021-01-21,106,3301,MCRHC,408,472,417,44,1387,2786
66,167,2104,201,12,46,468,686,94,432,2021-01-31,86,3301,MCRHC,377,471,378,35,1216,2790
74,169,2044,264,12,47,468,767,97,430,2021-01-03,104,3301,MCRHC,379,476,461,38,1476,2811
67,156,1958,215,12,49,468,841,107,443,2020-12-24,68,3301,MCRHC,357,464,354,27,1275,2799
65,171,2081,213,12,50,468,729,90,428,2021-01-10,97,3301,MCRHC,378,468,486,46,1216,2810
70,166,2145,223,12,51,468,653,90,433,2020-12-28,86,3301,MCRHC,377,467,410,35,1331,2798
73,160,2193,243,12,52,468,618,95,439,2020-12-30,94,3301,MCRHC,382,477,434,38,1445,2811
72,177,2136,237,12,54,468,656,91,422,2021-01-15,104,3301,MCRHC,380,471,465,43,1337,2792
75,172,2190,264,12,56,468,605,76,427,2021-01-26,96,3301,MCRHC,396,472,447,35,1489,2795
83,173,2208,295,12,56,468,599,67,426,2021-01-12,102,3301,MCRHC,401,468,513,48,1441,2807
84,198,2166,220,12,57,468,622,69,401,2021-01-20,100,3301,MCRHC,403,472,434,41,1396,2788
68,167,1998,257,12,58,468,816,93,432,2021-01-01,102,3301,MCRHC,385,478,429,38,1327,2814
80,156,2132,214,12,58,468,677,86,443,2021-01-09,93,3301,MCRHC,382,468,479,38,1246,2809
76,164,2263,245,12,59,468,497,75,435,2020-12-15,83,3301,MCRHC,398,473,327,37,1451,2760
75,167,2182,260,12,60,468,632,90,432,2021-01-06,107,3301,MCRHC,388,478,482,39,1414,2814
79,164,2110,242,12,62,468,681,96,435,2021-01-16,105,3301,MCRHC,375,471,480,37,1334,2791
81,204,2128,228,12,62,468,665,70,395,2021-01-22,100,3301,MCRHC,402,472,406,41,1400,2793
89,161,2016,232,12,66,468,798,118,438,2020-12-31,95,3301,MCRHC,359,477,417,33,1406,2814
84,217,3048,0,13,37,687,943,67,494,2020-09-01,69,4815,MHPC,319,386,232,44,0,3991
,121,1810,,14,,687,1471,219,331,2020-04-12,,4815,MHPC,317,536,81,,,3281
,135,2484,,14,,687,1374,222,469,2020-04-26,,4815,MHPC,343,565,123,,,3858
,135,2270,,14,,687,1618,231,438,2020-04-09,,4815,MHPC,338,569,132,,,3888
,135,2039,,14,,687,1957,253,524,2020-04-06,,4815,MHPC,317,570,128,,,3996
158,217,2901,,14,29,687,1108,72,536,2020-08-01,95,4815,MHPC,323,395,302,,,4009
105,212,3193,,14,32,687,728,48,516,2020-07-18,78,4815,MHPC,358,406,314,,,3921
,197,3006,,15,,687,948,100,549,2020-05-21,,4815,MHPC,335,435,87,,,3954
,131,2303,,15,,687,1696,148,451,2020-04-08,,4815,MHPC,258,406,121,,,3999
,159,2575,,15,,687,1485,170,515,2020-04-29,,4815,MHPC,255,425,128,,,4060
,127,2625,,15,,687,1414,184,598,2020-04-23,,4815,MHPC,278,462,133,,,4039
,132,2533,,15,,687,1471,198,501,2020-04-25,,4815,MHPC,379,577,128,,,4004
,138,2491,,15,,687,1485,224,544,2020-04-21,,4815,MHPC,359,583,125,,,3976
,131,2450,,15,,687,1473,228,486,2020-04-16,,4815,MHPC,351,579,113,,,3923
,125,2377,,15,,687,1603,243,458,2020-04-10,,4815,MHPC,332,575,128,,,3980
82,176,2864,,15,11,687,1028,76,544,2020-06-08,56,4815,MHPC,360,436,163,,,3892
116,203,3060,,15,16,687,804,82,530,2020-06-20,73,4815,MHPC,370,452,205,,,3864
91,217,2923,25,15,16,687,1311,111,516,2020-09-06,72,4815,MHPC,294,405,224,51,168,4234
77,227,3146,,15,18,687,831,83,489,2020-06-13,62,4815,MHPC,335,418,197,,,3977
68,205,2888,43,15,18,687,1366,114,528,2020-09-07,75,4815,MHPC,292,406,230,46,173,4254
125,214,2906,,15,19,687,1208,96,556,2020-08-10,79,4815,MHPC,311,407,287,,,4114
105,237,3182,,15,23,687,783,76,513,2020-07-19,84,4815,MHPC,330,406,317,,,3965
75,222,3115,35,15,23,687,1130,94,511,2020-09-03,76,4815,MHPC,311,405,244,48,204,4245
149,201,3106,,15,24,687,1008,65,570,2020-08-03,93,4815,MHPC,345,410,330,,,4114
111,225,3245,,15,25,687,857,64,547,2020-07-30,93,4815,MHPC,343,407,315,,,4102
133,220,2845,,15,25,687,1267,86,550,2020-08-02,100,4815,MHPC,321,407,312,,,4112
77,222,3083,27,15,25,687,1151,90,512,2020-09-04,76,4815,MHPC,315,405,239,54,186,4234
69,194,2610,,15,26,687,1179,103,552,2020-08-16,77,4815,MHPC,307,410,273,,,3789
116,219,3114,,15,26,687,1010,88,554,2020-08-07,84,4815,MHPC,319,407,313,,,4124
57,216,3000,60,15,26,687,1253,102,517,2020-09-08,76,4815,MHPC,304,406,228,47,353,4253
97,232,3239,29,15,26,687,1016,78,501,2020-09-02,78,4815,MHPC,328,406,244,47,206,4255
85,234,3172,,15,28,687,831,38,519,2020-07-20,87,4815,MHPC,348,386,333,,,4003
104,208,3112,,15,28,687,996,88,566,2020-08-05,83,4815,MHPC,325,413,313,,,4108
139,218,2928,,15,28,687,1195,114,551,2020-08-08,77,4815,MHPC,293,407,300,,,4123
88,207,2977,35,15,28,687,1257,104,526,2020-09-05,80,4815,MHPC,301,405,237,52,220,4234
104,215,2859,,15,30,687,1161,76,562,2020-07-25,88,4815,MHPC,327,403,315,,,4020
93,205,3187,,15,31,687,785,88,523,2020-06-27,48,4815,MHPC,361,449,243,,,3972
83,216,2875,,15,32,687,1228,96,557,2020-07-26,91,4815,MHPC,311,407,341,,,4103
69,223,2926,,15,34,687,1179,83,550,2020-07-27,94,4815,MHPC,324,407,349,,,4105
134,222,3103,,15,35,687,1012,87,552,2020-08-06,94,4815,MHPC,320,407,310,,,4115
140,216,3092,,15,35,687,1009,76,565,2020-07-24,88,4815,MHPC,331,407,308,,,4101
106,214,3400,,15,36,687,612,45,546,2020-07-16,72,4815,MHPC,371,416,332,,,4012
156,214,3323,,15,40,687,779,69,558,2020-07-29,93,4815,MHPC,338,407,347,,,4102
102,204,3082,,15,46,687,1023,74,575,2020-07-23,85,4815,MHPC,333,407,301,,,4105
,222,3305,,16,,687,837,47,638,2020-06-02,,4815,MHPC,513,560,143,,,4142
,213,3251,,16,,687,907,56,554,2020-05-28,,4815,MHPC,344,400,138,,,4158
,191,2888,,16,,687,1255,85,571,2020-05-12,,4815,MHPC,344,429,86,,,4143
,205,2957,,16,,687,1170,90,513,2020-05-25,,4815,MHPC,470,560,121,,,4127
,209,3106,,16,,687,1053,95,555,2020-05-23,,4815,MHPC,446,541,85,,,4159
,221,3118,,16,,687,1040,97,552,2020-05-27,,4815,MHPC,333,430,133,,,4158
,193,3170,,16,,687,927,98,567,2020-05-20,,4815,MHPC,351,449,94,,,4097
,187,3080,,16,,687,1016,106,579,2020-05-19,,4815,MHPC,343,449,95,,,4096
,130,2916,,16,,687,1226,117,755,2020-05-08,,4815,MHPC,423,540,93,,,4142
,163,2892,,16,,687,1250,122,722,2020-05-06,,4815,MHPC,303,425,107,,,4142
,205,3037,,16,,687,1057,126,601,2020-06-01,,4815,MHPC,442,568,141,,,4094
,189,2985,,16,,687,1112,134,582,2020-05-14,,4815,MHPC,295,429,82,,,4097
,183,2750,,16,,687,1344,143,702,2020-05-11,,4815,MHPC,424,567,87,,,4094
,118,2700,,16,,687,1206,147,612,2020-05-07,,4815,MHPC,302,449,112,,,3906
,170,2854,,16,,687,1240,166,587,2020-05-18,,4815,MHPC,402,568,93,,,4094
,159,2633,,16,,687,1424,167,492,2020-04-28,,4815,MHPC,282,449,132,,,4057
,157,2693,,16,,687,1419,189,558,2020-04-30,,4815,MHPC,260,449,127,,,4112
,190,2791,,16,,687,1330,194,562,2020-05-17,,4815,MHPC,374,568,90,,,4121
,152,2582,,16,,687,1493,215,594,2020-05-02,,4815,MHPC,372,587,118,,,4075
,128,2411,,16,,687,1699,220,482,2020-04-14,,4815,MHPC,371,591,123,,,4110
,141,2593,,16,,687,1501,221,465,2020-04-24,,4815,MHPC,364,585,129,,,4094
,165,2544,,16,,687,1389,221,582,2020-05-03,,4815,MHPC,366,587,115,,,3933
,168,2598,,16,,687,1496,223,580,2020-05-04,,4815,MHPC,364,587,113,,,4094
,167,2682,,16,,687,1430,232,580,2020-05-01,,4815,MHPC,355,587,126,,,4112
,148,2393,,16,,687,1674,248,603,2020-04-19,,4815,MHPC,339,587,111,,,4067
,129,2221,,16,,687,1833,254,377,2020-04-13,,4815,MHPC,337,591,121,,,4054
,128,2186,,16,,687,1911,275,472,2020-04-11,,4815,MHPC,316,591,117,,,4097
109,206,3027,,16,10,687,983,88,524,2020-06-21,62,4815,MHPC,499,587,222,,,4010
84,225,3319,,16,11,687,778,56,499,2020-06-10,63,4815,MHPC,374,430,169,,,4097
72,190,3288,,16,14,687,792,88,555,2020-06-17,58,4815,MHPC,361,449,211,,,4080
106,232,3329,,16,15,687,733,82,522,2020-06-19,79,4815,MHPC,391,473,211,,,4062
66,230,3003,,16,16,687,1085,107,501,2020-06-14,58,4815,MHPC,461,568,214,,,4088
115,206,3019,,16,17,687,1009,62,529,2020-06-07,53,4815,MHPC,520,582,165,,,4028
115,220,3152,,16,17,687,927,40,517,2020-06-06,61,4815,MHPC,406,446,156,,,4079
82,237,3056,,16,18,687,1017,93,505,2020-06-22,63,4815,MHPC,494,587,221,,,4073
89,210,3417,,16,18,687,654,99,512,2020-06-24,64,4815,MHPC,362,461,224,,,4071
138,228,3496,,16,18,687,646,42,508,2020-06-05,60,4815,MHPC,408,450,144,,,4142
80,201,3198,,16,20,687,644,51,524,2020-07-11,75,4815,MHPC,326,377,300,,,3842
96,226,3392,,16,20,687,702,61,499,2020-06-11,61,4815,MHPC,369,430,178,,,4094
126,280,3335,,16,20,687,735,59,456,2020-06-12,64,4815,MHPC,383,442,190,,,4070
103,208,2936,,16,21,687,1303,109,575,2020-08-15,78,4815,MHPC,328,437,261,,,4239
120,204,3391,,16,21,687,1369,100,576,2020-08-24,66,4815,MHPC,332,432,243,,,4760
139,219,3329,,16,21,687,1437,117,563,2020-08-22,72,4815,MHPC,315,432,245,,,4766
153,230,3244,,16,21,687,818,77,506,2020-06-16,53,4815,MHPC,372,449,197,,,4062
85,210,3450,0,16,21,687,1236,115,572,2020-08-30,54,4815,MHPC,317,432,250,44,0,4686
112,219,3139,,16,22,687,1067,102,565,2020-08-12,89,4815,MHPC,324,426,286,,,4206
119,216,3063,,16,23,687,945,75,548,2020-07-13,76,4815,MHPC,341,416,305,,,4008
119,231,3247,,16,24,687,821,61,625,2020-06-18,67,4815,MHPC,388,449,202,,,4068
102,230,3394,,16,25,687,648,43,540,2020-07-21,92,4815,MHPC,346,389,325,,,4042
104,196,2980,,16,25,687,1019,127,558,2020-06-29,62,4815,MHPC,460,587,245,,,3999
105,215,3128,,16,25,687,1119,94,567,2020-08-14,84,4815,MHPC,343,437,263,,,4247
110,220,3355,0,16,25,687,1346,94,560,2020-08-31,64,4815,MHPC,338,432,257,43,0,4701
101,208,3342,,16,26,687,1386,84,572,2020-08-17,83,4815,MHPC,353,437,288,,,4728
113,193,3020,,16,26,687,780,76,532,2020-07-12,71,4815,MHPC,301,377,301,,,3800
64,223,3030,,16,27,687,1003,125,525,2020-07-05,64,4815,MHPC,443,568,280,,,4033
92,197,2946,,16,27,687,1128,103,546,2020-06-28,62,4815,MHPC,461,564,240,,,4074
124,212,3592,,16,27,687,1161,86,570,2020-08-18,83,4815,MHPC,351,437,268,,,4753
114,213,3656,0,16,28,687,1054,85,569,2020-08-27,71,4815,MHPC,347,432,250,43,0,4710
128,211,3480,,16,29,687,1226,97,570,2020-08-25,69,4815,MHPC,335,432,245,,,4706
94,212,3520,0,16,29,687,1188,93,568,2020-08-26,73,4815,MHPC,339,432,242,45,0,4708
117,226,3366,,16,30,687,704,42,521,2020-07-07,65,4815,MHPC,355,397,265,,,4070
100,186,3035,,16,33,687,1057,81,556,2020-07-04,64,4815,MHPC,337,418,285,,,4092
178,227,3466,,16,35,687,591,56,530,2020-07-08,75,4815,MHPC,341,397,279,,,4057
83,228,3529,,16,36,687,515,40,527,2020-07-22,88,4815,MHPC,357,397,329,,,4044
97,212,3547,,16,36,687,1210,90,571,2020-08-19,71,4815,MHPC,347,437,264,,,4757
99,177,3419,,16,39,687,654,43,569,2020-07-02,65,4815,MHPC,399,442,279,,,4073
128,210,3423,,16,41,687,628,67,549,2020-07-09,69,4815,MHPC,330,397,309,,,4051
100,218,3339,,16,42,687,803,62,501,2020-06-03,61,4815,MHPC,387,449,142,,,4142
82,219,3482,,16,43,687,600,47,548,2020-07-17,79,4815,MHPC,369,416,328,,,4082
122,231,3240,,16,65,687,814,5,504,2020-06-09,63,4815,MHPC,425,430,171,,,4054
26,201,3749,311,17,16,687,845,52,599,2020-09-24,50,4815,MHPC,363,415,201,30,2139,4594
47,213,3288,303,17,25,687,970,83,520,2020-09-09,66,4815,MHPC,323,406,222,47,2124,4258
4,218,3564,213,18,5,687,1198,66,550,2021-07-07,16,4815,MHPC,354,420,85,8,2889,4762
3,186,3747,189,18,5,687,1086,74,483,2021-06-23,19,4815,MHPC,367,441,74,10,2596,4833
4,209,3438,149,18,5,687,1313,100,560,2021-06-26,14,4815,MHPC,320,420,58,10,2669,4751
7,223,3619,196,18,5,687,1217,83,542,2021-06-21,20,4815,MHPC,358,441,84,11,2315,4836
7,235,3482,194,18,5,687,1353,87,530,2021-06-20,23,4815,MHPC,354,441,87,15,2395,4835
13,216,3250,167,18,5,687,1375,81,549,2021-07-05,17,4815,MHPC,339,420,82,25,2438,4625
8,217,3451,191,18,6,687,1312,86,551,2021-07-11,21,4815,MHPC,334,420,83,9,2617,4763
8,213,3652,247,18,6,687,1096,65,555,2021-07-14,31,4815,MHPC,355,420,102,16,2768,4748
6,212,3758,225,18,6,687,1078,69,553,2021-06-08,25,4815,MHPC,367,436,103,17,2897,4836
8,219,3612,188,18,7,687,1149,62,549,2021-07-08,21,4815,MHPC,358,420,77,9,2805,4761
3,211,3802,212,18,7,687,1040,69,554,2021-06-22,19,4815,MHPC,372,441,73,11,3062,4842
9,195,3718,165,18,7,687,1117,75,566,2021-06-24,19,4815,MHPC,366,441,69,12,2637,4835
7,226,3726,172,18,7,687,1109,77,539,2021-06-18,23,4815,MHPC,364,441,99,14,2542,4835
10,219,3553,176,18,8,687,1210,78,549,2021-07-09,18,4815,MHPC,342,420,68,7,2635,4763
13,207,3423,162,18,8,687,1328,105,562,2021-06-27,14,4815,MHPC,315,420,58,10,2468,4751
7,212,3598,142,18,8,687,1152,88,557,2021-06-28,15,4815,MHPC,332,420,61,11,2525,4750
6,205,3607,224,18,8,687,1230,96,556,2021-06-13,25,4815,MHPC,345,441,94,18,2431,4837
8,207,3489,204,18,9,687,1274,70,561,2021-07-10,20,4815,MHPC,350,420,72,8,2659,4763
8,218,3547,207,18,9,687,1209,67,551,2021-07-12,29,4815,MHPC,353,420,91,10,2710,4756
8,220,3769,216,18,9,687,1066,59,546,2021-06-17,23,4815,MHPC,382,441,103,12,2633,4835
7,215,3387,169,18,9,687,1243,83,550,2021-07-03,14,4815,MHPC,337,420,68,25,2568,4630
9,205,3522,171,18,10,687,1229,92,564,2021-06-25,15,4815,MHPC,328,420,67,11,2560,4751
12,221,3572,219,18,10,687,1254,76,635,2021-06-02,40,4815,MHPC,360,436,121,25,2745,4826
18,216,3379,184,18,10,687,1251,83,549,2021-07-04,17,4815,MHPC,337,420,79,25,2410,4630
10,223,3438,201,18,10,687,1379,98,631,2021-05-30,41,4815,MHPC,341,439,135,26,2443,4817
1,223,3456,195,18,10,687,1361,111,637,2021-05-23,47,4815,MHPC,328,439,145,27,2326,4817
7,215,3738,241,18,11,687,1085,64,550,2021-06-16,23,4815,MHPC,377,441,101,15,2679,4823
13,224,3413,206,18,11,687,1404,106,630,2021-05-31,41,4815,MHPC,333,439,123,25,2398,4817
9,227,3568,193,18,11,687,1249,79,633,2021-05-22,45,4815,MHPC,360,439,148,26,2557,4817
3,216,3410,152,18,12,687,1220,81,549,2021-07-02,16,4815,MHPC,339,420,70,8,2584,4630
10,200,3751,200,18,12,687,1091,69,565,2021-06-10,23,4815,MHPC,372,441,108,17,2630,4842
10,216,3658,189,18,12,687,1175,79,549,2021-06-12,23,4815,MHPC,362,441,98,17,2527,4833
15,213,3648,184,18,12,687,1179,88,552,2021-06-07,27,4815,MHPC,348,436,111,17,2597,4827
5,232,3572,193,18,13,687,1263,84,533,2021-06-19,26,4815,MHPC,357,441,94,15,2546,4835
7,222,3597,179,18,13,687,1216,91,632,2021-05-29,42,4815,MHPC,348,439,139,26,2509,4813
17,224,3742,208,18,13,687,1113,61,631,2021-05-27,43,4815,MHPC,378,439,141,26,2571,4855
17,216,3643,175,18,14,687,1102,63,549,2021-06-30,16,4815,MHPC,357,420,70,10,2610,4745
17,204,3565,234,18,14,687,1185,86,562,2021-07-17,30,4815,MHPC,334,420,116,15,2715,4750
4,203,3636,204,18,14,687,1114,66,565,2021-07-15,32,4815,MHPC,354,420,107,16,2835,4750
12,237,3736,262,18,14,687,1097,76,623,2021-05-20,49,4815,MHPC,364,440,177,26,2588,4833
17,223,3801,246,18,14,687,1021,72,632,2021-05-26,44,4815,MHPC,367,439,144,27,2715,4822
3,233,3571,211,18,14,687,1246,78,627,2021-05-24,48,4815,MHPC,361,439,147,30,2514,4817
3,213,3695,197,18,15,687,1122,76,552,2021-06-15,24,4815,MHPC,365,441,108,15,2840,4817
3,230,3698,201,18,15,687,1136,72,626,2021-06-03,37,4815,MHPC,364,436,133,23,2554,4834
5,238,3693,237,18,15,687,1141,63,586,2021-06-04,35,4815,MHPC,373,436,127,24,2557,4834
8,230,3684,225,18,15,687,1133,77,630,2021-05-21,47,4815,MHPC,362,439,158,26,2651,4817
11,214,3588,303,18,15,687,1227,90,642,2021-05-17,58,4815,MHPC,351,441,195,29,2417,4815
9,212,3525,264,18,15,687,1315,104,644,2021-05-16,60,4815,MHPC,336,440,205,31,2322,4840
9,207,3626,258,18,16,687,1124,72,559,2021-07-16,30,4815,MHPC,348,420,114,15,2702,4750
37,230,3662,257,18,16,687,1120,96,626,2021-03-04,71,4815,MHPC,364,460,269,35,2237,4782
10,199,3782,183,18,17,687,1055,76,566,2021-06-09,24,4815,MHPC,360,436,115,17,2653,4837
30,212,3653,265,18,17,687,1174,113,649,2021-03-18,49,4815,MHPC,347,460,207,25,2231,4827
12,224,3715,207,18,18,687,1098,67,630,2021-05-28,45,4815,MHPC,372,439,147,28,2467,4813
33,218,3515,275,18,18,687,1291,107,640,2021-03-09,54,4815,MHPC,353,460,214,30,2433,4806
43,236,3716,223,18,18,687,1067,74,618,2021-03-03,74,4815,MHPC,386,460,297,39,2192,4783
13,207,3519,259,18,19,687,1312,129,654,2021-03-21,49,4815,MHPC,331,460,186,24,2124,4831
31,213,3789,290,18,19,687,1014,88,643,2021-03-25,46,4815,MHPC,372,460,202,24,2415,4803
94,244,3500,441,18,19,687,1172,68,571,2020-10-09,63,4815,MHPC,364,432,209,33,2436,4672
26,227,3842,341,18,19,687,965,70,628,2021-04-29,67,4815,MHPC,382,452,265,35,2724,4807
11,247,3489,277,18,19,687,1348,102,611,2021-05-09,74,4815,MHPC,340,442,249,45,2516,4837
124,243,3632,435,18,19,687,1045,55,591,2020-10-29,83,4815,MHPC,373,428,281,52,2251,4677
4,215,3505,283,18,20,687,1244,89,554,2021-07-19,37,4815,MHPC,331,420,142,18,2565,4749
25,208,3605,311,18,20,687,1226,108,653,2021-03-20,52,4815,MHPC,352,460,181,24,2311,4831
34,214,3532,301,18,20,687,1275,103,647,2021-03-10,53,4815,MHPC,357,460,200,28,2360,4807
18,215,3573,315,18,21,687,1238,109,641,2021-03-29,47,4815,MHPC,351,460,201,24,2227,4811
27,222,3702,326,18,21,687,1113,98,635,2021-04-08,55,4815,MHPC,362,460,241,26,2453,4815
21,210,3530,296,18,21,687,1278,119,651,2021-03-11,50,4815,MHPC,342,461,207,31,2177,4808
82,238,3333,376,18,21,687,1117,99,529,2020-09-16,59,4815,MHPC,328,427,204,36,2273,4450
15,248,3694,314,18,21,687,1143,73,609,2021-05-06,69,4815,MHPC,369,442,268,42,2693,4837
9,245,3559,245,18,21,687,1278,98,613,2021-05-08,77,4815,MHPC,344,442,252,43,2502,4837
11,255,3655,300,18,21,687,1182,85,603,2021-05-07,68,4815,MHPC,357,442,268,43,2629,4837
10,225,3684,246,18,22,687,1136,67,630,2021-05-19,55,4815,MHPC,374,441,185,27,2636,4820
11,226,3488,263,18,22,687,1325,107,631,2021-03-15,48,4815,MHPC,353,460,210,28,2437,4813
90,223,3432,592,18,22,687,1234,87,588,2020-09-28,55,4815,MHPC,340,427,208,28,2099,4666
27,239,3370,247,18,22,687,1405,118,651,2021-02-28,78,4815,MHPC,344,462,299,34,1998,4775
13,237,3639,267,18,22,687,1197,66,621,2021-05-13,63,4815,MHPC,374,440,231,38,2340,4836
114,239,3556,420,18,22,687,1151,69,590,2020-10-17,66,4815,MHPC,358,427,274,44,2325,4707
6,211,3636,224,18,23,687,1123,56,558,2021-07-13,31,4815,MHPC,364,420,101,10,2963,4759
29,202,3490,275,18,23,687,1322,118,654,2021-03-28,50,4815,MHPC,342,460,191,24,2183,4812
107,241,3609,516,18,23,687,1038,56,574,2020-10-08,67,4815,MHPC,380,436,215,29,2475,4647
39,226,3719,233,18,23,687,1051,99,631,2021-03-05,63,4815,MHPC,361,460,269,34,2241,4770
15,235,3760,309,18,23,687,1068,55,622,2021-05-12,67,4815,MHPC,385,440,220,36,2593,4828
33,237,3458,245,18,23,687,1306,117,654,2021-03-01,76,4815,MHPC,344,461,307,39,2169,4764
119,251,3682,428,18,23,687,1010,69,577,2020-10-16,60,4815,MHPC,358,427,265,43,2315,4692
72,213,3434,498,18,24,687,1252,99,598,2020-09-27,51,4815,MHPC,328,427,205,26,2078,4686
34,243,3642,324,18,24,687,1162,93,616,2021-04-07,55,4815,MHPC,367,460,246,28,2523,4804
72,200,3579,425,18,24,687,1107,87,612,2020-09-25,47,4815,MHPC,340,427,194,28,2126,4686
88,244,3571,288,18,25,687,1100,71,570,2020-09-30,54,4815,MHPC,356,427,203,26,2281,4671
62,241,3490,352,18,25,687,1198,94,533,2020-09-21,48,4815,MHPC,333,427,198,30,2003,4688
95,209,3521,339,18,25,687,1196,98,521,2020-09-12,65,4815,MHPC,335,433,194,45,1950,4717
96,260,3574,416,18,25,687,1068,74,569,2020-10-23,82,4815,MHPC,355,429,275,52,2320,4642
5,212,3442,216,18,26,687,1307,89,554,2021-07-18,33,4815,MHPC,331,420,124,15,2551,4749
127,234,3642,527,18,26,687,1036,60,582,2020-10-07,64,4815,MHPC,369,429,226,30,2500,4678
26,215,3481,329,18,26,687,1343,109,646,2021-03-12,50,4815,MHPC,351,460,206,32,2334,4824
26,226,3403,288,18,26,687,1419,115,633,2021-04-03,53,4815,MHPC,345,460,231,32,2171,4822
18,224,3650,292,18,26,687,1190,76,632,2021-05-14,60,4815,MHPC,364,440,222,33,2355,4840
86,245,3438,378,18,26,687,1000,105,526,2020-09-17,60,4815,MHPC,322,427,218,36,2277,4438
15,241,3772,317,18,26,687,1096,75,615,2021-05-04,69,4815,MHPC,365,440,266,39,2786,4868
112,269,3622,429,18,26,687,1032,61,561,2020-10-22,81,4815,MHPC,367,428,282,51,2322,4654
10,209,3682,311,18,27,687,1073,82,560,2021-07-21,37,4815,MHPC,338,420,183,18,2846,4755
22,200,3698,313,18,27,687,1114,81,656,2021-03-26,50,4815,MHPC,379,460,196,20,2287,4812
57,229,3535,319,18,27,687,1151,83,581,2020-10-01,50,4815,MHPC,344,427,197,24,2239,4686
89,225,3608,346,18,27,687,1071,66,586,2020-09-29,55,4815,MHPC,361,427,206,25,2593,4679
25,224,3413,229,18,27,687,1355,127,633,2021-03-07,64,4815,MHPC,333,460,240,32,1997,4768
139,239,3418,342,18,27,687,1277,96,576,2020-10-03,58,4815,MHPC,331,427,207,33,2268,4695
81,268,3296,370,18,27,687,1352,92,564,2020-11-01,87,4815,MHPC,337,429,278,55,1868,4648
30,230,3763,361,18,28,687,1052,83,639,2021-04-22,70,4815,MHPC,366,449,309,23,2507,4815
23,254,3751,277,18,28,687,1053,73,612,2021-04-26,67,4815,MHPC,376,449,304,26,2416,4804
29,213,3365,279,18,28,687,1469,118,648,2021-03-14,49,4815,MHPC,342,460,207,28,2100,4834
75,239,3385,360,18,28,687,1069,101,532,2020-09-18,60,4815,MHPC,326,427,213,37,2098,4454
112,269,3594,463,18,28,687,1047,68,561,2020-10-21,82,4815,MHPC,361,429,307,52,2444,4641
125,247,3437,504,18,28,687,1200,84,578,2020-10-25,85,4815,MHPC,346,430,295,54,2206,4637
41,219,3794,339,18,29,687,1028,89,643,2021-04-16,66,4815,MHPC,368,457,302,25,2711,4822
71,202,3708,267,18,29,687,1016,91,530,2020-09-10,67,4815,MHPC,342,433,235,44,2047,4724
110,272,3504,467,18,29,687,1145,80,552,2020-11-07,85,4815,MHPC,351,431,282,56,2235,4649
31,235,3741,386,18,30,687,1091,92,625,2021-04-13,64,4815,MHPC,379,471,278,21,2826,4832
23,235,3549,268,18,30,687,1256,128,622,2021-04-11,58,4815,MHPC,343,471,263,29,2343,4805
30,227,3509,269,18,30,687,1254,121,630,2021-03-06,66,4815,MHPC,339,460,250,34,2150,4763
11,240,3752,320,18,30,687,1069,65,615,2021-05-03,73,4815,MHPC,379,444,284,42,2595,4821
18,231,3544,235,18,30,687,1229,119,681,2021-02-22,83,4815,MHPC,347,466,346,47,1977,4773
94,255,3472,366,18,30,687,1209,75,573,2020-10-19,71,4815,MHPC,352,427,301,49,2096,4681
102,246,3552,387,18,30,687,1091,71,582,2020-10-26,78,4815,MHPC,358,429,301,50,2108,4643
99,257,3477,489,18,30,687,1172,79,567,2020-11-08,86,4815,MHPC,351,430,295,57,2157,4649
8,229,3703,357,18,31,687,1046,67,540,2021-07-26,49,4815,MHPC,353,420,266,28,2748,4749
95,244,3565,421,18,31,687,1113,61,579,2020-10-12,56,4815,MHPC,366,427,255,34,2209,4678
116,243,3742,443,18,31,687,926,61,585,2020-10-14,57,4815,MHPC,366,427,270,36,2507,4668
24,240,3702,334,18,31,687,1115,63,617,2021-05-11,71,4815,MHPC,376,439,235,38,2861,4817
95,253,3414,407,18,31,687,1270,82,573,2020-10-18,72,4815,MHPC,345,427,293,45,2086,4684
114,245,3653,552,18,31,687,1049,68,583,2020-10-27,80,4815,MHPC,362,430,289,50,2496,4702
120,249,3653,450,18,31,687,1033,73,580,2020-11-04,73,4815,MHPC,358,431,277,51,2086,4686
37,237,3353,239,18,31,687,1421,130,675,2021-02-21,87,4815,MHPC,336,466,363,52,2015,4774
33,247,3698,276,18,31,687,1076,94,665,2021-02-19,97,4815,MHPC,374,468,396,54,1972,4774
11,204,3617,301,18,32,687,1151,77,565,2021-07-20,36,4815,MHPC,343,420,165,16,3009,4768
44,215,3743,332,18,32,687,1079,110,647,2021-04-17,60,4815,MHPC,347,457,291,24,2588,4822
26,236,3681,279,18,32,687,1134,96,623,2021-04-01,51,4815,MHPC,364,460,228,27,2340,4815
25,237,3543,273,18,32,687,1278,124,620,2021-04-10,62,4815,MHPC,347,471,256,31,2413,4821
91,211,3238,419,18,32,687,1198,99,519,2020-09-14,64,4815,MHPC,326,425,207,45,1919,4436
29,216,3658,265,18,33,687,1173,95,645,2021-03-19,51,4815,MHPC,365,460,189,25,2202,4831
16,262,3684,268,18,33,687,1121,73,596,2021-04-06,56,4815,MHPC,387,460,260,28,2585,4805
8,227,3568,227,18,33,687,1272,103,629,2021-05-15,62,4815,MHPC,337,440,215,32,2414,4840
127,242,3650,463,18,33,687,1048,60,586,2020-10-13,58,4815,MHPC,367,427,266,36,2657,4698
16,236,3587,290,18,33,687,1230,100,621,2021-05-10,76,4815,MHPC,339,439,242,41,2310,4817
23,223,3835,339,18,34,687,962,72,639,2021-04-21,70,4815,MHPC,377,449,320,22,2607,4797
21,227,3680,289,18,34,687,1137,104,635,2021-03-23,44,4815,MHPC,356,460,201,25,2552,4817
20,242,3718,321,18,34,687,1098,64,613,2021-04-30,61,4815,MHPC,378,442,268,39,2529,4816
91,248,3647,463,18,34,687,1034,61,586,2020-10-28,84,4815,MHPC,367,428,295,54,2337,4681
12,215,3804,300,18,35,687,949,56,554,2021-07-22,39,4815,MHPC,364,420,203,19,2917,4753
5,224,3670,328,18,35,687,1083,60,545,2021-07-23,42,4815,MHPC,360,420,209,22,2799,4753
18,231,3832,371,18,35,687,981,67,634,2021-04-27,72,4815,MHPC,382,449,299,29,2789,4813
28,220,3602,338,18,36,687,1208,99,631,2021-04-24,69,4815,MHPC,350,449,300,26,2551,4810
26,224,3810,370,18,36,687,1021,75,631,2021-04-28,70,4815,MHPC,374,449,291,33,2777,4831
31,232,3589,284,18,36,687,1181,98,679,2021-02-25,78,4815,MHPC,362,460,338,40,2280,4770
17,238,3683,310,18,37,687,1152,79,614,2021-05-05,64,4815,MHPC,361,440,267,39,2658,4835
21,243,3703,301,18,37,687,1113,75,612,2021-05-02,67,4815,MHPC,367,442,279,43,2456,4816
109,236,3577,434,18,37,687,1063,69,596,2020-10-30,83,4815,MHPC,360,429,272,54,2311,4640
124,253,3692,421,18,37,687,1003,63,570,2020-11-05,77,4815,MHPC,367,430,282,54,2251,4695
33,242,3460,272,18,37,687,1318,127,671,2021-02-20,91,4815,MHPC,339,466,372,58,2151,4778
92,230,3512,380,18,38,687,1183,87,585,2020-10-02,53,4815,MHPC,340,427,215,26,2360,4695
126,265,3642,454,18,38,687,1041,60,564,2020-11-03,80,4815,MHPC,373,433,283,50,2312,4683
120,253,3649,511,18,38,687,1031,61,569,2020-11-10,74,4815,MHPC,366,427,303,53,2534,4680
14,244,3524,316,18,39,687,1297,107,624,2021-04-25,65,4815,MHPC,342,449,307,26,2193,4821
20,208,3646,304,18,39,687,1176,103,654,2021-04-18,64,4815,MHPC,354,457,312,27,2427,4822
102,240,3480,459,18,39,687,1192,77,578,2020-10-10,67,4815,MHPC,350,427,226,29,2365,4672
89,263,3499,478,18,39,687,1143,82,566,2020-10-24,82,4815,MHPC,347,429,284,54,2308,4642
102,248,3476,405,18,40,687,1186,76,577,2020-11-02,74,4815,MHPC,351,427,280,51,2160,4662
39,241,3609,327,18,40,687,1178,97,671,2021-02-18,94,4815,MHPC,370,467,409,52,2157,4787
123,258,3718,510,18,40,687,931,59,566,2020-11-06,82,4815,MHPC,372,431,289,55,2302,4649
22,209,3837,318,18,41,687,946,73,653,2021-04-20,69,4815,MHPC,376,449,312,21,2836,4783
6,226,3576,340,18,41,687,1177,67,543,2021-07-25,51,4815,MHPC,353,420,253,27,2694,4753
141,252,3587,599,18,41,687,1059,79,568,2020-11-17,84,4815,MHPC,348,427,358,50,2486,4646
45,242,3675,302,18,41,687,1093,99,672,2021-02-17,94,4815,MHPC,368,467,408,56,2166,4768
10,226,3566,343,18,43,687,1187,81,543,2021-07-24,50,4815,MHPC,339,420,236,26,2900,4753
6,230,3731,380,18,43,687,1035,61,539,2021-07-30,60,4815,MHPC,359,420,306,27,2873,4766
117,261,3532,512,18,43,687,1104,77,560,2020-11-12,84,4815,MHPC,352,429,339,50,2392,4636
23,264,3466,284,18,43,687,1299,104,644,2021-02-15,104,4815,MHPC,363,467,433,60,1873,4765
82,262,3371,532,18,43,687,1279,87,591,2020-11-25,111,4815,MHPC,340,427,416,61,2140,4650
45,264,3339,285,18,43,687,1370,120,631,2021-02-13,111,4815,MHPC,344,464,440,63,1962,4709
13,229,3668,473,18,45,687,1100,62,540,2021-07-31,73,4815,MHPC,358,420,324,28,2931,4768
31,242,3554,323,18,45,687,1229,107,674,2021-02-23,84,4815,MHPC,359,466,357,47,2343,4783
44,252,3566,321,18,45,687,1209,97,660,2021-02-24,82,4815,MHPC,369,466,348,47,2394,4775
115,267,3388,476,18,45,687,1250,97,552,2020-11-15,84,4815,MHPC,330,427,336,50,2174,4638
34,267,3332,313,18,45,687,1443,120,641,2021-02-14,108,4815,MHPC,347,467,445,59,1881,4775
28,212,3818,367,18,46,687,1007,88,649,2021-04-15,64,4815,MHPC,369,457,292,23,2691,4825
22,233,3810,463,18,46,687,947,52,536,2021-07-29,60,4815,MHPC,368,420,303,29,2953,4757
51,289,3706,425,18,46,687,1078,95,625,2021-02-11,125,4815,MHPC,365,460,497,85,2256,4784
4,234,3752,381,18,47,687,998,61,535,2021-07-27,51,4815,MHPC,359,420,288,29,3024,4750
9,230,3766,436,18,47,687,990,53,539,2021-07-28,56,4815,MHPC,367,420,296,29,2906,4756
56,257,4038,476,18,47,687,596,34,566,2020-11-23,97,4815,MHPC,393,427,425,55,2141,4634
99,249,3641,381,18,47,687,1009,64,575,2020-11-09,82,4815,MHPC,363,427,319,58,2169,4650
18,208,3688,317,18,48,687,1124,105,654,2021-04-19,68,4815,MHPC,352,457,323,24,2421,4812
109,246,3588,592,18,48,687,1056,67,575,2020-11-19,104,4815,MHPC,360,427,383,49,2272,4644
94,245,3457,474,18,48,687,1185,73,579,2020-11-21,93,4815,MHPC,354,427,389,50,2200,4642
38,250,3605,324,18,48,687,1172,96,664,2021-02-16,101,4815,MHPC,372,468,435,56,2246,4777
42,265,3342,393,18,48,687,1305,99,632,2020-11-27,114,4815,MHPC,328,427,458,66,1814,4647
135,243,3591,585,18,50,687,1045,71,581,2020-11-18,94,4815,MHPC,358,429,371,56,2004,4636
47,282,3803,372,18,50,687,984,82,625,2021-02-12,123,4815,MHPC,386,468,500,72,2180,4787
24,291,3525,327,18,50,687,1260,79,622,2021-02-08,136,4815,MHPC,391,470,539,85,1914,4785
13,249,3752,550,18,51,687,1019,79,520,2021-08-03,77,4815,MHPC,341,420,380,31,3254,4771
92,252,3340,486,18,51,687,1307,95,635,2020-11-28,106,4815,MHPC,333,428,471,62,2464,4647
79,242,3292,447,18,52,687,1350,86,582,2020-11-22,99,4815,MHPC,341,427,410,47,2104,4642
76,274,3600,600,18,52,687,1195,62,586,2020-12-19,163,4815,MHPC,394,456,676,96,2160,4795
124,274,3943,626,18,53,687,784,47,582,2020-12-10,130,4815,MHPC,388,435,585,67,2364,4727
60,326,3662,478,18,54,687,1138,74,584,2021-01-29,167,4815,MHPC,393,467,666,126,2184,4800
39,282,3262,451,18,55,687,1497,75,588,2020-12-26,180,4815,MHPC,381,456,762,101,1827,4759
57,319,3765,545,18,55,687,1036,64,593,2021-01-28,163,4815,MHPC,402,466,725,124,2244,4801
58,294,3668,434,18,56,687,1100,74,619,2021-02-10,125,4815,MHPC,392,466,504,83,2348,4768
16,262,3749,554,18,58,687,1049,83,508,2021-08-04,80,4815,MHPC,337,420,392,33,2961,4798
103,276,3676,482,18,58,687,974,65,581,2020-12-07,134,4815,MHPC,369,434,579,68,550,4650
73,252,4000,457,18,59,687,647,30,628,2020-11-29,96,4815,MHPC,397,427,485,55,2233,4647
87,265,3344,426,18,59,687,1302,96,588,2020-11-26,108,4815,MHPC,331,427,438,63,2148,4646
117,279,3789,524,18,59,687,862,48,578,2020-12-03,110,4815,MHPC,379,427,512,67,2179,4651
125,264,3844,597,18,59,687,836,51,591,2020-12-09,123,4815,MHPC,384,435,584,67,2250,4680
135,280,3795,557,18,59,687,854,53,578,2020-12-08,129,4815,MHPC,382,435,589,68,2547,4649
36,313,3506,472,18,61,687,1266,73,597,2021-02-01,155,4815,MHPC,395,468,637,106,1975,4772
91,259,3650,703,18,64,687,1116,59,603,2020-12-12,143,4815,MHPC,380,439,590,69,2256,4766
117,283,3757,575,18,65,687,895,54,574,2020-12-05,113,4815,MHPC,375,429,547,64,2319,4652
54,286,3599,571,18,67,687,1198,72,574,2020-12-20,167,4815,MHPC,384,456,693,101,2016,4797
90,268,3706,729,18,68,687,1049,72,593,2020-12-14,149,4815,MHPC,363,435,657,74,2126,4755
47,288,3583,454,18,68,687,1210,81,625,2021-02-06,142,4815,MHPC,390,471,563,89,2190,4793
10,230,3644,461,18,69,687,1127,90,539,2021-08-01,78,4815,MHPC,330,420,348,29,2783,4771
53,322,3552,439,18,69,687,1230,83,587,2021-01-30,165,4815,MHPC,384,467,669,118,2109,4782
47,332,3730,557,18,73,687,1068,54,572,2021-01-18,213,4815,MHPC,401,455,961,133,2043,4798
94,285,3794,700,18,75,687,999,66,574,2020-12-16,154,4815,MHPC,390,456,676,85,2250,4793
49,293,3357,398,18,79,687,1402,73,577,2020-12-25,189,4815,MHPC,383,456,779,103,2002,4759
49,293,3661,453,18,79,687,1130,70,621,2021-02-03,151,4815,MHPC,397,467,629,109,2285,4791
89,285,3761,654,18,81,687,1036,64,577,2020-12-17,155,4815,MHPC,392,456,701,85,2133,4797
63,330,3771,553,18,81,687,1035,75,576,2021-01-21,168,4815,MHPC,388,463,890,137,2244,4806
43,298,3633,485,18,83,687,1136,53,563,2020-12-23,195,4815,MHPC,405,458,785,105,2293,4769
56,354,3891,504,18,83,687,920,61,555,2021-01-22,178,4815,MHPC,402,463,851,132,2236,4811
41,362,3673,419,18,83,687,1118,64,549,2021-01-25,178,4815,MHPC,398,462,852,137,2066,4791
96,269,3704,775,18,84,687,1061,63,593,2020-12-11,138,4815,MHPC,376,439,581,70,2332,4765
47,338,3763,556,18,85,687,1026,76,574,2021-01-27,167,4815,MHPC,391,467,792,134,2252,4789
76,311,3647,754,18,86,687,1115,59,551,2021-01-01,199,4815,MHPC,399,458,871,118,2176,4762
70,272,3667,644,18,87,687,1128,67,590,2020-12-18,164,4815,MHPC,389,456,695,88,2181,4795
52,347,3704,549,18,87,687,1078,65,566,2021-01-26,173,4815,MHPC,396,461,806,129,2317,4782
80,305,3689,708,18,90,687,1084,47,557,2020-12-31,193,4815,MHPC,411,458,872,113,2381,4773
59,356,3648,489,18,90,687,1150,63,557,2021-01-23,175,4815,MHPC,402,465,813,129,2136,4798
57,345,3643,531,18,91,687,1151,62,562,2021-01-17,231,4815,MHPC,394,456,993,148,2058,4794
28,315,3542,596,18,92,687,1216,50,555,2020-12-28,191,4815,MHPC,406,456,818,116,2349,4758
76,329,3665,800,18,92,687,1113,50,524,2021-01-04,203,4815,MHPC,406,456,974,132,2421,4778
64,298,3375,576,18,95,687,1382,67,572,2020-12-27,181,4815,MHPC,389,456,793,109,2418,4757
68,289,3763,459,18,96,687,1036,63,575,2020-12-21,176,4815,MHPC,396,459,752,100,2081,4799
66,305,3727,690,18,96,687,1030,45,557,2020-12-30,193,4815,MHPC,412,457,863,121,2541,4757
77,332,3700,704,18,96,687,1100,43,581,2021-01-15,235,4815,MHPC,413,456,982,143,2212,4800
68,286,3411,541,18,98,687,1344,56,584,2020-12-24,193,4815,MHPC,400,456,774,106,2266,4755
48,316,3660,695,18,99,687,1108,53,543,2021-01-08,215,4815,MHPC,402,455,983,126,2236,4768
58,329,3605,575,18,99,687,1193,55,580,2021-01-16,229,4815,MHPC,403,458,965,144,2162,4798
57,333,3616,741,18,104,687,1159,62,527,2021-01-03,206,4815,MHPC,396,458,949,131,2507,4775
57,311,3671,615,18,105,687,1096,58,555,2021-01-10,208,4815,MHPC,397,455,996,137,2182,4767
77,342,3765,635,18,107,687,1026,42,570,2021-01-14,229,4815,MHPC,412,454,1040,145,2342,4791
70,335,3802,644,18,107,687,981,47,568,2021-01-13,223,4815,MHPC,407,454,1044,150,2351,4783
64,324,3647,613,18,112,687,1122,45,541,2021-01-09,217,4815,MHPC,412,457,966,137,2072,4769
72,307,3726,622,18,115,687,1061,56,554,2020-12-22,180,4815,MHPC,404,460,764,99,2515,4787
59,303,3611,701,18,116,687,1168,64,519,2021-01-02,204,4815,MHPC,394,458,936,127,2315,4779
73,324,3731,698,18,118,687,1061,49,584,2021-01-12,226,4815,MHPC,407,456,1045,137,2474,4792
98,334,3798,830,18,123,687,971,33,520,2021-01-05,211,4815,MHPC,422,455,1007,122,2823,4769
,105,1529,,18,,926,1501,155,323,2020-04-11,,6070,THPC,259,414,49,,,3030
,118,2035,,18,,926,1546,223,450,2020-04-12,,6070,THPC,318,541,66,,,3581
45,179,2861,,18,18,926,1027,153,478,2020-07-12,67,6070,THPC,421,574,231,,,3888
,145,2656,,19,,926,1170,149,493,2020-05-25,,6070,THPC,365,514,159,,,3826
,149,2265,,19,,926,1623,212,445,2020-04-25,,6070,THPC,360,572,50,,,3888
135,218,3007,,19,17,926,1119,137,422,2020-06-20,76,6070,THPC,418,555,215,,,4126
,187,2806,,20,,926,1255,181,454,2020-05-23,,6070,THPC,395,576,169,,,4061
,182,2720,,20,,926,1408,186,577,2020-05-24,,6070,THPC,401,587,168,,,4128
,103,1942,,20,,926,1301,207,371,2020-04-10,,6070,THPC,270,477,49,,,3243
,159,2589,,20,,926,1596,208,426,2020-04-15,,6070,THPC,389,597,73,,,4185
,147,2331,,20,,926,1879,235,471,2020-04-26,,6070,THPC,373,608,75,,,4210
,121,2453,,20,,926,1626,241,465,2020-04-21,,6070,THPC,291,532,38,,,4079
,203,2342,,20,,926,1981,270,426,2020-04-06,,6070,THPC,318,588,62,,,4323
12,202,3079,,20,27,926,1344,160,455,2020-08-16,79,6070,THPC,391,551,235,,,4423
62,181,3065,,20,29,926,1299,134,480,2020-07-11,66,6070,THPC,430,564,252,,,4364
,186,3207,,21,,926,1066,123,536,2020-05-27,,6070,THPC,453,576,188,,,4273
,170,2372,,21,,926,1597,165,350,2020-04-07,,6070,THPC,403,568,70,,,3969
,197,2564,,21,,926,1659,179,581,2020-05-17,,6070,THPC,409,588,123,,,4223
,173,3143,,21,,926,1235,189,573,2020-05-30,,6070,THPC,427,616,170,,,4378
,174,2564,,21,,926,1648,207,582,2020-05-09,,6070,THPC,394,601,93,,,4212
,153,2697,,21,,926,1694,209,459,2020-04-16,,6070,THPC,351,560,69,,,4391
,181,2566,,21,,926,1737,213,376,2020-04-09,,6070,THPC,352,565,68,,,4303
,176,2592,,21,,926,1707,217,584,2020-05-01,,6070,THPC,372,589,76,,,4299
,166,2920,,21,,926,1205,229,601,2020-05-07,,6070,THPC,382,611,95,,,4125
,156,2649,,21,,926,1395,242,474,2020-04-17,,6070,THPC,352,594,68,,,4044
,165,2653,,21,,926,1316,262,466,2020-04-22,,6070,THPC,310,572,83,,,3969
,172,2610,,21,,926,1566,265,606,2020-05-03,,6070,THPC,340,605,87,,,4176
,169,2642,,21,,926,1680,268,598,2020-05-02,,6070,THPC,365,633,83,,,4322
62,162,2815,,21,5,926,1192,131,469,2020-06-06,74,6070,THPC,457,588,185,,,4007
159,161,3032,,21,8,926,1029,140,475,2020-06-03,66,6070,THPC,420,560,176,,,4061
80,211,2730,,21,9,926,1335,121,455,2020-06-14,69,6070,THPC,453,574,184,,,4065
17,186,2884,,21,11,926,1524,137,474,2020-06-28,56,6070,THPC,437,574,194,,,4408
130,206,2846,,21,11,926,1185,114,446,2020-06-21,75,6070,THPC,465,579,203,,,4031
13,151,2321,,21,12,926,1038,86,420,2020-06-13,68,6070,THPC,377,463,179,,,3359
55,199,3197,,21,14,926,1152,110,470,2020-07-16,85,6070,THPC,432,542,256,,,4349
28,220,3415,,21,19,926,1436,143,462,2020-08-13,83,6070,THPC,436,579,226,,,4851
39,193,2881,,21,20,926,1936,194,475,2020-07-26,74,6070,THPC,376,570,237,,,4817
44,208,2916,,21,21,926,1185,153,431,2020-06-04,66,6070,THPC,413,566,184,,,4101
46,201,3258,,21,23,926,1515,177,464,2020-08-06,89,6070,THPC,390,567,259,,,4773
54,202,3099,,21,24,926,1649,161,428,2020-07-25,74,6070,THPC,397,558,249,,,4748
21,228,3247,,21,26,926,1423,146,443,2020-08-15,84,6070,THPC,415,561,251,,,4670
39,196,3108,,21,33,926,1563,173,444,2020-08-08,84,6070,THPC,397,570,251,,,4671
25,244,3291,,21,36,926,1773,129,476,2020-08-23,73,6070,THPC,417,546,255,,,5064
,190,3119,,22,,926,1182,146,577,2020-05-28,,6070,THPC,432,578,194,,,4301
,132,2204,,22,,926,1167,147,365,2020-04-24,,6070,THPC,296,443,54,,,3371
,205,3312,,22,,926,1293,153,493,2020-05-21,,6070,THPC,420,573,160,,,4605
,188,2960,,22,,926,1327,156,604,2020-05-18,,6070,THPC,414,570,132,,,4287
,202,3313,,22,,926,946,159,581,2020-05-20,,6070,THPC,433,592,147,,,4259
,199,2940,,22,,926,1405,169,476,2020-05-26,,6070,THPC,412,581,187,,,4345
,124,2021,,22,,926,1154,176,356,2020-04-13,,6070,THPC,280,456,51,,,3175
,160,3024,,22,,926,1357,179,560,2020-06-01,,6070,THPC,384,563,212,,,4381
,170,3319,,22,,926,1157,192,536,2020-05-29,,6070,THPC,402,594,171,,,4476
,179,2882,,22,,926,1579,193,598,2020-05-14,,6070,THPC,409,602,111,,,4461
,184,2843,,22,,926,1483,196,588,2020-05-15,,6070,THPC,398,594,126,,,4326
,182,2734,,22,,926,1449,202,468,2020-05-11,,6070,THPC,382,584,104,,,4183
,129,3107,,22,,926,1148,209,645,2020-05-05,,6070,THPC,381,590,93,,,4255
,190,2759,,22,,926,1614,213,520,2020-04-30,,6070,THPC,372,585,85,,,4373
,176,2737,,22,,926,1504,217,532,2020-04-29,,6070,THPC,362,579,87,,,4241
,165,3044,,22,,926,1175,224,609,2020-05-06,,6070,THPC,359,583,90,,,4219
,180,2834,,22,,926,1510,231,511,2020-05-13,,6070,THPC,408,639,111,,,4344
,165,2605,,22,,926,1845,233,448,2020-04-14,,6070,THPC,395,628,74,,,4450
,148,2785,,22,,926,1339,241,488,2020-04-23,,6070,THPC,331,572,66,,,4124
,155,2948,,22,,926,1335,242,568,2020-05-12,,6070,THPC,384,626,112,,,4283
,168,2846,,22,,926,1362,242,509,2020-04-28,,6070,THPC,348,590,91,,,4208
,146,2646,,22,,926,1676,249,502,2020-04-27,,6070,THPC,339,588,88,,,4322
,157,2571,,22,,926,1864,267,476,2020-04-20,,6070,THPC,316,583,43,,,4435
149,211,3128,,22,8,926,1020,142,468,2020-06-17,69,6070,THPC,444,586,198,,,4148
77,213,2763,,22,11,926,1304,135,445,2020-06-15,74,6070,THPC,423,558,196,,,4067
167,146,2481,,22,11,926,1098,152,422,2020-06-08,52,6070,THPC,301,453,147,,,3579
196,192,2996,,22,12,926,1466,183,493,2020-07-06,55,6070,THPC,391,574,215,,,4462
115,202,3088,,22,14,926,1451,145,466,2020-07-03,52,6070,THPC,421,566,195,,,4539
97,208,3156,,22,16,926,1379,145,478,2020-06-30,55,6070,THPC,432,577,189,,,4535
155,183,3176,,22,16,926,1276,127,498,2020-07-07,61,6070,THPC,429,556,216,,,4452
81,189,3164,,22,18,926,1249,122,480,2020-07-15,101,6070,THPC,434,556,262,,,4413
15,205,3049,,22,19,926,1287,134,475,2020-07-19,79,6070,THPC,433,567,258,,,4336
126,188,3217,,22,19,926,1051,138,490,2020-07-09,68,6070,THPC,425,563,235,,,4268
14,187,3062,,22,21,926,1530,148,496,2020-06-27,56,6070,THPC,442,590,198,,,4592
15,189,3007,,22,21,926,1525,158,485,2020-07-13,89,6070,THPC,399,557,252,,,4532
57,225,3309,,22,23,926,1531,159,455,2020-08-11,82,6070,THPC,412,571,231,,,4840
84,206,2735,,22,26,926,1602,141,459,2020-07-20,74,6070,THPC,415,556,255,,,4337
43,188,3156,,22,28,926,1653,170,493,2020-08-01,80,6070,THPC,399,569,251,,,4809
47,199,3228,,22,33,926,1618,169,480,2020-08-04,82,6070,THPC,410,579,235,,,4846
,193,3078,,23,,926,1427,153,604,2020-06-02,,6070,THPC,449,602,187,,,4505
174,207,3138,,23,7,926,1149,145,485,2020-06-22,79,6070,THPC,441,586,197,,,4287
100,209,3249,,23,10,926,1370,151,481,2020-07-01,49,6070,THPC,419,570,197,,,4619
201,213,3024,,23,10,926,1224,147,454,2020-06-09,73,6070,THPC,447,594,188,,,4248
212,224,2902,,23,10,926,1329,126,419,2020-06-11,73,6070,THPC,449,575,178,,,4231
91,194,2986,,23,12,926,1581,151,503,2020-06-29,55,6070,THPC,417,568,206,,,4567
170,220,3109,,23,12,926,1069,148,455,2020-06-16,72,6070,THPC,442,590,199,,,4178
153,213,2939,,23,13,926,1273,132,419,2020-06-12,73,6070,THPC,436,568,192,,,4212
49,194,3216,,23,14,926,1676,186,500,2020-08-03,74,6070,THPC,407,593,226,,,4892
128,202,3146,,23,15,926,1531,142,490,2020-07-02,56,6070,THPC,422,564,196,,,4677
154,221,2986,,23,15,926,1262,142,468,2020-06-19,75,6070,THPC,435,577,216,,,4248
15,229,3358,159,23,18,926,1659,141,461,2020-09-03,58,6070,THPC,410,551,187,19,1089,5017
75,208,3316,,23,19,926,1680,148,484,2020-07-24,85,6070,THPC,434,582,265,,,4996
22,256,3620,,23,21,926,1692,141,472,2020-08-20,71,6070,THPC,429,570,250,,,5312
29,235,3601,,23,21,926,1669,152,492,2020-08-18,78,6070,THPC,420,572,248,,,5270
57,212,3235,,23,21,926,1738,194,487,2020-07-27,83,6070,THPC,384,578,240,,,4973
30,216,3200,,23,22,926,1614,162,477,2020-08-10,93,6070,THPC,413,575,260,,,4814
232,205,3218,,23,22,926,1257,146,466,2020-06-23,61,6070,THPC,439,585,198,,,4475
19,206,3284,,23,31,926,1381,114,486,2020-07-14,94,6070,THPC,452,566,283,,,4665
22,229,3447,,23,32,926,1485,144,464,2020-07-28,82,6070,THPC,446,590,279,,,4932
61,204,3392,,23,32,926,1529,199,492,2020-08-05,87,6070,THPC,394,593,242,,,4921
56,224,3349,,23,35,926,1625,159,465,2020-07-22,91,6070,THPC,422,581,264,,,4974
65,222,3235,,23,37,926,1722,158,469,2020-07-21,89,6070,THPC,423,581,286,,,4957
38,225,3397,,23,40,926,1486,153,476,2020-08-12,80,6070,THPC,427,580,233,,,4883
14,263,3454,,23,51,926,1737,142,467,2020-08-21,67,6070,THPC,417,559,261,,,5191
35,245,3315,6,24,23,926,1936,155,503,2020-08-31,62,6070,THPC,407,562,208,17,132,5251
26,243,3463,6,24,24,926,1780,150,498,2020-08-29,59,6070,THPC,407,557,212,17,131,5243
21,234,2967,,24,26,926,1685,139,457,2020-08-17,85,6070,THPC,361,500,245,,,4652
27,266,3665,,24,26,926,1636,130,482,2020-08-25,70,6070,THPC,436,566,255,,,5301
29,236,3602,1,24,27,926,1691,144,512,2020-08-27,65,6070,THPC,422,566,235,18,149,5293
23,260,3612,1,24,28,926,1677,145,484,2020-08-28,60,6070,THPC,429,574,232,20,128,5289
27,246,3688,,24,29,926,1667,122,492,2020-08-19,72,6070,THPC,463,585,260,,,5355
22,242,3331,148,26,19,926,1677,127,447,2020-09-04,58,6070,THPC,414,541,189,17,1119,5008
21,256,3198,169,26,23,926,1758,126,461,2020-09-05,60,6070,THPC,408,534,198,18,1050,4956
11,232,3235,183,27,14,926,1795,124,487,2020-09-08,65,6070,THPC,421,545,174,23,1194,5030
7,243,3211,153,27,15,926,1737,124,476,2020-09-13,62,6070,THPC,410,534,175,29,1117,4948
7,203,3225,205,27,21,926,1454,110,587,2021-05-16,69,6070,THPC,387,497,179,41,1799,4679
19,224,3489,194,27,50,926,1597,96,506,2020-11-05,96,6070,THPC,451,547,312,51,1638,5086
7,169,3409,176,28,7,926,1358,109,634,2021-07-10,17,6070,THPC,402,511,73,7,2113,4767
2,159,3476,144,28,7,926,1375,101,642,2021-06-30,18,6070,THPC,425,526,66,11,2095,4851
8,168,2989,147,28,7,926,1780,163,643,2021-07-03,18,6070,THPC,367,530,61,16,1952,4769
6,165,3391,172,28,8,926,1392,115,638,2021-07-12,18,6070,THPC,397,512,79,7,2041,4783
5,168,3353,184,28,8,926,1422,103,633,2021-06-28,20,6070,THPC,403,506,75,14,1996,4775
8,175,3325,160,28,9,926,1453,132,626,2021-06-26,20,6070,THPC,382,514,76,8,1935,4778
10,168,3446,222,28,9,926,1363,110,633,2021-06-29,21,6070,THPC,405,515,71,15,2246,4809
9,143,3527,193,28,10,926,1293,106,660,2021-07-14,21,6070,THPC,417,523,80,7,2190,4820
10,176,3542,181,28,10,926,1277,103,627,2021-07-08,17,6070,THPC,408,511,74,9,2016,4819
6,177,3436,214,28,10,926,1374,94,626,2021-07-07,16,6070,THPC,426,520,67,11,2135,4810
3,163,3164,201,28,10,926,1687,154,638,2021-07-01,24,6070,THPC,391,545,68,15,2069,4851
6,182,3529,210,28,10,926,1282,99,619,2021-06-22,22,6070,THPC,410,509,97,15,2273,4811
7,191,3477,196,28,10,926,1360,99,610,2021-06-17,25,6070,THPC,410,509,98,15,2061,4837
5,168,2935,149,28,10,926,1826,167,633,2021-07-04,17,6070,THPC,364,531,68,17,1818,4761
8,274,3307,155,28,10,926,1725,121,454,2020-09-14,65,6070,THPC,410,531,179,27,1118,5032
3,153,3489,214,28,11,926,1324,114,650,2021-07-13,20,6070,THPC,408,522,74,5,2219,4813
6,171,3352,182,28,11,926,1442,121,632,2021-07-06,16,6070,THPC,396,517,68,11,2144,4794
2,162,3079,154,28,11,926,1740,177,649,2021-07-02,19,6070,THPC,371,548,68,16,1938,4819
5,186,3273,164,28,11,926,1488,100,615,2021-06-06,41,6070,THPC,399,499,125,17,1864,4761
5,209,3459,167,28,11,926,1366,98,592,2021-06-18,25,6070,THPC,408,506,99,18,2014,4825
5,178,3439,144,28,12,926,1345,114,623,2021-06-25,22,6070,THPC,391,505,83,13,1996,4784
6,170,3233,175,28,12,926,1546,128,631,2021-06-13,25,6070,THPC,376,504,106,18,1800,4779
4,165,3253,170,28,13,926,1473,110,636,2021-06-27,21,6070,THPC,385,495,77,8,1952,4726
11,192,3606,169,28,13,926,1231,87,609,2021-06-09,38,6070,THPC,420,507,123,19,2090,4837
7,196,3289,202,28,13,926,1497,86,605,2021-05-23,48,6070,THPC,427,513,159,25,1935,4786
7,168,3495,176,28,14,926,1311,107,635,2021-07-09,15,6070,THPC,408,515,67,6,1926,4806
5,176,3438,185,28,14,926,1395,106,625,2021-06-16,25,6070,THPC,405,511,109,16,2042,4833
8,182,3409,220,28,14,926,1387,94,619,2021-06-07,42,6070,THPC,405,499,131,19,2014,4796
6,163,3395,161,28,15,926,1366,117,640,2021-07-11,19,6070,THPC,391,508,80,7,1960,4761
11,182,3563,182,28,15,926,1274,109,619,2021-06-24,24,6070,THPC,405,514,93,16,1995,4837
2,203,3255,162,28,15,926,1516,124,598,2021-06-20,20,6070,THPC,384,508,94,19,1859,4771
5,194,3328,170,28,15,926,1470,99,607,2021-06-19,22,6070,THPC,408,507,96,20,1989,4798
6,183,3264,167,28,15,926,1519,109,618,2021-05-29,37,6070,THPC,405,514,130,21,2004,4783
28,267,3604,160,28,15,926,1594,122,474,2020-09-17,62,6070,THPC,428,550,181,29,1217,5198
3,187,3562,157,28,16,926,1268,99,614,2021-06-23,22,6070,THPC,414,513,103,15,2004,4830
8,194,3365,186,28,17,926,1442,87,607,2021-06-05,37,6070,THPC,415,502,127,17,2020,4807
7,207,3421,179,28,17,926,1412,114,603,2021-05-10,53,6070,THPC,395,509,214,31,1724,4833
6,195,3588,213,28,19,926,1243,84,606,2021-06-08,38,6070,THPC,420,504,128,20,2150,4831
7,180,3522,216,28,20,926,1243,102,623,2021-07-20,39,6070,THPC,409,511,139,20,2220,4765
8,181,3177,193,28,20,926,1584,121,620,2021-05-30,37,6070,THPC,396,517,136,21,1859,4761
6,188,3460,171,28,21,926,1363,91,613,2021-06-04,41,6070,THPC,410,501,139,17,2038,4823
10,196,3438,147,28,22,926,1490,130,614,2021-03-21,54,6070,THPC,402,532,223,17,1561,4928
2,162,3373,187,28,23,926,1364,119,641,2021-07-18,38,6070,THPC,390,509,123,13,1892,4737
5,170,3428,201,28,23,926,1321,112,634,2021-07-19,46,6070,THPC,396,508,135,19,1923,4749
8,206,3447,193,28,23,926,1361,103,607,2021-05-08,57,6070,THPC,403,506,203,34,1910,4808
8,217,3621,239,28,23,926,1245,84,594,2021-05-13,59,6070,THPC,435,519,213,37,1902,4866
4,176,3530,216,28,24,926,1261,105,627,2021-07-23,34,6070,THPC,408,513,165,17,2134,4791
5,175,3168,179,28,24,926,1685,139,635,2021-04-04,50,6070,THPC,376,515,179,18,1660,4853
8,202,3435,208,28,24,926,1405,103,608,2021-05-01,49,6070,THPC,391,494,216,22,1891,4840
10,214,3586,241,28,24,926,1277,82,596,2021-04-30,53,6070,THPC,412,494,233,27,2057,4863
13,212,3402,161,28,24,926,1582,140,598,2021-03-08,71,6070,THPC,410,550,243,37,1602,4984
4,171,3585,198,28,25,926,1227,99,632,2021-07-22,39,6070,THPC,416,515,152,18,2231,4812
12,180,3409,185,28,25,926,1501,116,630,2021-03-29,44,6070,THPC,400,516,184,19,1627,4910
10,196,3357,228,28,25,926,1459,115,614,2021-04-10,56,6070,THPC,397,512,189,31,1885,4816
10,205,3618,185,28,25,926,1369,99,605,2021-03-17,62,6070,THPC,441,540,221,31,1784,4987
6,216,3475,218,28,25,926,1390,96,585,2021-05-21,53,6070,THPC,422,518,184,34,1989,4865
6,174,3181,170,28,26,926,1705,142,636,2021-04-03,45,6070,THPC,381,523,176,18,1660,4886
8,176,3408,199,28,26,926,1407,100,625,2021-05-28,39,6070,THPC,413,513,145,19,2022,4815
7,212,3488,238,28,26,926,1351,83,598,2021-04-26,56,6070,THPC,424,507,220,24,1865,4839
7,218,3548,184,28,26,926,1320,115,592,2021-04-09,57,6070,THPC,400,515,205,35,1905,4868
9,160,3405,185,28,27,926,1338,105,643,2021-07-24,32,6070,THPC,403,508,160,13,2053,4743
9,179,3359,169,28,27,926,1561,126,631,2021-04-02,43,6070,THPC,399,525,174,20,1748,4920
6,205,3446,197,28,27,926,1400,111,605,2021-04-24,50,6070,THPC,400,511,209,21,1900,4846
0,186,3413,180,28,27,926,1428,95,624,2021-05-02,58,6070,THPC,402,497,219,24,1937,4841
7,200,3524,247,28,28,926,1344,88,601,2021-05-25,38,6070,THPC,427,515,158,21,2234,4868
15,175,3455,191,28,28,926,1393,120,626,2021-06-02,35,6070,THPC,400,520,134,21,2121,4848
11,222,3521,208,28,29,926,1349,104,579,2021-05-20,52,6070,THPC,414,518,187,36,1965,4870
6,176,3512,179,28,30,926,1446,122,634,2021-04-01,45,6070,THPC,402,524,188,18,1741,4958
7,200,3606,211,28,30,926,1262,85,610,2021-04-23,53,6070,THPC,423,508,214,23,1816,4868
7,193,3737,214,28,30,926,1169,77,617,2021-04-29,61,6070,THPC,426,503,250,25,2045,4906
15,205,3536,233,28,30,926,1329,90,605,2021-04-13,52,6070,THPC,422,512,223,29,2186,4865
11,199,3653,172,28,30,926,1331,96,611,2021-03-16,65,6070,THPC,440,536,244,31,1889,4984
8,208,3526,223,28,30,926,1338,91,603,2021-05-14,57,6070,THPC,428,519,202,36,1934,4864
11,180,3532,189,28,31,926,1412,95,630,2021-03-30,49,6070,THPC,429,524,182,19,1899,4944
8,199,3560,158,28,31,926,1412,104,611,2021-03-19,57,6070,THPC,433,537,222,21,1694,4972
9,205,3523,211,28,31,926,1329,91,605,2021-04-16,50,6070,THPC,410,501,223,24,2006,4852
2,197,3440,228,28,31,926,1413,84,613,2021-04-12,59,6070,THPC,428,512,214,29,1987,4853
8,197,3339,180,28,31,926,1618,118,613,2021-03-14,67,6070,THPC,417,535,240,34,1617,4957
6,170,3345,167,28,32,926,1576,129,640,2021-03-27,50,6070,THPC,399,528,189,17,1873,4921
9,177,3486,245,28,32,926,1279,94,626,2021-07-26,42,6070,THPC,409,503,193,17,2084,4765
8,170,3610,196,28,32,926,1344,108,640,2021-03-31,40,6070,THPC,414,522,185,18,1903,4954
6,204,3533,209,28,32,926,1471,120,606,2021-03-10,70,6070,THPC,422,542,236,27,1739,5004
6,206,3574,242,28,32,926,1317,100,604,2021-04-14,50,6070,THPC,417,517,222,29,2044,4891
9,205,3606,238,28,32,926,1270,101,606,2021-05-12,53,6070,THPC,417,518,217,33,1952,4876
8,207,3551,177,28,32,926,1457,125,603,2021-03-09,69,6070,THPC,425,550,243,34,1884,5008
8,213,3481,253,28,32,926,1369,103,598,2021-05-18,57,6070,THPC,407,510,207,36,2213,4850
13,192,3662,177,28,33,926,1322,99,618,2021-03-25,53,6070,THPC,433,532,205,19,1839,4984
12,184,3571,200,28,33,926,1321,97,626,2021-04-07,60,6070,THPC,417,514,212,27,1941,4892
8,198,3596,183,28,34,926,1389,99,612,2021-03-24,50,6070,THPC,438,537,194,20,1833,4985
13,205,3638,232,28,34,926,1265,80,605,2021-05-05,64,6070,THPC,427,507,239,27,2006,4903
13,200,3341,134,28,34,926,1614,142,610,2021-03-07,73,6070,THPC,410,552,251,36,1545,4955
7,194,3677,155,28,35,926,1305,109,616,2021-03-23,47,6070,THPC,428,537,205,21,2012,4982
9,214,3614,199,28,35,926,1372,105,596,2021-03-18,57,6070,THPC,434,539,210,23,1795,4986
9,174,3334,237,28,35,926,1400,85,627,2021-07-31,63,6070,THPC,422,507,271,23,2040,4734
9,188,3345,162,28,35,926,1515,128,622,2021-04-05,56,6070,THPC,385,513,206,24,1697,4860
7,179,3585,252,28,36,926,1216,93,624,2021-07-27,47,6070,THPC,414,507,200,17,2194,4801
7,187,3517,181,28,36,926,1435,122,623,2021-03-26,48,6070,THPC,415,537,207,19,1847,4952
6,185,3502,253,28,36,926,1360,91,625,2021-04-19,57,6070,THPC,420,511,245,24,1899,4862
2,198,3564,231,28,36,926,1312,97,612,2021-04-15,50,6070,THPC,406,503,217,26,2011,4876
8,202,3531,189,28,36,926,1475,111,608,2021-03-11,66,6070,THPC,426,537,236,30,1730,5006
11,194,3344,237,28,37,926,1501,102,616,2021-04-18,48,6070,THPC,406,508,226,25,1810,4845
10,199,3623,226,28,37,926,1255,78,611,2021-04-22,57,6070,THPC,430,508,220,27,1916,4878
12,207,3575,228,28,37,926,1282,87,604,2021-05-11,53,6070,THPC,428,515,216,34,2149,4857
8,216,3516,235,28,37,926,1339,94,585,2021-05-19,56,6070,THPC,418,512,199,35,2059,4855
26,210,3472,200,28,37,926,1631,97,530,2020-10-25,94,6070,THPC,443,540,313,37,1171,5103
9,189,3367,242,28,38,926,1388,88,610,2021-08-02,74,6070,THPC,418,506,304,24,2003,4755
10,208,3694,220,28,38,926,1207,72,602,2021-04-28,64,6070,THPC,428,500,258,27,2008,4901
10,193,3310,205,28,38,926,1493,122,617,2021-04-11,60,6070,THPC,387,509,202,33,1669,4803
6,203,3555,193,28,38,926,1459,93,607,2021-03-05,71,6070,THPC,462,555,254,40,1759,5014
9,182,3463,212,28,39,926,1423,100,628,2021-04-06,66,6070,THPC,418,518,212,26,2084,4886
6,210,3466,165,28,40,926,1516,114,600,2021-03-06,72,6070,THPC,434,548,251,35,1681,4982
5,204,3641,254,28,41,926,1241,79,606,2021-04-20,57,6070,THPC,437,516,228,25,2139,4882
15,194,3517,183,28,45,926,1407,105,616,2021-03-20,59,6070,THPC,424,529,220,16,1729,4924
9,180,3522,233,28,46,926,1256,84,621,2021-07-30,61,6070,THPC,434,518,250,23,2062,4778
29,208,3519,229,28,46,926,1588,108,523,2020-10-27,102,6070,THPC,443,551,309,44,1893,5107
8,185,3589,268,28,47,926,1211,75,616,2021-08-03,79,6070,THPC,441,516,323,29,2256,4800
6,209,3657,242,28,53,926,1222,70,601,2021-04-27,58,6070,THPC,434,504,246,26,2129,4879
12,232,3373,148,29,8,926,1802,112,511,2020-09-27,71,6070,THPC,439,551,201,31,1091,5175
15,254,3342,132,29,11,926,1808,134,489,2020-09-20,63,6070,THPC,415,549,172,26,1111,5150
25,273,3524,165,29,17,926,1661,125,470,2020-09-18,66,6070,THPC,436,561,186,28,1205,5185
12,222,3602,162,29,19,926,1622,123,521,2020-09-25,68,6070,THPC,438,561,220,32,1232,5224
10,265,3567,168,29,20,926,1635,133,478,2020-09-22,70,6070,THPC,426,559,196,26,1258,5202
13,268,3580,174,29,20,926,1624,115,475,2020-09-16,70,6070,THPC,438,553,194,27,1203,5204
14,262,3436,166,29,21,926,1714,129,481,2020-09-19,65,6070,THPC,422,551,184,26,1291,5150
15,229,3504,160,29,21,926,1676,124,514,2020-09-26,69,6070,THPC,427,551,213,32,1155,5180
18,276,3546,199,29,22,926,1659,109,467,2020-09-15,67,6070,THPC,443,552,200,28,1337,5205
27,195,3652,174,29,24,926,1594,120,548,2020-10-01,65,6070,THPC,447,567,219,21,1234,5246
22,206,3545,176,29,27,926,1671,107,540,2020-10-17,82,6070,THPC,449,556,243,31,1241,5216
17,215,3435,162,29,30,926,1795,128,528,2020-09-28,66,6070,THPC,437,565,205,24,1188,5230
24,204,3498,168,29,31,926,1732,124,542,2020-10-12,75,6070,THPC,430,554,233,26,1190,5230
20,206,3707,164,29,32,926,1532,99,537,2020-09-30,71,6070,THPC,461,560,214,22,1253,5239
27,199,3619,185,29,32,926,1639,104,540,2020-10-09,67,6070,THPC,460,564,257,24,1312,5258
29,204,3692,202,29,34,926,1593,116,539,2020-10-07,76,6070,THPC,452,568,250,25,1293,5285
10,187,3420,213,29,34,926,1604,141,642,2021-02-21,86,6070,THPC,409,550,361,41,1585,5024
7,199,3626,223,29,36,926,1398,102,630,2021-03-02,64,6070,THPC,450,552,278,31,1932,5024
20,192,3594,200,29,37,926,1640,121,551,2020-10-02,67,6070,THPC,441,562,213,23,1230,5234
8,201,3427,161,29,37,926,1579,154,628,2021-02-28,68,6070,THPC,406,560,300,41,1543,5006
11,201,3451,189,29,38,926,1785,116,545,2020-10-05,73,6070,THPC,438,554,258,24,1165,5236
4,199,3628,192,29,38,926,1412,129,628,2021-03-04,69,6070,THPC,428,557,281,42,1745,5040
30,213,3605,174,29,39,926,1616,107,534,2020-10-19,93,6070,THPC,447,554,268,32,1159,5221
21,226,3663,195,29,39,926,1586,94,520,2020-10-16,83,6070,THPC,472,566,237,33,1275,5249
16,218,3630,188,29,40,926,1598,121,525,2020-09-29,65,6070,THPC,443,564,212,22,1325,5228
18,232,3649,210,29,40,926,1603,111,515,2020-11-04,100,6070,THPC,466,577,333,51,1669,5252
29,233,3642,211,29,40,926,1608,108,514,2020-11-03,101,6070,THPC,469,577,327,56,1822,5250
7,220,3643,163,29,41,926,1422,105,609,2021-02-19,83,6070,THPC,456,561,408,47,1355,5065
8,197,3555,201,29,42,926,1464,107,632,2021-03-01,73,6070,THPC,447,554,298,37,1597,5019
13,195,3469,180,29,42,926,1557,121,634,2021-02-22,88,6070,THPC,431,552,364,40,1574,5026
24,201,3446,173,29,44,926,1728,96,538,2020-10-10,71,6070,THPC,447,543,246,26,1227,5174
16,180,3644,195,29,44,926,1394,126,649,2021-02-26,73,6070,THPC,437,563,326,35,1753,5038
24,218,3593,198,29,44,926,1661,116,529,2020-10-26,102,6070,THPC,446,562,325,52,1703,5254
23,209,3655,225,29,48,926,1594,106,537,2020-10-13,75,6070,THPC,456,562,240,24,1407,5249
27,208,3545,190,29,48,926,1702,104,535,2020-11-06,103,6070,THPC,462,566,334,50,1765,5247
38,212,3520,182,29,50,926,1681,91,534,2020-10-18,84,6070,THPC,462,553,255,32,1127,5201
35,211,3444,182,29,51,926,1773,96,537,2020-11-08,99,6070,THPC,463,559,346,52,1772,5217
23,213,3831,195,29,52,926,1436,93,534,2020-10-21,102,6070,THPC,465,558,276,37,1313,5267
22,210,3648,181,29,54,926,1597,108,537,2020-10-23,101,6070,THPC,453,561,303,32,1304,5245
11,243,3593,180,29,54,926,1419,96,585,2021-02-15,118,6070,THPC,465,561,492,75,1516,5012
28,217,3730,199,29,55,926,1544,103,530,2020-10-22,99,6070,THPC,464,567,281,28,1301,5274
10,188,3677,226,29,55,926,1374,114,641,2021-02-24,79,6070,THPC,443,557,343,44,1773,5051
20,228,3691,213,29,55,926,1551,109,518,2020-10-29,108,6070,THPC,460,569,309,57,1832,5242
37,216,3746,224,29,57,926,1534,102,561,2020-11-11,112,6070,THPC,464,566,400,45,1794,5280
7,206,3546,219,29,57,926,1517,122,623,2021-02-20,87,6070,THPC,432,554,387,46,1754,5063
19,250,3322,185,29,57,926,1867,118,528,2020-11-27,129,6070,THPC,436,554,520,57,1391,5189
26,229,3607,233,29,58,926,1599,112,517,2020-10-30,111,6070,THPC,463,575,328,59,1872,5206
14,228,3778,200,29,59,926,1300,102,600,2021-02-12,97,6070,THPC,457,559,496,65,1676,5078
27,220,3599,204,29,61,926,1669,106,528,2020-11-09,107,6070,THPC,460,566,369,50,1864,5268
19,231,3870,209,29,61,926,1200,85,598,2021-02-17,107,6070,THPC,475,560,485,60,1706,5070
19,212,3537,231,29,62,926,1700,116,565,2020-11-16,115,6070,THPC,452,568,413,57,1766,5237
24,209,3661,242,29,63,926,1585,89,568,2020-11-13,98,6070,THPC,472,561,385,48,1817,5246
17,237,3487,225,29,65,926,1708,113,541,2020-11-22,125,6070,THPC,440,553,462,64,1795,5195
16,242,3613,250,29,65,926,1603,105,536,2020-11-23,128,6070,THPC,452,557,490,67,1700,5216
21,210,3759,194,29,66,926,1530,105,567,2020-11-10,102,6070,THPC,462,567,394,43,2055,5289
30,222,3669,254,29,66,926,1596,103,556,2020-11-18,125,6070,THPC,449,552,440,63,1828,5265
16,234,3841,260,29,67,926,1255,99,594,2021-02-11,115,6070,THPC,462,561,517,70,1715,5096
13,213,3782,241,29,69,926,1487,98,564,2020-11-12,103,6070,THPC,466,564,398,46,1801,5269
21,238,3609,240,29,69,926,1666,112,540,2020-11-20,126,6070,THPC,447,559,469,66,1735,5275
14,261,3673,256,29,69,926,1332,97,567,2021-02-04,132,6070,THPC,462,559,584,78,1681,5112
26,265,3582,269,29,70,926,1619,90,513,2020-11-30,150,6070,THPC,468,558,553,53,1681,5201
23,202,3514,208,29,71,926,1703,120,575,2020-11-14,99,6070,THPC,445,565,397,45,1803,5217
22,229,3546,257,29,73,926,1673,95,549,2020-11-21,129,6070,THPC,462,557,462,65,1802,5219
7,274,3618,231,29,73,926,1484,84,553,2021-02-01,165,6070,THPC,472,556,662,98,1362,5102
16,227,3615,207,29,76,926,1420,107,601,2021-02-13,109,6070,THPC,443,550,480,70,1571,5035
15,264,3643,282,29,77,926,1369,84,564,2021-02-03,149,6070,THPC,475,559,616,87,1716,5119
18,247,3466,228,29,78,926,1750,116,531,2020-11-26,123,6070,THPC,437,553,508,58,1710,5216
8,231,3510,186,29,80,926,1498,102,597,2021-02-14,115,6070,THPC,455,557,479,76,1490,5008
16,254,3573,290,29,83,926,1379,85,574,2021-02-06,135,6070,THPC,471,556,578,73,1797,5059
29,222,3719,256,29,86,926,1562,96,556,2020-11-17,120,6070,THPC,483,579,436,65,1971,5281
17,233,3668,249,29,86,926,1470,89,551,2020-12-07,166,6070,THPC,468,557,684,77,1677,5138
29,227,3531,274,29,87,926,1532,89,557,2020-12-06,163,6070,THPC,464,553,670,73,1686,5063
10,236,3683,281,29,88,926,1288,82,592,2021-02-09,119,6070,THPC,478,560,557,69,1950,5078
19,250,3546,244,29,88,926,1526,94,534,2020-12-13,180,6070,THPC,467,561,755,95,1643,5072
32,231,3724,279,29,89,926,1528,92,547,2020-11-24,132,6070,THPC,468,560,525,63,1908,5252
13,258,3648,260,29,90,926,1333,89,570,2021-02-05,133,6070,THPC,468,557,592,74,1763,5088
17,226,3678,231,29,91,926,1609,105,552,2020-11-19,132,6070,THPC,449,554,461,64,1714,5287
26,280,3957,357,29,92,926,1061,48,529,2020-12-29,218,6070,THPC,489,537,967,108,1976,5018
20,274,3804,256,29,93,926,1215,55,510,2020-12-21,190,6070,THPC,500,555,876,104,1543,5019
14,263,3859,269,29,95,926,1208,84,521,2020-12-17,182,6070,THPC,490,574,829,95,1542,5067
15,286,3568,241,29,95,926,1347,62,534,2020-12-26,213,6070,THPC,482,544,919,107,1378,4915
16,236,3711,194,29,96,926,1353,89,592,2021-02-16,102,6070,THPC,475,564,495,60,1734,5064
18,286,3749,261,29,96,926,1323,74,541,2021-01-24,181,6070,THPC,478,552,866,100,1599,5072
15,285,3660,279,29,96,926,1352,73,527,2021-01-02,208,6070,THPC,466,539,957,110,1628,5012
36,250,3658,308,29,98,926,1579,96,534,2020-12-01,152,6070,THPC,465,561,562,62,1950,5237
30,248,3727,294,29,98,926,1541,80,536,2020-12-03,150,6070,THPC,482,562,581,72,1739,5268
19,248,3654,282,29,99,926,1459,67,536,2020-12-14,188,6070,THPC,484,551,803,99,1705,5113
13,280,3809,234,29,100,926,1290,84,547,2021-01-25,168,6070,THPC,467,551,870,97,1559,5099
22,277,3722,256,29,100,926,1275,62,507,2020-12-20,191,6070,THPC,487,549,817,99,1562,4997
27,237,3692,251,29,103,926,1445,92,546,2020-12-04,152,6070,THPC,471,563,622,73,1759,5137
23,252,3341,232,29,104,926,1792,115,526,2020-11-28,133,6070,THPC,439,554,531,58,1805,5133
27,216,3632,234,29,104,926,1451,90,568,2020-12-05,155,6070,THPC,468,558,650,68,1793,5083
21,267,3708,270,29,104,926,1461,92,515,2020-12-11,178,6070,THPC,478,570,744,94,1810,5169
13,297,3689,302,29,104,926,1294,56,526,2021-01-11,221,6070,THPC,497,553,1024,121,1648,4983
14,287,3501,217,29,105,926,1427,61,533,2020-12-25,210,6070,THPC,482,543,891,108,1432,4928
12,269,3757,211,29,106,926,1366,75,558,2021-01-29,158,6070,THPC,488,563,744,92,1560,5123
24,270,3895,247,29,106,926,1145,63,514,2020-12-16,191,6070,THPC,508,571,815,97,1716,5040
15,270,3841,274,29,108,926,1184,59,514,2020-12-19,187,6070,THPC,491,550,825,96,1683,5025
15,265,3902,298,29,108,926,1225,76,562,2021-01-27,166,6070,THPC,487,563,816,98,1796,5127
15,269,3614,281,29,109,926,1395,79,558,2021-02-02,157,6070,THPC,476,555,640,96,1793,5116
21,291,3814,323,29,110,926,1173,57,518,2020-12-28,214,6070,THPC,486,543,969,109,1714,4987
11,293,3970,295,29,112,926,1117,56,534,2021-01-21,199,6070,THPC,505,561,946,113,1701,5087
10,265,3799,286,29,113,926,1321,86,562,2021-01-28,157,6070,THPC,476,562,769,90,1756,5120
21,290,3649,301,29,114,926,1270,55,519,2020-12-27,219,6070,THPC,486,541,934,116,1806,4919
24,250,3755,301,29,118,926,1414,82,534,2020-12-10,166,6070,THPC,485,567,728,88,1752,5169
18,291,3870,306,29,118,926,1223,61,536,2021-01-23,182,6070,THPC,498,559,891,107,1808,5093
14,318,3825,288,29,120,926,1187,54,505,2021-01-08,221,6070,THPC,497,551,1045,127,1714,5012
10,293,4001,359,29,121,926,1089,54,535,2021-01-19,228,6070,THPC,509,563,1019,122,1818,5090
19,276,3719,291,29,122,926,1261,61,533,2020-12-24,203,6070,THPC,493,554,880,106,1648,4980
19,312,3867,414,29,122,926,1177,50,500,2021-01-04,216,6070,THPC,494,544,1011,114,1888,5044
17,309,3730,268,29,122,926,1258,70,514,2021-01-09,216,6070,THPC,484,554,1017,123,1496,4988
23,264,3584,286,29,123,926,1486,77,520,2020-12-12,182,6070,THPC,476,553,762,95,1756,5070
10,296,4010,360,29,125,926,1095,60,531,2021-01-20,215,6070,THPC,502,562,978,127,1829,5105
21,283,3833,367,29,126,926,1236,72,529,2020-12-31,205,6070,THPC,470,542,954,109,1780,5069
26,277,3820,289,29,127,926,1227,68,532,2020-12-23,191,6070,THPC,496,564,878,100,1709,5047
7,274,3930,301,29,129,926,1189,82,553,2021-01-26,168,6070,THPC,472,554,844,99,1762,5119
17,324,3932,295,29,132,926,1121,65,499,2021-01-16,231,6070,THPC,489,554,1071,135,1705,5053
22,276,3846,309,29,142,926,1206,69,533,2020-12-22,190,6070,THPC,493,562,879,101,1814,5052
12,324,3965,327,29,144,926,1112,52,499,2021-01-15,234,6070,THPC,510,562,1056,125,1712,5077
23,320,3955,317,29,148,926,1068,42,495,2021-01-07,225,6070,THPC,515,557,1078,125,1823,5023
18,316,3852,355,29,153,926,1186,65,507,2021-01-13,222,6070,THPC,496,561,1035,118,1833,5038
