Total Cases That Were Reinfections,Total Cases by Date of Specimen collection,Total Antigen Cases by Date of Specimen Collection,Total Molecular Cases by Date of Specimen Collection,Death by Date of Death,County,Date
12,88,35,53,0,Craven,2022-07-25
8,27,12,15,0,Hertford,2022-07-25
20,106,11,95,0,Brunswick,2022-07-25
98,670,96,574,1,Mecklenburg,2022-07-25
7,32,10,22,0,Davie,2022-07-25
11,40,14,26,0,Vance,2022-07-25
26,168,8,160,0,Durham,2022-07-25
20,147,80,67,0,Wayne,2022-07-25
9,49,2,47,0,Edgecombe,2022-07-25
22,125,19,106,2,Gaston,2022-07-25
19,115,41,74,1,Buncombe,2022-07-25
34,176,21,155,0,Pitt,2022-07-25
13,116,20,96,0,Cabarrus,2022-07-25
5,41,20,21,1,Wilkes,2022-07-25
5,19,10,9,0,Macon,2022-07-25
17,77,31,46,0,Wilson,2022-07-25
15,86,55,31,0,Duplin,2022-07-25
5,32,6,26,0,Anson,2022-07-25
4,13,7,6,0,Ashe,2022-07-25
2,24,14,10,0,Transylvania,2022-07-25
31,197,24,173,0,Forsyth,2022-07-29
16,85,17,68,0,Johnston,2022-07-29
9,57,10,47,0,Caldwell,2022-07-29
22,104,18,86,0,Cabarrus,2022-07-29
5,22,11,11,0,Wilkes,2022-07-29
16,154,9,145,1,Durham,2022-07-29
0,3,1,2,0,Jones,2022-07-29
2,32,16,16,0,Craven,2022-07-29
5,35,15,20,0,Duplin,2022-07-29
66,377,42,335,2,Mecklenburg,2022-07-30
12,81,11,70,0,Cabarrus,2022-07-30
1,25,6,19,0,Moore,2022-07-30
13,67,8,59,0,Union,2022-07-30
9,98,10,88,0,Durham,2022-07-30
4,48,17,31,0,Catawba,2022-07-30
3,79,32,47,0,Buncombe,2022-07-30
9,62,4,58,0,Gaston,2022-07-30
14,108,19,89,0,Union,2022-08-02
24,102,15,87,0,Pitt,2022-08-02
9,49,7,42,0,Edgecombe,2022-08-02
3,44,16,28,0,Henderson,2022-07-29
23,162,7,155,1,Durham,2022-08-02
9,101,47,54,0,Wayne,2022-08-02
0,4,2,2,0,Polk,2022-07-29
3,26,2,24,0,Stanly,2022-07-29
4,36,12,24,0,Hoke,2022-08-02
19,116,37,79,1,Catawba,2022-08-02
17,108,14,94,0,Cabarrus,2022-08-02
5,15,2,13,0,Person,2022-08-02
24,119,15,104,2,Gaston,2022-08-02
7,74,32,42,0,Buncombe,2022-08-02
15,63,14,49,0,Cleveland,2022-08-02
6,62,27,35,0,Craven,2022-08-02
0,6,1,5,0,Washington,2022-08-02
14,99,61,38,0,Wayne,2022-07-29
7,34,1,33,1,Cleveland,2022-07-30
0,7,0,7,0,Bertie,2022-07-30
11,92,19,73,0,Johnston,2022-08-04
2,11,4,7,0,Macon,2022-08-04
7,37,9,28,0,Person,2022-07-25
19,80,17,63,0,Cabarrus,2022-08-04
25,92,12,80,0,Pitt,2022-08-04
4,28,3,25,0,Granville,2022-08-04
11,83,40,43,0,Wayne,2022-08-04
5,27,23,4,0,Scotland,2022-08-02
2,25,7,18,1,Carteret,2022-08-02
7,27,6,21,0,Yadkin,2022-08-02
3,29,4,25,0,Edgecombe,2022-08-04
28,182,34,148,0,Cumberland,2022-08-08
6,32,12,20,0,Wilson,2022-08-04
7,45,7,38,0,Halifax,2022-08-08
50,249,43,206,0,Forsyth,2022-08-08
31,159,13,146,0,Onslow,2022-08-08
15,65,30,35,1,Randolph,2022-08-08
16,66,20,46,0,Harnett,2022-08-08
2,12,7,5,0,Pamlico,2022-08-08
20,102,46,56,0,Iredell,2022-08-10
11,37,3,34,0,Stanly,2022-08-10
12,55,24,31,1,Randolph,2022-08-10
12,64,37,27,0,Wayne,2022-08-10
3,15,3,12,0,Northampton,2022-08-08
19,97,8,89,0,Cabarrus,2022-08-10
6,48,6,42,0,Rockingham,2022-08-10
4,22,4,18,0,Granville,2022-08-10
2,19,9,10,0,Bladen,2022-08-10
3,14,5,9,0,Warren,2022-08-08
1,9,0,9,0,Person,2022-07-29
4,15,0,15,0,Alexander,2022-07-30
16,146,17,129,0,Durham,2022-08-10
9,47,5,42,0,Caldwell,2022-08-12
71,371,50,321,3,Mecklenburg,2022-08-12
5,23,5,18,0,Davie,2022-08-10
16,66,29,37,0,Robeson,2022-08-12
3,12,3,9,0,Warren,2022-08-10
2,13,5,8,0,Davie,2022-07-29
1,16,7,9,1,Hertford,2022-07-29
2,31,18,13,0,Sampson,2022-07-29
5,21,4,17,0,Stanly,2022-08-12
16,116,8,108,0,Durham,2022-08-12
3,11,2,9,0,Person,2022-07-30
4,27,10,17,0,Wilson,2022-07-30
3,16,13,3,0,Columbus,2022-08-12
0,18,1,17,0,Anson,2022-08-02
5,17,1,16,1,Edgecombe,2022-08-12
5,47,7,40,0,Burke,2022-08-12
4,25,6,19,0,Alexander,2022-08-02
4,62,15,47,1,New Hanover,2022-08-12
0,10,5,5,0,Transylvania,2022-08-02
2,10,3,7,0,Yancey,2022-08-04
6,21,0,21,0,Stanly,2022-08-04
7,47,12,35,0,Craven,2022-08-04
5,22,14,8,0,Columbus,2022-08-04
2,10,3,7,0,Northampton,2022-08-04
1,11,7,4,0,Pamlico,2022-08-04
7,33,7,26,0,Halifax,2022-08-04
4,45,25,20,0,Sampson,2022-08-04
15,65,34,31,0,Robeson,2022-08-08
3,21,9,12,0,Lee,2022-08-08
4,20,8,12,0,Pasquotank,2022-08-08
0,16,1,15,0,Caswell,2022-08-08
2,15,5,10,0,Montgomery,2022-08-08
12,62,35,27,0,Robeson,2022-08-10
1,16,2,14,0,Burke,2022-08-20
6,28,8,20,0,Lee,2022-08-10
17,99,10,89,0,Onslow,2022-08-10
2,25,15,10,1,Randolph,2022-08-20
6,34,6,28,0,Onslow,2022-08-20
4,34,6,28,0,Cabarrus,2022-08-20
7,64,11,53,0,Durham,2022-08-20
0,6,2,4,0,Transylvania,2022-08-20
1,14,9,5,0,Sampson,2022-08-20
2,19,2,17,0,Craven,2022-08-20
4,23,14,9,0,Haywood,2022-08-10
3,20,3,17,0,Granville,2022-08-12
49,355,44,311,0,Mecklenburg,2022-08-29
29,131,24,107,0,Gaston,2022-08-29
3,40,8,32,0,Henderson,2022-08-29
7,41,2,39,0,Burke,2022-08-29
17,77,13,64,1,Onslow,2022-08-12
5,33,19,14,0,Sampson,2022-08-29
4,36,20,16,0,Haywood,2022-08-29
8,39,12,27,1,Vance,2022-08-29
12,80,5,75,0,Onslow,2022-08-29
1,8,4,4,0,Currituck,2022-08-29
40,270,53,217,0,Mecklenburg,2022-09-02
13,67,5,62,0,Union,2022-09-02
11,144,26,118,0,Guilford,2022-09-02
2,25,10,15,0,Yadkin,2022-09-02
5,81,3,78,0,Durham,2022-09-02
3,12,6,6,0,Person,2022-09-02
2,16,6,10,0,Hoke,2022-09-02
9,53,15,38,0,Davidson,2022-09-02
2,7,1,6,0,Duplin,2022-08-20
3,21,15,6,0,Robeson,2022-08-20
3,17,2,15,0,Edgecombe,2022-08-29
13,86,33,53,0,Buncombe,2022-08-29
5,29,13,16,0,Lenoir,2022-06-16
8,34,9,25,0,Stokes,2022-08-29
60,412,46,366,0,Mecklenburg,2022-06-16
2,20,1,19,0,Rutherford,2022-06-16
7,25,4,21,0,Halifax,2022-08-29
6,18,8,10,0,Columbus,2022-08-29
20,174,26,148,0,Durham,2022-06-16
10,119,22,97,1,Forsyth,2022-06-16
6,28,11,17,0,Davie,2022-06-16
6,22,2,20,1,Lee,2022-08-29
0,4,2,2,0,Macon,2022-09-02
3,20,4,16,0,Rutherford,2022-09-02
0,5,2,3,1,Vance,2022-09-02
1,7,0,7,0,Warren,2022-08-29
3,30,4,26,1,Pitt,2022-08-20
6,70,32,38,0,Catawba,2022-09-02
2,26,7,19,0,Lincoln,2022-09-02
3,16,9,7,1,Haywood,2022-08-20
5,12,2,10,0,Transylvania,2022-09-02
10,50,13,37,0,Pitt,2022-09-02
1,31,15,16,1,Moore,2022-09-02
5,35,4,31,0,Cleveland,2022-09-02
2,29,4,25,0,Burke,2022-06-16
2,4,1,3,0,Martin,2022-09-02
1,13,10,3,0,Sampson,2022-06-16
11,53,22,31,0,Robeson,2022-09-14
15,112,7,105,1,Durham,2022-09-14
15,74,15,59,0,Pitt,2022-09-14
6,63,9,54,0,Brunswick,2022-06-16
2,5,2,3,0,Cherokee,2022-09-14
37,275,40,235,0,Wake,2022-09-14
13,60,8,52,0,Cabarrus,2022-09-14
4,16,3,13,0,Rutherford,2022-09-14
4,24,4,20,0,McDowell,2022-09-14
4,22,5,17,0,Nash,2022-06-16
4,25,17,8,0,Wilkes,2022-09-14
5,31,10,21,0,Harnett,2022-06-16
10,43,4,39,0,Onslow,2022-09-14
6,28,7,21,0,Granville,2022-09-14
4,39,18,21,0,Craven,2022-09-14
0,9,1,8,0,Madison,2022-06-16
7,38,5,33,0,Cleveland,2022-06-16
6,29,6,23,0,Caldwell,2022-06-16
0,13,6,7,0,Transylvania,2022-06-16
5,31,6,25,0,Granville,2022-06-16
4,19,9,10,0,McDowell,2022-06-16
5,23,2,21,0,Granville,2022-08-29
13,51,16,35,0,Harnett,2022-08-29
5,10,6,4,0,Polk,2022-06-28
12,104,33,71,0,Buncombe,2022-06-28
12,87,19,68,1,Cabarrus,2022-06-28
1,19,1,18,0,Alexander,2022-09-02
1,15,8,7,1,Sampson,2022-09-02
17,84,55,29,0,Wayne,2022-06-28
18,155,35,120,0,Cumberland,2022-06-28
5,22,2,20,0,Stanly,2022-06-28
4,17,4,13,0,Beaufort,2022-09-02
2,17,5,12,0,Hoke,2022-06-28
2,23,13,10,0,Craven,2022-09-02
79,579,72,507,1,Mecklenburg,2022-06-29
3,30,6,24,0,Burke,2022-06-29
68,587,65,522,2,Wake,2022-06-29
15,117,48,69,2,Buncombe,2022-06-29
12,70,7,63,0,Cabarrus,2022-06-29
11,100,7,93,0,Pitt,2022-06-29
2,39,28,11,0,Sampson,2022-09-14
11,87,29,58,0,Catawba,2022-06-29
14,58,10,48,1,Caldwell,2022-09-14
23,194,9,185,0,Durham,2022-06-29
9,39,5,34,0,Caldwell,2022-06-29
1,4,0,4,0,Tyrrell,2022-09-14
9,33,9,24,0,Lincoln,2022-06-29
15,81,9,72,0,Onslow,2022-06-29
10,109,30,79,0,New Hanover,2022-06-29
0,12,2,10,0,Cherokee,2022-06-16
34,135,76,59,0,Robeson,2022-07-05
9,67,28,39,0,Harnett,2022-07-05
11,58,11,47,0,Davidson,2022-07-05
3,17,8,9,0,Martin,2022-07-05
23,214,31,183,1,Cumberland,2022-07-05
0,17,2,15,0,Bladen,2022-09-14
4,51,13,38,0,Chatham,2022-07-05
11,81,10,71,0,Onslow,2022-07-05
17,187,9,178,1,Durham,2022-07-05
3,10,6,4,0,Transylvania,2022-09-14
0,4,0,4,0,Hertford,2022-06-28
16,76,24,52,1,Johnston,2022-06-28
5,49,16,33,0,Craven,2022-06-28
1,17,8,9,0,Person,2022-06-28
1,18,2,16,0,McDowell,2022-06-29
4,21,12,9,0,Duplin,2022-06-29
6,59,14,45,0,Brunswick,2022-06-29
2,8,0,8,0,Cherokee,2022-06-29
8,67,36,31,0,Iredell,2022-09-19
21,126,20,106,0,Cabarrus,2022-07-18
9,39,23,16,0,Wilkes,2022-07-18
6,46,25,21,0,Randolph,2022-09-19
9,42,23,19,0,Wayne,2022-09-19
5,54,9,45,0,Burke,2022-09-19
23,127,77,50,0,Wayne,2022-07-18
5,25,7,18,0,Granville,2022-09-19
12,57,7,50,0,Halifax,2022-07-18
9,44,29,15,1,Duplin,2022-07-18
24,118,32,86,0,Johnston,2022-07-18
13,65,7,58,0,Alamance,2022-09-19
3,14,1,13,0,Halifax,2022-09-19
2,25,6,19,0,Lee,2022-09-19
3,21,12,9,0,Alexander,2022-07-18
7,30,2,28,1,Stanly,2022-07-18
11,69,13,56,1,Johnston,2022-09-19
21,103,19,84,1,Alamance,2022-07-18
32,260,41,219,1,Cumberland,2022-07-18
0,18,7,11,0,Columbus,2022-06-28
28,148,17,131,0,Onslow,2022-07-18
4,19,6,13,0,Cherokee,2022-07-25
39,236,46,190,0,Forsyth,2022-07-25
30,167,27,140,1,Onslow,2022-07-25
5,39,23,16,0,Haywood,2022-07-25
2,66,20,46,0,Granville,2022-07-25
25,234,34,200,0,Cumberland,2022-07-25
6,19,6,13,0,Rutherford,2022-07-25
1,14,9,5,0,Pasquotank,2022-07-25
8,52,31,21,0,Sampson,2022-07-25
3,16,8,8,0,Madison,2022-07-25
0,8,6,2,0,Alleghany,2022-07-25
9,61,11,50,0,Burke,2022-07-25
14,68,43,25,0,Randolph,2022-07-25
0,11,8,3,0,Pamlico,2022-07-25
25,115,67,48,0,Robeson,2022-07-25
15,53,12,41,0,Halifax,2022-07-25
18,78,8,70,0,Caldwell,2022-07-25
9,38,25,13,0,Columbus,2022-07-25
12,41,4,37,0,Stanly,2022-07-25
13,72,23,49,0,Davidson,2022-07-29
5,23,7,16,0,Chatham,2022-07-29
5,41,17,24,1,Randolph,2022-07-29
11,56,8,48,0,Alamance,2022-07-29
15,59,31,28,0,Robeson,2022-07-29
24,171,22,149,3,Cumberland,2022-07-29
6,20,13,7,0,Carteret,2022-07-29
2,21,10,11,0,Haywood,2022-07-29
11,86,10,76,1,Onslow,2022-07-29
4,37,2,35,0,Caldwell,2022-07-30
1,16,3,13,0,Pasquotank,2022-07-30
14,84,15,69,0,Cumberland,2022-07-30
46,323,49,274,1,Wake,2022-07-30
2,30,1,29,0,Orange,2022-07-30
7,32,6,26,0,Harnett,2022-07-30
2,11,5,6,0,Sampson,2022-07-30
8,45,8,37,0,Onslow,2022-07-30
4,25,7,18,0,Craven,2022-07-30
6,54,14,40,1,Brunswick,2022-07-30
102,613,73,540,0,Mecklenburg,2022-08-02
67,542,60,482,0,Wake,2022-08-02
1,3,1,2,0,Tyrrell,2022-08-02
9,45,24,21,0,Wilkes,2022-08-02
20,174,27,147,1,Cumberland,2022-08-02
5,55,4,51,0,Harnett,2022-08-02
1,16,4,12,0,Hertford,2022-08-02
26,103,46,57,0,Robeson,2022-08-02
4,43,12,31,0,Nash,2022-08-02
3,21,5,16,0,Rutherford,2022-08-02
2,11,7,4,0,Alleghany,2022-08-02
16,113,17,96,0,Onslow,2022-08-02
4,42,2,40,0,Orange,2022-08-02
11,54,12,42,0,Harnett,2022-07-29
6,23,7,16,0,Martin,2022-07-29
3,17,0,17,0,McDowell,2022-07-30
0,7,4,3,0,Yadkin,2022-07-30
5,25,1,24,0,Rutherford,2022-07-30
4,31,16,15,0,Robeson,2022-07-30
0,3,3,0,0,Alleghany,2022-07-30
3,21,6,15,0,Vance,2022-07-30
38,187,28,159,0,Forsyth,2022-08-04
13,145,20,125,0,Cumberland,2022-08-04
3,19,4,15,0,Yadkin,2022-08-04
19,87,27,60,0,Robeson,2022-08-04
16,101,9,92,1,Onslow,2022-08-04
13,37,6,31,0,Pender,2022-08-04
6,39,14,25,0,Lee,2022-07-25
34,253,52,201,4,Guilford,2022-08-04
4,25,5,20,0,Lee,2022-08-04
8,40,11,29,0,Vance,2022-08-02
3,12,5,7,0,Greene,2022-08-02
4,26,5,21,0,Watauga,2022-08-02
4,18,10,8,0,Pasquotank,2022-08-02
10,49,26,23,0,Sampson,2022-08-02
5,13,5,8,0,Northampton,2022-07-25
2,21,8,13,0,Greene,2022-07-25
13,91,19,72,1,Gaston,2022-08-04
12,62,10,52,0,Harnett,2022-08-04
15,69,15,54,0,Harnett,2022-07-25
13,102,29,73,0,Davidson,2022-08-08
15,83,36,47,0,Iredell,2022-08-08
20,104,17,87,0,Gaston,2022-08-08
8,33,10,23,0,Lincoln,2022-08-08
15,70,14,56,0,Rowan,2022-08-08
6,41,14,27,0,Rockingham,2022-08-08
69,595,85,510,1,Wake,2022-08-08
3,28,2,26,0,Bladen,2022-07-25
6,28,14,14,0,Yadkin,2022-08-08
13,102,15,87,0,New Hanover,2022-08-08
19,90,44,46,0,Catawba,2022-08-08
1,13,3,10,0,Clay,2022-08-08
13,89,14,75,0,Alamance,2022-08-08
8,25,6,19,0,Beaufort,2022-08-08
3,17,7,10,0,Jackson,2022-08-08
6,34,15,19,0,Carteret,2022-08-08
32,174,21,153,0,Forsyth,2022-08-10
21,83,18,65,0,Johnston,2022-08-10
31,232,43,189,2,Guilford,2022-08-10
6,27,7,20,0,Chatham,2022-08-10
17,106,18,88,0,Gaston,2022-08-10
5,50,9,41,1,Surry,2022-08-10
0,5,2,3,0,Perquimans,2022-08-10
7,39,16,23,0,Stokes,2022-08-08
14,69,11,58,0,Rowan,2022-08-10
39,276,48,228,1,Guilford,2022-08-08
0,6,1,5,0,Currituck,2022-07-29
6,28,12,16,0,Lee,2022-07-29
3,16,1,15,0,Northampton,2022-07-29
13,82,11,71,0,Rowan,2022-07-29
4,27,13,14,0,Martin,2022-08-08
0,5,0,5,0,Caswell,2022-07-29
9,86,27,59,1,New Hanover,2022-08-10
5,35,0,35,0,Burke,2022-07-30
2,6,0,6,0,Hertford,2022-07-30
5,21,13,8,0,Wilkes,2022-07-30
8,34,2,32,0,Cleveland,2022-08-10
12,43,14,29,0,Lenoir,2022-08-10
20,80,5,75,1,Alamance,2022-08-10
25,160,25,135,0,Forsyth,2022-08-12
5,33,7,26,2,Cleveland,2022-08-12
1,17,3,14,0,Northampton,2022-08-12
3,21,3,18,0,Stokes,2022-08-10
16,75,31,44,1,Catawba,2022-08-10
19,82,38,44,0,Catawba,2022-08-12
3,12,6,6,0,Scotland,2022-07-29
20,79,11,68,0,Gaston,2022-08-12
9,46,20,26,1,Surry,2022-08-12
29,174,29,145,0,Guilford,2022-08-12
5,56,16,40,0,Iredell,2022-08-12
1,5,2,3,0,Mitchell,2022-08-12
13,63,15,48,0,Brunswick,2022-08-02
0,6,2,4,0,Pamlico,2022-08-02
6,9,4,5,0,Beaufort,2022-08-12
15,79,15,64,1,Johnston,2022-08-12
2,23,5,18,0,Halifax,2022-08-12
9,43,23,20,0,Duplin,2022-08-02
8,58,25,33,0,Randolph,2022-07-05
3,27,12,15,0,Wilson,2022-06-28
0,8,2,6,0,Warren,2022-06-28
7,47,8,39,0,Burke,2022-09-14
12,51,7,44,0,Brunswick,2022-09-14
5,22,8,14,0,Watauga,2022-09-14
0,4,3,1,0,Alleghany,2022-06-29
6,23,20,3,0,Sampson,2022-06-29
3,18,6,12,0,Wayne,2022-09-24
1,20,1,19,0,Orange,2022-09-24
3,11,4,7,0,Chatham,2022-09-24
21,157,8,149,1,Durham,2022-07-21
24,91,22,69,0,Rowan,2022-07-21
8,37,30,7,1,Wayne,2022-09-28
2,19,5,14,0,Davie,2022-09-28
7,35,9,26,0,Cabarrus,2022-09-28
8,25,1,24,0,Stanly,2022-09-28
24,87,54,33,0,Robeson,2022-07-21
14,77,37,40,0,Henderson,2022-07-21
2,33,6,27,0,Chatham,2022-07-21
9,72,9,63,0,Durham,2022-09-28
10,37,21,16,0,Columbus,2022-07-05
2,10,2,8,0,Greene,2022-07-21
6,32,9,23,0,Lee,2022-07-21
9,50,11,39,0,Caldwell,2022-07-21
6,29,13,16,0,Columbus,2022-07-21
7,49,32,17,1,Randolph,2022-07-21
17,100,29,71,1,Onslow,2022-07-21
2,21,4,17,0,Granville,2022-10-06
4,22,2,20,0,Burke,2022-10-06
3,26,10,16,0,Cabarrus,2022-10-06
4,16,8,8,0,Craven,2022-10-06
10,36,11,25,0,Buncombe,2022-10-06
2,14,1,13,0,Onslow,2022-10-06
12,65,10,55,0,Forsyth,2022-10-07
4,32,13,19,0,Catawba,2022-10-07
1,6,1,5,0,Stanly,2022-10-07
4,83,14,69,0,Guilford,2022-10-07
0,5,3,2,0,Madison,2022-10-07
6,46,1,45,0,Durham,2022-10-07
10,24,13,11,0,Wilson,2022-09-19
7,30,8,22,0,Henderson,2022-09-19
9,62,8,54,0,Onslow,2022-09-19
0,15,4,11,1,Montgomery,2022-07-18
10,54,4,50,0,Edgecombe,2022-07-18
4,50,14,36,0,Henderson,2022-07-18
9,39,11,28,0,Rowan,2022-09-19
13,67,14,53,1,Caldwell,2022-07-18
6,65,22,43,1,Buncombe,2022-09-19
2,11,3,8,0,Caswell,2022-07-18
1,22,1,21,0,Durham,2022-10-15
2,14,0,14,1,Caldwell,2022-10-15
11,49,11,38,0,Guilford,2022-10-22
2,14,2,12,0,New Hanover,2022-10-22
4,17,10,7,0,Wayne,2022-10-24
4,47,17,30,1,Buncombe,2022-10-24
0,10,7,3,0,Pasquotank,2022-10-24
0,12,5,7,0,Watauga,2022-10-24
1,7,4,3,0,Northampton,2022-06-28
1,9,4,5,0,Craven,2022-11-04
1,5,1,4,0,Onslow,2022-11-05
2,18,7,11,0,Person,2022-06-29
19,108,14,94,0,Mecklenburg,2022-11-09
3,17,1,16,0,Onslow,2022-11-09
7,20,3,17,1,Cabarrus,2022-11-14
5,14,2,12,0,Harnett,2022-11-14
4,22,7,15,0,Johnston,2022-11-14
2,23,2,21,0,Alamance,2022-11-14
4,35,24,11,0,Wilkes,2022-06-29
5,42,3,39,0,Durham,2022-11-17
21,118,14,104,0,Mecklenburg,2022-11-17
0,6,1,5,0,Granville,2022-09-24
8,56,9,47,0,Wake,2022-11-20
7,59,9,50,1,Mecklenburg,2022-11-20
2,25,3,22,0,Durham,2022-11-20
1,17,4,13,0,Cabarrus,2022-11-20
26,189,40,149,1,Mecklenburg,2022-11-21
26,122,16,106,0,Wake,2022-11-21
4,34,4,30,0,Durham,2022-11-23
1,6,4,2,0,Craven,2022-09-24
1,15,2,13,0,Northampton,2022-07-18
3,18,7,11,1,Chatham,2022-09-19
3,16,7,9,0,Randolph,2022-09-24
5,36,4,32,0,Onslow,2022-11-28
6,38,11,27,0,Person,2022-07-18
5,60,12,48,0,Burke,2022-07-18
7,69,2,67,0,Durham,2022-11-28
10,46,4,42,0,Rowan,2022-11-28
0,2,0,2,0,Pamlico,2022-11-28
7,26,5,21,0,Henderson,2022-11-28
6,46,18,28,2,Moore,2022-07-18
4,20,4,16,0,Granville,2022-11-28
3,14,4,10,0,McDowell,2022-11-30
37,192,25,167,0,Wake,2022-11-30
10,52,1,51,0,Durham,2022-11-30
8,28,11,17,0,Henderson,2022-09-28
6,21,6,15,0,Surry,2022-11-30
6,28,5,23,0,Harnett,2022-11-30
1,10,4,6,0,Northampton,2022-12-01
8,40,7,33,0,Cabarrus,2022-12-01
3,10,2,8,0,Person,2022-09-28
0,11,8,3,0,Avery,2022-07-21
33,216,45,171,1,Mecklenburg,2022-12-01
4,47,4,43,0,Durham,2022-12-01
0,2,1,1,0,Person,2022-12-01
3,24,1,23,0,Onslow,2022-09-28
2,11,0,11,0,Stanly,2022-09-24
6,21,5,16,0,Pitt,2022-09-24
10,36,17,19,0,Catawba,2022-12-09
3,25,9,16,0,Johnston,2022-12-10
28,155,38,117,0,Mecklenburg,2022-12-10
0,1,1,0,0,Warren,2022-12-10
12,49,13,36,0,Halifax,2022-07-21
1,12,0,12,0,Granville,2022-09-28
22,128,29,99,0,Mecklenburg,2022-10-06
4,17,9,8,0,Randolph,2022-10-06
0,6,5,1,0,Richmond,2022-10-06
0,8,1,7,0,Vance,2022-10-06
5,12,5,7,0,Rutherford,2022-10-06
1,8,3,5,1,Haywood,2022-10-07
1,7,2,5,0,Stokes,2022-10-07
7,30,2,28,1,Forsyth,2022-10-15
0,30,8,22,1,Guilford,2022-10-15
1,7,2,5,0,Onslow,2022-10-22
4,10,7,3,0,Davie,2022-10-24
10,59,12,47,0,Durham,2022-10-24
1,13,3,10,0,Franklin,2022-10-24
4,22,6,16,1,Henderson,2022-10-24
8,41,9,32,0,Union,2022-10-24
1,18,7,11,0,Catawba,2022-10-22
1,8,2,6,0,Rockingham,2022-10-22
1,5,0,5,0,Edgecombe,2022-11-04
2,4,2,2,0,Transylvania,2022-11-04
0,4,3,1,0,Alexander,2022-11-04
7,19,1,18,0,Davidson,2022-11-04
0,9,5,4,0,Vance,2022-11-04
12,119,11,108,0,Wake,2022-11-04
3,16,7,9,0,Pitt,2022-11-04
1,4,1,3,0,Lee,2022-11-05
1,5,3,2,0,Madison,2022-11-09
1,5,3,2,0,Vance,2022-11-09
4,6,1,5,0,Person,2022-11-04
5,43,3,40,0,Durham,2022-11-04
2,9,5,4,0,Moore,2022-11-04
2,6,2,4,0,Wilkes,2022-11-04
1,16,4,12,0,New Hanover,2022-11-04
1,9,0,9,0,Halifax,2022-11-05
0,10,4,6,0,Randolph,2022-11-09
1,4,0,4,0,Carteret,2022-11-09
1,9,9,0,0,Wayne,2022-11-14
3,35,2,33,0,Cumberland,2022-11-09
2,15,1,14,0,Orange,2022-11-09
2,11,7,4,0,Wilson,2022-11-14
1,6,1,5,0,Lee,2022-11-17
5,27,9,18,0,Cumberland,2022-11-17
1,5,0,5,0,Onslow,2022-11-17
0,4,0,4,0,Hoke,2022-11-14
6,36,5,31,0,Durham,2022-11-14
1,10,2,8,0,Granville,2022-11-20
1,4,0,4,0,Edgecombe,2022-11-21
7,34,19,15,0,Buncombe,2022-11-21
4,11,3,8,0,Nash,2022-11-21
0,3,2,1,0,Madison,2022-11-21
1,4,1,3,0,Halifax,2022-11-21
1,14,1,13,0,Burke,2022-11-21
3,21,4,17,0,Cabarrus,2022-11-21
2,10,6,4,0,Robeson,2022-11-23
1,4,3,1,0,Alleghany,2022-11-23
2,16,3,13,0,Rowan,2022-11-23
2,15,4,11,0,Davie,2022-11-28
9,35,3,32,0,Orange,2022-11-28
9,40,29,11,0,Wayne,2022-11-28
6,30,6,24,0,Harnett,2022-11-28
1,3,2,1,0,Duplin,2022-11-30
10,45,21,24,0,Buncombe,2022-11-30
1,9,1,8,0,Alexander,2022-11-30
9,40,7,33,0,Gaston,2022-11-30
4,16,2,14,0,Nash,2022-11-30
7,28,13,15,0,Buncombe,2022-12-01
8,20,1,19,0,Pitt,2022-12-09
2,7,1,6,0,Person,2022-12-09
17,90,14,76,0,Forsyth,2022-12-09
10,66,11,55,0,Durham,2022-12-09
6,46,0,46,0,Durham,2022-12-10
1,8,6,2,0,Sampson,2022-12-10
13,78,23,55,0,Cumberland,2022-11-30
5,29,10,19,0,Johnston,2022-12-01
4,21,5,16,0,Buncombe,2022-09-24
0,4,0,4,0,Columbus,2022-12-09
2,11,0,11,0,Beaufort,2022-12-09
1,9,1,8,0,Harnett,2022-12-09
11,52,5,47,0,Forsyth,2022-12-10
2,23,3,20,1,Cabarrus,2022-12-10
7,29,12,17,1,Randolph,2022-09-28
9,53,4,49,2,Durham,2022-10-06
0,9,3,6,1,Sampson,2022-10-06
3,13,2,11,0,New Hanover,2022-10-07
1,4,0,4,0,Bladen,2022-10-15
2,9,7,2,0,Currituck,2022-10-15
1,5,4,1,0,Hoke,2022-10-22
3,23,4,19,0,Forsyth,2022-10-22
2,16,4,12,1,Nash,2022-10-24
2,4,1,3,0,Montgomery,2022-11-05
3,16,4,12,0,Cumberland,2022-11-05
6,51,2,49,0,Durham,2022-11-09
1,12,10,2,0,Polk,2022-11-14
5,37,1,36,0,Durham,2022-11-21
3,15,4,11,0,Henderson,2022-11-21
3,19,3,16,0,Pitt,2022-11-21
5,36,9,27,0,Union,2022-11-23
1,18,4,14,0,Lincoln,2022-11-30
1,5,3,2,0,Sampson,2022-11-30
3,13,1,12,0,Rockingham,2022-12-09
2,7,2,5,0,Wayne,2022-12-10
1,4,1,3,0,Washington,2022-07-25
11,52,24,28,1,Wayne,2022-07-30
1,9,7,2,0,Transylvania,2022-07-30
0,3,2,1,0,Camden,2022-07-30
0,15,9,6,0,Carteret,2022-07-30
0,7,2,5,0,Macon,2022-07-30
0,7,5,2,0,Ashe,2022-07-30
1,6,4,2,0,Camden,2022-07-25
2,16,6,10,0,Watauga,2022-07-25
1,6,2,4,0,Polk,2022-07-25
2,16,5,11,0,Transylvania,2022-08-04
0,2,0,2,0,Camden,2022-07-29
8,55,9,46,2,Pitt,2022-07-30
3,19,7,12,0,Stokes,2022-08-12
0,11,1,10,0,Edgecombe,2022-07-30
2,11,8,3,0,Scotland,2022-07-30
0,7,1,6,0,Caswell,2022-08-10
11,48,23,25,1,Wilson,2022-08-02
3,18,7,11,0,Haywood,2022-08-12
1,12,3,9,1,Macon,2022-08-02
1,21,4,17,0,Wayne,2022-08-20
0,5,0,5,0,Avery,2022-08-20
0,9,1,8,0,Davie,2022-08-20
4,13,7,6,0,Currituck,2022-08-08
3,9,4,5,0,Ashe,2022-08-08
3,10,3,7,0,Greene,2022-08-08
3,13,1,12,0,Person,2022-08-12
1,22,11,11,0,Sampson,2022-08-12
11,38,23,15,0,Randolph,2022-08-29
3,14,3,11,0,Edgecombe,2022-09-02
2,7,5,2,0,Scotland,2022-09-02
8,27,10,17,0,Anson,2022-06-16
2,14,2,12,0,Bladen,2022-06-16
4,18,11,7,0,Wilkes,2022-06-16
7,46,11,35,1,Caldwell,2022-08-29
3,17,3,14,0,Edgecombe,2022-09-14
1,4,2,2,0,Pasquotank,2022-09-02
4,8,1,7,0,Madison,2022-09-14
3,12,8,4,1,Duplin,2022-09-14
1,40,3,37,0,Orange,2022-09-02
1,12,1,11,0,Edgecombe,2022-06-16
0,3,1,2,0,Jones,2022-06-28
2,22,10,12,0,Granville,2022-06-28
1,11,4,7,0,Transylvania,2022-06-29
2,12,4,8,0,Caswell,2022-07-05
1,15,6,9,0,Northampton,2022-07-05
0,5,4,1,0,Alleghany,2022-07-05
3,6,4,2,0,Gates,2022-07-05
1,36,22,14,0,Sampson,2022-07-05
1,9,5,4,0,Pamlico,2022-07-18
2,7,3,4,0,Mitchell,2022-06-28
2,12,3,9,0,Harnett,2022-09-24
0,9,4,5,0,Madison,2022-06-29
1,12,2,10,0,Watauga,2022-06-29
2,5,3,2,0,Alleghany,2022-06-28
1,4,2,2,0,Camden,2022-06-29
2,20,9,11,0,Wilson,2022-10-06
0,3,0,3,0,Edgecombe,2022-09-24
1,6,3,3,0,Greene,2022-10-07
3,31,6,25,0,Johnston,2022-10-07
0,10,2,8,0,Haywood,2022-09-28
3,16,3,13,0,Union,2022-10-22
3,16,2,14,0,Wilson,2022-10-24
1,8,2,6,0,Granville,2022-10-24
5,30,10,20,0,Person,2022-07-05
3,18,4,14,0,Caldwell,2022-10-06
0,2,0,2,0,Avery,2022-10-06
0,4,3,1,0,Swain,2022-11-04
0,6,1,5,0,Pasquotank,2022-11-05
0,5,0,5,0,Burke,2022-10-15
1,3,1,2,0,Sampson,2022-11-09
6,38,9,29,0,Cumberland,2022-11-14
1,2,0,2,0,Person,2022-10-22
0,6,3,3,0,Stokes,2022-10-22
5,29,5,24,0,Cabarrus,2022-10-24
0,3,0,3,0,Avery,2022-10-24
1,2,0,2,0,Gates,2022-10-24
0,4,4,0,0,Cherokee,2022-11-20
2,6,3,3,0,Northampton,2022-11-21
0,9,5,4,0,Craven,2022-11-21
0,6,0,6,0,Stanly,2022-11-28
0,7,7,0,0,Madison,2022-11-30
2,28,6,22,0,Brunswick,2022-11-30
2,6,3,3,0,Vance,2022-11-30
1,6,6,0,0,Alleghany,2022-11-30
1,10,0,10,0,Chatham,2022-11-05
1,6,1,5,0,Stokes,2022-11-05
0,6,4,2,0,Haywood,2022-11-05
3,25,11,14,0,Pitt,2022-12-01
0,2,2,0,0,Polk,2022-12-01
2,4,0,4,0,Greene,2022-11-09
6,20,8,12,0,Robeson,2022-11-09
1,11,4,7,0,Harnett,2022-11-09
9,45,19,26,0,Johnston,2022-12-09
4,11,5,6,0,Richmond,2022-12-09
3,21,7,14,0,Cumberland,2022-11-20
2,16,5,11,0,Moore,2022-11-30
1,10,0,10,0,Watauga,2022-11-30
2,4,2,2,0,Polk,2022-11-30
1,10,0,10,0,Chatham,2022-12-09
0,1,0,1,0,Duplin,2022-12-10
0,9,2,7,0,Transylvania,2022-12-10
12,27,4,23,0,Stanly,2022-09-19
3,5,3,2,0,Transylvania,2022-09-24
0,4,2,2,0,Pasquotank,2022-09-24
1,6,4,2,1,Haywood,2022-10-06
4,11,5,6,0,Lenoir,2022-10-07
0,7,2,5,1,Rockingham,2022-10-07
5,24,10,14,0,Iredell,2022-10-07
0,3,0,3,0,Beaufort,2022-11-04
2,11,2,9,0,Lincoln,2022-11-04
3,21,10,11,0,Catawba,2022-11-04
2,8,4,4,0,Robeson,2022-11-05
0,1,0,1,0,Bertie,2022-10-22
3,9,5,4,1,Robeson,2022-11-17
2,10,3,7,0,Harnett,2022-11-23
3,19,9,10,0,Randolph,2022-11-28
4,13,7,6,0,Bladen,2022-11-28
2,13,8,5,0,Wilkes,2022-11-30
0,3,2,1,0,Sampson,2022-11-04
1,5,1,4,0,Columbus,2022-12-01
2,9,7,2,0,Davie,2022-11-09
0,6,1,5,0,Watauga,2022-11-09
3,12,0,12,1,Stokes,2022-12-09
1,2,1,1,0,Yancey,2022-12-09
4,15,11,4,0,Sampson,2022-12-09
1,10,0,10,0,McDowell,2022-11-21
0,1,1,0,0,Clay,2022-11-21
0,7,0,7,0,Chatham,2022-11-23
1,2,1,1,0,Bladen,2022-11-30
0,4,0,4,0,Edgecombe,2022-12-10
4,18,5,13,0,Pasquotank,2022-07-29
2,10,2,8,0,McDowell,2022-08-02
2,9,3,6,0,Yancey,2022-07-29
1,5,0,5,0,Anson,2022-07-30
0,4,3,1,0,Camden,2022-08-02
3,9,3,6,0,Hertford,2022-08-04
1,2,1,1,0,Hyde,2022-08-10
1,14,8,6,0,Transylvania,2022-07-29
1,3,2,1,0,Jones,2022-08-10
2,7,2,5,0,Warren,2022-08-12
0,3,0,3,0,Alleghany,2022-08-04
0,6,2,4,0,Avery,2022-08-10
0,2,1,1,0,Camden,2022-08-12
2,13,5,8,0,Davie,2022-08-29
2,10,3,7,0,Madison,2022-08-29
4,12,2,10,0,Stanly,2022-08-20
0,4,2,2,0,Hertford,2022-08-20
1,16,2,14,0,Orange,2022-08-20
1,3,1,2,0,Bertie,2022-08-29
1,6,1,5,0,Vance,2022-09-14
4,10,4,6,0,Person,2022-09-14
2,26,20,6,0,Duplin,2022-06-16
9,34,9,25,0,Vance,2022-06-29
1,10,0,10,0,Currituck,2022-07-05
2,4,1,3,0,Tyrrell,2022-07-05
3,23,11,12,0,Lee,2022-07-05
1,9,6,3,0,Yancey,2022-09-19
2,5,1,4,0,Avery,2022-06-28
3,17,4,13,0,Edgecombe,2022-06-29
0,3,1,2,0,Halifax,2022-09-24
1,10,4,6,0,Ashe,2022-07-05
0,8,4,4,0,Sampson,2022-09-24
0,8,2,6,1,Transylvania,2022-09-28
4,20,14,6,0,Wayne,2022-10-06
0,2,1,1,0,Pasquotank,2022-10-06
23,132,18,114,0,Pitt,2022-07-26
4,19,6,13,0,Hertford,2022-07-26
1,47,22,25,0,Sampson,2022-07-26
25,127,22,105,1,Gaston,2022-07-26
19,85,41,44,0,Catawba,2022-07-26
10,104,10,94,3,New Hanover,2022-07-26
7,33,15,18,0,Yadkin,2022-07-26
18,112,22,90,0,Union,2022-07-26
5,36,8,28,0,Hoke,2022-07-26
19,109,22,87,1,Cabarrus,2022-07-26
4,24,5,19,0,McDowell,2022-07-26
78,629,57,572,0,Wake,2022-07-27
4,12,1,11,0,Washington,2022-07-27
3,13,9,4,0,Stokes,2022-07-27
13,82,24,58,0,Catawba,2022-07-27
20,193,15,178,0,Durham,2022-07-27
1,17,8,9,0,Swain,2022-07-27
1,9,1,8,0,Perquimans,2022-07-27
5,23,13,10,0,Scotland,2022-07-26
11,89,41,48,0,Craven,2022-07-26
10,51,16,35,0,Nash,2022-07-26
16,53,30,23,0,Duplin,2022-07-26
5,39,20,19,0,Wilkes,2022-07-27
4,38,16,22,0,Richmond,2022-07-26
16,118,34,84,0,Buncombe,2022-07-26
20,111,16,95,0,Union,2022-07-27
17,103,34,69,0,New Hanover,2022-07-27
11,58,6,52,0,Orange,2022-07-26
6,28,6,22,0,Rutherford,2022-07-26
1,34,5,29,0,Person,2022-07-26
6,31,6,25,0,Cherokee,2022-07-26
8,35,15,20,1,Craven,2022-07-27
5,24,17,7,0,Scotland,2022-07-27
11,48,7,41,0,Franklin,2022-07-27
12,48,7,41,1,Cleveland,2022-07-28
11,105,37,68,0,Buncombe,2022-07-28
67,497,72,425,0,Wake,2022-07-28
7,87,13,74,0,New Hanover,2022-07-28
8,51,22,29,0,Lenoir,2022-07-28
1,11,0,11,0,Dare,2022-07-28
4,38,20,18,0,Stokes,2022-07-28
1,11,5,6,0,Swain,2022-07-28
1,8,4,4,0,Polk,2022-07-28
10,47,19,28,0,Wilson,2022-07-28
4,79,11,68,0,Brunswick,2022-07-27
14,44,6,38,0,Cleveland,2022-07-27
21,91,37,54,1,Catawba,2022-07-28
13,111,12,99,0,Union,2022-07-28
16,103,18,85,2,Gaston,2022-07-28
5,32,13,19,0,Richmond,2022-07-28
2,31,6,25,0,Franklin,2022-07-28
15,80,56,24,0,Wayne,2022-07-28
14,43,4,39,2,Stanly,2022-08-01
9,38,14,24,0,Davie,2022-08-01
13,77,10,67,0,Caldwell,2022-08-01
2,12,3,9,0,Macon,2022-08-01
5,44,23,21,0,Wilkes,2022-08-01
16,117,35,82,0,Buncombe,2022-08-01
7,43,5,38,0,Edgecombe,2022-08-01
24,138,85,53,0,Wayne,2022-08-01
18,96,10,86,0,Alamance,2022-08-01
4,15,4,11,0,Cherokee,2022-08-01
23,126,19,107,0,Cabarrus,2022-08-01
27,135,15,120,0,Pitt,2022-08-01
7,39,14,25,0,Hoke,2022-08-01
7,34,10,24,0,Alexander,2022-08-01
22,132,24,108,0,Union,2022-08-01
6,66,3,63,0,Orange,2022-08-01
12,55,29,26,0,Duplin,2022-08-01
2,23,13,10,0,Hoke,2022-07-28
15,58,29,29,0,Wilson,2022-08-01
10,70,9,61,0,Burke,2022-08-01
4,12,6,6,0,Polk,2022-08-01
4,26,13,13,0,Carteret,2022-07-28
13,69,25,44,0,Henderson,2022-08-01
21,83,31,52,1,Craven,2022-08-01
3,16,5,11,0,Hertford,2022-08-01
10,42,5,37,0,Franklin,2022-08-01
10,66,9,57,0,Brunswick,2022-07-26
4,26,6,20,0,Vance,2022-07-26
2,33,10,23,0,Henderson,2022-08-07
2,35,1,34,0,Orange,2022-08-07
1,17,9,8,1,Davie,2022-07-27
8,52,11,41,0,Caldwell,2022-08-07
5,57,15,42,0,Cabarrus,2022-08-07
2,4,0,4,0,Chowan,2022-07-26
6,32,6,26,0,Franklin,2022-07-26
2,26,10,16,0,Carteret,2022-07-27
5,34,8,26,0,Moore,2022-07-28
19,79,13,66,0,Caldwell,2022-08-09
73,500,53,447,0,Mecklenburg,2022-08-09
4,26,5,21,0,Davie,2022-08-09
6,26,7,19,0,Edgecombe,2022-08-09
24,200,23,177,0,Cumberland,2022-08-09
12,73,37,36,0,Randolph,2022-08-09
4,17,5,12,0,Moore,2022-08-07
3,55,15,40,0,Harnett,2022-08-09
12,76,16,60,0,Johnston,2022-08-09
7,20,10,10,0,Yadkin,2022-07-28
1,8,3,5,0,Ashe,2022-07-27
8,27,7,20,0,Richmond,2022-07-27
10,31,2,29,0,Stanly,2022-08-11
16,68,42,26,0,Wayne,2022-08-11
2,17,4,13,0,Lee,2022-08-09
5,36,17,19,0,Duplin,2022-08-11
20,153,33,120,0,Cumberland,2022-08-11
9,82,27,55,0,Buncombe,2022-08-11
3,18,8,10,1,Pasquotank,2022-08-09
18,90,44,46,1,Robeson,2022-08-09
3,19,5,14,0,Rutherford,2022-08-11
11,65,9,56,1,Harnett,2022-08-11
6,29,10,19,0,Granville,2022-08-11
4,37,9,28,1,Craven,2022-08-09
8,46,19,27,0,Henderson,2022-08-11
3,13,1,12,0,Chowan,2022-08-01
4,9,6,3,0,Jones,2022-08-01
3,23,7,16,0,Moore,2022-08-11
8,62,14,48,0,Moore,2022-08-01
23,87,47,40,0,Robeson,2022-08-16
7,34,2,32,0,Granville,2022-08-16
6,37,10,27,0,Henderson,2022-08-16
0,9,1,8,0,Transylvania,2022-08-16
14,92,9,83,0,Onslow,2022-08-16
14,112,10,102,1,Durham,2022-08-16
3,16,4,12,0,Davie,2022-08-16
4,22,9,13,0,Craven,2022-08-07
6,23,2,21,0,Stanly,2022-08-16
4,14,4,10,0,Granville,2022-08-07
3,27,2,25,0,Stokes,2022-08-16
17,90,18,72,1,Cabarrus,2022-08-16
0,7,1,6,0,Transylvania,2022-08-07
0,8,1,7,0,Warren,2022-08-16
5,22,10,12,0,Sampson,2022-08-16
3,19,1,18,0,Craven,2022-08-19
6,47,17,30,0,Surry,2022-08-19
13,63,29,34,0,Catawba,2022-08-19
13,52,5,47,1,Rowan,2022-08-19
4,21,3,18,0,Yadkin,2022-08-19
0,5,1,4,0,Bertie,2022-08-19
14,64,9,55,1,Gaston,2022-08-19
5,35,17,18,0,Nash,2022-08-19
11,72,8,64,0,Union,2022-08-19
3,26,10,16,1,Pender,2022-08-19
13,93,4,89,0,Durham,2022-08-19
4,23,0,23,0,Franklin,2022-08-19
16,56,19,37,0,Davidson,2022-08-19
3,23,6,17,0,New Hanover,2022-08-21
4,34,6,28,0,New Hanover,2022-08-19
7,20,9,11,0,Lee,2022-08-19
1,14,10,4,1,Moore,2022-08-21
8,55,4,51,0,Gaston,2022-08-21
0,15,2,13,0,Hoke,2022-08-21
0,3,1,2,0,Swain,2022-08-19
0,4,0,4,0,Hertford,2022-08-21
6,38,12,26,0,Catawba,2022-08-21
11,66,9,57,1,Caldwell,2022-08-11
3,16,2,14,0,Wilson,2022-08-21
11,53,9,44,0,Union,2022-08-21
2,15,3,12,0,Wilkes,2022-08-21
0,2,1,1,0,Swain,2022-08-21
2,12,0,12,0,Dare,2022-08-11
6,22,3,19,0,Franklin,2022-08-25
2,13,1,12,0,Chatham,2022-08-25
2,12,6,6,0,Carteret,2022-08-25
11,49,13,36,0,Cleveland,2022-08-25
25,99,13,86,0,Gaston,2022-08-25
7,54,26,28,0,Catawba,2022-08-25
6,41,16,25,0,Moore,2022-08-25
13,53,3,50,0,Union,2022-08-25
0,15,7,8,0,Richmond,2022-08-25
19,109,17,92,0,Gaston,2022-08-26
7,54,14,40,0,Pitt,2022-08-26
13,58,28,30,0,Wayne,2022-08-26
13,54,5,49,0,Union,2022-08-26
14,161,31,130,1,Guilford,2022-08-26
11,42,9,33,1,Cleveland,2022-08-26
11,50,16,34,0,Catawba,2022-08-26
2,39,15,24,0,Moore,2022-08-16
4,20,2,18,0,Lenoir,2022-08-25
6,56,17,39,0,New Hanover,2022-08-25
3,37,14,23,1,Buncombe,2022-08-26
1,6,0,6,0,Chowan,2022-08-26
2,64,18,46,2,Buncombe,2022-06-14
6,50,22,28,0,Craven,2022-06-14
4,8,1,7,0,Washington,2022-08-26
13,54,27,27,1,Catawba,2022-06-14
14,85,10,75,0,Pitt,2022-06-14
1,42,18,24,0,Randolph,2022-06-14
4,12,6,6,0,Martin,2022-08-19
4,27,10,17,0,Yadkin,2022-06-14
0,28,4,24,0,Chatham,2022-08-19
8,81,16,65,1,New Hanover,2022-06-14
6,40,17,23,0,Wilkes,2022-08-19
8,45,4,41,1,Brunswick,2022-08-19
5,68,15,53,0,Cabarrus,2022-06-14
1,7,3,4,0,Richmond,2022-08-21
5,35,11,24,0,Wayne,2022-08-21
10,80,15,65,0,Onslow,2022-06-14
2,11,3,8,0,Ashe,2022-06-14
7,42,5,37,0,Franklin,2022-06-15
9,77,24,53,0,Buncombe,2022-06-15
5,38,10,28,1,Buncombe,2022-08-21
9,37,14,23,0,Moore,2022-06-15
10,107,20,87,0,Cumberland,2022-06-15
1,5,2,3,0,Pasquotank,2022-09-04
11,56,5,51,0,Durham,2022-09-04
9,26,2,24,0,Caldwell,2022-09-04
1,22,1,21,0,Onslow,2022-09-04
8,25,6,19,0,Caldwell,2022-06-15
2,38,13,25,0,Craven,2022-06-15
0,7,4,3,0,Sampson,2022-09-04
25,175,22,153,3,Mecklenburg,2022-09-04
1,33,6,27,0,Pitt,2022-09-04
2,10,2,8,1,Rutherford,2022-09-04
6,35,11,24,0,Pitt,2022-09-05
,0,0,0,0,Alexander,2022-06-19
,0,0,0,0,Alexander,2022-11-12
,0,0,0,0,Alexander,2022-11-13
,0,0,0,0,Alleghany,2022-06-17
,0,0,0,0,Alleghany,2022-06-21
,0,0,0,0,Alleghany,2022-07-02
,0,0,0,0,Alleghany,2022-07-04
,0,0,0,0,Alleghany,2022-07-07
,0,0,0,0,Alleghany,2022-07-16
,0,0,0,0,Alleghany,2022-07-17
,0,0,0,0,Alleghany,2022-07-22
,0,0,0,0,Alleghany,2022-08-21
,0,0,0,0,Alleghany,2022-09-09
,0,0,0,0,Alleghany,2022-09-17
,0,0,0,0,Alleghany,2022-09-25
,0,0,0,0,Alleghany,2022-09-28
,0,0,0,0,Alleghany,2022-10-06
,0,0,0,0,Alleghany,2022-10-07
,0,0,0,0,Alleghany,2022-10-08
,0,0,0,0,Alleghany,2022-10-09
,0,0,0,0,Alleghany,2022-10-14
,0,0,0,0,Alleghany,2022-10-16
,0,0,0,0,Alleghany,2022-10-22
,0,0,0,0,Alleghany,2022-10-25
,0,0,0,0,Alleghany,2022-10-27
,0,0,0,0,Alleghany,2022-10-29
,0,0,0,0,Alleghany,2022-11-04
,0,0,0,0,Alleghany,2022-11-05
,0,0,0,0,Alleghany,2022-11-15
,0,0,0,0,Alleghany,2022-11-19
,0,0,0,0,Alleghany,2022-11-20
,0,0,0,0,Alleghany,2022-11-21
,0,0,0,0,Alleghany,2022-11-27
,0,0,0,0,Alleghany,2022-12-05
,0,0,0,0,Alleghany,2022-12-06
,0,0,0,0,Alleghany,2022-12-07
,0,0,0,0,Anson,2022-06-19
,0,0,0,0,Anson,2022-09-30
,0,0,0,0,Anson,2022-10-01
,0,0,0,0,Anson,2022-10-09
,0,0,0,0,Anson,2022-10-23
,0,0,0,0,Anson,2022-10-29
,0,0,0,0,Anson,2022-10-30
,0,0,0,0,Anson,2022-11-05
,0,0,0,0,Anson,2022-11-06
,0,0,0,0,Anson,2022-11-12
,0,0,0,0,Anson,2022-11-20
,0,0,0,0,Anson,2022-11-22
,0,0,0,0,Anson,2022-11-26
,0,0,0,0,Anson,2022-11-28
,0,0,0,0,Ashe,2022-06-25
,0,0,0,0,Ashe,2022-07-04
,0,0,0,0,Ashe,2022-09-29
,0,0,0,0,Ashe,2022-10-01
,0,0,0,0,Ashe,2022-10-22
,0,0,0,0,Ashe,2022-11-23
,0,0,0,0,Ashe,2022-11-26
,0,0,0,0,Avery,2022-07-28
,0,0,0,0,Avery,2022-09-14
,0,0,0,0,Avery,2022-09-22
,0,0,0,0,Avery,2022-09-25
,0,0,0,0,Avery,2022-09-27
,0,0,0,0,Avery,2022-09-29
,0,0,0,0,Avery,2022-10-08
,0,0,0,0,Avery,2022-10-12
,0,0,0,0,Avery,2022-10-14
,0,0,0,0,Avery,2022-10-16
,0,0,0,0,Avery,2022-10-18
,0,0,0,0,Avery,2022-10-19
,0,0,0,0,Avery,2022-10-21
,0,0,0,0,Avery,2022-10-22
,0,0,0,0,Avery,2022-10-23
,0,0,0,0,Avery,2022-11-06
,0,0,0,0,Avery,2022-11-11
,0,0,0,0,Avery,2022-11-15
,0,0,0,0,Avery,2022-11-16
,0,0,0,0,Avery,2022-11-17
,0,0,0,0,Avery,2022-11-19
,0,0,0,0,Avery,2022-11-20
,0,0,0,0,Avery,2022-11-21
,0,0,0,0,Avery,2022-11-24
,0,0,0,0,Avery,2022-11-27
,0,0,0,0,Avery,2022-11-28
,0,0,0,0,Avery,2022-11-30
,0,0,0,0,Avery,2022-12-02
,0,0,0,0,Avery,2022-12-04
,0,0,0,0,Beaufort,2022-11-15
,0,0,0,0,Beaufort,2022-11-20
,0,0,0,0,Beaufort,2022-11-24
,0,0,0,0,Bertie,2022-08-17
,0,0,0,0,Bertie,2022-09-10
,0,0,0,0,Bertie,2022-10-07
,0,0,0,0,Bertie,2022-10-08
,0,0,0,0,Bertie,2022-10-09
,0,0,0,0,Bertie,2022-10-10
,0,0,0,0,Bertie,2022-10-12
,0,0,0,0,Bertie,2022-10-13
,0,0,0,0,Bertie,2022-10-19
,0,0,0,0,Bertie,2022-10-26
,0,0,0,0,Bertie,2022-10-28
,0,0,0,0,Bertie,2022-11-05
,0,0,0,0,Bertie,2022-11-11
,0,0,0,0,Bertie,2022-11-13
,0,0,0,0,Bertie,2022-11-18
,0,0,0,0,Bertie,2022-11-19
,0,0,0,0,Bertie,2022-11-20
,0,0,0,0,Bertie,2022-11-24
,0,0,0,0,Bertie,2022-11-25
,0,0,0,0,Bertie,2022-11-30
,0,0,0,0,Bladen,2022-10-11
,0,0,0,0,Bladen,2022-10-16
,0,0,0,0,Bladen,2022-10-17
,0,0,0,0,Bladen,2022-10-20
,0,0,0,0,Bladen,2022-10-23
,0,0,0,0,Bladen,2022-10-29
,0,0,0,0,Bladen,2022-11-02
,0,0,0,0,Bladen,2022-11-06
,0,0,0,0,Bladen,2022-11-13
,0,0,0,0,Bladen,2022-11-18
,0,0,0,0,Bladen,2022-11-20
,0,0,0,0,Camden,2022-06-15
,0,0,0,0,Camden,2022-06-18
,0,0,0,0,Camden,2022-06-28
,0,0,0,0,Camden,2022-07-02
,0,0,0,0,Camden,2022-07-03
,0,0,0,0,Camden,2022-07-05
,0,0,0,0,Camden,2022-07-09
,0,0,0,0,Camden,2022-07-12
,0,0,0,0,Camden,2022-07-22
,0,0,0,0,Camden,2022-07-28
,0,0,0,0,Camden,2022-08-03
,0,0,0,0,Camden,2022-08-07
,0,0,0,0,Camden,2022-08-11
,0,0,0,0,Camden,2022-08-14
,0,0,0,0,Camden,2022-08-15
,0,0,0,0,Camden,2022-08-16
,0,0,0,0,Camden,2022-08-20
,0,0,0,0,Camden,2022-08-24
,0,0,0,0,Camden,2022-08-27
,0,0,0,0,Camden,2022-09-18
,0,0,0,0,Camden,2022-09-19
,0,0,0,0,Camden,2022-09-22
,0,0,0,0,Camden,2022-09-25
,0,0,0,0,Camden,2022-09-28
,0,0,0,0,Camden,2022-09-30
,0,0,0,0,Camden,2022-10-01
,0,0,0,0,Camden,2022-10-02
,0,0,0,0,Camden,2022-10-06
,0,0,0,0,Camden,2022-10-08
,0,0,0,0,Camden,2022-10-09
,0,0,0,0,Camden,2022-10-10
,0,0,0,0,Camden,2022-10-11
,0,0,0,0,Camden,2022-10-20
,0,0,0,0,Camden,2022-10-22
,0,0,0,0,Camden,2022-10-23
,0,0,0,0,Camden,2022-10-28
,0,0,0,0,Camden,2022-10-29
,0,0,0,0,Camden,2022-11-03
,0,0,0,0,Camden,2022-11-04
,0,0,0,0,Camden,2022-11-05
,0,0,0,0,Camden,2022-11-06
,0,0,0,0,Camden,2022-11-09
,0,0,0,0,Camden,2022-11-11
,0,0,0,0,Camden,2022-11-13
,0,0,0,0,Camden,2022-11-14
,0,0,0,0,Camden,2022-11-17
,0,0,0,0,Camden,2022-11-19
,0,0,0,0,Camden,2022-11-20
,0,0,0,0,Camden,2022-11-22
,0,0,0,0,Camden,2022-11-23
,0,0,0,0,Camden,2022-11-24
,0,0,0,0,Camden,2022-11-26
,0,0,0,0,Camden,2022-11-27
,0,0,0,0,Camden,2022-11-28
,0,0,0,0,Camden,2022-12-01
,0,0,0,0,Camden,2022-12-02
,0,0,0,0,Camden,2022-12-03
,0,0,0,0,Camden,2022-12-04
,0,0,0,0,Camden,2022-12-07
,0,0,0,0,Camden,2022-12-08
,0,0,0,0,Camden,2022-12-10
,0,0,0,0,Carteret,2022-10-16
,0,0,0,0,Carteret,2022-11-13
,0,0,0,0,Caswell,2022-09-20
,0,0,0,0,Caswell,2022-09-24
,0,0,0,0,Caswell,2022-10-03
,0,0,0,0,Caswell,2022-10-11
,0,0,0,0,Caswell,2022-10-12
,0,0,0,0,Caswell,2022-10-14
,0,0,0,0,Caswell,2022-10-16
,0,0,0,0,Caswell,2022-10-18
,0,0,0,0,Caswell,2022-10-22
,0,0,0,0,Caswell,2022-10-23
,0,0,0,0,Caswell,2022-10-29
,0,0,0,0,Caswell,2022-10-30
,0,0,0,0,Caswell,2022-11-04
,0,0,0,0,Caswell,2022-11-05
,0,0,0,0,Caswell,2022-11-07
,0,0,0,0,Caswell,2022-11-10
,0,0,0,0,Caswell,2022-11-16
,0,0,0,0,Caswell,2022-11-18
,0,0,0,0,Caswell,2022-11-20
,0,0,0,0,Caswell,2022-11-22
,0,0,0,0,Caswell,2022-11-24
,0,0,0,0,Caswell,2022-11-25
,0,0,0,0,Caswell,2022-12-02
,0,0,0,0,Cherokee,2022-07-04
,0,0,0,0,Cherokee,2022-11-09
,0,0,0,0,Cherokee,2022-11-13
,0,0,0,0,Chowan,2022-06-18
,0,0,0,0,Chowan,2022-06-25
,0,0,0,0,Chowan,2022-07-04
,0,0,0,0,Chowan,2022-07-10
,0,0,0,0,Chowan,2022-09-03
,0,0,0,0,Chowan,2022-09-10
,0,0,0,0,Chowan,2022-10-01
,0,0,0,0,Chowan,2022-10-04
,0,0,0,0,Chowan,2022-10-06
,0,0,0,0,Chowan,2022-10-15
,0,0,0,0,Chowan,2022-10-18
,0,0,0,0,Chowan,2022-10-19
,0,0,0,0,Chowan,2022-10-22
,0,0,0,0,Chowan,2022-10-23
,0,0,0,0,Chowan,2022-10-25
,0,0,0,0,Chowan,2022-10-27
,0,0,0,0,Chowan,2022-10-29
,0,0,0,0,Chowan,2022-11-04
,0,0,0,0,Chowan,2022-11-05
,0,0,0,0,Chowan,2022-11-06
,0,0,0,0,Chowan,2022-11-08
,0,0,0,0,Chowan,2022-11-10
,0,0,0,0,Chowan,2022-11-12
,0,0,0,0,Chowan,2022-11-13
,0,0,0,0,Chowan,2022-11-15
,0,0,0,0,Chowan,2022-11-17
,0,0,0,0,Chowan,2022-11-18
,0,0,0,0,Chowan,2022-11-22
,0,0,0,0,Chowan,2022-11-24
,0,0,0,0,Chowan,2022-12-04
,0,0,0,0,Clay,2022-06-19
,0,0,0,0,Clay,2022-07-10
,0,0,0,0,Clay,2022-08-20
,0,0,0,0,Clay,2022-09-02
,0,0,0,0,Clay,2022-09-04
,0,0,0,0,Clay,2022-09-15
,0,0,0,0,Clay,2022-09-16
,0,0,0,0,Clay,2022-09-21
,0,0,0,0,Clay,2022-09-23
,0,0,0,0,Clay,2022-09-24
,0,0,0,0,Clay,2022-09-27
,0,0,0,0,Clay,2022-09-28
,0,0,0,0,Clay,2022-09-30
,0,0,0,0,Clay,2022-10-02
,0,0,0,0,Clay,2022-10-04
,0,0,0,0,Clay,2022-10-06
,0,0,0,0,Clay,2022-10-09
,0,0,0,0,Clay,2022-10-13
,0,0,0,0,Clay,2022-10-15
,0,0,0,0,Clay,2022-10-16
,0,0,0,0,Clay,2022-10-18
,0,0,0,0,Clay,2022-10-28
,0,0,0,0,Clay,2022-11-08
,0,0,0,0,Clay,2022-11-13
,0,0,0,0,Clay,2022-11-15
,0,0,0,0,Clay,2022-11-17
,0,0,0,0,Clay,2022-11-18
,0,0,0,0,Clay,2022-11-19
,0,0,0,0,Clay,2022-11-20
,0,0,0,0,Clay,2022-11-24
,0,0,0,0,Clay,2022-11-25
,0,0,0,0,Clay,2022-11-26
,0,0,0,0,Clay,2022-11-29
,0,0,0,0,Clay,2022-11-30
,0,0,0,0,Clay,2022-12-04
,0,0,0,0,Clay,2022-12-08
,0,0,0,0,Columbus,2022-10-21
,0,0,0,0,Columbus,2022-11-06
,0,0,0,0,Columbus,2022-12-03
,0,0,0,0,Currituck,2022-08-22
,0,0,0,0,Currituck,2022-08-28
,0,0,0,0,Currituck,2022-09-10
,0,0,0,0,Currituck,2022-10-02
,0,0,0,0,Currituck,2022-11-08
,0,0,0,0,Currituck,2022-11-11
,0,0,0,0,Currituck,2022-11-16
,0,0,0,0,Currituck,2022-11-24
,0,0,0,0,Currituck,2022-11-25
,0,0,0,0,Currituck,2022-11-29
,0,0,0,0,Currituck,2022-12-06
,0,0,0,0,Dare,2022-11-24
,0,0,0,0,Dare,2022-12-03
,0,0,0,0,Dare,2022-12-07
,0,0,0,0,Davie,2022-10-22
,0,0,0,0,Davie,2022-11-06
,0,0,0,0,Davie,2022-11-13
,0,0,0,0,Davie,2022-11-19
,0,0,0,0,Davie,2022-11-20
,0,0,0,0,Duplin,2022-11-12
,0,0,0,0,Duplin,2022-11-23
,0,0,0,0,Edgecombe,2022-11-13
,0,0,0,0,Edgecombe,2022-11-19
,0,0,0,0,Gates,2022-06-16
,0,0,0,0,Gates,2022-06-25
,0,0,0,0,Gates,2022-06-29
,0,0,0,0,Gates,2022-07-04
,0,0,0,0,Gates,2022-07-17
,0,0,0,0,Gates,2022-07-19
,0,0,0,0,Gates,2022-08-19
,0,0,0,0,Gates,2022-08-20
,0,0,0,0,Gates,2022-08-21
,0,0,0,0,Gates,2022-08-23
,0,0,0,0,Gates,2022-08-28
,0,0,0,0,Gates,2022-08-30
,0,0,0,0,Gates,2022-09-11
,0,0,0,0,Gates,2022-09-16
,0,0,0,0,Gates,2022-09-18
,0,0,0,0,Gates,2022-09-24
,0,0,0,0,Gates,2022-09-25
,0,0,0,0,Gates,2022-09-28
,0,0,0,0,Gates,2022-09-29
,0,0,0,0,Gates,2022-09-30
,0,0,0,0,Gates,2022-10-01
,0,0,0,0,Gates,2022-10-02
,0,0,0,0,Gates,2022-10-04
,0,0,0,0,Gates,2022-10-07
,0,0,0,0,Gates,2022-10-08
,0,0,0,0,Gates,2022-10-12
,0,0,0,0,Gates,2022-10-14
,0,0,0,0,Gates,2022-10-16
,0,0,0,0,Gates,2022-10-19
,0,0,0,0,Gates,2022-10-20
,0,0,0,0,Gates,2022-10-23
,0,0,0,0,Gates,2022-10-25
,0,0,0,0,Gates,2022-10-27
,0,0,0,0,Gates,2022-10-28
,0,0,0,0,Gates,2022-10-29
,0,0,0,0,Gates,2022-10-30
,0,0,0,0,Gates,2022-11-02
,0,0,0,0,Gates,2022-11-06
,0,0,0,0,Gates,2022-11-07
,0,0,0,0,Gates,2022-11-09
,0,0,0,0,Gates,2022-11-10
,0,0,0,0,Gates,2022-11-11
,0,0,0,0,Gates,2022-11-12
,0,0,0,0,Gates,2022-11-14
,0,0,0,0,Gates,2022-11-16
,0,0,0,0,Gates,2022-11-18
,0,0,0,0,Gates,2022-11-19
,0,0,0,0,Gates,2022-11-22
,0,0,0,0,Gates,2022-11-23
,0,0,0,0,Gates,2022-11-24
,0,0,0,0,Gates,2022-11-25
,0,0,0,0,Gates,2022-11-27
,0,0,0,0,Gates,2022-11-29
,0,0,0,0,Gates,2022-11-30
,0,0,0,0,Gates,2022-12-01
,0,0,0,0,Gates,2022-12-02
,0,0,0,0,Gates,2022-12-03
,0,0,0,0,Gates,2022-12-06
,0,0,0,0,Gates,2022-12-08
,0,0,0,0,Gates,2022-12-09
,0,0,0,0,Gates,2022-12-10
,0,0,0,0,Graham,2022-06-19
,0,0,0,0,Graham,2022-06-22
,0,0,0,0,Graham,2022-06-24
,0,0,0,0,Graham,2022-07-30
,0,0,0,0,Graham,2022-08-28
,0,0,0,0,Graham,2022-09-11
,0,0,0,0,Graham,2022-09-15
,0,0,0,0,Graham,2022-09-17
,0,0,0,0,Graham,2022-09-27
,0,0,0,0,Graham,2022-10-02
,0,0,0,0,Graham,2022-10-05
,0,0,0,0,Graham,2022-10-06
,0,0,0,0,Graham,2022-10-11
,0,0,0,0,Graham,2022-10-15
,0,0,0,0,Graham,2022-10-16
,0,0,0,0,Graham,2022-10-17
,0,0,0,0,Graham,2022-10-18
,0,0,0,0,Graham,2022-10-21
,0,0,0,0,Graham,2022-10-23
,0,0,0,0,Graham,2022-11-05
,0,0,0,0,Graham,2022-11-09
,0,0,0,0,Graham,2022-11-11
,0,0,0,0,Graham,2022-11-12
,0,0,0,0,Graham,2022-11-14
,0,0,0,0,Graham,2022-11-19
,0,0,0,0,Graham,2022-11-20
,0,0,0,0,Graham,2022-11-21
,0,0,0,0,Graham,2022-11-24
,0,0,0,0,Graham,2022-11-25
,0,0,0,0,Graham,2022-11-26
,0,0,0,0,Graham,2022-12-01
,0,0,0,0,Graham,2022-12-03
,0,0,0,0,Graham,2022-12-04
,0,0,0,0,Graham,2022-12-05
,0,0,0,0,Graham,2022-12-08
,0,0,0,0,Graham,2022-12-10
,0,0,0,0,Greene,2022-06-25
,0,0,0,0,Greene,2022-06-26
,0,0,0,0,Greene,2022-07-08
,0,0,0,0,Greene,2022-09-03
,0,0,0,0,Greene,2022-09-22
,0,0,0,0,Greene,2022-09-25
,0,0,0,0,Greene,2022-09-28
,0,0,0,0,Greene,2022-10-09
,0,0,0,0,Greene,2022-10-14
,0,0,0,0,Greene,2022-10-15
,0,0,0,0,Greene,2022-10-16
,0,0,0,0,Greene,2022-10-22
,0,0,0,0,Greene,2022-10-29
,0,0,0,0,Greene,2022-10-30
,0,0,0,0,Greene,2022-11-12
,0,0,0,0,Greene,2022-11-15
,0,0,0,0,Greene,2022-11-19
,0,0,0,0,Greene,2022-11-20
,0,0,0,0,Greene,2022-11-23
,0,0,0,0,Greene,2022-11-24
,0,0,0,0,Greene,2022-11-25
,0,0,0,0,Greene,2022-11-26
,0,0,0,0,Greene,2022-11-27
,0,0,0,0,Greene,2022-12-01
,0,0,0,0,Greene,2022-12-04
,0,0,0,0,Halifax,2022-11-20
,0,0,0,0,Haywood,2022-11-06
,0,0,0,0,Hertford,2022-09-11
,0,0,0,0,Hertford,2022-09-23
,0,0,0,0,Hertford,2022-09-24
,0,0,0,0,Hertford,2022-09-25
,0,0,0,0,Hertford,2022-10-02
,0,0,0,0,Hertford,2022-10-16
,0,0,0,0,Hertford,2022-10-23
,0,0,0,0,Hertford,2022-10-28
,0,0,0,0,Hertford,2022-11-05
,0,0,0,0,Hertford,2022-11-06
,0,0,0,0,Hertford,2022-11-13
,0,0,0,0,Hertford,2022-11-15
,0,0,0,0,Hertford,2022-11-17
,0,0,0,0,Hertford,2022-11-24
,0,0,0,0,Hertford,2022-11-26
,0,0,0,0,Hoke,2022-11-25
,0,0,0,0,Hyde,2022-06-15
,0,0,0,0,Hyde,2022-06-17
,0,0,0,0,Hyde,2022-06-18
,0,0,0,0,Hyde,2022-06-19
,0,0,0,0,Hyde,2022-06-26
,0,0,0,0,Hyde,2022-07-02
,0,0,0,0,Hyde,2022-07-03
,0,0,0,0,Hyde,2022-07-09
,0,0,0,0,Hyde,2022-07-16
,0,0,0,0,Hyde,2022-07-17
,0,0,0,0,Hyde,2022-07-18
,0,0,0,0,Hyde,2022-07-19
,0,0,0,0,Hyde,2022-07-22
,0,0,0,0,Hyde,2022-07-24
,0,0,0,0,Hyde,2022-07-27
,0,0,0,0,Hyde,2022-07-30
,0,0,0,0,Hyde,2022-07-31
,0,0,0,0,Hyde,2022-08-07
,0,0,0,0,Hyde,2022-08-20
,0,0,0,0,Hyde,2022-08-21
,0,0,0,0,Hyde,2022-08-24
,0,0,0,0,Hyde,2022-08-27
,0,0,0,0,Hyde,2022-08-28
,0,0,0,0,Hyde,2022-09-01
,0,0,0,0,Hyde,2022-09-04
,0,0,0,0,Hyde,2022-09-05
,0,0,0,0,Hyde,2022-09-11
,0,0,0,0,Hyde,2022-09-14
,0,0,0,0,Hyde,2022-09-17
,0,0,0,0,Hyde,2022-09-18
,0,0,0,0,Hyde,2022-09-23
,0,0,0,0,Hyde,2022-09-30
,0,0,0,0,Hyde,2022-10-03
,0,0,0,0,Hyde,2022-10-04
,0,0,0,0,Hyde,2022-10-06
,0,0,0,0,Hyde,2022-10-08
,0,0,0,0,Hyde,2022-10-09
,0,0,0,0,Hyde,2022-10-11
,0,0,0,0,Hyde,2022-10-13
,0,0,0,0,Hyde,2022-10-14
,0,0,0,0,Hyde,2022-10-16
,0,0,0,0,Hyde,2022-10-18
,0,0,0,0,Hyde,2022-10-19
,0,0,0,0,Hyde,2022-10-20
,0,0,0,0,Hyde,2022-10-21
,0,0,0,0,Hyde,2022-10-22
,0,0,0,0,Hyde,2022-10-25
,0,0,0,0,Hyde,2022-10-29
,0,0,0,0,Hyde,2022-10-31
,0,0,0,0,Hyde,2022-11-03
,0,0,0,0,Hyde,2022-11-06
,0,0,0,0,Hyde,2022-11-08
,0,0,0,0,Hyde,2022-11-09
,0,0,0,0,Hyde,2022-11-10
,0,0,0,0,Hyde,2022-11-11
,0,0,0,0,Hyde,2022-11-12
,0,0,0,0,Hyde,2022-11-13
,0,0,0,0,Hyde,2022-11-14
,0,0,0,0,Hyde,2022-11-15
,0,0,0,0,Hyde,2022-11-16
,0,0,0,0,Hyde,2022-11-17
,0,0,0,0,Hyde,2022-11-18
,0,0,0,0,Hyde,2022-11-19
,0,0,0,0,Hyde,2022-11-20
,0,0,0,0,Hyde,2022-11-22
,0,0,0,0,Hyde,2022-11-23
,0,0,0,0,Hyde,2022-11-25
,0,0,0,0,Hyde,2022-11-26
,0,0,0,0,Hyde,2022-11-27
,0,0,0,0,Hyde,2022-11-28
,0,0,0,0,Hyde,2022-11-29
,0,0,0,0,Hyde,2022-11-30
,0,0,0,0,Hyde,2022-12-01
,0,0,0,0,Hyde,2022-12-03
,0,0,0,0,Hyde,2022-12-04
,0,0,0,0,Hyde,2022-12-05
,0,0,0,0,Hyde,2022-12-06
,0,0,0,0,Hyde,2022-12-07
,0,0,0,0,Hyde,2022-12-08
,0,0,0,0,Hyde,2022-12-10
,0,0,0,0,Jackson,2022-11-05
,0,0,0,0,Jones,2022-06-17
,0,0,0,0,Jones,2022-06-25
,0,0,0,0,Jones,2022-07-30
,0,0,0,0,Jones,2022-08-20
,0,0,0,0,Jones,2022-08-24
,0,0,0,0,Jones,2022-09-01
,0,0,0,0,Jones,2022-09-03
,0,0,0,0,Jones,2022-09-09
,0,0,0,0,Jones,2022-09-20
,0,0,0,0,Jones,2022-10-02
,0,0,0,0,Jones,2022-10-07
,0,0,0,0,Jones,2022-10-09
,0,0,0,0,Jones,2022-10-11
,0,0,0,0,Jones,2022-10-12
,0,0,0,0,Jones,2022-10-14
,0,0,0,0,Jones,2022-10-15
,0,0,0,0,Jones,2022-10-23
,0,0,0,0,Jones,2022-10-24
,0,0,0,0,Jones,2022-10-27
,0,0,0,0,Jones,2022-10-28
,0,0,0,0,Jones,2022-11-01
,0,0,0,0,Jones,2022-11-03
,0,0,0,0,Jones,2022-11-04
,0,0,0,0,Jones,2022-11-05
,0,0,0,0,Jones,2022-11-06
,0,0,0,0,Jones,2022-11-10
,0,0,0,0,Jones,2022-11-13
,0,0,0,0,Jones,2022-11-14
,0,0,0,0,Jones,2022-11-15
,0,0,0,0,Jones,2022-11-16
,0,0,0,0,Jones,2022-11-17
,0,0,0,0,Jones,2022-11-19
,0,0,0,0,Jones,2022-11-20
,0,0,0,0,Jones,2022-11-23
,0,0,0,0,Jones,2022-11-24
,0,0,0,0,Jones,2022-11-25
,0,0,0,0,Jones,2022-11-26
,0,0,0,0,Jones,2022-11-27
,0,0,0,0,Jones,2022-11-28
,0,0,0,0,Jones,2022-11-29
,0,0,0,0,Jones,2022-12-02
,0,0,0,0,Jones,2022-12-03
,0,0,0,0,Jones,2022-12-04
,0,0,0,0,Jones,2022-12-09
,0,0,0,0,Lee,2022-10-15
,0,0,0,0,Lenoir,2022-11-05
,0,0,0,0,Lenoir,2022-11-18
,0,0,0,0,Lenoir,2022-11-20
,0,0,0,0,Lenoir,2022-11-22
,0,0,0,0,Lincoln,2022-10-09
,0,0,0,0,Lincoln,2022-11-13
,0,0,0,0,Macon,2022-09-03
,0,0,0,0,Macon,2022-10-02
,0,0,0,0,Macon,2022-10-12
,0,0,0,0,Macon,2022-10-15
,0,0,0,0,Macon,2022-10-22
,0,0,0,0,Macon,2022-10-23
,0,0,0,0,Macon,2022-10-29
,0,0,0,0,Macon,2022-11-11
,0,0,0,0,Macon,2022-11-20
,0,0,0,0,Macon,2022-11-21
,0,0,0,0,Macon,2022-11-25
,0,0,0,0,Madison,2022-07-09
,0,0,0,0,Madison,2022-08-13
,0,0,0,0,Madison,2022-09-10
,0,0,0,0,Madison,2022-09-24
,0,0,0,0,Madison,2022-10-01
,0,0,0,0,Madison,2022-10-02
,0,0,0,0,Madison,2022-10-06
,0,0,0,0,Madison,2022-10-13
,0,0,0,0,Madison,2022-10-22
,0,0,0,0,Madison,2022-10-24
,0,0,0,0,Madison,2022-10-27
,0,0,0,0,Madison,2022-10-28
,0,0,0,0,Madison,2022-10-30
,0,0,0,0,Madison,2022-11-02
,0,0,0,0,Madison,2022-11-05
,0,0,0,0,Madison,2022-11-08
,0,0,0,0,Madison,2022-11-10
,0,0,0,0,Madison,2022-11-11
,0,0,0,0,Madison,2022-11-12
,0,0,0,0,Madison,2022-11-13
,0,0,0,0,Madison,2022-11-14
,0,0,0,0,Madison,2022-11-22
,0,0,0,0,Madison,2022-11-24
,0,0,0,0,Madison,2022-12-07
,0,0,0,0,Madison,2022-12-10
,0,0,0,0,Martin,2022-06-25
,0,0,0,0,Martin,2022-10-02
,0,0,0,0,Martin,2022-10-21
,0,0,0,0,Martin,2022-10-25
,0,0,0,0,Martin,2022-10-27
,0,0,0,0,Martin,2022-10-29
,0,0,0,0,Martin,2022-11-06
,0,0,0,0,Martin,2022-11-11
,0,0,0,0,Martin,2022-11-12
,0,0,0,0,Martin,2022-11-13
,0,0,0,0,Martin,2022-11-20
,0,0,0,0,Martin,2022-11-22
,0,0,0,0,Martin,2022-11-24
,0,0,0,0,Martin,2022-11-26
,0,0,0,0,Martin,2022-11-27
,0,0,0,0,Martin,2022-11-30
,0,0,0,0,Martin,2022-12-01
,0,0,0,0,McDowell,2022-11-24
,0,0,0,0,Mitchell,2022-06-19
,0,0,0,0,Mitchell,2022-07-04
,0,0,0,0,Mitchell,2022-07-24
,0,0,0,0,Mitchell,2022-09-04
,0,0,0,0,Mitchell,2022-09-05
,0,0,0,0,Mitchell,2022-09-09
,0,0,0,0,Mitchell,2022-09-10
,0,0,0,0,Mitchell,2022-09-20
,0,0,0,0,Mitchell,2022-09-23
,0,0,0,0,Mitchell,2022-09-24
,0,0,0,0,Mitchell,2022-09-25
,0,0,0,0,Mitchell,2022-09-26
,0,0,0,0,Mitchell,2022-09-27
,0,0,0,0,Mitchell,2022-09-28
,0,0,0,0,Mitchell,2022-09-29
,0,0,0,0,Mitchell,2022-09-30
,0,0,0,0,Mitchell,2022-10-06
,0,0,0,0,Mitchell,2022-10-07
,0,0,0,0,Mitchell,2022-10-08
,0,0,0,0,Mitchell,2022-10-21
,0,0,0,0,Mitchell,2022-10-23
,0,0,0,0,Mitchell,2022-10-24
,0,0,0,0,Mitchell,2022-10-26
,0,0,0,0,Mitchell,2022-10-27
,0,0,0,0,Mitchell,2022-10-28
,0,0,0,0,Mitchell,2022-11-02
,0,0,0,0,Mitchell,2022-11-05
,0,0,0,0,Mitchell,2022-11-06
,0,0,0,0,Mitchell,2022-11-13
,0,0,0,0,Mitchell,2022-11-19
,0,0,0,0,Mitchell,2022-11-24
,0,0,0,0,Mitchell,2022-11-27
,0,0,0,0,Mitchell,2022-12-07
,0,0,0,0,Montgomery,2022-06-26
,0,0,0,0,Montgomery,2022-10-15
,0,0,0,0,Montgomery,2022-10-23
,0,0,0,0,Montgomery,2022-10-28
,0,0,0,0,Montgomery,2022-10-29
,0,0,0,0,Montgomery,2022-11-12
,0,0,0,0,Montgomery,2022-11-19
,0,0,0,0,Montgomery,2022-11-21
,0,0,0,0,Montgomery,2022-11-24
,0,0,0,0,Montgomery,2022-11-25
,0,0,0,0,Montgomery,2022-11-27
,0,0,0,0,Montgomery,2022-12-03
,0,0,0,0,Montgomery,2022-12-04
,0,0,0,0,Nash,2022-11-11
,0,0,0,0,Northampton,2022-09-11
,0,0,0,0,Northampton,2022-09-24
,0,0,0,0,Northampton,2022-10-02
,0,0,0,0,Northampton,2022-10-14
,0,0,0,0,Northampton,2022-10-22
,0,0,0,0,Northampton,2022-10-23
,0,0,0,0,Northampton,2022-11-01
,0,0,0,0,Northampton,2022-11-05
,0,0,0,0,Northampton,2022-11-11
,0,0,0,0,Northampton,2022-11-13
,0,0,0,0,Northampton,2022-11-20
,0,0,0,0,Northampton,2022-11-24
,0,0,0,0,Northampton,2022-12-03
,0,0,0,0,Northampton,2022-12-04
,0,0,0,0,Northampton,2022-12-10
,0,0,0,0,Pamlico,2022-08-17
,0,0,0,0,Pamlico,2022-08-19
,0,0,0,0,Pamlico,2022-08-24
,0,0,0,0,Pamlico,2022-08-27
,0,0,0,0,Pamlico,2022-08-28
,0,0,0,0,Pamlico,2022-09-01
,0,0,0,0,Pamlico,2022-09-05
,0,0,0,0,Pamlico,2022-09-23
,0,0,0,0,Pamlico,2022-09-24
,0,0,0,0,Pamlico,2022-09-25
,0,0,0,0,Pamlico,2022-09-30
,0,0,0,0,Pamlico,2022-10-02
,0,0,0,0,Pamlico,2022-10-08
,0,0,0,0,Pamlico,2022-10-15
,0,0,0,0,Pamlico,2022-10-17
,0,0,0,0,Pamlico,2022-10-21
,0,0,0,0,Pamlico,2022-10-22
,0,0,0,0,Pamlico,2022-10-24
,0,0,0,0,Pamlico,2022-10-26
,0,0,0,0,Pamlico,2022-10-29
,0,0,0,0,Pamlico,2022-10-30
,0,0,0,0,Pamlico,2022-11-05
,0,0,0,0,Pamlico,2022-11-06
,0,0,0,0,Pamlico,2022-11-08
,0,0,0,0,Pamlico,2022-11-09
,0,0,0,0,Pamlico,2022-11-11
,0,0,0,0,Pamlico,2022-11-12
,0,0,0,0,Pamlico,2022-11-15
,0,0,0,0,Pamlico,2022-11-18
,0,0,0,0,Pamlico,2022-11-20
,0,0,0,0,Pamlico,2022-11-23
,0,0,0,0,Pamlico,2022-11-24
,0,0,0,0,Pamlico,2022-11-25
,0,0,0,0,Pamlico,2022-11-26
,0,0,0,0,Pamlico,2022-11-27
,0,0,0,0,Pamlico,2022-11-29
,0,0,0,0,Pamlico,2022-12-01
,0,0,0,0,Pamlico,2022-12-03
,0,0,0,0,Pamlico,2022-12-04
,0,0,0,0,Pamlico,2022-12-07
,0,0,0,0,Pasquotank,2022-07-10
,0,0,0,0,Pasquotank,2022-10-08
,0,0,0,0,Pasquotank,2022-10-09
,0,0,0,0,Pasquotank,2022-10-13
,0,0,0,0,Pasquotank,2022-10-20
,0,0,0,0,Pasquotank,2022-11-10
,0,0,0,0,Pasquotank,2022-11-19
,0,0,0,0,Pasquotank,2022-12-03
,0,0,0,0,Pasquotank,2022-12-07
,0,0,0,0,Pender,2022-11-05
,0,0,0,0,Pender,2022-12-04
,0,0,0,0,Pender,2022-12-07
,0,0,0,0,Perquimans,2022-06-19
,0,0,0,0,Perquimans,2022-07-08
,0,0,0,0,Perquimans,2022-08-21
,0,0,0,0,Perquimans,2022-08-26
,0,0,0,0,Perquimans,2022-08-27
,0,0,0,0,Perquimans,2022-08-28
,0,0,0,0,Perquimans,2022-09-03
,0,0,0,0,Perquimans,2022-09-07
,0,0,0,0,Perquimans,2022-09-09
,0,0,0,0,Perquimans,2022-09-17
,0,0,0,0,Perquimans,2022-09-23
,0,0,0,0,Perquimans,2022-10-01
,0,0,0,0,Perquimans,2022-10-03
,0,0,0,0,Perquimans,2022-10-05
,0,0,0,0,Perquimans,2022-10-06
,0,0,0,0,Perquimans,2022-10-12
,0,0,0,0,Perquimans,2022-10-13
,0,0,0,0,Perquimans,2022-10-14
,0,0,0,0,Perquimans,2022-10-16
,0,0,0,0,Perquimans,2022-10-22
,0,0,0,0,Perquimans,2022-10-23
,0,0,0,0,Perquimans,2022-10-26
,0,0,0,0,Perquimans,2022-10-28
,0,0,0,0,Perquimans,2022-11-04
,0,0,0,0,Perquimans,2022-11-06
,0,0,0,0,Perquimans,2022-11-09
,0,0,0,0,Perquimans,2022-11-12
,0,0,0,0,Perquimans,2022-11-18
,0,0,0,0,Perquimans,2022-11-19
,0,0,0,0,Perquimans,2022-11-20
,0,0,0,0,Perquimans,2022-11-23
,0,0,0,0,Perquimans,2022-11-27
,0,0,0,0,Perquimans,2022-12-01
,0,0,0,0,Perquimans,2022-12-04
,0,0,0,0,Perquimans,2022-12-05
,0,0,0,0,Perquimans,2022-12-08
,0,0,0,0,Perquimans,2022-12-09
,0,0,0,0,Perquimans,2022-12-10
,0,0,0,0,Person,2022-10-29
,0,0,0,0,Person,2022-11-24
,0,0,0,0,Polk,2022-07-09
,0,0,0,0,Polk,2022-08-21
,0,0,0,0,Polk,2022-08-28
,0,0,0,0,Polk,2022-09-04
,0,0,0,0,Polk,2022-09-06
,0,0,0,0,Polk,2022-09-11
,0,0,0,0,Polk,2022-10-16
,0,0,0,0,Polk,2022-10-25
,0,0,0,0,Polk,2022-11-04
,0,0,0,0,Polk,2022-11-13
,0,0,0,0,Richmond,2022-11-12
,0,0,0,0,Richmond,2022-11-20
,0,0,0,0,Richmond,2022-11-25
,0,0,0,0,Richmond,2022-12-03
,0,0,0,0,Rutherford,2022-10-16
,0,0,0,0,Sampson,2022-10-15
,0,0,0,0,Sampson,2022-11-05
,0,0,0,0,Scotland,2022-10-19
,0,0,0,0,Scotland,2022-10-24
,0,0,0,0,Scotland,2022-10-30
,0,0,0,0,Scotland,2022-11-12
,0,0,0,0,Scotland,2022-11-18
,0,0,0,0,Scotland,2022-11-26
,0,0,0,0,Swain,2022-06-17
,0,0,0,0,Swain,2022-10-08
,0,0,0,0,Swain,2022-10-09
,0,0,0,0,Swain,2022-10-15
,0,0,0,0,Swain,2022-11-20
,0,0,0,0,Swain,2022-11-24
,0,0,0,0,Swain,2022-11-27
,0,0,0,0,Transylvania,2022-11-15
,0,0,0,0,Transylvania,2022-11-23
,0,0,0,0,Transylvania,2022-11-24
,0,0,0,0,Tyrrell,2022-06-14
,0,0,0,0,Tyrrell,2022-06-15
,0,0,0,0,Tyrrell,2022-06-18
,0,0,0,0,Tyrrell,2022-06-19
,0,0,0,0,Tyrrell,2022-06-20
,0,0,0,0,Tyrrell,2022-06-23
,0,0,0,0,Tyrrell,2022-06-26
,0,0,0,0,Tyrrell,2022-06-27
,0,0,0,0,Tyrrell,2022-06-30
,0,0,0,0,Tyrrell,2022-07-02
,0,0,0,0,Tyrrell,2022-07-03
,0,0,0,0,Tyrrell,2022-07-04
,0,0,0,0,Tyrrell,2022-07-10
,0,0,0,0,Tyrrell,2022-07-23
,0,0,0,0,Tyrrell,2022-07-24
,0,0,0,0,Tyrrell,2022-07-28
,0,0,0,0,Tyrrell,2022-07-29
,0,0,0,0,Tyrrell,2022-07-30
,0,0,0,0,Tyrrell,2022-07-31
,0,0,0,0,Tyrrell,2022-08-06
,0,0,0,0,Tyrrell,2022-08-07
,0,0,0,0,Tyrrell,2022-08-10
,0,0,0,0,Tyrrell,2022-08-13
,0,0,0,0,Tyrrell,2022-08-14
,0,0,0,0,Tyrrell,2022-08-18
,0,0,0,0,Tyrrell,2022-08-22
,0,0,0,0,Tyrrell,2022-08-26
,0,0,0,0,Tyrrell,2022-08-28
,0,0,0,0,Tyrrell,2022-08-31
,0,0,0,0,Tyrrell,2022-09-03
,0,0,0,0,Tyrrell,2022-09-04
,0,0,0,0,Tyrrell,2022-09-08
,0,0,0,0,Tyrrell,2022-09-10
,0,0,0,0,Tyrrell,2022-09-11
,0,0,0,0,Tyrrell,2022-09-13
,0,0,0,0,Tyrrell,2022-09-15
,0,0,0,0,Tyrrell,2022-09-17
,0,0,0,0,Tyrrell,2022-09-18
,0,0,0,0,Tyrrell,2022-09-20
,0,0,0,0,Tyrrell,2022-09-23
,0,0,0,0,Tyrrell,2022-09-24
,0,0,0,0,Tyrrell,2022-09-25
,0,0,0,0,Tyrrell,2022-09-29
,0,0,0,0,Tyrrell,2022-09-30
,0,0,0,0,Tyrrell,2022-10-01
,0,0,0,0,Tyrrell,2022-10-02
,0,0,0,0,Tyrrell,2022-10-03
,0,0,0,0,Tyrrell,2022-10-05
,0,0,0,0,Tyrrell,2022-10-06
,0,0,0,0,Tyrrell,2022-10-07
,0,0,0,0,Tyrrell,2022-10-09
,0,0,0,0,Tyrrell,2022-10-10
,0,0,0,0,Tyrrell,2022-10-11
,0,0,0,0,Tyrrell,2022-10-14
,0,0,0,0,Tyrrell,2022-10-15
,0,0,0,0,Tyrrell,2022-10-16
,0,0,0,0,Tyrrell,2022-10-17
,0,0,0,0,Tyrrell,2022-10-19
,0,0,0,0,Tyrrell,2022-10-22
,0,0,0,0,Tyrrell,2022-10-23
,0,0,0,0,Tyrrell,2022-10-25
,0,0,0,0,Tyrrell,2022-10-27
,0,0,0,0,Tyrrell,2022-10-28
,0,0,0,0,Tyrrell,2022-10-29
,0,0,0,0,Tyrrell,2022-10-30
,0,0,0,0,Tyrrell,2022-10-31
,0,0,0,0,Tyrrell,2022-11-03
,0,0,0,0,Tyrrell,2022-11-06
,0,0,0,0,Tyrrell,2022-11-08
,0,0,0,0,Tyrrell,2022-11-09
,0,0,0,0,Tyrrell,2022-11-10
,0,0,0,0,Tyrrell,2022-11-11
,0,0,0,0,Tyrrell,2022-11-12
,0,0,0,0,Tyrrell,2022-11-14
,0,0,0,0,Tyrrell,2022-11-15
,0,0,0,0,Tyrrell,2022-11-16
,0,0,0,0,Tyrrell,2022-11-17
,0,0,0,0,Tyrrell,2022-11-18
,0,0,0,0,Tyrrell,2022-11-19
,0,0,0,0,Tyrrell,2022-11-21
,0,0,0,0,Tyrrell,2022-11-22
,0,0,0,0,Tyrrell,2022-11-23
,0,0,0,0,Tyrrell,2022-11-24
,0,0,0,0,Tyrrell,2022-11-25
,0,0,0,0,Tyrrell,2022-11-26
,0,0,0,0,Tyrrell,2022-11-27
,0,0,0,0,Tyrrell,2022-11-28
,0,0,0,0,Tyrrell,2022-11-29
,0,0,0,0,Tyrrell,2022-11-30
,0,0,0,0,Tyrrell,2022-12-01
,0,0,0,0,Tyrrell,2022-12-02
,0,0,0,0,Tyrrell,2022-12-03
,0,0,0,0,Tyrrell,2022-12-04
,0,0,0,0,Tyrrell,2022-12-05
,0,0,0,0,Tyrrell,2022-12-06
,0,0,0,0,Tyrrell,2022-12-07
,0,0,0,0,Tyrrell,2022-12-08
,0,0,0,0,Tyrrell,2022-12-09
,0,0,0,0,Vance,2022-10-09
,0,0,0,0,Vance,2022-10-16
,0,0,0,0,Vance,2022-11-11
,0,0,0,0,Vance,2022-11-13
,0,0,0,0,Vance,2022-11-16
,0,0,0,0,Vance,2022-11-24
,0,0,0,0,Warren,2022-08-07
,0,0,0,0,Warren,2022-09-05
,0,0,0,0,Warren,2022-09-24
,0,0,0,0,Warren,2022-10-09
,0,0,0,0,Warren,2022-10-12
,0,0,0,0,Warren,2022-10-14
,0,0,0,0,Warren,2022-10-15
,0,0,0,0,Warren,2022-10-23
,0,0,0,0,Warren,2022-10-24
,0,0,0,0,Warren,2022-11-05
,0,0,0,0,Warren,2022-11-10
,0,0,0,0,Warren,2022-11-12
,0,0,0,0,Warren,2022-11-13
,0,0,0,0,Warren,2022-11-26
,0,0,0,0,Warren,2022-12-03
,0,0,0,0,Warren,2022-12-04
,0,0,0,0,Washington,2022-06-25
,0,0,0,0,Washington,2022-06-26
,0,0,0,0,Washington,2022-07-17
,0,0,0,0,Washington,2022-07-24
,0,0,0,0,Washington,2022-08-13
,0,0,0,0,Washington,2022-09-17
,0,0,0,0,Washington,2022-09-25
,0,0,0,0,Washington,2022-09-28
,0,0,0,0,Washington,2022-09-29
,0,0,0,0,Washington,2022-10-01
,0,0,0,0,Washington,2022-10-02
,0,0,0,0,Washington,2022-10-04
,0,0,0,0,Washington,2022-10-07
,0,0,0,0,Washington,2022-10-09
,0,0,0,0,Washington,2022-10-16
,0,0,0,0,Washington,2022-10-17
,0,0,0,0,Washington,2022-10-18
,0,0,0,0,Washington,2022-10-20
,0,0,0,0,Washington,2022-10-21
,0,0,0,0,Washington,2022-10-28
,0,0,0,0,Washington,2022-10-30
,0,0,0,0,Washington,2022-11-02
,0,0,0,0,Washington,2022-11-04
,0,0,0,0,Washington,2022-11-05
,0,0,0,0,Washington,2022-11-07
,0,0,0,0,Washington,2022-11-11
,0,0,0,0,Washington,2022-11-12
,0,0,0,0,Washington,2022-11-13
,0,0,0,0,Washington,2022-11-14
,0,0,0,0,Washington,2022-11-15
,0,0,0,0,Washington,2022-11-16
,0,0,0,0,Washington,2022-11-18
,0,0,0,0,Washington,2022-11-19
,0,0,0,0,Washington,2022-11-21
,0,0,0,0,Washington,2022-11-22
,0,0,0,0,Washington,2022-11-24
,0,0,0,0,Washington,2022-11-25
,0,0,0,0,Washington,2022-11-28
,0,0,0,0,Washington,2022-12-02
,0,0,0,0,Washington,2022-12-04
,0,0,0,0,Washington,2022-12-05
,0,0,0,0,Watauga,2022-11-19
,0,0,0,0,Yancey,2022-07-10
,0,0,0,0,Yancey,2022-08-28
,0,0,0,0,Yancey,2022-09-18
,0,0,0,0,Yancey,2022-09-24
,0,0,0,0,Yancey,2022-09-28
,0,0,0,0,Yancey,2022-09-30
,0,0,0,0,Yancey,2022-10-02
,0,0,0,0,Yancey,2022-10-06
,0,0,0,0,Yancey,2022-10-08
,0,0,0,0,Yancey,2022-10-09
,0,0,0,0,Yancey,2022-10-13
,0,0,0,0,Yancey,2022-10-22
,0,0,0,0,Yancey,2022-10-23
,0,0,0,0,Yancey,2022-10-28
,0,0,0,0,Yancey,2022-11-10
,0,0,0,0,Yancey,2022-11-11
,0,0,0,0,Yancey,2022-11-13
,0,0,0,0,Yancey,2022-11-14
,0,0,0,0,Yancey,2022-11-15
,0,0,0,0,Yancey,2022-11-16
,0,0,0,0,Yancey,2022-11-20
,0,0,0,0,Yancey,2022-11-23
,0,0,0,0,Yancey,2022-11-27
,0,0,0,0,Yancey,2022-12-02
,0,0,0,0,Yancey,2022-12-04
0,7,0,7,0,Alexander,2022-07-02
0,5,0,5,0,Alexander,2022-07-08
0,6,0,6,0,Alexander,2022-09-28
0,2,0,2,0,Alexander,2022-10-02
0,3,0,3,0,Alexander,2022-10-05
0,1,0,1,0,Alexander,2022-10-08
0,2,0,2,0,Alexander,2022-10-24
0,3,0,3,0,Alexander,2022-10-27
0,2,0,2,0,Alexander,2022-10-30
0,1,0,1,0,Alexander,2022-11-18
0,2,0,2,0,Alexander,2022-11-19
0,1,0,1,0,Alexander,2022-11-24
0,2,0,2,0,Alexander,2022-12-04
0,2,0,2,0,Alleghany,2022-06-16
0,2,0,2,0,Alleghany,2022-06-18
0,1,0,1,0,Alleghany,2022-06-27
0,3,0,3,0,Alleghany,2022-07-06
0,1,0,1,0,Alleghany,2022-07-13
0,2,0,2,0,Alleghany,2022-07-14
0,1,0,1,0,Alleghany,2022-07-21
0,5,0,5,0,Alleghany,2022-08-09
0,2,0,2,0,Alleghany,2022-08-18
0,2,0,2,0,Alleghany,2022-08-27
0,1,0,1,0,Alleghany,2022-09-03
0,1,0,1,0,Alleghany,2022-09-04
0,1,0,1,0,Alleghany,2022-09-10
0,1,0,1,0,Alleghany,2022-09-14
0,2,0,2,0,Alleghany,2022-09-16
0,2,0,2,0,Alleghany,2022-09-18
0,6,0,6,0,Alleghany,2022-09-19
0,3,0,3,0,Alleghany,2022-09-21
0,1,0,1,0,Alleghany,2022-09-24
0,1,0,1,0,Alleghany,2022-09-29
0,1,0,1,0,Alleghany,2022-10-12
0,1,0,1,0,Alleghany,2022-10-13
0,1,0,1,0,Alleghany,2022-10-15
0,1,0,1,0,Alleghany,2022-10-17
0,1,0,1,0,Alleghany,2022-10-19
0,1,0,1,0,Alleghany,2022-10-23
0,1,0,1,0,Alleghany,2022-10-24
0,1,0,1,0,Alleghany,2022-10-26
0,2,0,2,0,Alleghany,2022-10-30
0,1,0,1,0,Alleghany,2022-11-06
0,1,0,1,0,Alleghany,2022-11-16
0,1,0,1,0,Alleghany,2022-11-17
0,1,0,1,0,Alleghany,2022-12-08
0,4,0,4,0,Alleghany,2022-12-09
0,8,0,8,0,Anson,2022-07-17
0,7,0,7,0,Anson,2022-08-28
0,7,0,7,0,Anson,2022-09-05
0,3,0,3,0,Anson,2022-09-16
0,5,0,5,0,Anson,2022-09-23
0,1,0,1,0,Anson,2022-09-24
0,1,0,1,0,Anson,2022-09-25
0,4,0,4,0,Anson,2022-09-27
0,1,0,1,0,Anson,2022-10-02
0,2,0,2,0,Anson,2022-10-03
0,2,0,2,0,Anson,2022-10-04
0,4,0,4,0,Anson,2022-10-05
0,3,0,3,0,Anson,2022-10-07
0,3,0,3,0,Anson,2022-10-10
0,2,0,2,0,Anson,2022-10-12
0,3,0,3,0,Anson,2022-10-17
0,2,0,2,0,Anson,2022-10-18
0,1,0,1,0,Anson,2022-10-19
0,1,0,1,0,Anson,2022-10-20
0,1,0,1,0,Anson,2022-10-22
0,1,0,1,0,Anson,2022-10-26
0,1,0,1,0,Anson,2022-10-28
0,1,0,1,0,Anson,2022-11-02
0,3,0,3,0,Anson,2022-11-11
0,4,0,4,0,Anson,2022-11-13
0,1,0,1,0,Anson,2022-11-14
0,1,0,1,0,Anson,2022-11-16
0,3,0,3,0,Anson,2022-11-27
0,2,0,2,0,Anson,2022-12-01
0,2,0,2,0,Anson,2022-12-02
0,1,0,1,0,Anson,2022-12-04
0,3,0,3,0,Anson,2022-12-06
0,1,0,1,0,Ashe,2022-06-18
0,5,0,5,0,Ashe,2022-07-19
0,2,0,2,0,Ashe,2022-07-23
0,2,0,2,0,Ashe,2022-09-17
0,3,0,3,0,Ashe,2022-09-18
0,1,0,1,0,Ashe,2022-09-24
0,1,0,1,0,Ashe,2022-10-04
0,1,0,1,0,Ashe,2022-10-09
0,1,0,1,0,Ashe,2022-10-16
0,2,0,2,0,Ashe,2022-10-18
0,1,0,1,0,Ashe,2022-10-25
0,2,0,2,0,Ashe,2022-10-27
0,1,0,1,0,Ashe,2022-11-13
0,2,0,2,0,Ashe,2022-11-14
0,2,0,2,0,Ashe,2022-11-16
0,1,0,1,0,Ashe,2022-11-17
0,1,0,1,0,Ashe,2022-11-18
0,1,0,1,0,Ashe,2022-11-19
0,2,0,2,0,Ashe,2022-11-24
0,2,0,2,0,Ashe,2022-11-27
0,1,0,1,0,Ashe,2022-12-01
0,5,0,5,0,Ashe,2022-12-02
0,1,0,1,0,Ashe,2022-12-03
0,3,0,3,0,Avery,2022-06-15
0,4,0,4,0,Avery,2022-06-20
0,4,0,4,0,Avery,2022-06-25
0,2,0,2,0,Avery,2022-06-26
0,4,0,4,0,Avery,2022-06-29
0,3,0,3,0,Avery,2022-07-01
0,1,0,1,0,Avery,2022-07-03
0,5,0,5,0,Avery,2022-07-07
0,5,0,5,0,Avery,2022-07-14
0,2,0,2,0,Avery,2022-07-16
0,6,0,6,0,Avery,2022-07-30
0,2,0,2,0,Avery,2022-08-14
0,2,0,2,0,Avery,2022-08-27
0,1,0,1,0,Avery,2022-08-28
0,1,0,1,0,Avery,2022-09-05
0,1,0,1,0,Avery,2022-09-06
0,3,0,3,0,Avery,2022-09-07
0,2,0,2,0,Avery,2022-09-13
0,2,0,2,0,Avery,2022-09-16
0,1,0,1,0,Avery,2022-09-17
0,1,0,1,0,Avery,2022-09-19
0,1,0,1,0,Avery,2022-09-20
0,1,0,1,0,Avery,2022-09-21
0,4,0,4,0,Avery,2022-09-23
0,1,0,1,0,Avery,2022-09-24
0,3,0,3,0,Avery,2022-09-26
0,1,0,1,0,Avery,2022-09-28
0,1,0,1,0,Avery,2022-09-30
0,2,0,2,0,Avery,2022-10-01
0,1,0,1,0,Avery,2022-10-02
0,2,0,2,0,Avery,2022-10-03
0,1,0,1,0,Avery,2022-10-05
0,1,0,1,0,Avery,2022-10-10
0,1,0,1,0,Avery,2022-10-11
0,2,0,2,0,Avery,2022-10-13
0,3,0,3,0,Avery,2022-10-15
0,5,0,5,0,Avery,2022-10-17
0,1,0,1,0,Avery,2022-11-04
0,1,0,1,0,Avery,2022-11-05
0,2,0,2,0,Avery,2022-11-09
0,1,0,1,0,Avery,2022-11-23
0,1,0,1,0,Avery,2022-11-25
0,1,0,1,0,Avery,2022-11-26
0,1,0,1,0,Avery,2022-12-01
0,1,0,1,0,Avery,2022-12-05
0,4,0,4,0,Beaufort,2022-06-18
0,2,0,2,0,Beaufort,2022-08-21
0,3,0,3,0,Beaufort,2022-09-04
0,7,0,7,0,Beaufort,2022-09-05
0,8,0,8,0,Beaufort,2022-09-11
0,5,0,5,0,Beaufort,2022-09-25
0,4,0,4,0,Beaufort,2022-10-09
0,2,0,2,0,Beaufort,2022-10-16
0,4,0,4,0,Beaufort,2022-11-01
0,1,0,1,0,Beaufort,2022-11-02
0,5,0,5,0,Beaufort,2022-11-12
0,3,0,3,0,Beaufort,2022-11-17
0,1,0,1,0,Beaufort,2022-11-18
0,2,0,2,0,Beaufort,2022-11-19
0,5,0,5,0,Beaufort,2022-11-22
0,1,0,1,0,Beaufort,2022-11-23
0,4,0,4,0,Beaufort,2022-11-29
0,3,0,3,0,Beaufort,2022-11-30
0,5,0,5,0,Beaufort,2022-12-01
0,3,0,3,0,Beaufort,2022-12-08
0,4,0,4,0,Bertie,2022-06-17
0,1,0,1,0,Bertie,2022-06-19
0,3,0,3,0,Bertie,2022-06-21
0,3,0,3,0,Bertie,2022-06-23
0,2,0,2,0,Bertie,2022-06-25
0,5,0,5,0,Bertie,2022-06-27
0,7,0,7,0,Bertie,2022-06-28
0,5,0,5,0,Bertie,2022-06-29
0,1,0,1,0,Bertie,2022-06-30
0,9,0,9,0,Bertie,2022-07-05
0,3,0,3,0,Bertie,2022-07-09
0,8,0,8,0,Bertie,2022-07-12
0,4,0,4,0,Bertie,2022-07-17
0,8,0,8,0,Bertie,2022-07-20
0,3,0,3,0,Bertie,2022-07-23
0,2,0,2,0,Bertie,2022-07-24
0,3,0,3,0,Bertie,2022-07-31
0,8,0,8,0,Bertie,2022-08-08
0,8,0,8,0,Bertie,2022-08-11
0,2,0,2,0,Bertie,2022-08-13
0,4,0,4,0,Bertie,2022-08-21
0,6,0,6,0,Bertie,2022-08-25
0,2,0,2,0,Bertie,2022-08-27
0,3,0,3,0,Bertie,2022-08-28
0,4,0,4,0,Bertie,2022-08-31
0,4,0,4,0,Bertie,2022-09-03
0,1,0,1,0,Bertie,2022-09-04
0,3,0,3,0,Bertie,2022-09-05
0,1,0,1,0,Bertie,2022-09-11
0,3,0,3,0,Bertie,2022-09-13
0,1,0,1,0,Bertie,2022-09-18
0,2,0,2,0,Bertie,2022-09-24
0,1,0,1,0,Bertie,2022-09-25
0,1,0,1,0,Bertie,2022-09-28
0,1,0,1,0,Bertie,2022-10-01
0,2,0,2,0,Bertie,2022-10-06
0,4,0,4,0,Bertie,2022-10-11
0,1,0,1,0,Bertie,2022-10-15
0,2,0,2,0,Bertie,2022-10-16
0,2,0,2,0,Bertie,2022-10-17
0,3,0,3,0,Bertie,2022-10-20
0,2,0,2,0,Bertie,2022-10-21
0,1,0,1,0,Bertie,2022-10-23
0,3,0,3,0,Bertie,2022-10-27
0,1,0,1,0,Bertie,2022-10-29
0,2,0,2,0,Bertie,2022-10-30
0,3,0,3,0,Bertie,2022-10-31
0,1,0,1,0,Bertie,2022-11-04
0,2,0,2,0,Bertie,2022-11-06
0,2,0,2,0,Bertie,2022-11-08
0,3,0,3,0,Bertie,2022-11-12
0,2,0,2,0,Bertie,2022-11-15
0,3,0,3,0,Bertie,2022-12-01
0,1,0,1,0,Bertie,2022-12-03
0,3,0,3,0,Bertie,2022-12-10
0,3,0,3,0,Bladen,2022-06-18
0,6,0,6,0,Bladen,2022-06-22
0,3,0,3,0,Bladen,2022-06-24
0,4,0,4,0,Bladen,2022-06-26
0,2,0,2,0,Bladen,2022-07-04
0,6,0,6,0,Bladen,2022-08-20
0,2,0,2,0,Bladen,2022-08-21
0,2,0,2,0,Bladen,2022-08-27
0,2,0,2,0,Bladen,2022-08-28
0,6,0,6,0,Bladen,2022-09-03
0,4,0,4,0,Bladen,2022-09-11
0,3,0,3,0,Bladen,2022-09-17
0,7,0,7,0,Bladen,2022-09-23
0,1,0,1,0,Bladen,2022-09-25
0,2,0,2,0,Bladen,2022-09-30
0,3,0,3,0,Bladen,2022-10-05
0,1,0,1,0,Bladen,2022-10-06
0,2,0,2,0,Bladen,2022-10-08
0,2,0,2,0,Bladen,2022-10-18
0,3,0,3,0,Bladen,2022-10-21
0,1,0,1,0,Bladen,2022-10-25
0,1,0,1,0,Bladen,2022-10-30
0,1,0,1,0,Bladen,2022-11-04
0,2,0,2,0,Bladen,2022-11-12
0,2,0,2,0,Bladen,2022-11-14
0,2,0,2,0,Bladen,2022-11-19
0,1,0,1,0,Bladen,2022-11-23
0,1,0,1,0,Bladen,2022-11-24
0,4,0,4,0,Bladen,2022-12-02
0,2,0,2,0,Bladen,2022-12-03
0,2,0,2,0,Bladen,2022-12-10
0,9,0,9,0,Brunswick,2022-11-20
0,15,0,15,0,Burke,2022-06-25
0,7,0,7,0,Burke,2022-10-02
0,13,0,13,0,Burke,2022-10-07
0,7,0,7,0,Burke,2022-10-09
0,5,0,5,0,Burke,2022-10-22
0,4,0,4,0,Burke,2022-11-12
0,5,0,5,0,Burke,2022-11-17
0,3,0,3,0,Burke,2022-11-20
0,2,0,2,0,Burke,2022-11-24
0,6,0,6,0,Caldwell,2022-11-18
0,4,0,4,0,Caldwell,2022-11-24
0,2,0,2,0,Camden,2022-06-22
0,2,0,2,0,Camden,2022-06-24
0,3,0,3,0,Camden,2022-06-25
0,2,0,2,0,Camden,2022-06-26
0,2,0,2,0,Camden,2022-07-01
0,1,0,1,0,Camden,2022-07-04
0,3,0,3,0,Camden,2022-07-07
0,2,0,2,0,Camden,2022-07-08
0,3,0,3,0,Camden,2022-07-10
0,1,0,1,0,Camden,2022-07-11
0,3,0,3,0,Camden,2022-07-15
0,1,0,1,0,Camden,2022-07-16
0,1,0,1,0,Camden,2022-07-19
0,2,0,2,0,Camden,2022-07-20
0,4,0,4,0,Camden,2022-08-01
0,1,0,1,0,Camden,2022-08-13
0,1,0,1,0,Camden,2022-08-17
0,2,0,2,0,Camden,2022-08-21
0,1,0,1,0,Camden,2022-08-22
0,1,0,1,0,Camden,2022-08-28
0,1,0,1,0,Camden,2022-09-02
0,2,0,2,0,Camden,2022-09-03
0,2,0,2,0,Camden,2022-09-05
0,1,0,1,0,Camden,2022-09-11
0,2,0,2,0,Camden,2022-09-13
0,1,0,1,0,Camden,2022-09-14
0,1,0,1,0,Camden,2022-09-15
0,1,0,1,0,Camden,2022-09-17
0,1,0,1,0,Camden,2022-09-21
0,1,0,1,0,Camden,2022-09-24
0,1,0,1,0,Camden,2022-10-12
0,2,0,2,0,Camden,2022-10-13
0,1,0,1,0,Camden,2022-10-14
0,1,0,1,0,Camden,2022-10-24
0,1,0,1,0,Camden,2022-10-25
0,1,0,1,0,Camden,2022-10-31
0,1,0,1,0,Camden,2022-11-12
0,1,0,1,0,Camden,2022-12-09
0,7,0,7,0,Carteret,2022-08-21
0,5,0,5,0,Carteret,2022-10-28
0,3,0,3,0,Carteret,2022-11-19
0,1,0,1,0,Carteret,2022-11-20
0,1,0,1,0,Carteret,2022-11-24
0,2,0,2,0,Carteret,2022-11-26
0,1,0,1,0,Carteret,2022-11-27
0,2,0,2,0,Caswell,2022-06-18
0,8,0,8,0,Caswell,2022-06-24
0,3,0,3,0,Caswell,2022-06-29
0,5,0,5,0,Caswell,2022-06-30
0,6,0,6,0,Caswell,2022-07-01
0,1,0,1,0,Caswell,2022-07-02
0,10,0,10,0,Caswell,2022-07-08
0,3,0,3,0,Caswell,2022-07-12
0,4,0,4,0,Caswell,2022-07-14
0,1,0,1,0,Caswell,2022-07-24
0,5,0,5,0,Caswell,2022-08-05
0,3,0,3,0,Caswell,2022-08-06
0,1,0,1,0,Caswell,2022-08-07
0,2,0,2,0,Caswell,2022-08-12
0,3,0,3,0,Caswell,2022-08-13
0,2,0,2,0,Caswell,2022-08-14
0,5,0,5,0,Caswell,2022-08-17
0,8,0,8,0,Caswell,2022-08-22
0,3,0,3,0,Caswell,2022-08-27
0,2,0,2,0,Caswell,2022-08-28
0,1,0,1,0,Caswell,2022-09-04
0,2,0,2,0,Caswell,2022-09-06
0,3,0,3,0,Caswell,2022-09-07
0,2,0,2,0,Caswell,2022-09-10
0,1,0,1,0,Caswell,2022-09-11
0,2,0,2,0,Caswell,2022-09-14
0,2,0,2,0,Caswell,2022-09-18
0,9,0,9,0,Caswell,2022-09-23
0,1,0,1,0,Caswell,2022-09-25
0,2,0,2,0,Caswell,2022-09-28
0,3,0,3,0,Caswell,2022-09-29
0,1,0,1,0,Caswell,2022-09-30
0,3,0,3,0,Caswell,2022-10-01
0,1,0,1,0,Caswell,2022-10-02
0,1,0,1,0,Caswell,2022-10-04
0,2,0,2,0,Caswell,2022-10-06
0,2,0,2,0,Caswell,2022-10-09
0,3,0,3,0,Caswell,2022-10-17
0,3,0,3,0,Caswell,2022-10-19
0,1,0,1,0,Caswell,2022-10-20
0,4,0,4,0,Caswell,2022-10-25
0,3,0,3,0,Caswell,2022-10-26
0,5,0,5,0,Caswell,2022-11-01
0,2,0,2,0,Caswell,2022-11-06
0,1,0,1,0,Caswell,2022-11-11
0,2,0,2,0,Caswell,2022-11-15
0,1,0,1,0,Caswell,2022-11-19
0,4,0,4,0,Caswell,2022-11-27
0,3,0,3,0,Caswell,2022-11-29
0,1,0,1,0,Caswell,2022-12-01
0,1,0,1,0,Caswell,2022-12-03
0,2,0,2,0,Caswell,2022-12-04
0,4,0,4,0,Caswell,2022-12-09
0,16,0,16,0,Chatham,2022-07-17
0,6,0,6,0,Chatham,2022-08-27
0,8,0,8,0,Chatham,2022-08-28
0,12,0,12,0,Chatham,2022-09-10
0,2,0,2,0,Chatham,2022-10-01
0,6,0,6,0,Chatham,2022-10-11
0,6,0,6,0,Chatham,2022-10-15
0,5,0,5,0,Chatham,2022-10-16
0,3,0,3,0,Chatham,2022-10-29
0,2,0,2,0,Chatham,2022-11-06
0,7,0,7,0,Chatham,2022-11-12
0,2,0,2,0,Chatham,2022-11-20
0,1,0,1,0,Chatham,2022-11-24
0,6,0,6,0,Chatham,2022-11-25
0,4,0,4,0,Cherokee,2022-06-17
0,5,0,5,0,Cherokee,2022-06-18
0,5,0,5,0,Cherokee,2022-06-26
0,2,0,2,0,Cherokee,2022-07-02
0,3,0,3,0,Cherokee,2022-07-03
0,7,0,7,0,Cherokee,2022-07-12
0,11,0,11,0,Cherokee,2022-07-19
0,5,0,5,0,Cherokee,2022-08-15
0,3,0,3,0,Cherokee,2022-08-21
0,3,0,3,0,Cherokee,2022-08-23
0,2,0,2,0,Cherokee,2022-08-26
0,2,0,2,0,Cherokee,2022-09-03
0,1,0,1,0,Cherokee,2022-09-10
0,3,0,3,0,Cherokee,2022-09-11
0,1,0,1,0,Cherokee,2022-09-24
0,1,0,1,0,Cherokee,2022-10-01
0,1,0,1,0,Cherokee,2022-10-14
0,1,0,1,0,Cherokee,2022-10-15
0,2,0,2,0,Cherokee,2022-10-17
0,3,0,3,0,Cherokee,2022-10-21
0,4,0,4,0,Cherokee,2022-10-22
0,1,0,1,0,Cherokee,2022-10-30
0,1,0,1,0,Cherokee,2022-11-04
0,1,0,1,0,Cherokee,2022-11-10
0,2,0,2,0,Cherokee,2022-11-12
0,1,0,1,0,Cherokee,2022-11-19
0,3,0,3,0,Cherokee,2022-11-23
0,2,0,2,0,Cherokee,2022-11-24
0,3,0,3,0,Cherokee,2022-11-26
0,1,0,1,0,Cherokee,2022-12-02
0,1,0,1,0,Cherokee,2022-12-03
0,2,0,2,0,Cherokee,2022-12-09
0,4,0,4,0,Chowan,2022-06-15
0,4,0,4,0,Chowan,2022-06-19
0,5,0,5,0,Chowan,2022-06-21
0,1,0,1,0,Chowan,2022-06-22
0,4,0,4,0,Chowan,2022-06-28
0,1,0,1,0,Chowan,2022-07-02
0,12,0,12,0,Chowan,2022-07-06
0,2,0,2,0,Chowan,2022-07-09
0,3,0,3,0,Chowan,2022-07-16
0,10,0,10,0,Chowan,2022-07-19
0,2,0,2,0,Chowan,2022-07-23
0,1,0,1,0,Chowan,2022-08-06
0,7,0,7,0,Chowan,2022-08-11
0,2,0,2,0,Chowan,2022-08-14
0,2,0,2,0,Chowan,2022-08-16
0,4,0,4,0,Chowan,2022-08-18
0,2,0,2,0,Chowan,2022-08-19
0,1,0,1,0,Chowan,2022-08-21
0,2,0,2,0,Chowan,2022-08-23
0,2,0,2,0,Chowan,2022-08-25
0,1,0,1,0,Chowan,2022-08-27
0,1,0,1,0,Chowan,2022-08-30
0,2,0,2,0,Chowan,2022-09-04
0,3,0,3,0,Chowan,2022-09-07
0,1,0,1,0,Chowan,2022-09-08
0,2,0,2,0,Chowan,2022-09-09
0,1,0,1,0,Chowan,2022-09-11
0,6,0,6,0,Chowan,2022-09-12
0,2,0,2,0,Chowan,2022-09-15
0,1,0,1,0,Chowan,2022-09-17
0,4,0,4,0,Chowan,2022-09-19
0,1,0,1,0,Chowan,2022-09-24
0,2,0,2,0,Chowan,2022-09-25
0,1,0,1,0,Chowan,2022-10-05
0,2,0,2,0,Chowan,2022-10-10
0,1,0,1,0,Chowan,2022-10-11
0,1,0,1,0,Chowan,2022-10-13
0,4,0,4,0,Chowan,2022-10-17
0,2,0,2,0,Chowan,2022-10-20
0,1,0,1,0,Chowan,2022-11-02
0,4,0,4,0,Chowan,2022-11-03
0,2,0,2,0,Chowan,2022-11-09
0,1,0,1,0,Chowan,2022-11-16
0,1,0,1,0,Chowan,2022-11-19
0,1,0,1,0,Chowan,2022-11-20
0,2,0,2,0,Chowan,2022-11-25
0,1,0,1,0,Chowan,2022-11-27
0,1,0,1,0,Chowan,2022-12-01
0,1,0,1,0,Chowan,2022-12-03
0,1,0,1,0,Chowan,2022-12-06
0,2,0,2,0,Chowan,2022-12-07
0,1,0,1,0,Chowan,2022-12-09
0,1,0,1,0,Chowan,2022-12-10
0,4,0,4,0,Clay,2022-06-14
0,3,0,3,0,Clay,2022-06-15
0,1,0,1,0,Clay,2022-06-18
0,1,0,1,0,Clay,2022-06-26
0,2,0,2,0,Clay,2022-06-27
0,1,0,1,0,Clay,2022-06-28
0,5,0,5,0,Clay,2022-07-06
0,8,0,8,0,Clay,2022-07-08
0,1,0,1,0,Clay,2022-07-17
0,2,0,2,0,Clay,2022-07-30
0,2,0,2,0,Clay,2022-08-06
0,2,0,2,0,Clay,2022-08-07
0,1,0,1,0,Clay,2022-08-17
0,1,0,1,0,Clay,2022-08-21
0,4,0,4,0,Clay,2022-08-28
0,3,0,3,0,Clay,2022-08-31
0,1,0,1,0,Clay,2022-09-01
0,1,0,1,0,Clay,2022-09-03
0,1,0,1,0,Clay,2022-09-05
0,1,0,1,0,Clay,2022-09-10
0,1,0,1,0,Clay,2022-09-14
0,1,0,1,0,Clay,2022-09-17
0,1,0,1,0,Clay,2022-09-29
0,1,0,1,0,Clay,2022-10-01
0,3,0,3,0,Clay,2022-10-07
0,1,0,1,0,Clay,2022-10-08
0,3,0,3,0,Clay,2022-10-12
0,1,0,1,0,Clay,2022-10-14
0,2,0,2,0,Clay,2022-10-22
0,2,0,2,0,Clay,2022-10-23
0,1,0,1,0,Clay,2022-10-25
0,1,0,1,0,Clay,2022-10-29
0,1,0,1,0,Clay,2022-11-04
0,1,0,1,0,Clay,2022-11-05
0,2,0,2,0,Clay,2022-11-06
0,1,0,1,0,Clay,2022-11-09
0,1,0,1,0,Clay,2022-11-11
0,1,0,1,0,Clay,2022-12-01
0,1,0,1,0,Clay,2022-12-02
0,1,0,1,0,Clay,2022-12-03
0,2,0,2,0,Clay,2022-12-06
0,1,0,1,0,Clay,2022-12-07
0,1,0,1,0,Clay,2022-12-09
0,1,0,1,0,Clay,2022-12-10
0,2,0,2,0,Cleveland,2022-10-16
0,8,0,8,0,Cleveland,2022-11-11
0,4,0,4,0,Cleveland,2022-11-12
0,1,0,1,0,Cleveland,2022-11-13
0,1,0,1,0,Cleveland,2022-11-24
0,4,0,4,0,Columbus,2022-09-05
0,2,0,2,0,Columbus,2022-09-25
0,5,0,5,0,Columbus,2022-10-08
0,1,0,1,0,Columbus,2022-10-15
0,2,0,2,0,Columbus,2022-10-16
0,2,0,2,0,Columbus,2022-10-19
0,1,0,1,0,Columbus,2022-10-23
0,5,0,5,0,Columbus,2022-11-01
0,2,0,2,0,Columbus,2022-11-13
0,4,0,4,0,Columbus,2022-11-20
0,2,0,2,0,Columbus,2022-11-22
0,6,0,6,0,Craven,2022-10-09
0,5,0,5,0,Craven,2022-11-18
0,3,0,3,0,Craven,2022-11-24
0,7,0,7,0,Craven,2022-11-27
0,10,0,10,0,Currituck,2022-06-16
0,3,0,3,0,Currituck,2022-06-19
0,1,0,1,0,Currituck,2022-06-25
0,4,0,4,0,Currituck,2022-07-02
0,2,0,2,0,Currituck,2022-07-07
0,4,0,4,0,Currituck,2022-07-08
0,7,0,7,0,Currituck,2022-07-09
0,4,0,4,0,Currituck,2022-07-12
0,2,0,2,0,Currituck,2022-07-15
0,1,0,1,0,Currituck,2022-07-23
0,7,0,7,0,Currituck,2022-07-24
0,4,0,4,0,Currituck,2022-07-28
0,2,0,2,0,Currituck,2022-07-31
0,2,0,2,0,Currituck,2022-08-03
0,3,0,3,0,Currituck,2022-08-12
0,3,0,3,0,Currituck,2022-08-14
0,1,0,1,0,Currituck,2022-08-16
0,3,0,3,0,Currituck,2022-08-18
0,1,0,1,0,Currituck,2022-08-21
0,4,0,4,0,Currituck,2022-08-23
0,3,0,3,0,Currituck,2022-08-27
0,3,0,3,0,Currituck,2022-09-12
0,4,0,4,0,Currituck,2022-09-16
0,3,0,3,0,Currituck,2022-09-18
0,1,0,1,0,Currituck,2022-09-19
0,1,0,1,0,Currituck,2022-09-25
0,4,0,4,0,Currituck,2022-09-28
0,5,0,5,0,Currituck,2022-09-29
0,3,0,3,0,Currituck,2022-10-03
0,1,0,1,0,Currituck,2022-10-04
0,1,0,1,0,Currituck,2022-10-06
0,2,0,2,0,Currituck,2022-10-07
0,3,0,3,0,Currituck,2022-10-10
0,2,0,2,0,Currituck,2022-10-26
0,2,0,2,0,Currituck,2022-10-28
0,2,0,2,0,Currituck,2022-10-31
0,2,0,2,0,Currituck,2022-11-10
0,2,0,2,0,Currituck,2022-11-13
0,1,0,1,0,Currituck,2022-11-14
0,1,0,1,0,Currituck,2022-11-17
0,1,0,1,0,Currituck,2022-11-20
0,1,0,1,0,Currituck,2022-11-21
0,1,0,1,0,Currituck,2022-11-23
0,4,0,4,0,Currituck,2022-11-30
0,1,0,1,0,Currituck,2022-12-01
0,1,0,1,0,Currituck,2022-12-03
0,2,0,2,0,Currituck,2022-12-04
0,3,0,3,0,Currituck,2022-12-05
0,3,0,3,0,Currituck,2022-12-07
0,1,0,1,0,Currituck,2022-12-09
0,1,0,1,0,Currituck,2022-12-10
0,7,0,7,0,Dare,2022-07-02
0,4,0,4,0,Dare,2022-07-08
0,18,0,18,0,Dare,2022-07-15
0,10,0,10,0,Dare,2022-07-16
0,8,0,8,0,Dare,2022-07-17
0,7,0,7,0,Dare,2022-07-31
0,7,0,7,0,Dare,2022-08-05
0,3,0,3,0,Dare,2022-08-06
0,9,0,9,0,Dare,2022-08-14
0,11,0,11,0,Dare,2022-08-15
0,4,0,4,0,Dare,2022-08-19
0,5,0,5,0,Dare,2022-08-20
0,7,0,7,0,Dare,2022-08-25
0,5,0,5,0,Dare,2022-08-26
0,4,0,4,0,Dare,2022-08-27
0,7,0,7,0,Dare,2022-08-28
0,6,0,6,0,Dare,2022-08-30
0,11,0,11,0,Dare,2022-09-02
0,3,0,3,0,Dare,2022-09-03
0,7,0,7,0,Dare,2022-09-04
0,3,0,3,0,Dare,2022-09-05
0,3,0,3,0,Dare,2022-09-08
0,5,0,5,0,Dare,2022-09-09
0,4,0,4,0,Dare,2022-09-10
0,4,0,4,0,Dare,2022-09-15
0,3,0,3,0,Dare,2022-09-20
0,4,0,4,0,Dare,2022-09-22
0,1,0,1,0,Dare,2022-09-24
0,6,0,6,0,Dare,2022-09-25
0,7,0,7,0,Dare,2022-09-26
0,7,0,7,0,Dare,2022-09-28
0,3,0,3,0,Dare,2022-09-29
0,2,0,2,0,Dare,2022-09-30
0,8,0,8,0,Dare,2022-10-01
0,8,0,8,0,Dare,2022-10-04
0,4,0,4,0,Dare,2022-10-06
0,5,0,5,0,Dare,2022-10-07
0,5,0,5,0,Dare,2022-10-08
0,3,0,3,0,Dare,2022-10-10
0,2,0,2,0,Dare,2022-10-12
0,6,0,6,0,Dare,2022-10-14
0,4,0,4,0,Dare,2022-10-15
0,3,0,3,0,Dare,2022-10-19
0,4,0,4,0,Dare,2022-10-22
0,7,0,7,0,Dare,2022-10-24
0,6,0,6,0,Dare,2022-10-26
0,1,0,1,0,Dare,2022-10-28
0,6,0,6,0,Dare,2022-10-29
0,3,0,3,0,Dare,2022-10-30
0,8,0,8,0,Dare,2022-11-01
0,2,0,2,0,Dare,2022-11-03
0,1,0,1,0,Dare,2022-11-05
0,1,0,1,0,Dare,2022-11-06
0,3,0,3,0,Dare,2022-11-10
0,3,0,3,0,Dare,2022-11-12
0,2,0,2,0,Dare,2022-11-13
0,1,0,1,0,Dare,2022-11-14
0,1,0,1,0,Dare,2022-11-15
0,4,0,4,0,Dare,2022-11-17
0,5,0,5,0,Dare,2022-11-22
0,3,0,3,0,Dare,2022-11-25
0,2,0,2,0,Dare,2022-11-26
0,4,0,4,0,Dare,2022-11-29
0,2,0,2,0,Dare,2022-12-02
0,2,0,2,0,Dare,2022-12-05
0,2,0,2,0,Dare,2022-12-06
0,4,0,4,0,Dare,2022-12-08
0,4,0,4,0,Davidson,2022-11-06
0,6,0,6,0,Davie,2022-07-04
0,2,0,2,0,Davie,2022-09-24
0,4,0,4,0,Davie,2022-10-01
0,3,0,3,0,Davie,2022-10-09
0,4,0,4,0,Davie,2022-10-29
0,1,0,1,0,Davie,2022-10-30
0,3,0,3,0,Davie,2022-11-15
0,2,0,2,0,Davie,2022-11-16
0,1,0,1,0,Davie,2022-11-18
0,4,0,4,0,Davie,2022-11-26
0,4,0,4,0,Duplin,2022-06-18
0,3,0,3,0,Duplin,2022-09-18
0,3,0,3,0,Duplin,2022-09-25
0,2,0,2,0,Duplin,2022-10-08
0,1,0,1,0,Duplin,2022-10-15
0,3,0,3,0,Duplin,2022-10-17
0,1,0,1,0,Duplin,2022-10-23
0,3,0,3,0,Duplin,2022-10-29
0,3,0,3,0,Duplin,2022-10-30
0,1,0,1,0,Duplin,2022-11-05
0,1,0,1,0,Duplin,2022-11-06
0,1,0,1,0,Duplin,2022-11-13
0,2,0,2,0,Duplin,2022-11-15
0,2,0,2,0,Duplin,2022-11-19
0,1,0,1,0,Duplin,2022-11-20
0,1,0,1,0,Duplin,2022-11-24
0,2,0,2,0,Duplin,2022-11-27
0,1,0,1,0,Duplin,2022-12-03
0,1,0,1,0,Duplin,2022-12-04
0,9,0,9,0,Edgecombe,2022-06-24
0,6,0,6,0,Edgecombe,2022-10-07
0,2,0,2,0,Edgecombe,2022-10-16
0,6,0,6,0,Edgecombe,2022-10-18
0,6,0,6,0,Edgecombe,2022-10-19
0,2,0,2,0,Edgecombe,2022-10-23
0,2,0,2,0,Edgecombe,2022-10-28
0,2,0,2,0,Edgecombe,2022-10-29
0,3,0,3,0,Edgecombe,2022-10-30
0,3,0,3,0,Edgecombe,2022-11-02
0,3,0,3,0,Edgecombe,2022-11-03
0,2,0,2,0,Edgecombe,2022-11-05
0,1,0,1,0,Edgecombe,2022-11-06
0,1,0,1,0,Edgecombe,2022-11-12
0,1,0,1,0,Edgecombe,2022-11-15
0,2,0,2,0,Edgecombe,2022-11-17
0,1,0,1,0,Edgecombe,2022-11-18
0,2,0,2,0,Edgecombe,2022-11-25
0,1,0,1,0,Edgecombe,2022-11-27
0,4,0,4,0,Edgecombe,2022-12-07
0,6,0,6,0,Edgecombe,2022-12-09
0,15,0,15,0,Franklin,2022-07-23
0,11,0,11,0,Franklin,2022-10-06
0,4,0,4,0,Franklin,2022-10-08
0,5,0,5,0,Franklin,2022-10-30
0,2,0,2,0,Franklin,2022-11-17
0,1,0,1,0,Franklin,2022-11-24
0,3,0,3,0,Franklin,2022-12-05
0,1,0,1,0,Gates,2022-06-17
0,1,0,1,0,Gates,2022-06-18
0,1,0,1,0,Gates,2022-06-19
0,2,0,2,0,Gates,2022-06-20
0,1,0,1,0,Gates,2022-06-26
0,2,0,2,0,Gates,2022-06-28
0,1,0,1,0,Gates,2022-07-02
0,2,0,2,0,Gates,2022-07-10
0,2,0,2,0,Gates,2022-07-13
0,1,0,1,0,Gates,2022-07-15
0,1,0,1,0,Gates,2022-07-16
0,3,0,3,0,Gates,2022-07-23
0,1,0,1,0,Gates,2022-07-26
0,3,0,3,0,Gates,2022-07-27
0,2,0,2,0,Gates,2022-07-29
0,3,0,3,0,Gates,2022-08-03
0,1,0,1,0,Gates,2022-08-06
0,1,0,1,0,Gates,2022-08-07
0,1,0,1,0,Gates,2022-08-10
0,2,0,2,0,Gates,2022-08-11
0,2,0,2,0,Gates,2022-08-12
0,2,0,2,0,Gates,2022-08-14
0,2,0,2,0,Gates,2022-08-17
0,1,0,1,0,Gates,2022-08-24
0,3,0,3,0,Gates,2022-08-25
0,1,0,1,0,Gates,2022-08-26
0,2,0,2,0,Gates,2022-08-31
0,2,0,2,0,Gates,2022-09-10
0,1,0,1,0,Gates,2022-09-22
0,1,0,1,0,Gates,2022-09-23
0,2,0,2,0,Gates,2022-09-26
0,1,0,1,0,Gates,2022-09-27
0,1,0,1,0,Gates,2022-10-03
0,1,0,1,0,Gates,2022-10-05
0,2,0,2,0,Gates,2022-10-06
0,1,0,1,0,Gates,2022-10-09
0,1,0,1,0,Gates,2022-10-15
0,1,0,1,0,Gates,2022-10-18
0,2,0,2,0,Gates,2022-10-22
0,1,0,1,0,Gates,2022-10-26
0,1,0,1,0,Gates,2022-10-31
0,2,0,2,0,Gates,2022-11-01
0,1,0,1,0,Gates,2022-11-03
0,1,0,1,0,Gates,2022-11-04
0,2,0,2,0,Gates,2022-11-05
0,1,0,1,0,Gates,2022-11-08
0,1,0,1,0,Gates,2022-11-13
0,2,0,2,0,Gates,2022-11-15
0,1,0,1,0,Gates,2022-11-17
0,1,0,1,0,Gates,2022-11-20
0,1,0,1,0,Gates,2022-11-21
0,1,0,1,0,Gates,2022-12-04
0,3,0,3,0,Graham,2022-06-17
0,1,0,1,0,Graham,2022-06-18
0,1,0,1,0,Graham,2022-06-28
0,9,0,9,0,Graham,2022-07-07
0,3,0,3,0,Graham,2022-07-10
0,6,0,6,0,Graham,2022-07-20
0,1,0,1,0,Graham,2022-07-31
0,1,0,1,0,Graham,2022-08-08
0,1,0,1,0,Graham,2022-08-13
0,1,0,1,0,Graham,2022-08-21
0,7,0,7,0,Graham,2022-09-02
0,1,0,1,0,Graham,2022-09-25
0,1,0,1,0,Graham,2022-10-01
0,1,0,1,0,Graham,2022-10-07
0,2,0,2,0,Graham,2022-10-22
0,1,0,1,0,Graham,2022-10-24
0,2,0,2,0,Graham,2022-10-29
0,2,0,2,0,Graham,2022-10-30
0,1,0,1,0,Graham,2022-11-17
0,1,0,1,0,Graham,2022-11-18
0,12,0,12,0,Granville,2022-09-17
0,1,0,1,0,Granville,2022-10-02
0,7,0,7,0,Granville,2022-10-11
0,4,0,4,0,Granville,2022-10-15
0,2,0,2,0,Granville,2022-11-05
0,5,0,5,0,Granville,2022-11-08
0,2,0,2,0,Granville,2022-11-13
0,8,0,8,0,Granville,2022-11-17
0,1,0,1,0,Granville,2022-11-24
0,2,0,2,0,Granville,2022-12-06
0,6,0,6,0,Greene,2022-06-20
0,1,0,1,0,Greene,2022-06-21
0,1,0,1,0,Greene,2022-07-03
0,6,0,6,0,Greene,2022-07-06
0,1,0,1,0,Greene,2022-07-30
0,2,0,2,0,Greene,2022-08-13
0,2,0,2,0,Greene,2022-08-14
0,3,0,3,0,Greene,2022-08-20
0,3,0,3,0,Greene,2022-08-23
0,3,0,3,0,Greene,2022-08-24
0,1,0,1,0,Greene,2022-08-28
0,6,0,6,0,Greene,2022-09-01
0,5,0,5,0,Greene,2022-09-02
0,4,0,4,0,Greene,2022-09-09
0,1,0,1,0,Greene,2022-09-10
0,1,0,1,0,Greene,2022-09-24
0,5,0,5,0,Greene,2022-09-29
0,2,0,2,0,Greene,2022-09-30
0,1,0,1,0,Greene,2022-10-01
0,1,0,1,0,Greene,2022-10-02
0,3,0,3,0,Greene,2022-10-04
0,1,0,1,0,Greene,2022-10-08
0,1,0,1,0,Greene,2022-10-11
0,1,0,1,0,Greene,2022-10-18
0,2,0,2,0,Greene,2022-10-20
0,1,0,1,0,Greene,2022-10-23
0,1,0,1,0,Greene,2022-10-24
0,2,0,2,0,Greene,2022-11-02
0,1,0,1,0,Greene,2022-11-11
0,1,0,1,0,Greene,2022-11-13
0,1,0,1,0,Greene,2022-11-14
0,1,0,1,0,Greene,2022-11-16
0,1,0,1,0,Greene,2022-11-17
0,2,0,2,0,Greene,2022-11-18
0,2,0,2,0,Greene,2022-11-22
0,1,0,1,0,Greene,2022-12-02
0,1,0,1,0,Greene,2022-12-03
0,3,0,3,0,Halifax,2022-09-11
0,1,0,1,0,Halifax,2022-10-23
0,4,0,4,0,Halifax,2022-10-29
0,5,0,5,0,Halifax,2022-10-30
0,3,0,3,0,Halifax,2022-11-06
0,6,0,6,0,Halifax,2022-11-08
0,1,0,1,0,Halifax,2022-11-17
0,2,0,2,0,Halifax,2022-11-19
0,1,0,1,0,Halifax,2022-11-24
0,1,0,1,0,Halifax,2022-11-27
0,5,0,5,0,Harnett,2022-10-16
0,4,0,4,0,Harnett,2022-10-22
0,3,0,3,0,Haywood,2022-10-21
0,2,0,2,0,Haywood,2022-10-22
0,5,0,5,0,Haywood,2022-11-18
0,4,0,4,0,Haywood,2022-11-19
0,4,0,4,0,Hertford,2022-06-19
0,1,0,1,0,Hertford,2022-06-26
0,1,0,1,0,Hertford,2022-07-10
0,1,0,1,0,Hertford,2022-08-14
0,2,0,2,0,Hertford,2022-08-27
0,3,0,3,0,Hertford,2022-08-28
0,1,0,1,0,Hertford,2022-09-03
0,1,0,1,0,Hertford,2022-09-04
0,3,0,3,0,Hertford,2022-09-10
0,3,0,3,0,Hertford,2022-09-18
0,4,0,4,0,Hertford,2022-10-08
0,2,0,2,0,Hertford,2022-10-09
0,2,0,2,0,Hertford,2022-10-12
0,2,0,2,0,Hertford,2022-10-14
0,1,0,1,0,Hertford,2022-10-19
0,1,0,1,0,Hertford,2022-10-20
0,2,0,2,0,Hertford,2022-10-22
0,3,0,3,0,Hertford,2022-10-24
0,1,0,1,0,Hertford,2022-10-25
0,2,0,2,0,Hertford,2022-10-29
0,2,0,2,0,Hertford,2022-11-01
0,1,0,1,0,Hertford,2022-11-04
0,2,0,2,0,Hertford,2022-11-11
0,2,0,2,0,Hertford,2022-11-12
0,1,0,1,0,Hertford,2022-11-18
0,2,0,2,0,Hertford,2022-11-25
0,1,0,1,0,Hertford,2022-11-27
0,4,0,4,0,Hoke,2022-08-27
0,5,0,5,0,Hoke,2022-10-23
0,6,0,6,0,Hoke,2022-11-08
0,2,0,2,0,Hoke,2022-11-18
0,2,0,2,0,Hoke,2022-11-24
0,1,0,1,0,Hyde,2022-06-14
0,6,0,6,0,Hyde,2022-06-20
0,1,0,1,0,Hyde,2022-06-23
0,1,0,1,0,Hyde,2022-06-24
0,2,0,2,0,Hyde,2022-06-27
0,2,0,2,0,Hyde,2022-06-28
0,1,0,1,0,Hyde,2022-06-29
0,1,0,1,0,Hyde,2022-07-01
0,1,0,1,0,Hyde,2022-07-04
0,1,0,1,0,Hyde,2022-07-05
0,1,0,1,0,Hyde,2022-07-07
0,1,0,1,0,Hyde,2022-07-08
0,1,0,1,0,Hyde,2022-07-10
0,4,0,4,0,Hyde,2022-07-12
0,1,0,1,0,Hyde,2022-07-15
0,3,0,3,0,Hyde,2022-07-20
0,2,0,2,0,Hyde,2022-07-21
0,1,0,1,0,Hyde,2022-07-23
0,2,0,2,0,Hyde,2022-07-25
0,1,0,1,0,Hyde,2022-07-26
0,4,0,4,0,Hyde,2022-08-01
0,2,0,2,0,Hyde,2022-08-05
0,1,0,1,0,Hyde,2022-08-06
0,4,0,4,0,Hyde,2022-08-08
0,2,0,2,0,Hyde,2022-08-11
0,3,0,3,0,Hyde,2022-08-15
0,1,0,1,0,Hyde,2022-08-16
0,2,0,2,0,Hyde,2022-08-17
0,1,0,1,0,Hyde,2022-08-19
0,5,0,5,0,Hyde,2022-08-22
0,1,0,1,0,Hyde,2022-08-23
0,2,0,2,0,Hyde,2022-08-25
0,3,0,3,0,Hyde,2022-08-26
0,2,0,2,0,Hyde,2022-08-30
0,1,0,1,0,Hyde,2022-08-31
0,1,0,1,0,Hyde,2022-09-03
0,6,0,6,0,Hyde,2022-09-07
0,1,0,1,0,Hyde,2022-09-08
0,1,0,1,0,Hyde,2022-09-09
0,1,0,1,0,Hyde,2022-09-10
0,1,0,1,0,Hyde,2022-09-12
0,1,0,1,0,Hyde,2022-09-16
0,4,0,4,0,Hyde,2022-09-21
0,1,0,1,0,Hyde,2022-09-22
0,1,0,1,0,Hyde,2022-09-24
0,1,0,1,0,Hyde,2022-09-25
0,4,0,4,0,Hyde,2022-09-26
0,2,0,2,0,Hyde,2022-09-27
0,2,0,2,0,Hyde,2022-09-28
0,1,0,1,0,Hyde,2022-09-29
0,1,0,1,0,Hyde,2022-10-01
0,1,0,1,0,Hyde,2022-10-02
0,1,0,1,0,Hyde,2022-10-05
0,1,0,1,0,Hyde,2022-10-07
0,1,0,1,0,Hyde,2022-10-10
0,1,0,1,0,Hyde,2022-10-17
0,2,0,2,0,Hyde,2022-10-26
0,1,0,1,0,Hyde,2022-10-27
0,1,0,1,0,Hyde,2022-10-30
0,1,0,1,0,Hyde,2022-11-02
0,1,0,1,0,Hyde,2022-11-04
0,1,0,1,0,Hyde,2022-11-07
0,1,0,1,0,Hyde,2022-11-21
0,1,0,1,0,Hyde,2022-11-24
0,2,0,2,0,Hyde,2022-12-09
0,5,0,5,0,Jackson,2022-07-03
0,3,0,3,0,Jackson,2022-08-21
0,5,0,5,0,Jackson,2022-08-27
0,5,0,5,0,Jackson,2022-09-17
0,1,0,1,0,Jackson,2022-10-14
0,3,0,3,0,Jackson,2022-10-15
0,3,0,3,0,Jackson,2022-10-22
0,2,0,2,0,Jackson,2022-10-26
0,4,0,4,0,Jackson,2022-10-30
0,2,0,2,0,Jackson,2022-11-14
0,1,0,1,0,Jackson,2022-11-16
0,2,0,2,0,Jackson,2022-11-17
0,2,0,2,0,Jackson,2022-11-19
0,1,0,1,0,Jackson,2022-11-24
0,2,0,2,0,Jackson,2022-11-26
0,4,0,4,0,Jackson,2022-11-27
0,3,0,3,0,Jackson,2022-11-28
0,4,0,4,0,Jackson,2022-12-01
0,3,0,3,0,Jackson,2022-12-03
0,2,0,2,0,Jackson,2022-12-04
0,1,0,1,0,Jones,2022-06-16
0,2,0,2,0,Jones,2022-06-21
0,1,0,1,0,Jones,2022-06-26
0,1,0,1,0,Jones,2022-07-03
0,2,0,2,0,Jones,2022-07-10
0,2,0,2,0,Jones,2022-07-19
0,2,0,2,0,Jones,2022-07-23
0,3,0,3,0,Jones,2022-07-24
0,1,0,1,0,Jones,2022-07-31
0,1,0,1,0,Jones,2022-08-02
0,1,0,1,0,Jones,2022-08-04
0,3,0,3,0,Jones,2022-08-13
0,1,0,1,0,Jones,2022-08-14
0,4,0,4,0,Jones,2022-08-16
0,1,0,1,0,Jones,2022-08-27
0,1,0,1,0,Jones,2022-08-30
0,1,0,1,0,Jones,2022-09-04
0,5,0,5,0,Jones,2022-09-05
0,1,0,1,0,Jones,2022-09-07
0,1,0,1,0,Jones,2022-09-08
0,2,0,2,0,Jones,2022-09-10
0,2,0,2,0,Jones,2022-09-28
0,1,0,1,0,Jones,2022-09-30
0,1,0,1,0,Jones,2022-10-05
0,1,0,1,0,Jones,2022-10-06
0,3,0,3,0,Jones,2022-10-08
0,3,0,3,0,Jones,2022-10-18
0,1,0,1,0,Jones,2022-10-20
0,3,0,3,0,Jones,2022-10-21
0,1,0,1,0,Jones,2022-10-22
0,1,0,1,0,Jones,2022-10-25
0,1,0,1,0,Jones,2022-10-26
0,1,0,1,0,Jones,2022-10-30
0,1,0,1,0,Jones,2022-11-02
0,1,0,1,0,Jones,2022-11-12
0,1,0,1,0,Jones,2022-11-18
0,2,0,2,0,Jones,2022-12-05
0,1,0,1,0,Jones,2022-12-08
0,1,0,1,0,Jones,2022-12-10
0,5,0,5,0,Lee,2022-06-19
0,1,0,1,0,Lee,2022-11-09
0,3,0,3,0,Lee,2022-11-14
0,2,0,2,0,Lee,2022-11-15
0,1,0,1,0,Lee,2022-11-20
0,4,0,4,0,Lenoir,2022-09-11
0,1,0,1,0,Lenoir,2022-10-08
0,4,0,4,0,Lenoir,2022-10-13
0,2,0,2,0,Lenoir,2022-10-23
0,3,0,3,0,Lenoir,2022-11-12
0,2,0,2,0,Lenoir,2022-11-13
0,2,0,2,0,Lenoir,2022-11-17
0,1,0,1,0,Lenoir,2022-11-25
0,10,0,10,0,Lenoir,2022-12-10
0,5,0,5,0,Lincoln,2022-10-08
0,2,0,2,0,Lincoln,2022-10-30
0,10,0,10,0,Lincoln,2022-11-02
0,5,0,5,0,Lincoln,2022-11-12
0,4,0,4,0,Lincoln,2022-11-19
0,2,0,2,0,Macon,2022-06-26
0,4,0,4,0,Macon,2022-07-16
0,6,0,6,0,Macon,2022-07-31
0,3,0,3,0,Macon,2022-08-06
0,1,0,1,0,Macon,2022-08-20
0,5,0,5,0,Macon,2022-08-21
0,3,0,3,0,Macon,2022-08-23
0,3,0,3,0,Macon,2022-08-27
0,5,0,5,0,Macon,2022-09-04
0,4,0,4,0,Macon,2022-09-11
0,3,0,3,0,Macon,2022-09-18
0,5,0,5,0,Macon,2022-09-23
0,3,0,3,0,Macon,2022-09-25
0,5,0,5,0,Macon,2022-09-27
0,1,0,1,0,Macon,2022-10-01
0,2,0,2,0,Macon,2022-10-07
0,1,0,1,0,Macon,2022-10-09
0,1,0,1,0,Macon,2022-10-11
0,4,0,4,0,Macon,2022-10-13
0,1,0,1,0,Macon,2022-10-16
0,4,0,4,0,Macon,2022-10-18
0,7,0,7,0,Macon,2022-10-20
0,4,0,4,0,Macon,2022-10-24
0,1,0,1,0,Macon,2022-10-25
0,1,0,1,0,Macon,2022-10-30
0,3,0,3,0,Macon,2022-11-03
0,2,0,2,0,Macon,2022-11-05
0,2,0,2,0,Macon,2022-11-06
0,2,0,2,0,Macon,2022-11-08
0,2,0,2,0,Macon,2022-11-09
0,1,0,1,0,Macon,2022-11-13
0,2,0,2,0,Macon,2022-11-15
0,1,0,1,0,Macon,2022-11-19
0,2,0,2,0,Macon,2022-11-24
0,4,0,4,0,Macon,2022-11-26
0,1,0,1,0,Macon,2022-11-27
0,2,0,2,0,Macon,2022-11-28
0,1,0,1,0,Macon,2022-11-29
0,2,0,2,0,Macon,2022-11-30
0,4,0,4,0,Macon,2022-12-02
0,1,0,1,0,Macon,2022-12-04
0,3,0,3,0,Madison,2022-06-25
0,1,0,1,0,Madison,2022-07-02
0,3,0,3,0,Madison,2022-07-04
0,2,0,2,0,Madison,2022-07-16
0,1,0,1,0,Madison,2022-07-17
0,2,0,2,0,Madison,2022-07-31
0,2,0,2,0,Madison,2022-08-03
0,2,0,2,0,Madison,2022-08-12
0,4,0,4,0,Madison,2022-08-24
0,1,0,1,0,Madison,2022-08-28
0,1,0,1,0,Madison,2022-09-04
0,5,0,5,0,Madison,2022-09-05
0,1,0,1,0,Madison,2022-09-11
0,1,0,1,0,Madison,2022-09-18
0,5,0,5,0,Madison,2022-10-03
0,3,0,3,0,Madison,2022-10-08
0,2,0,2,0,Madison,2022-10-09
0,1,0,1,0,Madison,2022-10-12
0,5,0,5,0,Madison,2022-10-19
0,1,0,1,0,Madison,2022-10-23
0,1,0,1,0,Madison,2022-10-29
0,1,0,1,0,Madison,2022-11-06
0,2,0,2,0,Madison,2022-11-07
0,2,0,2,0,Madison,2022-11-16
0,1,0,1,0,Madison,2022-11-27
0,1,0,1,0,Madison,2022-12-04
0,3,0,3,0,Martin,2022-06-17
0,2,0,2,0,Martin,2022-06-19
0,3,0,3,0,Martin,2022-07-10
0,3,0,3,0,Martin,2022-07-31
0,3,0,3,0,Martin,2022-08-14
0,2,0,2,0,Martin,2022-08-25
0,2,0,2,0,Martin,2022-08-26
0,3,0,3,0,Martin,2022-08-27
0,3,0,3,0,Martin,2022-09-04
0,2,0,2,0,Martin,2022-09-22
0,1,0,1,0,Martin,2022-09-24
0,2,0,2,0,Martin,2022-09-25
0,1,0,1,0,Martin,2022-09-30
0,2,0,2,0,Martin,2022-10-04
0,2,0,2,0,Martin,2022-10-06
0,1,0,1,0,Martin,2022-10-07
0,2,0,2,0,Martin,2022-10-11
0,2,0,2,0,Martin,2022-10-12
0,1,0,1,0,Martin,2022-10-14
0,1,0,1,0,Martin,2022-10-16
0,1,0,1,0,Martin,2022-10-18
0,1,0,1,0,Martin,2022-10-23
0,1,0,1,0,Martin,2022-10-26
0,1,0,1,0,Martin,2022-10-28
0,1,0,1,0,Martin,2022-10-30
0,1,0,1,0,Martin,2022-11-01
0,2,0,2,0,Martin,2022-11-07
0,3,0,3,0,Martin,2022-11-08
0,1,0,1,0,Martin,2022-11-10
0,2,0,2,0,Martin,2022-11-14
0,3,0,3,0,Martin,2022-11-17
0,1,0,1,0,Martin,2022-11-19
0,1,0,1,0,Martin,2022-11-23
0,1,0,1,0,Martin,2022-11-25
0,1,0,1,0,Martin,2022-11-28
0,2,0,2,0,Martin,2022-12-02
0,2,0,2,0,Martin,2022-12-03
0,1,0,1,0,Martin,2022-12-04
0,1,0,1,0,Martin,2022-12-06
0,2,0,2,0,Martin,2022-12-08
0,1,0,1,0,Martin,2022-12-10
0,8,0,8,0,McDowell,2022-06-25
0,1,0,1,0,McDowell,2022-09-24
0,8,0,8,0,McDowell,2022-10-07
0,4,0,4,0,McDowell,2022-10-15
0,3,0,3,0,McDowell,2022-10-24
0,3,0,3,0,McDowell,2022-10-30
0,7,0,7,0,McDowell,2022-11-05
0,2,0,2,0,McDowell,2022-11-07
0,1,0,1,0,McDowell,2022-11-16
0,1,0,1,0,McDowell,2022-11-20
0,7,0,7,0,McDowell,2022-12-04
0,1,0,1,0,Mitchell,2022-07-02
0,1,0,1,0,Mitchell,2022-07-03
0,4,0,4,0,Mitchell,2022-07-06
0,2,0,2,0,Mitchell,2022-07-13
0,3,0,3,0,Mitchell,2022-07-14
0,4,0,4,0,Mitchell,2022-08-13
0,4,0,4,0,Mitchell,2022-08-16
0,3,0,3,0,Mitchell,2022-08-18
0,3,0,3,0,Mitchell,2022-08-27
0,2,0,2,0,Mitchell,2022-08-28
0,2,0,2,0,Mitchell,2022-09-01
0,1,0,1,0,Mitchell,2022-09-03
0,2,0,2,0,Mitchell,2022-09-11
0,1,0,1,0,Mitchell,2022-09-15
0,1,0,1,0,Mitchell,2022-09-21
0,1,0,1,0,Mitchell,2022-10-29
0,1,0,1,0,Mitchell,2022-10-30
0,1,0,1,0,Mitchell,2022-11-04
0,2,0,2,0,Mitchell,2022-11-07
0,1,0,1,0,Mitchell,2022-11-12
0,3,0,3,0,Mitchell,2022-11-15
0,2,0,2,0,Mitchell,2022-11-17
0,1,0,1,0,Mitchell,2022-11-18
0,1,0,1,0,Mitchell,2022-11-20
0,1,0,1,0,Mitchell,2022-11-21
0,1,0,1,0,Mitchell,2022-11-22
0,2,0,2,0,Mitchell,2022-11-25
0,1,0,1,0,Mitchell,2022-11-30
0,1,0,1,0,Mitchell,2022-12-03
0,1,0,1,0,Mitchell,2022-12-04
0,1,0,1,0,Mitchell,2022-12-09
0,1,0,1,0,Mitchell,2022-12-10
0,3,0,3,0,Montgomery,2022-06-28
0,6,0,6,0,Montgomery,2022-06-29
0,1,0,1,0,Montgomery,2022-07-01
0,5,0,5,0,Montgomery,2022-08-11
0,3,0,3,0,Montgomery,2022-08-14
0,7,0,7,0,Montgomery,2022-09-10
0,2,0,2,0,Montgomery,2022-09-18
0,5,0,5,0,Montgomery,2022-09-30
0,2,0,2,0,Montgomery,2022-10-02
0,1,0,1,0,Montgomery,2022-10-08
0,3,0,3,0,Montgomery,2022-10-12
0,1,0,1,0,Montgomery,2022-10-16
0,3,0,3,0,Montgomery,2022-10-18
0,1,0,1,0,Montgomery,2022-10-20
0,1,0,1,0,Montgomery,2022-10-21
0,4,0,4,0,Montgomery,2022-10-26
0,2,0,2,0,Montgomery,2022-11-02
0,5,0,5,0,Montgomery,2022-11-04
0,1,0,1,0,Montgomery,2022-11-08
0,1,0,1,0,Montgomery,2022-11-14
0,1,0,1,0,Montgomery,2022-11-18
0,1,0,1,0,Montgomery,2022-11-20
0,2,0,2,0,Montgomery,2022-11-26
0,2,0,2,0,Montgomery,2022-12-01
0,1,0,1,0,Montgomery,2022-12-06
0,1,0,1,0,Montgomery,2022-12-08
0,2,0,2,0,Montgomery,2022-12-10
0,1,0,1,0,Moore,2022-11-24
0,2,0,2,0,Nash,2022-10-29
0,5,0,5,0,Nash,2022-11-01
0,4,0,4,0,Nash,2022-11-08
0,3,0,3,0,Nash,2022-11-12
0,2,0,2,0,Nash,2022-11-13
0,3,0,3,0,Nash,2022-11-20
0,9,0,9,0,Nash,2022-12-04
0,4,0,4,0,Northampton,2022-06-25
0,1,0,1,0,Northampton,2022-07-04
0,3,0,3,0,Northampton,2022-07-10
0,3,0,3,0,Northampton,2022-07-30
0,1,0,1,0,Northampton,2022-07-31
0,5,0,5,0,Northampton,2022-08-15
0,3,0,3,0,Northampton,2022-09-03
0,1,0,1,0,Northampton,2022-09-04
0,1,0,1,0,Northampton,2022-09-05
0,1,0,1,0,Northampton,2022-09-17
0,1,0,1,0,Northampton,2022-09-18
0,2,0,2,0,Northampton,2022-09-30
0,1,0,1,0,Northampton,2022-10-08
0,1,0,1,0,Northampton,2022-10-09
0,1,0,1,0,Northampton,2022-10-13
0,1,0,1,0,Northampton,2022-10-15
0,3,0,3,0,Northampton,2022-10-17
0,2,0,2,0,Northampton,2022-10-21
0,1,0,1,0,Northampton,2022-10-28
0,1,0,1,0,Northampton,2022-11-03
0,1,0,1,0,Northampton,2022-11-04
0,1,0,1,0,Northampton,2022-11-10
0,1,0,1,0,Northampton,2022-11-14
0,1,0,1,0,Northampton,2022-11-19
0,2,0,2,0,Northampton,2022-11-26
0,1,0,1,0,Northampton,2022-12-08
0,7,0,7,0,Onslow,2022-09-24
0,7,0,7,0,Onslow,2022-10-16
0,2,0,2,0,Onslow,2022-11-13
0,2,0,2,0,Onslow,2022-11-19
0,6,0,6,0,Onslow,2022-11-24
0,8,0,8,0,Onslow,2022-11-26
0,14,0,14,0,Orange,2022-10-20
0,7,0,7,0,Orange,2022-10-22
0,8,0,8,0,Orange,2022-11-18
0,5,0,5,0,Orange,2022-11-19
0,7,0,7,0,Orange,2022-11-20
0,1,0,1,0,Pamlico,2022-06-18
0,2,0,2,0,Pamlico,2022-06-19
0,1,0,1,0,Pamlico,2022-06-25
0,1,0,1,0,Pamlico,2022-07-03
0,3,0,3,0,Pamlico,2022-07-09
0,1,0,1,0,Pamlico,2022-07-30
0,2,0,2,0,Pamlico,2022-08-10
0,1,0,1,0,Pamlico,2022-08-20
0,1,0,1,0,Pamlico,2022-08-22
0,1,0,1,0,Pamlico,2022-08-30
0,3,0,3,0,Pamlico,2022-09-02
0,1,0,1,0,Pamlico,2022-09-03
0,1,0,1,0,Pamlico,2022-09-10
0,2,0,2,0,Pamlico,2022-09-13
0,3,0,3,0,Pamlico,2022-09-15
0,1,0,1,0,Pamlico,2022-09-16
0,1,0,1,0,Pamlico,2022-09-17
0,1,0,1,0,Pamlico,2022-09-21
0,1,0,1,0,Pamlico,2022-09-22
0,2,0,2,0,Pamlico,2022-09-27
0,1,0,1,0,Pamlico,2022-09-29
0,2,0,2,0,Pamlico,2022-10-01
0,1,0,1,0,Pamlico,2022-10-09
0,2,0,2,0,Pamlico,2022-10-12
0,2,0,2,0,Pamlico,2022-10-13
0,1,0,1,0,Pamlico,2022-10-16
0,1,0,1,0,Pamlico,2022-10-19
0,1,0,1,0,Pamlico,2022-10-27
0,1,0,1,0,Pamlico,2022-11-10
0,1,0,1,0,Pamlico,2022-11-13
0,2,0,2,0,Pamlico,2022-11-19
0,1,0,1,0,Pamlico,2022-11-21
0,1,0,1,0,Pamlico,2022-11-22
0,2,0,2,0,Pamlico,2022-12-02
0,1,0,1,0,Pamlico,2022-12-09
0,3,0,3,0,Pamlico,2022-12-10
0,2,0,2,0,Pasquotank,2022-07-02
0,1,0,1,0,Pasquotank,2022-07-03
0,5,0,5,0,Pasquotank,2022-08-12
0,3,0,3,0,Pasquotank,2022-09-03
0,3,0,3,0,Pasquotank,2022-09-30
0,3,0,3,0,Pasquotank,2022-10-14
0,1,0,1,0,Pasquotank,2022-11-12
0,3,0,3,0,Pasquotank,2022-11-13
0,2,0,2,0,Pasquotank,2022-11-14
0,1,0,1,0,Pasquotank,2022-11-24
0,1,0,1,0,Pasquotank,2022-12-04
0,1,0,1,0,Pasquotank,2022-12-10
0,2,0,2,0,Pender,2022-06-26
0,15,0,15,0,Pender,2022-08-18
0,3,0,3,0,Pender,2022-09-10
0,3,0,3,0,Pender,2022-09-11
0,3,0,3,0,Pender,2022-09-17
0,8,0,8,0,Pender,2022-09-18
0,11,0,11,0,Pender,2022-09-21
0,6,0,6,0,Pender,2022-10-01
0,4,0,4,0,Pender,2022-10-05
0,3,0,3,0,Pender,2022-10-09
0,1,0,1,0,Pender,2022-10-14
0,2,0,2,0,Pender,2022-10-15
0,1,0,1,0,Pender,2022-10-23
0,3,0,3,0,Pender,2022-10-25
0,4,0,4,0,Pender,2022-11-02
0,1,0,1,0,Pender,2022-11-04
0,1,0,1,0,Pender,2022-11-09
0,2,0,2,0,Pender,2022-11-10
0,1,0,1,0,Pender,2022-11-11
0,2,0,2,0,Pender,2022-11-12
0,1,0,1,0,Pender,2022-11-18
0,3,0,3,0,Pender,2022-11-25
0,1,0,1,0,Pender,2022-11-26
0,3,0,3,0,Perquimans,2022-06-16
0,2,0,2,0,Perquimans,2022-06-22
0,2,0,2,0,Perquimans,2022-06-27
0,2,0,2,0,Perquimans,2022-07-02
0,1,0,1,0,Perquimans,2022-07-03
0,1,0,1,0,Perquimans,2022-07-04
0,1,0,1,0,Perquimans,2022-07-05
0,3,0,3,0,Perquimans,2022-07-06
0,1,0,1,0,Perquimans,2022-07-10
0,3,0,3,0,Perquimans,2022-07-13
0,2,0,2,0,Perquimans,2022-07-17
0,4,0,4,0,Perquimans,2022-07-22
0,3,0,3,0,Perquimans,2022-08-05
0,3,0,3,0,Perquimans,2022-08-12
0,1,0,1,0,Perquimans,2022-08-16
0,2,0,2,0,Perquimans,2022-08-23
0,3,0,3,0,Perquimans,2022-08-29
0,1,0,1,0,Perquimans,2022-09-01
0,1,0,1,0,Perquimans,2022-09-16
0,1,0,1,0,Perquimans,2022-09-20
0,2,0,2,0,Perquimans,2022-09-21
0,1,0,1,0,Perquimans,2022-09-22
0,1,0,1,0,Perquimans,2022-09-26
0,2,0,2,0,Perquimans,2022-09-29
0,1,0,1,0,Perquimans,2022-09-30
0,2,0,2,0,Perquimans,2022-10-04
0,2,0,2,0,Perquimans,2022-10-09
0,1,0,1,0,Perquimans,2022-10-10
0,2,0,2,0,Perquimans,2022-10-17
0,2,0,2,0,Perquimans,2022-10-19
0,1,0,1,0,Perquimans,2022-10-30
0,1,0,1,0,Perquimans,2022-11-03
0,2,0,2,0,Perquimans,2022-11-07
0,2,0,2,0,Perquimans,2022-11-11
0,1,0,1,0,Perquimans,2022-11-14
0,1,0,1,0,Perquimans,2022-11-15
0,1,0,1,0,Perquimans,2022-11-17
0,1,0,1,0,Perquimans,2022-11-22
0,1,0,1,0,Perquimans,2022-11-24
0,1,0,1,0,Perquimans,2022-11-25
0,1,0,1,0,Perquimans,2022-11-26
0,2,0,2,0,Perquimans,2022-11-29
0,1,0,1,0,Perquimans,2022-11-30
0,1,0,1,0,Perquimans,2022-12-02
0,1,0,1,0,Perquimans,2022-12-03
0,1,0,1,0,Perquimans,2022-12-07
0,3,0,3,0,Person,2022-06-18
0,4,0,4,0,Person,2022-08-21
0,3,0,3,0,Person,2022-09-04
0,1,0,1,0,Person,2022-10-01
0,4,0,4,0,Person,2022-10-04
0,3,0,3,0,Person,2022-10-09
0,4,0,4,0,Person,2022-10-11
0,1,0,1,0,Person,2022-10-15
0,2,0,2,0,Person,2022-10-23
0,2,0,2,0,Person,2022-10-24
0,1,0,1,0,Person,2022-11-02
0,1,0,1,0,Person,2022-11-03
0,3,0,3,0,Person,2022-11-06
0,5,0,5,0,Person,2022-11-10
0,1,0,1,0,Person,2022-11-11
0,1,0,1,0,Person,2022-11-19
0,2,0,2,0,Person,2022-11-26
0,2,0,2,0,Person,2022-11-27
0,6,0,6,0,Person,2022-11-29
0,2,0,2,0,Person,2022-12-04
0,8,0,8,0,Pitt,2022-10-30
0,7,0,7,0,Pitt,2022-11-13
0,3,0,3,0,Polk,2022-06-14
0,3,0,3,0,Polk,2022-08-25
0,3,0,3,0,Polk,2022-09-09
0,2,0,2,0,Polk,2022-09-16
0,1,0,1,0,Polk,2022-09-30
0,1,0,1,0,Polk,2022-10-09
0,2,0,2,0,Polk,2022-10-14
0,2,0,2,0,Polk,2022-10-30
0,5,0,5,0,Richmond,2022-09-09
0,8,0,8,0,Richmond,2022-09-17
0,3,0,3,0,Richmond,2022-10-01
0,5,0,5,0,Richmond,2022-10-09
0,1,0,1,0,Richmond,2022-10-12
0,1,0,1,0,Richmond,2022-10-15
0,1,0,1,0,Richmond,2022-10-16
0,2,0,2,0,Richmond,2022-10-20
0,3,0,3,0,Richmond,2022-10-28
0,1,0,1,0,Richmond,2022-10-30
0,2,0,2,0,Richmond,2022-11-06
0,4,0,4,0,Richmond,2022-11-11
0,3,0,3,0,Richmond,2022-11-13
0,4,0,4,0,Richmond,2022-11-21
0,1,0,1,0,Richmond,2022-11-24
0,4,0,4,0,Robeson,2022-11-12
0,3,0,3,0,Rockingham,2022-10-23
0,9,0,9,0,Rockingham,2022-10-30
0,8,0,8,0,Rockingham,2022-12-04
0,6,0,6,0,Rockingham,2022-12-10
0,1,0,1,0,Rutherford,2022-10-08
0,5,0,5,0,Rutherford,2022-10-21
0,3,0,3,0,Rutherford,2022-11-17
0,1,0,1,0,Rutherford,2022-11-18
0,2,0,2,0,Sampson,2022-10-12
0,1,0,1,0,Sampson,2022-10-23
0,3,0,3,0,Sampson,2022-11-19
0,1,0,1,0,Sampson,2022-11-24
0,1,0,1,0,Scotland,2022-07-03
0,2,0,2,0,Scotland,2022-09-30
0,2,0,2,0,Scotland,2022-10-06
0,1,0,1,0,Scotland,2022-10-09
0,1,0,1,0,Scotland,2022-11-20
0,1,0,1,0,Scotland,2022-11-25
0,1,0,1,0,Scotland,2022-12-03
0,11,0,11,0,Stanly,2022-10-12
0,2,0,2,0,Stanly,2022-10-15
0,5,0,5,0,Stanly,2022-10-18
0,3,0,3,0,Stanly,2022-11-05
0,5,0,5,0,Stanly,2022-11-10
0,4,0,4,0,Stanly,2022-11-16
0,8,0,8,0,Stanly,2022-11-22
0,4,0,4,0,Stanly,2022-11-24
0,4,0,4,0,Stanly,2022-11-26
0,4,0,4,0,Stanly,2022-11-27
0,4,0,4,0,Stanly,2022-12-04
0,7,0,7,0,Stanly,2022-12-10
0,2,0,2,0,Stokes,2022-10-01
0,2,0,2,0,Stokes,2022-10-09
0,4,0,4,0,Stokes,2022-10-21
0,3,0,3,0,Stokes,2022-11-10
0,7,0,7,0,Surry,2022-10-22
0,3,0,3,0,Surry,2022-11-06
0,1,0,1,0,Swain,2022-06-24
0,7,0,7,0,Swain,2022-07-05
0,1,0,1,0,Swain,2022-08-28
0,3,0,3,0,Swain,2022-09-01
0,1,0,1,0,Swain,2022-09-04
0,1,0,1,0,Swain,2022-09-08
0,3,0,3,0,Swain,2022-09-14
0,1,0,1,0,Swain,2022-09-21
0,2,0,2,0,Swain,2022-09-29
0,2,0,2,0,Swain,2022-09-30
0,2,0,2,0,Swain,2022-10-06
0,1,0,1,0,Swain,2022-10-16
0,1,0,1,0,Swain,2022-10-18
0,2,0,2,0,Swain,2022-10-23
0,1,0,1,0,Swain,2022-10-30
0,1,0,1,0,Swain,2022-11-11
0,1,0,1,0,Swain,2022-11-13
0,1,0,1,0,Swain,2022-11-15
0,2,0,2,0,Swain,2022-11-17
0,1,0,1,0,Swain,2022-11-18
0,3,0,3,0,Swain,2022-11-19
0,3,0,3,0,Swain,2022-11-22
0,1,0,1,0,Swain,2022-11-23
0,9,0,9,0,Transylvania,2022-07-24
0,6,0,6,0,Transylvania,2022-09-15
0,2,0,2,0,Transylvania,2022-09-29
0,5,0,5,0,Transylvania,2022-10-13
0,3,0,3,0,Transylvania,2022-10-14
0,6,0,6,0,Transylvania,2022-10-18
0,2,0,2,0,Transylvania,2022-10-29
0,3,0,3,0,Transylvania,2022-10-30
0,3,0,3,0,Transylvania,2022-11-08
0,3,0,3,0,Transylvania,2022-11-09
0,2,0,2,0,Transylvania,2022-11-11
0,2,0,2,0,Transylvania,2022-11-17
0,2,0,2,0,Transylvania,2022-11-18
0,2,0,2,0,Transylvania,2022-11-19
0,1,0,1,0,Transylvania,2022-11-21
0,5,0,5,0,Transylvania,2022-12-05
0,4,0,4,0,Transylvania,2022-12-07
0,3,0,3,0,Transylvania,2022-12-08
0,1,0,1,0,Tyrrell,2022-06-17
0,1,0,1,0,Tyrrell,2022-06-22
0,1,0,1,0,Tyrrell,2022-06-24
0,1,0,1,0,Tyrrell,2022-06-25
0,1,0,1,0,Tyrrell,2022-06-28
0,1,0,1,0,Tyrrell,2022-06-29
0,4,0,4,0,Tyrrell,2022-07-01
0,1,0,1,0,Tyrrell,2022-07-08
0,1,0,1,0,Tyrrell,2022-07-11
0,2,0,2,0,Tyrrell,2022-07-12
0,1,0,1,0,Tyrrell,2022-07-14
0,1,0,1,0,Tyrrell,2022-07-16
0,1,0,1,0,Tyrrell,2022-07-17
0,1,0,1,0,Tyrrell,2022-07-21
0,1,0,1,0,Tyrrell,2022-07-22
0,2,0,2,0,Tyrrell,2022-07-25
0,6,0,6,0,Tyrrell,2022-07-26
0,2,0,2,0,Tyrrell,2022-08-01
0,1,0,1,0,Tyrrell,2022-08-11
0,1,0,1,0,Tyrrell,2022-08-12
0,1,0,1,0,Tyrrell,2022-08-15
0,1,0,1,0,Tyrrell,2022-08-20
0,2,0,2,0,Tyrrell,2022-08-23
0,2,0,2,0,Tyrrell,2022-09-02
0,2,0,2,0,Tyrrell,2022-09-05
0,1,0,1,0,Tyrrell,2022-09-06
0,1,0,1,0,Tyrrell,2022-09-07
0,2,0,2,0,Tyrrell,2022-09-19
0,1,0,1,0,Tyrrell,2022-09-22
0,1,0,1,0,Tyrrell,2022-09-28
0,1,0,1,0,Tyrrell,2022-10-08
0,1,0,1,0,Tyrrell,2022-10-18
0,1,0,1,0,Tyrrell,2022-10-26
0,1,0,1,0,Tyrrell,2022-11-01
0,1,0,1,0,Tyrrell,2022-11-04
0,2,0,2,0,Tyrrell,2022-11-05
0,1,0,1,0,Tyrrell,2022-11-07
0,1,0,1,0,Tyrrell,2022-11-13
0,1,0,1,0,Tyrrell,2022-11-20
0,1,0,1,0,Tyrrell,2022-12-10
0,3,0,3,0,Vance,2022-09-11
0,9,0,9,0,Vance,2022-09-25
0,6,0,6,0,Vance,2022-09-29
0,1,0,1,0,Vance,2022-10-11
0,5,0,5,0,Vance,2022-10-12
0,1,0,1,0,Vance,2022-10-15
0,6,0,6,0,Vance,2022-10-27
0,3,0,3,0,Vance,2022-10-28
0,1,0,1,0,Vance,2022-11-05
0,3,0,3,0,Vance,2022-11-06
0,3,0,3,0,Vance,2022-11-07
0,1,0,1,0,Vance,2022-11-19
0,3,0,3,0,Vance,2022-11-20
0,2,0,2,0,Vance,2022-11-25
0,4,0,4,0,Vance,2022-12-04
0,13,0,13,0,Warren,2022-06-30
0,3,0,3,0,Warren,2022-07-09
0,5,0,5,0,Warren,2022-07-12
0,4,0,4,0,Warren,2022-07-28
0,3,0,3,0,Warren,2022-08-14
0,3,0,3,0,Warren,2022-08-18
0,2,0,2,0,Warren,2022-08-21
0,1,0,1,0,Warren,2022-08-24
0,4,0,4,0,Warren,2022-08-28
0,1,0,1,0,Warren,2022-08-31
0,3,0,3,0,Warren,2022-09-02
0,7,0,7,0,Warren,2022-09-15
0,2,0,2,0,Warren,2022-09-20
0,3,0,3,0,Warren,2022-09-29
0,1,0,1,0,Warren,2022-09-30
0,4,0,4,0,Warren,2022-10-02
0,4,0,4,0,Warren,2022-10-03
0,1,0,1,0,Warren,2022-10-06
0,5,0,5,0,Warren,2022-10-13
0,2,0,2,0,Warren,2022-10-18
0,3,0,3,0,Warren,2022-10-21
0,1,0,1,0,Warren,2022-10-27
0,1,0,1,0,Warren,2022-10-30
0,2,0,2,0,Warren,2022-11-04
0,1,0,1,0,Warren,2022-11-06
0,2,0,2,0,Warren,2022-11-11
0,2,0,2,0,Warren,2022-11-25
0,2,0,2,0,Warren,2022-11-27
0,2,0,2,0,Warren,2022-11-29
0,2,0,2,0,Warren,2022-11-30
0,5,0,5,0,Warren,2022-12-09
0,5,0,5,0,Washington,2022-06-17
0,5,0,5,0,Washington,2022-06-23
0,3,0,3,0,Washington,2022-06-30
0,1,0,1,0,Washington,2022-07-03
0,5,0,5,0,Washington,2022-07-16
0,3,0,3,0,Washington,2022-07-18
0,2,0,2,0,Washington,2022-07-21
0,2,0,2,0,Washington,2022-07-23
0,1,0,1,0,Washington,2022-07-30
0,2,0,2,0,Washington,2022-08-01
0,1,0,1,0,Washington,2022-08-14
0,1,0,1,0,Washington,2022-08-20
0,2,0,2,0,Washington,2022-08-21
0,2,0,2,0,Washington,2022-08-28
0,4,0,4,0,Washington,2022-09-01
0,2,0,2,0,Washington,2022-09-02
0,2,0,2,0,Washington,2022-09-03
0,1,0,1,0,Washington,2022-09-04
0,2,0,2,0,Washington,2022-09-11
0,1,0,1,0,Washington,2022-09-15
0,1,0,1,0,Washington,2022-09-18
0,5,0,5,0,Washington,2022-09-19
0,3,0,3,0,Washington,2022-09-22
0,1,0,1,0,Washington,2022-09-26
0,2,0,2,0,Washington,2022-09-27
0,1,0,1,0,Washington,2022-09-30
0,1,0,1,0,Washington,2022-10-03
0,1,0,1,0,Washington,2022-10-05
0,2,0,2,0,Washington,2022-10-13
0,2,0,2,0,Washington,2022-10-14
0,1,0,1,0,Washington,2022-10-15
0,2,0,2,0,Washington,2022-10-19
0,1,0,1,0,Washington,2022-10-23
0,1,0,1,0,Washington,2022-10-26
0,1,0,1,0,Washington,2022-10-27
0,1,0,1,0,Washington,2022-11-08
0,1,0,1,0,Washington,2022-11-10
0,1,0,1,0,Washington,2022-11-17
0,1,0,1,0,Washington,2022-11-20
0,1,0,1,0,Washington,2022-11-29
0,1,0,1,0,Washington,2022-12-01
0,4,0,4,0,Washington,2022-12-08
0,1,0,1,0,Washington,2022-12-09
0,2,0,2,0,Washington,2022-12-10
0,1,0,1,0,Watauga,2022-08-21
0,3,0,3,0,Watauga,2022-09-17
0,2,0,2,0,Watauga,2022-09-24
0,8,0,8,0,Watauga,2022-10-06
0,4,0,4,0,Watauga,2022-10-09
0,5,0,5,0,Watauga,2022-10-13
0,2,0,2,0,Watauga,2022-10-16
0,3,0,3,0,Watauga,2022-10-22
0,3,0,3,0,Watauga,2022-10-23
0,1,0,1,0,Watauga,2022-10-29
0,4,0,4,0,Watauga,2022-11-18
0,3,0,3,0,Watauga,2022-11-23
0,1,0,1,0,Watauga,2022-11-24
0,2,0,2,0,Watauga,2022-11-26
0,2,0,2,0,Watauga,2022-11-27
0,3,0,3,0,Wilkes,2022-11-10
0,3,0,3,0,Wilkes,2022-11-20
0,5,0,5,0,Wilson,2022-10-19
0,2,0,2,0,Wilson,2022-10-30
0,1,0,1,0,Wilson,2022-11-06
0,1,0,1,0,Wilson,2022-11-24
0,2,0,2,0,Yadkin,2022-10-09
0,8,0,8,0,Yadkin,2022-10-22
0,1,0,1,0,Yadkin,2022-10-23
0,1,0,1,0,Yadkin,2022-10-30
0,2,0,2,0,Yadkin,2022-11-08
0,1,0,1,0,Yadkin,2022-11-20
0,1,0,1,0,Yadkin,2022-11-26
0,6,0,6,0,Yadkin,2022-11-27
0,2,0,2,0,Yancey,2022-06-19
0,3,0,3,0,Yancey,2022-07-01
0,5,0,5,0,Yancey,2022-07-04
0,1,0,1,0,Yancey,2022-07-21
0,2,0,2,0,Yancey,2022-08-06
0,5,0,5,0,Yancey,2022-08-11
0,3,0,3,0,Yancey,2022-08-12
0,1,0,1,0,Yancey,2022-08-13
0,2,0,2,0,Yancey,2022-08-19
0,4,0,4,0,Yancey,2022-08-23
0,1,0,1,0,Yancey,2022-09-04
0,5,0,5,0,Yancey,2022-09-07
0,6,0,6,0,Yancey,2022-09-21
0,6,0,6,0,Yancey,2022-09-22
0,2,0,2,0,Yancey,2022-10-03
0,1,0,1,0,Yancey,2022-10-04
0,4,0,4,0,Yancey,2022-10-05
0,1,0,1,0,Yancey,2022-10-07
0,3,0,3,0,Yancey,2022-10-10
0,3,0,3,0,Yancey,2022-10-11
0,2,0,2,0,Yancey,2022-10-12
0,1,0,1,0,Yancey,2022-10-15
0,2,0,2,0,Yancey,2022-10-16
0,2,0,2,0,Yancey,2022-10-21
0,1,0,1,0,Yancey,2022-10-24
0,1,0,1,0,Yancey,2022-10-29
0,1,0,1,0,Yancey,2022-11-03
0,1,0,1,0,Yancey,2022-11-06
0,1,0,1,0,Yancey,2022-11-07
0,2,0,2,0,Yancey,2022-11-08
0,1,0,1,0,Yancey,2022-11-09
0,1,0,1,0,Yancey,2022-11-12
0,1,0,1,0,Yancey,2022-11-19
0,2,0,2,0,Yancey,2022-11-25
0,1,0,1,0,Yancey,2022-12-06
1,9,0,9,0,Alamance,2022-09-24
1,1,0,1,0,Alexander,2022-06-17
1,11,0,11,0,Alexander,2022-08-07
1,7,0,7,0,Alexander,2022-08-28
1,2,0,2,0,Alexander,2022-10-04
1,5,0,5,0,Alexander,2022-10-15
1,2,0,2,0,Alexander,2022-10-23
1,4,0,4,0,Alexander,2022-10-29
1,1,0,1,0,Alexander,2022-11-05
1,1,0,1,0,Alexander,2022-11-20
1,8,0,8,0,Alexander,2022-11-29
1,2,0,2,0,Alexander,2022-12-02
1,2,0,2,0,Alexander,2022-12-10
1,3,0,3,0,Alleghany,2022-06-14
1,3,0,3,0,Alleghany,2022-06-15
1,2,0,2,0,Alleghany,2022-06-20
1,2,0,2,0,Alleghany,2022-07-10
1,4,0,4,0,Alleghany,2022-07-31
1,3,0,3,0,Alleghany,2022-08-06
1,3,0,3,0,Alleghany,2022-08-10
1,11,0,11,0,Anson,2022-06-17
1,5,0,5,0,Anson,2022-06-18
1,7,0,7,0,Anson,2022-06-26
1,2,0,2,0,Anson,2022-07-01
1,3,0,3,0,Anson,2022-07-03
1,7,0,7,0,Anson,2022-07-10
1,7,0,7,0,Anson,2022-07-16
1,10,0,10,0,Anson,2022-08-05
1,8,0,8,0,Anson,2022-08-06
1,7,0,7,0,Anson,2022-08-10
1,4,0,4,0,Anson,2022-08-12
1,10,0,10,0,Anson,2022-08-13
1,7,0,7,0,Anson,2022-09-03
1,4,0,4,0,Anson,2022-09-08
1,5,0,5,0,Anson,2022-09-20
1,3,0,3,0,Anson,2022-09-26
1,3,0,3,0,Anson,2022-10-13
1,1,0,1,0,Anson,2022-10-14
1,2,0,2,0,Anson,2022-10-24
1,1,0,1,0,Anson,2022-10-25
1,2,0,2,0,Anson,2022-11-15
1,3,0,3,0,Anson,2022-11-17
1,1,0,1,0,Anson,2022-11-19
1,2,0,2,0,Anson,2022-11-23
1,1,0,1,0,Anson,2022-11-24
1,4,0,4,0,Anson,2022-11-30
1,1,0,1,0,Anson,2022-12-03
1,2,0,2,0,Anson,2022-12-10
1,4,0,4,0,Ashe,2022-07-20
1,1,0,1,0,Ashe,2022-08-19
1,6,0,6,0,Ashe,2022-09-20
1,2,0,2,0,Ashe,2022-10-19
1,2,0,2,0,Ashe,2022-11-15
1,3,0,3,0,Ashe,2022-11-28
1,6,0,6,0,Ashe,2022-12-10
1,4,0,4,0,Avery,2022-07-02
1,2,0,2,0,Avery,2022-07-06
1,2,0,2,0,Avery,2022-08-12
1,3,0,3,0,Avery,2022-08-13
1,4,0,4,0,Avery,2022-08-21
1,1,0,1,0,Avery,2022-09-04
1,4,0,4,0,Avery,2022-09-10
1,2,0,2,0,Avery,2022-09-15
1,3,0,3,0,Avery,2022-10-09
1,4,0,4,0,Avery,2022-10-26
1,5,0,5,0,Beaufort,2022-06-19
1,5,0,5,0,Beaufort,2022-07-03
1,5,0,5,0,Beaufort,2022-08-28
1,10,0,10,0,Beaufort,2022-10-01
1,1,0,1,0,Beaufort,2022-10-15
1,5,0,5,0,Beaufort,2022-10-30
1,1,0,1,0,Beaufort,2022-11-06
1,2,0,2,0,Beaufort,2022-11-11
1,2,0,2,0,Beaufort,2022-11-13
1,3,0,3,0,Beaufort,2022-11-25
1,3,0,3,0,Beaufort,2022-11-27
1,4,0,4,0,Beaufort,2022-12-02
1,5,0,5,0,Beaufort,2022-12-05
1,7,0,7,0,Beaufort,2022-12-10
1,3,0,3,0,Bertie,2022-06-18
1,1,0,1,0,Bertie,2022-06-20
1,5,0,5,0,Bertie,2022-07-01
1,3,0,3,0,Bertie,2022-07-02
1,2,0,2,0,Bertie,2022-07-03
1,2,0,2,0,Bertie,2022-07-04
1,6,0,6,0,Bertie,2022-07-08
1,3,0,3,0,Bertie,2022-07-16
1,6,0,6,0,Bertie,2022-07-22
1,9,0,9,0,Bertie,2022-07-27
1,10,0,10,0,Bertie,2022-08-09
1,2,0,2,0,Bertie,2022-08-14
1,4,0,4,0,Bertie,2022-08-20
1,2,0,2,0,Bertie,2022-08-23
1,3,0,3,0,Bertie,2022-09-01
1,4,0,4,0,Bertie,2022-09-02
1,5,0,5,0,Bertie,2022-09-07
1,4,0,4,0,Bertie,2022-09-08
1,4,0,4,0,Bertie,2022-09-23
1,5,0,5,0,Bertie,2022-09-29
1,2,0,2,0,Bertie,2022-10-02
1,1,0,1,0,Bertie,2022-10-14
1,1,0,1,0,Bertie,2022-11-17
1,3,0,3,0,Bertie,2022-11-22
1,3,0,3,0,Bertie,2022-11-23
1,2,0,2,0,Bertie,2022-11-27
1,2,0,2,0,Bertie,2022-11-28
1,3,0,3,0,Bertie,2022-12-02
1,1,0,1,0,Bertie,2022-12-04
1,3,0,3,0,Bladen,2022-06-25
1,4,0,4,0,Bladen,2022-07-30
1,4,0,4,0,Bladen,2022-07-31
1,6,0,6,0,Bladen,2022-08-06
1,6,0,6,0,Bladen,2022-08-07
1,8,0,8,0,Bladen,2022-09-01
1,5,0,5,0,Bladen,2022-09-04
1,3,0,3,0,Bladen,2022-09-24
1,3,0,3,0,Bladen,2022-10-01
1,4,0,4,0,Bladen,2022-10-03
1,6,0,6,0,Bladen,2022-10-07
1,2,0,2,0,Bladen,2022-10-09
1,1,0,1,0,Bladen,2022-10-14
1,5,0,5,0,Bladen,2022-10-24
1,4,0,4,0,Bladen,2022-10-31
1,1,0,1,0,Bladen,2022-11-03
1,3,0,3,0,Bladen,2022-11-05
1,5,0,5,0,Bladen,2022-11-09
1,2,0,2,0,Bladen,2022-11-11
1,5,0,5,0,Bladen,2022-11-17
1,3,0,3,0,Bladen,2022-11-21
1,4,0,4,0,Bladen,2022-12-04
1,15,0,15,0,Burke,2022-06-19
1,6,0,6,0,Burke,2022-11-11
1,9,0,9,0,Burke,2022-11-19
1,12,0,12,0,Caldwell,2022-09-25
1,4,0,4,0,Caldwell,2022-11-13
1,4,0,4,0,Caldwell,2022-11-22
1,1,0,1,0,Camden,2022-06-21
1,6,0,6,0,Camden,2022-06-30
1,1,0,1,0,Camden,2022-07-13
1,1,0,1,0,Camden,2022-07-14
1,2,0,2,0,Camden,2022-07-24
1,1,0,1,0,Camden,2022-09-27
1,1,0,1,0,Camden,2022-11-02
1,1,0,1,0,Camden,2022-11-16
1,1,0,1,0,Carteret,2022-10-29
1,2,0,2,0,Carteret,2022-11-14
1,10,0,10,0,Caswell,2022-06-14
1,4,0,4,0,Caswell,2022-06-26
1,4,0,4,0,Caswell,2022-07-15
1,9,0,9,0,Caswell,2022-07-17
1,8,0,8,0,Caswell,2022-07-25
1,5,0,5,0,Caswell,2022-07-30
1,4,0,4,0,Caswell,2022-07-31
1,4,0,4,0,Caswell,2022-08-11
1,11,0,11,0,Caswell,2022-08-15
1,8,0,8,0,Caswell,2022-08-24
1,4,0,4,0,Caswell,2022-08-25
1,2,0,2,0,Caswell,2022-09-21
1,1,0,1,0,Caswell,2022-10-08
1,2,0,2,0,Caswell,2022-10-10
1,1,0,1,0,Caswell,2022-10-21
1,2,0,2,0,Caswell,2022-11-03
1,1,0,1,0,Caswell,2022-11-08
1,4,0,4,0,Caswell,2022-11-09
1,4,0,4,0,Caswell,2022-11-17
1,3,0,3,0,Caswell,2022-11-21
1,3,0,3,0,Caswell,2022-11-26
1,5,0,5,0,Caswell,2022-12-05
1,1,0,1,0,Caswell,2022-12-06
1,5,0,5,0,Caswell,2022-12-08
1,5,0,5,0,Caswell,2022-12-10
1,6,0,6,0,Catawba,2022-11-12
1,13,0,13,0,Chatham,2022-07-16
1,6,0,6,0,Chatham,2022-09-17
1,13,0,13,0,Chatham,2022-09-18
1,5,0,5,0,Chatham,2022-10-06
1,6,0,6,0,Chatham,2022-10-21
1,9,0,9,0,Chatham,2022-11-11
1,8,0,8,0,Chatham,2022-11-16
1,5,0,5,0,Chatham,2022-12-04
1,2,0,2,0,Cherokee,2022-06-25
1,3,0,3,0,Cherokee,2022-07-10
1,7,0,7,0,Cherokee,2022-07-23
1,5,0,5,0,Cherokee,2022-08-19
1,3,0,3,0,Cherokee,2022-08-20
1,6,0,6,0,Cherokee,2022-08-27
1,9,0,9,0,Cherokee,2022-08-31
1,2,0,2,0,Cherokee,2022-09-18
1,3,0,3,0,Cherokee,2022-09-19
1,6,0,6,0,Cherokee,2022-09-20
1,2,0,2,0,Cherokee,2022-10-23
1,4,0,4,0,Cherokee,2022-10-24
1,1,0,1,0,Cherokee,2022-11-06
1,2,0,2,0,Cherokee,2022-11-18
1,2,0,2,0,Cherokee,2022-12-04
1,5,0,5,0,Chowan,2022-06-16
1,3,0,3,0,Chowan,2022-06-20
1,5,0,5,0,Chowan,2022-06-23
1,10,0,10,0,Chowan,2022-06-27
1,2,0,2,0,Chowan,2022-06-30
1,4,0,4,0,Chowan,2022-07-01
1,2,0,2,0,Chowan,2022-07-03
1,9,0,9,0,Chowan,2022-07-08
1,5,0,5,0,Chowan,2022-07-15
1,2,0,2,0,Chowan,2022-07-17
1,24,0,24,0,Chowan,2022-07-18
1,10,0,10,0,Chowan,2022-07-21
1,6,0,6,0,Chowan,2022-07-22
1,5,0,5,0,Chowan,2022-07-24
1,7,0,7,0,Chowan,2022-08-02
1,6,0,6,0,Chowan,2022-08-03
1,8,0,8,0,Chowan,2022-08-05
1,3,0,3,0,Chowan,2022-08-07
1,7,0,7,0,Chowan,2022-08-10
1,4,0,4,0,Chowan,2022-08-12
1,1,0,1,0,Chowan,2022-08-13
1,2,0,2,0,Chowan,2022-08-22
1,3,0,3,0,Chowan,2022-08-24
1,3,0,3,0,Chowan,2022-08-28
1,3,0,3,0,Chowan,2022-08-31
1,4,0,4,0,Chowan,2022-09-01
1,4,0,4,0,Chowan,2022-09-13
1,6,0,6,0,Chowan,2022-09-14
1,4,0,4,0,Chowan,2022-09-22
1,4,0,4,0,Chowan,2022-09-26
1,2,0,2,0,Chowan,2022-09-28
1,3,0,3,0,Chowan,2022-10-02
1,2,0,2,0,Chowan,2022-10-07
1,2,0,2,0,Chowan,2022-10-12
1,1,0,1,0,Chowan,2022-10-16
1,1,0,1,0,Chowan,2022-10-21
1,1,0,1,0,Chowan,2022-10-24
1,2,0,2,0,Chowan,2022-11-07
1,5,0,5,0,Chowan,2022-11-11
1,2,0,2,0,Chowan,2022-11-21
1,1,0,1,0,Chowan,2022-11-23
1,5,0,5,0,Chowan,2022-11-28
1,4,0,4,0,Chowan,2022-11-29
1,1,0,1,0,Chowan,2022-12-02
1,2,0,2,0,Clay,2022-06-16
1,2,0,2,0,Clay,2022-06-25
1,6,0,6,0,Clay,2022-07-07
1,2,0,2,0,Clay,2022-07-09
1,4,0,4,0,Clay,2022-07-15
1,5,0,5,0,Clay,2022-07-29
1,7,0,7,0,Clay,2022-08-04
1,7,0,7,0,Clay,2022-08-13
1,2,0,2,0,Clay,2022-08-14
1,2,0,2,0,Clay,2022-08-22
1,6,0,6,0,Clay,2022-08-24
1,4,0,4,0,Clay,2022-08-30
1,6,0,6,0,Clay,2022-09-06
1,2,0,2,0,Clay,2022-09-09
1,1,0,1,0,Clay,2022-09-18
1,1,0,1,0,Clay,2022-10-11
1,1,0,1,0,Clay,2022-10-30
1,2,0,2,0,Clay,2022-11-14
1,5,0,5,0,Cleveland,2022-09-25
1,2,0,2,0,Cleveland,2022-10-15
1,6,0,6,0,Cleveland,2022-10-28
1,2,0,2,0,Columbus,2022-09-30
1,2,0,2,0,Columbus,2022-10-11
1,1,0,1,0,Columbus,2022-10-29
1,5,0,5,0,Columbus,2022-11-12
1,5,0,5,0,Columbus,2022-11-18
1,2,0,2,0,Columbus,2022-11-23
1,2,0,2,0,Columbus,2022-11-24
1,6,0,6,0,Columbus,2022-11-27
1,2,0,2,0,Columbus,2022-12-04
1,4,0,4,0,Craven,2022-10-15
1,3,0,3,0,Craven,2022-11-26
1,10,0,10,0,Craven,2022-12-09
1,6,0,6,0,Currituck,2022-06-14
1,5,0,5,0,Currituck,2022-06-24
1,6,0,6,0,Currituck,2022-07-21
1,5,0,5,0,Currituck,2022-07-27
1,2,0,2,0,Currituck,2022-08-02
1,3,0,3,0,Currituck,2022-08-19
1,4,0,4,0,Currituck,2022-08-20
1,3,0,3,0,Currituck,2022-08-30
1,3,0,3,0,Currituck,2022-09-09
1,1,0,1,0,Currituck,2022-09-20
1,2,0,2,0,Currituck,2022-09-22
1,4,0,4,0,Currituck,2022-09-23
1,4,0,4,0,Currituck,2022-10-20
1,3,0,3,0,Currituck,2022-11-07
1,1,0,1,0,Currituck,2022-11-12
1,5,0,5,0,Currituck,2022-11-18
1,1,0,1,0,Currituck,2022-11-22
1,1,0,1,0,Currituck,2022-11-26
1,4,0,4,0,Currituck,2022-11-27
1,3,0,3,0,Currituck,2022-12-08
1,15,0,15,0,Dare,2022-06-17
1,6,0,6,0,Dare,2022-06-18
1,5,0,5,0,Dare,2022-06-23
1,5,0,5,0,Dare,2022-06-24
1,13,0,13,0,Dare,2022-06-26
1,17,0,17,0,Dare,2022-06-28
1,14,0,14,0,Dare,2022-07-03
1,9,0,9,0,Dare,2022-07-04
1,16,0,16,0,Dare,2022-07-10
1,11,0,11,0,Dare,2022-07-14
1,13,0,13,0,Dare,2022-07-20
1,11,0,11,0,Dare,2022-07-30
1,7,0,7,0,Dare,2022-08-02
1,5,0,5,0,Dare,2022-08-07
1,7,0,7,0,Dare,2022-08-09
1,8,0,8,0,Dare,2022-08-18
1,5,0,5,0,Dare,2022-08-21
1,6,0,6,0,Dare,2022-08-22
1,4,0,4,0,Dare,2022-08-23
1,8,0,8,0,Dare,2022-08-24
1,12,0,12,0,Dare,2022-08-29
1,6,0,6,0,Dare,2022-09-01
1,8,0,8,0,Dare,2022-09-12
1,4,0,4,0,Dare,2022-09-13
1,4,0,4,0,Dare,2022-09-17
1,9,0,9,0,Dare,2022-09-18
1,4,0,4,0,Dare,2022-09-19
1,2,0,2,0,Dare,2022-09-23
1,5,0,5,0,Dare,2022-09-27
1,2,0,2,0,Dare,2022-10-02
1,7,0,7,0,Dare,2022-10-05
1,2,0,2,0,Dare,2022-10-09
1,3,0,3,0,Dare,2022-10-13
1,7,0,7,0,Dare,2022-10-20
1,2,0,2,0,Dare,2022-10-23
1,12,0,12,0,Dare,2022-10-27
1,7,0,7,0,Dare,2022-10-31
1,5,0,5,0,Dare,2022-11-02
1,5,0,5,0,Dare,2022-11-07
1,4,0,4,0,Dare,2022-11-09
1,4,0,4,0,Dare,2022-11-11
1,4,0,4,0,Dare,2022-11-16
1,5,0,5,0,Dare,2022-11-19
1,2,0,2,0,Dare,2022-11-20
1,1,0,1,0,Dare,2022-11-23
1,8,0,8,0,Dare,2022-11-27
1,7,0,7,0,Dare,2022-11-28
1,2,0,2,0,Dare,2022-12-01
1,3,0,3,0,Dare,2022-12-04
1,2,0,2,0,Dare,2022-12-09
1,12,0,12,0,Davidson,2022-10-29
1,7,0,7,0,Davidson,2022-11-13
1,3,0,3,0,Davie,2022-09-30
1,3,0,3,0,Davie,2022-10-15
1,1,0,1,0,Davie,2022-10-26
1,2,0,2,0,Davie,2022-11-10
1,2,0,2,0,Davie,2022-11-12
1,2,0,2,0,Davie,2022-11-24
1,5,0,5,0,Duplin,2022-06-19
1,8,0,8,0,Duplin,2022-09-10
1,3,0,3,0,Duplin,2022-10-02
1,4,0,4,0,Duplin,2022-10-09
1,2,0,2,0,Duplin,2022-10-16
1,2,0,2,0,Duplin,2022-10-22
1,5,0,5,0,Duplin,2022-11-09
1,20,0,20,0,Durham,2022-10-30
1,6,0,6,0,Edgecombe,2022-08-21
1,9,0,9,0,Edgecombe,2022-09-18
1,6,0,6,0,Edgecombe,2022-09-25
1,5,0,5,0,Edgecombe,2022-10-20
1,4,0,4,0,Edgecombe,2022-10-21
1,3,0,3,0,Edgecombe,2022-10-27
1,3,0,3,0,Edgecombe,2022-10-31
1,1,0,1,0,Edgecombe,2022-11-07
1,3,0,3,0,Edgecombe,2022-11-10
1,2,0,2,0,Edgecombe,2022-11-11
1,1,0,1,0,Edgecombe,2022-11-16
1,1,0,1,0,Edgecombe,2022-11-20
1,1,0,1,0,Edgecombe,2022-11-24
1,4,0,4,0,Edgecombe,2022-11-30
1,2,0,2,0,Edgecombe,2022-12-03
1,7,0,7,0,Franklin,2022-09-30
1,6,0,6,0,Franklin,2022-11-20
1,2,0,2,0,Gates,2022-06-15
1,2,0,2,0,Gates,2022-06-22
1,2,0,2,0,Gates,2022-07-09
1,2,0,2,0,Gates,2022-07-20
1,3,0,3,0,Gates,2022-07-25
1,3,0,3,0,Gates,2022-07-30
1,4,0,4,0,Gates,2022-08-01
1,5,0,5,0,Gates,2022-08-13
1,1,0,1,0,Gates,2022-09-19
1,2,0,2,0,Gates,2022-09-20
1,3,0,3,0,Graham,2022-07-02
1,11,0,11,0,Graham,2022-07-04
1,9,0,9,0,Graham,2022-07-06
1,3,0,3,0,Graham,2022-07-09
1,3,0,3,0,Graham,2022-07-17
1,2,0,2,0,Graham,2022-08-19
1,1,0,1,0,Graham,2022-08-20
1,1,0,1,0,Graham,2022-09-03
1,1,0,1,0,Graham,2022-10-09
1,1,0,1,0,Graham,2022-11-16
1,9,0,9,0,Granville,2022-07-16
1,3,0,3,0,Granville,2022-10-08
1,13,0,13,0,Granville,2022-11-03
1,4,0,4,0,Granville,2022-11-04
1,5,0,5,0,Granville,2022-11-10
1,6,0,6,0,Granville,2022-11-15
1,1,0,1,0,Greene,2022-07-10
1,1,0,1,0,Greene,2022-07-16
1,7,0,7,0,Greene,2022-08-07
1,8,0,8,0,Greene,2022-08-10
1,4,0,4,0,Greene,2022-08-16
1,8,0,8,0,Greene,2022-08-25
1,2,0,2,0,Greene,2022-08-26
1,3,0,3,0,Greene,2022-09-05
1,2,0,2,0,Greene,2022-09-11
1,3,0,3,0,Greene,2022-10-05
1,6,0,6,0,Greene,2022-10-13
1,1,0,1,0,Greene,2022-10-21
1,3,0,3,0,Greene,2022-10-26
1,6,0,6,0,Greene,2022-10-31
1,3,0,3,0,Greene,2022-11-21
1,3,0,3,0,Greene,2022-11-28
1,1,0,1,0,Greene,2022-11-29
1,3,0,3,0,Greene,2022-11-30
1,3,0,3,0,Greene,2022-12-05
1,4,0,4,0,Greene,2022-12-10
1,4,0,4,0,Halifax,2022-09-18
1,5,0,5,0,Halifax,2022-10-02
1,3,0,3,0,Halifax,2022-10-16
1,5,0,5,0,Halifax,2022-11-16
1,3,0,3,0,Harnett,2022-10-15
1,3,0,3,0,Harnett,2022-11-12
1,3,0,3,0,Haywood,2022-12-02
1,8,0,8,0,Hertford,2022-06-14
1,5,0,5,0,Hertford,2022-07-01
1,6,0,6,0,Hertford,2022-08-13
1,4,0,4,0,Hertford,2022-09-16
1,3,0,3,0,Hertford,2022-10-10
1,1,0,1,0,Hertford,2022-10-30
1,2,0,2,0,Hertford,2022-11-20
1,1,0,1,0,Hertford,2022-11-30
1,1,0,1,0,Hertford,2022-12-04
1,8,0,8,0,Hoke,2022-09-24
1,5,0,5,0,Hoke,2022-09-25
1,9,0,9,0,Hoke,2022-10-11
1,1,0,1,0,Hoke,2022-10-29
1,2,0,2,0,Hoke,2022-11-05
1,3,0,3,0,Hoke,2022-11-06
1,2,0,2,0,Hoke,2022-11-19
1,3,0,3,0,Hoke,2022-11-27
1,3,0,3,0,Hoke,2022-12-04
1,2,0,2,0,Hyde,2022-06-21
1,3,0,3,0,Hyde,2022-06-22
1,2,0,2,0,Hyde,2022-06-30
1,2,0,2,0,Hyde,2022-07-06
1,5,0,5,0,Hyde,2022-07-11
1,3,0,3,0,Hyde,2022-07-13
1,4,0,4,0,Hyde,2022-07-28
1,3,0,3,0,Hyde,2022-08-09
1,4,0,4,0,Hyde,2022-08-12
1,2,0,2,0,Hyde,2022-08-14
1,7,0,7,0,Hyde,2022-08-29
1,5,0,5,0,Hyde,2022-09-02
1,2,0,2,0,Hyde,2022-09-15
1,2,0,2,0,Hyde,2022-10-12
1,2,0,2,0,Hyde,2022-10-24
1,2,0,2,0,Hyde,2022-10-28
1,1,0,1,0,Hyde,2022-11-01
1,1,0,1,0,Hyde,2022-11-05
1,1,0,1,0,Hyde,2022-12-02
1,10,0,10,0,Jackson,2022-07-02
1,4,0,4,0,Jackson,2022-10-17
1,3,0,3,0,Jackson,2022-10-18
1,3,0,3,0,Jackson,2022-11-12
1,2,0,2,0,Jackson,2022-12-09
1,12,0,12,0,Johnston,2022-10-22
1,3,0,3,0,Jones,2022-08-06
1,5,0,5,0,Jones,2022-08-11
1,2,0,2,0,Jones,2022-08-21
1,1,0,1,0,Jones,2022-09-12
1,5,0,5,0,Jones,2022-09-15
1,3,0,3,0,Jones,2022-09-17
1,4,0,4,0,Jones,2022-09-27
1,4,0,4,0,Lee,2022-10-13
1,4,0,4,0,Lee,2022-11-03
1,3,0,3,0,Lee,2022-11-12
1,5,0,5,0,Lee,2022-11-18
1,2,0,2,0,Lee,2022-11-22
1,1,0,1,0,Lenoir,2022-10-09
1,1,0,1,0,Lenoir,2022-10-22
1,4,0,4,0,Lenoir,2022-10-26
1,5,0,5,0,Lenoir,2022-10-29
1,2,0,2,0,Lenoir,2022-11-06
1,4,0,4,0,Lenoir,2022-11-08
1,2,0,2,0,Lenoir,2022-11-19
1,5,0,5,0,Lenoir,2022-11-26
1,9,0,9,0,Lincoln,2022-08-25
1,2,0,2,0,Lincoln,2022-10-16
1,4,0,4,0,Lincoln,2022-11-09
1,3,0,3,0,Lincoln,2022-11-16
1,8,0,8,0,Lincoln,2022-11-27
1,7,0,7,0,Macon,2022-06-16
1,12,0,12,0,Macon,2022-06-20
1,3,0,3,0,Macon,2022-07-03
1,6,0,6,0,Macon,2022-08-12
1,2,0,2,0,Macon,2022-08-26
1,6,0,6,0,Macon,2022-08-28
1,2,0,2,0,Macon,2022-09-17
1,4,0,4,0,Macon,2022-10-27
1,3,0,3,0,Macon,2022-11-10
1,1,0,1,0,Macon,2022-11-12
1,5,0,5,0,Macon,2022-11-14
1,3,0,3,0,Macon,2022-12-01
1,4,0,4,0,Macon,2022-12-10
1,2,0,2,0,Madison,2022-06-24
1,4,0,4,0,Madison,2022-07-10
1,2,0,2,0,Madison,2022-09-25
1,4,0,4,0,Madison,2022-09-26
1,4,0,4,0,Madison,2022-09-28
1,6,0,6,0,Madison,2022-09-30
1,3,0,3,0,Madison,2022-10-17
1,2,0,2,0,Madison,2022-11-19
1,1,0,1,0,Madison,2022-11-23
1,3,0,3,0,Martin,2022-06-26
1,3,0,3,0,Martin,2022-07-02
1,9,0,9,0,Martin,2022-07-22
1,6,0,6,0,Martin,2022-08-05
1,4,0,4,0,Martin,2022-08-13
1,5,0,5,0,Martin,2022-08-21
1,3,0,3,0,Martin,2022-09-05
1,2,0,2,0,Martin,2022-09-10
1,2,0,2,0,Martin,2022-09-11
1,3,0,3,0,Martin,2022-09-12
1,5,0,5,0,Martin,2022-09-21
1,3,0,3,0,Martin,2022-10-03
1,1,0,1,0,Martin,2022-10-10
1,2,0,2,0,Martin,2022-10-13
1,2,0,2,0,Martin,2022-10-15
1,5,0,5,0,Martin,2022-10-19
1,1,0,1,0,Martin,2022-10-22
1,7,0,7,0,Martin,2022-11-02
1,3,0,3,0,Martin,2022-11-04
1,3,0,3,0,Martin,2022-11-05
1,2,0,2,0,Martin,2022-11-15
1,1,0,1,0,Martin,2022-11-16
1,3,0,3,0,Martin,2022-11-29
1,1,0,1,0,Martin,2022-12-09
1,5,0,5,0,McDowell,2022-06-26
1,8,0,8,0,McDowell,2022-08-13
1,8,0,8,0,McDowell,2022-08-20
1,7,0,7,0,McDowell,2022-08-28
1,11,0,11,0,McDowell,2022-09-09
1,5,0,5,0,McDowell,2022-09-28
1,5,0,5,0,McDowell,2022-10-02
1,4,0,4,0,McDowell,2022-10-10
1,5,0,5,0,McDowell,2022-10-21
1,4,0,4,0,McDowell,2022-10-26
1,6,0,6,0,McDowell,2022-10-29
1,3,0,3,0,McDowell,2022-11-11
1,5,0,5,0,McDowell,2022-11-26
1,4,0,4,0,Mitchell,2022-07-27
1,4,0,4,0,Mitchell,2022-08-17
1,3,0,3,0,Mitchell,2022-09-02
1,1,0,1,0,Mitchell,2022-10-01
1,1,0,1,0,Mitchell,2022-10-09
1,2,0,2,0,Mitchell,2022-10-16
1,4,0,4,0,Montgomery,2022-06-27
1,1,0,1,0,Montgomery,2022-07-03
1,6,0,6,0,Montgomery,2022-07-16
1,3,0,3,0,Montgomery,2022-10-09
1,3,0,3,0,Montgomery,2022-10-19
1,1,0,1,0,Montgomery,2022-10-22
1,2,0,2,0,Montgomery,2022-11-07
1,3,0,3,0,Montgomery,2022-11-28
1,4,0,4,0,Moore,2022-11-13
1,2,0,2,0,Nash,2022-10-16
1,6,0,6,0,Nash,2022-10-23
1,8,0,8,0,Nash,2022-11-27
1,10,0,10,0,Nash,2022-11-29
1,4,0,4,0,New Hanover,2022-11-13
1,10,0,10,0,New Hanover,2022-11-18
1,7,0,7,0,Northampton,2022-06-21
1,4,0,4,0,Northampton,2022-07-24
1,3,0,3,0,Northampton,2022-08-06
1,2,0,2,0,Northampton,2022-08-19
1,3,0,3,0,Northampton,2022-08-24
1,1,0,1,0,Northampton,2022-10-04
1,5,0,5,0,Northampton,2022-10-16
1,2,0,2,0,Northampton,2022-10-24
1,9,0,9,0,Northampton,2022-10-26
1,3,0,3,0,Northampton,2022-10-30
1,2,0,2,0,Northampton,2022-11-06
1,2,0,2,0,Northampton,2022-11-09
1,2,0,2,0,Northampton,2022-11-15
1,2,0,2,0,Northampton,2022-11-17
1,2,0,2,0,Northampton,2022-11-25
1,8,0,8,0,Onslow,2022-10-08
1,29,0,29,0,Orange,2022-08-06
1,47,0,47,0,Orange,2022-08-19
1,20,0,20,0,Orange,2022-09-03
1,14,0,14,0,Orange,2022-09-11
1,19,0,19,0,Orange,2022-10-24
1,12,0,12,0,Orange,2022-11-11
1,8,0,8,0,Orange,2022-11-17
1,16,0,16,0,Orange,2022-11-22
1,5,0,5,0,Pamlico,2022-06-29
1,3,0,3,0,Pamlico,2022-07-16
1,2,0,2,0,Pamlico,2022-07-31
1,4,0,4,0,Pamlico,2022-08-06
1,3,0,3,0,Pamlico,2022-09-18
1,4,0,4,0,Pamlico,2022-09-19
1,1,0,1,0,Pamlico,2022-09-20
1,1,0,1,0,Pamlico,2022-10-14
1,4,0,4,0,Pamlico,2022-10-20
1,1,0,1,0,Pamlico,2022-10-23
1,1,0,1,0,Pamlico,2022-10-28
1,2,0,2,0,Pamlico,2022-11-07
1,1,0,1,0,Pamlico,2022-11-16
1,2,0,2,0,Pamlico,2022-11-17
1,2,0,2,0,Pasquotank,2022-06-19
1,5,0,5,0,Pasquotank,2022-09-15
1,3,0,3,0,Pasquotank,2022-10-01
1,3,0,3,0,Pasquotank,2022-11-08
1,4,0,4,0,Pasquotank,2022-11-11
1,19,0,19,0,Pender,2022-09-08
1,2,0,2,0,Pender,2022-10-11
1,4,0,4,0,Pender,2022-10-26
1,3,0,3,0,Pender,2022-10-27
1,5,0,5,0,Pender,2022-11-14
1,1,0,1,0,Pender,2022-11-17
1,2,0,2,0,Pender,2022-11-19
1,4,0,4,0,Pender,2022-11-22
1,1,0,1,0,Pender,2022-11-24
1,3,0,3,0,Pender,2022-11-27
1,4,0,4,0,Pender,2022-11-28
1,6,0,6,0,Pender,2022-11-29
1,7,0,7,0,Pender,2022-12-06
1,1,0,1,0,Perquimans,2022-06-26
1,3,0,3,0,Perquimans,2022-07-07
1,1,0,1,0,Perquimans,2022-07-23
1,5,0,5,0,Perquimans,2022-07-24
1,1,0,1,0,Perquimans,2022-08-11
1,1,0,1,0,Perquimans,2022-08-20
1,2,0,2,0,Perquimans,2022-08-30
1,3,0,3,0,Perquimans,2022-09-28
1,1,0,1,0,Perquimans,2022-10-07
1,1,0,1,0,Perquimans,2022-10-18
1,1,0,1,0,Perquimans,2022-10-24
1,3,0,3,0,Perquimans,2022-11-05
1,2,0,2,0,Perquimans,2022-11-10
1,1,0,1,0,Perquimans,2022-11-21
1,3,0,3,0,Perquimans,2022-11-28
1,3,0,3,0,Perquimans,2022-12-06
1,8,0,8,0,Person,2022-08-14
1,15,0,15,0,Person,2022-08-22
1,15,0,15,0,Person,2022-08-23
1,3,0,3,0,Person,2022-10-06
1,8,0,8,0,Person,2022-10-17
1,4,0,4,0,Person,2022-10-19
1,4,0,4,0,Person,2022-10-31
1,1,0,1,0,Person,2022-11-08
1,1,0,1,0,Person,2022-11-12
1,2,0,2,0,Person,2022-11-15
1,2,0,2,0,Person,2022-11-17
1,3,0,3,0,Person,2022-11-22
1,2,0,2,0,Person,2022-12-08
1,3,0,3,0,Pitt,2022-11-24
1,8,0,8,0,Pitt,2022-12-03
1,3,0,3,0,Pitt,2022-12-10
1,2,0,2,0,Polk,2022-08-08
1,3,0,3,0,Polk,2022-08-27
1,1,0,1,0,Polk,2022-10-13
1,1,0,1,0,Polk,2022-11-07
1,4,0,4,0,Randolph,2022-11-06
1,6,0,6,0,Randolph,2022-11-24
1,5,0,5,0,Richmond,2022-09-11
1,4,0,4,0,Richmond,2022-10-03
1,5,0,5,0,Richmond,2022-10-19
1,5,0,5,0,Richmond,2022-11-02
1,1,0,1,0,Richmond,2022-11-19
1,2,0,2,0,Richmond,2022-12-01
1,6,0,6,0,Robeson,2022-11-13
1,2,0,2,0,Robeson,2022-11-24
1,17,0,17,0,Rockingham,2022-07-14
1,10,0,10,0,Rockingham,2022-07-17
1,9,0,9,0,Rockingham,2022-10-14
1,5,0,5,0,Rockingham,2022-10-16
1,8,0,8,0,Rockingham,2022-10-20
1,3,0,3,0,Rockingham,2022-11-20
1,8,0,8,0,Rowan,2022-10-23
1,8,0,8,0,Rowan,2022-11-12
1,6,0,6,0,Rowan,2022-11-19
1,13,0,13,0,Rutherford,2022-07-17
1,15,0,15,0,Rutherford,2022-08-27
1,10,0,10,0,Rutherford,2022-09-28
1,6,0,6,0,Rutherford,2022-10-28
1,2,0,2,0,Scotland,2022-11-07
1,2,0,2,0,Scotland,2022-11-09
1,1,0,1,0,Scotland,2022-11-11
1,6,0,6,0,Stanly,2022-06-18
1,15,0,15,0,Stanly,2022-06-19
1,5,0,5,0,Stanly,2022-08-14
1,13,0,13,0,Stanly,2022-08-21
1,4,0,4,0,Stanly,2022-09-30
1,4,0,4,0,Stanly,2022-10-16
1,4,0,4,0,Stanly,2022-10-21
1,10,0,10,0,Stanly,2022-11-03
1,6,0,6,0,Stanly,2022-11-06
1,4,0,4,0,Stanly,2022-11-12
1,6,0,6,0,Stanly,2022-11-17
1,8,0,8,0,Stanly,2022-11-25
1,6,0,6,0,Stanly,2022-11-29
1,16,0,16,0,Stanly,2022-11-30
1,9,0,9,0,Stokes,2022-07-10
1,5,0,5,0,Stokes,2022-09-25
1,4,0,4,0,Stokes,2022-10-20
1,5,0,5,0,Stokes,2022-10-28
1,5,0,5,0,Stokes,2022-10-29
1,5,0,5,0,Surry,2022-10-02
1,7,0,7,0,Surry,2022-10-23
1,5,0,5,0,Surry,2022-11-05
1,4,0,4,0,Surry,2022-11-12
1,9,0,9,0,Surry,2022-11-13
1,2,0,2,0,Surry,2022-11-27
1,2,0,2,0,Swain,2022-09-02
1,6,0,6,0,Swain,2022-09-06
1,2,0,2,0,Swain,2022-09-11
1,2,0,2,0,Swain,2022-09-27
1,1,0,1,0,Swain,2022-09-28
1,3,0,3,0,Swain,2022-10-01
1,3,0,3,0,Swain,2022-11-25
1,4,0,4,0,Swain,2022-11-26
1,10,0,10,0,Transylvania,2022-08-24
1,6,0,6,0,Transylvania,2022-10-24
1,3,0,3,0,Transylvania,2022-11-01
1,2,0,2,0,Transylvania,2022-11-22
1,5,0,5,0,Transylvania,2022-11-29
1,4,0,4,0,Transylvania,2022-12-03
1,3,0,3,0,Transylvania,2022-12-06
1,2,0,2,0,Tyrrell,2022-06-21
1,1,0,1,0,Tyrrell,2022-07-09
1,3,0,3,0,Tyrrell,2022-07-19
1,2,0,2,0,Tyrrell,2022-07-20
1,2,0,2,0,Tyrrell,2022-08-17
1,3,0,3,0,Tyrrell,2022-08-29
1,2,0,2,0,Tyrrell,2022-08-30
1,3,0,3,0,Tyrrell,2022-09-09
1,1,0,1,0,Tyrrell,2022-09-12
1,1,0,1,0,Tyrrell,2022-10-13
1,1,0,1,0,Tyrrell,2022-10-20
1,1,0,1,0,Tyrrell,2022-11-02
1,3,0,3,0,Vance,2022-10-01
1,6,0,6,0,Vance,2022-10-02
1,4,0,4,0,Vance,2022-10-13
1,4,0,4,0,Vance,2022-10-22
1,5,0,5,0,Vance,2022-10-29
1,2,0,2,0,Vance,2022-11-15
1,4,0,4,0,Vance,2022-11-28
1,3,0,3,0,Warren,2022-06-16
1,2,0,2,0,Warren,2022-06-25
1,3,0,3,0,Warren,2022-07-03
1,3,0,3,0,Warren,2022-08-13
1,3,0,3,0,Warren,2022-08-23
1,2,0,2,0,Warren,2022-09-03
1,2,0,2,0,Warren,2022-09-25
1,3,0,3,0,Warren,2022-10-08
1,1,0,1,0,Warren,2022-10-22
1,3,0,3,0,Warren,2022-10-28
1,2,0,2,0,Warren,2022-10-31
1,3,0,3,0,Warren,2022-11-02
1,1,0,1,0,Warren,2022-11-07
1,5,0,5,0,Warren,2022-11-14
1,1,0,1,0,Warren,2022-11-19
1,3,0,3,0,Washington,2022-07-01
1,7,0,7,0,Washington,2022-07-06
1,1,0,1,0,Washington,2022-07-09
1,6,0,6,0,Washington,2022-07-19
1,4,0,4,0,Washington,2022-07-31
1,2,0,2,0,Washington,2022-08-08
1,4,0,4,0,Washington,2022-08-16
1,4,0,4,0,Washington,2022-08-23
1,5,0,5,0,Washington,2022-08-30
1,2,0,2,0,Washington,2022-09-09
1,3,0,3,0,Washington,2022-09-10
1,1,0,1,0,Washington,2022-10-10
1,2,0,2,0,Washington,2022-10-12
1,2,0,2,0,Washington,2022-10-24
1,1,0,1,0,Washington,2022-11-06
1,1,0,1,0,Washington,2022-11-23
1,1,0,1,0,Washington,2022-11-26
1,1,0,1,0,Washington,2022-11-27
1,1,0,1,0,Washington,2022-12-03
1,2,0,2,0,Washington,2022-12-06
1,2,0,2,0,Washington,2022-12-07
1,6,0,6,0,Watauga,2022-07-03
1,10,0,10,0,Watauga,2022-07-13
1,4,0,4,0,Watauga,2022-10-02
1,4,0,4,0,Watauga,2022-10-14
1,4,0,4,0,Watauga,2022-10-15
1,7,0,7,0,Watauga,2022-11-07
1,15,0,15,0,Yadkin,2022-08-18
1,3,0,3,0,Yadkin,2022-09-30
1,4,0,4,0,Yadkin,2022-10-12
1,12,0,12,0,Yadkin,2022-10-25
1,3,0,3,0,Yadkin,2022-11-02
1,3,0,3,0,Yadkin,2022-11-04
1,4,0,4,0,Yadkin,2022-11-12
1,4,0,4,0,Yancey,2022-07-07
1,5,0,5,0,Yancey,2022-07-16
1,7,0,7,0,Yancey,2022-08-18
1,2,0,2,0,Yancey,2022-08-21
1,4,0,4,0,Yancey,2022-08-24
1,4,0,4,0,Yancey,2022-09-26
1,2,0,2,0,Yancey,2022-10-17
1,3,0,3,0,Yancey,2022-10-18
1,4,0,4,0,Yancey,2022-10-19
1,1,0,1,0,Yancey,2022-11-17
1,2,0,2,0,Yancey,2022-11-18
1,1,0,1,0,Yancey,2022-11-24
2,8,0,8,0,Alexander,2022-07-17
2,2,0,2,0,Alexander,2022-11-11
2,3,0,3,0,Alleghany,2022-08-22
2,5,0,5,0,Anson,2022-06-25
2,7,0,7,0,Anson,2022-07-09
2,6,0,6,0,Anson,2022-07-24
2,9,0,9,0,Anson,2022-07-31
2,5,0,5,0,Anson,2022-08-04
2,11,0,11,0,Anson,2022-08-08
2,12,0,12,0,Anson,2022-08-16
2,6,0,6,0,Anson,2022-08-20
2,6,0,6,0,Anson,2022-08-27
2,3,0,3,0,Anson,2022-11-01
2,4,0,4,0,Anson,2022-12-05
2,3,0,3,0,Ashe,2022-07-09
2,3,0,3,0,Avery,2022-08-15
2,4,0,4,0,Avery,2022-09-12
2,3,0,3,0,Avery,2022-11-29
2,9,0,9,0,Beaufort,2022-09-18
2,6,0,6,0,Beaufort,2022-10-23
2,3,0,3,0,Beaufort,2022-11-09
2,5,0,5,0,Bertie,2022-06-14
2,11,0,11,0,Bertie,2022-07-18
2,6,0,6,0,Bertie,2022-08-07
2,4,0,4,0,Bertie,2022-08-16
2,3,0,3,0,Bertie,2022-09-09
2,8,0,8,0,Bertie,2022-09-14
2,3,0,3,0,Bertie,2022-09-16
2,4,0,4,0,Bertie,2022-09-17
2,5,0,5,0,Bertie,2022-09-26
2,3,0,3,0,Bertie,2022-09-30
2,4,0,4,0,Bertie,2022-11-16
2,5,0,5,0,Bertie,2022-11-21
2,6,0,6,0,Bertie,2022-12-05
2,8,0,8,0,Bladen,2022-08-26
2,5,0,5,0,Bladen,2022-09-10
2,5,0,5,0,Bladen,2022-10-19
2,6,0,6,0,Bladen,2022-10-28
2,8,0,8,0,Bladen,2022-11-07
2,5,0,5,0,Bladen,2022-12-01
2,6,0,6,0,Bladen,2022-12-09
2,14,0,14,0,Brunswick,2022-08-20
2,9,0,9,0,Brunswick,2022-11-06
2,14,0,14,0,Burke,2022-06-26
2,23,0,23,0,Burke,2022-07-09
2,15,0,15,0,Burke,2022-08-28
2,10,0,10,0,Cabarrus,2022-11-11
2,14,0,14,0,Caldwell,2022-10-13
2,11,0,11,0,Caldwell,2022-11-26
2,8,0,8,0,Caldwell,2022-12-03
2,5,0,5,0,Caswell,2022-06-27
2,5,0,5,0,Caswell,2022-07-13
2,6,0,6,0,Caswell,2022-08-03
2,8,0,8,0,Caswell,2022-08-18
2,3,0,3,0,Caswell,2022-09-05
2,4,0,4,0,Caswell,2022-09-22
2,7,0,7,0,Caswell,2022-09-26
2,3,0,3,0,Caswell,2022-11-23
2,5,0,5,0,Caswell,2022-11-28
2,4,0,4,0,Caswell,2022-11-30
2,15,0,15,0,Cherokee,2022-07-27
2,10,0,10,0,Cherokee,2022-07-31
2,8,0,8,0,Cherokee,2022-08-07
2,7,0,7,0,Cherokee,2022-08-13
2,4,0,4,0,Cherokee,2022-09-17
2,15,0,15,0,Chowan,2022-07-11
2,21,0,21,0,Chowan,2022-07-20
2,3,0,3,0,Chowan,2022-07-29
2,4,0,4,0,Chowan,2022-09-23
2,5,0,5,0,Chowan,2022-09-27
2,3,0,3,0,Chowan,2022-10-14
2,2,0,2,0,Chowan,2022-11-26
2,6,0,6,0,Chowan,2022-11-30
2,4,0,4,0,Chowan,2022-12-08
2,12,0,12,0,Clay,2022-07-21
2,4,0,4,0,Clay,2022-08-16
2,18,0,18,0,Cleveland,2022-07-09
2,8,0,8,0,Cleveland,2022-11-17
2,7,0,7,0,Cleveland,2022-12-02
2,12,0,12,0,Craven,2022-08-27
2,9,0,9,0,Craven,2022-11-09
2,8,0,8,0,Currituck,2022-06-17
2,9,0,9,0,Currituck,2022-07-06
2,2,0,2,0,Currituck,2022-08-13
2,4,0,4,0,Currituck,2022-09-03
2,15,0,15,0,Dare,2022-06-15
2,10,0,10,0,Dare,2022-06-19
2,10,0,10,0,Dare,2022-06-25
2,13,0,13,0,Dare,2022-06-29
2,14,0,14,0,Dare,2022-07-01
2,13,0,13,0,Dare,2022-07-07
2,10,0,10,0,Dare,2022-07-21
2,11,0,11,0,Dare,2022-07-24
2,11,0,11,0,Dare,2022-08-03
2,14,0,14,0,Dare,2022-08-04
2,17,0,17,0,Dare,2022-08-10
2,19,0,19,0,Dare,2022-08-12
2,10,0,10,0,Dare,2022-08-13
2,13,0,13,0,Dare,2022-08-16
2,7,0,7,0,Dare,2022-09-11
2,6,0,6,0,Dare,2022-09-14
2,4,0,4,0,Dare,2022-10-21
2,7,0,7,0,Dare,2022-11-04
2,5,0,5,0,Dare,2022-11-08
2,3,0,3,0,Dare,2022-11-30
2,4,0,4,0,Dare,2022-12-10
2,4,0,4,0,Davie,2022-11-11
2,2,0,2,0,Davie,2022-12-03
2,9,0,9,0,Duplin,2022-06-25
2,10,0,10,0,Duplin,2022-07-17
2,9,0,9,0,Duplin,2022-08-21
2,15,0,15,0,Durham,2022-10-16
2,14,0,14,0,Edgecombe,2022-07-01
2,8,0,8,0,Edgecombe,2022-07-02
2,11,0,11,0,Edgecombe,2022-07-06
2,4,0,4,0,Edgecombe,2022-10-17
2,3,0,3,0,Edgecombe,2022-10-22
2,5,0,5,0,Edgecombe,2022-11-22
2,4,0,4,0,Edgecombe,2022-12-01
2,11,0,11,0,Franklin,2022-09-28
2,2,0,2,0,Gates,2022-07-31
2,2,0,2,0,Gates,2022-08-09
2,3,0,3,0,Graham,2022-07-03
2,8,0,8,0,Granville,2022-08-13
2,10,0,10,0,Granville,2022-08-21
2,15,0,15,0,Granville,2022-09-01
2,11,0,11,0,Granville,2022-09-30
2,6,0,6,0,Granville,2022-10-05
2,10,0,10,0,Granville,2022-10-14
2,7,0,7,0,Granville,2022-10-20
2,14,0,14,0,Granville,2022-10-26
2,6,0,6,0,Granville,2022-11-07
2,12,0,12,0,Granville,2022-11-16
2,12,0,12,0,Greene,2022-06-14
2,3,0,3,0,Greene,2022-06-18
2,5,0,5,0,Greene,2022-06-22
2,13,0,13,0,Greene,2022-08-01
2,4,0,4,0,Greene,2022-08-12
2,7,0,7,0,Greene,2022-08-30
2,11,0,11,0,Halifax,2022-10-06
2,4,0,4,0,Halifax,2022-10-18
2,2,0,2,0,Halifax,2022-10-22
2,6,0,6,0,Halifax,2022-11-25
2,3,0,3,0,Halifax,2022-11-26
2,6,0,6,0,Harnett,2022-12-03
2,5,0,5,0,Haywood,2022-11-27
2,7,0,7,0,Henderson,2022-11-11
2,16,0,16,0,Hertford,2022-07-15
2,8,0,8,0,Hertford,2022-08-19
2,5,0,5,0,Hertford,2022-08-25
2,6,0,6,0,Hertford,2022-09-01
2,8,0,8,0,Hoke,2022-10-06
2,5,0,5,0,Hoke,2022-10-14
2,8,0,8,0,Hoke,2022-11-09
2,5,0,5,0,Hyde,2022-08-03
2,10,0,10,0,Jackson,2022-06-22
2,6,0,6,0,Jackson,2022-08-13
2,5,0,5,0,Jackson,2022-10-16
2,7,0,7,0,Lee,2022-09-14
2,12,0,12,0,Lenoir,2022-09-26
2,9,0,9,0,Macon,2022-06-21
2,6,0,6,0,Macon,2022-12-03
2,4,0,4,0,Madison,2022-08-05
2,5,0,5,0,Martin,2022-08-22
2,6,0,6,0,Martin,2022-08-29
2,4,0,4,0,Martin,2022-10-17
2,2,0,2,0,Martin,2022-11-21
2,9,0,9,0,McDowell,2022-08-06
2,18,0,18,0,McDowell,2022-08-26
2,10,0,10,0,McDowell,2022-09-23
2,8,0,8,0,McDowell,2022-10-05
2,12,0,12,0,McDowell,2022-10-17
2,4,0,4,0,Mitchell,2022-07-30
2,2,0,2,0,Mitchell,2022-09-18
2,6,0,6,0,Montgomery,2022-06-18
2,7,0,7,0,Montgomery,2022-06-20
2,5,0,5,0,Montgomery,2022-08-21
2,9,0,9,0,Montgomery,2022-09-21
2,2,0,2,0,Montgomery,2022-11-23
2,9,0,9,0,Nash,2022-09-11
2,3,0,3,0,Nash,2022-11-15
2,10,0,10,0,New Hanover,2022-09-30
2,7,0,7,0,New Hanover,2022-11-12
2,4,0,4,0,Northampton,2022-09-19
2,5,0,5,0,Northampton,2022-09-29
2,10,0,10,0,Onslow,2022-11-06
2,13,0,13,0,Orange,2022-07-04
2,24,0,24,0,Orange,2022-09-27
2,11,0,11,0,Orange,2022-11-12
2,11,0,11,0,Orange,2022-11-14
2,11,0,11,0,Orange,2022-11-21
2,12,0,12,0,Orange,2022-11-27
2,3,0,3,0,Pasquotank,2022-11-29
2,2,0,2,0,Pasquotank,2022-12-09
2,11,0,11,0,Pender,2022-06-16
2,5,0,5,0,Pender,2022-10-20
2,6,0,6,0,Perquimans,2022-06-15
2,5,0,5,0,Perquimans,2022-06-20
2,4,0,4,0,Perquimans,2022-07-12
2,9,0,9,0,Person,2022-09-16
2,4,0,4,0,Richmond,2022-09-30
2,4,0,4,0,Richmond,2022-10-02
2,2,0,2,0,Richmond,2022-12-04
2,6,0,6,0,Rockingham,2022-11-23
2,12,0,12,0,Rockingham,2022-12-06
2,9,0,9,0,Rockingham,2022-12-08
2,10,0,10,0,Rowan,2022-10-02
2,5,0,5,0,Rowan,2022-11-10
2,4,0,4,0,Rutherford,2022-09-30
2,5,0,5,0,Rutherford,2022-10-02
2,2,0,2,0,Rutherford,2022-11-24
2,6,0,6,0,Rutherford,2022-11-27
2,8,0,8,0,Rutherford,2022-12-04
2,8,0,8,0,Rutherford,2022-12-10
2,15,0,15,0,Stanly,2022-07-10
2,8,0,8,0,Stanly,2022-09-18
2,8,0,8,0,Stanly,2022-10-01
2,14,0,14,0,Stanly,2022-10-11
2,6,0,6,0,Stanly,2022-10-13
2,10,0,10,0,Stanly,2022-10-20
2,5,0,5,0,Stanly,2022-10-30
2,5,0,5,0,Stanly,2022-11-11
2,6,0,6,0,Stanly,2022-11-19
2,3,0,3,0,Stanly,2022-11-20
2,4,0,4,0,Stanly,2022-12-03
2,12,0,12,0,Stanly,2022-12-08
2,15,0,15,0,Stokes,2022-09-24
2,4,0,4,0,Stokes,2022-11-01
2,5,0,5,0,Surry,2022-09-30
2,10,0,10,0,Surry,2022-10-08
2,7,0,7,0,Surry,2022-10-30
2,9,0,9,0,Swain,2022-07-06
2,2,0,2,0,Tyrrell,2022-09-16
2,4,0,4,0,Vance,2022-11-14
2,6,0,6,0,Vance,2022-12-02
2,6,0,6,0,Warren,2022-06-17
2,5,0,5,0,Warren,2022-07-16
2,10,0,10,0,Warren,2022-07-19
2,9,0,9,0,Warren,2022-09-23
2,2,0,2,0,Warren,2022-10-04
2,6,0,6,0,Warren,2022-10-20
2,4,0,4,0,Warren,2022-10-25
2,3,0,3,0,Washington,2022-07-28
2,5,0,5,0,Washington,2022-08-03
2,4,0,4,0,Washington,2022-08-11
2,10,0,10,0,Watauga,2022-07-22
2,5,0,5,0,Wilkes,2022-10-23
2,17,0,17,0,Wilson,2022-09-25
2,6,0,6,0,Wilson,2022-10-28
2,14,0,14,0,Yadkin,2022-08-28
2,6,0,6,0,Yadkin,2022-09-17
2,10,0,10,0,Yadkin,2022-09-29
2,3,0,3,0,Yancey,2022-08-27
3,9,0,9,0,Alexander,2022-07-10
3,4,0,4,0,Alexander,2022-11-16
3,3,0,3,0,Alexander,2022-11-23
3,9,0,9,0,Anson,2022-06-15
3,10,0,10,0,Anson,2022-08-23
3,10,0,10,0,Anson,2022-09-13
3,12,0,12,0,Bertie,2022-07-21
3,5,0,5,0,Bertie,2022-12-06
3,11,0,11,0,Burke,2022-09-23
3,15,0,15,0,Burke,2022-11-25
3,20,0,20,0,Cabarrus,2022-11-05
3,21,0,21,0,Caldwell,2022-09-17
3,12,0,12,0,Caldwell,2022-10-09
3,7,0,7,0,Caldwell,2022-10-14
3,8,0,8,0,Caswell,2022-06-22
3,6,0,6,0,Caswell,2022-11-02
3,6,0,6,0,Catawba,2022-11-24
3,10,0,10,0,Chatham,2022-11-10
3,14,0,14,0,Cleveland,2022-06-18
3,16,0,16,0,Cleveland,2022-12-08
3,5,0,5,0,Currituck,2022-07-17
3,7,0,7,0,Currituck,2022-07-19
3,21,0,21,0,Dare,2022-06-16
3,20,0,20,0,Dare,2022-06-21
3,9,0,9,0,Dare,2022-07-09
3,10,0,10,0,Dare,2022-07-12
3,22,0,22,0,Dare,2022-07-18
3,11,0,11,0,Dare,2022-08-01
3,12,0,12,0,Dare,2022-08-31
3,6,0,6,0,Dare,2022-11-18
3,5,0,5,0,Dare,2022-11-21
3,12,0,12,0,Davie,2022-06-18
3,8,0,8,0,Davie,2022-08-07
3,8,0,8,0,Duplin,2022-09-04
3,6,0,6,0,Duplin,2022-09-17
3,13,0,13,0,Durham,2022-11-06
3,15,0,15,0,Edgecombe,2022-09-03
3,11,0,11,0,Edgecombe,2022-09-26
3,8,0,8,0,Edgecombe,2022-10-01
3,18,0,18,0,Franklin,2022-11-28
3,7,0,7,0,Granville,2022-10-25
3,9,0,9,0,Greene,2022-06-24
3,12,0,12,0,Greene,2022-08-15
3,10,0,10,0,Harnett,2022-10-23
3,7,0,7,0,Hertford,2022-12-09
3,7,0,7,0,Hyde,2022-09-06
3,4,0,4,0,Hyde,2022-09-19
3,4,0,4,0,Lenoir,2022-09-25
3,10,0,10,0,Lenoir,2022-10-10
3,9,0,9,0,McDowell,2022-08-19
3,18,0,18,0,McDowell,2022-08-22
3,8,0,8,0,McDowell,2022-09-03
3,14,0,14,0,McDowell,2022-09-20
3,13,0,13,0,McDowell,2022-11-17
3,10,0,10,0,McDowell,2022-11-22
3,10,0,10,0,McDowell,2022-11-23
3,5,0,5,0,Montgomery,2022-06-30
3,9,0,9,0,Montgomery,2022-07-09
3,7,0,7,0,Montgomery,2022-08-04
3,4,0,4,0,Nash,2022-10-30
3,11,0,11,0,Onslow,2022-09-25
3,15,0,15,0,Onslow,2022-11-16
3,10,0,10,0,Orange,2022-09-30
3,15,0,15,0,Orange,2022-11-10
3,4,0,4,0,Pamlico,2022-06-28
3,7,0,7,0,Pender,2022-07-15
3,14,0,14,0,Person,2022-09-15
3,7,0,7,0,Person,2022-12-06
3,25,0,25,0,Pitt,2022-08-27
3,18,0,18,0,Pitt,2022-08-28
3,25,0,25,0,Pitt,2022-09-11
3,14,0,14,0,Pitt,2022-09-18
3,9,0,9,0,Richmond,2022-07-30
3,4,0,4,0,Richmond,2022-11-07
3,17,0,17,0,Rockingham,2022-08-13
3,7,0,7,0,Rockingham,2022-10-11
3,12,0,12,0,Rowan,2022-10-28
3,5,0,5,0,Rowan,2022-11-20
3,12,0,12,0,Rowan,2022-12-01
3,15,0,15,0,Stanly,2022-06-22
3,12,0,12,0,Stanly,2022-06-26
3,15,0,15,0,Stanly,2022-07-02
3,12,0,12,0,Stanly,2022-07-04
3,25,0,25,0,Stanly,2022-07-05
3,16,0,16,0,Stanly,2022-07-16
3,18,0,18,0,Stanly,2022-07-20
3,8,0,8,0,Stanly,2022-09-25
3,11,0,11,0,Stanly,2022-10-27
3,7,0,7,0,Stanly,2022-11-13
3,9,0,9,0,Stanly,2022-11-21
3,12,0,12,0,Stanly,2022-12-07
3,8,0,8,0,Vance,2022-10-31
3,4,0,4,0,Warren,2022-07-26
3,7,0,7,0,Warren,2022-08-15
3,4,0,4,0,Washington,2022-11-09
3,6,0,6,0,Watauga,2022-06-26
4,12,0,12,0,Alamance,2022-11-19
4,21,0,21,0,Alamance,2022-12-04
4,11,0,11,0,Alexander,2022-06-28
4,14,0,14,0,Anson,2022-06-24
4,11,0,11,0,Bladen,2022-06-29
4,13,0,13,0,Brunswick,2022-11-14
4,44,0,44,0,Chatham,2022-07-11
4,23,0,23,0,Chatham,2022-09-12
4,11,0,11,0,Chowan,2022-07-12
4,17,0,17,0,Dare,2022-07-19
4,8,0,8,0,Dare,2022-09-07
4,18,0,18,0,Edgecombe,2022-08-19
4,11,0,11,0,Edgecombe,2022-11-29
4,18,0,18,0,Gaston,2022-11-17
4,15,0,15,0,Granville,2022-08-31
4,10,0,10,0,Greene,2022-07-12
4,9,0,9,0,Lenoir,2022-12-05
4,8,0,8,0,Madison,2022-10-10
4,16,0,16,0,McDowell,2022-08-17
4,12,0,12,0,McDowell,2022-08-27
4,14,0,14,0,McDowell,2022-09-05
4,5,0,5,0,McDowell,2022-10-09
4,7,0,7,0,McDowell,2022-10-16
4,6,0,6,0,Montgomery,2022-08-17
4,44,0,44,0,Orange,2022-09-07
4,15,0,15,0,Orange,2022-11-25
4,29,0,29,0,Orange,2022-11-29
4,9,0,9,0,Person,2022-08-13
4,18,0,18,0,Richmond,2022-07-09
4,8,0,8,0,Rutherford,2022-12-03
4,8,0,8,0,Stanly,2022-07-09
4,30,0,30,0,Stanly,2022-07-24
4,5,0,5,0,Stanly,2022-10-02
4,7,0,7,0,Stanly,2022-11-14
4,18,0,18,0,Stanly,2022-12-01
4,12,0,12,0,Stanly,2022-12-05
4,7,0,7,0,Yadkin,2022-10-31
5,7,0,7,0,Anson,2022-08-03
5,23,0,23,0,Burke,2022-07-10
5,36,0,36,0,Caldwell,2022-09-15
5,11,0,11,0,Caswell,2022-07-11
5,10,0,10,0,Chowan,2022-07-25
5,22,0,22,0,Cleveland,2022-08-28
5,14,0,14,0,Dare,2022-07-29
5,57,0,57,0,Durham,2022-10-04
5,26,0,26,0,Durham,2022-12-04
5,23,0,23,0,Edgecombe,2022-07-09
5,28,0,28,0,Franklin,2022-06-17
5,12,0,12,0,Gaston,2022-10-29
5,27,0,27,0,Gaston,2022-11-27
5,12,0,12,0,Halifax,2022-10-14
5,6,0,6,0,Lincoln,2022-11-17
5,35,0,35,0,Orange,2022-09-12
5,19,0,19,0,Pender,2022-08-11
5,23,0,23,0,Rowan,2022-09-04
5,18,0,18,0,Stanly,2022-08-18
5,16,0,16,0,Stokes,2022-09-22
7,26,0,26,0,Caldwell,2022-09-30
7,17,0,17,0,Stanly,2022-09-11
8,17,0,17,0,Cleveland,2022-12-09
8,23,0,23,0,Johnston,2022-11-07
8,30,0,30,0,Stanly,2022-09-01
8,21,0,21,0,Stanly,2022-09-21
9,55,0,55,0,Orange,2022-08-10
12,37,0,37,0,Edgecombe,2022-08-24
0,12,1,11,0,Alamance,2022-11-12
0,3,1,2,0,Alexander,2022-06-14
0,3,1,2,0,Alexander,2022-06-18
0,13,1,12,0,Alexander,2022-07-24
0,8,1,7,0,Alexander,2022-07-31
0,8,1,7,0,Alexander,2022-08-21
0,2,1,1,0,Alexander,2022-09-17
0,8,1,7,0,Alexander,2022-09-23
0,4,1,3,0,Alexander,2022-09-30
0,4,1,3,0,Alexander,2022-10-07
0,2,1,1,0,Alexander,2022-10-20
0,4,1,3,0,Alexander,2022-10-21
0,3,1,2,0,Alexander,2022-11-09
0,2,1,1,0,Alexander,2022-11-26
0,4,1,3,0,Alexander,2022-11-27
0,1,1,0,0,Alleghany,2022-06-23
0,2,1,1,0,Alleghany,2022-06-24
0,1,1,0,0,Alleghany,2022-06-25
0,2,1,1,0,Alleghany,2022-07-03
0,1,1,0,0,Alleghany,2022-07-08
0,1,1,0,0,Alleghany,2022-07-09
0,6,1,5,0,Alleghany,2022-07-20
0,2,1,1,0,Alleghany,2022-08-08
0,1,1,0,0,Alleghany,2022-08-13
0,11,1,10,0,Alleghany,2022-08-23
0,1,1,0,0,Alleghany,2022-08-24
0,1,1,0,0,Alleghany,2022-09-12
0,3,1,2,0,Alleghany,2022-09-20
0,1,1,0,0,Alleghany,2022-10-04
0,1,1,0,0,Alleghany,2022-10-18
0,1,1,0,0,Alleghany,2022-10-21
0,1,1,0,0,Alleghany,2022-11-07
0,1,1,0,0,Alleghany,2022-11-08
0,1,1,0,0,Alleghany,2022-11-11
0,1,1,0,0,Alleghany,2022-11-13
0,1,1,0,0,Alleghany,2022-11-14
0,2,1,1,0,Alleghany,2022-11-24
0,1,1,0,0,Alleghany,2022-11-26
0,2,1,1,0,Alleghany,2022-11-29
0,1,1,0,0,Alleghany,2022-12-10
0,4,1,3,0,Anson,2022-07-02
0,6,1,5,0,Anson,2022-07-13
0,13,1,12,0,Anson,2022-07-15
0,9,1,8,0,Anson,2022-08-31
0,3,1,2,0,Anson,2022-09-11
0,7,1,6,0,Anson,2022-09-21
0,1,1,0,0,Anson,2022-10-16
0,1,1,0,0,Anson,2022-10-21
0,1,1,0,0,Anson,2022-10-27
0,1,1,0,0,Anson,2022-11-21
0,3,1,2,0,Anson,2022-11-25
0,3,1,2,0,Anson,2022-11-29
0,3,1,2,0,Anson,2022-12-08
0,1,1,0,0,Ashe,2022-06-16
0,2,1,1,0,Ashe,2022-06-19
0,1,1,0,0,Ashe,2022-06-26
0,2,1,1,0,Ashe,2022-06-29
0,7,1,6,0,Ashe,2022-07-12
0,3,1,2,0,Ashe,2022-07-16
0,6,1,5,0,Ashe,2022-07-18
0,8,1,7,0,Ashe,2022-07-21
0,1,1,0,0,Ashe,2022-07-22
0,2,1,1,0,Ashe,2022-08-17
0,6,1,5,0,Ashe,2022-09-10
0,1,1,0,0,Ashe,2022-09-12
0,2,1,1,0,Ashe,2022-09-21
0,3,1,2,0,Ashe,2022-09-22
0,3,1,2,0,Ashe,2022-09-25
0,2,1,1,0,Ashe,2022-10-02
0,2,1,1,0,Ashe,2022-10-06
0,1,1,0,0,Ashe,2022-10-08
0,1,1,0,0,Ashe,2022-10-20
0,2,1,1,0,Ashe,2022-10-31
0,1,1,0,0,Ashe,2022-11-05
0,1,1,0,0,Ashe,2022-11-10
0,1,1,0,0,Ashe,2022-11-22
0,3,1,2,0,Ashe,2022-11-25
0,1,1,0,0,Ashe,2022-12-04
0,3,1,2,0,Ashe,2022-12-09
0,3,1,2,0,Avery,2022-06-19
0,1,1,0,0,Avery,2022-06-21
0,3,1,2,0,Avery,2022-06-24
0,1,1,0,0,Avery,2022-07-04
0,3,1,2,0,Avery,2022-07-09
0,4,1,3,0,Avery,2022-07-10
0,3,1,2,0,Avery,2022-07-13
0,6,1,5,0,Avery,2022-07-23
0,8,1,7,0,Avery,2022-08-02
0,2,1,1,0,Avery,2022-08-03
0,3,1,2,0,Avery,2022-08-04
0,3,1,2,0,Avery,2022-08-07
0,4,1,3,0,Avery,2022-08-09
0,4,1,3,0,Avery,2022-08-17
0,5,1,4,0,Avery,2022-08-30
0,4,1,3,0,Avery,2022-08-31
0,2,1,1,0,Avery,2022-09-03
0,3,1,2,0,Avery,2022-09-11
0,1,1,0,0,Avery,2022-09-18
0,3,1,2,0,Avery,2022-10-04
0,3,1,2,0,Avery,2022-10-07
0,1,1,0,0,Avery,2022-10-20
0,2,1,1,0,Avery,2022-10-27
0,1,1,0,0,Avery,2022-10-29
0,3,1,2,0,Avery,2022-10-30
0,1,1,0,0,Avery,2022-11-13
0,1,1,0,0,Avery,2022-11-18
0,1,1,0,0,Avery,2022-11-22
0,2,1,1,0,Avery,2022-12-07
0,1,1,0,0,Avery,2022-12-10
0,6,1,5,0,Beaufort,2022-10-21
0,1,1,0,0,Beaufort,2022-11-05
0,3,1,2,0,Beaufort,2022-11-07
0,1,1,0,0,Beaufort,2022-11-08
0,2,1,1,0,Beaufort,2022-11-16
0,4,1,3,0,Beaufort,2022-12-06
0,1,1,0,0,Bertie,2022-07-10
0,10,1,9,0,Bertie,2022-07-11
0,3,1,2,0,Bertie,2022-08-24
0,3,1,2,0,Bertie,2022-09-12
0,3,1,2,0,Bertie,2022-09-20
0,1,1,0,0,Bertie,2022-09-27
0,3,1,2,0,Bertie,2022-10-04
0,5,1,4,0,Bertie,2022-10-24
0,2,1,1,0,Bertie,2022-10-25
0,4,1,3,0,Bertie,2022-11-03
0,5,1,4,0,Bertie,2022-11-07
0,1,1,0,0,Bertie,2022-11-10
0,1,1,0,0,Bertie,2022-12-07
0,8,1,7,0,Bladen,2022-06-17
0,14,1,13,0,Bladen,2022-06-30
0,11,1,10,0,Bladen,2022-08-11
0,7,1,6,0,Bladen,2022-09-13
0,2,1,1,0,Bladen,2022-09-18
0,4,1,3,0,Bladen,2022-10-02
0,2,1,1,0,Bladen,2022-10-22
0,3,1,2,0,Bladen,2022-10-27
0,6,1,5,0,Bladen,2022-11-01
0,3,1,2,0,Bladen,2022-11-15
0,3,1,2,0,Bladen,2022-11-16
0,10,1,9,0,Burke,2022-07-04
0,16,1,15,0,Burke,2022-08-27
0,2,1,1,0,Caldwell,2022-11-12
0,1,1,0,0,Camden,2022-06-16
0,1,1,0,0,Camden,2022-06-19
0,2,1,1,0,Camden,2022-06-20
0,1,1,0,0,Camden,2022-06-23
0,1,1,0,0,Camden,2022-07-17
0,2,1,1,0,Camden,2022-07-21
0,2,1,1,0,Camden,2022-07-23
0,2,1,1,0,Camden,2022-07-31
0,1,1,0,0,Camden,2022-08-06
0,2,1,1,0,Camden,2022-08-23
0,1,1,0,0,Camden,2022-08-29
0,2,1,1,0,Camden,2022-08-31
0,2,1,1,0,Camden,2022-09-08
0,1,1,0,0,Camden,2022-09-09
0,1,1,0,0,Camden,2022-09-16
0,1,1,0,0,Camden,2022-09-20
0,1,1,0,0,Camden,2022-09-23
0,1,1,0,0,Camden,2022-09-26
0,1,1,0,0,Camden,2022-10-05
0,1,1,0,0,Camden,2022-10-16
0,1,1,0,0,Camden,2022-10-18
0,1,1,0,0,Camden,2022-10-19
0,1,1,0,0,Camden,2022-10-21
0,3,1,2,0,Camden,2022-10-26
0,1,1,0,0,Camden,2022-10-27
0,1,1,0,0,Camden,2022-10-30
0,1,1,0,0,Camden,2022-11-01
0,1,1,0,0,Camden,2022-11-07
0,1,1,0,0,Camden,2022-11-08
0,1,1,0,0,Camden,2022-11-10
0,1,1,0,0,Camden,2022-11-15
0,2,1,1,0,Camden,2022-11-18
0,1,1,0,0,Camden,2022-11-21
0,1,1,0,0,Camden,2022-11-25
0,1,1,0,0,Camden,2022-12-06
0,5,1,4,0,Carteret,2022-09-04
0,2,1,1,0,Carteret,2022-10-08
0,4,1,3,0,Carteret,2022-10-15
0,3,1,2,0,Carteret,2022-10-27
0,3,1,2,0,Carteret,2022-10-30
0,4,1,3,0,Carteret,2022-11-05
0,1,1,0,0,Carteret,2022-11-08
0,1,1,0,0,Carteret,2022-11-10
0,2,1,1,0,Carteret,2022-11-11
0,1,1,0,0,Carteret,2022-11-12
0,3,1,2,0,Carteret,2022-11-16
0,2,1,1,0,Carteret,2022-11-18
0,3,1,2,0,Carteret,2022-11-25
0,7,1,6,0,Carteret,2022-11-29
0,3,1,2,0,Caswell,2022-06-19
0,6,1,5,0,Caswell,2022-06-28
0,2,1,1,0,Caswell,2022-07-04
0,2,1,1,0,Caswell,2022-07-09
0,6,1,5,0,Caswell,2022-07-10
0,1,1,0,0,Caswell,2022-07-16
0,5,1,4,0,Caswell,2022-07-28
0,10,1,9,0,Caswell,2022-08-02
0,11,1,10,0,Caswell,2022-08-09
0,6,1,5,0,Caswell,2022-08-19
0,4,1,3,0,Caswell,2022-08-20
0,4,1,3,0,Caswell,2022-08-21
0,5,1,4,0,Caswell,2022-09-08
0,8,1,7,0,Caswell,2022-09-12
0,6,1,5,0,Caswell,2022-09-13
0,3,1,2,0,Caswell,2022-09-15
0,2,1,1,0,Caswell,2022-10-05
0,3,1,2,0,Caswell,2022-10-07
0,2,1,1,0,Caswell,2022-10-24
0,3,1,2,0,Caswell,2022-11-12
0,1,1,0,0,Caswell,2022-11-13
0,2,1,1,0,Caswell,2022-11-14
0,3,1,2,0,Caswell,2022-12-07
0,8,1,7,0,Catawba,2022-11-13
0,13,1,12,0,Chatham,2022-06-17
0,11,1,10,0,Chatham,2022-06-18
0,15,1,14,0,Chatham,2022-08-16
0,22,1,21,0,Chatham,2022-08-30
0,7,1,6,0,Chatham,2022-09-29
0,6,1,5,0,Chatham,2022-10-08
0,7,1,6,0,Chatham,2022-10-12
0,8,1,7,0,Chatham,2022-10-20
0,6,1,5,0,Chatham,2022-10-22
0,13,1,12,0,Chatham,2022-10-24
0,12,1,11,0,Chatham,2022-10-31
0,9,1,8,0,Chatham,2022-11-26
0,6,1,5,0,Chatham,2022-12-01
0,13,1,12,0,Chatham,2022-12-06
0,7,1,6,0,Cherokee,2022-06-15
0,15,1,14,0,Cherokee,2022-06-24
0,4,1,3,0,Cherokee,2022-07-17
0,10,1,9,0,Cherokee,2022-08-09
0,6,1,5,0,Cherokee,2022-08-14
0,6,1,5,0,Cherokee,2022-08-25
0,7,1,6,0,Cherokee,2022-09-02
0,10,1,9,0,Cherokee,2022-09-13
0,1,1,0,0,Cherokee,2022-09-16
0,5,1,4,0,Cherokee,2022-10-08
0,3,1,2,0,Cherokee,2022-10-12
0,2,1,1,0,Cherokee,2022-10-13
0,7,1,6,0,Cherokee,2022-10-31
0,2,1,1,0,Cherokee,2022-11-05
0,3,1,2,0,Cherokee,2022-11-08
0,5,1,4,0,Cherokee,2022-11-15
0,3,1,2,0,Cherokee,2022-11-17
0,4,1,3,0,Cherokee,2022-11-21
0,3,1,2,0,Cherokee,2022-11-28
0,6,1,5,0,Cherokee,2022-12-01
0,4,1,3,0,Cherokee,2022-12-05
0,4,1,3,0,Chowan,2022-06-17
0,1,1,0,0,Chowan,2022-06-24
0,6,1,5,0,Chowan,2022-07-27
0,3,1,2,0,Chowan,2022-07-28
0,1,1,0,0,Chowan,2022-07-30
0,3,1,2,0,Chowan,2022-08-20
0,1,1,0,0,Chowan,2022-09-02
0,2,1,1,0,Chowan,2022-09-20
0,1,1,0,0,Chowan,2022-10-08
0,1,1,0,0,Chowan,2022-10-09
0,1,1,0,0,Chowan,2022-10-26
0,2,1,1,0,Chowan,2022-10-28
0,1,1,0,0,Chowan,2022-10-31
0,4,1,3,0,Chowan,2022-11-14
0,2,1,1,0,Chowan,2022-12-05
0,3,1,2,0,Clay,2022-06-17
0,1,1,0,0,Clay,2022-06-22
0,6,1,5,0,Clay,2022-06-29
0,4,1,3,0,Clay,2022-06-30
0,2,1,1,0,Clay,2022-07-01
0,5,1,4,0,Clay,2022-07-02
0,2,1,1,0,Clay,2022-07-03
0,1,1,0,0,Clay,2022-07-04
0,3,1,2,0,Clay,2022-07-23
0,3,1,2,0,Clay,2022-07-31
0,4,1,3,0,Clay,2022-08-05
0,6,1,5,0,Clay,2022-08-10
0,1,1,0,0,Clay,2022-08-23
0,2,1,1,0,Clay,2022-08-25
0,4,1,3,0,Clay,2022-08-26
0,2,1,1,0,Clay,2022-08-29
0,1,1,0,0,Clay,2022-09-11
0,6,1,5,0,Clay,2022-09-22
0,1,1,0,0,Clay,2022-09-26
0,1,1,0,0,Clay,2022-10-03
0,1,1,0,0,Clay,2022-10-05
0,2,1,1,0,Clay,2022-10-10
0,2,1,1,0,Clay,2022-10-17
0,3,1,2,0,Clay,2022-10-19
0,3,1,2,0,Clay,2022-11-02
0,2,1,1,0,Clay,2022-11-03
0,3,1,2,0,Clay,2022-11-07
0,1,1,0,0,Clay,2022-11-12
0,2,1,1,0,Clay,2022-11-16
0,2,1,1,0,Clay,2022-12-05
0,14,1,13,0,Cleveland,2022-06-19
0,6,1,5,0,Cleveland,2022-10-05
0,4,1,3,0,Cleveland,2022-10-10
0,4,1,3,0,Cleveland,2022-11-05
0,8,1,7,0,Cleveland,2022-11-10
0,5,1,4,0,Columbus,2022-08-21
0,5,1,4,0,Columbus,2022-08-26
0,2,1,1,0,Columbus,2022-10-01
0,2,1,1,0,Columbus,2022-10-18
0,5,1,4,0,Columbus,2022-10-25
0,3,1,2,0,Columbus,2022-10-31
0,5,1,4,0,Columbus,2022-11-02
0,5,1,4,0,Columbus,2022-11-08
0,7,1,6,0,Columbus,2022-11-15
0,3,1,2,0,Craven,2022-11-10
0,3,1,2,0,Craven,2022-11-20
0,3,1,2,0,Craven,2022-12-03
0,4,1,3,0,Craven,2022-12-04
0,5,1,4,0,Craven,2022-12-10
0,14,1,13,0,Cumberland,2022-11-24
0,2,1,1,0,Currituck,2022-06-18
0,7,1,6,0,Currituck,2022-06-21
0,7,1,6,0,Currituck,2022-06-22
0,13,1,12,0,Currituck,2022-06-23
0,8,1,7,0,Currituck,2022-07-14
0,9,1,8,0,Currituck,2022-07-20
0,5,1,4,0,Currituck,2022-07-22
0,2,1,1,0,Currituck,2022-08-04
0,1,1,0,0,Currituck,2022-08-05
0,4,1,3,0,Currituck,2022-08-10
0,5,1,4,0,Currituck,2022-09-01
0,5,1,4,0,Currituck,2022-09-02
0,3,1,2,0,Currituck,2022-09-05
0,5,1,4,0,Currituck,2022-09-08
0,4,1,3,0,Currituck,2022-09-11
0,5,1,4,0,Currituck,2022-09-13
0,3,1,2,0,Currituck,2022-09-14
0,1,1,0,0,Currituck,2022-09-24
0,1,1,0,0,Currituck,2022-10-08
0,3,1,2,0,Currituck,2022-10-22
0,2,1,1,0,Currituck,2022-11-03
0,4,1,3,0,Currituck,2022-11-06
0,2,1,1,0,Currituck,2022-11-09
0,1,1,0,0,Currituck,2022-11-15
0,2,1,1,0,Currituck,2022-11-19
0,2,1,1,0,Currituck,2022-11-28
0,13,1,12,0,Dare,2022-06-14
0,12,1,11,0,Dare,2022-06-30
0,5,1,4,0,Dare,2022-09-21
0,4,1,3,0,Dare,2022-10-03
0,6,1,5,0,Dare,2022-10-16
0,5,1,4,0,Dare,2022-10-25
0,8,1,7,0,Davie,2022-07-02
0,3,1,2,0,Davie,2022-07-03
0,3,1,2,0,Davie,2022-09-03
0,6,1,5,0,Davie,2022-10-18
0,3,1,2,0,Davie,2022-10-20
0,7,1,6,0,Davie,2022-10-28
0,2,1,1,0,Davie,2022-11-03
0,3,1,2,0,Davie,2022-11-05
0,2,1,1,0,Davie,2022-11-25
0,4,1,3,0,Davie,2022-11-27
0,5,1,4,0,Duplin,2022-07-03
0,1,1,0,0,Duplin,2022-10-21
0,3,1,2,0,Duplin,2022-11-25
0,5,1,4,0,Duplin,2022-11-26
0,17,1,16,0,Durham,2022-11-19
0,7,1,6,0,Edgecombe,2022-07-03
0,2,1,1,0,Edgecombe,2022-10-08
0,5,1,4,0,Edgecombe,2022-10-26
0,3,1,2,0,Edgecombe,2022-11-09
0,2,1,1,0,Edgecombe,2022-11-23
0,6,1,5,0,Edgecombe,2022-11-26
0,9,1,8,0,Franklin,2022-09-24
0,6,1,5,0,Franklin,2022-10-01
0,6,1,5,0,Franklin,2022-10-13
0,5,1,4,0,Franklin,2022-10-14
0,1,1,0,0,Franklin,2022-10-22
0,4,1,3,0,Franklin,2022-10-23
0,5,1,4,0,Franklin,2022-11-06
0,5,1,4,0,Franklin,2022-11-11
0,8,1,7,0,Franklin,2022-12-08
0,11,1,10,0,Gaston,2022-09-24
0,10,1,9,0,Gaston,2022-11-19
0,1,1,0,0,Gates,2022-06-24
0,2,1,1,0,Gates,2022-06-30
0,3,1,2,0,Gates,2022-07-01
0,1,1,0,0,Gates,2022-07-03
0,2,1,1,0,Gates,2022-07-07
0,6,1,5,0,Gates,2022-07-24
0,1,1,0,0,Gates,2022-08-04
0,2,1,1,0,Gates,2022-08-16
0,1,1,0,0,Gates,2022-08-27
0,2,1,1,0,Gates,2022-08-29
0,5,1,4,0,Gates,2022-09-01
0,2,1,1,0,Gates,2022-09-02
0,4,1,3,0,Gates,2022-09-03
0,2,1,1,0,Gates,2022-09-04
0,2,1,1,0,Gates,2022-09-08
0,3,1,2,0,Gates,2022-09-09
0,1,1,0,0,Gates,2022-09-14
0,4,1,3,0,Gates,2022-09-15
0,1,1,0,0,Gates,2022-09-17
0,2,1,1,0,Gates,2022-10-11
0,3,1,2,0,Gates,2022-10-17
0,1,1,0,0,Gates,2022-10-21
0,1,1,0,0,Gates,2022-11-26
0,1,1,0,0,Gates,2022-11-28
0,2,1,1,0,Gates,2022-12-05
0,1,1,0,0,Graham,2022-06-21
0,2,1,1,0,Graham,2022-06-23
0,1,1,0,0,Graham,2022-06-25
0,4,1,3,0,Graham,2022-06-30
0,2,1,1,0,Graham,2022-07-15
0,2,1,1,0,Graham,2022-07-16
0,5,1,4,0,Graham,2022-07-22
0,2,1,1,0,Graham,2022-07-24
0,2,1,1,0,Graham,2022-07-28
0,4,1,3,0,Graham,2022-08-06
0,2,1,1,0,Graham,2022-08-07
0,3,1,2,0,Graham,2022-08-24
0,1,1,0,0,Graham,2022-09-04
0,2,1,1,0,Graham,2022-09-10
0,1,1,0,0,Graham,2022-09-18
0,1,1,0,0,Graham,2022-09-20
0,3,1,2,0,Graham,2022-09-23
0,3,1,2,0,Graham,2022-09-26
0,1,1,0,0,Graham,2022-09-29
0,1,1,0,0,Graham,2022-10-12
0,1,1,0,0,Graham,2022-10-27
0,1,1,0,0,Graham,2022-11-02
0,2,1,1,0,Graham,2022-11-04
0,1,1,0,0,Graham,2022-11-06
0,1,1,0,0,Graham,2022-11-13
0,1,1,0,0,Graham,2022-11-22
0,1,1,0,0,Graham,2022-12-02
0,1,1,0,0,Graham,2022-12-09
0,7,1,6,0,Granville,2022-08-14
0,10,1,9,0,Granville,2022-08-20
0,7,1,6,0,Granville,2022-09-18
0,6,1,5,0,Granville,2022-09-25
0,5,1,4,0,Granville,2022-10-18
0,2,1,1,0,Granville,2022-10-22
0,4,1,3,0,Granville,2022-10-23
0,1,1,0,0,Granville,2022-10-29
0,4,1,3,0,Granville,2022-11-11
0,10,1,9,0,Granville,2022-11-12
0,4,1,3,0,Granville,2022-11-19
0,8,1,7,0,Granville,2022-11-25
0,4,1,3,0,Granville,2022-11-26
0,4,1,3,0,Greene,2022-06-15
0,5,1,4,0,Greene,2022-06-19
0,7,1,6,0,Greene,2022-06-23
0,6,1,5,0,Greene,2022-06-28
0,2,1,1,0,Greene,2022-07-17
0,1,1,0,0,Greene,2022-08-21
0,2,1,1,0,Greene,2022-08-27
0,3,1,2,0,Greene,2022-09-04
0,7,1,6,0,Greene,2022-09-12
0,4,1,3,0,Greene,2022-09-17
0,3,1,2,0,Greene,2022-09-20
0,3,1,2,0,Greene,2022-09-26
0,1,1,0,0,Greene,2022-10-06
0,5,1,4,0,Greene,2022-10-25
0,2,1,1,0,Greene,2022-10-27
0,3,1,2,0,Greene,2022-10-28
0,5,1,4,0,Greene,2022-11-03
0,3,1,2,0,Greene,2022-11-08
0,2,1,1,0,Greene,2022-11-10
0,5,1,4,0,Greene,2022-12-06
0,4,1,3,0,Greene,2022-12-07
0,2,1,1,0,Greene,2022-12-09
0,9,1,8,0,Halifax,2022-08-21
0,6,1,5,0,Halifax,2022-09-30
0,4,1,3,0,Halifax,2022-10-08
0,4,1,3,0,Halifax,2022-10-15
0,3,1,2,0,Halifax,2022-10-27
0,8,1,7,0,Halifax,2022-11-10
0,4,1,3,0,Halifax,2022-11-15
0,4,1,3,0,Harnett,2022-10-30
0,8,1,7,0,Harnett,2022-11-18
0,7,1,6,0,Haywood,2022-09-20
0,3,1,2,0,Haywood,2022-11-26
0,2,1,1,0,Haywood,2022-12-10
0,4,1,3,0,Henderson,2022-11-20
0,3,1,2,0,Hertford,2022-06-17
0,9,1,8,0,Hertford,2022-06-18
0,11,1,10,0,Hertford,2022-06-20
0,6,1,5,0,Hertford,2022-07-09
0,1,1,0,0,Hertford,2022-08-07
0,2,1,1,0,Hertford,2022-08-16
0,4,1,3,0,Hertford,2022-08-22
0,2,1,1,0,Hertford,2022-09-20
0,3,1,2,0,Hertford,2022-09-27
0,3,1,2,0,Hertford,2022-09-28
0,2,1,1,0,Hertford,2022-10-07
0,1,1,0,0,Hertford,2022-10-15
0,1,1,0,0,Hertford,2022-10-21
0,3,1,2,0,Hertford,2022-10-26
0,4,1,3,0,Hertford,2022-10-31
0,3,1,2,0,Hertford,2022-11-09
0,1,1,0,0,Hertford,2022-11-16
0,6,1,5,0,Hertford,2022-12-07
0,3,1,2,0,Hertford,2022-12-10
0,3,1,2,0,Hoke,2022-09-29
0,2,1,1,0,Hoke,2022-10-01
0,4,1,3,0,Hoke,2022-10-19
0,3,1,2,0,Hoke,2022-10-26
0,1,1,0,0,Hoke,2022-10-30
0,5,1,4,0,Hoke,2022-10-31
0,3,1,2,0,Hoke,2022-11-15
0,1,1,0,0,Hoke,2022-11-20
0,4,1,3,0,Hoke,2022-11-22
0,4,1,3,0,Hoke,2022-12-02
0,2,1,1,0,Hyde,2022-06-25
0,1,1,0,0,Hyde,2022-07-29
0,1,1,0,0,Hyde,2022-08-18
0,2,1,1,0,Hyde,2022-09-20
0,1,1,0,0,Hyde,2022-10-15
0,11,1,10,0,Iredell,2022-10-30
0,13,1,12,0,Iredell,2022-11-05
0,3,1,2,0,Jackson,2022-06-17
0,7,1,6,0,Jackson,2022-06-25
0,8,1,7,0,Jackson,2022-07-01
0,4,1,3,0,Jackson,2022-09-05
0,7,1,6,0,Jackson,2022-09-14
0,3,1,2,0,Jackson,2022-09-18
0,4,1,3,0,Jackson,2022-10-01
0,4,1,3,0,Jackson,2022-10-06
0,2,1,1,0,Jackson,2022-10-09
0,1,1,0,0,Jackson,2022-10-12
0,1,1,0,0,Jackson,2022-10-19
0,1,1,0,0,Jackson,2022-10-23
0,3,1,2,0,Jackson,2022-10-25
0,5,1,4,0,Jackson,2022-11-04
0,3,1,2,0,Jackson,2022-11-06
0,6,1,5,0,Jackson,2022-11-07
0,5,1,4,0,Jackson,2022-11-08
0,1,1,0,0,Jackson,2022-11-10
0,3,1,2,0,Jackson,2022-11-13
0,1,1,0,0,Jackson,2022-11-15
0,3,1,2,0,Jackson,2022-11-25
0,4,1,3,0,Jackson,2022-12-05
0,3,1,2,0,Jackson,2022-12-07
0,2,1,1,0,Jackson,2022-12-08
0,8,1,7,0,Johnston,2022-10-29
0,11,1,10,0,Johnston,2022-11-20
0,1,1,0,0,Jones,2022-06-19
0,3,1,2,0,Jones,2022-06-20
0,2,1,1,0,Jones,2022-06-30
0,2,1,1,0,Jones,2022-07-02
0,5,1,4,0,Jones,2022-07-04
0,2,1,1,0,Jones,2022-07-09
0,4,1,3,0,Jones,2022-07-14
0,1,1,0,0,Jones,2022-07-17
0,4,1,3,0,Jones,2022-07-21
0,2,1,1,0,Jones,2022-08-07
0,2,1,1,0,Jones,2022-08-09
0,2,1,1,0,Jones,2022-08-15
0,1,1,0,0,Jones,2022-08-22
0,1,1,0,0,Jones,2022-08-25
0,2,1,1,0,Jones,2022-08-28
0,5,1,4,0,Jones,2022-09-19
0,1,1,0,0,Jones,2022-10-13
0,1,1,0,0,Jones,2022-10-19
0,1,1,0,0,Jones,2022-10-29
0,1,1,0,0,Jones,2022-10-31
0,1,1,0,0,Jones,2022-11-08
0,1,1,0,0,Jones,2022-11-11
0,1,1,0,0,Jones,2022-11-22
0,1,1,0,0,Jones,2022-12-01
0,3,1,2,0,Jones,2022-12-06
0,2,1,1,0,Jones,2022-12-07
0,2,1,1,0,Lee,2022-10-14
0,3,1,2,0,Lee,2022-11-02
0,1,1,0,0,Lee,2022-11-13
0,3,1,2,0,Lee,2022-11-23
0,4,1,3,0,Lee,2022-11-26
0,5,1,4,0,Lenoir,2022-08-28
0,3,1,2,0,Lenoir,2022-09-30
0,6,1,5,0,Lenoir,2022-10-06
0,4,1,3,0,Lenoir,2022-10-14
0,5,1,4,0,Lenoir,2022-10-31
0,4,1,3,0,Lenoir,2022-11-11
0,1,1,0,0,Lenoir,2022-11-24
0,2,1,1,0,Lenoir,2022-12-03
0,2,1,1,0,Lenoir,2022-12-04
0,5,1,4,0,Lincoln,2022-11-05
0,3,1,2,0,Macon,2022-06-24
0,11,1,10,0,Macon,2022-07-13
0,4,1,3,0,Macon,2022-08-14
0,3,1,2,0,Macon,2022-08-19
0,3,1,2,0,Macon,2022-08-29
0,4,1,3,0,Macon,2022-09-10
0,1,1,0,0,Macon,2022-09-24
0,7,1,6,0,Macon,2022-09-30
0,2,1,1,0,Macon,2022-10-04
0,3,1,2,0,Macon,2022-10-05
0,2,1,1,0,Macon,2022-10-08
0,1,1,0,0,Macon,2022-10-14
0,1,1,0,0,Macon,2022-10-19
0,2,1,1,0,Macon,2022-10-28
0,3,1,2,0,Macon,2022-10-31
0,6,1,5,0,Macon,2022-11-01
0,3,1,2,0,Macon,2022-11-04
0,6,1,5,0,Macon,2022-11-07
0,4,1,3,0,Macon,2022-11-22
0,3,1,2,0,Macon,2022-11-23
0,4,1,3,0,Madison,2022-06-18
0,3,1,2,0,Madison,2022-06-19
0,1,1,0,0,Madison,2022-06-26
0,1,1,0,0,Madison,2022-07-01
0,3,1,2,0,Madison,2022-07-07
0,3,1,2,0,Madison,2022-07-08
0,4,1,3,0,Madison,2022-07-12
0,4,1,3,0,Madison,2022-07-21
0,2,1,1,0,Madison,2022-07-30
0,4,1,3,0,Madison,2022-08-02
0,3,1,2,0,Madison,2022-08-09
0,1,1,0,0,Madison,2022-08-16
0,4,1,3,0,Madison,2022-08-18
0,3,1,2,0,Madison,2022-08-20
0,4,1,3,0,Madison,2022-09-15
0,2,1,1,0,Madison,2022-09-16
0,3,1,2,0,Madison,2022-09-17
0,6,1,5,0,Madison,2022-09-19
0,3,1,2,0,Madison,2022-09-29
0,2,1,1,0,Madison,2022-10-14
0,1,1,0,0,Madison,2022-10-16
0,2,1,1,0,Madison,2022-10-20
0,1,1,0,0,Madison,2022-10-25
0,4,1,3,0,Madison,2022-11-01
0,2,1,1,0,Madison,2022-11-03
0,2,1,1,0,Madison,2022-11-04
0,1,1,0,0,Madison,2022-11-15
0,2,1,1,0,Madison,2022-11-17
0,3,1,2,0,Madison,2022-12-06
0,2,1,1,0,Madison,2022-12-09
0,1,1,0,0,Martin,2022-07-03
0,2,1,1,0,Martin,2022-07-16
0,3,1,2,0,Martin,2022-07-17
0,3,1,2,0,Martin,2022-08-07
0,6,1,5,0,Martin,2022-08-30
0,8,1,7,0,Martin,2022-09-06
0,9,1,8,0,Martin,2022-09-07
0,4,1,3,0,Martin,2022-09-29
0,2,1,1,0,Martin,2022-10-01
0,1,1,0,0,Martin,2022-10-08
0,2,1,1,0,Martin,2022-10-09
0,3,1,2,0,Martin,2022-10-24
0,2,1,1,0,Martin,2022-11-18
0,15,1,14,0,McDowell,2022-07-23
0,18,1,17,0,McDowell,2022-08-10
0,12,1,11,0,McDowell,2022-09-02
0,6,1,5,0,McDowell,2022-09-21
0,5,1,4,0,McDowell,2022-10-25
0,6,1,5,0,McDowell,2022-11-13
0,6,1,5,0,McDowell,2022-11-19
0,5,1,4,0,Mitchell,2022-06-23
0,5,1,4,0,Mitchell,2022-06-26
0,3,1,2,0,Mitchell,2022-06-29
0,2,1,1,0,Mitchell,2022-07-16
0,5,1,4,0,Mitchell,2022-07-21
0,2,1,1,0,Mitchell,2022-07-31
0,5,1,4,0,Mitchell,2022-08-06
0,2,1,1,0,Mitchell,2022-08-20
0,3,1,2,0,Mitchell,2022-08-21
0,1,1,0,0,Mitchell,2022-08-26
0,1,1,0,0,Mitchell,2022-08-31
0,4,1,3,0,Mitchell,2022-09-07
0,2,1,1,0,Mitchell,2022-09-14
0,1,1,0,0,Mitchell,2022-09-19
0,1,1,0,0,Mitchell,2022-09-22
0,1,1,0,0,Mitchell,2022-10-04
0,1,1,0,0,Mitchell,2022-10-05
0,1,1,0,0,Mitchell,2022-10-10
0,1,1,0,0,Mitchell,2022-10-15
0,1,1,0,0,Mitchell,2022-10-25
0,2,1,1,0,Mitchell,2022-10-31
0,2,1,1,0,Mitchell,2022-11-09
0,1,1,0,0,Mitchell,2022-11-10
0,2,1,1,0,Mitchell,2022-11-11
0,1,1,0,0,Mitchell,2022-11-14
0,1,1,0,0,Mitchell,2022-11-28
0,1,1,0,0,Mitchell,2022-11-29
0,3,1,2,0,Mitchell,2022-12-02
0,3,1,2,0,Montgomery,2022-07-02
0,3,1,2,0,Montgomery,2022-07-10
0,6,1,5,0,Montgomery,2022-07-30
0,2,1,1,0,Montgomery,2022-07-31
0,5,1,4,0,Montgomery,2022-08-15
0,3,1,2,0,Montgomery,2022-08-18
0,6,1,5,0,Montgomery,2022-09-28
0,4,1,3,0,Montgomery,2022-10-06
0,2,1,1,0,Montgomery,2022-10-31
0,2,1,1,0,Montgomery,2022-11-06
0,2,1,1,0,Montgomery,2022-11-29
0,1,1,0,0,Montgomery,2022-11-30
0,5,1,4,0,Montgomery,2022-12-05
0,1,1,0,0,Montgomery,2022-12-09
0,9,1,8,0,Moore,2022-11-22
0,11,1,10,0,Moore,2022-12-06
0,3,1,2,0,Nash,2022-11-10
0,4,1,3,0,Nash,2022-11-14
0,6,1,5,0,Nash,2022-11-17
0,3,1,2,0,Nash,2022-11-19
0,2,1,1,0,Nash,2022-11-23
0,8,1,7,0,New Hanover,2022-10-15
0,6,1,5,0,New Hanover,2022-10-23
0,6,1,5,0,Northampton,2022-07-08
0,3,1,2,0,Northampton,2022-07-17
0,4,1,3,0,Northampton,2022-08-26
0,2,1,1,0,Northampton,2022-08-27
0,3,1,2,0,Northampton,2022-08-28
0,3,1,2,0,Northampton,2022-09-01
0,1,1,0,0,Northampton,2022-10-01
0,4,1,3,0,Northampton,2022-10-25
0,2,1,1,0,Northampton,2022-10-29
0,1,1,0,0,Northampton,2022-11-08
0,2,1,1,0,Northampton,2022-11-16
0,2,1,1,0,Northampton,2022-11-18
0,2,1,1,0,Northampton,2022-11-27
0,5,1,4,0,Onslow,2022-10-09
0,2,1,1,0,Onslow,2022-11-20
0,14,1,13,0,Orange,2022-09-04
0,12,1,11,0,Orange,2022-10-02
0,5,1,4,0,Orange,2022-10-09
0,10,1,9,0,Orange,2022-11-15
0,15,1,14,0,Orange,2022-11-26
0,10,1,9,0,Orange,2022-12-03
0,4,1,3,0,Pamlico,2022-06-22
0,4,1,3,0,Pamlico,2022-06-23
0,3,1,2,0,Pamlico,2022-06-26
0,4,1,3,0,Pamlico,2022-06-30
0,5,1,4,0,Pamlico,2022-07-01
0,2,1,1,0,Pamlico,2022-07-12
0,2,1,1,0,Pamlico,2022-07-17
0,1,1,0,0,Pamlico,2022-08-23
0,2,1,1,0,Pamlico,2022-08-25
0,4,1,3,0,Pamlico,2022-08-29
0,1,1,0,0,Pamlico,2022-08-31
0,4,1,3,0,Pamlico,2022-09-04
0,1,1,0,0,Pamlico,2022-09-09
0,1,1,0,0,Pamlico,2022-09-11
0,2,1,1,0,Pamlico,2022-09-28
0,2,1,1,0,Pamlico,2022-10-03
0,2,1,1,0,Pamlico,2022-10-06
0,2,1,1,0,Pamlico,2022-10-11
0,3,1,2,0,Pamlico,2022-10-18
0,2,1,1,0,Pamlico,2022-11-03
0,3,1,2,0,Pamlico,2022-11-04
0,3,1,2,0,Pamlico,2022-11-14
0,1,1,0,0,Pamlico,2022-11-30
0,2,1,1,0,Pamlico,2022-12-05
0,6,1,5,0,Pasquotank,2022-06-25
0,2,1,1,0,Pasquotank,2022-08-14
0,5,1,4,0,Pasquotank,2022-08-25
0,4,1,3,0,Pasquotank,2022-09-11
0,3,1,2,0,Pasquotank,2022-09-22
0,4,1,3,0,Pasquotank,2022-09-27
0,1,1,0,0,Pasquotank,2022-10-02
0,2,1,1,0,Pasquotank,2022-10-18
0,4,1,3,0,Pasquotank,2022-10-28
0,1,1,0,0,Pasquotank,2022-11-16
0,2,1,1,0,Pasquotank,2022-11-17
0,4,1,3,0,Pasquotank,2022-11-21
0,3,1,2,0,Pasquotank,2022-11-22
0,3,1,2,0,Pasquotank,2022-11-25
0,2,1,1,0,Pasquotank,2022-12-06
0,8,1,7,0,Pender,2022-06-18
0,19,1,18,0,Pender,2022-07-29
0,7,1,6,0,Pender,2022-08-26
0,8,1,7,0,Pender,2022-08-27
0,7,1,6,0,Pender,2022-09-03
0,2,1,1,0,Pender,2022-09-25
0,6,1,5,0,Pender,2022-10-03
0,6,1,5,0,Pender,2022-10-06
0,4,1,3,0,Pender,2022-10-08
0,5,1,4,0,Pender,2022-10-16
0,2,1,1,0,Pender,2022-10-30
0,3,1,2,0,Pender,2022-10-31
0,3,1,2,0,Pender,2022-11-08
0,6,1,5,0,Pender,2022-11-16
0,3,1,2,0,Pender,2022-11-20
0,12,1,11,0,Pender,2022-12-05
0,8,1,7,0,Pender,2022-12-09
0,6,1,5,0,Pender,2022-12-10
0,4,1,3,0,Perquimans,2022-06-21
0,3,1,2,0,Perquimans,2022-06-25
0,3,1,2,0,Perquimans,2022-06-29
0,2,1,1,0,Perquimans,2022-07-01
0,2,1,1,0,Perquimans,2022-07-09
0,2,1,1,0,Perquimans,2022-07-16
0,3,1,2,0,Perquimans,2022-07-30
0,5,1,4,0,Perquimans,2022-08-02
0,1,1,0,0,Perquimans,2022-09-10
0,3,1,2,0,Perquimans,2022-09-14
0,1,1,0,0,Perquimans,2022-09-18
0,3,1,2,0,Perquimans,2022-09-25
0,2,1,1,0,Perquimans,2022-09-27
0,1,1,0,0,Perquimans,2022-10-08
0,1,1,0,0,Perquimans,2022-10-15
0,1,1,0,0,Perquimans,2022-10-20
0,3,1,2,0,Perquimans,2022-10-21
0,2,1,1,0,Perquimans,2022-10-29
0,2,1,1,0,Perquimans,2022-10-31
0,1,1,0,0,Perquimans,2022-11-01
0,3,1,2,0,Perquimans,2022-11-02
0,1,1,0,0,Perquimans,2022-11-08
0,1,1,0,0,Perquimans,2022-11-13
0,2,1,1,0,Perquimans,2022-11-16
0,11,1,10,0,Person,2022-06-30
0,7,1,6,0,Person,2022-07-31
0,5,1,4,0,Person,2022-09-09
0,2,1,1,0,Person,2022-09-17
0,1,1,0,0,Person,2022-10-02
0,4,1,3,0,Person,2022-10-03
0,1,1,0,0,Person,2022-10-08
0,2,1,1,0,Person,2022-10-12
0,8,1,7,0,Person,2022-11-01
0,3,1,2,0,Person,2022-11-05
0,7,1,6,0,Person,2022-11-07
0,4,1,3,0,Person,2022-11-13
0,3,1,2,0,Person,2022-11-18
0,9,1,8,0,Person,2022-11-28
0,6,1,5,0,Person,2022-12-02
0,3,1,2,0,Person,2022-12-03
0,11,1,10,0,Pitt,2022-10-09
0,2,1,1,0,Polk,2022-06-17
0,4,1,3,0,Polk,2022-06-26
0,3,1,2,0,Polk,2022-08-04
0,3,1,2,0,Polk,2022-08-13
0,1,1,0,0,Polk,2022-08-20
0,3,1,2,0,Polk,2022-08-23
0,3,1,2,0,Polk,2022-08-26
0,1,1,0,0,Polk,2022-09-05
0,2,1,1,0,Polk,2022-09-12
0,3,1,2,0,Polk,2022-09-24
0,2,1,1,0,Polk,2022-09-25
0,2,1,1,0,Polk,2022-09-28
0,1,1,0,0,Polk,2022-10-01
0,1,1,0,0,Polk,2022-10-03
0,1,1,0,0,Polk,2022-10-07
0,1,1,0,0,Polk,2022-10-08
0,2,1,1,0,Polk,2022-10-10
0,2,1,1,0,Polk,2022-10-15
0,2,1,1,0,Polk,2022-10-22
0,2,1,1,0,Polk,2022-11-02
0,1,1,0,0,Polk,2022-11-08
0,1,1,0,0,Polk,2022-11-09
0,2,1,1,0,Polk,2022-11-11
0,2,1,1,0,Polk,2022-11-20
0,1,1,0,0,Polk,2022-11-25
0,1,1,0,0,Polk,2022-11-26
0,1,1,0,0,Polk,2022-11-27
0,1,1,0,0,Polk,2022-12-02
0,1,1,0,0,Polk,2022-12-03
0,1,1,0,0,Polk,2022-12-08
0,10,1,9,0,Richmond,2022-06-26
0,7,1,6,0,Richmond,2022-09-27
0,3,1,2,0,Richmond,2022-09-29
0,7,1,6,0,Richmond,2022-10-07
0,2,1,1,0,Richmond,2022-10-21
0,3,1,2,0,Richmond,2022-10-25
0,4,1,3,0,Richmond,2022-11-01
0,1,1,0,0,Richmond,2022-11-09
0,3,1,2,0,Richmond,2022-11-22
0,3,1,2,0,Richmond,2022-11-23
0,1,1,0,0,Richmond,2022-11-27
0,7,1,6,0,Rockingham,2022-08-07
0,6,1,5,0,Rockingham,2022-10-17
0,7,1,6,0,Rockingham,2022-10-26
0,5,1,4,0,Rockingham,2022-10-28
0,11,1,10,0,Rockingham,2022-10-31
0,6,1,5,0,Rockingham,2022-11-15
0,8,1,7,0,Rockingham,2022-11-18
0,1,1,0,0,Rockingham,2022-11-24
0,4,1,3,0,Rockingham,2022-12-03
0,5,1,4,0,Rowan,2022-10-15
0,4,1,3,0,Rowan,2022-11-13
0,5,1,4,0,Rutherford,2022-09-11
0,6,1,5,0,Rutherford,2022-09-27
0,4,1,3,0,Rutherford,2022-10-01
0,6,1,5,0,Rutherford,2022-10-24
0,4,1,3,0,Rutherford,2022-11-16
0,5,1,4,0,Rutherford,2022-11-20
0,5,1,4,0,Sampson,2022-06-19
0,3,1,2,0,Sampson,2022-10-30
0,2,1,1,0,Sampson,2022-11-10
0,3,1,2,0,Sampson,2022-11-23
0,3,1,2,0,Scotland,2022-09-22
0,2,1,1,0,Scotland,2022-10-08
0,1,1,0,0,Scotland,2022-10-10
0,1,1,0,0,Scotland,2022-10-11
0,4,1,3,0,Scotland,2022-10-17
0,4,1,3,0,Scotland,2022-10-18
0,4,1,3,0,Scotland,2022-10-20
0,1,1,0,0,Scotland,2022-10-23
0,1,1,0,0,Scotland,2022-11-02
0,1,1,0,0,Scotland,2022-11-06
0,1,1,0,0,Scotland,2022-11-13
0,1,1,0,0,Scotland,2022-11-15
0,2,1,1,0,Scotland,2022-11-27
0,2,1,1,0,Scotland,2022-12-05
0,3,1,2,0,Scotland,2022-12-07
0,9,1,8,0,Stanly,2022-11-02
0,6,1,5,0,Stanly,2022-11-08
0,5,1,4,0,Stanly,2022-11-09
0,7,1,6,0,Stokes,2022-09-04
0,4,1,3,0,Stokes,2022-11-24
0,5,1,4,0,Surry,2022-09-18
0,3,1,2,0,Surry,2022-10-16
0,4,1,3,0,Surry,2022-10-29
0,3,1,2,0,Swain,2022-07-01
0,1,1,0,0,Swain,2022-07-04
0,4,1,3,0,Swain,2022-07-16
0,10,1,9,0,Swain,2022-07-18
0,3,1,2,0,Swain,2022-07-30
0,3,1,2,0,Swain,2022-08-06
0,2,1,1,0,Swain,2022-08-16
0,2,1,1,0,Swain,2022-08-20
0,4,1,3,0,Swain,2022-08-25
0,6,1,5,0,Swain,2022-08-26
0,5,1,4,0,Swain,2022-09-18
0,2,1,1,0,Swain,2022-09-19
0,1,1,0,0,Swain,2022-09-23
0,1,1,0,0,Swain,2022-10-02
0,1,1,0,0,Swain,2022-10-12
0,2,1,1,0,Swain,2022-10-17
0,1,1,0,0,Swain,2022-10-19
0,4,1,3,0,Swain,2022-10-20
0,1,1,0,0,Swain,2022-10-22
0,2,1,1,0,Swain,2022-10-25
0,6,1,5,0,Swain,2022-11-03
0,3,1,2,0,Swain,2022-11-05
0,2,1,1,0,Swain,2022-11-06
0,1,1,0,0,Swain,2022-11-14
0,1,1,0,0,Swain,2022-11-16
0,1,1,0,0,Swain,2022-11-28
0,1,1,0,0,Swain,2022-12-01
0,1,1,0,0,Swain,2022-12-03
0,4,1,3,0,Transylvania,2022-06-26
0,10,1,9,0,Transylvania,2022-07-28
0,7,1,6,0,Transylvania,2022-08-06
0,7,1,6,0,Transylvania,2022-08-10
0,4,1,3,0,Transylvania,2022-08-14
0,4,1,3,0,Transylvania,2022-08-21
0,5,1,4,0,Transylvania,2022-10-03
0,4,1,3,0,Transylvania,2022-10-07
0,3,1,2,0,Transylvania,2022-10-09
0,5,1,4,0,Transylvania,2022-10-16
0,6,1,5,0,Transylvania,2022-10-17
0,3,1,2,0,Transylvania,2022-10-22
0,4,1,3,0,Transylvania,2022-10-23
0,5,1,4,0,Transylvania,2022-10-25
0,5,1,4,0,Transylvania,2022-10-27
0,4,1,3,0,Transylvania,2022-10-28
0,2,1,1,0,Transylvania,2022-11-06
0,3,1,2,0,Transylvania,2022-11-07
0,1,1,0,0,Transylvania,2022-11-10
0,4,1,3,0,Transylvania,2022-11-12
0,1,1,0,0,Transylvania,2022-11-13
0,3,1,2,0,Transylvania,2022-11-14
0,1,1,0,0,Transylvania,2022-11-16
0,4,1,3,0,Transylvania,2022-11-20
0,1,1,0,0,Transylvania,2022-11-26
0,1,1,0,0,Transylvania,2022-11-30
0,2,1,1,0,Transylvania,2022-12-01
0,1,1,0,0,Tyrrell,2022-06-16
0,2,1,1,0,Tyrrell,2022-07-18
0,1,1,0,0,Tyrrell,2022-08-03
0,2,1,1,0,Tyrrell,2022-08-08
0,2,1,1,0,Tyrrell,2022-08-09
0,2,1,1,0,Tyrrell,2022-08-16
0,1,1,0,0,Tyrrell,2022-08-21
0,2,1,1,0,Tyrrell,2022-08-25
0,1,1,0,0,Tyrrell,2022-08-27
0,1,1,0,0,Tyrrell,2022-09-01
0,4,1,3,0,Tyrrell,2022-09-21
0,1,1,0,0,Tyrrell,2022-09-26
0,2,1,1,0,Tyrrell,2022-09-27
0,1,1,0,0,Tyrrell,2022-10-04
0,1,1,0,0,Tyrrell,2022-10-12
0,1,1,0,0,Tyrrell,2022-10-21
0,2,1,1,0,Tyrrell,2022-10-24
0,9,1,8,0,Union,2022-11-12
0,9,1,8,0,Vance,2022-06-18
0,2,1,1,0,Vance,2022-06-19
0,10,1,9,0,Vance,2022-07-10
0,2,1,1,0,Vance,2022-09-24
0,6,1,5,0,Vance,2022-11-03
0,2,1,1,0,Vance,2022-11-18
0,4,1,3,0,Vance,2022-11-21
0,2,1,1,0,Vance,2022-11-26
0,4,1,3,0,Vance,2022-12-01
0,6,1,5,0,Vance,2022-12-03
0,3,1,2,0,Warren,2022-06-14
0,7,1,6,0,Warren,2022-06-15
0,6,1,5,0,Warren,2022-06-21
0,2,1,1,0,Warren,2022-06-24
0,2,1,1,0,Warren,2022-07-04
0,4,1,3,0,Warren,2022-07-24
0,4,1,3,0,Warren,2022-07-30
0,4,1,3,0,Warren,2022-08-06
0,8,1,7,0,Warren,2022-08-17
0,3,1,2,0,Warren,2022-08-19
0,3,1,2,0,Warren,2022-08-20
0,5,1,4,0,Warren,2022-08-25
0,3,1,2,0,Warren,2022-09-04
0,2,1,1,0,Warren,2022-09-07
0,6,1,5,0,Warren,2022-09-08
0,2,1,1,0,Warren,2022-09-11
0,6,1,5,0,Warren,2022-09-19
0,8,1,7,0,Warren,2022-09-27
0,1,1,0,0,Warren,2022-09-28
0,3,1,2,0,Warren,2022-11-01
0,3,1,2,0,Warren,2022-11-03
0,1,1,0,0,Warren,2022-11-15
0,1,1,0,0,Warren,2022-11-16
0,1,1,0,0,Warren,2022-11-18
0,3,1,2,0,Warren,2022-12-02
0,1,1,0,0,Warren,2022-12-05
0,4,1,3,0,Washington,2022-06-14
0,2,1,1,0,Washington,2022-06-18
0,6,1,5,0,Washington,2022-06-19
0,2,1,1,0,Washington,2022-06-21
0,6,1,5,0,Washington,2022-06-29
0,3,1,2,0,Washington,2022-07-07
0,2,1,1,0,Washington,2022-07-08
0,2,1,1,0,Washington,2022-07-10
0,5,1,4,0,Washington,2022-07-13
0,5,1,4,0,Washington,2022-07-15
0,5,1,4,0,Washington,2022-08-15
0,1,1,0,0,Washington,2022-08-27
0,3,1,2,0,Washington,2022-09-08
0,3,1,2,0,Washington,2022-09-14
0,3,1,2,0,Washington,2022-09-16
0,3,1,2,0,Washington,2022-09-23
0,3,1,2,0,Washington,2022-09-24
0,2,1,1,0,Washington,2022-10-06
0,4,1,3,0,Washington,2022-10-11
0,1,1,0,0,Washington,2022-10-22
0,1,1,0,0,Washington,2022-10-25
0,1,1,0,0,Washington,2022-10-31
0,1,1,0,0,Washington,2022-11-01
0,1,1,0,0,Washington,2022-11-03
0,7,1,6,0,Watauga,2022-06-16
0,8,1,7,0,Watauga,2022-06-17
0,11,1,10,0,Watauga,2022-06-21
0,8,1,7,0,Watauga,2022-06-28
0,3,1,2,0,Watauga,2022-07-02
0,14,1,13,0,Watauga,2022-07-18
0,10,1,9,0,Watauga,2022-07-20
0,6,1,5,0,Watauga,2022-07-30
0,5,1,4,0,Watauga,2022-08-28
0,6,1,5,0,Watauga,2022-09-10
0,12,1,11,0,Watauga,2022-09-16
0,2,1,1,0,Watauga,2022-10-08
0,6,1,5,0,Watauga,2022-10-10
0,8,1,7,0,Watauga,2022-10-27
0,6,1,5,0,Watauga,2022-10-28
0,7,1,6,0,Watauga,2022-11-10
0,6,1,5,0,Watauga,2022-11-11
0,2,1,1,0,Watauga,2022-11-12
0,4,1,3,0,Watauga,2022-11-13
0,4,1,3,0,Watauga,2022-12-02
0,5,1,4,0,Watauga,2022-12-09
0,9,1,8,0,Wayne,2022-10-30
0,5,1,4,0,Wayne,2022-12-03
0,7,1,6,0,Wilkes,2022-11-05
0,3,1,2,0,Wilkes,2022-11-15
0,1,1,0,0,Wilkes,2022-11-17
0,2,1,1,0,Wilkes,2022-11-22
0,4,1,3,0,Wilson,2022-10-02
0,4,1,3,0,Wilson,2022-10-15
0,2,1,1,0,Wilson,2022-10-23
0,5,1,4,0,Wilson,2022-11-16
0,3,1,2,0,Wilson,2022-11-20
0,3,1,2,0,Wilson,2022-11-23
0,16,1,15,0,Yadkin,2022-10-03
0,6,1,5,0,Yadkin,2022-10-07
0,2,1,1,0,Yadkin,2022-10-28
0,6,1,5,0,Yadkin,2022-11-10
0,3,1,2,0,Yadkin,2022-11-14
0,2,1,1,0,Yadkin,2022-12-04
0,6,1,5,0,Yadkin,2022-12-07
0,2,1,1,0,Yancey,2022-06-28
0,1,1,0,0,Yancey,2022-07-09
0,1,1,0,0,Yancey,2022-07-17
0,4,1,3,0,Yancey,2022-07-19
0,5,1,4,0,Yancey,2022-07-25
0,3,1,2,0,Yancey,2022-08-31
0,1,1,0,0,Yancey,2022-09-03
0,3,1,2,0,Yancey,2022-09-09
0,2,1,1,0,Yancey,2022-09-25
0,1,1,0,0,Yancey,2022-10-26
0,1,1,0,0,Yancey,2022-10-27
0,2,1,1,0,Yancey,2022-11-02
0,1,1,0,0,Yancey,2022-11-05
0,2,1,1,0,Yancey,2022-11-22
0,2,1,1,0,Yancey,2022-11-26
0,4,1,3,0,Yancey,2022-11-29
0,2,1,1,0,Yancey,2022-12-01
0,1,1,0,0,Yancey,2022-12-10
1,21,1,20,0,Alamance,2022-09-25
1,15,1,14,0,Alamance,2022-11-16
1,4,1,3,0,Alexander,2022-06-15
1,8,1,7,0,Alexander,2022-06-20
1,1,1,0,0,Alexander,2022-06-26
1,7,1,6,0,Alexander,2022-07-01
1,7,1,6,0,Alexander,2022-07-04
1,7,1,6,0,Alexander,2022-08-20
1,7,1,6,0,Alexander,2022-08-31
1,3,1,2,0,Alexander,2022-09-25
1,5,1,4,0,Alexander,2022-10-01
1,7,1,6,0,Alexander,2022-10-22
1,2,1,1,0,Alexander,2022-11-03
1,4,1,3,0,Alexander,2022-11-06
1,4,1,3,0,Alexander,2022-11-25
1,4,1,3,0,Alexander,2022-12-01
1,3,1,2,0,Alexander,2022-12-03
1,1,1,0,0,Alleghany,2022-06-19
1,2,1,1,0,Alleghany,2022-06-22
1,5,1,4,0,Alleghany,2022-07-19
1,2,1,1,0,Alleghany,2022-07-27
1,3,1,2,0,Alleghany,2022-08-14
1,3,1,2,0,Alleghany,2022-09-11
1,1,1,0,0,Alleghany,2022-09-15
1,1,1,0,0,Alleghany,2022-09-26
1,3,1,2,0,Alleghany,2022-10-11
1,1,1,0,0,Alleghany,2022-10-20
1,1,1,0,0,Alleghany,2022-11-10
1,1,1,0,0,Alleghany,2022-11-18
1,1,1,0,0,Alleghany,2022-12-02
1,2,1,1,0,Alleghany,2022-12-03
1,14,1,13,0,Anson,2022-06-21
1,6,1,5,0,Anson,2022-07-04
1,11,1,10,0,Anson,2022-08-19
1,6,1,5,0,Anson,2022-09-10
1,7,1,6,0,Anson,2022-09-15
1,3,1,2,0,Anson,2022-09-17
1,3,1,2,0,Anson,2022-09-29
1,7,1,6,0,Anson,2022-10-06
1,3,1,2,0,Anson,2022-10-31
1,2,1,1,0,Anson,2022-11-04
1,3,1,2,0,Anson,2022-11-07
1,3,1,2,0,Anson,2022-11-09
1,3,1,2,0,Anson,2022-11-18
1,4,1,3,0,Anson,2022-12-07
1,5,1,4,0,Ashe,2022-07-01
1,7,1,6,0,Ashe,2022-07-14
1,2,1,1,0,Ashe,2022-09-16
1,2,1,1,0,Ashe,2022-10-28
1,1,1,0,0,Ashe,2022-10-29
1,2,1,1,0,Ashe,2022-11-03
1,3,1,2,0,Avery,2022-06-16
1,5,1,4,0,Avery,2022-07-17
1,2,1,1,0,Avery,2022-07-24
1,3,1,2,0,Avery,2022-09-08
1,1,1,0,0,Avery,2022-11-10
1,1,1,0,0,Avery,2022-11-14
1,1,1,0,0,Avery,2022-12-03
1,11,1,10,0,Beaufort,2022-06-20
1,6,1,5,0,Beaufort,2022-07-04
1,5,1,4,0,Beaufort,2022-08-14
1,15,1,14,0,Beaufort,2022-08-19
1,6,1,5,0,Beaufort,2022-08-27
1,11,1,10,0,Beaufort,2022-08-30
1,4,1,3,0,Beaufort,2022-09-10
1,5,1,4,0,Beaufort,2022-10-08
1,4,1,3,0,Beaufort,2022-11-21
1,6,1,5,0,Beaufort,2022-11-26
1,2,1,1,0,Beaufort,2022-12-03
1,4,1,3,0,Beaufort,2022-12-04
1,4,1,3,0,Bertie,2022-07-06
1,10,1,9,0,Bertie,2022-07-28
1,4,1,3,0,Bertie,2022-07-29
1,9,1,8,0,Bertie,2022-08-03
1,7,1,6,0,Bertie,2022-09-15
1,5,1,4,0,Bertie,2022-10-03
1,2,1,1,0,Bertie,2022-10-18
1,3,1,2,0,Bertie,2022-11-09
1,4,1,3,0,Bertie,2022-11-14
1,1,1,0,0,Bertie,2022-11-26
1,4,1,3,0,Bertie,2022-11-29
1,6,1,5,0,Bertie,2022-12-08
1,3,1,2,0,Bertie,2022-12-09
1,9,1,8,0,Bladen,2022-07-16
1,5,1,4,0,Bladen,2022-07-17
1,20,1,19,0,Bladen,2022-08-04
1,9,1,8,0,Bladen,2022-08-14
1,8,1,7,0,Bladen,2022-09-02
1,8,1,7,0,Bladen,2022-09-26
1,3,1,2,0,Bladen,2022-10-12
1,2,1,1,0,Bladen,2022-11-22
1,2,1,1,0,Bladen,2022-11-25
1,8,1,7,0,Brunswick,2022-08-27
1,7,1,6,0,Brunswick,2022-11-12
1,9,1,8,0,Brunswick,2022-11-13
1,5,1,4,0,Brunswick,2022-11-17
1,8,1,7,0,Brunswick,2022-11-19
1,13,1,12,0,Buncombe,2022-10-08
1,16,1,15,0,Burke,2022-08-26
1,17,1,16,0,Burke,2022-09-24
1,9,1,8,0,Burke,2022-10-08
1,3,1,2,0,Burke,2022-11-13
1,8,1,7,0,Burke,2022-11-16
1,15,1,14,0,Caldwell,2022-10-07
1,10,1,9,0,Caldwell,2022-10-21
1,16,1,15,0,Caldwell,2022-11-08
1,7,1,6,0,Caldwell,2022-11-20
1,4,1,3,0,Camden,2022-07-27
1,1,1,0,0,Camden,2022-09-07
1,2,1,1,0,Camden,2022-09-12
1,1,1,0,0,Camden,2022-10-03
1,1,1,0,0,Camden,2022-10-07
1,2,1,1,0,Camden,2022-11-29
1,4,1,3,0,Carteret,2022-09-11
1,5,1,4,0,Carteret,2022-10-02
1,2,1,1,0,Carteret,2022-10-09
1,1,1,0,0,Carteret,2022-11-06
1,1,1,0,0,Carteret,2022-11-21
1,3,1,2,0,Carteret,2022-11-30
1,3,1,2,0,Carteret,2022-12-03
1,7,1,6,0,Caswell,2022-06-21
1,6,1,5,0,Caswell,2022-06-23
1,3,1,2,0,Caswell,2022-07-03
1,5,1,4,0,Caswell,2022-07-19
1,7,1,6,0,Caswell,2022-07-23
1,10,1,9,0,Caswell,2022-07-27
1,6,1,5,0,Caswell,2022-08-04
1,3,1,2,0,Caswell,2022-09-27
1,29,1,28,0,Chatham,2022-06-21
1,4,1,3,0,Chatham,2022-07-04
1,4,1,3,0,Chatham,2022-11-17
1,7,1,6,0,Cherokee,2022-06-23
1,5,1,4,0,Cherokee,2022-06-30
1,8,1,7,0,Cherokee,2022-07-09
1,6,1,5,0,Cherokee,2022-08-06
1,12,1,11,0,Cherokee,2022-08-08
1,6,1,5,0,Cherokee,2022-08-18
1,1,1,0,0,Cherokee,2022-09-23
1,1,1,0,0,Cherokee,2022-09-25
1,1,1,0,0,Cherokee,2022-10-02
1,4,1,3,0,Cherokee,2022-10-07
1,3,1,2,0,Cherokee,2022-10-16
1,3,1,2,0,Cherokee,2022-10-19
1,4,1,3,0,Cherokee,2022-10-20
1,2,1,1,0,Cherokee,2022-11-03
1,3,1,2,0,Cherokee,2022-11-07
1,1,1,0,0,Cherokee,2022-11-11
1,4,1,3,0,Cherokee,2022-11-16
1,2,1,1,0,Cherokee,2022-11-30
1,3,1,2,0,Cherokee,2022-12-10
1,3,1,2,0,Chowan,2022-06-29
1,5,1,4,0,Chowan,2022-07-07
1,4,1,3,0,Chowan,2022-07-31
1,10,1,9,0,Chowan,2022-08-09
1,6,1,5,0,Chowan,2022-08-29
1,2,1,1,0,Chowan,2022-09-05
1,2,1,1,0,Chowan,2022-09-21
1,3,1,2,0,Chowan,2022-09-29
1,1,1,0,0,Chowan,2022-10-30
1,2,1,1,0,Chowan,2022-11-01
1,5,1,4,0,Clay,2022-06-21
1,6,1,5,0,Clay,2022-07-14
1,8,1,7,0,Clay,2022-07-22
1,4,1,3,0,Clay,2022-07-27
1,5,1,4,0,Clay,2022-08-12
1,3,1,2,0,Clay,2022-09-13
1,2,1,1,0,Clay,2022-09-19
1,1,1,0,0,Clay,2022-09-25
1,1,1,0,0,Clay,2022-11-22
1,1,1,0,0,Clay,2022-11-28
1,7,1,6,0,Cleveland,2022-09-17
1,17,1,16,0,Cleveland,2022-09-28
1,3,1,2,0,Cleveland,2022-10-09
1,6,1,5,0,Cleveland,2022-10-17
1,3,1,2,0,Cleveland,2022-10-30
1,8,1,7,0,Cleveland,2022-11-16
1,10,1,9,0,Cleveland,2022-12-03
1,7,1,6,0,Columbus,2022-07-30
1,4,1,3,0,Columbus,2022-08-06
1,4,1,3,0,Columbus,2022-09-11
1,3,1,2,0,Columbus,2022-10-02
1,3,1,2,0,Columbus,2022-11-05
1,3,1,2,0,Columbus,2022-11-07
1,3,1,2,0,Columbus,2022-11-19
1,20,1,19,0,Craven,2022-08-25
1,8,1,7,0,Craven,2022-10-20
1,2,1,1,0,Craven,2022-10-22
1,10,1,9,0,Craven,2022-11-06
1,4,1,3,0,Currituck,2022-06-15
1,6,1,5,0,Currituck,2022-06-20
1,6,1,5,0,Currituck,2022-06-27
1,7,1,6,0,Currituck,2022-06-29
1,3,1,2,0,Currituck,2022-07-03
1,2,1,1,0,Currituck,2022-09-04
1,5,1,4,0,Currituck,2022-09-17
1,2,1,1,0,Currituck,2022-09-27
1,3,1,2,0,Currituck,2022-10-05
1,4,1,3,0,Currituck,2022-10-18
1,3,1,2,0,Currituck,2022-10-30
1,1,1,0,0,Currituck,2022-11-05
1,7,1,6,0,Dare,2022-06-22
1,12,1,11,0,Dare,2022-07-22
1,6,1,5,0,Dare,2022-07-26
1,7,1,6,0,Dare,2022-10-11
1,14,1,13,0,Davidson,2022-10-22
1,7,1,6,0,Davidson,2022-11-11
1,14,1,13,0,Davidson,2022-12-03
1,11,1,10,0,Davie,2022-07-10
1,14,1,13,0,Davie,2022-08-18
1,11,1,10,0,Davie,2022-08-23
1,6,1,5,0,Davie,2022-08-27
1,5,1,4,0,Davie,2022-09-10
1,6,1,5,0,Davie,2022-09-17
1,8,1,7,0,Davie,2022-09-18
1,6,1,5,0,Davie,2022-09-25
1,1,1,0,0,Davie,2022-10-27
1,3,1,2,0,Davie,2022-10-31
1,5,1,4,0,Davie,2022-12-09
1,3,1,2,0,Duplin,2022-09-24
1,2,1,1,0,Duplin,2022-11-03
1,2,1,1,0,Duplin,2022-11-11
1,3,1,2,0,Duplin,2022-11-18
1,18,1,17,0,Durham,2022-10-09
1,2,1,1,0,Edgecombe,2022-10-15
1,6,1,5,0,Edgecombe,2022-11-01
1,3,1,2,0,Edgecombe,2022-11-08
1,5,1,4,0,Edgecombe,2022-11-14
1,13,1,12,0,Franklin,2022-06-18
1,11,1,10,0,Franklin,2022-09-29
1,3,1,2,0,Franklin,2022-10-21
1,10,1,9,0,Franklin,2022-10-27
1,4,1,3,0,Franklin,2022-11-03
1,8,1,7,0,Franklin,2022-11-05
1,7,1,6,0,Franklin,2022-11-07
1,4,1,3,0,Franklin,2022-11-10
1,6,1,5,0,Franklin,2022-11-12
1,6,1,5,0,Franklin,2022-11-14
1,5,1,4,0,Franklin,2022-11-22
1,9,1,8,0,Franklin,2022-12-01
1,6,1,5,0,Franklin,2022-12-02
1,3,1,2,0,Franklin,2022-12-03
1,7,1,6,0,Franklin,2022-12-10
1,14,1,13,0,Gaston,2022-10-01
1,17,1,16,0,Gaston,2022-10-30
1,1,1,0,0,Gates,2022-06-23
1,3,1,2,0,Gates,2022-08-02
1,3,1,2,0,Gates,2022-08-05
1,1,1,0,0,Gates,2022-08-18
1,6,1,5,0,Gates,2022-09-07
1,4,1,3,0,Gates,2022-10-13
1,1,1,0,0,Gates,2022-12-07
1,1,1,0,0,Graham,2022-06-14
1,2,1,1,0,Graham,2022-06-16
1,3,1,2,0,Graham,2022-06-27
1,2,1,1,0,Graham,2022-08-09
1,3,1,2,0,Graham,2022-08-12
1,2,1,1,0,Graham,2022-08-14
1,4,1,3,0,Graham,2022-08-17
1,4,1,3,0,Graham,2022-08-26
1,2,1,1,0,Graham,2022-09-13
1,2,1,1,0,Graham,2022-09-22
1,1,1,0,0,Graham,2022-10-08
1,1,1,0,0,Graham,2022-10-13
1,1,1,0,0,Graham,2022-10-28
1,1,1,0,0,Graham,2022-11-08
1,1,1,0,0,Graham,2022-11-27
1,1,1,0,0,Graham,2022-12-07
1,8,1,7,0,Granville,2022-06-19
1,20,1,19,0,Granville,2022-07-30
1,12,1,11,0,Granville,2022-09-10
1,18,1,17,0,Granville,2022-09-16
1,10,1,9,0,Granville,2022-09-26
1,2,1,1,0,Granville,2022-10-01
1,4,1,3,0,Granville,2022-10-07
1,7,1,6,0,Granville,2022-10-10
1,2,1,1,0,Granville,2022-11-02
1,13,1,12,0,Granville,2022-11-09
1,6,1,5,0,Granville,2022-11-22
1,3,1,2,0,Granville,2022-11-27
1,2,1,1,0,Granville,2022-12-03
1,8,1,7,0,Granville,2022-12-07
1,2,1,1,0,Greene,2022-07-04
1,3,1,2,0,Greene,2022-07-09
1,5,1,4,0,Greene,2022-07-23
1,7,1,6,0,Greene,2022-08-22
1,9,1,8,0,Greene,2022-10-17
1,4,1,3,0,Greene,2022-10-19
1,3,1,2,0,Greene,2022-11-01
1,3,1,2,0,Greene,2022-11-06
1,5,1,4,0,Greene,2022-12-08
1,7,1,6,0,Halifax,2022-07-03
1,5,1,4,0,Halifax,2022-07-04
1,28,1,27,0,Halifax,2022-08-05
1,16,1,15,0,Halifax,2022-09-04
1,3,1,2,0,Halifax,2022-09-25
1,5,1,4,0,Halifax,2022-10-01
1,7,1,6,0,Halifax,2022-10-09
1,6,1,5,0,Halifax,2022-10-13
1,4,1,3,0,Harnett,2022-10-29
1,18,1,17,0,Harnett,2022-11-03
1,3,1,2,0,Harnett,2022-11-19
1,4,1,3,0,Harnett,2022-11-24
1,6,1,5,0,Haywood,2022-09-11
1,4,1,3,0,Haywood,2022-11-16
1,3,1,2,0,Haywood,2022-11-20
1,5,1,4,0,Haywood,2022-11-23
1,3,1,2,0,Haywood,2022-11-24
1,6,1,5,0,Henderson,2022-11-24
1,7,1,6,0,Hertford,2022-06-16
1,7,1,6,0,Hertford,2022-08-06
1,2,1,1,0,Hertford,2022-08-15
1,4,1,3,0,Hertford,2022-08-23
1,4,1,3,0,Hertford,2022-08-24
1,2,1,1,0,Hertford,2022-10-18
1,2,1,1,0,Hertford,2022-11-08
1,4,1,3,0,Hertford,2022-11-22
1,2,1,1,0,Hertford,2022-12-03
1,13,1,12,0,Hoke,2022-07-09
1,4,1,3,0,Hoke,2022-09-27
1,7,1,6,0,Hoke,2022-10-07
1,7,1,6,0,Hoke,2022-10-10
1,6,1,5,0,Hoke,2022-10-15
1,4,1,3,0,Hoke,2022-10-25
1,7,1,6,0,Hoke,2022-11-01
1,5,1,4,0,Hoke,2022-11-03
1,4,1,3,0,Hoke,2022-11-12
1,5,1,4,0,Hoke,2022-11-16
1,6,1,5,0,Hoke,2022-11-29
1,3,1,2,0,Hyde,2022-06-16
1,2,1,1,0,Hyde,2022-07-14
1,2,1,1,0,Hyde,2022-08-13
1,2,1,1,0,Hyde,2022-09-13
1,7,1,6,0,Iredell,2022-11-12
1,10,1,9,0,Jackson,2022-07-26
1,7,1,6,0,Jackson,2022-08-14
1,4,1,3,0,Jackson,2022-09-04
1,4,1,3,0,Jackson,2022-09-24
1,5,1,4,0,Jackson,2022-10-04
1,3,1,2,0,Jackson,2022-10-13
1,4,1,3,0,Jackson,2022-10-20
1,2,1,1,0,Jackson,2022-10-21
1,5,1,4,0,Jackson,2022-10-27
1,7,1,6,0,Jackson,2022-10-28
1,4,1,3,0,Jackson,2022-11-18
1,3,1,2,0,Jackson,2022-11-20
1,14,1,13,0,Johnston,2022-10-09
1,8,1,7,0,Johnston,2022-11-06
1,7,1,6,0,Johnston,2022-11-19
1,4,1,3,0,Jones,2022-07-18
1,3,1,2,0,Jones,2022-07-25
1,5,1,4,0,Jones,2022-08-03
1,4,1,3,0,Jones,2022-08-05
1,4,1,3,0,Jones,2022-08-08
1,2,1,1,0,Jones,2022-08-23
1,1,1,0,0,Jones,2022-09-02
1,1,1,0,0,Jones,2022-09-25
1,2,1,1,0,Jones,2022-09-29
1,1,1,0,0,Jones,2022-10-17
1,2,1,1,0,Jones,2022-11-07
1,1,1,0,0,Jones,2022-11-30
1,10,1,9,0,Lee,2022-07-03
1,3,1,2,0,Lee,2022-10-16
1,8,1,7,0,Lee,2022-11-01
1,1,1,0,0,Lee,2022-11-06
1,7,1,6,0,Lee,2022-11-08
1,3,1,2,0,Lenoir,2022-08-27
1,5,1,4,0,Lenoir,2022-10-21
1,3,1,2,0,Lenoir,2022-10-30
1,7,1,6,0,Lenoir,2022-11-15
1,8,1,7,0,Lenoir,2022-11-21
1,3,1,2,0,Lenoir,2022-11-23
1,10,1,9,0,Lincoln,2022-07-04
1,11,1,10,0,Lincoln,2022-11-08
1,3,1,2,0,Lincoln,2022-11-20
1,5,1,4,0,Lincoln,2022-11-26
1,7,1,6,0,Macon,2022-06-29
1,15,1,14,0,Macon,2022-07-08
1,6,1,5,0,Macon,2022-07-24
1,9,1,8,0,Macon,2022-08-03
1,9,1,8,0,Macon,2022-08-05
1,6,1,5,0,Macon,2022-08-13
1,6,1,5,0,Macon,2022-08-16
1,7,1,6,0,Macon,2022-08-30
1,3,1,2,0,Macon,2022-09-07
1,5,1,4,0,Macon,2022-09-13
1,3,1,2,0,Macon,2022-10-06
1,2,1,1,0,Macon,2022-10-21
1,7,1,6,0,Macon,2022-12-09
1,3,1,2,0,Madison,2022-06-30
1,8,1,7,0,Madison,2022-07-05
1,3,1,2,0,Madison,2022-07-15
1,4,1,3,0,Madison,2022-07-26
1,2,1,1,0,Madison,2022-08-14
1,2,1,1,0,Madison,2022-10-15
1,3,1,2,0,Madison,2022-10-21
1,2,1,1,0,Madison,2022-10-26
1,1,1,0,0,Madison,2022-11-20
1,2,1,1,0,Madison,2022-11-26
1,1,1,0,0,Madison,2022-12-03
1,4,1,3,0,Martin,2022-07-23
1,3,1,2,0,Martin,2022-07-24
1,9,1,8,0,Martin,2022-08-16
1,9,1,8,0,Martin,2022-09-26
1,7,1,6,0,Martin,2022-09-28
1,2,1,1,0,Martin,2022-10-31
1,1,1,0,0,Martin,2022-11-09
1,5,1,4,0,Martin,2022-12-07
1,14,1,13,0,McDowell,2022-08-01
1,19,1,18,0,McDowell,2022-08-23
1,8,1,7,0,McDowell,2022-09-22
1,3,1,2,0,McDowell,2022-10-19
1,4,1,3,0,McDowell,2022-10-20
1,6,1,5,0,McDowell,2022-11-10
1,3,1,2,0,Mitchell,2022-07-10
1,2,1,1,0,Mitchell,2022-07-17
1,5,1,4,0,Mitchell,2022-08-05
1,4,1,3,0,Mitchell,2022-08-19
1,4,1,3,0,Mitchell,2022-08-23
1,7,1,6,0,Mitchell,2022-08-24
1,4,1,3,0,Mitchell,2022-08-25
1,7,1,6,0,Mitchell,2022-09-06
1,3,1,2,0,Mitchell,2022-09-13
1,2,1,1,0,Mitchell,2022-09-16
1,2,1,1,0,Mitchell,2022-10-02
1,2,1,1,0,Mitchell,2022-10-03
1,1,1,0,0,Mitchell,2022-10-17
1,1,1,0,0,Mitchell,2022-10-18
1,1,1,0,0,Mitchell,2022-10-20
1,2,1,1,0,Mitchell,2022-11-23
1,1,1,0,0,Mitchell,2022-12-01
1,4,1,3,0,Montgomery,2022-08-13
1,3,1,2,0,Montgomery,2022-08-28
1,5,1,4,0,Montgomery,2022-09-29
1,4,1,3,0,Montgomery,2022-10-01
1,3,1,2,0,Montgomery,2022-10-07
1,3,1,2,0,Montgomery,2022-10-11
1,2,1,1,0,Montgomery,2022-10-14
1,4,1,3,0,Montgomery,2022-10-30
1,6,1,5,0,Montgomery,2022-11-15
1,3,1,2,0,Montgomery,2022-12-02
1,8,1,7,0,Moore,2022-11-27
1,4,1,3,0,Moore,2022-12-03
1,6,1,5,0,Moore,2022-12-04
1,9,1,8,0,Nash,2022-10-14
1,4,1,3,0,Nash,2022-10-25
1,8,1,7,0,Nash,2022-10-26
1,5,1,4,0,Nash,2022-11-03
1,8,1,7,0,Nash,2022-11-06
1,5,1,4,0,New Hanover,2022-10-16
1,5,1,4,0,New Hanover,2022-11-19
1,6,1,5,0,Northampton,2022-06-22
1,4,1,3,0,Northampton,2022-06-26
1,3,1,2,0,Northampton,2022-06-29
1,3,1,2,0,Northampton,2022-07-02
1,3,1,2,0,Northampton,2022-07-09
1,3,1,2,0,Northampton,2022-08-07
1,5,1,4,0,Northampton,2022-08-13
1,2,1,1,0,Northampton,2022-08-20
1,2,1,1,0,Northampton,2022-08-21
1,13,1,12,0,Northampton,2022-08-25
1,1,1,0,0,Northampton,2022-09-02
1,5,1,4,0,Northampton,2022-09-09
1,2,1,1,0,Northampton,2022-09-15
1,4,1,3,0,Northampton,2022-10-11
1,5,1,4,0,Northampton,2022-11-29
1,2,1,1,0,Northampton,2022-12-09
1,24,1,23,0,Onslow,2022-07-02
1,10,1,9,0,Onslow,2022-10-23
1,13,1,12,0,Onslow,2022-11-04
1,20,1,19,0,Orange,2022-08-14
1,14,1,13,0,Orange,2022-08-27
1,5,1,4,0,Orange,2022-10-08
1,15,1,14,0,Orange,2022-10-11
1,15,1,14,0,Orange,2022-10-21
1,18,1,17,0,Orange,2022-10-25
1,12,1,11,0,Orange,2022-10-26
1,9,1,8,0,Orange,2022-10-29
1,10,1,9,0,Orange,2022-11-16
1,4,1,3,0,Pamlico,2022-06-14
1,5,1,4,0,Pamlico,2022-06-17
1,5,1,4,0,Pamlico,2022-06-27
1,5,1,4,0,Pamlico,2022-07-07
1,2,1,1,0,Pamlico,2022-08-13
1,2,1,1,0,Pamlico,2022-08-26
1,4,1,3,0,Pamlico,2022-09-07
1,3,1,2,0,Pamlico,2022-09-26
1,3,1,2,0,Pamlico,2022-10-31
1,4,1,3,0,Pamlico,2022-11-01
1,2,1,1,0,Pamlico,2022-11-02
1,3,1,2,0,Pasquotank,2022-07-04
1,2,1,1,0,Pasquotank,2022-08-27
1,4,1,3,0,Pasquotank,2022-10-31
1,7,1,6,0,Pasquotank,2022-11-03
1,3,1,2,0,Pasquotank,2022-11-07
1,3,1,2,0,Pasquotank,2022-11-26
1,1,1,0,0,Pasquotank,2022-11-27
1,5,1,4,0,Pasquotank,2022-11-28
1,5,1,4,0,Pasquotank,2022-12-08
1,10,1,9,0,Pender,2022-07-10
1,26,1,25,0,Pender,2022-08-01
1,2,1,1,0,Pender,2022-09-04
1,8,1,7,0,Pender,2022-09-22
1,7,1,6,0,Pender,2022-09-28
1,6,1,5,0,Pender,2022-09-29
1,5,1,4,0,Pender,2022-09-30
1,8,1,7,0,Pender,2022-10-12
1,9,1,8,0,Pender,2022-10-17
1,3,1,2,0,Pender,2022-10-21
1,3,1,2,0,Pender,2022-10-28
1,3,1,2,0,Pender,2022-11-06
1,1,1,0,0,Pender,2022-11-15
1,4,1,3,0,Pender,2022-11-23
1,3,1,2,0,Perquimans,2022-06-18
1,1,1,0,0,Perquimans,2022-06-28
1,3,1,2,0,Perquimans,2022-06-30
1,5,1,4,0,Perquimans,2022-07-25
1,3,1,2,0,Perquimans,2022-07-26
1,1,1,0,0,Perquimans,2022-08-13
1,3,1,2,0,Perquimans,2022-08-14
1,3,1,2,0,Perquimans,2022-08-18
1,2,1,1,0,Perquimans,2022-08-19
1,2,1,1,0,Perquimans,2022-08-25
1,1,1,0,0,Perquimans,2022-09-04
1,4,1,3,0,Perquimans,2022-09-12
1,5,1,4,0,Perquimans,2022-09-15
1,5,1,4,0,Person,2022-07-10
1,6,1,5,0,Person,2022-08-15
1,11,1,10,0,Person,2022-08-16
1,5,1,4,0,Person,2022-08-20
1,3,1,2,0,Person,2022-09-25
1,3,1,2,0,Person,2022-10-10
1,4,1,3,0,Person,2022-10-13
1,3,1,2,0,Person,2022-10-16
1,5,1,4,0,Person,2022-11-09
1,4,1,3,0,Person,2022-11-21
1,5,1,4,0,Person,2022-12-05
1,1,1,0,0,Person,2022-12-10
1,6,1,5,0,Pitt,2022-10-15
1,4,1,3,0,Pitt,2022-10-16
1,5,1,4,0,Pitt,2022-11-06
1,2,1,1,0,Pitt,2022-11-19
1,11,1,10,0,Pitt,2022-11-27
1,3,1,2,0,Polk,2022-06-16
1,2,1,1,0,Polk,2022-06-23
1,3,1,2,0,Polk,2022-08-06
1,3,1,2,0,Polk,2022-08-07
1,1,1,0,0,Polk,2022-08-30
1,3,1,2,0,Polk,2022-09-01
1,2,1,1,0,Polk,2022-09-10
1,5,1,4,0,Polk,2022-09-14
1,3,1,2,0,Polk,2022-09-26
1,2,1,1,0,Polk,2022-10-04
1,1,1,0,0,Polk,2022-10-24
1,2,1,1,0,Polk,2022-11-03
1,1,1,0,0,Polk,2022-11-10
1,2,1,1,0,Polk,2022-11-23
1,4,1,3,0,Randolph,2022-10-30
1,4,1,3,0,Randolph,2022-11-13
1,4,1,3,0,Richmond,2022-08-06
1,7,1,6,0,Richmond,2022-08-31
1,10,1,9,0,Richmond,2022-09-18
1,5,1,4,0,Richmond,2022-11-05
1,6,1,5,0,Richmond,2022-11-14
1,2,1,1,0,Richmond,2022-11-17
1,7,1,6,0,Richmond,2022-12-06
1,14,1,13,0,Rockingham,2022-07-03
1,11,1,10,0,Rockingham,2022-08-14
1,10,1,9,0,Rockingham,2022-10-06
1,9,1,8,0,Rockingham,2022-10-12
1,6,1,5,0,Rockingham,2022-10-19
1,10,1,9,0,Rockingham,2022-11-02
1,9,1,8,0,Rockingham,2022-11-03
1,9,1,8,0,Rockingham,2022-11-16
1,23,1,22,0,Rowan,2022-10-07
1,7,1,6,0,Rowan,2022-10-30
1,20,1,19,0,Rutherford,2022-07-31
1,8,1,7,0,Rutherford,2022-09-05
1,7,1,6,0,Rutherford,2022-09-17
1,4,1,3,0,Rutherford,2022-10-11
1,9,1,8,0,Rutherford,2022-10-13
1,5,1,4,0,Rutherford,2022-10-23
1,8,1,7,0,Rutherford,2022-10-26
1,3,1,2,0,Rutherford,2022-11-13
1,3,1,2,0,Rutherford,2022-11-19
1,7,1,6,0,Rutherford,2022-11-22
1,6,1,5,0,Sampson,2022-11-08
1,2,1,1,0,Scotland,2022-09-01
1,3,1,2,0,Scotland,2022-10-21
1,1,1,0,0,Scotland,2022-11-14
1,2,1,1,0,Scotland,2022-11-17
1,4,1,3,0,Scotland,2022-11-29
1,2,1,1,0,Scotland,2022-12-02
1,10,1,9,0,Stanly,2022-07-03
1,24,1,23,0,Stanly,2022-07-07
1,12,1,11,0,Stanly,2022-08-19
1,14,1,13,0,Stanly,2022-08-24
1,7,1,6,0,Stanly,2022-10-04
1,7,1,6,0,Stanly,2022-10-08
1,6,1,5,0,Stanly,2022-11-15
1,2,1,1,0,Stanly,2022-11-18
1,11,1,10,0,Stanly,2022-12-02
1,8,1,7,0,Stokes,2022-06-15
1,9,1,8,0,Stokes,2022-06-16
1,6,1,5,0,Stokes,2022-08-21
1,7,1,6,0,Stokes,2022-09-18
1,7,1,6,0,Stokes,2022-10-04
1,11,1,10,0,Stokes,2022-10-26
1,5,1,4,0,Stokes,2022-12-10
1,14,1,13,0,Surry,2022-06-25
1,5,1,4,0,Surry,2022-10-09
1,5,1,4,0,Surry,2022-11-09
1,4,1,3,0,Surry,2022-11-19
1,6,1,5,0,Surry,2022-11-26
1,5,1,4,0,Swain,2022-06-18
1,4,1,3,0,Swain,2022-06-29
1,6,1,5,0,Swain,2022-07-15
1,4,1,3,0,Swain,2022-07-31
1,3,1,2,0,Swain,2022-09-15
1,4,1,3,0,Swain,2022-09-16
1,2,1,1,0,Swain,2022-09-25
1,1,1,0,0,Swain,2022-10-04
1,4,1,3,0,Swain,2022-10-21
1,2,1,1,0,Swain,2022-10-29
1,3,1,2,0,Swain,2022-11-10
1,2,1,1,0,Swain,2022-12-02
1,3,1,2,0,Swain,2022-12-10
1,10,1,9,0,Transylvania,2022-08-05
1,9,1,8,0,Transylvania,2022-08-26
1,6,1,5,0,Transylvania,2022-09-17
1,4,1,3,0,Transylvania,2022-09-23
1,4,1,3,0,Transylvania,2022-09-25
1,5,1,4,0,Transylvania,2022-10-10
1,3,1,2,0,Transylvania,2022-10-21
1,3,1,2,0,Transylvania,2022-10-26
1,3,1,2,0,Transylvania,2022-11-05
1,2,1,1,0,Transylvania,2022-11-27
1,4,1,3,0,Transylvania,2022-11-28
1,6,1,5,0,Transylvania,2022-12-09
1,2,1,1,0,Tyrrell,2022-07-07
1,5,1,4,0,Tyrrell,2022-08-19
1,19,1,18,0,Union,2022-10-21
1,8,1,7,0,Union,2022-10-30
1,12,1,11,0,Union,2022-11-05
1,5,1,4,0,Vance,2022-08-28
1,5,1,4,0,Vance,2022-09-17
1,6,1,5,0,Vance,2022-10-20
1,5,1,4,0,Vance,2022-11-27
1,13,1,12,0,Vance,2022-11-29
1,6,1,5,0,Vance,2022-12-05
1,3,1,2,0,Warren,2022-06-19
1,5,1,4,0,Warren,2022-06-20
1,3,1,2,0,Warren,2022-06-22
1,13,1,12,0,Warren,2022-06-23
1,3,1,2,0,Warren,2022-06-26
1,14,1,13,0,Warren,2022-07-06
1,10,1,9,0,Warren,2022-07-08
1,13,1,12,0,Warren,2022-07-22
1,6,1,5,0,Warren,2022-07-31
1,9,1,8,0,Warren,2022-08-03
1,10,1,9,0,Warren,2022-08-04
1,4,1,3,0,Warren,2022-08-27
1,4,1,3,0,Warren,2022-09-10
1,7,1,6,0,Warren,2022-09-12
1,6,1,5,0,Warren,2022-09-13
1,2,1,1,0,Warren,2022-09-17
1,6,1,5,0,Warren,2022-09-21
1,2,1,1,0,Warren,2022-10-07
1,3,1,2,0,Warren,2022-10-11
1,3,1,2,0,Warren,2022-10-16
1,6,1,5,0,Warren,2022-10-19
1,2,1,1,0,Warren,2022-10-29
1,3,1,2,0,Warren,2022-11-08
1,1,1,0,0,Warren,2022-11-17
1,2,1,1,0,Warren,2022-11-20
1,5,1,4,0,Warren,2022-12-06
1,3,1,2,0,Warren,2022-12-08
1,5,1,4,0,Washington,2022-06-16
1,3,1,2,0,Washington,2022-07-11
1,5,1,4,0,Washington,2022-07-12
1,7,1,6,0,Washington,2022-07-29
1,7,1,6,0,Washington,2022-08-18
1,10,1,9,0,Washington,2022-08-25
1,2,1,1,0,Washington,2022-09-05
1,8,1,7,0,Washington,2022-09-07
1,7,1,6,0,Washington,2022-09-13
1,4,1,3,0,Washington,2022-09-20
1,3,1,2,0,Washington,2022-10-08
1,4,1,3,0,Washington,2022-11-30
1,4,1,3,0,Watauga,2022-07-04
1,13,1,12,0,Watauga,2022-07-11
1,13,1,12,0,Watauga,2022-07-14
1,8,1,7,0,Watauga,2022-07-24
1,7,1,6,0,Watauga,2022-10-05
1,9,1,8,0,Watauga,2022-10-11
1,5,1,4,0,Watauga,2022-11-06
1,8,1,7,0,Watauga,2022-11-29
1,7,1,6,0,Wayne,2022-11-05
1,4,1,3,0,Wayne,2022-11-12
1,3,1,2,0,Wayne,2022-11-13
1,8,1,7,0,Wilkes,2022-10-02
1,4,1,3,0,Wilkes,2022-10-16
1,1,1,0,0,Wilkes,2022-11-16
1,4,1,3,0,Wilkes,2022-11-23
1,5,1,4,0,Wilson,2022-10-08
1,5,1,4,0,Wilson,2022-10-16
1,4,1,3,0,Wilson,2022-10-29
1,4,1,3,0,Wilson,2022-11-15
1,5,1,4,0,Wilson,2022-11-21
1,2,1,1,0,Wilson,2022-12-04
1,4,1,3,0,Yadkin,2022-07-04
1,8,1,7,0,Yadkin,2022-10-14
1,7,1,6,0,Yadkin,2022-10-29
1,9,1,8,0,Yadkin,2022-11-01
1,4,1,3,0,Yadkin,2022-11-13
1,6,1,5,0,Yadkin,2022-11-16
1,10,1,9,0,Yadkin,2022-12-08
1,2,1,1,0,Yancey,2022-07-02
1,8,1,7,0,Yancey,2022-07-13
1,7,1,6,0,Yancey,2022-07-23
1,4,1,3,0,Yancey,2022-07-24
1,2,1,1,0,Yancey,2022-07-31
1,9,1,8,0,Yancey,2022-08-10
1,2,1,1,0,Yancey,2022-08-16
1,3,1,2,0,Yancey,2022-08-17
1,3,1,2,0,Yancey,2022-09-20
1,2,1,1,0,Yancey,2022-09-27
1,1,1,0,0,Yancey,2022-09-29
1,2,1,1,0,Yancey,2022-10-14
1,3,1,2,0,Yancey,2022-10-31
1,3,1,2,0,Yancey,2022-12-08
2,14,1,13,0,Alamance,2022-10-01
2,14,1,13,0,Alamance,2022-10-23
2,4,1,3,0,Alexander,2022-06-25
2,9,1,8,0,Alexander,2022-09-04
2,14,1,13,0,Alexander,2022-09-06
2,7,1,6,0,Alexander,2022-09-11
2,6,1,5,0,Alexander,2022-09-20
2,10,1,9,0,Alexander,2022-10-26
2,5,1,4,0,Alexander,2022-11-01
2,5,1,4,0,Alexander,2022-11-02
2,7,1,6,0,Alexander,2022-12-06
2,5,1,4,0,Alleghany,2022-08-25
2,6,1,5,0,Anson,2022-06-14
2,6,1,5,0,Anson,2022-06-29
2,12,1,11,0,Anson,2022-08-01
2,9,1,8,0,Anson,2022-08-09
2,10,1,9,0,Anson,2022-09-09
2,7,1,6,0,Anson,2022-09-28
2,3,1,2,0,Ashe,2022-08-18
2,7,1,6,0,Avery,2022-06-30
2,11,1,10,0,Avery,2022-07-12
2,8,1,7,0,Avery,2022-07-27
2,4,1,3,0,Avery,2022-08-05
2,6,1,5,0,Avery,2022-09-01
2,3,1,2,0,Avery,2022-12-06
2,12,1,11,0,Beaufort,2022-07-29
2,5,1,4,0,Beaufort,2022-11-10
2,3,1,2,0,Beaufort,2022-11-14
2,5,1,4,0,Beaufort,2022-11-28
2,4,1,3,0,Bertie,2022-06-26
2,6,1,5,0,Bertie,2022-09-19
2,4,1,3,0,Bertie,2022-09-22
2,6,1,5,0,Bladen,2022-07-03
2,12,1,11,0,Bladen,2022-07-24
2,18,1,17,0,Bladen,2022-08-09
2,7,1,6,0,Bladen,2022-09-05
2,7,1,6,0,Bladen,2022-09-15
2,4,1,3,0,Bladen,2022-09-20
2,11,1,10,0,Bladen,2022-09-28
2,7,1,6,0,Bladen,2022-11-27
2,8,1,7,0,Brunswick,2022-10-09
2,17,1,16,0,Burke,2022-07-16
2,27,1,26,0,Burke,2022-08-14
2,10,1,9,0,Burke,2022-10-12
2,11,1,10,0,Burke,2022-11-09
2,13,1,12,0,Cabarrus,2022-10-29
2,12,1,11,0,Caldwell,2022-10-01
2,14,1,13,0,Caldwell,2022-10-02
2,22,1,21,0,Caldwell,2022-11-07
2,9,1,8,0,Carteret,2022-09-25
2,10,1,9,0,Caswell,2022-08-01
2,8,1,7,0,Caswell,2022-08-26
2,5,1,4,0,Caswell,2022-09-16
2,12,1,11,0,Chatham,2022-08-14
2,9,1,8,0,Chatham,2022-09-04
2,6,1,5,0,Chatham,2022-10-10
2,12,1,11,0,Chatham,2022-10-19
2,7,1,6,0,Chatham,2022-10-30
2,5,1,4,0,Chatham,2022-11-13
2,10,1,9,0,Cherokee,2022-07-24
2,11,1,10,0,Cherokee,2022-07-30
2,8,1,7,0,Cherokee,2022-08-24
2,7,1,6,0,Cherokee,2022-09-15
2,3,1,2,0,Cherokee,2022-10-18
2,5,1,4,0,Cherokee,2022-10-28
2,3,1,2,0,Cherokee,2022-11-25
2,7,1,6,0,Chowan,2022-06-14
2,3,1,2,0,Chowan,2022-10-03
2,5,1,4,0,Clay,2022-06-24
2,4,1,3,0,Clay,2022-07-11
2,7,1,6,0,Clay,2022-07-19
2,4,1,3,0,Clay,2022-08-19
2,7,1,6,0,Clay,2022-08-27
2,12,1,11,0,Cleveland,2022-09-29
2,7,1,6,0,Cleveland,2022-10-08
2,4,1,3,0,Columbus,2022-10-07
2,4,1,3,0,Columbus,2022-10-22
2,5,1,4,0,Columbus,2022-11-26
2,6,1,5,0,Columbus,2022-12-02
2,6,1,5,0,Craven,2022-10-31
2,14,1,13,0,Cumberland,2022-10-16
2,17,1,16,0,Cumberland,2022-11-06
2,8,1,7,0,Cumberland,2022-11-13
2,9,1,8,0,Currituck,2022-06-28
2,7,1,6,0,Currituck,2022-08-09
2,4,1,3,0,Currituck,2022-10-01
2,3,1,2,0,Currituck,2022-10-27
2,2,1,1,0,Currituck,2022-12-02
2,14,1,13,0,Dare,2022-07-23
2,12,1,11,0,Dare,2022-09-06
2,8,1,7,0,Dare,2022-09-16
2,7,1,6,0,Dare,2022-10-17
2,8,1,7,0,Davie,2022-06-19
2,10,1,9,0,Davie,2022-09-02
2,6,1,5,0,Davie,2022-12-04
2,13,1,12,0,Duplin,2022-07-10
2,6,1,5,0,Duplin,2022-09-11
2,11,1,10,0,Duplin,2022-10-11
2,5,1,4,0,Duplin,2022-10-28
2,21,1,20,0,Durham,2022-10-08
2,21,1,20,0,Durham,2022-11-05
2,11,1,10,0,Edgecombe,2022-06-25
2,17,1,16,0,Edgecombe,2022-08-18
2,9,1,8,0,Edgecombe,2022-08-27
2,10,1,9,0,Edgecombe,2022-08-28
2,15,1,14,0,Edgecombe,2022-09-04
2,10,1,9,0,Edgecombe,2022-10-11
2,5,1,4,0,Edgecombe,2022-10-25
2,5,1,4,0,Edgecombe,2022-12-02
2,3,1,2,0,Edgecombe,2022-12-04
2,10,1,9,0,Edgecombe,2022-12-06
2,13,1,12,0,Franklin,2022-06-25
2,10,1,9,0,Franklin,2022-07-03
2,15,1,14,0,Franklin,2022-08-20
2,8,1,7,0,Franklin,2022-09-17
2,13,1,12,0,Franklin,2022-10-11
2,8,1,7,0,Franklin,2022-10-31
2,13,1,12,0,Franklin,2022-11-08
2,6,1,5,0,Franklin,2022-11-27
2,11,1,10,0,Gaston,2022-11-06
2,19,1,18,0,Gaston,2022-11-15
2,3,1,2,0,Gates,2022-06-27
2,5,1,4,0,Gates,2022-08-15
2,2,1,1,0,Gates,2022-08-22
2,15,1,14,0,Granville,2022-06-18
2,13,1,12,0,Granville,2022-08-27
2,9,1,8,0,Granville,2022-10-17
2,13,1,12,0,Granville,2022-11-23
2,7,1,6,0,Greene,2022-06-16
2,4,1,3,0,Greene,2022-08-05
2,6,1,5,0,Greene,2022-08-11
2,6,1,5,0,Greene,2022-09-13
2,7,1,6,0,Halifax,2022-07-02
2,5,1,4,0,Halifax,2022-09-17
2,14,1,13,0,Halifax,2022-09-27
2,8,1,7,0,Halifax,2022-10-28
2,7,1,6,0,Halifax,2022-11-11
2,9,1,8,0,Halifax,2022-12-01
2,10,1,9,0,Harnett,2022-11-27
2,5,1,4,0,Hertford,2022-07-02
2,5,1,4,0,Hertford,2022-07-03
2,8,1,7,0,Hertford,2022-07-04
2,11,1,10,0,Hertford,2022-07-06
2,9,1,8,0,Hertford,2022-08-29
2,6,1,5,0,Hoke,2022-06-18
2,17,1,16,0,Hoke,2022-07-23
2,20,1,19,0,Hoke,2022-08-06
2,14,1,13,0,Hoke,2022-08-13
2,6,1,5,0,Hoke,2022-09-18
2,5,1,4,0,Hoke,2022-10-16
2,3,1,2,0,Hoke,2022-11-04
2,9,1,8,0,Hoke,2022-11-10
2,4,1,3,0,Hoke,2022-11-13
2,7,1,6,0,Hoke,2022-11-17
2,4,1,3,0,Hoke,2022-12-03
2,7,1,6,0,Hyde,2022-08-02
2,9,1,8,0,Jackson,2022-06-29
2,9,1,8,0,Jackson,2022-07-10
2,6,1,5,0,Jackson,2022-10-10
2,2,1,1,0,Jackson,2022-11-02
2,7,1,6,0,Jones,2022-07-22
2,6,1,5,0,Lee,2022-09-05
2,13,1,12,0,Lee,2022-09-15
2,11,1,10,0,Lee,2022-09-17
2,15,1,14,0,Lee,2022-10-02
2,3,1,2,0,Lee,2022-10-09
2,4,1,3,0,Lee,2022-10-12
2,5,1,4,0,Lee,2022-10-17
2,12,1,11,0,Lee,2022-12-06
2,5,1,4,0,Lenoir,2022-11-10
2,17,1,16,0,Lincoln,2022-08-13
2,9,1,8,0,Lincoln,2022-08-14
2,21,1,20,0,Lincoln,2022-10-05
2,16,1,15,0,Lincoln,2022-10-06
2,7,1,6,0,Macon,2022-09-05
2,6,1,5,0,Macon,2022-10-10
2,9,1,8,0,Madison,2022-07-13
2,9,1,8,0,Madison,2022-08-01
2,16,1,15,0,Martin,2022-07-07
2,11,1,10,0,Martin,2022-08-23
2,7,1,6,0,Martin,2022-09-23
2,7,1,6,0,Martin,2022-11-03
2,2,1,1,0,Martin,2022-12-05
2,15,1,14,0,McDowell,2022-06-22
2,12,1,11,0,McDowell,2022-08-21
2,14,1,13,0,McDowell,2022-09-01
2,15,1,14,0,McDowell,2022-09-18
2,12,1,11,0,McDowell,2022-09-25
2,4,1,3,0,McDowell,2022-10-22
2,14,1,13,0,McDowell,2022-11-28
2,7,1,6,0,McDowell,2022-12-10
2,8,1,7,0,Montgomery,2022-06-17
2,11,1,10,0,Montgomery,2022-09-07
2,5,1,4,0,Montgomery,2022-10-04
2,4,1,3,0,Montgomery,2022-11-03
2,7,1,6,0,Montgomery,2022-11-09
2,7,1,6,0,Moore,2022-11-19
2,22,1,21,0,Nash,2022-07-31
2,12,1,11,0,Nash,2022-09-18
2,15,1,14,0,Nash,2022-09-23
2,3,1,2,0,Nash,2022-11-09
2,8,1,7,0,Nash,2022-12-01
2,7,1,6,0,New Hanover,2022-10-25
2,7,1,6,0,Northampton,2022-06-24
2,4,1,3,0,Northampton,2022-09-23
2,4,1,3,0,Northampton,2022-12-06
2,6,1,5,0,Onslow,2022-11-10
2,13,1,12,0,Onslow,2022-11-21
2,8,1,7,0,Onslow,2022-11-23
2,12,1,11,0,Onslow,2022-11-25
2,24,1,23,0,Onslow,2022-12-01
2,47,1,46,0,Orange,2022-08-25
2,40,1,39,0,Orange,2022-08-26
2,46,1,45,0,Orange,2022-09-14
2,30,1,29,0,Orange,2022-09-20
2,29,1,28,0,Orange,2022-09-28
2,14,1,13,0,Orange,2022-10-28
2,16,1,15,0,Orange,2022-11-08
2,4,1,3,0,Orange,2022-11-13
2,20,1,19,0,Orange,2022-12-02
2,19,1,18,0,Orange,2022-12-10
2,3,1,2,0,Pamlico,2022-09-12
2,9,1,8,0,Pasquotank,2022-06-27
2,7,1,6,0,Pasquotank,2022-07-06
2,9,1,8,0,Pender,2022-06-19
2,12,1,11,0,Pender,2022-06-24
2,18,1,17,0,Pender,2022-09-01
2,9,1,8,0,Pender,2022-09-02
2,13,1,12,0,Pender,2022-09-20
2,7,1,6,0,Pender,2022-10-13
2,3,1,2,0,Pender,2022-10-29
2,7,1,6,0,Pender,2022-11-30
2,4,1,3,0,Pender,2022-12-01
2,4,1,3,0,Perquimans,2022-07-29
2,3,1,2,0,Perquimans,2022-07-31
2,5,1,4,0,Perquimans,2022-08-15
2,4,1,3,0,Perquimans,2022-08-24
2,3,1,2,0,Perquimans,2022-09-13
2,7,1,6,0,Person,2022-07-02
2,13,1,12,0,Person,2022-08-11
2,9,1,8,0,Person,2022-08-19
2,4,1,3,0,Person,2022-09-30
2,8,1,7,0,Person,2022-10-05
2,3,1,2,0,Person,2022-10-14
2,5,1,4,0,Person,2022-11-16
2,3,1,2,0,Person,2022-11-25
2,3,1,2,0,Person,2022-12-07
2,6,1,5,0,Polk,2022-07-18
2,6,1,5,0,Polk,2022-08-24
2,2,1,1,0,Polk,2022-11-05
2,2,1,1,0,Polk,2022-12-10
2,13,1,12,0,Richmond,2022-08-14
2,5,1,4,0,Richmond,2022-08-26
2,10,1,9,0,Richmond,2022-09-04
2,16,1,15,0,Rockingham,2022-07-30
2,15,1,14,0,Rockingham,2022-08-20
2,17,1,16,0,Rockingham,2022-09-11
2,3,1,2,0,Rockingham,2022-10-08
2,6,1,5,0,Rockingham,2022-11-05
2,15,1,14,0,Rowan,2022-06-19
2,19,1,18,0,Rowan,2022-09-23
2,23,1,22,0,Rowan,2022-10-05
2,6,1,5,0,Rowan,2022-10-29
2,14,1,13,0,Rutherford,2022-06-24
2,12,1,11,0,Rutherford,2022-06-26
2,5,1,4,0,Rutherford,2022-11-10
2,9,1,8,0,Rutherford,2022-11-23
2,15,1,14,0,Stanly,2022-06-15
2,20,1,19,0,Stanly,2022-07-06
2,21,1,20,0,Stanly,2022-07-08
2,8,1,7,0,Stanly,2022-10-14
2,10,1,9,0,Stanly,2022-11-07
2,11,1,10,0,Stanly,2022-12-06
2,6,1,5,0,Stokes,2022-07-31
2,10,1,9,0,Stokes,2022-10-11
2,5,1,4,0,Stokes,2022-11-15
2,11,1,10,0,Surry,2022-09-11
2,14,1,13,0,Surry,2022-10-10
2,6,1,5,0,Surry,2022-10-12
2,8,1,7,0,Surry,2022-10-28
2,12,1,11,0,Surry,2022-11-22
2,6,1,5,0,Swain,2022-06-16
2,5,1,4,0,Swain,2022-07-09
2,3,1,2,0,Swain,2022-09-12
2,4,1,3,0,Swain,2022-09-24
2,10,1,9,0,Transylvania,2022-06-27
2,8,1,7,0,Vance,2022-10-23
2,5,1,4,0,Warren,2022-07-13
2,7,1,6,0,Warren,2022-08-30
2,5,1,4,0,Warren,2022-09-01
2,3,1,2,0,Warren,2022-11-23
2,2,1,1,0,Washington,2022-08-07
2,8,1,7,0,Watauga,2022-07-08
2,5,1,4,0,Watauga,2022-07-21
2,8,1,7,0,Watauga,2022-09-30
2,6,1,5,0,Watauga,2022-10-18
2,5,1,4,0,Watauga,2022-11-22
2,5,1,4,0,Wayne,2022-11-24
2,10,1,9,0,Wilkes,2022-10-11
2,3,1,2,0,Wilkes,2022-11-19
2,10,1,9,0,Wilson,2022-10-12
2,2,1,1,0,Wilson,2022-11-05
2,3,1,2,0,Wilson,2022-11-13
2,5,1,4,0,Wilson,2022-11-19
2,8,1,7,0,Wilson,2022-11-27
2,3,1,2,0,Wilson,2022-12-03
2,15,1,14,0,Yadkin,2022-09-18
2,4,1,3,0,Yadkin,2022-10-19
2,6,1,5,0,Yancey,2022-06-30
2,5,1,4,0,Yancey,2022-07-30
3,15,1,14,0,Alamance,2022-10-08
3,8,1,7,0,Alexander,2022-08-13
3,9,1,8,0,Alexander,2022-09-18
3,9,1,8,0,Alexander,2022-10-13
3,15,1,14,0,Anson,2022-06-22
3,24,1,23,0,Anson,2022-07-26
3,12,1,11,0,Anson,2022-08-24
3,17,1,16,0,Anson,2022-09-06
3,10,1,9,0,Anson,2022-09-14
3,4,1,3,0,Anson,2022-11-03
3,5,1,4,0,Anson,2022-11-08
3,14,1,13,0,Beaufort,2022-07-08
3,11,1,10,0,Beaufort,2022-07-10
3,12,1,11,0,Beaufort,2022-08-24
3,11,1,10,0,Beaufort,2022-10-02
3,10,1,9,0,Beaufort,2022-10-14
3,7,1,6,0,Beaufort,2022-11-03
3,17,1,16,0,Bladen,2022-07-07
3,9,1,8,0,Bladen,2022-09-16
3,16,1,15,0,Brunswick,2022-10-23
3,20,1,19,0,Brunswick,2022-11-29
3,31,1,30,0,Burke,2022-09-10
3,12,1,11,0,Burke,2022-10-01
3,11,1,10,0,Caldwell,2022-10-18
3,10,1,9,0,Caldwell,2022-11-27
3,14,1,13,0,Caldwell,2022-12-04
3,9,1,8,0,Caswell,2022-08-16
3,21,1,20,0,Chatham,2022-08-29
3,10,1,9,0,Chatham,2022-11-09
3,9,1,8,0,Cherokee,2022-07-13
3,7,1,6,0,Chowan,2022-07-14
3,6,1,5,0,Chowan,2022-08-08
3,8,1,7,0,Clay,2022-08-01
3,15,1,14,0,Cleveland,2022-06-25
3,14,1,13,0,Cleveland,2022-09-22
3,8,1,7,0,Cleveland,2022-09-30
3,20,1,19,0,Cleveland,2022-10-13
3,12,1,11,0,Cleveland,2022-11-02
3,10,1,9,0,Craven,2022-12-07
3,18,1,17,0,Dare,2022-06-27
3,21,1,20,0,Dare,2022-07-05
3,18,1,17,0,Dare,2022-07-11
3,13,1,12,0,Dare,2022-07-27
3,13,1,12,0,Davie,2022-06-17
3,6,1,5,0,Davie,2022-09-09
3,12,1,11,0,Davie,2022-09-11
3,5,1,4,0,Davie,2022-10-02
3,4,1,3,0,Duplin,2022-10-07
3,17,1,16,0,Durham,2022-10-29
3,21,1,20,0,Durham,2022-11-12
3,15,1,14,0,Durham,2022-11-24
3,34,1,33,0,Durham,2022-11-25
3,11,1,10,0,Edgecombe,2022-10-04
3,25,1,24,0,Franklin,2022-07-06
3,9,1,8,0,Franklin,2022-10-10
3,6,1,5,0,Franklin,2022-10-19
3,5,1,4,0,Franklin,2022-11-18
3,12,1,11,0,Franklin,2022-11-21
3,19,1,18,0,Gaston,2022-09-29
3,6,1,5,0,Granville,2022-10-21
3,8,1,7,0,Granville,2022-12-01
3,10,1,9,0,Granville,2022-12-02
3,12,1,11,0,Greene,2022-08-09
3,6,1,5,0,Greene,2022-11-07
3,14,1,13,0,Halifax,2022-09-16
3,23,1,22,0,Harnett,2022-08-14
3,11,1,10,0,Harnett,2022-11-10
3,12,1,11,0,Harnett,2022-11-26
3,7,1,6,0,Hertford,2022-09-07
3,17,1,16,0,Hoke,2022-09-19
3,13,1,12,0,Hoke,2022-09-23
3,9,1,8,0,Hoke,2022-11-07
3,8,1,7,0,Hoke,2022-12-08
3,6,1,5,0,Jackson,2022-10-03
3,4,1,3,0,Jones,2022-06-24
3,3,1,2,0,Jones,2022-10-10
3,15,1,14,0,Lee,2022-10-03
3,9,1,8,0,Lenoir,2022-11-03
3,12,1,11,0,Lenoir,2022-12-08
3,29,1,28,0,Lincoln,2022-07-09
3,16,1,15,0,Lincoln,2022-08-21
3,17,1,16,0,Lincoln,2022-09-05
3,5,1,4,0,Lincoln,2022-10-23
3,5,1,4,0,Lincoln,2022-11-06
3,6,1,5,0,Lincoln,2022-11-15
3,12,1,11,0,Lincoln,2022-12-02
3,9,1,8,0,Lincoln,2022-12-04
3,7,1,6,0,Macon,2022-08-22
3,6,1,5,0,Madison,2022-08-19
3,12,1,11,0,Martin,2022-08-03
3,11,1,10,0,McDowell,2022-07-17
3,14,1,13,0,McDowell,2022-09-16
3,10,1,9,0,McDowell,2022-09-27
3,6,1,5,0,McDowell,2022-10-23
3,6,1,5,0,McDowell,2022-11-25
3,9,1,8,0,McDowell,2022-12-08
3,11,1,10,0,Mitchell,2022-07-20
3,7,1,6,0,Montgomery,2022-07-05
3,8,1,7,0,Montgomery,2022-08-24
3,3,1,2,0,Montgomery,2022-12-07
3,26,1,25,0,Nash,2022-08-06
3,7,1,6,0,Nash,2022-11-04
3,20,1,19,0,New Hanover,2022-09-22
3,24,1,23,0,Orange,2022-08-13
3,28,1,27,0,Orange,2022-09-23
3,29,1,28,0,Orange,2022-12-06
3,8,1,7,0,Pender,2022-07-02
3,9,1,8,0,Pender,2022-08-20
3,5,1,4,0,Pender,2022-08-28
3,8,1,7,0,Pender,2022-11-03
3,10,1,9,0,Pender,2022-12-02
3,6,1,5,0,Perquimans,2022-09-19
3,7,1,6,0,Person,2022-08-07
3,11,1,10,0,Person,2022-08-08
3,16,1,15,0,Person,2022-08-30
3,5,1,4,0,Person,2022-11-23
3,9,1,8,0,Pitt,2022-11-18
3,9,1,8,0,Richmond,2022-06-15
3,7,1,6,0,Richmond,2022-07-04
3,12,1,11,0,Richmond,2022-08-30
3,10,1,9,0,Richmond,2022-11-28
3,13,1,12,0,Richmond,2022-12-02
3,12,1,11,0,Richmond,2022-12-07
3,17,1,16,0,Rockingham,2022-07-01
3,14,1,13,0,Rockingham,2022-09-02
3,6,1,5,0,Rockingham,2022-09-25
3,11,1,10,0,Rockingham,2022-11-04
3,10,1,9,0,Rockingham,2022-11-25
3,16,1,15,0,Rowan,2022-09-05
3,9,1,8,0,Rowan,2022-09-25
3,15,1,14,0,Rowan,2022-10-27
3,11,1,10,0,Rowan,2022-11-07
3,15,1,14,0,Rowan,2022-11-09
3,18,1,17,0,Rutherford,2022-08-28
3,5,1,4,0,Rutherford,2022-10-12
3,8,1,7,0,Rutherford,2022-12-01
3,10,1,9,0,Rutherford,2022-12-07
3,9,1,8,0,Sampson,2022-11-03
3,11,1,10,0,Stanly,2022-08-27
3,11,1,10,0,Stanly,2022-08-28
3,9,1,8,0,Stanly,2022-10-26
3,14,1,13,0,Stokes,2022-12-06
3,13,1,12,0,Transylvania,2022-08-31
3,4,1,3,0,Tyrrell,2022-07-15
3,21,1,20,0,Union,2022-09-24
3,16,1,15,0,Union,2022-10-29
3,24,1,23,0,Union,2022-11-10
3,12,1,11,0,Vance,2022-09-15
3,5,1,4,0,Vance,2022-10-25
3,3,1,2,0,Warren,2022-09-16
3,4,1,3,0,Warren,2022-11-21
3,6,1,5,0,Washington,2022-08-06
3,18,1,17,0,Washington,2022-08-19
4,33,1,32,0,Alamance,2022-11-07
4,15,1,14,0,Alexander,2022-08-10
4,11,1,10,0,Anson,2022-08-11
4,24,1,23,0,Bladen,2022-07-19
4,12,1,11,0,Bladen,2022-09-07
4,18,1,17,0,Caldwell,2022-08-27
4,17,1,16,0,Caldwell,2022-10-17
4,16,1,15,0,Caldwell,2022-10-20
4,8,1,7,0,Caswell,2022-07-06
4,10,1,9,0,Caswell,2022-08-29
4,8,1,7,0,Catawba,2022-11-20
4,13,1,12,0,Chatham,2022-08-21
4,11,1,10,0,Chatham,2022-11-21
4,13,1,12,0,Cherokee,2022-07-11
4,7,1,6,0,Cleveland,2022-11-06
4,9,1,8,0,Cleveland,2022-11-08
4,7,1,6,0,Cleveland,2022-11-26
4,18,1,17,0,Craven,2022-07-23
4,21,1,20,0,Dare,2022-06-20
4,16,1,15,0,Davidson,2022-11-10
4,8,1,7,0,Davie,2022-11-04
4,12,1,11,0,Durham,2022-11-13
4,17,1,16,0,Edgecombe,2022-08-23
4,17,1,16,0,Edgecombe,2022-09-28
4,27,1,26,0,Franklin,2022-09-08
4,12,1,11,0,Franklin,2022-11-30
4,16,1,15,0,Greene,2022-07-11
4,10,1,9,0,Greene,2022-07-15
4,18,1,17,0,Greene,2022-07-19
4,9,1,8,0,Greene,2022-08-31
4,14,1,13,0,Halifax,2022-07-24
4,18,1,17,0,Halifax,2022-09-07
4,8,1,7,0,Halifax,2022-10-21
4,15,1,14,0,Halifax,2022-10-26
4,12,1,11,0,Harnett,2022-10-11
4,8,1,7,0,Harnett,2022-10-28
4,7,1,6,0,Harnett,2022-11-11
4,14,1,13,0,Harnett,2022-11-17
4,16,1,15,0,Johnston,2022-10-14
4,13,1,12,0,Lenoir,2022-11-30
4,16,1,15,0,Lincoln,2022-09-28
4,13,1,12,0,Lincoln,2022-11-01
4,9,1,8,0,Macon,2022-08-10
4,29,1,28,0,McDowell,2022-07-16
4,32,1,31,0,McDowell,2022-08-11
4,13,1,12,0,McDowell,2022-08-24
4,22,1,21,0,McDowell,2022-09-07
4,10,1,9,0,McDowell,2022-09-29
4,12,1,11,0,McDowell,2022-10-12
4,11,1,10,0,McDowell,2022-12-07
4,20,1,19,0,Onslow,2022-10-28
4,13,1,12,0,Orange,2022-10-01
4,17,1,16,0,Orange,2022-11-07
4,16,1,15,0,Pender,2022-08-30
4,20,1,19,0,Pitt,2022-11-22
4,12,1,11,0,Pitt,2022-12-04
4,21,1,20,0,Rockingham,2022-09-04
4,17,1,16,0,Rockingham,2022-09-15
4,23,1,22,0,Rowan,2022-11-08
4,19,1,18,0,Rutherford,2022-06-17
4,16,1,15,0,Rutherford,2022-06-28
4,27,1,26,0,Stanly,2022-06-20
4,12,1,11,0,Stanly,2022-06-25
4,18,1,17,0,Stanly,2022-06-27
4,18,1,17,0,Stanly,2022-07-01
4,13,1,12,0,Stanly,2022-08-07
4,20,1,19,0,Stanly,2022-08-17
4,24,1,23,0,Stanly,2022-08-22
4,10,1,9,0,Stanly,2022-09-23
4,12,1,11,0,Stanly,2022-11-01
4,11,1,10,0,Stanly,2022-11-04
4,9,1,8,0,Surry,2022-11-10
4,6,1,5,0,Transylvania,2022-07-31
4,7,1,6,0,Washington,2022-08-04
5,27,1,26,0,Alamance,2022-09-10
5,15,1,14,0,Alamance,2022-11-13
5,17,1,16,0,Beaufort,2022-06-30
5,18,1,17,0,Beaufort,2022-08-23
5,14,1,13,0,Beaufort,2022-09-09
5,13,1,12,0,Bertie,2022-08-01
5,22,1,21,0,Cabarrus,2022-11-06
5,16,1,15,0,Caldwell,2022-10-16
5,7,1,6,0,Chowan,2022-09-06
5,14,1,13,0,Davidson,2022-10-28
5,37,1,36,0,Durham,2022-11-18
5,21,1,20,0,Edgecombe,2022-08-16
5,12,1,11,0,Edgecombe,2022-11-28
5,8,1,7,0,Edgecombe,2022-12-08
5,16,1,15,0,Franklin,2022-09-16
5,20,1,19,0,Granville,2022-10-27
5,24,1,23,0,Halifax,2022-06-24
5,16,1,15,0,Halifax,2022-11-04
5,19,1,18,0,Harnett,2022-09-29
5,17,1,16,0,Johnston,2022-12-04
5,12,1,11,0,Lenoir,2022-12-06
5,12,1,11,0,Martin,2022-08-17
5,20,1,19,0,McDowell,2022-07-27
5,18,1,17,0,McDowell,2022-08-14
5,17,1,16,0,Montgomery,2022-09-06
5,30,1,29,0,Nash,2022-08-12
5,7,1,6,0,Nash,2022-10-22
5,27,1,26,0,Onslow,2022-08-27
5,17,1,16,0,Onslow,2022-09-29
5,18,1,17,0,Onslow,2022-12-08
5,23,1,22,0,Orange,2022-10-05
5,12,1,11,0,Richmond,2022-08-13
5,18,1,17,0,Richmond,2022-08-19
5,21,1,20,0,Stanly,2022-06-29
5,22,1,21,0,Stanly,2022-07-11
5,17,1,16,0,Stanly,2022-08-13
5,12,1,11,0,Stanly,2022-10-10
5,12,1,11,0,Stanly,2022-11-23
5,14,1,13,0,Yadkin,2022-07-29
6,21,1,20,0,Alamance,2022-12-10
6,24,1,23,0,Anson,2022-08-29
6,15,1,14,0,Chatham,2022-10-28
6,19,1,18,0,Franklin,2022-08-06
6,14,1,13,0,Greene,2022-09-06
6,26,1,25,0,Harnett,2022-06-18
6,16,1,15,0,Johnston,2022-10-30
6,15,1,14,0,Johnston,2022-11-21
6,13,1,12,0,Lincoln,2022-09-11
6,49,1,48,0,Orange,2022-06-16
6,59,1,58,0,Orange,2022-07-27
6,32,1,31,0,Orange,2022-12-08
6,26,1,25,0,Pender,2022-07-05
6,18,1,17,0,Rockingham,2022-07-31
6,14,1,13,0,Surry,2022-11-14
6,27,1,26,0,Union,2022-12-10
7,30,1,29,0,Edgecombe,2022-08-05
7,18,1,17,0,Franklin,2022-11-29
7,15,1,14,0,Hoke,2022-12-05
7,14,1,13,0,McDowell,2022-10-18
7,25,1,24,0,Onslow,2022-09-23
7,15,1,14,0,Rutherford,2022-09-06
7,22,1,21,0,Stanly,2022-08-29
7,17,1,16,0,Stanly,2022-12-09
7,28,1,27,0,Yadkin,2022-08-23
8,33,1,32,0,Davidson,2022-11-29
8,47,1,46,0,Durham,2022-10-19
8,26,1,25,0,Franklin,2022-09-26
8,18,1,17,0,Rowan,2022-09-03
8,25,1,24,0,Rowan,2022-10-25
9,32,1,31,0,Alamance,2022-08-14
12,34,1,33,0,Stanly,2022-08-02
15,39,1,38,0,Edgecombe,2022-07-19
0,11,2,9,0,Alamance,2022-10-22
0,13,2,11,0,Alamance,2022-11-06
0,5,2,3,0,Alexander,2022-06-23
0,6,2,4,0,Alexander,2022-09-05
0,5,2,3,0,Alexander,2022-10-12
0,4,2,2,0,Alexander,2022-10-19
0,6,2,4,0,Alexander,2022-11-22
0,2,2,0,0,Alleghany,2022-06-26
0,3,2,1,0,Alleghany,2022-07-24
0,3,2,1,0,Alleghany,2022-08-20
0,4,2,2,0,Alleghany,2022-09-22
0,4,2,2,0,Alleghany,2022-10-10
0,2,2,0,0,Alleghany,2022-11-02
0,2,2,0,0,Alleghany,2022-11-09
0,16,2,14,0,Anson,2022-06-28
0,8,2,6,0,Anson,2022-08-07
0,12,2,10,0,Anson,2022-09-01
0,5,2,3,0,Anson,2022-09-19
0,7,2,5,0,Anson,2022-12-09
0,3,2,1,0,Ashe,2022-06-17
0,6,2,4,0,Ashe,2022-06-20
0,5,2,3,0,Ashe,2022-06-28
0,5,2,3,0,Ashe,2022-07-03
0,7,2,5,0,Ashe,2022-07-28
0,3,2,1,0,Ashe,2022-08-13
0,3,2,1,0,Ashe,2022-09-15
0,4,2,2,0,Ashe,2022-09-23
0,3,2,1,0,Ashe,2022-09-27
0,3,2,1,0,Ashe,2022-09-28
0,3,2,1,0,Ashe,2022-09-30
0,4,2,2,0,Ashe,2022-10-05
0,3,2,1,0,Ashe,2022-10-12
0,3,2,1,0,Ashe,2022-10-13
0,3,2,1,0,Ashe,2022-10-15
0,2,2,0,0,Ashe,2022-10-23
0,4,2,2,0,Ashe,2022-11-01
0,2,2,0,0,Ashe,2022-11-09
0,4,2,2,0,Ashe,2022-11-20
0,6,2,4,0,Ashe,2022-12-08
0,4,2,2,0,Avery,2022-06-23
0,7,2,5,0,Avery,2022-08-19
0,6,2,4,0,Avery,2022-08-25
0,7,2,5,0,Avery,2022-08-26
0,3,2,1,0,Avery,2022-11-12
0,5,2,3,0,Beaufort,2022-10-05
0,5,2,3,0,Beaufort,2022-10-29
0,6,2,4,0,Beaufort,2022-12-07
0,3,2,1,0,Bertie,2022-08-05
0,2,2,0,0,Bertie,2022-08-30
0,2,2,0,0,Bertie,2022-10-05
0,5,2,3,0,Bladen,2022-06-19
0,7,2,5,0,Bladen,2022-08-25
0,16,2,14,0,Brunswick,2022-10-19
0,17,2,15,0,Burke,2022-06-14
0,24,2,22,0,Burke,2022-08-25
0,15,2,13,0,Burke,2022-09-29
0,17,2,15,0,Burke,2022-10-04
0,7,2,5,0,Caldwell,2022-10-08
0,8,2,6,0,Caldwell,2022-11-11
0,6,2,4,0,Caldwell,2022-11-19
0,7,2,5,0,Caldwell,2022-12-10
0,2,2,0,0,Camden,2022-06-17
0,4,2,2,0,Camden,2022-07-18
0,2,2,0,0,Camden,2022-08-05
0,2,2,0,0,Camden,2022-08-10
0,2,2,0,0,Camden,2022-08-25
0,3,2,1,0,Camden,2022-09-04
0,2,2,0,0,Camden,2022-09-29
0,2,2,0,0,Camden,2022-10-04
0,3,2,1,0,Camden,2022-10-15
0,2,2,0,0,Camden,2022-12-05
0,12,2,10,0,Carteret,2022-06-26
0,5,2,3,0,Carteret,2022-10-22
0,3,2,1,0,Carteret,2022-11-17
0,6,2,4,0,Caswell,2022-06-15
0,5,2,3,0,Caswell,2022-06-25
0,4,2,2,0,Caswell,2022-09-01
0,3,2,1,0,Caswell,2022-09-03
0,2,2,0,0,Caswell,2022-10-31
0,5,2,3,0,Chatham,2022-06-19
0,20,2,18,0,Chatham,2022-07-02
0,12,2,10,0,Chatham,2022-07-15
0,4,2,2,0,Chatham,2022-09-30
0,2,2,0,0,Chatham,2022-11-19
0,5,2,3,0,Chatham,2022-11-22
0,15,2,13,0,Cherokee,2022-08-05
0,11,2,9,0,Cherokee,2022-08-16
0,6,2,4,0,Cherokee,2022-09-08
0,4,2,2,0,Cherokee,2022-09-22
0,6,2,4,0,Cherokee,2022-09-29
0,2,2,0,0,Cherokee,2022-10-09
0,4,2,2,0,Cherokee,2022-11-01
0,3,2,1,0,Cherokee,2022-11-02
0,7,2,5,0,Chowan,2022-07-05
0,5,2,3,0,Clay,2022-07-12
0,6,2,4,0,Clay,2022-07-13
0,4,2,2,0,Clay,2022-08-03
0,2,2,0,0,Clay,2022-10-21
0,3,2,1,0,Clay,2022-10-31
0,3,2,1,0,Clay,2022-11-10
0,15,2,13,0,Cleveland,2022-09-23
0,10,2,8,0,Cleveland,2022-10-29
0,7,2,5,0,Cleveland,2022-11-18
0,5,2,3,0,Columbus,2022-08-20
0,4,2,2,0,Columbus,2022-09-03
0,9,2,7,0,Columbus,2022-10-04
0,2,2,0,0,Columbus,2022-10-20
0,6,2,4,0,Columbus,2022-10-26
0,5,2,3,0,Columbus,2022-10-27
0,5,2,3,0,Columbus,2022-11-17
0,9,2,7,0,Craven,2022-10-23
0,6,2,4,0,Currituck,2022-07-01
0,6,2,4,0,Currituck,2022-07-04
0,3,2,1,0,Currituck,2022-07-16
0,14,2,12,0,Currituck,2022-07-26
0,5,2,3,0,Currituck,2022-07-30
0,6,2,4,0,Currituck,2022-08-07
0,4,2,2,0,Currituck,2022-08-11
0,8,2,6,0,Currituck,2022-08-17
0,5,2,3,0,Currituck,2022-08-24
0,4,2,2,0,Currituck,2022-08-26
0,7,2,5,0,Currituck,2022-09-06
0,3,2,1,0,Currituck,2022-09-21
0,2,2,0,0,Currituck,2022-09-30
0,3,2,1,0,Currituck,2022-10-29
0,3,2,1,0,Currituck,2022-11-04
0,3,2,1,0,Davidson,2022-11-19
0,14,2,12,0,Davidson,2022-11-24
0,10,2,8,0,Davie,2022-08-17
0,11,2,9,0,Davie,2022-08-21
0,9,2,7,0,Davie,2022-08-30
0,5,2,3,0,Davie,2022-09-05
0,7,2,5,0,Davie,2022-10-08
0,5,2,3,0,Davie,2022-10-16
0,3,2,1,0,Duplin,2022-10-06
0,7,2,5,0,Duplin,2022-10-14
0,6,2,4,0,Duplin,2022-10-20
0,4,2,2,0,Edgecombe,2022-06-19
0,11,2,9,0,Edgecombe,2022-08-20
0,8,2,6,0,Edgecombe,2022-10-06
0,10,2,8,0,Franklin,2022-10-05
0,2,2,0,0,Gates,2022-07-08
0,5,2,3,0,Gates,2022-07-21
0,4,2,2,0,Gates,2022-09-12
0,2,2,0,0,Graham,2022-06-15
0,2,2,0,0,Graham,2022-06-26
0,8,2,6,0,Graham,2022-06-29
0,5,2,3,0,Graham,2022-07-11
0,2,2,0,0,Graham,2022-07-26
0,4,2,2,0,Graham,2022-08-02
0,7,2,5,0,Graham,2022-08-16
0,6,2,4,0,Graham,2022-08-27
0,3,2,1,0,Graham,2022-09-09
0,2,2,0,0,Graham,2022-09-21
0,2,2,0,0,Graham,2022-10-25
0,2,2,0,0,Graham,2022-11-15
0,2,2,0,0,Graham,2022-11-23
0,2,2,0,0,Graham,2022-11-28
0,3,2,1,0,Graham,2022-12-06
0,17,2,15,0,Granville,2022-07-02
0,11,2,9,0,Granville,2022-08-26
0,7,2,5,0,Granville,2022-10-09
0,6,2,4,0,Granville,2022-10-13
0,8,2,6,0,Granville,2022-10-19
0,5,2,3,0,Granville,2022-10-30
0,8,2,6,0,Greene,2022-06-29
0,6,2,4,0,Greene,2022-07-07
0,4,2,2,0,Greene,2022-07-24
0,4,2,2,0,Greene,2022-09-07
0,8,2,6,0,Greene,2022-10-03
0,2,2,0,0,Greene,2022-11-04
0,2,2,0,0,Greene,2022-11-05
0,4,2,2,0,Halifax,2022-06-19
0,8,2,6,0,Haywood,2022-09-17
0,2,2,0,0,Haywood,2022-12-01
0,6,2,4,0,Henderson,2022-11-12
0,6,2,4,0,Hertford,2022-06-27
0,3,2,1,0,Hertford,2022-09-30
0,5,2,3,0,Hertford,2022-10-13
0,5,2,3,0,Hertford,2022-10-17
0,2,2,0,0,Hertford,2022-11-03
0,4,2,2,0,Hertford,2022-11-14
0,4,2,2,0,Hertford,2022-11-19
0,5,2,3,0,Hertford,2022-11-29
0,4,2,2,0,Hertford,2022-12-06
0,14,2,12,0,Hoke,2022-08-14
0,8,2,6,0,Hoke,2022-09-17
0,7,2,5,0,Hoke,2022-10-05
0,8,2,6,0,Hoke,2022-10-28
0,3,2,1,0,Hoke,2022-11-11
0,2,2,0,0,Hoke,2022-11-26
0,7,2,5,0,Hoke,2022-12-01
0,10,2,8,0,Iredell,2022-11-24
0,4,2,2,0,Jackson,2022-06-18
0,7,2,5,0,Jackson,2022-06-24
0,8,2,6,0,Jackson,2022-07-04
0,8,2,6,0,Jackson,2022-07-24
0,4,2,2,0,Jackson,2022-09-10
0,5,2,3,0,Jackson,2022-09-11
0,2,2,0,0,Jackson,2022-10-08
0,4,2,2,0,Jackson,2022-10-29
0,6,2,4,0,Jackson,2022-11-01
0,2,2,0,0,Jackson,2022-11-22
0,3,2,1,0,Jones,2022-06-18
0,3,2,1,0,Jones,2022-06-29
0,4,2,2,0,Jones,2022-07-07
0,3,2,1,0,Jones,2022-07-11
0,2,2,0,0,Jones,2022-08-26
0,4,2,2,0,Jones,2022-09-06
0,3,2,1,0,Jones,2022-09-11
0,3,2,1,0,Jones,2022-09-18
0,3,2,1,0,Jones,2022-11-09
0,2,2,0,0,Jones,2022-11-21
0,3,2,1,0,Lee,2022-10-07
0,7,2,5,0,Lee,2022-11-04
0,3,2,1,0,Lee,2022-11-24
0,5,2,3,0,Lee,2022-12-01
0,8,2,6,0,Lee,2022-12-09
0,2,2,0,0,Lenoir,2022-10-02
0,4,2,2,0,Lenoir,2022-11-07
0,5,2,3,0,Lincoln,2022-11-11
0,5,2,3,0,Macon,2022-06-23
0,5,2,3,0,Macon,2022-09-08
0,4,2,2,0,Macon,2022-09-14
0,5,2,3,0,Macon,2022-09-15
0,7,2,5,0,Macon,2022-09-21
0,3,2,1,0,Macon,2022-09-22
0,6,2,4,0,Macon,2022-09-26
0,2,2,0,0,Macon,2022-10-26
0,3,2,1,0,Macon,2022-11-02
0,5,2,3,0,Madison,2022-06-15
0,3,2,1,0,Madison,2022-06-23
0,3,2,1,0,Madison,2022-07-03
0,4,2,2,0,Madison,2022-08-25
0,3,2,1,0,Madison,2022-08-26
0,3,2,1,0,Madison,2022-08-27
0,2,2,0,0,Madison,2022-10-31
0,2,2,0,0,Madison,2022-12-02
0,9,2,7,0,Martin,2022-06-22
0,8,2,6,0,Martin,2022-07-06
0,15,2,13,0,Martin,2022-07-21
0,9,2,7,0,McDowell,2022-09-04
0,8,2,6,0,McDowell,2022-10-14
0,6,2,4,0,McDowell,2022-10-27
0,6,2,4,0,McDowell,2022-11-15
0,9,2,7,0,Mitchell,2022-06-15
0,6,2,4,0,Mitchell,2022-06-16
0,6,2,4,0,Mitchell,2022-06-18
0,3,2,1,0,Mitchell,2022-06-25
0,4,2,2,0,Mitchell,2022-06-30
0,8,2,6,0,Mitchell,2022-07-01
0,3,2,1,0,Mitchell,2022-07-07
0,5,2,3,0,Mitchell,2022-07-25
0,7,2,5,0,Mitchell,2022-08-30
0,4,2,2,0,Mitchell,2022-09-08
0,3,2,1,0,Mitchell,2022-09-17
0,2,2,0,0,Mitchell,2022-10-12
0,2,2,0,0,Mitchell,2022-10-14
0,2,2,0,0,Mitchell,2022-10-19
0,2,2,0,0,Mitchell,2022-10-22
0,3,2,1,0,Mitchell,2022-11-01
0,8,2,6,0,Montgomery,2022-07-08
0,4,2,2,0,Montgomery,2022-08-19
0,2,2,0,0,Montgomery,2022-09-17
0,4,2,2,0,Montgomery,2022-09-24
0,3,2,1,0,Montgomery,2022-10-05
0,3,2,1,0,Montgomery,2022-10-13
0,2,2,0,0,Montgomery,2022-10-17
0,4,2,2,0,Montgomery,2022-10-27
0,6,2,4,0,Moore,2022-10-22
0,8,2,6,0,Moore,2022-10-29
0,4,2,2,0,Moore,2022-11-17
0,11,2,9,0,Nash,2022-10-11
0,4,2,2,0,Nash,2022-11-05
0,7,2,5,0,Nash,2022-11-07
0,4,2,2,0,Nash,2022-12-03
0,4,2,2,0,Northampton,2022-08-14
0,7,2,5,0,Northampton,2022-09-16
0,4,2,2,0,Northampton,2022-09-27
0,5,2,3,0,Northampton,2022-09-28
0,4,2,2,0,Northampton,2022-12-02
0,16,2,14,0,Onslow,2022-10-07
0,13,2,11,0,Onslow,2022-11-22
0,51,2,49,0,Orange,2022-07-13
0,16,2,14,0,Orange,2022-08-21
0,12,2,10,0,Orange,2022-10-15
0,20,2,18,0,Orange,2022-11-03
0,12,2,10,0,Orange,2022-11-05
0,3,2,1,0,Pamlico,2022-06-15
0,3,2,1,0,Pamlico,2022-07-02
0,8,2,6,0,Pamlico,2022-07-05
0,4,2,2,0,Pamlico,2022-07-27
0,3,2,1,0,Pamlico,2022-08-09
0,5,2,3,0,Pamlico,2022-08-12
0,7,2,5,0,Pamlico,2022-08-14
0,5,2,3,0,Pamlico,2022-08-16
0,3,2,1,0,Pamlico,2022-09-06
0,2,2,0,0,Pamlico,2022-10-25
0,8,2,6,0,Pasquotank,2022-07-13
0,6,2,4,0,Pasquotank,2022-07-15
0,7,2,5,0,Pasquotank,2022-08-05
0,5,2,3,0,Pasquotank,2022-08-21
0,4,2,2,0,Pasquotank,2022-08-28
0,6,2,4,0,Pasquotank,2022-09-26
0,4,2,2,0,Pasquotank,2022-09-28
0,6,2,4,0,Pasquotank,2022-09-29
0,2,2,0,0,Pasquotank,2022-10-07
0,3,2,1,0,Pasquotank,2022-10-10
0,2,2,0,0,Pasquotank,2022-10-16
0,2,2,0,0,Pasquotank,2022-10-30
0,4,2,2,0,Pasquotank,2022-11-15
0,4,2,2,0,Pasquotank,2022-11-18
0,3,2,1,0,Pasquotank,2022-11-23
0,3,2,1,0,Pasquotank,2022-11-30
0,3,2,1,0,Pasquotank,2022-12-01
0,8,2,6,0,Pender,2022-08-21
0,6,2,4,0,Pender,2022-09-23
0,4,2,2,0,Pender,2022-10-19
0,2,2,0,0,Pender,2022-11-13
0,7,2,5,0,Pender,2022-12-08
0,9,2,7,0,Perquimans,2022-06-14
0,5,2,3,0,Perquimans,2022-06-17
0,5,2,3,0,Perquimans,2022-07-14
0,9,2,7,0,Perquimans,2022-08-04
0,5,2,3,0,Perquimans,2022-08-06
0,4,2,2,0,Perquimans,2022-08-22
0,3,2,1,0,Perquimans,2022-09-02
0,3,2,1,0,Perquimans,2022-09-05
0,2,2,0,0,Perquimans,2022-10-11
0,3,2,1,0,Perquimans,2022-10-27
0,8,2,6,0,Person,2022-06-26
0,3,2,1,0,Person,2022-07-04
0,10,2,8,0,Person,2022-08-05
0,13,2,11,0,Person,2022-08-18
0,3,2,1,0,Person,2022-09-03
0,8,2,6,0,Person,2022-09-07
0,10,2,8,0,Person,2022-09-27
0,3,2,1,0,Person,2022-10-26
0,5,2,3,0,Person,2022-11-30
0,2,2,0,0,Polk,2022-06-15
0,3,2,1,0,Polk,2022-06-19
0,4,2,2,0,Polk,2022-07-07
0,3,2,1,0,Polk,2022-07-22
0,3,2,1,0,Polk,2022-07-27
0,4,2,2,0,Polk,2022-07-31
0,4,2,2,0,Polk,2022-08-09
0,2,2,0,0,Polk,2022-08-31
0,3,2,1,0,Polk,2022-09-02
0,2,2,0,0,Polk,2022-09-03
0,3,2,1,0,Polk,2022-09-17
0,2,2,0,0,Polk,2022-09-18
0,3,2,1,0,Polk,2022-09-19
0,3,2,1,0,Polk,2022-09-23
0,2,2,0,0,Polk,2022-10-02
0,2,2,0,0,Polk,2022-10-05
0,2,2,0,0,Polk,2022-10-06
0,2,2,0,0,Polk,2022-10-17
0,2,2,0,0,Polk,2022-10-21
0,2,2,0,0,Polk,2022-10-28
0,3,2,1,0,Polk,2022-11-01
0,2,2,0,0,Polk,2022-11-12
0,2,2,0,0,Polk,2022-11-24
0,3,2,1,0,Polk,2022-11-28
0,6,2,4,0,Polk,2022-11-29
0,2,2,0,0,Polk,2022-12-04
0,10,2,8,0,Randolph,2022-11-07
0,8,2,6,0,Randolph,2022-11-12
0,8,2,6,0,Richmond,2022-07-03
0,8,2,6,0,Richmond,2022-08-07
0,4,2,2,0,Richmond,2022-10-18
0,2,2,0,0,Richmond,2022-10-22
0,3,2,1,0,Richmond,2022-10-26
0,2,2,0,0,Richmond,2022-11-26
0,2,2,0,0,Robeson,2022-10-22
0,8,2,6,0,Rockingham,2022-11-17
0,20,2,18,0,Rockingham,2022-12-05
0,4,2,2,0,Rowan,2022-11-11
0,5,2,3,0,Rutherford,2022-11-08
0,7,2,5,0,Sampson,2022-09-17
0,5,2,3,0,Sampson,2022-09-30
0,2,2,0,0,Sampson,2022-10-08
0,4,2,2,0,Sampson,2022-10-09
0,2,2,0,0,Sampson,2022-11-06
0,5,2,3,0,Sampson,2022-11-12
0,4,2,2,0,Sampson,2022-11-25
0,5,2,3,0,Scotland,2022-09-27
0,2,2,0,0,Scotland,2022-10-02
0,3,2,1,0,Scotland,2022-10-15
0,4,2,2,0,Scotland,2022-10-16
0,3,2,1,0,Scotland,2022-11-01
0,2,2,0,0,Scotland,2022-11-04
0,2,2,0,0,Scotland,2022-11-23
0,2,2,0,0,Scotland,2022-11-24
0,16,2,14,0,Stanly,2022-07-23
0,8,2,6,0,Stokes,2022-07-04
0,4,2,2,0,Stokes,2022-10-23
0,3,2,1,0,Stokes,2022-10-30
0,8,2,6,0,Stokes,2022-11-18
0,9,2,7,0,Surry,2022-10-18
0,9,2,7,0,Surry,2022-11-04
0,7,2,5,0,Swain,2022-06-20
0,4,2,2,0,Swain,2022-06-26
0,6,2,4,0,Swain,2022-07-07
0,6,2,4,0,Swain,2022-07-23
0,5,2,3,0,Swain,2022-09-07
0,2,2,0,0,Swain,2022-09-09
0,4,2,2,0,Swain,2022-10-05
0,3,2,1,0,Swain,2022-10-11
0,4,2,2,0,Swain,2022-10-24
0,5,2,3,0,Swain,2022-10-26
0,3,2,1,0,Swain,2022-10-27
0,2,2,0,0,Swain,2022-11-08
0,3,2,1,0,Swain,2022-11-12
0,6,2,4,0,Swain,2022-12-04
0,2,2,0,0,Swain,2022-12-09
0,3,2,1,0,Transylvania,2022-06-18
0,4,2,2,0,Transylvania,2022-06-19
0,8,2,6,0,Transylvania,2022-07-01
0,4,2,2,0,Transylvania,2022-07-03
0,6,2,4,0,Transylvania,2022-08-27
0,5,2,3,0,Transylvania,2022-09-18
0,3,2,1,0,Transylvania,2022-09-26
0,6,2,4,0,Transylvania,2022-10-01
0,5,2,3,0,Transylvania,2022-10-11
0,6,2,4,0,Transylvania,2022-10-12
0,5,2,3,0,Transylvania,2022-10-19
0,6,2,4,0,Transylvania,2022-10-31
0,4,2,2,0,Transylvania,2022-12-02
0,3,2,1,0,Tyrrell,2022-07-27
0,2,2,0,0,Tyrrell,2022-08-04
0,2,2,0,0,Tyrrell,2022-08-05
0,19,2,17,0,Union,2022-09-30
0,14,2,12,0,Vance,2022-08-13
0,9,2,7,0,Vance,2022-09-26
0,3,2,1,0,Vance,2022-09-30
0,3,2,1,0,Vance,2022-10-14
0,5,2,3,0,Vance,2022-10-30
0,6,2,4,0,Vance,2022-11-23
0,6,2,4,0,Warren,2022-07-10
0,5,2,3,0,Warren,2022-07-17
0,7,2,5,0,Warren,2022-07-27
0,2,2,0,0,Warren,2022-10-05
0,5,2,3,0,Warren,2022-10-17
0,3,2,1,0,Warren,2022-10-26
0,3,2,1,0,Warren,2022-11-09
0,2,2,0,0,Warren,2022-11-24
0,4,2,2,0,Washington,2022-07-02
0,9,2,7,0,Washington,2022-07-20
0,2,2,0,0,Washington,2022-10-29
0,4,2,2,0,Watauga,2022-07-09
0,4,2,2,0,Watauga,2022-07-10
0,15,2,13,0,Watauga,2022-07-27
0,9,2,7,0,Watauga,2022-08-17
0,5,2,3,0,Watauga,2022-08-18
0,5,2,3,0,Watauga,2022-09-04
0,7,2,5,0,Watauga,2022-09-11
0,4,2,2,0,Watauga,2022-09-25
0,4,2,2,0,Watauga,2022-11-05
0,6,2,4,0,Watauga,2022-11-16
0,3,2,1,0,Watauga,2022-11-20
0,4,2,2,0,Watauga,2022-11-25
0,4,2,2,0,Wayne,2022-11-19
0,7,2,5,0,Wilkes,2022-09-30
0,6,2,4,0,Wilkes,2022-10-14
0,6,2,4,0,Wilkes,2022-10-28
0,7,2,5,0,Wilkes,2022-11-07
0,2,2,0,0,Wilkes,2022-11-24
0,2,2,0,0,Wilson,2022-10-22
0,5,2,3,0,Yadkin,2022-10-18
0,6,2,4,0,Yadkin,2022-10-20
0,7,2,5,0,Yadkin,2022-11-05
0,4,2,2,0,Yadkin,2022-11-07
0,6,2,4,0,Yadkin,2022-11-23
0,7,2,5,0,Yadkin,2022-12-02
0,9,2,7,0,Yadkin,2022-12-03
0,5,2,3,0,Yancey,2022-06-16
0,2,2,0,0,Yancey,2022-06-26
0,2,2,0,0,Yancey,2022-07-03
0,3,2,1,0,Yancey,2022-07-14
0,4,2,2,0,Yancey,2022-08-07
0,9,2,7,0,Yancey,2022-08-09
0,5,2,3,0,Yancey,2022-08-30
0,4,2,2,0,Yancey,2022-09-05
0,2,2,0,0,Yancey,2022-09-11
0,5,2,3,0,Yancey,2022-09-12
0,3,2,1,0,Yancey,2022-10-01
1,12,2,10,0,Alamance,2022-11-05
1,9,2,7,0,Alexander,2022-07-07
1,13,2,11,0,Alexander,2022-09-08
1,4,2,2,0,Alexander,2022-10-09
1,4,2,2,0,Alexander,2022-10-10
1,6,2,4,0,Alexander,2022-10-14
1,2,2,0,0,Alexander,2022-11-14
1,5,2,3,0,Alexander,2022-11-17
1,4,2,2,0,Alexander,2022-12-09
1,2,2,0,0,Alleghany,2022-07-12
1,8,2,6,0,Alleghany,2022-07-18
1,2,2,0,0,Alleghany,2022-07-23
1,5,2,3,0,Alleghany,2022-08-16
1,2,2,0,0,Alleghany,2022-10-01
1,2,2,0,0,Alleghany,2022-11-12
1,2,2,0,0,Alleghany,2022-11-22
1,2,2,0,0,Alleghany,2022-11-28
1,4,2,2,0,Anson,2022-06-30
1,8,2,6,0,Anson,2022-07-14
1,4,2,2,0,Ashe,2022-07-02
1,5,2,3,0,Ashe,2022-07-06
1,7,2,5,0,Ashe,2022-07-08
1,4,2,2,0,Ashe,2022-08-20
1,2,2,0,0,Ashe,2022-08-21
1,10,2,8,0,Ashe,2022-08-31
1,2,2,0,0,Ashe,2022-09-03
1,7,2,5,0,Ashe,2022-09-09
1,5,2,3,0,Ashe,2022-09-11
1,6,2,4,0,Ashe,2022-10-17
1,4,2,2,0,Ashe,2022-10-26
1,3,2,1,0,Ashe,2022-10-30
1,2,2,0,0,Ashe,2022-11-08
1,6,2,4,0,Ashe,2022-11-29
1,2,2,0,0,Ashe,2022-11-30
1,7,2,5,0,Avery,2022-06-14
1,3,2,1,0,Avery,2022-06-22
1,9,2,7,0,Avery,2022-07-05
1,5,2,3,0,Avery,2022-07-08
1,13,2,11,0,Avery,2022-07-15
1,7,2,5,0,Avery,2022-07-26
1,4,2,2,0,Avery,2022-07-29
1,11,2,9,0,Avery,2022-08-08
1,4,2,2,0,Avery,2022-08-16
1,6,2,4,0,Avery,2022-09-02
1,2,2,0,0,Avery,2022-11-08
1,16,2,14,0,Beaufort,2022-06-22
1,7,2,5,0,Beaufort,2022-08-13
1,9,2,7,0,Beaufort,2022-08-25
1,5,2,3,0,Beaufort,2022-10-22
1,8,2,6,0,Bertie,2022-06-15
1,9,2,7,0,Bertie,2022-06-16
1,9,2,7,0,Bertie,2022-07-14
1,14,2,12,0,Bertie,2022-07-19
1,8,2,6,0,Bertie,2022-07-25
1,7,2,5,0,Bertie,2022-08-06
1,4,2,2,0,Bertie,2022-09-21
1,5,2,3,0,Bertie,2022-11-01
1,12,2,10,0,Bladen,2022-06-28
1,8,2,6,0,Bladen,2022-07-09
1,25,2,23,0,Bladen,2022-07-21
1,9,2,7,0,Bladen,2022-07-23
1,12,2,10,0,Bladen,2022-08-12
1,6,2,4,0,Bladen,2022-10-10
1,3,2,1,0,Bladen,2022-10-26
1,13,2,11,0,Brunswick,2022-10-22
1,3,2,1,0,Brunswick,2022-11-24
1,7,2,5,0,Brunswick,2022-12-03
1,16,2,14,0,Burke,2022-06-17
1,29,2,27,0,Burke,2022-06-22
1,6,2,4,0,Burke,2022-10-16
1,6,2,4,0,Burke,2022-11-06
1,10,2,8,0,Caldwell,2022-11-04
1,5,2,3,0,Camden,2022-06-27
1,4,2,2,0,Camden,2022-08-08
1,11,2,9,0,Carteret,2022-08-31
1,6,2,4,0,Carteret,2022-10-06
1,5,2,3,0,Carteret,2022-10-31
1,5,2,3,0,Carteret,2022-12-04
1,9,2,7,0,Carteret,2022-12-05
1,7,2,5,0,Carteret,2022-12-10
1,8,2,6,0,Caswell,2022-06-16
1,6,2,4,0,Caswell,2022-07-07
1,7,2,5,0,Caswell,2022-07-22
1,11,2,9,0,Caswell,2022-08-23
1,6,2,4,0,Caswell,2022-09-02
1,6,2,4,0,Caswell,2022-09-09
1,6,2,4,0,Caswell,2022-10-27
1,10,2,8,0,Chatham,2022-06-26
1,22,2,20,0,Chatham,2022-08-03
1,12,2,10,0,Chatham,2022-08-08
1,18,2,16,0,Chatham,2022-09-02
1,9,2,7,0,Chatham,2022-09-09
1,9,2,7,0,Chatham,2022-09-27
1,3,2,1,0,Chatham,2022-10-02
1,6,2,4,0,Chatham,2022-10-18
1,13,2,11,0,Chatham,2022-10-23
1,11,2,9,0,Chatham,2022-11-03
1,11,2,9,0,Cherokee,2022-06-21
1,7,2,5,0,Cherokee,2022-06-22
1,10,2,8,0,Cherokee,2022-07-06
1,7,2,5,0,Cherokee,2022-07-07
1,7,2,5,0,Cherokee,2022-08-12
1,7,2,5,0,Cherokee,2022-08-30
1,9,2,7,0,Cherokee,2022-09-09
1,3,2,1,0,Cherokee,2022-09-26
1,3,2,1,0,Cherokee,2022-10-04
1,4,2,2,0,Cherokee,2022-10-11
1,3,2,1,0,Cherokee,2022-10-25
1,2,2,0,0,Cherokee,2022-10-26
1,3,2,1,0,Cherokee,2022-10-29
1,6,2,4,0,Cherokee,2022-11-22
1,4,2,2,0,Cherokee,2022-12-06
1,3,2,1,0,Cherokee,2022-12-07
1,6,2,4,0,Chowan,2022-08-17
1,6,2,4,0,Chowan,2022-09-18
1,6,2,4,0,Clay,2022-06-23
1,7,2,5,0,Clay,2022-07-05
1,4,2,2,0,Clay,2022-07-16
1,4,2,2,0,Clay,2022-08-11
1,8,2,6,0,Clay,2022-09-07
1,2,2,0,0,Clay,2022-10-24
1,28,2,26,0,Cleveland,2022-08-07
1,13,2,11,0,Cleveland,2022-11-07
1,5,2,3,0,Cleveland,2022-11-19
1,7,2,5,0,Columbus,2022-07-02
1,5,2,3,0,Columbus,2022-09-04
1,6,2,4,0,Columbus,2022-09-10
1,5,2,3,0,Columbus,2022-09-23
1,6,2,4,0,Columbus,2022-10-12
1,3,2,1,0,Columbus,2022-10-14
1,2,2,0,0,Columbus,2022-10-17
1,4,2,2,0,Columbus,2022-10-28
1,5,2,3,0,Columbus,2022-10-30
1,4,2,2,0,Craven,2022-09-03
1,8,2,6,0,Craven,2022-10-01
1,3,2,1,0,Craven,2022-10-08
1,6,2,4,0,Craven,2022-10-16
1,4,2,2,0,Craven,2022-11-19
1,8,2,6,0,Craven,2022-11-23
1,18,2,16,0,Cumberland,2022-10-31
1,8,2,6,0,Currituck,2022-06-26
1,11,2,9,0,Currituck,2022-06-30
1,11,2,9,0,Currituck,2022-07-11
1,16,2,14,0,Currituck,2022-08-01
1,7,2,5,0,Currituck,2022-08-06
1,8,2,6,0,Currituck,2022-08-15
1,6,2,4,0,Currituck,2022-08-31
1,5,2,3,0,Currituck,2022-10-16
1,5,2,3,0,Currituck,2022-10-25
1,9,2,7,0,Dare,2022-07-13
1,12,2,10,0,Dare,2022-08-08
1,21,2,19,0,Davidson,2022-07-03
1,15,2,13,0,Davidson,2022-10-30
1,9,2,7,0,Davidson,2022-11-20
1,7,2,5,0,Davie,2022-07-30
1,13,2,11,0,Davie,2022-09-23
1,11,2,9,0,Davie,2022-10-03
1,8,2,6,0,Davie,2022-10-06
1,6,2,4,0,Davie,2022-10-10
1,2,2,0,0,Davie,2022-10-23
1,2,2,0,0,Davie,2022-11-14
1,4,2,2,0,Davie,2022-11-17
1,4,2,2,0,Davie,2022-12-10
1,6,2,4,0,Duplin,2022-06-24
1,7,2,5,0,Duplin,2022-09-03
1,6,2,4,0,Duplin,2022-10-01
1,4,2,2,0,Duplin,2022-11-17
1,24,2,22,0,Durham,2022-11-11
1,10,2,8,0,Edgecombe,2022-09-23
1,3,2,1,0,Edgecombe,2022-10-24
1,19,2,17,0,Forsyth,2022-11-12
1,21,2,19,0,Franklin,2022-09-20
1,10,2,8,0,Franklin,2022-10-02
1,7,2,5,0,Franklin,2022-10-15
1,4,2,2,0,Franklin,2022-10-18
1,6,2,4,0,Franklin,2022-10-20
1,8,2,6,0,Franklin,2022-11-09
1,8,2,6,0,Franklin,2022-11-25
1,4,2,2,0,Franklin,2022-11-26
1,5,2,3,0,Franklin,2022-12-04
1,2,2,0,0,Gates,2022-07-06
1,3,2,1,0,Gates,2022-07-22
1,7,2,5,0,Gates,2022-07-28
1,5,2,3,0,Gates,2022-08-08
1,5,2,3,0,Gates,2022-10-10
1,2,2,0,0,Graham,2022-06-20
1,5,2,3,0,Graham,2022-08-11
1,4,2,2,0,Graham,2022-08-18
1,3,2,1,0,Graham,2022-08-23
1,2,2,0,0,Graham,2022-09-24
1,2,2,0,0,Graham,2022-09-28
1,3,2,1,0,Graham,2022-10-10
1,2,2,0,0,Graham,2022-10-14
1,2,2,0,0,Graham,2022-11-01
1,2,2,0,0,Graham,2022-11-29
1,18,2,16,0,Granville,2022-06-15
1,21,2,19,0,Granville,2022-08-19
1,9,2,7,0,Granville,2022-09-04
1,10,2,8,0,Granville,2022-12-04
1,4,2,2,0,Granville,2022-12-10
1,9,2,7,0,Greene,2022-06-17
1,4,2,2,0,Greene,2022-08-19
1,9,2,7,0,Greene,2022-09-16
1,4,2,2,0,Greene,2022-09-18
1,7,2,5,0,Halifax,2022-06-18
1,13,2,11,0,Halifax,2022-09-03
1,7,2,5,0,Halifax,2022-09-20
1,3,2,1,0,Halifax,2022-12-04
1,7,2,5,0,Halifax,2022-12-10
1,16,2,14,0,Harnett,2022-10-03
1,11,2,9,0,Harnett,2022-10-08
1,13,2,11,0,Harnett,2022-11-08
1,2,2,0,0,Harnett,2022-11-13
1,8,2,6,0,Harnett,2022-12-04
1,9,2,7,0,Haywood,2022-07-15
1,7,2,5,0,Haywood,2022-09-03
1,6,2,4,0,Haywood,2022-10-01
1,7,2,5,0,Haywood,2022-12-04
1,15,2,13,0,Henderson,2022-11-15
1,9,2,7,0,Henderson,2022-12-03
1,12,2,10,0,Hertford,2022-07-16
1,9,2,7,0,Hertford,2022-08-05
1,7,2,5,0,Hertford,2022-08-10
1,3,2,1,0,Hertford,2022-08-12
1,6,2,4,0,Hertford,2022-08-26
1,4,2,2,0,Hertford,2022-09-15
1,4,2,2,0,Hertford,2022-10-06
1,2,2,0,0,Hertford,2022-10-27
1,2,2,0,0,Hertford,2022-11-10
1,5,2,3,0,Hertford,2022-11-21
1,4,2,2,0,Hertford,2022-11-23
1,11,2,9,0,Hoke,2022-07-03
1,9,2,7,0,Hoke,2022-07-16
1,9,2,7,0,Hoke,2022-09-30
1,7,2,5,0,Hoke,2022-10-12
1,6,2,4,0,Hoke,2022-10-21
1,4,2,2,0,Hoke,2022-11-02
1,5,2,3,0,Hoke,2022-11-21
1,7,2,5,0,Hoke,2022-12-10
1,6,2,4,0,Hyde,2022-08-04
1,11,2,9,0,Iredell,2022-10-22
1,9,2,7,0,Iredell,2022-11-06
1,12,2,10,0,Jackson,2022-06-16
1,9,2,7,0,Jackson,2022-06-19
1,4,2,2,0,Jackson,2022-07-09
1,13,2,11,0,Jackson,2022-07-16
1,9,2,7,0,Jackson,2022-07-30
1,4,2,2,0,Jackson,2022-08-06
1,12,2,10,0,Jackson,2022-08-09
1,7,2,5,0,Jackson,2022-09-03
1,7,2,5,0,Jackson,2022-09-16
1,9,2,7,0,Jackson,2022-09-23
1,4,2,2,0,Jackson,2022-11-23
1,7,2,5,0,Jackson,2022-12-06
1,3,2,1,0,Jones,2022-06-23
1,6,2,4,0,Jones,2022-07-01
1,7,2,5,0,Jones,2022-07-16
1,5,2,3,0,Jones,2022-07-26
1,7,2,5,0,Jones,2022-08-18
1,8,2,6,0,Lee,2022-06-18
1,7,2,5,0,Lee,2022-09-30
1,8,2,6,0,Lee,2022-10-06
1,10,2,8,0,Lee,2022-10-19
1,5,2,3,0,Lee,2022-10-22
1,3,2,1,0,Lee,2022-11-16
1,10,2,8,0,Lenoir,2022-06-17
1,9,2,7,0,Lenoir,2022-08-21
1,13,2,11,0,Lenoir,2022-09-05
1,6,2,4,0,Lenoir,2022-09-18
1,5,2,3,0,Lenoir,2022-09-27
1,7,2,5,0,Lenoir,2022-10-03
1,8,2,6,0,Lenoir,2022-10-12
1,5,2,3,0,Lenoir,2022-10-15
1,6,2,4,0,Lenoir,2022-10-20
1,5,2,3,0,Lenoir,2022-10-25
1,5,2,3,0,Lenoir,2022-10-28
1,8,2,6,0,Lenoir,2022-11-14
1,3,2,1,0,Lenoir,2022-11-27
1,23,2,21,0,Lincoln,2022-08-06
1,7,2,5,0,Lincoln,2022-08-28
1,9,2,7,0,Lincoln,2022-09-24
1,7,2,5,0,Lincoln,2022-09-25
1,8,2,6,0,Lincoln,2022-10-04
1,16,2,14,0,Lincoln,2022-11-07
1,11,2,9,0,Lincoln,2022-11-14
1,8,2,6,0,Lincoln,2022-11-18
1,14,2,12,0,Lincoln,2022-12-01
1,6,2,4,0,Lincoln,2022-12-03
1,8,2,6,0,Macon,2022-06-18
1,15,2,13,0,Macon,2022-07-11
1,11,2,9,0,Macon,2022-08-09
1,9,2,7,0,Macon,2022-08-11
1,11,2,9,0,Macon,2022-08-25
1,4,2,2,0,Macon,2022-11-17
1,3,2,1,0,Macon,2022-11-18
1,4,2,2,0,Madison,2022-07-20
1,7,2,5,0,Madison,2022-07-27
1,9,2,7,0,Madison,2022-08-08
1,6,2,4,0,Madison,2022-08-10
1,5,2,3,0,Madison,2022-08-15
1,3,2,1,0,Madison,2022-08-21
1,5,2,3,0,Madison,2022-08-23
1,4,2,2,0,Madison,2022-09-08
1,4,2,2,0,Madison,2022-09-20
1,3,2,1,0,Madison,2022-09-21
1,15,2,13,0,Martin,2022-06-14
1,12,2,10,0,Martin,2022-06-30
1,4,2,2,0,Martin,2022-07-30
1,5,2,3,0,Martin,2022-08-06
1,4,2,2,0,Martin,2022-09-09
1,3,2,1,0,Martin,2022-09-17
1,6,2,4,0,Martin,2022-10-05
1,7,2,5,0,Martin,2022-10-20
1,14,2,12,0,McDowell,2022-06-14
1,13,2,11,0,McDowell,2022-09-08
1,5,2,3,0,McDowell,2022-10-13
1,4,2,2,0,McDowell,2022-11-14
1,6,2,4,0,Mitchell,2022-07-12
1,8,2,6,0,Mitchell,2022-07-28
1,5,2,3,0,Mitchell,2022-08-14
1,9,2,7,0,Mitchell,2022-08-22
1,7,2,5,0,Mitchell,2022-09-12
1,2,2,0,0,Mitchell,2022-10-13
1,2,2,0,0,Mitchell,2022-11-03
1,6,2,4,0,Montgomery,2022-06-15
1,2,2,0,0,Montgomery,2022-06-19
1,7,2,5,0,Montgomery,2022-06-24
1,4,2,2,0,Montgomery,2022-07-17
1,13,2,11,0,Montgomery,2022-07-19
1,2,2,0,0,Montgomery,2022-09-05
1,6,2,4,0,Montgomery,2022-09-11
1,4,2,2,0,Montgomery,2022-09-22
1,4,2,2,0,Montgomery,2022-11-17
1,4,2,2,0,Moore,2022-10-16
1,14,2,12,0,Moore,2022-12-07
1,9,2,7,0,Nash,2022-09-24
1,14,2,12,0,Nash,2022-09-28
1,9,2,7,0,Nash,2022-09-30
1,14,2,12,0,Nash,2022-10-18
1,8,2,6,0,Nash,2022-10-20
1,7,2,5,0,Nash,2022-10-27
1,6,2,4,0,Nash,2022-11-16
1,7,2,5,0,Nash,2022-11-22
1,6,2,4,0,Nash,2022-11-26
1,11,2,9,0,New Hanover,2022-10-02
1,17,2,15,0,New Hanover,2022-10-24
1,10,2,8,0,New Hanover,2022-11-06
1,5,2,3,0,Northampton,2022-06-15
1,9,2,7,0,Northampton,2022-06-18
1,5,2,3,0,Northampton,2022-06-19
1,11,2,9,0,Northampton,2022-07-03
1,6,2,4,0,Northampton,2022-07-06
1,7,2,5,0,Northampton,2022-07-07
1,7,2,5,0,Northampton,2022-07-16
1,5,2,3,0,Northampton,2022-07-28
1,6,2,4,0,Northampton,2022-08-16
1,3,2,1,0,Northampton,2022-09-10
1,3,2,1,0,Northampton,2022-10-05
1,3,2,1,0,Northampton,2022-10-06
1,4,2,2,0,Northampton,2022-10-07
1,4,2,2,0,Northampton,2022-10-18
1,5,2,3,0,Northampton,2022-10-27
1,4,2,2,0,Northampton,2022-11-07
1,5,2,3,0,Northampton,2022-11-12
1,3,2,1,0,Northampton,2022-11-22
1,8,2,6,0,Onslow,2022-10-30
1,13,2,11,0,Onslow,2022-11-01
1,12,2,10,0,Onslow,2022-12-03
1,29,2,27,0,Orange,2022-08-28
1,29,2,27,0,Orange,2022-09-09
1,13,2,11,0,Orange,2022-09-10
1,7,2,5,0,Orange,2022-10-30
1,5,2,3,0,Orange,2022-11-24
1,22,2,20,0,Orange,2022-12-05
1,3,2,1,0,Pamlico,2022-07-14
1,2,2,0,0,Pamlico,2022-07-28
1,7,2,5,0,Pamlico,2022-08-01
1,5,2,3,0,Pamlico,2022-08-21
1,4,2,2,0,Pamlico,2022-10-04
1,3,2,1,0,Pamlico,2022-10-10
1,5,2,3,0,Pamlico,2022-12-08
1,9,2,7,0,Pasquotank,2022-06-14
1,3,2,1,0,Pasquotank,2022-06-29
1,12,2,10,0,Pasquotank,2022-06-30
1,6,2,4,0,Pasquotank,2022-07-09
1,6,2,4,0,Pasquotank,2022-09-21
1,6,2,4,0,Pasquotank,2022-10-11
1,2,2,0,0,Pasquotank,2022-11-20
1,5,2,3,0,Pasquotank,2022-12-05
1,10,2,8,0,Pender,2022-06-25
1,15,2,13,0,Pender,2022-07-01
1,8,2,6,0,Pender,2022-07-09
1,11,2,9,0,Pender,2022-07-16
1,11,2,9,0,Pender,2022-09-05
1,15,2,13,0,Pender,2022-09-16
1,13,2,11,0,Pender,2022-09-19
1,7,2,5,0,Pender,2022-09-24
1,5,2,3,0,Pender,2022-12-03
1,3,2,1,0,Perquimans,2022-06-23
1,8,2,6,0,Perquimans,2022-07-18
1,2,2,0,0,Perquimans,2022-09-08
1,5,2,3,0,Perquimans,2022-09-11
1,3,2,1,0,Perquimans,2022-10-25
1,11,2,9,0,Person,2022-08-10
1,13,2,11,0,Person,2022-08-17
1,9,2,7,0,Person,2022-09-26
1,4,2,2,0,Person,2022-10-18
1,3,2,1,0,Person,2022-10-27
1,3,2,1,0,Person,2022-10-30
1,13,2,11,0,Pitt,2022-11-26
1,4,2,2,0,Polk,2022-06-24
1,3,2,1,0,Polk,2022-08-11
1,3,2,1,0,Polk,2022-08-29
1,4,2,2,0,Polk,2022-10-20
1,5,2,3,0,Randolph,2022-10-29
1,11,2,9,0,Randolph,2022-11-03
1,7,2,5,0,Randolph,2022-11-19
1,9,2,7,0,Randolph,2022-11-26
1,10,2,8,0,Richmond,2022-07-02
1,8,2,6,0,Richmond,2022-07-31
1,18,2,16,0,Richmond,2022-08-05
1,8,2,6,0,Richmond,2022-09-22
1,3,2,1,0,Richmond,2022-10-08
1,6,2,4,0,Richmond,2022-10-11
1,5,2,3,0,Richmond,2022-10-13
1,6,2,4,0,Richmond,2022-10-14
1,6,2,4,0,Richmond,2022-10-27
1,7,2,5,0,Richmond,2022-10-29
1,3,2,1,0,Richmond,2022-12-05
1,13,2,11,0,Rockingham,2022-06-19
1,16,2,14,0,Rockingham,2022-10-15
1,7,2,5,0,Rockingham,2022-11-10
1,4,2,2,0,Rockingham,2022-11-13
1,11,2,9,0,Rockingham,2022-11-26
1,17,2,15,0,Rowan,2022-10-19
1,12,2,10,0,Rutherford,2022-08-20
1,6,2,4,0,Rutherford,2022-09-24
1,3,2,1,0,Rutherford,2022-10-18
1,6,2,4,0,Rutherford,2022-11-05
1,3,2,1,0,Rutherford,2022-11-12
1,7,2,5,0,Rutherford,2022-11-26
1,10,2,8,0,Rutherford,2022-12-09
1,11,2,9,0,Sampson,2022-08-13
1,4,2,2,0,Sampson,2022-10-02
1,6,2,4,0,Sampson,2022-10-13
1,2,2,0,0,Sampson,2022-11-18
1,3,2,1,0,Sampson,2022-11-20
1,4,2,2,0,Sampson,2022-11-26
1,4,2,2,0,Sampson,2022-12-03
1,4,2,2,0,Scotland,2022-08-27
1,6,2,4,0,Scotland,2022-09-21
1,3,2,1,0,Scotland,2022-09-29
1,4,2,2,0,Scotland,2022-10-12
1,4,2,2,0,Scotland,2022-10-14
1,2,2,0,0,Scotland,2022-11-08
1,3,2,1,0,Scotland,2022-11-16
1,2,2,0,0,Scotland,2022-11-19
1,4,2,2,0,Scotland,2022-11-30
1,3,2,1,0,Scotland,2022-12-06
1,12,2,10,0,Stanly,2022-10-03
1,10,2,8,0,Stanly,2022-10-22
1,6,2,4,0,Stanly,2022-10-28
1,12,2,10,0,Stokes,2022-06-18
1,13,2,11,0,Stokes,2022-08-13
1,5,2,3,0,Stokes,2022-10-16
1,9,2,7,0,Stokes,2022-10-18
1,9,2,7,0,Stokes,2022-11-03
1,2,2,0,0,Stokes,2022-11-13
1,5,2,3,0,Stokes,2022-11-19
1,9,2,7,0,Stokes,2022-11-23
1,6,2,4,0,Stokes,2022-12-03
1,10,2,8,0,Surry,2022-10-01
1,6,2,4,0,Surry,2022-10-07
1,6,2,4,0,Surry,2022-10-19
1,6,2,4,0,Surry,2022-10-21
1,7,2,5,0,Surry,2022-11-17
1,4,2,2,0,Surry,2022-11-20
1,7,2,5,0,Swain,2022-06-27
1,9,2,7,0,Swain,2022-06-30
1,3,2,1,0,Swain,2022-07-03
1,10,2,8,0,Swain,2022-07-17
1,7,2,5,0,Swain,2022-08-24
1,5,2,3,0,Swain,2022-09-03
1,4,2,2,0,Swain,2022-09-05
1,3,2,1,0,Swain,2022-10-10
1,3,2,1,0,Swain,2022-11-30
1,3,2,1,0,Swain,2022-12-05
1,11,2,9,0,Transylvania,2022-08-11
1,10,2,8,0,Transylvania,2022-08-29
1,6,2,4,0,Transylvania,2022-09-27
1,7,2,5,0,Transylvania,2022-10-15
1,8,2,6,0,Transylvania,2022-11-02
1,7,2,5,0,Transylvania,2022-12-04
1,5,2,3,0,Tyrrell,2022-08-24
1,11,2,9,0,Vance,2022-08-19
1,13,2,11,0,Vance,2022-08-31
1,9,2,7,0,Vance,2022-09-23
1,10,2,8,0,Vance,2022-09-27
1,4,2,2,0,Vance,2022-10-08
1,4,2,2,0,Vance,2022-10-18
1,4,2,2,0,Vance,2022-10-19
1,7,2,5,0,Vance,2022-11-01
1,5,2,3,0,Vance,2022-11-08
1,4,2,2,0,Vance,2022-11-12
1,6,2,4,0,Vance,2022-11-22
1,7,2,5,0,Vance,2022-12-10
1,21,2,19,0,Wake,2022-11-24
1,9,2,7,0,Warren,2022-07-18
1,9,2,7,0,Warren,2022-07-20
1,5,2,3,0,Warren,2022-08-05
1,6,2,4,0,Warren,2022-08-09
1,6,2,4,0,Warren,2022-09-09
1,4,2,2,0,Warren,2022-10-01
1,6,2,4,0,Warren,2022-11-28
1,6,2,4,0,Washington,2022-07-05
1,6,2,4,0,Washington,2022-08-12
1,8,2,6,0,Washington,2022-08-17
1,5,2,3,0,Washington,2022-08-31
1,4,2,2,0,Washington,2022-09-12
1,9,2,7,0,Watauga,2022-06-14
1,8,2,6,0,Watauga,2022-07-31
1,11,2,9,0,Watauga,2022-08-03
1,15,2,13,0,Watauga,2022-09-09
1,7,2,5,0,Watauga,2022-09-29
1,9,2,7,0,Watauga,2022-10-07
1,6,2,4,0,Watauga,2022-10-19
1,8,2,6,0,Watauga,2022-10-26
1,2,2,0,0,Watauga,2022-10-30
1,6,2,4,0,Watauga,2022-11-03
1,4,2,2,0,Watauga,2022-11-17
1,4,2,2,0,Watauga,2022-12-03
1,7,2,5,0,Wayne,2022-09-25
1,10,2,8,0,Wayne,2022-10-22
1,3,2,1,0,Wilkes,2022-11-08
1,10,2,8,0,Wilkes,2022-11-18
1,13,2,11,0,Wilson,2022-09-17
1,5,2,3,0,Wilson,2022-10-20
1,5,2,3,0,Wilson,2022-11-01
1,6,2,4,0,Wilson,2022-11-07
1,4,2,2,0,Wilson,2022-11-12
1,5,2,3,0,Wilson,2022-11-26
1,9,2,7,0,Wilson,2022-12-10
1,8,2,6,0,Yadkin,2022-09-04
1,6,2,4,0,Yadkin,2022-10-01
1,7,2,5,0,Yadkin,2022-10-15
1,7,2,5,0,Yadkin,2022-11-06
1,5,2,3,0,Yadkin,2022-12-01
1,3,2,1,0,Yancey,2022-06-14
1,4,2,2,0,Yancey,2022-06-18
1,6,2,4,0,Yancey,2022-08-22
1,4,2,2,0,Yancey,2022-09-06
1,5,2,3,0,Yancey,2022-09-16
1,5,2,3,0,Yancey,2022-11-04
1,3,2,1,0,Yancey,2022-12-03
2,5,2,3,0,Alamance,2022-10-30
2,19,2,17,0,Alexander,2022-08-11
2,13,2,11,0,Alexander,2022-08-14
2,11,2,9,0,Alexander,2022-09-09
2,13,2,11,0,Alexander,2022-09-15
2,10,2,8,0,Alexander,2022-09-29
2,4,2,2,0,Alexander,2022-10-17
2,4,2,2,0,Alexander,2022-10-28
2,7,2,5,0,Alexander,2022-11-07
2,4,2,2,0,Alexander,2022-11-10
2,5,2,3,0,Alleghany,2022-08-17
2,5,2,3,0,Alleghany,2022-09-01
2,5,2,3,0,Alleghany,2022-09-02
2,5,2,3,0,Alleghany,2022-12-04
2,10,2,8,0,Anson,2022-08-14
2,5,2,3,0,Anson,2022-11-10
2,10,2,8,0,Ashe,2022-06-22
2,10,2,8,0,Ashe,2022-07-11
2,6,2,4,0,Ashe,2022-07-29
2,2,2,0,0,Ashe,2022-11-12
2,12,2,10,0,Avery,2022-06-17
2,4,2,2,0,Avery,2022-08-29
2,3,2,1,0,Avery,2022-11-07
2,8,2,6,0,Beaufort,2022-06-26
2,11,2,9,0,Beaufort,2022-07-02
2,9,2,7,0,Beaufort,2022-07-09
2,19,2,17,0,Beaufort,2022-08-10
2,8,2,6,0,Beaufort,2022-10-20
2,6,2,4,0,Bertie,2022-08-18
2,11,2,9,0,Bertie,2022-08-22
2,4,2,2,0,Bertie,2022-11-02
2,18,2,16,0,Bladen,2022-06-21
2,22,2,20,0,Bladen,2022-08-03
2,12,2,10,0,Bladen,2022-08-30
2,10,2,8,0,Bladen,2022-09-19
2,13,2,11,0,Bladen,2022-09-22
2,33,2,31,0,Brunswick,2022-09-20
2,9,2,7,0,Brunswick,2022-10-16
2,7,2,5,0,Brunswick,2022-10-29
2,20,2,18,0,Burke,2022-09-17
2,10,2,8,0,Burke,2022-09-30
2,16,2,14,0,Burke,2022-11-26
2,13,2,11,0,Burke,2022-11-30
2,13,2,11,0,Cabarrus,2022-09-24
2,15,2,13,0,Cabarrus,2022-09-29
2,14,2,12,0,Cabarrus,2022-11-12
2,6,2,4,0,Caldwell,2022-11-06
2,3,2,1,0,Camden,2022-11-30
2,7,2,5,0,Caswell,2022-06-20
2,9,2,7,0,Caswell,2022-07-21
2,10,2,8,0,Caswell,2022-08-31
2,19,2,17,0,Catawba,2022-11-06
2,11,2,9,0,Chatham,2022-08-06
2,22,2,20,0,Chatham,2022-08-17
2,10,2,8,0,Chatham,2022-08-20
2,7,2,5,0,Chatham,2022-09-23
2,6,2,4,0,Chatham,2022-10-09
2,4,2,2,0,Chatham,2022-10-17
2,14,2,12,0,Chatham,2022-11-18
2,13,2,11,0,Chatham,2022-11-27
2,10,2,8,0,Cherokee,2022-07-20
2,9,2,7,0,Cherokee,2022-09-05
2,10,2,8,0,Cherokee,2022-09-06
2,3,2,1,0,Cherokee,2022-10-03
2,7,2,5,0,Cherokee,2022-10-27
2,12,2,10,0,Chowan,2022-07-13
2,9,2,7,0,Clay,2022-07-20
2,9,2,7,0,Clay,2022-07-28
2,5,2,3,0,Clay,2022-08-18
2,7,2,5,0,Cleveland,2022-09-24
2,18,2,16,0,Cleveland,2022-09-26
2,13,2,11,0,Cleveland,2022-10-06
2,11,2,9,0,Cleveland,2022-11-22
2,8,2,6,0,Cleveland,2022-11-27
2,11,2,9,0,Columbus,2022-08-19
2,4,2,2,0,Columbus,2022-08-28
2,4,2,2,0,Columbus,2022-10-24
2,4,2,2,0,Columbus,2022-11-11
2,6,2,4,0,Columbus,2022-12-08
2,8,2,6,0,Craven,2022-11-08
2,6,2,4,0,Craven,2022-11-12
2,19,2,17,0,Davidson,2022-06-18
2,14,2,12,0,Davidson,2022-10-27
2,15,2,13,0,Davidson,2022-11-09
2,12,2,10,0,Davie,2022-07-12
2,6,2,4,0,Davie,2022-08-28
2,6,2,4,0,Duplin,2022-08-28
2,7,2,5,0,Duplin,2022-09-27
2,4,2,2,0,Duplin,2022-10-25
2,21,2,19,0,Durham,2022-10-01
2,11,2,9,0,Edgecombe,2022-06-26
2,18,2,16,0,Edgecombe,2022-07-08
2,15,2,13,0,Edgecombe,2022-07-31
2,15,2,13,0,Edgecombe,2022-08-07
2,18,2,16,0,Edgecombe,2022-08-15
2,8,2,6,0,Edgecombe,2022-09-05
2,14,2,12,0,Edgecombe,2022-09-10
2,23,2,21,0,Franklin,2022-08-12
2,18,2,16,0,Franklin,2022-09-11
2,10,2,8,0,Franklin,2022-10-07
2,7,2,5,0,Franklin,2022-10-29
2,9,2,7,0,Franklin,2022-11-15
2,10,2,8,0,Franklin,2022-11-23
2,5,2,3,0,Gates,2022-06-14
2,7,2,5,0,Gates,2022-09-13
2,4,2,2,0,Gates,2022-09-21
2,9,2,7,0,Graham,2022-07-05
2,11,2,9,0,Granville,2022-07-17
2,10,2,8,0,Granville,2022-10-28
2,8,2,6,0,Granville,2022-11-01
2,5,2,3,0,Greene,2022-07-29
2,5,2,3,0,Greene,2022-08-03
2,12,2,10,0,Greene,2022-08-04
2,6,2,4,0,Greene,2022-08-06
2,5,2,3,0,Greene,2022-09-21
2,15,2,13,0,Halifax,2022-09-26
2,9,2,7,0,Halifax,2022-10-05
2,13,2,11,0,Halifax,2022-11-01
2,19,2,17,0,Harnett,2022-09-18
2,9,2,7,0,Harnett,2022-10-09
2,9,2,7,0,Harnett,2022-10-12
2,10,2,8,0,Harnett,2022-10-20
2,13,2,11,0,Henderson,2022-10-16
2,4,2,2,0,Hertford,2022-06-23
2,7,2,5,0,Hertford,2022-07-17
2,9,2,7,0,Hoke,2022-06-26
2,6,2,4,0,Hoke,2022-10-18
2,13,2,11,0,Iredell,2022-10-29
2,12,2,10,0,Jackson,2022-06-23
2,9,2,7,0,Johnston,2022-11-05
2,4,2,2,0,Jones,2022-06-15
2,3,2,1,0,Jones,2022-06-22
2,10,2,8,0,Jones,2022-07-06
2,3,2,1,0,Jones,2022-07-20
2,7,2,5,0,Lee,2022-10-08
2,8,2,6,0,Lee,2022-10-25
2,8,2,6,0,Lee,2022-11-10
2,10,2,8,0,Lee,2022-11-21
2,10,2,8,0,Lee,2022-11-29
2,6,2,4,0,Lenoir,2022-09-17
2,13,2,11,0,Lenoir,2022-09-28
2,3,2,1,0,Lenoir,2022-10-01
2,6,2,4,0,Lenoir,2022-10-04
2,25,2,23,0,Lincoln,2022-08-07
2,9,2,7,0,Lincoln,2022-10-02
2,14,2,12,0,Lincoln,2022-10-20
2,6,2,4,0,Lincoln,2022-11-24
2,9,2,7,0,Lincoln,2022-12-10
2,10,2,8,0,Macon,2022-06-17
2,11,2,9,0,Macon,2022-07-04
2,9,2,7,0,Macon,2022-07-23
2,6,2,4,0,Macon,2022-09-01
2,3,2,1,0,Macon,2022-09-28
2,7,2,5,0,Madison,2022-07-14
2,8,2,6,0,Madison,2022-09-01
2,6,2,4,0,Madison,2022-09-12
2,3,2,1,0,Madison,2022-11-28
2,11,2,9,0,Martin,2022-06-23
2,4,2,2,0,Martin,2022-07-04
2,8,2,6,0,Martin,2022-07-09
2,6,2,4,0,Martin,2022-08-18
2,5,2,3,0,Martin,2022-08-28
2,7,2,5,0,Martin,2022-09-01
2,9,2,7,0,McDowell,2022-10-04
2,10,2,8,0,McDowell,2022-10-11
2,3,2,1,0,McDowell,2022-11-02
2,8,2,6,0,McDowell,2022-12-03
2,12,2,10,0,McDowell,2022-12-09
2,10,2,8,0,Montgomery,2022-06-16
2,12,2,10,0,Montgomery,2022-06-22
2,3,2,1,0,Montgomery,2022-07-04
2,8,2,6,0,Montgomery,2022-07-15
2,13,2,11,0,Montgomery,2022-07-22
2,9,2,7,0,Montgomery,2022-08-09
2,4,2,2,0,Montgomery,2022-08-20
2,8,2,6,0,Montgomery,2022-09-23
2,2,2,0,0,Montgomery,2022-11-13
2,14,2,12,0,Moore,2022-10-01
2,7,2,5,0,Nash,2022-09-21
2,6,2,4,0,Nash,2022-11-24
2,22,2,20,0,New Hanover,2022-09-28
2,12,2,10,0,New Hanover,2022-10-27
2,9,2,7,0,New Hanover,2022-10-29
2,10,2,8,0,Northampton,2022-07-01
2,9,2,7,0,Northampton,2022-07-23
2,9,2,7,0,Northampton,2022-08-10
2,7,2,5,0,Northampton,2022-08-11
2,9,2,7,0,Northampton,2022-08-18
2,7,2,5,0,Northampton,2022-08-31
2,3,2,1,0,Northampton,2022-10-19
2,4,2,2,0,Northampton,2022-11-30
2,2,2,0,0,Northampton,2022-12-07
2,13,2,11,0,Onslow,2022-10-25
2,15,2,13,0,Onslow,2022-10-27
2,7,2,5,0,Onslow,2022-11-12
2,21,2,19,0,Orange,2022-06-19
2,61,2,59,0,Orange,2022-06-21
2,28,2,26,0,Orange,2022-07-24
2,56,2,54,0,Orange,2022-08-05
2,20,2,18,0,Orange,2022-09-18
2,33,2,31,0,Orange,2022-09-26
2,15,2,13,0,Orange,2022-10-06
2,18,2,16,0,Orange,2022-10-07
2,20,2,18,0,Orange,2022-10-31
2,15,2,13,0,Orange,2022-11-02
2,24,2,22,0,Orange,2022-12-01
2,9,2,7,0,Pasquotank,2022-06-22
2,12,2,10,0,Pasquotank,2022-07-12
2,4,2,2,0,Pasquotank,2022-08-20
2,4,2,2,0,Pasquotank,2022-08-30
2,19,2,17,0,Pender,2022-07-30
2,21,2,19,0,Pender,2022-07-31
2,16,2,14,0,Pender,2022-08-29
2,7,2,5,0,Pender,2022-10-04
2,4,2,2,0,Pender,2022-10-22
2,7,2,5,0,Pender,2022-11-21
2,5,2,3,0,Perquimans,2022-08-08
2,4,2,2,0,Perquimans,2022-08-31
2,10,2,8,0,Perquimans,2022-09-06
2,11,2,9,0,Person,2022-09-01
2,5,2,3,0,Person,2022-10-28
2,7,2,5,0,Person,2022-11-14
2,16,2,14,0,Pitt,2022-10-27
2,9,2,7,0,Pitt,2022-11-12
2,9,2,7,0,Pitt,2022-11-20
2,6,2,4,0,Polk,2022-08-02
2,5,2,3,0,Randolph,2022-11-20
2,6,2,4,0,Richmond,2022-07-10
2,7,2,5,0,Richmond,2022-08-12
2,15,2,13,0,Richmond,2022-08-15
2,13,2,11,0,Richmond,2022-08-28
2,6,2,4,0,Richmond,2022-09-24
2,8,2,6,0,Richmond,2022-09-28
2,6,2,4,0,Richmond,2022-11-04
2,5,2,3,0,Richmond,2022-11-08
2,6,2,4,0,Richmond,2022-11-16
2,4,2,2,0,Robeson,2022-11-16
2,8,2,6,0,Robeson,2022-11-26
2,11,2,9,0,Rockingham,2022-06-26
2,8,2,6,0,Rockingham,2022-09-03
2,12,2,10,0,Rockingham,2022-09-29
2,13,2,11,0,Rockingham,2022-10-05
2,9,2,7,0,Rockingham,2022-10-18
2,7,2,5,0,Rockingham,2022-11-08
2,5,2,3,0,Rockingham,2022-11-19
2,7,2,5,0,Rockingham,2022-11-27
2,19,2,17,0,Rowan,2022-09-11
2,10,2,8,0,Rowan,2022-09-18
2,17,2,15,0,Rowan,2022-10-12
2,11,2,9,0,Rowan,2022-10-18
2,13,2,11,0,Rowan,2022-11-17
2,9,2,7,0,Rowan,2022-11-26
2,24,2,22,0,Rutherford,2022-07-01
2,14,2,12,0,Rutherford,2022-07-29
2,7,2,5,0,Rutherford,2022-10-03
2,6,2,4,0,Rutherford,2022-11-06
2,7,2,5,0,Scotland,2022-10-05
2,6,2,4,0,Scotland,2022-12-01
2,15,2,13,0,Stanly,2022-06-14
2,12,2,10,0,Stanly,2022-08-25
2,18,2,16,0,Stanly,2022-09-04
2,16,2,14,0,Stanly,2022-10-17
2,8,2,6,0,Stanly,2022-10-23
2,13,2,11,0,Stokes,2022-07-08
2,16,2,14,0,Stokes,2022-09-15
2,7,2,5,0,Stokes,2022-11-08
2,8,2,6,0,Stokes,2022-11-22
2,11,2,9,0,Stokes,2022-11-29
2,9,2,7,0,Swain,2022-07-24
2,7,2,5,0,Swain,2022-08-02
2,5,2,3,0,Swain,2022-08-31
2,2,2,0,0,Swain,2022-10-13
2,3,2,1,0,Swain,2022-11-21
2,6,2,4,0,Transylvania,2022-10-02
2,8,2,6,0,Transylvania,2022-10-04
2,6,2,4,0,Transylvania,2022-10-08
2,19,2,17,0,Union,2022-10-01
2,10,2,8,0,Vance,2022-07-16
2,5,2,3,0,Vance,2022-10-05
2,4,2,2,0,Vance,2022-10-07
2,9,2,7,0,Vance,2022-10-10
2,3,2,1,0,Vance,2022-10-21
2,6,2,4,0,Vance,2022-10-26
2,7,2,5,0,Vance,2022-11-02
2,8,2,6,0,Warren,2022-06-27
2,6,2,4,0,Warren,2022-12-01
2,11,2,9,0,Washington,2022-07-22
2,10,2,8,0,Washington,2022-07-26
2,14,2,12,0,Watauga,2022-07-15
2,10,2,8,0,Watauga,2022-07-26
2,13,2,11,0,Watauga,2022-09-23
2,10,2,8,0,Watauga,2022-10-04
2,10,2,8,0,Watauga,2022-10-12
2,11,2,9,0,Watauga,2022-11-15
2,11,2,9,0,Wilson,2022-08-28
2,6,2,4,0,Wilson,2022-11-17
2,14,2,12,0,Yadkin,2022-07-16
2,13,2,11,0,Yadkin,2022-08-25
2,14,2,12,0,Yadkin,2022-08-27
2,5,2,3,0,Yadkin,2022-11-03
2,5,2,3,0,Yadkin,2022-11-28
2,10,2,8,0,Yancey,2022-09-01
2,5,2,3,0,Yancey,2022-10-25
2,5,2,3,0,Yancey,2022-11-28
2,5,2,3,0,Yancey,2022-11-30
3,28,2,26,0,Alamance,2022-10-18
3,7,2,5,0,Alexander,2022-06-16
3,19,2,17,0,Alexander,2022-07-03
3,13,2,11,0,Alexander,2022-07-16
3,15,2,13,0,Alexander,2022-07-19
3,21,2,19,0,Alexander,2022-09-12
3,15,2,13,0,Anson,2022-07-29
3,16,2,14,0,Anson,2022-08-22
3,19,2,17,0,Anson,2022-08-25
3,7,2,5,0,Ashe,2022-06-30
3,12,2,10,0,Beaufort,2022-07-16
3,10,2,8,0,Beaufort,2022-08-07
3,20,2,18,0,Beaufort,2022-08-11
3,11,2,9,0,Beaufort,2022-08-17
3,13,2,11,0,Beaufort,2022-08-18
3,8,2,6,0,Beaufort,2022-10-07
3,11,2,9,0,Beaufort,2022-10-18
3,6,2,4,0,Bertie,2022-06-22
3,10,2,8,0,Bertie,2022-09-06
3,18,2,16,0,Bladen,2022-06-14
3,4,2,2,0,Bladen,2022-09-29
3,24,2,22,0,Burke,2022-12-02
3,19,2,17,0,Cabarrus,2022-11-08
3,18,2,16,0,Caldwell,2022-06-19
3,11,2,9,0,Caldwell,2022-11-02
3,16,2,14,0,Carteret,2022-08-24
3,7,2,5,0,Catawba,2022-11-19
3,16,2,14,0,Chatham,2022-07-31
3,19,2,17,0,Chatham,2022-08-09
3,21,2,19,0,Chatham,2022-08-12
3,12,2,10,0,Chatham,2022-09-11
3,10,2,8,0,Chatham,2022-10-14
3,15,2,13,0,Chatham,2022-12-08
3,16,2,14,0,Cherokee,2022-07-14
3,15,2,13,0,Cherokee,2022-07-21
3,9,2,7,0,Chowan,2022-08-04
3,31,2,29,0,Cleveland,2022-07-10
3,8,2,6,0,Cleveland,2022-10-07
3,12,2,10,0,Cleveland,2022-11-25
3,5,2,3,0,Columbus,2022-06-18
3,9,2,7,0,Columbus,2022-07-03
3,5,2,3,0,Columbus,2022-11-10
3,16,2,14,0,Currituck,2022-07-25
3,14,2,12,0,Dare,2022-07-06
3,30,2,28,0,Davidson,2022-09-18
3,11,2,9,0,Davidson,2022-11-05
3,10,2,8,0,Davie,2022-10-13
3,6,2,4,0,Davie,2022-11-02
3,9,2,7,0,Duplin,2022-08-14
3,12,2,10,0,Duplin,2022-10-04
3,37,2,35,0,Durham,2022-11-01
3,33,2,31,0,Durham,2022-11-07
3,10,2,8,0,Edgecombe,2022-07-04
3,13,2,11,0,Edgecombe,2022-12-05
3,14,2,12,0,Franklin,2022-06-19
3,23,2,21,0,Franklin,2022-08-17
3,15,2,13,0,Franklin,2022-08-18
3,32,2,30,0,Franklin,2022-08-26
3,7,2,5,0,Franklin,2022-11-16
3,20,2,18,0,Franklin,2022-12-07
3,18,2,16,0,Gaston,2022-10-12
3,15,2,13,0,Gaston,2022-11-24
3,9,2,7,0,Granville,2022-08-18
3,11,2,9,0,Granville,2022-08-28
3,18,2,16,0,Granville,2022-09-27
3,16,2,14,0,Granville,2022-11-30
3,9,2,7,0,Greene,2022-07-26
3,8,2,6,0,Greene,2022-09-15
3,21,2,19,0,Halifax,2022-07-29
3,18,2,16,0,Halifax,2022-08-30
3,15,2,13,0,Halifax,2022-10-12
3,5,2,3,0,Halifax,2022-11-12
3,12,2,10,0,Harnett,2022-10-17
3,23,2,21,0,Harnett,2022-10-24
3,14,2,12,0,Harnett,2022-11-22
3,24,2,22,0,Harnett,2022-12-02
3,10,2,8,0,Henderson,2022-11-17
3,11,2,9,0,Hoke,2022-07-04
3,16,2,14,0,Hoke,2022-09-26
3,8,2,6,0,Hoke,2022-10-13
3,12,2,10,0,Jackson,2022-06-27
3,13,2,11,0,Jackson,2022-07-21
3,17,2,15,0,Lee,2022-08-05
3,8,2,6,0,Lee,2022-10-10
3,3,2,1,0,Lee,2022-11-19
3,15,2,13,0,Lenoir,2022-08-19
3,6,2,4,0,Lenoir,2022-10-18
3,6,2,4,0,Lenoir,2022-12-01
3,6,2,4,0,Lincoln,2022-10-01
3,14,2,12,0,Lincoln,2022-10-28
3,9,2,7,0,Lincoln,2022-11-21
3,8,2,6,0,Lincoln,2022-11-23
3,12,2,10,0,Macon,2022-06-22
3,25,2,23,0,Macon,2022-07-12
3,12,2,10,0,Martin,2022-07-14
3,16,2,14,0,Martin,2022-07-19
3,18,2,16,0,McDowell,2022-06-28
3,23,2,21,0,McDowell,2022-07-13
3,21,2,19,0,McDowell,2022-07-15
3,16,2,14,0,McDowell,2022-07-19
3,16,2,14,0,McDowell,2022-07-29
3,15,2,13,0,McDowell,2022-08-05
3,32,2,30,0,McDowell,2022-09-06
3,7,2,5,0,McDowell,2022-09-17
3,10,2,8,0,McDowell,2022-09-30
3,7,2,5,0,Montgomery,2022-08-16
3,7,2,5,0,Montgomery,2022-09-15
3,12,2,10,0,Montgomery,2022-09-26
3,11,2,9,0,Montgomery,2022-09-27
3,10,2,8,0,Moore,2022-10-08
3,13,2,11,0,Nash,2022-09-25
3,9,2,7,0,Nash,2022-11-18
3,7,2,5,0,Nash,2022-12-02
3,11,2,9,0,Nash,2022-12-08
3,9,2,7,0,Northampton,2022-08-03
3,8,2,6,0,Northampton,2022-09-14
3,8,2,6,0,Northampton,2022-11-02
3,31,2,29,0,Orange,2022-06-18
3,28,2,26,0,Orange,2022-07-17
3,47,2,45,0,Orange,2022-07-23
3,36,2,34,0,Orange,2022-09-13
3,26,2,24,0,Orange,2022-09-16
3,20,2,18,0,Orange,2022-11-06
3,19,2,17,0,Pender,2022-06-30
3,10,2,8,0,Pender,2022-08-25
3,12,2,10,0,Pender,2022-10-10
3,8,2,6,0,Perquimans,2022-07-11
3,15,2,13,0,Person,2022-09-06
3,11,2,9,0,Person,2022-09-08
3,4,2,2,0,Polk,2022-10-12
3,11,2,9,0,Randolph,2022-11-02
3,21,2,19,0,Rockingham,2022-06-27
3,15,2,13,0,Rockingham,2022-09-10
3,16,2,14,0,Rockingham,2022-09-28
3,5,2,3,0,Rockingham,2022-11-11
3,32,2,30,0,Rowan,2022-07-02
3,18,2,16,0,Rowan,2022-09-17
3,7,2,5,0,Rowan,2022-10-01
3,10,2,8,0,Rowan,2022-10-22
3,25,2,23,0,Rowan,2022-10-31
3,5,2,3,0,Rowan,2022-11-06
3,11,2,9,0,Rutherford,2022-06-29
3,5,2,3,0,Rutherford,2022-11-11
3,4,2,2,0,Rutherford,2022-11-15
3,8,2,6,0,Rutherford,2022-11-21
3,31,2,29,0,Stanly,2022-08-03
3,9,2,7,0,Stokes,2022-06-14
3,9,2,7,0,Stokes,2022-06-25
3,7,2,5,0,Stokes,2022-07-09
3,7,2,5,0,Stokes,2022-08-07
3,10,2,8,0,Stokes,2022-10-06
3,9,2,7,0,Stokes,2022-11-02
3,7,2,5,0,Stokes,2022-11-25
3,15,2,13,0,Surry,2022-11-03
3,11,2,9,0,Surry,2022-11-18
3,10,2,8,0,Swain,2022-07-10
3,17,2,15,0,Transylvania,2022-07-21
3,11,2,9,0,Transylvania,2022-08-30
3,7,2,5,0,Transylvania,2022-10-05
3,27,2,25,0,Union,2022-11-14
3,13,2,11,0,Vance,2022-08-27
3,15,2,13,0,Warren,2022-08-02
3,15,2,13,0,Warren,2022-08-22
3,16,2,14,0,Washington,2022-08-09
3,7,2,5,0,Watauga,2022-08-09
3,6,2,4,0,Wilson,2022-11-09
3,13,2,11,0,Yadkin,2022-06-25
3,5,2,3,0,Yadkin,2022-07-02
3,10,2,8,0,Yadkin,2022-10-02
3,9,2,7,0,Yadkin,2022-10-04
3,8,2,6,0,Yadkin,2022-11-09
3,12,2,10,0,Yancey,2022-06-15
4,23,2,21,0,Alamance,2022-06-19
4,21,2,19,0,Alamance,2022-10-26
4,11,2,9,0,Alamance,2022-10-29
4,17,2,15,0,Alexander,2022-08-09
4,13,2,11,0,Alexander,2022-08-24
4,5,2,3,0,Alexander,2022-09-22
4,16,2,14,0,Anson,2022-07-18
4,14,2,12,0,Beaufort,2022-06-17
4,12,2,10,0,Beaufort,2022-07-24
4,11,2,9,0,Beaufort,2022-09-30
4,12,2,10,0,Beaufort,2022-10-19
4,8,2,6,0,Bladen,2022-07-10
4,19,2,17,0,Bladen,2022-07-11
4,14,2,12,0,Bladen,2022-07-29
4,16,2,14,0,Bladen,2022-09-21
4,21,2,19,0,Brunswick,2022-10-25
4,16,2,14,0,Brunswick,2022-11-02
4,21,2,19,0,Brunswick,2022-12-05
4,19,2,17,0,Chatham,2022-06-22
4,20,2,18,0,Chatham,2022-12-10
4,9,2,7,0,Cleveland,2022-10-25
4,9,2,7,0,Cleveland,2022-11-14
4,6,2,4,0,Columbus,2022-12-05
4,22,2,20,0,Davidson,2022-08-20
4,8,2,6,0,Davie,2022-10-14
4,41,2,39,0,Durham,2022-10-28
4,30,2,28,0,Durham,2022-11-15
4,10,2,8,0,Edgecombe,2022-06-18
4,19,2,17,0,Edgecombe,2022-07-24
4,22,2,20,0,Edgecombe,2022-08-11
4,25,2,23,0,Edgecombe,2022-08-22
4,27,2,25,0,Franklin,2022-06-22
4,22,2,20,0,Franklin,2022-09-23
4,10,2,8,0,Franklin,2022-11-02
4,8,2,6,0,Franklin,2022-11-04
4,8,2,6,0,Franklin,2022-11-19
4,16,2,14,0,Gaston,2022-11-05
4,8,2,6,0,Graham,2022-07-21
4,21,2,19,0,Granville,2022-06-25
4,14,2,12,0,Granville,2022-09-21
4,13,2,11,0,Harnett,2022-10-13
4,15,2,13,0,Harnett,2022-10-27
4,30,2,28,0,Hoke,2022-08-08
4,17,2,15,0,Johnston,2022-11-10
4,14,2,12,0,Lenoir,2022-09-20
4,11,2,9,0,Lenoir,2022-11-28
4,8,2,6,0,Lenoir,2022-11-29
4,12,2,10,0,Lincoln,2022-08-20
4,15,2,13,0,Lincoln,2022-09-17
4,15,2,13,0,Lincoln,2022-11-28
4,14,2,12,0,Lincoln,2022-12-08
4,12,2,10,0,Macon,2022-08-18
4,18,2,16,0,McDowell,2022-06-24
4,24,2,22,0,McDowell,2022-07-06
4,22,2,20,0,McDowell,2022-08-04
4,24,2,22,0,McDowell,2022-08-08
4,24,2,22,0,McDowell,2022-08-15
4,15,2,13,0,McDowell,2022-08-31
4,12,2,10,0,Moore,2022-11-29
4,35,2,33,0,Orange,2022-07-31
4,41,2,39,0,Orange,2022-09-08
4,22,2,20,0,Orange,2022-10-27
4,20,2,18,0,Orange,2022-12-07
4,19,2,17,0,Pender,2022-07-24
4,8,2,6,0,Pender,2022-11-07
4,34,2,32,0,Pitt,2022-07-16
4,17,2,15,0,Richmond,2022-09-20
4,29,2,27,0,Rockingham,2022-07-05
4,21,2,19,0,Rockingham,2022-07-12
4,9,2,7,0,Rowan,2022-09-24
4,12,2,10,0,Rowan,2022-10-26
4,17,2,15,0,Rutherford,2022-08-14
4,10,2,8,0,Rutherford,2022-09-08
4,23,2,21,0,Stanly,2022-07-12
4,9,2,7,0,Stanly,2022-09-17
4,19,2,17,0,Stanly,2022-09-27
4,13,2,11,0,Stanly,2022-10-31
4,14,2,12,0,Stokes,2022-07-02
4,19,2,17,0,Stokes,2022-09-07
4,13,2,11,0,Stokes,2022-10-12
4,18,2,16,0,Swain,2022-08-01
4,16,2,14,0,Union,2022-11-06
4,8,2,6,0,Vance,2022-09-28
4,12,2,10,0,Vance,2022-10-24
4,14,2,12,0,Warren,2022-08-11
4,14,2,12,0,Washington,2022-09-06
4,13,2,11,0,Wilkes,2022-09-23
4,10,2,8,0,Wilson,2022-11-18
5,60,2,58,0,Alamance,2022-07-01
5,18,2,16,0,Alamance,2022-11-15
5,20,2,18,0,Beaufort,2022-06-24
5,16,2,14,0,Beaufort,2022-09-22
5,23,2,21,0,Bladen,2022-07-22
5,10,2,8,0,Bladen,2022-12-06
5,17,2,15,0,Brunswick,2022-12-04
5,22,2,20,0,Caldwell,2022-09-29
5,21,2,19,0,Caldwell,2022-10-31
5,18,2,16,0,Columbus,2022-07-23
5,12,2,10,0,Edgecombe,2022-09-17
5,27,2,25,0,Franklin,2022-08-08
5,34,2,32,0,Franklin,2022-08-11
5,16,2,14,0,Franklin,2022-10-04
5,29,2,27,0,Gaston,2022-11-02
5,19,2,17,0,Gaston,2022-11-03
5,28,2,26,0,Gaston,2022-11-09
5,21,2,19,0,Gaston,2022-11-21
5,23,2,21,0,Greene,2022-07-18
5,9,2,7,0,Greene,2022-08-18
5,15,2,13,0,Halifax,2022-11-02
5,16,2,14,0,Harnett,2022-11-02
5,17,2,15,0,Hertford,2022-07-21
5,11,2,9,0,Hoke,2022-10-24
5,13,2,11,0,Johnston,2022-11-12
5,14,2,12,0,McDowell,2022-07-24
5,24,2,22,0,McDowell,2022-08-29
5,13,2,11,0,Nash,2022-10-05
5,25,2,23,0,Onslow,2022-10-11
5,19,2,17,0,Onslow,2022-10-24
5,39,2,37,0,Orange,2022-09-19
5,18,2,16,0,Orange,2022-11-04
5,16,2,14,0,Pender,2022-07-03
5,29,2,27,0,Rockingham,2022-06-28
5,19,2,17,0,Rowan,2022-09-29
5,11,2,9,0,Rowan,2022-11-05
5,22,2,20,0,Stanly,2022-09-02
5,17,2,15,0,Stokes,2022-07-12
5,20,2,18,0,Surry,2022-08-21
5,44,2,42,0,Union,2022-06-18
5,24,2,22,0,Union,2022-10-02
5,11,2,9,0,Washington,2022-08-10
5,22,2,20,0,Watauga,2022-09-13
5,15,2,13,0,Wilson,2022-08-14
5,22,2,20,0,Yadkin,2022-07-31
6,17,2,15,0,Anson,2022-07-21
6,30,2,28,0,Caldwell,2022-06-14
6,28,2,26,0,Caldwell,2022-08-21
6,8,2,6,0,Caldwell,2022-11-01
6,9,2,7,0,Chatham,2022-11-15
6,16,2,14,0,Cleveland,2022-09-21
6,12,2,10,0,Duplin,2022-12-05
6,45,2,43,0,Durham,2022-09-24
6,19,2,17,0,Edgecombe,2022-06-30
6,27,2,25,0,Edgecombe,2022-08-10
6,28,2,26,0,Edgecombe,2022-08-31
6,29,2,27,0,Franklin,2022-08-31
6,22,2,20,0,Halifax,2022-06-21
6,15,2,13,0,Harnett,2022-10-06
6,16,2,14,0,Lincoln,2022-11-29
6,16,2,14,0,Moore,2022-09-10
6,26,2,24,0,Onslow,2022-12-07
6,39,2,37,0,Rockingham,2022-08-09
6,8,2,6,0,Rockingham,2022-10-01
6,19,2,17,0,Rutherford,2022-07-28
6,36,2,34,0,Stanly,2022-07-27
6,38,2,36,0,Stanly,2022-07-28
6,19,2,17,0,Stanly,2022-07-31
6,22,2,20,0,Stanly,2022-08-15
6,29,2,27,0,Stanly,2022-09-13
6,28,2,26,0,Yadkin,2022-08-26
7,36,2,34,0,Beaufort,2022-07-11
7,15,2,13,0,Cleveland,2022-10-26
7,55,2,53,0,Durham,2022-09-03
7,60,2,58,0,Durham,2022-09-29
7,35,2,33,0,Durham,2022-11-03
7,36,2,34,0,Durham,2022-11-08
7,26,2,24,0,Gaston,2022-10-11
7,17,2,15,0,Gaston,2022-10-23
7,35,2,33,0,McDowell,2022-07-18
7,68,2,66,0,Orange,2022-07-20
7,50,2,48,0,Orange,2022-08-17
7,49,2,47,0,Orange,2022-08-23
7,52,2,50,0,Orange,2022-09-06
7,14,2,12,0,Rutherford,2022-12-08
7,29,2,27,0,Stanly,2022-08-31
8,18,2,16,0,Beaufort,2022-06-28
8,41,2,39,0,Brunswick,2022-09-29
8,25,2,23,0,Brunswick,2022-12-08
8,25,2,23,0,McDowell,2022-09-13
8,60,2,58,0,Onslow,2022-08-18
8,54,2,52,0,Orange,2022-07-28
8,16,2,14,0,Pitt,2022-11-23
8,21,2,19,0,Rowan,2022-11-25
8,32,2,30,0,Stanly,2022-09-06
8,17,2,15,0,Stanly,2022-09-22
9,69,2,67,0,Alamance,2022-06-29
9,45,2,43,0,Durham,2022-12-02
9,38,2,36,0,Edgecombe,2022-08-08
9,41,2,39,0,Orange,2022-08-09
9,25,2,23,0,Pitt,2022-12-07
9,47,2,45,0,Stanly,2022-07-21
9,34,2,32,0,Union,2022-10-11
10,35,2,33,0,Alamance,2022-10-10
10,26,2,24,0,Stanly,2022-09-14
11,50,2,48,0,Edgecombe,2022-08-03
12,33,2,31,0,Anson,2022-06-20
14,51,2,49,0,Gaston,2022-07-03
15,54,2,52,0,Pitt,2022-07-17
16,49,2,47,0,Alamance,2022-12-06
0,7,3,4,0,Alexander,2022-07-23
0,3,3,0,0,Alleghany,2022-06-30
0,5,3,2,0,Alleghany,2022-07-29
0,4,3,1,0,Alleghany,2022-09-08
0,3,3,0,0,Alleghany,2022-09-23
0,3,3,0,0,Alleghany,2022-10-03
0,6,3,3,0,Alleghany,2022-10-05
0,17,3,14,0,Anson,2022-07-12
0,9,3,6,0,Anson,2022-08-15
0,4,3,1,0,Anson,2022-10-08
0,10,3,7,0,Ashe,2022-07-10
0,3,3,0,0,Ashe,2022-07-15
0,5,3,2,0,Ashe,2022-08-24
0,7,3,4,0,Ashe,2022-09-07
0,5,3,2,0,Ashe,2022-09-26
0,5,3,2,0,Ashe,2022-10-07
0,4,3,1,0,Ashe,2022-10-14
0,7,3,4,0,Avery,2022-06-27
0,5,3,2,0,Avery,2022-07-19
0,5,3,2,0,Avery,2022-08-06
0,3,3,0,0,Avery,2022-08-18
0,8,3,5,0,Beaufort,2022-10-13
0,7,3,4,0,Bertie,2022-07-07
0,16,3,13,0,Burke,2022-06-15
0,15,3,12,0,Burke,2022-07-23
0,13,3,10,0,Burke,2022-10-05
0,10,3,7,0,Burke,2022-11-27
0,5,3,2,0,Caldwell,2022-10-23
0,3,3,0,0,Camden,2022-06-14
0,5,3,2,0,Camden,2022-07-06
0,4,3,1,0,Camden,2022-07-26
0,4,3,1,0,Camden,2022-08-09
0,3,3,0,0,Camden,2022-08-18
0,3,3,0,0,Camden,2022-08-26
0,6,3,3,0,Camden,2022-08-30
0,3,3,0,0,Camden,2022-09-01
0,3,3,0,0,Camden,2022-10-17
0,6,3,3,0,Carteret,2022-09-05
0,7,3,4,0,Carteret,2022-09-17
0,8,3,5,0,Carteret,2022-09-27
0,6,3,3,0,Carteret,2022-09-28
0,7,3,4,0,Carteret,2022-09-30
0,5,3,2,0,Carteret,2022-11-22
0,4,3,1,0,Carteret,2022-11-23
0,18,3,15,0,Chatham,2022-06-23
0,29,3,26,0,Chatham,2022-06-30
0,9,3,6,0,Chatham,2022-07-03
0,13,3,10,0,Chatham,2022-11-14
0,15,3,12,0,Cherokee,2022-08-03
0,10,3,7,0,Cherokee,2022-09-07
0,7,3,4,0,Cherokee,2022-11-27
0,3,3,0,0,Clay,2022-11-23
0,16,3,13,0,Columbus,2022-07-15
0,8,3,5,0,Columbus,2022-09-29
0,6,3,3,0,Currituck,2022-09-07
0,5,3,2,0,Currituck,2022-10-14
0,5,3,2,0,Currituck,2022-11-01
0,18,3,15,0,Davidson,2022-11-23
0,9,3,6,0,Davie,2022-06-25
0,17,3,14,0,Davie,2022-09-19
0,8,3,5,0,Davie,2022-09-27
0,9,3,6,0,Davie,2022-10-04
0,6,3,3,0,Davie,2022-11-08
0,5,3,2,0,Duplin,2022-11-10
0,3,3,0,0,Duplin,2022-11-16
0,7,3,4,0,Duplin,2022-12-08
0,9,3,6,0,Edgecombe,2022-09-27
0,7,3,4,0,Franklin,2022-10-09
0,9,3,6,0,Franklin,2022-10-26
0,6,3,3,0,Gates,2022-06-21
0,4,3,1,0,Gates,2022-07-12
0,6,3,3,0,Graham,2022-07-08
0,3,3,0,0,Graham,2022-07-12
0,4,3,1,0,Graham,2022-07-27
0,5,3,2,0,Graham,2022-09-14
0,4,3,1,0,Graham,2022-09-16
0,4,3,1,0,Graham,2022-09-19
0,3,3,0,0,Graham,2022-09-30
0,3,3,0,0,Graham,2022-10-03
0,3,3,0,0,Graham,2022-10-04
0,3,3,0,0,Graham,2022-11-30
0,7,3,4,0,Greene,2022-09-27
0,9,3,6,0,Greene,2022-10-10
0,4,3,1,0,Greene,2022-10-12
0,9,3,6,0,Halifax,2022-06-25
0,9,3,6,0,Haywood,2022-09-09
0,6,3,3,0,Haywood,2022-10-14
0,4,3,1,0,Haywood,2022-10-18
0,3,3,0,0,Haywood,2022-10-29
0,6,3,3,0,Haywood,2022-11-25
0,8,3,5,0,Haywood,2022-11-30
0,6,3,3,0,Haywood,2022-12-05
0,4,3,1,0,Hertford,2022-10-01
0,3,3,0,0,Hertford,2022-10-04
0,9,3,6,0,Hertford,2022-12-02
0,7,3,4,0,Hertford,2022-12-05
0,15,3,12,0,Hoke,2022-09-28
0,11,3,8,0,Jackson,2022-06-26
0,8,3,5,0,Jackson,2022-06-28
0,7,3,4,0,Jackson,2022-09-27
0,4,3,1,0,Jackson,2022-11-11
0,7,3,4,0,Jackson,2022-11-30
0,6,3,3,0,Jones,2022-06-14
0,3,3,0,0,Jones,2022-08-19
0,4,3,1,0,Jones,2022-10-01
0,11,3,8,0,Lee,2022-10-05
0,5,3,2,0,Lee,2022-12-03
0,4,3,1,0,Lee,2022-12-10
0,6,3,3,0,Lenoir,2022-10-11
0,10,3,7,0,Lenoir,2022-11-02
0,10,3,7,0,Lincoln,2022-09-10
0,7,3,4,0,Macon,2022-09-19
0,8,3,5,0,Macon,2022-12-05
0,6,3,3,0,Madison,2022-06-17
0,4,3,1,0,Madison,2022-08-07
0,3,3,0,0,Madison,2022-09-02
0,3,3,0,0,Madison,2022-09-03
0,3,3,0,0,Madison,2022-09-09
0,6,3,3,0,Madison,2022-09-23
0,3,3,0,0,Madison,2022-11-29
0,12,3,9,0,Martin,2022-09-13
0,20,3,17,0,McDowell,2022-06-15
0,6,3,3,0,McDowell,2022-11-03
0,10,3,7,0,McDowell,2022-11-27
0,7,3,4,0,Mitchell,2022-07-11
0,8,3,5,0,Mitchell,2022-07-29
0,5,3,2,0,Mitchell,2022-08-03
0,3,3,0,0,Mitchell,2022-10-11
0,3,3,0,0,Mitchell,2022-11-08
0,4,3,1,0,Mitchell,2022-12-08
0,10,3,7,0,Nash,2022-06-19
0,14,3,11,0,Nash,2022-09-17
0,7,3,4,0,Nash,2022-10-09
0,15,3,12,0,New Hanover,2022-11-08
0,11,3,8,0,New Hanover,2022-11-15
0,4,3,1,0,Northampton,2022-10-03
0,3,3,0,0,Northampton,2022-10-12
0,16,3,13,0,Orange,2022-10-19
0,4,3,1,0,Pamlico,2022-07-13
0,5,3,2,0,Pamlico,2022-07-19
0,4,3,1,0,Pamlico,2022-07-24
0,7,3,4,0,Pamlico,2022-07-29
0,5,3,2,0,Pamlico,2022-09-08
0,3,3,0,0,Pamlico,2022-10-05
0,6,3,3,0,Pasquotank,2022-06-28
0,10,3,7,0,Pasquotank,2022-07-07
0,8,3,5,0,Pasquotank,2022-07-16
0,4,3,1,0,Pasquotank,2022-07-31
0,4,3,1,0,Pasquotank,2022-08-29
0,10,3,7,0,Pasquotank,2022-09-05
0,6,3,3,0,Pasquotank,2022-09-14
0,5,3,2,0,Pasquotank,2022-09-17
0,4,3,1,0,Pasquotank,2022-09-20
0,4,3,1,0,Pasquotank,2022-09-25
0,6,3,3,0,Pasquotank,2022-10-03
0,4,3,1,0,Pasquotank,2022-10-05
0,5,3,2,0,Pasquotank,2022-10-15
0,4,3,1,0,Pasquotank,2022-10-21
0,5,3,2,0,Pasquotank,2022-10-23
0,7,3,4,0,Pasquotank,2022-12-02
0,17,3,14,0,Pender,2022-07-17
0,5,3,2,0,Pender,2022-10-07
0,4,3,1,0,Perquimans,2022-06-24
0,4,3,1,0,Perquimans,2022-09-24
0,7,3,4,0,Person,2022-07-16
0,3,3,0,0,Person,2022-09-05
0,8,3,5,0,Person,2022-09-22
0,5,3,2,0,Person,2022-10-07
0,6,3,3,0,Person,2022-10-25
0,10,3,7,0,Pitt,2022-10-01
0,4,3,1,0,Polk,2022-06-18
0,5,3,2,0,Polk,2022-06-22
0,4,3,1,0,Polk,2022-07-24
0,6,3,3,0,Polk,2022-08-05
0,9,3,6,0,Polk,2022-08-10
0,3,3,0,0,Polk,2022-08-14
0,4,3,1,0,Polk,2022-08-22
0,4,3,1,0,Polk,2022-09-22
0,4,3,1,0,Polk,2022-09-27
0,3,3,0,0,Polk,2022-10-11
0,4,3,1,0,Polk,2022-10-18
0,3,3,0,0,Polk,2022-11-06
0,9,3,6,0,Randolph,2022-10-08
0,9,3,6,0,Richmond,2022-10-10
0,3,3,0,0,Richmond,2022-11-10
0,6,3,3,0,Richmond,2022-12-08
0,4,3,1,0,Robeson,2022-10-16
0,11,3,8,0,Rockingham,2022-10-02
0,6,3,3,0,Rockingham,2022-11-12
0,9,3,6,0,Rowan,2022-10-06
0,11,3,8,0,Rutherford,2022-09-10
0,5,3,2,0,Rutherford,2022-10-27
0,9,3,6,0,Sampson,2022-10-07
0,4,3,1,0,Sampson,2022-11-13
0,4,3,1,0,Sampson,2022-11-27
0,6,3,3,0,Scotland,2022-09-17
0,5,3,2,0,Scotland,2022-10-27
0,4,3,1,0,Scotland,2022-10-29
0,3,3,0,0,Scotland,2022-11-05
0,5,3,2,0,Scotland,2022-12-09
0,8,3,5,0,Stokes,2022-06-26
0,19,3,16,0,Surry,2022-09-04
0,12,3,9,0,Surry,2022-11-07
0,7,3,4,0,Swain,2022-06-25
0,5,3,2,0,Swain,2022-06-28
0,4,3,1,0,Swain,2022-08-11
0,4,3,1,0,Swain,2022-08-23
0,4,3,1,0,Swain,2022-08-27
0,4,3,1,0,Swain,2022-09-10
0,3,3,0,0,Swain,2022-09-17
0,3,3,0,0,Swain,2022-10-07
0,3,3,0,0,Swain,2022-10-14
0,3,3,0,0,Swain,2022-11-29
0,4,3,1,0,Transylvania,2022-07-02
0,6,3,3,0,Transylvania,2022-07-16
0,5,3,2,0,Transylvania,2022-09-03
0,3,3,0,0,Tyrrell,2022-07-06
0,9,3,6,0,Vance,2022-11-17
0,4,3,1,0,Warren,2022-07-02
0,5,3,2,0,Warren,2022-07-23
0,7,3,4,0,Washington,2022-08-22
0,3,3,0,0,Washington,2022-09-21
0,4,3,1,0,Watauga,2022-08-07
0,7,3,4,0,Watauga,2022-10-21
0,11,3,8,0,Watauga,2022-11-14
0,4,3,1,0,Watauga,2022-12-10
0,8,3,5,0,Wayne,2022-10-23
0,7,3,4,0,Wayne,2022-11-26
0,7,3,4,0,Wayne,2022-11-27
0,10,3,7,0,Wilkes,2022-10-10
0,9,3,6,0,Wilkes,2022-10-15
0,6,3,3,0,Wilson,2022-10-25
0,8,3,5,0,Yadkin,2022-06-24
0,5,3,2,0,Yadkin,2022-11-17
0,12,3,9,0,Yadkin,2022-12-05
0,5,3,2,0,Yadkin,2022-12-09
0,9,3,6,0,Yancey,2022-06-29
0,7,3,4,0,Yancey,2022-08-14
1,23,3,20,0,Alamance,2022-06-18
1,20,3,17,0,Alamance,2022-11-27
1,5,3,2,0,Alexander,2022-10-25
1,6,3,3,0,Alexander,2022-11-08
1,4,3,1,0,Alexander,2022-12-07
1,3,3,0,0,Alleghany,2022-08-19
1,4,3,1,0,Alleghany,2022-10-31
1,6,3,3,0,Alleghany,2022-11-01
1,3,3,0,0,Alleghany,2022-11-03
1,5,3,2,0,Anson,2022-06-23
1,4,3,1,0,Ashe,2022-06-15
1,7,3,4,0,Ashe,2022-06-21
1,9,3,6,0,Ashe,2022-06-24
1,11,3,8,0,Ashe,2022-08-16
1,4,3,1,0,Ashe,2022-09-19
1,3,3,0,0,Ashe,2022-11-21
1,8,3,5,0,Avery,2022-07-18
1,5,3,2,0,Avery,2022-08-24
1,4,3,1,0,Avery,2022-11-02
1,3,3,0,0,Avery,2022-11-03
1,9,3,6,0,Beaufort,2022-08-06
1,10,3,7,0,Beaufort,2022-08-20
1,10,3,7,0,Beaufort,2022-08-26
1,8,3,5,0,Beaufort,2022-09-23
1,8,3,5,0,Beaufort,2022-10-24
1,7,3,4,0,Beaufort,2022-10-28
1,11,3,8,0,Bertie,2022-08-02
1,21,3,18,0,Bladen,2022-07-01
1,10,3,7,0,Bladen,2022-08-22
1,6,3,3,0,Bladen,2022-11-10
1,19,3,16,0,Brunswick,2022-08-28
1,19,3,16,0,Brunswick,2022-10-26
1,10,3,7,0,Brunswick,2022-10-30
1,17,3,14,0,Burke,2022-07-03
1,12,3,9,0,Burke,2022-11-22
1,13,3,10,0,Burke,2022-11-23
1,14,3,11,0,Burke,2022-12-01
1,14,3,11,0,Caldwell,2022-07-04
1,7,3,4,0,Caldwell,2022-10-22
1,10,3,7,0,Caldwell,2022-11-16
1,3,3,0,0,Camden,2022-08-19
1,7,3,4,0,Camden,2022-09-06
1,15,3,12,0,Carteret,2022-08-07
1,9,3,6,0,Carteret,2022-11-01
1,5,3,2,0,Carteret,2022-11-03
1,7,3,4,0,Carteret,2022-12-06
1,8,3,5,0,Caswell,2022-09-19
1,21,3,18,0,Chatham,2022-07-13
1,11,3,8,0,Chatham,2022-08-07
1,23,3,20,0,Chatham,2022-08-18
1,20,3,17,0,Chatham,2022-09-14
1,8,3,5,0,Chatham,2022-09-25
1,14,3,11,0,Chatham,2022-09-28
1,15,3,12,0,Chatham,2022-12-02
1,8,3,5,0,Cherokee,2022-06-19
1,10,3,7,0,Cherokee,2022-06-27
1,12,3,9,0,Cherokee,2022-08-11
1,4,3,1,0,Cherokee,2022-11-29
1,7,3,4,0,Chowan,2022-06-26
1,9,3,6,0,Clay,2022-06-20
1,9,3,6,0,Cleveland,2022-10-31
1,11,3,8,0,Columbus,2022-07-08
1,11,3,8,0,Columbus,2022-09-22
1,4,3,1,0,Columbus,2022-10-06
1,7,3,4,0,Columbus,2022-11-09
1,7,3,4,0,Columbus,2022-12-06
1,8,3,5,0,Columbus,2022-12-07
1,9,3,6,0,Craven,2022-10-12
1,15,3,12,0,Craven,2022-10-26
1,11,3,8,0,Craven,2022-10-27
1,6,3,3,0,Currituck,2022-07-10
1,11,3,8,0,Currituck,2022-07-18
1,8,3,5,0,Currituck,2022-09-15
1,5,3,2,0,Currituck,2022-09-26
1,5,3,2,0,Currituck,2022-10-23
1,13,3,10,0,Davie,2022-06-21
1,10,3,7,0,Davie,2022-07-15
1,9,3,6,0,Davie,2022-07-16
1,7,3,4,0,Davie,2022-11-07
1,9,3,6,0,Duplin,2022-10-12
1,5,3,2,0,Duplin,2022-10-26
1,6,3,3,0,Duplin,2022-11-01
1,3,3,0,0,Duplin,2022-11-04
1,16,3,13,0,Edgecombe,2022-08-06
1,5,3,2,0,Edgecombe,2022-10-09
1,10,3,7,0,Franklin,2022-09-18
1,3,3,0,0,Franklin,2022-11-13
1,12,3,9,0,Gaston,2022-10-20
1,8,3,5,0,Gates,2022-07-18
1,4,3,1,0,Gates,2022-09-05
1,7,3,4,0,Graham,2022-07-14
1,5,3,2,0,Graham,2022-07-25
1,6,3,3,0,Graham,2022-08-04
1,3,3,0,0,Graham,2022-10-19
1,3,3,0,0,Graham,2022-10-20
1,3,3,0,0,Graham,2022-10-26
1,3,3,0,0,Graham,2022-11-03
1,19,3,16,0,Granville,2022-09-15
1,12,3,9,0,Granville,2022-10-04
1,7,3,4,0,Granville,2022-10-16
1,11,3,8,0,Granville,2022-11-14
1,15,3,12,0,Granville,2022-12-05
1,16,3,13,0,Greene,2022-07-22
1,10,3,7,0,Greene,2022-08-29
1,9,3,6,0,Greene,2022-09-08
1,23,3,20,0,Halifax,2022-06-16
1,17,3,14,0,Halifax,2022-07-09
1,16,3,13,0,Halifax,2022-07-30
1,15,3,12,0,Halifax,2022-10-19
1,15,3,12,0,Halifax,2022-11-09
1,7,3,4,0,Halifax,2022-11-22
1,10,3,7,0,Harnett,2022-10-14
1,18,3,15,0,Harnett,2022-11-07
1,7,3,4,0,Haywood,2022-10-05
1,8,3,5,0,Henderson,2022-10-09
1,9,3,6,0,Henderson,2022-10-29
1,12,3,9,0,Henderson,2022-12-10
1,4,3,1,0,Hertford,2022-06-25
1,9,3,6,0,Hertford,2022-06-29
1,10,3,7,0,Hertford,2022-07-13
1,10,3,7,0,Hertford,2022-08-03
1,4,3,1,0,Hertford,2022-09-05
1,7,3,4,0,Hertford,2022-09-14
1,3,3,0,0,Hertford,2022-09-22
1,4,3,1,0,Hertford,2022-10-03
1,16,3,13,0,Hoke,2022-07-08
1,20,3,17,0,Hoke,2022-08-15
1,7,3,4,0,Hoke,2022-08-20
1,8,3,5,0,Hoke,2022-09-13
1,8,3,5,0,Hoke,2022-10-04
1,11,3,8,0,Hoke,2022-12-06
1,11,3,8,0,Jackson,2022-06-15
1,6,3,3,0,Jackson,2022-08-11
1,5,3,2,0,Jackson,2022-08-20
1,9,3,6,0,Jackson,2022-08-28
1,10,3,7,0,Jackson,2022-09-30
1,9,3,6,0,Jackson,2022-10-24
1,9,3,6,0,Jackson,2022-11-09
1,7,3,4,0,Jones,2022-07-27
1,8,3,5,0,Jones,2022-08-12
1,5,3,2,0,Jones,2022-08-17
1,7,3,4,0,Jones,2022-09-22
1,12,3,9,0,Lee,2022-06-22
1,5,3,2,0,Lee,2022-10-20
1,6,3,3,0,Lee,2022-10-23
1,9,3,6,0,Lenoir,2022-07-04
1,12,3,9,0,Lenoir,2022-07-16
1,14,3,11,0,Lenoir,2022-07-23
1,9,3,6,0,Lenoir,2022-09-08
1,8,3,5,0,Lenoir,2022-11-16
1,7,3,4,0,Lenoir,2022-12-02
1,14,3,11,0,Lincoln,2022-06-19
1,19,3,16,0,Lincoln,2022-09-03
1,6,3,3,0,Lincoln,2022-10-15
1,13,3,10,0,Lincoln,2022-10-21
1,12,3,9,0,Lincoln,2022-10-27
1,7,3,4,0,Macon,2022-07-01
1,14,3,11,0,Macon,2022-07-06
1,7,3,4,0,Macon,2022-09-16
1,4,3,1,0,Macon,2022-09-29
1,5,3,2,0,Macon,2022-10-03
1,6,3,3,0,Macon,2022-12-07
1,9,3,6,0,Madison,2022-08-22
1,9,3,6,0,Madison,2022-08-31
1,8,3,5,0,Madison,2022-09-07
1,4,3,1,0,Madison,2022-09-27
1,6,3,3,0,Madison,2022-10-18
1,12,3,9,0,Martin,2022-07-15
1,13,3,10,0,Martin,2022-08-24
1,8,3,5,0,Martin,2022-09-08
1,6,3,3,0,Martin,2022-09-27
1,19,3,16,0,McDowell,2022-06-17
1,8,3,5,0,Mitchell,2022-08-02
1,5,3,2,0,Mitchell,2022-08-11
1,3,3,0,0,Mitchell,2022-11-26
1,8,3,5,0,Montgomery,2022-07-24
1,10,3,7,0,Montgomery,2022-07-26
1,11,3,8,0,Montgomery,2022-07-27
1,10,3,7,0,Montgomery,2022-08-10
1,5,3,2,0,Montgomery,2022-08-25
1,8,3,5,0,Montgomery,2022-09-08
1,13,3,10,0,Montgomery,2022-09-12
1,6,3,3,0,Montgomery,2022-09-25
1,8,3,5,0,Montgomery,2022-10-24
1,4,3,1,0,Montgomery,2022-10-25
1,3,3,0,0,Montgomery,2022-11-11
1,8,3,5,0,Moore,2022-10-13
1,6,3,3,0,Moore,2022-11-06
1,21,3,18,0,New Hanover,2022-11-01
1,12,3,9,0,New Hanover,2022-11-11
1,7,3,4,0,New Hanover,2022-11-24
1,7,3,4,0,Northampton,2022-07-27
1,17,3,14,0,Northampton,2022-08-22
1,7,3,4,0,Northampton,2022-09-07
1,7,3,4,0,Northampton,2022-09-21
1,16,3,13,0,Onslow,2022-09-10
1,12,3,9,0,Onslow,2022-10-01
1,17,3,14,0,Onslow,2022-10-14
1,13,3,10,0,Onslow,2022-11-15
1,5,3,2,0,Onslow,2022-11-27
1,23,3,20,0,Orange,2022-11-23
1,7,3,4,0,Pamlico,2022-06-24
1,7,3,4,0,Pamlico,2022-07-15
1,14,3,11,0,Pamlico,2022-07-20
1,6,3,3,0,Pamlico,2022-08-07
1,6,3,3,0,Pamlico,2022-10-07
1,4,3,1,0,Pasquotank,2022-07-17
1,10,3,7,0,Pasquotank,2022-09-23
1,4,3,1,0,Pasquotank,2022-10-27
1,5,3,2,0,Pasquotank,2022-11-09
1,15,3,12,0,Pender,2022-09-07
1,4,3,1,0,Perquimans,2022-07-19
1,5,3,2,0,Perquimans,2022-08-07
1,6,3,3,0,Perquimans,2022-08-09
1,3,3,0,0,Perquimans,2022-10-02
1,21,3,18,0,Person,2022-07-07
1,11,3,8,0,Person,2022-09-20
1,3,3,0,0,Polk,2022-06-20
1,3,3,0,0,Polk,2022-06-25
1,5,3,2,0,Polk,2022-07-13
1,3,3,0,0,Polk,2022-09-15
1,6,3,3,0,Polk,2022-09-20
1,3,3,0,0,Polk,2022-10-23
1,4,3,1,0,Polk,2022-12-06
1,4,3,1,0,Polk,2022-12-09
1,9,3,6,0,Richmond,2022-09-03
1,17,3,14,0,Richmond,2022-09-16
1,6,3,3,0,Richmond,2022-10-17
1,5,3,2,0,Richmond,2022-11-15
1,10,3,7,0,Robeson,2022-11-11
1,22,3,19,0,Rockingham,2022-08-19
1,17,3,14,0,Rockingham,2022-09-17
1,6,3,3,0,Rockingham,2022-10-13
1,9,3,6,0,Rockingham,2022-11-01
1,7,3,4,0,Rockingham,2022-11-06
1,5,3,2,0,Rowan,2022-11-24
1,4,3,1,0,Sampson,2022-10-29
1,6,3,3,0,Sampson,2022-11-15
1,3,3,0,0,Sampson,2022-11-21
1,7,3,4,0,Scotland,2022-07-28
1,4,3,1,0,Scotland,2022-08-13
1,7,3,4,0,Scotland,2022-09-16
1,3,3,0,0,Scotland,2022-10-01
1,23,3,20,0,Stanly,2022-07-13
1,14,3,11,0,Stokes,2022-07-15
1,10,3,7,0,Stokes,2022-08-14
1,18,3,15,0,Stokes,2022-09-08
1,15,3,12,0,Stokes,2022-09-26
1,3,3,0,0,Stokes,2022-10-02
1,4,3,1,0,Stokes,2022-11-20
1,10,3,7,0,Surry,2022-09-29
1,7,3,4,0,Surry,2022-11-11
1,8,3,5,0,Swain,2022-06-15
1,5,3,2,0,Swain,2022-07-11
1,5,3,2,0,Swain,2022-08-10
1,3,3,0,0,Swain,2022-08-12
1,6,3,3,0,Swain,2022-10-31
1,5,3,2,0,Swain,2022-11-07
1,7,3,4,0,Transylvania,2022-06-22
1,7,3,4,0,Transylvania,2022-07-09
1,11,3,8,0,Transylvania,2022-08-13
1,11,3,8,0,Transylvania,2022-08-19
1,9,3,6,0,Transylvania,2022-08-25
1,6,3,3,0,Tyrrell,2022-07-13
1,18,3,15,0,Vance,2022-07-01
1,7,3,4,0,Vance,2022-07-04
1,6,3,3,0,Vance,2022-11-10
1,9,3,6,0,Vance,2022-12-08
1,4,3,1,0,Warren,2022-06-18
1,8,3,5,0,Warren,2022-12-07
1,6,3,3,0,Washington,2022-06-24
1,4,3,1,0,Washington,2022-08-05
1,8,3,5,0,Watauga,2022-06-19
1,7,3,4,0,Watauga,2022-07-17
1,15,3,12,0,Watauga,2022-08-04
1,12,3,9,0,Watauga,2022-08-08
1,7,3,4,0,Watauga,2022-08-12
1,6,3,3,0,Watauga,2022-08-27
1,4,3,1,0,Watauga,2022-09-03
1,10,3,7,0,Watauga,2022-10-03
1,9,3,6,0,Watauga,2022-11-02
1,4,3,1,0,Watauga,2022-11-21
1,12,3,9,0,Watauga,2022-11-28
1,8,3,5,0,Watauga,2022-12-08
1,10,3,7,0,Wayne,2022-11-18
1,3,3,0,0,Wilkes,2022-11-06
1,4,3,1,0,Wilkes,2022-11-11
1,13,3,10,0,Wilson,2022-09-02
1,5,3,2,0,Wilson,2022-10-01
1,7,3,4,0,Wilson,2022-10-13
1,12,3,9,0,Yadkin,2022-06-21
1,11,3,8,0,Yadkin,2022-07-03
1,18,3,15,0,Yadkin,2022-08-13
1,14,3,11,0,Yadkin,2022-08-20
1,6,3,3,0,Yadkin,2022-10-16
1,6,3,3,0,Yadkin,2022-10-27
1,6,3,3,0,Yadkin,2022-11-22
1,7,3,4,0,Yancey,2022-06-21
1,5,3,2,0,Yancey,2022-06-22
1,7,3,4,0,Yancey,2022-07-06
1,6,3,3,0,Yancey,2022-07-26
1,5,3,2,0,Yancey,2022-08-02
1,5,3,2,0,Yancey,2022-08-20
1,6,3,3,0,Yancey,2022-09-08
1,3,3,0,0,Yancey,2022-12-05
2,9,3,6,0,Alexander,2022-07-05
2,9,3,6,0,Alexander,2022-12-05
2,8,3,5,0,Alleghany,2022-08-15
2,11,3,8,0,Anson,2022-07-22
2,8,3,5,0,Anson,2022-07-23
2,18,3,15,0,Anson,2022-07-27
2,11,3,8,0,Anson,2022-09-04
2,9,3,6,0,Ashe,2022-08-04
2,8,3,5,0,Ashe,2022-08-26
2,3,3,0,0,Avery,2022-11-01
2,13,3,10,0,Beaufort,2022-06-21
2,17,3,14,0,Beaufort,2022-07-17
2,10,3,7,0,Beaufort,2022-09-03
2,15,3,12,0,Beaufort,2022-09-08
2,13,3,10,0,Beaufort,2022-09-16
2,6,3,3,0,Beaufort,2022-10-04
2,8,3,5,0,Bertie,2022-07-26
2,8,3,5,0,Bladen,2022-08-19
2,32,3,29,0,Brunswick,2022-08-31
2,21,3,18,0,Brunswick,2022-10-11
2,23,3,20,0,Brunswick,2022-10-14
2,18,3,15,0,Brunswick,2022-11-03
2,8,3,5,0,Brunswick,2022-11-18
2,26,3,23,0,Brunswick,2022-11-28
2,13,3,10,0,Brunswick,2022-12-09
2,6,3,3,0,Burke,2022-10-25
2,13,3,10,0,Burke,2022-11-10
2,11,3,8,0,Burke,2022-11-14
2,13,3,10,0,Caldwell,2022-11-25
2,19,3,16,0,Caldwell,2022-12-01
2,18,3,15,0,Caldwell,2022-12-08
2,6,3,3,0,Carteret,2022-09-18
2,12,3,9,0,Carteret,2022-10-04
2,5,3,2,0,Carteret,2022-11-15
2,8,3,5,0,Carteret,2022-12-09
2,11,3,8,0,Caswell,2022-08-30
2,25,3,22,0,Chatham,2022-06-27
2,20,3,17,0,Chatham,2022-06-29
2,19,3,16,0,Chatham,2022-07-10
2,18,3,15,0,Chatham,2022-07-24
2,19,3,16,0,Chatham,2022-08-23
2,18,3,15,0,Chatham,2022-09-07
2,12,3,9,0,Chatham,2022-09-16
2,8,3,5,0,Chatham,2022-11-07
2,15,3,12,0,Cherokee,2022-07-05
2,10,3,7,0,Cherokee,2022-07-15
2,4,3,1,0,Cherokee,2022-09-30
2,4,3,1,0,Clay,2022-09-12
2,23,3,20,0,Cleveland,2022-09-04
2,10,3,7,0,Cleveland,2022-11-01
2,8,3,5,0,Cleveland,2022-11-15
2,11,3,8,0,Cleveland,2022-11-21
2,10,3,7,0,Columbus,2022-07-31
2,7,3,4,0,Columbus,2022-09-24
2,20,3,17,0,Cumberland,2022-10-15
2,15,3,12,0,Cumberland,2022-11-12
2,5,3,2,0,Currituck,2022-10-12
2,4,3,1,0,Currituck,2022-11-02
2,25,3,22,0,Davidson,2022-08-27
2,12,3,9,0,Davidson,2022-10-15
2,12,3,9,0,Davie,2022-06-29
2,14,3,11,0,Davie,2022-07-17
2,8,3,5,0,Davie,2022-10-07
2,8,3,5,0,Davie,2022-10-25
2,8,3,5,0,Davie,2022-11-21
2,11,3,8,0,Duplin,2022-12-07
2,18,3,15,0,Edgecombe,2022-08-26
2,22,3,19,0,Edgecombe,2022-09-07
2,19,3,16,0,Edgecombe,2022-09-21
2,15,3,12,0,Edgecombe,2022-09-22
2,12,3,9,0,Franklin,2022-09-04
2,13,3,10,0,Franklin,2022-10-17
2,8,3,5,0,Franklin,2022-11-01
2,5,3,2,0,Graham,2022-07-23
2,3,3,0,0,Graham,2022-11-10
2,25,3,22,0,Granville,2022-08-09
2,18,3,15,0,Granville,2022-08-30
2,12,3,9,0,Granville,2022-09-11
2,10,3,7,0,Granville,2022-11-21
2,13,3,10,0,Granville,2022-12-08
2,17,3,14,0,Halifax,2022-06-15
2,13,3,10,0,Harnett,2022-10-02
2,22,3,19,0,Harnett,2022-10-26
2,19,3,16,0,Harnett,2022-11-29
2,6,3,3,0,Haywood,2022-12-03
2,4,3,1,0,Hertford,2022-06-15
2,8,3,5,0,Hertford,2022-06-24
2,13,3,10,0,Hertford,2022-07-08
2,9,3,6,0,Hertford,2022-08-17
2,10,3,7,0,Hertford,2022-09-13
2,11,3,8,0,Hertford,2022-09-26
2,5,3,2,0,Hertford,2022-09-29
2,11,3,8,0,Hertford,2022-12-01
2,19,3,16,0,Hoke,2022-07-17
2,25,3,22,0,Hoke,2022-08-22
2,16,3,13,0,Hoke,2022-10-17
2,17,3,14,0,Hoke,2022-11-28
2,14,3,11,0,Jackson,2022-07-12
2,12,3,9,0,Jackson,2022-07-25
2,6,3,3,0,Jackson,2022-09-15
2,8,3,5,0,Jackson,2022-11-21
2,21,3,18,0,Johnston,2022-10-21
2,14,3,11,0,Johnston,2022-11-24
2,6,3,3,0,Jones,2022-06-27
2,6,3,3,0,Jones,2022-07-28
2,4,3,1,0,Jones,2022-09-16
2,6,3,3,0,Jones,2022-10-04
2,11,3,8,0,Lee,2022-09-10
2,5,3,2,0,Lee,2022-09-24
2,9,3,6,0,Lee,2022-10-04
2,4,3,1,0,Lee,2022-10-11
2,9,3,6,0,Lee,2022-11-28
2,11,3,8,0,Lenoir,2022-08-30
2,15,3,12,0,Lenoir,2022-09-13
2,7,3,4,0,Lenoir,2022-10-16
2,7,3,4,0,Lenoir,2022-10-27
2,14,3,11,0,Lenoir,2022-12-09
2,31,3,28,0,Lincoln,2022-06-18
2,13,3,10,0,Lincoln,2022-09-18
2,4,3,1,0,Macon,2022-06-19
2,10,3,7,0,Macon,2022-12-06
2,5,3,2,0,Madison,2022-08-17
2,4,3,1,0,Madison,2022-10-04
2,7,3,4,0,Madison,2022-10-05
2,13,3,10,0,Martin,2022-06-15
2,7,3,4,0,Martin,2022-06-24
2,10,3,7,0,Martin,2022-06-27
2,9,3,6,0,Martin,2022-07-12
2,16,3,13,0,Martin,2022-08-09
2,19,3,16,0,McDowell,2022-06-23
2,12,3,9,0,McDowell,2022-09-10
2,14,3,11,0,Montgomery,2022-08-26
2,7,3,4,0,Montgomery,2022-09-02
2,8,3,5,0,Montgomery,2022-09-09
2,6,3,3,0,Montgomery,2022-09-14
2,5,3,2,0,Montgomery,2022-11-01
2,16,3,13,0,Moore,2022-07-10
2,6,3,3,0,Moore,2022-11-11
2,7,3,4,0,Moore,2022-11-23
2,9,3,6,0,Moore,2022-12-05
2,7,3,4,0,New Hanover,2022-09-25
2,10,3,7,0,New Hanover,2022-11-10
2,6,3,3,0,Northampton,2022-06-23
2,12,3,9,0,Northampton,2022-07-19
2,11,3,8,0,Northampton,2022-08-23
2,8,3,5,0,Northampton,2022-08-29
2,5,3,2,0,Northampton,2022-09-22
2,18,3,15,0,Onslow,2022-09-03
2,7,3,4,0,Onslow,2022-11-11
2,14,3,11,0,Onslow,2022-11-18
2,19,3,16,0,Onslow,2022-12-09
2,69,3,66,0,Orange,2022-06-15
2,44,3,41,0,Orange,2022-07-01
2,20,3,17,0,Orange,2022-09-05
2,29,3,26,0,Orange,2022-09-29
2,5,3,2,0,Pamlico,2022-06-16
2,6,3,3,0,Pamlico,2022-07-10
2,7,3,4,0,Pamlico,2022-08-18
2,7,3,4,0,Pasquotank,2022-06-15
2,7,3,4,0,Pasquotank,2022-06-17
2,8,3,5,0,Pasquotank,2022-11-04
2,17,3,14,0,Pender,2022-06-28
2,18,3,15,0,Pender,2022-08-05
2,11,3,8,0,Pender,2022-08-23
2,14,3,11,0,Pender,2022-09-13
2,12,3,9,0,Person,2022-07-09
2,15,3,12,0,Person,2022-07-15
2,8,3,5,0,Randolph,2022-11-16
2,12,3,9,0,Randolph,2022-11-27
2,17,3,14,0,Richmond,2022-08-02
2,8,3,5,0,Richmond,2022-09-05
2,9,3,6,0,Richmond,2022-10-05
2,5,3,2,0,Richmond,2022-10-24
2,4,3,1,0,Richmond,2022-10-31
2,6,3,3,0,Richmond,2022-11-18
2,8,3,5,0,Richmond,2022-11-29
2,7,3,4,0,Robeson,2022-10-23
2,5,3,2,0,Robeson,2022-11-18
2,24,3,21,0,Rockingham,2022-07-23
2,18,3,15,0,Rockingham,2022-09-23
2,9,3,6,0,Rockingham,2022-11-09
2,18,3,15,0,Rockingham,2022-12-01
2,15,3,12,0,Rowan,2022-10-21
2,13,3,10,0,Rowan,2022-11-03
2,11,3,8,0,Rowan,2022-12-04
2,8,3,5,0,Rutherford,2022-10-05
2,7,3,4,0,Rutherford,2022-10-14
2,8,3,5,0,Rutherford,2022-10-25
2,13,3,10,0,Rutherford,2022-11-03
2,9,3,6,0,Sampson,2022-10-28
2,5,3,2,0,Sampson,2022-11-17
2,4,3,1,0,Scotland,2022-10-28
2,6,3,3,0,Scotland,2022-11-10
2,5,3,2,0,Scotland,2022-12-04
2,6,3,3,0,Scotland,2022-12-10
2,27,3,24,0,Stanly,2022-07-22
2,6,3,3,0,Stanly,2022-10-29
2,15,3,12,0,Stokes,2022-06-29
2,15,3,12,0,Stokes,2022-07-13
2,13,3,10,0,Stokes,2022-07-16
2,13,3,10,0,Stokes,2022-07-30
2,10,3,7,0,Stokes,2022-09-30
2,5,3,2,0,Stokes,2022-11-11
2,13,3,10,0,Stokes,2022-11-12
2,12,3,9,0,Stokes,2022-11-30
2,6,3,3,0,Surry,2022-09-24
2,12,3,9,0,Surry,2022-09-25
2,7,3,4,0,Surry,2022-11-15
2,9,3,6,0,Surry,2022-11-23
2,13,3,10,0,Swain,2022-06-21
2,9,3,6,0,Swain,2022-07-26
2,10,3,7,0,Swain,2022-08-07
2,7,3,4,0,Swain,2022-08-29
2,13,3,10,0,Transylvania,2022-08-18
2,26,3,23,0,Union,2022-11-03
2,17,3,14,0,Vance,2022-06-23
2,9,3,6,0,Vance,2022-08-21
2,18,3,15,0,Vance,2022-09-13
2,14,3,11,0,Warren,2022-07-11
2,18,3,15,0,Warren,2022-07-25
2,8,3,5,0,Warren,2022-07-29
2,6,3,3,0,Washington,2022-06-15
2,10,3,7,0,Washington,2022-07-14
2,15,3,12,0,Watauga,2022-07-05
2,6,3,3,0,Watauga,2022-09-18
2,11,3,8,0,Watauga,2022-09-20
2,5,3,2,0,Wayne,2022-11-06
2,12,3,9,0,Wayne,2022-11-16
2,8,3,5,0,Wilkes,2022-10-30
2,5,3,2,0,Wilkes,2022-11-12
2,4,3,1,0,Wilkes,2022-11-21
2,4,3,1,0,Wilkes,2022-11-26
2,13,3,10,0,Wilson,2022-08-31
2,14,3,11,0,Wilson,2022-09-18
2,7,3,4,0,Wilson,2022-11-03
2,7,3,4,0,Wilson,2022-11-11
2,15,3,12,0,Yadkin,2022-06-16
2,13,3,10,0,Yadkin,2022-06-18
2,8,3,5,0,Yadkin,2022-10-26
2,6,3,3,0,Yadkin,2022-11-19
2,4,3,1,0,Yancey,2022-06-25
2,6,3,3,0,Yancey,2022-07-15
2,4,3,1,0,Yancey,2022-09-10
2,9,3,6,0,Yancey,2022-09-14
2,3,3,0,0,Yancey,2022-09-17
2,3,3,0,0,Yancey,2022-12-07
3,24,3,21,0,Alamance,2022-10-19
3,16,3,13,0,Alamance,2022-10-28
3,12,3,9,0,Alamance,2022-11-11
3,6,3,3,0,Alamance,2022-11-24
3,18,3,15,0,Alexander,2022-06-24
3,18,3,15,0,Alexander,2022-07-20
3,17,3,14,0,Alexander,2022-08-05
3,20,3,17,0,Alexander,2022-09-13
3,7,3,4,0,Alleghany,2022-07-26
3,4,3,1,0,Alleghany,2022-08-26
3,9,3,6,0,Alleghany,2022-08-29
3,7,3,4,0,Anson,2022-07-07
3,12,3,9,0,Anson,2022-07-19
3,5,3,2,0,Ashe,2022-10-03
3,20,3,17,0,Beaufort,2022-08-16
3,13,3,10,0,Beaufort,2022-09-28
3,8,3,5,0,Bertie,2022-08-12
3,17,3,14,0,Bladen,2022-06-15
3,18,3,15,0,Bladen,2022-07-13
3,20,3,17,0,Bladen,2022-07-27
3,19,3,16,0,Bladen,2022-07-28
3,9,3,6,0,Bladen,2022-08-13
3,14,3,11,0,Bladen,2022-08-31
3,21,3,18,0,Brunswick,2022-09-30
3,20,3,17,0,Brunswick,2022-10-18
3,20,3,17,0,Brunswick,2022-10-20
3,18,3,15,0,Brunswick,2022-10-28
3,12,3,9,0,Brunswick,2022-11-11
3,18,3,15,0,Brunswick,2022-11-27
3,21,3,18,0,Burke,2022-06-21
3,27,3,24,0,Burke,2022-08-30
3,27,3,24,0,Burke,2022-09-05
3,17,3,14,0,Burke,2022-11-28
3,11,3,8,0,Cabarrus,2022-10-08
3,13,3,10,0,Cabarrus,2022-10-19
3,15,3,12,0,Caldwell,2022-06-18
3,32,3,29,0,Caldwell,2022-08-28
3,15,3,12,0,Caldwell,2022-11-30
3,6,3,3,0,Caswell,2022-10-13
3,25,3,22,0,Chatham,2022-08-15
3,22,3,19,0,Chatham,2022-08-31
3,14,3,11,0,Chatham,2022-11-02
3,12,3,9,0,Cherokee,2022-08-04
3,10,3,7,0,Cherokee,2022-08-17
3,7,3,4,0,Clay,2022-07-18
3,9,3,6,0,Clay,2022-08-02
3,20,3,17,0,Cleveland,2022-09-20
3,21,3,18,0,Cleveland,2022-09-27
3,15,3,12,0,Cleveland,2022-10-01
3,13,3,10,0,Cleveland,2022-11-03
3,10,3,7,0,Cleveland,2022-12-04
3,30,3,27,0,Davidson,2022-06-26
3,18,3,15,0,Davidson,2022-11-17
3,10,3,7,0,Davie,2022-11-01
3,13,3,10,0,Davie,2022-12-07
3,15,3,12,0,Duplin,2022-06-26
3,39,3,36,0,Durham,2022-10-21
3,11,3,8,0,Edgecombe,2022-08-14
3,13,3,10,0,Edgecombe,2022-08-25
3,7,3,4,0,Edgecombe,2022-10-14
3,37,3,34,0,Forsyth,2022-10-08
3,25,3,22,0,Forsyth,2022-11-19
3,16,3,13,0,Franklin,2022-09-10
3,14,3,11,0,Franklin,2022-10-12
3,18,3,15,0,Gaston,2022-10-06
3,22,3,19,0,Gaston,2022-10-18
3,18,3,15,0,Gaston,2022-11-12
3,7,3,4,0,Granville,2022-07-09
3,17,3,14,0,Granville,2022-07-24
3,24,3,21,0,Granville,2022-09-07
3,11,3,8,0,Granville,2022-10-12
3,10,3,7,0,Greene,2022-06-30
3,6,3,3,0,Greene,2022-07-31
3,13,3,10,0,Halifax,2022-08-06
3,32,3,29,0,Halifax,2022-08-10
3,13,3,10,0,Halifax,2022-08-13
3,9,3,6,0,Halifax,2022-08-27
3,9,3,6,0,Halifax,2022-08-28
3,8,3,5,0,Halifax,2022-11-23
3,9,3,6,0,Harnett,2022-11-04
3,24,3,21,0,Harnett,2022-12-01
3,21,3,18,0,Henderson,2022-08-06
3,11,3,8,0,Henderson,2022-09-25
3,15,3,12,0,Henderson,2022-11-18
3,10,3,7,0,Henderson,2022-11-19
3,16,3,13,0,Hertford,2022-07-19
3,6,3,3,0,Hertford,2022-08-18
3,8,3,5,0,Hertford,2022-08-30
3,9,3,6,0,Hertford,2022-09-08
3,12,3,9,0,Hertford,2022-09-12
3,18,3,15,0,Hoke,2022-07-27
3,16,3,13,0,Hoke,2022-09-16
3,7,3,4,0,Hoke,2022-11-23
3,5,3,2,0,Hoke,2022-12-07
3,16,3,13,0,Lee,2022-09-08
3,12,3,9,0,Lee,2022-09-09
3,20,3,17,0,Lenoir,2022-08-23
3,9,3,6,0,Lenoir,2022-11-04
3,22,3,19,0,Lincoln,2022-09-01
3,11,3,8,0,Lincoln,2022-09-04
3,17,3,14,0,Lincoln,2022-09-23
3,7,3,4,0,Madison,2022-09-06
3,12,3,9,0,Martin,2022-06-16
3,12,3,9,0,Martin,2022-06-20
3,14,3,11,0,Martin,2022-08-11
3,7,3,4,0,Martin,2022-08-20
3,4,3,1,0,Martin,2022-09-03
3,17,3,14,0,McDowell,2022-09-11
3,9,3,6,0,McDowell,2022-11-01
3,14,3,11,0,McDowell,2022-11-06
3,5,3,2,0,Montgomery,2022-11-10
3,16,3,13,0,Nash,2022-12-05
3,9,3,6,0,Nash,2022-12-07
3,7,3,4,0,New Hanover,2022-10-30
3,11,3,8,0,New Hanover,2022-11-05
3,15,3,12,0,New Hanover,2022-11-09
3,7,3,4,0,Northampton,2022-08-30
3,19,3,16,0,Onslow,2022-09-17
3,15,3,12,0,Onslow,2022-10-26
3,15,3,12,0,Onslow,2022-11-08
3,8,3,5,0,Onslow,2022-12-10
3,38,3,35,0,Orange,2022-07-16
3,14,3,11,0,Orange,2022-10-04
3,9,3,6,0,Pamlico,2022-06-20
3,8,3,5,0,Pasquotank,2022-08-24
3,17,3,14,0,Pender,2022-06-29
3,11,3,8,0,Pender,2022-07-04
3,16,3,13,0,Pender,2022-08-17
3,18,3,15,0,Pender,2022-09-26
3,12,3,9,0,Person,2022-08-04
3,9,3,6,0,Person,2022-09-23
3,12,3,9,0,Pitt,2022-10-02
3,7,3,4,0,Polk,2022-09-08
3,4,3,1,0,Robeson,2022-11-15
3,6,3,3,0,Robeson,2022-11-20
3,15,3,12,0,Rockingham,2022-07-02
3,17,3,14,0,Rockingham,2022-07-09
3,15,3,12,0,Rockingham,2022-08-21
3,12,3,9,0,Rockingham,2022-10-25
3,16,3,13,0,Rockingham,2022-11-30
3,21,3,18,0,Rowan,2022-11-04
3,15,3,12,0,Rutherford,2022-06-23
3,14,3,11,0,Rutherford,2022-07-09
3,13,3,10,0,Rutherford,2022-07-16
3,13,3,10,0,Rutherford,2022-08-07
3,13,3,10,0,Rutherford,2022-09-09
3,15,3,12,0,Rutherford,2022-09-15
3,4,3,1,0,Rutherford,2022-10-10
3,14,3,11,0,Rutherford,2022-10-17
3,9,3,6,0,Rutherford,2022-10-20
3,7,3,4,0,Scotland,2022-09-26
3,17,3,14,0,Stanly,2022-09-10
3,13,3,10,0,Surry,2022-09-03
3,23,3,20,0,Surry,2022-09-05
3,13,3,10,0,Transylvania,2022-06-17
3,12,3,9,0,Transylvania,2022-09-04
3,9,3,6,0,Transylvania,2022-10-06
3,19,3,16,0,Union,2022-10-08
3,17,3,14,0,Union,2022-10-18
3,12,3,9,0,Union,2022-10-23
3,17,3,14,0,Vance,2022-06-17
3,12,3,9,0,Vance,2022-08-20
3,17,3,14,0,Vance,2022-08-26
3,9,3,6,0,Vance,2022-09-04
3,17,3,14,0,Watauga,2022-08-16
3,18,3,15,0,Watauga,2022-09-21
3,6,3,3,0,Watauga,2022-10-01
3,7,3,4,0,Watauga,2022-12-01
3,12,3,9,0,Wayne,2022-10-02
3,7,3,4,0,Wayne,2022-11-25
3,11,3,8,0,Wilkes,2022-10-04
3,12,3,9,0,Wilkes,2022-10-13
3,10,3,7,0,Wilkes,2022-10-29
3,15,3,12,0,Wilson,2022-06-25
3,6,3,3,0,Wilson,2022-11-04
3,32,3,29,0,Yadkin,2022-08-22
3,12,3,9,0,Yadkin,2022-09-28
3,7,3,4,0,Yadkin,2022-10-08
4,24,3,21,0,Alamance,2022-10-25
4,17,3,14,0,Alexander,2022-08-04
4,18,3,15,0,Alexander,2022-08-06
4,7,3,4,0,Alexander,2022-09-26
4,12,3,9,0,Anson,2022-07-06
4,18,3,15,0,Anson,2022-08-26
4,18,3,15,0,Anson,2022-09-12
4,15,3,12,0,Beaufort,2022-07-01
4,9,3,6,0,Bertie,2022-08-04
4,13,3,10,0,Bladen,2022-07-12
4,17,3,14,0,Bladen,2022-08-05
4,23,3,20,0,Bladen,2022-08-08
4,7,3,4,0,Bladen,2022-10-13
4,29,3,26,0,Cabarrus,2022-10-28
4,23,3,20,0,Caldwell,2022-07-16
4,13,3,10,0,Caldwell,2022-10-11
4,12,3,9,0,Caldwell,2022-10-19
4,13,3,10,0,Caldwell,2022-11-09
4,13,3,10,0,Catawba,2022-11-11
4,17,3,14,0,Chatham,2022-08-13
4,19,3,16,0,Cherokee,2022-07-08
4,24,3,21,0,Cleveland,2022-06-23
4,13,3,10,0,Cleveland,2022-10-02
4,13,3,10,0,Craven,2022-10-17
4,23,3,20,0,Davidson,2022-10-02
4,19,3,16,0,Davie,2022-07-18
4,52,3,49,0,Durham,2022-10-12
4,9,3,6,0,Edgecombe,2022-10-13
4,40,3,37,0,Franklin,2022-06-14
4,23,3,20,0,Franklin,2022-08-24
4,13,3,10,0,Gaston,2022-10-16
4,13,3,10,0,Gaston,2022-11-20
4,17,3,14,0,Granville,2022-06-17
4,16,3,13,0,Granville,2022-07-31
4,17,3,14,0,Halifax,2022-07-23
4,17,3,14,0,Halifax,2022-11-07
4,9,3,6,0,Halifax,2022-11-18
4,9,3,6,0,Halifax,2022-11-30
4,26,3,23,0,Harnett,2022-06-25
4,22,3,19,0,Harnett,2022-09-10
4,11,3,8,0,Hoke,2022-12-09
4,13,3,10,0,Iredell,2022-10-15
4,10,3,7,0,Jackson,2022-07-17
4,26,3,23,0,Johnston,2022-10-05
4,17,3,14,0,Johnston,2022-10-20
4,11,3,8,0,Lincoln,2022-10-19
4,12,3,9,0,Martin,2022-09-19
4,17,3,14,0,Nash,2022-08-28
4,21,3,18,0,Nash,2022-09-26
4,21,3,18,0,New Hanover,2022-09-17
4,11,3,8,0,Northampton,2022-08-05
4,29,3,26,0,Onslow,2022-06-19
4,21,3,18,0,Onslow,2022-11-02
4,42,3,39,0,Orange,2022-08-16
4,15,3,12,0,Orange,2022-12-04
4,25,3,22,0,Pender,2022-07-27
4,11,3,8,0,Pitt,2022-10-29
4,17,3,14,0,Richmond,2022-08-24
4,9,3,6,0,Richmond,2022-09-10
4,11,3,8,0,Robeson,2022-11-21
4,17,3,14,0,Rockingham,2022-06-23
4,21,3,18,0,Rockingham,2022-08-18
4,18,3,15,0,Rockingham,2022-09-18
4,18,3,15,0,Rockingham,2022-09-24
4,21,3,18,0,Rowan,2022-11-30
4,17,3,14,0,Rutherford,2022-09-20
4,15,3,12,0,Scotland,2022-07-07
4,16,3,13,0,Stanly,2022-08-23
4,17,3,14,0,Stanly,2022-09-26
4,16,3,13,0,Stanly,2022-09-29
4,24,3,21,0,Stokes,2022-08-09
4,18,3,15,0,Surry,2022-09-16
4,19,3,16,0,Surry,2022-11-25
4,15,3,12,0,Union,2022-10-15
4,14,3,11,0,Union,2022-11-24
4,14,3,11,0,Vance,2022-07-03
4,10,3,7,0,Warren,2022-09-14
4,14,3,11,0,Watauga,2022-08-05
4,10,3,7,0,Wilkes,2022-09-25
5,25,3,22,0,Alamance,2022-09-17
5,32,3,29,0,Alamance,2022-12-09
5,9,3,6,0,Alexander,2022-07-06
5,11,3,8,0,Alexander,2022-08-17
5,15,3,12,0,Alexander,2022-09-16
5,17,3,14,0,Anson,2022-06-27
5,25,3,22,0,Avery,2022-08-01
5,12,3,9,0,Beaufort,2022-09-24
5,10,3,7,0,Beaufort,2022-10-06
5,11,3,8,0,Beaufort,2022-10-26
5,8,3,5,0,Brunswick,2022-11-26
5,20,3,17,0,Burke,2022-07-07
5,19,3,16,0,Caldwell,2022-06-24
5,38,3,35,0,Caldwell,2022-08-20
5,25,3,22,0,Caldwell,2022-10-28
5,11,3,8,0,Caldwell,2022-11-14
5,16,3,13,0,Caldwell,2022-11-29
5,31,3,28,0,Chatham,2022-07-28
5,10,3,7,0,Chatham,2022-09-03
5,15,3,12,0,Chatham,2022-10-27
5,14,3,11,0,Cherokee,2022-08-29
5,26,3,23,0,Cleveland,2022-06-15
5,27,3,24,0,Cleveland,2022-07-08
5,31,3,28,0,Cleveland,2022-09-15
5,11,3,8,0,Columbus,2022-09-16
5,24,3,21,0,Cumberland,2022-10-29
5,31,3,28,0,Davidson,2022-09-03
5,19,3,16,0,Davie,2022-07-01
5,39,3,36,0,Durham,2022-12-03
5,21,3,18,0,Edgecombe,2022-07-26
5,26,3,23,0,Gaston,2022-09-10
5,19,3,16,0,Gaston,2022-10-03
5,34,3,31,0,Gaston,2022-11-14
5,16,3,13,0,Greene,2022-07-05
5,30,3,27,0,Halifax,2022-09-08
5,16,3,13,0,Halifax,2022-10-11
5,18,3,15,0,Iredell,2022-11-04
5,22,3,19,0,Johnston,2022-10-02
5,23,3,20,0,Johnston,2022-11-26
5,19,3,16,0,Lee,2022-09-28
5,14,3,11,0,Lenoir,2022-12-07
5,24,3,21,0,Lincoln,2022-08-12
5,16,3,13,0,McDowell,2022-12-01
5,15,3,12,0,Montgomery,2022-08-29
5,10,3,7,0,Montgomery,2022-09-16
5,12,3,9,0,Northampton,2022-07-26
5,23,3,20,0,Onslow,2022-08-28
5,11,3,8,0,Onslow,2022-10-20
5,22,3,19,0,Pitt,2022-10-11
5,19,3,16,0,Pitt,2022-11-16
5,13,3,10,0,Randolph,2022-10-25
5,15,3,12,0,Richmond,2022-08-09
5,18,3,15,0,Rockingham,2022-11-07
5,17,3,14,0,Rockingham,2022-12-07
5,21,3,18,0,Rutherford,2022-07-14
5,13,3,10,0,Sampson,2022-10-26
5,17,3,14,0,Stanly,2022-10-06
5,13,3,10,0,Stokes,2022-10-31
5,18,3,15,0,Surry,2022-12-02
5,53,3,50,0,Union,2022-06-26
5,39,3,36,0,Watauga,2022-08-30
6,28,3,25,0,Alamance,2022-11-10
6,19,3,16,0,Bladen,2022-08-02
6,37,3,34,0,Burke,2022-08-23
6,35,3,32,0,Burke,2022-08-31
6,35,3,32,0,Caldwell,2022-06-27
6,35,3,32,0,Caldwell,2022-07-01
6,31,3,28,0,Caldwell,2022-08-06
6,26,3,23,0,Caldwell,2022-08-14
6,21,3,18,0,Davidson,2022-06-25
6,39,3,36,0,Durham,2022-10-11
6,18,3,15,0,Edgecombe,2022-06-14
6,26,3,23,0,Franklin,2022-06-24
6,19,3,16,0,Gaston,2022-10-02
6,16,3,13,0,Greene,2022-06-27
6,23,3,20,0,Halifax,2022-08-26
6,21,3,18,0,Halifax,2022-10-04
6,23,3,20,0,Harnett,2022-12-06
6,14,3,11,0,Lenoir,2022-10-17
6,22,3,19,0,Lincoln,2022-06-26
6,25,3,22,0,McDowell,2022-07-12
6,23,3,20,0,McDowell,2022-08-16
6,12,3,9,0,McDowell,2022-11-29
6,17,3,14,0,Nash,2022-10-13
6,29,3,26,0,Pitt,2022-12-05
6,28,3,25,0,Richmond,2022-07-23
6,16,3,13,0,Rockingham,2022-09-20
6,20,3,17,0,Rockingham,2022-09-22
6,23,3,20,0,Rowan,2022-08-28
6,35,3,32,0,Rowan,2022-09-20
6,30,3,27,0,Union,2022-10-12
6,26,3,23,0,Union,2022-11-02
7,24,3,21,0,Alamance,2022-11-17
7,20,3,17,0,Bladen,2022-07-14
7,36,3,33,0,Caldwell,2022-08-24
7,20,3,17,0,Davidson,2022-11-03
7,35,3,32,0,Durham,2022-10-20
7,34,3,31,0,Durham,2022-11-26
7,24,3,21,0,Franklin,2022-07-22
7,23,3,20,0,Granville,2022-06-14
7,12,3,9,0,Lenoir,2022-10-19
7,32,3,29,0,Nash,2022-07-28
7,19,3,16,0,Onslow,2022-10-31
7,58,3,55,0,Orange,2022-08-29
7,19,3,16,0,Pitt,2022-07-04
7,24,3,21,0,Rowan,2022-12-06
7,23,3,20,0,Rutherford,2022-07-27
7,13,3,10,0,Surry,2022-10-14
7,35,3,32,0,Union,2022-09-17
7,29,3,26,0,Yadkin,2022-10-17
8,35,3,32,0,Alamance,2022-11-21
8,24,3,21,0,Brunswick,2022-10-07
8,58,3,55,0,Burke,2022-08-02
8,34,3,31,0,Cleveland,2022-06-30
8,40,3,37,0,Cleveland,2022-07-16
8,35,3,32,0,Davidson,2022-10-31
8,41,3,38,0,Edgecombe,2022-07-15
8,26,3,23,0,Nash,2022-08-15
8,28,3,25,0,Pitt,2022-12-08
8,25,3,22,0,Rowan,2022-08-27
8,34,3,31,0,Union,2022-10-10
9,30,3,27,0,Beaufort,2022-07-27
9,26,3,23,0,Beaufort,2022-08-09
9,49,3,46,0,Caldwell,2022-08-16
9,60,3,57,0,Davidson,2022-07-31
9,29,3,26,0,Edgecombe,2022-07-07
9,30,3,27,0,Franklin,2022-08-09
9,25,3,22,0,McDowell,2022-08-30
9,17,3,14,0,Pitt,2022-09-30
9,33,3,30,0,Rowan,2022-08-20
10,52,3,49,0,Durham,2022-10-27
10,59,3,56,0,Forsyth,2022-08-20
10,23,3,20,0,Franklin,2022-07-31
10,28,3,25,0,Stanly,2022-09-09
10,23,3,20,0,Stokes,2022-12-05
10,54,3,51,0,Union,2022-08-07
11,90,3,87,0,Durham,2022-07-31
11,38,3,35,0,Edgecombe,2022-07-28
11,32,3,29,0,Edgecombe,2022-08-17
11,69,3,66,0,Onslow,2022-08-17
11,80,3,77,0,Union,2022-08-17
12,25,3,22,0,Alamance,2022-11-23
12,53,3,50,0,Cleveland,2022-07-11
12,26,3,23,0,Nash,2022-07-17
14,92,3,89,0,Pitt,2022-07-15
14,37,3,34,0,Union,2022-11-22
15,80,3,77,0,Pitt,2022-07-08
0,10,4,6,0,Alexander,2022-06-21
0,15,4,11,0,Alexander,2022-07-14
0,4,4,0,0,Alleghany,2022-07-15
0,8,4,4,0,Alleghany,2022-08-12
0,6,4,2,0,Alleghany,2022-09-27
0,8,4,4,0,Ashe,2022-07-26
0,4,4,0,0,Ashe,2022-09-04
0,5,4,1,0,Ashe,2022-12-06
0,24,4,20,0,Burke,2022-06-23
0,37,4,33,0,Burke,2022-08-11
0,13,4,9,0,Burke,2022-11-18
0,9,4,5,0,Cabarrus,2022-10-16
0,15,4,11,0,Cabarrus,2022-10-22
0,11,4,7,0,Carteret,2022-08-14
0,9,4,5,0,Chatham,2022-06-25
0,10,4,6,0,Chatham,2022-10-05
0,8,4,4,0,Chatham,2022-10-07
0,13,4,9,0,Chatham,2022-12-03
0,8,4,4,0,Cherokee,2022-12-08
0,4,4,0,0,Clay,2022-08-15
0,5,4,1,0,Clay,2022-09-20
0,4,4,0,0,Clay,2022-11-27
0,6,4,2,0,Cleveland,2022-10-24
0,11,4,7,0,Craven,2022-09-30
0,5,4,1,0,Craven,2022-11-17
0,17,4,13,0,Cumberland,2022-10-30
0,5,4,1,0,Gates,2022-07-14
0,5,4,1,0,Graham,2022-08-01
0,7,4,3,0,Graham,2022-08-25
0,4,4,0,0,Graham,2022-10-31
0,7,4,3,0,Granville,2022-11-29
0,17,4,13,0,Greene,2022-07-14
0,15,4,11,0,Harnett,2022-10-01
0,6,4,2,0,Haywood,2022-09-10
0,6,4,2,0,Haywood,2022-09-24
0,6,4,2,0,Haywood,2022-10-16
0,9,4,5,0,Haywood,2022-10-31
0,5,4,1,0,Haywood,2022-11-12
0,7,4,3,0,Henderson,2022-10-23
0,9,4,5,0,Hertford,2022-06-30
0,5,4,1,0,Hertford,2022-11-02
0,14,4,10,0,Iredell,2022-11-18
0,10,4,6,0,Jackson,2022-06-21
0,13,4,9,0,Jackson,2022-07-05
0,10,4,6,0,Jackson,2022-08-18
0,12,4,8,0,Jackson,2022-09-13
0,8,4,4,0,Jackson,2022-10-05
0,6,4,2,0,Jackson,2022-12-10
0,6,4,2,0,Jones,2022-07-12
0,5,4,1,0,Jones,2022-07-15
0,6,4,2,0,Jones,2022-08-29
0,5,4,1,0,Jones,2022-09-26
0,9,4,5,0,Lee,2022-06-24
0,8,4,4,0,Lee,2022-09-04
0,22,4,18,0,Macon,2022-07-27
0,6,4,2,0,Macon,2022-08-07
0,6,4,2,0,Macon,2022-12-08
0,7,4,3,0,Madison,2022-07-29
0,12,4,8,0,Martin,2022-06-21
0,11,4,7,0,Martin,2022-08-10
0,8,4,4,0,Mitchell,2022-08-29
0,6,4,2,0,Montgomery,2022-07-23
0,11,4,7,0,Moore,2022-11-15
0,7,4,3,0,Nash,2022-10-28
0,12,4,8,0,New Hanover,2022-10-28
0,5,4,1,0,Pamlico,2022-12-06
0,8,4,4,0,Pasquotank,2022-08-22
0,4,4,0,0,Pasquotank,2022-10-25
0,12,4,8,0,Pender,2022-06-15
0,8,4,4,0,Polk,2022-06-21
0,5,4,1,0,Polk,2022-07-06
0,6,4,2,0,Polk,2022-07-17
0,7,4,3,0,Polk,2022-08-12
0,6,4,2,0,Polk,2022-10-26
0,8,4,4,0,Randolph,2022-10-09
0,20,4,16,0,Rockingham,2022-08-28
0,14,4,10,0,Rutherford,2022-06-25
0,10,4,6,0,Rutherford,2022-10-04
0,4,4,0,0,Sampson,2022-06-25
0,8,4,4,0,Sampson,2022-08-28
0,4,4,0,0,Sampson,2022-11-22
0,4,4,0,0,Scotland,2022-10-25
0,4,4,0,0,Scotland,2022-11-28
0,7,4,3,0,Stanly,2022-10-25
0,6,4,2,0,Stokes,2022-12-04
0,8,4,4,0,Swain,2022-06-14
0,4,4,0,0,Swain,2022-06-19
0,8,4,4,0,Swain,2022-06-22
0,7,4,3,0,Swain,2022-07-02
0,8,4,4,0,Swain,2022-07-21
0,4,4,0,0,Swain,2022-09-22
0,6,4,2,0,Swain,2022-09-26
0,4,4,0,0,Swain,2022-10-28
0,4,4,0,0,Swain,2022-12-06
0,10,4,6,0,Transylvania,2022-07-22
0,11,4,7,0,Transylvania,2022-09-01
0,12,4,8,0,Transylvania,2022-09-20
0,6,4,2,0,Transylvania,2022-11-25
0,14,4,10,0,Union,2022-11-20
0,5,4,1,0,Vance,2022-09-16
0,9,4,5,0,Warren,2022-06-29
0,11,4,7,0,Warren,2022-07-07
0,6,4,2,0,Warren,2022-09-26
0,7,4,3,0,Watauga,2022-12-04
0,14,4,10,0,Wayne,2022-06-18
0,8,4,4,0,Wayne,2022-11-17
0,9,4,5,0,Wilkes,2022-10-08
0,6,4,2,0,Wilson,2022-06-18
0,10,4,6,0,Wilson,2022-10-18
0,14,4,10,0,Yadkin,2022-10-06
0,5,4,1,0,Yancey,2022-09-02
0,4,4,0,0,Yancey,2022-09-23
1,6,4,2,0,Alexander,2022-09-24
1,8,4,4,0,Alleghany,2022-08-11
1,9,4,5,0,Alleghany,2022-08-28
1,4,4,0,0,Alleghany,2022-11-25
1,8,4,4,0,Ashe,2022-07-13
1,5,4,1,0,Ashe,2022-09-05
1,4,4,0,0,Ashe,2022-11-11
1,7,4,3,0,Avery,2022-06-18
1,10,4,6,0,Avery,2022-07-22
1,7,4,3,0,Avery,2022-10-28
1,5,4,1,0,Avery,2022-10-31
1,17,4,13,0,Beaufort,2022-09-21
1,5,4,1,0,Beaufort,2022-10-31
1,32,4,28,0,Brunswick,2022-06-18
1,22,4,18,0,Brunswick,2022-09-24
1,15,4,11,0,Brunswick,2022-10-15
1,11,4,7,0,Brunswick,2022-11-16
1,14,4,10,0,Buncombe,2022-10-22
1,18,4,14,0,Burke,2022-09-04
1,13,4,9,0,Burke,2022-10-14
1,6,4,2,0,Burke,2022-10-21
1,24,4,20,0,Cabarrus,2022-10-12
1,21,4,17,0,Caldwell,2022-11-28
1,18,4,14,0,Carteret,2022-06-14
1,14,4,10,0,Carteret,2022-08-26
1,11,4,7,0,Carteret,2022-09-07
1,8,4,4,0,Carteret,2022-10-01
1,12,4,8,0,Carteret,2022-10-11
1,9,4,5,0,Carteret,2022-10-13
1,6,4,2,0,Carteret,2022-12-01
1,9,4,5,0,Caswell,2022-07-26
1,14,4,10,0,Chatham,2022-07-09
1,25,4,21,0,Chatham,2022-07-12
1,16,4,12,0,Chatham,2022-08-26
1,11,4,7,0,Chatham,2022-12-07
1,9,4,5,0,Cherokee,2022-07-29
1,4,4,0,0,Cherokee,2022-10-05
1,6,4,2,0,Chowan,2022-09-16
1,4,4,0,0,Clay,2022-10-20
1,5,4,1,0,Clay,2022-10-26
1,4,4,0,0,Clay,2022-10-27
1,6,4,2,0,Cleveland,2022-10-14
1,8,4,4,0,Cleveland,2022-11-23
1,6,4,2,0,Columbus,2022-09-09
1,15,4,11,0,Craven,2022-10-07
1,11,4,7,0,Craven,2022-10-30
1,9,4,5,0,Craven,2022-11-15
1,18,4,14,0,Cumberland,2022-10-23
1,7,4,3,0,Currituck,2022-10-11
1,5,4,1,0,Currituck,2022-10-21
1,7,4,3,0,Currituck,2022-10-24
1,13,4,9,0,Davie,2022-06-28
1,11,4,7,0,Davie,2022-07-08
1,22,4,18,0,Davie,2022-08-11
1,14,4,10,0,Davie,2022-08-25
1,16,4,12,0,Davie,2022-09-08
1,17,4,13,0,Davie,2022-09-21
1,10,4,6,0,Davie,2022-10-21
1,11,4,7,0,Duplin,2022-09-23
1,6,4,2,0,Duplin,2022-09-30
1,6,4,2,0,Duplin,2022-10-27
1,5,4,1,0,Duplin,2022-11-14
1,5,4,1,0,Duplin,2022-12-02
1,13,4,9,0,Edgecombe,2022-09-16
1,12,4,8,0,Franklin,2022-09-25
1,4,4,0,0,Graham,2022-07-29
1,6,4,2,0,Graham,2022-09-12
1,18,4,14,0,Granville,2022-07-23
1,6,4,2,0,Granville,2022-09-05
1,7,4,3,0,Greene,2022-07-01
1,17,4,13,0,Guilford,2022-11-24
1,19,4,15,0,Halifax,2022-06-23
1,18,4,14,0,Harnett,2022-06-26
1,24,4,20,0,Harnett,2022-08-13
1,14,4,10,0,Harnett,2022-10-18
1,7,4,3,0,Haywood,2022-10-09
1,6,4,2,0,Haywood,2022-11-13
1,16,4,12,0,Henderson,2022-11-22
1,17,4,13,0,Henderson,2022-11-27
1,8,4,4,0,Hertford,2022-06-21
1,10,4,6,0,Hertford,2022-08-09
1,6,4,2,0,Hertford,2022-09-19
1,20,4,16,0,Hoke,2022-06-27
1,12,4,8,0,Hoke,2022-08-28
1,14,4,10,0,Hoke,2022-09-21
1,8,4,4,0,Hoke,2022-10-02
1,12,4,8,0,Hoke,2022-10-08
1,23,4,19,0,Jackson,2022-07-19
1,6,4,2,0,Jackson,2022-07-23
1,16,4,12,0,Jackson,2022-07-27
1,19,4,15,0,Jackson,2022-08-04
1,7,4,3,0,Jackson,2022-08-16
1,13,4,9,0,Jackson,2022-08-19
1,11,4,7,0,Jackson,2022-08-25
1,8,4,4,0,Jackson,2022-10-07
1,10,4,6,0,Jackson,2022-10-31
1,8,4,4,0,Jackson,2022-11-29
1,4,4,0,0,Jones,2022-09-13
1,13,4,9,0,Lee,2022-10-24
1,11,4,7,0,Lenoir,2022-07-09
1,8,4,4,0,Lenoir,2022-08-20
1,9,4,5,0,Lenoir,2022-09-22
1,16,4,12,0,Lincoln,2022-07-02
1,20,4,16,0,Lincoln,2022-07-24
1,20,4,16,0,Macon,2022-07-05
1,25,4,21,0,Macon,2022-07-18
1,10,4,6,0,Macon,2022-07-20
1,10,4,6,0,Macon,2022-09-09
1,11,4,7,0,Madison,2022-06-20
1,8,4,4,0,Madison,2022-06-21
1,6,4,2,0,Madison,2022-07-22
1,6,4,2,0,Madison,2022-07-24
1,6,4,2,0,Madison,2022-07-28
1,5,4,1,0,Madison,2022-08-04
1,5,4,1,0,Madison,2022-08-30
1,5,4,1,0,Madison,2022-10-11
1,14,4,10,0,Martin,2022-06-28
1,8,4,4,0,Martin,2022-06-29
1,9,4,5,0,Martin,2022-07-20
1,8,4,4,0,Martin,2022-09-14
1,8,4,4,0,McDowell,2022-06-19
1,15,4,11,0,McDowell,2022-07-04
1,11,4,7,0,McDowell,2022-12-02
1,9,4,5,0,Mitchell,2022-06-21
1,7,4,3,0,Mitchell,2022-07-08
1,6,4,2,0,Mitchell,2022-12-05
1,11,4,7,0,Montgomery,2022-06-14
1,15,4,11,0,Montgomery,2022-07-13
1,12,4,8,0,Montgomery,2022-07-28
1,8,4,4,0,Montgomery,2022-09-20
1,11,4,7,0,Moore,2022-11-12
1,7,4,3,0,Moore,2022-11-20
1,14,4,10,0,Nash,2022-12-09
1,14,4,10,0,Nash,2022-12-10
1,9,4,5,0,New Hanover,2022-10-08
1,17,4,13,0,New Hanover,2022-10-26
1,15,4,11,0,New Hanover,2022-11-14
1,9,4,5,0,Northampton,2022-08-09
1,12,4,8,0,Northampton,2022-09-26
1,5,4,1,0,Northampton,2022-10-31
1,35,4,31,0,Onslow,2022-07-10
1,16,4,12,0,Onslow,2022-10-19
1,11,4,7,0,Onslow,2022-10-29
1,9,4,5,0,Onslow,2022-12-04
1,31,4,27,0,Orange,2022-10-10
1,11,4,7,0,Pamlico,2022-07-06
1,6,4,2,0,Pamlico,2022-08-05
1,7,4,3,0,Pamlico,2022-08-15
1,11,4,7,0,Pasquotank,2022-06-21
1,10,4,6,0,Pasquotank,2022-06-24
1,12,4,8,0,Pasquotank,2022-07-05
1,10,4,6,0,Pasquotank,2022-07-23
1,7,4,3,0,Pasquotank,2022-08-26
1,9,4,5,0,Pasquotank,2022-09-16
1,5,4,1,0,Pasquotank,2022-10-04
1,7,4,3,0,Pasquotank,2022-10-17
1,11,4,7,0,Pasquotank,2022-10-19
1,4,4,0,0,Pasquotank,2022-10-29
1,6,4,2,0,Pasquotank,2022-11-01
1,14,4,10,0,Pender,2022-06-20
1,11,4,7,0,Perquimans,2022-07-28
1,7,4,3,0,Perquimans,2022-08-03
1,9,4,5,0,Person,2022-06-16
1,11,4,7,0,Person,2022-06-24
1,7,4,3,0,Person,2022-06-25
1,14,4,10,0,Person,2022-08-25
1,5,4,1,0,Polk,2022-07-16
1,8,4,4,0,Polk,2022-07-30
1,4,4,0,0,Polk,2022-08-03
1,7,4,3,0,Polk,2022-08-15
1,5,4,1,0,Polk,2022-08-18
1,6,4,2,0,Polk,2022-08-19
1,5,4,1,0,Polk,2022-10-19
1,6,4,2,0,Polk,2022-10-27
1,4,4,0,0,Polk,2022-12-07
1,10,4,6,0,Robeson,2022-11-06
1,22,4,18,0,Rockingham,2022-10-03
1,7,4,3,0,Rockingham,2022-10-29
1,16,4,12,0,Rowan,2022-10-20
1,10,4,6,0,Rutherford,2022-06-15
1,7,4,3,0,Rutherford,2022-10-07
1,6,4,2,0,Rutherford,2022-10-30
1,6,4,2,0,Sampson,2022-08-14
1,8,4,4,0,Sampson,2022-10-01
1,5,4,1,0,Sampson,2022-10-18
1,8,4,4,0,Sampson,2022-11-01
1,6,4,2,0,Sampson,2022-12-01
1,13,4,9,0,Scotland,2022-07-19
1,4,4,0,0,Scotland,2022-08-14
1,6,4,2,0,Scotland,2022-08-20
1,8,4,4,0,Scotland,2022-09-04
1,5,4,1,0,Scotland,2022-09-25
1,4,4,0,0,Scotland,2022-10-07
1,4,4,0,0,Scotland,2022-11-21
1,8,4,4,0,Stokes,2022-07-17
1,11,4,7,0,Stokes,2022-09-17
1,12,4,8,0,Stokes,2022-09-21
1,10,4,6,0,Stokes,2022-10-27
1,4,4,0,0,Stokes,2022-11-06
1,20,4,16,0,Surry,2022-06-17
1,10,4,6,0,Swain,2022-08-17
1,10,4,6,0,Transylvania,2022-06-25
1,6,4,2,0,Transylvania,2022-07-17
1,7,4,3,0,Transylvania,2022-09-30
1,32,4,28,0,Union,2022-06-19
1,15,4,11,0,Vance,2022-06-30
1,16,4,12,0,Vance,2022-10-03
1,13,4,9,0,Warren,2022-09-06
1,7,4,3,0,Washington,2022-06-20
1,9,4,5,0,Washington,2022-06-28
1,13,4,9,0,Watauga,2022-06-15
1,5,4,1,0,Watauga,2022-08-14
1,16,4,12,0,Watauga,2022-08-23
1,19,4,15,0,Watauga,2022-09-19
1,15,4,11,0,Watauga,2022-09-22
1,11,4,7,0,Watauga,2022-09-26
1,11,4,7,0,Watauga,2022-10-25
1,7,4,3,0,Watauga,2022-10-31
1,11,4,7,0,Wayne,2022-10-14
1,9,4,5,0,Wayne,2022-11-20
1,10,4,6,0,Wilkes,2022-09-24
1,8,4,4,0,Wilson,2022-10-07
1,5,4,1,0,Wilson,2022-10-21
1,10,4,6,0,Yadkin,2022-06-19
1,14,4,10,0,Yadkin,2022-07-09
1,9,4,5,0,Yadkin,2022-09-03
1,8,4,4,0,Yadkin,2022-10-21
1,5,4,1,0,Yadkin,2022-11-18
1,15,4,11,0,Yadkin,2022-11-30
1,9,4,5,0,Yancey,2022-08-03
1,8,4,4,0,Yancey,2022-08-15
2,29,4,25,0,Alamance,2022-10-02
2,12,4,8,0,Alamance,2022-10-15
2,12,4,8,0,Alexander,2022-06-22
2,9,4,5,0,Alexander,2022-06-30
2,13,4,9,0,Alexander,2022-07-15
2,13,4,9,0,Alexander,2022-08-23
2,11,4,7,0,Alexander,2022-09-01
2,7,4,3,0,Alexander,2022-11-15
2,7,4,3,0,Alleghany,2022-08-01
2,7,4,3,0,Alleghany,2022-09-06
2,7,4,3,0,Alleghany,2022-09-13
2,5,4,1,0,Ashe,2022-11-07
2,18,4,14,0,Beaufort,2022-06-23
2,14,4,10,0,Beaufort,2022-10-11
2,12,4,8,0,Bladen,2022-07-08
2,7,4,3,0,Bladen,2022-11-29
2,18,4,14,0,Brunswick,2022-08-21
2,17,4,13,0,Brunswick,2022-09-04
2,23,4,19,0,Brunswick,2022-09-23
2,17,4,13,0,Burke,2022-09-28
2,11,4,7,0,Burke,2022-10-18
2,8,4,4,0,Burke,2022-10-30
2,16,4,12,0,Burke,2022-11-08
2,16,4,12,0,Caldwell,2022-11-15
2,4,4,0,0,Camden,2022-08-04
2,17,4,13,0,Carteret,2022-06-18
2,7,4,3,0,Carteret,2022-10-19
2,4,4,0,0,Carteret,2022-12-02
2,26,4,22,0,Chatham,2022-06-20
2,31,4,27,0,Chatham,2022-06-28
2,33,4,29,0,Chatham,2022-08-01
2,18,4,14,0,Chatham,2022-08-04
2,13,4,9,0,Chatham,2022-10-26
2,25,4,21,0,Cherokee,2022-07-22
2,6,4,2,0,Cherokee,2022-08-28
2,9,4,5,0,Cherokee,2022-11-14
2,23,4,19,0,Cleveland,2022-06-22
2,40,4,36,0,Cleveland,2022-07-15
2,9,4,5,0,Cleveland,2022-10-11
2,9,4,5,0,Cleveland,2022-10-12
2,7,4,3,0,Columbus,2022-09-02
2,19,4,15,0,Craven,2022-06-25
2,20,4,16,0,Craven,2022-08-28
2,18,4,14,0,Craven,2022-10-02
2,13,4,9,0,Craven,2022-10-25
2,13,4,9,0,Craven,2022-11-16
2,22,4,18,0,Cumberland,2022-10-22
2,33,4,29,0,Cumberland,2022-11-03
2,17,4,13,0,Davidson,2022-12-10
2,20,4,16,0,Davie,2022-06-22
2,9,4,5,0,Davie,2022-08-24
2,7,4,3,0,Davie,2022-12-01
2,13,4,9,0,Duplin,2022-06-21
2,6,4,2,0,Duplin,2022-10-13
2,9,4,5,0,Duplin,2022-11-02
2,34,4,30,0,Forsyth,2022-11-18
2,18,4,14,0,Forsyth,2022-11-20
2,9,4,5,0,Franklin,2022-08-27
2,17,4,13,0,Franklin,2022-09-21
2,17,4,13,0,Franklin,2022-12-09
2,5,4,1,0,Gates,2022-07-11
2,6,4,2,0,Gates,2022-09-06
2,5,4,1,0,Graham,2022-09-06
2,26,4,22,0,Granville,2022-08-23
2,8,4,4,0,Greene,2022-09-19
2,22,4,18,0,Halifax,2022-06-22
2,36,4,32,0,Halifax,2022-07-19
2,15,4,11,0,Halifax,2022-07-31
2,11,4,7,0,Halifax,2022-08-14
2,14,4,10,0,Halifax,2022-10-25
2,16,4,12,0,Harnett,2022-07-04
2,19,4,15,0,Harnett,2022-09-17
2,20,4,16,0,Harnett,2022-10-05
2,6,4,2,0,Haywood,2022-09-23
2,9,4,5,0,Haywood,2022-11-29
2,14,4,10,0,Henderson,2022-09-24
2,14,4,10,0,Henderson,2022-10-08
2,13,4,9,0,Henderson,2022-10-18
2,14,4,10,0,Henderson,2022-10-27
2,21,4,17,0,Hertford,2022-07-20
2,11,4,7,0,Hertford,2022-08-11
2,10,4,6,0,Hertford,2022-09-02
2,11,4,7,0,Hoke,2022-06-19
2,20,4,16,0,Hoke,2022-07-11
2,18,4,14,0,Hoke,2022-07-30
2,24,4,20,0,Hoke,2022-08-17
2,12,4,8,0,Jackson,2022-06-20
2,21,4,17,0,Johnston,2022-10-04
2,23,4,19,0,Johnston,2022-11-15
2,6,4,2,0,Lee,2022-11-27
2,13,4,9,0,Lee,2022-12-04
2,13,4,9,0,Lenoir,2022-07-02
2,24,4,20,0,Lincoln,2022-06-17
2,19,4,15,0,Lincoln,2022-08-27
2,18,4,14,0,Lincoln,2022-08-29
2,12,4,8,0,Lincoln,2022-11-03
2,14,4,10,0,Macon,2022-07-10
2,10,4,6,0,Macon,2022-08-17
2,5,4,1,0,Madison,2022-07-06
2,7,4,3,0,Madison,2022-07-19
2,9,4,5,0,McDowell,2022-06-18
2,22,4,18,0,McDowell,2022-09-15
2,6,4,2,0,McDowell,2022-11-09
2,6,4,2,0,McDowell,2022-11-12
2,5,4,1,0,Mitchell,2022-08-07
2,7,4,3,0,Mitchell,2022-08-10
2,5,4,1,0,Mitchell,2022-11-16
2,7,4,3,0,Montgomery,2022-06-23
2,18,4,14,0,Montgomery,2022-07-12
2,13,4,9,0,Montgomery,2022-08-30
2,8,4,4,0,Montgomery,2022-09-03
2,9,4,5,0,Montgomery,2022-09-13
2,9,4,5,0,Moore,2022-11-18
2,5,4,1,0,Moore,2022-11-26
2,19,4,15,0,Nash,2022-08-14
2,9,4,5,0,Nash,2022-10-31
2,13,4,9,0,Nash,2022-11-02
2,21,4,17,0,New Hanover,2022-09-18
2,13,4,9,0,New Hanover,2022-10-01
2,15,4,11,0,New Hanover,2022-11-16
2,13,4,9,0,New Hanover,2022-12-10
2,15,4,11,0,Northampton,2022-08-02
2,14,4,10,0,Northampton,2022-09-12
2,10,4,6,0,Northampton,2022-09-13
2,5,4,1,0,Northampton,2022-12-05
2,42,4,38,0,Orange,2022-09-21
2,13,4,9,0,Pasquotank,2022-08-17
2,8,4,4,0,Pasquotank,2022-09-10
2,6,4,2,0,Pasquotank,2022-10-12
2,18,4,14,0,Pender,2022-08-07
2,16,4,12,0,Pender,2022-08-24
2,22,4,18,0,Pender,2022-09-06
2,9,4,5,0,Perquimans,2022-08-01
2,11,4,7,0,Person,2022-07-03
2,7,4,3,0,Person,2022-09-10
2,7,4,3,0,Person,2022-09-11
2,21,4,17,0,Pitt,2022-10-06
2,17,4,13,0,Pitt,2022-10-07
2,15,4,11,0,Pitt,2022-10-14
2,12,4,8,0,Pitt,2022-10-22
2,9,4,5,0,Polk,2022-07-20
2,6,4,2,0,Polk,2022-07-23
2,4,4,0,0,Polk,2022-10-29
2,15,4,11,0,Richmond,2022-07-17
2,15,4,11,0,Richmond,2022-12-10
2,10,4,6,0,Robeson,2022-09-30
2,20,4,16,0,Rockingham,2022-06-30
2,22,4,18,0,Rockingham,2022-08-26
2,17,4,13,0,Rockingham,2022-08-27
2,11,4,7,0,Rockingham,2022-11-21
2,16,4,12,0,Rowan,2022-06-18
2,19,4,15,0,Rowan,2022-07-09
2,23,4,19,0,Rowan,2022-10-17
2,11,4,7,0,Rowan,2022-12-10
2,17,4,13,0,Rutherford,2022-08-03
2,7,4,3,0,Rutherford,2022-10-29
2,8,4,4,0,Rutherford,2022-11-09
2,15,4,11,0,Sampson,2022-09-22
2,8,4,4,0,Sampson,2022-11-02
2,5,4,1,0,Sampson,2022-11-11
2,10,4,6,0,Scotland,2022-06-17
2,6,4,2,0,Scotland,2022-07-04
2,7,4,3,0,Scotland,2022-09-18
2,4,4,0,0,Scotland,2022-09-24
2,7,4,3,0,Stokes,2022-06-19
2,12,4,8,0,Stokes,2022-06-23
2,13,4,9,0,Stokes,2022-08-26
2,10,4,6,0,Stokes,2022-09-03
2,15,4,11,0,Stokes,2022-09-23
2,7,4,3,0,Stokes,2022-09-29
2,17,4,13,0,Stokes,2022-10-05
2,9,4,5,0,Stokes,2022-10-15
2,7,4,3,0,Stokes,2022-11-16
2,11,4,7,0,Surry,2022-10-06
2,8,4,4,0,Surry,2022-10-15
2,6,4,2,0,Swain,2022-08-13
2,12,4,8,0,Swain,2022-09-20
2,4,4,0,0,Swain,2022-12-07
2,7,4,3,0,Transylvania,2022-06-24
2,14,4,10,0,Transylvania,2022-07-12
2,14,4,10,0,Transylvania,2022-08-03
2,8,4,4,0,Transylvania,2022-08-23
2,19,4,15,0,Transylvania,2022-09-08
2,7,4,3,0,Transylvania,2022-10-20
2,23,4,19,0,Union,2022-11-15
2,12,4,8,0,Vance,2022-06-26
2,15,4,11,0,Warren,2022-08-01
2,12,4,8,0,Watauga,2022-06-24
2,17,4,13,0,Watauga,2022-08-11
2,29,4,25,0,Watauga,2022-09-02
2,10,4,6,0,Watauga,2022-11-01
2,12,4,8,0,Watauga,2022-11-04
2,13,4,9,0,Wayne,2022-06-26
2,12,4,8,0,Wayne,2022-09-18
2,12,4,8,0,Wayne,2022-12-04
2,10,4,6,0,Wilkes,2022-08-20
2,11,4,7,0,Wilkes,2022-09-28
2,10,4,6,0,Wilkes,2022-10-20
2,6,4,2,0,Wilkes,2022-10-22
2,9,4,5,0,Wilkes,2022-11-09
2,7,4,3,0,Wilson,2022-10-26
2,7,4,3,0,Wilson,2022-11-08
2,10,4,6,0,Wilson,2022-12-01
2,29,4,25,0,Yadkin,2022-08-16
2,10,4,6,0,Yadkin,2022-10-10
2,16,4,12,0,Yadkin,2022-12-06
2,10,4,6,0,Yancey,2022-07-12
2,8,4,4,0,Yancey,2022-07-22
2,15,4,11,0,Yancey,2022-08-29
3,30,4,26,0,Alamance,2022-07-09
3,38,4,34,0,Alamance,2022-08-06
3,17,4,13,0,Alexander,2022-08-18
3,15,4,11,0,Alexander,2022-09-21
3,16,4,12,0,Alexander,2022-11-28
3,8,4,4,0,Alleghany,2022-09-05
3,11,4,7,0,Anson,2022-07-08
3,18,4,14,0,Anson,2022-07-20
3,19,4,15,0,Anson,2022-08-30
3,6,4,2,0,Avery,2022-12-08
3,15,4,11,0,Beaufort,2022-06-15
3,13,4,9,0,Beaufort,2022-08-31
3,12,4,8,0,Bladen,2022-06-20
3,14,4,10,0,Bladen,2022-08-18
3,24,4,20,0,Brunswick,2022-10-13
3,21,4,17,0,Brunswick,2022-10-24
3,14,4,10,0,Burke,2022-10-28
3,27,4,23,0,Cabarrus,2022-11-15
3,22,4,18,0,Caldwell,2022-06-22
3,24,4,20,0,Caldwell,2022-09-03
3,18,4,14,0,Caldwell,2022-09-05
3,12,4,8,0,Caldwell,2022-10-29
3,15,4,11,0,Cherokee,2022-06-14
3,10,4,6,0,Cherokee,2022-06-28
3,14,4,10,0,Cherokee,2022-07-28
3,19,4,15,0,Cleveland,2022-09-14
3,13,4,9,0,Cleveland,2022-10-03
3,8,4,4,0,Columbus,2022-06-24
3,10,4,6,0,Columbus,2022-11-03
3,23,4,19,0,Craven,2022-08-24
3,15,4,11,0,Craven,2022-10-18
3,26,4,22,0,Cumberland,2022-11-10
3,12,4,8,0,Cumberland,2022-11-19
3,9,4,5,0,Currituck,2022-10-13
3,18,4,14,0,Davie,2022-07-13
3,16,4,12,0,Davie,2022-07-14
3,8,4,4,0,Davie,2022-10-19
3,19,4,15,0,Duplin,2022-07-24
3,10,4,6,0,Duplin,2022-11-28
3,8,4,4,0,Duplin,2022-11-29
3,11,4,7,0,Duplin,2022-12-01
3,51,4,47,0,Durham,2022-09-10
3,21,4,17,0,Edgecombe,2022-06-22
3,29,4,25,0,Franklin,2022-06-16
3,12,4,8,0,Franklin,2022-10-28
3,14,4,10,0,Franklin,2022-12-06
3,10,4,6,0,Gaston,2022-10-15
3,23,4,19,0,Gaston,2022-10-21
3,13,4,9,0,Gaston,2022-11-13
3,24,4,20,0,Gaston,2022-11-18
3,6,4,2,0,Graham,2022-08-22
3,23,4,19,0,Granville,2022-08-03
3,26,4,22,0,Granville,2022-08-06
3,19,4,15,0,Granville,2022-09-12
3,10,4,6,0,Granville,2022-09-29
3,11,4,7,0,Granville,2022-11-18
3,16,4,12,0,Greene,2022-07-13
3,29,4,25,0,Halifax,2022-08-11
3,20,4,16,0,Halifax,2022-08-24
3,10,4,6,0,Halifax,2022-09-05
3,25,4,21,0,Halifax,2022-09-12
3,10,4,6,0,Halifax,2022-10-20
3,9,4,5,0,Halifax,2022-12-09
3,19,4,15,0,Harnett,2022-09-04
3,14,4,10,0,Harnett,2022-10-07
3,15,4,11,0,Harnett,2022-10-10
3,11,4,7,0,Harnett,2022-11-01
3,15,4,11,0,Henderson,2022-10-20
3,10,4,6,0,Hertford,2022-07-12
3,10,4,6,0,Hertford,2022-09-09
3,9,4,5,0,Hertford,2022-12-08
3,30,4,26,0,Hoke,2022-06-16
3,11,4,7,0,Hoke,2022-07-10
3,29,4,25,0,Hoke,2022-07-22
3,24,4,20,0,Hoke,2022-08-05
3,17,4,13,0,Hoke,2022-08-19
3,10,4,6,0,Hoke,2022-09-03
3,22,4,18,0,Hoke,2022-09-20
3,13,4,9,0,Jackson,2022-07-13
3,30,4,26,0,Johnston,2022-10-11
3,15,4,11,0,Lenoir,2022-08-26
3,19,4,15,0,Lincoln,2022-07-15
3,19,4,15,0,Lincoln,2022-09-21
3,13,4,9,0,Lincoln,2022-09-29
3,7,4,3,0,Lincoln,2022-11-22
3,10,4,6,0,Macon,2022-06-25
3,16,4,12,0,Macon,2022-07-07
3,20,4,16,0,Macon,2022-07-15
3,8,4,4,0,Martin,2022-06-18
3,10,4,6,0,Martin,2022-07-01
3,9,4,5,0,McDowell,2022-10-06
3,9,4,5,0,Montgomery,2022-07-14
3,21,4,17,0,Nash,2022-08-07
3,22,4,18,0,New Hanover,2022-08-27
3,21,4,17,0,New Hanover,2022-09-29
3,18,4,14,0,New Hanover,2022-10-11
3,17,4,13,0,Northampton,2022-07-20
3,10,4,6,0,Onslow,2022-10-10
3,42,4,38,0,Orange,2022-07-03
3,47,4,43,0,Orange,2022-07-09
3,43,4,39,0,Orange,2022-08-11
3,39,4,35,0,Orange,2022-09-01
3,7,4,3,0,Pamlico,2022-06-21
3,11,4,7,0,Pamlico,2022-08-11
3,12,4,8,0,Pasquotank,2022-07-24
3,16,4,12,0,Pender,2022-07-08
3,14,4,10,0,Pender,2022-07-22
3,17,4,13,0,Pender,2022-08-31
3,20,4,16,0,Person,2022-07-08
3,9,4,5,0,Person,2022-10-21
3,9,4,5,0,Polk,2022-07-14
3,8,4,4,0,Randolph,2022-10-22
3,21,4,17,0,Richmond,2022-06-28
3,6,4,2,0,Robeson,2022-11-19
3,5,4,1,0,Robeson,2022-11-25
3,19,4,15,0,Rockingham,2022-06-24
3,21,4,17,0,Rockingham,2022-08-12
3,18,4,14,0,Rowan,2022-10-24
3,19,4,15,0,Rowan,2022-12-02
3,14,4,10,0,Rutherford,2022-06-21
3,15,4,11,0,Rutherford,2022-07-02
3,28,4,24,0,Rutherford,2022-08-10
3,17,4,13,0,Rutherford,2022-09-12
3,9,4,5,0,Rutherford,2022-09-22
3,12,4,8,0,Rutherford,2022-09-26
3,11,4,7,0,Rutherford,2022-11-28
3,8,4,4,0,Sampson,2022-07-10
3,5,4,1,0,Scotland,2022-07-02
3,12,4,8,0,Scotland,2022-07-17
3,7,4,3,0,Scotland,2022-09-20
3,16,4,12,0,Stokes,2022-06-21
3,19,4,15,0,Stokes,2022-07-22
3,13,4,9,0,Stokes,2022-10-17
3,11,4,7,0,Stokes,2022-10-25
3,18,4,14,0,Surry,2022-08-06
3,22,4,18,0,Surry,2022-08-14
3,12,4,8,0,Surry,2022-10-20
3,8,4,4,0,Swain,2022-07-12
3,11,4,7,0,Transylvania,2022-08-28
3,20,4,16,0,Union,2022-11-11
3,26,4,22,0,Vance,2022-06-14
3,18,4,14,0,Vance,2022-06-21
3,30,4,26,0,Vance,2022-08-15
3,17,4,13,0,Vance,2022-09-19
3,10,4,6,0,Watauga,2022-06-30
3,8,4,4,0,Watauga,2022-11-08
3,12,4,8,0,Watauga,2022-12-06
3,10,4,6,0,Wayne,2022-11-11
3,19,4,15,0,Wilkes,2022-07-06
3,5,4,1,0,Wilkes,2022-11-13
3,10,4,6,0,Wilson,2022-07-02
3,13,4,9,0,Wilson,2022-11-29
3,17,4,13,0,Yadkin,2022-07-06
3,11,4,7,0,Yancey,2022-08-08
4,34,4,30,0,Alamance,2022-08-20
4,24,4,20,0,Alamance,2022-11-20
4,10,4,6,0,Alexander,2022-08-30
4,9,4,5,0,Alexander,2022-09-19
4,27,4,23,0,Beaufort,2022-07-06
4,26,4,22,0,Beaufort,2022-07-07
4,26,4,22,0,Beaufort,2022-07-22
4,21,4,17,0,Beaufort,2022-08-22
4,10,4,6,0,Beaufort,2022-09-27
4,8,4,4,0,Beaufort,2022-10-12
4,14,4,10,0,Bladen,2022-08-17
4,12,4,8,0,Bladen,2022-08-23
4,17,4,13,0,Bladen,2022-09-12
4,12,4,8,0,Brunswick,2022-11-15
4,24,4,20,0,Burke,2022-06-20
4,26,4,22,0,Burke,2022-06-28
4,24,4,20,0,Burke,2022-09-11
4,13,4,9,0,Burke,2022-10-24
4,20,4,16,0,Cabarrus,2022-10-15
4,27,4,23,0,Cabarrus,2022-10-27
4,32,4,28,0,Chatham,2022-07-08
4,16,4,12,0,Chatham,2022-09-15
4,7,4,3,0,Chatham,2022-09-26
4,13,4,9,0,Cleveland,2022-10-21
4,19,4,15,0,Cleveland,2022-11-30
4,46,4,42,0,Davidson,2022-08-13
4,23,4,19,0,Davidson,2022-10-01
4,14,4,10,0,Davidson,2022-10-09
4,18,4,14,0,Davidson,2022-11-18
4,16,4,12,0,Davie,2022-08-19
4,11,4,7,0,Davie,2022-10-05
4,22,4,18,0,Davie,2022-11-30
4,18,4,14,0,Duplin,2022-08-07
4,6,4,2,0,Duplin,2022-11-07
4,26,4,22,0,Edgecombe,2022-07-29
4,25,4,21,0,Franklin,2022-06-20
4,24,4,20,0,Franklin,2022-07-17
4,8,4,4,0,Graham,2022-07-13
4,14,4,10,0,Halifax,2022-09-22
4,16,4,12,0,Halifax,2022-09-23
4,23,4,19,0,Harnett,2022-07-23
4,27,4,23,0,Harnett,2022-12-08
4,17,4,13,0,Henderson,2022-10-25
4,21,4,17,0,Hertford,2022-07-05
4,23,4,19,0,Johnston,2022-10-06
4,16,4,12,0,Johnston,2022-11-11
4,15,4,11,0,Lee,2022-09-26
4,29,4,25,0,Lenoir,2022-08-11
4,25,4,21,0,Lincoln,2022-07-29
4,11,4,7,0,Lincoln,2022-10-12
4,9,4,5,0,Macon,2022-07-02
4,18,4,14,0,McDowell,2022-08-03
4,9,4,5,0,Montgomery,2022-08-07
4,15,4,11,0,Montgomery,2022-08-23
4,17,4,13,0,Moore,2022-12-02
4,18,4,14,0,Nash,2022-07-03
4,19,4,15,0,Onslow,2022-10-13
4,27,4,23,0,Onslow,2022-11-30
4,41,4,37,0,Orange,2022-07-02
4,33,4,29,0,Orange,2022-12-09
4,25,4,21,0,Pender,2022-06-27
4,22,4,18,0,Person,2022-08-01
4,11,4,7,0,Person,2022-08-27
4,15,4,11,0,Person,2022-09-13
4,12,4,8,0,Person,2022-09-21
4,17,4,13,0,Pitt,2022-10-21
4,14,4,10,0,Randolph,2022-10-20
4,12,4,8,0,Robeson,2022-10-06
4,28,4,24,0,Rockingham,2022-09-13
4,20,4,16,0,Rockingham,2022-10-10
4,12,4,8,0,Rowan,2022-09-16
4,11,4,7,0,Rutherford,2022-10-09
4,27,4,23,0,Stanly,2022-08-09
4,19,4,15,0,Stokes,2022-06-17
4,12,4,8,0,Stokes,2022-07-06
4,16,4,12,0,Stokes,2022-08-25
4,12,4,8,0,Stokes,2022-09-11
4,13,4,9,0,Stokes,2022-11-09
4,15,4,11,0,Surry,2022-06-18
4,20,4,16,0,Surry,2022-10-24
4,22,4,18,0,Union,2022-10-19
4,13,4,9,0,Vance,2022-09-07
4,15,4,11,0,Warren,2022-07-05
4,8,4,4,0,Washington,2022-08-29
4,12,4,8,0,Wilkes,2022-09-17
4,11,4,7,0,Wilkes,2022-10-05
4,18,4,14,0,Yadkin,2022-08-14
5,27,4,23,0,Alamance,2022-10-31
5,17,4,13,0,Alexander,2022-09-14
5,17,4,13,0,Anson,2022-07-28
5,22,4,18,0,Beaufort,2022-10-03
5,12,4,8,0,Bladen,2022-12-07
5,57,4,53,0,Brunswick,2022-07-15
5,29,4,25,0,Brunswick,2022-08-13
5,33,4,29,0,Burke,2022-08-06
5,23,4,19,0,Burke,2022-10-26
5,25,4,21,0,Catawba,2022-08-27
5,17,4,13,0,Catawba,2022-10-02
5,38,4,34,0,Chatham,2022-07-06
5,9,4,5,0,Cleveland,2022-10-18
5,28,4,24,0,Cumberland,2022-11-18
5,33,4,29,0,Davidson,2022-09-05
5,19,4,15,0,Davidson,2022-09-25
5,15,4,11,0,Davie,2022-08-06
5,32,4,28,0,Forsyth,2022-10-16
5,23,4,19,0,Forsyth,2022-11-26
5,20,4,16,0,Franklin,2022-07-16
5,14,4,10,0,Franklin,2022-09-02
5,35,4,31,0,Gaston,2022-10-05
5,31,4,27,0,Gaston,2022-10-07
5,25,4,21,0,Gaston,2022-11-01
5,28,4,24,0,Granville,2022-08-17
5,41,4,37,0,Guilford,2022-10-30
5,12,4,8,0,Halifax,2022-10-03
5,19,4,15,0,Halifax,2022-10-24
5,16,4,12,0,Henderson,2022-11-16
5,12,4,8,0,Jackson,2022-07-07
5,14,4,10,0,Jackson,2022-07-31
5,17,4,13,0,Johnston,2022-10-15
5,28,4,24,0,Johnston,2022-12-03
5,19,4,15,0,McDowell,2022-12-05
5,18,4,14,0,McDowell,2022-12-06
5,12,4,8,0,Nash,2022-10-04
5,34,4,30,0,Onslow,2022-06-26
5,39,4,35,0,Onslow,2022-07-09
5,42,4,38,0,Onslow,2022-09-16
5,23,4,19,0,Onslow,2022-12-02
5,70,4,66,0,Orange,2022-06-22
5,56,4,52,0,Orange,2022-07-08
5,28,4,24,0,Pender,2022-07-06
5,24,4,20,0,Pender,2022-07-12
5,12,4,8,0,Pitt,2022-10-08
5,15,4,11,0,Pitt,2022-10-18
5,10,4,6,0,Pitt,2022-10-23
5,19,4,15,0,Rockingham,2022-08-06
5,29,4,25,0,Rockingham,2022-08-23
5,32,4,28,0,Rowan,2022-09-14
5,15,4,11,0,Rutherford,2022-06-14
5,26,4,22,0,Rutherford,2022-06-30
5,14,4,10,0,Rutherford,2022-11-30
5,26,4,22,0,Stanly,2022-08-30
5,15,4,11,0,Stanly,2022-09-03
5,16,4,12,0,Stokes,2022-09-27
5,9,4,5,0,Stokes,2022-10-14
5,12,4,8,0,Stokes,2022-12-01
5,33,4,29,0,Union,2022-10-27
5,20,4,16,0,Union,2022-11-13
5,21,4,17,0,Vance,2022-06-27
5,19,4,15,0,Watauga,2022-08-26
5,13,4,9,0,Yadkin,2022-06-30
6,34,4,30,0,Alamance,2022-09-23
6,32,4,28,0,Alamance,2022-10-05
6,21,4,17,0,Anson,2022-08-17
6,24,4,20,0,Beaufort,2022-09-26
6,21,4,17,0,Beaufort,2022-10-10
6,29,4,25,0,Burke,2022-09-03
6,31,4,27,0,Cabarrus,2022-08-28
6,34,4,30,0,Cabarrus,2022-12-09
6,24,4,20,0,Caldwell,2022-10-04
6,26,4,22,0,Cleveland,2022-06-26
6,31,4,27,0,Cleveland,2022-08-20
6,27,4,23,0,Cleveland,2022-08-21
6,32,4,28,0,Cumberland,2022-11-15
6,36,4,32,0,Cumberland,2022-11-27
6,12,4,8,0,Davie,2022-12-06
6,44,4,40,0,Durham,2022-07-04
6,66,4,62,0,Durham,2022-09-11
6,41,4,37,0,Durham,2022-11-27
6,23,4,19,0,Edgecombe,2022-09-09
6,30,4,26,0,Franklin,2022-06-28
6,31,4,27,0,Franklin,2022-09-09
6,19,4,15,0,Granville,2022-09-22
6,30,4,26,0,Halifax,2022-07-15
6,26,4,22,0,Henderson,2022-09-09
6,18,4,14,0,Hoke,2022-08-11
6,27,4,23,0,Lincoln,2022-06-22
6,15,4,11,0,Martin,2022-08-12
6,26,4,22,0,McDowell,2022-07-20
6,16,4,12,0,New Hanover,2022-11-07
6,42,4,38,0,Onslow,2022-08-26
6,72,4,68,0,Orange,2022-07-07
6,44,4,40,0,Pitt,2022-07-10
6,24,4,20,0,Rockingham,2022-09-16
6,33,4,29,0,Rowan,2022-07-23
6,15,4,11,0,Rowan,2022-09-10
6,30,4,26,0,Rutherford,2022-07-19
6,41,4,37,0,Stanly,2022-09-08
6,27,4,23,0,Surry,2022-06-15
6,14,4,10,0,Vance,2022-06-24
6,29,4,25,0,Yadkin,2022-08-11
7,43,4,39,0,Alamance,2022-07-23
7,40,4,36,0,Alamance,2022-08-13
7,29,4,25,0,Alamance,2022-10-24
7,36,4,32,0,Alamance,2022-12-08
7,46,4,42,0,Cabarrus,2022-06-25
7,19,4,15,0,Caldwell,2022-12-02
7,23,4,19,0,Caldwell,2022-12-07
7,20,4,16,0,Chatham,2022-10-25
7,31,4,27,0,Cleveland,2022-06-14
7,33,4,29,0,Cleveland,2022-07-01
7,41,4,37,0,Cleveland,2022-07-22
7,31,4,27,0,Davidson,2022-12-05
7,22,4,18,0,Davie,2022-08-04
7,52,4,48,0,Durham,2022-09-17
7,50,4,46,0,Durham,2022-11-22
7,27,4,23,0,Edgecombe,2022-08-30
7,52,4,48,0,Forsyth,2022-10-06
7,38,4,34,0,Franklin,2022-07-08
7,23,4,19,0,Franklin,2022-07-10
7,28,4,24,0,Franklin,2022-09-19
7,34,4,30,0,Gaston,2022-09-17
7,29,4,25,0,Granville,2022-08-02
7,37,4,33,0,Harnett,2022-09-21
7,25,4,21,0,Johnston,2022-10-10
7,25,4,21,0,Johnston,2022-10-31
7,25,4,21,0,Lee,2022-09-06
7,28,4,24,0,Lincoln,2022-07-14
7,24,4,20,0,Lincoln,2022-07-16
7,25,4,21,0,McDowell,2022-07-28
7,33,4,29,0,Pender,2022-07-14
7,21,4,17,0,Rockingham,2022-06-17
7,61,4,57,0,Rowan,2022-07-08
7,33,4,29,0,Union,2022-10-25
7,26,4,22,0,Yadkin,2022-09-11
8,11,4,7,0,Alexander,2022-10-03
8,58,4,54,0,Durham,2022-08-21
8,47,4,43,0,Edgecombe,2022-07-11
8,38,4,34,0,Edgecombe,2022-07-21
8,35,4,31,0,Franklin,2022-07-05
8,20,4,16,0,Gaston,2022-10-22
8,20,4,16,0,Halifax,2022-09-13
8,57,4,53,0,Orange,2022-08-04
8,39,4,35,0,Orange,2022-11-30
8,28,4,24,0,Pitt,2022-10-24
8,26,4,22,0,Rockingham,2022-09-07
8,26,4,22,0,Union,2022-11-09
9,38,4,34,0,Alamance,2022-09-29
9,30,4,26,0,Brunswick,2022-09-28
9,30,4,26,0,Burke,2022-08-18
9,96,4,92,0,Durham,2022-07-17
9,39,4,35,0,Durham,2022-10-18
9,74,4,70,0,Durham,2022-12-07
9,35,4,31,0,Edgecombe,2022-07-14
9,34,4,30,0,Franklin,2022-09-01
9,20,4,16,0,Lincoln,2022-08-11
9,22,4,18,0,Rowan,2022-09-28
10,56,4,52,0,Brunswick,2022-06-23
10,53,4,49,0,Cleveland,2022-07-14
10,64,4,60,0,Durham,2022-09-23
10,58,4,54,0,Durham,2022-12-06
10,49,4,45,0,Forsyth,2022-09-30
10,34,4,30,0,McDowell,2022-08-25
10,32,4,28,0,Rockingham,2022-09-19
10,28,4,24,0,Rowan,2022-07-10
10,46,4,42,0,Union,2022-08-27
11,47,4,43,0,Alamance,2022-09-27
11,32,4,28,0,Alamance,2022-11-01
11,33,4,29,0,Alamance,2022-12-02
11,47,4,43,0,Burke,2022-09-13
11,88,4,84,0,Durham,2022-09-20
11,43,4,39,0,Edgecombe,2022-07-22
11,48,4,44,0,Union,2022-09-16
12,71,4,67,0,Forsyth,2022-06-26
12,53,4,49,0,Onslow,2022-09-15
14,60,4,56,0,Durham,2022-12-08
17,160,4,156,0,Durham,2022-07-01
19,119,4,115,0,Durham,2022-08-05
0,7,5,2,0,Alleghany,2022-07-01
0,8,5,3,0,Alleghany,2022-08-07
0,6,5,1,0,Ashe,2022-08-09
0,8,5,3,0,Ashe,2022-10-11
0,15,5,10,0,Bladen,2022-09-08
0,19,5,14,0,Brunswick,2022-10-01
0,8,5,3,0,Burke,2022-10-23
0,10,5,5,0,Carteret,2022-08-19
0,13,5,8,0,Carteret,2022-09-01
0,11,5,6,0,Carteret,2022-09-03
0,7,5,2,0,Carteret,2022-12-08
0,15,5,10,0,Chatham,2022-07-30
0,9,5,4,0,Columbus,2022-08-14
0,17,5,12,0,Craven,2022-09-18
0,13,5,8,0,Craven,2022-10-14
0,7,5,2,0,Graham,2022-07-01
0,23,5,18,0,Granville,2022-07-29
0,8,5,3,0,Harnett,2022-11-05
0,9,5,4,0,Harnett,2022-11-06
0,12,5,7,0,Henderson,2022-11-30
0,7,5,2,0,Hertford,2022-07-31
0,7,5,2,0,Hoke,2022-10-09
0,15,5,10,0,Jackson,2022-07-14
0,12,5,7,0,Jackson,2022-08-02
0,16,5,11,0,Jackson,2022-08-26
0,10,5,5,0,Jackson,2022-09-26
0,17,5,12,0,Lee,2022-07-16
0,10,5,5,0,Lee,2022-10-28
0,7,5,2,0,Madison,2022-08-11
0,8,5,3,0,Martin,2022-09-18
0,7,5,2,0,McDowell,2022-11-18
0,8,5,3,0,Mitchell,2022-07-05
0,5,5,0,0,Mitchell,2022-12-06
0,12,5,7,0,Montgomery,2022-07-06
0,18,5,13,0,Moore,2022-08-28
0,11,5,6,0,Moore,2022-12-10
0,12,5,7,0,Onslow,2022-10-17
0,14,5,9,0,Onslow,2022-10-21
0,15,5,10,0,Orange,2022-10-14
0,12,5,7,0,Orange,2022-10-16
0,6,5,1,0,Pasquotank,2022-08-31
0,6,5,1,0,Pasquotank,2022-09-09
0,8,5,3,0,Pasquotank,2022-10-26
0,10,5,5,0,Pender,2022-08-14
0,10,5,5,0,Person,2022-06-19
0,5,5,0,0,Polk,2022-07-03
0,10,5,5,0,Polk,2022-07-21
0,5,5,0,0,Polk,2022-08-17
0,7,5,2,0,Polk,2022-11-19
0,10,5,5,0,Randolph,2022-11-25
0,24,5,19,0,Rockingham,2022-06-15
0,21,5,16,0,Rockingham,2022-09-27
0,9,5,4,0,Sampson,2022-10-11
0,6,5,1,0,Sampson,2022-10-17
0,7,5,2,0,Sampson,2022-10-25
0,6,5,1,0,Scotland,2022-09-10
0,12,5,7,0,Stokes,2022-09-28
0,10,5,5,0,Surry,2022-11-16
0,10,5,5,0,Swain,2022-08-04
0,8,5,3,0,Swain,2022-09-13
0,11,5,6,0,Transylvania,2022-08-08
0,22,5,17,0,Vance,2022-07-06
0,6,5,1,0,Warren,2022-10-10
0,12,5,7,0,Watauga,2022-12-07
0,6,5,1,0,Wilson,2022-11-22
0,11,5,6,0,Yancey,2022-06-27
1,17,5,12,0,Alexander,2022-08-16
1,6,5,1,0,Alleghany,2022-07-11
1,11,5,6,0,Anson,2022-08-18
1,11,5,6,0,Ashe,2022-08-03
1,8,5,3,0,Ashe,2022-08-22
1,5,5,0,0,Avery,2022-10-25
1,12,5,7,0,Beaufort,2022-09-15
1,12,5,7,0,Beaufort,2022-10-17
1,35,5,30,0,Brunswick,2022-09-27
1,17,5,12,0,Brunswick,2022-10-08
1,16,5,11,0,Brunswick,2022-12-02
1,26,5,21,0,Burke,2022-10-11
1,8,5,3,0,Burke,2022-10-29
1,13,5,8,0,Carteret,2022-06-19
1,11,5,6,0,Carteret,2022-10-07
1,11,5,6,0,Carteret,2022-10-14
1,6,5,1,0,Carteret,2022-10-18
1,6,5,1,0,Carteret,2022-10-20
1,14,5,9,0,Catawba,2022-11-05
1,31,5,26,0,Chatham,2022-07-27
1,14,5,9,0,Chatham,2022-10-03
1,13,5,8,0,Cherokee,2022-07-01
1,12,5,7,0,Columbus,2022-06-26
1,11,5,6,0,Columbus,2022-08-27
1,10,5,5,0,Columbus,2022-09-21
1,12,5,7,0,Columbus,2022-11-28
1,21,5,16,0,Craven,2022-06-18
1,16,5,11,0,Craven,2022-08-14
1,16,5,11,0,Craven,2022-09-28
1,12,5,7,0,Craven,2022-09-29
1,10,5,5,0,Craven,2022-10-28
1,8,5,3,0,Craven,2022-11-05
1,9,5,4,0,Craven,2022-11-11
1,30,5,25,0,Cumberland,2022-10-26
1,10,5,5,0,Davie,2022-07-23
1,11,5,6,0,Davie,2022-07-24
1,17,5,12,0,Duplin,2022-07-16
1,10,5,5,0,Duplin,2022-10-31
1,9,5,4,0,Franklin,2022-07-04
1,26,5,21,0,Gaston,2022-12-03
1,7,5,2,0,Graham,2022-07-18
1,7,5,2,0,Graham,2022-08-10
1,8,5,3,0,Graham,2022-09-07
1,8,5,3,0,Graham,2022-09-08
1,28,5,23,0,Granville,2022-09-09
1,11,5,6,0,Granville,2022-10-31
1,12,5,7,0,Halifax,2022-09-15
1,9,5,4,0,Haywood,2022-08-13
1,10,5,5,0,Haywood,2022-10-04
1,6,5,1,0,Haywood,2022-10-15
1,10,5,5,0,Haywood,2022-10-23
1,9,5,4,0,Haywood,2022-10-30
1,9,5,4,0,Haywood,2022-12-06
1,6,5,1,0,Haywood,2022-12-09
1,21,5,16,0,Henderson,2022-08-20
1,10,5,5,0,Henderson,2022-11-13
1,15,5,10,0,Hertford,2022-07-18
1,9,5,4,0,Hertford,2022-09-21
1,20,5,15,0,Hoke,2022-06-17
1,8,5,3,0,Jackson,2022-09-02
1,12,5,7,0,Jackson,2022-09-19
1,13,5,8,0,Jackson,2022-09-20
1,6,5,1,0,Jones,2022-09-21
1,16,5,11,0,Lee,2022-06-16
1,10,5,5,0,Lee,2022-09-18
1,11,5,6,0,Lee,2022-09-23
1,8,5,3,0,Lee,2022-10-27
1,9,5,4,0,Lenoir,2022-06-19
1,8,5,3,0,Lenoir,2022-11-09
1,11,5,6,0,Lincoln,2022-06-25
1,16,5,11,0,Macon,2022-07-22
1,10,5,5,0,Macon,2022-07-29
1,6,5,1,0,Macon,2022-11-16
1,10,5,5,0,Madison,2022-06-14
1,9,5,4,0,Madison,2022-06-22
1,8,5,3,0,Madison,2022-06-28
1,9,5,4,0,Madison,2022-07-11
1,7,5,2,0,Madison,2022-07-23
1,7,5,2,0,Mitchell,2022-06-24
1,12,5,7,0,Mitchell,2022-06-27
1,10,5,5,0,Montgomery,2022-08-12
1,10,5,5,0,Montgomery,2022-09-01
1,13,5,8,0,Moore,2022-12-01
1,27,5,22,0,Nash,2022-07-16
1,19,5,14,0,Nash,2022-07-30
1,7,5,2,0,Nash,2022-11-25
1,12,5,7,0,New Hanover,2022-10-31
1,27,5,22,0,New Hanover,2022-11-03
1,12,5,7,0,Northampton,2022-07-15
1,12,5,7,0,Northampton,2022-08-17
1,6,5,1,0,Northampton,2022-09-20
1,8,5,3,0,Northampton,2022-11-28
1,24,5,19,0,Onslow,2022-07-03
1,34,5,29,0,Orange,2022-06-25
1,15,5,10,0,Orange,2022-10-12
1,9,5,4,0,Pasquotank,2022-07-19
1,13,5,8,0,Pasquotank,2022-08-10
1,7,5,2,0,Perquimans,2022-07-20
1,12,5,7,0,Person,2022-07-17
1,16,5,11,0,Person,2022-07-23
1,13,5,8,0,Person,2022-07-27
1,8,5,3,0,Pitt,2022-11-05
1,8,5,3,0,Polk,2022-07-26
1,6,5,1,0,Polk,2022-08-16
1,5,5,0,0,Polk,2022-09-21
1,15,5,10,0,Richmond,2022-06-16
1,13,5,8,0,Richmond,2022-09-19
1,16,5,11,0,Robeson,2022-10-21
1,23,5,18,0,Rockingham,2022-06-16
1,8,5,3,0,Sampson,2022-07-02
1,10,5,5,0,Sampson,2022-10-05
1,8,5,3,0,Sampson,2022-10-22
1,6,5,1,0,Sampson,2022-11-14
1,11,5,6,0,Scotland,2022-06-24
1,11,5,6,0,Scotland,2022-07-06
1,10,5,5,0,Scotland,2022-08-16
1,8,5,3,0,Scotland,2022-09-03
1,11,5,6,0,Scotland,2022-09-05
1,5,5,0,0,Scotland,2022-11-03
1,5,5,0,0,Scotland,2022-12-08
1,8,5,3,0,Stokes,2022-11-04
1,11,5,6,0,Surry,2022-06-19
1,7,5,2,0,Swain,2022-08-30
1,5,5,0,0,Swain,2022-12-08
1,10,5,5,0,Transylvania,2022-07-14
1,12,5,7,0,Transylvania,2022-08-17
1,8,5,3,0,Transylvania,2022-09-10
1,11,5,6,0,Vance,2022-09-20
1,6,5,1,0,Warren,2022-07-01
1,13,5,8,0,Warren,2022-07-21
1,16,5,11,0,Wayne,2022-09-17
1,10,5,5,0,Wayne,2022-11-10
1,10,5,5,0,Wilkes,2022-10-18
1,7,5,2,0,Wilson,2022-09-30
1,11,5,6,0,Wilson,2022-12-06
1,9,5,4,0,Yadkin,2022-06-22
1,8,5,3,0,Yadkin,2022-07-17
1,22,5,17,0,Yadkin,2022-08-24
1,11,5,6,0,Yadkin,2022-09-22
1,10,5,5,0,Yadkin,2022-09-24
1,15,5,10,0,Yadkin,2022-09-26
1,10,5,5,0,Yancey,2022-06-24
1,10,5,5,0,Yancey,2022-08-05
2,14,5,9,0,Alexander,2022-08-25
2,17,5,12,0,Alexander,2022-08-29
2,10,5,5,0,Alexander,2022-10-11
2,5,5,0,0,Alleghany,2022-08-31
2,18,5,13,0,Anson,2022-09-07
2,6,5,1,0,Ashe,2022-06-23
2,12,5,7,0,Ashe,2022-06-27
2,7,5,2,0,Ashe,2022-07-07
2,9,5,4,0,Ashe,2022-08-23
2,17,5,12,0,Ashe,2022-08-30
2,5,5,0,0,Ashe,2022-11-04
2,8,5,3,0,Ashe,2022-12-07
2,5,5,0,0,Avery,2022-12-09
2,9,5,4,0,Beaufort,2022-06-25
2,16,5,11,0,Beaufort,2022-09-07
2,16,5,11,0,Bladen,2022-07-05
2,14,5,9,0,Bladen,2022-12-08
2,41,5,36,0,Brunswick,2022-07-10
2,21,5,16,0,Buncombe,2022-11-06
2,15,5,10,0,Burke,2022-09-27
2,17,5,12,0,Burke,2022-10-17
2,21,5,16,0,Cabarrus,2022-11-04
2,28,5,23,0,Caldwell,2022-07-09
2,24,5,19,0,Caldwell,2022-10-24
2,13,5,8,0,Carteret,2022-07-24
2,13,5,8,0,Carteret,2022-08-06
2,21,5,16,0,Chatham,2022-06-16
2,39,5,34,0,Chatham,2022-07-18
2,29,5,24,0,Chatham,2022-08-24
2,16,5,11,0,Chatham,2022-09-01
2,20,5,15,0,Chatham,2022-11-30
2,16,5,11,0,Cherokee,2022-08-02
2,9,5,4,0,Cherokee,2022-09-12
2,9,5,4,0,Clay,2022-09-08
2,28,5,23,0,Cleveland,2022-06-17
2,21,5,16,0,Cleveland,2022-07-02
2,13,5,8,0,Cleveland,2022-09-05
2,18,5,13,0,Craven,2022-08-21
2,18,5,13,0,Craven,2022-10-13
2,10,5,5,0,Craven,2022-11-02
2,10,5,5,0,Craven,2022-12-01
2,17,5,12,0,Cumberland,2022-10-09
2,15,5,10,0,Davie,2022-09-29
2,12,5,7,0,Duplin,2022-07-04
2,10,5,5,0,Duplin,2022-07-09
2,16,5,11,0,Duplin,2022-08-06
2,11,5,6,0,Duplin,2022-09-16
2,8,5,3,0,Duplin,2022-09-28
2,10,5,5,0,Duplin,2022-09-29
2,6,5,1,0,Duplin,2022-10-19
2,9,5,4,0,Duplin,2022-10-24
2,16,5,11,0,Edgecombe,2022-09-01
2,10,5,5,0,Franklin,2022-10-25
2,6,5,1,0,Graham,2022-07-19
2,11,5,6,0,Granville,2022-06-26
2,12,5,7,0,Granville,2022-08-25
2,32,5,27,0,Granville,2022-09-08
2,12,5,7,0,Halifax,2022-10-31
2,18,5,13,0,Harnett,2022-08-27
2,14,5,9,0,Harnett,2022-10-19
2,17,5,12,0,Harnett,2022-10-21
2,18,5,13,0,Harnett,2022-10-31
2,14,5,9,0,Haywood,2022-08-21
2,11,5,6,0,Haywood,2022-09-15
2,9,5,4,0,Haywood,2022-09-25
2,11,5,6,0,Haywood,2022-10-20
2,13,5,8,0,Haywood,2022-11-01
2,7,5,2,0,Haywood,2022-11-11
2,6,5,1,0,Haywood,2022-11-15
2,13,5,8,0,Haywood,2022-11-28
2,19,5,14,0,Henderson,2022-09-16
2,16,5,11,0,Henderson,2022-12-04
2,14,5,9,0,Hertford,2022-07-22
2,15,5,10,0,Hertford,2022-07-28
2,17,5,12,0,Hoke,2022-07-01
2,15,5,10,0,Hoke,2022-08-24
2,8,5,3,0,Hoke,2022-10-20
2,13,5,8,0,Jackson,2022-07-15
2,16,5,11,0,Jackson,2022-07-22
2,7,5,2,0,Jackson,2022-08-12
2,17,5,12,0,Jackson,2022-09-21
2,23,5,18,0,Johnston,2022-10-01
2,21,5,16,0,Johnston,2022-10-08
2,23,5,18,0,Lee,2022-06-29
2,16,5,11,0,Lee,2022-07-11
2,8,5,3,0,Lee,2022-08-21
2,12,5,7,0,Lee,2022-09-11
2,15,5,10,0,Lee,2022-09-20
2,7,5,2,0,Lee,2022-10-18
2,9,5,4,0,Lee,2022-10-30
2,9,5,4,0,Lee,2022-11-25
2,16,5,11,0,Lenoir,2022-08-22
2,23,5,18,0,Lenoir,2022-08-31
2,27,5,22,0,Lincoln,2022-06-21
2,13,5,8,0,Macon,2022-08-15
2,13,5,8,0,Macon,2022-09-06
2,17,5,12,0,Martin,2022-08-04
2,8,5,3,0,Mitchell,2022-07-15
2,6,5,1,0,Mitchell,2022-07-19
2,15,5,10,0,Montgomery,2022-07-21
2,24,5,19,0,Moore,2022-08-14
2,18,5,13,0,Nash,2022-06-26
2,32,5,27,0,New Hanover,2022-06-19
2,22,5,17,0,New Hanover,2022-09-03
2,22,5,17,0,New Hanover,2022-11-02
2,9,5,4,0,New Hanover,2022-12-03
2,11,5,6,0,Northampton,2022-06-27
2,12,5,7,0,Northampton,2022-07-13
2,12,5,7,0,Northampton,2022-07-14
2,6,5,1,0,Northampton,2022-11-23
2,44,5,39,0,Onslow,2022-07-31
2,66,5,61,0,Orange,2022-06-14
2,34,5,29,0,Orange,2022-06-26
2,43,5,38,0,Orange,2022-08-31
2,8,5,3,0,Pasquotank,2022-06-16
2,7,5,2,0,Pasquotank,2022-06-18
2,16,5,11,0,Pasquotank,2022-06-20
2,13,5,8,0,Pasquotank,2022-07-01
2,10,5,5,0,Pasquotank,2022-07-14
2,9,5,4,0,Pasquotank,2022-08-15
2,7,5,2,0,Pasquotank,2022-09-07
2,23,5,18,0,Pender,2022-08-10
2,17,5,12,0,Pender,2022-09-14
2,7,5,2,0,Person,2022-06-17
2,15,5,10,0,Person,2022-06-23
2,18,5,13,0,Pitt,2022-09-03
2,5,5,0,0,Polk,2022-09-07
2,5,5,0,0,Polk,2022-10-31
2,22,5,17,0,Randolph,2022-07-17
2,13,5,8,0,Randolph,2022-10-24
2,15,5,10,0,Richmond,2022-06-25
2,14,5,9,0,Richmond,2022-08-29
2,9,5,4,0,Robeson,2022-09-24
2,26,5,21,0,Rockingham,2022-07-11
2,21,5,16,0,Rockingham,2022-07-24
2,15,5,10,0,Rockingham,2022-10-27
2,13,5,8,0,Rowan,2022-09-30
2,13,5,8,0,Rowan,2022-10-09
2,11,5,6,0,Rutherford,2022-06-18
2,19,5,14,0,Rutherford,2022-06-27
2,13,5,8,0,Rutherford,2022-07-10
2,10,5,5,0,Rutherford,2022-09-29
2,12,5,7,0,Rutherford,2022-12-02
2,8,5,3,0,Sampson,2022-06-14
2,9,5,4,0,Sampson,2022-10-20
2,6,5,1,0,Scotland,2022-11-22
2,32,5,27,0,Stanly,2022-07-19
2,11,5,6,0,Stokes,2022-08-20
2,18,5,13,0,Stokes,2022-10-24
2,14,5,9,0,Stokes,2022-12-02
2,18,5,13,0,Surry,2022-06-22
2,26,5,21,0,Surry,2022-07-16
2,7,5,2,0,Swain,2022-08-09
2,10,5,5,0,Transylvania,2022-06-20
2,15,5,10,0,Transylvania,2022-09-05
2,12,5,7,0,Vance,2022-08-14
2,9,5,4,0,Vance,2022-10-04
2,11,5,6,0,Vance,2022-12-07
2,9,5,4,0,Warren,2022-07-15
2,8,5,3,0,Watauga,2022-06-25
2,17,5,12,0,Watauga,2022-07-06
2,9,5,4,0,Watauga,2022-07-07
2,15,5,10,0,Watauga,2022-07-19
2,22,5,17,0,Wayne,2022-07-03
2,9,5,4,0,Wilkes,2022-12-03
2,16,5,11,0,Wilson,2022-08-20
2,15,5,10,0,Yadkin,2022-06-23
2,6,5,1,0,Yancey,2022-10-20
3,52,5,47,0,Alamance,2022-09-15
3,10,5,5,0,Alleghany,2022-08-30
3,5,5,0,0,Alleghany,2022-10-02
3,10,5,5,0,Ashe,2022-07-24
3,9,5,4,0,Ashe,2022-08-25
3,7,5,2,0,Avery,2022-08-23
3,9,5,4,0,Beaufort,2022-10-25
3,23,5,18,0,Bladen,2022-07-26
3,29,5,24,0,Brunswick,2022-06-25
3,31,5,26,0,Brunswick,2022-10-10
3,13,5,8,0,Brunswick,2022-11-04
3,16,5,11,0,Burke,2022-07-02
3,20,5,15,0,Burke,2022-12-10
3,17,5,12,0,Cabarrus,2022-10-01
3,24,5,19,0,Cabarrus,2022-11-17
3,19,5,14,0,Cabarrus,2022-11-26
3,19,5,14,0,Cabarrus,2022-12-03
3,17,5,12,0,Caldwell,2022-11-17
3,12,5,7,0,Carteret,2022-07-31
3,10,5,5,0,Caswell,2022-07-20
3,15,5,10,0,Catawba,2022-11-18
3,16,5,11,0,Catawba,2022-11-27
3,27,5,22,0,Chatham,2022-06-15
3,27,5,22,0,Chatham,2022-07-01
3,32,5,27,0,Chatham,2022-07-14
3,19,5,14,0,Chatham,2022-11-01
3,20,5,15,0,Chatham,2022-11-28
3,26,5,21,0,Cherokee,2022-07-18
3,9,5,4,0,Columbus,2022-09-28
3,5,5,0,0,Columbus,2022-10-10
3,12,5,7,0,Craven,2022-09-11
3,15,5,10,0,Craven,2022-10-05
3,26,5,21,0,Davidson,2022-09-10
3,24,5,19,0,Davidson,2022-10-26
3,15,5,10,0,Davie,2022-08-26
3,6,5,1,0,Davie,2022-12-02
3,14,5,9,0,Duplin,2022-07-23
3,8,5,3,0,Duplin,2022-12-06
3,46,5,41,0,Durham,2022-10-25
3,14,5,9,0,Edgecombe,2022-06-20
3,27,5,22,0,Franklin,2022-07-12
3,11,5,6,0,Granville,2022-06-20
3,12,5,7,0,Greene,2022-07-20
3,33,5,28,0,Guilford,2022-11-12
3,10,5,5,0,Halifax,2022-06-26
3,19,5,14,0,Halifax,2022-09-02
3,23,5,18,0,Harnett,2022-12-07
3,11,5,6,0,Henderson,2022-10-22
3,15,5,10,0,Hoke,2022-08-18
3,25,5,20,0,Hoke,2022-09-07
3,12,5,7,0,Hoke,2022-10-03
3,20,5,15,0,Jackson,2022-07-20
3,18,5,13,0,Johnston,2022-11-17
3,12,5,7,0,Lee,2022-08-20
3,21,5,16,0,Lee,2022-09-01
3,13,5,8,0,Lee,2022-09-13
3,22,5,17,0,Lee,2022-09-21
3,10,5,5,0,Lee,2022-12-05
3,27,5,22,0,Lincoln,2022-08-24
3,17,5,12,0,Macon,2022-06-27
3,14,5,9,0,Martin,2022-08-02
3,18,5,13,0,McDowell,2022-07-22
3,8,5,3,0,Mitchell,2022-06-22
3,14,5,9,0,Montgomery,2022-08-31
3,16,5,11,0,Nash,2022-06-25
3,31,5,26,0,Nash,2022-08-05
3,14,5,9,0,Nash,2022-08-27
3,12,5,7,0,Nash,2022-10-02
3,15,5,10,0,New Hanover,2022-12-04
3,9,5,4,0,Northampton,2022-09-08
3,21,5,16,0,Onslow,2022-08-21
3,28,5,23,0,Orange,2022-07-10
3,23,5,18,0,Orange,2022-10-18
3,7,5,2,0,Pamlico,2022-08-03
3,10,5,5,0,Pasquotank,2022-09-19
3,22,5,17,0,Pender,2022-06-14
3,27,5,22,0,Pender,2022-07-20
3,23,5,18,0,Pender,2022-07-26
3,16,5,11,0,Pender,2022-08-16
3,19,5,14,0,Pender,2022-09-15
3,18,5,13,0,Person,2022-06-15
3,18,5,13,0,Person,2022-07-28
3,10,5,5,0,Person,2022-09-18
3,8,5,3,0,Person,2022-09-24
3,35,5,30,0,Pitt,2022-08-06
3,21,5,16,0,Pitt,2022-10-03
3,11,5,6,0,Randolph,2022-10-27
3,10,5,5,0,Randolph,2022-11-18
3,22,5,17,0,Richmond,2022-07-24
3,15,5,10,0,Richmond,2022-08-16
3,7,5,2,0,Richmond,2022-11-03
3,25,5,20,0,Rockingham,2022-09-09
3,14,5,9,0,Rockingham,2022-11-22
3,12,5,7,0,Rutherford,2022-12-05
3,7,5,2,0,Sampson,2022-12-04
3,14,5,9,0,Scotland,2022-07-12
3,19,5,14,0,Stanly,2022-06-17
3,15,5,10,0,Stokes,2022-08-28
3,23,5,18,0,Stokes,2022-09-09
3,16,5,11,0,Stokes,2022-10-03
3,16,5,11,0,Surry,2022-10-27
3,16,5,11,0,Surry,2022-11-02
3,10,5,5,0,Swain,2022-06-23
3,11,5,6,0,Transylvania,2022-08-12
3,29,5,24,0,Vance,2022-07-20
3,24,5,19,0,Vance,2022-08-05
3,13,5,8,0,Vance,2022-08-07
3,15,5,10,0,Wayne,2022-11-07
3,9,5,4,0,Wilkes,2022-09-29
3,13,5,8,0,Wilkes,2022-10-21
3,14,5,9,0,Wilson,2022-12-02
3,14,5,9,0,Wilson,2022-12-05
3,17,5,12,0,Yadkin,2022-07-24
3,24,5,19,0,Yadkin,2022-08-12
3,10,5,5,0,Yadkin,2022-12-10
4,30,5,25,0,Alamance,2022-07-02
4,22,5,17,0,Alexander,2022-08-03
4,21,5,16,0,Beaufort,2022-06-14
4,23,5,18,0,Beaufort,2022-06-29
4,18,5,13,0,Beaufort,2022-07-23
4,10,5,5,0,Bertie,2022-08-15
4,17,5,12,0,Bladen,2022-08-16
4,16,5,11,0,Brunswick,2022-09-11
4,16,5,11,0,Brunswick,2022-11-09
4,41,5,36,0,Burke,2022-07-08
4,20,5,15,0,Burke,2022-07-24
4,18,5,13,0,Cabarrus,2022-09-18
4,17,5,12,0,Cabarrus,2022-10-30
4,16,5,11,0,Cabarrus,2022-11-24
4,29,5,24,0,Chatham,2022-08-05
4,33,5,28,0,Cleveland,2022-07-03
4,25,5,20,0,Cleveland,2022-08-06
4,9,5,4,0,Columbus,2022-09-17
4,12,5,7,0,Columbus,2022-09-19
4,22,5,17,0,Davidson,2022-09-30
4,15,5,10,0,Davie,2022-09-20
4,29,5,24,0,Durham,2022-09-30
4,33,5,28,0,Forsyth,2022-10-30
4,41,5,36,0,Franklin,2022-06-27
4,22,5,17,0,Franklin,2022-08-05
4,16,5,11,0,Franklin,2022-09-15
4,35,5,30,0,Gaston,2022-12-10
4,7,5,2,0,Graham,2022-08-03
4,19,5,14,0,Granville,2022-07-03
4,14,5,9,0,Granville,2022-07-04
4,30,5,25,0,Granville,2022-08-01
4,43,5,38,0,Guilford,2022-10-08
4,31,5,26,0,Harnett,2022-08-18
4,31,5,26,0,Henderson,2022-08-17
4,13,5,8,0,Henderson,2022-09-10
4,12,5,7,0,Henderson,2022-11-23
4,20,5,15,0,Hoke,2022-07-02
4,15,5,10,0,Hoke,2022-08-12
4,23,5,18,0,Johnston,2022-11-04
4,21,5,16,0,Lee,2022-08-12
4,18,5,13,0,Lee,2022-09-02
4,19,5,14,0,Lenoir,2022-06-22
4,19,5,14,0,Lenoir,2022-08-17
4,8,5,3,0,Lincoln,2022-11-10
4,13,5,8,0,Martin,2022-07-08
4,18,5,13,0,McDowell,2022-07-09
4,20,5,15,0,Montgomery,2022-07-25
4,23,5,18,0,Moore,2022-08-10
4,27,5,22,0,Moore,2022-09-15
4,8,5,3,0,Moore,2022-10-15
4,8,5,3,0,Moore,2022-11-10
4,38,5,33,0,Nash,2022-08-11
4,16,5,11,0,Nash,2022-08-13
4,12,5,7,0,Nash,2022-10-10
4,29,5,24,0,Onslow,2022-12-05
4,50,5,45,0,Orange,2022-06-30
4,12,5,7,0,Pasquotank,2022-08-06
4,28,5,23,0,Pender,2022-07-18
4,23,5,18,0,Pender,2022-07-21
4,21,5,16,0,Pitt,2022-10-20
4,15,5,10,0,Richmond,2022-09-06
4,7,5,2,0,Robeson,2022-10-30
4,27,5,22,0,Rockingham,2022-06-21
4,25,5,20,0,Rockingham,2022-08-31
4,35,5,30,0,Rowan,2022-06-16
4,29,5,24,0,Rutherford,2022-07-23
4,18,5,13,0,Rutherford,2022-09-01
4,19,5,14,0,Rutherford,2022-09-13
4,11,5,6,0,Rutherford,2022-11-01
4,9,5,4,0,Rutherford,2022-11-04
4,20,5,15,0,Rutherford,2022-12-06
4,12,5,7,0,Sampson,2022-09-18
4,7,5,2,0,Sampson,2022-11-16
4,12,5,7,0,Stokes,2022-06-22
4,14,5,9,0,Surry,2022-12-04
4,27,5,22,0,Union,2022-11-21
4,25,5,20,0,Union,2022-12-03
4,16,5,11,0,Vance,2022-09-12
4,6,5,1,0,Washington,2022-06-27
4,13,5,8,0,Watauga,2022-08-19
4,15,5,10,0,Wilkes,2022-08-14
4,24,5,19,0,Wilson,2022-08-05
4,13,5,8,0,Wilson,2022-08-27
4,9,5,4,0,Wilson,2022-11-30
4,23,5,18,0,Yadkin,2022-08-17
5,48,5,43,0,Alamance,2022-07-30
5,54,5,49,0,Alamance,2022-09-22
5,20,5,15,0,Beaufort,2022-06-27
5,14,5,9,0,Beaufort,2022-07-31
5,41,5,36,0,Brunswick,2022-09-01
5,21,5,16,0,Burke,2022-06-24
5,43,5,38,0,Burke,2022-07-14
5,33,5,28,0,Burke,2022-08-07
5,36,5,31,0,Burke,2022-08-24
5,28,5,23,0,Burke,2022-09-02
5,19,5,14,0,Burke,2022-11-29
5,16,5,11,0,Burke,2022-12-08
5,49,5,44,0,Caldwell,2022-08-17
5,24,5,19,0,Carteret,2022-06-17
5,26,5,21,0,Cleveland,2022-09-09
5,17,5,12,0,Cleveland,2022-09-19
5,13,5,8,0,Columbus,2022-08-23
5,22,5,17,0,Davidson,2022-11-26
5,26,5,21,0,Davie,2022-07-07
5,103,5,98,0,Durham,2022-07-16
5,38,5,33,0,Durham,2022-11-10
5,21,5,16,0,Edgecombe,2022-09-13
5,24,5,19,0,Forsyth,2022-12-04
5,44,5,39,0,Franklin,2022-06-29
5,28,5,23,0,Franklin,2022-08-10
5,36,5,31,0,Gaston,2022-10-24
5,28,5,23,0,Halifax,2022-06-29
5,42,5,37,0,Halifax,2022-08-01
5,17,5,12,0,Halifax,2022-09-28
5,15,5,10,0,Henderson,2022-12-01
5,22,5,17,0,Hertford,2022-08-08
5,19,5,14,0,Hoke,2022-06-25
5,18,5,13,0,Johnston,2022-10-23
5,16,5,11,0,Johnston,2022-11-18
5,18,5,13,0,Lee,2022-11-07
5,25,5,20,0,Lenoir,2022-06-21
5,24,5,19,0,Lenoir,2022-09-07
5,14,5,9,0,Lincoln,2022-11-25
5,16,5,11,0,McDowell,2022-07-10
5,20,5,15,0,McDowell,2022-08-18
5,15,5,10,0,Moore,2022-11-09
5,74,5,69,0,Orange,2022-08-22
5,35,5,30,0,Orange,2022-09-15
5,23,5,18,0,Pender,2022-06-21
5,18,5,13,0,Person,2022-08-26
5,17,5,12,0,Person,2022-08-31
5,13,5,8,0,Pitt,2022-11-11
5,40,5,35,0,Rowan,2022-06-15
5,20,5,15,0,Rowan,2022-10-14
5,36,5,31,0,Rowan,2022-12-08
5,22,5,17,0,Stanly,2022-06-30
5,20,5,15,0,Stanly,2022-08-26
5,16,5,11,0,Surry,2022-09-20
5,29,5,24,0,Union,2022-11-08
5,28,5,23,0,Vance,2022-08-16
5,11,5,6,0,Vance,2022-09-22
5,20,5,15,0,Warren,2022-07-14
5,16,5,11,0,Wilson,2022-07-09
5,7,5,2,0,Wilson,2022-10-27
5,21,5,16,0,Yadkin,2022-08-07
5,16,5,11,0,Yancey,2022-07-27
6,16,5,11,0,Alexander,2022-06-29
6,28,5,23,0,Alexander,2022-07-27
6,18,5,13,0,Avery,2022-07-25
6,13,5,8,0,Beaufort,2022-06-16
6,42,5,37,0,Brunswick,2022-08-07
6,29,5,24,0,Brunswick,2022-09-18
6,52,5,47,0,Burke,2022-07-26
6,31,5,26,0,Cabarrus,2022-09-17
6,35,5,30,0,Cabarrus,2022-11-16
6,16,5,11,0,Cabarrus,2022-11-18
6,31,5,26,0,Caldwell,2022-07-07
6,17,5,12,0,Caldwell,2022-10-27
6,18,5,13,0,Caldwell,2022-11-23
6,34,5,29,0,Cleveland,2022-07-04
6,39,5,34,0,Forsyth,2022-11-15
6,19,5,14,0,Franklin,2022-08-07
6,19,5,14,0,Franklin,2022-08-16
6,29,5,24,0,Gaston,2022-11-04
6,20,5,15,0,Gaston,2022-11-10
6,32,5,27,0,Granville,2022-07-18
6,26,5,21,0,Halifax,2022-06-28
6,15,5,10,0,Halifax,2022-11-14
6,31,5,26,0,Harnett,2022-06-17
6,30,5,25,0,Harnett,2022-07-09
6,22,5,17,0,Henderson,2022-11-29
6,11,5,6,0,Hertford,2022-09-06
6,15,5,10,0,Hoke,2022-09-11
6,21,5,16,0,Iredell,2022-10-21
6,13,5,8,0,Jackson,2022-08-10
6,23,5,18,0,Lee,2022-06-27
6,24,5,19,0,Lenoir,2022-09-19
6,31,5,26,0,Lincoln,2022-08-18
6,16,5,11,0,Martin,2022-08-01
6,25,5,20,0,McDowell,2022-08-09
6,22,5,17,0,Montgomery,2022-08-22
6,37,5,32,0,Nash,2022-08-08
6,10,5,5,0,Northampton,2022-10-10
6,55,5,50,0,Orange,2022-08-08
6,56,5,51,0,Orange,2022-08-30
6,26,5,21,0,Pitt,2022-10-25
6,9,5,4,0,Richmond,2022-11-30
6,20,5,15,0,Stokes,2022-07-19
6,22,5,17,0,Stokes,2022-09-02
6,23,5,18,0,Surry,2022-07-09
6,27,5,22,0,Surry,2022-12-09
6,30,5,25,0,Vance,2022-07-18
6,27,5,22,0,Vance,2022-07-22
6,53,5,48,0,Wake,2022-11-19
6,24,5,19,0,Yadkin,2022-09-01
7,31,5,26,0,Beaufort,2022-08-02
7,37,5,32,0,Caldwell,2022-07-20
7,26,5,21,0,Cleveland,2022-09-03
7,52,5,47,0,Cumberland,2022-11-07
7,38,5,33,0,Davidson,2022-07-17
7,42,5,37,0,Davidson,2022-08-28
7,25,5,20,0,Davidson,2022-10-13
7,34,5,29,0,Franklin,2022-07-29
7,21,5,16,0,Franklin,2022-08-13
7,28,5,23,0,Gaston,2022-11-22
7,52,5,47,0,Harnett,2022-06-28
7,36,5,31,0,Harnett,2022-07-24
7,27,5,22,0,Nash,2022-08-31
7,31,5,26,0,Orange,2022-10-03
7,37,5,32,0,Pitt,2022-09-28
7,30,5,25,0,Rockingham,2022-08-16
7,27,5,22,0,Rowan,2022-11-01
7,27,5,22,0,Rowan,2022-11-16
7,36,5,31,0,Rutherford,2022-07-21
7,19,5,14,0,Rutherford,2022-08-04
7,20,5,15,0,Rutherford,2022-08-21
7,54,5,49,0,Union,2022-08-13
7,35,5,30,0,Union,2022-09-25
7,24,5,19,0,Union,2022-10-17
7,20,5,15,0,Yadkin,2022-07-27
8,44,5,39,0,Alamance,2022-11-28
8,40,5,35,0,Alamance,2022-12-07
8,38,5,33,0,Cabarrus,2022-08-14
8,42,5,37,0,Caldwell,2022-06-20
8,47,5,42,0,Cleveland,2022-08-24
8,37,5,32,0,Davidson,2022-07-16
8,43,5,38,0,Davidson,2022-10-05
8,42,5,37,0,Edgecombe,2022-07-27
8,24,5,19,0,Franklin,2022-09-22
8,45,5,40,0,Granville,2022-08-08
8,52,5,47,0,Harnett,2022-09-07
8,16,5,11,0,Moore,2022-11-28
8,23,5,18,0,Nash,2022-10-03
8,34,5,29,0,Pender,2022-07-19
8,52,5,47,0,Pitt,2022-09-27
8,26,5,21,0,Pitt,2022-12-06
8,45,5,40,0,Rowan,2022-07-16
8,25,5,20,0,Rutherford,2022-07-15
8,19,5,14,0,Surry,2022-11-21
8,58,5,53,0,Union,2022-08-18
8,33,5,28,0,Watauga,2022-09-01
9,27,5,22,0,Caldwell,2022-09-28
9,42,5,37,0,Durham,2022-09-05
9,38,5,33,0,Edgecombe,2022-07-20
9,42,5,37,0,Halifax,2022-07-27
9,26,5,21,0,Hoke,2022-06-30
9,41,5,36,0,Johnston,2022-12-05
9,23,5,18,0,Lenoir,2022-08-16
9,78,5,73,0,Pitt,2022-07-07
9,33,5,28,0,Pitt,2022-12-02
9,31,5,26,0,Rowan,2022-12-05
9,41,5,36,0,Union,2022-08-28
9,32,5,27,0,Union,2022-10-28
10,56,5,51,0,Alamance,2022-06-14
10,31,5,26,0,Alexander,2022-08-22
10,30,5,25,0,Beaufort,2022-07-14
10,32,5,27,0,Burke,2022-09-16
10,59,5,54,0,Durham,2022-08-28
10,29,5,24,0,Halifax,2022-08-17
10,20,5,15,0,Rutherford,2022-08-17
10,23,5,18,0,Union,2022-11-17
11,40,5,35,0,Alamance,2022-08-07
11,47,5,42,0,Alamance,2022-09-21
11,58,5,53,0,Caldwell,2022-07-22
11,62,5,57,0,Cleveland,2022-07-19
11,62,5,57,0,Cleveland,2022-08-31
11,35,5,30,0,Cumberland,2022-11-02
11,26,5,21,0,Davidson,2022-09-04
11,105,5,100,0,Durham,2022-07-03
11,44,5,39,0,Franklin,2022-08-03
11,74,5,69,0,Orange,2022-07-25
11,56,5,51,0,Orange,2022-08-18
11,36,5,31,0,Rowan,2022-09-09
12,57,5,52,0,Cleveland,2022-08-15
12,110,5,105,0,Durham,2022-09-19
12,67,5,62,0,Durham,2022-12-05
12,80,5,75,0,Mecklenburg,2022-11-05
12,39,5,34,0,Union,2022-09-18
13,103,5,98,0,Durham,2022-07-09
15,92,5,87,0,Pitt,2022-08-16
15,83,5,78,0,Union,2022-07-17
16,45,5,40,0,Cleveland,2022-08-16
16,46,5,41,0,Rowan,2022-07-17
0,6,6,0,0,Alleghany,2022-07-28
0,8,6,2,0,Alleghany,2022-09-07
0,6,6,0,0,Ashe,2022-08-07
0,6,6,0,0,Ashe,2022-08-27
0,8,6,2,0,Ashe,2022-08-28
0,23,6,17,0,Cabarrus,2022-10-13
0,18,6,12,0,Craven,2022-06-19
0,10,6,4,0,Craven,2022-09-04
0,13,6,7,0,Craven,2022-10-19
0,24,6,18,0,Davidson,2022-12-02
0,11,6,5,0,Graham,2022-08-31
0,15,6,9,0,Haywood,2022-06-18
0,8,6,2,0,Haywood,2022-07-03
0,9,6,3,0,Haywood,2022-10-19
0,10,6,4,0,Haywood,2022-11-10
0,14,6,8,0,Henderson,2022-10-01
0,9,6,3,0,Hertford,2022-07-23
0,20,6,14,0,Hoke,2022-08-16
0,11,6,5,0,Jackson,2022-09-22
0,7,6,1,0,Jackson,2022-12-02
0,6,6,0,0,Jones,2022-07-05
0,12,6,6,0,Lee,2022-08-13
0,11,6,5,0,Lee,2022-08-27
0,10,6,4,0,Lenoir,2022-10-05
0,12,6,6,0,Mitchell,2022-07-26
0,11,6,5,0,Moore,2022-10-09
0,19,6,13,0,Northampton,2022-07-11
0,6,6,0,0,Pamlico,2022-07-22
0,10,6,4,0,Pasquotank,2022-08-04
0,11,6,5,0,Pasquotank,2022-08-23
0,7,6,1,0,Pasquotank,2022-09-13
0,10,6,4,0,Perquimans,2022-08-17
0,11,6,5,0,Person,2022-06-22
0,7,6,1,0,Polk,2022-07-04
0,6,6,0,0,Polk,2022-07-10
0,6,6,0,0,Polk,2022-09-13
0,13,6,7,0,Randolph,2022-10-18
0,15,6,9,0,Rockingham,2022-10-24
0,8,6,2,0,Sampson,2022-09-25
0,8,6,2,0,Sampson,2022-11-29
0,8,6,2,0,Scotland,2022-08-25
0,15,6,9,0,Stokes,2022-08-24
0,7,6,1,0,Swain,2022-08-15
0,9,6,3,0,Swain,2022-11-01
0,7,6,1,0,Transylvania,2022-07-04
0,20,6,14,0,Vance,2022-07-29
0,9,6,3,0,Watauga,2022-10-20
0,9,6,3,0,Wilkes,2022-10-07
0,18,6,12,0,Yadkin,2022-06-17
1,8,6,2,0,Ashe,2022-11-02
1,34,6,28,0,Bladen,2022-07-06
1,14,6,8,0,Buncombe,2022-11-19
1,14,6,8,0,Burke,2022-10-13
1,11,6,5,0,Burke,2022-10-20
1,10,6,4,0,Burke,2022-11-07
1,11,6,5,0,Burke,2022-12-07
1,18,6,12,0,Carteret,2022-07-10
1,13,6,7,0,Carteret,2022-08-28
1,16,6,10,0,Carteret,2022-08-30
1,9,6,3,0,Carteret,2022-09-10
1,11,6,5,0,Carteret,2022-09-21
1,9,6,3,0,Carteret,2022-10-12
1,10,6,4,0,Carteret,2022-10-23
1,15,6,9,0,Carteret,2022-10-25
1,10,6,4,0,Carteret,2022-11-07
1,13,6,7,0,Carteret,2022-11-28
1,24,6,18,0,Chatham,2022-07-23
1,7,6,1,0,Columbus,2022-09-26
1,8,6,2,0,Columbus,2022-11-25
1,20,6,14,0,Craven,2022-08-06
1,8,6,2,0,Craven,2022-10-21
1,13,6,7,0,Craven,2022-11-03
1,42,6,36,0,Cumberland,2022-10-13
1,39,6,33,0,Cumberland,2022-10-28
1,14,6,8,0,Davie,2022-06-30
1,24,6,18,0,Davie,2022-08-22
1,9,6,3,0,Davie,2022-12-08
1,11,6,5,0,Duplin,2022-09-22
1,12,6,6,0,Duplin,2022-10-18
1,24,6,18,0,Durham,2022-11-16
1,11,6,5,0,Edgecombe,2022-10-05
1,21,6,15,0,Franklin,2022-10-03
1,8,6,2,0,Graham,2022-08-05
1,16,6,10,0,Granville,2022-12-09
1,10,6,4,0,Halifax,2022-12-08
1,18,6,12,0,Haywood,2022-06-17
1,15,6,9,0,Haywood,2022-06-19
1,10,6,4,0,Haywood,2022-09-18
1,8,6,2,0,Haywood,2022-11-02
1,23,6,17,0,Henderson,2022-09-17
1,12,6,6,0,Henderson,2022-10-02
1,13,6,7,0,Henderson,2022-10-19
1,16,6,10,0,Henderson,2022-10-28
1,14,6,8,0,Henderson,2022-11-08
1,11,6,5,0,Hertford,2022-07-24
1,12,6,6,0,Jackson,2022-07-08
1,17,6,11,0,Jackson,2022-07-18
1,13,6,7,0,Jackson,2022-07-29
1,10,6,4,0,Jackson,2022-08-15
1,13,6,7,0,Jackson,2022-09-07
1,10,6,4,0,Jackson,2022-09-08
1,18,6,12,0,Jackson,2022-09-09
1,13,6,7,0,Lee,2022-09-16
1,8,6,2,0,Lee,2022-10-21
1,9,6,3,0,Lee,2022-10-26
1,8,6,2,0,Lee,2022-12-02
1,7,6,1,0,Lenoir,2022-09-04
1,13,6,7,0,Lenoir,2022-10-24
1,12,6,6,0,Macon,2022-07-09
1,26,6,20,0,Macon,2022-07-19
1,13,6,7,0,Macon,2022-09-12
1,7,6,1,0,Madison,2022-11-25
1,18,6,12,0,Martin,2022-07-26
1,11,6,5,0,Mitchell,2022-06-14
1,9,6,3,0,Mitchell,2022-06-17
1,10,6,4,0,Mitchell,2022-08-04
1,16,6,10,0,Montgomery,2022-08-01
1,7,6,1,0,Montgomery,2022-08-27
1,15,6,9,0,Moore,2022-09-24
1,11,6,5,0,Moore,2022-10-19
1,25,6,19,0,Nash,2022-06-18
1,32,6,26,0,Nash,2022-06-22
1,18,6,12,0,Nash,2022-09-10
1,9,6,3,0,Northampton,2022-06-16
1,44,6,38,0,Orange,2022-07-29
1,7,6,1,0,Pasquotank,2022-08-18
1,7,6,1,0,Pasquotank,2022-09-08
1,7,6,1,0,Pasquotank,2022-09-18
1,23,6,17,0,Pender,2022-07-07
1,8,6,2,0,Polk,2022-11-18
1,21,6,15,0,Richmond,2022-08-11
1,9,6,3,0,Rutherford,2022-06-19
1,19,6,13,0,Rutherford,2022-08-12
1,9,6,3,0,Sampson,2022-06-17
1,9,6,3,0,Sampson,2022-11-07
1,13,6,7,0,Scotland,2022-06-15
1,7,6,1,0,Scotland,2022-06-19
1,9,6,3,0,Scotland,2022-07-09
1,15,6,9,0,Scotland,2022-07-18
1,7,6,1,0,Scotland,2022-08-21
1,11,6,5,0,Scotland,2022-08-22
1,8,6,2,0,Scotland,2022-10-03
1,7,6,1,0,Scotland,2022-10-26
1,14,6,8,0,Stokes,2022-06-28
1,12,6,6,0,Swain,2022-07-22
1,10,6,4,0,Swain,2022-07-25
1,6,6,0,0,Swain,2022-07-29
1,6,6,0,0,Swain,2022-11-09
1,14,6,8,0,Transylvania,2022-07-06
1,12,6,6,0,Transylvania,2022-07-19
1,16,6,10,0,Transylvania,2022-09-22
1,25,6,19,0,Vance,2022-06-28
1,8,6,2,0,Vance,2022-09-05
1,14,6,8,0,Vance,2022-09-08
1,12,6,6,0,Watauga,2022-07-29
1,28,6,22,0,Watauga,2022-09-15
1,12,6,6,0,Wilkes,2022-10-19
1,15,6,9,0,Wilson,2022-09-11
1,11,6,5,0,Wilson,2022-10-14
1,14,6,8,0,Yadkin,2022-06-26
1,6,6,0,0,Yadkin,2022-11-24
1,10,6,4,0,Yancey,2022-07-28
2,22,6,16,0,Alamance,2022-07-03
2,8,6,2,0,Alleghany,2022-08-03
2,10,6,4,0,Ashe,2022-07-17
2,10,6,4,0,Ashe,2022-09-08
2,26,6,20,0,Beaufort,2022-07-13
2,12,6,6,0,Bladen,2022-06-27
2,6,6,0,0,Bladen,2022-11-26
2,24,6,18,0,Brunswick,2022-08-26
2,20,6,14,0,Brunswick,2022-09-03
2,19,6,13,0,Brunswick,2022-10-02
2,27,6,21,0,Brunswick,2022-11-01
2,20,6,14,0,Brunswick,2022-11-22
2,18,6,12,0,Brunswick,2022-12-01
2,32,6,26,0,Caldwell,2022-07-14
2,13,6,7,0,Caldwell,2022-11-03
2,16,6,10,0,Carteret,2022-07-03
2,26,6,20,0,Carteret,2022-08-05
2,9,6,3,0,Carteret,2022-10-03
2,10,6,4,0,Carteret,2022-10-05
2,15,6,9,0,Catawba,2022-11-26
2,17,6,11,0,Chatham,2022-09-08
2,15,6,9,0,Cleveland,2022-11-09
2,9,6,3,0,Columbus,2022-06-25
2,11,6,5,0,Columbus,2022-10-05
2,22,6,16,0,Craven,2022-12-08
2,40,6,34,0,Cumberland,2022-10-06
2,7,6,1,0,Currituck,2022-10-09
2,16,6,10,0,Davie,2022-09-01
2,10,6,4,0,Davie,2022-10-12
2,11,6,5,0,Davie,2022-12-05
2,31,6,25,0,Edgecombe,2022-07-05
2,12,6,6,0,Edgecombe,2022-10-10
2,29,6,23,0,Forsyth,2022-11-05
2,24,6,18,0,Gaston,2022-10-08
2,25,6,19,0,Gaston,2022-10-19
2,25,6,19,0,Granville,2022-07-01
2,24,6,18,0,Halifax,2022-07-01
2,12,6,6,0,Halifax,2022-08-20
2,18,6,12,0,Halifax,2022-10-07
2,12,6,6,0,Halifax,2022-11-29
2,24,6,18,0,Harnett,2022-06-19
2,11,6,5,0,Haywood,2022-07-10
2,10,6,4,0,Haywood,2022-08-27
2,7,6,1,0,Haywood,2022-11-22
2,12,6,6,0,Haywood,2022-12-07
2,24,6,18,0,Henderson,2022-06-17
2,20,6,14,0,Henderson,2022-06-25
2,19,6,13,0,Hoke,2022-07-31
2,19,6,13,0,Hoke,2022-08-23
2,18,6,12,0,Hoke,2022-09-15
2,11,6,5,0,Iredell,2022-11-13
2,13,6,7,0,Jackson,2022-08-05
2,19,6,13,0,Jackson,2022-08-17
2,11,6,5,0,Jackson,2022-09-29
2,13,6,7,0,Johnston,2022-10-16
2,26,6,20,0,Johnston,2022-10-28
2,7,6,1,0,Jones,2022-09-14
2,22,6,16,0,Lee,2022-08-24
2,11,6,5,0,Lee,2022-10-01
2,9,6,3,0,Lee,2022-12-07
2,11,6,5,0,Lenoir,2022-07-03
2,20,6,14,0,Lincoln,2022-08-31
2,12,6,6,0,Lincoln,2022-10-13
2,7,6,1,0,Madison,2022-12-08
2,25,6,19,0,McDowell,2022-08-12
2,12,6,6,0,Moore,2022-11-16
2,16,6,10,0,Nash,2022-11-28
2,19,6,13,0,New Hanover,2022-11-21
2,12,6,6,0,Northampton,2022-07-12
2,11,6,5,0,Northampton,2022-09-06
2,34,6,28,0,Onslow,2022-06-18
2,66,6,60,0,Orange,2022-06-20
2,9,6,3,0,Pasquotank,2022-06-23
2,10,6,4,0,Pasquotank,2022-06-26
2,8,6,2,0,Pasquotank,2022-08-07
2,27,6,21,0,Pender,2022-07-25
2,22,6,16,0,Person,2022-07-20
2,25,6,19,0,Person,2022-07-21
2,10,6,4,0,Person,2022-08-28
2,10,6,4,0,Polk,2022-07-19
2,6,6,0,0,Polk,2022-12-05
2,15,6,9,0,Richmond,2022-08-04
2,15,6,9,0,Richmond,2022-09-15
2,21,6,15,0,Rockingham,2022-07-04
2,11,6,5,0,Sampson,2022-07-03
2,9,6,3,0,Sampson,2022-09-10
2,9,6,3,0,Sampson,2022-10-31
2,10,6,4,0,Scotland,2022-06-26
2,12,6,6,0,Scotland,2022-08-23
2,10,6,4,0,Scotland,2022-08-29
2,18,6,12,0,Stanly,2022-06-16
2,11,6,5,0,Surry,2022-12-03
2,14,6,8,0,Swain,2022-07-13
2,12,6,6,0,Transylvania,2022-07-20
2,19,6,13,0,Vance,2022-06-15
2,12,6,6,0,Vance,2022-06-25
2,20,6,14,0,Vance,2022-07-09
2,11,6,5,0,Watauga,2022-07-28
2,10,6,4,0,Watauga,2022-09-05
2,14,6,8,0,Watauga,2022-09-27
2,23,6,17,0,Wayne,2022-06-19
2,7,6,1,0,Wayne,2022-10-16
2,13,6,7,0,Wilkes,2022-08-13
2,15,6,9,0,Wilson,2022-07-31
2,13,6,7,0,Wilson,2022-09-20
2,11,6,5,0,Yancey,2022-06-20
3,17,6,11,0,Alamance,2022-11-26
3,6,6,0,0,Alleghany,2022-12-01
3,42,6,36,0,Beaufort,2022-07-05
3,17,6,11,0,Beaufort,2022-08-15
3,35,6,29,0,Brunswick,2022-08-30
3,24,6,18,0,Brunswick,2022-11-10
3,31,6,25,0,Brunswick,2022-12-06
3,15,6,9,0,Buncombe,2022-11-12
3,34,6,28,0,Burke,2022-08-13
3,7,6,1,0,Burke,2022-12-03
3,19,6,13,0,Burke,2022-12-09
3,25,6,19,0,Cabarrus,2022-10-11
3,24,6,18,0,Cabarrus,2022-10-20
3,16,6,10,0,Cabarrus,2022-10-23
3,29,6,23,0,Cabarrus,2022-11-03
3,12,6,6,0,Caldwell,2022-10-25
3,27,6,21,0,Chatham,2022-07-26
3,21,6,15,0,Chatham,2022-08-11
3,13,6,7,0,Chatham,2022-10-04
3,21,6,15,0,Chatham,2022-11-29
3,19,6,13,0,Cherokee,2022-06-20
3,31,6,25,0,Cleveland,2022-06-27
3,13,6,7,0,Columbus,2022-09-14
3,9,6,3,0,Columbus,2022-11-16
3,6,6,0,0,Columbus,2022-11-30
3,16,6,10,0,Craven,2022-11-01
3,18,6,12,0,Davidson,2022-10-23
3,14,6,8,0,Davie,2022-06-23
3,19,6,13,0,Davie,2022-07-06
3,21,6,15,0,Davie,2022-08-05
3,10,6,4,0,Davie,2022-08-14
3,12,6,6,0,Davie,2022-11-29
3,22,6,16,0,Duplin,2022-07-30
3,74,6,68,0,Durham,2022-09-26
3,44,6,38,0,Durham,2022-10-14
3,47,6,41,0,Forsyth,2022-09-25
3,17,6,11,0,Franklin,2022-06-26
3,22,6,16,0,Franklin,2022-08-14
3,22,6,16,0,Gaston,2022-10-14
3,41,6,35,0,Harnett,2022-06-24
3,29,6,23,0,Harnett,2022-07-10
3,33,6,27,0,Harnett,2022-07-16
3,13,6,7,0,Henderson,2022-11-04
3,18,6,12,0,Henderson,2022-12-02
3,29,6,23,0,Hoke,2022-07-13
3,14,6,8,0,Hoke,2022-09-22
3,33,6,27,0,Iredell,2022-06-18
3,21,6,15,0,Iredell,2022-09-30
3,41,6,35,0,Johnston,2022-06-26
3,24,6,18,0,Johnston,2022-09-30
3,13,6,7,0,Lee,2022-07-04
3,21,6,15,0,Lee,2022-07-07
3,16,6,10,0,Lenoir,2022-09-12
3,26,6,20,0,Lincoln,2022-06-30
3,23,6,17,0,Lincoln,2022-07-03
3,17,6,11,0,Martin,2022-07-27
3,18,6,12,0,McDowell,2022-09-26
3,7,6,1,0,Mitchell,2022-07-22
3,31,6,25,0,Moore,2022-07-13
3,13,6,7,0,Moore,2022-11-02
3,27,6,21,0,Nash,2022-07-23
3,34,6,28,0,New Hanover,2022-09-09
3,16,6,10,0,New Hanover,2022-10-09
3,25,6,19,0,New Hanover,2022-11-22
3,22,6,16,0,Onslow,2022-09-02
3,10,6,4,0,Onslow,2022-10-15
3,24,6,18,0,Person,2022-07-11
3,18,6,12,0,Person,2022-07-13
3,10,6,4,0,Person,2022-07-24
3,11,6,5,0,Richmond,2022-06-17
3,16,6,10,0,Richmond,2022-06-22
3,23,6,17,0,Richmond,2022-06-29
3,11,6,5,0,Richmond,2022-07-16
3,21,6,15,0,Richmond,2022-08-10
3,12,6,6,0,Robeson,2022-09-25
3,16,6,10,0,Robeson,2022-10-28
3,25,6,19,0,Rockingham,2022-07-07
3,32,6,26,0,Rockingham,2022-08-11
3,22,6,16,0,Rockingham,2022-09-08
3,26,6,20,0,Rowan,2022-07-03
3,32,6,26,0,Rutherford,2022-08-05
3,16,6,10,0,Sampson,2022-11-28
3,9,6,3,0,Sampson,2022-12-02
3,11,6,5,0,Scotland,2022-07-10
3,15,6,9,0,Scotland,2022-08-05
3,9,6,3,0,Scotland,2022-08-30
3,11,6,5,0,Scotland,2022-10-04
3,18,6,12,0,Stokes,2022-07-14
3,15,6,9,0,Vance,2022-06-16
3,18,6,12,0,Vance,2022-07-31
3,15,6,9,0,Vance,2022-09-03
3,12,6,6,0,Vance,2022-12-06
3,18,6,12,0,Watauga,2022-08-10
3,16,6,10,0,Watauga,2022-08-15
3,11,6,5,0,Wayne,2022-10-20
3,12,6,6,0,Wilkes,2022-09-27
3,12,6,6,0,Wilkes,2022-10-17
3,17,6,11,0,Yadkin,2022-07-01
3,16,6,10,0,Yadkin,2022-07-23
3,19,6,13,0,Yancey,2022-08-01
4,12,6,6,0,Alexander,2022-10-18
4,8,6,2,0,Ashe,2022-08-06
4,9,6,3,0,Ashe,2022-09-13
4,17,6,11,0,Beaufort,2022-08-29
4,47,6,41,0,Brunswick,2022-06-30
4,25,6,19,0,Brunswick,2022-10-06
4,30,6,24,0,Buncombe,2022-09-11
4,41,6,35,0,Burke,2022-06-27
4,53,6,47,0,Burke,2022-08-10
4,25,6,19,0,Cabarrus,2022-10-05
4,23,6,17,0,Cabarrus,2022-11-10
4,8,6,2,0,Carteret,2022-09-02
4,36,6,30,0,Catawba,2022-07-02
4,14,6,8,0,Catawba,2022-10-09
4,14,6,8,0,Catawba,2022-10-16
4,10,6,4,0,Catawba,2022-10-29
4,27,6,21,0,Chatham,2022-07-20
4,11,6,5,0,Clay,2022-07-26
4,42,6,36,0,Cleveland,2022-06-28
4,14,6,8,0,Columbus,2022-08-07
4,9,6,3,0,Columbus,2022-11-21
4,9,6,3,0,Columbus,2022-11-29
4,24,6,18,0,Craven,2022-08-26
4,10,6,4,0,Craven,2022-11-14
4,12,6,6,0,Davie,2022-08-13
4,18,6,12,0,Davie,2022-09-14
4,12,6,6,0,Franklin,2022-09-27
4,26,6,20,0,Granville,2022-06-24
4,16,6,10,0,Halifax,2022-12-07
4,14,6,8,0,Harnett,2022-11-25
4,27,6,21,0,Henderson,2022-08-25
4,18,6,12,0,Hoke,2022-06-29
4,24,6,18,0,Iredell,2022-11-08
4,19,6,13,0,Johnston,2022-10-19
4,16,6,10,0,Lee,2022-06-30
4,22,6,16,0,Lee,2022-07-28
4,22,6,16,0,Lee,2022-08-15
4,19,6,13,0,Lenoir,2022-06-14
4,16,6,10,0,Lenoir,2022-06-15
4,27,6,21,0,Lenoir,2022-08-18
4,9,6,3,0,Lenoir,2022-09-10
4,15,6,9,0,Lenoir,2022-09-15
4,25,6,19,0,Lincoln,2022-07-01
4,22,6,16,0,Lincoln,2022-07-31
4,16,6,10,0,Lincoln,2022-10-25
4,20,6,14,0,Lincoln,2022-10-26
4,23,6,17,0,Martin,2022-07-28
4,29,6,23,0,McDowell,2022-07-21
4,15,6,9,0,Montgomery,2022-07-11
4,31,6,25,0,Moore,2022-07-11
4,17,6,11,0,Moore,2022-09-30
4,20,6,14,0,Nash,2022-09-09
4,13,6,7,0,Pasquotank,2022-08-11
4,21,6,15,0,Pender,2022-06-22
4,26,6,20,0,Pitt,2022-10-28
4,16,6,10,0,Pitt,2022-11-14
4,13,6,7,0,Richmond,2022-09-14
4,43,6,37,0,Rockingham,2022-07-19
4,15,6,9,0,Rockingham,2022-10-21
4,18,6,12,0,Rowan,2022-06-25
4,31,6,25,0,Rutherford,2022-07-08
4,23,6,17,0,Rutherford,2022-07-12
4,11,6,5,0,Scotland,2022-09-23
4,30,6,24,0,Surry,2022-08-20
4,28,6,22,0,Surry,2022-08-27
4,24,6,18,0,Surry,2022-09-09
4,18,6,12,0,Surry,2022-09-21
4,15,6,9,0,Transylvania,2022-07-26
4,22,6,16,0,Union,2022-11-18
4,21,6,15,0,Vance,2022-07-24
4,22,6,16,0,Vance,2022-08-17
4,16,6,10,0,Wilkes,2022-07-03
4,17,6,11,0,Wilkes,2022-09-16
4,12,6,6,0,Wilkes,2022-10-27
4,9,6,3,0,Wilkes,2022-11-27
4,17,6,11,0,Wilson,2022-07-10
4,23,6,17,0,Wilson,2022-07-17
4,24,6,18,0,Yadkin,2022-08-30
4,10,6,4,0,Yancey,2022-09-13
5,29,6,23,0,Alamance,2022-06-26
5,24,6,18,0,Alexander,2022-09-07
5,16,6,10,0,Anson,2022-07-11
5,26,6,20,0,Beaufort,2022-07-28
5,15,6,9,0,Bertie,2022-08-10
5,42,6,36,0,Brunswick,2022-09-12
5,24,6,18,0,Brunswick,2022-10-27
5,20,6,14,0,Brunswick,2022-12-10
5,31,6,25,0,Buncombe,2022-09-10
5,62,6,56,0,Burke,2022-08-09
5,16,6,10,0,Cabarrus,2022-11-19
5,32,6,26,0,Chatham,2022-07-19
5,36,6,30,0,Cumberland,2022-11-08
5,33,6,27,0,Cumberland,2022-12-10
5,21,6,15,0,Davie,2022-09-26
5,16,6,10,0,Duplin,2022-08-26
5,11,6,5,0,Duplin,2022-12-09
5,20,6,14,0,Edgecombe,2022-07-23
5,21,6,15,0,Granville,2022-07-10
5,37,6,31,0,Guilford,2022-12-03
5,23,6,17,0,Halifax,2022-06-14
5,30,6,24,0,Halifax,2022-06-17
5,28,6,22,0,Halifax,2022-06-27
5,28,6,22,0,Halifax,2022-07-13
5,27,6,21,0,Harnett,2022-07-17
5,32,6,26,0,Harnett,2022-08-28
5,24,6,18,0,Hertford,2022-07-11
5,29,6,23,0,Iredell,2022-11-07
5,41,6,35,0,Johnston,2022-09-22
5,8,6,2,0,Jones,2022-09-24
5,21,6,15,0,Lee,2022-09-07
5,23,6,17,0,Lincoln,2022-06-14
5,18,6,12,0,Lincoln,2022-06-15
5,14,6,8,0,Lincoln,2022-10-18
5,25,6,19,0,Macon,2022-07-26
5,31,6,25,0,Moore,2022-08-17
5,52,6,46,0,Nash,2022-07-29
5,16,6,10,0,Nash,2022-09-14
5,42,6,36,0,Onslow,2022-09-21
5,47,6,41,0,Orange,2022-06-24
5,60,6,54,0,Orange,2022-06-29
5,27,6,21,0,Pitt,2022-10-04
5,22,6,16,0,Pitt,2022-10-13
5,14,6,8,0,Randolph,2022-12-04
5,23,6,17,0,Richmond,2022-08-03
5,17,6,11,0,Richmond,2022-08-08
5,18,6,12,0,Robeson,2022-09-17
5,17,6,11,0,Rowan,2022-09-15
5,25,6,19,0,Rutherford,2022-06-22
5,32,6,26,0,Rutherford,2022-08-01
5,21,6,15,0,Rutherford,2022-08-24
5,12,6,6,0,Rutherford,2022-11-02
5,27,6,21,0,Stanly,2022-07-14
5,23,6,17,0,Stokes,2022-08-19
5,16,6,10,0,Stokes,2022-08-30
5,23,6,17,0,Stokes,2022-09-13
5,26,6,20,0,Stokes,2022-12-07
5,21,6,15,0,Surry,2022-12-10
5,24,6,18,0,Union,2022-11-16
5,20,6,14,0,Union,2022-12-04
5,14,6,8,0,Watauga,2022-09-28
5,23,6,17,0,Wilson,2022-06-30
5,14,6,8,0,Yadkin,2022-07-11
5,21,6,15,0,Yadkin,2022-09-16
6,11,6,5,0,Alexander,2022-09-27
6,34,6,28,0,Brunswick,2022-08-12
6,33,6,27,0,Burke,2022-08-16
6,29,6,23,0,Burke,2022-09-21
6,37,6,31,0,Cabarrus,2022-09-15
6,32,6,26,0,Caldwell,2022-09-22
6,17,6,11,0,Chatham,2022-11-08
6,15,6,9,0,Davidson,2022-11-21
6,19,6,13,0,Davidson,2022-12-01
6,42,6,36,0,Franklin,2022-06-30
6,34,6,28,0,Gaston,2022-10-25
6,36,6,30,0,Guilford,2022-11-05
6,33,6,27,0,Halifax,2022-07-14
6,27,6,21,0,Halifax,2022-08-25
6,23,6,17,0,Iredell,2022-10-28
6,46,6,40,0,Johnston,2022-09-28
6,33,6,27,0,Lenoir,2022-08-15
6,27,6,21,0,Lincoln,2022-07-10
6,14,6,8,0,Nash,2022-08-21
6,37,6,31,0,New Hanover,2022-09-20
6,55,6,49,0,Onslow,2022-06-30
6,23,6,17,0,Pender,2022-08-03
6,30,6,24,0,Pitt,2022-11-01
6,32,6,26,0,Pitt,2022-11-30
6,31,6,25,0,Rockingham,2022-07-21
6,40,6,34,0,Rockingham,2022-08-01
6,28,6,22,0,Rockingham,2022-09-01
6,16,6,10,0,Rockingham,2022-09-30
6,21,6,15,0,Rockingham,2022-11-28
6,26,6,20,0,Rowan,2022-12-09
6,30,6,24,0,Rutherford,2022-08-25
6,30,6,24,0,Stokes,2022-07-11
6,25,6,19,0,Surry,2022-12-07
6,20,6,14,0,Vance,2022-08-18
6,37,6,31,0,Watauga,2022-08-31
6,20,6,14,0,Wilkes,2022-09-03
7,40,6,34,0,Alamance,2022-09-18
7,37,6,31,0,Alamance,2022-09-28
7,29,6,23,0,Alamance,2022-10-11
7,57,6,51,0,Cabarrus,2022-08-25
7,35,6,29,0,Cabarrus,2022-11-01
7,39,6,33,0,Cabarrus,2022-11-09
7,27,6,21,0,Caldwell,2022-06-26
7,28,6,22,0,Cumberland,2022-11-11
7,44,6,38,0,Davidson,2022-06-24
7,37,6,31,0,Davidson,2022-08-06
7,15,6,9,0,Davie,2022-08-31
7,40,6,34,0,Franklin,2022-07-21
7,36,6,30,0,Franklin,2022-08-02
7,35,6,29,0,Gaston,2022-10-27
7,18,6,12,0,Greene,2022-07-28
7,31,6,25,0,Guilford,2022-10-16
7,32,6,26,0,Halifax,2022-07-08
7,30,6,24,0,Hoke,2022-08-10
7,25,6,19,0,Hoke,2022-09-04
7,29,6,23,0,Johnston,2022-08-27
7,32,6,26,0,Johnston,2022-10-12
7,24,6,18,0,Lee,2022-08-30
7,21,6,15,0,New Hanover,2022-12-09
7,18,6,12,0,Northampton,2022-07-22
7,20,6,14,0,Onslow,2022-11-07
7,39,6,33,0,Rockingham,2022-07-26
7,32,6,26,0,Rowan,2022-08-14
7,27,6,21,0,Rowan,2022-09-21
7,34,6,28,0,Rutherford,2022-07-13
7,23,6,17,0,Stanly,2022-07-17
7,30,6,24,0,Stokes,2022-08-02
7,76,6,70,0,Union,2022-06-20
8,65,6,59,0,Alamance,2022-08-15
8,25,6,19,0,Alamance,2022-10-12
8,39,6,33,0,Buncombe,2022-10-14
8,46,6,40,0,Burke,2022-08-22
8,27,6,21,0,Caldwell,2022-12-06
8,21,6,15,0,Catawba,2022-11-16
8,52,6,46,0,Cumberland,2022-09-17
8,30,6,24,0,Davidson,2022-11-14
8,37,6,31,0,Davidson,2022-12-08
8,57,6,51,0,Durham,2022-10-03
8,42,6,36,0,Forsyth,2022-09-24
8,40,6,34,0,Halifax,2022-06-20
8,26,6,20,0,Johnston,2022-11-23
8,35,6,29,0,Lee,2022-08-02
8,40,6,34,0,Lincoln,2022-08-23
8,18,6,12,0,Pitt,2022-10-19
8,15,6,9,0,Randolph,2022-11-15
8,26,6,20,0,Stanly,2022-09-20
8,23,6,17,0,Stokes,2022-09-20
8,32,6,26,0,Union,2022-09-23
8,25,6,19,0,Vance,2022-08-23
8,29,6,23,0,Wayne,2022-07-09
8,15,6,9,0,Wilson,2022-10-10
9,31,6,25,0,Beaufort,2022-07-26
9,40,6,34,0,Cabarrus,2022-09-03
9,41,6,35,0,Caldwell,2022-07-05
9,29,6,23,0,Caldwell,2022-07-15
9,50,6,44,0,Caldwell,2022-07-23
9,48,6,42,0,Durham,2022-10-10
9,51,6,45,0,Forsyth,2022-11-30
9,30,6,24,0,Franklin,2022-09-13
9,31,6,25,0,Franklin,2022-09-14
9,47,6,41,0,Harnett,2022-09-19
9,37,6,31,0,Johnston,2022-10-27
9,27,6,21,0,Nash,2022-06-29
9,25,6,19,0,Nash,2022-07-10
9,33,6,27,0,Rockingham,2022-06-29
10,31,6,25,0,Alexander,2022-07-29
10,60,6,54,0,Caldwell,2022-08-10
10,45,6,39,0,Cleveland,2022-07-07
10,64,6,58,0,Cleveland,2022-07-21
10,31,6,25,0,Cleveland,2022-12-06
10,41,6,35,0,Davidson,2022-09-28
10,39,6,33,0,Halifax,2022-08-09
10,30,6,24,0,Hoke,2022-08-09
10,26,6,20,0,Lee,2022-07-14
10,32,6,26,0,Lincoln,2022-08-03
10,49,6,43,0,Onslow,2022-09-09
10,48,6,42,0,Union,2022-09-04
11,30,6,24,0,Alamance,2022-11-22
11,37,6,31,0,Beaufort,2022-07-20
11,79,6,73,0,Johnston,2022-07-23
11,35,6,29,0,Lincoln,2022-09-07
11,39,6,33,0,Onslow,2022-10-04
12,40,6,34,0,Alamance,2022-11-30
12,39,6,33,0,Caldwell,2022-07-06
12,75,6,69,0,Forsyth,2022-08-27
12,42,6,36,0,Halifax,2022-07-26
12,32,6,26,0,Union,2022-10-05
13,53,6,47,0,Alamance,2022-08-16
13,97,6,91,0,Durham,2022-07-24
13,37,6,31,0,Rowan,2022-09-26
13,31,6,25,0,Stokes,2022-09-19
13,40,6,34,0,Surry,2022-09-13
14,43,6,37,0,Caldwell,2022-07-31
14,77,6,71,0,Durham,2022-11-29
15,65,6,59,0,Alamance,2022-08-18
15,50,6,44,0,Cleveland,2022-08-04
16,54,6,48,0,Cabarrus,2022-09-10
16,81,6,75,0,Pitt,2022-06-24
17,139,6,133,0,Durham,2022-07-08
18,86,6,80,0,Wake,2022-11-10
19,51,6,45,0,Alamance,2022-09-26
19,96,6,90,0,Pitt,2022-08-09
0,8,7,1,0,Ashe,2022-08-14
0,12,7,5,0,Ashe,2022-12-05
0,13,7,6,0,Buncombe,2022-11-24
0,10,7,3,0,Carteret,2022-08-13
0,10,7,3,0,Carteret,2022-09-16
0,12,7,5,0,Carteret,2022-12-07
0,12,7,5,0,Catawba,2022-12-04
0,16,7,9,0,Chowan,2022-08-15
0,16,7,9,0,Columbus,2022-06-22
0,7,7,0,0,Graham,2022-11-07
0,12,7,5,0,Greene,2022-07-27
0,18,7,11,0,Haywood,2022-06-22
0,11,7,4,0,Henderson,2022-06-18
0,14,7,7,0,Jackson,2022-07-11
0,14,7,7,0,Lenoir,2022-06-25
0,12,7,5,0,Moore,2022-10-23
0,8,7,1,0,Pamlico,2022-07-23
0,12,7,5,0,Pasquotank,2022-08-03
0,9,7,2,0,Pasquotank,2022-09-12
0,26,7,19,0,Pender,2022-07-13
0,16,7,9,0,Randolph,2022-10-28
0,12,7,5,0,Randolph,2022-11-17
0,11,7,4,0,Sampson,2022-06-26
0,9,7,2,0,Sampson,2022-12-05
0,11,7,4,0,Scotland,2022-08-26
0,8,7,1,0,Scotland,2022-08-28
0,9,7,2,0,Swain,2022-08-18
0,8,7,1,0,Swain,2022-11-02
0,16,7,9,0,Transylvania,2022-07-18
0,12,7,5,0,Washington,2022-06-22
0,12,7,5,0,Watauga,2022-10-17
0,18,7,11,0,Yadkin,2022-07-15
1,39,7,32,0,Alamance,2022-09-11
1,8,7,1,0,Ashe,2022-10-10
1,12,7,5,0,Bladen,2022-08-29
1,16,7,9,0,Buncombe,2022-11-26
1,18,7,11,0,Carteret,2022-09-20
1,10,7,3,0,Carteret,2022-09-29
1,7,7,0,0,Carteret,2022-10-21
1,14,7,7,0,Columbus,2022-06-16
1,16,7,9,0,Columbus,2022-09-20
1,24,7,17,0,Craven,2022-07-02
1,7,7,0,0,Currituck,2022-10-17
1,25,7,18,0,Davie,2022-09-06
1,14,7,7,0,Granville,2022-10-03
1,21,7,14,0,Harnett,2022-09-03
1,16,7,9,0,Haywood,2022-06-24
1,12,7,5,0,Haywood,2022-07-19
1,14,7,7,0,Haywood,2022-09-14
1,19,7,12,0,Henderson,2022-09-21
1,18,7,11,0,Hertford,2022-07-14
1,13,7,6,0,Hertford,2022-08-31
1,18,7,11,0,Hoke,2022-09-14
1,14,7,7,0,Lenoir,2022-08-07
1,19,7,12,0,McDowell,2022-06-20
1,30,7,23,0,Moore,2022-08-02
1,18,7,11,0,Pamlico,2022-07-26
1,14,7,7,0,Pasquotank,2022-07-08
1,15,7,8,0,Person,2022-07-14
1,8,7,1,0,Polk,2022-11-22
1,12,7,5,0,Randolph,2022-11-21
1,14,7,7,0,Richmond,2022-06-23
1,8,7,1,0,Robeson,2022-10-29
1,8,7,1,0,Robeson,2022-11-10
1,14,7,7,0,Rutherford,2022-11-29
1,10,7,3,0,Sampson,2022-09-03
1,7,7,0,0,Sampson,2022-09-05
1,13,7,6,0,Sampson,2022-09-11
1,10,7,3,0,Scotland,2022-06-18
1,10,7,3,0,Scotland,2022-06-27
1,10,7,3,0,Scotland,2022-07-16
1,14,7,7,0,Swain,2022-08-08
1,10,7,3,0,Transylvania,2022-06-14
1,8,7,1,0,Transylvania,2022-06-15
1,15,7,8,0,Transylvania,2022-07-13
1,17,7,10,0,Vance,2022-07-23
1,13,7,6,0,Vance,2022-12-09
1,17,7,10,0,Watauga,2022-06-20
1,20,7,13,0,Watauga,2022-06-27
1,17,7,10,0,Watauga,2022-08-22
1,14,7,7,0,Wayne,2022-11-04
1,11,7,4,0,Wayne,2022-11-23
1,11,7,4,0,Wilkes,2022-10-26
1,17,7,10,0,Wilson,2022-07-03
1,12,7,5,0,Wilson,2022-09-03
1,12,7,5,0,Wilson,2022-10-11
2,15,7,8,0,Alamance,2022-07-04
2,8,7,1,0,Ashe,2022-08-05
2,11,7,4,0,Ashe,2022-08-29
2,15,7,8,0,Avery,2022-07-11
2,34,7,27,0,Brunswick,2022-08-18
2,18,7,11,0,Buncombe,2022-11-13
2,22,7,15,0,Burke,2022-06-30
2,24,7,17,0,Burke,2022-09-20
2,22,7,15,0,Burke,2022-10-10
2,22,7,15,0,Cabarrus,2022-10-10
2,22,7,15,0,Carteret,2022-06-20
2,17,7,10,0,Catawba,2022-11-15
2,15,7,8,0,Columbus,2022-06-20
2,15,7,8,0,Columbus,2022-06-29
2,22,7,15,0,Columbus,2022-08-05
2,14,7,7,0,Columbus,2022-08-13
2,14,7,7,0,Davie,2022-09-15
2,16,7,9,0,Duplin,2022-09-02
2,18,7,11,0,Edgecombe,2022-09-08
2,25,7,18,0,Gaston,2022-09-30
2,10,7,3,0,Graham,2022-08-29
2,21,7,14,0,Granville,2022-08-24
2,28,7,21,0,Granville,2022-09-06
2,10,7,3,0,Halifax,2022-12-03
2,12,7,5,0,Haywood,2022-07-20
2,16,7,9,0,Haywood,2022-08-28
2,29,7,22,0,Henderson,2022-10-11
2,17,7,10,0,Henderson,2022-12-09
2,9,7,2,0,Hertford,2022-11-28
2,15,7,8,0,Hoke,2022-08-07
2,18,7,11,0,Iredell,2022-11-23
2,14,7,7,0,Jackson,2022-09-06
2,13,7,6,0,Lee,2022-07-10
2,19,7,12,0,Lenoir,2022-09-14
2,8,7,1,0,Madison,2022-12-05
2,24,7,17,0,Montgomery,2022-07-20
2,27,7,20,0,Nash,2022-06-23
2,21,7,14,0,Nash,2022-08-20
2,29,7,22,0,Orange,2022-10-17
2,9,7,2,0,Pasquotank,2022-11-06
2,21,7,14,0,Pender,2022-08-22
2,16,7,9,0,Person,2022-06-14
2,31,7,24,0,Pitt,2022-06-18
2,27,7,20,0,Pitt,2022-09-10
2,26,7,19,0,Pitt,2022-10-05
2,22,7,15,0,Pitt,2022-11-08
2,8,7,1,0,Polk,2022-07-02
2,11,7,4,0,Randolph,2022-10-26
2,16,7,9,0,Randolph,2022-11-01
2,11,7,4,0,Randolph,2022-11-10
2,26,7,19,0,Richmond,2022-06-20
2,27,7,20,0,Richmond,2022-08-17
2,11,7,4,0,Robeson,2022-10-15
2,24,7,17,0,Rockingham,2022-08-22
2,17,7,10,0,Rockingham,2022-10-04
2,12,7,5,0,Scotland,2022-06-28
2,13,7,6,0,Scotland,2022-07-20
2,23,7,16,0,Union,2022-10-14
2,16,7,9,0,Vance,2022-09-21
2,10,7,3,0,Wilkes,2022-06-19
2,10,7,3,0,Wilkes,2022-07-02
2,15,7,8,0,Wilkes,2022-08-30
2,14,7,7,0,Wilkes,2022-11-29
2,23,7,16,0,Yadkin,2022-08-03
2,13,7,6,0,Yancey,2022-07-18
3,17,7,10,0,Alexander,2022-07-13
3,11,7,4,0,Alexander,2022-10-31
3,12,7,5,0,Ashe,2022-08-02
3,18,7,11,0,Brunswick,2022-11-23
3,33,7,26,0,Burke,2022-07-05
3,33,7,26,0,Burke,2022-07-15
3,28,7,21,0,Burke,2022-09-22
3,17,7,10,0,Burke,2022-11-02
3,31,7,24,0,Cabarrus,2022-09-23
3,26,7,19,0,Cabarrus,2022-10-21
3,22,7,15,0,Cabarrus,2022-10-25
3,18,7,11,0,Caldwell,2022-11-21
3,8,7,1,0,Clay,2022-11-01
3,12,7,5,0,Columbus,2022-07-17
3,11,7,4,0,Columbus,2022-09-01
3,8,7,1,0,Columbus,2022-10-13
3,19,7,12,0,Craven,2022-07-24
3,18,7,11,0,Craven,2022-09-17
3,21,7,14,0,Craven,2022-09-27
3,32,7,25,0,Cumberland,2022-10-02
3,29,7,22,0,Davidson,2022-10-11
3,19,7,12,0,Davie,2022-07-28
3,12,7,5,0,Duplin,2022-06-15
3,15,7,8,0,Duplin,2022-08-19
3,13,7,6,0,Duplin,2022-08-25
3,10,7,3,0,Duplin,2022-11-22
3,24,7,17,0,Forsyth,2022-11-13
3,19,7,12,0,Franklin,2022-08-21
3,12,7,5,0,Franklin,2022-09-05
3,40,7,33,0,Gaston,2022-07-04
3,20,7,13,0,Granville,2022-08-15
3,19,7,12,0,Harnett,2022-09-05
3,11,7,4,0,Harnett,2022-11-15
3,12,7,5,0,Haywood,2022-08-14
3,10,7,3,0,Haywood,2022-09-29
3,30,7,23,0,Henderson,2022-11-09
3,27,7,20,0,Hoke,2022-07-29
3,19,7,12,0,Iredell,2022-09-23
3,15,7,8,0,Jackson,2022-07-06
3,14,7,7,0,Jackson,2022-07-28
3,23,7,16,0,Lee,2022-07-01
3,12,7,5,0,Lee,2022-11-30
3,33,7,26,0,Lincoln,2022-06-24
3,24,7,17,0,Lincoln,2022-07-17
3,17,7,10,0,Montgomery,2022-07-07
3,15,7,8,0,Moore,2022-08-26
3,17,7,10,0,Moore,2022-09-13
3,18,7,11,0,New Hanover,2022-10-19
3,20,7,13,0,New Hanover,2022-11-25
3,25,7,18,0,Onslow,2022-10-05
3,23,7,16,0,Onslow,2022-10-12
3,18,7,11,0,Pender,2022-08-15
3,24,7,17,0,Person,2022-07-06
3,17,7,10,0,Pitt,2022-11-09
3,19,7,12,0,Randolph,2022-06-26
3,18,7,11,0,Randolph,2022-11-23
3,12,7,5,0,Richmond,2022-06-18
3,21,7,14,0,Richmond,2022-06-24
3,15,7,8,0,Richmond,2022-07-07
3,13,7,6,0,Robeson,2022-10-02
3,15,7,8,0,Robeson,2022-11-22
3,29,7,22,0,Rockingham,2022-06-14
3,38,7,31,0,Rockingham,2022-08-17
3,12,7,5,0,Rutherford,2022-08-13
3,12,7,5,0,Sampson,2022-10-04
3,12,7,5,0,Sampson,2022-10-27
3,12,7,5,0,Scotland,2022-06-21
3,12,7,5,0,Scotland,2022-07-01
3,18,7,11,0,Stokes,2022-08-18
3,17,7,10,0,Stokes,2022-09-01
3,12,7,5,0,Surry,2022-09-22
3,18,7,11,0,Surry,2022-10-17
3,26,7,19,0,Transylvania,2022-09-06
3,30,7,23,0,Union,2022-10-07
3,12,7,5,0,Vance,2022-07-17
3,14,7,7,0,Watauga,2022-06-22
3,13,7,6,0,Wilkes,2022-07-10
3,18,7,11,0,Wilkes,2022-10-24
3,16,7,9,0,Wilkes,2022-11-03
3,21,7,14,0,Wilkes,2022-12-06
3,17,7,10,0,Wilson,2022-09-29
3,23,7,16,0,Yadkin,2022-06-29
3,15,7,8,0,Yadkin,2022-07-07
3,18,7,11,0,Yadkin,2022-08-09
3,11,7,4,0,Yadkin,2022-11-25
4,46,7,39,0,Alamance,2022-07-24
4,15,7,8,0,Alexander,2022-06-27
4,13,7,6,0,Alexander,2022-08-12
4,19,7,12,0,Anson,2022-07-05
4,8,7,1,0,Ashe,2022-09-02
4,55,7,48,0,Brunswick,2022-08-04
4,44,7,37,0,Brunswick,2022-09-07
4,40,7,33,0,Brunswick,2022-10-03
4,30,7,23,0,Buncombe,2022-09-03
4,35,7,28,0,Buncombe,2022-09-04
4,10,7,3,0,Burke,2022-12-04
4,27,7,20,0,Caldwell,2022-06-30
4,24,7,17,0,Chatham,2022-09-20
4,11,7,4,0,Cherokee,2022-10-10
4,26,7,19,0,Cleveland,2022-08-14
4,13,7,6,0,Columbus,2022-09-15
4,17,7,10,0,Craven,2022-10-03
4,17,7,10,0,Craven,2022-12-05
4,25,7,18,0,Cumberland,2022-09-30
4,31,7,24,0,Cumberland,2022-10-21
4,27,7,20,0,Davidson,2022-11-02
4,21,7,14,0,Davie,2022-07-20
4,26,7,19,0,Davie,2022-09-07
4,29,7,22,0,Edgecombe,2022-06-28
4,13,7,6,0,Edgecombe,2022-09-11
4,26,7,19,0,Edgecombe,2022-09-20
4,49,7,42,0,Forsyth,2022-11-03
4,34,7,27,0,Franklin,2022-07-11
4,49,7,42,0,Franklin,2022-07-18
4,18,7,11,0,Gaston,2022-11-26
4,35,7,28,0,Granville,2022-07-13
4,38,7,31,0,Granville,2022-07-14
4,23,7,16,0,Granville,2022-09-20
4,19,7,12,0,Harnett,2022-07-03
4,34,7,27,0,Harnett,2022-09-02
4,13,7,6,0,Harnett,2022-09-25
4,21,7,14,0,Henderson,2022-09-29
4,12,7,5,0,Henderson,2022-11-26
4,31,7,24,0,Iredell,2022-08-13
4,25,7,18,0,Iredell,2022-09-29
4,20,7,13,0,Iredell,2022-10-08
4,20,7,13,0,Iredell,2022-10-23
4,28,7,21,0,Lee,2022-08-03
4,27,7,20,0,Lee,2022-08-25
4,20,7,13,0,Lenoir,2022-08-06
4,37,7,30,0,Lincoln,2022-08-04
4,15,7,8,0,Lincoln,2022-10-24
4,16,7,9,0,McDowell,2022-07-03
4,26,7,19,0,Moore,2022-08-05
4,19,7,12,0,Moore,2022-10-25
4,12,7,5,0,Northampton,2022-06-17
4,48,7,41,0,Onslow,2022-06-25
4,39,7,32,0,Onslow,2022-11-29
4,30,7,23,0,Onslow,2022-12-06
4,46,7,39,0,Orange,2022-06-17
4,69,7,62,0,Orange,2022-07-11
4,31,7,24,0,Person,2022-07-12
4,13,7,6,0,Polk,2022-07-01
4,23,7,16,0,Randolph,2022-07-16
4,18,7,11,0,Randolph,2022-09-25
4,14,7,7,0,Rockingham,2022-12-02
4,21,7,14,0,Rowan,2022-07-30
4,17,7,10,0,Rowan,2022-10-10
4,23,7,16,0,Rowan,2022-11-14
4,14,7,7,0,Scotland,2022-06-14
4,12,7,5,0,Scotland,2022-08-12
4,11,7,4,0,Scotland,2022-09-28
4,23,7,16,0,Stokes,2022-08-05
4,18,7,11,0,Stokes,2022-12-08
4,31,7,24,0,Surry,2022-07-23
4,19,7,12,0,Surry,2022-10-31
4,56,7,49,0,Wake,2022-11-13
4,19,7,12,0,Watauga,2022-08-01
4,18,7,11,0,Wilkes,2022-09-11
4,24,7,17,0,Wilson,2022-07-16
4,14,7,7,0,Wilson,2022-10-17
4,17,7,10,0,Yadkin,2022-06-20
4,19,7,12,0,Yadkin,2022-09-15
4,14,7,7,0,Yadkin,2022-11-29
5,57,7,50,0,Alamance,2022-08-26
5,20,7,13,0,Beaufort,2022-08-03
5,51,7,44,0,Brunswick,2022-08-10
5,29,7,22,0,Buncombe,2022-09-18
5,35,7,28,0,Buncombe,2022-11-07
5,42,7,35,0,Burke,2022-07-19
5,28,7,21,0,Cabarrus,2022-09-05
5,30,7,23,0,Cabarrus,2022-10-31
5,29,7,22,0,Catawba,2022-07-17
5,21,7,14,0,Chatham,2022-09-13
5,23,7,16,0,Columbus,2022-07-01
5,12,7,5,0,Currituck,2022-10-19
5,19,7,12,0,Davidson,2022-10-21
5,28,7,21,0,Davidson,2022-11-30
5,26,7,19,0,Davie,2022-07-19
5,101,7,94,0,Durham,2022-06-25
5,50,7,43,0,Forsyth,2022-06-19
5,42,7,35,0,Franklin,2022-06-21
5,23,7,16,0,Franklin,2022-07-02
5,37,7,30,0,Franklin,2022-07-25
5,29,7,22,0,Granville,2022-06-22
5,29,7,22,0,Halifax,2022-08-19
5,33,7,26,0,Henderson,2022-08-10
5,23,7,16,0,Hoke,2022-08-30
5,46,7,39,0,Johnston,2022-08-14
5,13,7,6,0,Lee,2022-09-29
5,34,7,27,0,Moore,2022-06-24
5,34,7,27,0,Nash,2022-08-24
5,29,7,22,0,New Hanover,2022-10-03
5,54,7,47,0,Orange,2022-08-03
5,57,7,50,0,Orange,2022-08-24
5,12,7,5,0,Perquimans,2022-07-21
5,33,7,26,0,Person,2022-07-22
5,23,7,16,0,Richmond,2022-07-08
5,11,7,4,0,Scotland,2022-09-08
5,15,7,8,0,Surry,2022-09-23
5,19,7,12,0,Surry,2022-11-01
5,33,7,26,0,Surry,2022-11-29
5,18,7,11,0,Wilkes,2022-08-06
5,13,7,6,0,Yadkin,2022-07-08
5,11,7,4,0,Yancey,2022-07-08
6,23,7,16,0,Alexander,2022-08-08
6,42,7,35,0,Brunswick,2022-07-01
6,44,7,37,0,Brunswick,2022-08-17
6,36,7,29,0,Brunswick,2022-09-22
6,32,7,25,0,Burke,2022-09-18
6,43,7,36,0,Cabarrus,2022-06-18
6,23,7,16,0,Caldwell,2022-10-03
6,28,7,21,0,Catawba,2022-06-18
6,31,7,24,0,Catawba,2022-09-18
6,31,7,24,0,Chatham,2022-07-07
6,34,7,27,0,Cleveland,2022-06-20
6,25,7,18,0,Craven,2022-10-10
6,55,7,48,0,Gaston,2022-09-08
6,42,7,35,0,Gaston,2022-09-28
6,18,7,11,0,Halifax,2022-08-07
6,29,7,22,0,Harnett,2022-08-12
6,34,7,27,0,Harnett,2022-09-27
6,15,7,8,0,Iredell,2022-12-03
6,22,7,15,0,Johnston,2022-10-25
6,16,7,9,0,Lee,2022-07-15
6,24,7,17,0,Lincoln,2022-12-06
6,27,7,20,0,Lincoln,2022-12-09
6,22,7,15,0,McDowell,2022-07-14
6,69,7,62,0,Orange,2022-07-12
6,35,7,28,0,Pitt,2022-07-02
6,38,7,31,0,Pitt,2022-09-23
6,29,7,22,0,Pitt,2022-10-17
6,17,7,10,0,Randolph,2022-10-16
6,18,7,11,0,Robeson,2022-10-07
6,36,7,29,0,Rockingham,2022-07-15
6,35,7,28,0,Rockingham,2022-08-02
6,25,7,18,0,Rowan,2022-06-26
6,37,7,30,0,Rutherford,2022-07-05
6,26,7,19,0,Rutherford,2022-07-20
6,24,7,17,0,Stokes,2022-06-20
6,30,7,23,0,Union,2022-10-13
6,30,7,23,0,Wilson,2022-06-15
6,23,7,16,0,Yadkin,2022-07-12
6,27,7,20,0,Yadkin,2022-07-18
7,24,7,17,0,Beaufort,2022-09-19
7,15,7,8,0,Brunswick,2022-11-25
7,54,7,47,0,Burke,2022-08-04
7,32,7,25,0,Caldwell,2022-08-26
7,24,7,17,0,Cleveland,2022-12-05
7,33,7,26,0,Edgecombe,2022-07-12
7,65,7,58,0,Gaston,2022-07-10
7,56,7,49,0,Gaston,2022-08-20
7,37,7,30,0,Gaston,2022-09-26
7,37,7,30,0,Gaston,2022-12-01
7,45,7,38,0,Guilford,2022-10-23
7,54,7,47,0,Guilford,2022-11-04
7,17,7,10,0,Halifax,2022-07-17
7,36,7,29,0,Halifax,2022-08-02
7,18,7,11,0,Henderson,2022-09-30
7,21,7,14,0,Lincoln,2022-09-16
7,33,7,26,0,Pitt,2022-06-25
7,24,7,17,0,Richmond,2022-07-20
7,48,7,41,0,Rowan,2022-06-29
7,33,7,26,0,Rutherford,2022-07-18
7,64,7,57,0,Union,2022-07-09
7,36,7,29,0,Union,2022-10-31
8,48,7,41,0,Alamance,2022-10-03
8,23,7,16,0,Alamance,2022-11-25
8,41,7,34,0,Cabarrus,2022-09-26
8,42,7,35,0,Cabarrus,2022-12-06
8,58,7,51,0,Caldwell,2022-08-03
8,52,7,45,0,Cleveland,2022-07-05
8,33,7,26,0,Cumberland,2022-12-03
8,38,7,31,0,Johnston,2022-09-17
8,25,7,18,0,Johnston,2022-11-03
8,38,7,31,0,Johnston,2022-11-30
8,16,7,9,0,Lee,2022-08-17
8,23,7,16,0,Lee,2022-08-18
8,33,7,26,0,Lincoln,2022-07-30
8,33,7,26,0,Rockingham,2022-08-24
8,36,7,29,0,Rockingham,2022-08-30
8,36,7,29,0,Rowan,2022-09-22
8,32,7,25,0,Rutherford,2022-07-22
8,20,7,13,0,Vance,2022-09-01
8,27,7,20,0,Watauga,2022-09-08
8,17,7,10,0,Wayne,2022-12-01
9,34,7,27,0,Beaufort,2022-08-01
9,29,7,22,0,Bladen,2022-07-18
9,42,7,35,0,Cabarrus,2022-12-07
9,32,7,25,0,Caldwell,2022-07-10
9,40,7,33,0,Caldwell,2022-09-26
9,42,7,35,0,Cleveland,2022-08-17
9,108,7,101,0,Durham,2022-06-18
9,40,7,33,0,Harnett,2022-06-14
9,29,7,22,0,Lincoln,2022-09-13
9,48,7,41,0,Nash,2022-07-25
9,65,7,58,0,Pitt,2022-08-12
9,82,7,75,0,Pitt,2022-08-22
9,50,7,43,0,Union,2022-09-15
9,20,7,13,0,Vance,2022-08-11
9,31,7,24,0,Wayne,2022-08-07
10,76,7,69,0,Alamance,2022-08-02
10,34,7,27,0,Alamance,2022-10-04
10,50,7,43,0,Beaufort,2022-07-18
10,41,7,34,0,Buncombe,2022-11-02
10,36,7,29,0,Cabarrus,2022-11-07
10,33,7,26,0,Davidson,2022-12-09
10,42,7,35,0,Forsyth,2022-12-03
10,30,7,23,0,Johnston,2022-11-01
10,31,7,24,0,Lee,2022-06-14
10,32,7,25,0,Rowan,2022-06-23
10,39,7,32,0,Rowan,2022-11-29
10,46,7,39,0,Union,2022-08-06
10,55,7,48,0,Union,2022-08-20
10,76,7,69,0,Wake,2022-10-23
11,41,7,34,0,Forsyth,2022-11-23
11,34,7,27,0,Hoke,2022-09-12
11,53,7,46,0,Rowan,2022-07-01
11,35,7,28,0,Vance,2022-09-06
12,70,7,63,0,Cabarrus,2022-08-23
12,41,7,34,0,Caldwell,2022-07-13
12,68,7,61,0,Caldwell,2022-09-07
12,79,7,72,0,Durham,2022-09-16
12,52,7,45,0,Gaston,2022-09-13
12,51,7,44,0,Onslow,2022-09-27
12,77,7,70,0,Union,2022-08-16
12,15,7,8,0,Yadkin,2022-09-19
13,45,7,38,0,Caldwell,2022-08-18
13,94,7,87,0,Durham,2022-08-13
13,29,7,22,0,Lee,2022-08-22
13,67,7,60,0,Onslow,2022-09-13
13,54,7,47,0,Rowan,2022-08-26
13,73,7,66,0,Wake,2022-11-12
14,82,7,75,0,Cabarrus,2022-08-03
14,41,7,34,0,Cleveland,2022-07-17
14,63,7,56,0,Davidson,2022-09-20
14,52,7,45,0,Johnston,2022-08-07
14,51,7,44,0,Rowan,2022-08-18
15,72,7,65,0,Alamance,2022-07-08
16,72,7,65,0,Alamance,2022-08-22
16,107,7,100,0,Mecklenburg,2022-09-25
16,51,7,44,0,Stanly,2022-07-26
17,61,7,54,0,Gaston,2022-06-26
17,59,7,52,0,Gaston,2022-09-01
18,37,7,30,0,Stanly,2022-09-12
19,96,7,89,0,Forsyth,2022-08-13
20,186,7,179,0,Durham,2022-07-26
20,86,7,79,0,Pitt,2022-06-16
20,75,7,68,0,Rowan,2022-08-24
21,99,7,92,0,Pitt,2022-06-15
35,192,7,185,0,Durham,2022-07-19
0,15,8,7,0,Carteret,2022-09-08
0,13,8,5,0,Carteret,2022-10-26
0,36,8,28,0,Guilford,2022-11-13
0,24,8,16,0,Hoke,2022-07-12
0,19,8,11,0,Iredell,2022-11-03
0,15,8,7,0,Jackson,2022-08-23
0,17,8,9,0,Onslow,2022-10-18
0,10,8,2,0,Perquimans,2022-07-15
0,13,8,5,0,Person,2022-09-19
0,21,8,13,0,Randolph,2022-08-06
0,11,8,3,0,Sampson,2022-06-18
0,11,8,3,0,Sampson,2022-07-04
0,12,8,4,0,Swain,2022-08-22
0,10,8,2,0,Transylvania,2022-07-10
0,14,8,6,0,Watauga,2022-07-01
1,12,8,4,0,Ashe,2022-08-10
1,14,8,6,0,Catawba,2022-09-29
1,17,8,9,0,Craven,2022-09-05
1,10,8,2,0,Davie,2022-10-17
1,23,8,15,0,Halifax,2022-10-10
1,14,8,6,0,Haywood,2022-06-30
1,12,8,4,0,Haywood,2022-07-23
1,15,8,7,0,Haywood,2022-07-31
1,14,8,6,0,Haywood,2022-08-17
1,13,8,5,0,Haywood,2022-10-13
1,14,8,6,0,Haywood,2022-11-04
1,24,8,16,0,Henderson,2022-08-22
1,14,8,6,0,Henderson,2022-11-25
1,20,8,12,0,Hoke,2022-06-15
1,22,8,14,0,Lee,2022-06-20
1,13,8,5,0,Lee,2022-06-25
1,20,8,12,0,Lee,2022-12-08
1,13,8,5,0,Macon,2022-06-28
1,12,8,4,0,Moore,2022-11-14
1,13,8,5,0,New Hanover,2022-11-20
1,16,8,8,0,Person,2022-06-20
1,10,8,2,0,Polk,2022-11-17
1,16,8,8,0,Randolph,2022-06-18
1,12,8,4,0,Randolph,2022-11-04
1,13,8,5,0,Sampson,2022-08-27
1,14,8,6,0,Stokes,2022-09-05
1,17,8,9,0,Transylvania,2022-07-11
1,18,8,10,0,Transylvania,2022-08-22
1,11,8,3,0,Wilkes,2022-06-18
1,11,8,3,0,Wilkes,2022-07-16
1,12,8,4,0,Wilson,2022-10-09
1,12,8,4,0,Yancey,2022-06-17
2,11,8,3,0,Ashe,2022-08-15
2,11,8,3,0,Bladen,2022-12-05
2,43,8,35,0,Brunswick,2022-07-03
2,17,8,9,0,Brunswick,2022-09-05
2,29,8,21,0,Buncombe,2022-11-11
2,24,8,16,0,Carteret,2022-07-15
2,14,8,6,0,Carteret,2022-08-18
2,17,8,9,0,Carteret,2022-09-09
2,9,8,1,0,Carteret,2022-10-24
2,10,8,2,0,Clay,2022-07-25
2,14,8,6,0,Columbus,2022-06-14
2,16,8,8,0,Columbus,2022-06-15
2,16,8,8,0,Columbus,2022-06-30
2,11,8,3,0,Columbus,2022-07-04
2,11,8,3,0,Duplin,2022-11-21
2,16,8,8,0,Halifax,2022-11-28
2,14,8,6,0,Halifax,2022-12-06
2,17,8,9,0,Henderson,2022-06-19
2,26,8,18,0,Henderson,2022-09-02
2,22,8,14,0,Henderson,2022-09-04
2,14,8,6,0,Henderson,2022-10-30
2,22,8,14,0,Henderson,2022-12-07
2,31,8,23,0,Hoke,2022-06-20
2,13,8,5,0,Jackson,2022-11-03
2,21,8,13,0,Lee,2022-07-31
2,20,8,12,0,Lee,2022-09-22
2,24,8,16,0,Lenoir,2022-07-07
2,17,8,9,0,Martin,2022-07-13
2,17,8,9,0,Montgomery,2022-07-29
2,18,8,10,0,New Hanover,2022-10-20
2,10,8,2,0,Northampton,2022-06-20
2,12,8,4,0,Pamlico,2022-07-11
2,12,8,4,0,Pasquotank,2022-07-18
2,15,8,7,0,Pasquotank,2022-08-01
2,9,8,1,0,Pasquotank,2022-09-01
2,10,8,2,0,Pasquotank,2022-09-06
2,9,8,1,0,Pasquotank,2022-11-02
2,20,8,12,0,Pitt,2022-10-31
2,12,8,4,0,Polk,2022-06-27
2,34,8,26,0,Rockingham,2022-06-20
2,20,8,12,0,Sampson,2022-10-24
2,20,8,12,0,Scotland,2022-07-05
2,11,8,3,0,Scotland,2022-07-23
2,12,8,4,0,Scotland,2022-08-09
2,10,8,2,0,Scotland,2022-08-19
2,11,8,3,0,Scotland,2022-09-13
2,10,8,2,0,Stokes,2022-11-26
2,17,8,9,0,Surry,2022-09-14
2,16,8,8,0,Swain,2022-08-03
2,15,8,7,0,Transylvania,2022-06-23
2,11,8,3,0,Transylvania,2022-06-30
2,16,8,8,0,Transylvania,2022-07-27
2,30,8,22,0,Vance,2022-08-01
2,14,8,6,0,Watauga,2022-12-05
2,18,8,10,0,Wayne,2022-10-31
2,14,8,6,0,Yadkin,2022-10-05
3,8,8,0,0,Alleghany,2022-09-30
3,36,8,28,0,Brunswick,2022-06-19
3,35,8,27,0,Brunswick,2022-07-16
3,27,8,19,0,Brunswick,2022-10-04
3,24,8,16,0,Buncombe,2022-11-17
3,43,8,35,0,Burke,2022-09-01
3,19,8,11,0,Carteret,2022-08-09
3,27,8,19,0,Columbus,2022-07-07
3,20,8,12,0,Columbus,2022-07-29
3,9,8,1,0,Columbus,2022-09-27
3,28,8,20,0,Davidson,2022-11-01
3,15,8,7,0,Duplin,2022-08-27
3,75,8,67,0,Forsyth,2022-06-18
3,9,8,1,0,Graham,2022-08-15
3,15,8,7,0,Halifax,2022-06-30
3,14,8,6,0,Halifax,2022-09-29
3,33,8,25,0,Harnett,2022-06-21
3,21,8,13,0,Haywood,2022-08-02
3,21,8,13,0,Haywood,2022-09-02
3,31,8,23,0,Henderson,2022-06-16
3,19,8,11,0,Iredell,2022-09-17
3,21,8,13,0,Iredell,2022-10-14
3,22,8,14,0,Lee,2022-08-16
3,20,8,12,0,Lee,2022-09-12
3,15,8,7,0,Lenoir,2022-09-16
3,19,8,11,0,Macon,2022-06-15
3,13,8,5,0,Mitchell,2022-07-18
3,9,8,1,0,Mitchell,2022-08-01
3,20,8,12,0,Moore,2022-08-27
3,20,8,12,0,Moore,2022-10-03
3,17,8,9,0,Moore,2022-11-07
3,18,8,10,0,New Hanover,2022-11-23
3,33,8,25,0,Pender,2022-07-11
3,19,8,11,0,Pender,2022-08-12
3,19,8,11,0,Randolph,2022-06-19
3,15,8,7,0,Randolph,2022-09-03
3,17,8,9,0,Richmond,2022-09-26
3,13,8,5,0,Robeson,2022-11-08
3,26,8,18,0,Rockingham,2022-06-25
3,17,8,9,0,Sampson,2022-06-24
3,15,8,7,0,Sampson,2022-07-31
3,9,8,1,0,Scotland,2022-06-25
3,13,8,5,0,Scotland,2022-07-21
3,16,8,8,0,Transylvania,2022-09-13
3,12,8,4,0,Transylvania,2022-09-16
3,22,8,14,0,Watauga,2022-08-24
3,15,8,7,0,Wilkes,2022-11-02
3,25,8,17,0,Wilson,2022-09-21
4,14,8,6,0,Ashe,2022-08-01
4,15,8,7,0,Beaufort,2022-09-17
4,30,8,22,0,Bladen,2022-07-20
4,35,8,27,0,Brunswick,2022-07-02
4,43,8,35,0,Brunswick,2022-09-19
4,31,8,23,0,Cabarrus,2022-09-27
4,36,8,28,0,Caldwell,2022-06-21
4,37,8,29,0,Catawba,2022-08-20
4,15,8,7,0,Catawba,2022-10-23
4,11,8,3,0,Cherokee,2022-10-06
4,17,8,9,0,Columbus,2022-07-13
4,15,8,7,0,Columbus,2022-08-24
4,19,8,11,0,Craven,2022-08-13
4,26,8,18,0,Davidson,2022-11-25
4,19,8,11,0,Davie,2022-06-14
4,26,8,18,0,Davie,2022-07-21
4,20,8,12,0,Davie,2022-07-22
4,20,8,12,0,Duplin,2022-08-23
4,15,8,7,0,Duplin,2022-09-20
4,38,8,30,0,Gaston,2022-09-16
4,28,8,20,0,Gaston,2022-10-04
4,31,8,23,0,Gaston,2022-12-04
4,30,8,22,0,Harnett,2022-08-07
4,24,8,16,0,Harnett,2022-10-04
4,20,8,12,0,Harnett,2022-10-25
4,13,8,5,0,Haywood,2022-08-16
4,22,8,14,0,Haywood,2022-11-21
4,33,8,25,0,Iredell,2022-08-20
4,33,8,25,0,Iredell,2022-10-24
4,22,8,14,0,Jackson,2022-08-03
4,28,8,20,0,Johnston,2022-09-25
4,24,8,16,0,Lee,2022-06-21
4,14,8,6,0,Lee,2022-07-02
4,20,8,12,0,Lenoir,2022-09-21
4,14,8,6,0,Montgomery,2022-08-05
4,38,8,30,0,Moore,2022-06-20
4,24,8,16,0,Moore,2022-10-12
4,14,8,6,0,Moore,2022-10-21
4,40,8,32,0,Nash,2022-08-09
4,31,8,23,0,Nash,2022-08-16
4,81,8,73,0,Orange,2022-06-28
4,17,8,9,0,Pitt,2022-11-10
4,11,8,3,0,Polk,2022-07-05
4,23,8,15,0,Richmond,2022-07-13
4,20,8,12,0,Robeson,2022-10-04
4,12,8,4,0,Robeson,2022-12-03
4,12,8,4,0,Sampson,2022-09-29
4,19,8,11,0,Scotland,2022-06-20
4,13,8,5,0,Scotland,2022-08-31
4,34,8,26,0,Vance,2022-07-27
4,12,8,4,0,Wilkes,2022-11-25
4,20,8,12,0,Wilson,2022-08-07
5,9,8,1,0,Alleghany,2022-08-05
5,29,8,21,0,Beaufort,2022-08-05
5,20,8,12,0,Bladen,2022-09-06
5,63,8,55,0,Brunswick,2022-06-20
5,28,8,20,0,Brunswick,2022-09-10
5,30,8,22,0,Cabarrus,2022-09-25
5,25,8,17,0,Cabarrus,2022-11-23
5,12,8,4,0,Catawba,2022-11-17
5,23,8,15,0,Chatham,2022-09-21
5,26,8,18,0,Chatham,2022-09-22
5,21,8,13,0,Cleveland,2022-08-13
5,28,8,20,0,Columbus,2022-07-22
5,21,8,13,0,Columbus,2022-09-08
5,52,8,44,0,Cumberland,2022-10-04
5,39,8,31,0,Cumberland,2022-11-26
5,47,8,39,0,Davidson,2022-06-15
5,83,8,75,0,Durham,2022-07-10
5,92,8,84,0,Forsyth,2022-08-28
5,26,8,18,0,Franklin,2022-08-23
5,38,8,30,0,Franklin,2022-08-29
5,32,8,24,0,Granville,2022-06-27
5,26,8,18,0,Halifax,2022-08-23
5,33,8,25,0,Halifax,2022-09-06
5,29,8,21,0,Hoke,2022-07-15
5,39,8,31,0,Johnston,2022-06-25
5,41,8,33,0,Lincoln,2022-07-21
5,18,8,10,0,Macon,2022-07-21
5,10,8,2,0,Martin,2022-09-16
5,29,8,21,0,Moore,2022-06-22
5,17,8,9,0,Moore,2022-09-03
5,24,8,16,0,Nash,2022-07-01
5,25,8,17,0,Nash,2022-09-16
5,24,8,16,0,Nash,2022-09-27
5,38,8,30,0,New Hanover,2022-06-18
5,50,8,42,0,New Hanover,2022-08-22
5,14,8,6,0,Pasquotank,2022-07-20
5,26,8,18,0,Pender,2022-07-28
5,34,8,26,0,Pitt,2022-09-29
5,27,8,19,0,Pitt,2022-10-12
5,20,8,12,0,Randolph,2022-08-27
5,17,8,9,0,Randolph,2022-12-03
5,17,8,9,0,Richmond,2022-06-14
5,27,8,19,0,Richmond,2022-07-29
5,19,8,11,0,Robeson,2022-10-11
5,30,8,22,0,Rockingham,2022-09-26
5,29,8,21,0,Rutherford,2022-07-24
5,19,8,11,0,Rutherford,2022-09-19
5,10,8,2,0,Sampson,2022-12-07
5,10,8,2,0,Scotland,2022-10-31
5,21,8,13,0,Stokes,2022-07-07
5,31,8,23,0,Stokes,2022-07-26
5,27,8,19,0,Stokes,2022-07-29
5,32,8,24,0,Union,2022-10-06
5,33,8,25,0,Vance,2022-07-08
5,27,8,19,0,Vance,2022-08-25
5,19,8,11,0,Wilkes,2022-07-17
5,19,8,11,0,Wilson,2022-09-01
5,19,8,11,0,Wilson,2022-09-09
5,19,8,11,0,Wilson,2022-09-22
5,19,8,11,0,Yadkin,2022-09-14
6,32,8,24,0,Burke,2022-07-21
6,42,8,34,0,Burke,2022-09-15
6,46,8,38,0,Cumberland,2022-11-16
6,45,8,37,0,Granville,2022-07-11
6,32,8,24,0,Harnett,2022-07-02
6,35,8,27,0,Harnett,2022-08-17
6,29,8,21,0,Harnett,2022-08-26
6,30,8,22,0,Hoke,2022-06-14
6,25,8,17,0,Hoke,2022-06-22
6,28,8,20,0,Johnston,2022-11-02
6,28,8,20,0,Lenoir,2022-06-29
6,16,8,8,0,Lenoir,2022-09-09
6,21,8,13,0,Lincoln,2022-09-27
6,33,8,25,0,Moore,2022-09-26
6,18,8,10,0,Nash,2022-10-12
6,28,8,20,0,New Hanover,2022-10-05
6,54,8,46,0,Onslow,2022-09-26
6,27,8,19,0,Person,2022-08-09
6,20,8,12,0,Randolph,2022-10-13
6,39,8,31,0,Rowan,2022-06-24
6,41,8,33,0,Rowan,2022-09-12
6,35,8,27,0,Rowan,2022-12-07
6,24,8,16,0,Stokes,2022-07-21
6,23,8,15,0,Stokes,2022-09-16
6,18,8,10,0,Surry,2022-10-05
6,20,8,12,0,Yadkin,2022-08-31
7,34,8,26,0,Alamance,2022-09-04
7,46,8,38,0,Brunswick,2022-08-25
7,57,8,49,0,Brunswick,2022-08-29
7,26,8,18,0,Buncombe,2022-09-30
7,43,8,35,0,Caldwell,2022-08-25
7,41,8,33,0,Caldwell,2022-09-02
7,57,8,49,0,Cumberland,2022-08-27
7,23,8,15,0,Granville,2022-09-13
7,36,8,28,0,Hoke,2022-07-20
7,40,8,32,0,Johnston,2022-08-20
7,33,8,25,0,Lenoir,2022-08-29
7,38,8,30,0,McDowell,2022-09-12
7,23,8,15,0,Moore,2022-09-23
7,20,8,12,0,New Hanover,2022-10-06
7,40,8,32,0,New Hanover,2022-11-28
7,25,8,17,0,Pitt,2022-11-15
7,37,8,29,0,Rowan,2022-08-07
7,26,8,18,0,Rutherford,2022-08-29
7,34,8,26,0,Stanly,2022-09-16
7,31,8,23,0,Surry,2022-07-17
7,23,8,15,0,Union,2022-11-04
8,41,8,33,0,Beaufort,2022-07-21
8,39,8,31,0,Cleveland,2022-06-24
8,19,8,11,0,Columbus,2022-07-28
8,54,8,46,0,Durham,2022-10-13
8,48,8,40,0,Forsyth,2022-10-28
8,32,8,24,0,Granville,2022-07-28
8,46,8,38,0,Harnett,2022-06-20
8,37,8,29,0,Henderson,2022-10-03
8,22,8,14,0,Lincoln,2022-09-09
8,21,8,13,0,Robeson,2022-10-27
8,33,8,25,0,Rockingham,2022-07-28
8,39,8,31,0,Rockingham,2022-08-29
8,19,8,11,0,Rockingham,2022-11-29
8,52,8,44,0,Union,2022-06-16
8,62,8,54,0,Union,2022-08-24
8,39,8,31,0,Union,2022-10-26
8,50,8,42,0,Union,2022-12-02
8,17,8,9,0,Wayne,2022-09-03
8,24,8,16,0,Wilkes,2022-08-05
8,21,8,13,0,Wilkes,2022-09-19
8,22,8,14,0,Yadkin,2022-08-15
9,70,8,62,0,Alamance,2022-07-14
9,68,8,60,0,Alamance,2022-09-20
9,41,8,33,0,Brunswick,2022-08-06
9,43,8,35,0,Caldwell,2022-07-08
9,49,8,41,0,Caldwell,2022-09-01
9,51,8,43,0,Chatham,2022-07-25
9,34,8,26,0,Cleveland,2022-06-29
9,75,8,67,0,Durham,2022-08-07
9,74,8,66,0,Durham,2022-08-14
9,45,8,37,0,Forsyth,2022-10-14
9,41,8,33,0,Forsyth,2022-11-25
9,54,8,46,0,Forsyth,2022-12-02
9,38,8,30,0,Harnett,2022-07-31
9,31,8,23,0,Lenoir,2022-07-12
9,32,8,24,0,Rutherford,2022-07-06
9,49,8,41,0,Union,2022-11-29
10,51,8,43,0,Alamance,2022-08-19
10,47,8,39,0,Alamance,2022-08-28
10,52,8,44,0,Cleveland,2022-07-13
10,42,8,34,0,Granville,2022-07-20
10,48,8,40,0,Johnston,2022-10-03
10,42,8,34,0,Nash,2022-07-19
10,48,8,40,0,Nash,2022-08-10
10,79,8,71,0,Pitt,2022-06-23
10,48,8,40,0,Pitt,2022-11-28
10,40,8,32,0,Rockingham,2022-07-18
10,40,8,32,0,Rockingham,2022-09-12
10,41,8,33,0,Stanly,2022-08-08
10,55,8,47,0,Union,2022-12-05
11,51,8,43,0,Brunswick,2022-06-26
11,50,8,42,0,Caldwell,2022-08-04
11,52,8,44,0,Cleveland,2022-08-11
11,60,8,52,0,Cleveland,2022-08-22
11,35,8,27,0,Edgecombe,2022-09-06
11,35,8,27,0,Halifax,2022-07-20
11,50,8,42,0,Pitt,2022-07-23
11,19,8,11,0,Wilson,2022-10-03
12,46,8,38,0,Buncombe,2022-10-13
12,48,8,40,0,Caldwell,2022-08-02
12,65,8,57,0,Gaston,2022-06-18
12,45,8,37,0,Gaston,2022-09-19
13,61,8,53,0,Cabarrus,2022-06-19
13,65,8,57,0,Cleveland,2022-07-12
13,62,8,54,0,Davidson,2022-07-23
14,93,8,85,0,Durham,2022-08-26
14,53,8,45,0,Rowan,2022-06-30
15,59,8,51,0,Burke,2022-08-15
15,73,8,65,0,Durham,2022-08-27
16,81,8,73,0,Rowan,2022-08-22
16,90,8,82,0,Union,2022-08-12
17,80,8,72,0,Durham,2022-09-01
18,103,8,95,0,Onslow,2022-07-13
20,108,8,100,0,Wake,2022-09-24
24,81,8,73,0,Onslow,2022-06-15
27,81,8,73,0,Union,2022-08-15
0,20,9,11,0,Duplin,2022-07-01
0,16,9,7,0,Haywood,2022-10-26
0,14,9,5,0,Madison,2022-06-27
0,34,9,25,0,Moore,2022-07-07
0,19,9,10,0,Moore,2022-09-17
0,13,9,4,0,Scotland,2022-07-15
0,12,9,3,0,Transylvania,2022-07-08
1,39,9,30,0,Brunswick,2022-07-17
1,17,9,8,0,Carteret,2022-09-19
1,17,9,8,0,Carteret,2022-09-23
1,11,9,2,0,Carteret,2022-09-24
1,23,9,14,0,Craven,2022-08-31
1,18,9,9,0,Craven,2022-09-15
1,20,9,11,0,Granville,2022-09-23
1,19,9,10,0,Haywood,2022-06-23
1,15,9,6,0,Haywood,2022-07-17
1,12,9,3,0,Haywood,2022-07-24
1,24,9,15,0,Haywood,2022-08-08
1,25,9,16,0,Haywood,2022-08-31
1,12,9,3,0,Jackson,2022-08-31
1,17,9,8,0,Jackson,2022-09-01
1,45,9,36,0,Johnston,2022-08-21
1,15,9,6,0,Lee,2022-07-30
1,19,9,10,0,Montgomery,2022-08-02
1,10,9,1,0,Moore,2022-08-20
1,13,9,4,0,Pasquotank,2022-07-26
1,11,9,2,0,Polk,2022-11-16
1,14,9,5,0,Sampson,2022-07-01
1,15,9,6,0,Scotland,2022-06-23
1,14,9,5,0,Scotland,2022-08-08
1,21,9,12,0,Transylvania,2022-07-07
1,16,9,7,0,Wayne,2022-10-11
1,16,9,7,0,Wayne,2022-10-12
1,14,9,5,0,Yancey,2022-07-20
2,49,9,40,0,Buncombe,2022-06-18
2,44,9,35,0,Buncombe,2022-10-11
2,37,9,28,0,Burke,2022-07-22
2,23,9,14,0,Burke,2022-10-31
2,19,9,10,0,Carteret,2022-09-26
2,32,9,23,0,Catawba,2022-09-04
2,22,9,13,0,Columbus,2022-08-03
2,19,9,10,0,Davidson,2022-11-16
2,15,9,6,0,Duplin,2022-09-09
2,12,9,3,0,Duplin,2022-09-21
2,27,9,18,0,Gaston,2022-11-16
2,11,9,2,0,Graham,2022-09-05
2,27,9,18,0,Granville,2022-06-23
2,23,9,14,0,Granville,2022-06-30
2,39,9,30,0,Guilford,2022-11-19
2,17,9,8,0,Haywood,2022-08-05
2,11,9,2,0,Haywood,2022-09-27
2,27,9,18,0,Henderson,2022-08-12
2,22,9,13,0,Henderson,2022-10-14
2,23,9,14,0,Henderson,2022-10-26
2,13,9,4,0,Henderson,2022-11-10
2,18,9,9,0,Henderson,2022-12-06
2,19,9,10,0,Henderson,2022-12-08
2,19,9,10,0,Johnston,2022-11-22
2,24,9,15,0,Lee,2022-07-06
2,17,9,8,0,Lee,2022-07-17
2,33,9,24,0,Lincoln,2022-06-28
2,28,9,19,0,Moore,2022-07-24
2,17,9,8,0,Moore,2022-10-02
2,15,9,6,0,Moore,2022-10-14
2,17,9,8,0,Moore,2022-10-26
2,17,9,8,0,Moore,2022-10-31
2,19,9,10,0,New Hanover,2022-11-27
2,15,9,6,0,Randolph,2022-10-01
2,22,9,13,0,Randolph,2022-10-14
2,15,9,6,0,Randolph,2022-10-19
2,29,9,20,0,Rockingham,2022-06-22
2,12,9,3,0,Sampson,2022-08-21
2,15,9,6,0,Sampson,2022-10-03
2,15,9,6,0,Scotland,2022-07-14
2,18,9,9,0,Transylvania,2022-08-01
2,21,9,12,0,Vance,2022-06-20
2,22,9,13,0,Vance,2022-08-22
2,19,9,10,0,Wayne,2022-10-27
2,12,9,3,0,Wilson,2022-10-31
2,14,9,5,0,Yadkin,2022-07-10
2,23,9,14,0,Yadkin,2022-09-10
2,10,9,1,0,Yancey,2022-09-15
3,21,9,12,0,Alexander,2022-07-21
3,23,9,14,0,Alexander,2022-07-26
3,18,9,9,0,Alexander,2022-08-19
3,34,9,25,0,Buncombe,2022-10-12
3,31,9,22,0,Burke,2022-07-11
3,44,9,35,0,Burke,2022-07-12
3,18,9,9,0,Burke,2022-11-04
3,23,9,14,0,Cabarrus,2022-11-27
3,12,9,3,0,Columbus,2022-06-23
3,28,9,19,0,Craven,2022-06-24
3,29,9,20,0,Craven,2022-07-09
3,18,9,9,0,Franklin,2022-07-09
3,27,9,18,0,Granville,2022-07-19
3,32,9,23,0,Harnett,2022-06-29
3,13,9,4,0,Haywood,2022-06-21
3,10,9,1,0,Haywood,2022-06-26
3,11,9,2,0,Haywood,2022-10-24
3,21,9,12,0,Henderson,2022-06-23
3,26,9,17,0,Hoke,2022-06-23
3,32,9,23,0,Hoke,2022-07-05
3,20,9,11,0,Iredell,2022-11-16
3,29,9,20,0,Lee,2022-07-26
3,18,9,9,0,Lee,2022-08-06
3,17,9,8,0,Lee,2022-08-07
3,25,9,16,0,Lee,2022-08-23
3,20,9,11,0,Lenoir,2022-06-30
3,16,9,7,0,Lenoir,2022-07-17
3,28,9,19,0,Lenoir,2022-07-22
3,16,9,7,0,Lenoir,2022-07-31
3,23,9,14,0,Lenoir,2022-09-06
3,20,9,11,0,Macon,2022-07-28
3,16,9,7,0,Montgomery,2022-08-03
3,18,9,9,0,Moore,2022-07-03
3,31,9,22,0,Moore,2022-08-08
3,21,9,12,0,Moore,2022-10-24
3,20,9,11,0,New Hanover,2022-12-05
3,33,9,24,0,Pender,2022-08-02
3,25,9,16,0,Person,2022-06-27
3,17,9,8,0,Randolph,2022-09-29
3,11,9,2,0,Robeson,2022-11-27
3,32,9,23,0,Rutherford,2022-08-16
3,16,9,7,0,Sampson,2022-08-07
3,16,9,7,0,Scotland,2022-06-16
3,13,9,4,0,Scotland,2022-06-22
3,13,9,4,0,Scotland,2022-06-29
3,15,9,6,0,Scotland,2022-07-08
3,14,9,5,0,Scotland,2022-08-17
3,13,9,4,0,Scotland,2022-09-12
3,16,9,7,0,Stokes,2022-11-21
3,21,9,12,0,Surry,2022-09-15
3,22,9,13,0,Transylvania,2022-06-21
3,17,9,8,0,Wilkes,2022-10-31
3,31,9,22,0,Wilson,2022-07-15
3,27,9,18,0,Wilson,2022-08-13
4,51,9,42,0,Alamance,2022-06-17
4,26,9,17,0,Beaufort,2022-07-15
4,30,9,21,0,Brunswick,2022-11-07
4,33,9,24,0,Buncombe,2022-11-03
4,64,9,55,0,Cabarrus,2022-07-09
4,27,9,18,0,Caldwell,2022-12-09
4,23,9,14,0,Columbus,2022-08-30
4,26,9,17,0,Craven,2022-08-29
4,24,9,15,0,Cumberland,2022-10-08
4,22,9,13,0,Davie,2022-06-15
4,34,9,25,0,Davie,2022-08-08
4,16,9,7,0,Duplin,2022-10-03
4,34,9,25,0,Franklin,2022-07-01
4,36,9,27,0,Franklin,2022-08-22
4,26,9,17,0,Franklin,2022-08-30
4,29,9,20,0,Gaston,2022-09-22
4,31,9,22,0,Harnett,2022-09-09
4,33,9,24,0,Harnett,2022-09-11
4,30,9,21,0,Henderson,2022-08-31
4,20,9,11,0,Hoke,2022-08-25
4,26,9,17,0,Hoke,2022-08-29
4,18,9,9,0,Iredell,2022-11-15
4,13,9,4,0,Lee,2022-08-14
4,21,9,12,0,Lenoir,2022-08-24
4,19,9,10,0,Martin,2022-08-15
4,26,9,17,0,McDowell,2022-06-27
4,12,9,3,0,Montgomery,2022-09-04
4,14,9,5,0,Polk,2022-07-12
4,10,9,1,0,Scotland,2022-06-30
4,20,9,11,0,Stokes,2022-09-14
4,34,9,25,0,Vance,2022-07-28
4,19,9,10,0,Wayne,2022-07-02
4,15,9,6,0,Wayne,2022-10-21
4,26,9,17,0,Wilson,2022-09-14
4,21,9,12,0,Wilson,2022-12-07
4,21,9,12,0,Yadkin,2022-09-20
5,48,9,39,0,Alamance,2022-09-03
5,38,9,29,0,Brunswick,2022-08-09
5,51,9,42,0,Cabarrus,2022-08-13
5,21,9,12,0,Catawba,2022-11-09
5,21,9,12,0,Cleveland,2022-11-29
5,29,9,20,0,Craven,2022-08-18
5,55,9,46,0,Cumberland,2022-12-01
5,48,9,39,0,Davidson,2022-07-24
5,23,9,14,0,Duplin,2022-08-10
5,39,9,30,0,Forsyth,2022-11-11
5,33,9,24,0,Forsyth,2022-11-27
5,29,9,20,0,Granville,2022-07-12
5,37,9,28,0,Guilford,2022-10-09
5,14,9,5,0,Halifax,2022-12-02
5,46,9,37,0,Harnett,2022-07-28
5,35,9,26,0,Harnett,2022-08-31
5,31,9,22,0,Harnett,2022-09-28
5,23,9,14,0,Henderson,2022-09-26
5,26,9,17,0,Hoke,2022-09-08
5,42,9,33,0,Iredell,2022-07-09
5,30,9,21,0,Johnston,2022-10-17
5,27,9,18,0,Lenoir,2022-08-05
5,32,9,23,0,Lincoln,2022-07-08
5,30,9,21,0,Lincoln,2022-09-14
5,31,9,22,0,McDowell,2022-07-25
5,18,9,9,0,Nash,2022-07-04
5,35,9,26,0,New Hanover,2022-09-05
5,22,9,13,0,New Hanover,2022-10-10
5,82,9,73,0,Orange,2022-06-27
5,51,9,42,0,Pitt,2022-07-09
5,24,9,15,0,Randolph,2022-10-17
5,27,9,18,0,Robeson,2022-10-03
5,22,9,13,0,Scotland,2022-07-11
5,11,9,2,0,Scotland,2022-09-15
5,26,9,17,0,Transylvania,2022-09-12
5,63,9,54,0,Union,2022-06-17
5,19,9,10,0,Vance,2022-08-30
5,39,9,30,0,Watauga,2022-08-29
5,16,9,7,0,Wilson,2022-11-28
6,31,9,22,0,Brunswick,2022-10-05
6,69,9,60,0,Cabarrus,2022-06-22
6,40,9,31,0,Caldwell,2022-09-23
6,17,9,8,0,Catawba,2022-11-10
6,21,9,12,0,Chatham,2022-12-05
6,27,9,18,0,Cumberland,2022-12-04
6,25,9,16,0,Davidson,2022-10-19
6,36,9,27,0,Duplin,2022-08-05
6,15,9,6,0,Duplin,2022-10-10
6,84,9,75,0,Durham,2022-06-19
6,33,9,24,0,Franklin,2022-07-07
6,36,9,27,0,Gaston,2022-10-28
6,47,9,38,0,Granville,2022-07-07
6,33,9,24,0,Harnett,2022-12-05
6,20,9,11,0,Haywood,2022-08-26
6,29,9,20,0,Henderson,2022-10-12
6,27,9,18,0,Hoke,2022-08-04
6,22,9,13,0,Iredell,2022-10-18
6,46,9,37,0,Lenoir,2022-08-08
6,30,9,21,0,Lincoln,2022-06-23
6,57,9,48,0,Lincoln,2022-07-27
6,32,9,23,0,Lincoln,2022-09-15
6,18,9,9,0,Martin,2022-07-11
6,28,9,19,0,McDowell,2022-07-07
6,13,9,4,0,Mitchell,2022-08-09
6,60,9,51,0,Orange,2022-06-23
6,72,9,63,0,Orange,2022-08-15
6,11,9,2,0,Pasquotank,2022-08-13
6,35,9,26,0,Pitt,2022-09-22
6,21,9,12,0,Randolph,2022-07-04
6,41,9,32,0,Rowan,2022-09-02
6,39,9,30,0,Rowan,2022-09-27
6,30,9,21,0,Rutherford,2022-08-08
6,31,9,22,0,Rutherford,2022-08-15
6,25,9,16,0,Sampson,2022-08-23
6,15,9,6,0,Stokes,2022-10-10
6,58,9,49,0,Union,2022-09-22
7,43,9,34,0,Alamance,2022-07-16
7,29,9,20,0,Brunswick,2022-09-17
7,27,9,18,0,Burke,2022-12-05
7,39,9,30,0,Cabarrus,2022-09-21
7,43,9,34,0,Cleveland,2022-08-23
7,58,9,49,0,Cumberland,2022-10-05
7,35,9,26,0,Davidson,2022-09-27
7,26,9,17,0,Duplin,2022-08-13
7,59,9,50,0,Guilford,2022-11-27
7,46,9,37,0,Hoke,2022-08-03
7,41,9,32,0,Johnston,2022-10-26
7,30,9,21,0,Lincoln,2022-08-17
7,26,9,17,0,Lincoln,2022-09-20
7,38,9,29,0,Moore,2022-07-31
7,37,9,28,0,New Hanover,2022-08-28
7,27,9,18,0,New Hanover,2022-12-08
7,46,9,37,0,Rockingham,2022-07-27
7,31,9,22,0,Stokes,2022-07-05
7,39,9,30,0,Vance,2022-07-12
7,22,9,13,0,Wilson,2022-08-25
7,21,9,12,0,Wilson,2022-09-23
8,47,9,38,0,Alamance,2022-09-16
8,44,9,35,0,Burke,2022-07-29
8,30,9,21,0,Cabarrus,2022-09-11
8,33,9,24,0,Catawba,2022-09-10
8,47,9,38,0,Johnston,2022-07-31
8,37,9,28,0,Lenoir,2022-08-02
8,28,9,19,0,Lincoln,2022-06-16
8,34,9,25,0,Nash,2022-06-28
8,25,9,16,0,Rutherford,2022-08-19
8,60,9,51,0,Union,2022-07-03
8,52,9,43,0,Union,2022-09-03
8,22,9,13,0,Vance,2022-08-06
8,41,9,32,0,Watauga,2022-09-07
8,21,9,12,0,Wayne,2022-11-02
9,40,9,31,0,Cabarrus,2022-08-21
9,49,9,40,0,Cumberland,2022-12-02
9,73,9,64,0,Gaston,2022-07-09
9,33,9,24,0,Granville,2022-08-05
9,43,9,34,0,Halifax,2022-07-05
9,40,9,31,0,Halifax,2022-07-28
9,43,9,34,0,Lincoln,2022-08-02
9,25,9,16,0,Rutherford,2022-07-07
9,42,9,33,0,Union,2022-09-27
9,29,9,20,0,Vance,2022-08-10
9,63,9,54,0,Wake,2022-10-09
10,69,9,60,0,Alamance,2022-07-13
10,56,9,47,0,Brunswick,2022-07-23
10,54,9,45,0,Caldwell,2022-08-22
10,54,9,45,0,Harnett,2022-07-22
10,54,9,45,0,Johnston,2022-07-09
10,47,9,38,0,Nash,2022-07-08
10,52,9,43,0,Union,2022-06-25
10,60,9,51,0,Union,2022-08-31
10,52,9,43,0,Union,2022-09-01
11,66,9,57,0,Caldwell,2022-09-13
11,53,9,44,0,Cleveland,2022-08-19
11,48,9,39,0,Davidson,2022-06-30
11,39,9,30,0,Lincoln,2022-08-30
11,43,9,34,0,Nash,2022-07-20
12,70,9,61,0,Alamance,2022-07-12
12,43,9,34,0,Beaufort,2022-07-19
12,59,9,50,0,Cabarrus,2022-09-02
12,49,9,40,0,Surry,2022-08-11
12,56,9,47,0,Union,2022-08-14
12,34,9,25,0,Wilson,2022-06-22
13,52,9,43,0,Cleveland,2022-09-01
13,68,9,59,0,Onslow,2022-06-23
13,67,9,58,0,Rowan,2022-07-22
13,80,9,71,0,Union,2022-07-01
14,52,9,43,0,Cleveland,2022-08-05
14,135,9,126,0,Durham,2022-06-24
14,86,9,77,0,Durham,2022-09-09
14,100,9,91,0,Union,2022-07-12
15,59,9,50,0,Alamance,2022-06-21
15,93,9,84,0,Durham,2022-09-15
15,91,9,82,0,Onslow,2022-09-07
16,66,9,57,0,Rowan,2022-08-29
18,91,9,82,0,Gaston,2022-08-09
20,99,9,90,0,Pitt,2022-07-28
21,170,9,161,0,Durham,2022-07-12
22,172,9,163,0,Durham,2022-07-20
22,84,9,75,0,Johnston,2022-08-17
23,90,9,81,0,Pitt,2022-06-17
24,193,9,184,0,Durham,2022-08-03
26,123,9,114,0,Pitt,2022-07-22
0,20,10,10,0,Carteret,2022-07-23
0,15,10,5,0,Duplin,2022-09-26
0,14,10,4,0,Lee,2022-10-31
0,20,10,10,0,Randolph,2022-09-10
0,22,10,12,0,Rowan,2022-12-03
0,33,10,23,0,Surry,2022-06-16
0,16,10,6,0,Surry,2022-07-03
1,15,10,5,0,Alamance,2022-10-16
1,21,10,11,0,Bladen,2022-08-01
1,27,10,17,0,Brunswick,2022-10-12
1,17,10,7,0,Columbus,2022-08-16
1,21,10,11,0,Craven,2022-12-06
1,23,10,13,0,Davie,2022-08-15
1,15,10,5,0,Duplin,2022-08-17
1,14,10,4,0,Haywood,2022-10-28
1,15,10,5,0,Haywood,2022-11-03
1,12,10,2,0,Haywood,2022-11-09
1,39,10,29,0,Henderson,2022-08-14
1,21,10,11,0,Henderson,2022-09-05
1,22,10,12,0,Iredell,2022-10-09
1,23,10,13,0,Moore,2022-07-04
1,32,10,22,0,Moore,2022-07-06
1,22,10,12,0,Nash,2022-10-06
1,26,10,16,0,New Hanover,2022-09-16
1,20,10,10,0,New Hanover,2022-10-14
1,13,10,3,0,Pasquotank,2022-10-22
1,17,10,7,0,Sampson,2022-06-15
1,17,10,7,0,Transylvania,2022-07-05
2,25,10,15,0,Alexander,2022-07-11
2,12,10,2,0,Ashe,2022-08-12
2,26,10,16,0,Brunswick,2022-09-09
2,34,10,24,0,Cabarrus,2022-11-02
2,24,10,14,0,Carteret,2022-06-30
2,19,10,9,0,Carteret,2022-09-14
2,18,10,8,0,Davie,2022-06-24
2,24,10,14,0,Edgecombe,2022-09-12
2,15,10,5,0,Haywood,2022-08-18
2,14,10,4,0,Haywood,2022-11-07
2,25,10,15,0,Henderson,2022-10-07
2,23,10,13,0,Iredell,2022-11-17
2,24,10,14,0,Lincoln,2022-08-05
2,11,10,1,0,Mitchell,2022-06-20
2,19,10,9,0,Moore,2022-11-03
2,17,10,7,0,Moore,2022-12-09
2,16,10,6,0,Pasquotank,2022-07-11
2,19,10,9,0,Rutherford,2022-08-26
2,17,10,7,0,Rutherford,2022-09-21
2,15,10,5,0,Sampson,2022-09-23
2,14,10,4,0,Scotland,2022-08-18
2,26,10,16,0,Surry,2022-08-07
2,40,10,30,0,Union,2022-09-29
2,13,10,3,0,Watauga,2022-08-06
2,34,10,24,0,Wayne,2022-07-24
2,15,10,5,0,Wayne,2022-09-30
2,12,10,2,0,Wilson,2022-11-02
2,11,10,1,0,Yadkin,2022-11-11
2,15,10,5,0,Yadkin,2022-11-21
3,30,10,20,0,Alexander,2022-07-25
3,18,10,8,0,Ashe,2022-09-06
3,53,10,43,0,Brunswick,2022-06-17
3,21,10,11,0,Brunswick,2022-10-31
3,25,10,15,0,Carteret,2022-08-29
3,15,10,5,0,Carteret,2022-09-13
3,27,10,17,0,Chatham,2022-08-02
3,33,10,23,0,Chatham,2022-08-22
3,25,10,15,0,Craven,2022-11-28
3,32,10,22,0,Davie,2022-06-20
3,16,10,6,0,Duplin,2022-09-15
3,53,10,43,0,Forsyth,2022-10-13
3,31,10,21,0,Halifax,2022-07-06
3,26,10,16,0,Halifax,2022-09-09
3,13,10,3,0,Haywood,2022-10-25
3,29,10,19,0,Henderson,2022-07-17
3,31,10,21,0,Henderson,2022-09-01
3,25,10,15,0,Henderson,2022-12-05
3,20,10,10,0,Hertford,2022-07-27
3,29,10,19,0,Hoke,2022-09-06
3,30,10,20,0,Iredell,2022-08-06
3,50,10,40,0,Johnston,2022-06-18
3,19,10,9,0,Lincoln,2022-09-26
3,16,10,6,0,Lincoln,2022-10-07
3,23,10,13,0,Moore,2022-06-18
3,17,10,7,0,Person,2022-09-12
3,36,10,26,0,Pitt,2022-10-10
3,12,10,2,0,Polk,2022-06-29
3,25,10,15,0,Randolph,2022-12-07
3,17,10,7,0,Richmond,2022-09-01
3,16,10,6,0,Rutherford,2022-10-31
3,17,10,7,0,Sampson,2022-08-18
3,12,10,2,0,Sampson,2022-10-19
3,15,10,5,0,Sampson,2022-12-06
3,15,10,5,0,Scotland,2022-09-19
3,30,10,20,0,Stokes,2022-07-18
3,33,10,23,0,Vance,2022-07-19
3,24,10,14,0,Watauga,2022-08-25
3,18,10,8,0,Wayne,2022-09-04
3,16,10,6,0,Wayne,2022-10-28
3,22,10,12,0,Yancey,2022-07-11
4,24,10,14,0,Brunswick,2022-07-04
4,25,10,15,0,Buncombe,2022-10-23
4,21,10,11,0,Burke,2022-10-27
4,41,10,31,0,Cabarrus,2022-10-04
4,31,10,21,0,Cabarrus,2022-10-26
4,30,10,20,0,Carteret,2022-07-26
4,22,10,12,0,Cleveland,2022-12-01
4,33,10,23,0,Cumberland,2022-11-04
4,31,10,21,0,Franklin,2022-07-15
4,27,10,17,0,Henderson,2022-08-19
4,41,10,31,0,Hoke,2022-07-18
4,21,10,11,0,Hoke,2022-09-01
4,30,10,20,0,Johnston,2022-07-04
4,18,10,8,0,Lenoir,2022-07-10
4,44,10,34,0,Lincoln,2022-07-26
4,13,10,3,0,Martin,2022-09-15
4,45,10,35,0,Moore,2022-07-20
4,29,10,19,0,Nash,2022-08-23
4,72,10,62,0,New Hanover,2022-06-21
4,54,10,44,0,New Hanover,2022-08-18
4,24,10,14,0,Pitt,2022-10-26
4,14,10,4,0,Scotland,2022-07-13
4,17,10,7,0,Scotland,2022-07-22
4,12,10,2,0,Scotland,2022-07-24
4,13,10,3,0,Scotland,2022-08-06
4,24,10,14,0,Surry,2022-07-02
4,23,10,13,0,Wilkes,2022-08-26
4,18,10,8,0,Wilkes,2022-09-26
4,21,10,11,0,Wilson,2022-07-24
4,20,10,10,0,Wilson,2022-08-06
5,21,10,11,0,Beaufort,2022-07-12
5,28,10,18,0,Cabarrus,2022-10-18
5,29,10,19,0,Carteret,2022-08-15
5,33,10,23,0,Cumberland,2022-11-25
5,51,10,41,0,Davidson,2022-06-21
5,32,10,22,0,Davidson,2022-09-23
5,20,10,10,0,Davidson,2022-11-07
5,11,10,1,0,Duplin,2022-09-13
5,50,10,40,0,Durham,2022-11-02
5,36,10,26,0,Harnett,2022-06-22
5,15,10,5,0,Haywood,2022-10-12
5,23,10,13,0,Iredell,2022-12-04
5,68,10,58,0,Johnston,2022-07-17
5,24,10,14,0,Moore,2022-09-04
5,19,10,9,0,Moore,2022-09-25
5,16,10,6,0,Moore,2022-10-28
5,44,10,34,0,Nash,2022-08-18
5,21,10,11,0,Pasquotank,2022-07-28
5,20,10,10,0,Robeson,2022-10-18
5,16,10,6,0,Stokes,2022-11-17
5,24,10,14,0,Watauga,2022-09-12
5,24,10,14,0,Wilkes,2022-08-07
5,29,10,19,0,Wilson,2022-08-30
5,16,10,6,0,Wilson,2022-09-04
6,61,10,51,0,Brunswick,2022-06-14
6,36,10,26,0,Burke,2022-07-06
6,55,10,45,0,Burke,2022-08-17
6,45,10,35,0,Cabarrus,2022-12-08
6,38,10,28,0,Davidson,2022-10-17
6,26,10,16,0,Edgecombe,2022-06-27
6,45,10,35,0,Gaston,2022-09-21
6,81,10,71,0,Guilford,2022-09-17
6,43,10,33,0,Halifax,2022-08-22
6,42,10,32,0,Harnett,2022-08-25
6,35,10,25,0,Harnett,2022-09-23
6,36,10,26,0,Henderson,2022-09-15
6,21,10,11,0,Iredell,2022-10-16
6,43,10,33,0,Johnston,2022-07-10
6,59,10,49,0,Johnston,2022-07-30
6,35,10,25,0,Johnston,2022-10-13
6,21,10,11,0,Lee,2022-06-23
6,35,10,25,0,New Hanover,2022-09-21
6,41,10,31,0,Pitt,2022-09-20
6,21,10,11,0,Randolph,2022-10-04
6,26,10,16,0,Richmond,2022-07-01
6,23,10,13,0,Richmond,2022-07-15
6,29,10,19,0,Robeson,2022-09-10
6,27,10,17,0,Rutherford,2022-08-09
6,44,10,34,0,Stokes,2022-09-06
6,46,10,36,0,Union,2022-09-26
6,19,10,9,0,Wilkes,2022-07-15
6,24,10,14,0,Yadkin,2022-07-13
7,54,10,44,0,Alamance,2022-06-16
7,65,10,55,0,Cabarrus,2022-07-01
7,49,10,39,0,Cumberland,2022-10-24
7,64,10,54,0,Cumberland,2022-12-09
7,22,10,12,0,Duplin,2022-08-18
7,52,10,42,0,Harnett,2022-07-01
7,23,10,13,0,Johnston,2022-10-18
7,35,10,25,0,Lee,2022-08-01
7,45,10,35,0,Lincoln,2022-07-11
7,43,10,33,0,Lincoln,2022-07-12
7,43,10,33,0,Nash,2022-08-22
7,26,10,16,0,Nash,2022-09-20
7,18,10,8,0,Pender,2022-08-13
7,30,10,20,0,Richmond,2022-06-27
7,28,10,18,0,Rowan,2022-07-04
7,29,10,19,0,Rutherford,2022-07-11
7,25,10,15,0,Stokes,2022-08-11
7,47,10,37,0,Union,2022-07-04
7,52,10,42,0,Union,2022-12-01
7,54,10,44,0,Union,2022-12-08
7,23,10,13,0,Wayne,2022-10-10
7,45,10,35,0,Wilson,2022-08-09
8,59,10,49,0,Brunswick,2022-09-06
8,64,10,54,0,Cabarrus,2022-08-19
8,54,10,44,0,Davidson,2022-07-08
8,32,10,22,0,Guilford,2022-11-06
8,55,10,45,0,Harnett,2022-08-03
8,72,10,62,0,Johnston,2022-07-24
8,36,10,26,0,Lee,2022-07-27
8,23,10,13,0,Lincoln,2022-08-19
8,32,10,22,0,Moore,2022-07-16
8,41,10,31,0,Moore,2022-09-01
8,29,10,19,0,Nash,2022-06-15
8,22,10,12,0,Nash,2022-06-21
8,30,10,20,0,Nash,2022-09-22
8,23,10,13,0,Rowan,2022-10-13
8,24,10,14,0,Stokes,2022-11-28
8,27,10,17,0,Wayne,2022-08-13
8,22,10,12,0,Wilkes,2022-10-03
9,49,10,39,0,Cabarrus,2022-09-04
9,60,10,50,0,Cumberland,2022-09-29
9,35,10,25,0,Edgecombe,2022-07-13
9,48,10,38,0,Franklin,2022-08-04
9,48,10,38,0,Gaston,2022-06-19
9,33,10,23,0,Harnett,2022-09-01
9,20,10,10,0,Hoke,2022-09-05
9,51,10,41,0,Johnston,2022-06-19
9,32,10,22,0,Johnston,2022-12-02
9,37,10,27,0,Lincoln,2022-08-16
9,24,10,14,0,Moore,2022-08-30
9,37,10,27,0,Rockingham,2022-09-06
9,22,10,12,0,Stanly,2022-10-24
9,35,10,25,0,Surry,2022-08-28
9,77,10,67,0,Union,2022-07-24
9,37,10,27,0,Union,2022-09-05
9,27,10,17,0,Wayne,2022-09-10
9,25,10,15,0,Yadkin,2022-09-13
10,58,10,48,0,Cabarrus,2022-06-26
10,57,10,47,0,Cabarrus,2022-12-05
10,39,10,29,0,Caldwell,2022-07-24
10,128,10,118,0,Cumberland,2022-08-16
10,59,10,49,0,Forsyth,2022-09-18
10,36,10,26,0,Lincoln,2022-08-22
10,65,10,55,0,Onslow,2022-08-23
10,103,10,93,0,Orange,2022-07-05
10,78,10,68,0,Union,2022-07-31
10,67,10,57,0,Union,2022-08-23
10,36,10,26,0,Wilkes,2022-08-11
11,48,10,38,0,Caldwell,2022-08-31
11,104,10,94,0,Forsyth,2022-07-23
11,52,10,42,0,Gaston,2022-08-28
11,67,10,57,0,Harnett,2022-07-20
11,61,10,51,0,Harnett,2022-09-08
11,43,10,33,0,Onslow,2022-08-13
11,42,10,32,0,Rockingham,2022-08-05
11,44,10,34,0,Stanly,2022-09-07
11,96,10,86,0,Union,2022-07-07
11,29,10,19,0,Yadkin,2022-08-05
12,74,10,64,0,Alamance,2022-09-08
12,41,10,31,0,Caldwell,2022-09-10
12,55,10,45,0,Davidson,2022-08-23
12,36,10,26,0,Gaston,2022-11-28
12,49,10,39,0,Harnett,2022-08-16
13,57,10,47,0,Cabarrus,2022-09-16
13,47,10,37,0,Cleveland,2022-09-06
13,125,10,115,0,Durham,2022-08-18
13,63,10,53,0,Johnston,2022-08-31
13,40,10,30,0,Nash,2022-07-13
13,82,10,72,0,Onslow,2022-08-11
13,55,10,45,0,Rowan,2022-08-17
13,112,10,102,0,Wake,2022-10-27
15,70,10,60,0,Cabarrus,2022-07-16
15,65,10,55,0,Guilford,2022-11-15
15,100,10,90,0,Union,2022-08-05
15,81,10,71,0,Union,2022-08-09
16,76,10,66,0,Cabarrus,2022-06-24
16,54,10,44,0,Pitt,2022-07-24
16,61,10,51,0,Rowan,2022-08-11
21,151,10,141,0,Durham,2022-07-13
22,88,10,78,0,Pitt,2022-07-12
22,169,10,159,0,Wake,2022-10-05
28,133,10,123,0,Pitt,2022-07-19
0,21,11,10,0,Carteret,2022-06-16
0,26,11,15,0,Carteret,2022-08-04
0,20,11,9,0,Haywood,2022-10-03
1,23,11,12,0,Haywood,2022-07-28
1,18,11,7,0,Henderson,2022-10-15
1,19,11,8,0,Iredell,2022-10-02
1,22,11,11,0,Randolph,2022-06-17
1,12,11,1,0,Scotland,2022-08-07
1,24,11,13,0,Surry,2022-06-26
1,12,11,1,0,Warren,2022-11-22
1,26,11,15,0,Wilson,2022-06-21
1,19,11,8,0,Wilson,2022-09-07
2,36,11,25,0,Buncombe,2022-08-20
2,22,11,11,0,Carteret,2022-06-15
2,21,11,10,0,Craven,2022-11-30
2,36,11,25,0,Cumberland,2022-11-01
2,17,11,6,0,Haywood,2022-07-06
2,19,11,8,0,Haywood,2022-07-08
2,15,11,4,0,Haywood,2022-07-13
2,19,11,8,0,Henderson,2022-11-14
2,33,11,22,0,Iredell,2022-10-05
2,39,11,28,0,Johnston,2022-09-03
2,21,11,10,0,Lee,2022-07-23
2,13,11,2,0,Lee,2022-09-03
2,18,11,7,0,Lenoir,2022-06-26
2,18,11,7,0,Lenoir,2022-07-30
2,25,11,14,0,Moore,2022-07-02
2,25,11,14,0,Moore,2022-07-15
2,27,11,16,0,Moore,2022-08-18
2,27,11,16,0,Moore,2022-08-23
2,56,11,45,0,New Hanover,2022-07-30
2,27,11,16,0,New Hanover,2022-10-12
2,20,11,9,0,Sampson,2022-08-25
2,13,11,2,0,Transylvania,2022-09-19
2,22,11,11,0,Wilkes,2022-06-22
3,23,11,12,0,Alexander,2022-07-28
3,28,11,17,0,Buncombe,2022-09-25
3,23,11,12,0,Buncombe,2022-10-16
3,16,11,5,0,Buncombe,2022-10-29
3,22,11,11,0,Buncombe,2022-12-10
3,27,11,16,0,Carteret,2022-07-09
3,21,11,10,0,Columbus,2022-07-20
3,34,11,23,0,Craven,2022-08-05
3,31,11,20,0,Cumberland,2022-10-01
3,22,11,11,0,Duplin,2022-06-20
3,21,11,10,0,Duplin,2022-06-30
3,42,11,31,0,Granville,2022-07-26
3,20,11,9,0,Harnett,2022-12-10
3,17,11,6,0,Haywood,2022-08-06
3,29,11,18,0,Haywood,2022-08-24
3,13,11,2,0,Haywood,2022-10-27
3,27,11,16,0,Henderson,2022-09-03
3,22,11,11,0,Henderson,2022-10-10
3,20,11,9,0,Iredell,2022-11-10
3,23,11,12,0,Iredell,2022-11-26
3,27,11,16,0,Lee,2022-07-12
3,34,11,23,0,Lee,2022-07-24
3,19,11,8,0,Lincoln,2022-10-11
3,76,11,65,0,Mecklenburg,2022-10-29
3,27,11,16,0,Moore,2022-07-14
3,23,11,12,0,Nash,2022-09-03
3,18,11,7,0,Nash,2022-09-05
3,51,11,40,0,New Hanover,2022-08-24
3,22,11,11,0,New Hanover,2022-11-30
3,20,11,9,0,Pitt,2022-11-25
3,24,11,13,0,Randolph,2022-08-14
3,24,11,13,0,Randolph,2022-08-21
3,20,11,9,0,Randolph,2022-10-02
3,37,11,26,0,Richmond,2022-07-21
3,29,11,18,0,Richmond,2022-08-01
3,29,11,18,0,Richmond,2022-09-12
3,18,11,7,0,Robeson,2022-10-01
3,20,11,9,0,Surry,2022-06-21
3,30,11,19,0,Surry,2022-09-19
3,26,11,15,0,Vance,2022-08-04
3,19,11,8,0,Wilkes,2022-06-14
3,14,11,3,0,Wilkes,2022-06-25
3,18,11,7,0,Wilkes,2022-07-09
3,26,11,15,0,Yadkin,2022-06-27
4,41,11,30,0,Brunswick,2022-07-09
4,19,11,8,0,Brunswick,2022-11-05
4,27,11,16,0,Buncombe,2022-08-27
4,31,11,20,0,Catawba,2022-10-06
4,20,11,9,0,Catawba,2022-12-03
4,25,11,14,0,Duplin,2022-06-22
4,46,11,35,0,Harnett,2022-09-22
4,14,11,3,0,Haywood,2022-09-05
4,20,11,9,0,Haywood,2022-11-08
4,31,11,20,0,Iredell,2022-09-18
4,26,11,15,0,Iredell,2022-10-20
4,21,11,10,0,Jackson,2022-08-30
4,16,11,5,0,Lee,2022-09-27
4,29,11,18,0,Moore,2022-08-09
4,40,11,29,0,New Hanover,2022-09-19
4,26,11,15,0,Person,2022-06-21
4,38,11,27,0,Person,2022-07-19
4,19,11,8,0,Randolph,2022-06-20
4,23,11,12,0,Randolph,2022-07-03
4,19,11,8,0,Randolph,2022-07-09
4,43,11,32,0,Richmond,2022-07-19
4,15,11,4,0,Sampson,2022-07-17
4,28,11,17,0,Sampson,2022-08-11
4,23,11,12,0,Stokes,2022-07-23
4,28,11,17,0,Stokes,2022-08-31
4,17,11,6,0,Stokes,2022-11-14
4,66,11,55,0,Union,2022-06-24
4,38,11,27,0,Vance,2022-07-14
4,17,11,6,0,Wayne,2022-10-13
4,31,11,20,0,Wilson,2022-06-16
5,27,11,16,0,Beaufort,2022-09-06
5,20,11,9,0,Buncombe,2022-12-03
5,46,11,35,0,Burke,2022-07-27
5,51,11,40,0,Burke,2022-07-28
5,40,11,29,0,Cabarrus,2022-08-06
5,21,11,10,0,Catawba,2022-10-28
5,19,11,8,0,Catawba,2022-11-23
5,28,11,17,0,Columbus,2022-07-06
5,21,11,10,0,Columbus,2022-08-18
5,28,11,17,0,Columbus,2022-09-13
5,48,11,37,0,Davidson,2022-08-12
5,34,11,23,0,Davidson,2022-10-10
5,26,11,15,0,Davie,2022-07-11
5,32,11,21,0,Franklin,2022-08-15
5,70,11,59,0,Guilford,2022-09-24
5,29,11,18,0,Halifax,2022-07-07
5,27,11,16,0,Iredell,2022-11-09
5,24,11,13,0,Lee,2022-08-11
5,20,11,9,0,Lenoir,2022-09-23
5,23,11,12,0,Lincoln,2022-09-22
5,26,11,15,0,McDowell,2022-07-11
5,32,11,21,0,Nash,2022-07-09
5,25,11,14,0,Randolph,2022-09-18
5,24,11,13,0,Robeson,2022-10-14
5,28,11,17,0,Rowan,2022-10-03
5,25,11,14,0,Transylvania,2022-08-15
5,22,11,11,0,Wilkes,2022-09-22
5,21,11,10,0,Wilkes,2022-12-07
5,23,11,12,0,Wilson,2022-09-06
6,26,11,15,0,Beaufort,2022-09-01
6,27,11,16,0,Buncombe,2022-10-30
6,32,11,21,0,Carteret,2022-06-23
6,32,11,21,0,Catawba,2022-06-25
6,20,11,9,0,Columbus,2022-06-19
6,16,11,5,0,Columbus,2022-08-10
6,13,11,2,0,Columbus,2022-08-25
6,41,11,30,0,Craven,2022-08-17
6,43,11,32,0,Craven,2022-09-26
6,29,11,18,0,Duplin,2022-08-12
6,24,11,13,0,Duplin,2022-08-31
6,38,11,27,0,Franklin,2022-07-13
6,50,11,39,0,Harnett,2022-07-15
6,36,11,25,0,Henderson,2022-09-08
6,30,11,19,0,Moore,2022-09-08
6,33,11,22,0,Moore,2022-09-20
6,22,11,11,0,Moore,2022-10-27
6,22,11,11,0,Nash,2022-09-15
6,38,11,27,0,Pitt,2022-11-29
6,28,11,17,0,Robeson,2022-10-13
6,36,11,25,0,Rockingham,2022-07-20
6,27,11,16,0,Rutherford,2022-08-30
6,38,11,27,0,Stokes,2022-07-25
6,21,11,10,0,Transylvania,2022-07-23
6,26,11,15,0,Transylvania,2022-09-07
6,56,11,45,0,Union,2022-09-14
6,37,11,26,0,Union,2022-11-25
6,31,11,20,0,Vance,2022-08-09
6,45,11,34,0,Wayne,2022-07-31
6,25,11,14,0,Wilson,2022-06-17
6,23,11,12,0,Yadkin,2022-06-28
7,70,11,59,0,Brunswick,2022-07-19
7,38,11,27,0,Buncombe,2022-11-16
7,35,11,24,0,Cabarrus,2022-11-25
7,21,11,10,0,Catawba,2022-06-19
7,37,11,26,0,Catawba,2022-06-26
7,22,11,11,0,Catawba,2022-11-02
7,20,11,9,0,Catawba,2022-11-25
7,33,11,22,0,Chatham,2022-11-04
7,23,11,12,0,Davie,2022-08-12
7,96,11,85,0,Durham,2022-07-02
7,81,11,70,0,Guilford,2022-10-13
7,47,11,36,0,Guilford,2022-10-28
7,40,11,29,0,Harnett,2022-09-26
7,53,11,42,0,Moore,2022-07-22
7,36,11,25,0,Moore,2022-09-07
7,26,11,15,0,Rockingham,2022-08-15
7,33,11,22,0,Surry,2022-09-08
7,24,11,13,0,Surry,2022-11-28
7,21,11,10,0,Vance,2022-07-21
8,57,11,46,0,Alamance,2022-06-24
8,57,11,46,0,Cabarrus,2022-07-03
8,33,11,22,0,Cumberland,2022-10-18
8,55,11,44,0,Gaston,2022-08-13
8,37,11,26,0,Gaston,2022-12-02
8,87,11,76,0,Guilford,2022-09-29
8,34,11,23,0,Halifax,2022-07-12
8,50,11,39,0,Harnett,2022-08-15
8,56,11,45,0,Johnston,2022-09-09
8,29,11,18,0,Lincoln,2022-12-05
8,26,11,15,0,Martin,2022-07-25
8,63,11,52,0,Onslow,2022-08-31
8,26,11,15,0,Randolph,2022-09-17
8,23,11,12,0,Rutherford,2022-08-23
8,19,11,8,0,Scotland,2022-09-07
8,32,11,21,0,Watauga,2022-09-06
9,68,11,57,0,Brunswick,2022-06-22
9,68,11,57,0,Brunswick,2022-07-12
9,29,11,18,0,Cabarrus,2022-09-30
9,46,11,35,0,Catawba,2022-07-31
9,56,11,45,0,Cleveland,2022-07-06
9,50,11,39,0,Davidson,2022-07-12
9,48,11,37,0,Harnett,2022-06-30
9,59,11,48,0,Harnett,2022-07-06
9,37,11,26,0,Iredell,2022-09-21
9,47,11,36,0,Johnston,2022-11-29
9,27,11,16,0,Moore,2022-07-08
9,80,11,69,0,New Hanover,2022-06-20
9,65,11,54,0,Onslow,2022-06-20
9,29,11,18,0,Stokes,2022-08-15
10,51,11,40,0,Cleveland,2022-08-09
10,68,11,57,0,Forsyth,2022-10-27
10,77,11,66,0,Gaston,2022-06-17
10,50,11,39,0,Gaston,2022-06-25
10,24,11,13,0,Lenoir,2022-08-12
10,90,11,79,0,Onslow,2022-06-22
10,66,11,55,0,Union,2022-12-07
11,20,11,9,0,Beaufort,2022-09-20
11,70,11,59,0,Cabarrus,2022-08-09
11,49,11,38,0,Caldwell,2022-08-05
11,45,11,34,0,Forsyth,2022-11-22
11,64,11,53,0,Gaston,2022-08-07
11,54,11,43,0,Gaston,2022-09-14
11,33,11,22,0,Gaston,2022-11-23
11,36,11,25,0,Moore,2022-09-21
11,26,11,15,0,Richmond,2022-08-22
12,62,11,51,0,Alamance,2022-08-11
12,52,11,41,0,Alamance,2022-09-09
12,48,11,37,0,Burke,2022-09-12
12,152,11,141,0,Durham,2022-06-17
12,46,11,35,0,Franklin,2022-09-12
12,83,11,72,0,Mecklenburg,2022-10-22
13,55,11,44,0,Cleveland,2022-08-29
13,92,11,81,0,Durham,2022-09-22
13,43,11,32,0,Harnett,2022-09-15
13,94,11,83,0,Onslow,2022-08-24
13,68,11,57,0,Onslow,2022-09-08
13,113,11,102,0,Wake,2022-10-07
14,56,11,45,0,Cabarrus,2022-09-19
14,44,11,33,0,Cleveland,2022-07-29
14,118,11,107,0,Durham,2022-08-17
14,99,11,88,0,Onslow,2022-07-12
14,56,11,45,0,Pitt,2022-09-16
14,93,11,82,0,Union,2022-07-11
14,83,11,72,0,Wake,2022-10-29
15,80,11,69,0,Alamance,2022-07-19
15,49,11,38,0,Cleveland,2022-09-07
15,76,11,65,0,Gaston,2022-08-05
16,68,11,57,0,Davidson,2022-09-14
17,113,11,102,0,Durham,2022-08-11
17,90,11,79,0,Union,2022-07-08
17,102,11,91,0,Union,2022-08-11
18,197,11,186,0,Durham,2022-06-28
18,118,11,107,0,Durham,2022-08-31
18,71,11,60,0,Union,2022-08-30
19,108,11,97,0,Mecklenburg,2022-09-30
20,93,11,82,0,Gaston,2022-06-21
20,76,11,65,0,Pitt,2022-08-05
21,152,11,141,0,Durham,2022-07-15
23,108,11,97,0,Forsyth,2022-08-06
0,25,12,13,0,Haywood,2022-08-04
0,18,12,6,0,Swain,2022-08-05
0,16,12,4,0,Wilson,2022-09-05
1,41,12,29,0,Buncombe,2022-06-19
1,15,12,3,0,Carteret,2022-08-20
1,16,12,4,0,Carteret,2022-10-17
1,13,12,1,0,Haywood,2022-12-08
1,23,12,11,0,Lee,2022-08-31
1,33,12,21,0,Moore,2022-06-17
1,35,12,23,0,Moore,2022-07-29
1,18,12,6,0,Pasquotank,2022-07-21
1,22,12,10,0,Robeson,2022-11-01
1,18,12,6,0,Sampson,2022-08-17
1,28,12,16,0,Surry,2022-12-06
1,18,12,6,0,Wilkes,2022-07-24
2,34,12,22,0,Craven,2022-08-12
2,25,12,13,0,Haywood,2022-06-27
2,34,12,22,0,Henderson,2022-08-28
2,26,12,14,0,Iredell,2022-12-10
2,57,12,45,0,New Hanover,2022-07-17
2,22,12,10,0,Randolph,2022-09-04
2,15,12,3,0,Sampson,2022-12-08
2,20,12,8,0,Scotland,2022-08-03
2,24,12,12,0,Scotland,2022-08-04
2,23,12,11,0,Wayne,2022-09-27
2,23,12,11,0,Wilkes,2022-06-20
3,20,12,8,0,Burke,2022-11-03
3,21,12,9,0,Carteret,2022-08-12
3,26,12,14,0,Catawba,2022-10-11
3,23,12,11,0,Catawba,2022-11-03
3,23,12,11,0,Davie,2022-07-26
3,14,12,2,0,Graham,2022-09-01
3,22,12,10,0,Haywood,2022-06-14
3,29,12,17,0,Haywood,2022-07-21
3,19,12,7,0,Haywood,2022-08-23
3,25,12,13,0,Henderson,2022-09-22
3,21,12,9,0,Henderson,2022-10-05
3,19,12,7,0,Iredell,2022-11-27
3,26,12,14,0,Moore,2022-09-18
3,22,12,10,0,Moore,2022-12-08
3,27,12,15,0,New Hanover,2022-09-23
3,74,12,62,0,Orange,2022-07-14
3,20,12,8,0,Sampson,2022-08-19
3,19,12,7,0,Sampson,2022-08-31
3,24,12,12,0,Stokes,2022-08-03
3,16,12,4,0,Wilkes,2022-09-10
3,15,12,3,0,Wilson,2022-12-09
3,37,12,25,0,Yadkin,2022-09-08
4,35,12,23,0,Buncombe,2022-11-04
4,19,12,7,0,Columbus,2022-06-21
4,16,12,4,0,Columbus,2022-09-07
4,31,12,19,0,Craven,2022-07-31
4,43,12,31,0,Cumberland,2022-10-27
4,28,12,16,0,Granville,2022-07-15
4,27,12,15,0,Granville,2022-09-02
4,25,12,13,0,Halifax,2022-08-31
4,22,12,10,0,Haywood,2022-06-20
4,17,12,5,0,Haywood,2022-09-08
4,22,12,10,0,Iredell,2022-11-20
4,41,12,29,0,Johnston,2022-07-03
4,44,12,32,0,Lincoln,2022-08-09
4,43,12,31,0,Moore,2022-08-22
4,30,12,18,0,Moore,2022-09-27
4,15,12,3,0,Polk,2022-11-21
4,29,12,17,0,Richmond,2022-07-12
4,20,12,8,0,Richmond,2022-09-13
4,25,12,13,0,Robeson,2022-10-26
4,21,12,9,0,Robeson,2022-12-02
4,22,12,10,0,Rowan,2022-10-08
4,24,12,12,0,Rowan,2022-11-15
4,25,12,13,0,Vance,2022-08-24
4,66,12,54,0,Wake,2022-10-14
4,18,12,6,0,Wilson,2022-12-08
5,25,12,13,0,Catawba,2022-09-24
5,30,12,18,0,Craven,2022-07-10
5,49,12,37,0,Davidson,2022-06-16
5,47,12,35,0,Davidson,2022-08-07
5,54,12,42,0,Davidson,2022-09-21
5,25,12,13,0,Davie,2022-08-03
5,38,12,26,0,Henderson,2022-09-13
5,31,12,19,0,Henderson,2022-10-06
5,24,12,12,0,Lincoln,2022-10-03
5,23,12,11,0,Martin,2022-07-18
5,32,12,20,0,McDowell,2022-07-08
5,26,12,14,0,Moore,2022-07-17
5,48,12,36,0,Onslow,2022-07-16
5,21,12,9,0,Randolph,2022-12-01
5,35,12,23,0,Richmond,2022-07-14
5,33,12,21,0,Rockingham,2022-07-06
5,30,12,18,0,Stokes,2022-08-04
5,50,12,38,0,Union,2022-09-10
5,28,12,16,0,Vance,2022-07-13
5,28,12,16,0,Wilson,2022-07-07
5,29,12,17,0,Yadkin,2022-07-21
6,56,12,44,0,Brunswick,2022-07-24
6,68,12,56,0,Cabarrus,2022-09-13
6,40,12,28,0,Caldwell,2022-08-23
6,46,12,34,0,Davidson,2022-06-14
6,28,12,16,0,Duplin,2022-08-15
6,26,12,14,0,Duplin,2022-09-07
6,20,12,8,0,Haywood,2022-10-08
6,40,12,28,0,Iredell,2022-06-24
6,41,12,29,0,Iredell,2022-07-30
6,33,12,21,0,Iredell,2022-12-09
6,25,12,13,0,Moore,2022-09-05
6,41,12,29,0,New Hanover,2022-09-15
6,32,12,20,0,Randolph,2022-08-31
6,26,12,14,0,Vance,2022-07-15
6,38,12,26,0,Wayne,2022-06-25
6,22,12,10,0,Wayne,2022-11-30
6,24,12,12,0,Wilson,2022-08-29
6,26,12,14,0,Wilson,2022-09-13
7,43,12,31,0,Brunswick,2022-08-05
7,35,12,23,0,Buncombe,2022-10-20
7,25,12,13,0,Burke,2022-12-06
7,50,12,38,0,Davidson,2022-09-16
7,18,12,6,0,Duplin,2022-08-24
7,33,12,21,0,Franklin,2022-07-19
7,44,12,32,0,Halifax,2022-07-22
7,43,12,31,0,Harnett,2022-08-24
7,40,12,28,0,Iredell,2022-07-03
7,66,12,54,0,Johnston,2022-08-06
7,47,12,35,0,Lenoir,2022-06-27
7,34,12,22,0,Moore,2022-06-14
7,36,12,24,0,Nash,2022-09-19
7,50,12,38,0,Onslow,2022-06-17
7,51,12,39,0,Onslow,2022-07-24
7,23,12,11,0,Richmond,2022-06-30
7,31,12,19,0,Richmond,2022-07-06
7,20,12,8,0,Robeson,2022-12-10
7,19,12,7,0,Scotland,2022-08-10
7,37,12,25,0,Wilkes,2022-09-13
7,24,12,12,0,Wilson,2022-09-16
8,58,12,46,0,Alamance,2022-08-05
8,38,12,26,0,Caldwell,2022-09-21
8,41,12,29,0,Catawba,2022-08-07
8,40,12,28,0,Craven,2022-07-01
8,56,12,44,0,Davidson,2022-07-07
8,41,12,29,0,Davidson,2022-12-07
8,19,12,7,0,Duplin,2022-09-19
8,40,12,28,0,Forsyth,2022-10-21
8,64,12,52,0,Harnett,2022-06-27
8,40,12,28,0,Iredell,2022-06-25
8,42,12,30,0,Moore,2022-07-27
8,92,12,80,0,Orange,2022-07-19
8,65,12,53,0,Union,2022-07-10
8,63,12,51,0,Union,2022-09-20
8,22,12,10,0,Wilkes,2022-09-05
8,29,12,17,0,Wilson,2022-06-14
9,67,12,55,0,Cumberland,2022-08-14
9,60,12,48,0,Cumberland,2022-10-17
9,27,12,15,0,Duplin,2022-07-14
9,26,12,14,0,Granville,2022-07-21
9,47,12,35,0,Hoke,2022-07-25
9,40,12,28,0,Lincoln,2022-06-20
9,40,12,28,0,Rowan,2022-09-13
9,100,12,88,0,Wake,2022-10-01
10,53,12,41,0,Davidson,2022-07-01
10,34,12,22,0,Davidson,2022-10-24
10,90,12,78,0,Gaston,2022-07-01
10,64,12,52,0,Gaston,2022-07-02
10,38,12,26,0,Halifax,2022-08-16
10,61,12,49,0,Harnett,2022-07-13
10,60,12,48,0,Johnston,2022-06-16
10,55,12,43,0,Johnston,2022-09-01
10,46,12,34,0,Pitt,2022-09-26
10,45,12,33,0,Rowan,2022-06-14
11,43,12,31,0,Alamance,2022-08-21
11,100,12,88,0,Brunswick,2022-07-05
11,24,12,12,0,Brunswick,2022-11-21
11,62,12,50,0,Forsyth,2022-10-25
11,40,12,28,0,Franklin,2022-06-23
11,41,12,29,0,Gaston,2022-11-25
11,55,12,43,0,Gaston,2022-12-09
11,69,12,57,0,Johnston,2022-06-22
11,84,12,72,0,Onslow,2022-07-15
11,67,12,55,0,Union,2022-09-21
11,31,12,19,0,Vance,2022-07-05
12,52,12,40,0,Lenoir,2022-08-03
12,79,12,67,0,Union,2022-06-23
12,65,12,53,0,Union,2022-09-08
13,83,12,71,0,Gaston,2022-09-06
13,133,12,121,0,Onslow,2022-07-06
13,68,12,56,0,Pitt,2022-09-09
13,61,12,49,0,Union,2022-11-30
14,62,12,50,0,Davidson,2022-08-30
14,35,12,23,0,Johnston,2022-12-06
14,52,12,40,0,Union,2022-12-06
14,102,12,90,0,Wake,2022-10-19
15,80,12,68,0,Cabarrus,2022-09-07
15,90,12,78,0,Forsyth,2022-08-14
15,86,12,74,0,Wake,2022-10-08
16,74,12,62,0,Rowan,2022-09-07
16,93,12,81,0,Wake,2022-11-15
17,63,12,51,0,Cleveland,2022-08-08
17,102,12,90,0,Durham,2022-09-08
17,124,12,112,0,Durham,2022-09-12
17,108,12,96,0,Gaston,2022-08-30
17,101,12,89,0,Pitt,2022-08-03
20,71,12,59,0,Gaston,2022-12-07
20,129,12,117,0,Pitt,2022-07-20
21,104,12,92,0,Gaston,2022-08-24
23,117,12,105,0,Mecklenburg,2022-11-27
24,123,12,111,0,Pitt,2022-07-05
25,68,12,56,0,Davidson,2022-09-09
0,19,13,6,0,Carteret,2022-07-16
0,29,13,16,0,Henderson,2022-06-15
0,17,13,4,0,Jackson,2022-08-22
0,23,13,10,0,Sampson,2022-06-22
0,20,13,7,0,Sampson,2022-07-24
1,23,13,10,0,Davie,2022-09-13
1,41,13,28,0,Henderson,2022-07-31
1,26,13,13,0,Henderson,2022-08-13
1,29,13,16,0,New Hanover,2022-08-14
1,33,13,20,0,Onslow,2022-07-17
1,17,13,4,0,Stokes,2022-10-08
1,16,13,3,0,Transylvania,2022-06-28
1,18,13,5,0,Wayne,2022-11-22
1,22,13,9,0,Wayne,2022-12-06
1,20,13,7,0,Wilkes,2022-09-21
2,28,13,15,0,Craven,2022-09-16
2,27,13,14,0,Haywood,2022-08-22
2,16,13,3,0,Haywood,2022-09-16
2,21,13,8,0,Moore,2022-06-19
2,24,13,11,0,New Hanover,2022-12-06
2,43,13,30,0,Orange,2022-10-13
2,29,13,16,0,Randolph,2022-06-30
2,22,13,9,0,Randolph,2022-09-30
2,22,13,9,0,Randolph,2022-10-07
2,26,13,13,0,Wilkes,2022-07-13
3,43,13,30,0,Buncombe,2022-10-07
3,26,13,13,0,Carteret,2022-07-21
3,27,13,14,0,Duplin,2022-07-22
3,32,13,19,0,Granville,2022-06-21
3,20,13,7,0,Haywood,2022-06-15
3,22,13,9,0,Haywood,2022-07-12
3,40,13,27,0,Henderson,2022-07-19
3,28,13,15,0,Henderson,2022-08-26
3,18,13,5,0,Mitchell,2022-08-08
3,16,13,3,0,Moore,2022-11-25
3,31,13,18,0,Randolph,2022-06-29
3,27,13,14,0,Randolph,2022-07-10
3,21,13,8,0,Robeson,2022-09-18
3,21,13,8,0,Sampson,2022-07-09
3,29,13,16,0,Surry,2022-06-20
3,19,13,6,0,Wayne,2022-10-18
3,24,13,11,0,Wilkes,2022-12-02
4,24,13,11,0,Carteret,2022-09-06
4,15,13,2,0,Columbus,2022-08-11
4,30,13,17,0,Craven,2022-06-23
4,39,13,26,0,Craven,2022-08-11
4,28,13,15,0,Granville,2022-06-29
4,24,13,11,0,Halifax,2022-07-16
4,43,13,30,0,Harnett,2022-08-30
4,17,13,4,0,Haywood,2022-08-25
4,28,13,15,0,Henderson,2022-06-14
4,34,13,21,0,Henderson,2022-07-08
4,33,13,20,0,Henderson,2022-07-30
4,23,13,10,0,Iredell,2022-11-14
4,28,13,15,0,Lenoir,2022-09-01
4,41,13,28,0,Nash,2022-08-25
4,32,13,19,0,Randolph,2022-07-01
4,27,13,14,0,Randolph,2022-10-03
4,20,13,7,0,Sampson,2022-08-06
4,18,13,5,0,Scotland,2022-08-11
4,40,13,27,0,Surry,2022-07-27
4,30,13,17,0,Vance,2022-07-07
4,25,13,12,0,Wilkes,2022-07-31
4,23,13,10,0,Wilkes,2022-08-28
4,25,13,12,0,Yadkin,2022-07-20
5,22,13,9,0,Beaufort,2022-09-12
5,56,13,43,0,Brunswick,2022-06-15
5,34,13,21,0,Buncombe,2022-10-21
5,17,13,4,0,Carteret,2022-09-15
5,29,13,16,0,Catawba,2022-10-27
5,25,13,12,0,Catawba,2022-11-07
5,16,13,3,0,Columbus,2022-07-16
5,19,13,6,0,Columbus,2022-08-17
5,40,13,27,0,Craven,2022-06-30
5,36,13,23,0,Granville,2022-07-08
5,35,13,22,0,Henderson,2022-06-24
5,35,13,22,0,Iredell,2022-09-10
5,27,13,14,0,Randolph,2022-08-26
5,35,13,22,0,Randolph,2022-09-14
5,28,13,15,0,Robeson,2022-09-04
5,19,13,6,0,Robeson,2022-11-07
5,20,13,7,0,Scotland,2022-07-31
5,15,13,2,0,Scotland,2022-09-09
5,37,13,24,0,Union,2022-10-20
5,19,13,6,0,Wayne,2022-11-15
5,33,13,20,0,Wilkes,2022-06-30
5,31,13,18,0,Wilkes,2022-12-08
6,32,13,19,0,Buncombe,2022-12-02
6,35,13,22,0,Catawba,2022-10-05
6,31,13,18,0,Craven,2022-06-17
6,50,13,37,0,Craven,2022-08-15
6,76,13,63,0,Cumberland,2022-08-19
6,27,13,14,0,Duplin,2022-07-15
6,22,13,9,0,Duplin,2022-09-01
6,27,13,14,0,Haywood,2022-06-29
6,18,13,5,0,Haywood,2022-10-11
6,36,13,23,0,Henderson,2022-06-29
6,47,13,34,0,Henderson,2022-08-05
6,34,13,21,0,Henderson,2022-09-07
6,41,13,28,0,Johnston,2022-08-28
6,46,13,33,0,Johnston,2022-09-18
6,41,13,28,0,Johnston,2022-11-28
6,21,13,8,0,Moore,2022-10-04
6,32,13,19,0,New Hanover,2022-12-01
6,52,13,39,0,Pitt,2022-09-13
6,30,13,17,0,Randolph,2022-09-02
6,33,13,20,0,Richmond,2022-07-22
6,24,13,11,0,Robeson,2022-10-12
6,17,13,4,0,Scotland,2022-09-11
6,29,13,16,0,Wayne,2022-06-14
6,32,13,19,0,Wayne,2022-08-06
6,24,13,11,0,Wilkes,2022-08-04
6,41,13,28,0,Yadkin,2022-09-06
7,71,13,58,0,Alamance,2022-06-30
7,68,13,55,0,Brunswick,2022-07-06
7,34,13,21,0,Cabarrus,2022-10-03
7,40,13,27,0,Craven,2022-06-16
7,29,13,16,0,Davie,2022-07-05
7,53,13,40,0,Durham,2022-10-17
7,75,13,62,0,Guilford,2022-10-05
7,22,13,9,0,Harnett,2022-11-16
7,40,13,27,0,Randolph,2022-09-12
7,29,13,16,0,Randolph,2022-09-27
7,27,13,14,0,Robeson,2022-12-09
7,56,13,43,0,Rowan,2022-06-22
7,26,13,13,0,Wayne,2022-10-05
7,29,13,16,0,Wayne,2022-12-08
8,25,13,12,0,Beaufort,2022-07-30
8,42,13,29,0,Caldwell,2022-07-11
8,42,13,29,0,Caldwell,2022-09-20
8,51,13,38,0,Gaston,2022-09-05
8,42,13,29,0,Granville,2022-07-22
8,25,13,12,0,Halifax,2022-12-05
8,29,13,16,0,Iredell,2022-09-25
8,35,13,22,0,Lee,2022-07-20
8,36,13,23,0,Nash,2022-09-12
8,39,13,26,0,Randolph,2022-12-09
8,30,13,17,0,Robeson,2022-12-06
8,62,13,49,0,Rowan,2022-07-20
9,60,13,47,0,Burke,2022-09-07
9,65,13,52,0,Cabarrus,2022-08-30
9,32,13,19,0,Caldwell,2022-10-26
9,48,13,35,0,Catawba,2022-08-13
9,62,13,49,0,Davidson,2022-08-24
9,47,13,34,0,Forsyth,2022-11-17
9,43,13,30,0,Iredell,2022-08-26
9,44,13,31,0,Johnston,2022-10-24
9,30,13,17,0,Macon,2022-08-08
9,46,13,33,0,Randolph,2022-09-13
9,43,13,30,0,Surry,2022-08-17
9,28,13,15,0,Yadkin,2022-06-15
10,60,13,47,0,Alamance,2022-06-15
10,60,13,47,0,Alamance,2022-08-24
10,109,13,96,0,Guilford,2022-08-28
10,74,13,61,0,Guilford,2022-10-12
10,58,13,45,0,Guilford,2022-11-25
10,41,13,28,0,Nash,2022-08-29
10,82,13,69,0,New Hanover,2022-08-15
10,31,13,18,0,Pitt,2022-11-07
10,54,13,41,0,Rowan,2022-09-01
10,37,13,24,0,Vance,2022-07-11
10,84,13,71,0,Wake,2022-11-11
11,84,13,71,0,Davidson,2022-08-03
11,59,13,46,0,Franklin,2022-09-06
11,47,13,34,0,Johnston,2022-09-10
11,40,13,27,0,Lenoir,2022-07-29
11,68,13,55,0,Rowan,2022-08-25
11,96,13,83,0,Wake,2022-10-21
12,69,13,56,0,Cabarrus,2022-08-26
12,59,13,46,0,Caldwell,2022-09-08
12,74,13,61,0,Cumberland,2022-10-03
12,80,13,67,0,Guilford,2022-09-18
12,58,13,45,0,Guilford,2022-10-17
12,45,13,32,0,Moore,2022-07-26
12,69,13,56,0,Pitt,2022-08-18
13,50,13,37,0,Forsyth,2022-11-08
13,48,13,35,0,Johnston,2022-12-07
13,45,13,32,0,Nash,2022-07-06
13,34,13,21,0,Robeson,2022-12-05
13,46,13,33,0,Rowan,2022-07-24
13,69,13,56,0,Union,2022-06-14
13,48,13,35,0,Wilson,2022-07-27
14,79,13,66,0,Alamance,2022-06-28
14,62,13,49,0,Gaston,2022-12-05
14,50,13,37,0,Iredell,2022-07-01
14,48,13,35,0,Lincoln,2022-09-06
14,42,13,29,0,Surry,2022-12-05
15,93,13,80,0,Cabarrus,2022-08-24
15,70,13,57,0,Davidson,2022-09-07
15,99,13,86,0,Guilford,2022-09-10
15,55,13,42,0,Nash,2022-07-11
15,110,13,97,0,Pitt,2022-07-29
15,121,13,108,0,Wake,2022-10-06
16,90,13,77,0,Cabarrus,2022-07-28
16,60,13,47,0,Harnett,2022-09-06
16,96,13,83,0,Pitt,2022-07-14
16,79,13,66,0,Rowan,2022-08-02
18,75,13,62,0,Caldwell,2022-07-26
18,52,13,39,0,Cleveland,2022-08-30
18,105,13,92,0,Cumberland,2022-09-16
18,137,13,124,0,Durham,2022-08-30
18,98,13,85,0,Gaston,2022-07-29
18,125,13,112,0,Onslow,2022-07-19
19,80,13,67,0,Gaston,2022-06-24
19,94,13,81,0,Gaston,2022-07-08
20,81,13,68,0,Pitt,2022-06-28
21,102,13,89,0,Union,2022-07-15
21,136,13,123,0,Wake,2022-11-07
26,167,13,154,0,Durham,2022-09-06
28,169,13,156,0,Durham,2022-08-04
35,167,13,154,0,Pitt,2022-07-18
35,150,13,137,0,Pitt,2022-07-27
0,24,14,10,0,Sampson,2022-09-15
1,22,14,8,0,Haywood,2022-07-14
1,26,14,12,0,Iredell,2022-10-19
1,22,14,8,0,Sampson,2022-09-16
1,27,14,13,0,Vance,2022-08-12
1,24,14,10,0,Wilson,2022-06-24
2,21,14,7,0,Duplin,2022-09-06
2,24,14,10,0,Moore,2022-06-25
2,45,14,31,0,New Hanover,2022-08-26
2,22,14,8,0,Sampson,2022-06-23
2,20,14,6,0,Scotland,2022-09-06
2,35,14,21,0,Surry,2022-06-29
3,23,14,9,0,Catawba,2022-10-14
3,20,14,6,0,Catawba,2022-11-29
3,35,14,21,0,Henderson,2022-06-21
3,26,14,12,0,Robeson,2022-09-11
3,21,14,7,0,Sampson,2022-06-30
3,25,14,11,0,Sampson,2022-09-20
3,25,14,11,0,Vance,2022-09-09
3,22,14,8,0,Wilkes,2022-09-18
4,17,14,3,0,Ashe,2022-09-01
4,37,14,23,0,Brunswick,2022-09-08
4,24,14,10,0,Catawba,2022-12-02
4,23,14,9,0,Catawba,2022-12-06
4,25,14,11,0,Duplin,2022-08-30
4,46,14,32,0,Halifax,2022-07-11
4,41,14,27,0,Harnett,2022-06-15
4,48,14,34,0,Henderson,2022-08-09
4,38,14,24,0,Hoke,2022-06-21
4,39,14,25,0,Hoke,2022-07-07
4,30,14,16,0,Iredell,2022-10-27
4,24,14,10,0,Macon,2022-06-14
4,28,14,14,0,Moore,2022-07-01
4,38,14,24,0,Nash,2022-07-22
4,19,14,5,0,Wayne,2022-11-21
4,21,14,7,0,Wilkes,2022-07-05
4,20,14,6,0,Wilkes,2022-07-11
5,88,14,74,0,Cumberland,2022-07-10
5,38,14,24,0,Duplin,2022-07-20
5,49,14,35,0,Guilford,2022-11-16
5,29,14,15,0,Haywood,2022-09-06
5,22,14,8,0,Haywood,2022-09-07
5,29,14,15,0,Henderson,2022-08-27
5,44,14,30,0,Lenoir,2022-08-04
5,33,14,19,0,Moore,2022-09-16
5,20,14,6,0,Polk,2022-06-30
5,25,14,11,0,Robeson,2022-06-25
5,24,14,10,0,Sampson,2022-07-16
5,21,14,7,0,Sampson,2022-09-07
5,33,14,19,0,Scotland,2022-07-25
5,29,14,15,0,Wilkes,2022-08-17
5,20,14,6,0,Wilson,2022-10-04
6,32,14,18,0,Duplin,2022-09-08
6,42,14,28,0,Iredell,2022-09-28
6,28,14,14,0,Randolph,2022-12-10
6,33,14,19,0,Wilson,2022-09-15
6,33,14,19,0,Yadkin,2022-07-05
7,58,14,44,0,Brunswick,2022-08-11
7,70,14,56,0,Cabarrus,2022-06-23
7,54,14,40,0,Cabarrus,2022-09-20
7,34,14,20,0,Catawba,2022-11-30
7,35,14,21,0,Craven,2022-09-21
7,57,14,43,0,Cumberland,2022-10-11
7,27,14,13,0,Henderson,2022-07-10
7,41,14,27,0,Henderson,2022-07-13
7,29,14,15,0,Henderson,2022-10-17
7,21,14,7,0,Moore,2022-10-17
7,36,14,22,0,Nash,2022-06-14
7,22,14,8,0,Person,2022-08-29
7,23,14,9,0,Randolph,2022-08-28
7,80,14,66,0,Wake,2022-10-15
7,19,14,5,0,Wilkes,2022-06-24
7,34,14,20,0,Yadkin,2022-09-21
8,47,14,33,0,Alamance,2022-11-29
8,62,14,48,0,Brunswick,2022-07-29
8,49,14,35,0,Buncombe,2022-07-10
8,65,14,51,0,Cabarrus,2022-06-21
8,50,14,36,0,Cumberland,2022-11-21
8,41,14,27,0,Henderson,2022-07-23
8,60,14,46,0,Surry,2022-08-26
8,22,14,8,0,Wilkes,2022-12-04
9,49,14,35,0,Brunswick,2022-08-22
9,48,14,34,0,Buncombe,2022-06-25
9,72,14,58,0,Cabarrus,2022-06-20
9,65,14,51,0,Johnston,2022-06-23
9,23,14,9,0,Robeson,2022-07-09
9,59,14,45,0,Rowan,2022-06-28
9,55,14,41,0,Surry,2022-08-04
9,49,14,35,0,Surry,2022-08-05
9,80,14,66,0,Union,2022-08-29
9,28,14,14,0,Wayne,2022-11-29
9,35,14,21,0,Wilkes,2022-07-14
9,37,14,23,0,Wilkes,2022-08-15
9,40,14,26,0,Wilson,2022-08-16
9,39,14,25,0,Yadkin,2022-07-25
10,40,14,26,0,Buncombe,2022-12-09
10,79,14,65,0,Cabarrus,2022-06-17
10,41,14,27,0,Catawba,2022-07-04
10,63,14,49,0,Guilford,2022-10-14
10,57,14,43,0,Johnston,2022-08-13
10,68,14,54,0,Onslow,2022-07-01
10,79,14,65,0,Onslow,2022-09-12
10,41,14,27,0,Rockingham,2022-08-03
10,33,14,19,0,Surry,2022-12-08
10,31,14,17,0,Wilson,2022-08-23
11,71,14,57,0,Brunswick,2022-07-28
11,52,14,38,0,Henderson,2022-08-02
11,59,14,45,0,Iredell,2022-07-15
11,72,14,58,0,Johnston,2022-06-20
11,67,14,53,0,New Hanover,2022-07-23
11,97,14,83,0,Onslow,2022-06-27
12,72,14,58,0,Cumberland,2022-09-10
12,55,14,41,0,Davidson,2022-08-25
12,113,14,99,0,Gaston,2022-07-12
12,85,14,71,0,Wake,2022-11-16
13,70,14,56,0,Johnston,2022-08-11
13,64,14,50,0,Moore,2022-07-19
13,91,14,77,0,Union,2022-06-15
13,95,14,81,0,Wake,2022-11-18
14,40,14,26,0,Cleveland,2022-09-12
14,89,14,75,0,Cumberland,2022-12-06
14,60,14,46,0,Davidson,2022-08-05
14,94,14,80,0,Gaston,2022-08-11
14,77,14,63,0,New Hanover,2022-08-11
15,78,14,64,0,Cumberland,2022-08-13
15,76,14,62,0,Gaston,2022-06-20
15,88,14,74,0,Johnston,2022-07-19
15,75,14,61,0,Rowan,2022-07-27
16,95,14,81,0,Cabarrus,2022-07-06
16,104,14,90,0,Cabarrus,2022-07-22
16,67,14,53,0,Cleveland,2022-08-01
16,149,14,135,0,Durham,2022-06-30
16,86,14,72,0,Guilford,2022-11-21
16,87,14,73,0,Johnston,2022-08-24
16,50,14,36,0,Lincoln,2022-08-01
16,98,14,84,0,Mecklenburg,2022-11-11
16,98,14,84,0,Rowan,2022-07-19
16,78,14,64,0,Union,2022-09-09
17,60,14,46,0,Alamance,2022-08-12
18,74,14,60,0,Alamance,2022-07-26
18,103,14,89,0,Guilford,2022-07-16
18,163,14,149,0,Guilford,2022-07-23
18,121,14,107,0,Guilford,2022-07-24
18,51,14,37,0,Stokes,2022-08-01
18,102,14,88,0,Union,2022-06-28
20,174,14,160,0,Durham,2022-07-11
21,83,14,69,0,Davidson,2022-08-22
21,186,14,172,0,Durham,2022-08-08
21,144,14,130,0,Onslow,2022-07-27
22,130,14,116,0,Durham,2022-08-24
22,123,14,109,0,Mecklenburg,2022-11-08
22,98,14,84,0,Union,2022-07-14
24,89,14,75,0,Pitt,2022-08-15
25,78,14,64,0,Rowan,2022-07-25
26,115,14,101,0,Pitt,2022-06-27
0,24,15,9,0,Haywood,2022-07-05
1,23,15,8,0,Henderson,2022-07-04
2,35,15,20,0,Carteret,2022-06-24
2,32,15,17,0,Harnett,2022-08-06
2,27,15,12,0,Haywood,2022-07-27
2,27,15,12,0,Iredell,2022-10-04
2,58,15,43,0,New Hanover,2022-07-24
2,15,15,0,0,Polk,2022-11-15
2,28,15,13,0,Sampson,2022-09-13
3,28,15,13,0,Carteret,2022-06-28
3,31,15,16,0,Carteret,2022-07-06
3,17,15,2,0,Haywood,2022-07-04
3,34,15,19,0,Haywood,2022-07-26
3,36,15,21,0,Hoke,2022-07-21
3,29,15,14,0,Iredell,2022-10-06
3,32,15,17,0,Lincoln,2022-07-06
3,21,15,6,0,Wayne,2022-11-09
3,36,15,21,0,Wilkes,2022-07-08
4,48,15,33,0,Catawba,2022-10-24
4,18,15,3,0,Catawba,2022-12-10
4,54,15,39,0,Cumberland,2022-09-11
4,16,15,1,0,Graham,2022-08-30
4,21,15,6,0,Haywood,2022-09-04
4,32,15,17,0,Henderson,2022-07-09
4,37,15,22,0,Iredell,2022-07-02
4,29,15,14,0,Iredell,2022-10-25
4,26,15,11,0,Robeson,2022-11-02
4,30,15,15,0,Stokes,2022-06-27
4,16,15,1,0,Transylvania,2022-09-11
4,35,15,20,0,Wilson,2022-08-18
5,41,15,26,0,Buncombe,2022-07-09
5,28,15,13,0,Carteret,2022-08-03
5,56,15,41,0,Catawba,2022-08-17
5,38,15,23,0,Harnett,2022-08-23
5,22,15,7,0,Haywood,2022-07-30
5,25,15,10,0,Haywood,2022-09-12
5,44,15,29,0,Moore,2022-06-28
5,28,15,13,0,Moore,2022-10-11
5,21,15,6,0,Robeson,2022-11-04
5,21,15,6,0,Wayne,2022-12-02
5,22,15,7,0,Wilkes,2022-12-09
6,38,15,23,0,Craven,2022-07-16
6,35,15,20,0,Craven,2022-08-30
6,32,15,17,0,Henderson,2022-06-20
6,31,15,16,0,Iredell,2022-12-01
6,44,15,29,0,Johnston,2022-07-02
6,34,15,19,0,Lenoir,2022-07-06
6,20,15,5,0,Moore,2022-10-10
6,84,15,69,0,Pitt,2022-06-22
6,24,15,9,0,Sampson,2022-08-05
6,31,15,16,0,Surry,2022-07-15
6,36,15,21,0,Wayne,2022-07-23
6,34,15,19,0,Wayne,2022-09-29
6,31,15,16,0,Wilkes,2022-06-21
6,36,15,21,0,Wilkes,2022-08-09
7,37,15,22,0,Alamance,2022-10-17
7,37,15,22,0,Buncombe,2022-09-17
7,37,15,22,0,Buncombe,2022-10-19
7,34,15,19,0,Catawba,2022-09-23
7,42,15,27,0,Harnett,2022-08-22
7,28,15,13,0,Iredell,2022-09-11
7,28,15,13,0,Randolph,2022-09-05
7,34,15,19,0,Rockingham,2022-08-04
7,30,15,15,0,Rutherford,2022-08-31
8,48,15,33,0,Buncombe,2022-10-28
8,43,15,28,0,Lenoir,2022-07-11
8,39,15,24,0,Moore,2022-08-03
8,33,15,18,0,Nash,2022-09-08
8,89,15,74,0,New Hanover,2022-07-12
8,64,15,49,0,Pitt,2022-07-01
8,39,15,24,0,Randolph,2022-08-13
8,30,15,15,0,Randolph,2022-12-02
8,56,15,41,0,Union,2022-11-28
8,33,15,18,0,Wayne,2022-07-16
8,27,15,12,0,Wayne,2022-12-07
8,34,15,19,0,Wilkes,2022-09-07
8,37,15,22,0,Wilson,2022-08-24
9,62,15,47,0,Brunswick,2022-07-13
9,53,15,38,0,Buncombe,2022-08-06
9,37,15,22,0,Catawba,2022-06-17
9,62,15,47,0,Davidson,2022-09-01
9,55,15,40,0,Forsyth,2022-10-18
9,34,15,19,0,Iredell,2022-11-21
9,31,15,16,0,Lincoln,2022-10-10
9,87,15,72,0,Onslow,2022-07-14
9,30,15,15,0,Randolph,2022-12-05
9,35,15,20,0,Robeson,2022-09-03
9,31,15,16,0,Rutherford,2022-08-18
9,98,15,83,0,Union,2022-07-23
10,44,15,29,0,Beaufort,2022-07-25
10,75,15,60,0,Cabarrus,2022-08-05
10,48,15,33,0,Cleveland,2022-09-08
10,72,15,57,0,Guilford,2022-10-31
10,58,15,43,0,Iredell,2022-08-19
10,112,15,97,0,New Hanover,2022-07-21
10,52,15,37,0,Union,2022-10-03
11,72,15,57,0,Alamance,2022-09-13
11,60,15,45,0,New Hanover,2022-09-01
12,66,15,51,0,Burke,2022-09-06
12,68,15,53,0,Cabarrus,2022-07-23
12,80,15,65,0,Cumberland,2022-11-28
12,74,15,59,0,Johnston,2022-06-30
12,84,15,69,0,Mecklenburg,2022-11-10
12,41,15,26,0,Robeson,2022-11-30
12,85,15,70,0,Wake,2022-12-03
13,106,15,91,0,Cumberland,2022-08-25
13,94,15,79,0,Forsyth,2022-07-10
13,112,15,97,0,Forsyth,2022-09-22
13,90,15,75,0,Johnston,2022-07-28
14,95,15,80,0,Cumberland,2022-08-12
14,38,15,23,0,Rutherford,2022-08-22
15,86,15,71,0,Alamance,2022-07-07
15,185,15,170,0,Durham,2022-06-23
15,92,15,77,0,Johnston,2022-08-01
15,75,15,60,0,Pitt,2022-08-19
16,53,15,38,0,Surry,2022-08-09
17,74,15,59,0,Gaston,2022-08-31
17,113,15,98,0,Guilford,2022-08-27
18,60,15,45,0,Johnston,2022-09-26
19,111,15,96,0,Gaston,2022-07-11
20,129,15,114,0,Forsyth,2022-07-01
20,107,15,92,0,Gaston,2022-08-22
21,163,15,148,0,Durham,2022-07-14
21,102,15,87,0,Forsyth,2022-12-06
21,102,15,87,0,Gaston,2022-07-21
22,88,15,73,0,Cumberland,2022-08-18
22,120,15,105,0,Pitt,2022-08-08
23,84,15,69,0,Gaston,2022-08-17
24,68,15,53,0,Cleveland,2022-07-18
27,146,15,131,0,Cumberland,2022-08-17
31,172,15,157,0,Forsyth,2022-08-05
1,23,16,7,0,Duplin,2022-06-14
1,28,16,12,0,Sampson,2022-07-08
2,37,16,21,0,Buncombe,2022-11-09
2,19,16,3,0,Haywood,2022-07-02
2,38,16,22,0,Lenoir,2022-07-15
3,21,16,5,0,Beaufort,2022-09-13
3,50,16,34,0,Brunswick,2022-08-16
3,25,16,9,0,Catawba,2022-11-08
3,43,16,27,0,Craven,2022-08-16
3,28,16,12,0,Craven,2022-09-01
3,41,16,25,0,Franklin,2022-07-14
3,31,16,15,0,Haywood,2022-06-28
3,33,16,17,0,Henderson,2022-08-03
3,40,16,24,0,Randolph,2022-08-12
3,23,16,7,0,Wilkes,2022-06-17
4,28,16,12,0,Buncombe,2022-11-18
4,42,16,26,0,Catawba,2022-07-09
4,28,16,12,0,Duplin,2022-07-08
4,30,16,14,0,Haywood,2022-07-01
4,26,16,10,0,Henderson,2022-07-02
4,45,16,29,0,Lenoir,2022-07-13
4,17,16,1,0,Lenoir,2022-08-14
4,36,16,20,0,Moore,2022-09-11
4,49,16,33,0,New Hanover,2022-08-13
4,37,16,21,0,Randolph,2022-06-16
4,32,16,16,0,Richmond,2022-06-21
4,20,16,4,0,Robeson,2022-10-20
4,39,16,23,0,Surry,2022-09-02
4,22,16,6,0,Wayne,2022-10-19
4,26,16,10,0,Wayne,2022-11-03
5,27,16,11,0,Columbus,2022-09-12
5,65,16,49,0,Cumberland,2022-09-04
5,36,16,20,0,Granville,2022-07-27
5,22,16,6,0,Haywood,2022-07-07
5,22,16,6,0,Henderson,2022-10-31
5,46,16,30,0,Iredell,2022-06-19
5,40,16,24,0,Iredell,2022-09-27
5,32,16,16,0,Lincoln,2022-08-15
5,44,16,28,0,Nash,2022-07-14
5,30,16,14,0,Sampson,2022-09-08
5,26,16,10,0,Wilkes,2022-07-20
5,28,16,12,0,Wilkes,2022-09-09
6,40,16,24,0,Carteret,2022-06-27
6,29,16,13,0,Catawba,2022-11-01
6,25,16,9,0,Cleveland,2022-10-04
6,27,16,11,0,Columbus,2022-07-14
6,43,16,27,0,Craven,2022-07-28
6,34,16,18,0,Craven,2022-09-07
6,61,16,45,0,Cumberland,2022-07-04
6,33,16,17,0,Duplin,2022-08-16
6,59,16,43,0,Henderson,2022-08-04
6,40,16,24,0,Lincoln,2022-07-19
6,32,16,16,0,Moore,2022-09-14
6,35,16,19,0,Randolph,2022-06-24
6,31,16,15,0,Robeson,2022-11-03
6,22,16,6,0,Robeson,2022-12-01
7,29,16,13,0,Catawba,2022-10-18
7,28,16,12,0,Columbus,2022-06-27
7,65,16,49,0,Craven,2022-07-06
7,70,16,54,0,Cumberland,2022-07-03
7,44,16,28,0,Cumberland,2022-11-22
7,34,16,18,0,Lee,2022-07-22
7,47,16,31,0,Lenoir,2022-07-21
7,47,16,31,0,New Hanover,2022-12-07
7,29,16,13,0,Randolph,2022-11-29
7,30,16,14,0,Robeson,2022-09-16
7,30,16,14,0,Robeson,2022-11-28
7,59,16,43,0,Union,2022-12-09
7,28,16,12,0,Wilkes,2022-08-25
7,30,16,14,0,Wilson,2022-09-08
8,73,16,57,0,Cabarrus,2022-06-16
8,64,16,48,0,Cabarrus,2022-11-29
8,51,16,35,0,Caldwell,2022-09-19
8,38,16,22,0,Carteret,2022-06-29
8,37,16,21,0,Catawba,2022-12-05
8,41,16,25,0,Craven,2022-09-19
8,45,16,29,0,Cumberland,2022-10-19
8,41,16,25,0,Iredell,2022-07-08
8,64,16,48,0,Lenoir,2022-07-19
8,82,16,66,0,New Hanover,2022-06-27
8,93,16,77,0,New Hanover,2022-08-01
8,32,16,16,0,Randolph,2022-09-16
8,31,16,15,0,Stokes,2022-06-24
8,43,16,27,0,Surry,2022-07-29
8,40,16,24,0,Surry,2022-07-31
9,69,16,53,0,Alamance,2022-07-22
9,79,16,63,0,Cumberland,2022-07-02
9,53,16,37,0,Davidson,2022-06-20
9,64,16,48,0,Davidson,2022-09-15
9,139,16,123,0,Forsyth,2022-06-15
9,83,16,67,0,Forsyth,2022-07-16
9,68,16,52,0,Forsyth,2022-11-29
9,74,16,58,0,Harnett,2022-07-19
9,55,16,39,0,Harnett,2022-07-26
9,53,16,37,0,Johnston,2022-09-16
9,40,16,24,0,Nash,2022-06-30
9,40,16,24,0,Randolph,2022-06-23
9,35,16,19,0,Wilson,2022-06-23
9,42,16,26,0,Wilson,2022-07-29
10,42,16,26,0,Beaufort,2022-08-04
10,72,16,56,0,Cumberland,2022-08-20
10,39,16,23,0,Duplin,2022-08-04
10,61,16,45,0,Guilford,2022-10-20
11,76,16,60,0,Cabarrus,2022-09-09
11,47,16,31,0,Davidson,2022-06-23
11,65,16,49,0,Davidson,2022-08-02
11,33,16,17,0,Davie,2022-06-27
11,75,16,59,0,Gaston,2022-06-15
11,82,16,66,0,Gaston,2022-07-15
11,103,16,87,0,Guilford,2022-07-10
11,45,16,29,0,Johnston,2022-09-11
11,64,16,48,0,Nash,2022-07-07
11,45,16,29,0,Surry,2022-07-12
11,31,16,15,0,Surry,2022-12-01
11,69,16,53,0,Union,2022-07-16
11,64,16,48,0,Union,2022-09-19
12,46,16,30,0,Robeson,2022-09-22
12,57,16,41,0,Rowan,2022-07-14
12,79,16,63,0,Rowan,2022-08-23
13,58,16,42,0,Catawba,2022-09-20
13,85,16,69,0,Cumberland,2022-07-24
13,53,16,37,0,Guilford,2022-12-04
13,66,16,50,0,Lenoir,2022-07-26
13,39,16,23,0,Surry,2022-07-07
13,82,16,66,0,Union,2022-06-21
13,54,16,38,0,Wilson,2022-08-15
14,88,16,72,0,Davidson,2022-08-04
14,72,16,56,0,Forsyth,2022-12-01
14,85,16,69,0,Gaston,2022-06-23
14,97,16,81,0,Pitt,2022-06-30
14,63,16,47,0,Rowan,2022-08-09
15,91,16,75,0,Brunswick,2022-07-18
15,88,16,72,0,Cabarrus,2022-06-30
15,102,16,86,0,Pitt,2022-06-21
15,84,16,68,0,Pitt,2022-08-17
15,69,16,53,0,Rowan,2022-07-11
15,68,16,52,0,Rowan,2022-08-15
16,67,16,51,0,Pitt,2022-09-08
17,76,16,60,0,Alamance,2022-08-09
17,125,16,109,0,Cabarrus,2022-07-27
17,92,16,76,0,Cumberland,2022-09-28
17,75,16,59,0,Gaston,2022-07-16
17,83,16,67,0,Onslow,2022-09-06
18,110,16,94,0,New Hanover,2022-08-02
19,121,16,105,0,Mecklenburg,2022-11-26
19,111,16,95,0,Wake,2022-11-09
20,91,16,75,0,Alamance,2022-07-28
20,76,16,60,0,Lenoir,2022-07-25
21,142,16,126,0,Forsyth,2022-08-18
21,67,16,51,0,Rowan,2022-06-27
21,142,16,126,0,Wake,2022-10-26
21,104,16,88,0,Wake,2022-11-27
22,104,16,88,0,Cabarrus,2022-07-08
22,135,16,119,0,Wake,2022-11-14
23,88,16,72,0,Davidson,2022-08-15
24,117,16,101,0,Union,2022-07-19
26,107,16,91,0,Wake,2022-11-26
27,124,16,108,0,Gaston,2022-07-20
27,129,16,113,0,Pitt,2022-07-21
28,119,16,103,0,Pitt,2022-07-11
1,29,17,12,0,Jackson,2022-08-01
1,24,17,7,0,Jackson,2022-08-29
2,49,17,32,0,Buncombe,2022-07-03
2,30,17,13,0,Burke,2022-11-01
2,60,17,43,0,Craven,2022-07-08
2,23,17,6,0,Jackson,2022-08-24
2,21,17,4,0,Pasquotank,2022-07-27
2,25,17,8,0,Sampson,2022-09-19
3,29,17,12,0,Carteret,2022-07-22
3,27,17,10,0,Carteret,2022-09-12
3,40,17,23,0,Iredell,2022-09-04
3,42,17,25,0,Moore,2022-06-27
3,30,17,13,0,New Hanover,2022-11-26
3,30,17,13,0,Sampson,2022-09-21
3,32,17,15,0,Wayne,2022-07-10
3,20,17,3,0,Wayne,2022-10-07
4,20,17,3,0,Avery,2022-08-22
4,47,17,30,0,Buncombe,2022-07-17
4,37,17,20,0,Catawba,2022-10-25
4,25,17,8,0,Columbus,2022-09-06
4,44,17,27,0,Craven,2022-09-22
4,26,17,9,0,Randolph,2022-06-25
4,33,17,16,0,Randolph,2022-07-23
4,32,17,15,0,Sampson,2022-09-12
4,48,17,31,0,Surry,2022-07-22
4,30,17,13,0,Wayne,2022-10-25
4,33,17,16,0,Yadkin,2022-07-19
5,27,17,10,0,Alexander,2022-07-12
5,50,17,33,0,Buncombe,2022-09-01
5,40,17,23,0,Buncombe,2022-11-08
5,38,17,21,0,Carteret,2022-07-01
5,66,17,49,0,Cumberland,2022-06-26
5,22,17,5,0,Robeson,2022-09-29
5,30,17,13,0,Wayne,2022-09-23
5,32,17,15,0,Wilkes,2022-07-01
5,18,17,1,0,Wilkes,2022-07-04
6,48,17,31,0,Catawba,2022-08-06
6,32,17,15,0,Craven,2022-09-13
6,52,17,35,0,Granville,2022-07-06
6,30,17,13,0,Iredell,2022-10-26
6,62,17,45,0,New Hanover,2022-08-29
6,36,17,19,0,Robeson,2022-09-27
6,28,17,11,0,Scotland,2022-08-01
6,32,17,15,0,Stokes,2022-09-12
6,54,17,37,0,Surry,2022-07-19
6,43,17,26,0,Wilson,2022-07-14
6,23,17,6,0,Yadkin,2022-09-05
7,55,17,38,0,Brunswick,2022-06-24
7,42,17,25,0,Buncombe,2022-10-25
7,84,17,67,0,Cumberland,2022-09-23
7,26,17,9,0,Duplin,2022-07-07
7,26,17,9,0,Duplin,2022-08-22
7,58,17,41,0,Guilford,2022-11-17
7,54,17,37,0,Harnett,2022-07-12
7,47,17,30,0,Henderson,2022-06-30
7,42,17,25,0,Moore,2022-06-29
7,45,17,28,0,Moore,2022-07-12
7,74,17,57,0,New Hanover,2022-09-06
7,50,17,33,0,New Hanover,2022-09-08
7,98,17,81,0,Onslow,2022-07-08
7,41,17,24,0,Randolph,2022-08-23
7,44,17,27,0,Randolph,2022-09-15
7,46,17,29,0,Robeson,2022-09-15
7,39,17,22,0,Wayne,2022-06-15
7,37,17,20,0,Wilkes,2022-08-23
7,42,17,25,0,Wilson,2022-09-12
8,54,17,37,0,Buncombe,2022-09-14
8,92,17,75,0,Forsyth,2022-07-03
8,77,17,60,0,Guilford,2022-10-10
8,94,17,77,0,Johnston,2022-07-26
8,31,17,14,0,Richmond,2022-07-05
8,36,17,19,0,Robeson,2022-09-09
9,52,17,35,0,Catawba,2022-07-23
9,38,17,21,0,Catawba,2022-12-08
9,43,17,26,0,Henderson,2022-07-11
9,32,17,15,0,Iredell,2022-10-17
9,35,17,18,0,Moore,2022-09-22
9,41,17,24,0,Nash,2022-06-20
9,50,17,33,0,Nash,2022-08-30
9,70,17,53,0,New Hanover,2022-07-16
9,45,17,28,0,Richmond,2022-07-11
9,35,17,18,0,Robeson,2022-09-05
9,29,17,12,0,Wilkes,2022-09-01
10,58,17,41,0,Buncombe,2022-07-16
10,47,17,30,0,Catawba,2022-09-14
10,31,17,14,0,Catawba,2022-10-21
10,89,17,72,0,Cumberland,2022-09-26
10,73,17,56,0,Pitt,2022-08-24
10,33,17,16,0,Richmond,2022-09-07
10,33,17,16,0,Robeson,2022-10-10
11,73,17,56,0,Alamance,2022-08-23
11,87,17,70,0,Guilford,2022-06-26
11,63,17,46,0,Harnett,2022-07-07
11,87,17,70,0,Johnston,2022-07-07
11,69,17,52,0,Johnston,2022-07-22
11,45,17,28,0,Lenoir,2022-07-05
11,41,17,24,0,Randolph,2022-08-18
11,36,17,19,0,Randolph,2022-11-30
11,81,17,64,0,Union,2022-09-07
11,29,17,12,0,Wilkes,2022-08-22
12,83,17,66,0,Brunswick,2022-07-20
12,56,17,39,0,Brunswick,2022-08-15
12,75,17,58,0,Caldwell,2022-09-06
12,76,17,59,0,Davidson,2022-07-20
12,55,17,38,0,Iredell,2022-09-09
12,97,17,80,0,New Hanover,2022-06-22
12,55,17,38,0,New Hanover,2022-09-07
12,49,17,32,0,Richmond,2022-07-25
12,84,17,67,0,Rowan,2022-07-12
12,44,17,27,0,Surry,2022-08-24
13,107,17,90,0,Cumberland,2022-06-17
13,132,17,115,0,Cumberland,2022-08-05
13,41,17,24,0,Duplin,2022-08-09
13,54,17,37,0,Lincoln,2022-07-25
14,84,17,67,0,Cabarrus,2022-09-06
14,112,17,95,0,Durham,2022-09-13
14,64,17,47,0,Johnston,2022-09-20
14,76,17,59,0,Rowan,2022-08-30
15,69,17,52,0,Cleveland,2022-07-25
15,72,17,55,0,Guilford,2022-11-08
15,120,17,103,0,Mecklenburg,2022-10-07
15,66,17,49,0,Rowan,2022-07-07
15,122,17,105,0,Union,2022-07-21
16,86,17,69,0,Alamance,2022-08-03
16,82,17,65,0,Burke,2022-08-08
16,77,17,60,0,Guilford,2022-11-02
17,72,17,55,0,Gaston,2022-12-08
18,63,17,46,0,Caldwell,2022-07-28
19,119,17,102,0,Pitt,2022-07-06
19,101,17,84,0,Union,2022-08-22
20,124,17,107,0,Union,2022-07-25
21,134,17,117,0,Wake,2022-10-12
22,162,17,145,0,Durham,2022-07-28
24,223,17,206,0,Durham,2022-08-09
24,124,17,107,0,Durham,2022-08-23
26,128,17,111,0,Mecklenburg,2022-10-27
32,176,17,159,0,Forsyth,2022-07-19
32,204,17,187,0,Forsyth,2022-08-01
0,30,18,12,0,Sampson,2022-06-20
2,46,18,28,0,Buncombe,2022-07-23
2,30,18,12,0,Henderson,2022-07-03
2,27,18,9,0,Moore,2022-11-01
2,45,18,27,0,New Hanover,2022-06-26
2,26,18,8,0,Sampson,2022-06-28
3,39,18,21,0,Alamance,2022-09-05
3,27,18,9,0,Haywood,2022-09-01
3,39,18,21,0,Iredell,2022-07-10
3,26,18,8,0,Wilkes,2022-09-20
4,36,18,18,0,Buncombe,2022-09-29
4,40,18,22,0,Carteret,2022-07-13
4,42,18,24,0,Craven,2022-08-03
4,32,18,14,0,Lenoir,2022-06-24
4,42,18,24,0,Moore,2022-06-23
4,53,18,35,0,Nash,2022-07-12
4,83,18,65,0,New Hanover,2022-06-28
4,59,18,41,0,Pitt,2022-09-15
4,22,18,4,0,Randolph,2022-10-12
5,42,18,24,0,Buncombe,2022-09-16
5,49,18,31,0,Buncombe,2022-11-01
5,37,18,19,0,Catawba,2022-09-27
5,33,18,15,0,Catawba,2022-12-01
5,39,18,21,0,Henderson,2022-09-06
5,27,18,9,0,Iredell,2022-07-04
5,50,18,32,0,Wayne,2022-06-17
5,52,18,34,0,Wilson,2022-08-10
6,62,18,44,0,Buncombe,2022-09-13
6,62,18,44,0,Cumberland,2022-08-21
6,46,18,28,0,Iredell,2022-08-28
7,62,18,44,0,Davidson,2022-07-15
7,30,18,12,0,Haywood,2022-07-22
7,47,18,29,0,Henderson,2022-06-27
7,43,18,25,0,Iredell,2022-06-16
7,30,18,12,0,Iredell,2022-11-25
7,48,18,30,0,Lenoir,2022-07-20
7,36,18,18,0,Randolph,2022-07-24
7,39,18,21,0,Sampson,2022-08-10
8,43,18,25,0,Cumberland,2022-11-23
8,27,18,9,0,Duplin,2022-09-12
8,35,18,17,0,Randolph,2022-09-23
9,65,18,47,0,Brunswick,2022-07-08
9,35,18,17,0,Columbus,2022-07-11
9,64,18,46,0,Harnett,2022-07-27
9,50,18,32,0,Henderson,2022-07-15
9,41,18,23,0,Iredell,2022-12-05
9,76,18,58,0,Johnston,2022-07-01
9,75,18,57,0,New Hanover,2022-07-01
10,39,18,21,0,Davidson,2022-10-06
10,35,18,17,0,Wilson,2022-08-22
11,85,18,67,0,Brunswick,2022-08-01
11,50,18,32,0,Buncombe,2022-10-17
11,102,18,84,0,Forsyth,2022-06-17
11,76,18,58,0,Gaston,2022-09-02
11,52,18,34,0,Moore,2022-09-06
11,45,18,27,0,Robeson,2022-08-07
11,118,18,100,0,Wake,2022-10-18
12,66,18,48,0,New Hanover,2022-08-16
12,35,18,17,0,Robeson,2022-06-17
13,74,18,56,0,Alamance,2022-08-25
13,42,18,24,0,Lincoln,2022-09-12
13,105,18,87,0,Onslow,2022-06-21
13,35,18,17,0,Robeson,2022-10-31
14,99,18,81,0,Forsyth,2022-08-07
14,90,18,72,0,Forsyth,2022-12-07
15,43,18,25,0,Columbus,2022-07-27
15,124,18,106,0,Forsyth,2022-07-15
15,84,18,66,0,Onslow,2022-06-28
15,109,18,91,0,Wake,2022-10-20
16,93,18,75,0,Forsyth,2022-09-10
16,63,18,45,0,Johnston,2022-08-26
16,55,18,37,0,Surry,2022-08-08
17,71,18,53,0,Cabarrus,2022-08-17
17,64,18,46,0,Rowan,2022-08-04
19,86,18,68,0,Johnston,2022-08-05
20,76,18,58,0,Johnston,2022-09-15
22,128,18,110,0,Forsyth,2022-08-19
23,127,18,109,0,Mecklenburg,2022-10-19
23,126,18,108,0,Onslow,2022-07-26
23,150,18,132,0,Wake,2022-09-17
40,286,18,268,0,Mecklenburg,2022-08-07
1,28,19,9,0,Carteret,2022-08-22
1,25,19,6,0,Wilkes,2022-07-07
2,33,19,14,0,Buncombe,2022-11-25
2,31,19,12,0,Henderson,2022-06-26
3,48,19,29,0,Buncombe,2022-08-25
3,45,19,26,0,Henderson,2022-07-24
3,43,19,24,0,Johnston,2022-09-05
3,37,19,18,0,Lenoir,2022-07-08
3,31,19,12,0,Sampson,2022-07-22
3,30,19,11,0,Surry,2022-06-23
4,46,19,27,0,Catawba,2022-09-22
4,33,19,14,0,Henderson,2022-06-22
4,50,19,31,0,Iredell,2022-07-16
4,42,19,23,0,Iredell,2022-09-16
4,33,19,14,0,Robeson,2022-06-19
4,52,19,33,0,Surry,2022-08-31
5,89,19,70,0,Brunswick,2022-07-07
5,47,19,28,0,Catawba,2022-09-05
5,55,19,36,0,Craven,2022-06-29
5,33,19,14,0,Duplin,2022-06-28
5,22,19,3,0,Haywood,2022-09-13
5,92,19,73,0,New Hanover,2022-07-22
5,45,19,26,0,Randolph,2022-06-27
6,50,19,31,0,Buncombe,2022-09-26
6,69,19,50,0,Guilford,2022-10-11
6,52,19,33,0,Nash,2022-07-05
6,34,19,15,0,Wilkes,2022-06-28
6,49,19,30,0,Wilson,2022-08-03
7,36,19,17,0,Catawba,2022-09-16
7,44,19,25,0,Harnett,2022-07-08
7,52,19,33,0,Iredell,2022-07-24
7,43,19,24,0,Iredell,2022-11-01
7,50,19,31,0,Moore,2022-07-25
7,44,19,25,0,Surry,2022-07-24
7,36,19,17,0,Vance,2022-08-03
7,37,19,18,0,Wayne,2022-07-04
7,55,19,36,0,Wayne,2022-07-17
8,86,19,67,0,Brunswick,2022-08-03
8,44,19,25,0,Craven,2022-07-21
8,78,19,59,0,Johnston,2022-07-21
8,50,19,31,0,Surry,2022-07-08
8,39,19,20,0,Wilkes,2022-07-19
8,35,19,16,0,Wilkes,2022-08-10
8,36,19,17,0,Wilkes,2022-08-16
8,51,19,32,0,Wilson,2022-07-13
9,48,19,29,0,Cabarrus,2022-11-28
9,87,19,68,0,Craven,2022-07-05
9,158,19,139,0,Durham,2022-06-14
9,70,19,51,0,Guilford,2022-11-23
9,33,19,14,0,Iredell,2022-11-30
9,31,19,12,0,Wilkes,2022-08-27
10,59,19,40,0,Alamance,2022-07-15
10,66,19,47,0,Buncombe,2022-08-18
10,40,19,21,0,Cleveland,2022-11-28
10,94,19,75,0,Cumberland,2022-07-16
10,52,19,33,0,Davidson,2022-06-28
10,35,19,16,0,Davidson,2022-10-12
10,58,19,39,0,Lenoir,2022-07-27
10,91,19,72,0,Pitt,2022-08-29
10,29,19,10,0,Robeson,2022-10-17
10,107,19,88,0,Wake,2022-10-02
11,38,19,19,0,Randolph,2022-08-25
11,35,19,16,0,Robeson,2022-12-07
11,50,19,31,0,Wilson,2022-07-11
12,79,19,60,0,Cabarrus,2022-06-15
12,57,19,38,0,Catawba,2022-06-21
12,74,19,55,0,Davidson,2022-07-22
12,63,19,44,0,Guilford,2022-11-22
12,78,19,59,0,Johnston,2022-07-08
13,82,19,63,0,Forsyth,2022-11-28
13,121,19,102,0,Guilford,2022-09-16
13,62,19,43,0,Pitt,2022-08-30
13,108,19,89,0,Union,2022-08-08
14,121,19,102,0,Mecklenburg,2022-10-12
15,89,19,70,0,Alamance,2022-07-11
15,91,19,72,0,Alamance,2022-09-07
15,183,19,164,0,Durham,2022-06-15
15,175,19,156,0,Durham,2022-06-27
15,87,19,68,0,Forsyth,2022-09-04
15,85,19,66,0,Forsyth,2022-09-11
15,81,19,62,0,Johnston,2022-09-14
16,146,19,127,0,Mecklenburg,2022-10-04
16,90,19,71,0,Pitt,2022-08-10
17,67,19,48,0,Caldwell,2022-08-15
17,186,19,167,0,Durham,2022-08-01
17,127,19,108,0,Onslow,2022-08-05
18,70,19,51,0,Davidson,2022-07-14
18,134,19,115,0,Wake,2022-11-23
19,84,19,65,0,Union,2022-07-13
20,93,19,74,0,Cabarrus,2022-07-21
21,95,19,76,0,Gaston,2022-06-30
22,88,19,69,0,Forsyth,2022-12-08
22,82,19,63,0,Rowan,2022-07-05
25,113,19,94,0,Union,2022-08-04
1,40,20,20,0,Carteret,2022-07-11
2,40,20,20,0,Carteret,2022-06-21
2,31,20,11,0,Carteret,2022-08-11
2,40,20,20,0,Durham,2022-10-23
2,25,20,5,0,Henderson,2022-11-03
3,77,20,57,0,Buncombe,2022-08-05
3,39,20,19,0,Duplin,2022-07-12
3,45,20,25,0,Iredell,2022-09-20
3,30,20,10,0,Lee,2022-08-28
3,24,20,4,0,Sampson,2022-08-22
3,36,20,16,0,Wayne,2022-06-16
3,37,20,17,0,Wayne,2022-12-05
4,58,20,38,0,Buncombe,2022-08-30
4,29,20,9,0,Haywood,2022-06-16
4,34,20,14,0,Haywood,2022-08-01
4,26,20,6,0,Haywood,2022-09-19
5,39,20,19,0,Buncombe,2022-11-29
5,41,20,21,0,Cabarrus,2022-11-22
5,38,20,18,0,Craven,2022-07-15
5,33,20,13,0,Haywood,2022-08-30
5,46,20,26,0,New Hanover,2022-06-25
5,39,20,19,0,Randolph,2022-07-30
5,44,20,24,0,Randolph,2022-07-31
5,39,20,19,0,Robeson,2022-08-26
5,24,20,4,0,Wayne,2022-11-01
5,25,20,5,0,Wilkes,2022-06-26
5,30,20,10,0,Wilkes,2022-07-26
6,42,20,22,0,Craven,2022-09-06
6,63,20,43,0,Guilford,2022-07-04
6,28,20,8,0,Haywood,2022-08-19
6,88,20,68,0,New Hanover,2022-07-29
6,30,20,10,0,Randolph,2022-06-15
6,32,20,12,0,Wayne,2022-09-13
7,83,20,63,0,Craven,2022-06-21
7,37,20,17,0,Iredell,2022-10-12
7,49,20,29,0,Randolph,2022-08-17
7,39,20,19,0,Wilson,2022-06-27
8,56,20,36,0,Buncombe,2022-08-31
8,42,20,22,0,Buncombe,2022-09-28
8,45,20,25,0,Duplin,2022-08-08
8,38,20,18,0,Yadkin,2022-09-12
9,47,20,27,0,Buncombe,2022-11-14
9,61,20,41,0,Surry,2022-08-03
9,34,20,14,0,Wayne,2022-09-01
9,38,20,18,0,Wayne,2022-09-20
10,43,20,23,0,Craven,2022-07-22
10,102,20,82,0,Johnston,2022-08-03
10,93,20,73,0,Wake,2022-10-22
10,32,20,12,0,Wayne,2022-12-09
11,63,20,43,0,Buncombe,2022-08-16
11,45,20,25,0,Buncombe,2022-11-22
11,55,20,35,0,Catawba,2022-08-31
11,66,20,46,0,Davidson,2022-06-27
11,48,20,28,0,Lenoir,2022-08-01
11,63,20,43,0,Surry,2022-07-26
11,110,20,90,0,Union,2022-06-29
12,79,20,59,0,Alamance,2022-07-20
12,60,20,40,0,Buncombe,2022-09-08
12,99,20,79,0,Forsyth,2022-07-24
13,44,20,24,0,Iredell,2022-09-01
13,93,20,73,0,Mecklenburg,2022-10-09
14,190,20,170,0,Durham,2022-06-22
14,99,20,79,0,Johnston,2022-06-27
14,128,20,108,0,Onslow,2022-08-03
14,36,20,16,0,Robeson,2022-08-28
15,89,20,69,0,Union,2022-07-29
16,93,20,73,0,Alamance,2022-07-25
16,57,20,37,0,Catawba,2022-09-09
16,100,20,80,0,Cumberland,2022-08-24
17,91,20,71,0,Alamance,2022-09-12
18,140,20,120,0,Durham,2022-08-15
18,120,20,100,0,Gaston,2022-07-13
18,127,20,107,0,Gaston,2022-07-22
18,133,20,113,0,Guilford,2022-06-17
19,104,20,84,0,Cabarrus,2022-06-27
19,67,20,47,0,Catawba,2022-09-08
19,113,20,93,0,Pitt,2022-06-20
19,92,20,72,0,Pitt,2022-09-12
19,93,20,73,0,Rowan,2022-07-26
19,85,20,65,0,Rowan,2022-08-01
21,54,20,34,0,Johnston,2022-12-08
22,146,20,126,0,Mecklenburg,2022-11-02
22,169,20,149,0,Wake,2022-09-11
24,130,20,110,0,Union,2022-07-18
26,175,20,155,0,Cumberland,2022-09-12
2,24,21,3,0,Edgecombe,2022-10-03
2,41,21,20,0,Henderson,2022-06-28
3,27,21,6,0,Avery,2022-07-20
3,37,21,16,0,Buncombe,2022-12-08
3,46,21,25,0,Wayne,2022-06-23
4,22,21,1,0,Avery,2022-07-31
4,40,21,19,0,Iredell,2022-09-05
4,34,21,13,0,Randolph,2022-09-01
4,27,21,6,0,Robeson,2022-07-04
4,41,21,20,0,Wilkes,2022-08-03
5,36,21,15,0,Wayne,2022-09-21
6,53,21,32,0,Buncombe,2022-09-09
6,78,21,57,0,Craven,2022-06-27
6,35,21,14,0,Wilkes,2022-08-18
7,39,21,18,0,Catawba,2022-10-04
7,35,21,14,0,Catawba,2022-11-14
7,57,21,36,0,Henderson,2022-07-20
7,38,21,17,0,Randolph,2022-08-30
7,47,21,26,0,Wayne,2022-09-09
8,30,21,9,0,Duplin,2022-08-29
8,91,21,70,0,Guilford,2022-06-19
8,120,21,99,0,Onslow,2022-07-11
8,41,21,20,0,Randolph,2022-08-16
8,41,21,20,0,Randolph,2022-09-20
8,36,21,15,0,Randolph,2022-09-26
8,46,21,25,0,Surry,2022-09-01
8,42,21,21,0,Wilson,2022-07-12
9,67,21,46,0,Davidson,2022-08-18
9,50,21,29,0,Surry,2022-08-18
9,50,21,29,0,Wayne,2022-06-20
9,33,21,12,0,Wayne,2022-10-04
10,80,21,59,0,Brunswick,2022-06-27
10,46,21,25,0,Buncombe,2022-12-06
10,31,21,10,0,Duplin,2022-06-23
10,42,21,21,0,Robeson,2022-09-02
10,34,21,13,0,Robeson,2022-10-24
10,55,21,34,0,Surry,2022-09-06
11,51,21,30,0,Catawba,2022-06-23
11,69,21,48,0,Henderson,2022-07-26
11,61,21,40,0,Johnston,2022-09-21
11,31,21,10,0,Wilkes,2022-06-23
12,81,21,60,0,Johnston,2022-08-16
12,122,21,101,0,Mecklenburg,2022-10-18
12,99,21,78,0,New Hanover,2022-07-07
12,99,21,78,0,Pitt,2022-08-31
13,82,21,61,0,Buncombe,2022-07-08
13,101,21,80,0,Union,2022-06-30
14,61,21,40,0,Columbus,2022-07-19
14,77,21,56,0,Johnston,2022-06-24
15,41,21,20,0,Lincoln,2022-07-13
15,43,21,22,0,Wayne,2022-08-30
16,101,21,80,0,New Hanover,2022-07-14
17,70,21,49,0,Catawba,2022-08-23
18,79,21,58,0,Guilford,2022-10-24
18,77,21,56,0,Lenoir,2022-07-18
18,103,21,82,0,Union,2022-06-27
18,136,21,115,0,Wake,2022-11-08
19,118,21,97,0,Cabarrus,2022-07-15
19,119,21,98,0,Cumberland,2022-08-31
19,96,21,75,0,Pitt,2022-09-07
20,166,21,145,0,Cumberland,2022-08-03
23,128,21,107,0,Cabarrus,2022-07-12
27,144,21,123,0,Mecklenburg,2022-11-03
2,36,22,14,0,Columbus,2022-08-22
2,28,22,6,0,Haywood,2022-08-07
4,45,22,23,0,Craven,2022-07-14
5,38,22,16,0,Catawba,2022-12-07
5,74,22,52,0,New Hanover,2022-07-09
5,38,22,16,0,Sampson,2022-08-08
5,38,22,16,0,Wayne,2022-06-21
6,81,22,59,0,Buncombe,2022-08-15
6,32,22,10,0,Columbus,2022-08-15
6,61,22,39,0,Guilford,2022-12-10
6,43,22,21,0,Randolph,2022-07-06
6,37,22,15,0,Wilson,2022-06-20
7,83,22,61,0,New Hanover,2022-07-15
7,40,22,18,0,Wilkes,2022-08-29
8,88,22,66,0,Johnston,2022-07-15
8,63,22,41,0,Johnston,2022-09-02
8,38,22,16,0,Wayne,2022-09-15
8,42,22,20,0,Wilkes,2022-07-12
8,36,22,14,0,Wilkes,2022-09-08
9,41,22,19,0,Iredell,2022-09-15
10,43,22,21,0,Alamance,2022-10-13
10,53,22,31,0,Catawba,2022-06-22
10,36,22,14,0,Davidson,2022-10-14
10,38,22,16,0,Iredell,2022-11-28
10,42,22,20,0,Wayne,2022-09-02
12,75,22,53,0,Cumberland,2022-12-07
12,38,22,16,0,Robeson,2022-09-26
13,115,22,93,0,Cumberland,2022-07-09
13,61,22,39,0,Iredell,2022-07-22
13,59,22,37,0,Moore,2022-09-12
14,92,22,70,0,Cumberland,2022-11-29
14,118,22,96,0,Forsyth,2022-06-14
14,81,22,59,0,Harnett,2022-07-11
14,33,22,11,0,Robeson,2022-07-10
15,45,22,23,0,Robeson,2022-08-06
17,112,22,90,0,Cabarrus,2022-07-20
17,95,22,73,0,Gaston,2022-08-15
17,111,22,89,0,Pitt,2022-09-06
17,44,22,22,0,Randolph,2022-09-08
17,105,22,83,0,Union,2022-09-06
19,100,22,78,0,Guilford,2022-10-03
19,72,22,50,0,Johnston,2022-08-18
20,139,22,117,0,Wake,2022-10-31
21,114,22,92,0,Alamance,2022-07-27
21,103,22,81,0,Rowan,2022-07-18
25,128,22,106,0,Cabarrus,2022-07-11
26,172,22,150,0,Cumberland,2022-07-08
26,193,22,171,0,Wake,2022-09-23
30,125,22,103,0,Wake,2022-12-10
3,36,23,13,0,Sampson,2022-06-27
4,47,23,24,0,Craven,2022-08-10
4,41,23,18,0,Randolph,2022-07-07
4,40,23,17,0,Wilkes,2022-09-12
5,38,23,15,0,Craven,2022-09-12
6,36,23,13,0,Catawba,2022-10-12
6,69,23,46,0,Craven,2022-07-07
6,53,23,30,0,Granville,2022-07-05
6,39,23,16,0,Robeson,2022-06-26
6,41,23,18,0,Robeson,2022-07-16
7,48,23,25,0,Buncombe,2022-10-03
7,38,23,15,0,Catawba,2022-09-26
7,39,23,16,0,Catawba,2022-10-17
7,34,23,11,0,Catawba,2022-10-20
7,53,23,30,0,Moore,2022-07-05
7,102,23,79,0,New Hanover,2022-06-30
7,40,23,17,0,Wayne,2022-09-16
8,45,23,22,0,Carteret,2022-08-01
8,48,23,25,0,Randolph,2022-08-11
9,53,23,30,0,Catawba,2022-07-16
9,40,23,17,0,Iredell,2022-09-26
9,65,23,42,0,Moore,2022-07-21
9,88,23,65,0,New Hanover,2022-06-23
10,38,23,15,0,Wilkes,2022-08-31
11,59,23,36,0,Buncombe,2022-09-02
11,78,23,55,0,Guilford,2022-12-02
11,44,23,21,0,Iredell,2022-12-08
12,53,23,30,0,Catawba,2022-11-28
12,84,23,61,0,Guilford,2022-11-14
13,155,23,132,0,Guilford,2022-06-15
13,52,23,29,0,Lincoln,2022-07-18
14,44,23,21,0,Wayne,2022-09-14
15,57,23,34,0,Iredell,2022-07-31
15,57,23,34,0,Nash,2022-08-01
16,117,23,94,0,Guilford,2022-09-22
16,113,23,90,0,Wake,2022-11-25
17,113,23,90,0,Wake,2022-12-04
18,86,23,63,0,Davidson,2022-07-26
19,121,23,98,0,Johnston,2022-07-20
19,123,23,100,0,Mecklenburg,2022-10-21
21,98,23,75,0,Davidson,2022-09-13
22,102,23,79,0,Johnston,2022-09-06
22,159,23,136,0,Wake,2022-10-24
23,143,23,120,0,Wake,2022-10-17
24,149,23,126,0,Forsyth,2022-08-11
26,107,23,84,0,Johnston,2022-09-12
31,192,23,169,0,Wake,2022-10-03
40,297,23,274,0,Mecklenburg,2022-08-06
2,41,24,17,0,Sampson,2022-07-14
2,45,24,21,0,Wayne,2022-09-26
3,38,24,14,0,Carteret,2022-07-19
3,38,24,14,0,Sampson,2022-07-11
4,51,24,27,0,Carteret,2022-07-05
4,44,24,20,0,Randolph,2022-08-05
5,35,24,11,0,Sampson,2022-07-20
6,81,24,57,0,Buncombe,2022-07-20
6,52,24,28,0,Catawba,2022-06-16
6,36,24,12,0,Wayne,2022-09-08
6,36,24,12,0,Wilkes,2022-07-21
7,41,24,17,0,Carteret,2022-07-08
7,42,24,18,0,Duplin,2022-07-13
7,77,24,53,0,Nash,2022-07-18
7,44,24,20,0,Robeson,2022-07-31
8,57,24,33,0,Iredell,2022-06-15
8,44,24,20,0,Iredell,2022-08-21
8,40,24,16,0,Randolph,2022-07-14
8,48,24,24,0,Robeson,2022-08-19
9,35,24,11,0,Catawba,2022-10-19
9,60,24,36,0,Craven,2022-07-20
9,84,24,60,0,New Hanover,2022-08-03
9,80,24,56,0,New Hanover,2022-08-09
9,44,24,20,0,Randolph,2022-07-08
9,37,24,13,0,Robeson,2022-07-03
10,37,24,13,0,Wilkes,2022-07-22
11,44,24,20,0,Wilson,2022-07-22
12,57,24,33,0,Catawba,2022-08-18
12,51,24,27,0,Randolph,2022-09-07
12,43,24,19,0,Robeson,2022-09-21
13,38,24,14,0,Iredell,2022-12-02
13,45,24,21,0,Robeson,2022-07-23
13,67,24,43,0,Robeson,2022-08-05
13,58,24,34,0,Surry,2022-08-02
13,127,24,103,0,Wake,2022-10-04
13,40,24,16,0,Wayne,2022-08-31
14,59,24,35,0,Duplin,2022-08-03
15,80,24,56,0,Guilford,2022-12-07
15,63,24,39,0,Surry,2022-08-23
17,135,24,111,0,Durham,2022-08-22
18,93,24,69,0,Onslow,2022-07-07
18,193,24,169,0,Wake,2022-09-10
19,99,24,75,0,Johnston,2022-07-13
19,92,24,68,0,Johnston,2022-08-08
21,101,24,77,0,Davidson,2022-07-18
21,140,24,116,0,Mecklenburg,2022-11-22
23,92,24,68,0,Davidson,2022-08-01
24,77,24,53,0,Surry,2022-07-25
25,189,24,165,0,Cumberland,2022-07-28
27,92,24,68,0,Harnett,2022-08-01
27,199,24,175,0,Mecklenburg,2022-09-10
28,142,24,118,0,Mecklenburg,2022-11-25
36,227,24,203,0,Cumberland,2022-07-27
3,30,25,5,0,Haywood,2022-07-18
4,50,25,25,0,Catawba,2022-07-01
6,42,25,17,0,Carteret,2022-06-22
6,33,25,8,0,Columbus,2022-07-26
6,45,25,20,0,Duplin,2022-07-21
6,52,25,27,0,Iredell,2022-08-07
6,42,25,17,0,Sampson,2022-08-09
6,40,25,15,0,Wilkes,2022-09-15
6,29,25,4,0,Wilkes,2022-12-05
7,51,25,26,0,Cumberland,2022-09-05
7,85,25,60,0,New Hanover,2022-06-24
7,47,25,22,0,New Hanover,2022-07-04
7,52,25,27,0,Randolph,2022-08-22
8,37,25,12,0,Duplin,2022-07-05
8,51,25,26,0,Robeson,2022-07-24
8,37,25,12,0,Wilkes,2022-09-06
9,69,25,44,0,Buncombe,2022-09-07
9,48,25,23,0,Lenoir,2022-06-20
9,56,25,31,0,Surry,2022-07-21
10,62,25,37,0,Alamance,2022-09-02
10,85,25,60,0,Buncombe,2022-09-06
11,77,25,52,0,Forsyth,2022-10-24
12,68,25,43,0,Alamance,2022-09-01
12,79,25,54,0,Buncombe,2022-08-22
12,192,25,167,0,Durham,2022-06-21
12,56,25,31,0,Robeson,2022-09-20
13,118,25,93,0,Cumberland,2022-08-30
13,77,25,52,0,Davidson,2022-09-08
13,84,25,59,0,Harnett,2022-07-18
13,88,25,63,0,Johnston,2022-06-29
13,55,25,30,0,Randolph,2022-07-15
14,44,25,19,0,Catawba,2022-09-15
14,96,25,71,0,Johnston,2022-08-15
15,86,25,61,0,Davidson,2022-08-29
15,162,25,137,0,Forsyth,2022-07-12
16,146,25,121,0,Cumberland,2022-08-22
16,85,25,60,0,Surry,2022-07-28
17,161,25,136,0,Forsyth,2022-08-17
18,199,25,174,0,Cumberland,2022-07-21
20,169,25,144,0,Wake,2022-12-09
23,146,25,121,0,Forsyth,2022-07-13
23,197,25,172,0,Mecklenburg,2022-09-27
25,101,25,76,0,Guilford,2022-12-05
26,115,25,90,0,Gaston,2022-08-03
29,148,25,123,0,Onslow,2022-08-01
41,268,25,243,0,Wake,2022-07-31
4,40,26,14,0,Carteret,2022-07-20
4,53,26,27,0,Craven,2022-09-20
5,74,26,48,0,Buncombe,2022-06-17
6,37,26,11,0,Carteret,2022-07-25
6,42,26,16,0,Columbus,2022-08-01
6,51,26,25,0,Wayne,2022-06-22
8,60,26,34,0,Buncombe,2022-08-19
8,68,26,42,0,Craven,2022-07-19
8,80,26,54,0,Cumberland,2022-06-18
8,43,26,17,0,Duplin,2022-07-27
8,49,26,23,0,Wayne,2022-08-25
9,93,26,67,0,Buncombe,2022-08-08
11,53,26,27,0,Craven,2022-08-08
11,45,26,19,0,Iredell,2022-10-11
11,57,26,31,0,Randolph,2022-07-13
13,74,26,48,0,Buncombe,2022-08-12
13,130,26,104,0,Mecklenburg,2022-10-17
13,43,26,17,0,Robeson,2022-12-08
14,86,26,60,0,Johnston,2022-08-29
16,135,26,109,0,Forsyth,2022-09-02
19,79,26,53,0,Davidson,2022-07-28
19,62,26,36,0,Robeson,2022-06-30
20,85,26,59,0,Johnston,2022-09-08
20,132,26,106,0,Mecklenburg,2022-11-04
22,190,26,164,0,Cumberland,2022-09-06
23,138,26,112,0,Forsyth,2022-09-14
26,177,26,151,0,Forsyth,2022-07-11
27,156,26,130,0,Guilford,2022-07-31
28,206,26,180,0,Wake,2022-09-16
51,286,26,260,0,Mecklenburg,2022-12-09
4,68,27,41,0,Iredell,2022-08-30
5,62,27,35,0,Randolph,2022-08-02
6,94,27,67,0,New Hanover,2022-06-15
6,49,27,22,0,Randolph,2022-07-22
6,41,27,14,0,Sampson,2022-07-15
7,53,27,26,0,Randolph,2022-08-15
7,39,27,12,0,Sampson,2022-07-06
7,40,27,13,0,Sampson,2022-07-23
7,40,27,13,0,Sampson,2022-09-06
7,53,27,26,0,Wayne,2022-08-16
7,56,27,29,0,Wilson,2022-07-06
8,43,27,16,0,Randolph,2022-09-09
8,57,27,30,0,Wilson,2022-07-05
10,49,27,22,0,Henderson,2022-07-14
10,66,27,39,0,Iredell,2022-06-30
10,99,27,72,0,Mecklenburg,2022-10-08
10,48,27,21,0,Randolph,2022-08-19
10,42,27,15,0,Randolph,2022-12-08
10,75,27,48,0,Richmond,2022-07-18
11,74,27,47,0,Buncombe,2022-09-15
11,85,27,58,0,Johnston,2022-09-13
11,53,27,26,0,Wayne,2022-08-17
12,88,27,61,0,Johnston,2022-08-02
12,54,27,27,0,Wilson,2022-07-26
14,68,27,41,0,Buncombe,2022-08-23
14,47,27,20,0,Davidson,2022-10-18
14,54,27,27,0,Surry,2022-07-05
15,77,27,50,0,Iredell,2022-06-22
16,122,27,95,0,Cumberland,2022-06-24
16,77,27,50,0,Iredell,2022-06-29
17,52,27,25,0,Gaston,2022-10-10
18,122,27,95,0,Johnston,2022-07-05
19,121,27,94,0,Cumberland,2022-06-23
24,146,27,119,0,Mecklenburg,2022-10-31
34,206,27,179,0,Wake,2022-11-29
37,208,27,181,0,Forsyth,2022-08-09
4,43,28,15,0,Craven,2022-07-17
9,92,28,64,0,Buncombe,2022-07-06
10,43,28,15,0,Iredell,2022-11-29
10,109,28,81,0,New Hanover,2022-07-20
10,47,28,19,0,Randolph,2022-08-24
11,88,28,60,0,Buncombe,2022-06-16
11,69,28,41,0,Catawba,2022-07-13
11,139,28,111,0,New Hanover,2022-07-18
12,56,28,28,0,Catawba,2022-06-15
12,59,28,31,0,Iredell,2022-09-12
12,63,28,35,0,Wilson,2022-07-19
15,89,28,61,0,Davidson,2022-07-11
17,146,28,118,0,Forsyth,2022-07-08
17,72,28,44,0,Surry,2022-08-22
19,116,28,88,0,Cabarrus,2022-07-13
19,76,28,48,0,Wilson,2022-07-18
20,95,28,67,0,Cabarrus,2022-08-22
25,90,28,62,0,Johnston,2022-08-19
26,181,28,153,0,Guilford,2022-08-31
28,164,28,136,0,Forsyth,2022-08-23
39,209,28,181,0,Wake,2022-12-07
2,41,29,12,0,Duplin,2022-07-06
2,33,29,4,0,Sampson,2022-08-24
5,94,29,65,0,Buncombe,2022-06-22
5,40,29,11,0,Sampson,2022-07-07
7,65,29,36,0,Iredell,2022-06-23
7,51,29,22,0,Robeson,2022-08-30
7,41,29,12,0,Wilkes,2022-06-27
8,88,29,59,0,Buncombe,2022-06-24
8,84,29,55,0,New Hanover,2022-07-13
8,55,29,26,0,Randolph,2022-07-11
9,76,29,47,0,Buncombe,2022-07-31
9,57,29,28,0,Carteret,2022-07-18
9,81,29,52,0,Guilford,2022-09-30
10,69,29,40,0,Randolph,2022-08-01
10,48,29,19,0,Sampson,2022-07-12
11,61,29,32,0,Iredell,2022-08-31
11,76,29,47,0,New Hanover,2022-08-30
12,43,29,14,0,Randolph,2022-07-12
13,57,29,28,0,Wilson,2022-07-20
15,57,29,28,0,Catawba,2022-06-28
15,68,29,39,0,Catawba,2022-06-30
18,139,29,110,0,Cumberland,2022-06-21
18,95,29,66,0,Forsyth,2022-12-05
18,77,29,48,0,Johnston,2022-06-15
19,89,29,60,0,Cumberland,2022-12-05
19,62,29,33,0,Nash,2022-06-27
21,184,29,155,0,Forsyth,2022-07-28
22,148,29,119,0,Forsyth,2022-08-24
23,194,29,165,0,Guilford,2022-07-07
23,96,29,67,0,Guilford,2022-12-01
24,135,29,106,0,Wake,2022-10-13
30,144,29,115,0,Guilford,2022-09-20
32,228,29,199,0,Mecklenburg,2022-08-14
4,60,30,30,0,Iredell,2022-06-14
9,83,30,53,0,Craven,2022-07-18
11,54,30,24,0,Randolph,2022-09-06
12,60,30,30,0,Duplin,2022-07-19
13,53,30,23,0,Iredell,2022-12-07
13,62,30,32,0,Robeson,2022-06-21
14,60,30,30,0,Wayne,2022-07-01
15,59,30,29,0,Randolph,2022-07-28
15,59,30,29,0,Robeson,2022-08-17
16,167,30,137,0,Cumberland,2022-07-22
18,81,30,51,0,Cumberland,2022-12-08
20,94,30,64,0,Catawba,2022-08-16
20,188,30,158,0,Guilford,2022-07-08
23,97,30,67,0,Davidson,2022-07-19
29,157,30,127,0,Forsyth,2022-08-31
36,249,30,219,0,Wake,2022-09-26
9,63,31,32,0,Buncombe,2022-12-07
9,69,31,38,0,Iredell,2022-09-07
9,44,31,13,0,Sampson,2022-07-19
10,79,31,48,0,Iredell,2022-07-06
11,48,31,17,0,Columbus,2022-07-18
12,76,31,45,0,Iredell,2022-07-11
13,144,31,113,0,Forsyth,2022-06-20
13,80,31,49,0,Iredell,2022-07-14
14,81,31,50,0,Robeson,2022-06-20
14,50,31,19,0,Wayne,2022-09-07
16,67,31,36,0,Wayne,2022-08-29
17,41,31,10,0,Columbus,2022-08-08
17,105,31,74,0,Guilford,2022-09-05
18,173,31,142,0,Cumberland,2022-06-29
20,162,31,131,0,Durham,2022-06-20
26,133,31,102,0,Cabarrus,2022-07-07
29,80,31,49,0,Rowan,2022-07-28
30,200,31,169,0,Wake,2022-09-03
37,138,31,107,0,Cumberland,2022-09-08
37,220,31,189,0,Wake,2022-11-28
6,39,32,7,0,Vance,2022-07-02
7,54,32,22,0,Wayne,2022-08-19
8,58,32,26,0,Buncombe,2022-09-22
8,57,32,25,0,Randolph,2022-07-18
9,38,32,6,0,Henderson,2022-11-07
11,113,32,81,0,Buncombe,2022-06-30
11,53,32,21,0,Wayne,2022-08-12
12,68,32,36,0,Catawba,2022-09-01
12,65,32,33,0,Iredell,2022-09-13
12,51,32,19,0,Wilson,2022-07-21
13,61,32,29,0,Wayne,2022-08-05
14,90,32,58,0,Iredell,2022-07-27
16,101,32,69,0,Mecklenburg,2022-10-23
16,133,32,101,0,Mecklenburg,2022-11-14
18,140,32,108,0,Wake,2022-12-02
20,144,32,112,0,Forsyth,2022-09-09
25,282,32,250,0,Wake,2022-07-02
26,178,32,146,0,Cumberland,2022-07-06
38,237,32,205,0,Forsyth,2022-07-26
7,50,33,17,0,Sampson,2022-07-21
8,72,33,39,0,Iredell,2022-07-21
10,60,33,27,0,Iredell,2022-07-17
11,62,33,29,0,Catawba,2022-06-24
13,75,33,42,0,Iredell,2022-06-28
14,179,33,146,0,Cumberland,2022-07-07
16,92,33,59,0,Buncombe,2022-07-22
16,82,33,49,0,Robeson,2022-07-12
17,71,33,38,0,Catawba,2022-08-30
17,63,33,30,0,Robeson,2022-08-31
18,67,33,34,0,Catawba,2022-09-19
18,172,33,139,0,Durham,2022-09-07
18,105,33,72,0,Forsyth,2022-10-26
23,184,33,151,0,Forsyth,2022-06-27
27,162,33,129,0,Mecklenburg,2022-12-04
29,153,33,120,0,Guilford,2022-09-15
30,221,33,188,0,Guilford,2022-07-18
31,245,33,212,0,Wake,2022-09-20
39,383,33,350,0,Mecklenburg,2022-06-17
54,366,33,333,0,Mecklenburg,2022-08-24
6,45,34,11,0,Sampson,2022-07-13
6,51,34,17,0,Sampson,2022-08-03
8,50,34,16,0,Sampson,2022-07-27
9,48,34,14,0,Duplin,2022-07-11
9,82,34,48,0,Robeson,2022-08-03
10,71,34,37,0,Wayne,2022-07-14
11,48,34,14,0,Robeson,2022-07-17
12,162,34,128,0,Guilford,2022-07-01
12,118,34,84,0,New Hanover,2022-07-19
12,69,34,35,0,Wayne,2022-06-30
13,101,34,67,0,Cumberland,2022-07-17
14,81,34,47,0,Buncombe,2022-07-29
15,62,34,28,0,Robeson,2022-08-11
15,132,34,98,0,Wake,2022-11-22
16,61,34,27,0,Catawba,2022-06-20
17,118,34,84,0,Cabarrus,2022-07-05
20,146,34,112,0,Guilford,2022-09-21
22,81,34,47,0,Catawba,2022-08-11
22,150,34,116,0,Guilford,2022-09-08
23,129,34,95,0,Mecklenburg,2022-10-20
23,201,34,167,0,Wake,2022-08-14
29,182,34,148,0,Forsyth,2022-07-05
46,369,34,335,0,Mecklenburg,2022-07-24
8,63,35,28,0,Robeson,2022-06-28
9,67,35,32,0,Iredell,2022-08-23
9,55,35,20,0,Wayne,2022-07-08
11,62,35,27,0,Robeson,2022-06-27
11,62,35,27,0,Wayne,2022-08-18
12,100,35,65,0,New Hanover,2022-07-11
13,104,35,69,0,Buncombe,2022-07-21
13,70,35,35,0,Catawba,2022-08-29
13,52,35,17,0,Catawba,2022-10-03
13,63,35,28,0,Robeson,2022-06-24
14,76,35,41,0,Robeson,2022-07-13
15,78,35,43,0,Catawba,2022-08-24
18,106,35,71,0,Buncombe,2022-08-03
19,83,35,48,0,Surry,2022-08-29
22,136,35,101,0,Wake,2022-11-03
24,151,35,116,0,Cumberland,2022-06-30
30,169,35,134,0,Forsyth,2022-07-06
32,124,35,89,0,Davidson,2022-09-12
32,215,35,180,0,Wake,2022-09-22
6,104,36,68,0,New Hanover,2022-07-08
8,55,36,19,0,Sampson,2022-08-01
9,158,36,122,0,Cumberland,2022-06-20
9,72,36,36,0,Iredell,2022-08-24
11,77,36,41,0,Iredell,2022-07-05
12,98,36,62,0,Buncombe,2022-08-04
13,72,36,36,0,Catawba,2022-07-14
13,77,36,41,0,Iredell,2022-08-29
18,68,36,32,0,Robeson,2022-08-29
18,75,36,39,0,Robeson,2022-09-13
21,112,36,76,0,Johnston,2022-09-07
23,134,36,98,0,Johnston,2022-07-25
27,164,36,128,0,Wake,2022-12-01
36,213,36,177,0,Forsyth,2022-07-21
8,107,37,70,0,Buncombe,2022-07-19
11,92,37,55,0,Buncombe,2022-08-10
13,77,37,40,0,Iredell,2022-07-12
14,92,37,55,0,Iredell,2022-07-19
15,77,37,40,0,Iredell,2022-06-20
17,121,37,84,0,Buncombe,2022-06-27
17,93,37,56,0,Catawba,2022-08-03
24,80,37,43,0,Surry,2022-07-06
37,285,37,248,0,Wake,2022-09-08
9,81,38,43,0,Craven,2022-07-11
14,73,38,35,0,Rowan,2022-06-20
17,92,38,54,0,Henderson,2022-07-25
19,183,38,145,0,Cumberland,2022-07-14
20,76,38,38,0,Robeson,2022-08-22
25,226,38,188,0,Guilford,2022-08-11
25,83,38,45,0,Robeson,2022-09-07
26,174,38,136,0,Guilford,2022-06-27
26,130,38,92,0,Guilford,2022-12-06
27,86,38,48,0,Robeson,2022-06-29
30,98,38,60,0,Robeson,2022-07-18
10,63,39,24,0,Wayne,2022-07-15
13,75,39,36,0,Iredell,2022-08-11
16,76,39,37,0,Alamance,2022-08-30
18,73,39,34,0,Robeson,2022-06-23
20,95,39,56,0,Catawba,2022-07-12
23,233,39,194,0,Wake,2022-09-21
24,170,39,131,0,Guilford,2022-09-19
1,53,40,13,0,Sampson,2022-07-18
5,59,40,19,0,Moore,2022-06-30
10,78,40,38,0,Robeson,2022-06-15
13,97,40,57,0,Iredell,2022-07-20
13,81,40,41,0,Robeson,2022-07-20
14,82,40,42,0,Catawba,2022-08-22
15,84,40,44,0,Iredell,2022-08-15
16,72,40,32,0,Wayne,2022-06-29
19,86,40,46,0,Iredell,2022-08-09
23,170,40,130,0,Guilford,2022-06-22
23,181,40,141,0,Guilford,2022-08-18
26,211,40,171,0,Cumberland,2022-07-20
36,200,40,160,0,Guilford,2022-08-15
36,297,40,257,0,Wake,2022-07-24
7,51,41,10,0,Wayne,2022-08-24
10,64,41,23,0,Robeson,2022-06-22
11,89,41,48,0,Iredell,2022-09-06
12,97,41,56,0,Buncombe,2022-07-12
13,124,41,83,0,Guilford,2022-11-30
19,308,41,267,0,Wake,2022-06-18
20,103,41,62,0,Catawba,2022-07-05
20,85,41,44,0,Robeson,2022-07-06
25,212,41,171,0,Cumberland,2022-07-19
28,229,41,188,0,Mecklenburg,2022-09-21
37,201,41,160,0,Guilford,2022-07-06
40,321,41,280,0,Wake,2022-08-30
40,274,41,233,0,Wake,2022-09-02
49,300,41,259,0,Mecklenburg,2022-12-06
13,84,42,42,0,Catawba,2022-07-22
13,81,42,39,0,Iredell,2022-07-07
15,109,42,67,0,Buncombe,2022-07-27
17,78,42,36,0,Wayne,2022-07-27
23,96,42,54,0,Robeson,2022-07-26
24,92,42,50,0,Catawba,2022-07-19
30,333,42,291,0,Wake,2022-07-09
48,325,42,283,0,Wake,2022-07-16
12,97,43,54,0,Buncombe,2022-07-07
12,93,43,50,0,Catawba,2022-08-04
17,85,43,42,0,Robeson,2022-07-07
21,98,43,55,0,Catawba,2022-07-20
22,188,43,145,0,Cumberland,2022-07-15
24,273,43,230,0,Wake,2022-06-19
31,169,43,126,0,Cumberland,2022-06-27
31,191,43,148,0,Wake,2022-12-05
35,298,43,255,0,Wake,2022-08-25
47,516,43,473,0,Wake,2022-06-16
8,73,44,29,0,Wayne,2022-09-12
9,94,44,50,0,Buncombe,2022-07-01
14,106,44,62,0,Catawba,2022-07-18
14,73,44,29,0,Robeson,2022-07-22
17,95,44,51,0,Iredell,2022-07-25
17,72,44,28,0,Robeson,2022-08-23
21,184,44,140,0,Guilford,2022-06-28
32,180,44,136,0,Forsyth,2022-08-29
13,86,45,41,0,Iredell,2022-08-01
13,133,45,88,0,New Hanover,2022-07-06
15,72,45,27,0,Wayne,2022-08-22
18,122,45,77,0,Buncombe,2022-07-11
18,94,45,49,0,Wayne,2022-08-03
21,69,45,24,0,Robeson,2022-08-24
22,147,45,102,0,Forsyth,2022-08-25
22,185,45,140,0,Guilford,2022-09-12
29,193,45,148,0,Wake,2022-12-06
40,295,45,250,0,Mecklenburg,2022-09-01
57,314,45,269,0,Mecklenburg,2022-09-14
63,430,45,385,0,Mecklenburg,2022-06-14
21,86,46,40,0,Robeson,2022-08-01
25,78,46,32,0,Catawba,2022-07-29
27,233,46,187,0,Cumberland,2022-07-12
51,333,46,287,0,Mecklenburg,2022-08-25
11,79,47,32,0,Wayne,2022-07-12
15,85,47,38,0,Catawba,2022-07-15
17,107,47,60,0,Wayne,2022-07-21
21,100,47,53,0,Wayne,2022-07-19
59,439,47,392,0,Mecklenburg,2022-08-05
12,129,48,81,0,Buncombe,2022-07-05
14,108,48,60,0,Alamance,2022-08-29
20,150,48,102,0,Forsyth,2022-09-15
22,111,48,63,0,Catawba,2022-07-11
31,220,48,172,0,Wake,2022-12-08
33,135,48,87,0,Johnston,2022-07-11
35,217,48,169,0,Forsyth,2022-07-20
44,286,48,238,0,Mecklenburg,2022-09-20
11,88,49,39,0,Iredell,2022-08-02
18,111,49,62,0,Catawba,2022-09-06
38,249,49,200,0,Mecklenburg,2022-09-19
43,356,49,307,0,Mecklenburg,2022-07-16
46,429,49,380,0,Mecklenburg,2022-06-15
55,352,49,303,0,Wake,2022-08-31
63,472,49,423,0,Mecklenburg,2022-06-20
20,97,50,47,0,Iredell,2022-07-18
34,335,50,285,0,Mecklenburg,2022-06-25
53,285,50,235,0,Mecklenburg,2022-11-28
71,606,50,556,0,Wake,2022-06-22
13,91,51,40,0,Iredell,2022-08-04
14,88,51,37,0,Wayne,2022-08-09
15,102,51,51,0,Wayne,2022-07-20
24,104,51,53,0,Iredell,2022-08-03
26,241,51,190,0,Wake,2022-07-03
29,257,51,206,0,Guilford,2022-07-22
29,292,51,241,0,Wake,2022-07-10
44,233,51,182,0,Guilford,2022-08-25
14,100,52,48,0,Catawba,2022-07-21
15,88,52,36,0,Robeson,2022-07-14
48,397,52,345,0,Wake,2022-08-17
55,368,52,316,0,Wake,2022-08-29
51,469,53,416,0,Mecklenburg,2022-06-22
52,277,53,224,0,Mecklenburg,2022-12-08
22,189,54,135,0,Wake,2022-07-04
37,244,54,190,0,Guilford,2022-07-19
46,268,54,214,0,Mecklenburg,2022-11-29
73,469,54,415,0,Wake,2022-07-29
36,237,55,182,0,Guilford,2022-08-22
39,348,55,293,0,Wake,2022-08-23
69,410,55,355,0,Mecklenburg,2022-06-24
68,575,56,519,0,Mecklenburg,2022-07-12
14,92,57,35,0,Wayne,2022-06-27
34,241,57,184,0,Cumberland,2022-07-11
21,104,58,46,0,Wayne,2022-07-06
23,115,58,57,0,Catawba,2022-08-01
50,293,58,235,0,Mecklenburg,2022-12-05
60,347,58,289,0,Wake,2022-09-07
86,551,58,493,0,Wake,2022-07-19
22,105,59,46,0,Wayne,2022-08-08
31,106,59,47,0,Robeson,2022-07-11
64,390,59,331,0,Mecklenburg,2022-09-07
15,94,60,34,0,Wayne,2022-07-22
28,118,60,58,0,Robeson,2022-09-06
52,469,61,408,0,Wake,2022-07-14
69,462,61,401,0,Wake,2022-08-09
76,482,61,421,0,Mecklenburg,2022-07-08
38,297,63,234,0,Wake,2022-09-01
52,465,63,402,0,Mecklenburg,2022-06-21
17,121,64,57,0,Catawba,2022-08-15
48,479,64,415,0,Wake,2022-08-05
66,634,64,570,0,Wake,2022-06-28
73,427,64,363,0,Wake,2022-08-22
74,525,65,460,0,Mecklenburg,2022-07-14
30,140,66,74,0,Catawba,2022-07-25
76,540,66,474,0,Mecklenburg,2022-06-28
57,644,70,574,0,Wake,2022-06-27
62,419,71,348,0,Mecklenburg,2022-08-22
69,505,73,432,0,Wake,2022-07-08
75,581,78,503,0,Mecklenburg,2022-07-11
92,632,78,554,0,Mecklenburg,2022-08-01
54,447,81,366,0,Mecklenburg,2022-09-06
72,525,81,444,0,Wake,2022-08-03
119,762,81,681,0,Wake,2022-07-25
62,602,92,510,0,Mecklenburg,2022-07-21
86,645,97,548,0,Mecklenburg,2022-07-05
,0,0,0,1,Anson,2022-10-15
,0,0,0,1,Caswell,2022-09-17
,0,0,0,1,Caswell,2022-10-15
,0,0,0,1,Caswell,2022-10-28
,0,0,0,1,Cherokee,2022-09-27
,0,0,0,1,Chowan,2022-09-30
,0,0,0,1,Greene,2022-07-02
,0,0,0,1,Greene,2022-09-23
,0,0,0,1,Halifax,2022-11-13
,0,0,0,1,Jones,2022-10-16
,0,0,0,1,Madison,2022-11-18
,0,0,0,1,Northampton,2022-09-25
,0,0,0,1,Polk,2022-09-29
,0,0,0,1,Yancey,2022-10-30
0,11,0,11,1,Alexander,2022-07-09
0,6,0,6,1,Alexander,2022-10-16
0,1,0,1,1,Alleghany,2022-10-28
0,5,0,5,1,Anson,2022-09-22
0,1,0,1,1,Anson,2022-10-11
0,5,0,5,1,Bertie,2022-06-24
0,10,0,10,1,Burke,2022-08-21
0,7,0,7,1,Chatham,2022-09-05
0,1,0,1,1,Cherokee,2022-09-04
0,2,0,2,1,Cherokee,2022-09-28
0,8,0,8,1,Cleveland,2022-10-19
0,3,0,3,1,Columbus,2022-12-10
0,1,0,1,1,Currituck,2022-08-25
0,3,0,3,1,Davie,2022-09-04
0,3,0,3,1,Davie,2022-11-23
0,7,0,7,1,Hertford,2022-07-07
0,2,0,2,1,Hertford,2022-10-05
0,3,0,3,1,Hertford,2022-10-11
0,1,0,1,1,Hyde,2022-10-23
0,4,0,4,1,Martin,2022-08-31
0,1,0,1,1,Mitchell,2022-07-23
0,8,0,8,1,Montgomery,2022-06-21
0,3,0,3,1,Montgomery,2022-08-06
0,1,0,1,1,Montgomery,2022-11-22
0,5,0,5,1,Nash,2022-10-01
0,12,0,12,1,Onslow,2022-09-30
0,5,0,5,1,Onslow,2022-10-02
0,1,0,1,1,Pamlico,2022-09-14
0,6,0,6,1,Rutherford,2022-09-18
0,2,0,2,1,Sampson,2022-10-14
0,7,0,7,1,Stanly,2022-10-19
0,5,0,5,1,Warren,2022-08-26
0,1,0,1,1,Warren,2022-09-18
0,4,0,4,1,Warren,2022-09-22
0,3,0,3,1,Yadkin,2022-11-15
0,2,0,2,1,Yancey,2022-07-05
0,1,0,1,1,Yancey,2022-08-26
0,2,0,2,1,Yancey,2022-11-01
1,16,0,16,1,Alamance,2022-10-07
1,3,0,3,1,Anson,2022-09-18
1,3,0,3,1,Bertie,2022-07-13
1,8,0,8,1,Bladen,2022-09-09
1,2,0,2,1,Bladen,2022-11-08
1,10,0,10,1,Burke,2022-10-03
1,3,0,3,1,Cherokee,2022-09-21
1,1,0,1,1,Craven,2022-11-13
1,21,0,21,1,Dare,2022-07-25
1,7,0,7,1,Dare,2022-08-17
1,11,0,11,1,Edgecombe,2022-07-10
1,3,0,3,1,Franklin,2022-10-16
1,5,0,5,1,Greene,2022-08-17
1,8,0,8,1,Hoke,2022-11-30
1,3,0,3,1,Macon,2022-08-31
1,3,0,3,1,Montgomery,2022-06-25
1,1,0,1,1,Montgomery,2022-10-10
1,4,0,4,1,Pamlico,2022-07-04
1,4,0,4,1,Pender,2022-09-27
1,10,0,10,1,Robeson,2022-10-09
1,2,0,2,1,Rutherford,2022-10-15
1,15,0,15,1,Stanly,2022-06-24
1,5,0,5,1,Vance,2022-10-17
1,6,0,6,1,Yadkin,2022-10-11
2,5,0,5,1,Alexander,2022-09-10
2,7,0,7,1,Alexander,2022-12-08
2,12,0,12,1,Caldwell,2022-10-12
2,23,0,23,1,Davidson,2022-09-24
2,5,0,5,1,Edgecombe,2022-09-30
2,13,0,13,1,Forsyth,2022-11-24
2,5,0,5,1,Person,2022-09-29
3,9,0,9,1,Alexander,2022-08-26
3,17,0,17,1,Cherokee,2022-08-10
3,7,0,7,1,Cleveland,2022-10-27
3,5,0,5,1,Cleveland,2022-11-04
3,15,0,15,1,Davidson,2022-11-22
3,17,0,17,1,Edgecombe,2022-07-16
3,14,0,14,1,Edgecombe,2022-07-17
3,12,0,12,1,Montgomery,2022-11-16
3,9,0,9,1,Onslow,2022-11-03
3,17,0,17,1,Pender,2022-06-17
3,26,0,26,1,Stanly,2022-07-15
3,7,0,7,1,Washington,2022-08-24
4,17,0,17,1,Cleveland,2022-09-18
4,11,0,11,1,Nash,2022-10-21
4,39,0,39,1,Orange,2022-08-12
4,15,0,15,1,Stanly,2022-08-06
5,7,0,7,1,Bertie,2022-08-26
5,15,0,15,1,Burke,2022-10-19
6,21,0,21,1,Gaston,2022-11-07
6,13,0,13,1,Stanly,2022-10-05
9,40,0,40,1,Davidson,2022-09-11
0,5,1,4,1,Alexander,2022-10-06
0,5,1,4,1,Bladen,2022-09-27
0,7,1,6,1,Burke,2022-06-18
0,16,1,15,1,Chatham,2022-07-22
0,6,1,5,1,Cleveland,2022-10-23
0,1,1,0,1,Columbus,2022-10-09
0,7,1,6,1,Craven,2022-10-29
0,3,1,2,1,Currituck,2022-07-13
0,2,1,1,1,Dare,2022-10-18
0,6,1,5,1,Duplin,2022-10-05
0,4,1,3,1,Granville,2022-11-06
0,4,1,3,1,Iredell,2022-11-19
0,6,1,5,1,Jackson,2022-09-25
0,3,1,2,1,Jackson,2022-10-11
0,4,1,3,1,Jones,2022-08-31
0,2,1,1,1,Jones,2022-09-23
0,4,1,3,1,Lee,2022-11-11
0,4,1,3,1,Madison,2022-09-13
0,1,1,0,1,Madison,2022-12-01
0,5,1,4,1,McDowell,2022-10-01
0,16,1,15,1,New Hanover,2022-10-21
0,15,1,14,1,Pender,2022-08-06
0,3,1,2,1,Person,2022-11-20
0,1,1,0,1,Richmond,2022-10-23
0,1,1,0,1,Sampson,2022-10-16
0,7,1,6,1,Stokes,2022-07-03
0,10,1,9,1,Surry,2022-10-11
0,4,1,3,1,Swain,2022-07-08
0,2,1,1,1,Swain,2022-10-03
0,7,1,6,1,Watauga,2022-07-23
0,11,1,10,1,Yadkin,2022-09-25
1,17,1,16,1,Alamance,2022-10-21
1,5,1,4,1,Alexander,2022-08-27
1,7,1,6,1,Alexander,2022-09-03
1,5,1,4,1,Alexander,2022-11-21
1,4,1,3,1,Beaufort,2022-10-27
1,12,1,11,1,Bladen,2022-08-24
1,3,1,2,1,Bladen,2022-10-04
1,5,1,4,1,Caldwell,2022-11-10
1,10,1,9,1,Davidson,2022-12-04
1,14,1,13,1,Halifax,2022-07-10
1,18,1,17,1,Harnett,2022-08-21
1,5,1,4,1,Hoke,2022-10-27
1,6,1,5,1,Jackson,2022-06-30
1,7,1,6,1,Johnston,2022-11-13
1,4,1,3,1,Lincoln,2022-10-29
1,8,1,7,1,Macon,2022-08-24
1,3,1,2,1,Macon,2022-10-17
1,10,1,9,1,McDowell,2022-06-21
1,6,1,5,1,McDowell,2022-10-28
1,5,1,4,1,McDowell,2022-11-04
1,7,1,6,1,Nash,2022-10-08
1,5,1,4,1,Pender,2022-10-24
1,5,1,4,1,Pender,2022-11-01
1,4,1,3,1,Person,2022-10-20
1,1,1,0,1,Scotland,2022-10-22
1,14,1,13,1,Stokes,2022-09-10
1,7,1,6,1,Stokes,2022-11-07
1,5,1,4,1,Transylvania,2022-08-09
1,1,1,0,1,Transylvania,2022-11-03
1,3,1,2,1,Washington,2022-07-04
1,5,1,4,1,Watauga,2022-08-13
1,5,1,4,1,Yancey,2022-08-25
2,26,1,25,1,Alamance,2022-10-27
2,5,1,4,1,Beaufort,2022-09-29
2,15,1,14,1,Caswell,2022-06-17
2,8,1,7,1,Cleveland,2022-10-22
2,9,1,8,1,Columbus,2022-07-09
2,8,1,7,1,Columbus,2022-07-10
2,16,1,15,1,Craven,2022-06-26
2,6,1,5,1,Davie,2022-07-09
2,8,1,7,1,Davie,2022-10-11
2,15,1,14,1,Edgecombe,2022-06-15
2,14,1,13,1,Edgecombe,2022-06-23
2,8,1,7,1,Harnett,2022-09-30
2,3,1,2,1,Hertford,2022-09-17
2,4,1,3,1,Jones,2022-10-03
2,4,1,3,1,Lenoir,2022-08-13
2,6,1,5,1,Lincoln,2022-10-22
2,16,1,15,1,Orange,2022-09-25
2,9,1,8,1,Orange,2022-10-23
2,16,1,15,1,Pender,2022-09-12
2,6,1,5,1,Pender,2022-10-18
2,13,1,12,1,Rutherford,2022-07-03
2,11,1,10,1,Rutherford,2022-09-23
2,3,1,2,1,Rutherford,2022-10-19
2,4,1,3,1,Rutherford,2022-10-22
2,7,1,6,1,Rutherford,2022-11-25
2,13,1,12,1,Stokes,2022-07-01
2,3,1,2,1,Surry,2022-11-24
2,5,1,4,1,Wayne,2022-10-15
3,14,1,13,1,Alamance,2022-11-08
3,6,1,5,1,Bladen,2022-07-02
3,7,1,6,1,Columbus,2022-07-24
3,7,1,6,1,Davidson,2022-11-12
3,39,1,38,1,Durham,2022-10-02
3,22,1,21,1,Forsyth,2022-10-02
3,7,1,6,1,Halifax,2022-11-03
3,14,1,13,1,McDowell,2022-10-03
3,8,1,7,1,Richmond,2022-08-27
3,15,1,14,1,Rockingham,2022-07-13
3,8,1,7,1,Rockingham,2022-10-09
3,11,1,10,1,Rowan,2022-11-27
3,9,1,8,1,Rutherford,2022-09-03
3,24,1,23,1,Stanly,2022-07-30
3,17,1,16,1,Surry,2022-10-26
4,13,1,12,1,Cabarrus,2022-10-09
4,51,1,50,1,Durham,2022-09-18
4,29,1,28,1,Durham,2022-09-25
4,19,1,18,1,Orange,2022-11-01
4,12,1,11,1,Rutherford,2022-09-07
5,47,1,46,1,Durham,2022-10-05
5,18,1,17,1,Edgecombe,2022-06-21
6,32,1,31,1,Caldwell,2022-06-23
6,17,1,16,1,Rowan,2022-10-11
7,22,1,21,1,Stanly,2022-08-05
8,10,1,9,1,Franklin,2022-09-03
10,38,1,37,1,Pitt,2022-08-07
13,43,1,42,1,Union,2022-09-28
0,2,2,0,1,Ashe,2022-10-24
0,5,2,3,1,Avery,2022-09-09
0,2,2,0,1,Camden,2022-09-10
0,11,2,9,1,Carteret,2022-07-17
0,8,2,6,1,Craven,2022-09-25
0,5,2,3,1,Greene,2022-09-14
0,2,2,0,1,Lenoir,2022-09-24
0,4,2,2,1,Madison,2022-08-06
0,5,2,3,1,McDowell,2022-10-31
0,2,2,0,1,Northampton,2022-10-20
0,4,2,2,1,Richmond,2022-09-25
0,4,2,2,1,Swain,2022-08-14
0,13,2,11,1,Vance,2022-06-22
1,3,2,1,1,Clay,2022-07-24
1,18,2,16,1,Cleveland,2022-09-10
1,8,2,6,1,Davie,2022-07-31
1,2,2,0,1,Duplin,2022-11-08
1,9,2,7,1,Edgecombe,2022-08-13
1,12,2,10,1,Henderson,2022-11-05
1,5,2,3,1,Hertford,2022-11-07
1,5,2,3,1,Jones,2022-07-08
1,5,2,3,1,Lenoir,2022-06-18
1,11,2,9,1,McDowell,2022-11-08
1,5,2,3,1,Pamlico,2022-07-08
1,7,2,5,1,Pender,2022-07-23
1,7,2,5,1,Richmond,2022-06-19
1,20,2,18,1,Rockingham,2022-09-21
1,13,2,11,1,Stanly,2022-06-23
1,8,2,6,1,Vance,2022-09-18
1,12,2,10,1,Watauga,2022-06-23
1,7,2,5,1,Wayne,2022-10-08
1,6,2,4,1,Wilson,2022-11-10
1,2,2,0,1,Yancey,2022-11-21
2,12,2,10,1,Alamance,2022-10-09
2,7,2,5,1,Anson,2022-08-21
2,8,2,6,1,Ashe,2022-10-21
2,6,2,4,1,Bertie,2022-07-15
2,12,2,10,1,Brunswick,2022-11-08
2,8,2,6,1,Caldwell,2022-11-05
2,3,2,1,1,Carteret,2022-11-02
2,3,2,1,1,Carteret,2022-11-04
2,13,2,11,1,Cleveland,2022-09-16
2,5,2,3,1,Cleveland,2022-11-20
2,8,2,6,1,Cleveland,2022-12-10
2,2,2,0,1,Columbus,2022-11-04
2,7,2,5,1,Edgecombe,2022-09-29
2,18,2,16,1,Halifax,2022-09-01
2,12,2,10,1,Halifax,2022-09-10
2,17,2,15,1,Halifax,2022-09-14
2,9,2,7,1,Hoke,2022-07-24
2,7,2,5,1,Jackson,2022-10-02
2,17,2,15,1,Lee,2022-06-15
2,13,2,11,1,Lincoln,2022-10-17
2,13,2,11,1,Macon,2022-07-17
2,5,2,3,1,Montgomery,2022-10-03
2,26,2,24,1,Orange,2022-09-22
2,4,2,2,1,Pender,2022-10-02
2,5,2,3,1,Watauga,2022-06-18
2,8,2,6,1,Wayne,2022-10-09
2,9,2,7,1,Yadkin,2022-10-13
3,24,2,22,1,Burke,2022-07-17
3,32,2,30,1,Burke,2022-07-31
3,12,2,10,1,Cabarrus,2022-11-13
3,13,2,11,1,Catawba,2022-10-01
3,23,2,21,1,Chatham,2022-06-14
3,11,2,9,1,Columbus,2022-06-17
3,12,2,10,1,Harnett,2022-11-21
3,11,2,9,1,Haywood,2022-10-02
3,23,2,21,1,McDowell,2022-08-07
3,12,2,10,1,Orange,2022-09-17
3,10,2,8,1,Richmond,2022-09-23
3,13,2,11,1,Rockingham,2022-07-10
3,14,2,12,1,Stokes,2022-08-27
3,15,2,13,1,Surry,2022-09-27
4,39,2,37,1,Brunswick,2022-08-23
4,26,2,24,1,Caldwell,2022-08-13
4,23,2,21,1,Edgecombe,2022-09-19
4,19,2,17,1,Johnston,2022-11-16
4,8,2,6,1,Person,2022-07-01
4,15,2,13,1,Stanly,2022-09-05
4,12,2,10,1,Surry,2022-10-04
4,14,2,12,1,Surry,2022-11-08
5,13,2,11,1,Gaston,2022-11-11
6,26,2,24,1,Alamance,2022-11-09
6,26,2,24,1,Alamance,2022-11-18
6,19,2,17,1,Brunswick,2022-10-17
6,27,2,25,1,Caldwell,2022-09-18
7,25,2,23,1,Alamance,2022-11-04
7,19,2,17,1,Bladen,2022-07-15
7,41,2,39,1,Caldwell,2022-06-28
0,25,3,22,1,Caldwell,2022-06-25
0,20,3,17,1,Craven,2022-09-23
0,22,3,19,1,Franklin,2022-07-30
0,9,3,6,1,Iredell,2022-10-01
0,7,3,4,1,Lee,2022-06-26
0,7,3,4,1,Lenoir,2022-09-29
0,8,3,5,1,New Hanover,2022-11-17
0,14,3,11,1,Northampton,2022-07-21
0,8,3,5,1,Onslow,2022-11-14
0,14,3,11,1,Person,2022-08-03
0,12,3,9,1,Rockingham,2022-06-18
0,4,3,1,1,Sampson,2022-10-21
0,6,3,3,1,Wilson,2022-09-24
0,5,3,2,1,Wilson,2022-11-25
1,8,3,5,1,Ashe,2022-09-14
1,19,3,16,1,Cabarrus,2022-10-02
1,12,3,9,1,Carteret,2022-07-02
1,15,3,12,1,Chatham,2022-10-13
1,5,3,2,1,Columbus,2022-09-18
1,14,3,11,1,Duplin,2022-06-17
1,12,3,9,1,Hoke,2022-08-26
1,10,3,7,1,Jackson,2022-08-07
1,14,3,11,1,Lenoir,2022-06-23
1,5,3,2,1,Mitchell,2022-07-09
1,4,3,1,1,Mitchell,2022-08-15
1,7,3,4,1,Robeson,2022-12-04
1,9,3,6,1,Rockingham,2022-11-14
1,21,3,18,1,Rowan,2022-10-04
1,6,3,3,1,Rutherford,2022-11-07
1,11,3,8,1,Swain,2022-07-19
1,9,3,6,1,Wilson,2022-10-05
2,13,3,10,1,Anson,2022-09-02
2,14,3,11,1,Buncombe,2022-10-15
2,16,3,13,1,Caldwell,2022-10-05
2,11,3,8,1,Davie,2022-06-26
2,11,3,8,1,Franklin,2022-08-28
2,22,3,19,1,Harnett,2022-08-20
2,23,3,20,1,Johnston,2022-11-25
2,12,3,9,1,Lee,2022-08-26
2,9,3,6,1,Lenoir,2022-09-03
2,8,3,5,1,Lenoir,2022-11-01
2,22,3,19,1,Lincoln,2022-07-23
2,9,3,6,1,McDowell,2022-07-02
2,9,3,6,1,Montgomery,2022-09-19
2,13,3,10,1,Moore,2022-11-08
2,12,3,9,1,Moore,2022-11-21
2,18,3,15,1,New Hanover,2022-10-18
2,13,3,10,1,Pitt,2022-11-17
2,6,3,3,1,Scotland,2022-08-24
2,7,3,4,1,Stanly,2022-10-09
2,7,3,4,1,Vance,2022-09-10
2,17,3,14,1,Yadkin,2022-10-24
3,11,3,8,1,Brunswick,2022-10-21
3,14,3,11,1,Caldwell,2022-10-10
3,10,3,7,1,Duplin,2022-07-02
3,19,3,16,1,Granville,2022-08-22
3,30,3,27,1,New Hanover,2022-09-27
3,29,3,26,1,Onslow,2022-09-22
3,33,3,30,1,Pitt,2022-06-19
3,17,3,14,1,Richmond,2022-09-02
3,32,3,29,1,Rowan,2022-08-21
3,12,3,9,1,Rowan,2022-11-18
3,26,3,23,1,Union,2022-10-04
3,24,3,21,1,Yadkin,2022-07-14
3,12,3,9,1,Yadkin,2022-08-06
4,14,3,11,1,Alexander,2022-07-22
4,41,3,38,1,Brunswick,2022-09-26
4,40,3,37,1,Caldwell,2022-08-19
4,17,3,14,1,Edgecombe,2022-06-17
4,27,3,24,1,Johnston,2022-11-08
4,13,3,10,1,Macon,2022-09-20
4,22,3,19,1,McDowell,2022-09-19
4,8,3,5,1,Rutherford,2022-09-25
5,27,3,24,1,Cleveland,2022-07-24
5,21,3,18,1,Yadkin,2022-09-27
6,51,3,48,1,Alamance,2022-07-31
6,17,3,14,1,Chatham,2022-06-24
6,30,3,27,1,Forsyth,2022-11-16
6,20,3,17,1,New Hanover,2022-09-11
6,50,3,47,1,Onslow,2022-08-07
6,23,3,20,1,Rockingham,2022-07-16
6,25,3,22,1,Rowan,2022-11-02
7,17,3,14,1,Davidson,2022-11-08
7,26,3,23,1,Durham,2022-10-22
7,30,3,27,1,Franklin,2022-07-20
7,38,3,35,1,Onslow,2022-08-30
7,43,3,40,1,Orange,2022-07-15
7,45,3,42,1,Rowan,2022-08-12
8,34,3,31,1,Alamance,2022-12-05
11,93,3,90,1,Durham,2022-08-06
0,12,4,8,1,Brunswick,2022-09-25
0,19,4,15,1,Buncombe,2022-10-01
0,9,4,5,1,Caldwell,2022-10-30
0,9,4,5,1,Granville,2022-09-03
0,10,4,6,1,Haywood,2022-09-21
0,6,4,2,1,Jackson,2022-09-28
0,19,4,15,1,Lee,2022-06-17
0,5,4,1,1,Richmond,2022-10-04
0,7,4,3,1,Stokes,2022-07-24
0,9,4,5,1,Stokes,2022-08-06
0,7,4,3,1,Yancey,2022-06-23
1,20,4,16,1,Carteret,2022-06-25
1,13,4,9,1,Carteret,2022-08-23
1,7,4,3,1,Clay,2022-08-09
1,7,4,3,1,Craven,2022-11-22
1,11,4,7,1,Davidson,2022-11-15
1,5,4,1,1,Jones,2022-07-13
1,9,4,5,1,Madison,2022-09-22
1,9,4,5,1,Moore,2022-10-30
1,12,4,8,1,New Hanover,2022-10-13
1,9,4,5,1,Pender,2022-09-09
1,16,4,12,1,Person,2022-08-24
1,4,4,0,1,Polk,2022-07-08
1,20,4,16,1,Stokes,2022-08-23
1,4,4,0,1,Stokes,2022-11-27
1,7,4,3,1,Swain,2022-07-14
1,10,4,6,1,Swain,2022-07-20
1,12,4,8,1,Wayne,2022-10-01
1,13,4,9,1,Wilkes,2022-10-06
1,11,4,7,1,Wilkes,2022-10-09
1,7,4,3,1,Wilkes,2022-11-01
1,10,4,6,1,Wilson,2022-09-10
2,16,4,12,1,Bladen,2022-06-23
2,24,4,20,1,Cabarrus,2022-10-14
2,19,4,15,1,Caldwell,2022-09-24
2,18,4,14,1,Carteret,2022-08-17
2,6,4,2,1,Carteret,2022-10-10
2,12,4,8,1,Craven,2022-07-03
2,9,4,5,1,Craven,2022-11-25
2,13,4,9,1,Craven,2022-12-02
2,17,4,13,1,Davidson,2022-10-08
2,14,4,10,1,Duplin,2022-07-31
2,33,4,29,1,Gaston,2022-10-26
2,13,4,9,1,Halifax,2022-09-21
2,32,4,28,1,Harnett,2022-08-05
2,13,4,9,1,Henderson,2022-10-21
2,9,4,5,1,Jackson,2022-09-12
2,9,4,5,1,Lincoln,2022-10-31
2,21,4,17,1,Macon,2022-07-14
2,9,4,5,1,Nash,2022-10-15
2,22,4,18,1,Onslow,2022-09-05
2,19,4,15,1,Pender,2022-06-23
2,12,4,8,1,Rockingham,2022-09-05
2,7,4,3,1,Rutherford,2022-11-14
2,17,4,13,1,Stanly,2022-06-21
2,5,4,1,1,Stokes,2022-10-19
2,14,4,10,1,Watauga,2022-07-16
3,4,4,0,1,Ashe,2022-11-06
3,14,4,10,1,Cleveland,2022-09-11
3,33,4,29,1,Davidson,2022-08-21
3,35,4,31,1,Forsyth,2022-10-29
3,6,4,2,1,Harnett,2022-11-20
3,7,4,3,1,Martin,2022-09-20
3,8,4,4,1,Nash,2022-10-19
3,10,4,6,1,Randolph,2022-11-05
3,13,4,9,1,Rutherford,2022-09-16
3,21,4,17,1,Union,2022-10-09
3,7,4,3,1,Wilkes,2022-11-14
3,16,4,12,1,Yadkin,2022-09-23
4,25,4,21,1,Alamance,2022-11-03
4,36,4,32,1,Brunswick,2022-09-13
4,21,4,17,1,Forsyth,2022-11-06
4,12,4,8,1,Lee,2022-09-25
4,42,4,38,1,Lincoln,2022-07-28
4,14,4,10,1,Stokes,2022-10-13
4,13,4,9,1,Surry,2022-09-10
5,32,4,28,1,Alamance,2022-06-25
5,19,4,15,1,Alamance,2022-12-03
5,43,4,39,1,Burke,2022-09-08
5,40,4,36,1,Cabarrus,2022-11-30
5,8,4,4,1,Cherokee,2022-09-01
5,15,4,11,1,Columbus,2022-08-31
5,33,4,29,1,Forsyth,2022-10-09
5,24,4,20,1,Gaston,2022-09-18
5,21,4,17,1,Haywood,2022-11-17
5,17,4,13,1,Hoke,2022-08-31
5,12,4,8,1,Lincoln,2022-09-30
5,16,4,12,1,Lincoln,2022-12-07
5,62,4,58,1,Orange,2022-07-06
5,28,4,24,1,Pitt,2022-08-14
6,26,4,22,1,Cleveland,2022-12-07
6,40,4,36,1,Forsyth,2022-10-23
6,33,4,29,1,Harnett,2022-08-10
7,32,4,28,1,Cleveland,2022-09-13
7,87,4,83,1,Durham,2022-06-26
7,43,4,39,1,Forsyth,2022-10-20
7,27,4,23,1,Richmond,2022-08-18
7,21,4,17,1,Sampson,2022-09-01
8,32,4,28,1,Caldwell,2022-07-17
8,63,4,59,1,Mecklenburg,2022-11-13
8,33,4,29,1,Nash,2022-07-24
8,48,4,44,1,Pitt,2022-07-03
9,48,4,44,1,Caldwell,2022-09-09
9,40,4,36,1,Davidson,2022-07-02
9,46,4,42,1,Gaston,2022-09-03
9,57,4,53,1,Johnston,2022-07-16
9,23,4,19,1,Union,2022-11-01
10,38,4,34,1,Davidson,2022-08-14
10,88,4,84,1,Durham,2022-09-21
11,49,4,45,1,Cleveland,2022-06-21
11,69,4,65,1,Gaston,2022-06-14
0,6,5,1,1,Ashe,2022-07-31
0,11,5,6,1,Burke,2022-11-15
0,16,5,11,1,Hoke,2022-09-10
0,10,5,5,1,Jackson,2022-06-14
0,8,5,3,1,Moore,2022-10-20
0,8,5,3,1,Wilkes,2022-10-12
1,17,5,12,1,Buncombe,2022-11-20
1,16,5,11,1,Craven,2022-10-24
1,11,5,6,1,Haywood,2022-10-17
1,25,5,20,1,Rockingham,2022-07-08
1,8,5,3,1,Scotland,2022-10-13
1,6,5,1,1,Wayne,2022-10-29
1,23,5,18,1,Yadkin,2022-08-21
2,14,5,9,1,Bladen,2022-08-15
2,16,5,11,1,Buncombe,2022-12-04
2,11,5,6,1,Burke,2022-09-25
2,7,5,2,1,Davie,2022-11-22
2,21,5,16,1,Halifax,2022-08-03
2,9,5,4,1,Hertford,2022-06-22
2,11,5,6,1,Iredell,2022-09-24
2,9,5,4,1,McDowell,2022-10-08
2,6,5,1,1,Northampton,2022-06-30
2,28,5,23,1,Onslow,2022-09-11
2,14,5,9,1,Pasquotank,2022-07-22
2,12,5,7,1,Pasquotank,2022-08-16
2,16,5,11,1,Randolph,2022-10-23
2,15,5,10,1,Sampson,2022-09-27
2,12,5,7,1,Stokes,2022-08-17
2,12,5,7,1,Watauga,2022-07-12
2,13,5,8,1,Wilkes,2022-06-15
2,9,5,4,1,Wilson,2022-07-04
3,14,5,9,1,Buncombe,2022-10-09
3,27,5,22,1,Cleveland,2022-08-27
3,19,5,14,1,Davidson,2022-10-16
3,10,5,5,1,Duplin,2022-09-05
3,24,5,19,1,Hoke,2022-09-09
3,28,5,23,1,Onslow,2022-07-04
3,22,5,17,1,Onslow,2022-09-18
3,13,5,8,1,Randolph,2022-10-21
3,14,5,9,1,Richmond,2022-08-23
3,8,5,3,1,Rowan,2022-10-16
4,19,5,14,1,Alamance,2022-10-14
4,22,5,17,1,Alamance,2022-10-20
4,12,5,7,1,Carteret,2022-07-04
4,27,5,22,1,Franklin,2022-07-24
4,31,5,26,1,Gaston,2022-09-11
4,27,5,22,1,Gaston,2022-09-27
4,27,5,22,1,Gaston,2022-10-17
4,23,5,18,1,Henderson,2022-09-27
4,20,5,15,1,Henderson,2022-11-01
4,18,5,13,1,Lee,2022-07-08
4,31,5,26,1,Lincoln,2022-07-07
4,24,5,19,1,New Hanover,2022-08-20
4,65,5,60,1,Orange,2022-07-22
4,11,5,6,1,Robeson,2022-10-08
4,19,5,14,1,Rowan,2022-11-22
4,48,5,43,1,Union,2022-09-11
4,15,5,10,1,Union,2022-11-19
4,14,5,9,1,Wilkes,2022-09-04
5,21,5,16,1,Beaufort,2022-09-14
5,31,5,26,1,Burke,2022-08-19
5,24,5,19,1,Cabarrus,2022-10-07
5,19,5,14,1,Nash,2022-09-29
5,42,5,37,1,New Hanover,2022-09-26
5,35,5,30,1,Onslow,2022-08-19
5,16,5,11,1,Robeson,2022-10-19
5,22,5,17,1,Union,2022-11-07
6,44,5,39,1,Cabarrus,2022-12-02
6,37,5,32,1,Caldwell,2022-09-27
6,48,5,43,1,Davidson,2022-07-06
6,31,5,26,1,Franklin,2022-09-07
6,32,5,27,1,Gaston,2022-09-23
6,20,5,15,1,Nash,2022-09-02
6,26,5,21,1,Stokes,2022-07-20
7,29,5,24,1,Alamance,2022-09-30
7,16,5,11,1,Brunswick,2022-12-07
7,33,5,28,1,Cleveland,2022-07-23
7,47,5,42,1,Forsyth,2022-11-04
8,58,5,53,1,Durham,2022-10-31
8,49,5,44,1,Pitt,2022-07-31
8,26,5,21,1,Pitt,2022-08-13
10,31,5,26,1,Davidson,2022-10-07
13,68,5,63,1,Wake,2022-11-05
0,9,6,3,1,Carteret,2022-09-22
0,16,6,10,1,Davie,2022-09-16
0,8,6,2,1,Haywood,2022-07-16
0,10,6,4,1,Lee,2022-10-29
1,13,6,7,1,Carteret,2022-08-27
1,7,6,1,1,Columbus,2022-11-14
1,13,6,7,1,Craven,2022-11-07
1,9,6,3,1,Person,2022-08-06
1,13,6,7,1,Rutherford,2022-07-04
1,12,6,6,1,Wilson,2022-06-26
2,31,6,25,1,Brunswick,2022-09-21
2,27,6,21,1,Caldwell,2022-07-03
2,10,6,4,1,Columbus,2022-10-03
2,38,6,32,1,Mecklenburg,2022-11-24
2,8,6,2,1,Moore,2022-11-05
2,20,6,14,1,Nash,2022-06-17
2,22,6,16,1,Pitt,2022-09-25
2,10,6,4,1,Scotland,2022-09-14
3,24,6,18,1,Buncombe,2022-11-05
3,17,6,11,1,Davie,2022-09-22
3,25,6,19,1,Lee,2022-06-28
3,26,6,20,1,Onslow,2022-08-14
3,33,6,27,1,Pender,2022-08-08
3,10,6,4,1,Sampson,2022-10-10
3,13,6,7,1,Surry,2022-10-13
3,21,6,15,1,Wilkes,2022-08-12
4,22,6,16,1,Catawba,2022-10-15
4,35,6,29,1,Cumberland,2022-09-24
4,17,6,11,1,Davidson,2022-10-20
4,28,6,22,1,Johnston,2022-11-27
4,20,6,14,1,McDowell,2022-06-30
4,23,6,17,1,Moore,2022-08-24
4,22,6,16,1,Moore,2022-09-28
4,30,6,24,1,Moore,2022-10-06
4,29,6,23,1,Onslow,2022-10-03
4,24,6,18,1,Rutherford,2022-06-20
5,36,6,30,1,Alamance,2022-08-27
5,32,6,26,1,Cleveland,2022-07-31
5,37,6,31,1,Cumberland,2022-10-07
5,35,6,29,1,Davidson,2022-06-17
5,49,6,43,1,Guilford,2022-11-26
5,27,6,21,1,Halifax,2022-08-18
5,13,6,7,1,Haywood,2022-08-11
5,19,6,13,1,Nash,2022-09-04
5,25,6,19,1,New Hanover,2022-11-29
5,19,6,13,1,Wayne,2022-09-05
5,20,6,14,1,Yadkin,2022-07-22
6,35,6,29,1,Moore,2022-08-04
6,25,6,19,1,Nash,2022-08-26
7,54,6,48,1,Harnett,2022-07-14
7,25,6,19,1,New Hanover,2022-09-10
8,35,6,29,1,Lincoln,2022-08-10
8,31,6,25,1,Rockingham,2022-07-29
8,20,6,14,1,Yadkin,2022-08-10
9,53,6,47,1,Gaston,2022-09-04
9,33,6,27,1,Nash,2022-09-06
10,41,6,35,1,Alamance,2022-07-17
10,71,6,65,1,Rowan,2022-08-16
12,44,6,38,1,Rowan,2022-09-08
13,65,6,59,1,Guilford,2022-09-25
15,56,6,50,1,Cleveland,2022-08-03
15,78,6,72,1,Gaston,2022-07-24
15,60,6,54,1,Gaston,2022-09-15
32,87,6,81,1,Pitt,2022-08-11
0,12,7,5,1,Henderson,2022-11-02
0,11,7,4,1,Wilkes,2022-12-10
1,9,7,2,1,Macon,2022-06-30
1,17,7,10,1,Moore,2022-08-13
1,17,7,10,1,Scotland,2022-08-15
2,34,7,27,1,Brunswick,2022-07-31
2,25,7,18,1,Brunswick,2022-08-14
2,27,7,20,1,Buncombe,2022-11-23
2,41,7,34,1,Lenoir,2022-08-09
2,37,7,30,1,Lincoln,2022-07-05
2,16,7,9,1,Moore,2022-08-12
2,22,7,15,1,New Hanover,2022-10-04
2,17,7,10,1,Northampton,2022-08-01
2,24,7,17,1,Rockingham,2022-09-14
2,12,7,5,1,Transylvania,2022-07-15
3,29,7,22,1,Caldwell,2022-06-17
3,24,7,17,1,Caldwell,2022-07-02
3,22,7,15,1,Carteret,2022-08-16
3,32,7,25,1,Davidson,2022-09-29
3,22,7,15,1,Gaston,2022-10-13
3,37,7,30,1,Harnett,2022-08-19
3,18,7,11,1,Hoke,2022-06-24
3,24,7,17,1,Hoke,2022-07-14
3,16,7,9,1,McDowell,2022-07-01
3,10,7,3,1,Polk,2022-07-11
3,14,7,7,1,Wilkes,2022-11-28
3,25,7,18,1,Wilson,2022-09-26
4,34,7,27,1,Brunswick,2022-09-15
4,35,7,28,1,Davidson,2022-07-10
4,29,7,22,1,Lee,2022-07-19
4,18,7,11,1,Wilson,2022-09-28
5,16,7,9,1,Craven,2022-10-04
5,37,7,30,1,Cumberland,2022-10-20
5,18,7,11,1,Davidson,2022-07-09
5,30,7,23,1,Gaston,2022-10-31
5,22,7,15,1,Lee,2022-07-09
5,40,7,33,1,Nash,2022-07-15
5,23,7,16,1,Nash,2022-09-13
5,18,7,11,1,Randolph,2022-11-08
6,30,7,23,1,Caldwell,2022-12-05
6,21,7,14,1,Davidson,2022-11-27
6,18,7,11,1,Haywood,2022-11-14
6,45,7,38,1,Pitt,2022-06-26
7,32,7,25,1,Iredell,2022-08-27
7,22,7,15,1,Wayne,2022-09-11
7,23,7,16,1,Yadkin,2022-08-29
8,27,7,20,1,Pitt,2022-11-02
8,30,7,23,1,Union,2022-11-27
8,29,7,22,1,Wilson,2022-07-01
9,31,7,24,1,Cabarrus,2022-07-04
9,37,7,30,1,Davidson,2022-12-06
9,67,7,60,1,Guilford,2022-11-07
9,48,7,41,1,Onslow,2022-07-23
10,63,7,56,1,Wake,2022-10-30
11,92,7,85,1,Wake,2022-11-17
0,9,8,1,1,Polk,2022-07-15
1,25,8,17,1,Alexander,2022-08-15
1,14,8,6,1,Henderson,2022-10-13
1,19,8,11,1,Lee,2022-07-13
1,22,8,14,1,Moore,2022-08-06
1,25,8,17,1,New Hanover,2022-10-17
2,32,8,24,1,Wilson,2022-08-12
2,16,8,8,1,Wilson,2022-09-27
3,23,8,15,1,Buncombe,2022-11-10
3,26,8,18,1,Burke,2022-07-01
3,14,8,6,1,Cleveland,2022-10-20
3,42,8,34,1,Davidson,2022-08-16
3,18,8,10,1,Lenoir,2022-07-24
3,30,8,22,1,Moore,2022-07-09
3,25,8,17,1,Moore,2022-09-29
3,17,8,9,1,Randolph,2022-10-11
3,22,8,14,1,Wayne,2022-08-27
3,17,8,9,1,Wilson,2022-06-19
3,15,8,7,1,Wilson,2022-08-26
4,51,8,43,1,Cabarrus,2022-07-10
4,23,8,15,1,Carteret,2022-08-10
4,24,8,16,1,New Hanover,2022-09-04
5,29,8,21,1,Lenoir,2022-06-28
5,40,8,32,1,Onslow,2022-09-20
6,52,8,44,1,Alamance,2022-07-10
6,46,8,38,1,Cumberland,2022-06-19
6,40,8,32,1,Davidson,2022-07-30
6,26,8,18,1,Davidson,2022-10-25
6,41,8,33,1,Johnston,2022-09-04
6,37,8,29,1,Lincoln,2022-06-27
6,29,8,21,1,Pitt,2022-11-03
7,38,8,30,1,Catawba,2022-07-03
7,60,8,52,1,Forsyth,2022-10-11
7,75,8,67,1,Forsyth,2022-11-21
7,50,8,42,1,Union,2022-07-02
8,37,8,29,1,Caldwell,2022-08-30
8,43,8,35,1,Davidson,2022-09-22
8,45,8,37,1,Forsyth,2022-11-09
8,46,8,38,1,New Hanover,2022-09-14
8,65,8,57,1,Onslow,2022-06-16
9,40,8,32,1,Cumberland,2022-10-14
9,76,8,68,1,Durham,2022-09-27
9,44,8,36,1,Forsyth,2022-11-10
10,52,8,44,1,Caldwell,2022-07-19
10,63,8,55,1,Pitt,2022-09-19
11,28,8,20,1,Catawba,2022-09-17
12,38,8,30,1,Cleveland,2022-08-18
12,69,8,61,1,Orange,2022-07-18
14,69,8,61,1,Cleveland,2022-07-20
19,170,8,162,1,Durham,2022-07-06
21,83,8,75,1,Gaston,2022-06-29
1,12,9,3,1,Ashe,2022-08-11
1,17,9,8,1,Haywood,2022-10-10
1,18,9,9,1,Lenoir,2022-07-01
1,14,9,5,1,Randolph,2022-11-14
1,14,9,5,1,Sampson,2022-09-26
2,33,9,24,1,Buncombe,2022-10-10
2,19,9,10,1,Craven,2022-07-04
2,29,9,20,1,Moore,2022-06-26
2,35,9,26,1,Nash,2022-06-24
2,16,9,7,1,Randolph,2022-10-15
2,16,9,7,1,Sampson,2022-09-28
3,39,9,30,1,Brunswick,2022-09-16
3,27,9,18,1,Davidson,2022-10-04
3,14,9,5,1,Haywood,2022-07-09
3,35,9,26,1,Lincoln,2022-07-22
3,28,9,19,1,Nash,2022-09-07
3,10,9,1,1,Richmond,2022-08-20
3,24,9,15,1,Union,2022-10-16
4,18,9,9,1,Catawba,2022-11-22
4,44,9,35,1,Guilford,2022-10-21
4,21,9,12,1,Moore,2022-09-09
4,13,9,4,1,Northampton,2022-06-14
4,17,9,8,1,Richmond,2022-09-08
4,20,9,11,1,Yadkin,2022-08-01
5,53,9,44,1,Brunswick,2022-06-28
5,36,9,27,1,Cabarrus,2022-08-27
5,30,9,21,1,Forsyth,2022-10-01
5,25,9,16,1,Henderson,2022-10-04
5,32,9,23,1,Johnston,2022-09-29
5,28,9,19,1,Lincoln,2022-09-08
5,19,9,10,1,Nash,2022-12-06
5,24,9,15,1,Robeson,2022-08-27
5,34,9,25,1,Rowan,2022-06-17
5,13,9,4,1,Wilkes,2022-10-25
6,43,9,34,1,Alamance,2022-12-01
6,44,9,35,1,Brunswick,2022-09-02
6,53,9,44,1,Cabarrus,2022-07-02
6,18,9,9,1,Catawba,2022-09-25
6,19,9,10,1,Craven,2022-11-29
6,38,9,29,1,Harnett,2022-09-20
6,31,9,22,1,Yadkin,2022-09-07
7,32,9,23,1,Surry,2022-06-27
8,18,9,9,1,Randolph,2022-11-22
8,27,9,18,1,Stokes,2022-06-30
9,52,9,43,1,Guilford,2022-10-27
9,57,9,48,1,Harnett,2022-09-12
10,55,9,46,1,Gaston,2022-06-16
11,48,9,39,1,Davidson,2022-11-28
12,49,9,40,1,Guilford,2022-10-26
13,73,9,64,1,Forsyth,2022-07-02
13,38,9,29,1,Gaston,2022-09-20
14,58,9,49,1,Davidson,2022-06-29
15,92,9,83,1,Onslow,2022-08-22
17,95,9,86,1,Pitt,2022-07-13
18,123,9,114,1,Durham,2022-08-29
18,107,9,98,1,Wake,2022-10-28
21,114,9,105,1,Durham,2022-08-25
0,12,10,2,1,Haywood,2022-09-30
1,23,10,13,1,Craven,2022-09-10
1,15,10,5,1,Madison,2022-07-18
1,26,10,16,1,Moore,2022-07-23
1,17,10,7,1,Randolph,2022-10-10
2,20,10,10,1,Craven,2022-09-09
3,51,10,41,1,Cumberland,2022-09-03
3,25,10,15,1,Henderson,2022-08-30
3,27,10,17,1,Moore,2022-08-29
3,21,10,11,1,Transylvania,2022-09-09
4,30,10,20,1,Lenoir,2022-07-14
4,35,10,25,1,Pitt,2022-09-17
4,35,10,25,1,Surry,2022-06-14
4,26,10,16,1,Wayne,2022-08-28
5,38,10,28,1,Catawba,2022-09-11
5,40,10,30,1,Hoke,2022-07-19
5,23,10,13,1,Wayne,2022-08-14
6,24,10,14,1,Buncombe,2022-09-05
6,30,10,20,1,Carteret,2022-07-07
6,82,10,72,1,Cumberland,2022-08-06
6,35,10,25,1,Davidson,2022-10-03
6,38,10,28,1,Hoke,2022-07-06
6,55,10,45,1,Orange,2022-07-21
6,39,10,29,1,Rockingham,2022-07-22
6,30,10,20,1,Rowan,2022-08-06
6,27,10,17,1,Stanly,2022-09-15
6,25,10,15,1,Vance,2022-08-08
7,57,10,47,1,Alamance,2022-06-22
7,43,10,33,1,Caldwell,2022-09-11
7,40,10,30,1,Halifax,2022-08-15
7,25,10,15,1,Henderson,2022-09-11
7,27,10,17,1,Henderson,2022-09-23
8,40,10,30,1,Alamance,2022-11-02
8,37,10,27,1,Cabarrus,2022-10-17
8,35,10,25,1,Catawba,2022-08-28
8,48,10,38,1,Cumberland,2022-10-25
8,54,10,44,1,Onslow,2022-06-24
10,80,10,70,1,Cabarrus,2022-08-12
10,38,10,28,1,Caldwell,2022-07-12
10,53,10,43,1,Harnett,2022-07-21
10,55,10,45,1,New Hanover,2022-08-17
11,59,10,49,1,Rowan,2022-07-13
12,74,10,64,1,Forsyth,2022-09-17
12,81,10,71,1,Pitt,2022-08-23
13,74,10,64,1,Cabarrus,2022-09-01
13,77,10,67,1,Forsyth,2022-06-25
13,77,10,67,1,Mecklenburg,2022-11-12
15,91,10,81,1,Gaston,2022-06-28
16,96,10,86,1,Cabarrus,2022-07-14
16,162,10,152,1,Durham,2022-07-18
16,88,10,78,1,Forsyth,2022-08-21
16,47,10,37,1,Gaston,2022-11-29
18,68,10,58,1,Rowan,2022-08-05
21,86,10,76,1,Alamance,2022-08-17
0,12,11,1,1,Haywood,2022-06-25
1,26,11,15,1,Haywood,2022-08-09
2,19,11,8,1,Buncombe,2022-10-02
2,21,11,10,1,Moore,2022-10-05
3,75,11,64,1,Cumberland,2022-08-07
3,42,11,31,1,Cumberland,2022-10-10
3,30,11,19,1,Henderson,2022-07-16
3,34,11,23,1,Henderson,2022-08-23
3,34,11,23,1,Iredell,2022-06-17
3,17,11,6,1,Lincoln,2022-10-14
3,32,11,21,1,Randolph,2022-06-28
3,34,11,23,1,Rockingham,2022-07-25
4,37,11,26,1,Cumberland,2022-09-25
4,26,11,15,1,Robeson,2022-10-25
4,22,11,11,1,Sampson,2022-08-15
4,24,11,13,1,Union,2022-11-26
5,23,11,12,1,Catawba,2022-11-21
5,28,11,17,1,Rowan,2022-11-21
5,34,11,23,1,Surry,2022-07-14
6,28,11,17,1,Craven,2022-08-22
6,34,11,23,1,Lincoln,2022-09-19
6,22,11,11,1,Nash,2022-10-17
6,68,11,57,1,Wake,2022-11-06
7,61,11,50,1,Cabarrus,2022-08-18
7,24,11,13,1,Wilson,2022-07-23
8,61,11,50,1,Burke,2022-08-05
8,30,11,19,1,Duplin,2022-06-27
8,58,11,47,1,Gaston,2022-08-27
8,49,11,38,1,New Hanover,2022-07-31
8,54,11,43,1,Onslow,2022-08-06
8,20,11,9,1,Randolph,2022-10-31
9,38,11,27,1,Buncombe,2022-08-14
9,74,11,63,1,Forsyth,2022-10-12
9,49,11,38,1,Johnston,2022-09-27
9,53,11,42,1,Nash,2022-08-03
10,53,11,42,1,Davidson,2022-06-22
10,36,11,25,1,Henderson,2022-09-20
10,52,11,41,1,Johnston,2022-08-25
10,59,11,48,1,Johnston,2022-09-23
15,89,11,78,1,Alamance,2022-07-05
15,65,11,54,1,Forsyth,2022-11-02
15,98,11,87,1,Guilford,2022-08-13
16,125,11,114,1,Mecklenburg,2022-09-24
16,54,11,43,1,Onslow,2022-08-25
0,25,12,13,1,Davie,2022-08-02
1,51,12,39,1,Brunswick,2022-08-24
1,39,12,27,1,Carteret,2022-07-12
1,19,12,7,1,Moore,2022-10-18
2,39,12,27,1,Henderson,2022-07-01
2,16,12,4,1,Moore,2022-10-07
2,27,12,15,1,Surry,2022-06-28
2,32,12,20,1,Wilkes,2022-07-28
3,29,12,17,1,Buncombe,2022-10-31
3,43,12,31,1,Cabarrus,2022-09-22
3,18,12,6,1,Sampson,2022-09-09
4,19,12,7,1,Catawba,2022-10-08
4,60,12,48,1,Forsyth,2022-10-31
4,22,12,10,1,New Hanover,2022-12-02
4,23,12,11,1,Surry,2022-10-03
5,22,12,10,1,Lenoir,2022-09-02
6,43,12,31,1,Buncombe,2022-10-05
6,54,12,42,1,Guilford,2022-11-10
6,42,12,30,1,Harnett,2022-09-16
6,34,12,22,1,Moore,2022-08-15
6,27,12,15,1,Rockingham,2022-08-25
6,21,12,9,1,Wayne,2022-11-08
7,101,12,89,1,Guilford,2022-07-02
7,44,12,32,1,Surry,2022-07-13
7,34,12,22,1,Wilson,2022-08-11
8,28,12,16,1,Catawba,2022-09-03
8,56,12,44,1,New Hanover,2022-09-13
9,60,12,48,1,Brunswick,2022-07-22
9,80,12,68,1,Guilford,2022-08-21
9,51,12,39,1,Harnett,2022-09-14
10,84,12,72,1,Alamance,2022-06-27
10,58,12,46,1,Pitt,2022-09-21
11,48,12,36,1,Davidson,2022-08-26
12,75,12,63,1,Cabarrus,2022-07-24
12,93,12,81,1,Cumberland,2022-09-14
13,66,12,54,1,Caldwell,2022-08-08
14,84,12,72,1,Forsyth,2022-10-04
16,114,12,102,1,Cumberland,2022-09-15
16,78,12,66,1,Forsyth,2022-10-05
17,98,12,86,1,Union,2022-07-22
19,102,12,90,1,Mecklenburg,2022-11-18
20,74,12,62,1,Gaston,2022-06-22
1,35,13,22,1,Buncombe,2022-09-23
2,33,13,20,1,Surry,2022-06-24
3,26,13,13,1,Columbus,2022-08-09
3,40,13,27,1,Harnett,2022-06-23
3,19,13,6,1,Haywood,2022-09-26
3,32,13,19,1,New Hanover,2022-07-03
4,23,13,10,1,Surry,2022-09-26
5,23,13,10,1,Wilkes,2022-07-23
6,44,13,31,1,Harnett,2022-09-13
6,47,13,34,1,New Hanover,2022-08-23
7,38,13,25,1,Nash,2022-08-17
7,68,13,55,1,Rowan,2022-07-06
7,32,13,19,1,Wilson,2022-06-29
8,26,13,13,1,Catawba,2022-10-31
9,57,13,44,1,Burke,2022-08-03
9,82,13,69,1,Guilford,2022-06-18
10,82,13,69,1,Alamance,2022-07-21
10,73,13,60,1,Brunswick,2022-07-21
10,44,13,31,1,Guilford,2022-11-11
11,26,13,13,1,Surry,2022-07-04
12,67,13,54,1,Cabarrus,2022-08-15
12,58,13,45,1,Gaston,2022-08-06
13,48,13,35,1,Catawba,2022-08-14
13,86,13,73,1,Guilford,2022-09-04
13,41,13,28,1,Lincoln,2022-07-20
13,76,13,63,1,Union,2022-09-13
15,90,13,77,1,Cumberland,2022-07-23
18,98,13,85,1,Gaston,2022-07-07
18,81,13,68,1,Gaston,2022-08-18
20,75,13,62,1,Davidson,2022-08-31
23,121,13,108,1,Wake,2022-10-10
26,134,13,121,1,Mecklenburg,2022-11-15
32,178,13,165,1,Wake,2022-09-29
2,35,14,21,1,Craven,2022-06-22
2,21,14,7,1,Haywood,2022-08-15
3,20,14,6,1,Sampson,2022-08-30
4,38,14,24,1,Henderson,2022-08-18
5,30,14,16,1,Wilkes,2022-08-24
6,34,14,20,1,Chatham,2022-09-06
6,77,14,63,1,Cumberland,2022-07-31
6,41,14,27,1,Henderson,2022-08-15
6,38,14,24,1,Iredell,2022-09-02
7,40,14,26,1,Iredell,2022-09-22
7,29,14,15,1,Robeson,2022-08-21
7,48,14,34,1,Surry,2022-07-20
8,95,14,81,1,Cumberland,2022-09-01
9,69,14,55,1,Alamance,2022-07-06
9,61,14,47,1,Guilford,2022-10-25
9,61,14,47,1,Johnston,2022-06-17
9,72,14,58,1,Johnston,2022-06-21
11,66,14,52,1,Caldwell,2022-07-27
11,105,14,91,1,Guilford,2022-07-09
11,100,14,86,1,Onslow,2022-07-20
12,65,14,51,1,Davidson,2022-08-09
12,63,14,49,1,Iredell,2022-07-23
12,48,14,34,1,Rowan,2022-06-21
13,56,14,42,1,Buncombe,2022-08-13
14,55,14,41,1,Caldwell,2022-09-16
15,69,14,55,1,Davidson,2022-08-17
16,83,14,69,1,Gaston,2022-08-16
23,91,14,77,1,Gaston,2022-07-27
3,50,15,35,1,Buncombe,2022-09-20
3,27,15,12,1,Iredell,2022-11-02
3,22,15,7,1,Sampson,2022-08-26
4,44,15,29,1,Burke,2022-09-09
4,34,15,19,1,Henderson,2022-09-14
4,31,15,16,1,Robeson,2022-06-18
4,25,15,10,1,Wilkes,2022-09-02
5,40,15,25,1,Buncombe,2022-10-27
5,25,15,10,1,Davie,2022-09-12
5,64,15,49,1,New Hanover,2022-06-17
6,34,15,19,1,Buncombe,2022-07-02
6,30,15,15,1,Buncombe,2022-09-27
6,72,15,57,1,Henderson,2022-07-12
7,63,15,48,1,Brunswick,2022-08-08
7,58,15,43,1,New Hanover,2022-07-10
7,37,15,22,1,Robeson,2022-09-23
8,32,15,17,1,Iredell,2022-10-31
8,44,15,29,1,New Hanover,2022-08-31
8,42,15,27,1,Surry,2022-07-11
8,45,15,30,1,Surry,2022-08-16
9,27,15,12,1,Buncombe,2022-11-27
9,38,15,23,1,Moore,2022-08-31
9,40,15,25,1,Yadkin,2022-09-09
10,58,15,43,1,Guilford,2022-11-09
10,70,15,55,1,Johnston,2022-08-22
10,80,15,65,1,Wake,2022-09-25
11,90,15,75,1,Cumberland,2022-09-09
11,47,15,32,1,Rowan,2022-07-31
11,131,15,116,1,Wake,2022-09-18
12,76,15,61,1,Forsyth,2022-10-17
12,62,15,47,1,Johnston,2022-08-23
13,62,15,47,1,Forsyth,2022-11-14
13,57,15,42,1,Onslow,2022-09-01
13,103,15,88,1,Union,2022-07-06
14,88,15,73,1,Cumberland,2022-09-02
16,76,15,61,1,Caldwell,2022-09-12
16,72,15,57,1,Cleveland,2022-07-26
24,90,15,75,1,Alamance,2022-09-14
3,62,16,46,1,Brunswick,2022-07-14
3,35,16,19,1,Buncombe,2022-11-15
3,51,16,35,1,Burke,2022-07-20
3,36,16,20,1,Randolph,2022-06-21
3,31,16,15,1,Robeson,2022-09-28
4,26,16,10,1,Randolph,2022-07-02
5,28,16,12,1,Henderson,2022-11-06
6,42,16,26,1,Cumberland,2022-10-12
7,51,16,35,1,Cumberland,2022-08-28
7,33,16,17,1,Henderson,2022-07-06
7,44,16,28,1,Henderson,2022-08-08
8,47,16,31,1,McDowell,2022-07-05
8,92,16,76,1,Wake,2022-09-30
8,37,16,21,1,Wilkes,2022-08-08
10,31,16,15,1,Columbus,2022-08-02
10,86,16,70,1,Union,2022-06-22
12,110,16,94,1,Forsyth,2022-07-30
12,37,16,21,1,Stokes,2022-08-22
13,84,16,68,1,Guilford,2022-11-03
15,66,16,50,1,Alamance,2022-06-20
15,106,16,90,1,Mecklenburg,2022-10-02
18,102,16,86,1,Johnston,2022-07-27
18,95,16,79,1,Onslow,2022-07-22
20,99,16,83,1,Alamance,2022-09-06
21,96,16,80,1,Union,2022-08-10
27,173,16,157,1,Mecklenburg,2022-09-11
28,147,16,131,1,Guilford,2022-09-01
4,34,17,17,1,Columbus,2022-07-12
4,34,17,17,1,Moore,2022-06-16
5,27,17,10,1,Randolph,2022-08-07
6,32,17,15,1,Buncombe,2022-10-18
6,32,17,15,1,Catawba,2022-10-13
8,75,17,58,1,Cabarrus,2022-09-08
9,61,17,44,1,Cabarrus,2022-07-17
9,57,17,40,1,Durham,2022-10-26
9,81,17,64,1,New Hanover,2022-06-16
10,86,17,69,1,Cumberland,2022-09-21
11,91,17,74,1,Forsyth,2022-09-03
11,21,17,4,1,Wilkes,2022-12-01
12,52,17,35,1,Nash,2022-08-04
12,105,17,88,1,Onslow,2022-08-15
14,65,17,48,1,Rowan,2022-07-15
15,123,17,106,1,Guilford,2022-08-06
16,89,17,72,1,Davidson,2022-07-27
16,95,17,78,1,Forsyth,2022-09-23
17,96,17,79,1,Cumberland,2022-09-22
20,140,17,123,1,Wake,2022-11-01
21,120,17,103,1,Mecklenburg,2022-11-01
4,35,18,17,1,Lee,2022-07-18
5,29,18,11,1,Buncombe,2022-07-04
5,47,18,29,1,Surry,2022-07-30
7,51,18,33,1,Buncombe,2022-08-07
7,64,18,46,1,Buncombe,2022-08-24
7,40,18,22,1,Iredell,2022-08-14
7,39,18,21,1,Randolph,2022-06-22
8,69,18,51,1,Catawba,2022-08-05
8,50,18,32,1,New Hanover,2022-08-07
10,88,18,70,1,Gaston,2022-09-12
11,56,18,38,1,Davidson,2022-09-26
13,119,18,101,1,Cumberland,2022-07-01
14,97,18,79,1,Guilford,2022-06-25
15,85,18,67,1,Cabarrus,2022-08-11
15,109,18,91,1,Forsyth,2022-07-31
15,61,18,43,1,Pitt,2022-09-01
16,96,18,78,1,Guilford,2022-11-01
20,81,18,63,1,Union,2022-09-12
24,174,18,156,1,Mecklenburg,2022-10-05
3,59,19,40,1,Buncombe,2022-06-26
3,54,19,35,1,New Hanover,2022-08-06
4,24,19,5,1,Randolph,2022-10-05
7,65,19,46,1,New Hanover,2022-07-02
7,35,19,16,1,Robeson,2022-08-14
8,55,19,36,1,Catawba,2022-09-21
9,44,19,25,1,Buncombe,2022-10-04
9,40,19,21,1,Robeson,2022-08-13
9,52,19,33,1,Surry,2022-08-15
10,101,19,82,1,Cumberland,2022-06-16
10,38,19,19,1,Randolph,2022-09-22
11,81,19,62,1,Forsyth,2022-10-03
12,34,19,15,1,Iredell,2022-10-03
13,100,19,81,1,Cumberland,2022-08-26
13,106,19,87,1,Forsyth,2022-07-09
14,94,19,75,1,Pitt,2022-08-25
15,107,19,88,1,Forsyth,2022-09-27
16,116,19,97,1,Gaston,2022-07-06
18,79,19,60,1,Davidson,2022-08-10
19,74,19,55,1,Cabarrus,2022-09-12
19,116,19,97,1,Union,2022-07-20
28,181,19,162,1,Mecklenburg,2022-09-03
41,178,19,159,1,Forsyth,2022-08-16
1,43,20,23,1,Moore,2022-06-21
2,30,20,10,1,Carteret,2022-07-14
4,30,20,10,1,Iredell,2022-10-13
5,38,20,18,1,Randolph,2022-09-21
6,51,20,31,1,Craven,2022-06-20
6,69,20,49,1,Cumberland,2022-06-25
6,45,20,25,1,Surry,2022-06-30
7,54,20,34,1,Buncombe,2022-09-21
8,51,20,31,1,Moore,2022-09-19
10,68,20,48,1,Catawba,2022-09-13
10,91,20,71,1,Cumberland,2022-09-27
10,63,20,43,1,Davidson,2022-07-21
10,30,20,10,1,Iredell,2022-11-22
11,45,20,25,1,Iredell,2022-10-10
12,52,20,32,1,Robeson,2022-09-19
12,75,20,55,1,Rowan,2022-08-03
14,126,20,106,1,Cumberland,2022-09-20
14,99,20,79,1,Gaston,2022-08-01
20,129,20,109,1,Gaston,2022-07-14
23,150,20,130,1,Mecklenburg,2022-11-23
24,102,20,82,1,Johnston,2022-07-14
6,41,21,20,1,Iredell,2022-06-26
8,52,21,31,1,Craven,2022-07-13
9,137,21,116,1,Cumberland,2022-06-22
9,75,21,54,1,Guilford,2022-10-04
10,76,21,55,1,Forsyth,2022-10-10
10,56,21,35,1,Iredell,2022-07-13
10,42,21,21,1,Wayne,2022-08-23
12,84,21,63,1,Forsyth,2022-07-04
12,60,21,39,1,Surry,2022-07-18
16,95,21,74,1,Johnston,2022-07-12
17,78,21,57,1,Davidson,2022-08-11
17,106,21,85,1,Guilford,2022-11-29
18,131,21,110,1,Union,2022-07-05
19,242,21,221,1,Wake,2022-09-19
20,142,21,121,1,Forsyth,2022-06-22
22,155,21,134,1,Forsyth,2022-06-21
22,93,21,72,1,Forsyth,2022-09-28
3,31,22,9,1,Haywood,2022-07-11
5,48,22,26,1,Craven,2022-07-12
6,60,22,38,1,Catawba,2022-07-06
6,41,22,19,1,Catawba,2022-10-26
6,56,22,34,1,Guilford,2022-10-19
8,85,22,63,1,Guilford,2022-09-03
9,35,22,13,1,Randolph,2022-09-11
10,101,22,79,1,Cabarrus,2022-08-29
10,67,22,45,1,Davidson,2022-07-13
11,65,22,43,1,Henderson,2022-07-05
12,66,22,44,1,Catawba,2022-07-24
14,76,22,54,1,Buncombe,2022-07-14
17,164,22,142,1,Wake,2022-09-04
18,121,22,99,1,Gaston,2022-07-05
23,172,22,150,1,Forsyth,2022-08-03
32,232,22,210,1,Wake,2022-09-27
6,45,23,22,1,Buncombe,2022-11-28
9,70,23,47,1,Johnston,2022-08-30
12,62,23,39,1,Catawba,2022-07-10
13,127,23,104,1,Cumberland,2022-09-07
13,107,23,84,1,Guilford,2022-09-28
14,134,23,111,1,Mecklenburg,2022-09-17
17,159,23,136,1,Cumberland,2022-06-14
23,184,23,161,1,Guilford,2022-08-05
5,42,24,18,1,Surry,2022-07-01
8,73,24,49,1,Brunswick,2022-06-21
10,66,24,42,1,Iredell,2022-06-21
11,62,24,38,1,Wilson,2022-08-08
12,54,24,30,1,Randolph,2022-08-04
14,83,24,59,1,New Hanover,2022-08-04
17,121,24,97,1,New Hanover,2022-07-25
17,74,24,50,1,Surry,2022-08-25
19,133,24,109,1,Cumberland,2022-08-10
20,167,24,143,1,Forsyth,2022-06-24
21,156,24,132,1,Forsyth,2022-06-29
22,125,24,101,1,Cabarrus,2022-07-19
36,240,24,216,1,Mecklenburg,2022-09-16
7,42,25,17,1,Wayne,2022-09-22
11,113,25,88,1,Cumberland,2022-09-13
13,46,25,21,1,Robeson,2022-08-18
14,71,25,46,1,Buncombe,2022-07-15
18,86,25,61,1,Iredell,2022-07-29
21,185,25,160,1,Cumberland,2022-07-26
21,105,25,80,1,Davidson,2022-07-25
21,141,25,116,1,Guilford,2022-09-26
21,183,25,158,1,Wake,2022-09-28
24,106,25,81,1,Davidson,2022-09-06
33,157,25,132,1,Forsyth,2022-06-23
7,83,26,57,1,Brunswick,2022-07-11
7,54,26,28,1,Henderson,2022-07-27
8,63,26,37,1,Iredell,2022-08-16
9,49,26,23,1,Randolph,2022-08-03
11,45,26,19,1,Henderson,2022-09-12
13,50,26,24,1,Duplin,2022-07-28
13,76,26,50,1,Surry,2022-08-01
18,187,26,161,1,Guilford,2022-07-13
19,161,26,135,1,Guilford,2022-08-19
20,204,26,178,1,Wake,2022-08-21
21,157,26,131,1,Cumberland,2022-08-15
21,74,26,48,1,Robeson,2022-06-14
22,119,26,93,1,Cumberland,2022-08-29
22,150,26,124,1,Mecklenburg,2022-10-10
25,225,26,199,1,Wake,2022-08-20
7,89,27,62,1,Buncombe,2022-06-20
8,58,27,31,1,Iredell,2022-12-06
8,43,27,16,1,Wilson,2022-07-08
9,50,27,23,1,Randolph,2022-12-06
11,125,27,98,1,Wake,2022-09-05
14,109,27,82,1,Onslow,2022-07-28
14,62,27,35,1,Randolph,2022-07-26
15,128,27,101,1,Wake,2022-10-11
18,123,27,96,1,Cumberland,2022-08-23
18,44,27,17,1,Pender,2022-08-09
19,143,27,116,1,Mecklenburg,2022-10-28
24,110,27,83,1,Forsyth,2022-09-26
24,118,27,91,1,Guilford,2022-12-08
25,141,27,114,1,Cumberland,2022-09-19
7,74,28,46,1,Buncombe,2022-08-17
8,92,28,64,1,Buncombe,2022-08-09
8,52,28,24,1,Henderson,2022-07-28
22,126,28,98,1,Forsyth,2022-07-14
27,170,28,142,1,Guilford,2022-06-16
5,50,29,21,1,Sampson,2022-07-28
12,68,29,39,1,Robeson,2022-09-12
14,56,29,27,1,Robeson,2022-09-01
15,133,29,104,1,Mecklenburg,2022-12-03
22,190,29,161,1,Guilford,2022-06-30
22,159,29,130,1,Guilford,2022-09-14
24,158,29,129,1,Forsyth,2022-07-07
30,126,29,97,1,Forsyth,2022-07-17
53,415,29,386,1,Mecklenburg,2022-07-23
8,47,30,17,1,Wayne,2022-09-06
11,109,30,79,1,Guilford,2022-09-27
13,66,30,36,1,Iredell,2022-08-25
15,106,30,76,1,Guilford,2022-09-23
16,91,30,61,1,Gaston,2022-06-27
21,39,30,9,1,Robeson,2022-11-29
51,372,30,342,1,Mecklenburg,2022-07-31
9,49,31,18,1,Robeson,2022-06-16
9,44,31,13,1,Wayne,2022-10-03
11,64,31,33,1,Buncombe,2022-12-05
13,111,31,80,1,Guilford,2022-12-09
16,88,31,57,1,Davidson,2022-09-19
21,163,31,132,1,Mecklenburg,2022-10-25
30,165,31,134,1,Mecklenburg,2022-10-24
8,106,32,74,1,Buncombe,2022-07-18
10,188,32,156,1,Guilford,2022-07-15
10,74,32,42,1,Iredell,2022-08-18
13,75,32,43,1,Catawba,2022-07-07
16,157,32,125,1,Guilford,2022-09-09
26,291,32,259,1,Mecklenburg,2022-07-03
10,54,33,21,1,Catawba,2022-07-08
12,50,33,17,1,Catawba,2022-10-10
12,62,33,29,1,Wayne,2022-08-15
17,58,33,25,1,Robeson,2022-07-08
10,85,34,51,1,Buncombe,2022-06-23
17,116,34,82,1,Johnston,2022-07-06
19,194,34,160,1,Guilford,2022-07-12
24,184,34,150,1,Forsyth,2022-07-27
32,287,34,253,1,Mecklenburg,2022-06-19
11,95,35,60,1,Buncombe,2022-06-21
12,63,35,28,1,Wayne,2022-06-24
13,83,35,48,1,Catawba,2022-09-12
15,93,35,58,1,Buncombe,2022-09-12
15,61,35,26,1,Robeson,2022-07-01
15,56,35,21,1,Robeson,2022-08-25
22,168,35,133,1,Forsyth,2022-07-22
28,188,35,153,1,Mecklenburg,2022-09-26
29,139,35,104,1,Guilford,2022-11-28
34,261,35,226,1,Wake,2022-08-13
7,60,36,24,1,Iredell,2022-09-14
27,102,36,66,1,Catawba,2022-08-09
30,234,36,198,1,Mecklenburg,2022-07-04
42,273,36,237,1,Guilford,2022-08-02
6,71,37,34,1,Wayne,2022-07-13
20,137,37,100,1,Forsyth,2022-09-16
29,205,37,168,1,Guilford,2022-07-11
37,185,37,148,1,Mecklenburg,2022-10-26
37,319,37,282,1,Wake,2022-07-23
43,299,37,262,1,Mecklenburg,2022-08-26
19,80,38,42,1,Robeson,2022-07-19
22,89,38,51,1,Catawba,2022-09-07
41,265,38,227,1,Mecklenburg,2022-09-15
12,75,39,36,1,Iredell,2022-07-26
14,67,39,28,1,Robeson,2022-07-15
18,83,40,43,1,Robeson,2022-07-27
22,137,40,97,1,Forsyth,2022-09-01
27,208,40,168,1,Guilford,2022-09-07
28,218,40,178,1,Wake,2022-08-27
29,185,40,145,1,Forsyth,2022-08-22
34,267,40,227,1,Mecklenburg,2022-06-18
40,251,40,211,1,Guilford,2022-08-03
22,197,41,156,1,Guilford,2022-08-16
24,183,41,142,1,Mecklenburg,2022-12-02
24,279,41,238,1,Wake,2022-06-25
26,224,41,183,1,Wake,2022-09-15
35,249,41,208,1,Guilford,2022-07-27
37,157,41,116,1,Forsyth,2022-09-13
37,223,41,182,1,Mecklenburg,2022-09-22
68,525,41,484,1,Wake,2022-06-23
8,66,42,24,1,Henderson,2022-07-07
16,182,42,140,1,Guilford,2022-06-20
19,177,42,135,1,Guilford,2022-06-21
24,78,42,36,1,Robeson,2022-08-15
55,381,42,339,1,Mecklenburg,2022-08-16
55,330,42,288,1,Mecklenburg,2022-08-18
11,98,44,54,1,Catawba,2022-06-27
11,65,44,21,1,Randolph,2022-07-19
13,67,44,23,1,Randolph,2022-07-27
17,142,44,98,1,New Hanover,2022-07-05
31,282,44,238,1,Wake,2022-09-09
32,172,44,128,1,Guilford,2022-09-13
20,110,45,65,1,Alamance,2022-08-31
33,201,45,156,1,Guilford,2022-07-21
35,219,45,174,1,Forsyth,2022-07-18
52,327,45,282,1,Wake,2022-08-18
64,474,45,429,1,Mecklenburg,2022-08-10
33,224,46,178,1,Forsyth,2022-09-06
36,241,46,195,1,Guilford,2022-07-26
33,227,47,180,1,Guilford,2022-09-06
42,337,47,290,1,Wake,2022-09-12
7,79,48,31,1,Wayne,2022-07-26
28,182,48,134,1,Forsyth,2022-09-19
32,193,48,145,1,Cumberland,2022-07-13
12,75,49,26,1,Wayne,2022-07-07
21,88,49,39,1,Robeson,2022-07-28
35,328,49,279,1,Mecklenburg,2022-09-13
49,339,49,290,1,Wake,2022-08-16
52,340,49,291,1,Mecklenburg,2022-08-23
26,214,50,164,1,Guilford,2022-07-20
27,283,51,232,1,Wake,2022-06-26
37,283,51,232,1,Guilford,2022-07-25
62,485,51,434,1,Wake,2022-06-24
44,256,52,204,1,Guilford,2022-08-01
29,208,53,155,1,Guilford,2022-08-23
32,275,53,222,1,Guilford,2022-07-05
51,535,53,482,1,Wake,2022-06-14
63,395,53,342,1,Mecklenburg,2022-08-17
60,466,54,412,1,Wake,2022-07-26
92,597,54,543,1,Mecklenburg,2022-08-03
15,96,55,41,1,Wayne,2022-07-05
59,497,55,442,1,Wake,2022-07-12
59,446,57,389,1,Mecklenburg,2022-08-11
84,511,57,454,1,Mecklenburg,2022-08-04
50,523,58,465,1,Wake,2022-07-01
55,324,58,266,1,Mecklenburg,2022-09-08
58,282,58,224,1,Mecklenburg,2022-12-07
35,265,59,206,1,Guilford,2022-07-28
51,382,60,322,1,Wake,2022-08-15
61,429,60,369,1,Wake,2022-09-06
95,645,60,585,1,Mecklenburg,2022-07-27
61,435,61,374,1,Mecklenburg,2022-07-01
66,479,61,418,1,Mecklenburg,2022-07-15
66,454,61,393,1,Wake,2022-08-10
54,450,62,388,1,Wake,2022-07-15
52,363,64,299,1,Mecklenburg,2022-08-30
82,594,67,527,1,Mecklenburg,2022-07-07
15,120,70,50,1,Wayne,2022-07-11
61,538,70,468,1,Mecklenburg,2022-06-30
77,532,70,462,1,Wake,2022-07-13
53,533,72,461,1,Wake,2022-06-20
60,544,73,471,1,Wake,2022-06-30
83,584,73,511,1,Mecklenburg,2022-07-22
80,674,74,600,1,Wake,2022-07-20
60,629,76,553,1,Wake,2022-06-15
70,395,76,319,1,Mecklenburg,2022-08-15
108,680,76,604,1,Mecklenburg,2022-07-26
52,500,78,422,1,Mecklenburg,2022-06-27
58,557,79,478,1,Wake,2022-07-07
113,671,79,592,1,Mecklenburg,2022-07-18
62,461,84,377,1,Wake,2022-07-21
82,556,88,468,1,Wake,2022-08-01
89,687,89,598,1,Wake,2022-07-11
97,593,89,504,1,Mecklenburg,2022-07-29
78,691,98,593,1,Wake,2022-07-18
104,692,104,588,1,Mecklenburg,2022-07-20
1,7,0,7,2,Edgecombe,2022-10-02
4,9,0,9,2,McDowell,2022-07-31
1,7,1,6,2,Avery,2022-08-11
1,9,1,8,2,Cherokee,2022-07-16
1,16,1,15,2,Rutherford,2022-08-06
2,7,1,6,2,Edgecombe,2022-10-12
3,26,1,25,2,Davidson,2022-09-17
3,8,1,7,2,Nash,2022-10-07
4,18,1,17,2,Edgecombe,2022-09-15
4,8,1,7,2,Richmond,2022-09-21
6,32,1,31,2,Davidson,2022-06-19
9,15,1,14,2,Catawba,2022-09-30
0,6,2,4,2,Watauga,2022-08-20
1,10,2,8,2,Burke,2022-11-05
4,26,2,24,2,Cabarrus,2022-12-04
5,32,2,30,2,Rowan,2022-08-13
0,10,3,7,2,Transylvania,2022-09-21
1,12,3,9,2,Surry,2022-09-17
4,16,3,13,2,Surry,2022-10-25
5,49,3,46,2,Guilford,2022-10-01
5,26,3,23,2,Pitt,2022-08-21
16,147,3,144,2,Durham,2022-07-22
1,5,4,1,2,Pamlico,2022-07-21
2,15,4,11,2,New Hanover,2022-09-24
2,5,4,1,2,Robeson,2022-11-14
3,21,4,17,2,Johnston,2022-09-24
5,32,4,28,2,Davidson,2022-07-04
9,29,4,25,2,Alamance,2022-10-06
14,111,4,107,2,Durham,2022-07-23
16,61,4,57,2,Rowan,2022-08-31
0,9,5,4,2,Pasquotank,2022-08-19
1,7,5,2,2,Cherokee,2022-08-22
2,21,5,16,2,Henderson,2022-08-21
3,8,5,3,2,Randolph,2022-11-11
4,15,5,10,2,Gaston,2022-10-09
4,15,5,10,2,Iredell,2022-11-11
5,42,5,37,2,Guilford,2022-10-02
5,17,5,12,2,Halifax,2022-10-17
1,10,6,4,2,Wayne,2022-10-26
4,17,6,11,2,Surry,2022-08-13
5,23,6,17,2,Burke,2022-09-26
5,18,6,12,2,Nash,2022-07-02
6,60,6,54,2,Mecklenburg,2022-10-15
10,66,6,60,2,Cabarrus,2022-07-31
12,71,6,65,2,Mecklenburg,2022-11-19
15,70,6,64,2,Mecklenburg,2022-10-30
2,22,7,15,2,Catawba,2022-10-30
2,15,7,8,2,Nash,2022-09-01
2,13,7,6,2,Wilkes,2022-10-01
6,30,7,23,2,Iredell,2022-09-03
8,23,7,16,2,Gaston,2022-09-25
8,31,7,24,2,Gaston,2022-11-08
1,19,8,11,2,Lincoln,2022-08-26
3,25,8,17,2,Robeson,2022-10-05
4,17,8,9,2,Craven,2022-10-11
4,19,8,11,2,Johnston,2022-11-09
5,45,8,37,2,Burke,2022-07-13
6,47,8,39,2,Rowan,2022-09-06
7,64,8,56,2,Alamance,2022-08-04
13,56,8,48,2,Gaston,2022-12-06
15,75,8,67,2,Gaston,2022-07-17
2,26,9,17,2,Guilford,2022-11-20
3,77,9,68,2,Mecklenburg,2022-11-06
5,37,9,28,2,Guilford,2022-10-29
5,14,9,5,2,Wayne,2022-10-17
8,51,9,42,2,Nash,2022-07-27
10,63,9,54,2,Mecklenburg,2022-10-16
4,38,10,28,2,Henderson,2022-08-24
5,44,10,34,2,Surry,2022-09-07
7,42,10,32,2,Nash,2022-07-21
8,44,10,34,2,Cumberland,2022-09-18
9,46,10,36,2,Gaston,2022-09-09
18,97,10,87,2,Union,2022-08-03
8,64,11,53,2,Gaston,2022-09-07
10,65,11,54,2,Forsyth,2022-11-01
11,78,11,67,2,Gaston,2022-07-31
1,25,12,13,2,Haywood,2022-08-03
7,33,12,21,2,Catawba,2022-09-28
7,72,12,60,2,Forsyth,2022-09-29
14,49,12,37,2,Forsyth,2022-11-07
7,51,13,38,2,New Hanover,2022-09-12
12,75,13,62,2,Guilford,2022-10-06
19,145,13,132,2,Onslow,2022-08-09
3,19,14,5,2,Haywood,2022-09-22
5,35,14,21,2,Surry,2022-07-10
6,31,14,17,2,Wilson,2022-08-17
11,71,14,57,2,Gaston,2022-07-23
12,83,14,69,2,Guilford,2022-09-11
13,65,14,51,2,Guilford,2022-10-18
2,30,15,15,2,Wilson,2022-08-19
3,29,15,14,2,Henderson,2022-09-18
26,217,15,202,2,Mecklenburg,2022-08-13
6,100,16,84,2,Mecklenburg,2022-10-01
9,47,16,31,2,Iredell,2022-08-05
11,67,16,51,2,Johnston,2022-06-14
12,59,16,43,2,Gaston,2022-08-14
13,50,16,34,2,Guilford,2022-11-18
3,40,17,23,2,Buncombe,2022-08-28
6,37,17,20,2,Craven,2022-08-23
7,28,17,11,2,Moore,2022-08-19
10,69,17,52,2,Forsyth,2022-09-05
11,90,17,73,2,Gaston,2022-08-23
20,162,17,145,2,Durham,2022-07-07
25,137,17,120,2,Mecklenburg,2022-11-07
1,21,18,3,2,Sampson,2022-06-21
10,91,18,73,2,Guilford,2022-07-03
12,144,18,126,2,Guilford,2022-07-17
17,122,19,103,2,Forsyth,2022-08-26
14,146,20,126,2,Guilford,2022-06-14
28,186,20,166,2,Mecklenburg,2022-09-23
9,77,21,56,2,New Hanover,2022-08-05
22,159,21,138,2,Guilford,2022-06-24
10,86,22,64,2,Buncombe,2022-07-13
26,131,22,109,2,Forsyth,2022-09-08
9,37,23,14,2,Robeson,2022-07-02
20,157,23,134,2,Wake,2022-10-25
23,152,23,129,2,Guilford,2022-08-30
5,45,24,21,2,Craven,2022-09-08
7,64,24,40,2,Henderson,2022-07-22
13,49,24,25,2,Surry,2022-09-12
23,116,24,92,2,Gaston,2022-07-19
4,56,25,31,2,New Hanover,2022-09-02
32,170,25,145,2,Forsyth,2022-08-15
19,155,26,129,2,Guilford,2022-07-30
14,163,27,136,2,Mecklenburg,2022-09-29
20,159,27,132,2,Mecklenburg,2022-10-03
26,188,27,161,2,Forsyth,2022-08-02
28,203,27,176,2,Wake,2022-08-28
28,259,28,231,2,Mecklenburg,2022-06-26
21,189,29,160,2,Guilford,2022-07-14
9,60,30,30,2,Iredell,2022-09-08
14,72,30,42,2,Robeson,2022-09-08
26,144,30,114,2,Forsyth,2022-09-21
17,189,31,158,2,Guilford,2022-06-29
21,156,31,125,2,Forsyth,2022-06-30
29,250,32,218,2,Mecklenburg,2022-07-02
37,187,32,155,2,Mecklenburg,2022-09-28
43,180,32,148,2,Mecklenburg,2022-09-05
8,91,33,58,2,Iredell,2022-06-27
11,80,33,47,2,Iredell,2022-07-28
42,302,33,269,2,Mecklenburg,2022-07-09
50,368,33,335,2,Mecklenburg,2022-07-10
9,59,34,25,2,Randolph,2022-07-20
31,237,35,202,2,Guilford,2022-08-09
28,152,37,115,2,Forsyth,2022-09-20
51,348,39,309,2,Wake,2022-08-11
40,328,40,288,2,Wake,2022-08-12
55,368,40,328,2,Wake,2022-08-24
31,279,42,237,2,Wake,2022-08-07
33,298,42,256,2,Wake,2022-08-19
34,156,43,113,2,Forsyth,2022-08-30
34,226,45,181,2,Guilford,2022-07-29
44,232,47,185,2,Mecklenburg,2022-11-30
30,181,48,133,2,Forsyth,2022-09-07
52,489,50,439,2,Wake,2022-06-17
81,505,51,454,2,Wake,2022-08-04
50,327,55,272,2,Wake,2022-09-13
54,350,55,295,2,Mecklenburg,2022-08-31
43,342,56,286,2,Wake,2022-08-06
96,612,58,554,2,Mecklenburg,2022-07-28
32,337,61,276,2,Wake,2022-07-17
30,213,63,150,2,Forsyth,2022-09-12
79,538,64,474,2,Mecklenburg,2022-07-13
85,664,76,588,2,Mecklenburg,2022-07-19
81,608,83,525,2,Mecklenburg,2022-07-06
60,648,86,562,2,Wake,2022-07-05
2,19,6,13,3,Surry,2022-09-28
6,42,6,36,3,Forsyth,2022-10-19
9,69,6,63,3,Alamance,2022-06-23
20,99,10,89,3,Mecklenburg,2022-10-14
24,141,10,131,3,Wake,2022-11-02
17,82,15,67,3,Mecklenburg,2022-11-16
24,198,16,182,3,Mecklenburg,2022-08-27
8,54,17,37,3,Buncombe,2022-10-26
11,95,17,78,3,Cabarrus,2022-08-08
35,199,18,181,3,Mecklenburg,2022-08-28
8,63,19,44,3,Buncombe,2022-07-24
19,164,20,144,3,Mecklenburg,2022-09-18
19,125,21,104,3,Mecklenburg,2022-10-11
32,251,27,224,3,Wake,2022-08-26
14,152,28,124,3,Guilford,2022-06-23
26,164,28,136,3,Forsyth,2022-06-28
14,67,30,37,3,Iredell,2022-08-17
34,236,31,205,3,Mecklenburg,2022-08-21
34,305,32,273,3,Mecklenburg,2022-08-19
29,150,36,114,3,Gaston,2022-07-18
35,332,36,296,3,Mecklenburg,2022-07-17
35,223,42,181,3,Cumberland,2022-08-01
30,106,44,62,3,Iredell,2022-08-22
52,306,45,261,3,Mecklenburg,2022-09-09
27,224,55,169,3,Guilford,2022-08-24
72,581,55,526,3,Wake,2022-07-06
72,569,57,512,3,Wake,2022-06-21
54,510,75,435,3,Wake,2022-07-22
87,515,101,414,3,Mecklenburg,2022-08-08
8,67,7,60,4,Wake,2022-10-16
16,104,15,89,4,Guilford,2022-08-20
12,56,17,39,4,Surry,2022-08-30
20,122,17,105,4,Guilford,2022-08-14
6,74,18,56,4,Cabarrus,2022-08-31
24,116,23,93,4,Mecklenburg,2022-10-13
24,219,30,189,4,Mecklenburg,2022-08-20
27,194,33,161,4,Guilford,2022-08-17
35,190,33,157,4,Guilford,2022-08-29
36,314,53,261,4,Mecklenburg,2022-09-12
52,447,54,393,4,Mecklenburg,2022-06-23
17,132,18,114,5,Guilford,2022-08-07
