Total Cases by Date of Specimen collection,Total Antigen Cases by Date of Specimen Collection,Total Molecular Cases by Date of Specimen Collection,Death by Date of Death,County,Date
8,1,7,0,Currituck,2021-10-26
17,3,14,0,Richmond,2021-10-26
34,16,18,0,Randolph,2021-10-26
46,13,33,1,Union,2021-10-26
29,5,24,2,Rockingham,2021-10-26
102,15,87,4,Guilford,2021-10-26
46,19,27,0,Iredell,2021-10-26
43,18,25,0,Buncombe,2021-10-26
26,12,14,1,Surry,2021-10-26
21,2,19,0,Orange,2021-10-26
28,4,24,0,Alamance,2021-10-26
13,3,10,0,Stokes,2021-10-26
7,3,4,0,Lee,2021-10-26
23,2,21,1,Rowan,2021-10-26
57,8,49,1,Gaston,2021-10-26
6,3,3,0,Hoke,2021-10-26
8,2,6,0,Columbus,2021-10-26
6,0,6,0,Martin,2021-11-07
9,1,8,0,Stokes,2021-11-07
3,3,0,0,Perquimans,2021-11-07
23,4,19,1,Iredell,2021-11-07
3,0,3,0,Caswell,2021-11-07
16,3,13,0,Catawba,2021-11-07
2,0,2,0,Gates,2021-11-07
5,3,2,0,Chatham,2021-11-07
10,4,6,0,Cleveland,2021-11-07
10,0,10,0,Rowan,2021-11-07
16,2,14,0,Brunswick,2021-11-07
88,14,74,1,Guilford,2021-11-11
4,1,3,0,Perquimans,2021-11-11
27,4,23,2,Rowan,2021-11-11
30,6,24,1,Davidson,2021-11-11
63,9,54,1,Forsyth,2021-11-11
66,16,50,0,Gaston,2021-11-11
45,8,37,0,Buncombe,2021-11-11
39,17,22,1,Randolph,2021-11-11
5,1,4,1,Wilson,2021-11-11
8,4,4,0,Chatham,2021-11-11
8,2,6,0,Lenoir,2021-11-11
45,9,36,0,Johnston,2021-11-13
3,1,2,0,Ashe,2021-11-13
20,6,14,0,Robeson,2021-11-11
6,2,4,0,Yancey,2021-11-13
11,6,5,0,Haywood,2021-11-11
8,0,8,0,Lee,2021-11-11
15,1,14,1,Onslow,2021-11-13
24,0,24,0,Orange,2021-11-11
27,4,23,0,Cabarrus,2021-11-13
19,2,17,0,Rockingham,2021-11-13
7,0,7,0,Wayne,2021-11-13
55,5,50,0,Forsyth,2021-11-13
3,0,3,0,Jackson,2021-11-13
5,0,5,0,Currituck,2021-11-13
20,5,15,0,Johnston,2021-11-21
22,3,19,0,Cabarrus,2021-11-21
29,12,17,0,Stokes,2021-11-22
122,16,106,0,Forsyth,2021-11-22
67,29,38,0,Iredell,2021-11-22
24,6,18,0,Alamance,2021-11-21
8,1,7,0,Chatham,2021-11-21
25,10,15,1,Henderson,2021-11-21
51,3,48,1,Forsyth,2021-11-21
23,4,19,0,Cleveland,2021-11-22
37,11,26,0,Lincoln,2021-11-22
13,0,13,0,Dare,2021-11-22
3,0,3,0,Northampton,2021-11-21
38,11,27,0,Iredell,2021-11-21
7,1,6,0,Montgomery,2021-11-22
40,13,27,0,Surry,2021-11-22
26,1,25,0,Stanly,2021-11-22
8,0,8,0,Perquimans,2021-11-22
12,0,12,0,Stanly,2021-11-21
14,6,8,0,Granville,2021-11-22
9,0,9,1,Burke,2021-11-21
60,2,58,0,Alamance,2021-12-03
65,9,56,0,Rowan,2021-12-03
20,3,17,0,Beaufort,2021-12-03
68,11,57,0,Iredell,2021-12-03
166,28,138,1,Guilford,2021-12-03
31,7,24,0,Lincoln,2021-12-03
43,21,22,2,Henderson,2021-12-03
17,1,16,0,Hoke,2021-12-03
82,18,64,0,Johnston,2021-12-03
9,1,8,0,Lee,2021-12-03
74,6,68,0,Davidson,2021-12-03
5,1,4,0,Caswell,2021-12-03
44,18,26,0,Surry,2021-12-03
15,6,9,0,Yancey,2021-12-03
11,3,8,0,Halifax,2021-12-03
21,3,18,0,Stanly,2021-12-03
7,1,6,0,Edgecombe,2021-12-08
66,4,62,0,Pitt,2021-12-08
293,57,236,0,Mecklenburg,2021-12-08
63,3,60,0,Alamance,2021-12-08
86,32,54,1,Iredell,2021-12-08
41,2,39,0,Franklin,2021-12-08
112,24,88,0,Union,2021-12-08
9,0,9,0,Jackson,2021-12-08
17,10,7,1,Alexander,2021-12-08
69,22,47,0,Catawba,2021-12-08
34,9,25,0,Rockingham,2021-12-08
150,24,126,0,Guilford,2021-12-08
77,16,61,0,Davidson,2021-12-08
16,6,10,0,Madison,2021-12-08
9,3,6,0,Montgomery,2021-12-08
92,28,64,1,Gaston,2021-12-08
6,0,6,0,Cherokee,2021-12-08
35,3,32,1,Alamance,2021-12-11
34,1,33,0,Davidson,2021-12-11
40,17,23,0,New Hanover,2021-12-08
19,2,17,0,Cleveland,2021-12-11
116,8,108,0,Guilford,2021-12-11
20,5,15,0,Surry,2021-12-11
28,16,12,1,Henderson,2021-12-11
11,2,9,0,Richmond,2021-12-08
18,1,17,0,Dare,2021-12-11
9,7,2,0,Alexander,2021-12-11
11,5,6,0,Scotland,2021-12-08
81,6,75,1,Alamance,2021-12-14
67,25,42,0,Catawba,2021-12-14
108,34,74,1,Gaston,2021-12-14
39,8,31,1,Rockingham,2021-12-14
174,30,144,1,Guilford,2021-12-14
77,3,74,0,Davidson,2021-12-14
25,5,20,1,Wilkes,2021-12-14
66,15,51,2,Gaston,2021-12-11
18,3,15,0,Hoke,2021-12-14
8,4,4,0,Mitchell,2021-12-14
484,70,414,2,Mecklenburg,2021-12-15
13,1,12,0,Lenoir,2021-12-15
81,5,76,0,Alamance,2021-12-15
25,13,12,0,New Hanover,2021-12-11
25,6,19,0,Rockingham,2021-12-11
15,2,13,0,Jackson,2021-12-14
6,2,4,0,Anson,2021-12-15
11,7,4,0,Yancey,2021-12-11
28,15,13,0,Watauga,2021-12-15
15,1,14,0,Dare,2021-12-15
84,9,75,1,Davidson,2021-12-15
11,5,6,0,Jackson,2021-12-15
9,1,8,0,Perquimans,2021-12-14
32,3,29,0,Moore,2021-12-15
57,21,36,1,New Hanover,2021-12-14
26,9,17,0,Rutherford,2021-12-15
1,1,0,0,Hyde,2021-12-15
44,10,34,0,Brunswick,2021-12-15
5,0,5,0,Chowan,2021-12-14
7,1,6,0,Swain,2021-12-15
42,6,36,0,Cleveland,2021-12-15
26,0,26,0,Franklin,2021-12-15
34,11,23,1,Surry,2021-12-14
15,9,6,0,Alexander,2021-12-15
19,4,15,0,McDowell,2021-12-14
14,1,13,0,Beaufort,2021-12-14
42,20,22,1,Surry,2021-12-15
9,7,2,0,Graham,2021-12-15
13,5,8,0,McDowell,2021-12-15
461,32,429,0,Wake,2021-12-18
465,48,417,1,Mecklenburg,2021-12-18
3,0,3,0,Polk,2021-12-18
23,1,22,0,Lincoln,2021-12-18
12,4,8,0,Wilson,2021-12-18
22,5,17,0,Pitt,2021-12-18
34,3,31,0,Nash,2021-12-18
8,6,2,0,Alexander,2021-12-18
17,0,17,0,Franklin,2021-12-18
18,3,15,0,Wayne,2021-12-18
8,2,6,0,Beaufort,2021-12-18
17,3,14,0,Wilkes,2021-12-18
4,2,2,0,Madison,2021-12-18
7,1,6,0,Halifax,2021-12-18
3374,380,2994,5,Mecklenburg,2021-12-28
3943,231,3712,3,Wake,2021-12-28
121,34,87,1,Surry,2021-12-28
185,52,133,1,Wilson,2021-12-28
667,87,580,0,Cumberland,2021-12-28
131,45,86,0,Craven,2021-12-28
47,29,18,0,Alexander,2021-12-28
97,47,50,0,Wilkes,2021-12-28
147,36,111,0,Vance,2021-12-28
165,28,137,0,Cleveland,2021-12-28
244,20,224,0,Nash,2021-12-28
440,85,355,1,Buncombe,2021-12-28
437,22,415,0,Pitt,2021-12-28
169,45,124,0,Granville,2021-12-28
81,18,63,0,Rutherford,2021-12-28
49,1,48,0,Jackson,2021-12-28
216,53,163,1,Harnett,2021-12-28
187,33,154,0,Moore,2021-12-28
19,5,14,1,Alleghany,2021-12-28
37,2,35,0,Caswell,2021-12-28
109,13,96,0,Scotland,2021-12-28
104,10,94,0,Pender,2021-12-28
10,1,9,0,Clay,2021-12-28
66,19,47,0,Carteret,2021-12-28
36,12,24,0,Pasquotank,2021-12-28
42,5,37,1,Martin,2021-12-28
17,3,14,0,Polk,2021-12-28
33,12,21,0,Transylvania,2021-12-28
5658,260,5398,1,Wake,2022-01-06
316,40,276,0,Brunswick,2022-01-06
130,10,120,1,Beaufort,2022-01-06
1664,328,1336,1,Guilford,2022-01-06
1169,118,1051,2,Forsyth,2022-01-06
206,39,167,0,Scotland,2022-01-06
815,58,757,0,Pitt,2022-01-06
657,113,544,0,New Hanover,2022-01-06
655,85,570,3,Gaston,2022-01-06
619,169,450,1,Buncombe,2022-01-06
480,24,456,0,Orange,2022-01-06
141,24,117,0,Lenoir,2022-01-06
64,6,58,0,Bertie,2022-01-06
232,45,187,0,Lincoln,2022-01-06
127,55,72,0,Carteret,2022-01-06
48,2,46,0,Washington,2022-01-06
353,67,286,1,Cleveland,2022-01-06
96,16,80,0,Yadkin,2022-01-06
53,4,49,0,Chowan,2022-01-06
33,8,25,0,Perquimans,2022-01-06
93,7,86,0,Martin,2022-01-06
41,15,26,0,Swain,2022-01-06
63,10,53,0,Anson,2022-01-06
20,7,13,0,Camden,2022-01-06
44,21,23,0,Yancey,2022-01-06
125,25,100,1,Vance,2022-01-06
76,16,60,1,Macon,2022-01-06
41,18,23,0,Transylvania,2022-01-06
15,11,4,0,Graham,2022-01-06
161,29,132,2,Rowan,2022-01-08
25,1,24,0,Currituck,2022-01-08
14,1,13,0,Caswell,2022-01-08
656,27,629,3,Forsyth,2022-01-08
60,6,54,0,Halifax,2022-01-08
112,16,96,0,Granville,2022-01-08
217,63,154,3,Iredell,2022-01-08
118,42,76,1,Burke,2022-01-08
205,88,117,0,Robeson,2022-01-08
89,27,62,2,Henderson,2022-01-08
42,6,36,0,Montgomery,2022-01-08
115,11,104,0,Rockingham,2022-01-08
13,1,12,0,Greene,2022-01-08
78,12,66,0,Chatham,2022-01-08
62,17,45,1,Stanly,2022-01-08
26,0,26,0,Northampton,2022-01-08
35,5,30,2,Warren,2022-01-08
322,132,190,1,Duplin,2022-01-12
284,80,204,0,Lincoln,2022-01-12
228,22,206,0,Beaufort,2022-01-12
561,60,501,2,Rowan,2022-01-12
86,4,82,0,Chowan,2022-01-12
231,48,183,0,Richmond,2022-01-12
1004,171,833,0,Johnston,2022-01-12
86,4,82,0,Martin,2022-01-12
434,27,407,0,Nash,2022-01-12
643,87,556,2,Davidson,2022-01-12
23,1,22,0,Hyde,2022-01-12
710,74,636,3,Alamance,2022-01-12
637,195,442,1,Iredell,2022-01-12
214,27,187,0,Pender,2022-01-12
130,42,88,0,Alexander,2022-01-12
231,75,156,0,Wilkes,2022-01-12
318,106,212,0,Craven,2022-01-12
70,14,56,0,Cherokee,2022-01-12
39,16,23,0,Gates,2022-01-12
137,36,101,0,McDowell,2022-01-12
148,15,133,0,Yadkin,2022-01-12
318,78,240,2,Surry,2022-01-12
287,36,251,0,Hoke,2022-01-12
154,25,129,1,Stokes,2022-01-12
411,45,366,0,Moore,2022-01-12
73,27,46,0,Yancey,2022-01-12
56,26,30,0,Polk,2022-01-12
91,24,67,0,Macon,2022-01-12
34,6,28,0,Perquimans,2022-01-12
22,10,12,0,Graham,2022-01-12
19,8,11,0,Swain,2022-01-12
61,7,54,0,Washington,2022-01-12
316,61,255,4,Gaston,2022-01-15
60,0,60,0,Edgecombe,2022-01-15
223,23,200,0,Davidson,2022-01-15
834,70,764,4,Guilford,2022-01-15
140,30,110,0,Lincoln,2022-01-15
43,1,42,0,Alexander,2022-01-15
337,58,279,1,New Hanover,2022-01-15
79,11,68,0,Richmond,2022-01-15
178,8,170,1,Hoke,2022-01-15
220,65,155,1,Iredell,2022-01-15
253,44,209,0,Pitt,2022-01-15
1533,243,1290,0,Mecklenburg,2022-01-15
124,45,79,0,Surry,2022-01-15
115,53,62,0,Wilkes,2022-01-15
78,13,65,0,Beaufort,2022-01-15
383,112,271,1,Union,2022-01-15
307,12,295,1,Alamance,2022-01-15
31,2,29,0,Anson,2022-01-15
86,26,60,0,Scotland,2022-01-15
37,9,28,0,Martin,2022-01-15
54,2,52,1,Montgomery,2022-01-15
108,17,91,0,Wayne,2022-01-16
46,13,33,1,Cabarrus,2022-01-16
42,8,34,0,Bladen,2022-01-16
240,19,221,1,Onslow,2022-01-16
26,11,15,2,Moore,2022-01-16
36,11,25,2,Wilson,2022-01-16
22,2,20,0,Caswell,2022-01-15
51,14,37,0,Carteret,2022-01-15
20,2,18,0,Jackson,2022-01-15
27,8,19,0,Granville,2022-01-16
509,88,421,1,Rowan,2022-01-19
608,163,445,0,Buncombe,2022-01-19
630,239,391,1,Iredell,2022-01-19
291,53,238,1,Stanly,2022-01-19
185,27,158,0,Davie,2022-01-19
272,63,209,0,Wilson,2022-01-19
551,223,328,0,Wayne,2022-01-19
188,18,170,0,Granville,2022-01-19
199,68,131,0,Haywood,2022-01-19
655,154,501,2,Cabarrus,2022-01-19
114,15,99,0,Montgomery,2022-01-19
185,21,164,0,Chatham,2022-01-19
97,41,56,1,Greene,2022-01-19
83,8,75,0,Caswell,2022-01-19
886,113,773,1,Onslow,2022-01-19
39,16,23,0,Jones,2022-01-19
23,3,20,0,Tyrrell,2022-01-19
63,8,55,0,Avery,2022-01-19
59,8,51,0,Warren,2022-01-19
1277,162,1115,7,Guilford,2022-01-20
274,40,234,3,Rockingham,2022-01-20
148,38,110,2,Richmond,2022-01-20
253,69,184,1,Lincoln,2022-01-20
673,131,542,1,Union,2022-01-20
278,87,191,0,Craven,2022-01-20
605,228,377,2,Catawba,2022-01-20
532,73,459,1,Davidson,2022-01-20
245,46,199,0,Hoke,2022-01-20
314,9,305,0,Franklin,2022-01-20
713,141,572,2,Gaston,2022-01-20
653,170,483,1,New Hanover,2022-01-20
45,4,41,0,Bertie,2022-01-19
192,32,160,0,Beaufort,2022-01-20
254,58,196,0,Lenoir,2022-01-20
116,38,78,0,Scotland,2022-01-20
149,53,96,1,McDowell,2022-01-20
120,16,104,1,Vance,2022-01-20
152,40,112,1,Yadkin,2022-01-20
137,32,105,6,Stokes,2022-01-20
105,25,80,3,Macon,2022-01-20
38,6,32,0,Bertie,2022-01-20
76,10,66,0,Martin,2022-01-20
62,35,27,0,Swain,2022-01-20
228,97,131,0,Sampson,2022-01-24
194,75,119,2,Rutherford,2022-01-24
168,61,107,1,McDowell,2022-01-24
618,110,508,3,Gaston,2022-01-24
138,7,131,0,Vance,2022-01-24
73,4,69,0,Chowan,2022-01-24
133,26,107,0,Davie,2022-01-24
125,7,118,0,Edgecombe,2022-01-24
61,23,38,0,Polk,2022-01-24
769,216,553,2,New Hanover,2022-01-24
228,112,116,0,Carteret,2022-01-24
115,35,80,1,Scotland,2022-01-24
416,14,402,0,Orange,2022-01-24
81,25,56,0,Yadkin,2022-01-24
671,52,619,0,Pitt,2022-01-24
52,12,40,0,Hertford,2022-01-24
48,26,22,0,Washington,2022-01-24
184,9,175,0,Granville,2022-01-24
317,39,278,1,Moore,2022-01-24
628,218,410,4,Buncombe,2022-01-24
178,47,131,1,Richmond,2022-01-24
43,21,22,0,Swain,2022-01-24
29,7,22,0,Perquimans,2022-01-20
53,17,36,0,Graham,2022-01-24
32,7,25,0,Washington,2022-01-20
257,80,177,1,Wilson,2022-01-24
435,206,229,2,Wayne,2022-01-24
179,81,98,0,Watauga,2022-01-24
59,17,42,0,Avery,2022-01-24
90,26,64,0,Cherokee,2022-01-24
94,10,84,0,Macon,2022-01-24
529,65,464,1,Wake,2022-01-30
234,36,198,2,Guilford,2022-01-30
34,1,33,0,Granville,2022-01-30
86,6,80,1,Davidson,2022-01-30
14,2,12,0,Hoke,2022-01-30
31,7,24,0,Jackson,2022-01-30
15,3,12,1,Lenoir,2022-01-30
3,0,3,0,Hyde,2022-01-30
101,32,69,2,Iredell,2022-01-30
30,9,21,0,Chatham,2022-01-30
40,11,29,1,Lincoln,2022-01-30
67,9,58,0,Rowan,2022-01-30
3,0,3,0,Avery,2022-01-30
12,5,7,1,Polk,2022-01-30
63,22,41,0,Cleveland,2022-01-30
44,6,38,0,Stokes,2022-02-02
16,2,14,0,Warren,2022-02-02
142,81,61,0,Surry,2022-02-02
71,8,63,0,Lee,2022-02-02
419,81,338,1,Guilford,2022-02-02
364,48,316,0,Forsyth,2022-02-02
43,17,26,0,Jackson,2022-02-02
211,70,141,3,Iredell,2022-02-02
59,23,36,1,Columbus,2022-02-02
60,10,50,0,Granville,2022-02-02
54,9,45,0,Chatham,2022-02-02
87,28,59,1,Haywood,2022-02-02
60,9,51,0,Beaufort,2022-02-02
21,1,20,0,Dare,2022-02-02
138,19,119,5,Guilford,2022-02-05
23,1,22,1,Rockingham,2022-02-05
99,15,84,1,Johnston,2022-02-05
57,9,48,4,Alamance,2022-02-05
62,8,54,1,Cleveland,2022-02-05
49,27,22,3,Robeson,2022-02-05
33,2,31,0,Pender,2022-01-30
3,1,2,0,Martin,2022-01-30
23,5,18,0,Alexander,2022-02-05
20,0,20,0,Dare,2022-01-30
67,14,53,0,Iredell,2022-02-05
15,3,12,0,Hoke,2022-02-05
17,2,15,1,Stanly,2022-02-05
46,2,44,0,Davidson,2022-02-05
58,29,29,1,Surry,2022-01-30
15,2,13,0,Avery,2022-02-02
19,6,13,0,Duplin,2022-02-16
50,17,33,1,Iredell,2022-02-16
19,1,18,0,Hoke,2022-02-16
37,10,27,0,Surry,2022-02-16
68,20,48,0,Union,2022-02-16
16,1,15,0,Pender,2022-02-16
33,5,28,0,McDowell,2022-02-16
113,22,91,1,Guilford,2022-02-17
70,18,52,0,Cabarrus,2022-02-17
46,7,39,2,Alamance,2022-02-17
12,4,8,0,Richmond,2022-02-17
30,17,13,0,Haywood,2022-02-17
93,24,69,1,Forsyth,2022-02-17
61,12,49,1,Union,2022-02-17
5,3,2,0,Tyrrell,2022-02-02
13,2,11,0,McDowell,2022-02-24
219,32,187,1,Wake,2022-02-24
60,17,43,4,Guilford,2022-02-24
12,1,11,1,Rowan,2022-02-24
17,7,10,0,Carteret,2022-02-24
83,7,76,1,Wake,2022-03-10
4,2,2,0,Wilkes,2022-03-10
69,4,65,2,Alamance,2022-02-16
49,10,39,0,Davidson,2022-02-16
18,5,13,0,Beaufort,2022-02-16
25,3,22,1,Nash,2022-02-16
83,19,64,2,Johnston,2022-02-16
27,11,16,0,Yadkin,2022-02-16
51,7,44,0,Johnston,2022-02-17
32,9,23,1,Randolph,2022-02-17
8,2,6,0,Chowan,2022-02-17
31,3,28,1,Wake,2022-03-19
6,0,6,0,Franklin,2022-03-22
9,3,6,0,Johnston,2022-03-22
60,4,56,0,Wake,2022-03-26
3,1,2,0,Rowan,2022-03-26
7,0,7,0,Pitt,2022-03-28
101,14,87,0,Wake,2022-03-28
5,1,4,0,Henderson,2022-03-28
47,6,41,0,Mecklenburg,2022-03-28
93,17,76,0,Mecklenburg,2022-03-29
123,20,103,1,Mecklenburg,2022-04-08
31,7,24,0,Alamance,2022-04-08
59,10,49,0,Mecklenburg,2022-04-10
1,0,1,0,Rutherford,2022-04-10
38,7,31,1,Alamance,2022-04-11
249,24,225,0,Wake,2022-04-11
2,0,2,0,Stokes,2022-04-11
3,1,2,0,Beaufort,2022-04-11
13,1,12,0,Chatham,2022-04-11
89,25,64,2,Guilford,2022-04-13
32,11,21,0,Alamance,2022-04-13
3,1,2,0,Yadkin,2022-04-13
26,9,17,1,Iredell,2022-02-24
174,23,151,0,Wake,2022-04-15
27,9,18,0,Alamance,2022-04-15
14,8,6,0,Iredell,2022-04-17
312,40,272,0,Wake,2022-04-19
25,6,19,0,New Hanover,2022-04-19
26,10,16,0,Alamance,2022-04-20
13,3,10,0,Wayne,2022-04-20
16,9,7,0,Catawba,2022-04-21
106,25,81,0,Guilford,2022-04-21
12,5,7,0,Yancey,2022-02-17
19,1,18,2,Stokes,2022-02-17
3,1,2,0,Lenoir,2022-03-10
2,2,0,0,Polk,2022-03-19
3,1,2,0,Carteret,2022-03-21
72,15,57,0,Wake,2022-03-22
11,7,4,0,Alamance,2022-03-29
50,12,38,1,Mecklenburg,2022-04-03
7,3,4,0,Catawba,2022-03-10
4,3,1,0,Rutherford,2022-03-10
4,2,2,0,Davie,2022-03-21
3,2,1,1,Wayne,2022-03-21
2,1,1,0,Lenoir,2022-03-22
11,3,8,0,Rowan,2022-03-22
2,2,0,0,Duplin,2022-03-22
38,8,30,0,Mecklenburg,2022-03-26
5,2,3,0,Watauga,2022-03-28
1,0,1,0,Hoke,2022-03-28
3,0,3,0,McDowell,2022-03-29
3,2,1,0,Catawba,2022-04-08
8,1,7,0,Union,2022-04-10
83,13,70,0,Wake,2022-04-10
7,5,2,0,Watauga,2022-04-10
5,1,4,0,Wilkes,2022-04-08
4,0,4,0,Dare,2022-04-13
6,3,3,0,Hoke,2022-04-13
28,12,16,0,Iredell,2022-04-13
16,7,9,0,Davidson,2022-04-13
11,1,10,0,Iredell,2022-04-15
130,18,112,0,Mecklenburg,2022-04-15
3,2,1,0,Yadkin,2022-04-17
37,9,28,0,Alamance,2022-04-19
209,41,168,0,Mecklenburg,2022-04-19
4,0,4,0,Lincoln,2022-04-19
2,2,0,0,Swain,2022-04-19
23,4,19,0,Iredell,2022-04-20
31,10,21,0,Cabarrus,2022-04-20
10,3,7,0,Cleveland,2022-04-21
63,19,44,0,Forsyth,2022-04-21
2,0,2,0,Mitchell,2022-04-21
1,0,1,0,Montgomery,2022-04-19
6,0,6,0,Rockingham,2022-04-21
9,0,9,0,Dare,2022-04-21
18,4,14,0,Yancey,2022-02-16
33,10,23,1,Robeson,2022-02-17
7,2,5,1,Macon,2022-02-17
21,6,15,2,Davidson,2022-02-24
5,0,5,0,Dare,2022-02-24
23,6,17,1,Moore,2022-02-24
9,3,6,0,Jackson,2022-02-24
10,1,9,0,Beaufort,2022-02-24
2,0,2,0,Richmond,2022-03-10
9,0,9,0,Orange,2022-03-19
1,0,1,1,Macon,2022-03-19
10,2,8,0,New Hanover,2022-03-29
4,2,2,0,Watauga,2022-04-03
3,0,3,0,Macon,2022-04-08
24,2,22,0,Orange,2022-04-10
17,2,15,0,Gaston,2022-04-11
1,1,0,0,Perquimans,2022-04-11
13,3,10,0,Johnston,2022-04-13
10,3,7,0,Surry,2022-04-21
8,6,2,0,Carteret,2022-04-21
9,2,7,0,Chatham,2021-10-26
11,2,9,0,Yadkin,2021-10-26
11,2,9,0,Haywood,2021-10-26
5,1,4,0,Richmond,2021-11-11
3,1,2,0,Lenoir,2021-11-07
10,0,10,0,Currituck,2021-11-07
7,0,7,0,Pender,2021-11-07
14,4,10,0,Davie,2021-10-26
3,1,2,0,Jackson,2021-10-26
10,2,8,0,Haywood,2021-11-21
26,2,24,1,Forsyth,2021-11-07
9,0,9,0,Dare,2021-11-13
6,0,6,1,McDowell,2021-11-07
9,4,5,0,Surry,2021-11-07
3,0,3,0,Ashe,2021-11-21
6,2,4,0,Jackson,2021-11-22
8,0,8,0,Stanly,2021-11-13
13,3,10,0,Avery,2021-11-22
28,4,24,0,Cleveland,2021-12-08
7,2,5,0,Beaufort,2021-12-11
4,0,4,0,Perquimans,2021-12-11
10,0,10,1,Jackson,2021-12-11
4,2,2,0,Northampton,2021-12-08
5,0,5,0,Cherokee,2021-12-14
13,0,13,0,Dare,2021-12-08
16,7,9,0,Transylvania,2021-12-08
14,5,9,1,Carteret,2021-12-08
37,4,33,2,Alamance,2021-12-18
16,0,16,0,Dare,2021-12-14
24,8,16,4,Catawba,2021-12-11
8,1,7,0,Edgecombe,2021-12-18
9,5,4,0,Hoke,2021-12-18
57,6,51,2,Cleveland,2021-12-14
8,0,8,0,Montgomery,2021-12-14
9,3,6,0,McDowell,2021-12-18
1,0,1,0,Bertie,2021-12-08
16,14,2,0,Yancey,2021-12-14
14,4,10,0,Burke,2021-12-18
17,2,15,0,Pender,2021-12-15
10,3,7,0,Scotland,2021-12-15
11,0,11,0,Vance,2021-12-18
2,2,0,0,Graham,2021-12-18
15,2,13,0,Avery,2022-01-08
19,1,18,0,Bertie,2022-01-15
25,8,17,0,Transylvania,2022-01-15
13,8,5,2,Rutherford,2022-01-16
44,23,21,0,Iredell,2022-01-16
25,11,14,0,Stanly,2022-01-16
5,2,3,0,Gates,2022-01-16
14,7,7,0,Camden,2022-01-19
13,2,11,0,Hyde,2022-01-20
23,6,17,0,Gates,2022-01-20
27,3,24,0,Clay,2022-01-20
16,2,14,0,Macon,2022-01-30
11,1,10,0,Clay,2022-01-30
17,2,15,0,Alexander,2022-01-30
11,3,8,0,Bertie,2022-02-02
30,7,23,0,Currituck,2022-02-02
38,15,23,0,Wilkes,2022-02-05
10,0,10,2,Montgomery,2022-02-05
11,2,9,0,Martin,2022-02-05
15,4,11,0,Pender,2022-02-05
14,3,11,0,Greene,2022-02-02
5,0,5,0,Greene,2022-02-05
14,4,10,0,Mitchell,2022-02-02
37,9,28,0,Lincoln,2022-02-16
20,2,18,0,Beaufort,2022-02-05
32,11,21,2,Wilkes,2022-02-16
14,6,8,0,Richmond,2022-02-16
14,9,5,0,Lincoln,2022-02-24
6,1,5,0,Cleveland,2022-03-10
7,4,3,0,Polk,2022-02-17
21,4,17,0,Orange,2022-03-21
7,0,7,0,Alamance,2022-03-22
1,0,1,0,Dare,2022-03-26
2,0,2,0,McDowell,2022-03-28
1,0,1,0,Franklin,2022-04-03
1,0,1,0,Camden,2022-04-03
4,0,4,0,Caldwell,2022-04-10
6,0,6,0,Rowan,2022-04-11
13,2,11,1,Stokes,2022-02-16
5,2,3,0,Transylvania,2022-04-19
2,0,2,0,Davidson,2022-03-19
5,0,5,1,New Hanover,2022-03-21
1,1,0,0,Ashe,2022-03-21
7,2,5,0,Avery,2022-03-10
3,0,3,0,Jackson,2022-03-10
6,4,2,0,Davidson,2022-03-10
1,0,1,0,Duplin,2022-04-03
5,0,5,0,Scotland,2022-04-08
11,0,11,0,Pitt,2022-04-08
9,2,7,1,Alamance,2022-03-28
6,3,3,0,Iredell,2022-03-29
7,2,5,0,Alamance,2022-04-03
5,0,5,0,Davidson,2022-04-03
9,0,9,0,Pender,2022-04-08
14,4,10,0,Johnston,2022-04-11
11,4,7,0,Catawba,2022-04-11
4,1,3,0,Sampson,2022-04-15
18,4,14,0,New Hanover,2022-04-15
3,0,3,0,Davidson,2022-04-17
4,2,2,0,Moore,2022-04-17
5,2,3,0,McDowell,2022-04-19
2,0,2,0,Wilkes,2022-04-19
14,5,9,0,Watauga,2022-04-19
24,6,18,0,Johnston,2022-04-20
36,6,30,0,Cumberland,2022-04-20
5,1,4,0,Jackson,2022-04-20
9,0,9,0,Alamance,2022-04-17
7,2,5,0,Rowan,2022-04-17
16,0,16,0,Pitt,2022-04-19
29,10,19,0,Iredell,2022-04-21
9,2,7,0,Rowan,2022-04-21
3,1,2,0,Caswell,2022-04-21
4,0,4,0,Hoke,2022-03-10
4,2,2,0,Surry,2022-03-10
14,0,14,0,Gaston,2022-03-21
11,9,2,0,Buncombe,2022-03-21
2,0,2,0,Catawba,2022-03-26
13,6,7,0,Burke,2022-03-28
5,1,4,1,Rowan,2022-03-29
7,0,7,0,Brunswick,2022-03-29
1,1,0,0,Beaufort,2022-04-08
6,2,4,0,Wilson,2022-04-10
4,0,4,0,Hoke,2022-04-11
2,0,2,0,Pender,2022-04-20
6,2,4,0,Richmond,2022-04-21
3,3,0,0,Polk,2021-11-11
2,0,2,0,Bertie,2021-11-11
7,1,6,0,Franklin,2021-11-11
5,0,5,0,Hoke,2021-11-13
4,3,1,0,Scotland,2021-11-11
5,0,5,0,Granville,2021-11-21
15,4,11,0,Rowan,2021-11-21
9,2,7,0,Davie,2021-11-21
7,0,7,0,Chatham,2021-12-03
8,1,7,0,McDowell,2021-12-03
6,1,5,0,Martin,2021-12-03
6,0,6,0,Martin,2021-12-08
6,0,6,0,Montgomery,2021-12-11
14,1,13,0,Beaufort,2021-12-15
7,3,4,0,Mitchell,2021-12-15
11,3,8,0,Watauga,2021-12-18
11,6,5,0,Haywood,2022-01-16
12,7,5,0,Greene,2022-01-16
22,3,19,0,Gates,2022-01-19
2,1,1,0,Yancey,2022-01-30
6,0,6,0,Gates,2022-02-02
17,1,16,0,Caswell,2022-02-02
2,0,2,0,Gates,2022-01-30
5,3,2,0,Perquimans,2022-02-05
5,0,5,0,Pender,2022-02-17
12,2,10,0,Macon,2022-02-16
25,5,20,0,Rockingham,2022-02-17
16,4,12,0,Cleveland,2022-02-24
6,0,6,0,Union,2022-03-10
5,0,5,0,Nash,2022-03-10
1,0,1,0,Martin,2022-03-10
6,3,3,0,Iredell,2022-03-26
2,1,1,0,Vance,2022-03-26
3,0,3,0,Franklin,2022-03-28
1,1,0,0,Jackson,2022-03-28
1,0,1,0,Edgecombe,2022-04-08
8,3,5,0,Davidson,2022-04-08
2,1,1,0,Henderson,2022-04-10
4,1,3,0,Lincoln,2022-04-11
2,0,2,0,Hoke,2022-04-08
9,0,9,0,Brunswick,2022-04-08
1,0,1,0,Graham,2022-04-11
3,0,3,0,Lincoln,2022-04-13
11,0,11,0,Pitt,2022-04-15
11,9,2,0,Burke,2022-04-15
7,7,0,0,Watauga,2022-04-15
3,0,3,0,Dare,2022-04-17
1,0,1,0,Lincoln,2022-04-17
5,1,4,0,Burke,2022-04-19
2,1,1,0,Macon,2022-04-19
13,2,11,0,Hoke,2022-02-17
2,1,1,0,Washington,2022-02-17
6,4,2,0,Washington,2022-02-16
5,1,4,0,Pender,2022-02-24
13,4,9,0,Chatham,2022-02-24
3,1,2,0,Mitchell,2022-02-24
10,7,3,0,Iredell,2022-03-19
2,2,0,0,Jackson,2022-03-22
9,0,9,0,Harnett,2022-03-21
2,0,2,0,Hoke,2022-04-03
4,1,3,1,Catawba,2022-03-29
3,0,3,0,Dare,2022-04-11
2,0,2,0,Nash,2022-04-10
3,0,3,0,Davie,2022-04-13
9,2,7,0,Johnston,2022-04-17
21,4,17,0,New Hanover,2022-04-21
11,2,9,0,Anson,2021-10-28
155,12,143,1,Wake,2021-10-28
140,24,116,1,Mecklenburg,2021-10-28
49,20,29,1,Buncombe,2021-10-28
15,1,14,0,Orange,2021-10-28
10,3,7,0,New Hanover,2021-10-28
14,1,13,1,Edgecombe,2021-10-28
23,9,14,0,Henderson,2021-10-28
18,5,13,0,Nash,2021-10-28
3,2,1,0,Pamlico,2021-10-28
20,0,20,0,Pitt,2021-10-28
21,4,17,1,Harnett,2021-10-28
19,3,16,2,Gaston,2021-10-30
118,10,108,2,Wake,2021-10-30
21,4,17,1,Burke,2021-10-28
25,7,18,0,Lincoln,2021-10-28
9,4,5,1,Watauga,2021-10-28
11,2,9,1,Nash,2021-10-30
28,11,17,0,Buncombe,2021-10-30
26,1,25,0,Caldwell,2021-10-28
92,14,78,2,Mecklenburg,2021-10-31
20,7,13,0,Union,2021-10-31
2,0,2,0,Richmond,2021-10-31
16,3,13,0,Gaston,2021-10-31
6,0,6,0,Dare,2021-10-31
35,4,31,1,Forsyth,2021-10-31
22,4,18,0,Buncombe,2021-10-31
4,2,2,0,Wilson,2021-10-30
26,7,19,1,Catawba,2021-10-30
2,0,2,0,McDowell,2021-10-30
7,1,6,0,Wayne,2021-10-30
6,1,5,0,Vance,2021-10-30
15,0,15,0,Catawba,2021-10-31
3,1,2,0,Scotland,2021-10-31
69,24,45,0,Johnston,2021-11-08
25,3,22,0,Robeson,2021-11-08
22,3,19,0,Stokes,2021-11-08
62,2,60,0,Alamance,2021-11-08
19,2,17,0,Currituck,2021-11-08
98,13,85,2,Forsyth,2021-11-08
11,1,10,0,Chowan,2021-11-08
46,20,26,0,Surry,2021-11-08
7,0,7,0,Bertie,2021-11-08
16,8,8,0,Yancey,2021-11-08
4,2,2,0,Warren,2021-11-08
58,6,52,0,Durham,2021-11-15
15,7,8,0,Ashe,2021-11-15
87,26,61,0,Johnston,2021-11-15
26,3,23,0,Caldwell,2021-11-15
27,0,27,0,Orange,2021-11-15
18,3,15,0,Moore,2021-11-15
83,37,46,0,Buncombe,2021-11-15
18,6,12,0,Craven,2021-11-15
76,27,49,1,Cabarrus,2021-11-15
54,22,32,0,Henderson,2021-11-15
34,8,26,1,Stanly,2021-11-15
69,14,55,0,Cumberland,2021-11-15
11,1,10,0,Pasquotank,2021-11-15
8,3,5,0,Granville,2021-11-15
34,5,29,0,Nash,2021-11-15
101,16,85,0,Guilford,2021-11-18
40,8,32,0,Lincoln,2021-11-18
2,0,2,1,Martin,2021-11-18
69,18,51,2,Gaston,2021-11-18
44,4,40,0,Davidson,2021-11-18
66,16,50,3,Union,2021-11-18
5,3,2,0,Macon,2021-11-18
37,22,15,0,Surry,2021-11-18
67,24,43,0,Buncombe,2021-11-18
8,3,5,0,McDowell,2021-11-18
20,4,16,0,New Hanover,2021-11-18
8,2,6,0,Lenoir,2021-11-18
20,0,20,0,Orange,2021-11-18
6,0,6,0,Edgecombe,2021-11-20
44,4,40,0,Durham,2021-11-18
9,0,9,0,Davie,2021-11-20
8,2,6,0,Vance,2021-11-18
30,5,25,0,Rockingham,2021-11-18
49,15,34,0,Catawba,2021-11-18
15,0,15,0,Franklin,2021-11-20
14,10,4,1,Wayne,2021-11-20
10,4,6,0,Alexander,2021-11-20
20,4,16,0,Wilkes,2021-11-20
13,4,9,0,Burke,2021-11-20
4,1,3,0,Brunswick,2021-11-25
41,6,35,1,Mecklenburg,2021-11-25
8,3,5,0,Wayne,2021-11-25
12,3,9,0,Gaston,2021-11-25
5,1,4,0,Orange,2021-11-25
37,8,29,1,Wake,2021-11-25
16,3,13,0,Granville,2021-12-01
15,2,13,0,Ashe,2021-12-01
20,7,13,0,Burke,2021-12-01
27,7,20,0,Robeson,2021-12-01
51,8,43,0,Brunswick,2021-12-01
110,30,80,1,Cabarrus,2021-12-01
24,5,19,0,Davie,2021-12-01
7,1,6,0,Hertford,2021-12-01
26,11,15,0,Sampson,2021-12-01
25,10,15,0,Craven,2021-12-01
27,1,26,0,Orange,2021-12-01
23,9,14,0,Watauga,2021-12-01
21,2,19,0,Caldwell,2021-12-01
10,0,10,0,Bladen,2021-12-01
260,15,245,0,Wake,2021-12-04
26,17,9,0,Wilkes,2021-12-04
36,9,27,0,Johnston,2021-12-04
14,7,7,2,Yadkin,2021-12-04
37,0,37,0,Davidson,2021-12-04
45,21,24,0,Buncombe,2021-12-04
10,7,3,1,Yadkin,2021-12-05
50,5,45,0,Gaston,2021-12-05
34,9,25,0,Catawba,2021-12-05
4,4,0,0,Graham,2021-12-01
15,1,14,0,Moore,2021-12-05
33,3,30,0,Rowan,2021-12-05
85,10,75,1,Pitt,2021-12-06
31,5,26,0,Alleghany,2021-12-06
21,7,14,0,Person,2021-12-06
7,1,6,0,Lenoir,2021-12-04
76,11,65,0,Durham,2021-12-06
388,41,347,0,Wake,2021-12-06
66,13,53,2,Brunswick,2021-12-06
51,9,42,0,Cleveland,2021-12-06
15,2,13,0,Edgecombe,2021-12-06
19,6,13,0,Watauga,2021-12-06
7,0,7,0,Nash,2021-12-04
69,12,57,0,Onslow,2021-12-06
7,1,6,0,Polk,2021-12-06
1,0,1,0,Camden,2021-12-04
13,3,10,0,Yancey,2021-12-04
45,15,30,1,Union,2021-12-05
49,8,41,0,Cabarrus,2021-12-05
21,0,21,1,Nash,2021-12-06
28,2,26,1,Alamance,2021-12-04
23,5,18,0,Lincoln,2021-12-04
10,6,4,0,Scotland,2021-12-05
26,12,14,0,Alexander,2021-12-06
27,9,18,0,Rutherford,2021-12-06
17,1,16,0,Franklin,2021-12-04
12,4,8,0,McDowell,2021-12-06
5,2,3,0,Carteret,2021-12-05
14,4,10,0,Chatham,2021-12-05
18,5,13,0,Brunswick,2021-12-05
12,4,8,0,Wilson,2021-12-05
53,39,14,0,Wayne,2021-12-06
21,1,20,0,Lenoir,2021-12-06
28,2,26,0,Bladen,2021-12-06
11,1,10,1,Cherokee,2021-12-06
4,1,3,0,Jackson,2022-04-21
1,1,0,0,Hyde,2021-10-26
2,0,2,0,Avery,2021-10-26
3,1,2,0,Washington,2021-11-11
4,2,2,0,Pender,2021-11-13
5,2,3,0,Carteret,2021-11-07
7,5,2,0,Macon,2021-11-11
14,4,10,1,Richmond,2021-11-22
24,1,23,0,Alamance,2021-11-13
1,0,1,0,Greene,2021-11-13
3,1,2,0,Mitchell,2021-11-22
8,2,6,0,Montgomery,2021-12-03
9,1,8,0,Beaufort,2021-12-08
11,4,7,0,Alexander,2021-12-14
1,0,1,0,Clay,2021-12-18
9,0,9,0,Tyrrell,2022-01-08
8,5,3,0,Swain,2022-01-15
9,1,8,0,Davie,2022-01-16
4,0,4,0,Tyrrell,2022-01-16
5,0,5,0,Greene,2022-01-30
7,4,3,0,Mitchell,2022-01-30
6,3,3,0,Yancey,2022-02-05
3,0,3,0,Hyde,2022-02-17
3,0,3,0,Hoke,2022-03-22
3,1,2,0,Wilkes,2022-03-28
2,2,0,0,Lenoir,2022-03-29
3,0,3,0,Lincoln,2022-03-29
2,0,2,0,Washington,2022-04-03
12,2,10,0,Rockingham,2022-02-24
6,0,6,0,Chowan,2022-02-16
5,0,5,0,Beaufort,2022-04-21
3,1,2,0,Catawba,2022-03-22
3,0,3,0,Wayne,2022-04-03
2,1,1,0,McDowell,2022-04-08
1,0,1,0,Burke,2022-04-10
4,0,4,0,Franklin,2022-04-11
4,0,4,0,Brunswick,2022-04-15
4,1,3,1,Hertford,2022-02-16
4,1,3,0,Martin,2022-02-16
5,4,1,1,Craven,2022-03-21
2,1,1,0,Rutherford,2022-03-21
4,0,4,0,Nash,2022-04-15
2,0,2,0,Hertford,2022-04-20
6,0,6,0,Chatham,2022-03-10
1,1,0,0,Surry,2022-03-26
1,0,1,0,Pender,2022-03-29
4,0,4,0,Macon,2022-04-03
5,2,3,0,Haywood,2022-04-13
2,0,2,0,Lee,2022-04-17
8,4,4,0,Swain,2021-10-26
12,2,10,0,Lincoln,2021-11-07
10,2,8,0,New Hanover,2021-11-07
1,1,0,0,Mitchell,2021-11-07
11,1,10,0,Carteret,2021-11-11
4,1,3,0,Chowan,2021-11-13
5,0,5,0,Caswell,2021-11-22
3,0,3,0,Martin,2021-12-11
4,1,3,0,Pasquotank,2021-12-18
20,2,18,0,Bertie,2022-01-08
5,0,5,0,Perquimans,2022-01-30
10,0,10,1,New Hanover,2022-03-10
1,0,1,0,Rutherford,2022-03-19
3,1,2,0,Jones,2022-02-17
1,0,1,0,Vance,2022-03-28
4,0,4,0,Caswell,2022-02-05
4,2,2,0,Rowan,2022-04-03
1,0,1,0,Rockingham,2022-04-17
3,2,1,0,Vance,2022-04-19
1,0,1,0,Caswell,2022-04-20
1,0,1,1,Davie,2022-03-19
1,1,0,0,Vance,2022-03-21
1,0,1,0,Beaufort,2022-03-28
1,0,1,0,Scotland,2022-03-29
2,2,0,0,Yancey,2022-04-13
4,0,4,0,Lincoln,2022-04-15
3,2,1,0,Alexander,2022-04-19
1,1,0,0,Warren,2022-04-13
5,2,3,0,Polk,2022-02-16
6,0,6,1,Alexander,2022-02-24
3,1,2,0,Union,2022-03-19
2,0,2,0,Alexander,2022-03-21
2,2,0,0,Stokes,2022-03-29
3,2,1,0,Lincoln,2022-04-10
1,1,0,0,Bertie,2022-04-11
3,0,3,0,McDowell,2022-04-11
1,0,1,0,Beaufort,2022-04-13
1,0,1,0,Rockingham,2022-04-13
1,0,1,0,Halifax,2022-04-19
5,3,2,0,Columbus,2022-04-20
2,0,2,0,Jackson,2021-11-07
1,0,1,1,Dare,2021-11-07
2,0,2,0,Macon,2021-11-13
1,0,1,0,Gates,2021-11-22
2,2,0,0,Northampton,2021-12-03
1,0,1,0,Hyde,2021-12-08
2,1,1,0,Mitchell,2021-12-11
3,0,3,0,Iredell,2022-03-10
3,0,3,0,Stanly,2022-04-20
1,0,1,0,Beaufort,2022-03-22
1,0,1,0,Hyde,2022-03-10
2,1,1,0,Scotland,2022-03-21
3,0,3,0,Wayne,2022-04-10
2,1,1,0,Montgomery,2022-03-29
2,0,2,0,Lenoir,2022-04-11
3,2,1,0,Graham,2022-04-19
35,5,30,0,Alamance,2021-10-27
31,3,28,0,Alamance,2021-10-28
25,5,20,0,Alamance,2021-10-29
16,1,15,0,Alamance,2021-10-30
8,0,8,0,Alamance,2021-10-31
51,3,48,0,Alamance,2021-11-01
34,5,29,0,Alamance,2021-11-03
36,3,33,0,Alamance,2021-11-04
24,1,23,0,Alamance,2021-11-05
15,1,14,0,Alamance,2021-11-06
9,2,7,0,Alamance,2021-11-07
53,5,48,0,Alamance,2021-11-09
49,5,44,0,Alamance,2021-11-10
40,1,39,0,Alamance,2021-11-12
19,3,16,0,Alamance,2021-11-14
57,9,48,0,Alamance,2021-11-15
39,3,36,0,Alamance,2021-11-16
33,2,31,0,Alamance,2021-11-19
18,2,16,0,Alamance,2021-11-20
54,4,50,0,Alamance,2021-11-23
45,6,39,0,Alamance,2021-11-24
3,0,3,0,Alamance,2021-11-25
52,3,49,0,Alamance,2021-11-26
26,1,25,0,Alamance,2021-11-27
37,7,30,0,Alamance,2021-11-28
63,4,59,0,Alamance,2021-12-01
56,2,54,0,Alamance,2021-12-02
69,5,64,0,Alamance,2021-12-07
60,3,57,0,Alamance,2021-12-09
54,5,49,0,Alamance,2021-12-10
120,4,116,0,Alamance,2021-12-13
62,8,54,0,Alamance,2021-12-17
33,1,32,0,Alamance,2021-12-19
144,14,130,0,Alamance,2021-12-22
159,25,134,0,Alamance,2021-12-23
31,6,25,0,Alamance,2021-12-25
447,74,373,0,Alamance,2021-12-27
479,41,438,0,Alamance,2021-12-28
499,55,444,0,Alamance,2021-12-29
502,68,434,0,Alamance,2021-12-30
103,19,84,0,Alamance,2022-01-01
765,79,686,0,Alamance,2022-01-05
276,42,234,0,Alamance,2022-01-09
588,54,534,0,Alamance,2022-01-14
205,42,163,0,Alamance,2022-01-17
534,41,493,0,Alamance,2022-01-20
80,5,75,0,Alamance,2022-01-22
352,54,298,0,Alamance,2022-01-25
85,10,75,0,Alamance,2022-01-30
174,26,148,0,Alamance,2022-02-03
139,21,118,0,Alamance,2022-02-07
94,11,83,0,Alamance,2022-02-09
105,26,79,0,Alamance,2022-02-14
50,3,47,0,Alamance,2022-02-18
68,11,57,0,Alamance,2022-02-21
26,4,22,0,Alamance,2022-02-24
16,2,14,0,Alamance,2022-02-25
14,4,10,0,Alamance,2022-02-26
34,6,28,0,Alamance,2022-02-28
29,2,27,0,Alamance,2022-03-01
34,6,28,0,Alamance,2022-03-02
21,1,20,0,Alamance,2022-03-03
19,1,18,0,Alamance,2022-03-04
8,1,7,0,Alamance,2022-03-05
4,1,3,0,Alamance,2022-03-06
13,1,12,0,Alamance,2022-03-07
15,3,12,0,Alamance,2022-03-09
8,0,8,0,Alamance,2022-03-10
8,0,8,0,Alamance,2022-03-11
5,1,4,0,Alamance,2022-03-12
8,0,8,0,Alamance,2022-03-15
3,0,3,0,Alamance,2022-03-16
8,0,8,0,Alamance,2022-03-18
1,0,1,0,Alamance,2022-03-19
12,1,11,0,Alamance,2022-03-21
8,0,8,0,Alamance,2022-03-23
8,4,4,0,Alamance,2022-03-24
6,2,4,0,Alamance,2022-03-25
2,0,2,0,Alamance,2022-03-26
7,2,5,0,Alamance,2022-03-27
12,1,11,0,Alamance,2022-03-30
14,6,8,0,Alamance,2022-04-01
7,1,6,0,Alamance,2022-04-02
17,3,14,0,Alamance,2022-04-04
18,3,15,0,Alamance,2022-04-05
26,7,19,0,Alamance,2022-04-07
8,2,6,0,Alamance,2022-04-09
10,1,9,0,Alamance,2022-04-10
32,5,27,0,Alamance,2022-04-12
26,4,22,0,Alamance,2022-04-14
7,1,6,0,Alamance,2022-04-16
27,6,21,0,Alamance,2022-04-18
20,5,15,0,Alamance,2022-04-21
24,3,21,0,Alamance,2022-04-22
23,3,20,0,Alamance,2022-04-23
15,7,8,0,Alexander,2021-10-26
8,5,3,0,Alexander,2021-10-27
1,0,1,0,Alexander,2021-10-28
9,3,6,0,Alexander,2021-10-29
3,2,1,0,Alexander,2021-10-30
7,3,4,0,Alexander,2021-10-31
11,4,7,0,Alexander,2021-11-01
13,4,9,0,Alexander,2021-11-02
9,7,2,0,Alexander,2021-11-03
7,1,6,0,Alexander,2021-11-04
6,1,5,0,Alexander,2021-11-05
7,1,6,0,Alexander,2021-11-06
16,2,14,0,Alexander,2021-11-08
7,2,5,0,Alexander,2021-11-09
8,7,1,0,Alexander,2021-11-10
2,1,1,0,Alexander,2021-11-11
8,2,6,0,Alexander,2021-11-12
9,8,1,0,Alexander,2021-11-13
4,3,1,0,Alexander,2021-11-14
24,10,14,0,Alexander,2021-11-15
18,9,9,0,Alexander,2021-11-16
13,6,7,0,Alexander,2021-11-17
18,4,14,0,Alexander,2021-11-18
12,3,9,0,Alexander,2021-11-19
6,4,2,0,Alexander,2021-11-21
14,7,7,0,Alexander,2021-11-22
15,5,10,0,Alexander,2021-11-23
14,3,11,0,Alexander,2021-11-24
0,0,0,0,Alexander,2021-11-25
6,4,2,0,Alexander,2021-11-26
7,4,3,0,Alexander,2021-11-27
7,1,6,0,Alexander,2021-11-28
12,8,4,0,Alexander,2021-11-29
11,7,4,0,Alexander,2021-11-30
20,6,14,0,Alexander,2021-12-01
23,14,9,0,Alexander,2021-12-02
5,2,3,0,Alexander,2021-12-04
10,6,4,0,Alexander,2021-12-05
27,17,10,0,Alexander,2021-12-07
18,8,10,0,Alexander,2021-12-09
12,4,8,0,Alexander,2021-12-10
6,4,2,0,Alexander,2021-12-12
22,5,17,0,Alexander,2021-12-13
19,11,8,0,Alexander,2021-12-16
15,7,8,0,Alexander,2021-12-17
8,5,3,0,Alexander,2021-12-19
25,10,15,0,Alexander,2021-12-20
19,9,10,0,Alexander,2021-12-21
21,13,8,0,Alexander,2021-12-22
31,12,19,0,Alexander,2021-12-23
2,0,2,0,Alexander,2021-12-25
14,11,3,0,Alexander,2021-12-26
62,35,27,0,Alexander,2021-12-27
64,35,29,0,Alexander,2021-12-29
80,39,41,0,Alexander,2021-12-30
37,20,17,0,Alexander,2021-12-31
21,10,11,0,Alexander,2022-01-01
33,5,28,0,Alexander,2022-01-02
98,42,56,0,Alexander,2022-01-03
77,22,55,0,Alexander,2022-01-04
90,30,60,0,Alexander,2022-01-05
95,27,68,0,Alexander,2022-01-06
55,16,39,0,Alexander,2022-01-07
53,11,42,0,Alexander,2022-01-08
40,8,32,0,Alexander,2022-01-09
145,63,82,0,Alexander,2022-01-10
151,44,107,0,Alexander,2022-01-11
121,27,94,0,Alexander,2022-01-13
104,17,87,0,Alexander,2022-01-14
7,3,4,0,Alexander,2022-01-16
23,13,10,0,Alexander,2022-01-17
146,44,102,0,Alexander,2022-01-19
129,29,100,0,Alexander,2022-01-20
84,18,66,0,Alexander,2022-01-21
53,23,30,0,Alexander,2022-01-22
86,21,65,0,Alexander,2022-01-25
65,18,47,0,Alexander,2022-01-27
62,14,48,0,Alexander,2022-01-28
13,3,10,0,Alexander,2022-01-29
72,25,47,0,Alexander,2022-01-31
46,15,31,0,Alexander,2022-02-01
39,7,32,0,Alexander,2022-02-02
41,10,31,0,Alexander,2022-02-04
13,6,7,0,Alexander,2022-02-06
49,16,33,0,Alexander,2022-02-07
31,12,19,0,Alexander,2022-02-08
21,7,14,0,Alexander,2022-02-11
15,3,12,0,Alexander,2022-02-12
9,3,6,0,Alexander,2022-02-13
13,5,8,0,Alexander,2022-02-14
13,3,10,0,Alexander,2022-02-15
13,2,11,0,Alexander,2022-02-17
5,0,5,0,Alexander,2022-02-19
13,1,12,0,Alexander,2022-02-20
20,12,8,0,Alexander,2022-02-21
2,0,2,0,Alexander,2022-02-22
8,1,7,0,Alexander,2022-02-23
1,0,1,0,Alexander,2022-02-25
2,1,1,0,Alexander,2022-02-27
8,2,6,0,Alexander,2022-02-28
5,2,3,0,Alexander,2022-03-01
2,0,2,0,Alexander,2022-03-02
4,1,3,0,Alexander,2022-03-03
1,0,1,0,Alexander,2022-03-04
2,1,1,0,Alexander,2022-03-05
0,0,0,0,Alexander,2022-03-06
4,1,3,0,Alexander,2022-03-07
1,0,1,0,Alexander,2022-03-08
3,0,3,0,Alexander,2022-03-09
2,1,1,0,Alexander,2022-03-10
1,0,1,0,Alexander,2022-03-11
3,0,3,0,Alexander,2022-03-12
1,1,0,0,Alexander,2022-03-13
2,2,0,0,Alexander,2022-03-14
2,0,2,0,Alexander,2022-03-15
1,0,1,0,Alexander,2022-03-16
1,0,1,0,Alexander,2022-03-17
2,1,1,0,Alexander,2022-03-18
1,0,1,0,Alexander,2022-03-19
0,0,0,0,Alexander,2022-03-20
2,2,0,0,Alexander,2022-03-22
2,0,2,0,Alexander,2022-03-23
2,0,2,0,Alexander,2022-03-24
1,0,1,0,Alexander,2022-03-25
0,0,0,0,Alexander,2022-03-26
0,0,0,0,Alexander,2022-03-27
0,0,0,0,Alexander,2022-03-28
0,0,0,0,Alexander,2022-03-29
0,0,0,0,Alexander,2022-03-30
1,0,1,0,Alexander,2022-03-31
0,0,0,0,Alexander,2022-04-01
0,0,0,0,Alexander,2022-04-02
0,0,0,0,Alexander,2022-04-03
1,1,0,0,Alexander,2022-04-04
2,0,2,0,Alexander,2022-04-05
1,1,0,0,Alexander,2022-04-06
0,0,0,0,Alexander,2022-04-07
2,1,1,0,Alexander,2022-04-08
0,0,0,0,Alexander,2022-04-09
0,0,0,0,Alexander,2022-04-10
1,1,0,0,Alexander,2022-04-11
2,1,1,0,Alexander,2022-04-12
3,2,1,0,Alexander,2022-04-13
1,0,1,0,Alexander,2022-04-14
0,0,0,0,Alexander,2022-04-15
0,0,0,0,Alexander,2022-04-16
0,0,0,0,Alexander,2022-04-17
1,1,0,0,Alexander,2022-04-18
1,0,1,0,Alexander,2022-04-20
1,1,0,0,Alexander,2022-04-21
5,2,3,0,Alexander,2022-04-22
0,0,0,0,Alexander,2022-04-23
3,2,1,0,Alleghany,2021-10-26
0,0,0,0,Alleghany,2021-10-27
1,0,1,0,Alleghany,2021-10-28
1,0,1,0,Alleghany,2021-10-29
1,0,1,0,Alleghany,2021-10-30
0,0,0,0,Alleghany,2021-10-31
1,0,1,0,Alleghany,2021-11-01
1,0,1,0,Alleghany,2021-11-02
3,0,3,0,Alleghany,2021-11-03
4,0,4,0,Alleghany,2021-11-04
6,1,5,0,Alleghany,2021-11-05
6,1,5,0,Alleghany,2021-11-06
0,0,0,0,Alleghany,2021-11-07
5,4,1,0,Alleghany,2021-11-08
9,1,8,0,Alleghany,2021-11-09
6,0,6,0,Alleghany,2021-11-10
2,0,2,0,Alleghany,2021-11-11
21,1,20,0,Alleghany,2021-11-12
9,1,8,0,Alleghany,2021-11-13
4,0,4,0,Alleghany,2021-11-14
9,1,8,0,Alleghany,2021-11-15
3,1,2,0,Alleghany,2021-11-16
15,0,15,0,Alleghany,2021-11-17
17,3,14,0,Alleghany,2021-11-18
10,1,9,0,Alleghany,2021-11-19
1,0,1,0,Alleghany,2021-11-20
1,0,1,0,Alleghany,2021-11-21
15,6,9,0,Alleghany,2021-11-22
8,1,7,0,Alleghany,2021-11-23
6,2,4,0,Alleghany,2021-11-24
3,2,1,0,Alleghany,2021-11-25
5,2,3,0,Alleghany,2021-11-26
2,1,1,0,Alleghany,2021-11-27
3,2,1,0,Alleghany,2021-11-28
13,1,12,0,Alleghany,2021-11-29
9,1,8,0,Alleghany,2021-11-30
9,2,7,0,Alleghany,2021-12-01
1,0,1,0,Alleghany,2021-12-02
9,0,9,0,Alleghany,2021-12-03
4,0,4,0,Alleghany,2021-12-04
3,3,0,0,Alleghany,2021-12-05
7,2,5,0,Alleghany,2021-12-07
22,5,17,0,Alleghany,2021-12-08
14,2,12,0,Alleghany,2021-12-09
5,0,5,0,Alleghany,2021-12-10
5,3,2,0,Alleghany,2021-12-11
4,1,3,0,Alleghany,2021-12-12
16,3,13,0,Alleghany,2021-12-13
14,6,8,0,Alleghany,2021-12-14
9,2,7,0,Alleghany,2021-12-15
16,3,13,0,Alleghany,2021-12-17
2,2,0,0,Alleghany,2021-12-18
4,3,1,0,Alleghany,2021-12-19
11,4,7,0,Alleghany,2021-12-20
8,2,6,0,Alleghany,2021-12-21
8,1,7,0,Alleghany,2021-12-22
4,2,2,0,Alleghany,2021-12-23
2,1,1,0,Alleghany,2021-12-24
2,2,0,0,Alleghany,2021-12-25
3,0,3,0,Alleghany,2021-12-26
7,4,3,0,Alleghany,2021-12-27
15,5,10,0,Alleghany,2021-12-30
3,1,2,0,Alleghany,2022-01-01
4,2,2,0,Alleghany,2022-01-02
38,10,28,0,Alleghany,2022-01-04
25,5,20,0,Alleghany,2022-01-05
28,7,21,0,Alleghany,2022-01-06
7,5,2,0,Alleghany,2022-01-07
9,6,3,0,Alleghany,2022-01-08
9,7,2,0,Alleghany,2022-01-09
50,12,38,0,Alleghany,2022-01-10
37,10,27,0,Alleghany,2022-01-11
36,5,31,0,Alleghany,2022-01-12
34,7,27,0,Alleghany,2022-01-13
31,12,19,0,Alleghany,2022-01-14
3,3,0,0,Alleghany,2022-01-15
3,3,0,0,Alleghany,2022-01-16
8,5,3,0,Alleghany,2022-01-17
10,2,8,0,Alleghany,2022-01-18
37,8,29,0,Alleghany,2022-01-19
21,2,19,0,Alleghany,2022-01-20
23,3,20,0,Alleghany,2022-01-21
4,3,1,0,Alleghany,2022-01-22
5,4,1,0,Alleghany,2022-01-23
42,9,33,0,Alleghany,2022-01-24
30,10,20,0,Alleghany,2022-01-25
23,4,19,0,Alleghany,2022-01-26
23,3,20,0,Alleghany,2022-01-27
20,6,14,0,Alleghany,2022-01-28
4,2,2,0,Alleghany,2022-01-29
4,1,3,0,Alleghany,2022-01-30
26,7,19,0,Alleghany,2022-01-31
22,4,18,0,Alleghany,2022-02-02
17,5,12,0,Alleghany,2022-02-03
21,10,11,0,Alleghany,2022-02-04
3,2,1,0,Alleghany,2022-02-05
3,2,1,0,Alleghany,2022-02-06
13,5,8,0,Alleghany,2022-02-07
7,2,5,0,Alleghany,2022-02-08
8,1,7,0,Alleghany,2022-02-09
11,5,6,0,Alleghany,2022-02-10
3,0,3,0,Alleghany,2022-02-11
0,0,0,0,Alleghany,2022-02-12
2,1,1,0,Alleghany,2022-02-13
11,2,9,0,Alleghany,2022-02-14
10,7,3,0,Alleghany,2022-02-15
5,0,5,0,Alleghany,2022-02-16
6,2,4,0,Alleghany,2022-02-17
7,4,3,0,Alleghany,2022-02-18
1,0,1,0,Alleghany,2022-02-19
1,0,1,0,Alleghany,2022-02-20
10,8,2,0,Alleghany,2022-02-21
9,1,8,0,Alleghany,2022-02-22
6,1,5,0,Alleghany,2022-02-23
6,2,4,0,Alleghany,2022-02-24
4,0,4,0,Alleghany,2022-02-25
4,0,4,0,Alleghany,2022-02-26
0,0,0,0,Alleghany,2022-02-27
4,0,4,0,Alleghany,2022-02-28
3,0,3,0,Alleghany,2022-03-01
5,2,3,0,Alleghany,2022-03-02
4,2,2,0,Alleghany,2022-03-03
2,0,2,0,Alleghany,2022-03-04
1,1,0,0,Alleghany,2022-03-05
0,0,0,0,Alleghany,2022-03-06
0,0,0,0,Alleghany,2022-03-07
1,1,0,0,Alleghany,2022-03-08
3,2,1,0,Alleghany,2022-03-09
1,0,1,0,Alleghany,2022-03-10
0,0,0,0,Alleghany,2022-03-11
0,0,0,0,Alleghany,2022-03-12
0,0,0,0,Alleghany,2022-03-13
0,0,0,0,Alleghany,2022-03-14
0,0,0,0,Alleghany,2022-03-15
2,2,0,0,Alleghany,2022-03-16
0,0,0,0,Alleghany,2022-03-17
0,0,0,0,Alleghany,2022-03-18
1,1,0,0,Alleghany,2022-03-19
3,2,1,0,Alleghany,2022-03-20
0,0,0,0,Alleghany,2022-03-21
0,0,0,0,Alleghany,2022-03-22
1,0,1,0,Alleghany,2022-03-23
0,0,0,0,Alleghany,2022-03-24
1,1,0,0,Alleghany,2022-03-25
0,0,0,0,Alleghany,2022-03-26
0,0,0,0,Alleghany,2022-03-27
0,0,0,0,Alleghany,2022-03-28
1,0,1,0,Alleghany,2022-03-29
1,1,0,0,Alleghany,2022-03-30
0,0,0,0,Alleghany,2022-03-31
0,0,0,0,Alleghany,2022-04-01
0,0,0,0,Alleghany,2022-04-02
0,0,0,0,Alleghany,2022-04-03
0,0,0,0,Alleghany,2022-04-04
0,0,0,0,Alleghany,2022-04-05
1,1,0,0,Alleghany,2022-04-06
0,0,0,0,Alleghany,2022-04-07
1,0,1,0,Alleghany,2022-04-08
0,0,0,0,Alleghany,2022-04-09
0,0,0,0,Alleghany,2022-04-10
0,0,0,0,Alleghany,2022-04-11
0,0,0,0,Alleghany,2022-04-12
1,0,1,0,Alleghany,2022-04-13
0,0,0,0,Alleghany,2022-04-14
1,1,0,0,Alleghany,2022-04-15
0,0,0,0,Alleghany,2022-04-16
0,0,0,0,Alleghany,2022-04-17
1,1,0,0,Alleghany,2022-04-18
0,0,0,0,Alleghany,2022-04-19
0,0,0,0,Alleghany,2022-04-20
2,0,2,0,Alleghany,2022-04-21
0,0,0,0,Alleghany,2022-04-22
1,1,0,0,Alleghany,2022-04-23
12,3,9,0,Anson,2021-10-26
4,2,2,0,Anson,2021-10-27
4,1,3,0,Anson,2021-10-29
5,0,5,0,Anson,2021-10-30
3,0,3,0,Anson,2021-10-31
23,3,20,0,Anson,2021-11-02
5,0,5,0,Anson,2021-11-03
9,1,8,0,Anson,2021-11-04
1,0,1,0,Anson,2021-11-05
0,0,0,0,Anson,2021-11-06
5,0,5,0,Anson,2021-11-07
7,1,6,0,Anson,2021-11-09
8,1,7,0,Anson,2021-11-10
6,1,5,0,Anson,2021-11-11
6,0,6,0,Anson,2021-11-12
2,0,2,0,Anson,2021-11-14
2,0,2,0,Anson,2021-11-15
1,0,1,0,Anson,2021-11-16
7,1,6,0,Anson,2021-11-17
1,0,1,0,Anson,2021-11-18
7,0,7,0,Anson,2021-11-19
4,0,4,0,Anson,2021-11-20
7,0,7,0,Anson,2021-11-21
2,1,1,0,Anson,2021-11-22
2,0,2,0,Anson,2021-11-23
3,2,1,0,Anson,2021-11-24
0,0,0,0,Anson,2021-11-25
3,1,2,0,Anson,2021-11-26
1,0,1,0,Anson,2021-11-27
5,0,5,0,Anson,2021-11-28
10,0,10,0,Anson,2021-11-29
5,0,5,0,Anson,2021-11-30
7,3,4,0,Anson,2021-12-01
3,1,2,0,Anson,2021-12-02
8,0,8,0,Anson,2021-12-03
1,0,1,0,Anson,2021-12-04
4,0,4,0,Anson,2021-12-05
8,0,8,0,Anson,2021-12-06
7,2,5,0,Anson,2021-12-07
6,0,6,0,Anson,2021-12-08
6,0,6,0,Anson,2021-12-09
1,0,1,0,Anson,2021-12-11
4,1,3,0,Anson,2021-12-12
4,2,2,0,Anson,2021-12-13
7,1,6,0,Anson,2021-12-16
3,0,3,0,Anson,2021-12-17
6,0,6,0,Anson,2021-12-18
4,0,4,0,Anson,2021-12-19
13,2,11,0,Anson,2021-12-20
17,5,12,0,Anson,2021-12-21
14,2,12,0,Anson,2021-12-22
4,2,2,0,Anson,2021-12-24
5,0,5,0,Anson,2021-12-25
10,1,9,0,Anson,2021-12-26
50,15,35,0,Anson,2021-12-27
65,2,63,0,Anson,2021-12-28
44,5,39,0,Anson,2021-12-29
52,8,44,0,Anson,2021-12-30
33,7,26,0,Anson,2021-12-31
22,3,19,0,Anson,2022-01-01
25,6,19,0,Anson,2022-01-02
85,18,67,0,Anson,2022-01-03
107,12,95,0,Anson,2022-01-04
85,15,70,0,Anson,2022-01-05
85,9,76,0,Anson,2022-01-07
26,2,24,0,Anson,2022-01-08
24,4,20,0,Anson,2022-01-09
114,19,95,0,Anson,2022-01-10
105,9,96,0,Anson,2022-01-11
88,11,77,0,Anson,2022-01-12
94,16,78,0,Anson,2022-01-13
75,11,64,0,Anson,2022-01-14
8,0,8,0,Anson,2022-01-16
45,6,39,0,Anson,2022-01-17
110,29,81,0,Anson,2022-01-18
110,31,79,0,Anson,2022-01-19
36,12,24,0,Anson,2022-01-21
17,4,13,0,Anson,2022-01-22
14,2,12,0,Anson,2022-01-23
82,21,61,0,Anson,2022-01-24
57,13,44,0,Anson,2022-01-25
55,16,39,0,Anson,2022-01-26
49,10,39,0,Anson,2022-01-27
38,7,31,0,Anson,2022-01-28
12,3,9,0,Anson,2022-01-29
44,10,34,0,Anson,2022-01-31
24,6,18,0,Anson,2022-02-01
21,3,18,0,Anson,2022-02-02
13,4,9,0,Anson,2022-02-03
16,3,13,0,Anson,2022-02-04
12,1,11,0,Anson,2022-02-05
20,4,16,0,Anson,2022-02-07
10,1,9,0,Anson,2022-02-11
3,1,2,0,Anson,2022-02-12
19,7,12,0,Anson,2022-02-14
7,0,7,0,Anson,2022-02-15
3,0,3,0,Anson,2022-02-17
3,0,3,0,Anson,2022-02-18
6,5,1,0,Anson,2022-02-19
6,2,4,0,Anson,2022-02-21
1,1,0,0,Anson,2022-02-22
3,2,1,0,Anson,2022-02-24
3,0,3,0,Anson,2022-02-25
2,0,2,0,Anson,2022-02-26
1,0,1,0,Anson,2022-02-27
5,1,4,0,Anson,2022-02-28
1,0,1,0,Anson,2022-03-01
0,0,0,0,Anson,2022-03-02
1,0,1,0,Anson,2022-03-03
1,0,1,0,Anson,2022-03-04
0,0,0,0,Anson,2022-03-05
1,0,1,0,Anson,2022-03-06
3,2,1,0,Anson,2022-03-07
0,0,0,0,Anson,2022-03-08
0,0,0,0,Anson,2022-03-09
1,0,1,0,Anson,2022-03-10
0,0,0,0,Anson,2022-03-11
1,0,1,0,Anson,2022-03-12
1,0,1,0,Anson,2022-03-13
1,0,1,0,Anson,2022-03-14
1,0,1,0,Anson,2022-03-15
1,0,1,0,Anson,2022-03-16
0,0,0,0,Anson,2022-03-17
1,0,1,0,Anson,2022-03-18
0,0,0,0,Anson,2022-03-19
2,0,2,0,Anson,2022-03-20
1,1,0,0,Anson,2022-03-21
2,0,2,0,Anson,2022-03-22
0,0,0,0,Anson,2022-03-23
0,0,0,0,Anson,2022-03-24
0,0,0,0,Anson,2022-03-25
0,0,0,0,Anson,2022-03-26
0,0,0,0,Anson,2022-03-27
0,0,0,0,Anson,2022-03-28
0,0,0,0,Anson,2022-03-29
0,0,0,0,Anson,2022-03-30
0,0,0,0,Anson,2022-03-31
0,0,0,0,Anson,2022-04-01
0,0,0,0,Anson,2022-04-02
0,0,0,0,Anson,2022-04-03
0,0,0,0,Anson,2022-04-04
0,0,0,0,Anson,2022-04-05
1,0,1,0,Anson,2022-04-06
0,0,0,0,Anson,2022-04-07
0,0,0,0,Anson,2022-04-08
0,0,0,0,Anson,2022-04-09
0,0,0,0,Anson,2022-04-10
0,0,0,0,Anson,2022-04-11
0,0,0,0,Anson,2022-04-12
0,0,0,0,Anson,2022-04-13
2,1,1,0,Anson,2022-04-14
0,0,0,0,Anson,2022-04-15
0,0,0,0,Anson,2022-04-16
0,0,0,0,Anson,2022-04-17
0,0,0,0,Anson,2022-04-18
0,0,0,0,Anson,2022-04-19
2,0,2,0,Anson,2022-04-20
0,0,0,0,Anson,2022-04-21
0,0,0,0,Anson,2022-04-22
0,0,0,0,Anson,2022-04-23
8,2,6,0,Ashe,2021-10-26
3,2,1,0,Ashe,2021-10-27
2,0,2,0,Ashe,2021-10-28
0,0,0,0,Ashe,2021-10-29
2,0,2,0,Ashe,2021-10-30
1,0,1,0,Ashe,2021-10-31
7,0,7,0,Ashe,2021-11-01
1,0,1,0,Ashe,2021-11-02
12,3,9,0,Ashe,2021-11-03
5,1,4,0,Ashe,2021-11-04
5,2,3,0,Ashe,2021-11-05
6,4,2,0,Ashe,2021-11-06
3,0,3,0,Ashe,2021-11-07
6,3,3,0,Ashe,2021-11-09
6,1,5,0,Ashe,2021-11-10
2,0,2,0,Ashe,2021-11-11
6,2,4,0,Ashe,2021-11-16
10,4,6,0,Ashe,2021-11-18
7,3,4,0,Ashe,2021-11-19
1,0,1,0,Ashe,2021-11-20
21,8,13,0,Ashe,2021-11-22
7,1,6,0,Ashe,2021-11-23
5,1,4,0,Ashe,2021-11-24
1,1,0,0,Ashe,2021-11-25
5,3,2,0,Ashe,2021-11-27
7,2,5,0,Ashe,2021-11-28
24,9,15,0,Ashe,2021-11-29
20,3,17,0,Ashe,2021-11-30
14,2,12,0,Ashe,2021-12-02
10,3,7,0,Ashe,2021-12-05
32,8,24,0,Ashe,2021-12-06
15,7,8,0,Ashe,2021-12-07
26,9,17,0,Ashe,2021-12-08
19,5,14,0,Ashe,2021-12-09
23,13,10,0,Ashe,2021-12-10
11,1,10,0,Ashe,2021-12-11
3,1,2,0,Ashe,2021-12-12
18,4,14,0,Ashe,2021-12-14
14,4,10,0,Ashe,2021-12-15
15,7,8,0,Ashe,2021-12-17
8,2,6,0,Ashe,2021-12-18
4,0,4,0,Ashe,2021-12-19
24,9,15,0,Ashe,2021-12-20
16,7,9,0,Ashe,2021-12-21
14,3,11,0,Ashe,2021-12-22
6,0,6,0,Ashe,2021-12-23
9,3,6,0,Ashe,2021-12-24
3,1,2,0,Ashe,2021-12-25
12,7,5,0,Ashe,2021-12-26
19,9,10,0,Ashe,2021-12-27
48,10,38,0,Ashe,2021-12-28
48,10,38,0,Ashe,2021-12-29
37,12,25,0,Ashe,2021-12-30
19,12,7,0,Ashe,2021-12-31
22,16,6,0,Ashe,2022-01-02
28,9,19,0,Ashe,2022-01-03
71,15,56,0,Ashe,2022-01-04
55,11,44,0,Ashe,2022-01-05
29,10,19,0,Ashe,2022-01-07
19,11,8,0,Ashe,2022-01-08
10,5,5,0,Ashe,2022-01-09
95,27,68,0,Ashe,2022-01-10
68,30,38,0,Ashe,2022-01-13
20,10,10,0,Ashe,2022-01-15
8,5,3,0,Ashe,2022-01-16
17,11,6,0,Ashe,2022-01-17
53,20,33,0,Ashe,2022-01-18
16,10,6,0,Ashe,2022-01-23
95,30,65,0,Ashe,2022-01-24
44,7,37,0,Ashe,2022-01-26
39,18,21,0,Ashe,2022-01-27
33,10,23,0,Ashe,2022-01-28
5,2,3,0,Ashe,2022-01-29
13,9,4,0,Ashe,2022-01-30
39,12,27,0,Ashe,2022-02-01
45,19,26,0,Ashe,2022-02-02
53,29,24,0,Ashe,2022-02-03
43,24,19,0,Ashe,2022-02-04
13,9,4,0,Ashe,2022-02-05
10,7,3,0,Ashe,2022-02-06
45,27,18,0,Ashe,2022-02-07
43,23,20,0,Ashe,2022-02-08
31,13,18,0,Ashe,2022-02-09
22,9,13,0,Ashe,2022-02-10
25,8,17,0,Ashe,2022-02-11
17,14,3,0,Ashe,2022-02-12
2,1,1,0,Ashe,2022-02-13
25,12,13,0,Ashe,2022-02-14
29,17,12,0,Ashe,2022-02-15
14,8,6,0,Ashe,2022-02-17
19,7,12,0,Ashe,2022-02-18
7,6,1,0,Ashe,2022-02-19
5,5,0,0,Ashe,2022-02-20
31,12,19,0,Ashe,2022-02-21
15,9,6,0,Ashe,2022-02-22
15,9,6,0,Ashe,2022-02-23
26,16,10,0,Ashe,2022-02-25
4,3,1,0,Ashe,2022-02-27
13,5,8,0,Ashe,2022-02-28
10,3,7,0,Ashe,2022-03-01
2,2,0,0,Ashe,2022-03-02
4,3,1,0,Ashe,2022-03-03
0,0,0,0,Ashe,2022-03-05
1,0,1,0,Ashe,2022-03-06
5,3,2,0,Ashe,2022-03-07
4,3,1,0,Ashe,2022-03-08
4,1,3,0,Ashe,2022-03-09
3,1,2,0,Ashe,2022-03-10
2,0,2,0,Ashe,2022-03-11
1,1,0,0,Ashe,2022-03-12
0,0,0,0,Ashe,2022-03-13
6,1,5,0,Ashe,2022-03-14
0,0,0,0,Ashe,2022-03-15
0,0,0,0,Ashe,2022-03-16
0,0,0,0,Ashe,2022-03-17
1,0,1,0,Ashe,2022-03-18
1,0,1,0,Ashe,2022-03-19
0,0,0,0,Ashe,2022-03-20
0,0,0,0,Ashe,2022-03-22
0,0,0,0,Ashe,2022-03-23
0,0,0,0,Ashe,2022-03-24
0,0,0,0,Ashe,2022-03-25
0,0,0,0,Ashe,2022-03-26
0,0,0,0,Ashe,2022-03-27
2,0,2,0,Ashe,2022-03-28
0,0,0,0,Ashe,2022-03-29
1,1,0,0,Ashe,2022-03-30
0,0,0,0,Ashe,2022-03-31
2,0,2,0,Ashe,2022-04-01
0,0,0,0,Ashe,2022-04-02
0,0,0,0,Ashe,2022-04-03
1,0,1,0,Ashe,2022-04-04
3,2,1,0,Ashe,2022-04-05
2,2,0,0,Ashe,2022-04-06
0,0,0,0,Ashe,2022-04-07
1,0,1,0,Ashe,2022-04-08
0,0,0,0,Ashe,2022-04-09
1,1,0,0,Ashe,2022-04-10
0,0,0,0,Ashe,2022-04-11
2,0,2,0,Ashe,2022-04-12
0,0,0,0,Ashe,2022-04-13
2,2,0,0,Ashe,2022-04-14
0,0,0,0,Ashe,2022-04-15
0,0,0,0,Ashe,2022-04-16
0,0,0,0,Ashe,2022-04-17
2,1,1,0,Ashe,2022-04-18
0,0,0,0,Ashe,2022-04-19
5,0,5,0,Ashe,2022-04-20
2,0,2,0,Ashe,2022-04-21
0,0,0,0,Ashe,2022-04-22
0,0,0,0,Ashe,2022-04-23
2,1,1,0,Avery,2021-10-27
5,0,5,0,Avery,2021-10-28
3,2,1,0,Avery,2021-10-29
1,0,1,0,Avery,2021-10-31
3,1,2,0,Avery,2021-11-03
5,3,2,0,Avery,2021-11-04
11,0,11,0,Avery,2021-11-05
0,0,0,0,Avery,2021-11-06
1,0,1,0,Avery,2021-11-07
12,8,4,0,Avery,2021-11-08
1,1,0,0,Avery,2021-11-09
5,2,3,0,Avery,2021-11-10
2,1,1,0,Avery,2021-11-11
7,1,6,0,Avery,2021-11-12
1,0,1,0,Avery,2021-11-13
0,0,0,0,Avery,2021-11-14
9,0,9,0,Avery,2021-11-15
2,1,1,0,Avery,2021-11-16
4,1,3,0,Avery,2021-11-17
2,0,2,0,Avery,2021-11-18
4,2,2,0,Avery,2021-11-19
1,0,1,0,Avery,2021-11-20
1,0,1,0,Avery,2021-11-21
1,1,0,0,Avery,2021-11-23
1,0,1,0,Avery,2021-11-24
1,0,1,0,Avery,2021-11-25
5,1,4,0,Avery,2021-11-26
4,1,3,0,Avery,2021-11-27
5,3,2,0,Avery,2021-11-28
8,5,3,0,Avery,2021-11-29
5,1,4,0,Avery,2021-11-30
5,3,2,0,Avery,2021-12-01
4,2,2,0,Avery,2021-12-02
8,0,8,0,Avery,2021-12-03
9,1,8,0,Avery,2021-12-04
3,1,2,0,Avery,2021-12-05
14,6,8,0,Avery,2021-12-06
8,6,2,0,Avery,2021-12-07
8,6,2,0,Avery,2021-12-08
13,5,8,0,Avery,2021-12-09
11,5,6,0,Avery,2021-12-10
1,0,1,0,Avery,2021-12-11
3,1,2,0,Avery,2021-12-12
10,4,6,0,Avery,2021-12-13
6,4,2,0,Avery,2021-12-14
15,6,9,0,Avery,2021-12-15
14,10,4,0,Avery,2021-12-16
10,8,2,0,Avery,2021-12-17
20,7,13,0,Avery,2021-12-18
8,5,3,0,Avery,2021-12-19
29,12,17,0,Avery,2021-12-20
18,6,12,0,Avery,2021-12-21
12,12,0,0,Avery,2021-12-22
17,6,11,0,Avery,2021-12-23
6,3,3,0,Avery,2021-12-24
0,0,0,0,Avery,2021-12-25
7,3,4,0,Avery,2021-12-26
36,20,16,0,Avery,2021-12-27
42,22,20,0,Avery,2021-12-28
26,13,13,0,Avery,2021-12-29
25,7,18,0,Avery,2021-12-30
10,5,5,0,Avery,2021-12-31
5,1,4,0,Avery,2022-01-01
8,0,8,0,Avery,2022-01-02
14,1,13,0,Avery,2022-01-03
39,3,36,0,Avery,2022-01-04
42,6,36,0,Avery,2022-01-05
27,4,23,0,Avery,2022-01-06
18,4,14,0,Avery,2022-01-07
11,5,6,0,Avery,2022-01-09
73,13,60,0,Avery,2022-01-10
34,3,31,0,Avery,2022-01-11
44,5,39,0,Avery,2022-01-12
38,6,32,0,Avery,2022-01-13
46,1,45,0,Avery,2022-01-14
18,0,18,0,Avery,2022-01-15
0,0,0,0,Avery,2022-01-16
5,1,4,0,Avery,2022-01-17
23,5,18,0,Avery,2022-01-18
36,5,31,0,Avery,2022-01-20
29,5,24,0,Avery,2022-01-21
12,1,11,0,Avery,2022-01-22
16,5,11,0,Avery,2022-01-23
20,4,16,0,Avery,2022-01-25
28,4,24,0,Avery,2022-01-26
35,3,32,0,Avery,2022-01-27
17,0,17,0,Avery,2022-01-28
4,1,3,0,Avery,2022-01-29
44,14,30,0,Avery,2022-01-31
24,6,18,0,Avery,2022-02-01
22,3,19,0,Avery,2022-02-03
14,1,13,0,Avery,2022-02-04
14,2,12,0,Avery,2022-02-05
30,7,23,0,Avery,2022-02-07
18,4,14,0,Avery,2022-02-08
17,2,15,0,Avery,2022-02-09
15,5,10,0,Avery,2022-02-10
8,2,6,0,Avery,2022-02-11
12,5,7,0,Avery,2022-02-12
9,4,5,0,Avery,2022-02-13
25,10,15,0,Avery,2022-02-14
22,14,8,0,Avery,2022-02-15
17,7,10,0,Avery,2022-02-16
13,8,5,0,Avery,2022-02-17
16,4,12,0,Avery,2022-02-18
7,2,5,0,Avery,2022-02-19
16,2,14,0,Avery,2022-02-21
12,6,6,0,Avery,2022-02-22
18,6,12,0,Avery,2022-02-23
5,2,3,0,Avery,2022-02-24
5,2,3,0,Avery,2022-02-25
0,0,0,0,Avery,2022-02-26
2,1,1,0,Avery,2022-02-27
7,4,3,0,Avery,2022-02-28
5,1,4,0,Avery,2022-03-01
2,0,2,0,Avery,2022-03-02
6,0,6,0,Avery,2022-03-03
0,0,0,0,Avery,2022-03-05
2,2,0,0,Avery,2022-03-06
5,4,1,0,Avery,2022-03-07
3,2,1,0,Avery,2022-03-08
2,2,0,0,Avery,2022-03-09
1,0,1,0,Avery,2022-03-11
1,0,1,0,Avery,2022-03-12
1,0,1,0,Avery,2022-03-13
1,1,0,0,Avery,2022-03-14
3,3,0,0,Avery,2022-03-15
1,1,0,0,Avery,2022-03-16
10,9,1,0,Avery,2022-03-17
1,1,0,0,Avery,2022-03-18
6,4,2,0,Avery,2022-03-19
0,0,0,0,Avery,2022-03-20
2,1,1,0,Avery,2022-03-21
2,1,1,0,Avery,2022-03-23
0,0,0,0,Avery,2022-03-24
1,0,1,0,Avery,2022-03-25
1,0,1,0,Avery,2022-03-26
1,0,1,0,Avery,2022-03-27
0,0,0,0,Avery,2022-03-28
0,0,0,0,Avery,2022-03-29
2,1,1,0,Avery,2022-03-30
4,2,2,0,Avery,2022-03-31
3,2,1,0,Avery,2022-04-01
0,0,0,0,Avery,2022-04-02
0,0,0,0,Avery,2022-04-03
0,0,0,0,Avery,2022-04-04
0,0,0,0,Avery,2022-04-05
0,0,0,0,Avery,2022-04-06
0,0,0,0,Avery,2022-04-07
0,0,0,0,Avery,2022-04-08
1,0,1,0,Avery,2022-04-09
1,1,0,0,Avery,2022-04-10
1,1,0,0,Avery,2022-04-11
4,4,0,0,Avery,2022-04-12
2,0,2,0,Avery,2022-04-13
0,0,0,0,Avery,2022-04-14
1,1,0,0,Avery,2022-04-15
1,0,1,0,Avery,2022-04-16
2,0,2,0,Avery,2022-04-17
2,1,1,0,Avery,2022-04-18
4,1,3,0,Avery,2022-04-19
1,1,0,0,Avery,2022-04-20
5,3,2,0,Avery,2022-04-21
2,1,1,0,Avery,2022-04-22
0,0,0,0,Avery,2022-04-23
11,3,8,0,Beaufort,2021-10-26
13,1,12,0,Beaufort,2021-10-27
3,1,2,0,Beaufort,2021-10-30
13,2,11,0,Beaufort,2021-11-01
9,1,8,0,Beaufort,2021-11-03
7,1,6,0,Beaufort,2021-11-04
4,0,4,0,Beaufort,2021-11-05
4,0,4,0,Beaufort,2021-11-07
17,1,16,0,Beaufort,2021-11-08
7,1,6,0,Beaufort,2021-11-09
3,1,2,0,Beaufort,2021-11-10
5,0,5,0,Beaufort,2021-11-12
1,1,0,0,Beaufort,2021-11-13
2,0,2,0,Beaufort,2021-11-14
6,0,6,0,Beaufort,2021-11-15
11,4,7,0,Beaufort,2021-11-16
7,1,6,0,Beaufort,2021-11-17
6,1,5,0,Beaufort,2021-11-18
2,1,1,0,Beaufort,2021-11-19
3,0,3,0,Beaufort,2021-11-20
5,0,5,0,Beaufort,2021-11-21
15,3,12,0,Beaufort,2021-11-22
6,2,4,0,Beaufort,2021-11-23
3,2,1,0,Beaufort,2021-11-24
0,0,0,0,Beaufort,2021-11-25
10,0,10,0,Beaufort,2021-11-26
4,0,4,0,Beaufort,2021-11-27
6,1,5,0,Beaufort,2021-11-28
25,4,21,0,Beaufort,2021-11-29
14,3,11,0,Beaufort,2021-11-30
17,6,11,0,Beaufort,2021-12-01
14,3,11,0,Beaufort,2021-12-02
6,2,4,0,Beaufort,2021-12-04
7,0,7,0,Beaufort,2021-12-05
25,6,19,0,Beaufort,2021-12-06
17,1,16,0,Beaufort,2021-12-07
18,1,17,0,Beaufort,2021-12-10
4,0,4,0,Beaufort,2021-12-12
11,0,11,0,Beaufort,2021-12-16
5,0,5,0,Beaufort,2021-12-19
20,2,18,0,Beaufort,2021-12-20
19,3,16,0,Beaufort,2021-12-21
18,0,18,0,Beaufort,2021-12-23
3,0,3,0,Beaufort,2021-12-24
2,0,2,0,Beaufort,2021-12-25
16,0,16,0,Beaufort,2021-12-26
57,12,45,0,Beaufort,2021-12-27
49,6,43,0,Beaufort,2021-12-28
71,14,57,0,Beaufort,2021-12-29
66,6,60,0,Beaufort,2021-12-30
46,1,45,0,Beaufort,2021-12-31
17,1,16,0,Beaufort,2022-01-01
37,0,37,0,Beaufort,2022-01-02
141,18,123,0,Beaufort,2022-01-03
112,20,92,0,Beaufort,2022-01-04
138,21,117,0,Beaufort,2022-01-07
58,14,44,0,Beaufort,2022-01-08
275,31,244,0,Beaufort,2022-01-10
227,26,201,0,Beaufort,2022-01-11
203,28,175,0,Beaufort,2022-01-13
42,1,41,0,Beaufort,2022-01-16
20,5,15,0,Beaufort,2022-01-21
8,0,8,0,Beaufort,2022-01-22
31,0,31,0,Beaufort,2022-01-23
189,19,170,0,Beaufort,2022-01-24
121,23,98,0,Beaufort,2022-01-26
82,14,68,0,Beaufort,2022-01-27
62,9,53,0,Beaufort,2022-01-28
19,2,17,0,Beaufort,2022-01-29
99,13,86,0,Beaufort,2022-01-31
56,8,48,0,Beaufort,2022-02-01
42,4,38,0,Beaufort,2022-02-03
52,14,38,0,Beaufort,2022-02-07
45,11,34,0,Beaufort,2022-02-09
25,10,15,0,Beaufort,2022-02-11
7,1,6,0,Beaufort,2022-02-12
47,6,41,0,Beaufort,2022-02-14
27,4,23,0,Beaufort,2022-02-15
27,1,26,0,Beaufort,2022-02-17
18,5,13,0,Beaufort,2022-02-18
5,1,4,0,Beaufort,2022-02-20
38,6,32,0,Beaufort,2022-02-21
20,3,17,0,Beaufort,2022-02-22
7,0,7,0,Beaufort,2022-02-28
6,0,6,0,Beaufort,2022-03-01
5,1,4,0,Beaufort,2022-03-02
3,1,2,0,Beaufort,2022-03-03
2,0,2,0,Beaufort,2022-03-04
2,0,2,0,Beaufort,2022-03-05
1,0,1,0,Beaufort,2022-03-06
3,0,3,0,Beaufort,2022-03-08
2,0,2,0,Beaufort,2022-03-09
2,0,2,0,Beaufort,2022-03-10
0,0,0,0,Beaufort,2022-03-11
2,1,1,0,Beaufort,2022-03-12
0,0,0,0,Beaufort,2022-03-13
3,1,2,0,Beaufort,2022-03-14
1,0,1,0,Beaufort,2022-03-15
2,0,2,0,Beaufort,2022-03-16
0,0,0,0,Beaufort,2022-03-17
0,0,0,0,Beaufort,2022-03-18
1,0,1,0,Beaufort,2022-03-19
1,0,1,0,Beaufort,2022-03-20
2,0,2,0,Beaufort,2022-03-21
1,0,1,0,Beaufort,2022-03-23
0,0,0,0,Beaufort,2022-03-24
1,0,1,0,Beaufort,2022-03-25
0,0,0,0,Beaufort,2022-03-26
0,0,0,0,Beaufort,2022-03-27
0,0,0,0,Beaufort,2022-03-29
1,1,0,0,Beaufort,2022-03-30
0,0,0,0,Beaufort,2022-04-01
0,0,0,0,Beaufort,2022-04-02
0,0,0,0,Beaufort,2022-04-03
1,0,1,0,Beaufort,2022-04-04
0,0,0,0,Beaufort,2022-04-05
2,0,2,0,Beaufort,2022-04-06
1,0,1,0,Beaufort,2022-04-07
1,1,0,0,Beaufort,2022-04-09
0,0,0,0,Beaufort,2022-04-10
4,0,4,0,Beaufort,2022-04-12
3,0,3,0,Beaufort,2022-04-14
1,0,1,0,Beaufort,2022-04-15
0,0,0,0,Beaufort,2022-04-16
0,0,0,0,Beaufort,2022-04-17
6,0,6,0,Beaufort,2022-04-18
3,2,1,0,Beaufort,2022-04-19
0,0,0,0,Beaufort,2022-04-20
5,0,5,0,Beaufort,2022-04-22
5,1,4,0,Beaufort,2022-04-23
1,0,1,0,Bertie,2021-10-26
3,0,3,0,Bertie,2021-10-27
2,0,2,0,Bertie,2021-10-28
2,0,2,0,Bertie,2021-10-29
0,0,0,0,Bertie,2021-10-30
3,0,3,0,Bertie,2021-10-31
6,0,6,0,Bertie,2021-11-01
2,1,1,0,Bertie,2021-11-02
6,0,6,0,Bertie,2021-11-03
1,0,1,0,Bertie,2021-11-04
2,0,2,0,Bertie,2021-11-05
0,0,0,0,Bertie,2021-11-06
0,0,0,0,Bertie,2021-11-07
3,0,3,0,Bertie,2021-11-09
3,0,3,0,Bertie,2021-11-10
2,0,2,0,Bertie,2021-11-12
0,0,0,0,Bertie,2021-11-13
1,0,1,0,Bertie,2021-11-14
5,0,5,0,Bertie,2021-11-16
0,0,0,0,Bertie,2021-11-17
5,1,4,0,Bertie,2021-11-18
2,0,2,0,Bertie,2021-11-19
1,0,1,0,Bertie,2021-11-20
1,0,1,0,Bertie,2021-11-21
0,0,0,0,Bertie,2021-11-22
1,0,1,0,Bertie,2021-11-23
3,0,3,0,Bertie,2021-11-24
0,0,0,0,Bertie,2021-11-25
4,0,4,0,Bertie,2021-11-26
3,0,3,0,Bertie,2021-11-27
1,0,1,0,Bertie,2021-11-28
8,0,8,0,Bertie,2021-11-29
4,0,4,0,Bertie,2021-11-30
4,0,4,0,Bertie,2021-12-01
5,0,5,0,Bertie,2021-12-02
6,0,6,0,Bertie,2021-12-03
2,0,2,0,Bertie,2021-12-04
0,0,0,0,Bertie,2021-12-05
1,0,1,0,Bertie,2021-12-06
3,0,3,0,Bertie,2021-12-07
3,0,3,0,Bertie,2021-12-10
1,0,1,0,Bertie,2021-12-11
2,0,2,0,Bertie,2021-12-12
4,0,4,0,Bertie,2021-12-13
3,0,3,0,Bertie,2021-12-14
5,1,4,0,Bertie,2021-12-15
7,0,7,0,Bertie,2021-12-16
4,0,4,0,Bertie,2021-12-17
1,0,1,0,Bertie,2021-12-18
0,0,0,0,Bertie,2021-12-19
10,2,8,0,Bertie,2021-12-20
14,1,13,0,Bertie,2021-12-21
7,0,7,0,Bertie,2021-12-22
5,1,4,0,Bertie,2021-12-23
5,0,5,0,Bertie,2021-12-24
2,0,2,0,Bertie,2021-12-25
6,0,6,0,Bertie,2021-12-26
27,1,26,0,Bertie,2021-12-27
38,5,33,0,Bertie,2021-12-28
56,10,46,0,Bertie,2021-12-29
39,3,36,0,Bertie,2021-12-30
52,0,52,0,Bertie,2021-12-31
18,0,18,0,Bertie,2022-01-01
15,0,15,0,Bertie,2022-01-02
78,3,75,0,Bertie,2022-01-03
81,12,69,0,Bertie,2022-01-04
55,3,52,0,Bertie,2022-01-05
9,0,9,0,Bertie,2022-01-09
84,11,73,0,Bertie,2022-01-11
99,44,55,0,Bertie,2022-01-12
119,48,71,0,Bertie,2022-01-13
9,0,9,0,Bertie,2022-01-16
35,7,28,0,Bertie,2022-01-17
82,5,77,0,Bertie,2022-01-18
5,0,5,0,Bertie,2022-01-22
45,0,45,0,Bertie,2022-01-24
30,1,29,0,Bertie,2022-01-25
26,3,23,0,Bertie,2022-01-27
6,0,6,0,Bertie,2022-01-30
18,2,16,0,Bertie,2022-02-01
10,0,10,0,Bertie,2022-02-03
10,0,10,0,Bertie,2022-02-04
2,0,2,0,Bertie,2022-02-05
11,0,11,0,Bertie,2022-02-07
4,0,4,0,Bertie,2022-02-08
10,1,9,0,Bertie,2022-02-09
12,2,10,0,Bertie,2022-02-10
3,1,2,0,Bertie,2022-02-11
2,0,2,0,Bertie,2022-02-12
2,1,1,0,Bertie,2022-02-13
4,1,3,0,Bertie,2022-02-14
0,0,0,0,Bertie,2022-02-15
3,0,3,0,Bertie,2022-02-16
2,1,1,0,Bertie,2022-02-17
1,0,1,0,Bertie,2022-02-18
0,0,0,0,Bertie,2022-02-19
1,0,1,0,Bertie,2022-02-20
1,1,0,0,Bertie,2022-02-21
1,0,1,0,Bertie,2022-02-22
0,0,0,0,Bertie,2022-02-23
0,0,0,0,Bertie,2022-02-24
6,0,6,0,Bertie,2022-02-25
0,0,0,0,Bertie,2022-02-26
0,0,0,0,Bertie,2022-02-27
2,0,2,0,Bertie,2022-02-28
0,0,0,0,Bertie,2022-03-01
2,1,1,0,Bertie,2022-03-02
1,0,1,0,Bertie,2022-03-03
2,0,2,0,Bertie,2022-03-04
1,0,1,0,Bertie,2022-03-05
1,0,1,0,Bertie,2022-03-07
0,0,0,0,Bertie,2022-03-08
0,0,0,0,Bertie,2022-03-09
1,0,1,0,Bertie,2022-03-10
1,0,1,0,Bertie,2022-03-11
0,0,0,0,Bertie,2022-03-12
0,0,0,0,Bertie,2022-03-13
0,0,0,0,Bertie,2022-03-14
1,0,1,0,Bertie,2022-03-15
0,0,0,0,Bertie,2022-03-16
0,0,0,0,Bertie,2022-03-17
0,0,0,0,Bertie,2022-03-18
0,0,0,0,Bertie,2022-03-19
0,0,0,0,Bertie,2022-03-20
0,0,0,0,Bertie,2022-03-21
0,0,0,0,Bertie,2022-03-22
0,0,0,0,Bertie,2022-03-23
2,0,2,0,Bertie,2022-03-24
0,0,0,0,Bertie,2022-03-25
0,0,0,0,Bertie,2022-03-26
1,0,1,0,Bertie,2022-03-27
2,0,2,0,Bertie,2022-03-28
0,0,0,0,Bertie,2022-03-29
0,0,0,0,Bertie,2022-03-30
0,0,0,0,Bertie,2022-03-31
0,0,0,0,Bertie,2022-04-01
0,0,0,0,Bertie,2022-04-02
0,0,0,0,Bertie,2022-04-03
0,0,0,0,Bertie,2022-04-04
0,0,0,0,Bertie,2022-04-05
0,0,0,0,Bertie,2022-04-06
0,0,0,0,Bertie,2022-04-07
2,0,2,0,Bertie,2022-04-08
0,0,0,0,Bertie,2022-04-09
1,0,1,0,Bertie,2022-04-10
1,1,0,0,Bertie,2022-04-12
1,0,1,0,Bertie,2022-04-13
1,0,1,0,Bertie,2022-04-14
0,0,0,0,Bertie,2022-04-15
0,0,0,0,Bertie,2022-04-16
0,0,0,0,Bertie,2022-04-17
3,0,3,0,Bertie,2022-04-18
0,0,0,0,Bertie,2022-04-19
0,0,0,0,Bertie,2022-04-20
1,0,1,0,Bertie,2022-04-21
0,0,0,0,Bertie,2022-04-22
0,0,0,0,Bertie,2022-04-23
6,2,4,0,Bladen,2021-10-26
10,4,6,0,Bladen,2021-10-27
5,2,3,0,Bladen,2021-10-28
3,2,1,0,Bladen,2021-10-29
1,1,0,0,Bladen,2021-10-30
1,0,1,0,Bladen,2021-10-31
3,2,1,0,Bladen,2021-11-01
0,0,0,0,Bladen,2021-11-02
1,1,0,0,Bladen,2021-11-03
0,0,0,0,Bladen,2021-11-04
3,1,2,0,Bladen,2021-11-05
1,0,1,0,Bladen,2021-11-06
4,1,3,0,Bladen,2021-11-07
9,0,9,0,Bladen,2021-11-08
5,1,4,0,Bladen,2021-11-09
3,0,3,0,Bladen,2021-11-10
1,0,1,0,Bladen,2021-11-11
2,0,2,0,Bladen,2021-11-12
1,1,0,0,Bladen,2021-11-13
0,0,0,0,Bladen,2021-11-14
5,3,2,0,Bladen,2021-11-15
10,1,9,0,Bladen,2021-11-16
7,2,5,0,Bladen,2021-11-17
12,1,11,0,Bladen,2021-11-18
6,0,6,0,Bladen,2021-11-19
1,0,1,0,Bladen,2021-11-20
7,1,6,0,Bladen,2021-11-21
15,2,13,0,Bladen,2021-11-22
8,2,6,0,Bladen,2021-11-23
2,2,0,0,Bladen,2021-11-24
2,0,2,0,Bladen,2021-11-25
8,2,6,0,Bladen,2021-11-26
3,1,2,0,Bladen,2021-11-27
5,0,5,0,Bladen,2021-11-28
20,1,19,0,Bladen,2021-11-29
7,4,3,0,Bladen,2021-11-30
11,2,9,0,Bladen,2021-12-02
7,1,6,0,Bladen,2021-12-03
3,0,3,0,Bladen,2021-12-04
2,0,2,0,Bladen,2021-12-05
8,2,6,0,Bladen,2021-12-07
6,3,3,0,Bladen,2021-12-08
9,3,6,0,Bladen,2021-12-09
5,1,4,0,Bladen,2021-12-10
2,1,1,0,Bladen,2021-12-11
5,0,5,0,Bladen,2021-12-12
15,4,11,0,Bladen,2021-12-13
14,1,13,0,Bladen,2021-12-15
8,1,7,0,Bladen,2021-12-16
8,2,6,0,Bladen,2021-12-17
8,2,6,0,Bladen,2021-12-18
5,0,5,0,Bladen,2021-12-19
11,2,9,0,Bladen,2021-12-20
16,2,14,0,Bladen,2021-12-21
9,0,9,0,Bladen,2021-12-22
15,3,12,0,Bladen,2021-12-23
15,1,14,0,Bladen,2021-12-24
33,3,30,0,Bladen,2021-12-27
57,5,52,0,Bladen,2021-12-28
68,3,65,0,Bladen,2021-12-29
86,11,75,0,Bladen,2021-12-30
33,5,28,0,Bladen,2021-12-31
35,2,33,0,Bladen,2022-01-02
100,9,91,0,Bladen,2022-01-03
146,21,125,0,Bladen,2022-01-04
105,14,91,0,Bladen,2022-01-05
121,16,105,0,Bladen,2022-01-06
93,14,79,0,Bladen,2022-01-07
38,3,35,0,Bladen,2022-01-09
221,38,183,0,Bladen,2022-01-10
158,28,130,0,Bladen,2022-01-11
157,32,125,0,Bladen,2022-01-12
166,33,133,0,Bladen,2022-01-13
47,14,33,0,Bladen,2022-01-15
158,33,125,0,Bladen,2022-01-20
25,7,18,0,Bladen,2022-01-21
15,3,12,0,Bladen,2022-01-22
28,4,24,0,Bladen,2022-01-23
62,7,55,0,Bladen,2022-01-27
17,5,12,0,Bladen,2022-01-29
17,6,11,0,Bladen,2022-01-30
67,15,52,0,Bladen,2022-01-31
50,14,36,0,Bladen,2022-02-01
22,6,16,0,Bladen,2022-02-02
10,1,9,0,Bladen,2022-02-06
11,3,8,0,Bladen,2022-02-08
15,2,13,0,Bladen,2022-02-09
4,0,4,0,Bladen,2022-02-12
4,1,3,0,Bladen,2022-02-13
10,1,9,0,Bladen,2022-02-14
5,0,5,0,Bladen,2022-02-15
11,1,10,0,Bladen,2022-02-16
9,3,6,0,Bladen,2022-02-18
7,1,6,0,Bladen,2022-02-19
7,2,5,0,Bladen,2022-02-20
12,4,8,0,Bladen,2022-02-21
9,2,7,0,Bladen,2022-02-22
10,1,9,0,Bladen,2022-02-23
12,0,12,0,Bladen,2022-02-24
3,0,3,0,Bladen,2022-02-25
0,0,0,0,Bladen,2022-02-26
0,0,0,0,Bladen,2022-02-27
4,0,4,0,Bladen,2022-02-28
2,0,2,0,Bladen,2022-03-01
2,0,2,0,Bladen,2022-03-02
2,0,2,0,Bladen,2022-03-03
5,0,5,0,Bladen,2022-03-04
0,0,0,0,Bladen,2022-03-05
1,0,1,0,Bladen,2022-03-06
2,0,2,0,Bladen,2022-03-07
2,0,2,0,Bladen,2022-03-09
3,0,3,0,Bladen,2022-03-10
0,0,0,0,Bladen,2022-03-11
4,1,3,0,Bladen,2022-03-12
2,0,2,0,Bladen,2022-03-13
3,0,3,0,Bladen,2022-03-14
0,0,0,0,Bladen,2022-03-15
0,0,0,0,Bladen,2022-03-16
1,1,0,0,Bladen,2022-03-17
1,0,1,0,Bladen,2022-03-18
0,0,0,0,Bladen,2022-03-19
0,0,0,0,Bladen,2022-03-20
0,0,0,0,Bladen,2022-03-21
0,0,0,0,Bladen,2022-03-22
0,0,0,0,Bladen,2022-03-23
0,0,0,0,Bladen,2022-03-24
1,1,0,0,Bladen,2022-03-25
1,0,1,0,Bladen,2022-03-26
0,0,0,0,Bladen,2022-03-27
0,0,0,0,Bladen,2022-03-28
2,2,0,0,Bladen,2022-03-29
0,0,0,0,Bladen,2022-03-30
1,0,1,0,Bladen,2022-03-31
2,0,2,0,Bladen,2022-04-01
0,0,0,0,Bladen,2022-04-02
0,0,0,0,Bladen,2022-04-03
4,2,2,0,Bladen,2022-04-04
1,0,1,0,Bladen,2022-04-05
0,0,0,0,Bladen,2022-04-06
0,0,0,0,Bladen,2022-04-07
0,0,0,0,Bladen,2022-04-08
0,0,0,0,Bladen,2022-04-09
1,0,1,0,Bladen,2022-04-10
3,1,2,0,Bladen,2022-04-11
3,1,2,0,Bladen,2022-04-12
1,1,0,0,Bladen,2022-04-13
2,0,2,0,Bladen,2022-04-14
2,1,1,0,Bladen,2022-04-15
0,0,0,0,Bladen,2022-04-16
0,0,0,0,Bladen,2022-04-17
1,0,1,0,Bladen,2022-04-18
3,1,2,0,Bladen,2022-04-19
1,0,1,0,Bladen,2022-04-20
4,0,4,0,Bladen,2022-04-21
4,1,3,0,Bladen,2022-04-22
0,0,0,0,Bladen,2022-04-23
16,3,13,0,Brunswick,2021-10-27
23,5,18,0,Brunswick,2021-10-28
11,0,11,0,Brunswick,2021-10-30
13,1,12,0,Brunswick,2021-10-31
28,8,20,0,Brunswick,2021-11-01
20,2,18,0,Brunswick,2021-11-02
15,2,13,0,Brunswick,2021-11-04
15,2,13,0,Brunswick,2021-11-05
9,0,9,0,Brunswick,2021-11-06
27,6,21,0,Brunswick,2021-11-08
21,5,16,0,Brunswick,2021-11-09
21,2,19,0,Brunswick,2021-11-10
22,3,19,0,Brunswick,2021-11-11
19,1,18,0,Brunswick,2021-11-12
17,1,16,0,Brunswick,2021-11-13
7,2,5,0,Brunswick,2021-11-14
26,8,18,0,Brunswick,2021-11-15
26,2,24,0,Brunswick,2021-11-16
27,4,23,0,Brunswick,2021-11-17
21,5,16,0,Brunswick,2021-11-18
27,6,21,0,Brunswick,2021-11-19
17,1,16,0,Brunswick,2021-11-20
21,5,16,0,Brunswick,2021-11-22
25,6,19,0,Brunswick,2021-11-23
21,2,19,0,Brunswick,2021-11-24
23,1,22,0,Brunswick,2021-11-26
24,4,20,0,Brunswick,2021-11-27
25,3,22,0,Brunswick,2021-11-28
54,4,50,0,Brunswick,2021-11-30
48,5,43,0,Brunswick,2021-12-02
55,8,47,0,Brunswick,2021-12-03
25,2,23,0,Brunswick,2021-12-04
48,9,39,0,Brunswick,2021-12-07
48,12,36,0,Brunswick,2021-12-08
38,5,33,0,Brunswick,2021-12-10
25,2,23,0,Brunswick,2021-12-11
32,3,29,0,Brunswick,2021-12-12
45,10,35,0,Brunswick,2021-12-14
67,12,55,0,Brunswick,2021-12-16
59,7,52,0,Brunswick,2021-12-17
28,5,23,0,Brunswick,2021-12-19
63,11,52,0,Brunswick,2021-12-21
69,7,62,0,Brunswick,2021-12-22
74,14,60,0,Brunswick,2021-12-23
47,13,34,0,Brunswick,2021-12-24
21,3,18,0,Brunswick,2021-12-25
183,27,156,0,Brunswick,2021-12-27
205,31,174,0,Brunswick,2021-12-28
232,27,205,0,Brunswick,2021-12-29
143,21,122,0,Brunswick,2021-12-31
46,2,44,0,Brunswick,2022-01-01
131,20,111,0,Brunswick,2022-01-02
402,88,314,0,Brunswick,2022-01-05
333,42,291,0,Brunswick,2022-01-07
454,57,397,0,Brunswick,2022-01-10
397,50,347,0,Brunswick,2022-01-13
412,50,362,0,Brunswick,2022-01-14
159,18,141,0,Brunswick,2022-01-16
422,44,378,0,Brunswick,2022-01-17
167,27,140,0,Brunswick,2022-01-21
75,6,69,0,Brunswick,2022-01-22
243,58,185,0,Brunswick,2022-01-26
169,26,143,0,Brunswick,2022-01-28
167,24,143,0,Brunswick,2022-02-02
67,11,56,0,Brunswick,2022-02-06
132,26,106,0,Brunswick,2022-02-07
63,3,60,0,Brunswick,2022-02-11
64,7,57,0,Brunswick,2022-02-14
48,5,43,0,Brunswick,2022-02-16
42,6,36,0,Brunswick,2022-02-17
37,5,32,0,Brunswick,2022-02-18
15,3,12,0,Brunswick,2022-02-20
34,2,32,0,Brunswick,2022-02-22
36,8,28,0,Brunswick,2022-02-23
17,1,16,0,Brunswick,2022-02-26
15,3,12,0,Brunswick,2022-02-27
22,6,16,0,Brunswick,2022-02-28
7,0,7,0,Brunswick,2022-03-03
13,1,12,0,Brunswick,2022-03-04
6,1,5,0,Brunswick,2022-03-05
5,2,3,0,Brunswick,2022-03-08
11,2,9,0,Brunswick,2022-03-09
8,2,6,0,Brunswick,2022-03-11
3,0,3,0,Brunswick,2022-03-12
5,2,3,0,Brunswick,2022-03-13
4,1,3,0,Brunswick,2022-03-14
9,0,9,0,Brunswick,2022-03-15
5,0,5,0,Brunswick,2022-03-16
14,3,11,0,Brunswick,2022-03-17
2,1,1,0,Brunswick,2022-03-19
2,0,2,0,Brunswick,2022-03-20
6,1,5,0,Brunswick,2022-03-21
2,0,2,0,Brunswick,2022-03-22
7,3,4,0,Brunswick,2022-03-23
4,2,2,0,Brunswick,2022-03-24
4,2,2,0,Brunswick,2022-03-25
2,1,1,0,Brunswick,2022-03-26
2,0,2,0,Brunswick,2022-03-27
11,2,9,0,Brunswick,2022-03-28
11,0,11,0,Brunswick,2022-03-30
13,2,11,0,Brunswick,2022-03-31
6,0,6,0,Brunswick,2022-04-01
2,0,2,0,Brunswick,2022-04-02
1,0,1,0,Brunswick,2022-04-03
11,6,5,0,Brunswick,2022-04-04
14,4,10,0,Brunswick,2022-04-05
13,3,10,0,Brunswick,2022-04-06
19,2,17,0,Brunswick,2022-04-07
7,0,7,0,Brunswick,2022-04-09
2,1,1,0,Brunswick,2022-04-10
19,2,17,0,Brunswick,2022-04-11
17,3,14,0,Brunswick,2022-04-12
20,2,18,0,Brunswick,2022-04-13
16,1,15,0,Brunswick,2022-04-14
16,4,12,0,Brunswick,2022-04-16
3,0,3,0,Brunswick,2022-04-17
16,1,15,0,Brunswick,2022-04-18
15,1,14,0,Brunswick,2022-04-19
22,4,18,0,Brunswick,2022-04-20
20,4,16,0,Brunswick,2022-04-21
19,1,18,0,Brunswick,2022-04-22
14,3,11,0,Brunswick,2022-04-23
56,18,38,0,Buncombe,2021-11-01
59,24,35,0,Buncombe,2021-11-02
54,17,37,0,Buncombe,2021-11-04
54,19,35,0,Buncombe,2021-11-05
41,7,34,0,Buncombe,2021-11-06
55,20,35,0,Buncombe,2021-11-09
63,22,41,0,Buncombe,2021-11-10
63,17,46,0,Buncombe,2021-11-12
45,11,34,0,Buncombe,2021-11-13
21,8,13,0,Buncombe,2021-11-14
64,23,41,0,Buncombe,2021-11-16
52,18,34,0,Buncombe,2021-11-17
38,14,24,0,Buncombe,2021-11-20
63,23,40,0,Buncombe,2021-11-28
97,43,54,0,Buncombe,2021-11-29
111,51,60,0,Buncombe,2021-11-30
115,37,78,0,Buncombe,2021-12-01
67,28,39,0,Buncombe,2021-12-02
70,21,49,0,Buncombe,2021-12-03
49,18,31,0,Buncombe,2021-12-05
85,32,53,0,Buncombe,2021-12-06
59,25,34,0,Buncombe,2021-12-07
35,6,29,0,Buncombe,2021-12-11
35,11,24,0,Buncombe,2021-12-12
130,54,76,0,Buncombe,2021-12-15
110,43,67,0,Buncombe,2021-12-16
96,41,55,0,Buncombe,2021-12-17
58,24,34,0,Buncombe,2021-12-18
158,23,135,0,Buncombe,2021-12-21
166,29,137,0,Buncombe,2021-12-22
78,12,66,0,Buncombe,2021-12-24
134,24,110,0,Buncombe,2022-01-01
243,46,197,0,Buncombe,2022-01-02
754,222,532,0,Buncombe,2022-01-04
682,230,452,0,Buncombe,2022-01-05
275,40,235,0,Buncombe,2022-01-09
819,311,508,0,Buncombe,2022-01-11
254,35,219,0,Buncombe,2022-01-22
264,85,179,0,Buncombe,2022-02-02
240,82,158,0,Buncombe,2022-02-03
177,70,107,0,Buncombe,2022-02-09
108,41,67,0,Buncombe,2022-02-15
93,32,61,0,Buncombe,2022-02-21
77,37,40,0,Buncombe,2022-02-22
69,26,43,0,Buncombe,2022-02-23
70,19,51,0,Buncombe,2022-02-24
20,4,16,0,Buncombe,2022-02-26
18,4,14,0,Buncombe,2022-02-27
43,15,28,0,Buncombe,2022-03-01
38,8,30,0,Buncombe,2022-03-02
12,6,6,0,Buncombe,2022-03-05
11,5,6,0,Buncombe,2022-03-06
21,10,11,0,Buncombe,2022-03-08
22,3,19,0,Buncombe,2022-03-09
19,10,9,0,Buncombe,2022-03-10
17,7,10,0,Buncombe,2022-03-11
10,2,8,0,Buncombe,2022-03-12
9,4,5,0,Buncombe,2022-03-13
26,6,20,0,Buncombe,2022-03-14
15,5,10,0,Buncombe,2022-03-17
15,5,10,0,Buncombe,2022-03-18
8,2,6,0,Buncombe,2022-03-20
18,5,13,0,Buncombe,2022-03-22
21,7,14,0,Buncombe,2022-03-23
21,8,13,0,Buncombe,2022-03-24
9,4,5,0,Buncombe,2022-03-27
20,7,13,0,Buncombe,2022-03-28
25,13,12,0,Buncombe,2022-03-31
20,4,16,0,Buncombe,2022-04-01
9,2,7,0,Buncombe,2022-04-02
33,13,20,0,Buncombe,2022-04-04
22,7,15,0,Buncombe,2022-04-05
33,7,26,0,Buncombe,2022-04-08
13,5,8,0,Buncombe,2022-04-09
21,3,18,0,Buncombe,2022-04-10
41,12,29,0,Buncombe,2022-04-11
37,10,27,0,Buncombe,2022-04-12
41,17,24,0,Buncombe,2022-04-13
49,17,32,0,Buncombe,2022-04-14
37,9,28,0,Buncombe,2022-04-15
27,12,15,0,Buncombe,2022-04-16
23,7,16,0,Buncombe,2022-04-17
67,17,50,0,Buncombe,2022-04-18
62,28,34,0,Buncombe,2022-04-19
65,17,48,0,Buncombe,2022-04-20
70,29,41,0,Buncombe,2022-04-21
45,10,35,0,Buncombe,2022-04-22
22,10,12,0,Buncombe,2022-04-23
18,5,13,0,Burke,2021-10-26
19,3,16,0,Burke,2021-10-27
22,1,21,0,Burke,2021-10-29
14,1,13,0,Burke,2021-10-30
29,9,20,0,Burke,2021-11-01
11,1,10,0,Burke,2021-11-02
15,4,11,0,Burke,2021-11-03
10,3,7,0,Burke,2021-11-04
13,0,13,0,Burke,2021-11-05
10,3,7,0,Burke,2021-11-06
10,1,9,0,Burke,2021-11-07
14,6,8,0,Burke,2021-11-09
14,5,9,0,Burke,2021-11-12
9,2,7,0,Burke,2021-11-13
9,2,7,0,Burke,2021-11-14
21,6,15,0,Burke,2021-11-15
13,1,12,0,Burke,2021-11-17
10,2,8,0,Burke,2021-11-18
11,1,10,0,Burke,2021-11-19
15,4,11,0,Burke,2021-11-22
19,3,16,0,Burke,2021-11-23
17,3,14,0,Burke,2021-11-24
17,2,15,0,Burke,2021-11-26
11,3,8,0,Burke,2021-11-27
10,4,6,0,Burke,2021-11-28
29,5,24,0,Burke,2021-11-29
28,6,22,0,Burke,2021-11-30
15,4,11,0,Burke,2021-12-02
19,3,16,0,Burke,2021-12-03
19,10,9,0,Burke,2021-12-04
10,1,9,0,Burke,2021-12-05
46,11,35,0,Burke,2021-12-06
28,12,16,0,Burke,2021-12-07
27,9,18,0,Burke,2021-12-08
20,6,14,0,Burke,2021-12-10
11,3,8,0,Burke,2021-12-12
40,15,25,0,Burke,2021-12-13
33,6,27,0,Burke,2021-12-15
18,5,13,0,Burke,2021-12-16
29,6,23,0,Burke,2021-12-17
16,4,12,0,Burke,2021-12-19
39,8,31,0,Burke,2021-12-20
35,6,29,0,Burke,2021-12-21
38,9,29,0,Burke,2021-12-22
53,18,35,0,Burke,2021-12-23
27,5,22,0,Burke,2021-12-24
27,9,18,0,Burke,2021-12-26
130,39,91,0,Burke,2021-12-30
96,28,68,0,Burke,2021-12-31
58,12,46,0,Burke,2022-01-01
252,65,187,0,Burke,2022-01-06
203,54,149,0,Burke,2022-01-07
98,37,61,0,Burke,2022-01-09
375,127,248,0,Burke,2022-01-12
25,10,15,0,Burke,2022-01-16
77,13,64,0,Burke,2022-01-17
233,71,162,0,Burke,2022-01-18
250,90,160,0,Burke,2022-01-20
192,54,138,0,Burke,2022-01-21
188,43,145,0,Burke,2022-01-27
54,32,22,0,Burke,2022-01-29
87,25,62,0,Burke,2022-02-04
36,6,30,0,Burke,2022-02-06
25,4,21,0,Burke,2022-02-13
77,33,44,0,Burke,2022-02-14
58,16,42,0,Burke,2022-02-15
20,3,17,0,Burke,2022-02-18
8,0,8,0,Burke,2022-02-20
26,11,15,0,Burke,2022-02-22
17,3,14,0,Burke,2022-02-24
3,0,3,0,Burke,2022-02-27
5,0,5,0,Burke,2022-03-01
17,4,13,0,Burke,2022-03-02
10,3,7,0,Burke,2022-03-03
6,1,5,0,Burke,2022-03-04
5,1,4,0,Burke,2022-03-05
8,4,4,0,Burke,2022-03-07
1,0,1,0,Burke,2022-03-10
6,1,5,0,Burke,2022-03-11
1,0,1,0,Burke,2022-03-13
4,2,2,0,Burke,2022-03-15
5,2,3,0,Burke,2022-03-16
2,2,0,0,Burke,2022-03-17
3,0,3,0,Burke,2022-03-18
1,0,1,0,Burke,2022-03-19
1,0,1,0,Burke,2022-03-20
3,2,1,0,Burke,2022-03-21
4,1,3,0,Burke,2022-03-23
1,1,0,0,Burke,2022-03-24
0,0,0,0,Burke,2022-03-25
0,0,0,0,Burke,2022-03-26
3,1,2,0,Burke,2022-03-27
6,3,3,0,Burke,2022-03-29
4,3,1,0,Burke,2022-03-30
7,2,5,0,Burke,2022-03-31
3,2,1,0,Burke,2022-04-01
1,0,1,0,Burke,2022-04-02
1,0,1,0,Burke,2022-04-03
1,1,0,0,Burke,2022-04-04
4,1,3,0,Burke,2022-04-05
10,4,6,0,Burke,2022-04-06
4,1,3,0,Burke,2022-04-07
3,2,1,0,Burke,2022-04-08
4,0,4,0,Burke,2022-04-09
5,0,5,0,Burke,2022-04-11
6,4,2,0,Burke,2022-04-12
10,4,6,0,Burke,2022-04-13
8,2,6,0,Burke,2022-04-14
2,1,1,0,Burke,2022-04-16
0,0,0,0,Burke,2022-04-17
9,4,5,0,Burke,2022-04-18
3,1,2,0,Burke,2022-04-20
13,2,11,0,Burke,2022-04-21
1,1,0,0,Burke,2022-04-22
3,0,3,0,Burke,2022-04-23
40,6,34,0,Cabarrus,2021-10-26
48,11,37,0,Cabarrus,2021-10-28
23,11,12,0,Cabarrus,2021-10-31
57,13,44,0,Cabarrus,2021-11-01
47,17,30,0,Cabarrus,2021-11-04
58,14,44,0,Cabarrus,2021-11-05
29,5,24,0,Cabarrus,2021-11-06
30,10,20,0,Cabarrus,2021-11-07
50,17,33,0,Cabarrus,2021-11-08
41,16,25,0,Cabarrus,2021-11-10
44,12,32,0,Cabarrus,2021-11-11
51,13,38,0,Cabarrus,2021-11-12
38,7,31,0,Cabarrus,2021-11-14
73,26,47,0,Cabarrus,2021-11-17
42,5,37,0,Cabarrus,2021-11-18
84,19,65,0,Cabarrus,2021-11-22
72,16,56,0,Cabarrus,2021-11-24
12,5,7,0,Cabarrus,2021-11-25
40,8,32,0,Cabarrus,2021-11-27
100,23,77,0,Cabarrus,2021-11-29
85,28,57,0,Cabarrus,2021-12-02
77,14,63,0,Cabarrus,2021-12-03
85,19,66,0,Cabarrus,2021-12-06
120,45,75,0,Cabarrus,2021-12-07
78,24,54,0,Cabarrus,2021-12-09
68,17,51,0,Cabarrus,2021-12-10
103,15,88,0,Cabarrus,2021-12-14
115,37,78,0,Cabarrus,2021-12-16
112,21,91,0,Cabarrus,2021-12-17
161,30,131,0,Cabarrus,2021-12-20
117,32,85,0,Cabarrus,2021-12-24
503,132,371,0,Cabarrus,2021-12-27
505,107,398,0,Cabarrus,2021-12-29
578,135,443,0,Cabarrus,2021-12-30
352,85,267,0,Cabarrus,2021-12-31
636,192,444,0,Cabarrus,2022-01-03
700,128,572,0,Cabarrus,2022-01-04
278,70,208,0,Cabarrus,2022-01-09
398,105,293,0,Cabarrus,2022-01-21
150,36,114,0,Cabarrus,2022-01-22
531,176,355,0,Cabarrus,2022-01-24
102,22,80,0,Cabarrus,2022-01-30
146,28,118,0,Cabarrus,2022-02-04
117,31,86,0,Cabarrus,2022-02-09
87,20,67,0,Cabarrus,2022-02-11
69,11,58,0,Cabarrus,2022-02-16
47,15,32,0,Cabarrus,2022-02-21
41,14,27,0,Cabarrus,2022-02-22
26,8,18,0,Cabarrus,2022-02-23
16,10,6,0,Cabarrus,2022-02-27
20,3,17,0,Cabarrus,2022-02-28
17,5,12,0,Cabarrus,2022-03-03
10,5,5,0,Cabarrus,2022-03-04
8,1,7,0,Cabarrus,2022-03-05
9,3,6,0,Cabarrus,2022-03-07
13,4,9,0,Cabarrus,2022-03-08
10,0,10,0,Cabarrus,2022-03-09
12,4,8,0,Cabarrus,2022-03-10
4,2,2,0,Cabarrus,2022-03-11
5,1,4,0,Cabarrus,2022-03-12
5,0,5,0,Cabarrus,2022-03-13
6,1,5,0,Cabarrus,2022-03-14
3,0,3,0,Cabarrus,2022-03-15
6,1,5,0,Cabarrus,2022-03-16
7,1,6,0,Cabarrus,2022-03-17
4,1,3,0,Cabarrus,2022-03-18
6,0,6,0,Cabarrus,2022-03-19
4,0,4,0,Cabarrus,2022-03-20
5,2,3,0,Cabarrus,2022-03-21
11,0,11,0,Cabarrus,2022-03-22
5,1,4,0,Cabarrus,2022-03-23
7,2,5,0,Cabarrus,2022-03-24
6,2,4,0,Cabarrus,2022-03-25
3,0,3,0,Cabarrus,2022-03-26
6,2,4,0,Cabarrus,2022-03-27
12,5,7,0,Cabarrus,2022-03-28
6,2,4,0,Cabarrus,2022-03-29
4,3,1,0,Cabarrus,2022-03-30
6,2,4,0,Cabarrus,2022-03-31
8,2,6,0,Cabarrus,2022-04-01
7,0,7,0,Cabarrus,2022-04-03
13,3,10,0,Cabarrus,2022-04-04
7,2,5,0,Cabarrus,2022-04-05
9,7,2,0,Cabarrus,2022-04-06
12,5,7,0,Cabarrus,2022-04-08
3,1,2,0,Cabarrus,2022-04-09
5,2,3,0,Cabarrus,2022-04-10
18,3,15,0,Cabarrus,2022-04-11
21,3,18,0,Cabarrus,2022-04-12
39,10,29,0,Cabarrus,2022-04-13
20,6,14,0,Cabarrus,2022-04-14
18,5,13,0,Cabarrus,2022-04-15
12,2,10,0,Cabarrus,2022-04-16
9,1,8,0,Cabarrus,2022-04-17
30,8,22,0,Cabarrus,2022-04-18
37,7,30,0,Cabarrus,2022-04-19
29,10,19,0,Cabarrus,2022-04-21
22,3,19,0,Cabarrus,2022-04-22
18,5,13,0,Cabarrus,2022-04-23
29,1,28,0,Caldwell,2021-10-26
30,0,30,0,Caldwell,2021-10-27
28,0,28,0,Caldwell,2021-10-29
9,0,9,0,Caldwell,2021-10-31
18,5,13,0,Caldwell,2021-11-03
17,4,13,0,Caldwell,2021-11-04
10,2,8,0,Caldwell,2021-11-07
27,5,22,0,Caldwell,2021-11-08
18,3,15,0,Caldwell,2021-11-09
23,1,22,0,Caldwell,2021-11-10
17,0,17,0,Caldwell,2021-11-11
10,1,9,0,Caldwell,2021-11-12
11,1,10,0,Caldwell,2021-11-13
7,0,7,0,Caldwell,2021-11-14
17,1,16,0,Caldwell,2021-11-16
18,0,18,0,Caldwell,2021-11-19
8,3,5,0,Caldwell,2021-11-20
21,0,21,0,Caldwell,2021-11-23
10,0,10,0,Caldwell,2021-11-24
18,0,18,0,Caldwell,2021-11-26
12,2,10,0,Caldwell,2021-11-27
24,4,20,0,Caldwell,2021-11-29
12,0,12,0,Caldwell,2021-11-30
20,5,15,0,Caldwell,2021-12-02
27,8,19,0,Caldwell,2021-12-03
11,0,11,0,Caldwell,2021-12-04
22,0,22,0,Caldwell,2021-12-05
32,3,29,0,Caldwell,2021-12-06
40,2,38,0,Caldwell,2021-12-07
44,6,38,0,Caldwell,2021-12-08
31,2,29,0,Caldwell,2021-12-09
16,6,10,0,Caldwell,2021-12-11
17,4,13,0,Caldwell,2021-12-12
53,7,46,0,Caldwell,2021-12-13
31,9,22,0,Caldwell,2021-12-14
23,5,18,0,Caldwell,2021-12-17
21,5,16,0,Caldwell,2021-12-18
20,4,16,0,Caldwell,2021-12-19
42,7,35,0,Caldwell,2021-12-20
42,10,32,0,Caldwell,2021-12-21
54,5,49,0,Caldwell,2021-12-22
52,11,41,0,Caldwell,2021-12-23
22,5,17,0,Caldwell,2021-12-25
138,17,121,0,Caldwell,2021-12-28
133,23,110,0,Caldwell,2021-12-30
78,11,67,0,Caldwell,2021-12-31
44,12,32,0,Caldwell,2022-01-01
79,11,68,0,Caldwell,2022-01-02
219,31,188,0,Caldwell,2022-01-04
213,43,170,0,Caldwell,2022-01-05
205,42,163,0,Caldwell,2022-01-07
98,24,74,0,Caldwell,2022-01-08
298,42,256,0,Caldwell,2022-01-10
321,77,244,0,Caldwell,2022-01-13
182,17,165,0,Caldwell,2022-01-18
396,105,291,0,Caldwell,2022-01-20
112,28,84,0,Caldwell,2022-01-23
56,12,44,0,Caldwell,2022-01-30
71,11,60,0,Caldwell,2022-02-08
26,3,23,0,Caldwell,2022-02-12
27,4,23,0,Caldwell,2022-02-13
32,2,30,0,Caldwell,2022-02-16
23,2,21,0,Caldwell,2022-02-17
19,2,17,0,Caldwell,2022-02-18
15,3,12,0,Caldwell,2022-02-20
38,8,30,0,Caldwell,2022-02-22
17,2,15,0,Caldwell,2022-02-24
10,0,10,0,Caldwell,2022-02-26
13,0,13,0,Caldwell,2022-02-28
10,1,9,0,Caldwell,2022-03-02
11,3,8,0,Caldwell,2022-03-03
9,0,9,0,Caldwell,2022-03-04
7,0,7,0,Caldwell,2022-03-06
4,0,4,0,Caldwell,2022-03-07
6,1,5,0,Caldwell,2022-03-08
6,1,5,0,Caldwell,2022-03-09
3,0,3,0,Caldwell,2022-03-10
5,1,4,0,Caldwell,2022-03-11
1,0,1,0,Caldwell,2022-03-12
2,1,1,0,Caldwell,2022-03-13
3,0,3,0,Caldwell,2022-03-14
2,0,2,0,Caldwell,2022-03-15
2,0,2,0,Caldwell,2022-03-16
7,3,4,0,Caldwell,2022-03-17
2,0,2,0,Caldwell,2022-03-19
2,0,2,0,Caldwell,2022-03-20
1,0,1,0,Caldwell,2022-03-21
2,0,2,0,Caldwell,2022-03-22
3,0,3,0,Caldwell,2022-03-24
3,0,3,0,Caldwell,2022-03-25
1,0,1,0,Caldwell,2022-03-26
1,0,1,0,Caldwell,2022-03-27
4,0,4,0,Caldwell,2022-03-28
3,0,3,0,Caldwell,2022-03-29
4,0,4,0,Caldwell,2022-03-30
2,0,2,0,Caldwell,2022-04-01
4,0,4,0,Caldwell,2022-04-02
2,0,2,0,Caldwell,2022-04-03
4,0,4,0,Caldwell,2022-04-04
0,0,0,0,Caldwell,2022-04-05
3,0,3,0,Caldwell,2022-04-06
6,1,5,0,Caldwell,2022-04-07
2,0,2,0,Caldwell,2022-04-08
3,0,3,0,Caldwell,2022-04-09
2,0,2,0,Caldwell,2022-04-11
3,0,3,0,Caldwell,2022-04-12
7,2,5,0,Caldwell,2022-04-13
2,0,2,0,Caldwell,2022-04-14
6,0,6,0,Caldwell,2022-04-15
3,0,3,0,Caldwell,2022-04-16
1,0,1,0,Caldwell,2022-04-17
5,1,4,0,Caldwell,2022-04-18
7,1,6,0,Caldwell,2022-04-19
13,2,11,0,Caldwell,2022-04-20
15,2,13,0,Caldwell,2022-04-21
10,3,7,0,Caldwell,2022-04-22
6,0,6,0,Caldwell,2022-04-23
3,2,1,0,Camden,2021-10-26
6,1,5,0,Camden,2021-10-27
0,0,0,0,Camden,2021-10-28
3,2,1,0,Camden,2021-10-29
0,0,0,0,Camden,2021-10-30
0,0,0,0,Camden,2021-10-31
3,0,3,0,Camden,2021-11-01
8,1,7,0,Camden,2021-11-02
7,2,5,0,Camden,2021-11-03
1,0,1,0,Camden,2021-11-04
4,1,3,0,Camden,2021-11-05
3,0,3,0,Camden,2021-11-06
1,1,0,0,Camden,2021-11-07
5,1,4,0,Camden,2021-11-08
2,1,1,0,Camden,2021-11-09
1,1,0,0,Camden,2021-11-10
1,0,1,0,Camden,2021-11-11
2,2,0,0,Camden,2021-11-12
2,0,2,0,Camden,2021-11-13
0,0,0,0,Camden,2021-11-14
1,0,1,0,Camden,2021-11-15
5,4,1,0,Camden,2021-11-16
1,1,0,0,Camden,2021-11-17
1,0,1,0,Camden,2021-11-18
1,0,1,0,Camden,2021-11-19
1,1,0,0,Camden,2021-11-20
1,0,1,0,Camden,2021-11-21
4,1,3,0,Camden,2021-11-22
4,0,4,0,Camden,2021-11-23
2,1,1,0,Camden,2021-11-24
2,1,1,0,Camden,2021-11-25
0,0,0,0,Camden,2021-11-26
6,1,5,0,Camden,2021-11-27
3,1,2,0,Camden,2021-11-28
6,1,5,0,Camden,2021-11-29
4,0,4,0,Camden,2021-11-30
2,2,0,0,Camden,2021-12-02
5,1,4,0,Camden,2021-12-03
1,0,1,0,Camden,2021-12-05
6,1,5,0,Camden,2021-12-06
8,6,2,0,Camden,2021-12-07
2,2,0,0,Camden,2021-12-08
8,2,6,0,Camden,2021-12-09
6,4,2,0,Camden,2021-12-10
5,0,5,0,Camden,2021-12-11
2,0,2,0,Camden,2021-12-12
2,0,2,0,Camden,2021-12-13
4,1,3,0,Camden,2021-12-14
2,0,2,0,Camden,2021-12-15
6,1,5,0,Camden,2021-12-16
2,0,2,0,Camden,2021-12-17
1,0,1,0,Camden,2021-12-18
5,3,2,0,Camden,2021-12-19
6,4,2,0,Camden,2021-12-20
2,0,2,0,Camden,2021-12-21
3,2,1,0,Camden,2021-12-22
4,2,2,0,Camden,2021-12-23
3,0,3,0,Camden,2021-12-24
0,0,0,0,Camden,2021-12-25
5,3,2,0,Camden,2021-12-26
7,0,7,0,Camden,2021-12-27
15,5,10,0,Camden,2021-12-28
10,3,7,0,Camden,2021-12-29
15,3,12,0,Camden,2021-12-30
5,0,5,0,Camden,2021-12-31
4,1,3,0,Camden,2022-01-01
7,1,6,0,Camden,2022-01-02
19,5,14,0,Camden,2022-01-03
18,4,14,0,Camden,2022-01-04
23,5,18,0,Camden,2022-01-05
12,3,9,0,Camden,2022-01-07
5,1,4,0,Camden,2022-01-08
5,1,4,0,Camden,2022-01-09
13,3,10,0,Camden,2022-01-10
19,5,14,0,Camden,2022-01-11
20,8,12,0,Camden,2022-01-12
25,10,15,0,Camden,2022-01-13
12,3,9,0,Camden,2022-01-14
9,3,6,0,Camden,2022-01-15
5,2,3,0,Camden,2022-01-16
7,6,1,0,Camden,2022-01-17
17,5,12,0,Camden,2022-01-18
7,2,5,0,Camden,2022-01-20
1,1,0,0,Camden,2022-01-21
1,0,1,0,Camden,2022-01-22
3,2,1,0,Camden,2022-01-23
15,9,6,0,Camden,2022-01-24
5,2,3,0,Camden,2022-01-25
11,2,9,0,Camden,2022-01-26
12,6,6,0,Camden,2022-01-27
6,0,6,0,Camden,2022-01-28
1,1,0,0,Camden,2022-01-29
5,0,5,0,Camden,2022-01-30
1,0,1,0,Camden,2022-01-31
1,0,1,0,Camden,2022-02-01
0,0,0,0,Camden,2022-02-02
1,0,1,0,Camden,2022-02-03
0,0,0,0,Camden,2022-02-04
0,0,0,0,Camden,2022-02-05
0,0,0,0,Camden,2022-02-06
2,1,1,0,Camden,2022-02-07
2,1,1,0,Camden,2022-02-08
3,1,2,0,Camden,2022-02-09
3,2,1,0,Camden,2022-02-10
1,0,1,0,Camden,2022-02-11
3,1,2,0,Camden,2022-02-12
0,0,0,0,Camden,2022-02-13
0,0,0,0,Camden,2022-02-14
1,0,1,0,Camden,2022-02-15
3,0,3,0,Camden,2022-02-16
0,0,0,0,Camden,2022-02-17
0,0,0,0,Camden,2022-02-18
1,0,1,0,Camden,2022-02-19
0,0,0,0,Camden,2022-02-20
1,1,0,0,Camden,2022-02-21
4,2,2,0,Camden,2022-02-22
0,0,0,0,Camden,2022-02-23
2,0,2,0,Camden,2022-02-24
2,1,1,0,Camden,2022-02-25
0,0,0,0,Camden,2022-02-26
1,1,0,0,Camden,2022-02-27
0,0,0,0,Camden,2022-02-28
1,0,1,0,Camden,2022-03-01
0,0,0,0,Camden,2022-03-02
0,0,0,0,Camden,2022-03-03
0,0,0,0,Camden,2022-03-04
0,0,0,0,Camden,2022-03-05
0,0,0,0,Camden,2022-03-06
0,0,0,0,Camden,2022-03-07
1,0,1,0,Camden,2022-03-08
1,0,1,0,Camden,2022-03-09
0,0,0,0,Camden,2022-03-10
0,0,0,0,Camden,2022-03-11
0,0,0,0,Camden,2022-03-12
0,0,0,0,Camden,2022-03-13
0,0,0,0,Camden,2022-03-14
0,0,0,0,Camden,2022-03-15
0,0,0,0,Camden,2022-03-16
0,0,0,0,Camden,2022-03-17
0,0,0,0,Camden,2022-03-18
0,0,0,0,Camden,2022-03-19
0,0,0,0,Camden,2022-03-20
0,0,0,0,Camden,2022-03-21
0,0,0,0,Camden,2022-03-22
0,0,0,0,Camden,2022-03-23
1,0,1,0,Camden,2022-03-24
0,0,0,0,Camden,2022-03-25
0,0,0,0,Camden,2022-03-26
0,0,0,0,Camden,2022-03-27
0,0,0,0,Camden,2022-03-28
0,0,0,0,Camden,2022-03-29
0,0,0,0,Camden,2022-03-30
1,0,1,0,Camden,2022-03-31
1,0,1,0,Camden,2022-04-01
0,0,0,0,Camden,2022-04-02
0,0,0,0,Camden,2022-04-04
3,0,3,0,Camden,2022-04-05
0,0,0,0,Camden,2022-04-06
1,0,1,0,Camden,2022-04-07
0,0,0,0,Camden,2022-04-08
0,0,0,0,Camden,2022-04-09
0,0,0,0,Camden,2022-04-10
0,0,0,0,Camden,2022-04-11
0,0,0,0,Camden,2022-04-12
0,0,0,0,Camden,2022-04-13
1,1,0,0,Camden,2022-04-14
0,0,0,0,Camden,2022-04-15
0,0,0,0,Camden,2022-04-16
0,0,0,0,Camden,2022-04-17
0,0,0,0,Camden,2022-04-18
1,0,1,0,Camden,2022-04-19
0,0,0,0,Camden,2022-04-20
0,0,0,0,Camden,2022-04-21
0,0,0,0,Camden,2022-04-22
0,0,0,0,Camden,2022-04-23
26,18,8,0,Carteret,2021-10-26
14,5,9,0,Carteret,2021-10-28
10,2,8,0,Carteret,2021-10-29
6,1,5,0,Carteret,2021-10-30
4,2,2,0,Carteret,2021-10-31
16,3,13,0,Carteret,2021-11-01
7,2,5,0,Carteret,2021-11-02
15,2,13,0,Carteret,2021-11-03
16,2,14,0,Carteret,2021-11-04
10,4,6,0,Carteret,2021-11-05
5,1,4,0,Carteret,2021-11-06
12,3,9,0,Carteret,2021-11-08
11,2,9,0,Carteret,2021-11-09
18,3,15,0,Carteret,2021-11-10
9,2,7,0,Carteret,2021-11-12
6,0,6,0,Carteret,2021-11-13
5,1,4,0,Carteret,2021-11-14
15,4,11,0,Carteret,2021-11-15
13,2,11,0,Carteret,2021-11-16
7,1,6,0,Carteret,2021-11-17
23,2,21,0,Carteret,2021-11-18
4,0,4,0,Carteret,2021-11-19
14,2,12,0,Carteret,2021-11-21
22,5,17,0,Carteret,2021-11-22
12,1,11,0,Carteret,2021-11-23
4,0,4,0,Carteret,2021-11-24
0,0,0,0,Carteret,2021-11-25
13,4,9,0,Carteret,2021-11-26
6,0,6,0,Carteret,2021-11-27
7,2,5,0,Carteret,2021-11-28
16,5,11,0,Carteret,2021-11-29
7,5,2,0,Carteret,2021-11-30
12,2,10,0,Carteret,2021-12-02
13,0,13,0,Carteret,2021-12-03
4,2,2,0,Carteret,2021-12-04
12,2,10,0,Carteret,2021-12-07
9,2,7,0,Carteret,2021-12-09
7,2,5,0,Carteret,2021-12-10
4,1,3,0,Carteret,2021-12-11
6,1,5,0,Carteret,2021-12-12
19,8,11,0,Carteret,2021-12-15
13,1,12,0,Carteret,2021-12-16
15,6,9,0,Carteret,2021-12-17
10,2,8,0,Carteret,2021-12-18
17,4,13,0,Carteret,2021-12-19
29,5,24,0,Carteret,2021-12-20
26,7,19,0,Carteret,2021-12-21
26,10,16,0,Carteret,2021-12-22
16,4,12,0,Carteret,2021-12-24
2,1,1,0,Carteret,2021-12-25
24,7,17,0,Carteret,2021-12-26
60,12,48,0,Carteret,2021-12-27
81,27,54,0,Carteret,2021-12-29
94,38,56,0,Carteret,2021-12-30
38,11,27,0,Carteret,2021-12-31
7,4,3,0,Carteret,2022-01-01
40,9,31,0,Carteret,2022-01-02
129,50,79,0,Carteret,2022-01-05
139,54,85,0,Carteret,2022-01-07
30,11,19,0,Carteret,2022-01-08
55,17,38,0,Carteret,2022-01-09
190,83,107,0,Carteret,2022-01-10
193,70,123,0,Carteret,2022-01-14
53,9,44,0,Carteret,2022-01-16
266,109,157,0,Carteret,2022-01-18
212,80,132,0,Carteret,2022-01-19
169,55,114,0,Carteret,2022-01-20
64,25,39,0,Carteret,2022-01-21
28,6,22,0,Carteret,2022-01-22
50,11,39,0,Carteret,2022-01-23
165,56,109,0,Carteret,2022-01-25
119,47,72,0,Carteret,2022-01-26
109,35,74,0,Carteret,2022-01-27
77,25,52,0,Carteret,2022-01-28
32,7,25,0,Carteret,2022-01-30
93,35,58,0,Carteret,2022-02-01
63,22,41,0,Carteret,2022-02-04
28,5,23,0,Carteret,2022-02-05
24,7,17,0,Carteret,2022-02-06
79,31,48,0,Carteret,2022-02-07
44,13,31,0,Carteret,2022-02-08
42,9,33,0,Carteret,2022-02-09
42,14,28,0,Carteret,2022-02-10
30,15,15,0,Carteret,2022-02-11
17,4,13,0,Carteret,2022-02-12
27,10,17,0,Carteret,2022-02-14
37,17,20,0,Carteret,2022-02-15
15,8,7,0,Carteret,2022-02-18
4,2,2,0,Carteret,2022-02-19
6,1,5,0,Carteret,2022-02-20
20,7,13,0,Carteret,2022-02-22
16,4,12,0,Carteret,2022-02-23
6,2,4,0,Carteret,2022-02-26
3,0,3,0,Carteret,2022-02-27
6,1,5,0,Carteret,2022-02-28
9,2,7,0,Carteret,2022-03-01
11,2,9,0,Carteret,2022-03-02
4,0,4,0,Carteret,2022-03-04
5,0,5,0,Carteret,2022-03-05
3,1,2,0,Carteret,2022-03-06
6,2,4,0,Carteret,2022-03-08
7,3,4,0,Carteret,2022-03-09
5,2,3,0,Carteret,2022-03-10
6,3,3,0,Carteret,2022-03-11
3,0,3,0,Carteret,2022-03-12
2,0,2,0,Carteret,2022-03-13
3,0,3,0,Carteret,2022-03-14
5,0,5,0,Carteret,2022-03-15
2,1,1,0,Carteret,2022-03-17
2,0,2,0,Carteret,2022-03-18
1,0,1,0,Carteret,2022-03-19
0,0,0,0,Carteret,2022-03-20
4,2,2,0,Carteret,2022-03-22
1,0,1,0,Carteret,2022-03-23
1,0,1,0,Carteret,2022-03-24
2,2,0,0,Carteret,2022-03-25
0,0,0,0,Carteret,2022-03-26
3,0,3,0,Carteret,2022-03-27
3,1,2,0,Carteret,2022-03-28
0,0,0,0,Carteret,2022-03-29
2,1,1,0,Carteret,2022-03-30
0,0,0,0,Carteret,2022-03-31
3,0,3,0,Carteret,2022-04-01
1,0,1,0,Carteret,2022-04-02
2,2,0,0,Carteret,2022-04-03
2,1,1,0,Carteret,2022-04-04
2,1,1,0,Carteret,2022-04-05
1,0,1,0,Carteret,2022-04-06
2,1,1,0,Carteret,2022-04-07
2,1,1,0,Carteret,2022-04-08
3,1,2,0,Carteret,2022-04-09
2,1,1,0,Carteret,2022-04-10
5,3,2,0,Carteret,2022-04-11
6,2,4,0,Carteret,2022-04-12
6,4,2,0,Carteret,2022-04-13
4,1,3,0,Carteret,2022-04-14
2,1,1,0,Carteret,2022-04-15
2,0,2,0,Carteret,2022-04-16
0,0,0,0,Carteret,2022-04-17
2,1,1,0,Carteret,2022-04-19
7,3,4,0,Carteret,2022-04-20
7,2,5,0,Carteret,2022-04-22
6,0,6,0,Carteret,2022-04-23
5,0,5,0,Caswell,2021-10-26
1,0,1,0,Caswell,2021-10-27
3,0,3,0,Caswell,2021-10-28
6,1,5,0,Caswell,2021-10-29
1,0,1,0,Caswell,2021-10-30
4,1,3,0,Caswell,2021-10-31
6,0,6,0,Caswell,2021-11-01
4,0,4,0,Caswell,2021-11-02
3,1,2,0,Caswell,2021-11-03
2,1,1,0,Caswell,2021-11-04
3,0,3,0,Caswell,2021-11-05
2,1,1,0,Caswell,2021-11-06
7,0,7,0,Caswell,2021-11-08
7,0,7,0,Caswell,2021-11-10
1,0,1,0,Caswell,2021-11-11
4,1,3,0,Caswell,2021-11-12
5,1,4,0,Caswell,2021-11-13
3,0,3,0,Caswell,2021-11-14
5,0,5,0,Caswell,2021-11-15
1,0,1,0,Caswell,2021-11-16
0,0,0,0,Caswell,2021-11-17
6,0,6,0,Caswell,2021-11-19
1,0,1,0,Caswell,2021-11-20
3,2,1,0,Caswell,2021-11-21
7,1,6,0,Caswell,2021-11-23
1,0,1,0,Caswell,2021-11-24
1,1,0,0,Caswell,2021-11-25
4,0,4,0,Caswell,2021-11-26
6,1,5,0,Caswell,2021-11-27
3,2,1,0,Caswell,2021-11-28
10,2,8,0,Caswell,2021-11-29
9,0,9,0,Caswell,2021-11-30
11,0,11,0,Caswell,2021-12-01
12,1,11,0,Caswell,2021-12-02
3,0,3,0,Caswell,2021-12-04
2,0,2,0,Caswell,2021-12-05
13,1,12,0,Caswell,2021-12-06
11,2,9,0,Caswell,2021-12-07
5,0,5,0,Caswell,2021-12-08
3,0,3,0,Caswell,2021-12-09
11,1,10,0,Caswell,2021-12-10
5,0,5,0,Caswell,2021-12-11
1,0,1,0,Caswell,2021-12-12
9,0,9,0,Caswell,2021-12-13
8,3,5,0,Caswell,2021-12-14
11,0,11,0,Caswell,2021-12-15
3,0,3,0,Caswell,2021-12-16
1,0,1,0,Caswell,2021-12-17
2,0,2,0,Caswell,2021-12-18
4,1,3,0,Caswell,2021-12-19
19,1,18,0,Caswell,2021-12-20
8,0,8,0,Caswell,2021-12-21
9,1,8,0,Caswell,2021-12-22
11,0,11,0,Caswell,2021-12-23
7,2,5,0,Caswell,2021-12-24
2,1,1,0,Caswell,2021-12-25
12,0,12,0,Caswell,2021-12-26
55,1,54,0,Caswell,2021-12-27
25,2,23,0,Caswell,2021-12-29
49,5,44,0,Caswell,2021-12-30
12,3,9,0,Caswell,2021-12-31
8,1,7,0,Caswell,2022-01-01
9,0,9,0,Caswell,2022-01-02
48,2,46,0,Caswell,2022-01-03
62,4,58,0,Caswell,2022-01-04
88,7,81,0,Caswell,2022-01-05
66,2,64,0,Caswell,2022-01-06
49,1,48,0,Caswell,2022-01-07
19,1,18,0,Caswell,2022-01-09
88,5,83,0,Caswell,2022-01-10
69,0,69,0,Caswell,2022-01-11
96,8,88,0,Caswell,2022-01-12
76,8,68,0,Caswell,2022-01-13
54,5,49,0,Caswell,2022-01-14
5,1,4,0,Caswell,2022-01-16
28,1,27,0,Caswell,2022-01-17
51,4,47,0,Caswell,2022-01-18
84,12,72,0,Caswell,2022-01-20
45,3,42,0,Caswell,2022-01-21
13,1,12,0,Caswell,2022-01-22
21,0,21,0,Caswell,2022-01-23
75,7,68,0,Caswell,2022-01-24
62,2,60,0,Caswell,2022-01-25
28,2,26,0,Caswell,2022-01-26
32,2,30,0,Caswell,2022-01-27
25,3,22,0,Caswell,2022-01-28
3,0,3,0,Caswell,2022-01-29
4,1,3,0,Caswell,2022-01-30
26,1,25,0,Caswell,2022-01-31
22,1,21,0,Caswell,2022-02-01
32,3,29,0,Caswell,2022-02-03
8,1,7,0,Caswell,2022-02-04
4,0,4,0,Caswell,2022-02-06
11,1,10,0,Caswell,2022-02-07
24,1,23,0,Caswell,2022-02-08
12,2,10,0,Caswell,2022-02-09
11,1,10,0,Caswell,2022-02-10
10,1,9,0,Caswell,2022-02-11
2,2,0,0,Caswell,2022-02-12
3,1,2,0,Caswell,2022-02-13
7,0,7,0,Caswell,2022-02-15
5,1,4,0,Caswell,2022-02-17
6,1,5,0,Caswell,2022-02-18
3,2,1,0,Caswell,2022-02-19
0,0,0,0,Caswell,2022-02-20
7,0,7,0,Caswell,2022-02-21
2,0,2,0,Caswell,2022-02-22
2,0,2,0,Caswell,2022-02-23
5,0,5,0,Caswell,2022-02-24
4,0,4,0,Caswell,2022-02-25
1,0,1,0,Caswell,2022-02-26
1,0,1,0,Caswell,2022-02-27
2,0,2,0,Caswell,2022-02-28
0,0,0,0,Caswell,2022-03-01
1,0,1,0,Caswell,2022-03-03
0,0,0,0,Caswell,2022-03-04
1,0,1,0,Caswell,2022-03-05
0,0,0,0,Caswell,2022-03-06
1,0,1,0,Caswell,2022-03-07
0,0,0,0,Caswell,2022-03-08
0,0,0,0,Caswell,2022-03-09
1,0,1,0,Caswell,2022-03-10
0,0,0,0,Caswell,2022-03-11
0,0,0,0,Caswell,2022-03-12
0,0,0,0,Caswell,2022-03-13
0,0,0,0,Caswell,2022-03-14
2,1,1,0,Caswell,2022-03-15
4,1,3,0,Caswell,2022-03-16
1,0,1,0,Caswell,2022-03-17
0,0,0,0,Caswell,2022-03-18
1,0,1,0,Caswell,2022-03-19
0,0,0,0,Caswell,2022-03-20
0,0,0,0,Caswell,2022-03-21
0,0,0,0,Caswell,2022-03-22
0,0,0,0,Caswell,2022-03-23
0,0,0,0,Caswell,2022-03-24
2,0,2,0,Caswell,2022-03-25
0,0,0,0,Caswell,2022-03-26
0,0,0,0,Caswell,2022-03-27
2,0,2,0,Caswell,2022-03-28
0,0,0,0,Caswell,2022-03-29
1,0,1,0,Caswell,2022-03-30
1,0,1,0,Caswell,2022-03-31
0,0,0,0,Caswell,2022-04-01
0,0,0,0,Caswell,2022-04-02
0,0,0,0,Caswell,2022-04-03
3,0,3,0,Caswell,2022-04-04
0,0,0,0,Caswell,2022-04-05
1,0,1,0,Caswell,2022-04-06
1,0,1,0,Caswell,2022-04-07
1,0,1,0,Caswell,2022-04-08
2,0,2,0,Caswell,2022-04-09
1,0,1,0,Caswell,2022-04-10
3,0,3,0,Caswell,2022-04-11
1,0,1,0,Caswell,2022-04-12
1,0,1,0,Caswell,2022-04-13
1,0,1,0,Caswell,2022-04-14
2,1,1,0,Caswell,2022-04-15
0,0,0,0,Caswell,2022-04-16
0,0,0,0,Caswell,2022-04-17
0,0,0,0,Caswell,2022-04-18
7,0,7,0,Caswell,2022-04-19
2,0,2,0,Caswell,2022-04-22
3,0,3,0,Caswell,2022-04-23
19,6,13,0,Catawba,2021-10-26
36,6,30,0,Catawba,2021-10-28
33,10,23,0,Catawba,2021-10-29
41,9,32,0,Catawba,2021-11-02
29,6,23,0,Catawba,2021-11-03
39,11,28,0,Catawba,2021-11-05
35,18,17,0,Catawba,2021-11-08
37,5,32,0,Catawba,2021-11-10
21,5,16,0,Catawba,2021-11-11
24,9,15,0,Catawba,2021-11-13
17,8,9,0,Catawba,2021-11-14
50,16,34,0,Catawba,2021-11-15
37,12,25,0,Catawba,2021-11-17
44,16,28,0,Catawba,2021-11-22
34,8,26,0,Catawba,2021-11-24
56,18,38,0,Catawba,2021-11-26
38,6,32,0,Catawba,2021-11-28
77,29,48,0,Catawba,2021-11-30
34,13,21,0,Catawba,2021-12-04
79,29,50,0,Catawba,2021-12-06
30,10,20,0,Catawba,2021-12-12
94,38,56,0,Catawba,2021-12-13
88,42,46,0,Catawba,2021-12-15
71,31,40,0,Catawba,2021-12-16
43,13,30,0,Catawba,2021-12-18
34,8,26,0,Catawba,2021-12-19
105,25,80,0,Catawba,2021-12-20
57,20,37,0,Catawba,2021-12-24
100,23,77,0,Catawba,2021-12-26
254,75,179,0,Catawba,2021-12-27
316,119,197,0,Catawba,2021-12-29
203,81,122,0,Catawba,2021-12-31
501,194,307,0,Catawba,2022-01-03
444,168,276,0,Catawba,2022-01-07
779,325,454,0,Catawba,2022-01-10
55,21,34,0,Catawba,2022-01-16
216,57,159,0,Catawba,2022-01-22
594,219,375,0,Catawba,2022-01-24
106,35,71,0,Catawba,2022-01-30
90,48,42,0,Catawba,2022-02-14
106,50,56,0,Catawba,2022-02-15
55,23,32,0,Catawba,2022-02-17
25,9,16,0,Catawba,2022-02-20
32,14,18,0,Catawba,2022-02-25
15,9,6,0,Catawba,2022-03-01
26,8,18,0,Catawba,2022-03-02
17,4,13,0,Catawba,2022-03-03
18,6,12,0,Catawba,2022-03-04
8,5,3,0,Catawba,2022-03-05
13,2,11,0,Catawba,2022-03-06
16,4,12,0,Catawba,2022-03-11
3,2,1,0,Catawba,2022-03-12
8,6,2,0,Catawba,2022-03-13
7,3,4,0,Catawba,2022-03-14
8,2,6,0,Catawba,2022-03-15
6,3,3,0,Catawba,2022-03-16
9,4,5,0,Catawba,2022-03-18
3,1,2,0,Catawba,2022-03-19
1,0,1,0,Catawba,2022-03-20
7,4,3,0,Catawba,2022-03-21
9,6,3,0,Catawba,2022-03-24
1,1,0,0,Catawba,2022-03-25
6,2,4,0,Catawba,2022-03-28
5,1,4,0,Catawba,2022-03-30
7,3,4,0,Catawba,2022-03-31
5,0,5,0,Catawba,2022-04-01
1,1,0,0,Catawba,2022-04-02
2,2,0,0,Catawba,2022-04-03
8,5,3,0,Catawba,2022-04-04
5,3,2,0,Catawba,2022-04-05
4,2,2,0,Catawba,2022-04-06
4,3,1,0,Catawba,2022-04-07
1,0,1,0,Catawba,2022-04-09
9,0,9,0,Catawba,2022-04-10
4,3,1,0,Catawba,2022-04-12
12,5,7,0,Catawba,2022-04-13
11,5,6,0,Catawba,2022-04-14
8,4,4,0,Catawba,2022-04-15
9,3,6,0,Catawba,2022-04-16
3,2,1,0,Catawba,2022-04-17
15,6,9,0,Catawba,2022-04-18
10,4,6,0,Catawba,2022-04-19
19,5,14,0,Catawba,2022-04-20
15,6,9,0,Catawba,2022-04-22
8,2,6,0,Catawba,2022-04-23
11,4,7,0,Chatham,2021-10-27
7,1,6,0,Chatham,2021-10-28
8,2,6,0,Chatham,2021-10-29
3,2,1,0,Chatham,2021-10-30
4,1,3,0,Chatham,2021-10-31
10,4,6,0,Chatham,2021-11-02
7,2,5,0,Chatham,2021-11-03
7,3,4,0,Chatham,2021-11-04
6,1,5,0,Chatham,2021-11-05
2,0,2,0,Chatham,2021-11-06
12,3,9,0,Chatham,2021-11-08
10,1,9,0,Chatham,2021-11-09
7,1,6,0,Chatham,2021-11-10
10,1,9,0,Chatham,2021-11-12
6,1,5,0,Chatham,2021-11-13
5,1,4,0,Chatham,2021-11-14
9,3,6,0,Chatham,2021-11-15
6,0,6,0,Chatham,2021-11-16
19,3,16,0,Chatham,2021-11-17
9,0,9,0,Chatham,2021-11-18
6,1,5,0,Chatham,2021-11-19
7,3,4,0,Chatham,2021-11-20
11,3,8,0,Chatham,2021-11-23
2,1,1,0,Chatham,2021-11-25
10,4,6,0,Chatham,2021-11-26
12,3,9,0,Chatham,2021-11-27
4,3,1,0,Chatham,2021-11-28
32,1,31,0,Chatham,2021-11-29
18,3,15,0,Chatham,2021-12-01
15,3,12,0,Chatham,2021-12-02
7,2,5,0,Chatham,2021-12-04
35,9,26,0,Chatham,2021-12-06
20,5,15,0,Chatham,2021-12-07
15,3,12,0,Chatham,2021-12-09
20,4,16,0,Chatham,2021-12-10
13,0,13,0,Chatham,2021-12-11
10,2,8,0,Chatham,2021-12-12
26,7,19,0,Chatham,2021-12-13
17,0,17,0,Chatham,2021-12-14
29,4,25,0,Chatham,2021-12-15
30,4,26,0,Chatham,2021-12-16
25,4,21,0,Chatham,2021-12-17
19,5,14,0,Chatham,2021-12-18
9,4,5,0,Chatham,2021-12-19
38,2,36,0,Chatham,2021-12-20
42,8,34,0,Chatham,2021-12-21
51,9,42,0,Chatham,2021-12-23
33,2,31,0,Chatham,2021-12-24
8,4,4,0,Chatham,2021-12-25
40,2,38,0,Chatham,2021-12-26
146,19,127,0,Chatham,2021-12-27
122,25,97,0,Chatham,2021-12-28
128,26,102,0,Chatham,2021-12-29
106,18,88,0,Chatham,2021-12-30
65,15,50,0,Chatham,2021-12-31
20,3,17,0,Chatham,2022-01-01
59,15,44,0,Chatham,2022-01-02
167,28,139,0,Chatham,2022-01-03
189,30,159,0,Chatham,2022-01-04
169,35,134,0,Chatham,2022-01-05
166,24,142,0,Chatham,2022-01-06
112,24,88,0,Chatham,2022-01-07
56,13,43,0,Chatham,2022-01-09
266,44,222,0,Chatham,2022-01-10
168,6,162,0,Chatham,2022-01-11
181,5,176,0,Chatham,2022-01-12
212,17,195,0,Chatham,2022-01-13
168,26,142,0,Chatham,2022-01-14
85,13,72,0,Chatham,2022-01-15
14,1,13,0,Chatham,2022-01-16
87,3,84,0,Chatham,2022-01-17
243,48,195,0,Chatham,2022-01-18
171,19,152,0,Chatham,2022-01-20
71,11,60,0,Chatham,2022-01-21
31,3,28,0,Chatham,2022-01-22
64,20,44,0,Chatham,2022-01-23
205,33,172,0,Chatham,2022-01-24
118,18,100,0,Chatham,2022-01-25
111,12,99,0,Chatham,2022-01-26
85,19,66,0,Chatham,2022-01-27
70,13,57,0,Chatham,2022-01-28
28,3,25,0,Chatham,2022-01-29
106,25,81,0,Chatham,2022-01-31
65,18,47,0,Chatham,2022-02-01
71,18,53,0,Chatham,2022-02-03
49,12,37,0,Chatham,2022-02-04
19,5,14,0,Chatham,2022-02-05
70,17,53,0,Chatham,2022-02-07
35,15,20,0,Chatham,2022-02-08
27,3,24,0,Chatham,2022-02-10
19,2,17,0,Chatham,2022-02-11
8,2,6,0,Chatham,2022-02-12
13,6,7,0,Chatham,2022-02-13
35,11,24,0,Chatham,2022-02-14
18,5,13,0,Chatham,2022-02-17
5,1,4,0,Chatham,2022-02-19
14,6,8,0,Chatham,2022-02-20
23,4,19,0,Chatham,2022-02-21
9,5,4,0,Chatham,2022-02-22
15,4,11,0,Chatham,2022-02-23
8,3,5,0,Chatham,2022-02-25
4,0,4,0,Chatham,2022-02-26
4,1,3,0,Chatham,2022-02-27
10,5,5,0,Chatham,2022-02-28
11,4,7,0,Chatham,2022-03-01
11,0,11,0,Chatham,2022-03-02
7,3,4,0,Chatham,2022-03-03
8,1,7,0,Chatham,2022-03-04
2,0,2,0,Chatham,2022-03-05
4,2,2,0,Chatham,2022-03-06
10,1,9,0,Chatham,2022-03-07
8,1,7,0,Chatham,2022-03-08
4,0,4,0,Chatham,2022-03-09
7,0,7,0,Chatham,2022-03-11
1,0,1,0,Chatham,2022-03-12
0,0,0,0,Chatham,2022-03-13
7,1,6,0,Chatham,2022-03-14
9,3,6,0,Chatham,2022-03-15
3,1,2,0,Chatham,2022-03-16
3,0,3,0,Chatham,2022-03-17
5,0,5,0,Chatham,2022-03-18
1,0,1,0,Chatham,2022-03-19
5,1,4,0,Chatham,2022-03-20
9,4,5,0,Chatham,2022-03-21
1,0,1,0,Chatham,2022-03-22
1,0,1,0,Chatham,2022-03-23
2,1,1,0,Chatham,2022-03-24
1,0,1,0,Chatham,2022-03-25
1,0,1,0,Chatham,2022-03-26
1,0,1,0,Chatham,2022-03-27
3,1,2,0,Chatham,2022-03-28
5,0,5,0,Chatham,2022-03-30
4,1,3,0,Chatham,2022-03-31
2,2,0,0,Chatham,2022-04-01
3,1,2,0,Chatham,2022-04-02
2,2,0,0,Chatham,2022-04-03
5,1,4,0,Chatham,2022-04-04
7,1,6,0,Chatham,2022-04-05
12,4,8,0,Chatham,2022-04-06
12,3,9,0,Chatham,2022-04-07
8,0,8,0,Chatham,2022-04-08
9,1,8,0,Chatham,2022-04-09
6,1,5,0,Chatham,2022-04-10
15,1,14,0,Chatham,2022-04-12
17,2,15,0,Chatham,2022-04-13
11,1,10,0,Chatham,2022-04-14
7,3,4,0,Chatham,2022-04-15
5,0,5,0,Chatham,2022-04-16
4,1,3,0,Chatham,2022-04-17
9,0,9,0,Chatham,2022-04-18
12,0,12,0,Chatham,2022-04-19
16,6,10,0,Chatham,2022-04-20
6,0,6,0,Chatham,2022-04-21
12,0,12,0,Chatham,2022-04-22
4,0,4,0,Chatham,2022-04-23
0,0,0,0,Cherokee,2021-10-26
0,0,0,0,Cherokee,2021-10-27
1,0,1,0,Cherokee,2021-10-28
0,0,0,0,Cherokee,2021-10-30
0,0,0,0,Cherokee,2021-10-31
6,0,6,0,Cherokee,2021-11-02
1,0,1,0,Cherokee,2021-11-03
2,0,2,0,Cherokee,2021-11-05
2,1,1,0,Cherokee,2021-11-06
3,0,3,0,Cherokee,2021-11-07
3,2,1,0,Cherokee,2021-11-08
13,1,12,0,Cherokee,2021-11-09
1,0,1,0,Cherokee,2021-11-11
6,2,4,0,Cherokee,2021-11-12
0,0,0,0,Cherokee,2021-11-13
1,0,1,0,Cherokee,2021-11-14
8,2,6,0,Cherokee,2021-11-15
4,0,4,0,Cherokee,2021-11-16
4,0,4,0,Cherokee,2021-11-17
2,0,2,0,Cherokee,2021-11-18
3,2,1,0,Cherokee,2021-11-19
2,1,1,0,Cherokee,2021-11-20
0,0,0,0,Cherokee,2021-11-21
3,0,3,0,Cherokee,2021-11-22
4,3,1,0,Cherokee,2021-11-23
2,0,2,0,Cherokee,2021-11-24
0,0,0,0,Cherokee,2021-11-25
6,2,4,0,Cherokee,2021-11-26
1,0,1,0,Cherokee,2021-11-27
3,2,1,0,Cherokee,2021-11-28
6,2,4,0,Cherokee,2021-11-29
7,2,5,0,Cherokee,2021-11-30
8,0,8,0,Cherokee,2021-12-01
11,5,6,0,Cherokee,2021-12-02
7,1,6,0,Cherokee,2021-12-03
2,0,2,0,Cherokee,2021-12-04
4,0,4,0,Cherokee,2021-12-05
10,4,6,0,Cherokee,2021-12-07
10,2,8,0,Cherokee,2021-12-10
3,0,3,0,Cherokee,2021-12-11
2,1,1,0,Cherokee,2021-12-12
10,1,9,0,Cherokee,2021-12-13
3,0,3,0,Cherokee,2021-12-15
9,2,7,0,Cherokee,2021-12-16
3,0,3,0,Cherokee,2021-12-17
3,0,3,0,Cherokee,2021-12-18
2,0,2,0,Cherokee,2021-12-19
7,2,5,0,Cherokee,2021-12-20
9,0,9,0,Cherokee,2021-12-21
11,1,10,0,Cherokee,2021-12-22
6,3,3,0,Cherokee,2021-12-23
3,0,3,0,Cherokee,2021-12-24
2,1,1,0,Cherokee,2021-12-25
9,1,8,0,Cherokee,2021-12-26
22,7,15,0,Cherokee,2021-12-27
27,8,19,0,Cherokee,2021-12-29
53,15,38,0,Cherokee,2021-12-30
10,5,5,0,Cherokee,2021-12-31
7,2,5,0,Cherokee,2022-01-01
15,2,13,0,Cherokee,2022-01-02
69,10,59,0,Cherokee,2022-01-03
84,16,68,0,Cherokee,2022-01-04
56,15,41,0,Cherokee,2022-01-06
29,9,20,0,Cherokee,2022-01-08
19,1,18,0,Cherokee,2022-01-09
107,34,73,0,Cherokee,2022-01-10
76,26,50,0,Cherokee,2022-01-11
87,24,63,0,Cherokee,2022-01-14
10,0,10,0,Cherokee,2022-01-16
104,25,79,0,Cherokee,2022-01-18
120,32,88,0,Cherokee,2022-01-19
48,9,39,0,Cherokee,2022-01-21
24,7,17,0,Cherokee,2022-01-22
57,12,45,0,Cherokee,2022-01-25
48,10,38,0,Cherokee,2022-01-26
52,13,39,0,Cherokee,2022-01-27
29,8,21,0,Cherokee,2022-01-28
7,2,5,0,Cherokee,2022-01-29
16,6,10,0,Cherokee,2022-01-30
31,7,24,0,Cherokee,2022-02-01
27,5,22,0,Cherokee,2022-02-02
12,1,11,0,Cherokee,2022-02-05
36,11,25,0,Cherokee,2022-02-07
26,8,18,0,Cherokee,2022-02-08
23,4,19,0,Cherokee,2022-02-09
21,9,12,0,Cherokee,2022-02-10
8,1,7,0,Cherokee,2022-02-13
15,6,9,0,Cherokee,2022-02-14
23,6,17,0,Cherokee,2022-02-15
11,5,6,0,Cherokee,2022-02-16
8,2,6,0,Cherokee,2022-02-18
6,0,6,0,Cherokee,2022-02-19
6,2,4,0,Cherokee,2022-02-20
6,1,5,0,Cherokee,2022-02-21
11,1,10,0,Cherokee,2022-02-22
3,1,2,0,Cherokee,2022-02-23
9,2,7,0,Cherokee,2022-02-24
3,1,2,0,Cherokee,2022-02-25
1,0,1,0,Cherokee,2022-02-26
1,0,1,0,Cherokee,2022-02-27
10,1,9,0,Cherokee,2022-02-28
5,3,2,0,Cherokee,2022-03-01
1,1,0,0,Cherokee,2022-03-02
4,1,3,0,Cherokee,2022-03-03
0,0,0,0,Cherokee,2022-03-05
4,1,3,0,Cherokee,2022-03-07
0,0,0,0,Cherokee,2022-03-08
4,1,3,0,Cherokee,2022-03-09
0,0,0,0,Cherokee,2022-03-10
1,0,1,0,Cherokee,2022-03-11
0,0,0,0,Cherokee,2022-03-12
0,0,0,0,Cherokee,2022-03-13
1,0,1,0,Cherokee,2022-03-14
0,0,0,0,Cherokee,2022-03-15
0,0,0,0,Cherokee,2022-03-16
1,1,0,0,Cherokee,2022-03-17
1,0,1,0,Cherokee,2022-03-18
0,0,0,0,Cherokee,2022-03-19
0,0,0,0,Cherokee,2022-03-20
0,0,0,0,Cherokee,2022-03-21
1,1,0,0,Cherokee,2022-03-22
1,0,1,0,Cherokee,2022-03-23
1,0,1,0,Cherokee,2022-03-24
1,0,1,0,Cherokee,2022-03-25
0,0,0,0,Cherokee,2022-03-26
0,0,0,0,Cherokee,2022-03-27
0,0,0,0,Cherokee,2022-03-28
0,0,0,0,Cherokee,2022-03-29
0,0,0,0,Cherokee,2022-03-30
1,0,1,0,Cherokee,2022-03-31
0,0,0,0,Cherokee,2022-04-01
0,0,0,0,Cherokee,2022-04-02
0,0,0,0,Cherokee,2022-04-03
2,1,1,0,Cherokee,2022-04-04
1,0,1,0,Cherokee,2022-04-05
1,1,0,0,Cherokee,2022-04-06
1,1,0,0,Cherokee,2022-04-07
1,0,1,0,Cherokee,2022-04-08
0,0,0,0,Cherokee,2022-04-09
0,0,0,0,Cherokee,2022-04-10
0,0,0,0,Cherokee,2022-04-11
1,1,0,0,Cherokee,2022-04-12
1,0,1,0,Cherokee,2022-04-13
1,0,1,0,Cherokee,2022-04-14
3,0,3,0,Cherokee,2022-04-15
2,0,2,0,Cherokee,2022-04-16
0,0,0,0,Cherokee,2022-04-17
4,1,3,0,Cherokee,2022-04-18
0,0,0,0,Cherokee,2022-04-19
0,0,0,0,Cherokee,2022-04-20
1,0,1,0,Cherokee,2022-04-21
0,0,0,0,Cherokee,2022-04-22
1,0,1,0,Cherokee,2022-04-23
2,0,2,0,Chowan,2021-10-26
0,0,0,0,Chowan,2021-10-27
2,0,2,0,Chowan,2021-10-28
6,4,2,0,Chowan,2021-10-29
1,1,0,0,Chowan,2021-10-30
3,0,3,0,Chowan,2021-10-31
0,0,0,0,Chowan,2021-11-01
3,1,2,0,Chowan,2021-11-02
4,1,3,0,Chowan,2021-11-03
0,0,0,0,Chowan,2021-11-04
1,0,1,0,Chowan,2021-11-05
3,1,2,0,Chowan,2021-11-06
2,0,2,0,Chowan,2021-11-07
7,0,7,0,Chowan,2021-11-09
1,0,1,0,Chowan,2021-11-11
1,0,1,0,Chowan,2021-11-12
0,0,0,0,Chowan,2021-11-14
4,2,2,0,Chowan,2021-11-15
4,0,4,0,Chowan,2021-11-17
3,0,3,0,Chowan,2021-11-18
1,0,1,0,Chowan,2021-11-19
3,0,3,0,Chowan,2021-11-20
1,0,1,0,Chowan,2021-11-21
1,0,1,0,Chowan,2021-11-22
2,0,2,0,Chowan,2021-11-23
4,1,3,0,Chowan,2021-11-24
0,0,0,0,Chowan,2021-11-25
1,0,1,0,Chowan,2021-11-26
3,0,3,0,Chowan,2021-11-27
0,0,0,0,Chowan,2021-11-28
11,0,11,0,Chowan,2021-11-29
4,0,4,0,Chowan,2021-11-30
3,1,2,0,Chowan,2021-12-01
5,0,5,0,Chowan,2021-12-02
3,1,2,0,Chowan,2021-12-03
0,0,0,0,Chowan,2021-12-04
2,0,2,0,Chowan,2021-12-05
4,0,4,0,Chowan,2021-12-06
0,0,0,0,Chowan,2021-12-07
0,0,0,0,Chowan,2021-12-08
2,0,2,0,Chowan,2021-12-09
3,0,3,0,Chowan,2021-12-10
0,0,0,0,Chowan,2021-12-11
2,0,2,0,Chowan,2021-12-12
9,0,9,0,Chowan,2021-12-13
5,1,4,0,Chowan,2021-12-15
4,0,4,0,Chowan,2021-12-16
8,1,7,0,Chowan,2021-12-17
4,0,4,0,Chowan,2021-12-18
3,0,3,0,Chowan,2021-12-19
9,1,8,0,Chowan,2021-12-20
10,0,10,0,Chowan,2021-12-21
7,0,7,0,Chowan,2021-12-22
11,0,11,0,Chowan,2021-12-23
3,1,2,0,Chowan,2021-12-24
8,1,7,0,Chowan,2021-12-25
2,0,2,0,Chowan,2021-12-26
43,1,42,0,Chowan,2021-12-27
61,0,61,0,Chowan,2021-12-29
35,0,35,0,Chowan,2021-12-30
44,0,44,0,Chowan,2021-12-31
11,0,11,0,Chowan,2022-01-01
18,0,18,0,Chowan,2022-01-02
86,2,84,0,Chowan,2022-01-03
61,0,61,0,Chowan,2022-01-04
57,2,55,0,Chowan,2022-01-05
39,2,37,0,Chowan,2022-01-07
22,0,22,0,Chowan,2022-01-08
9,0,9,0,Chowan,2022-01-09
59,1,58,0,Chowan,2022-01-11
48,1,47,0,Chowan,2022-01-13
30,1,29,0,Chowan,2022-01-15
12,4,8,0,Chowan,2022-01-16
31,6,25,0,Chowan,2022-01-17
117,4,113,0,Chowan,2022-01-18
39,4,35,0,Chowan,2022-01-19
11,5,6,0,Chowan,2022-01-21
8,4,4,0,Chowan,2022-01-22
12,0,12,0,Chowan,2022-01-23
32,1,31,0,Chowan,2022-01-26
5,0,5,0,Chowan,2022-01-30
26,3,23,0,Chowan,2022-01-31
19,0,19,0,Chowan,2022-02-01
9,0,9,0,Chowan,2022-02-03
7,0,7,0,Chowan,2022-02-04
0,0,0,0,Chowan,2022-02-05
4,0,4,0,Chowan,2022-02-06
4,0,4,0,Chowan,2022-02-08
6,0,6,0,Chowan,2022-02-09
2,0,2,0,Chowan,2022-02-10
4,0,4,0,Chowan,2022-02-11
2,0,2,0,Chowan,2022-02-12
2,1,1,0,Chowan,2022-02-13
3,0,3,0,Chowan,2022-02-14
7,0,7,0,Chowan,2022-02-18
0,0,0,0,Chowan,2022-02-19
0,0,0,0,Chowan,2022-02-20
7,2,5,0,Chowan,2022-02-21
1,0,1,0,Chowan,2022-02-22
1,0,1,0,Chowan,2022-02-23
2,0,2,0,Chowan,2022-02-24
1,0,1,0,Chowan,2022-02-25
0,0,0,0,Chowan,2022-02-26
1,0,1,0,Chowan,2022-02-27
4,0,4,0,Chowan,2022-02-28
0,0,0,0,Chowan,2022-03-01
1,0,1,0,Chowan,2022-03-02
0,0,0,0,Chowan,2022-03-04
0,0,0,0,Chowan,2022-03-05
1,0,1,0,Chowan,2022-03-06
0,0,0,0,Chowan,2022-03-07
2,0,2,0,Chowan,2022-03-08
0,0,0,0,Chowan,2022-03-09
2,1,1,0,Chowan,2022-03-10
1,0,1,0,Chowan,2022-03-11
0,0,0,0,Chowan,2022-03-12
0,0,0,0,Chowan,2022-03-13
0,0,0,0,Chowan,2022-03-14
1,0,1,0,Chowan,2022-03-15
1,0,1,0,Chowan,2022-03-16
0,0,0,0,Chowan,2022-03-17
1,0,1,0,Chowan,2022-03-18
0,0,0,0,Chowan,2022-03-19
3,3,0,0,Chowan,2022-03-20
0,0,0,0,Chowan,2022-03-21
0,0,0,0,Chowan,2022-03-22
0,0,0,0,Chowan,2022-03-23
0,0,0,0,Chowan,2022-03-24
0,0,0,0,Chowan,2022-03-25
0,0,0,0,Chowan,2022-03-26
0,0,0,0,Chowan,2022-03-27
1,0,1,0,Chowan,2022-03-28
0,0,0,0,Chowan,2022-03-29
1,0,1,0,Chowan,2022-03-30
0,0,0,0,Chowan,2022-03-31
1,0,1,0,Chowan,2022-04-01
0,0,0,0,Chowan,2022-04-02
1,0,1,0,Chowan,2022-04-03
0,0,0,0,Chowan,2022-04-04
1,0,1,0,Chowan,2022-04-05
0,0,0,0,Chowan,2022-04-06
0,0,0,0,Chowan,2022-04-07
0,0,0,0,Chowan,2022-04-08
0,0,0,0,Chowan,2022-04-09
0,0,0,0,Chowan,2022-04-10
0,0,0,0,Chowan,2022-04-11
2,0,2,0,Chowan,2022-04-12
0,0,0,0,Chowan,2022-04-13
0,0,0,0,Chowan,2022-04-14
2,0,2,0,Chowan,2022-04-15
1,0,1,0,Chowan,2022-04-16
0,0,0,0,Chowan,2022-04-17
2,0,2,0,Chowan,2022-04-18
0,0,0,0,Chowan,2022-04-19
0,0,0,0,Chowan,2022-04-20
1,0,1,0,Chowan,2022-04-21
2,1,1,0,Chowan,2022-04-22
1,0,1,0,Chowan,2022-04-23
2,0,2,0,Clay,2021-10-26
4,1,3,0,Clay,2021-10-27
0,0,0,0,Clay,2021-10-29
2,0,2,0,Clay,2021-10-30
2,0,2,0,Clay,2021-10-31
0,0,0,0,Clay,2021-11-01
1,0,1,0,Clay,2021-11-03
0,0,0,0,Clay,2021-11-04
1,1,0,0,Clay,2021-11-05
0,0,0,0,Clay,2021-11-06
0,0,0,0,Clay,2021-11-07
2,1,1,0,Clay,2021-11-08
0,0,0,0,Clay,2021-11-09
1,0,1,0,Clay,2021-11-10
0,0,0,0,Clay,2021-11-11
3,1,2,0,Clay,2021-11-12
0,0,0,0,Clay,2021-11-13
0,0,0,0,Clay,2021-11-14
0,0,0,0,Clay,2021-11-15
1,0,1,0,Clay,2021-11-16
0,0,0,0,Clay,2021-11-17
1,0,1,0,Clay,2021-11-18
4,2,2,0,Clay,2021-11-19
0,0,0,0,Clay,2021-11-20
1,0,1,0,Clay,2021-11-21
0,0,0,0,Clay,2021-11-22
1,1,0,0,Clay,2021-11-23
0,0,0,0,Clay,2021-11-24
0,0,0,0,Clay,2021-11-25
0,0,0,0,Clay,2021-11-26
1,0,1,0,Clay,2021-11-27
1,0,1,0,Clay,2021-11-28
1,1,0,0,Clay,2021-11-29
7,2,5,0,Clay,2021-11-30
3,1,2,0,Clay,2021-12-01
4,0,4,0,Clay,2021-12-02
1,0,1,0,Clay,2021-12-03
0,0,0,0,Clay,2021-12-04
1,0,1,0,Clay,2021-12-05
3,1,2,0,Clay,2021-12-06
2,0,2,0,Clay,2021-12-07
4,0,4,0,Clay,2021-12-08
2,0,2,0,Clay,2021-12-09
3,0,3,0,Clay,2021-12-10
0,0,0,0,Clay,2021-12-11
1,0,1,0,Clay,2021-12-12
3,2,1,0,Clay,2021-12-13
0,0,0,0,Clay,2021-12-14
3,0,3,0,Clay,2021-12-15
1,0,1,0,Clay,2021-12-16
5,0,5,0,Clay,2021-12-17
1,0,1,0,Clay,2021-12-19
0,0,0,0,Clay,2021-12-20
0,0,0,0,Clay,2021-12-21
3,1,2,0,Clay,2021-12-22
5,2,3,0,Clay,2021-12-23
3,0,3,0,Clay,2021-12-24
0,0,0,0,Clay,2021-12-25
4,0,4,0,Clay,2021-12-26
9,0,9,0,Clay,2021-12-27
13,3,10,0,Clay,2021-12-29
14,2,12,0,Clay,2021-12-30
9,3,6,0,Clay,2021-12-31
1,0,1,0,Clay,2022-01-01
7,1,6,0,Clay,2022-01-02
30,6,24,0,Clay,2022-01-03
33,7,26,0,Clay,2022-01-04
18,3,15,0,Clay,2022-01-05
30,7,23,0,Clay,2022-01-06
25,2,23,0,Clay,2022-01-07
9,2,7,0,Clay,2022-01-08
16,0,16,0,Clay,2022-01-09
43,11,32,0,Clay,2022-01-10
19,1,18,0,Clay,2022-01-11
32,10,22,0,Clay,2022-01-12
28,4,24,0,Clay,2022-01-13
29,10,19,0,Clay,2022-01-14
13,0,13,0,Clay,2022-01-15
11,8,3,0,Clay,2022-01-16
22,16,6,0,Clay,2022-01-17
35,4,31,0,Clay,2022-01-18
31,6,25,0,Clay,2022-01-19
20,4,16,0,Clay,2022-01-21
11,0,11,0,Clay,2022-01-22
6,2,4,0,Clay,2022-01-23
31,11,20,0,Clay,2022-01-24
16,3,13,0,Clay,2022-01-25
19,4,15,0,Clay,2022-01-26
29,10,19,0,Clay,2022-01-27
18,9,9,0,Clay,2022-01-28
3,0,3,0,Clay,2022-01-29
20,6,14,0,Clay,2022-01-31
10,4,6,0,Clay,2022-02-01
16,5,11,0,Clay,2022-02-03
9,3,6,0,Clay,2022-02-04
6,2,4,0,Clay,2022-02-05
8,2,6,0,Clay,2022-02-06
12,3,9,0,Clay,2022-02-07
4,1,3,0,Clay,2022-02-08
11,1,10,0,Clay,2022-02-09
7,3,4,0,Clay,2022-02-10
2,1,1,0,Clay,2022-02-11
1,0,1,0,Clay,2022-02-12
2,1,1,0,Clay,2022-02-13
5,2,3,0,Clay,2022-02-14
0,0,0,0,Clay,2022-02-15
5,0,5,0,Clay,2022-02-16
6,2,4,0,Clay,2022-02-17
8,0,8,0,Clay,2022-02-18
0,0,0,0,Clay,2022-02-19
1,0,1,0,Clay,2022-02-20
6,1,5,0,Clay,2022-02-21
2,0,2,0,Clay,2022-02-22
0,0,0,0,Clay,2022-02-23
0,0,0,0,Clay,2022-02-24
0,0,0,0,Clay,2022-02-25
0,0,0,0,Clay,2022-02-26
0,0,0,0,Clay,2022-02-27
2,1,1,0,Clay,2022-02-28
1,0,1,0,Clay,2022-03-01
5,3,2,0,Clay,2022-03-02
1,0,1,0,Clay,2022-03-03
1,0,1,0,Clay,2022-03-04
0,0,0,0,Clay,2022-03-05
0,0,0,0,Clay,2022-03-06
2,0,2,0,Clay,2022-03-07
1,0,1,0,Clay,2022-03-08
0,0,0,0,Clay,2022-03-09
1,0,1,0,Clay,2022-03-10
1,0,1,0,Clay,2022-03-11
0,0,0,0,Clay,2022-03-12
0,0,0,0,Clay,2022-03-13
4,0,4,0,Clay,2022-03-14
1,0,1,0,Clay,2022-03-15
0,0,0,0,Clay,2022-03-16
0,0,0,0,Clay,2022-03-17
1,0,1,0,Clay,2022-03-18
0,0,0,0,Clay,2022-03-19
1,0,1,0,Clay,2022-03-20
0,0,0,0,Clay,2022-03-21
0,0,0,0,Clay,2022-03-22
0,0,0,0,Clay,2022-03-23
0,0,0,0,Clay,2022-03-24
0,0,0,0,Clay,2022-03-25
0,0,0,0,Clay,2022-03-26
0,0,0,0,Clay,2022-03-27
0,0,0,0,Clay,2022-03-28
0,0,0,0,Clay,2022-03-29
0,0,0,0,Clay,2022-03-30
0,0,0,0,Clay,2022-03-31
1,0,1,0,Clay,2022-04-01
0,0,0,0,Clay,2022-04-02
0,0,0,0,Clay,2022-04-03
0,0,0,0,Clay,2022-04-04
0,0,0,0,Clay,2022-04-05
0,0,0,0,Clay,2022-04-06
0,0,0,0,Clay,2022-04-07
0,0,0,0,Clay,2022-04-08
0,0,0,0,Clay,2022-04-09
0,0,0,0,Clay,2022-04-10
0,0,0,0,Clay,2022-04-11
0,0,0,0,Clay,2022-04-12
0,0,0,0,Clay,2022-04-13
0,0,0,0,Clay,2022-04-14
0,0,0,0,Clay,2022-04-15
0,0,0,0,Clay,2022-04-16
0,0,0,0,Clay,2022-04-17
4,0,4,0,Clay,2022-04-18
0,0,0,0,Clay,2022-04-19
0,0,0,0,Clay,2022-04-20
0,0,0,0,Clay,2022-04-21
1,0,1,0,Clay,2022-04-22
0,0,0,0,Clay,2022-04-23
16,2,14,0,Cleveland,2021-10-29
13,2,11,0,Cleveland,2021-10-30
11,3,8,0,Cleveland,2021-10-31
18,3,15,0,Cleveland,2021-11-02
27,4,23,0,Cleveland,2021-11-03
23,4,19,0,Cleveland,2021-11-05
11,1,10,0,Cleveland,2021-11-06
30,4,26,0,Cleveland,2021-11-08
22,5,17,0,Cleveland,2021-11-09
31,3,28,0,Cleveland,2021-11-10
17,5,12,0,Cleveland,2021-11-11
27,4,23,0,Cleveland,2021-11-12
15,7,8,0,Cleveland,2021-11-13
7,0,7,0,Cleveland,2021-11-14
18,2,16,0,Cleveland,2021-11-15
27,2,25,0,Cleveland,2021-11-16
17,3,14,0,Cleveland,2021-11-17
24,5,19,0,Cleveland,2021-11-18
17,6,11,0,Cleveland,2021-11-19
5,2,3,0,Cleveland,2021-11-21
25,3,22,0,Cleveland,2021-11-23
26,4,22,0,Cleveland,2021-11-24
29,3,26,0,Cleveland,2021-11-26
8,1,7,0,Cleveland,2021-11-27
24,1,23,0,Cleveland,2021-11-28
41,10,31,0,Cleveland,2021-11-30
25,2,23,0,Cleveland,2021-12-01
33,8,25,0,Cleveland,2021-12-02
17,2,15,0,Cleveland,2021-12-03
9,1,8,0,Cleveland,2021-12-04
23,1,22,0,Cleveland,2021-12-05
30,4,26,0,Cleveland,2021-12-07
31,10,21,0,Cleveland,2021-12-09
25,4,21,0,Cleveland,2021-12-10
27,7,20,0,Cleveland,2021-12-12
57,10,47,0,Cleveland,2021-12-13
41,7,34,0,Cleveland,2021-12-16
21,5,16,0,Cleveland,2021-12-17
23,4,19,0,Cleveland,2021-12-18
64,8,56,0,Cleveland,2021-12-21
59,5,54,0,Cleveland,2021-12-22
51,6,45,0,Cleveland,2021-12-23
32,3,29,0,Cleveland,2021-12-24
127,15,112,0,Cleveland,2021-12-27
219,56,163,0,Cleveland,2021-12-29
241,50,191,0,Cleveland,2021-12-30
154,41,113,0,Cleveland,2021-12-31
96,22,74,0,Cleveland,2022-01-01
125,50,75,0,Cleveland,2022-01-02
302,81,221,0,Cleveland,2022-01-03
304,73,231,0,Cleveland,2022-01-04
306,62,244,0,Cleveland,2022-01-07
155,42,113,0,Cleveland,2022-01-08
126,46,80,0,Cleveland,2022-01-09
414,85,329,0,Cleveland,2022-01-10
359,73,286,0,Cleveland,2022-01-12
104,16,88,0,Cleveland,2022-01-17
275,50,225,0,Cleveland,2022-01-21
97,27,70,0,Cleveland,2022-01-22
105,33,72,0,Cleveland,2022-01-23
241,35,206,0,Cleveland,2022-01-25
201,18,183,0,Cleveland,2022-01-26
169,21,148,0,Cleveland,2022-01-27
152,17,135,0,Cleveland,2022-01-28
63,14,49,0,Cleveland,2022-01-29
24,3,21,0,Cleveland,2022-02-13
43,10,33,0,Cleveland,2022-02-15
46,7,39,0,Cleveland,2022-02-16
37,8,29,0,Cleveland,2022-02-17
33,9,24,0,Cleveland,2022-02-18
10,5,5,0,Cleveland,2022-02-20
23,4,19,0,Cleveland,2022-02-21
16,2,14,0,Cleveland,2022-02-23
16,1,15,0,Cleveland,2022-02-25
7,3,4,0,Cleveland,2022-02-27
12,2,10,0,Cleveland,2022-02-28
10,0,10,0,Cleveland,2022-03-01
9,1,8,0,Cleveland,2022-03-02
8,1,7,0,Cleveland,2022-03-03
8,1,7,0,Cleveland,2022-03-04
3,1,2,0,Cleveland,2022-03-05
2,0,2,0,Cleveland,2022-03-06
5,2,3,0,Cleveland,2022-03-07
5,2,3,0,Cleveland,2022-03-08
1,0,1,0,Cleveland,2022-03-09
1,1,0,0,Cleveland,2022-03-11
3,0,3,0,Cleveland,2022-03-12
2,0,2,0,Cleveland,2022-03-13
1,0,1,0,Cleveland,2022-03-14
1,0,1,0,Cleveland,2022-03-15
2,1,1,0,Cleveland,2022-03-17
1,0,1,0,Cleveland,2022-03-18
0,0,0,0,Cleveland,2022-03-19
0,0,0,0,Cleveland,2022-03-20
2,0,2,0,Cleveland,2022-03-21
2,0,2,0,Cleveland,2022-03-22
3,0,3,0,Cleveland,2022-03-23
1,0,1,0,Cleveland,2022-03-25
2,0,2,0,Cleveland,2022-03-26
0,0,0,0,Cleveland,2022-03-27
1,0,1,0,Cleveland,2022-03-28
0,0,0,0,Cleveland,2022-03-29
0,0,0,0,Cleveland,2022-03-30
3,0,3,0,Cleveland,2022-03-31
1,0,1,0,Cleveland,2022-04-01
2,0,2,0,Cleveland,2022-04-02
1,0,1,0,Cleveland,2022-04-03
2,1,1,0,Cleveland,2022-04-04
1,0,1,0,Cleveland,2022-04-05
3,0,3,0,Cleveland,2022-04-06
3,0,3,0,Cleveland,2022-04-07
4,0,4,0,Cleveland,2022-04-08
0,0,0,0,Cleveland,2022-04-09
3,0,3,0,Cleveland,2022-04-10
5,1,4,0,Cleveland,2022-04-11
2,1,1,0,Cleveland,2022-04-12
5,0,5,0,Cleveland,2022-04-13
1,0,1,0,Cleveland,2022-04-14
2,0,2,0,Cleveland,2022-04-15
4,1,3,0,Cleveland,2022-04-16
1,0,1,0,Cleveland,2022-04-17
2,0,2,0,Cleveland,2022-04-18
3,1,2,0,Cleveland,2022-04-19
9,2,7,0,Cleveland,2022-04-20
3,1,2,0,Cleveland,2022-04-22
8,0,8,0,Cleveland,2022-04-23
11,5,6,0,Columbus,2021-10-27
13,6,7,0,Columbus,2021-10-28
3,0,3,0,Columbus,2021-10-29
8,0,8,0,Columbus,2021-10-30
3,1,2,0,Columbus,2021-10-31
11,6,5,0,Columbus,2021-11-02
7,1,6,0,Columbus,2021-11-05
3,0,3,0,Columbus,2021-11-06
10,3,7,0,Columbus,2021-11-08
8,3,5,0,Columbus,2021-11-09
5,1,4,0,Columbus,2021-11-11
11,2,9,0,Columbus,2021-11-12
1,0,1,0,Columbus,2021-11-13
2,1,1,0,Columbus,2021-11-14
10,4,6,0,Columbus,2021-11-15
8,1,7,0,Columbus,2021-11-16
14,5,9,0,Columbus,2021-11-17
17,9,8,0,Columbus,2021-11-18
2,0,2,0,Columbus,2021-11-19
4,0,4,0,Columbus,2021-11-20
3,0,3,0,Columbus,2021-11-21
10,3,7,0,Columbus,2021-11-22
6,3,3,0,Columbus,2021-11-23
9,5,4,0,Columbus,2021-11-24
2,0,2,0,Columbus,2021-11-25
11,1,10,0,Columbus,2021-11-27
5,0,5,0,Columbus,2021-11-28
31,8,23,0,Columbus,2021-11-29
13,7,6,0,Columbus,2021-11-30
15,6,9,0,Columbus,2021-12-01
6,3,3,0,Columbus,2021-12-02
8,2,6,0,Columbus,2021-12-03
7,1,6,0,Columbus,2021-12-04
3,1,2,0,Columbus,2021-12-05
30,19,11,0,Columbus,2021-12-06
10,5,5,0,Columbus,2021-12-07
20,7,13,0,Columbus,2021-12-08
10,3,7,0,Columbus,2021-12-10
5,1,4,0,Columbus,2021-12-11
5,2,3,0,Columbus,2021-12-12
25,12,13,0,Columbus,2021-12-13
9,6,3,0,Columbus,2021-12-15
21,10,11,0,Columbus,2021-12-16
14,4,10,0,Columbus,2021-12-17
2,0,2,0,Columbus,2021-12-18
4,0,4,0,Columbus,2021-12-19
25,9,16,0,Columbus,2021-12-20
19,7,12,0,Columbus,2021-12-21
20,2,18,0,Columbus,2021-12-22
26,4,22,0,Columbus,2021-12-23
13,2,11,0,Columbus,2021-12-24
7,2,5,0,Columbus,2021-12-25
9,3,6,0,Columbus,2021-12-26
75,4,71,0,Columbus,2021-12-28
97,14,83,0,Columbus,2021-12-29
84,11,73,0,Columbus,2021-12-30
50,9,41,0,Columbus,2021-12-31
15,5,10,0,Columbus,2022-01-01
30,9,21,0,Columbus,2022-01-02
120,26,94,0,Columbus,2022-01-03
156,78,78,0,Columbus,2022-01-04
162,86,76,0,Columbus,2022-01-05
113,29,84,0,Columbus,2022-01-07
40,16,24,0,Columbus,2022-01-08
40,7,33,0,Columbus,2022-01-09
341,196,145,0,Columbus,2022-01-10
259,68,191,0,Columbus,2022-01-11
274,117,157,0,Columbus,2022-01-13
54,9,45,0,Columbus,2022-01-15
39,13,26,0,Columbus,2022-01-16
189,59,130,0,Columbus,2022-01-17
288,115,173,0,Columbus,2022-01-19
25,9,16,0,Columbus,2022-01-21
25,13,12,0,Columbus,2022-01-22
15,9,6,0,Columbus,2022-01-29
21,6,15,0,Columbus,2022-01-30
68,30,38,0,Columbus,2022-02-01
16,5,11,0,Columbus,2022-02-05
56,21,35,0,Columbus,2022-02-07
43,23,20,0,Columbus,2022-02-08
25,13,12,0,Columbus,2022-02-09
7,2,5,0,Columbus,2022-02-12
11,1,10,0,Columbus,2022-02-13
23,13,10,0,Columbus,2022-02-16
11,3,8,0,Columbus,2022-02-18
0,0,0,0,Columbus,2022-02-19
3,1,2,0,Columbus,2022-02-20
18,11,7,0,Columbus,2022-02-21
7,2,5,0,Columbus,2022-02-22
11,6,5,0,Columbus,2022-02-23
7,4,3,0,Columbus,2022-02-24
5,2,3,0,Columbus,2022-02-25
4,0,4,0,Columbus,2022-02-26
2,1,1,0,Columbus,2022-02-27
12,8,4,0,Columbus,2022-02-28
6,0,6,0,Columbus,2022-03-01
4,1,3,0,Columbus,2022-03-02
2,1,1,0,Columbus,2022-03-03
1,0,1,0,Columbus,2022-03-04
0,0,0,0,Columbus,2022-03-05
1,1,0,0,Columbus,2022-03-06
1,0,1,0,Columbus,2022-03-07
6,1,5,0,Columbus,2022-03-08
2,0,2,0,Columbus,2022-03-09
2,1,1,0,Columbus,2022-03-10
2,0,2,0,Columbus,2022-03-11
1,0,1,0,Columbus,2022-03-13
2,2,0,0,Columbus,2022-03-14
0,0,0,0,Columbus,2022-03-15
1,0,1,0,Columbus,2022-03-16
3,0,3,0,Columbus,2022-03-17
2,0,2,0,Columbus,2022-03-18
0,0,0,0,Columbus,2022-03-19
0,0,0,0,Columbus,2022-03-20
0,0,0,0,Columbus,2022-03-21
0,0,0,0,Columbus,2022-03-22
1,0,1,0,Columbus,2022-03-23
0,0,0,0,Columbus,2022-03-24
0,0,0,0,Columbus,2022-03-25
1,0,1,0,Columbus,2022-03-26
1,0,1,0,Columbus,2022-03-27
3,0,3,0,Columbus,2022-03-28
0,0,0,0,Columbus,2022-03-29
0,0,0,0,Columbus,2022-03-30
2,1,1,0,Columbus,2022-03-31
0,0,0,0,Columbus,2022-04-01
1,0,1,0,Columbus,2022-04-02
0,0,0,0,Columbus,2022-04-03
1,1,0,0,Columbus,2022-04-04
2,0,2,0,Columbus,2022-04-05
0,0,0,0,Columbus,2022-04-06
1,0,1,0,Columbus,2022-04-07
1,0,1,0,Columbus,2022-04-08
0,0,0,0,Columbus,2022-04-09
0,0,0,0,Columbus,2022-04-10
3,2,1,0,Columbus,2022-04-11
1,1,0,0,Columbus,2022-04-12
0,0,0,0,Columbus,2022-04-13
1,0,1,0,Columbus,2022-04-14
0,0,0,0,Columbus,2022-04-15
0,0,0,0,Columbus,2022-04-16
0,0,0,0,Columbus,2022-04-17
4,0,4,0,Columbus,2022-04-18
1,0,1,0,Columbus,2022-04-19
1,1,0,0,Columbus,2022-04-21
1,0,1,0,Columbus,2022-04-22
2,1,1,0,Columbus,2022-04-23
12,3,9,0,Craven,2021-10-26
14,6,8,0,Craven,2021-10-27
12,4,8,0,Craven,2021-10-28
12,4,8,0,Craven,2021-10-29
2,0,2,0,Craven,2021-10-30
5,1,4,0,Craven,2021-10-31
15,4,11,0,Craven,2021-11-01
11,6,5,0,Craven,2021-11-02
10,6,4,0,Craven,2021-11-03
7,0,7,0,Craven,2021-11-04
4,2,2,0,Craven,2021-11-05
0,0,0,0,Craven,2021-11-06
3,3,0,0,Craven,2021-11-07
19,13,6,0,Craven,2021-11-08
19,11,8,0,Craven,2021-11-09
9,4,5,0,Craven,2021-11-10
4,1,3,0,Craven,2021-11-11
7,1,6,0,Craven,2021-11-12
4,0,4,0,Craven,2021-11-13
5,2,3,0,Craven,2021-11-14
30,2,28,0,Craven,2021-11-16
17,8,9,0,Craven,2021-11-18
1,0,1,0,Craven,2021-11-20
3,2,1,0,Craven,2021-11-21
16,9,7,0,Craven,2021-11-22
14,5,9,0,Craven,2021-11-23
2,0,2,0,Craven,2021-11-24
0,0,0,0,Craven,2021-11-25
15,2,13,0,Craven,2021-11-26
7,4,3,0,Craven,2021-11-27
16,5,11,0,Craven,2021-11-28
28,12,16,0,Craven,2021-11-29
30,9,21,0,Craven,2021-11-30
18,5,13,0,Craven,2021-12-02
17,3,14,0,Craven,2021-12-04
16,1,15,0,Craven,2021-12-06
20,9,11,0,Craven,2021-12-07
24,10,14,0,Craven,2021-12-08
19,6,13,0,Craven,2021-12-10
14,5,9,0,Craven,2021-12-11
14,4,10,0,Craven,2021-12-12
32,11,21,0,Craven,2021-12-13
21,9,12,0,Craven,2021-12-14
32,8,24,0,Craven,2021-12-15
28,10,18,0,Craven,2021-12-16
34,14,20,0,Craven,2021-12-17
14,5,9,0,Craven,2021-12-18
41,16,25,0,Craven,2021-12-20
47,18,29,0,Craven,2021-12-21
58,13,45,0,Craven,2021-12-22
39,13,26,0,Craven,2021-12-23
17,7,10,0,Craven,2021-12-24
9,1,8,0,Craven,2021-12-25
37,8,29,0,Craven,2021-12-26
99,27,72,0,Craven,2021-12-27
133,32,101,0,Craven,2021-12-29
114,20,94,0,Craven,2021-12-30
74,22,52,0,Craven,2021-12-31
72,17,55,0,Craven,2022-01-02
253,55,198,0,Craven,2022-01-03
229,54,175,0,Craven,2022-01-05
216,67,149,0,Craven,2022-01-06
265,85,180,0,Craven,2022-01-07
77,24,53,0,Craven,2022-01-08
86,26,60,0,Craven,2022-01-09
412,130,282,0,Craven,2022-01-10
304,104,200,0,Craven,2022-01-11
281,94,187,0,Craven,2022-01-13
280,62,218,0,Craven,2022-01-14
329,130,199,0,Craven,2022-01-17
426,121,305,0,Craven,2022-01-19
109,32,77,0,Craven,2022-01-21
268,97,171,0,Craven,2022-01-25
255,66,189,0,Craven,2022-01-26
214,54,160,0,Craven,2022-01-31
46,12,34,0,Craven,2022-02-05
87,29,58,0,Craven,2022-02-08
84,21,63,0,Craven,2022-02-09
79,37,42,0,Craven,2022-02-10
59,18,41,0,Craven,2022-02-11
35,12,23,0,Craven,2022-02-15
55,16,39,0,Craven,2022-02-16
38,10,28,0,Craven,2022-02-18
16,5,11,0,Craven,2022-02-19
9,0,9,0,Craven,2022-02-20
37,8,29,0,Craven,2022-02-21
26,9,17,0,Craven,2022-02-22
24,6,18,0,Craven,2022-02-23
18,2,16,0,Craven,2022-02-24
20,3,17,0,Craven,2022-02-25
8,2,6,0,Craven,2022-02-26
4,2,2,0,Craven,2022-02-27
21,2,19,0,Craven,2022-02-28
12,2,10,0,Craven,2022-03-01
13,6,7,0,Craven,2022-03-02
8,2,6,0,Craven,2022-03-03
9,3,6,0,Craven,2022-03-04
4,2,2,0,Craven,2022-03-05
8,3,5,0,Craven,2022-03-06
18,10,8,0,Craven,2022-03-07
7,2,5,0,Craven,2022-03-08
6,3,3,0,Craven,2022-03-10
12,4,8,0,Craven,2022-03-11
7,1,6,0,Craven,2022-03-13
8,2,6,0,Craven,2022-03-15
6,2,4,0,Craven,2022-03-16
9,4,5,0,Craven,2022-03-17
5,3,2,0,Craven,2022-03-18
1,0,1,0,Craven,2022-03-19
2,2,0,0,Craven,2022-03-20
6,1,5,0,Craven,2022-03-22
2,0,2,0,Craven,2022-03-23
3,1,2,0,Craven,2022-03-24
3,2,1,0,Craven,2022-03-25
3,1,2,0,Craven,2022-03-26
1,0,1,0,Craven,2022-03-27
5,4,1,0,Craven,2022-03-28
3,2,1,0,Craven,2022-03-29
2,1,1,0,Craven,2022-03-30
6,0,6,0,Craven,2022-03-31
4,0,4,0,Craven,2022-04-01
3,0,3,0,Craven,2022-04-02
1,1,0,0,Craven,2022-04-03
8,5,3,0,Craven,2022-04-04
5,4,1,0,Craven,2022-04-05
10,2,8,0,Craven,2022-04-06
6,2,4,0,Craven,2022-04-07
6,5,1,0,Craven,2022-04-08
2,0,2,0,Craven,2022-04-09
2,0,2,0,Craven,2022-04-10
8,2,6,0,Craven,2022-04-11
8,2,6,0,Craven,2022-04-12
26,21,5,0,Craven,2022-04-13
10,4,6,0,Craven,2022-04-14
6,3,3,0,Craven,2022-04-15
5,0,5,0,Craven,2022-04-16
7,1,6,0,Craven,2022-04-17
12,7,5,0,Craven,2022-04-18
18,5,13,0,Craven,2022-04-19
11,3,8,0,Craven,2022-04-20
10,6,4,0,Craven,2022-04-21
8,5,3,0,Craven,2022-04-22
59,12,47,0,Cumberland,2021-10-26
73,12,61,0,Cumberland,2021-10-27
58,12,46,0,Cumberland,2021-10-28
48,10,38,0,Cumberland,2021-10-29
21,1,20,0,Cumberland,2021-10-30
56,21,35,0,Cumberland,2021-11-02
57,12,45,0,Cumberland,2021-11-03
45,10,35,0,Cumberland,2021-11-08
48,4,44,0,Cumberland,2021-11-09
46,8,38,0,Cumberland,2021-11-10
42,4,38,0,Cumberland,2021-11-12
23,6,17,0,Cumberland,2021-11-13
58,12,46,0,Cumberland,2021-11-17
55,8,47,0,Cumberland,2021-11-19
22,4,18,0,Cumberland,2021-11-21
76,22,54,0,Cumberland,2021-11-22
72,9,63,0,Cumberland,2021-11-26
42,7,35,0,Cumberland,2021-11-28
156,25,131,0,Cumberland,2021-11-29
142,17,125,0,Cumberland,2021-11-30
112,15,97,0,Cumberland,2021-12-02
99,11,88,0,Cumberland,2021-12-03
136,18,118,0,Cumberland,2021-12-07
161,41,120,0,Cumberland,2021-12-10
58,9,49,0,Cumberland,2021-12-11
41,8,33,0,Cumberland,2021-12-12
179,25,154,0,Cumberland,2021-12-13
136,21,115,0,Cumberland,2021-12-14
168,30,138,0,Cumberland,2021-12-15
130,21,109,0,Cumberland,2021-12-17
79,13,66,0,Cumberland,2021-12-18
70,7,63,0,Cumberland,2021-12-19
194,21,173,0,Cumberland,2021-12-20
238,36,202,0,Cumberland,2021-12-21
235,36,199,0,Cumberland,2021-12-22
284,40,244,0,Cumberland,2021-12-23
66,1,65,0,Cumberland,2021-12-25
194,32,162,0,Cumberland,2021-12-26
524,86,438,0,Cumberland,2021-12-27
1010,108,902,0,Cumberland,2021-12-29
608,61,547,0,Cumberland,2021-12-31
292,25,267,0,Cumberland,2022-01-01
1412,130,1282,0,Cumberland,2022-01-03
1407,122,1285,0,Cumberland,2022-01-04
1266,119,1147,0,Cumberland,2022-01-05
989,95,894,0,Cumberland,2022-01-07
451,26,425,0,Cumberland,2022-01-09
1295,140,1155,0,Cumberland,2022-01-11
1072,147,925,0,Cumberland,2022-01-12
945,129,816,0,Cumberland,2022-01-14
1187,196,991,0,Cumberland,2022-01-20
1587,135,1452,0,Cumberland,2022-01-24
723,58,665,0,Cumberland,2022-01-26
624,83,541,0,Cumberland,2022-01-28
209,21,188,0,Cumberland,2022-01-29
663,98,565,0,Cumberland,2022-01-31
488,72,416,0,Cumberland,2022-02-01
117,17,100,0,Cumberland,2022-02-05
305,63,242,0,Cumberland,2022-02-07
292,72,220,0,Cumberland,2022-02-08
229,57,172,0,Cumberland,2022-02-09
179,18,161,0,Cumberland,2022-02-14
117,16,101,0,Cumberland,2022-02-15
120,26,94,0,Cumberland,2022-02-17
107,23,84,0,Cumberland,2022-02-21
114,6,108,0,Cumberland,2022-02-22
58,12,46,0,Cumberland,2022-02-24
42,4,38,0,Cumberland,2022-02-25
25,8,17,0,Cumberland,2022-02-26
11,3,8,0,Cumberland,2022-02-27
80,11,69,0,Cumberland,2022-02-28
45,7,38,0,Cumberland,2022-03-01
51,5,46,0,Cumberland,2022-03-03
18,2,16,0,Cumberland,2022-03-04
11,3,8,0,Cumberland,2022-03-05
7,1,6,0,Cumberland,2022-03-06
30,4,26,0,Cumberland,2022-03-07
23,9,14,0,Cumberland,2022-03-08
22,3,19,0,Cumberland,2022-03-09
24,5,19,0,Cumberland,2022-03-10
41,1,40,0,Cumberland,2022-03-11
11,2,9,0,Cumberland,2022-03-12
7,2,5,0,Cumberland,2022-03-13
30,2,28,0,Cumberland,2022-03-14
25,3,22,0,Cumberland,2022-03-15
32,8,24,0,Cumberland,2022-03-16
14,2,12,0,Cumberland,2022-03-17
11,5,6,0,Cumberland,2022-03-18
7,2,5,0,Cumberland,2022-03-19
4,1,3,0,Cumberland,2022-03-20
17,5,12,0,Cumberland,2022-03-21
22,2,20,0,Cumberland,2022-03-22
14,2,12,0,Cumberland,2022-03-23
12,1,11,0,Cumberland,2022-03-24
17,2,15,0,Cumberland,2022-03-25
7,2,5,0,Cumberland,2022-03-26
9,6,3,0,Cumberland,2022-03-27
16,3,13,0,Cumberland,2022-03-28
15,6,9,0,Cumberland,2022-03-29
10,2,8,0,Cumberland,2022-03-30
13,3,10,0,Cumberland,2022-03-31
10,3,7,0,Cumberland,2022-04-01
5,1,4,0,Cumberland,2022-04-02
2,0,2,0,Cumberland,2022-04-03
19,5,14,0,Cumberland,2022-04-04
25,4,21,0,Cumberland,2022-04-05
21,1,20,0,Cumberland,2022-04-06
23,5,18,0,Cumberland,2022-04-07
25,6,19,0,Cumberland,2022-04-08
9,4,5,0,Cumberland,2022-04-09
10,2,8,0,Cumberland,2022-04-10
25,12,13,0,Cumberland,2022-04-11
24,6,18,0,Cumberland,2022-04-12
38,13,25,0,Cumberland,2022-04-13
40,5,35,0,Cumberland,2022-04-14
25,0,25,0,Cumberland,2022-04-15
22,6,16,0,Cumberland,2022-04-16
6,3,3,0,Cumberland,2022-04-17
41,3,38,0,Cumberland,2022-04-18
31,7,24,0,Cumberland,2022-04-19
32,5,27,0,Cumberland,2022-04-21
35,4,31,0,Cumberland,2022-04-22
15,7,8,0,Cumberland,2022-04-23
6,1,5,0,Currituck,2021-10-27
6,0,6,0,Currituck,2021-10-28
10,1,9,0,Currituck,2021-10-29
8,5,3,0,Currituck,2021-10-30
6,1,5,0,Currituck,2021-10-31
14,2,12,0,Currituck,2021-11-01
13,4,9,0,Currituck,2021-11-02
13,3,10,0,Currituck,2021-11-03
19,4,15,0,Currituck,2021-11-04
5,3,2,0,Currituck,2021-11-05
9,2,7,0,Currituck,2021-11-06
11,0,11,0,Currituck,2021-11-09
14,2,12,0,Currituck,2021-11-10
5,2,3,0,Currituck,2021-11-11
15,1,14,0,Currituck,2021-11-12
9,1,8,0,Currituck,2021-11-15
12,6,6,0,Currituck,2021-11-16
11,3,8,0,Currituck,2021-11-17
6,1,5,0,Currituck,2021-11-18
6,0,6,0,Currituck,2021-11-19
4,1,3,0,Currituck,2021-11-20
6,1,5,0,Currituck,2021-11-21
7,1,6,0,Currituck,2021-11-22
3,0,3,0,Currituck,2021-11-23
7,3,4,0,Currituck,2021-11-24
0,0,0,0,Currituck,2021-11-25
6,1,5,0,Currituck,2021-11-26
4,1,3,0,Currituck,2021-11-27
7,0,7,0,Currituck,2021-11-28
18,2,16,0,Currituck,2021-11-29
15,3,12,0,Currituck,2021-11-30
14,4,10,0,Currituck,2021-12-01
10,0,10,0,Currituck,2021-12-02
6,0,6,0,Currituck,2021-12-03
3,0,3,0,Currituck,2021-12-04
5,1,4,0,Currituck,2021-12-05
11,3,8,0,Currituck,2021-12-06
13,4,9,0,Currituck,2021-12-07
2,0,2,0,Currituck,2021-12-08
3,0,3,0,Currituck,2021-12-09
10,2,8,0,Currituck,2021-12-10
3,1,2,0,Currituck,2021-12-11
7,0,7,0,Currituck,2021-12-12
9,1,8,0,Currituck,2021-12-13
8,1,7,0,Currituck,2021-12-14
8,1,7,0,Currituck,2021-12-15
11,3,8,0,Currituck,2021-12-16
8,3,5,0,Currituck,2021-12-17
11,4,7,0,Currituck,2021-12-18
7,0,7,0,Currituck,2021-12-19
16,4,12,0,Currituck,2021-12-20
19,7,12,0,Currituck,2021-12-21
16,3,13,0,Currituck,2021-12-23
11,7,4,0,Currituck,2021-12-25
21,6,15,0,Currituck,2021-12-26
35,4,31,0,Currituck,2021-12-27
32,4,28,0,Currituck,2021-12-28
46,5,41,0,Currituck,2021-12-29
18,0,18,0,Currituck,2021-12-31
31,6,25,0,Currituck,2022-01-01
26,8,18,0,Currituck,2022-01-02
62,13,49,0,Currituck,2022-01-03
60,11,49,0,Currituck,2022-01-04
54,8,46,0,Currituck,2022-01-05
57,4,53,0,Currituck,2022-01-06
39,6,33,0,Currituck,2022-01-07
23,3,20,0,Currituck,2022-01-09
77,11,66,0,Currituck,2022-01-10
64,7,57,0,Currituck,2022-01-12
66,6,60,0,Currituck,2022-01-13
62,4,58,0,Currituck,2022-01-14
34,11,23,0,Currituck,2022-01-15
29,3,26,0,Currituck,2022-01-16
68,18,50,0,Currituck,2022-01-17
78,9,69,0,Currituck,2022-01-18
72,10,62,0,Currituck,2022-01-19
52,6,46,0,Currituck,2022-01-20
19,5,14,0,Currituck,2022-01-21
6,2,4,0,Currituck,2022-01-22
20,4,16,0,Currituck,2022-01-23
59,8,51,0,Currituck,2022-01-24
66,10,56,0,Currituck,2022-01-25
43,3,40,0,Currituck,2022-01-26
20,6,14,0,Currituck,2022-01-27
3,0,3,0,Currituck,2022-01-28
5,2,3,0,Currituck,2022-01-29
4,1,3,0,Currituck,2022-01-30
27,4,23,0,Currituck,2022-01-31
20,5,15,0,Currituck,2022-02-01
12,1,11,0,Currituck,2022-02-03
14,0,14,0,Currituck,2022-02-04
3,2,1,0,Currituck,2022-02-05
3,0,3,0,Currituck,2022-02-06
12,1,11,0,Currituck,2022-02-07
5,0,5,0,Currituck,2022-02-08
9,1,8,0,Currituck,2022-02-09
6,0,6,0,Currituck,2022-02-10
8,0,8,0,Currituck,2022-02-11
5,0,5,0,Currituck,2022-02-12
4,0,4,0,Currituck,2022-02-13
9,0,9,0,Currituck,2022-02-14
4,0,4,0,Currituck,2022-02-15
10,2,8,0,Currituck,2022-02-16
2,0,2,0,Currituck,2022-02-17
0,0,0,0,Currituck,2022-02-18
0,0,0,0,Currituck,2022-02-19
0,0,0,0,Currituck,2022-02-20
0,0,0,0,Currituck,2022-02-21
3,0,3,0,Currituck,2022-02-22
0,0,0,0,Currituck,2022-02-23
0,0,0,0,Currituck,2022-02-24
0,0,0,0,Currituck,2022-02-25
2,0,2,0,Currituck,2022-02-26
0,0,0,0,Currituck,2022-02-27
3,0,3,0,Currituck,2022-02-28
0,0,0,0,Currituck,2022-03-01
0,0,0,0,Currituck,2022-03-02
3,3,0,0,Currituck,2022-03-03
0,0,0,0,Currituck,2022-03-04
3,2,1,0,Currituck,2022-03-05
3,0,3,0,Currituck,2022-03-06
0,0,0,0,Currituck,2022-03-07
2,0,2,0,Currituck,2022-03-08
0,0,0,0,Currituck,2022-03-09
2,1,1,0,Currituck,2022-03-10
0,0,0,0,Currituck,2022-03-11
3,1,2,0,Currituck,2022-03-12
2,1,1,0,Currituck,2022-03-13
0,0,0,0,Currituck,2022-03-14
0,0,0,0,Currituck,2022-03-15
0,0,0,0,Currituck,2022-03-16
0,0,0,0,Currituck,2022-03-17
0,0,0,0,Currituck,2022-03-18
0,0,0,0,Currituck,2022-03-19
0,0,0,0,Currituck,2022-03-20
0,0,0,0,Currituck,2022-03-21
1,0,1,0,Currituck,2022-03-22
0,0,0,0,Currituck,2022-03-23
0,0,0,0,Currituck,2022-03-24
2,0,2,0,Currituck,2022-03-25
0,0,0,0,Currituck,2022-03-26
0,0,0,0,Currituck,2022-03-27
0,0,0,0,Currituck,2022-03-28
0,0,0,0,Currituck,2022-03-29
2,0,2,0,Currituck,2022-03-30
0,0,0,0,Currituck,2022-03-31
1,0,1,0,Currituck,2022-04-01
0,0,0,0,Currituck,2022-04-02
2,0,2,0,Currituck,2022-04-03
0,0,0,0,Currituck,2022-04-04
0,0,0,0,Currituck,2022-04-05
0,0,0,0,Currituck,2022-04-06
3,0,3,0,Currituck,2022-04-07
0,0,0,0,Currituck,2022-04-08
0,0,0,0,Currituck,2022-04-09
0,0,0,0,Currituck,2022-04-10
1,0,1,0,Currituck,2022-04-11
1,0,1,0,Currituck,2022-04-12
1,0,1,0,Currituck,2022-04-13
2,0,2,0,Currituck,2022-04-14
0,0,0,0,Currituck,2022-04-15
0,0,0,0,Currituck,2022-04-16
0,0,0,0,Currituck,2022-04-17
0,0,0,0,Currituck,2022-04-18
0,0,0,0,Currituck,2022-04-19
2,0,2,0,Currituck,2022-04-20
1,0,1,0,Currituck,2022-04-21
1,0,1,0,Currituck,2022-04-22
0,0,0,0,Currituck,2022-04-23
17,1,16,0,Dare,2021-10-26
2,0,2,0,Dare,2021-10-27
11,0,11,0,Dare,2021-10-28
7,0,7,0,Dare,2021-10-30
8,0,8,0,Dare,2021-11-01
13,0,13,0,Dare,2021-11-02
3,0,3,0,Dare,2021-11-03
10,0,10,0,Dare,2021-11-04
10,0,10,0,Dare,2021-11-05
3,0,3,0,Dare,2021-11-06
15,0,15,0,Dare,2021-11-08
12,0,12,0,Dare,2021-11-09
12,0,12,0,Dare,2021-11-10
8,0,8,0,Dare,2021-11-11
7,0,7,0,Dare,2021-11-12
7,0,7,0,Dare,2021-11-14
8,0,8,0,Dare,2021-11-15
7,0,7,0,Dare,2021-11-16
8,0,8,0,Dare,2021-11-17
7,0,7,0,Dare,2021-11-19
6,0,6,0,Dare,2021-11-20
5,0,5,0,Dare,2021-11-21
12,0,12,0,Dare,2021-11-23
12,1,11,0,Dare,2021-11-24
3,0,3,0,Dare,2021-11-25
16,1,15,0,Dare,2021-11-26
7,0,7,0,Dare,2021-11-27
12,0,12,0,Dare,2021-11-28
22,0,22,0,Dare,2021-11-29
9,0,9,0,Dare,2021-11-30
11,0,11,0,Dare,2021-12-01
18,0,18,0,Dare,2021-12-02
28,0,28,0,Dare,2021-12-03
8,0,8,0,Dare,2021-12-05
20,0,20,0,Dare,2021-12-07
19,0,19,0,Dare,2021-12-09
15,0,15,0,Dare,2021-12-10
19,0,19,0,Dare,2021-12-12
33,0,33,0,Dare,2021-12-13
24,0,24,0,Dare,2021-12-16
19,0,19,0,Dare,2021-12-17
7,0,7,0,Dare,2021-12-18
8,0,8,0,Dare,2021-12-19
24,2,22,0,Dare,2021-12-20
20,0,20,0,Dare,2021-12-21
25,0,25,0,Dare,2021-12-22
31,0,31,0,Dare,2021-12-23
23,0,23,0,Dare,2021-12-24
0,0,0,0,Dare,2021-12-25
29,0,29,0,Dare,2021-12-26
49,0,49,0,Dare,2021-12-27
68,1,67,0,Dare,2021-12-28
58,1,57,0,Dare,2021-12-29
64,0,64,0,Dare,2021-12-30
52,0,52,0,Dare,2021-12-31
18,0,18,0,Dare,2022-01-01
44,1,43,0,Dare,2022-01-02
91,0,91,0,Dare,2022-01-03
98,0,98,0,Dare,2022-01-04
102,0,102,0,Dare,2022-01-05
103,0,103,0,Dare,2022-01-06
78,0,78,0,Dare,2022-01-07
50,0,50,0,Dare,2022-01-08
128,0,128,0,Dare,2022-01-10
109,0,109,0,Dare,2022-01-11
102,1,101,0,Dare,2022-01-12
109,1,108,0,Dare,2022-01-13
110,1,109,0,Dare,2022-01-14
51,0,51,0,Dare,2022-01-15
41,1,40,0,Dare,2022-01-16
77,0,77,0,Dare,2022-01-17
96,0,96,0,Dare,2022-01-18
107,2,105,0,Dare,2022-01-19
84,1,83,0,Dare,2022-01-20
30,0,30,0,Dare,2022-01-21
23,0,23,0,Dare,2022-01-22
14,0,14,0,Dare,2022-01-23
84,0,84,0,Dare,2022-01-24
64,2,62,0,Dare,2022-01-25
56,2,54,0,Dare,2022-01-26
48,0,48,0,Dare,2022-01-27
32,1,31,0,Dare,2022-01-28
9,0,9,0,Dare,2022-01-29
53,2,51,0,Dare,2022-01-31
38,0,38,0,Dare,2022-02-01
20,0,20,0,Dare,2022-02-03
32,0,32,0,Dare,2022-02-04
9,0,9,0,Dare,2022-02-05
13,0,13,0,Dare,2022-02-06
20,2,18,0,Dare,2022-02-07
17,1,16,0,Dare,2022-02-08
11,0,11,0,Dare,2022-02-09
14,0,14,0,Dare,2022-02-10
15,0,15,0,Dare,2022-02-11
4,0,4,0,Dare,2022-02-12
7,0,7,0,Dare,2022-02-13
9,0,9,0,Dare,2022-02-14
16,0,16,0,Dare,2022-02-15
12,0,12,0,Dare,2022-02-16
13,0,13,0,Dare,2022-02-17
9,0,9,0,Dare,2022-02-18
3,0,3,0,Dare,2022-02-19
7,0,7,0,Dare,2022-02-20
11,0,11,0,Dare,2022-02-21
6,0,6,0,Dare,2022-02-22
4,0,4,0,Dare,2022-02-23
4,0,4,0,Dare,2022-02-25
1,0,1,0,Dare,2022-02-26
1,0,1,0,Dare,2022-02-27
3,0,3,0,Dare,2022-02-28
2,0,2,0,Dare,2022-03-01
3,0,3,0,Dare,2022-03-02
10,0,10,0,Dare,2022-03-03
3,0,3,0,Dare,2022-03-04
2,0,2,0,Dare,2022-03-05
2,0,2,0,Dare,2022-03-06
6,0,6,0,Dare,2022-03-07
4,0,4,0,Dare,2022-03-08
8,0,8,0,Dare,2022-03-09
0,0,0,0,Dare,2022-03-10
0,0,0,0,Dare,2022-03-11
0,0,0,0,Dare,2022-03-12
3,0,3,0,Dare,2022-03-13
1,0,1,0,Dare,2022-03-14
3,0,3,0,Dare,2022-03-15
2,0,2,0,Dare,2022-03-16
1,0,1,0,Dare,2022-03-17
3,0,3,0,Dare,2022-03-18
1,0,1,0,Dare,2022-03-19
2,0,2,0,Dare,2022-03-20
2,0,2,0,Dare,2022-03-21
1,0,1,0,Dare,2022-03-22
2,0,2,0,Dare,2022-03-23
0,0,0,0,Dare,2022-03-24
1,0,1,0,Dare,2022-03-25
1,0,1,0,Dare,2022-03-27
0,0,0,0,Dare,2022-03-28
0,0,0,0,Dare,2022-03-29
2,1,1,0,Dare,2022-03-30
1,0,1,0,Dare,2022-03-31
1,0,1,0,Dare,2022-04-01
1,0,1,0,Dare,2022-04-02
1,0,1,0,Dare,2022-04-03
0,0,0,0,Dare,2022-04-04
1,0,1,0,Dare,2022-04-05
3,0,3,0,Dare,2022-04-06
2,0,2,0,Dare,2022-04-07
1,0,1,0,Dare,2022-04-08
2,0,2,0,Dare,2022-04-09
1,0,1,0,Dare,2022-04-10
1,0,1,0,Dare,2022-04-12
6,0,6,0,Dare,2022-04-14
6,0,6,0,Dare,2022-04-15
2,0,2,0,Dare,2022-04-16
6,0,6,0,Dare,2022-04-18
7,0,7,0,Dare,2022-04-19
2,0,2,0,Dare,2022-04-20
7,0,7,0,Dare,2022-04-22
4,0,4,0,Dare,2022-04-23
30,6,24,0,Davidson,2021-10-27
31,2,29,0,Davidson,2021-10-29
18,1,17,0,Davidson,2021-10-30
43,7,36,0,Davidson,2021-11-01
29,4,25,0,Davidson,2021-11-03
36,4,32,0,Davidson,2021-11-04
13,0,13,0,Davidson,2021-11-06
13,0,13,0,Davidson,2021-11-07
40,10,30,0,Davidson,2021-11-08
34,3,31,0,Davidson,2021-11-09
40,5,35,0,Davidson,2021-11-10
45,7,38,0,Davidson,2021-11-12
16,2,14,0,Davidson,2021-11-13
18,0,18,0,Davidson,2021-11-14
46,6,40,0,Davidson,2021-11-16
45,4,41,0,Davidson,2021-11-17
49,6,43,0,Davidson,2021-11-19
35,3,32,0,Davidson,2021-11-20
28,3,25,0,Davidson,2021-11-21
62,11,51,0,Davidson,2021-11-22
5,0,5,0,Davidson,2021-11-25
43,1,42,0,Davidson,2021-11-28
67,8,59,0,Davidson,2021-11-29
68,11,57,0,Davidson,2021-11-30
73,7,66,0,Davidson,2021-12-10
48,1,47,0,Davidson,2021-12-12
105,17,88,0,Davidson,2021-12-13
40,2,38,0,Davidson,2021-12-18
110,15,95,0,Davidson,2021-12-20
96,15,81,0,Davidson,2021-12-23
270,36,234,0,Davidson,2021-12-27
355,41,314,0,Davidson,2021-12-29
129,12,117,0,Davidson,2022-01-01
410,63,347,0,Davidson,2022-01-03
219,17,202,0,Davidson,2022-01-08
184,18,166,0,Davidson,2022-01-09
657,80,577,0,Davidson,2022-01-11
147,20,127,0,Davidson,2022-01-17
556,44,512,0,Davidson,2022-01-18
571,60,511,0,Davidson,2022-01-19
252,39,213,0,Davidson,2022-01-28
258,34,224,0,Davidson,2022-01-31
161,19,142,0,Davidson,2022-02-03
62,5,57,0,Davidson,2022-02-06
129,28,101,0,Davidson,2022-02-07
55,11,44,0,Davidson,2022-02-11
71,19,52,0,Davidson,2022-02-14
40,3,37,0,Davidson,2022-02-17
45,7,38,0,Davidson,2022-02-18
14,1,13,0,Davidson,2022-02-19
13,2,11,0,Davidson,2022-02-20
41,8,33,0,Davidson,2022-02-22
34,5,29,0,Davidson,2022-02-23
11,3,8,0,Davidson,2022-02-25
13,0,13,0,Davidson,2022-02-26
7,1,6,0,Davidson,2022-02-27
26,6,20,0,Davidson,2022-02-28
13,5,8,0,Davidson,2022-03-01
15,6,9,0,Davidson,2022-03-03
8,0,8,0,Davidson,2022-03-05
11,1,10,0,Davidson,2022-03-06
15,4,11,0,Davidson,2022-03-07
5,1,4,0,Davidson,2022-03-09
8,3,5,0,Davidson,2022-03-11
3,0,3,0,Davidson,2022-03-12
2,0,2,0,Davidson,2022-03-13
3,1,2,0,Davidson,2022-03-14
4,0,4,0,Davidson,2022-03-15
5,1,4,0,Davidson,2022-03-17
5,2,3,0,Davidson,2022-03-18
1,0,1,0,Davidson,2022-03-20
8,3,5,0,Davidson,2022-03-21
5,2,3,0,Davidson,2022-03-22
5,3,2,0,Davidson,2022-03-23
1,0,1,0,Davidson,2022-03-24
2,0,2,0,Davidson,2022-03-25
1,0,1,0,Davidson,2022-03-26
5,2,3,0,Davidson,2022-03-27
2,0,2,0,Davidson,2022-03-28
6,1,5,0,Davidson,2022-03-29
7,3,4,0,Davidson,2022-03-30
5,1,4,0,Davidson,2022-03-31
5,1,4,0,Davidson,2022-04-01
4,2,2,0,Davidson,2022-04-02
8,2,6,0,Davidson,2022-04-04
15,6,9,0,Davidson,2022-04-05
10,8,2,0,Davidson,2022-04-06
11,3,8,0,Davidson,2022-04-07
6,2,4,0,Davidson,2022-04-09
9,4,5,0,Davidson,2022-04-10
18,6,12,0,Davidson,2022-04-11
12,4,8,0,Davidson,2022-04-12
7,1,6,0,Davidson,2022-04-14
6,2,4,0,Davidson,2022-04-15
12,3,9,0,Davidson,2022-04-16
9,1,8,0,Davidson,2022-04-18
17,2,15,0,Davidson,2022-04-19
14,1,13,0,Davidson,2022-04-20
14,1,13,0,Davidson,2022-04-21
13,2,11,0,Davidson,2022-04-22
6,2,4,0,Davidson,2022-04-23
7,2,5,0,Davie,2021-10-27
14,4,10,0,Davie,2021-10-28
10,3,7,0,Davie,2021-10-30
5,0,5,0,Davie,2021-10-31
10,1,9,0,Davie,2021-11-01
11,3,8,0,Davie,2021-11-02
7,2,5,0,Davie,2021-11-03
6,2,4,0,Davie,2021-11-05
5,0,5,0,Davie,2021-11-06
4,1,3,0,Davie,2021-11-07
14,0,14,0,Davie,2021-11-08
9,3,6,0,Davie,2021-11-09
7,0,7,0,Davie,2021-11-10
8,1,7,0,Davie,2021-11-11
9,0,9,0,Davie,2021-11-12
5,1,4,0,Davie,2021-11-13
7,0,7,0,Davie,2021-11-14
12,1,11,0,Davie,2021-11-15
13,3,10,0,Davie,2021-11-16
10,2,8,0,Davie,2021-11-18
13,2,11,0,Davie,2021-11-19
9,4,5,0,Davie,2021-11-22
16,6,10,0,Davie,2021-11-23
16,5,11,0,Davie,2021-11-24
0,0,0,0,Davie,2021-11-25
15,3,12,0,Davie,2021-11-26
16,2,14,0,Davie,2021-11-27
18,3,15,0,Davie,2021-11-28
37,7,30,0,Davie,2021-11-29
21,10,11,0,Davie,2021-11-30
20,10,10,0,Davie,2021-12-02
13,3,10,0,Davie,2021-12-04
16,2,14,0,Davie,2021-12-05
32,8,24,0,Davie,2021-12-06
31,4,27,0,Davie,2021-12-07
26,6,20,0,Davie,2021-12-08
29,4,25,0,Davie,2021-12-09
28,9,19,0,Davie,2021-12-10
16,1,15,0,Davie,2021-12-11
4,1,3,0,Davie,2021-12-12
41,8,33,0,Davie,2021-12-13
30,6,24,0,Davie,2021-12-14
42,10,32,0,Davie,2021-12-15
30,7,23,0,Davie,2021-12-16
30,12,18,0,Davie,2021-12-17
18,6,12,0,Davie,2021-12-18
15,3,12,0,Davie,2021-12-19
37,8,29,0,Davie,2021-12-20
47,7,40,0,Davie,2021-12-21
27,1,26,0,Davie,2021-12-22
32,6,26,0,Davie,2021-12-23
12,1,11,0,Davie,2021-12-24
2,0,2,0,Davie,2021-12-25
21,4,17,0,Davie,2021-12-26
88,10,78,0,Davie,2021-12-27
76,9,67,0,Davie,2021-12-28
76,10,66,0,Davie,2021-12-29
79,8,71,0,Davie,2021-12-30
34,5,29,0,Davie,2021-12-31
24,4,20,0,Davie,2022-01-01
36,4,32,0,Davie,2022-01-02
76,13,63,0,Davie,2022-01-03
110,23,87,0,Davie,2022-01-04
109,17,92,0,Davie,2022-01-05
113,11,102,0,Davie,2022-01-06
75,6,69,0,Davie,2022-01-07
35,0,35,0,Davie,2022-01-08
27,2,25,0,Davie,2022-01-09
136,20,116,0,Davie,2022-01-10
166,16,150,0,Davie,2022-01-11
153,23,130,0,Davie,2022-01-12
128,28,100,0,Davie,2022-01-13
157,29,128,0,Davie,2022-01-14
35,7,28,0,Davie,2022-01-15
39,14,25,0,Davie,2022-01-17
127,30,97,0,Davie,2022-01-18
161,35,126,0,Davie,2022-01-20
105,19,86,0,Davie,2022-01-21
35,7,28,0,Davie,2022-01-22
27,9,18,0,Davie,2022-01-23
94,17,77,0,Davie,2022-01-25
68,14,54,0,Davie,2022-01-26
30,4,26,0,Davie,2022-01-29
26,7,19,0,Davie,2022-01-30
69,15,54,0,Davie,2022-02-01
51,14,37,0,Davie,2022-02-03
24,3,21,0,Davie,2022-02-06
56,15,41,0,Davie,2022-02-07
34,5,29,0,Davie,2022-02-08
34,8,26,0,Davie,2022-02-09
20,3,17,0,Davie,2022-02-10
28,5,23,0,Davie,2022-02-11
6,0,6,0,Davie,2022-02-12
21,4,17,0,Davie,2022-02-14
22,4,18,0,Davie,2022-02-15
11,2,9,0,Davie,2022-02-16
18,4,14,0,Davie,2022-02-17
13,1,12,0,Davie,2022-02-18
7,2,5,0,Davie,2022-02-19
9,3,6,0,Davie,2022-02-20
13,2,11,0,Davie,2022-02-22
9,1,8,0,Davie,2022-02-23
7,1,6,0,Davie,2022-02-24
11,1,10,0,Davie,2022-02-25
6,0,6,0,Davie,2022-02-26
4,1,3,0,Davie,2022-02-27
12,8,4,0,Davie,2022-02-28
5,1,4,0,Davie,2022-03-01
3,0,3,0,Davie,2022-03-02
4,2,2,0,Davie,2022-03-03
6,0,6,0,Davie,2022-03-04
0,0,0,0,Davie,2022-03-05
0,0,0,0,Davie,2022-03-06
2,0,2,0,Davie,2022-03-09
0,0,0,0,Davie,2022-03-10
1,0,1,0,Davie,2022-03-11
1,0,1,0,Davie,2022-03-12
2,1,1,0,Davie,2022-03-13
6,4,2,0,Davie,2022-03-14
3,1,2,0,Davie,2022-03-15
6,1,5,0,Davie,2022-03-16
4,1,3,0,Davie,2022-03-17
1,0,1,0,Davie,2022-03-18
0,0,0,0,Davie,2022-03-20
3,1,2,0,Davie,2022-03-22
1,1,0,0,Davie,2022-03-23
4,2,2,0,Davie,2022-03-24
2,1,1,0,Davie,2022-03-25
1,0,1,0,Davie,2022-03-26
1,0,1,0,Davie,2022-03-27
3,0,3,0,Davie,2022-03-28
4,3,1,0,Davie,2022-03-29
2,1,1,0,Davie,2022-03-30
5,2,3,0,Davie,2022-03-31
1,1,0,0,Davie,2022-04-01
4,3,1,0,Davie,2022-04-02
2,1,1,0,Davie,2022-04-03
0,0,0,0,Davie,2022-04-04
0,0,0,0,Davie,2022-04-05
1,0,1,0,Davie,2022-04-06
3,1,2,0,Davie,2022-04-07
3,0,3,0,Davie,2022-04-08
2,0,2,0,Davie,2022-04-09
2,0,2,0,Davie,2022-04-10
3,1,2,0,Davie,2022-04-11
1,0,1,0,Davie,2022-04-12
3,2,1,0,Davie,2022-04-14
6,2,4,0,Davie,2022-04-15
2,1,1,0,Davie,2022-04-16
2,1,1,0,Davie,2022-04-17
6,3,3,0,Davie,2022-04-18
8,4,4,0,Davie,2022-04-19
6,3,3,0,Davie,2022-04-20
8,1,7,0,Davie,2022-04-22
4,1,3,0,Davie,2022-04-23
7,4,3,0,Duplin,2021-10-27
12,4,8,0,Duplin,2021-10-28
8,1,7,0,Duplin,2021-10-29
3,0,3,0,Duplin,2021-10-30
12,4,8,0,Duplin,2021-11-01
4,0,4,0,Duplin,2021-11-02
1,0,1,0,Duplin,2021-11-06
2,0,2,0,Duplin,2021-11-07
13,7,6,0,Duplin,2021-11-10
5,3,2,0,Duplin,2021-11-11
1,0,1,0,Duplin,2021-11-12
4,1,3,0,Duplin,2021-11-13
4,1,3,0,Duplin,2021-11-14
13,7,6,0,Duplin,2021-11-15
13,3,10,0,Duplin,2021-11-16
5,0,5,0,Duplin,2021-11-18
2,1,1,0,Duplin,2021-11-20
2,1,1,0,Duplin,2021-11-21
6,1,5,0,Duplin,2021-11-22
7,1,6,0,Duplin,2021-11-24
1,1,0,0,Duplin,2021-11-25
5,0,5,0,Duplin,2021-11-26
6,4,2,0,Duplin,2021-11-27
5,1,4,0,Duplin,2021-11-28
27,13,14,0,Duplin,2021-11-29
22,9,13,0,Duplin,2021-11-30
31,21,10,0,Duplin,2021-12-01
38,12,26,0,Duplin,2021-12-02
35,17,18,0,Duplin,2021-12-03
15,2,13,0,Duplin,2021-12-04
5,3,2,0,Duplin,2021-12-05
35,10,25,0,Duplin,2021-12-06
29,11,18,0,Duplin,2021-12-07
31,17,14,0,Duplin,2021-12-08
15,4,11,0,Duplin,2021-12-09
19,8,11,0,Duplin,2021-12-10
8,1,7,0,Duplin,2021-12-11
3,0,3,0,Duplin,2021-12-12
35,17,18,0,Duplin,2021-12-13
20,6,14,0,Duplin,2021-12-14
16,7,9,0,Duplin,2021-12-15
10,4,6,0,Duplin,2021-12-16
8,3,5,0,Duplin,2021-12-17
2,0,2,0,Duplin,2021-12-18
6,1,5,0,Duplin,2021-12-19
22,8,14,0,Duplin,2021-12-20
20,12,8,0,Duplin,2021-12-21
16,7,9,0,Duplin,2021-12-22
4,1,3,0,Duplin,2021-12-24
2,0,2,0,Duplin,2021-12-25
15,5,10,0,Duplin,2021-12-26
41,16,25,0,Duplin,2021-12-27
72,25,47,0,Duplin,2021-12-28
91,21,70,0,Duplin,2021-12-29
93,43,50,0,Duplin,2021-12-30
49,21,28,0,Duplin,2021-12-31
30,4,26,0,Duplin,2022-01-02
178,52,126,0,Duplin,2022-01-03
144,67,77,0,Duplin,2022-01-04
235,88,147,0,Duplin,2022-01-05
255,99,156,0,Duplin,2022-01-06
195,73,122,0,Duplin,2022-01-07
125,59,66,0,Duplin,2022-01-08
294,124,170,0,Duplin,2022-01-11
297,146,151,0,Duplin,2022-01-13
264,102,162,0,Duplin,2022-01-14
105,54,51,0,Duplin,2022-01-15
397,163,234,0,Duplin,2022-01-18
58,18,40,0,Duplin,2022-01-21
224,95,129,0,Duplin,2022-01-24
143,52,91,0,Duplin,2022-01-26
10,3,7,0,Duplin,2022-01-29
22,1,21,0,Duplin,2022-01-30
111,55,56,0,Duplin,2022-01-31
63,21,42,0,Duplin,2022-02-01
44,10,34,0,Duplin,2022-02-03
11,2,9,0,Duplin,2022-02-06
28,9,19,0,Duplin,2022-02-09
20,9,11,0,Duplin,2022-02-11
26,6,20,0,Duplin,2022-02-14
11,4,7,0,Duplin,2022-02-17
14,5,9,0,Duplin,2022-02-18
14,4,10,0,Duplin,2022-02-21
7,0,7,0,Duplin,2022-02-22
10,2,8,0,Duplin,2022-02-23
6,3,3,0,Duplin,2022-02-24
5,1,4,0,Duplin,2022-02-27
6,2,4,0,Duplin,2022-02-28
5,2,3,0,Duplin,2022-03-01
6,1,5,0,Duplin,2022-03-02
4,2,2,0,Duplin,2022-03-03
0,0,0,0,Duplin,2022-03-06
2,0,2,0,Duplin,2022-03-07
3,2,1,0,Duplin,2022-03-09
2,0,2,0,Duplin,2022-03-10
0,0,0,0,Duplin,2022-03-12
0,0,0,0,Duplin,2022-03-13
4,2,2,0,Duplin,2022-03-14
3,1,2,0,Duplin,2022-03-17
0,0,0,0,Duplin,2022-03-19
0,0,0,0,Duplin,2022-03-20
0,0,0,0,Duplin,2022-03-21
0,0,0,0,Duplin,2022-03-23
2,1,1,0,Duplin,2022-03-24
1,1,0,0,Duplin,2022-03-25
0,0,0,0,Duplin,2022-03-26
0,0,0,0,Duplin,2022-03-27
1,0,1,0,Duplin,2022-03-29
2,1,1,0,Duplin,2022-03-30
0,0,0,0,Duplin,2022-03-31
2,1,1,0,Duplin,2022-04-01
1,0,1,0,Duplin,2022-04-02
3,3,0,0,Duplin,2022-04-04
2,0,2,0,Duplin,2022-04-05
1,1,0,0,Duplin,2022-04-06
1,0,1,0,Duplin,2022-04-07
1,0,1,0,Duplin,2022-04-08
1,0,1,0,Duplin,2022-04-09
0,0,0,0,Duplin,2022-04-10
0,0,0,0,Duplin,2022-04-11
1,0,1,0,Duplin,2022-04-12
1,1,0,0,Duplin,2022-04-13
2,1,1,0,Duplin,2022-04-14
2,1,1,0,Duplin,2022-04-15
3,0,3,0,Duplin,2022-04-16
0,0,0,0,Duplin,2022-04-17
2,0,2,0,Duplin,2022-04-18
4,1,3,0,Duplin,2022-04-19
1,0,1,0,Duplin,2022-04-20
5,3,2,0,Duplin,2022-04-21
1,1,0,0,Duplin,2022-04-22
0,0,0,0,Duplin,2022-04-23
42,5,37,0,Durham,2021-10-27
34,5,29,0,Durham,2021-10-28
34,0,34,0,Durham,2021-10-29
21,0,21,0,Durham,2021-10-31
41,2,39,0,Durham,2021-11-01
48,4,44,0,Durham,2021-11-02
46,2,44,0,Durham,2021-11-03
35,1,34,0,Durham,2021-11-04
35,0,35,0,Durham,2021-11-05
14,0,14,0,Durham,2021-11-06
37,1,36,0,Durham,2021-11-08
66,2,64,0,Durham,2021-11-09
49,2,47,0,Durham,2021-11-10
54,1,53,0,Durham,2021-11-11
47,0,47,0,Durham,2021-11-12
31,3,28,0,Durham,2021-11-13
24,0,24,0,Durham,2021-11-14
55,4,51,0,Durham,2021-11-16
45,5,40,0,Durham,2021-11-17
40,5,35,0,Durham,2021-11-19
12,1,11,0,Durham,2021-11-21
38,4,34,0,Durham,2021-11-22
46,3,43,0,Durham,2021-11-23
24,0,24,0,Durham,2021-11-24
5,0,5,0,Durham,2021-11-25
36,1,35,0,Durham,2021-11-26
27,3,24,0,Durham,2021-11-27
45,2,43,0,Durham,2021-11-28
81,7,74,0,Durham,2021-11-29
99,7,92,0,Durham,2021-12-01
68,5,63,0,Durham,2021-12-02
55,5,50,0,Durham,2021-12-03
53,4,49,0,Durham,2021-12-04
78,9,69,0,Durham,2021-12-07
71,9,62,0,Durham,2021-12-09
64,2,62,0,Durham,2021-12-10
42,5,37,0,Durham,2021-12-11
30,1,29,0,Durham,2021-12-12
79,10,69,0,Durham,2021-12-15
88,8,80,0,Durham,2021-12-16
94,6,88,0,Durham,2021-12-17
87,7,80,0,Durham,2021-12-18
66,4,62,0,Durham,2021-12-19
158,8,150,0,Durham,2021-12-20
192,19,173,0,Durham,2021-12-21
255,13,242,0,Durham,2021-12-22
270,12,258,0,Durham,2021-12-23
172,6,166,0,Durham,2021-12-24
85,3,82,0,Durham,2021-12-25
269,10,259,0,Durham,2021-12-26
619,45,574,0,Durham,2021-12-27
909,55,854,0,Durham,2021-12-28
975,37,938,0,Durham,2021-12-29
1066,71,995,0,Durham,2021-12-30
568,41,527,0,Durham,2021-12-31
327,17,310,0,Durham,2022-01-01
681,49,632,0,Durham,2022-01-02
1207,76,1131,0,Durham,2022-01-03
1554,130,1424,0,Durham,2022-01-04
1327,96,1231,0,Durham,2022-01-06
718,46,672,0,Durham,2022-01-08
1366,81,1285,0,Durham,2022-01-11
1297,81,1216,0,Durham,2022-01-12
1203,55,1148,0,Durham,2022-01-13
659,21,638,0,Durham,2022-01-15
107,7,100,0,Durham,2022-01-16
602,48,554,0,Durham,2022-01-17
1273,100,1173,0,Durham,2022-01-18
179,6,173,0,Durham,2022-01-22
777,37,740,0,Durham,2022-01-24
437,30,407,0,Durham,2022-01-27
147,10,137,0,Durham,2022-01-29
318,19,299,0,Durham,2022-02-01
195,3,192,0,Durham,2022-02-04
176,13,163,0,Durham,2022-02-08
220,8,212,0,Durham,2022-02-09
137,11,126,0,Durham,2022-02-10
132,12,120,0,Durham,2022-02-11
72,6,66,0,Durham,2022-02-12
117,14,103,0,Durham,2022-02-14
99,4,95,0,Durham,2022-02-15
122,5,117,0,Durham,2022-02-16
114,10,104,0,Durham,2022-02-17
75,15,60,0,Durham,2022-02-18
50,2,48,0,Durham,2022-02-19
49,1,48,0,Durham,2022-02-20
79,7,72,0,Durham,2022-02-21
69,4,65,0,Durham,2022-02-22
74,4,70,0,Durham,2022-02-23
43,4,39,0,Durham,2022-02-24
44,7,37,0,Durham,2022-02-25
25,9,16,0,Durham,2022-02-26
21,2,19,0,Durham,2022-02-27
43,4,39,0,Durham,2022-02-28
36,4,32,0,Durham,2022-03-01
42,2,40,0,Durham,2022-03-02
45,0,45,0,Durham,2022-03-03
26,5,21,0,Durham,2022-03-04
8,1,7,0,Durham,2022-03-05
10,0,10,0,Durham,2022-03-06
28,1,27,0,Durham,2022-03-07
18,0,18,0,Durham,2022-03-08
33,2,31,0,Durham,2022-03-09
23,3,20,0,Durham,2022-03-10
19,2,17,0,Durham,2022-03-11
17,1,16,0,Durham,2022-03-12
13,2,11,0,Durham,2022-03-13
44,7,37,0,Durham,2022-03-14
24,0,24,0,Durham,2022-03-15
41,1,40,0,Durham,2022-03-16
24,2,22,0,Durham,2022-03-17
15,1,14,0,Durham,2022-03-18
10,1,9,0,Durham,2022-03-19
13,4,9,0,Durham,2022-03-20
30,1,29,0,Durham,2022-03-21
42,5,37,0,Durham,2022-03-22
36,11,25,0,Durham,2022-03-23
25,3,22,0,Durham,2022-03-24
23,0,23,0,Durham,2022-03-25
12,1,11,0,Durham,2022-03-26
14,2,12,0,Durham,2022-03-27
30,3,27,0,Durham,2022-03-28
44,9,35,0,Durham,2022-03-29
31,2,29,0,Durham,2022-03-30
31,1,30,0,Durham,2022-03-31
33,3,30,0,Durham,2022-04-01
23,1,22,0,Durham,2022-04-02
33,7,26,0,Durham,2022-04-03
54,5,49,0,Durham,2022-04-04
62,2,60,0,Durham,2022-04-06
70,3,67,0,Durham,2022-04-07
76,3,73,0,Durham,2022-04-08
39,3,36,0,Durham,2022-04-09
29,1,28,0,Durham,2022-04-10
87,5,82,0,Durham,2022-04-11
116,8,108,0,Durham,2022-04-12
129,6,123,0,Durham,2022-04-13
106,12,94,0,Durham,2022-04-14
71,13,58,0,Durham,2022-04-15
53,4,49,0,Durham,2022-04-16
36,3,33,0,Durham,2022-04-17
130,7,123,0,Durham,2022-04-18
141,5,136,0,Durham,2022-04-19
126,15,111,0,Durham,2022-04-20
119,12,107,0,Durham,2022-04-21
108,8,100,0,Durham,2022-04-22
73,2,71,0,Durham,2022-04-23
12,0,12,0,Edgecombe,2021-10-26
4,1,3,0,Edgecombe,2021-10-27
4,1,3,0,Edgecombe,2021-10-29
1,0,1,0,Edgecombe,2021-10-30
3,0,3,0,Edgecombe,2021-10-31
8,1,7,0,Edgecombe,2021-11-01
7,3,4,0,Edgecombe,2021-11-02
7,0,7,0,Edgecombe,2021-11-03
10,2,8,0,Edgecombe,2021-11-04
10,0,10,0,Edgecombe,2021-11-05
3,0,3,0,Edgecombe,2021-11-06
2,0,2,0,Edgecombe,2021-11-07
8,1,7,0,Edgecombe,2021-11-08
6,0,6,0,Edgecombe,2021-11-09
8,1,7,0,Edgecombe,2021-11-10
4,0,4,0,Edgecombe,2021-11-11
5,1,4,0,Edgecombe,2021-11-12
2,0,2,0,Edgecombe,2021-11-13
7,0,7,0,Edgecombe,2021-11-14
12,1,11,0,Edgecombe,2021-11-16
8,0,8,0,Edgecombe,2021-11-17
7,1,6,0,Edgecombe,2021-11-18
8,2,6,0,Edgecombe,2021-11-19
5,0,5,0,Edgecombe,2021-11-21
10,0,10,0,Edgecombe,2021-11-22
4,0,4,0,Edgecombe,2021-11-23
7,0,7,0,Edgecombe,2021-11-24
0,0,0,0,Edgecombe,2021-11-25
9,2,7,0,Edgecombe,2021-11-26
4,0,4,0,Edgecombe,2021-11-27
7,0,7,0,Edgecombe,2021-11-28
25,1,24,0,Edgecombe,2021-11-29
8,0,8,0,Edgecombe,2021-11-30
9,3,6,0,Edgecombe,2021-12-01
11,1,10,0,Edgecombe,2021-12-02
7,1,6,0,Edgecombe,2021-12-03
4,0,4,0,Edgecombe,2021-12-04
3,0,3,0,Edgecombe,2021-12-05
16,0,16,0,Edgecombe,2021-12-07
9,0,9,0,Edgecombe,2021-12-09
9,1,8,0,Edgecombe,2021-12-10
6,0,6,0,Edgecombe,2021-12-11
3,1,2,0,Edgecombe,2021-12-12
16,0,16,0,Edgecombe,2021-12-14
8,1,7,0,Edgecombe,2021-12-15
14,1,13,0,Edgecombe,2021-12-16
19,1,18,0,Edgecombe,2021-12-17
9,2,7,0,Edgecombe,2021-12-19
15,0,15,0,Edgecombe,2021-12-20
28,0,28,0,Edgecombe,2021-12-21
36,4,32,0,Edgecombe,2021-12-22
51,3,48,0,Edgecombe,2021-12-23
14,5,9,0,Edgecombe,2021-12-24
26,6,20,0,Edgecombe,2021-12-25
35,2,33,0,Edgecombe,2021-12-26
121,5,116,0,Edgecombe,2021-12-27
170,12,158,0,Edgecombe,2021-12-28
171,8,163,0,Edgecombe,2021-12-29
141,4,137,0,Edgecombe,2021-12-31
57,1,56,0,Edgecombe,2022-01-01
60,2,58,0,Edgecombe,2022-01-02
287,13,274,0,Edgecombe,2022-01-03
285,10,275,0,Edgecombe,2022-01-04
261,8,253,0,Edgecombe,2022-01-05
245,4,241,0,Edgecombe,2022-01-06
166,7,159,0,Edgecombe,2022-01-07
54,0,54,0,Edgecombe,2022-01-08
272,9,263,0,Edgecombe,2022-01-10
206,4,202,0,Edgecombe,2022-01-11
193,11,182,0,Edgecombe,2022-01-13
16,2,14,0,Edgecombe,2022-01-16
79,12,67,0,Edgecombe,2022-01-17
215,7,208,0,Edgecombe,2022-01-18
149,6,143,0,Edgecombe,2022-01-19
116,3,113,0,Edgecombe,2022-01-20
17,1,16,0,Edgecombe,2022-01-21
17,1,16,0,Edgecombe,2022-01-22
27,4,23,0,Edgecombe,2022-01-23
63,4,59,0,Edgecombe,2022-01-26
67,0,67,0,Edgecombe,2022-01-27
11,0,11,0,Edgecombe,2022-01-29
15,1,14,0,Edgecombe,2022-01-30
57,2,55,0,Edgecombe,2022-01-31
39,2,37,0,Edgecombe,2022-02-01
47,2,45,0,Edgecombe,2022-02-02
29,2,27,0,Edgecombe,2022-02-04
11,0,11,0,Edgecombe,2022-02-05
25,1,24,0,Edgecombe,2022-02-09
17,1,16,0,Edgecombe,2022-02-10
13,1,12,0,Edgecombe,2022-02-11
2,0,2,0,Edgecombe,2022-02-12
7,1,6,0,Edgecombe,2022-02-13
13,0,13,0,Edgecombe,2022-02-14
14,0,14,0,Edgecombe,2022-02-15
13,1,12,0,Edgecombe,2022-02-16
11,0,11,0,Edgecombe,2022-02-17
9,1,8,0,Edgecombe,2022-02-18
6,2,4,0,Edgecombe,2022-02-19
3,1,2,0,Edgecombe,2022-02-20
18,4,14,0,Edgecombe,2022-02-21
8,0,8,0,Edgecombe,2022-02-22
4,0,4,0,Edgecombe,2022-02-23
8,5,3,0,Edgecombe,2022-02-24
6,1,5,0,Edgecombe,2022-02-25
4,0,4,0,Edgecombe,2022-02-26
1,0,1,0,Edgecombe,2022-02-27
9,6,3,0,Edgecombe,2022-02-28
4,0,4,0,Edgecombe,2022-03-01
9,1,8,0,Edgecombe,2022-03-02
5,0,5,0,Edgecombe,2022-03-03
5,3,2,0,Edgecombe,2022-03-04
1,0,1,0,Edgecombe,2022-03-05
0,0,0,0,Edgecombe,2022-03-06
3,1,2,0,Edgecombe,2022-03-07
2,0,2,0,Edgecombe,2022-03-08
3,1,2,0,Edgecombe,2022-03-09
1,0,1,0,Edgecombe,2022-03-10
1,0,1,0,Edgecombe,2022-03-11
0,0,0,0,Edgecombe,2022-03-12
1,0,1,0,Edgecombe,2022-03-13
11,8,3,0,Edgecombe,2022-03-14
5,0,5,0,Edgecombe,2022-03-15
3,1,2,0,Edgecombe,2022-03-16
3,1,2,0,Edgecombe,2022-03-17
3,1,2,0,Edgecombe,2022-03-18
1,0,1,0,Edgecombe,2022-03-19
0,0,0,0,Edgecombe,2022-03-20
6,4,2,0,Edgecombe,2022-03-21
1,0,1,0,Edgecombe,2022-03-22
0,0,0,0,Edgecombe,2022-03-23
2,1,1,0,Edgecombe,2022-03-24
1,0,1,0,Edgecombe,2022-03-25
0,0,0,0,Edgecombe,2022-03-26
1,0,1,0,Edgecombe,2022-03-27
2,2,0,0,Edgecombe,2022-03-28
1,0,1,0,Edgecombe,2022-03-29
2,0,2,0,Edgecombe,2022-03-30
2,0,2,0,Edgecombe,2022-03-31
0,0,0,0,Edgecombe,2022-04-01
0,0,0,0,Edgecombe,2022-04-02
0,0,0,0,Edgecombe,2022-04-03
0,0,0,0,Edgecombe,2022-04-04
1,0,1,0,Edgecombe,2022-04-05
1,0,1,0,Edgecombe,2022-04-06
0,0,0,0,Edgecombe,2022-04-07
2,0,2,0,Edgecombe,2022-04-09
0,0,0,0,Edgecombe,2022-04-10
3,3,0,0,Edgecombe,2022-04-11
3,0,3,0,Edgecombe,2022-04-12
1,0,1,0,Edgecombe,2022-04-13
6,6,0,0,Edgecombe,2022-04-14
0,0,0,0,Edgecombe,2022-04-16
1,1,0,0,Edgecombe,2022-04-17
3,0,3,0,Edgecombe,2022-04-18
4,0,4,0,Edgecombe,2022-04-19
0,0,0,0,Edgecombe,2022-04-20
1,0,1,0,Edgecombe,2022-04-21
5,1,4,0,Edgecombe,2022-04-22
1,0,1,0,Edgecombe,2022-04-23
71,14,57,0,Forsyth,2021-10-27
53,14,39,0,Forsyth,2021-10-29
37,4,33,0,Forsyth,2021-10-30
67,8,59,0,Forsyth,2021-11-03
59,13,46,0,Forsyth,2021-11-04
68,7,61,0,Forsyth,2021-11-05
70,8,62,0,Forsyth,2021-11-10
85,9,76,0,Forsyth,2021-11-12
51,3,48,0,Forsyth,2021-11-14
87,13,74,0,Forsyth,2021-11-16
100,11,89,0,Forsyth,2021-11-17
103,13,90,0,Forsyth,2021-11-18
120,6,114,0,Forsyth,2021-11-19
75,4,71,0,Forsyth,2021-11-20
95,6,89,0,Forsyth,2021-11-23
116,11,105,0,Forsyth,2021-11-24
94,15,79,0,Forsyth,2021-11-26
178,23,155,0,Forsyth,2021-11-29
155,17,138,0,Forsyth,2021-12-01
118,20,98,0,Forsyth,2021-12-03
131,19,112,0,Forsyth,2021-12-09
118,14,104,0,Forsyth,2021-12-10
114,9,105,0,Forsyth,2021-12-14
146,21,125,0,Forsyth,2021-12-15
218,21,197,0,Forsyth,2021-12-26
585,68,517,0,Forsyth,2021-12-31
1216,152,1064,0,Forsyth,2022-01-04
1297,128,1169,0,Forsyth,2022-01-05
393,67,326,0,Forsyth,2022-02-01
62,5,57,0,Forsyth,2022-02-24
19,2,17,0,Forsyth,2022-03-05
14,4,10,0,Forsyth,2022-03-06
12,3,9,0,Forsyth,2022-03-13
22,4,18,0,Forsyth,2022-03-14
19,2,17,0,Forsyth,2022-03-15
15,3,12,0,Forsyth,2022-03-16
15,4,11,0,Forsyth,2022-03-18
10,1,9,0,Forsyth,2022-03-19
8,0,8,0,Forsyth,2022-03-20
17,4,13,0,Forsyth,2022-03-22
21,5,16,0,Forsyth,2022-03-24
13,3,10,0,Forsyth,2022-03-25
9,2,7,0,Forsyth,2022-03-26
8,5,3,0,Forsyth,2022-03-27
20,5,15,0,Forsyth,2022-03-28
27,3,24,0,Forsyth,2022-03-29
27,5,22,0,Forsyth,2022-03-31
7,1,6,0,Forsyth,2022-04-01
9,1,8,0,Forsyth,2022-04-02
6,1,5,0,Forsyth,2022-04-03
33,7,26,0,Forsyth,2022-04-05
23,4,19,0,Forsyth,2022-04-06
39,9,30,0,Forsyth,2022-04-07
23,3,20,0,Forsyth,2022-04-08
21,5,16,0,Forsyth,2022-04-09
16,4,12,0,Forsyth,2022-04-10
33,8,25,0,Forsyth,2022-04-11
41,6,35,0,Forsyth,2022-04-12
37,1,36,0,Forsyth,2022-04-13
49,10,39,0,Forsyth,2022-04-14
36,6,30,0,Forsyth,2022-04-15
21,5,16,0,Forsyth,2022-04-16
15,5,10,0,Forsyth,2022-04-17
56,12,44,0,Forsyth,2022-04-18
76,22,54,0,Forsyth,2022-04-19
53,14,39,0,Forsyth,2022-04-20
52,4,48,0,Forsyth,2022-04-22
38,8,30,0,Forsyth,2022-04-23
18,2,16,0,Franklin,2021-10-26
11,1,10,0,Franklin,2021-10-27
18,2,16,0,Franklin,2021-10-28
5,0,5,0,Franklin,2021-10-29
7,0,7,0,Franklin,2021-10-30
13,1,12,0,Franklin,2021-11-02
22,4,18,0,Franklin,2021-11-03
12,1,11,0,Franklin,2021-11-04
16,0,16,0,Franklin,2021-11-05
0,0,0,0,Franklin,2021-11-06
10,0,10,0,Franklin,2021-11-07
24,4,20,0,Franklin,2021-11-08
20,0,20,0,Franklin,2021-11-09
16,1,15,0,Franklin,2021-11-10
12,1,11,0,Franklin,2021-11-12
14,0,14,0,Franklin,2021-11-13
3,0,3,0,Franklin,2021-11-14
18,0,18,0,Franklin,2021-11-15
15,1,14,0,Franklin,2021-11-17
16,1,15,0,Franklin,2021-11-18
18,0,18,0,Franklin,2021-11-19
7,0,7,0,Franklin,2021-11-21
18,0,18,0,Franklin,2021-11-22
20,1,19,0,Franklin,2021-11-23
22,0,22,0,Franklin,2021-11-24
1,0,1,0,Franklin,2021-11-25
14,1,13,0,Franklin,2021-11-26
11,2,9,0,Franklin,2021-11-27
8,0,8,0,Franklin,2021-11-28
20,3,17,0,Franklin,2021-11-29
21,1,20,0,Franklin,2021-11-30
23,1,22,0,Franklin,2021-12-01
29,4,25,0,Franklin,2021-12-02
20,0,20,0,Franklin,2021-12-03
7,1,6,0,Franklin,2021-12-05
34,2,32,0,Franklin,2021-12-06
25,2,23,0,Franklin,2021-12-07
20,1,19,0,Franklin,2021-12-09
26,2,24,0,Franklin,2021-12-10
12,0,12,0,Franklin,2021-12-11
12,2,10,0,Franklin,2021-12-12
34,5,29,0,Franklin,2021-12-13
30,3,27,0,Franklin,2021-12-14
18,0,18,0,Franklin,2021-12-16
31,2,29,0,Franklin,2021-12-17
9,1,8,0,Franklin,2021-12-19
32,3,29,0,Franklin,2021-12-20
54,1,53,0,Franklin,2021-12-21
42,3,39,0,Franklin,2021-12-22
56,0,56,0,Franklin,2021-12-23
22,4,18,0,Franklin,2021-12-24
6,0,6,0,Franklin,2021-12-25
36,4,32,0,Franklin,2021-12-26
158,14,144,0,Franklin,2021-12-27
215,12,203,0,Franklin,2021-12-28
213,9,204,0,Franklin,2021-12-29
199,27,172,0,Franklin,2021-12-30
118,13,105,0,Franklin,2021-12-31
88,7,81,0,Franklin,2022-01-01
60,3,57,0,Franklin,2022-01-02
292,27,265,0,Franklin,2022-01-03
391,26,365,0,Franklin,2022-01-04
394,20,374,0,Franklin,2022-01-05
332,7,325,0,Franklin,2022-01-06
288,12,276,0,Franklin,2022-01-07
180,7,173,0,Franklin,2022-01-08
88,13,75,0,Franklin,2022-01-09
442,19,423,0,Franklin,2022-01-10
405,19,386,0,Franklin,2022-01-11
382,15,367,0,Franklin,2022-01-12
344,17,327,0,Franklin,2022-01-13
311,19,292,0,Franklin,2022-01-14
202,12,190,0,Franklin,2022-01-15
237,32,205,0,Franklin,2022-01-17
549,27,522,0,Franklin,2022-01-18
423,22,401,0,Franklin,2022-01-19
98,9,89,0,Franklin,2022-01-21
39,3,36,0,Franklin,2022-01-22
42,7,35,0,Franklin,2022-01-23
361,27,334,0,Franklin,2022-01-24
229,12,217,0,Franklin,2022-01-25
202,11,191,0,Franklin,2022-01-26
162,6,156,0,Franklin,2022-01-27
155,4,151,0,Franklin,2022-01-28
48,3,45,0,Franklin,2022-01-29
171,9,162,0,Franklin,2022-01-31
98,4,94,0,Franklin,2022-02-01
91,11,80,0,Franklin,2022-02-02
77,6,71,0,Franklin,2022-02-03
66,2,64,0,Franklin,2022-02-04
45,6,39,0,Franklin,2022-02-05
31,2,29,0,Franklin,2022-02-06
99,30,69,0,Franklin,2022-02-07
66,13,53,0,Franklin,2022-02-08
45,8,37,0,Franklin,2022-02-09
70,8,62,0,Franklin,2022-02-10
47,8,39,0,Franklin,2022-02-11
16,2,14,0,Franklin,2022-02-12
16,4,12,0,Franklin,2022-02-13
44,7,37,0,Franklin,2022-02-14
29,2,27,0,Franklin,2022-02-15
36,3,33,0,Franklin,2022-02-16
16,0,16,0,Franklin,2022-02-17
16,2,14,0,Franklin,2022-02-18
7,0,7,0,Franklin,2022-02-19
12,1,11,0,Franklin,2022-02-20
23,7,16,0,Franklin,2022-02-21
14,1,13,0,Franklin,2022-02-22
23,1,22,0,Franklin,2022-02-23
8,3,5,0,Franklin,2022-02-24
15,1,14,0,Franklin,2022-02-25
5,0,5,0,Franklin,2022-02-26
3,0,3,0,Franklin,2022-02-27
16,2,14,0,Franklin,2022-02-28
6,2,4,0,Franklin,2022-03-01
3,0,3,0,Franklin,2022-03-02
8,1,7,0,Franklin,2022-03-03
6,2,4,0,Franklin,2022-03-04
3,0,3,0,Franklin,2022-03-05
5,1,4,0,Franklin,2022-03-06
12,1,11,0,Franklin,2022-03-07
6,1,5,0,Franklin,2022-03-08
10,2,8,0,Franklin,2022-03-09
3,0,3,0,Franklin,2022-03-10
1,0,1,0,Franklin,2022-03-11
1,1,0,0,Franklin,2022-03-12
0,0,0,0,Franklin,2022-03-13
4,0,4,0,Franklin,2022-03-14
1,0,1,0,Franklin,2022-03-15
1,0,1,0,Franklin,2022-03-16
2,1,1,0,Franklin,2022-03-17
1,1,0,0,Franklin,2022-03-18
1,0,1,0,Franklin,2022-03-19
2,0,2,0,Franklin,2022-03-20
4,0,4,0,Franklin,2022-03-21
1,0,1,0,Franklin,2022-03-23
2,0,2,0,Franklin,2022-03-24
1,0,1,0,Franklin,2022-03-25
1,0,1,0,Franklin,2022-03-26
1,0,1,0,Franklin,2022-03-29
5,0,5,0,Franklin,2022-03-30
4,1,3,0,Franklin,2022-03-31
1,0,1,0,Franklin,2022-04-01
2,0,2,0,Franklin,2022-04-02
4,0,4,0,Franklin,2022-04-04
2,0,2,0,Franklin,2022-04-05
1,0,1,0,Franklin,2022-04-06
3,0,3,0,Franklin,2022-04-07
7,0,7,0,Franklin,2022-04-08
5,1,4,0,Franklin,2022-04-09
2,0,2,0,Franklin,2022-04-10
10,3,7,0,Franklin,2022-04-12
10,0,10,0,Franklin,2022-04-13
14,2,12,0,Franklin,2022-04-14
13,5,8,0,Franklin,2022-04-15
11,1,10,0,Franklin,2022-04-16
4,1,3,0,Franklin,2022-04-17
18,1,17,0,Franklin,2022-04-18
13,0,13,0,Franklin,2022-04-19
10,2,8,0,Franklin,2022-04-20
14,3,11,0,Franklin,2022-04-21
12,0,12,0,Franklin,2022-04-22
9,1,8,0,Franklin,2022-04-23
44,7,37,0,Gaston,2021-10-27
29,7,22,0,Gaston,2021-10-28
30,5,25,0,Gaston,2021-10-29
39,16,23,0,Gaston,2021-11-01
39,9,30,0,Gaston,2021-11-03
36,4,32,0,Gaston,2021-11-04
53,10,43,0,Gaston,2021-11-05
30,10,20,0,Gaston,2021-11-06
40,13,27,0,Gaston,2021-11-07
76,14,62,0,Gaston,2021-11-09
57,11,46,0,Gaston,2021-11-10
40,9,31,0,Gaston,2021-11-13
36,12,24,0,Gaston,2021-11-14
85,29,56,0,Gaston,2021-11-16
96,19,77,0,Gaston,2021-11-17
50,15,35,0,Gaston,2021-11-19
42,11,31,0,Gaston,2021-11-20
49,16,33,0,Gaston,2021-11-21
73,19,54,0,Gaston,2021-11-22
46,4,42,0,Gaston,2021-11-27
82,25,57,0,Gaston,2021-11-28
144,44,100,0,Gaston,2021-11-29
121,36,85,0,Gaston,2021-11-30
109,25,84,0,Gaston,2021-12-01
114,29,85,0,Gaston,2021-12-02
97,25,72,0,Gaston,2021-12-09
58,16,42,0,Gaston,2021-12-12
76,15,61,0,Gaston,2021-12-18
207,42,165,0,Gaston,2021-12-22
198,46,152,0,Gaston,2021-12-23
182,37,145,0,Gaston,2021-12-26
397,72,325,0,Gaston,2021-12-27
592,97,495,0,Gaston,2021-12-28
485,83,402,0,Gaston,2021-12-29
161,35,126,0,Gaston,2022-01-01
689,144,545,0,Gaston,2022-01-13
240,47,193,0,Gaston,2022-02-02
120,29,91,0,Gaston,2022-02-11
55,11,44,0,Gaston,2022-02-18
58,10,48,0,Gaston,2022-02-21
48,13,35,0,Gaston,2022-02-22
14,3,11,0,Gaston,2022-02-26
18,3,15,0,Gaston,2022-02-28
22,9,13,0,Gaston,2022-03-03
7,2,5,0,Gaston,2022-03-04
7,3,4,0,Gaston,2022-03-05
9,2,7,0,Gaston,2022-03-09
11,1,10,0,Gaston,2022-03-10
2,1,1,0,Gaston,2022-03-11
1,0,1,0,Gaston,2022-03-12
8,0,8,0,Gaston,2022-03-14
5,1,4,0,Gaston,2022-03-18
2,1,1,0,Gaston,2022-03-19
3,0,3,0,Gaston,2022-03-20
1,0,1,0,Gaston,2022-03-22
8,2,6,0,Gaston,2022-03-23
2,0,2,0,Gaston,2022-03-24
4,0,4,0,Gaston,2022-03-25
3,0,3,0,Gaston,2022-03-26
3,0,3,0,Gaston,2022-03-27
9,5,4,0,Gaston,2022-03-28
9,5,4,0,Gaston,2022-03-29
11,2,9,0,Gaston,2022-03-31
8,4,4,0,Gaston,2022-04-01
4,3,1,0,Gaston,2022-04-02
7,2,5,0,Gaston,2022-04-03
15,7,8,0,Gaston,2022-04-04
9,1,8,0,Gaston,2022-04-05
11,6,5,0,Gaston,2022-04-06
9,3,6,0,Gaston,2022-04-07
20,5,15,0,Gaston,2022-04-08
6,2,4,0,Gaston,2022-04-09
9,2,7,0,Gaston,2022-04-10
20,3,17,0,Gaston,2022-04-12
26,9,17,0,Gaston,2022-04-13
17,7,10,0,Gaston,2022-04-14
12,2,10,0,Gaston,2022-04-15
15,3,12,0,Gaston,2022-04-16
5,0,5,0,Gaston,2022-04-17
21,5,16,0,Gaston,2022-04-18
14,1,13,0,Gaston,2022-04-19
22,5,17,0,Gaston,2022-04-20
21,4,17,0,Gaston,2022-04-21
17,1,16,0,Gaston,2022-04-22
17,5,12,0,Gaston,2022-04-23
2,0,2,0,Gates,2021-10-26
1,1,0,0,Gates,2021-10-27
0,0,0,0,Gates,2021-10-28
3,0,3,0,Gates,2021-10-29
0,0,0,0,Gates,2021-10-30
4,0,4,0,Gates,2021-10-31
1,1,0,0,Gates,2021-11-01
3,0,3,0,Gates,2021-11-02
0,0,0,0,Gates,2021-11-03
2,2,0,0,Gates,2021-11-04
1,0,1,0,Gates,2021-11-05
1,1,0,0,Gates,2021-11-06
2,1,1,0,Gates,2021-11-08
0,0,0,0,Gates,2021-11-09
3,2,1,0,Gates,2021-11-10
2,0,2,0,Gates,2021-11-11
3,1,2,0,Gates,2021-11-12
0,0,0,0,Gates,2021-11-13
0,0,0,0,Gates,2021-11-14
3,2,1,0,Gates,2021-11-15
1,0,1,0,Gates,2021-11-16
3,1,2,0,Gates,2021-11-17
3,0,3,0,Gates,2021-11-18
5,4,1,0,Gates,2021-11-19
1,0,1,0,Gates,2021-11-20
1,0,1,0,Gates,2021-11-21
2,0,2,0,Gates,2021-11-23
3,1,2,0,Gates,2021-11-24
0,0,0,0,Gates,2021-11-25
0,0,0,0,Gates,2021-11-26
0,0,0,0,Gates,2021-11-27
0,0,0,0,Gates,2021-11-28
1,1,0,0,Gates,2021-11-29
1,0,1,0,Gates,2021-11-30
4,0,4,0,Gates,2021-12-01
3,1,2,0,Gates,2021-12-02
5,1,4,0,Gates,2021-12-03
6,1,5,0,Gates,2021-12-04
0,0,0,0,Gates,2021-12-05
3,2,1,0,Gates,2021-12-06
2,0,2,0,Gates,2021-12-07
3,0,3,0,Gates,2021-12-08
5,2,3,0,Gates,2021-12-09
3,1,2,0,Gates,2021-12-10
2,0,2,0,Gates,2021-12-11
0,0,0,0,Gates,2021-12-12
5,0,5,0,Gates,2021-12-13
4,1,3,0,Gates,2021-12-14
3,0,3,0,Gates,2021-12-15
4,3,1,0,Gates,2021-12-16
2,0,2,0,Gates,2021-12-17
2,1,1,0,Gates,2021-12-18
4,1,3,0,Gates,2021-12-19
6,0,6,0,Gates,2021-12-20
3,0,3,0,Gates,2021-12-21
9,6,3,0,Gates,2021-12-22
8,0,8,0,Gates,2021-12-23
2,1,1,0,Gates,2021-12-24
7,2,5,0,Gates,2021-12-25
3,1,2,0,Gates,2021-12-26
14,8,6,0,Gates,2021-12-27
13,3,10,0,Gates,2021-12-28
17,3,14,0,Gates,2021-12-29
14,3,11,0,Gates,2021-12-30
12,1,11,0,Gates,2021-12-31
8,1,7,0,Gates,2022-01-01
1,0,1,0,Gates,2022-01-02
20,4,16,0,Gates,2022-01-03
19,7,12,0,Gates,2022-01-04
18,4,14,0,Gates,2022-01-05
23,7,16,0,Gates,2022-01-06
11,0,11,0,Gates,2022-01-07
3,0,3,0,Gates,2022-01-08
3,0,3,0,Gates,2022-01-09
64,32,32,0,Gates,2022-01-10
36,14,22,0,Gates,2022-01-11
26,2,24,0,Gates,2022-01-13
9,5,4,0,Gates,2022-01-15
17,6,11,0,Gates,2022-01-17
46,8,38,0,Gates,2022-01-18
9,2,7,0,Gates,2022-01-21
6,2,4,0,Gates,2022-01-22
6,2,4,0,Gates,2022-01-23
21,4,17,0,Gates,2022-01-24
37,10,27,0,Gates,2022-01-25
14,1,13,0,Gates,2022-01-26
7,0,7,0,Gates,2022-01-27
4,0,4,0,Gates,2022-01-28
0,0,0,0,Gates,2022-01-29
12,2,10,0,Gates,2022-01-31
8,1,7,0,Gates,2022-02-01
5,2,3,0,Gates,2022-02-03
8,2,6,0,Gates,2022-02-04
0,0,0,0,Gates,2022-02-05
0,0,0,0,Gates,2022-02-06
1,0,1,0,Gates,2022-02-07
3,1,2,0,Gates,2022-02-08
1,1,0,0,Gates,2022-02-09
1,0,1,0,Gates,2022-02-10
0,0,0,0,Gates,2022-02-11
0,0,0,0,Gates,2022-02-12
0,0,0,0,Gates,2022-02-13
3,3,0,0,Gates,2022-02-14
0,0,0,0,Gates,2022-02-15
1,0,1,0,Gates,2022-02-16
2,0,2,0,Gates,2022-02-17
3,0,3,0,Gates,2022-02-18
0,0,0,0,Gates,2022-02-19
2,0,2,0,Gates,2022-02-20
4,0,4,0,Gates,2022-02-21
1,0,1,0,Gates,2022-02-22
1,0,1,0,Gates,2022-02-23
1,0,1,0,Gates,2022-02-24
1,0,1,0,Gates,2022-02-25
0,0,0,0,Gates,2022-02-26
0,0,0,0,Gates,2022-02-27
2,0,2,0,Gates,2022-02-28
0,0,0,0,Gates,2022-03-01
1,0,1,0,Gates,2022-03-02
0,0,0,0,Gates,2022-03-03
0,0,0,0,Gates,2022-03-04
0,0,0,0,Gates,2022-03-05
0,0,0,0,Gates,2022-03-06
0,0,0,0,Gates,2022-03-07
0,0,0,0,Gates,2022-03-08
0,0,0,0,Gates,2022-03-09
0,0,0,0,Gates,2022-03-10
0,0,0,0,Gates,2022-03-11
0,0,0,0,Gates,2022-03-12
0,0,0,0,Gates,2022-03-13
0,0,0,0,Gates,2022-03-14
0,0,0,0,Gates,2022-03-15
0,0,0,0,Gates,2022-03-16
0,0,0,0,Gates,2022-03-17
0,0,0,0,Gates,2022-03-18
0,0,0,0,Gates,2022-03-19
1,1,0,0,Gates,2022-03-20
0,0,0,0,Gates,2022-03-21
0,0,0,0,Gates,2022-03-22
0,0,0,0,Gates,2022-03-23
0,0,0,0,Gates,2022-03-24
0,0,0,0,Gates,2022-03-25
0,0,0,0,Gates,2022-03-26
1,0,1,0,Gates,2022-03-27
0,0,0,0,Gates,2022-03-28
0,0,0,0,Gates,2022-03-29
1,0,1,0,Gates,2022-03-30
0,0,0,0,Gates,2022-03-31
0,0,0,0,Gates,2022-04-01
0,0,0,0,Gates,2022-04-02
0,0,0,0,Gates,2022-04-03
0,0,0,0,Gates,2022-04-04
0,0,0,0,Gates,2022-04-05
0,0,0,0,Gates,2022-04-06
0,0,0,0,Gates,2022-04-07
0,0,0,0,Gates,2022-04-08
1,0,1,0,Gates,2022-04-09
0,0,0,0,Gates,2022-04-10
0,0,0,0,Gates,2022-04-11
1,0,1,0,Gates,2022-04-12
0,0,0,0,Gates,2022-04-13
0,0,0,0,Gates,2022-04-14
0,0,0,0,Gates,2022-04-15
0,0,0,0,Gates,2022-04-16
0,0,0,0,Gates,2022-04-17
0,0,0,0,Gates,2022-04-18
0,0,0,0,Gates,2022-04-19
0,0,0,0,Gates,2022-04-20
1,0,1,0,Gates,2022-04-21
1,0,1,0,Gates,2022-04-22
0,0,0,0,Gates,2022-04-23
0,0,0,0,Graham,2021-10-26
0,0,0,0,Graham,2021-10-27
0,0,0,0,Graham,2021-10-28
3,3,0,0,Graham,2021-10-29
0,0,0,0,Graham,2021-10-30
0,0,0,0,Graham,2021-10-31
0,0,0,0,Graham,2021-11-01
0,0,0,0,Graham,2021-11-02
0,0,0,0,Graham,2021-11-03
0,0,0,0,Graham,2021-11-04
1,0,1,0,Graham,2021-11-05
1,1,0,0,Graham,2021-11-06
0,0,0,0,Graham,2021-11-07
0,0,0,0,Graham,2021-11-08
1,1,0,0,Graham,2021-11-09
4,4,0,0,Graham,2021-11-10
0,0,0,0,Graham,2021-11-11
1,0,1,0,Graham,2021-11-12
0,0,0,0,Graham,2021-11-13
1,1,0,0,Graham,2021-11-14
2,1,1,0,Graham,2021-11-15
0,0,0,0,Graham,2021-11-16
0,0,0,0,Graham,2021-11-17
2,2,0,0,Graham,2021-11-18
2,2,0,0,Graham,2021-11-19
0,0,0,0,Graham,2021-11-20
1,1,0,0,Graham,2021-11-21
1,1,0,0,Graham,2021-11-22
1,0,1,0,Graham,2021-11-23
2,2,0,0,Graham,2021-11-24
0,0,0,0,Graham,2021-11-25
1,0,1,0,Graham,2021-11-26
0,0,0,0,Graham,2021-11-27
1,1,0,0,Graham,2021-11-28
5,5,0,0,Graham,2021-11-29
3,3,0,0,Graham,2021-11-30
5,4,1,0,Graham,2021-12-02
5,3,2,0,Graham,2021-12-03
2,2,0,0,Graham,2021-12-04
1,1,0,0,Graham,2021-12-05
5,2,3,0,Graham,2021-12-06
4,4,0,0,Graham,2021-12-07
3,3,0,0,Graham,2021-12-08
1,1,0,0,Graham,2021-12-09
1,0,1,0,Graham,2021-12-10
4,0,4,0,Graham,2021-12-11
0,0,0,0,Graham,2021-12-12
2,2,0,0,Graham,2021-12-13
3,2,1,0,Graham,2021-12-14
2,2,0,0,Graham,2021-12-16
9,4,5,0,Graham,2021-12-17
0,0,0,0,Graham,2021-12-19
6,6,0,0,Graham,2021-12-20
1,0,1,0,Graham,2021-12-21
2,2,0,0,Graham,2021-12-22
7,6,1,0,Graham,2021-12-23
0,0,0,0,Graham,2021-12-24
3,1,2,0,Graham,2021-12-25
3,3,0,0,Graham,2021-12-26
7,3,4,0,Graham,2021-12-27
8,7,1,0,Graham,2021-12-28
15,13,2,0,Graham,2021-12-29
14,7,7,0,Graham,2021-12-30
10,6,4,0,Graham,2021-12-31
3,3,0,0,Graham,2022-01-01
9,4,5,0,Graham,2022-01-02
8,4,4,0,Graham,2022-01-03
25,21,4,0,Graham,2022-01-04
6,6,0,0,Graham,2022-01-05
15,13,2,0,Graham,2022-01-07
6,2,4,0,Graham,2022-01-08
11,7,4,0,Graham,2022-01-09
30,23,7,0,Graham,2022-01-11
20,6,14,0,Graham,2022-01-13
25,12,13,0,Graham,2022-01-14
3,2,1,0,Graham,2022-01-16
13,7,6,0,Graham,2022-01-17
39,27,12,0,Graham,2022-01-18
40,23,17,0,Graham,2022-01-19
34,19,15,0,Graham,2022-01-20
33,23,10,0,Graham,2022-01-21
13,4,9,0,Graham,2022-01-22
12,10,2,0,Graham,2022-01-23
29,15,14,0,Graham,2022-01-25
20,11,9,0,Graham,2022-01-26
18,10,8,0,Graham,2022-01-27
24,16,8,0,Graham,2022-01-28
4,0,4,0,Graham,2022-01-29
10,7,3,0,Graham,2022-01-30
30,22,8,0,Graham,2022-01-31
18,13,5,0,Graham,2022-02-01
26,19,7,0,Graham,2022-02-02
10,8,2,0,Graham,2022-02-03
8,7,1,0,Graham,2022-02-04
7,3,4,0,Graham,2022-02-05
2,2,0,0,Graham,2022-02-06
14,13,1,0,Graham,2022-02-07
6,5,1,0,Graham,2022-02-08
13,8,5,0,Graham,2022-02-09
3,3,0,0,Graham,2022-02-10
3,2,1,0,Graham,2022-02-11
2,0,2,0,Graham,2022-02-12
3,2,1,0,Graham,2022-02-13
8,4,4,0,Graham,2022-02-14
7,4,3,0,Graham,2022-02-15
6,6,0,0,Graham,2022-02-16
5,3,2,0,Graham,2022-02-17
2,2,0,0,Graham,2022-02-18
0,0,0,0,Graham,2022-02-19
1,0,1,0,Graham,2022-02-20
2,2,0,0,Graham,2022-02-21
3,3,0,0,Graham,2022-02-22
3,2,1,0,Graham,2022-02-23
2,2,0,0,Graham,2022-02-24
0,0,0,0,Graham,2022-02-25
0,0,0,0,Graham,2022-02-26
0,0,0,0,Graham,2022-02-27
3,2,1,0,Graham,2022-02-28
1,1,0,0,Graham,2022-03-01
1,1,0,0,Graham,2022-03-02
2,1,1,0,Graham,2022-03-03
0,0,0,0,Graham,2022-03-04
0,0,0,0,Graham,2022-03-05
0,0,0,0,Graham,2022-03-06
3,1,2,0,Graham,2022-03-07
0,0,0,0,Graham,2022-03-08
0,0,0,0,Graham,2022-03-09
0,0,0,0,Graham,2022-03-10
0,0,0,0,Graham,2022-03-11
0,0,0,0,Graham,2022-03-12
0,0,0,0,Graham,2022-03-13
0,0,0,0,Graham,2022-03-14
0,0,0,0,Graham,2022-03-15
1,0,1,0,Graham,2022-03-16
0,0,0,0,Graham,2022-03-17
0,0,0,0,Graham,2022-03-18
0,0,0,0,Graham,2022-03-19
1,1,0,0,Graham,2022-03-20
0,0,0,0,Graham,2022-03-21
0,0,0,0,Graham,2022-03-22
0,0,0,0,Graham,2022-03-23
0,0,0,0,Graham,2022-03-25
0,0,0,0,Graham,2022-03-26
1,1,0,0,Graham,2022-03-27
1,0,1,0,Graham,2022-03-28
1,0,1,0,Graham,2022-03-29
0,0,0,0,Graham,2022-03-30
0,0,0,0,Graham,2022-03-31
0,0,0,0,Graham,2022-04-01
0,0,0,0,Graham,2022-04-02
0,0,0,0,Graham,2022-04-03
0,0,0,0,Graham,2022-04-04
0,0,0,0,Graham,2022-04-05
0,0,0,0,Graham,2022-04-06
0,0,0,0,Graham,2022-04-07
0,0,0,0,Graham,2022-04-08
0,0,0,0,Graham,2022-04-09
0,0,0,0,Graham,2022-04-10
1,0,1,0,Graham,2022-04-12
0,0,0,0,Graham,2022-04-13
0,0,0,0,Graham,2022-04-14
0,0,0,0,Graham,2022-04-15
0,0,0,0,Graham,2022-04-16
0,0,0,0,Graham,2022-04-17
6,6,0,0,Graham,2022-04-18
4,4,0,0,Graham,2022-04-20
0,0,0,0,Graham,2022-04-21
1,1,0,0,Graham,2022-04-22
1,0,1,0,Graham,2022-04-23
20,3,17,0,Granville,2021-10-26
9,2,7,0,Granville,2021-10-27
16,2,14,0,Granville,2021-10-28
9,0,9,0,Granville,2021-10-29
7,1,6,0,Granville,2021-10-31
10,0,10,0,Granville,2021-11-01
11,1,10,0,Granville,2021-11-02
14,1,13,0,Granville,2021-11-03
7,0,7,0,Granville,2021-11-04
8,2,6,0,Granville,2021-11-05
7,1,6,0,Granville,2021-11-07
12,0,12,0,Granville,2021-11-08
6,0,6,0,Granville,2021-11-09
14,3,11,0,Granville,2021-11-10
6,1,5,0,Granville,2021-11-11
9,0,9,0,Granville,2021-11-14
16,3,13,0,Granville,2021-11-16
16,6,10,0,Granville,2021-11-17
19,6,13,0,Granville,2021-11-18
13,7,6,0,Granville,2021-11-19
9,3,6,0,Granville,2021-11-20
12,3,9,0,Granville,2021-11-23
21,5,16,0,Granville,2021-11-24
2,1,1,0,Granville,2021-11-25
11,2,9,0,Granville,2021-11-26
15,1,14,0,Granville,2021-11-27
40,15,25,0,Granville,2021-11-29
25,4,21,0,Granville,2021-11-30
14,1,13,0,Granville,2021-12-02
18,5,13,0,Granville,2021-12-03
12,0,12,0,Granville,2021-12-04
6,0,6,0,Granville,2021-12-05
18,4,14,0,Granville,2021-12-06
14,1,13,0,Granville,2021-12-07
19,8,11,0,Granville,2021-12-08
23,9,14,0,Granville,2021-12-09
17,3,14,0,Granville,2021-12-10
9,0,9,0,Granville,2021-12-11
8,1,7,0,Granville,2021-12-12
35,7,28,0,Granville,2021-12-13
21,2,19,0,Granville,2021-12-14
23,10,13,0,Granville,2021-12-15
21,7,14,0,Granville,2021-12-16
18,5,13,0,Granville,2021-12-17
16,2,14,0,Granville,2021-12-18
16,3,13,0,Granville,2021-12-19
28,4,24,0,Granville,2021-12-20
31,10,21,0,Granville,2021-12-22
25,6,19,0,Granville,2021-12-23
22,9,13,0,Granville,2021-12-24
16,6,10,0,Granville,2021-12-25
42,7,35,0,Granville,2021-12-26
98,25,73,0,Granville,2021-12-27
178,65,113,0,Granville,2021-12-29
196,92,104,0,Granville,2021-12-30
103,53,50,0,Granville,2021-12-31
42,8,34,0,Granville,2022-01-01
79,22,57,0,Granville,2022-01-02
157,65,92,0,Granville,2022-01-03
169,25,144,0,Granville,2022-01-04
175,14,161,0,Granville,2022-01-05
149,15,134,0,Granville,2022-01-06
48,9,39,0,Granville,2022-01-09
242,20,222,0,Granville,2022-01-10
214,27,187,0,Granville,2022-01-11
215,20,195,0,Granville,2022-01-12
175,10,165,0,Granville,2022-01-13
172,13,159,0,Granville,2022-01-14
87,8,79,0,Granville,2022-01-15
138,19,119,0,Granville,2022-01-17
160,12,148,0,Granville,2022-01-20
60,5,55,0,Granville,2022-01-21
41,3,38,0,Granville,2022-01-22
56,7,49,0,Granville,2022-01-23
88,6,82,0,Granville,2022-01-26
82,8,74,0,Granville,2022-01-27
77,4,73,0,Granville,2022-01-28
35,1,34,0,Granville,2022-01-29
88,3,85,0,Granville,2022-01-31
67,2,65,0,Granville,2022-02-01
47,4,43,0,Granville,2022-02-04
36,3,33,0,Granville,2022-02-05
23,3,20,0,Granville,2022-02-06
50,15,35,0,Granville,2022-02-07
50,14,36,0,Granville,2022-02-08
62,10,52,0,Granville,2022-02-09
26,3,23,0,Granville,2022-02-10
27,5,22,0,Granville,2022-02-11
12,3,9,0,Granville,2022-02-12
13,0,13,0,Granville,2022-02-13
38,5,33,0,Granville,2022-02-14
18,3,15,0,Granville,2022-02-15
19,7,12,0,Granville,2022-02-16
20,5,15,0,Granville,2022-02-17
13,1,12,0,Granville,2022-02-18
9,0,9,0,Granville,2022-02-19
4,0,4,0,Granville,2022-02-20
22,10,12,0,Granville,2022-02-21
10,2,8,0,Granville,2022-02-22
9,3,6,0,Granville,2022-02-23
10,1,9,0,Granville,2022-02-24
3,0,3,0,Granville,2022-02-25
5,0,5,0,Granville,2022-02-26
3,0,3,0,Granville,2022-02-27
11,2,9,0,Granville,2022-02-28
14,3,11,0,Granville,2022-03-01
8,0,8,0,Granville,2022-03-02
6,1,5,0,Granville,2022-03-03
3,0,3,0,Granville,2022-03-04
2,1,1,0,Granville,2022-03-05
1,0,1,0,Granville,2022-03-06
6,0,6,0,Granville,2022-03-07
10,5,5,0,Granville,2022-03-08
5,2,3,0,Granville,2022-03-09
2,0,2,0,Granville,2022-03-10
2,2,0,0,Granville,2022-03-11
1,0,1,0,Granville,2022-03-12
2,1,1,0,Granville,2022-03-13
3,0,3,0,Granville,2022-03-14
3,0,3,0,Granville,2022-03-15
1,0,1,0,Granville,2022-03-16
1,0,1,0,Granville,2022-03-17
3,0,3,0,Granville,2022-03-18
0,0,0,0,Granville,2022-03-19
0,0,0,0,Granville,2022-03-20
3,1,2,0,Granville,2022-03-21
2,1,1,0,Granville,2022-03-22
1,1,0,0,Granville,2022-03-23
1,1,0,0,Granville,2022-03-24
3,0,3,0,Granville,2022-03-25
1,0,1,0,Granville,2022-03-26
0,0,0,0,Granville,2022-03-27
1,0,1,0,Granville,2022-03-28
2,0,2,0,Granville,2022-03-29
0,0,0,0,Granville,2022-03-30
2,0,2,0,Granville,2022-03-31
1,0,1,0,Granville,2022-04-01
2,2,0,0,Granville,2022-04-02
0,0,0,0,Granville,2022-04-03
3,1,2,0,Granville,2022-04-04
4,3,1,0,Granville,2022-04-05
4,1,3,0,Granville,2022-04-06
7,2,5,0,Granville,2022-04-07
5,2,3,0,Granville,2022-04-08
3,0,3,0,Granville,2022-04-09
3,2,1,0,Granville,2022-04-10
8,2,6,0,Granville,2022-04-11
3,1,2,0,Granville,2022-04-12
6,2,4,0,Granville,2022-04-13
10,2,8,0,Granville,2022-04-14
3,0,3,0,Granville,2022-04-15
10,0,10,0,Granville,2022-04-16
4,0,4,0,Granville,2022-04-17
5,1,4,0,Granville,2022-04-18
7,2,5,0,Granville,2022-04-19
9,2,7,0,Granville,2022-04-20
10,4,6,0,Granville,2022-04-21
6,0,6,0,Granville,2022-04-22
4,1,3,0,Granville,2022-04-23
4,1,3,0,Greene,2021-10-26
2,0,2,0,Greene,2021-10-27
2,0,2,0,Greene,2021-10-28
3,1,2,0,Greene,2021-10-29
0,0,0,0,Greene,2021-10-30
4,0,4,0,Greene,2021-10-31
5,2,3,0,Greene,2021-11-01
2,0,2,0,Greene,2021-11-02
1,0,1,0,Greene,2021-11-03
3,0,3,0,Greene,2021-11-04
1,1,0,0,Greene,2021-11-05
0,0,0,0,Greene,2021-11-06
2,1,1,0,Greene,2021-11-07
1,0,1,0,Greene,2021-11-08
1,1,0,0,Greene,2021-11-09
4,2,2,0,Greene,2021-11-10
1,0,1,0,Greene,2021-11-11
1,1,0,0,Greene,2021-11-12
2,1,1,0,Greene,2021-11-14
3,1,2,0,Greene,2021-11-15
4,0,4,0,Greene,2021-11-16
1,0,1,0,Greene,2021-11-17
10,3,7,0,Greene,2021-11-18
1,1,0,0,Greene,2021-11-19
1,0,1,0,Greene,2021-11-20
0,0,0,0,Greene,2021-11-21
6,0,6,0,Greene,2021-11-22
2,2,0,0,Greene,2021-11-23
1,1,0,0,Greene,2021-11-24
0,0,0,0,Greene,2021-11-25
2,0,2,0,Greene,2021-11-26
2,0,2,0,Greene,2021-11-27
1,0,1,0,Greene,2021-11-28
14,2,12,0,Greene,2021-11-29
6,1,5,0,Greene,2021-11-30
3,1,2,0,Greene,2021-12-01
1,0,1,0,Greene,2021-12-02
4,1,3,0,Greene,2021-12-03
3,0,3,0,Greene,2021-12-04
1,0,1,0,Greene,2021-12-05
7,2,5,0,Greene,2021-12-06
10,2,8,0,Greene,2021-12-07
5,3,2,0,Greene,2021-12-08
4,0,4,0,Greene,2021-12-09
7,2,5,0,Greene,2021-12-10
3,0,3,0,Greene,2021-12-11
2,0,2,0,Greene,2021-12-12
15,1,14,0,Greene,2021-12-13
10,5,5,0,Greene,2021-12-14
4,1,3,0,Greene,2021-12-15
26,0,26,0,Greene,2021-12-16
17,9,8,0,Greene,2021-12-17
3,0,3,0,Greene,2021-12-18
5,2,3,0,Greene,2021-12-19
16,2,14,0,Greene,2021-12-20
16,5,11,0,Greene,2021-12-21
25,4,21,0,Greene,2021-12-22
12,3,9,0,Greene,2021-12-23
2,1,1,0,Greene,2021-12-24
3,1,2,0,Greene,2021-12-25
9,1,8,0,Greene,2021-12-26
17,3,14,0,Greene,2021-12-27
49,10,39,0,Greene,2021-12-28
36,14,22,0,Greene,2021-12-29
71,12,59,0,Greene,2021-12-30
25,5,20,0,Greene,2021-12-31
8,2,6,0,Greene,2022-01-01
8,0,8,0,Greene,2022-01-02
83,7,76,0,Greene,2022-01-03
73,14,59,0,Greene,2022-01-04
52,21,31,0,Greene,2022-01-05
87,6,81,0,Greene,2022-01-06
41,6,35,0,Greene,2022-01-07
23,3,20,0,Greene,2022-01-09
130,28,102,0,Greene,2022-01-10
106,25,81,0,Greene,2022-01-11
67,20,47,0,Greene,2022-01-12
125,14,111,0,Greene,2022-01-13
67,19,48,0,Greene,2022-01-14
14,2,12,0,Greene,2022-01-15
78,29,49,0,Greene,2022-01-17
171,38,133,0,Greene,2022-01-18
91,33,58,0,Greene,2022-01-20
24,8,16,0,Greene,2022-01-21
6,5,1,0,Greene,2022-01-22
14,5,9,0,Greene,2022-01-23
125,29,96,0,Greene,2022-01-24
67,19,48,0,Greene,2022-01-25
48,17,31,0,Greene,2022-01-26
44,6,38,0,Greene,2022-01-27
28,5,23,0,Greene,2022-01-28
8,1,7,0,Greene,2022-01-29
41,12,29,0,Greene,2022-01-31
27,5,22,0,Greene,2022-02-01
14,3,11,0,Greene,2022-02-03
17,4,13,0,Greene,2022-02-04
8,2,6,0,Greene,2022-02-06
31,8,23,0,Greene,2022-02-07
11,1,10,0,Greene,2022-02-08
11,6,5,0,Greene,2022-02-09
4,0,4,0,Greene,2022-02-10
4,2,2,0,Greene,2022-02-11
6,0,6,0,Greene,2022-02-14
10,2,8,0,Greene,2022-02-15
2,0,2,0,Greene,2022-02-16
5,2,3,0,Greene,2022-02-17
4,1,3,0,Greene,2022-02-18
0,0,0,0,Greene,2022-02-19
1,0,1,0,Greene,2022-02-20
8,1,7,0,Greene,2022-02-21
4,0,4,0,Greene,2022-02-22
4,0,4,0,Greene,2022-02-24
2,1,1,0,Greene,2022-02-26
1,0,1,0,Greene,2022-02-27
5,4,1,0,Greene,2022-02-28
2,0,2,0,Greene,2022-03-01
0,0,0,0,Greene,2022-03-02
4,1,3,0,Greene,2022-03-03
1,0,1,0,Greene,2022-03-04
0,0,0,0,Greene,2022-03-05
0,0,0,0,Greene,2022-03-06
4,1,3,0,Greene,2022-03-07
1,0,1,0,Greene,2022-03-08
0,0,0,0,Greene,2022-03-09
0,0,0,0,Greene,2022-03-10
0,0,0,0,Greene,2022-03-11
0,0,0,0,Greene,2022-03-12
0,0,0,0,Greene,2022-03-13
0,0,0,0,Greene,2022-03-14
0,0,0,0,Greene,2022-03-15
0,0,0,0,Greene,2022-03-16
0,0,0,0,Greene,2022-03-17
0,0,0,0,Greene,2022-03-18
0,0,0,0,Greene,2022-03-19
0,0,0,0,Greene,2022-03-20
0,0,0,0,Greene,2022-03-21
0,0,0,0,Greene,2022-03-22
1,0,1,0,Greene,2022-03-23
0,0,0,0,Greene,2022-03-24
0,0,0,0,Greene,2022-03-25
0,0,0,0,Greene,2022-03-26
0,0,0,0,Greene,2022-03-27
0,0,0,0,Greene,2022-03-28
0,0,0,0,Greene,2022-03-29
2,0,2,0,Greene,2022-03-30
0,0,0,0,Greene,2022-03-31
0,0,0,0,Greene,2022-04-01
0,0,0,0,Greene,2022-04-02
0,0,0,0,Greene,2022-04-03
0,0,0,0,Greene,2022-04-04
1,0,1,0,Greene,2022-04-05
0,0,0,0,Greene,2022-04-06
0,0,0,0,Greene,2022-04-07
0,0,0,0,Greene,2022-04-08
0,0,0,0,Greene,2022-04-09
0,0,0,0,Greene,2022-04-10
0,0,0,0,Greene,2022-04-11
0,0,0,0,Greene,2022-04-12
0,0,0,0,Greene,2022-04-13
4,0,4,0,Greene,2022-04-14
0,0,0,0,Greene,2022-04-15
0,0,0,0,Greene,2022-04-16
0,0,0,0,Greene,2022-04-17
1,0,1,0,Greene,2022-04-18
4,0,4,0,Greene,2022-04-19
0,0,0,0,Greene,2022-04-20
0,0,0,0,Greene,2022-04-21
0,0,0,0,Greene,2022-04-22
0,0,0,0,Greene,2022-04-23
35,5,30,0,Guilford,2021-10-31
97,19,78,0,Guilford,2021-11-12
106,18,88,0,Guilford,2021-11-17
109,18,91,0,Guilford,2021-11-24
18,5,13,0,Guilford,2021-11-25
104,17,87,0,Guilford,2021-11-26
72,6,66,0,Guilford,2021-11-28
221,23,198,0,Guilford,2021-11-29
162,32,130,0,Guilford,2021-12-01
80,7,73,0,Guilford,2021-12-12
192,31,161,0,Guilford,2021-12-13
221,39,182,0,Guilford,2021-12-16
212,32,180,0,Guilford,2021-12-17
148,25,123,0,Guilford,2021-12-18
286,39,247,0,Guilford,2021-12-20
100,14,86,0,Guilford,2021-12-25
1639,241,1398,0,Guilford,2022-01-04
69,19,50,0,Guilford,2022-02-19
56,23,33,0,Guilford,2022-02-20
23,7,16,0,Guilford,2022-03-11
17,6,11,0,Guilford,2022-03-12
31,6,25,0,Guilford,2022-03-14
27,3,24,0,Guilford,2022-03-16
27,8,19,0,Guilford,2022-03-17
15,3,12,0,Guilford,2022-03-18
12,4,8,0,Guilford,2022-03-20
39,7,32,0,Guilford,2022-03-21
24,3,21,0,Guilford,2022-03-24
13,1,12,0,Guilford,2022-03-26
21,8,13,0,Guilford,2022-03-28
32,7,25,0,Guilford,2022-03-31
22,8,14,0,Guilford,2022-04-01
17,3,14,0,Guilford,2022-04-03
32,4,28,0,Guilford,2022-04-04
26,3,23,0,Guilford,2022-04-05
26,10,16,0,Guilford,2022-04-06
54,13,41,0,Guilford,2022-04-07
44,8,36,0,Guilford,2022-04-08
40,11,29,0,Guilford,2022-04-10
80,21,59,0,Guilford,2022-04-11
79,15,64,0,Guilford,2022-04-12
118,36,82,0,Guilford,2022-04-14
83,13,70,0,Guilford,2022-04-15
42,5,37,0,Guilford,2022-04-17
116,15,101,0,Guilford,2022-04-19
140,23,117,0,Guilford,2022-04-20
91,0,91,0,Guilford,2022-04-22
57,10,47,0,Guilford,2022-04-23
19,6,13,0,Halifax,2021-10-26
14,0,14,0,Halifax,2021-10-27
8,0,8,0,Halifax,2021-10-29
1,0,1,0,Halifax,2021-10-31
10,2,8,0,Halifax,2021-11-01
3,0,3,0,Halifax,2021-11-02
3,1,2,0,Halifax,2021-11-03
13,0,13,0,Halifax,2021-11-04
5,1,4,0,Halifax,2021-11-05
3,0,3,0,Halifax,2021-11-06
5,0,5,0,Halifax,2021-11-08
4,0,4,0,Halifax,2021-11-09
3,1,2,0,Halifax,2021-11-10
2,0,2,0,Halifax,2021-11-11
2,0,2,0,Halifax,2021-11-12
2,1,1,0,Halifax,2021-11-13
0,0,0,0,Halifax,2021-11-14
4,2,2,0,Halifax,2021-11-15
12,4,8,0,Halifax,2021-11-16
4,2,2,0,Halifax,2021-11-17
4,4,0,0,Halifax,2021-11-18
1,0,1,0,Halifax,2021-11-19
1,0,1,0,Halifax,2021-11-20
1,0,1,0,Halifax,2021-11-21
4,0,4,0,Halifax,2021-11-22
4,2,2,0,Halifax,2021-11-23
7,1,6,0,Halifax,2021-11-24
1,0,1,0,Halifax,2021-11-25
4,4,0,0,Halifax,2021-11-26
2,0,2,0,Halifax,2021-11-27
2,1,1,0,Halifax,2021-11-28
10,3,7,0,Halifax,2021-11-29
7,2,5,0,Halifax,2021-11-30
4,1,3,0,Halifax,2021-12-01
0,0,0,0,Halifax,2021-12-02
0,0,0,0,Halifax,2021-12-04
3,1,2,0,Halifax,2021-12-05
8,0,8,0,Halifax,2021-12-06
5,2,3,0,Halifax,2021-12-08
9,0,9,0,Halifax,2021-12-09
8,0,8,0,Halifax,2021-12-10
2,1,1,0,Halifax,2021-12-11
4,2,2,0,Halifax,2021-12-12
18,3,15,0,Halifax,2021-12-13
12,3,9,0,Halifax,2021-12-14
9,0,9,0,Halifax,2021-12-15
15,4,11,0,Halifax,2021-12-16
2,1,1,0,Halifax,2021-12-19
20,2,18,0,Halifax,2021-12-20
22,3,19,0,Halifax,2021-12-21
39,6,33,0,Halifax,2021-12-22
16,2,14,0,Halifax,2021-12-24
17,2,15,0,Halifax,2021-12-25
25,6,19,0,Halifax,2021-12-26
86,13,73,0,Halifax,2021-12-27
172,22,150,0,Halifax,2021-12-28
215,25,190,0,Halifax,2021-12-30
195,6,189,0,Halifax,2021-12-31
59,2,57,0,Halifax,2022-01-01
204,37,167,0,Halifax,2022-01-03
303,55,248,0,Halifax,2022-01-06
259,17,242,0,Halifax,2022-01-07
62,8,54,0,Halifax,2022-01-09
274,20,254,0,Halifax,2022-01-10
182,13,169,0,Halifax,2022-01-13
57,3,54,0,Halifax,2022-01-15
25,1,24,0,Halifax,2022-01-16
92,25,67,0,Halifax,2022-01-17
257,42,215,0,Halifax,2022-01-18
202,23,179,0,Halifax,2022-01-19
16,2,14,0,Halifax,2022-01-23
83,20,63,0,Halifax,2022-01-26
67,12,55,0,Halifax,2022-01-28
88,25,63,0,Halifax,2022-01-31
58,12,46,0,Halifax,2022-02-01
51,17,34,0,Halifax,2022-02-02
45,9,36,0,Halifax,2022-02-07
23,4,19,0,Halifax,2022-02-08
16,4,12,0,Halifax,2022-02-10
14,0,14,0,Halifax,2022-02-11
6,0,6,0,Halifax,2022-02-13
19,0,19,0,Halifax,2022-02-14
12,2,10,0,Halifax,2022-02-15
15,1,14,0,Halifax,2022-02-16
19,0,19,0,Halifax,2022-02-17
12,3,9,0,Halifax,2022-02-18
7,2,5,0,Halifax,2022-02-20
14,6,8,0,Halifax,2022-02-21
14,3,11,0,Halifax,2022-02-23
0,0,0,0,Halifax,2022-02-24
5,1,4,0,Halifax,2022-02-25
4,1,3,0,Halifax,2022-02-27
9,1,8,0,Halifax,2022-02-28
10,2,8,0,Halifax,2022-03-01
3,0,3,0,Halifax,2022-03-02
8,1,7,0,Halifax,2022-03-03
7,1,6,0,Halifax,2022-03-04
1,0,1,0,Halifax,2022-03-05
0,0,0,0,Halifax,2022-03-06
4,0,4,0,Halifax,2022-03-07
1,0,1,0,Halifax,2022-03-08
1,0,1,0,Halifax,2022-03-09
0,0,0,0,Halifax,2022-03-10
2,1,1,0,Halifax,2022-03-11
2,1,1,0,Halifax,2022-03-12
3,2,1,0,Halifax,2022-03-14
1,0,1,0,Halifax,2022-03-15
0,0,0,0,Halifax,2022-03-16
2,0,2,0,Halifax,2022-03-17
0,0,0,0,Halifax,2022-03-18
1,0,1,0,Halifax,2022-03-19
0,0,0,0,Halifax,2022-03-20
1,1,0,0,Halifax,2022-03-21
0,0,0,0,Halifax,2022-03-22
0,0,0,0,Halifax,2022-03-23
0,0,0,0,Halifax,2022-03-24
0,0,0,0,Halifax,2022-03-25
0,0,0,0,Halifax,2022-03-27
0,0,0,0,Halifax,2022-03-28
0,0,0,0,Halifax,2022-03-29
0,0,0,0,Halifax,2022-03-30
1,0,1,0,Halifax,2022-03-31
0,0,0,0,Halifax,2022-04-01
1,1,0,0,Halifax,2022-04-02
0,0,0,0,Halifax,2022-04-03
2,0,2,0,Halifax,2022-04-04
1,0,1,0,Halifax,2022-04-05
2,0,2,0,Halifax,2022-04-06
0,0,0,0,Halifax,2022-04-07
3,0,3,0,Halifax,2022-04-08
0,0,0,0,Halifax,2022-04-09
0,0,0,0,Halifax,2022-04-11
0,0,0,0,Halifax,2022-04-12
2,0,2,0,Halifax,2022-04-13
3,1,2,0,Halifax,2022-04-14
3,0,3,0,Halifax,2022-04-15
0,0,0,0,Halifax,2022-04-16
1,0,1,0,Halifax,2022-04-17
3,0,3,0,Halifax,2022-04-18
3,1,2,0,Halifax,2022-04-20
3,1,2,0,Halifax,2022-04-21
8,5,3,0,Halifax,2022-04-22
0,0,0,0,Halifax,2022-04-23
23,7,16,0,Harnett,2021-10-27
11,3,8,0,Harnett,2021-10-29
5,0,5,0,Harnett,2021-10-31
28,9,19,0,Harnett,2021-11-01
16,7,9,0,Harnett,2021-11-05
3,0,3,0,Harnett,2021-11-07
16,4,12,0,Harnett,2021-11-08
20,2,18,0,Harnett,2021-11-09
18,2,16,0,Harnett,2021-11-10
19,4,15,0,Harnett,2021-11-11
16,4,12,0,Harnett,2021-11-12
11,2,9,0,Harnett,2021-11-13
23,6,17,0,Harnett,2021-11-15
15,6,9,0,Harnett,2021-11-16
25,6,19,0,Harnett,2021-11-18
22,4,18,0,Harnett,2021-11-19
11,2,9,0,Harnett,2021-11-20
9,5,4,0,Harnett,2021-11-21
28,7,21,0,Harnett,2021-11-22
25,5,20,0,Harnett,2021-11-23
24,6,18,0,Harnett,2021-11-24
2,0,2,0,Harnett,2021-11-25
18,5,13,0,Harnett,2021-11-27
13,1,12,0,Harnett,2021-11-28
53,17,36,0,Harnett,2021-11-29
41,7,34,0,Harnett,2021-11-30
26,4,22,0,Harnett,2021-12-02
23,4,19,0,Harnett,2021-12-03
17,5,12,0,Harnett,2021-12-05
55,8,47,0,Harnett,2021-12-06
43,9,34,0,Harnett,2021-12-07
43,8,35,0,Harnett,2021-12-09
37,11,26,0,Harnett,2021-12-10
29,4,25,0,Harnett,2021-12-11
22,2,20,0,Harnett,2021-12-12
48,8,40,0,Harnett,2021-12-13
55,12,43,0,Harnett,2021-12-14
52,8,44,0,Harnett,2021-12-16
58,19,39,0,Harnett,2021-12-17
28,5,23,0,Harnett,2021-12-19
73,22,51,0,Harnett,2021-12-20
53,10,43,0,Harnett,2021-12-22
71,14,57,0,Harnett,2021-12-23
38,8,30,0,Harnett,2021-12-24
21,4,17,0,Harnett,2021-12-25
50,9,41,0,Harnett,2021-12-26
272,51,221,0,Harnett,2021-12-30
165,21,144,0,Harnett,2021-12-31
103,11,92,0,Harnett,2022-01-01
427,105,322,0,Harnett,2022-01-03
494,89,405,0,Harnett,2022-01-04
468,59,409,0,Harnett,2022-01-05
623,119,504,0,Harnett,2022-01-10
605,126,479,0,Harnett,2022-01-11
530,132,398,0,Harnett,2022-01-12
509,98,411,0,Harnett,2022-01-13
64,14,50,0,Harnett,2022-01-16
706,162,544,0,Harnett,2022-01-18
608,106,502,0,Harnett,2022-01-19
46,10,36,0,Harnett,2022-01-22
83,8,75,0,Harnett,2022-01-23
213,36,177,0,Harnett,2022-01-27
223,37,186,0,Harnett,2022-01-28
222,44,178,0,Harnett,2022-01-31
151,36,115,0,Harnett,2022-02-02
110,15,95,0,Harnett,2022-02-03
44,5,39,0,Harnett,2022-02-05
111,37,74,0,Harnett,2022-02-07
67,12,55,0,Harnett,2022-02-09
29,4,25,0,Harnett,2022-02-12
40,5,35,0,Harnett,2022-02-16
53,6,47,0,Harnett,2022-02-17
13,1,12,0,Harnett,2022-02-20
38,13,25,0,Harnett,2022-02-21
25,2,23,0,Harnett,2022-02-23
12,1,11,0,Harnett,2022-02-24
21,7,14,0,Harnett,2022-02-25
11,2,9,0,Harnett,2022-02-26
15,4,11,0,Harnett,2022-03-03
10,1,9,0,Harnett,2022-03-04
3,1,2,0,Harnett,2022-03-05
6,0,6,0,Harnett,2022-03-06
13,2,11,0,Harnett,2022-03-09
8,3,5,0,Harnett,2022-03-10
1,0,1,0,Harnett,2022-03-12
5,0,5,0,Harnett,2022-03-13
4,1,3,0,Harnett,2022-03-15
8,3,5,0,Harnett,2022-03-17
2,1,1,0,Harnett,2022-03-19
3,1,2,0,Harnett,2022-03-20
5,3,2,0,Harnett,2022-03-22
5,1,4,0,Harnett,2022-03-23
3,0,3,0,Harnett,2022-03-24
1,0,1,0,Harnett,2022-03-25
1,0,1,0,Harnett,2022-03-26
2,0,2,0,Harnett,2022-03-27
3,3,0,0,Harnett,2022-03-28
8,0,8,0,Harnett,2022-03-29
8,2,6,0,Harnett,2022-03-30
2,0,2,0,Harnett,2022-03-31
7,0,7,0,Harnett,2022-04-01
4,0,4,0,Harnett,2022-04-02
4,1,3,0,Harnett,2022-04-03
5,0,5,0,Harnett,2022-04-04
5,0,5,0,Harnett,2022-04-05
5,1,4,0,Harnett,2022-04-06
6,1,5,0,Harnett,2022-04-07
1,0,1,0,Harnett,2022-04-08
4,0,4,0,Harnett,2022-04-09
3,1,2,0,Harnett,2022-04-10
10,1,9,0,Harnett,2022-04-11
6,4,2,0,Harnett,2022-04-12
9,2,7,0,Harnett,2022-04-13
9,0,9,0,Harnett,2022-04-14
6,2,4,0,Harnett,2022-04-15
5,1,4,0,Harnett,2022-04-16
4,1,3,0,Harnett,2022-04-17
15,6,9,0,Harnett,2022-04-18
12,3,9,0,Harnett,2022-04-19
21,9,12,0,Harnett,2022-04-20
25,12,13,0,Harnett,2022-04-21
7,1,6,0,Harnett,2022-04-22
18,2,16,0,Haywood,2021-10-27
14,5,9,0,Haywood,2021-10-28
4,1,3,0,Haywood,2021-10-30
4,3,1,0,Haywood,2021-10-31
11,3,8,0,Haywood,2021-11-01
11,1,10,0,Haywood,2021-11-02
16,5,11,0,Haywood,2021-11-03
10,5,5,0,Haywood,2021-11-04
21,9,12,0,Haywood,2021-11-05
9,4,5,0,Haywood,2021-11-06
8,1,7,0,Haywood,2021-11-07
13,2,11,0,Haywood,2021-11-09
11,3,8,0,Haywood,2021-11-12
7,3,4,0,Haywood,2021-11-13
8,0,8,0,Haywood,2021-11-14
19,8,11,0,Haywood,2021-11-15
18,10,8,0,Haywood,2021-11-16
15,2,13,0,Haywood,2021-11-17
14,3,11,0,Haywood,2021-11-19
15,1,14,0,Haywood,2021-11-23
12,6,6,0,Haywood,2021-11-24
2,1,1,0,Haywood,2021-11-25
17,10,7,0,Haywood,2021-11-26
5,1,4,0,Haywood,2021-11-27
16,3,13,0,Haywood,2021-11-28
28,8,20,0,Haywood,2021-11-29
32,7,25,0,Haywood,2021-11-30
27,13,14,0,Haywood,2021-12-01
24,7,17,0,Haywood,2021-12-02
27,10,17,0,Haywood,2021-12-03
11,0,11,0,Haywood,2021-12-04
20,5,15,0,Haywood,2021-12-05
35,5,30,0,Haywood,2021-12-06
28,9,19,0,Haywood,2021-12-08
24,11,13,0,Haywood,2021-12-09
14,8,6,0,Haywood,2021-12-11
28,8,20,0,Haywood,2021-12-13
22,8,14,0,Haywood,2021-12-14
26,4,22,0,Haywood,2021-12-15
12,7,5,0,Haywood,2021-12-16
10,3,7,0,Haywood,2021-12-19
25,12,13,0,Haywood,2021-12-23
7,1,6,0,Haywood,2021-12-25
18,10,8,0,Haywood,2021-12-26
55,14,41,0,Haywood,2021-12-28
58,22,36,0,Haywood,2021-12-30
24,8,16,0,Haywood,2022-01-01
33,15,18,0,Haywood,2022-01-02
94,32,62,0,Haywood,2022-01-03
93,25,68,0,Haywood,2022-01-04
143,35,108,0,Haywood,2022-01-06
88,23,65,0,Haywood,2022-01-07
47,17,30,0,Haywood,2022-01-08
55,4,51,0,Haywood,2022-01-09
152,62,90,0,Haywood,2022-01-12
152,62,90,0,Haywood,2022-01-13
161,62,99,0,Haywood,2022-01-18
168,43,125,0,Haywood,2022-01-20
139,34,105,0,Haywood,2022-01-21
59,13,46,0,Haywood,2022-01-22
65,11,54,0,Haywood,2022-01-23
116,27,89,0,Haywood,2022-01-25
131,35,96,0,Haywood,2022-01-26
106,46,60,0,Haywood,2022-01-31
60,15,45,0,Haywood,2022-02-04
56,27,29,0,Haywood,2022-02-09
38,16,22,0,Haywood,2022-02-10
17,6,11,0,Haywood,2022-02-12
19,2,17,0,Haywood,2022-02-13
27,8,19,0,Haywood,2022-02-16
18,6,12,0,Haywood,2022-02-18
14,8,6,0,Haywood,2022-02-19
19,5,14,0,Haywood,2022-02-23
6,2,4,0,Haywood,2022-02-27
23,12,11,0,Haywood,2022-02-28
1,0,1,0,Haywood,2022-03-02
11,3,8,0,Haywood,2022-03-03
4,1,3,0,Haywood,2022-03-04
3,0,3,0,Haywood,2022-03-05
1,0,1,0,Haywood,2022-03-06
4,2,2,0,Haywood,2022-03-10
4,0,4,0,Haywood,2022-03-11
1,0,1,0,Haywood,2022-03-12
2,0,2,0,Haywood,2022-03-13
3,2,1,0,Haywood,2022-03-14
5,2,3,0,Haywood,2022-03-15
14,1,13,0,Haywood,2022-03-16
3,1,2,0,Haywood,2022-03-17
1,0,1,0,Haywood,2022-03-18
0,0,0,0,Haywood,2022-03-19
0,0,0,0,Haywood,2022-03-20
3,1,2,0,Haywood,2022-03-21
2,0,2,0,Haywood,2022-03-22
6,1,5,0,Haywood,2022-03-23
3,2,1,0,Haywood,2022-03-24
1,0,1,0,Haywood,2022-03-25
0,0,0,0,Haywood,2022-03-26
7,6,1,0,Haywood,2022-03-27
2,1,1,0,Haywood,2022-03-28
3,1,2,0,Haywood,2022-03-29
6,3,3,0,Haywood,2022-03-30
2,0,2,0,Haywood,2022-03-31
1,0,1,0,Haywood,2022-04-01
2,1,1,0,Haywood,2022-04-02
0,0,0,0,Haywood,2022-04-03
5,2,3,0,Haywood,2022-04-04
1,0,1,0,Haywood,2022-04-05
4,2,2,0,Haywood,2022-04-06
3,1,2,0,Haywood,2022-04-07
2,1,1,0,Haywood,2022-04-08
1,0,1,0,Haywood,2022-04-09
2,0,2,0,Haywood,2022-04-10
6,1,5,0,Haywood,2022-04-11
4,2,2,0,Haywood,2022-04-12
3,1,2,0,Haywood,2022-04-14
2,1,1,0,Haywood,2022-04-15
4,4,0,0,Haywood,2022-04-16
0,0,0,0,Haywood,2022-04-17
4,3,1,0,Haywood,2022-04-18
2,0,2,0,Haywood,2022-04-19
6,4,2,0,Haywood,2022-04-20
5,2,3,0,Haywood,2022-04-21
5,1,4,0,Haywood,2022-04-22
2,1,1,0,Haywood,2022-04-23
29,14,15,0,Henderson,2021-10-26
25,14,11,0,Henderson,2021-10-27
23,4,19,0,Henderson,2021-10-29
7,0,7,0,Henderson,2021-10-30
15,9,6,0,Henderson,2021-10-31
30,8,22,0,Henderson,2021-11-01
24,10,14,0,Henderson,2021-11-02
23,10,13,0,Henderson,2021-11-04
25,12,13,0,Henderson,2021-11-05
11,3,8,0,Henderson,2021-11-06
14,6,8,0,Henderson,2021-11-07
42,18,24,0,Henderson,2021-11-08
26,13,13,0,Henderson,2021-11-09
28,15,13,0,Henderson,2021-11-10
15,4,11,0,Henderson,2021-11-13
17,10,7,0,Henderson,2021-11-14
40,21,19,0,Henderson,2021-11-16
31,14,17,0,Henderson,2021-11-17
37,18,19,0,Henderson,2021-11-18
22,8,14,0,Henderson,2021-11-19
20,13,7,0,Henderson,2021-11-20
51,25,26,0,Henderson,2021-11-24
22,9,13,0,Henderson,2021-11-28
60,23,37,0,Henderson,2021-11-29
49,13,36,0,Henderson,2021-11-30
44,25,19,0,Henderson,2021-12-02
25,13,12,0,Henderson,2021-12-04
55,26,29,0,Henderson,2021-12-06
58,25,33,0,Henderson,2021-12-08
40,12,28,0,Henderson,2021-12-09
48,11,37,0,Henderson,2021-12-10
68,26,42,0,Henderson,2021-12-13
63,32,31,0,Henderson,2021-12-14
52,15,37,0,Henderson,2021-12-16
51,19,32,0,Henderson,2021-12-17
25,12,13,0,Henderson,2021-12-18
42,23,19,0,Henderson,2021-12-19
64,15,49,0,Henderson,2021-12-20
60,16,44,0,Henderson,2021-12-21
70,22,48,0,Henderson,2021-12-22
92,26,66,0,Henderson,2021-12-23
34,8,26,0,Henderson,2021-12-24
141,14,127,0,Henderson,2021-12-27
118,26,92,0,Henderson,2021-12-31
60,24,36,0,Henderson,2022-01-01
91,37,54,0,Henderson,2022-01-02
212,32,180,0,Henderson,2022-01-04
245,51,194,0,Henderson,2022-01-05
198,71,127,0,Henderson,2022-01-06
372,111,261,0,Henderson,2022-01-10
313,92,221,0,Henderson,2022-01-11
294,96,198,0,Henderson,2022-01-12
180,65,115,0,Henderson,2022-01-21
256,102,154,0,Henderson,2022-01-24
54,17,37,0,Henderson,2022-01-29
152,50,102,0,Henderson,2022-01-31
108,34,74,0,Henderson,2022-02-01
105,36,69,0,Henderson,2022-02-04
49,21,28,0,Henderson,2022-02-05
24,12,12,0,Henderson,2022-02-12
55,21,34,0,Henderson,2022-02-14
44,17,27,0,Henderson,2022-02-15
44,18,26,0,Henderson,2022-02-16
28,11,17,0,Henderson,2022-02-17
32,18,14,0,Henderson,2022-02-18
26,14,12,0,Henderson,2022-02-19
10,4,6,0,Henderson,2022-02-20
21,9,12,0,Henderson,2022-02-23
16,8,8,0,Henderson,2022-02-24
19,4,15,0,Henderson,2022-02-25
8,2,6,0,Henderson,2022-02-26
4,2,2,0,Henderson,2022-02-27
17,12,5,0,Henderson,2022-02-28
9,5,4,0,Henderson,2022-03-02
8,2,6,0,Henderson,2022-03-03
13,4,9,0,Henderson,2022-03-04
6,1,5,0,Henderson,2022-03-05
4,0,4,0,Henderson,2022-03-06
13,6,7,0,Henderson,2022-03-07
4,3,1,0,Henderson,2022-03-08
3,2,1,0,Henderson,2022-03-09
1,0,1,0,Henderson,2022-03-12
3,1,2,0,Henderson,2022-03-13
4,3,1,0,Henderson,2022-03-14
7,1,6,0,Henderson,2022-03-15
2,1,1,0,Henderson,2022-03-16
1,0,1,0,Henderson,2022-03-18
3,0,3,0,Henderson,2022-03-19
5,4,1,0,Henderson,2022-03-20
2,2,0,0,Henderson,2022-03-21
6,4,2,0,Henderson,2022-03-22
1,1,0,0,Henderson,2022-03-23
4,1,3,0,Henderson,2022-03-25
2,1,1,0,Henderson,2022-03-26
1,1,0,0,Henderson,2022-03-27
4,1,3,0,Henderson,2022-03-29
2,0,2,0,Henderson,2022-03-30
8,2,6,0,Henderson,2022-03-31
3,1,2,0,Henderson,2022-04-01
2,0,2,0,Henderson,2022-04-02
3,1,2,0,Henderson,2022-04-03
3,3,0,0,Henderson,2022-04-04
5,1,4,0,Henderson,2022-04-05
4,3,1,0,Henderson,2022-04-06
2,0,2,0,Henderson,2022-04-07
5,3,2,0,Henderson,2022-04-08
2,0,2,0,Henderson,2022-04-09
13,2,11,0,Henderson,2022-04-11
24,5,19,0,Henderson,2022-04-12
15,4,11,0,Henderson,2022-04-13
5,0,5,0,Henderson,2022-04-14
13,2,11,0,Henderson,2022-04-15
4,4,0,0,Henderson,2022-04-16
3,0,3,0,Henderson,2022-04-17
13,6,7,0,Henderson,2022-04-18
13,4,9,0,Henderson,2022-04-19
12,4,8,0,Henderson,2022-04-20
13,7,6,0,Henderson,2022-04-21
10,2,8,0,Henderson,2022-04-22
8,3,5,0,Henderson,2022-04-23
6,2,4,0,Hertford,2021-10-26
2,0,2,0,Hertford,2021-10-27
2,0,2,0,Hertford,2021-10-28
3,1,2,0,Hertford,2021-10-29
1,1,0,0,Hertford,2021-10-30
3,1,2,0,Hertford,2021-11-01
4,0,4,0,Hertford,2021-11-02
4,1,3,0,Hertford,2021-11-03
2,0,2,0,Hertford,2021-11-04
2,1,1,0,Hertford,2021-11-05
1,0,1,0,Hertford,2021-11-06
0,0,0,0,Hertford,2021-11-07
1,0,1,0,Hertford,2021-11-08
4,2,2,0,Hertford,2021-11-09
2,0,2,0,Hertford,2021-11-10
1,0,1,0,Hertford,2021-11-11
0,0,0,0,Hertford,2021-11-12
2,0,2,0,Hertford,2021-11-13
0,0,0,0,Hertford,2021-11-14
7,0,7,0,Hertford,2021-11-15
1,0,1,0,Hertford,2021-11-16
2,0,2,0,Hertford,2021-11-17
0,0,0,0,Hertford,2021-11-18
1,0,1,0,Hertford,2021-11-19
0,0,0,0,Hertford,2021-11-20
0,0,0,0,Hertford,2021-11-21
2,0,2,0,Hertford,2021-11-22
0,0,0,0,Hertford,2021-11-23
3,0,3,0,Hertford,2021-11-24
1,0,1,0,Hertford,2021-11-25
2,0,2,0,Hertford,2021-11-26
1,0,1,0,Hertford,2021-11-27
1,0,1,0,Hertford,2021-11-28
2,1,1,0,Hertford,2021-11-29
2,0,2,0,Hertford,2021-11-30
2,0,2,0,Hertford,2021-12-02
3,1,2,0,Hertford,2021-12-03
0,0,0,0,Hertford,2021-12-04
0,0,0,0,Hertford,2021-12-05
6,0,6,0,Hertford,2021-12-06
3,1,2,0,Hertford,2021-12-07
5,2,3,0,Hertford,2021-12-08
7,1,6,0,Hertford,2021-12-09
3,0,3,0,Hertford,2021-12-10
3,0,3,0,Hertford,2021-12-11
2,0,2,0,Hertford,2021-12-12
7,1,6,0,Hertford,2021-12-13
3,1,2,0,Hertford,2021-12-14
2,0,2,0,Hertford,2021-12-16
4,0,4,0,Hertford,2021-12-17
2,1,1,0,Hertford,2021-12-18
1,0,1,0,Hertford,2021-12-19
9,1,8,0,Hertford,2021-12-20
6,3,3,0,Hertford,2021-12-21
2,2,0,0,Hertford,2021-12-22
7,1,6,0,Hertford,2021-12-23
7,0,7,0,Hertford,2021-12-24
2,0,2,0,Hertford,2021-12-25
11,0,11,0,Hertford,2021-12-26
18,5,13,0,Hertford,2021-12-27
48,6,42,0,Hertford,2021-12-28
62,27,35,0,Hertford,2021-12-29
54,8,46,0,Hertford,2021-12-30
64,8,56,0,Hertford,2021-12-31
9,0,9,0,Hertford,2022-01-01
87,17,70,0,Hertford,2022-01-03
107,40,67,0,Hertford,2022-01-04
98,15,83,0,Hertford,2022-01-06
70,10,60,0,Hertford,2022-01-07
33,6,27,0,Hertford,2022-01-08
14,0,14,0,Hertford,2022-01-09
106,24,82,0,Hertford,2022-01-10
77,14,63,0,Hertford,2022-01-11
76,19,57,0,Hertford,2022-01-12
65,10,55,0,Hertford,2022-01-14
12,3,9,0,Hertford,2022-01-15
11,1,10,0,Hertford,2022-01-16
23,4,19,0,Hertford,2022-01-17
82,13,69,0,Hertford,2022-01-18
39,12,27,0,Hertford,2022-01-20
10,0,10,0,Hertford,2022-01-21
6,1,5,0,Hertford,2022-01-23
38,9,29,0,Hertford,2022-01-25
23,6,17,0,Hertford,2022-01-26
18,3,15,0,Hertford,2022-01-27
20,3,17,0,Hertford,2022-01-28
2,0,2,0,Hertford,2022-01-29
4,1,3,0,Hertford,2022-01-30
13,3,10,0,Hertford,2022-01-31
12,3,9,0,Hertford,2022-02-01
5,3,2,0,Hertford,2022-02-02
6,1,5,0,Hertford,2022-02-03
3,0,3,0,Hertford,2022-02-04
2,0,2,0,Hertford,2022-02-05
5,0,5,0,Hertford,2022-02-06
5,3,2,0,Hertford,2022-02-07
7,1,6,0,Hertford,2022-02-08
6,2,4,0,Hertford,2022-02-09
4,0,4,0,Hertford,2022-02-10
1,0,1,0,Hertford,2022-02-11
1,0,1,0,Hertford,2022-02-12
2,0,2,0,Hertford,2022-02-13
0,0,0,0,Hertford,2022-02-14
1,0,1,0,Hertford,2022-02-15
4,0,4,0,Hertford,2022-02-17
3,0,3,0,Hertford,2022-02-18
4,0,4,0,Hertford,2022-02-19
1,1,0,0,Hertford,2022-02-20
6,1,5,0,Hertford,2022-02-21
2,1,1,0,Hertford,2022-02-22
2,1,1,0,Hertford,2022-02-23
2,0,2,0,Hertford,2022-02-24
3,0,3,0,Hertford,2022-02-25
4,1,3,0,Hertford,2022-02-26
3,1,2,0,Hertford,2022-02-27
0,0,0,0,Hertford,2022-02-28
2,0,2,0,Hertford,2022-03-01
3,0,3,0,Hertford,2022-03-02
2,0,2,0,Hertford,2022-03-03
3,1,2,0,Hertford,2022-03-04
0,0,0,0,Hertford,2022-03-05
0,0,0,0,Hertford,2022-03-06
1,0,1,0,Hertford,2022-03-07
0,0,0,0,Hertford,2022-03-08
0,0,0,0,Hertford,2022-03-09
2,0,2,0,Hertford,2022-03-10
1,0,1,0,Hertford,2022-03-11
0,0,0,0,Hertford,2022-03-12
0,0,0,0,Hertford,2022-03-13
0,0,0,0,Hertford,2022-03-14
0,0,0,0,Hertford,2022-03-15
0,0,0,0,Hertford,2022-03-16
0,0,0,0,Hertford,2022-03-17
0,0,0,0,Hertford,2022-03-18
0,0,0,0,Hertford,2022-03-19
0,0,0,0,Hertford,2022-03-20
1,0,1,0,Hertford,2022-03-21
0,0,0,0,Hertford,2022-03-22
1,0,1,0,Hertford,2022-03-23
0,0,0,0,Hertford,2022-03-24
3,0,3,0,Hertford,2022-03-25
0,0,0,0,Hertford,2022-03-26
0,0,0,0,Hertford,2022-03-27
1,0,1,0,Hertford,2022-03-28
1,0,1,0,Hertford,2022-03-29
0,0,0,0,Hertford,2022-03-30
0,0,0,0,Hertford,2022-03-31
0,0,0,0,Hertford,2022-04-01
0,0,0,0,Hertford,2022-04-02
0,0,0,0,Hertford,2022-04-03
0,0,0,0,Hertford,2022-04-04
0,0,0,0,Hertford,2022-04-05
0,0,0,0,Hertford,2022-04-06
0,0,0,0,Hertford,2022-04-07
1,0,1,0,Hertford,2022-04-08
0,0,0,0,Hertford,2022-04-09
1,0,1,0,Hertford,2022-04-10
1,0,1,0,Hertford,2022-04-11
1,1,0,0,Hertford,2022-04-12
1,0,1,0,Hertford,2022-04-13
2,0,2,0,Hertford,2022-04-14
1,0,1,0,Hertford,2022-04-15
1,0,1,0,Hertford,2022-04-16
0,0,0,0,Hertford,2022-04-17
1,0,1,0,Hertford,2022-04-18
0,0,0,0,Hertford,2022-04-19
0,0,0,0,Hertford,2022-04-21
0,0,0,0,Hertford,2022-04-22
0,0,0,0,Hertford,2022-04-23
10,3,7,0,Hoke,2021-10-27
7,1,6,0,Hoke,2021-10-28
9,2,7,0,Hoke,2021-10-29
1,0,1,0,Hoke,2021-10-30
1,0,1,0,Hoke,2021-10-31
9,4,5,0,Hoke,2021-11-01
10,2,8,0,Hoke,2021-11-03
5,0,5,0,Hoke,2021-11-05
1,0,1,0,Hoke,2021-11-06
11,2,9,0,Hoke,2021-11-08
12,2,10,0,Hoke,2021-11-09
13,3,10,0,Hoke,2021-11-10
13,4,9,0,Hoke,2021-11-11
30,2,28,0,Hoke,2021-11-12
5,0,5,0,Hoke,2021-11-14
20,5,15,0,Hoke,2021-11-15
15,2,13,0,Hoke,2021-11-16
12,1,11,0,Hoke,2021-11-17
12,1,11,0,Hoke,2021-11-19
4,0,4,0,Hoke,2021-11-20
3,0,3,0,Hoke,2021-11-21
15,3,12,0,Hoke,2021-11-22
10,3,7,0,Hoke,2021-11-23
9,2,7,0,Hoke,2021-11-24
3,1,2,0,Hoke,2021-11-25
11,3,8,0,Hoke,2021-11-26
6,1,5,0,Hoke,2021-11-27
7,1,6,0,Hoke,2021-11-28
15,3,12,0,Hoke,2021-11-29
21,7,14,0,Hoke,2021-11-30
31,3,28,0,Hoke,2021-12-01
10,2,8,0,Hoke,2021-12-02
6,0,6,0,Hoke,2021-12-04
10,1,9,0,Hoke,2021-12-05
26,3,23,0,Hoke,2021-12-07
9,1,8,0,Hoke,2021-12-09
12,3,9,0,Hoke,2021-12-10
5,0,5,0,Hoke,2021-12-11
0,0,0,0,Hoke,2021-12-12
19,2,17,0,Hoke,2021-12-13
20,4,16,0,Hoke,2021-12-15
10,1,9,0,Hoke,2021-12-16
20,2,18,0,Hoke,2021-12-17
12,1,11,0,Hoke,2021-12-19
19,4,15,0,Hoke,2021-12-20
43,12,31,0,Hoke,2021-12-21
40,8,32,0,Hoke,2021-12-22
46,12,34,0,Hoke,2021-12-23
27,4,23,0,Hoke,2021-12-24
19,2,17,0,Hoke,2021-12-25
35,6,29,0,Hoke,2021-12-26
93,9,84,0,Hoke,2021-12-27
135,6,129,0,Hoke,2021-12-28
145,8,137,0,Hoke,2021-12-29
159,31,128,0,Hoke,2021-12-30
101,12,89,0,Hoke,2021-12-31
65,3,62,0,Hoke,2022-01-01
79,1,78,0,Hoke,2022-01-02
172,13,159,0,Hoke,2022-01-03
252,26,226,0,Hoke,2022-01-04
263,24,239,0,Hoke,2022-01-06
213,13,200,0,Hoke,2022-01-07
154,3,151,0,Hoke,2022-01-08
150,6,144,0,Hoke,2022-01-09
377,45,332,0,Hoke,2022-01-10
339,34,305,0,Hoke,2022-01-11
269,17,252,0,Hoke,2022-01-13
242,15,227,0,Hoke,2022-01-14
19,1,18,0,Hoke,2022-01-16
280,31,249,0,Hoke,2022-01-17
372,36,336,0,Hoke,2022-01-18
92,11,81,0,Hoke,2022-01-21
22,2,20,0,Hoke,2022-01-22
64,5,59,0,Hoke,2022-01-23
215,34,181,0,Hoke,2022-01-24
164,22,142,0,Hoke,2022-01-25
27,2,25,0,Hoke,2022-01-29
74,19,55,0,Hoke,2022-01-31
20,4,16,0,Hoke,2022-02-06
45,12,33,0,Hoke,2022-02-07
39,10,29,0,Hoke,2022-02-08
35,9,26,0,Hoke,2022-02-09
22,7,15,0,Hoke,2022-02-10
20,7,13,0,Hoke,2022-02-11
12,1,11,0,Hoke,2022-02-12
8,2,6,0,Hoke,2022-02-13
30,5,25,0,Hoke,2022-02-14
26,6,20,0,Hoke,2022-02-15
3,0,3,0,Hoke,2022-02-19
11,1,10,0,Hoke,2022-02-21
14,3,11,0,Hoke,2022-02-22
10,2,8,0,Hoke,2022-02-23
10,3,7,0,Hoke,2022-02-24
7,0,7,0,Hoke,2022-02-25
3,0,3,0,Hoke,2022-02-26
5,3,2,0,Hoke,2022-02-27
6,0,6,0,Hoke,2022-02-28
1,0,1,0,Hoke,2022-03-01
5,3,2,0,Hoke,2022-03-02
10,2,8,0,Hoke,2022-03-03
3,0,3,0,Hoke,2022-03-04
2,0,2,0,Hoke,2022-03-05
1,1,0,0,Hoke,2022-03-06
5,0,5,0,Hoke,2022-03-07
3,1,2,0,Hoke,2022-03-09
4,0,4,0,Hoke,2022-03-11
1,1,0,0,Hoke,2022-03-12
1,0,1,0,Hoke,2022-03-13
1,0,1,0,Hoke,2022-03-14
2,1,1,0,Hoke,2022-03-15
3,2,1,0,Hoke,2022-03-16
1,0,1,0,Hoke,2022-03-17
0,0,0,0,Hoke,2022-03-18
1,0,1,0,Hoke,2022-03-19
0,0,0,0,Hoke,2022-03-20
2,0,2,0,Hoke,2022-03-21
1,0,1,0,Hoke,2022-03-23
2,0,2,0,Hoke,2022-03-24
2,0,2,0,Hoke,2022-03-25
3,1,2,0,Hoke,2022-03-26
0,0,0,0,Hoke,2022-03-27
3,0,3,0,Hoke,2022-03-29
2,2,0,0,Hoke,2022-03-30
1,0,1,0,Hoke,2022-03-31
3,2,1,0,Hoke,2022-04-01
3,0,3,0,Hoke,2022-04-02
1,1,0,0,Hoke,2022-04-05
4,0,4,0,Hoke,2022-04-06
1,0,1,0,Hoke,2022-04-07
3,2,1,0,Hoke,2022-04-09
0,0,0,0,Hoke,2022-04-10
3,1,2,0,Hoke,2022-04-12
7,4,3,0,Hoke,2022-04-14
3,2,1,0,Hoke,2022-04-15
3,0,3,0,Hoke,2022-04-16
2,0,2,0,Hoke,2022-04-17
7,1,6,0,Hoke,2022-04-18
1,1,0,0,Hoke,2022-04-19
3,0,3,0,Hoke,2022-04-20
3,1,2,0,Hoke,2022-04-21
1,0,1,0,Hoke,2022-04-22
4,2,2,0,Hoke,2022-04-23
2,0,2,0,Hyde,2021-10-27
1,0,1,0,Hyde,2021-10-28
1,0,1,0,Hyde,2021-10-29
0,0,0,0,Hyde,2021-10-30
0,0,0,0,Hyde,2021-10-31
1,0,1,0,Hyde,2021-11-01
0,0,0,0,Hyde,2021-11-02
1,0,1,0,Hyde,2021-11-03
0,0,0,0,Hyde,2021-11-04
1,0,1,0,Hyde,2021-11-05
0,0,0,0,Hyde,2021-11-06
1,0,1,0,Hyde,2021-11-07
2,0,2,0,Hyde,2021-11-08
2,0,2,0,Hyde,2021-11-09
0,0,0,0,Hyde,2021-11-10
0,0,0,0,Hyde,2021-11-11
3,0,3,0,Hyde,2021-11-12
1,0,1,0,Hyde,2021-11-13
1,0,1,0,Hyde,2021-11-14
6,1,5,0,Hyde,2021-11-15
2,0,2,0,Hyde,2021-11-16
1,0,1,0,Hyde,2021-11-17
1,0,1,0,Hyde,2021-11-18
0,0,0,0,Hyde,2021-11-19
0,0,0,0,Hyde,2021-11-20
0,0,0,0,Hyde,2021-11-21
1,0,1,0,Hyde,2021-11-22
1,0,1,0,Hyde,2021-11-23
1,0,1,0,Hyde,2021-11-24
0,0,0,0,Hyde,2021-11-25
1,0,1,0,Hyde,2021-11-26
1,0,1,0,Hyde,2021-11-27
1,0,1,0,Hyde,2021-11-28
1,0,1,0,Hyde,2021-11-29
2,0,2,0,Hyde,2021-11-30
0,0,0,0,Hyde,2021-12-01
1,0,1,0,Hyde,2021-12-02
0,0,0,0,Hyde,2021-12-03
1,0,1,0,Hyde,2021-12-04
1,0,1,0,Hyde,2021-12-05
0,0,0,0,Hyde,2021-12-06
1,0,1,0,Hyde,2021-12-07
0,0,0,0,Hyde,2021-12-09
2,1,1,0,Hyde,2021-12-10
0,0,0,0,Hyde,2021-12-11
0,0,0,0,Hyde,2021-12-12
5,0,5,0,Hyde,2021-12-13
0,0,0,0,Hyde,2021-12-14
1,0,1,0,Hyde,2021-12-16
2,0,2,0,Hyde,2021-12-17
2,0,2,0,Hyde,2021-12-18
0,0,0,0,Hyde,2021-12-19
3,0,3,0,Hyde,2021-12-20
0,0,0,0,Hyde,2021-12-21
2,1,1,0,Hyde,2021-12-22
1,0,1,0,Hyde,2021-12-23
1,0,1,0,Hyde,2021-12-24
0,0,0,0,Hyde,2021-12-25
1,0,1,0,Hyde,2021-12-26
6,0,6,0,Hyde,2021-12-27
4,0,4,0,Hyde,2021-12-28
4,0,4,0,Hyde,2021-12-29
1,0,1,0,Hyde,2021-12-31
1,0,1,0,Hyde,2022-01-01
4,0,4,0,Hyde,2022-01-02
21,0,21,0,Hyde,2022-01-03
13,0,13,0,Hyde,2022-01-04
8,0,8,0,Hyde,2022-01-05
7,1,6,0,Hyde,2022-01-06
13,1,12,0,Hyde,2022-01-07
2,0,2,0,Hyde,2022-01-08
3,0,3,0,Hyde,2022-01-09
13,1,12,0,Hyde,2022-01-10
11,0,11,0,Hyde,2022-01-11
12,0,12,0,Hyde,2022-01-13
50,14,36,0,Hyde,2022-01-14
4,0,4,0,Hyde,2022-01-15
7,0,7,0,Hyde,2022-01-16
7,1,6,0,Hyde,2022-01-17
24,1,23,0,Hyde,2022-01-18
18,2,16,0,Hyde,2022-01-19
6,1,5,0,Hyde,2022-01-21
1,0,1,0,Hyde,2022-01-22
3,0,3,0,Hyde,2022-01-23
19,3,16,0,Hyde,2022-01-24
11,0,11,0,Hyde,2022-01-25
7,0,7,0,Hyde,2022-01-26
11,3,8,0,Hyde,2022-01-27
6,1,5,0,Hyde,2022-01-28
2,0,2,0,Hyde,2022-01-29
18,0,18,0,Hyde,2022-01-31
10,1,9,0,Hyde,2022-02-01
4,0,4,0,Hyde,2022-02-02
5,1,4,0,Hyde,2022-02-03
5,0,5,0,Hyde,2022-02-04
1,1,0,0,Hyde,2022-02-05
0,0,0,0,Hyde,2022-02-06
7,0,7,0,Hyde,2022-02-07
2,0,2,0,Hyde,2022-02-08
1,0,1,0,Hyde,2022-02-09
3,0,3,0,Hyde,2022-02-10
5,0,5,0,Hyde,2022-02-11
3,0,3,0,Hyde,2022-02-12
0,0,0,0,Hyde,2022-02-13
2,0,2,0,Hyde,2022-02-14
2,0,2,0,Hyde,2022-02-15
0,0,0,0,Hyde,2022-02-16
1,0,1,0,Hyde,2022-02-18
0,0,0,0,Hyde,2022-02-19
0,0,0,0,Hyde,2022-02-20
4,1,3,0,Hyde,2022-02-21
3,0,3,0,Hyde,2022-02-22
1,1,0,0,Hyde,2022-02-23
0,0,0,0,Hyde,2022-02-24
1,0,1,0,Hyde,2022-02-25
1,0,1,0,Hyde,2022-02-26
0,0,0,0,Hyde,2022-02-27
0,0,0,0,Hyde,2022-02-28
1,0,1,0,Hyde,2022-03-01
0,0,0,0,Hyde,2022-03-02
1,0,1,0,Hyde,2022-03-03
1,0,1,0,Hyde,2022-03-04
0,0,0,0,Hyde,2022-03-05
0,0,0,0,Hyde,2022-03-06
1,0,1,0,Hyde,2022-03-07
0,0,0,0,Hyde,2022-03-08
0,0,0,0,Hyde,2022-03-09
0,0,0,0,Hyde,2022-03-11
0,0,0,0,Hyde,2022-03-12
1,0,1,0,Hyde,2022-03-13
0,0,0,0,Hyde,2022-03-14
0,0,0,0,Hyde,2022-03-15
0,0,0,0,Hyde,2022-03-16
0,0,0,0,Hyde,2022-03-17
0,0,0,0,Hyde,2022-03-18
0,0,0,0,Hyde,2022-03-19
0,0,0,0,Hyde,2022-03-20
0,0,0,0,Hyde,2022-03-21
1,0,1,0,Hyde,2022-03-22
0,0,0,0,Hyde,2022-03-23
0,0,0,0,Hyde,2022-03-24
0,0,0,0,Hyde,2022-03-25
0,0,0,0,Hyde,2022-03-26
0,0,0,0,Hyde,2022-03-27
0,0,0,0,Hyde,2022-03-28
0,0,0,0,Hyde,2022-03-29
0,0,0,0,Hyde,2022-03-30
0,0,0,0,Hyde,2022-03-31
0,0,0,0,Hyde,2022-04-01
0,0,0,0,Hyde,2022-04-02
0,0,0,0,Hyde,2022-04-03
0,0,0,0,Hyde,2022-04-04
0,0,0,0,Hyde,2022-04-05
0,0,0,0,Hyde,2022-04-06
0,0,0,0,Hyde,2022-04-07
0,0,0,0,Hyde,2022-04-08
0,0,0,0,Hyde,2022-04-09
0,0,0,0,Hyde,2022-04-10
1,0,1,0,Hyde,2022-04-11
1,0,1,0,Hyde,2022-04-12
1,0,1,0,Hyde,2022-04-13
0,0,0,0,Hyde,2022-04-14
0,0,0,0,Hyde,2022-04-15
0,0,0,0,Hyde,2022-04-16
0,0,0,0,Hyde,2022-04-17
1,1,0,0,Hyde,2022-04-18
0,0,0,0,Hyde,2022-04-19
1,0,1,0,Hyde,2022-04-20
0,0,0,0,Hyde,2022-04-21
2,0,2,0,Hyde,2022-04-22
0,0,0,0,Hyde,2022-04-23
28,9,19,0,Iredell,2021-10-28
19,3,16,0,Iredell,2021-10-30
22,9,13,0,Iredell,2021-10-31
50,14,36,0,Iredell,2021-11-01
36,12,24,0,Iredell,2021-11-02
38,13,25,0,Iredell,2021-11-03
35,12,23,0,Iredell,2021-11-04
34,6,28,0,Iredell,2021-11-05
17,5,12,0,Iredell,2021-11-06
55,18,37,0,Iredell,2021-11-08
72,16,56,0,Iredell,2021-11-09
56,25,31,0,Iredell,2021-11-10
47,17,30,0,Iredell,2021-11-11
61,13,48,0,Iredell,2021-11-12
31,9,22,0,Iredell,2021-11-13
48,14,34,0,Iredell,2021-11-14
70,28,42,0,Iredell,2021-11-16
61,20,41,0,Iredell,2021-11-17
53,20,33,0,Iredell,2021-11-19
45,12,33,0,Iredell,2021-11-20
57,21,36,0,Iredell,2021-11-23
61,24,37,0,Iredell,2021-11-24
40,6,34,0,Iredell,2021-11-26
43,11,32,0,Iredell,2021-11-28
88,27,61,0,Iredell,2021-11-30
53,15,38,0,Iredell,2021-12-04
107,40,67,0,Iredell,2021-12-06
103,42,61,0,Iredell,2021-12-09
46,9,37,0,Iredell,2021-12-11
104,37,67,0,Iredell,2021-12-15
105,42,63,0,Iredell,2021-12-16
165,66,99,0,Iredell,2021-12-23
44,14,30,0,Iredell,2021-12-25
216,92,124,0,Iredell,2021-12-31
140,75,65,0,Iredell,2022-01-01
528,182,346,0,Iredell,2022-01-05
630,243,387,0,Iredell,2022-01-10
675,213,462,0,Iredell,2022-01-11
178,69,109,0,Iredell,2022-01-17
507,154,353,0,Iredell,2022-01-24
70,24,46,0,Iredell,2022-02-06
160,44,116,0,Iredell,2022-02-07
84,34,50,0,Iredell,2022-02-11
15,6,9,0,Iredell,2022-02-25
12,10,2,0,Iredell,2022-02-26
14,8,6,0,Iredell,2022-02-27
21,8,13,0,Iredell,2022-03-01
21,9,12,0,Iredell,2022-03-02
6,4,2,0,Iredell,2022-03-04
8,1,7,0,Iredell,2022-03-06
11,2,9,0,Iredell,2022-03-07
11,5,6,0,Iredell,2022-03-09
6,4,2,0,Iredell,2022-03-11
3,0,3,0,Iredell,2022-03-13
20,13,7,0,Iredell,2022-03-14
7,2,5,0,Iredell,2022-03-15
7,2,5,0,Iredell,2022-03-16
6,3,3,0,Iredell,2022-03-17
5,1,4,0,Iredell,2022-03-18
5,1,4,0,Iredell,2022-03-20
13,8,5,0,Iredell,2022-03-21
8,3,5,0,Iredell,2022-03-22
6,2,4,0,Iredell,2022-03-23
10,4,6,0,Iredell,2022-03-24
2,1,1,0,Iredell,2022-03-25
6,5,1,0,Iredell,2022-03-27
7,4,3,0,Iredell,2022-03-28
6,4,2,0,Iredell,2022-03-30
8,5,3,0,Iredell,2022-03-31
5,3,2,0,Iredell,2022-04-01
1,1,0,0,Iredell,2022-04-02
2,0,2,0,Iredell,2022-04-03
10,4,6,0,Iredell,2022-04-04
12,7,5,0,Iredell,2022-04-05
7,4,3,0,Iredell,2022-04-06
10,5,5,0,Iredell,2022-04-07
10,5,5,0,Iredell,2022-04-08
10,4,6,0,Iredell,2022-04-09
13,6,7,0,Iredell,2022-04-10
22,7,15,0,Iredell,2022-04-11
18,8,10,0,Iredell,2022-04-12
24,11,13,0,Iredell,2022-04-14
11,5,6,0,Iredell,2022-04-16
28,16,12,0,Iredell,2022-04-18
26,14,12,0,Iredell,2022-04-19
23,0,23,0,Iredell,2022-04-22
8,1,7,0,Iredell,2022-04-23
8,2,6,0,Jackson,2021-10-27
6,0,6,0,Jackson,2021-10-28
11,3,8,0,Jackson,2021-10-29
4,0,4,0,Jackson,2021-10-30
3,0,3,0,Jackson,2021-10-31
6,3,3,0,Jackson,2021-11-01
8,2,6,0,Jackson,2021-11-03
2,1,1,0,Jackson,2021-11-04
10,0,10,0,Jackson,2021-11-05
1,0,1,0,Jackson,2021-11-06
3,2,1,0,Jackson,2021-11-08
2,0,2,0,Jackson,2021-11-09
5,0,5,0,Jackson,2021-11-10
9,3,6,0,Jackson,2021-11-12
2,0,2,0,Jackson,2021-11-14
9,2,7,0,Jackson,2021-11-15
4,0,4,0,Jackson,2021-11-16
10,1,9,0,Jackson,2021-11-17
3,0,3,0,Jackson,2021-11-18
6,2,4,0,Jackson,2021-11-19
3,0,3,0,Jackson,2021-11-20
7,0,7,0,Jackson,2021-11-21
5,0,5,0,Jackson,2021-11-23
6,0,6,0,Jackson,2021-11-24
1,0,1,0,Jackson,2021-11-25
3,1,2,0,Jackson,2021-11-26
4,0,4,0,Jackson,2021-11-27
5,2,3,0,Jackson,2021-11-28
23,2,21,0,Jackson,2021-11-29
9,1,8,0,Jackson,2021-11-30
7,3,4,0,Jackson,2021-12-01
16,3,13,0,Jackson,2021-12-02
15,3,12,0,Jackson,2021-12-03
8,1,7,0,Jackson,2021-12-04
10,1,9,0,Jackson,2021-12-05
18,3,15,0,Jackson,2021-12-06
7,1,6,0,Jackson,2021-12-09
9,1,8,0,Jackson,2021-12-10
8,1,7,0,Jackson,2021-12-12
7,4,3,0,Jackson,2021-12-13
9,1,8,0,Jackson,2021-12-18
8,4,4,0,Jackson,2021-12-19
12,1,11,0,Jackson,2021-12-20
20,4,16,0,Jackson,2021-12-22
17,2,15,0,Jackson,2021-12-23
8,1,7,0,Jackson,2021-12-24
3,0,3,0,Jackson,2021-12-25
25,3,22,0,Jackson,2021-12-26
41,5,36,0,Jackson,2021-12-27
49,5,44,0,Jackson,2021-12-29
55,1,54,0,Jackson,2021-12-30
23,8,15,0,Jackson,2021-12-31
53,7,46,0,Jackson,2022-01-02
93,7,86,0,Jackson,2022-01-03
137,23,114,0,Jackson,2022-01-04
140,30,110,0,Jackson,2022-01-05
116,26,90,0,Jackson,2022-01-06
38,2,36,0,Jackson,2022-01-08
50,3,47,0,Jackson,2022-01-09
131,38,93,0,Jackson,2022-01-10
102,13,89,0,Jackson,2022-01-11
103,16,87,0,Jackson,2022-01-12
118,15,103,0,Jackson,2022-01-13
120,37,83,0,Jackson,2022-01-14
6,0,6,0,Jackson,2022-01-16
37,4,33,0,Jackson,2022-01-17
94,23,71,0,Jackson,2022-01-18
128,51,77,0,Jackson,2022-01-19
120,30,90,0,Jackson,2022-01-20
39,4,35,0,Jackson,2022-01-22
26,4,22,0,Jackson,2022-01-23
115,45,70,0,Jackson,2022-01-24
109,37,72,0,Jackson,2022-01-25
72,25,47,0,Jackson,2022-01-26
43,15,28,0,Jackson,2022-01-28
6,1,5,0,Jackson,2022-01-29
67,15,52,0,Jackson,2022-01-31
53,11,42,0,Jackson,2022-02-01
44,14,30,0,Jackson,2022-02-03
42,14,28,0,Jackson,2022-02-04
12,2,10,0,Jackson,2022-02-05
10,2,8,0,Jackson,2022-02-06
42,12,30,0,Jackson,2022-02-07
25,6,19,0,Jackson,2022-02-08
28,3,25,0,Jackson,2022-02-09
29,3,26,0,Jackson,2022-02-10
15,6,9,0,Jackson,2022-02-11
7,1,6,0,Jackson,2022-02-12
3,0,3,0,Jackson,2022-02-13
23,10,13,0,Jackson,2022-02-14
29,9,20,0,Jackson,2022-02-15
28,11,17,0,Jackson,2022-02-16
18,7,11,0,Jackson,2022-02-17
14,7,7,0,Jackson,2022-02-18
7,4,3,0,Jackson,2022-02-19
8,4,4,0,Jackson,2022-02-20
11,5,6,0,Jackson,2022-02-21
17,6,11,0,Jackson,2022-02-23
7,0,7,0,Jackson,2022-02-26
5,2,3,0,Jackson,2022-02-27
11,5,6,0,Jackson,2022-02-28
12,3,9,0,Jackson,2022-03-01
6,4,2,0,Jackson,2022-03-02
5,1,4,0,Jackson,2022-03-04
0,0,0,0,Jackson,2022-03-05
0,0,0,0,Jackson,2022-03-06
1,0,1,0,Jackson,2022-03-07
2,0,2,0,Jackson,2022-03-08
3,0,3,0,Jackson,2022-03-09
0,0,0,0,Jackson,2022-03-11
1,0,1,0,Jackson,2022-03-12
0,0,0,0,Jackson,2022-03-13
2,2,0,0,Jackson,2022-03-14
3,1,2,0,Jackson,2022-03-15
0,0,0,0,Jackson,2022-03-16
2,0,2,0,Jackson,2022-03-17
2,1,1,0,Jackson,2022-03-18
0,0,0,0,Jackson,2022-03-19
1,1,0,0,Jackson,2022-03-20
1,0,1,0,Jackson,2022-03-21
2,1,1,0,Jackson,2022-03-23
2,1,1,0,Jackson,2022-03-24
3,1,2,0,Jackson,2022-03-25
0,0,0,0,Jackson,2022-03-26
1,0,1,0,Jackson,2022-03-27
2,1,1,0,Jackson,2022-03-29
1,1,0,0,Jackson,2022-03-30
0,0,0,0,Jackson,2022-03-31
0,0,0,0,Jackson,2022-04-01
0,0,0,0,Jackson,2022-04-02
2,0,2,0,Jackson,2022-04-03
1,0,1,0,Jackson,2022-04-04
2,0,2,0,Jackson,2022-04-05
0,0,0,0,Jackson,2022-04-06
5,3,2,0,Jackson,2022-04-07
2,1,1,0,Jackson,2022-04-08
4,1,3,0,Jackson,2022-04-09
1,0,1,0,Jackson,2022-04-10
1,1,0,0,Jackson,2022-04-11
1,0,1,0,Jackson,2022-04-12
3,0,3,0,Jackson,2022-04-13
2,0,2,0,Jackson,2022-04-14
0,0,0,0,Jackson,2022-04-15
3,1,2,0,Jackson,2022-04-16
0,0,0,0,Jackson,2022-04-17
6,2,4,0,Jackson,2022-04-18
2,0,2,0,Jackson,2022-04-19
2,2,0,0,Jackson,2022-04-22
0,0,0,0,Jackson,2022-04-23
40,7,33,0,Johnston,2021-10-26
31,6,25,0,Johnston,2021-10-27
21,8,13,0,Johnston,2021-10-30
40,8,32,0,Johnston,2021-11-01
41,13,28,0,Johnston,2021-11-05
18,6,12,0,Johnston,2021-11-07
56,12,44,0,Johnston,2021-11-10
54,10,44,0,Johnston,2021-11-12
27,5,22,0,Johnston,2021-11-14
55,12,43,0,Johnston,2021-11-16
56,8,48,0,Johnston,2021-11-17
25,7,18,0,Johnston,2021-11-20
38,17,21,0,Johnston,2021-11-23
6,1,5,0,Johnston,2021-11-25
37,16,21,0,Johnston,2021-11-26
36,13,23,0,Johnston,2021-11-27
84,17,67,0,Johnston,2021-11-29
86,18,68,0,Johnston,2021-11-30
65,25,40,0,Johnston,2021-12-01
78,16,62,0,Johnston,2021-12-02
26,10,16,0,Johnston,2021-12-05
77,23,54,0,Johnston,2021-12-06
84,27,57,0,Johnston,2021-12-09
85,22,63,0,Johnston,2021-12-10
65,19,46,0,Johnston,2021-12-11
51,11,40,0,Johnston,2021-12-12
133,41,92,0,Johnston,2021-12-13
121,31,90,0,Johnston,2021-12-14
107,23,84,0,Johnston,2021-12-16
112,17,95,0,Johnston,2021-12-17
93,21,72,0,Johnston,2021-12-18
56,13,43,0,Johnston,2021-12-19
141,21,120,0,Johnston,2021-12-21
179,24,155,0,Johnston,2021-12-23
83,16,67,0,Johnston,2021-12-24
121,24,97,0,Johnston,2021-12-26
399,49,350,0,Johnston,2021-12-27
532,86,446,0,Johnston,2021-12-28
295,35,260,0,Johnston,2021-12-31
171,18,153,0,Johnston,2022-01-01
875,83,792,0,Johnston,2022-01-05
765,99,666,0,Johnston,2022-01-06
695,97,598,0,Johnston,2022-01-07
1030,121,909,0,Johnston,2022-01-10
759,115,644,0,Johnston,2022-01-13
758,116,642,0,Johnston,2022-01-20
278,68,210,0,Johnston,2022-02-01
73,25,48,0,Johnston,2022-02-06
59,9,50,0,Johnston,2022-02-18
13,4,9,0,Johnston,2022-02-20
78,32,46,0,Johnston,2022-02-21
40,15,25,0,Johnston,2022-02-24
31,7,24,0,Johnston,2022-02-25
27,11,16,0,Johnston,2022-02-28
18,4,14,0,Johnston,2022-03-02
5,1,4,0,Johnston,2022-03-05
11,2,9,0,Johnston,2022-03-06
9,2,7,0,Johnston,2022-03-08
12,4,8,0,Johnston,2022-03-09
8,4,4,0,Johnston,2022-03-11
7,1,6,0,Johnston,2022-03-12
7,1,6,0,Johnston,2022-03-13
14,1,13,0,Johnston,2022-03-14
6,2,4,0,Johnston,2022-03-16
10,2,8,0,Johnston,2022-03-17
9,1,8,0,Johnston,2022-03-18
10,2,8,0,Johnston,2022-03-19
3,1,2,0,Johnston,2022-03-20
14,3,11,0,Johnston,2022-03-21
8,2,6,0,Johnston,2022-03-23
7,1,6,0,Johnston,2022-03-25
6,2,4,0,Johnston,2022-03-26
18,3,15,0,Johnston,2022-03-28
7,2,5,0,Johnston,2022-03-29
6,1,5,0,Johnston,2022-03-30
11,2,9,0,Johnston,2022-03-31
5,1,4,0,Johnston,2022-04-01
5,0,5,0,Johnston,2022-04-02
1,0,1,0,Johnston,2022-04-03
11,1,10,0,Johnston,2022-04-04
10,3,7,0,Johnston,2022-04-05
15,6,9,0,Johnston,2022-04-06
8,1,7,0,Johnston,2022-04-07
5,3,2,0,Johnston,2022-04-08
9,2,7,0,Johnston,2022-04-09
9,1,8,0,Johnston,2022-04-10
11,3,8,0,Johnston,2022-04-12
17,3,14,0,Johnston,2022-04-14
13,7,6,0,Johnston,2022-04-15
8,2,6,0,Johnston,2022-04-16
27,8,19,0,Johnston,2022-04-18
22,8,14,0,Johnston,2022-04-19
23,6,17,0,Johnston,2022-04-21
18,0,18,0,Johnston,2022-04-22
18,7,11,0,Johnston,2022-04-23
4,1,3,0,Jones,2021-10-27
4,1,3,0,Jones,2021-10-28
3,1,2,0,Jones,2021-10-29
0,0,0,0,Jones,2021-10-30
5,0,5,0,Jones,2021-10-31
2,1,1,0,Jones,2021-11-01
3,1,2,0,Jones,2021-11-02
1,1,0,0,Jones,2021-11-03
0,0,0,0,Jones,2021-11-04
0,0,0,0,Jones,2021-11-05
0,0,0,0,Jones,2021-11-06
0,0,0,0,Jones,2021-11-07
0,0,0,0,Jones,2021-11-08
1,1,0,0,Jones,2021-11-09
1,0,1,0,Jones,2021-11-10
0,0,0,0,Jones,2021-11-11
0,0,0,0,Jones,2021-11-12
0,0,0,0,Jones,2021-11-13
0,0,0,0,Jones,2021-11-14
3,0,3,0,Jones,2021-11-15
0,0,0,0,Jones,2021-11-17
0,0,0,0,Jones,2021-11-18
1,0,1,0,Jones,2021-11-19
0,0,0,0,Jones,2021-11-20
0,0,0,0,Jones,2021-11-21
0,0,0,0,Jones,2021-11-22
0,0,0,0,Jones,2021-11-23
0,0,0,0,Jones,2021-11-24
1,1,0,0,Jones,2021-11-25
0,0,0,0,Jones,2021-11-26
0,0,0,0,Jones,2021-11-27
1,0,1,0,Jones,2021-11-28
0,0,0,0,Jones,2021-11-30
2,0,2,0,Jones,2021-12-01
1,0,1,0,Jones,2021-12-02
1,1,0,0,Jones,2021-12-03
0,0,0,0,Jones,2021-12-04
0,0,0,0,Jones,2021-12-05
2,0,2,0,Jones,2021-12-06
2,1,1,0,Jones,2021-12-07
0,0,0,0,Jones,2021-12-08
4,1,3,0,Jones,2021-12-09
0,0,0,0,Jones,2021-12-10
1,0,1,0,Jones,2021-12-11
1,0,1,0,Jones,2021-12-12
0,0,0,0,Jones,2021-12-14
2,1,1,0,Jones,2021-12-15
2,1,1,0,Jones,2021-12-16
4,1,3,0,Jones,2021-12-17
1,0,1,0,Jones,2021-12-18
1,0,1,0,Jones,2021-12-19
0,0,0,0,Jones,2021-12-20
5,2,3,0,Jones,2021-12-21
2,1,1,0,Jones,2021-12-22
3,1,2,0,Jones,2021-12-23
2,2,0,0,Jones,2021-12-24
1,0,1,0,Jones,2021-12-25
5,0,5,0,Jones,2021-12-26
9,1,8,0,Jones,2021-12-27
10,1,9,0,Jones,2021-12-28
15,4,11,0,Jones,2021-12-29
15,3,12,0,Jones,2021-12-30
6,2,4,0,Jones,2021-12-31
5,2,3,0,Jones,2022-01-01
2,1,1,0,Jones,2022-01-02
25,9,16,0,Jones,2022-01-03
11,3,8,0,Jones,2022-01-04
23,12,11,0,Jones,2022-01-05
23,10,13,0,Jones,2022-01-06
24,10,14,0,Jones,2022-01-07
14,3,11,0,Jones,2022-01-08
6,5,1,0,Jones,2022-01-09
44,19,25,0,Jones,2022-01-10
37,16,21,0,Jones,2022-01-11
24,7,17,0,Jones,2022-01-12
30,11,19,0,Jones,2022-01-13
26,10,16,0,Jones,2022-01-14
7,2,5,0,Jones,2022-01-15
7,1,6,0,Jones,2022-01-16
30,16,14,0,Jones,2022-01-17
47,12,35,0,Jones,2022-01-18
25,12,13,0,Jones,2022-01-20
3,1,2,0,Jones,2022-01-21
1,0,1,0,Jones,2022-01-22
5,1,4,0,Jones,2022-01-23
42,18,24,0,Jones,2022-01-24
50,31,19,0,Jones,2022-01-25
21,15,6,0,Jones,2022-01-26
21,5,16,0,Jones,2022-01-27
12,2,10,0,Jones,2022-01-28
3,1,2,0,Jones,2022-01-29
1,0,1,0,Jones,2022-01-30
21,11,10,0,Jones,2022-01-31
21,9,12,0,Jones,2022-02-01
2,1,1,0,Jones,2022-02-02
9,2,7,0,Jones,2022-02-03
6,2,4,0,Jones,2022-02-04
5,2,3,0,Jones,2022-02-05
1,0,1,0,Jones,2022-02-06
10,3,7,0,Jones,2022-02-07
1,1,0,0,Jones,2022-02-08
3,1,2,0,Jones,2022-02-09
5,2,3,0,Jones,2022-02-10
4,0,4,0,Jones,2022-02-11
0,0,0,0,Jones,2022-02-12
0,0,0,0,Jones,2022-02-13
7,1,6,0,Jones,2022-02-14
2,1,1,0,Jones,2022-02-15
2,1,1,0,Jones,2022-02-16
3,2,1,0,Jones,2022-02-18
2,2,0,0,Jones,2022-02-19
1,0,1,0,Jones,2022-02-20
7,4,3,0,Jones,2022-02-21
3,0,3,0,Jones,2022-02-22
1,0,1,0,Jones,2022-02-23
1,0,1,0,Jones,2022-02-24
0,0,0,0,Jones,2022-02-25
0,0,0,0,Jones,2022-02-26
1,0,1,0,Jones,2022-02-27
1,0,1,0,Jones,2022-02-28
1,1,0,0,Jones,2022-03-01
0,0,0,0,Jones,2022-03-02
0,0,0,0,Jones,2022-03-03
1,0,1,0,Jones,2022-03-04
0,0,0,0,Jones,2022-03-05
0,0,0,0,Jones,2022-03-06
0,0,0,0,Jones,2022-03-07
1,1,0,0,Jones,2022-03-08
0,0,0,0,Jones,2022-03-09
0,0,0,0,Jones,2022-03-10
1,0,1,0,Jones,2022-03-11
0,0,0,0,Jones,2022-03-12
0,0,0,0,Jones,2022-03-13
0,0,0,0,Jones,2022-03-14
0,0,0,0,Jones,2022-03-15
0,0,0,0,Jones,2022-03-16
1,0,1,0,Jones,2022-03-17
0,0,0,0,Jones,2022-03-18
0,0,0,0,Jones,2022-03-19
0,0,0,0,Jones,2022-03-20
0,0,0,0,Jones,2022-03-21
0,0,0,0,Jones,2022-03-22
0,0,0,0,Jones,2022-03-23
0,0,0,0,Jones,2022-03-24
0,0,0,0,Jones,2022-03-25
0,0,0,0,Jones,2022-03-26
0,0,0,0,Jones,2022-03-27
0,0,0,0,Jones,2022-03-28
0,0,0,0,Jones,2022-03-29
0,0,0,0,Jones,2022-03-30
0,0,0,0,Jones,2022-03-31
0,0,0,0,Jones,2022-04-01
0,0,0,0,Jones,2022-04-02
1,0,1,0,Jones,2022-04-03
0,0,0,0,Jones,2022-04-04
0,0,0,0,Jones,2022-04-05
0,0,0,0,Jones,2022-04-06
0,0,0,0,Jones,2022-04-07
0,0,0,0,Jones,2022-04-08
0,0,0,0,Jones,2022-04-09
0,0,0,0,Jones,2022-04-10
0,0,0,0,Jones,2022-04-11
1,0,1,0,Jones,2022-04-12
0,0,0,0,Jones,2022-04-13
1,0,1,0,Jones,2022-04-14
0,0,0,0,Jones,2022-04-15
0,0,0,0,Jones,2022-04-16
0,0,0,0,Jones,2022-04-17
0,0,0,0,Jones,2022-04-18
0,0,0,0,Jones,2022-04-19
2,0,2,0,Jones,2022-04-20
0,0,0,0,Jones,2022-04-21
0,0,0,0,Jones,2022-04-22
0,0,0,0,Jones,2022-04-23
9,2,7,0,Lee,2021-10-27
10,2,8,0,Lee,2021-10-28
4,1,3,0,Lee,2021-10-29
3,0,3,0,Lee,2021-10-30
9,2,7,0,Lee,2021-10-31
14,7,7,0,Lee,2021-11-01
9,0,9,0,Lee,2021-11-02
9,2,7,0,Lee,2021-11-03
10,0,10,0,Lee,2021-11-04
5,1,4,0,Lee,2021-11-05
3,0,3,0,Lee,2021-11-06
3,0,3,0,Lee,2021-11-07
10,1,9,0,Lee,2021-11-08
7,0,7,0,Lee,2021-11-09
8,1,7,0,Lee,2021-11-10
5,2,3,0,Lee,2021-11-12
2,0,2,0,Lee,2021-11-13
5,0,5,0,Lee,2021-11-14
9,2,7,0,Lee,2021-11-15
3,1,2,0,Lee,2021-11-16
9,2,7,0,Lee,2021-11-17
6,0,6,0,Lee,2021-11-18
8,0,8,0,Lee,2021-11-19
3,0,3,0,Lee,2021-11-20
2,1,1,0,Lee,2021-11-21
7,0,7,0,Lee,2021-11-22
4,1,3,0,Lee,2021-11-23
0,0,0,0,Lee,2021-11-25
2,0,2,0,Lee,2021-11-26
9,1,8,0,Lee,2021-11-28
22,3,19,0,Lee,2021-11-29
10,1,9,0,Lee,2021-12-04
4,1,3,0,Lee,2021-12-05
33,2,31,0,Lee,2021-12-06
12,3,9,0,Lee,2021-12-07
17,3,14,0,Lee,2021-12-08
27,1,26,0,Lee,2021-12-09
14,1,13,0,Lee,2021-12-10
11,1,10,0,Lee,2021-12-11
8,0,8,0,Lee,2021-12-12
20,1,19,0,Lee,2021-12-13
28,1,27,0,Lee,2021-12-16
23,5,18,0,Lee,2021-12-17
15,2,13,0,Lee,2021-12-18
10,1,9,0,Lee,2021-12-19
24,1,23,0,Lee,2021-12-20
26,2,24,0,Lee,2021-12-22
32,6,26,0,Lee,2021-12-23
47,4,43,0,Lee,2021-12-26
85,16,69,0,Lee,2021-12-27
131,22,109,0,Lee,2021-12-28
120,24,96,0,Lee,2021-12-29
149,19,130,0,Lee,2021-12-30
75,9,66,0,Lee,2021-12-31
43,4,39,0,Lee,2022-01-01
74,8,66,0,Lee,2022-01-02
177,20,157,0,Lee,2022-01-03
210,30,180,0,Lee,2022-01-05
160,12,148,0,Lee,2022-01-07
67,16,51,0,Lee,2022-01-09
277,24,253,0,Lee,2022-01-11
285,49,236,0,Lee,2022-01-13
157,20,137,0,Lee,2022-01-15
25,6,19,0,Lee,2022-01-16
239,51,188,0,Lee,2022-01-18
302,39,263,0,Lee,2022-01-19
211,72,139,0,Lee,2022-01-20
80,13,67,0,Lee,2022-01-21
50,17,33,0,Lee,2022-01-23
179,42,137,0,Lee,2022-01-24
126,36,90,0,Lee,2022-01-25
137,23,114,0,Lee,2022-01-26
78,11,67,0,Lee,2022-01-27
25,7,18,0,Lee,2022-01-29
28,4,24,0,Lee,2022-01-30
80,6,74,0,Lee,2022-01-31
53,10,43,0,Lee,2022-02-01
38,4,34,0,Lee,2022-02-03
41,3,38,0,Lee,2022-02-04
26,3,23,0,Lee,2022-02-06
36,10,26,0,Lee,2022-02-07
21,2,19,0,Lee,2022-02-10
22,2,20,0,Lee,2022-02-11
7,1,6,0,Lee,2022-02-12
18,5,13,0,Lee,2022-02-15
16,2,14,0,Lee,2022-02-17
9,2,7,0,Lee,2022-02-18
6,2,4,0,Lee,2022-02-19
8,2,6,0,Lee,2022-02-20
13,1,12,0,Lee,2022-02-21
6,0,6,0,Lee,2022-02-22
7,0,7,0,Lee,2022-02-23
8,0,8,0,Lee,2022-02-24
4,0,4,0,Lee,2022-02-25
0,0,0,0,Lee,2022-02-27
4,1,3,0,Lee,2022-02-28
5,2,3,0,Lee,2022-03-01
10,1,9,0,Lee,2022-03-02
4,1,3,0,Lee,2022-03-03
6,1,5,0,Lee,2022-03-04
1,0,1,0,Lee,2022-03-05
5,4,1,0,Lee,2022-03-07
3,0,3,0,Lee,2022-03-09
1,1,0,0,Lee,2022-03-11
1,1,0,0,Lee,2022-03-13
9,2,7,0,Lee,2022-03-14
1,1,0,0,Lee,2022-03-15
5,3,2,0,Lee,2022-03-16
1,0,1,0,Lee,2022-03-17
4,0,4,0,Lee,2022-03-18
0,0,0,0,Lee,2022-03-19
0,0,0,0,Lee,2022-03-20
4,1,3,0,Lee,2022-03-21
0,0,0,0,Lee,2022-03-22
2,0,2,0,Lee,2022-03-24
4,0,4,0,Lee,2022-03-25
0,0,0,0,Lee,2022-03-26
0,0,0,0,Lee,2022-03-27
2,1,1,0,Lee,2022-03-28
1,0,1,0,Lee,2022-03-29
5,0,5,0,Lee,2022-03-30
4,1,3,0,Lee,2022-03-31
1,1,0,0,Lee,2022-04-02
2,0,2,0,Lee,2022-04-03
4,0,4,0,Lee,2022-04-04
1,0,1,0,Lee,2022-04-05
1,0,1,0,Lee,2022-04-06
3,1,2,0,Lee,2022-04-07
2,0,2,0,Lee,2022-04-08
0,0,0,0,Lee,2022-04-09
1,0,1,0,Lee,2022-04-10
1,0,1,0,Lee,2022-04-11
3,1,2,0,Lee,2022-04-12
5,1,4,0,Lee,2022-04-13
5,0,5,0,Lee,2022-04-14
4,2,2,0,Lee,2022-04-15
0,0,0,0,Lee,2022-04-16
3,2,1,0,Lee,2022-04-18
4,0,4,0,Lee,2022-04-19
12,0,12,0,Lee,2022-04-20
6,1,5,0,Lee,2022-04-21
9,2,7,0,Lee,2022-04-22
5,0,5,0,Lee,2022-04-23
10,3,7,0,Lenoir,2021-10-26
4,3,1,0,Lenoir,2021-10-28
7,0,7,0,Lenoir,2021-10-29
2,1,1,0,Lenoir,2021-10-31
5,2,3,0,Lenoir,2021-11-02
11,1,10,0,Lenoir,2021-11-03
11,5,6,0,Lenoir,2021-11-04
8,3,5,0,Lenoir,2021-11-09
7,2,5,0,Lenoir,2021-11-10
4,1,3,0,Lenoir,2021-11-12
2,2,0,0,Lenoir,2021-11-13
16,2,14,0,Lenoir,2021-11-15
2,0,2,0,Lenoir,2021-11-16
9,4,5,0,Lenoir,2021-11-17
10,2,8,0,Lenoir,2021-11-19
2,1,1,0,Lenoir,2021-11-20
10,4,6,0,Lenoir,2021-11-22
8,5,3,0,Lenoir,2021-11-23
5,1,4,0,Lenoir,2021-11-24
1,1,0,0,Lenoir,2021-11-25
7,4,3,0,Lenoir,2021-11-26
5,2,3,0,Lenoir,2021-11-28
24,6,18,0,Lenoir,2021-11-29
17,6,11,0,Lenoir,2021-11-30
15,4,11,0,Lenoir,2021-12-01
15,6,9,0,Lenoir,2021-12-02
15,5,10,0,Lenoir,2021-12-03
6,2,4,0,Lenoir,2021-12-05
22,10,12,0,Lenoir,2021-12-07
20,3,17,0,Lenoir,2021-12-08
9,1,8,0,Lenoir,2021-12-09
12,5,7,0,Lenoir,2021-12-10
5,1,4,0,Lenoir,2021-12-11
7,2,5,0,Lenoir,2021-12-12
32,11,21,0,Lenoir,2021-12-13
16,1,15,0,Lenoir,2021-12-14
13,2,11,0,Lenoir,2021-12-16
15,5,10,0,Lenoir,2021-12-17
9,0,9,0,Lenoir,2021-12-18
14,5,9,0,Lenoir,2021-12-19
24,3,21,0,Lenoir,2021-12-20
35,4,31,0,Lenoir,2021-12-21
26,4,22,0,Lenoir,2021-12-23
11,1,10,0,Lenoir,2021-12-24
12,2,10,0,Lenoir,2021-12-25
20,2,18,0,Lenoir,2021-12-26
74,11,63,0,Lenoir,2021-12-27
111,15,96,0,Lenoir,2021-12-29
131,18,113,0,Lenoir,2021-12-30
84,15,69,0,Lenoir,2021-12-31
52,14,38,0,Lenoir,2022-01-02
196,47,149,0,Lenoir,2022-01-04
164,53,111,0,Lenoir,2022-01-05
163,34,129,0,Lenoir,2022-01-07
45,17,28,0,Lenoir,2022-01-08
317,80,237,0,Lenoir,2022-01-10
256,38,218,0,Lenoir,2022-01-11
263,47,216,0,Lenoir,2022-01-12
229,52,177,0,Lenoir,2022-01-14
73,22,51,0,Lenoir,2022-01-15
44,17,27,0,Lenoir,2022-01-16
157,59,98,0,Lenoir,2022-01-17
340,76,264,0,Lenoir,2022-01-19
38,8,30,0,Lenoir,2022-01-21
12,5,7,0,Lenoir,2022-01-22
44,15,29,0,Lenoir,2022-01-23
53,10,43,0,Lenoir,2022-02-02
50,14,36,0,Lenoir,2022-02-03
31,10,21,0,Lenoir,2022-02-04
17,3,14,0,Lenoir,2022-02-05
10,1,9,0,Lenoir,2022-02-06
51,13,38,0,Lenoir,2022-02-07
27,9,18,0,Lenoir,2022-02-10
22,4,18,0,Lenoir,2022-02-11
6,4,2,0,Lenoir,2022-02-12
3,0,3,0,Lenoir,2022-02-13
19,2,17,0,Lenoir,2022-02-14
14,2,12,0,Lenoir,2022-02-16
11,0,11,0,Lenoir,2022-02-18
4,0,4,0,Lenoir,2022-02-19
4,0,4,0,Lenoir,2022-02-20
13,1,12,0,Lenoir,2022-02-21
7,1,6,0,Lenoir,2022-02-22
2,0,2,0,Lenoir,2022-02-23
11,0,11,0,Lenoir,2022-02-24
1,0,1,0,Lenoir,2022-02-26
4,1,3,0,Lenoir,2022-02-27
7,1,6,0,Lenoir,2022-03-02
3,0,3,0,Lenoir,2022-03-03
1,0,1,0,Lenoir,2022-03-04
1,0,1,0,Lenoir,2022-03-06
8,1,7,0,Lenoir,2022-03-07
2,0,2,0,Lenoir,2022-03-08
3,2,1,0,Lenoir,2022-03-09
4,0,4,0,Lenoir,2022-03-11
0,0,0,0,Lenoir,2022-03-12
1,0,1,0,Lenoir,2022-03-13
2,0,2,0,Lenoir,2022-03-14
0,0,0,0,Lenoir,2022-03-15
0,0,0,0,Lenoir,2022-03-16
2,0,2,0,Lenoir,2022-03-17
1,0,1,0,Lenoir,2022-03-18
0,0,0,0,Lenoir,2022-03-19
0,0,0,0,Lenoir,2022-03-20
1,0,1,0,Lenoir,2022-03-21
2,0,2,0,Lenoir,2022-03-23
1,0,1,0,Lenoir,2022-03-24
0,0,0,0,Lenoir,2022-03-25
0,0,0,0,Lenoir,2022-03-26
2,0,2,0,Lenoir,2022-03-27
2,1,1,0,Lenoir,2022-03-28
1,0,1,0,Lenoir,2022-03-30
2,0,2,0,Lenoir,2022-03-31
0,0,0,0,Lenoir,2022-04-01
0,0,0,0,Lenoir,2022-04-02
1,0,1,0,Lenoir,2022-04-03
1,1,0,0,Lenoir,2022-04-04
3,1,2,0,Lenoir,2022-04-05
1,0,1,0,Lenoir,2022-04-06
0,0,0,0,Lenoir,2022-04-07
1,0,1,0,Lenoir,2022-04-08
1,0,1,0,Lenoir,2022-04-09
1,0,1,0,Lenoir,2022-04-10
3,0,3,0,Lenoir,2022-04-12
2,1,1,0,Lenoir,2022-04-13
1,0,1,0,Lenoir,2022-04-14
1,1,0,0,Lenoir,2022-04-15
0,0,0,0,Lenoir,2022-04-16
0,0,0,0,Lenoir,2022-04-17
5,3,2,0,Lenoir,2022-04-18
2,1,1,0,Lenoir,2022-04-19
3,2,1,0,Lenoir,2022-04-20
2,1,1,0,Lenoir,2022-04-21
2,0,2,0,Lenoir,2022-04-22
1,1,0,0,Lenoir,2022-04-23
27,3,24,0,Lincoln,2021-10-26
23,5,18,0,Lincoln,2021-10-27
24,7,17,0,Lincoln,2021-10-29
11,2,9,0,Lincoln,2021-10-31
21,8,13,0,Lincoln,2021-11-01
23,1,22,0,Lincoln,2021-11-06
29,14,15,0,Lincoln,2021-11-08
39,12,27,0,Lincoln,2021-11-09
28,7,21,0,Lincoln,2021-11-11
17,3,14,0,Lincoln,2021-11-12
17,1,16,0,Lincoln,2021-11-13
13,2,11,0,Lincoln,2021-11-14
32,11,21,0,Lincoln,2021-11-15
39,7,32,0,Lincoln,2021-11-16
30,10,20,0,Lincoln,2021-11-17
24,5,19,0,Lincoln,2021-11-19
11,4,7,0,Lincoln,2021-11-20
21,6,15,0,Lincoln,2021-11-21
46,11,35,0,Lincoln,2021-11-23
26,3,23,0,Lincoln,2021-11-24
11,2,9,0,Lincoln,2021-11-25
34,12,22,0,Lincoln,2021-11-26
57,19,38,0,Lincoln,2021-11-29
46,11,35,0,Lincoln,2021-11-30
38,9,29,0,Lincoln,2021-12-01
52,21,31,0,Lincoln,2021-12-07
55,20,35,0,Lincoln,2021-12-08
40,8,32,0,Lincoln,2021-12-10
21,6,15,0,Lincoln,2021-12-11
20,3,17,0,Lincoln,2021-12-12
47,11,36,0,Lincoln,2021-12-14
29,9,20,0,Lincoln,2021-12-15
56,20,36,0,Lincoln,2021-12-16
49,6,43,0,Lincoln,2021-12-17
18,4,14,0,Lincoln,2021-12-19
58,18,40,0,Lincoln,2021-12-20
64,17,47,0,Lincoln,2021-12-21
64,9,55,0,Lincoln,2021-12-22
33,10,23,0,Lincoln,2021-12-24
7,2,5,0,Lincoln,2021-12-25
45,5,40,0,Lincoln,2021-12-26
203,46,157,0,Lincoln,2021-12-28
174,48,126,0,Lincoln,2021-12-29
203,58,145,0,Lincoln,2021-12-30
76,29,47,0,Lincoln,2021-12-31
32,9,23,0,Lincoln,2022-01-01
164,56,108,0,Lincoln,2022-01-03
252,44,208,0,Lincoln,2022-01-05
169,56,113,0,Lincoln,2022-01-07
66,17,49,0,Lincoln,2022-01-09
213,86,127,0,Lincoln,2022-01-10
312,90,222,0,Lincoln,2022-01-14
15,4,11,0,Lincoln,2022-01-16
89,28,61,0,Lincoln,2022-01-17
93,22,71,0,Lincoln,2022-01-22
204,76,128,0,Lincoln,2022-01-24
227,77,150,0,Lincoln,2022-01-25
180,63,117,0,Lincoln,2022-01-26
108,41,67,0,Lincoln,2022-01-28
163,69,94,0,Lincoln,2022-01-31
97,26,71,0,Lincoln,2022-02-02
85,27,58,0,Lincoln,2022-02-03
42,7,35,0,Lincoln,2022-02-05
59,20,39,0,Lincoln,2022-02-08
67,19,48,0,Lincoln,2022-02-09
19,5,14,0,Lincoln,2022-02-13
48,15,33,0,Lincoln,2022-02-14
43,13,30,0,Lincoln,2022-02-15
29,10,19,0,Lincoln,2022-02-17
20,5,15,0,Lincoln,2022-02-18
14,3,11,0,Lincoln,2022-02-19
23,4,19,0,Lincoln,2022-02-21
5,2,3,0,Lincoln,2022-02-23
16,1,15,0,Lincoln,2022-02-25
3,2,1,0,Lincoln,2022-02-26
4,2,2,0,Lincoln,2022-02-27
11,1,10,0,Lincoln,2022-02-28
9,2,7,0,Lincoln,2022-03-01
5,2,3,0,Lincoln,2022-03-04
4,1,3,0,Lincoln,2022-03-05
1,1,0,0,Lincoln,2022-03-06
8,3,5,0,Lincoln,2022-03-07
4,0,4,0,Lincoln,2022-03-08
3,0,3,0,Lincoln,2022-03-09
0,0,0,0,Lincoln,2022-03-10
4,1,3,0,Lincoln,2022-03-11
4,0,4,0,Lincoln,2022-03-12
1,0,1,0,Lincoln,2022-03-13
6,2,4,0,Lincoln,2022-03-14
9,0,9,0,Lincoln,2022-03-15
1,0,1,0,Lincoln,2022-03-16
3,0,3,0,Lincoln,2022-03-17
2,0,2,0,Lincoln,2022-03-18
2,1,1,0,Lincoln,2022-03-19
1,1,0,0,Lincoln,2022-03-20
1,0,1,0,Lincoln,2022-03-21
0,0,0,0,Lincoln,2022-03-22
4,1,3,0,Lincoln,2022-03-23
2,0,2,0,Lincoln,2022-03-24
0,0,0,0,Lincoln,2022-03-25
0,0,0,0,Lincoln,2022-03-26
1,0,1,0,Lincoln,2022-03-27
1,0,1,0,Lincoln,2022-03-28
2,0,2,0,Lincoln,2022-03-30
2,0,2,0,Lincoln,2022-03-31
0,0,0,0,Lincoln,2022-04-01
4,0,4,0,Lincoln,2022-04-02
1,0,1,0,Lincoln,2022-04-03
0,0,0,0,Lincoln,2022-04-04
1,0,1,0,Lincoln,2022-04-05
2,0,2,0,Lincoln,2022-04-06
2,1,1,0,Lincoln,2022-04-07
4,0,4,0,Lincoln,2022-04-08
4,1,3,0,Lincoln,2022-04-09
5,1,4,0,Lincoln,2022-04-12
9,1,8,0,Lincoln,2022-04-14
3,1,2,0,Lincoln,2022-04-16
7,0,7,0,Lincoln,2022-04-18
6,2,4,0,Lincoln,2022-04-20
3,1,2,0,Lincoln,2022-04-21
2,0,2,0,Lincoln,2022-04-22
5,0,5,0,Lincoln,2022-04-23
10,0,10,0,Macon,2021-10-26
5,1,4,0,Macon,2021-10-27
10,1,9,0,Macon,2021-10-29
9,5,4,0,Macon,2021-10-30
3,2,1,0,Macon,2021-10-31
12,6,6,0,Macon,2021-11-02
3,0,3,0,Macon,2021-11-03
11,3,8,0,Macon,2021-11-05
1,1,0,0,Macon,2021-11-07
13,8,5,0,Macon,2021-11-08
11,3,8,0,Macon,2021-11-09
7,4,3,0,Macon,2021-11-10
2,0,2,0,Macon,2021-11-14
13,3,10,0,Macon,2021-11-15
3,1,2,0,Macon,2021-11-16
3,0,3,0,Macon,2021-11-17
6,2,4,0,Macon,2021-11-19
1,0,1,0,Macon,2021-11-23
4,0,4,0,Macon,2021-11-24
0,0,0,0,Macon,2021-11-25
1,0,1,0,Macon,2021-11-26
1,0,1,0,Macon,2021-11-27
2,0,2,0,Macon,2021-11-28
9,5,4,0,Macon,2021-11-29
6,2,4,0,Macon,2021-12-01
9,3,6,0,Macon,2021-12-02
9,1,8,0,Macon,2021-12-03
8,0,8,0,Macon,2021-12-04
7,1,6,0,Macon,2021-12-05
19,8,11,0,Macon,2021-12-06
10,3,7,0,Macon,2021-12-07
17,7,10,0,Macon,2021-12-08
10,4,6,0,Macon,2021-12-09
6,0,6,0,Macon,2021-12-10
2,0,2,0,Macon,2021-12-11
2,0,2,0,Macon,2021-12-12
11,4,7,0,Macon,2021-12-13
4,1,3,0,Macon,2021-12-15
8,2,6,0,Macon,2021-12-17
1,0,1,0,Macon,2021-12-19
6,2,4,0,Macon,2021-12-20
11,5,6,0,Macon,2021-12-21
13,3,10,0,Macon,2021-12-22
10,3,7,0,Macon,2021-12-23
10,6,4,0,Macon,2021-12-24
9,2,7,0,Macon,2021-12-26
24,6,18,0,Macon,2021-12-27
44,7,37,0,Macon,2021-12-28
48,12,36,0,Macon,2021-12-29
12,2,10,0,Macon,2021-12-31
23,3,20,0,Macon,2022-01-02
71,4,67,0,Macon,2022-01-04
63,10,53,0,Macon,2022-01-05
16,1,15,0,Macon,2022-01-08
111,34,77,0,Macon,2022-01-10
88,13,75,0,Macon,2022-01-11
91,29,62,0,Macon,2022-01-13
23,3,20,0,Macon,2022-01-15
28,6,22,0,Macon,2022-01-17
74,12,62,0,Macon,2022-01-21
28,4,24,0,Macon,2022-01-22
19,3,16,0,Macon,2022-01-23
51,4,47,0,Macon,2022-01-25
54,7,47,0,Macon,2022-01-26
34,10,24,0,Macon,2022-01-28
7,0,7,0,Macon,2022-01-29
57,15,42,0,Macon,2022-01-31
32,6,26,0,Macon,2022-02-01
28,4,24,0,Macon,2022-02-02
25,7,18,0,Macon,2022-02-03
28,4,24,0,Macon,2022-02-04
10,1,9,0,Macon,2022-02-05
5,1,4,0,Macon,2022-02-06
34,7,27,0,Macon,2022-02-07
15,1,14,0,Macon,2022-02-09
16,5,11,0,Macon,2022-02-11
6,0,6,0,Macon,2022-02-12
3,0,3,0,Macon,2022-02-13
11,2,9,0,Macon,2022-02-14
11,0,11,0,Macon,2022-02-15
6,1,5,0,Macon,2022-02-18
3,0,3,0,Macon,2022-02-19
2,1,1,0,Macon,2022-02-20
8,4,4,0,Macon,2022-02-21
2,1,1,0,Macon,2022-02-23
3,2,1,0,Macon,2022-02-25
2,1,1,0,Macon,2022-02-26
2,0,2,0,Macon,2022-02-28
2,0,2,0,Macon,2022-03-01
4,2,2,0,Macon,2022-03-03
2,0,2,0,Macon,2022-03-04
0,0,0,0,Macon,2022-03-05
0,0,0,0,Macon,2022-03-06
3,1,2,0,Macon,2022-03-08
1,0,1,0,Macon,2022-03-09
2,1,1,0,Macon,2022-03-10
2,0,2,0,Macon,2022-03-11
0,0,0,0,Macon,2022-03-12
0,0,0,0,Macon,2022-03-13
2,0,2,0,Macon,2022-03-14
2,0,2,0,Macon,2022-03-15
1,0,1,0,Macon,2022-03-16
2,0,2,0,Macon,2022-03-17
2,0,2,0,Macon,2022-03-18
0,0,0,0,Macon,2022-03-20
0,0,0,0,Macon,2022-03-22
0,0,0,0,Macon,2022-03-23
1,0,1,0,Macon,2022-03-24
0,0,0,0,Macon,2022-03-25
0,0,0,0,Macon,2022-03-26
0,0,0,0,Macon,2022-03-27
0,0,0,0,Macon,2022-03-28
3,1,2,0,Macon,2022-03-29
0,0,0,0,Macon,2022-03-30
0,0,0,0,Macon,2022-03-31
1,1,0,0,Macon,2022-04-01
1,0,1,0,Macon,2022-04-02
1,1,0,0,Macon,2022-04-04
1,0,1,0,Macon,2022-04-05
2,1,1,0,Macon,2022-04-06
2,1,1,0,Macon,2022-04-07
0,0,0,0,Macon,2022-04-09
1,0,1,0,Macon,2022-04-10
0,0,0,0,Macon,2022-04-11
1,0,1,0,Macon,2022-04-12
2,0,2,0,Macon,2022-04-13
1,0,1,0,Macon,2022-04-14
0,0,0,0,Macon,2022-04-15
0,0,0,0,Macon,2022-04-16
0,0,0,0,Macon,2022-04-17
2,2,0,0,Macon,2022-04-18
3,3,0,0,Macon,2022-04-20
1,0,1,0,Macon,2022-04-21
1,0,1,0,Macon,2022-04-22
1,0,1,0,Macon,2022-04-23
5,1,4,0,Madison,2021-10-26
4,1,3,0,Madison,2021-10-27
2,0,2,0,Madison,2021-10-28
4,1,3,0,Madison,2021-10-29
2,0,2,0,Madison,2021-10-30
1,0,1,0,Madison,2021-10-31
8,2,6,0,Madison,2021-11-01
7,0,7,0,Madison,2021-11-02
2,0,2,0,Madison,2021-11-03
2,0,2,0,Madison,2021-11-04
4,0,4,0,Madison,2021-11-05
3,0,3,0,Madison,2021-11-06
3,0,3,0,Madison,2021-11-07
7,2,5,0,Madison,2021-11-08
4,0,4,0,Madison,2021-11-11
7,0,7,0,Madison,2021-11-12
4,1,3,0,Madison,2021-11-13
10,0,10,0,Madison,2021-11-15
4,0,4,0,Madison,2021-11-17
9,3,6,0,Madison,2021-11-19
2,0,2,0,Madison,2021-11-20
2,1,1,0,Madison,2021-11-21
6,0,6,0,Madison,2021-11-22
6,0,6,0,Madison,2021-11-23
8,0,8,0,Madison,2021-11-24
0,0,0,0,Madison,2021-11-25
5,0,5,0,Madison,2021-11-26
6,2,4,0,Madison,2021-11-27
2,0,2,0,Madison,2021-11-28
12,2,10,0,Madison,2021-11-29
6,2,4,0,Madison,2021-11-30
7,0,7,0,Madison,2021-12-01
6,1,5,0,Madison,2021-12-02
9,1,8,0,Madison,2021-12-03
7,0,7,0,Madison,2021-12-04
3,2,1,0,Madison,2021-12-05
12,4,8,0,Madison,2021-12-06
3,0,3,0,Madison,2021-12-07
12,8,4,0,Madison,2021-12-09
8,1,7,0,Madison,2021-12-10
5,0,5,0,Madison,2021-12-11
1,0,1,0,Madison,2021-12-12
22,5,17,0,Madison,2021-12-13
6,3,3,0,Madison,2021-12-14
16,3,13,0,Madison,2021-12-15
11,4,7,0,Madison,2021-12-16
6,1,5,0,Madison,2021-12-17
0,0,0,0,Madison,2021-12-19
12,1,11,0,Madison,2021-12-20
16,0,16,0,Madison,2021-12-21
7,2,5,0,Madison,2021-12-22
2,0,2,0,Madison,2021-12-24
0,0,0,0,Madison,2021-12-25
8,2,6,0,Madison,2021-12-26
20,4,16,0,Madison,2021-12-27
35,2,33,0,Madison,2021-12-28
24,2,22,0,Madison,2021-12-29
22,0,22,0,Madison,2021-12-30
14,2,12,0,Madison,2022-01-01
12,1,11,0,Madison,2022-01-02
35,3,32,0,Madison,2022-01-03
50,5,45,0,Madison,2022-01-04
82,7,75,0,Madison,2022-01-05
47,3,44,0,Madison,2022-01-06
30,2,28,0,Madison,2022-01-07
94,12,82,0,Madison,2022-01-10
62,9,53,0,Madison,2022-01-11
83,10,73,0,Madison,2022-01-12
57,3,54,0,Madison,2022-01-13
34,2,32,0,Madison,2022-01-15
4,1,3,0,Madison,2022-01-16
20,1,19,0,Madison,2022-01-17
84,6,78,0,Madison,2022-01-19
52,10,42,0,Madison,2022-01-20
43,5,38,0,Madison,2022-01-21
33,2,31,0,Madison,2022-01-22
10,5,5,0,Madison,2022-01-23
74,19,55,0,Madison,2022-01-24
63,8,55,0,Madison,2022-01-25
38,7,31,0,Madison,2022-01-26
44,4,40,0,Madison,2022-01-28
5,2,3,0,Madison,2022-01-29
12,1,11,0,Madison,2022-01-30
47,7,40,0,Madison,2022-01-31
36,11,25,0,Madison,2022-02-02
37,8,29,0,Madison,2022-02-03
17,6,11,0,Madison,2022-02-04
7,1,6,0,Madison,2022-02-05
54,14,40,0,Madison,2022-02-07
29,5,24,0,Madison,2022-02-09
27,7,20,0,Madison,2022-02-10
9,2,7,0,Madison,2022-02-12
7,3,4,0,Madison,2022-02-13
31,6,25,0,Madison,2022-02-14
9,1,8,0,Madison,2022-02-15
25,5,20,0,Madison,2022-02-16
19,3,16,0,Madison,2022-02-17
11,2,9,0,Madison,2022-02-18
2,1,1,0,Madison,2022-02-19
4,4,0,0,Madison,2022-02-20
19,6,13,0,Madison,2022-02-21
5,4,1,0,Madison,2022-02-22
5,0,5,0,Madison,2022-02-23
6,2,4,0,Madison,2022-02-24
7,4,3,0,Madison,2022-02-25
3,0,3,0,Madison,2022-02-27
6,4,2,0,Madison,2022-02-28
6,0,6,0,Madison,2022-03-01
5,2,3,0,Madison,2022-03-02
3,1,2,0,Madison,2022-03-03
4,1,3,0,Madison,2022-03-04
0,0,0,0,Madison,2022-03-05
1,1,0,0,Madison,2022-03-06
3,0,3,0,Madison,2022-03-07
4,2,2,0,Madison,2022-03-08
2,2,0,0,Madison,2022-03-09
2,0,2,0,Madison,2022-03-10
1,0,1,0,Madison,2022-03-11
0,0,0,0,Madison,2022-03-12
1,1,0,0,Madison,2022-03-13
4,0,4,0,Madison,2022-03-14
2,0,2,0,Madison,2022-03-15
2,1,1,0,Madison,2022-03-16
1,0,1,0,Madison,2022-03-17
1,0,1,0,Madison,2022-03-18
0,0,0,0,Madison,2022-03-19
0,0,0,0,Madison,2022-03-20
1,0,1,0,Madison,2022-03-21
1,0,1,0,Madison,2022-03-22
0,0,0,0,Madison,2022-03-23
1,0,1,0,Madison,2022-03-24
0,0,0,0,Madison,2022-03-25
0,0,0,0,Madison,2022-03-26
0,0,0,0,Madison,2022-03-27
3,0,3,0,Madison,2022-03-28
2,0,2,0,Madison,2022-03-29
0,0,0,0,Madison,2022-03-30
3,0,3,0,Madison,2022-03-31
0,0,0,0,Madison,2022-04-01
0,0,0,0,Madison,2022-04-02
0,0,0,0,Madison,2022-04-03
0,0,0,0,Madison,2022-04-04
3,1,2,0,Madison,2022-04-05
3,1,2,0,Madison,2022-04-06
2,2,0,0,Madison,2022-04-07
1,0,1,0,Madison,2022-04-08
0,0,0,0,Madison,2022-04-09
2,0,2,0,Madison,2022-04-10
4,2,2,0,Madison,2022-04-11
3,2,1,0,Madison,2022-04-12
3,0,3,0,Madison,2022-04-13
5,2,3,0,Madison,2022-04-14
0,0,0,0,Madison,2022-04-15
1,1,0,0,Madison,2022-04-16
1,0,1,0,Madison,2022-04-17
4,0,4,0,Madison,2022-04-18
2,1,1,0,Madison,2022-04-19
6,1,5,0,Madison,2022-04-20
3,0,3,0,Madison,2022-04-21
4,1,3,0,Madison,2022-04-22
2,2,0,0,Madison,2022-04-23
3,0,3,0,Martin,2021-10-26
6,2,4,0,Martin,2021-10-27
4,0,4,0,Martin,2021-10-28
2,0,2,0,Martin,2021-10-29
0,0,0,0,Martin,2021-10-30
5,1,4,0,Martin,2021-11-01
1,0,1,0,Martin,2021-11-02
5,0,5,0,Martin,2021-11-03
3,0,3,0,Martin,2021-11-04
3,1,2,0,Martin,2021-11-05
0,0,0,0,Martin,2021-11-06
7,1,6,0,Martin,2021-11-08
4,0,4,0,Martin,2021-11-09
8,0,8,0,Martin,2021-11-10
1,0,1,0,Martin,2021-11-11
1,0,1,0,Martin,2021-11-12
1,0,1,0,Martin,2021-11-13
1,0,1,0,Martin,2021-11-14
15,0,15,0,Martin,2021-11-15
4,0,4,0,Martin,2021-11-16
0,0,0,0,Martin,2021-11-17
1,0,1,0,Martin,2021-11-19
0,0,0,0,Martin,2021-11-20
2,0,2,0,Martin,2021-11-21
9,0,9,0,Martin,2021-11-22
3,0,3,0,Martin,2021-11-23
6,0,6,0,Martin,2021-11-24
2,0,2,0,Martin,2021-11-25
3,0,3,0,Martin,2021-11-26
5,0,5,0,Martin,2021-11-27
2,0,2,0,Martin,2021-11-28
15,2,13,0,Martin,2021-11-29
5,0,5,0,Martin,2021-11-30
1,0,1,0,Martin,2021-12-01
4,0,4,0,Martin,2021-12-02
3,0,3,0,Martin,2021-12-04
1,0,1,0,Martin,2021-12-05
8,0,8,0,Martin,2021-12-06
7,1,6,0,Martin,2021-12-07
1,1,0,0,Martin,2021-12-09
3,0,3,0,Martin,2021-12-10
1,0,1,0,Martin,2021-12-12
7,1,6,0,Martin,2021-12-13
3,1,2,0,Martin,2021-12-14
2,1,1,0,Martin,2021-12-15
5,0,5,0,Martin,2021-12-16
3,0,3,0,Martin,2021-12-17
1,1,0,0,Martin,2021-12-18
3,0,3,0,Martin,2021-12-19
11,3,8,0,Martin,2021-12-20
5,2,3,0,Martin,2021-12-21
10,0,10,0,Martin,2021-12-22
3,0,3,0,Martin,2021-12-23
0,0,0,0,Martin,2021-12-24
0,0,0,0,Martin,2021-12-25
2,1,1,0,Martin,2021-12-26
16,5,11,0,Martin,2021-12-27
53,5,48,0,Martin,2021-12-29
57,8,49,0,Martin,2021-12-30
16,0,16,0,Martin,2021-12-31
10,3,7,0,Martin,2022-01-01
74,5,69,0,Martin,2022-01-03
105,9,96,0,Martin,2022-01-04
78,8,70,0,Martin,2022-01-05
54,5,49,0,Martin,2022-01-07
44,9,35,0,Martin,2022-01-08
20,6,14,0,Martin,2022-01-09
112,12,100,0,Martin,2022-01-10
127,8,119,0,Martin,2022-01-11
92,5,87,0,Martin,2022-01-13
94,23,71,0,Martin,2022-01-14
14,10,4,0,Martin,2022-01-16
95,23,72,0,Martin,2022-01-17
111,6,105,0,Martin,2022-01-19
4,0,4,0,Martin,2022-01-21
2,1,1,0,Martin,2022-01-22
16,3,13,0,Martin,2022-01-23
46,13,33,0,Martin,2022-01-25
34,2,32,0,Martin,2022-01-28
2,0,2,0,Martin,2022-01-29
41,2,39,0,Martin,2022-01-31
45,4,41,0,Martin,2022-02-01
21,1,20,0,Martin,2022-02-02
12,0,12,0,Martin,2022-02-04
1,0,1,0,Martin,2022-02-06
19,1,18,0,Martin,2022-02-07
14,1,13,0,Martin,2022-02-08
8,1,7,0,Martin,2022-02-09
10,1,9,0,Martin,2022-02-10
13,1,12,0,Martin,2022-02-11
9,2,7,0,Martin,2022-02-14
4,0,4,0,Martin,2022-02-15
0,0,0,0,Martin,2022-02-17
4,0,4,0,Martin,2022-02-18
3,1,2,0,Martin,2022-02-19
1,0,1,0,Martin,2022-02-20
10,1,9,0,Martin,2022-02-21
3,0,3,0,Martin,2022-02-22
2,0,2,0,Martin,2022-02-23
2,0,2,0,Martin,2022-02-24
4,0,4,0,Martin,2022-03-01
1,0,1,0,Martin,2022-03-02
1,0,1,0,Martin,2022-03-03
1,0,1,0,Martin,2022-03-04
1,0,1,0,Martin,2022-03-05
0,0,0,0,Martin,2022-03-06
2,0,2,0,Martin,2022-03-07
0,0,0,0,Martin,2022-03-08
1,0,1,0,Martin,2022-03-09
1,0,1,0,Martin,2022-03-11
0,0,0,0,Martin,2022-03-12
0,0,0,0,Martin,2022-03-13
0,0,0,0,Martin,2022-03-14
0,0,0,0,Martin,2022-03-15
1,0,1,0,Martin,2022-03-16
0,0,0,0,Martin,2022-03-17
0,0,0,0,Martin,2022-03-18
0,0,0,0,Martin,2022-03-19
0,0,0,0,Martin,2022-03-20
0,0,0,0,Martin,2022-03-21
0,0,0,0,Martin,2022-03-22
1,0,1,0,Martin,2022-03-23
0,0,0,0,Martin,2022-03-24
0,0,0,0,Martin,2022-03-25
0,0,0,0,Martin,2022-03-26
0,0,0,0,Martin,2022-03-27
0,0,0,0,Martin,2022-03-28
0,0,0,0,Martin,2022-03-29
0,0,0,0,Martin,2022-03-30
0,0,0,0,Martin,2022-03-31
1,0,1,0,Martin,2022-04-01
0,0,0,0,Martin,2022-04-02
0,0,0,0,Martin,2022-04-03
0,0,0,0,Martin,2022-04-04
0,0,0,0,Martin,2022-04-05
2,1,1,0,Martin,2022-04-06
1,0,1,0,Martin,2022-04-07
0,0,0,0,Martin,2022-04-08
1,1,0,0,Martin,2022-04-09
0,0,0,0,Martin,2022-04-10
0,0,0,0,Martin,2022-04-11
1,1,0,0,Martin,2022-04-12
1,0,1,0,Martin,2022-04-13
0,0,0,0,Martin,2022-04-14
0,0,0,0,Martin,2022-04-15
0,0,0,0,Martin,2022-04-16
0,0,0,0,Martin,2022-04-17
0,0,0,0,Martin,2022-04-18
0,0,0,0,Martin,2022-04-19
2,1,1,0,Martin,2022-04-20
2,1,1,0,Martin,2022-04-21
2,0,2,0,Martin,2022-04-22
0,0,0,0,Martin,2022-04-23
13,5,8,0,McDowell,2021-10-26
4,0,4,0,McDowell,2021-10-28
5,1,4,0,McDowell,2021-10-29
4,1,3,0,McDowell,2021-11-01
4,1,3,0,McDowell,2021-11-03
3,0,3,0,McDowell,2021-11-04
7,1,6,0,McDowell,2021-11-05
4,0,4,0,McDowell,2021-11-06
15,1,14,0,McDowell,2021-11-08
6,0,6,0,McDowell,2021-11-09
5,1,4,0,McDowell,2021-11-10
6,1,5,0,McDowell,2021-11-11
4,1,3,0,McDowell,2021-11-13
6,1,5,0,McDowell,2021-11-14
19,9,10,0,McDowell,2021-11-16
5,1,4,0,McDowell,2021-11-17
6,2,4,0,McDowell,2021-11-20
11,3,8,0,McDowell,2021-11-22
4,0,4,0,McDowell,2021-11-23
2,0,2,0,McDowell,2021-11-24
1,0,1,0,McDowell,2021-11-25
6,1,5,0,McDowell,2021-11-26
5,1,4,0,McDowell,2021-11-27
9,1,8,0,McDowell,2021-11-28
9,1,8,0,McDowell,2021-11-29
12,5,7,0,McDowell,2021-11-30
10,6,4,0,McDowell,2021-12-01
12,1,11,0,McDowell,2021-12-02
13,4,9,0,McDowell,2021-12-04
10,1,9,0,McDowell,2021-12-05
8,1,7,0,McDowell,2021-12-07
13,3,10,0,McDowell,2021-12-08
17,3,14,0,McDowell,2021-12-09
7,0,7,0,McDowell,2021-12-10
11,3,8,0,McDowell,2021-12-11
9,2,7,0,McDowell,2021-12-12
32,6,26,0,McDowell,2021-12-13
29,7,22,0,McDowell,2021-12-16
14,9,5,0,McDowell,2021-12-17
10,6,4,0,McDowell,2021-12-19
32,7,25,0,McDowell,2021-12-21
29,6,23,0,McDowell,2021-12-22
16,5,11,0,McDowell,2021-12-23
17,3,14,0,McDowell,2021-12-24
3,0,3,0,McDowell,2021-12-25
13,1,12,0,McDowell,2021-12-26
73,16,57,0,McDowell,2021-12-27
58,9,49,0,McDowell,2021-12-28
69,17,52,0,McDowell,2021-12-29
69,13,56,0,McDowell,2021-12-30
45,8,37,0,McDowell,2021-12-31
38,6,32,0,McDowell,2022-01-02
110,30,80,0,McDowell,2022-01-04
110,25,85,0,McDowell,2022-01-05
98,32,66,0,McDowell,2022-01-06
102,30,72,0,McDowell,2022-01-07
51,14,37,0,McDowell,2022-01-08
162,33,129,0,McDowell,2022-01-10
121,40,81,0,McDowell,2022-01-14
41,8,33,0,McDowell,2022-01-17
171,64,107,0,McDowell,2022-01-19
111,54,57,0,McDowell,2022-01-21
56,16,40,0,McDowell,2022-01-22
120,35,85,0,McDowell,2022-01-26
108,30,78,0,McDowell,2022-01-27
125,45,80,0,McDowell,2022-01-28
56,26,30,0,McDowell,2022-01-29
41,16,25,0,McDowell,2022-01-30
104,43,61,0,McDowell,2022-01-31
42,21,21,0,McDowell,2022-02-05
36,16,20,0,McDowell,2022-02-09
21,9,12,0,McDowell,2022-02-12
19,6,13,0,McDowell,2022-02-13
41,15,26,0,McDowell,2022-02-15
32,15,17,0,McDowell,2022-02-17
28,4,24,0,McDowell,2022-02-18
6,2,4,0,McDowell,2022-02-19
13,1,12,0,McDowell,2022-02-20
17,4,13,0,McDowell,2022-02-22
15,3,12,0,McDowell,2022-02-23
6,1,5,0,McDowell,2022-02-25
3,2,1,0,McDowell,2022-02-26
7,1,6,0,McDowell,2022-02-27
10,1,9,0,McDowell,2022-02-28
12,1,11,0,McDowell,2022-03-01
6,1,5,0,McDowell,2022-03-02
4,0,4,0,McDowell,2022-03-04
5,2,3,0,McDowell,2022-03-05
6,1,5,0,McDowell,2022-03-07
3,1,2,0,McDowell,2022-03-09
4,3,1,0,McDowell,2022-03-10
2,0,2,0,McDowell,2022-03-11
0,0,0,0,McDowell,2022-03-12
1,1,0,0,McDowell,2022-03-13
2,0,2,0,McDowell,2022-03-14
3,0,3,0,McDowell,2022-03-15
5,1,4,0,McDowell,2022-03-16
1,1,0,0,McDowell,2022-03-17
1,0,1,0,McDowell,2022-03-18
0,0,0,0,McDowell,2022-03-19
1,1,0,0,McDowell,2022-03-20
2,1,1,0,McDowell,2022-03-21
0,0,0,0,McDowell,2022-03-22
0,0,0,0,McDowell,2022-03-23
0,0,0,0,McDowell,2022-03-24
2,0,2,0,McDowell,2022-03-25
0,0,0,0,McDowell,2022-03-26
0,0,0,0,McDowell,2022-03-27
1,0,1,0,McDowell,2022-03-30
0,0,0,0,McDowell,2022-03-31
5,0,5,0,McDowell,2022-04-01
2,0,2,0,McDowell,2022-04-02
0,0,0,0,McDowell,2022-04-03
3,2,1,0,McDowell,2022-04-04
1,0,1,0,McDowell,2022-04-05
2,2,0,0,McDowell,2022-04-06
4,0,4,0,McDowell,2022-04-07
2,0,2,0,McDowell,2022-04-09
1,0,1,0,McDowell,2022-04-10
2,0,2,0,McDowell,2022-04-12
2,0,2,0,McDowell,2022-04-13
4,2,2,0,McDowell,2022-04-14
0,0,0,0,McDowell,2022-04-15
1,0,1,0,McDowell,2022-04-16
0,0,0,0,McDowell,2022-04-17
4,1,3,0,McDowell,2022-04-18
8,1,7,0,McDowell,2022-04-20
3,1,2,0,McDowell,2022-04-21
4,1,3,0,McDowell,2022-04-22
2,1,1,0,McDowell,2022-04-23
123,21,102,0,Mecklenburg,2021-10-30
157,20,137,0,Mecklenburg,2021-11-03
162,20,142,0,Mecklenburg,2021-11-04
157,42,115,0,Mecklenburg,2021-11-07
205,39,166,0,Mecklenburg,2021-11-08
129,19,110,0,Mecklenburg,2021-11-13
105,7,98,0,Mecklenburg,2021-11-14
211,33,178,0,Mecklenburg,2021-11-17
204,21,183,0,Mecklenburg,2021-11-19
133,22,111,0,Mecklenburg,2021-11-20
246,43,203,0,Mecklenburg,2021-11-22
228,34,194,0,Mecklenburg,2021-11-23
365,59,306,0,Mecklenburg,2021-12-07
292,38,254,0,Mecklenburg,2021-12-10
352,73,279,0,Mecklenburg,2021-12-13
397,69,328,0,Mecklenburg,2022-02-11
237,42,195,0,Mecklenburg,2022-02-17
139,27,112,0,Mecklenburg,2022-02-19
135,29,106,0,Mecklenburg,2022-02-24
57,14,43,0,Mecklenburg,2022-02-26
66,11,55,0,Mecklenburg,2022-02-27
95,24,71,0,Mecklenburg,2022-03-02
82,15,67,0,Mecklenburg,2022-03-03
67,11,56,0,Mecklenburg,2022-03-04
47,6,41,0,Mecklenburg,2022-03-05
40,6,34,0,Mecklenburg,2022-03-06
65,12,53,0,Mecklenburg,2022-03-08
53,13,40,0,Mecklenburg,2022-03-09
52,7,45,0,Mecklenburg,2022-03-10
53,8,45,0,Mecklenburg,2022-03-11
27,8,19,0,Mecklenburg,2022-03-12
20,5,15,0,Mecklenburg,2022-03-13
52,9,43,0,Mecklenburg,2022-03-14
52,9,43,0,Mecklenburg,2022-03-15
49,10,39,0,Mecklenburg,2022-03-16
49,17,32,0,Mecklenburg,2022-03-17
36,7,29,0,Mecklenburg,2022-03-18
29,4,25,0,Mecklenburg,2022-03-19
51,9,42,0,Mecklenburg,2022-03-22
65,18,47,0,Mecklenburg,2022-03-23
46,11,35,0,Mecklenburg,2022-03-24
53,11,42,0,Mecklenburg,2022-03-25
39,5,34,0,Mecklenburg,2022-03-27
69,14,55,0,Mecklenburg,2022-03-30
69,17,52,0,Mecklenburg,2022-03-31
61,10,51,0,Mecklenburg,2022-04-01
41,9,32,0,Mecklenburg,2022-04-02
92,24,68,0,Mecklenburg,2022-04-04
104,17,87,0,Mecklenburg,2022-04-05
107,19,88,0,Mecklenburg,2022-04-06
127,17,110,0,Mecklenburg,2022-04-07
45,4,41,0,Mecklenburg,2022-04-09
150,21,129,0,Mecklenburg,2022-04-11
156,25,131,0,Mecklenburg,2022-04-12
188,35,153,0,Mecklenburg,2022-04-13
180,21,159,0,Mecklenburg,2022-04-14
114,19,95,0,Mecklenburg,2022-04-16
69,3,66,0,Mecklenburg,2022-04-17
218,30,188,0,Mecklenburg,2022-04-20
239,35,204,0,Mecklenburg,2022-04-21
158,24,134,0,Mecklenburg,2022-04-22
115,27,88,0,Mecklenburg,2022-04-23
11,1,10,0,Mitchell,2021-10-26
0,0,0,0,Mitchell,2021-10-27
3,0,3,0,Mitchell,2021-10-28
2,0,2,0,Mitchell,2021-10-29
0,0,0,0,Mitchell,2021-10-30
2,1,1,0,Mitchell,2021-10-31
5,0,5,0,Mitchell,2021-11-01
7,0,7,0,Mitchell,2021-11-02
6,4,2,0,Mitchell,2021-11-03
2,1,1,0,Mitchell,2021-11-04
10,1,9,0,Mitchell,2021-11-05
0,0,0,0,Mitchell,2021-11-06
8,1,7,0,Mitchell,2021-11-08
5,3,2,0,Mitchell,2021-11-09
6,3,3,0,Mitchell,2021-11-10
1,0,1,0,Mitchell,2021-11-11
3,1,2,0,Mitchell,2021-11-12
3,2,1,0,Mitchell,2021-11-13
0,0,0,0,Mitchell,2021-11-14
10,4,6,0,Mitchell,2021-11-15
3,2,1,0,Mitchell,2021-11-16
4,1,3,0,Mitchell,2021-11-17
3,1,2,0,Mitchell,2021-11-18
0,0,0,0,Mitchell,2021-11-20
4,1,3,0,Mitchell,2021-11-21
6,1,5,0,Mitchell,2021-11-23
3,1,2,0,Mitchell,2021-11-24
1,1,0,0,Mitchell,2021-11-25
3,3,0,0,Mitchell,2021-11-27
1,0,1,0,Mitchell,2021-11-28
18,8,10,0,Mitchell,2021-11-29
10,1,9,0,Mitchell,2021-11-30
5,3,2,0,Mitchell,2021-12-02
10,1,9,0,Mitchell,2021-12-03
2,1,1,0,Mitchell,2021-12-04
0,0,0,0,Mitchell,2021-12-05
17,7,10,0,Mitchell,2021-12-06
6,0,6,0,Mitchell,2021-12-07
12,8,4,0,Mitchell,2021-12-08
4,2,2,0,Mitchell,2021-12-09
12,5,7,0,Mitchell,2021-12-10
2,1,1,0,Mitchell,2021-12-12
6,1,5,0,Mitchell,2021-12-13
8,7,1,0,Mitchell,2021-12-16
11,8,3,0,Mitchell,2021-12-17
7,2,5,0,Mitchell,2021-12-18
2,1,1,0,Mitchell,2021-12-19
13,4,9,0,Mitchell,2021-12-20
6,2,4,0,Mitchell,2021-12-21
7,4,3,0,Mitchell,2021-12-22
13,8,5,0,Mitchell,2021-12-23
4,1,3,0,Mitchell,2021-12-24
1,0,1,0,Mitchell,2021-12-25
34,23,11,0,Mitchell,2021-12-27
23,5,18,0,Mitchell,2021-12-28
27,11,16,0,Mitchell,2021-12-29
9,2,7,0,Mitchell,2021-12-31
9,3,6,0,Mitchell,2022-01-01
5,2,3,0,Mitchell,2022-01-02
45,10,35,0,Mitchell,2022-01-04
34,10,24,0,Mitchell,2022-01-05
36,10,26,0,Mitchell,2022-01-06
15,6,9,0,Mitchell,2022-01-07
21,1,20,0,Mitchell,2022-01-08
8,1,7,0,Mitchell,2022-01-09
53,8,45,0,Mitchell,2022-01-10
29,1,28,0,Mitchell,2022-01-12
40,6,34,0,Mitchell,2022-01-14
20,6,14,0,Mitchell,2022-01-15
6,4,2,0,Mitchell,2022-01-16
6,5,1,0,Mitchell,2022-01-17
21,6,15,0,Mitchell,2022-01-18
19,2,17,0,Mitchell,2022-01-20
25,3,22,0,Mitchell,2022-01-21
5,1,4,0,Mitchell,2022-01-23
53,15,38,0,Mitchell,2022-01-24
26,11,15,0,Mitchell,2022-01-25
15,2,13,0,Mitchell,2022-01-26
18,7,11,0,Mitchell,2022-01-27
6,5,1,0,Mitchell,2022-01-29
23,10,13,0,Mitchell,2022-01-31
30,15,15,0,Mitchell,2022-02-01
19,9,10,0,Mitchell,2022-02-03
22,2,20,0,Mitchell,2022-02-04
4,2,2,0,Mitchell,2022-02-05
3,1,2,0,Mitchell,2022-02-06
23,3,20,0,Mitchell,2022-02-07
22,6,16,0,Mitchell,2022-02-08
7,1,6,0,Mitchell,2022-02-09
11,5,6,0,Mitchell,2022-02-10
6,1,5,0,Mitchell,2022-02-11
5,3,2,0,Mitchell,2022-02-12
9,8,1,0,Mitchell,2022-02-13
10,5,5,0,Mitchell,2022-02-14
8,6,2,0,Mitchell,2022-02-15
10,6,4,0,Mitchell,2022-02-16
0,0,0,0,Mitchell,2022-02-17
1,0,1,0,Mitchell,2022-02-19
1,0,1,0,Mitchell,2022-02-20
11,3,8,0,Mitchell,2022-02-21
4,1,3,0,Mitchell,2022-02-22
3,2,1,0,Mitchell,2022-02-23
5,1,4,0,Mitchell,2022-02-25
3,1,2,0,Mitchell,2022-02-26
0,0,0,0,Mitchell,2022-02-27
3,1,2,0,Mitchell,2022-02-28
3,1,2,0,Mitchell,2022-03-01
3,2,1,0,Mitchell,2022-03-02
0,0,0,0,Mitchell,2022-03-03
1,1,0,0,Mitchell,2022-03-04
0,0,0,0,Mitchell,2022-03-05
0,0,0,0,Mitchell,2022-03-06
1,0,1,0,Mitchell,2022-03-07
1,0,1,0,Mitchell,2022-03-08
1,0,1,0,Mitchell,2022-03-09
0,0,0,0,Mitchell,2022-03-10
1,1,0,0,Mitchell,2022-03-11
0,0,0,0,Mitchell,2022-03-12
1,1,0,0,Mitchell,2022-03-13
0,0,0,0,Mitchell,2022-03-14
1,1,0,0,Mitchell,2022-03-15
0,0,0,0,Mitchell,2022-03-16
1,0,1,0,Mitchell,2022-03-17
0,0,0,0,Mitchell,2022-03-18
1,0,1,0,Mitchell,2022-03-19
1,1,0,0,Mitchell,2022-03-20
0,0,0,0,Mitchell,2022-03-21
0,0,0,0,Mitchell,2022-03-22
0,0,0,0,Mitchell,2022-03-23
2,1,1,0,Mitchell,2022-03-24
1,0,1,0,Mitchell,2022-03-25
0,0,0,0,Mitchell,2022-03-26
0,0,0,0,Mitchell,2022-03-27
0,0,0,0,Mitchell,2022-03-28
1,0,1,0,Mitchell,2022-03-29
5,1,4,0,Mitchell,2022-03-30
2,1,1,0,Mitchell,2022-03-31
0,0,0,0,Mitchell,2022-04-01
0,0,0,0,Mitchell,2022-04-02
0,0,0,0,Mitchell,2022-04-03
0,0,0,0,Mitchell,2022-04-04
0,0,0,0,Mitchell,2022-04-05
0,0,0,0,Mitchell,2022-04-06
0,0,0,0,Mitchell,2022-04-07
1,1,0,0,Mitchell,2022-04-08
0,0,0,0,Mitchell,2022-04-09
0,0,0,0,Mitchell,2022-04-10
0,0,0,0,Mitchell,2022-04-11
0,0,0,0,Mitchell,2022-04-12
1,1,0,0,Mitchell,2022-04-13
0,0,0,0,Mitchell,2022-04-14
1,0,1,0,Mitchell,2022-04-15
0,0,0,0,Mitchell,2022-04-16
0,0,0,0,Mitchell,2022-04-17
0,0,0,0,Mitchell,2022-04-18
0,0,0,0,Mitchell,2022-04-19
1,0,1,0,Mitchell,2022-04-20
2,0,2,0,Mitchell,2022-04-22
0,0,0,0,Mitchell,2022-04-23
3,1,2,0,Montgomery,2021-10-26
6,0,6,0,Montgomery,2021-10-27
8,1,7,0,Montgomery,2021-10-28
6,0,6,0,Montgomery,2021-10-29
1,0,1,0,Montgomery,2021-10-30
3,0,3,0,Montgomery,2021-10-31
6,0,6,0,Montgomery,2021-11-01
3,0,3,0,Montgomery,2021-11-03
13,2,11,0,Montgomery,2021-11-04
2,0,2,0,Montgomery,2021-11-05
1,0,1,0,Montgomery,2021-11-06
3,0,3,0,Montgomery,2021-11-07
10,0,10,0,Montgomery,2021-11-08
4,1,3,0,Montgomery,2021-11-09
5,0,5,0,Montgomery,2021-11-10
6,1,5,0,Montgomery,2021-11-11
6,2,4,0,Montgomery,2021-11-12
2,0,2,0,Montgomery,2021-11-13
0,0,0,0,Montgomery,2021-11-14
3,0,3,0,Montgomery,2021-11-15
8,1,7,0,Montgomery,2021-11-16
5,1,4,0,Montgomery,2021-11-17
3,0,3,0,Montgomery,2021-11-18
7,1,6,0,Montgomery,2021-11-19
2,0,2,0,Montgomery,2021-11-20
1,0,1,0,Montgomery,2021-11-21
6,1,5,0,Montgomery,2021-11-23
0,0,0,0,Montgomery,2021-11-24
1,0,1,0,Montgomery,2021-11-25
5,1,4,0,Montgomery,2021-11-26
2,1,1,0,Montgomery,2021-11-27
2,0,2,0,Montgomery,2021-11-28
6,1,5,0,Montgomery,2021-11-29
6,0,6,0,Montgomery,2021-11-30
6,2,4,0,Montgomery,2021-12-01
10,1,9,0,Montgomery,2021-12-02
5,0,5,0,Montgomery,2021-12-04
3,0,3,0,Montgomery,2021-12-05
12,1,11,0,Montgomery,2021-12-06
6,1,5,0,Montgomery,2021-12-07
4,0,4,0,Montgomery,2021-12-09
6,0,6,0,Montgomery,2021-12-10
3,0,3,0,Montgomery,2021-12-12
9,1,8,0,Montgomery,2021-12-13
10,0,10,0,Montgomery,2021-12-15
13,2,11,0,Montgomery,2021-12-16
5,0,5,0,Montgomery,2021-12-17
3,0,3,0,Montgomery,2021-12-18
2,1,1,0,Montgomery,2021-12-19
9,0,9,0,Montgomery,2021-12-20
13,3,10,0,Montgomery,2021-12-21
13,0,13,0,Montgomery,2021-12-22
10,2,8,0,Montgomery,2021-12-23
9,1,8,0,Montgomery,2021-12-24
1,0,1,0,Montgomery,2021-12-25
3,0,3,0,Montgomery,2021-12-26
25,5,20,0,Montgomery,2021-12-27
30,2,28,0,Montgomery,2021-12-28
32,2,30,0,Montgomery,2021-12-29
28,6,22,0,Montgomery,2021-12-31
9,0,9,0,Montgomery,2022-01-01
20,2,18,0,Montgomery,2022-01-02
53,11,42,0,Montgomery,2022-01-03
83,9,74,0,Montgomery,2022-01-04
78,14,64,0,Montgomery,2022-01-05
87,10,77,0,Montgomery,2022-01-06
139,17,122,0,Montgomery,2022-01-10
143,11,132,0,Montgomery,2022-01-11
133,15,118,0,Montgomery,2022-01-12
98,12,86,0,Montgomery,2022-01-14
2,0,2,0,Montgomery,2022-01-16
61,17,44,0,Montgomery,2022-01-17
144,17,127,0,Montgomery,2022-01-18
71,13,58,0,Montgomery,2022-01-20
55,12,43,0,Montgomery,2022-01-21
17,3,14,0,Montgomery,2022-01-22
17,3,14,0,Montgomery,2022-01-23
87,11,76,0,Montgomery,2022-01-24
58,11,47,0,Montgomery,2022-01-25
56,3,53,0,Montgomery,2022-01-26
43,11,32,0,Montgomery,2022-01-27
34,6,28,0,Montgomery,2022-01-28
37,5,32,0,Montgomery,2022-01-31
21,2,19,0,Montgomery,2022-02-01
12,2,10,0,Montgomery,2022-02-04
16,1,15,0,Montgomery,2022-02-08
14,1,13,0,Montgomery,2022-02-09
13,3,10,0,Montgomery,2022-02-10
16,1,15,0,Montgomery,2022-02-11
5,1,4,0,Montgomery,2022-02-13
8,0,8,0,Montgomery,2022-02-15
10,1,9,0,Montgomery,2022-02-16
7,1,6,0,Montgomery,2022-02-17
11,1,10,0,Montgomery,2022-02-18
2,0,2,0,Montgomery,2022-02-20
5,1,4,0,Montgomery,2022-02-21
7,3,4,0,Montgomery,2022-02-22
5,1,4,0,Montgomery,2022-02-23
4,1,3,0,Montgomery,2022-02-24
4,2,2,0,Montgomery,2022-02-25
0,0,0,0,Montgomery,2022-02-26
0,0,0,0,Montgomery,2022-02-27
2,1,1,0,Montgomery,2022-02-28
2,0,2,0,Montgomery,2022-03-01
1,0,1,0,Montgomery,2022-03-02
2,1,1,0,Montgomery,2022-03-03
2,0,2,0,Montgomery,2022-03-04
0,0,0,0,Montgomery,2022-03-05
0,0,0,0,Montgomery,2022-03-06
4,2,2,0,Montgomery,2022-03-07
1,0,1,0,Montgomery,2022-03-08
2,0,2,0,Montgomery,2022-03-09
0,0,0,0,Montgomery,2022-03-10
2,0,2,0,Montgomery,2022-03-11
0,0,0,0,Montgomery,2022-03-12
0,0,0,0,Montgomery,2022-03-13
1,1,0,0,Montgomery,2022-03-14
0,0,0,0,Montgomery,2022-03-15
0,0,0,0,Montgomery,2022-03-16
1,0,1,0,Montgomery,2022-03-17
0,0,0,0,Montgomery,2022-03-18
0,0,0,0,Montgomery,2022-03-19
0,0,0,0,Montgomery,2022-03-20
0,0,0,0,Montgomery,2022-03-21
1,0,1,0,Montgomery,2022-03-22
1,0,1,0,Montgomery,2022-03-23
0,0,0,0,Montgomery,2022-03-24
1,1,0,0,Montgomery,2022-03-25
1,0,1,0,Montgomery,2022-03-26
1,0,1,0,Montgomery,2022-03-27
0,0,0,0,Montgomery,2022-03-28
0,0,0,0,Montgomery,2022-03-30
0,0,0,0,Montgomery,2022-03-31
0,0,0,0,Montgomery,2022-04-01
0,0,0,0,Montgomery,2022-04-02
0,0,0,0,Montgomery,2022-04-03
0,0,0,0,Montgomery,2022-04-04
1,0,1,0,Montgomery,2022-04-05
0,0,0,0,Montgomery,2022-04-06
0,0,0,0,Montgomery,2022-04-07
0,0,0,0,Montgomery,2022-04-08
0,0,0,0,Montgomery,2022-04-09
0,0,0,0,Montgomery,2022-04-10
1,1,0,0,Montgomery,2022-04-11
1,0,1,0,Montgomery,2022-04-12
0,0,0,0,Montgomery,2022-04-13
0,0,0,0,Montgomery,2022-04-14
0,0,0,0,Montgomery,2022-04-15
0,0,0,0,Montgomery,2022-04-16
0,0,0,0,Montgomery,2022-04-17
0,0,0,0,Montgomery,2022-04-18
1,1,0,0,Montgomery,2022-04-20
0,0,0,0,Montgomery,2022-04-21
0,0,0,0,Montgomery,2022-04-22
0,0,0,0,Montgomery,2022-04-23
23,1,22,0,Moore,2021-10-26
13,1,12,0,Moore,2021-10-28
17,0,17,0,Moore,2021-10-29
8,0,8,0,Moore,2021-10-30
4,0,4,0,Moore,2021-10-31
24,3,21,0,Moore,2021-11-01
11,1,10,0,Moore,2021-11-02
13,0,13,0,Moore,2021-11-03
4,1,3,0,Moore,2021-11-05
3,0,3,0,Moore,2021-11-06
6,2,4,0,Moore,2021-11-07
19,2,17,0,Moore,2021-11-08
5,0,5,0,Moore,2021-11-11
16,2,14,0,Moore,2021-11-12
3,0,3,0,Moore,2021-11-13
8,0,8,0,Moore,2021-11-14
11,2,9,0,Moore,2021-11-16
17,3,14,0,Moore,2021-11-17
16,0,16,0,Moore,2021-11-18
19,1,18,0,Moore,2021-11-19
4,0,4,0,Moore,2021-11-20
3,0,3,0,Moore,2021-11-21
16,0,16,0,Moore,2021-11-22
11,2,9,0,Moore,2021-11-23
20,4,16,0,Moore,2021-11-24
4,0,4,0,Moore,2021-11-25
16,1,15,0,Moore,2021-11-26
7,0,7,0,Moore,2021-11-28
25,1,24,0,Moore,2021-11-29
29,3,26,0,Moore,2021-11-30
26,0,26,0,Moore,2021-12-01
31,3,28,0,Moore,2021-12-02
19,0,19,0,Moore,2021-12-03
17,0,17,0,Moore,2021-12-04
50,5,45,0,Moore,2021-12-06
34,1,33,0,Moore,2021-12-07
24,2,22,0,Moore,2021-12-10
22,0,22,0,Moore,2021-12-11
20,0,20,0,Moore,2021-12-12
32,6,26,0,Moore,2021-12-16
28,2,26,0,Moore,2021-12-17
28,2,26,0,Moore,2021-12-19
49,5,44,0,Moore,2021-12-20
75,13,62,0,Moore,2021-12-21
55,7,48,0,Moore,2021-12-23
40,1,39,0,Moore,2021-12-24
12,1,11,0,Moore,2021-12-25
100,7,93,0,Moore,2021-12-27
204,30,174,0,Moore,2021-12-29
178,23,155,0,Moore,2021-12-30
110,13,97,0,Moore,2021-12-31
80,12,68,0,Moore,2022-01-01
241,30,211,0,Moore,2022-01-03
268,15,253,0,Moore,2022-01-07
203,15,188,0,Moore,2022-01-08
416,41,375,0,Moore,2022-01-13
394,21,373,0,Moore,2022-01-14
206,20,186,0,Moore,2022-01-15
332,53,279,0,Moore,2022-01-17
168,33,135,0,Moore,2022-01-21
35,7,28,0,Moore,2022-01-22
104,10,94,0,Moore,2022-01-28
41,6,35,0,Moore,2022-01-29
152,24,128,0,Moore,2022-01-31
22,4,18,0,Moore,2022-02-05
27,6,21,0,Moore,2022-02-13
32,4,28,0,Moore,2022-02-16
40,5,35,0,Moore,2022-02-17
20,6,14,0,Moore,2022-02-20
34,7,27,0,Moore,2022-02-21
31,5,26,0,Moore,2022-02-22
9,2,7,0,Moore,2022-02-25
7,3,4,0,Moore,2022-02-26
8,4,4,0,Moore,2022-02-27
17,3,14,0,Moore,2022-02-28
7,1,6,0,Moore,2022-03-02
10,1,9,0,Moore,2022-03-04
8,1,7,0,Moore,2022-03-07
4,1,3,0,Moore,2022-03-08
3,1,2,0,Moore,2022-03-10
0,0,0,0,Moore,2022-03-12
3,1,2,0,Moore,2022-03-13
8,0,8,0,Moore,2022-03-14
6,0,6,0,Moore,2022-03-15
5,0,5,0,Moore,2022-03-16
3,0,3,0,Moore,2022-03-17
3,0,3,0,Moore,2022-03-18
1,0,1,0,Moore,2022-03-19
0,0,0,0,Moore,2022-03-20
2,0,2,0,Moore,2022-03-21
3,1,2,0,Moore,2022-03-22
1,0,1,0,Moore,2022-03-23
1,0,1,0,Moore,2022-03-24
1,0,1,0,Moore,2022-03-25
2,2,0,0,Moore,2022-03-26
2,1,1,0,Moore,2022-03-27
3,1,2,0,Moore,2022-03-28
0,0,0,0,Moore,2022-03-29
4,2,2,0,Moore,2022-03-30
3,1,2,0,Moore,2022-03-31
1,0,1,0,Moore,2022-04-01
1,1,0,0,Moore,2022-04-02
1,0,1,0,Moore,2022-04-03
3,1,2,0,Moore,2022-04-04
1,0,1,0,Moore,2022-04-05
4,2,2,0,Moore,2022-04-06
6,2,4,0,Moore,2022-04-07
2,1,1,0,Moore,2022-04-08
2,0,2,0,Moore,2022-04-09
1,0,1,0,Moore,2022-04-10
9,2,7,0,Moore,2022-04-11
5,2,3,0,Moore,2022-04-12
7,2,5,0,Moore,2022-04-13
10,5,5,0,Moore,2022-04-14
7,3,4,0,Moore,2022-04-15
11,2,9,0,Moore,2022-04-16
9,2,7,0,Moore,2022-04-18
14,7,7,0,Moore,2022-04-19
11,2,9,0,Moore,2022-04-20
8,1,7,0,Moore,2022-04-21
8,3,5,0,Moore,2022-04-22
13,7,6,0,Moore,2022-04-23
20,1,19,0,Nash,2021-10-26
13,3,10,0,Nash,2021-10-27
14,0,14,0,Nash,2021-10-29
3,1,2,0,Nash,2021-10-31
15,1,14,0,Nash,2021-11-01
16,1,15,0,Nash,2021-11-02
20,2,18,0,Nash,2021-11-03
14,3,11,0,Nash,2021-11-05
6,1,5,0,Nash,2021-11-06
4,1,3,0,Nash,2021-11-07
10,0,10,0,Nash,2021-11-08
14,3,11,0,Nash,2021-11-09
9,3,6,0,Nash,2021-11-10
12,6,6,0,Nash,2021-11-11
8,0,8,0,Nash,2021-11-13
3,0,3,0,Nash,2021-11-14
11,2,9,0,Nash,2021-11-17
26,4,22,0,Nash,2021-11-18
7,0,7,0,Nash,2021-11-19
2,0,2,0,Nash,2021-11-20
7,2,5,0,Nash,2021-11-21
26,2,24,0,Nash,2021-11-22
13,3,10,0,Nash,2021-11-23
1,1,0,0,Nash,2021-11-25
12,0,12,0,Nash,2021-11-28
41,5,36,0,Nash,2021-11-29
29,8,21,0,Nash,2021-11-30
22,3,19,0,Nash,2021-12-01
12,3,9,0,Nash,2021-12-02
23,2,21,0,Nash,2021-12-03
10,1,9,0,Nash,2021-12-05
25,5,20,0,Nash,2021-12-07
29,2,27,0,Nash,2021-12-09
11,0,11,0,Nash,2021-12-11
12,1,11,0,Nash,2021-12-12
40,3,37,0,Nash,2021-12-13
29,4,25,0,Nash,2021-12-14
38,3,35,0,Nash,2021-12-16
62,0,62,0,Nash,2021-12-20
59,4,55,0,Nash,2021-12-21
66,13,53,0,Nash,2021-12-22
43,10,33,0,Nash,2021-12-24
29,5,24,0,Nash,2021-12-25
60,8,52,0,Nash,2021-12-26
294,39,255,0,Nash,2021-12-29
394,56,338,0,Nash,2021-12-30
65,7,58,0,Nash,2022-01-01
123,8,115,0,Nash,2022-01-02
474,38,436,0,Nash,2022-01-05
102,13,89,0,Nash,2022-01-08
379,28,351,0,Nash,2022-01-11
366,34,332,0,Nash,2022-01-13
316,22,294,0,Nash,2022-01-14
267,34,233,0,Nash,2022-01-17
276,28,248,0,Nash,2022-01-20
31,1,30,0,Nash,2022-01-22
124,12,112,0,Nash,2022-01-27
98,13,85,0,Nash,2022-02-01
77,17,60,0,Nash,2022-02-03
68,14,54,0,Nash,2022-02-04
33,12,21,0,Nash,2022-02-06
73,10,63,0,Nash,2022-02-07
51,9,42,0,Nash,2022-02-09
10,2,8,0,Nash,2022-02-13
32,10,22,0,Nash,2022-02-14
13,5,8,0,Nash,2022-02-18
21,2,19,0,Nash,2022-02-21
13,1,12,0,Nash,2022-02-22
18,1,17,0,Nash,2022-02-24
15,1,14,0,Nash,2022-02-25
6,2,4,0,Nash,2022-02-27
11,4,7,0,Nash,2022-02-28
6,2,4,0,Nash,2022-03-01
6,4,2,0,Nash,2022-03-02
8,2,6,0,Nash,2022-03-03
4,0,4,0,Nash,2022-03-04
7,0,7,0,Nash,2022-03-05
5,0,5,0,Nash,2022-03-07
6,0,6,0,Nash,2022-03-08
4,0,4,0,Nash,2022-03-09
3,1,2,0,Nash,2022-03-11
1,0,1,0,Nash,2022-03-12
3,0,3,0,Nash,2022-03-13
3,0,3,0,Nash,2022-03-15
3,0,3,0,Nash,2022-03-16
6,0,6,0,Nash,2022-03-17
2,0,2,0,Nash,2022-03-18
0,0,0,0,Nash,2022-03-19
1,0,1,0,Nash,2022-03-20
4,0,4,0,Nash,2022-03-21
6,0,6,0,Nash,2022-03-23
2,0,2,0,Nash,2022-03-25
0,0,0,0,Nash,2022-03-26
2,0,2,0,Nash,2022-03-27
3,1,2,0,Nash,2022-03-28
1,0,1,0,Nash,2022-03-29
1,0,1,0,Nash,2022-03-30
0,0,0,0,Nash,2022-03-31
1,0,1,0,Nash,2022-04-01
3,1,2,0,Nash,2022-04-02
0,0,0,0,Nash,2022-04-03
2,0,2,0,Nash,2022-04-04
2,0,2,0,Nash,2022-04-05
4,0,4,0,Nash,2022-04-06
3,0,3,0,Nash,2022-04-07
1,0,1,0,Nash,2022-04-08
2,0,2,0,Nash,2022-04-09
9,1,8,0,Nash,2022-04-11
7,0,7,0,Nash,2022-04-13
7,3,4,0,Nash,2022-04-14
5,2,3,0,Nash,2022-04-16
2,0,2,0,Nash,2022-04-17
5,1,4,0,Nash,2022-04-18
7,6,1,0,Nash,2022-04-19
13,2,11,0,Nash,2022-04-20
20,3,17,0,Nash,2022-04-21
6,1,5,0,Nash,2022-04-22
5,1,4,0,Nash,2022-04-23
22,4,18,0,New Hanover,2021-10-26
22,6,16,0,New Hanover,2021-10-29
7,1,6,0,New Hanover,2021-10-30
7,2,5,0,New Hanover,2021-10-31
16,6,10,0,New Hanover,2021-11-01
28,10,18,0,New Hanover,2021-11-02
14,1,13,0,New Hanover,2021-11-05
18,9,9,0,New Hanover,2021-11-09
21,6,15,0,New Hanover,2021-11-10
15,6,9,0,New Hanover,2021-11-11
14,5,9,0,New Hanover,2021-11-12
11,2,9,0,New Hanover,2021-11-13
9,3,6,0,New Hanover,2021-11-14
21,6,15,0,New Hanover,2021-11-15
25,13,12,0,New Hanover,2021-11-16
23,6,17,0,New Hanover,2021-11-19
23,9,14,0,New Hanover,2021-11-20
10,1,9,0,New Hanover,2021-11-21
43,13,30,0,New Hanover,2021-11-22
26,6,20,0,New Hanover,2021-11-23
36,15,21,0,New Hanover,2021-11-24
2,1,1,0,New Hanover,2021-11-25
21,4,17,0,New Hanover,2021-11-26
11,4,7,0,New Hanover,2021-11-27
22,9,13,0,New Hanover,2021-11-28
57,23,34,0,New Hanover,2021-11-30
47,10,37,0,New Hanover,2021-12-01
40,9,31,0,New Hanover,2021-12-02
44,11,33,0,New Hanover,2021-12-03
41,8,33,0,New Hanover,2021-12-04
19,9,10,0,New Hanover,2021-12-05
61,20,41,0,New Hanover,2021-12-06
51,11,40,0,New Hanover,2021-12-07
45,15,30,0,New Hanover,2021-12-09
33,8,25,0,New Hanover,2021-12-10
20,9,11,0,New Hanover,2021-12-12
49,10,39,0,New Hanover,2021-12-13
57,19,38,0,New Hanover,2021-12-15
68,14,54,0,New Hanover,2021-12-17
50,9,41,0,New Hanover,2021-12-18
37,10,27,0,New Hanover,2021-12-19
124,51,73,0,New Hanover,2021-12-20
153,33,120,0,New Hanover,2021-12-21
195,36,159,0,New Hanover,2021-12-22
200,53,147,0,New Hanover,2021-12-23
104,36,68,0,New Hanover,2021-12-24
104,20,84,0,New Hanover,2021-12-26
396,101,295,0,New Hanover,2021-12-27
472,95,377,0,New Hanover,2021-12-29
480,148,332,0,New Hanover,2021-12-30
192,59,133,0,New Hanover,2022-01-02
648,172,476,0,New Hanover,2022-01-03
718,245,473,0,New Hanover,2022-01-04
568,105,463,0,New Hanover,2022-01-07
682,129,553,0,New Hanover,2022-01-14
259,36,223,0,New Hanover,2022-01-16
766,145,621,0,New Hanover,2022-01-17
888,201,687,0,New Hanover,2022-01-19
257,69,188,0,New Hanover,2022-02-02
84,27,57,0,New Hanover,2022-02-11
69,17,52,0,New Hanover,2022-02-15
37,8,29,0,New Hanover,2022-02-18
38,12,26,0,New Hanover,2022-02-23
32,5,27,0,New Hanover,2022-02-24
12,3,9,0,New Hanover,2022-03-01
17,3,14,0,New Hanover,2022-03-02
10,0,10,0,New Hanover,2022-03-04
5,2,3,0,New Hanover,2022-03-06
14,4,10,0,New Hanover,2022-03-07
17,5,12,0,New Hanover,2022-03-09
6,3,3,0,New Hanover,2022-03-13
8,0,8,0,New Hanover,2022-03-14
11,3,8,0,New Hanover,2022-03-15
6,0,6,0,New Hanover,2022-03-16
3,1,2,0,New Hanover,2022-03-19
8,2,6,0,New Hanover,2022-03-20
6,1,5,0,New Hanover,2022-03-22
16,4,12,0,New Hanover,2022-03-23
8,3,5,0,New Hanover,2022-03-24
7,1,6,0,New Hanover,2022-03-25
0,0,0,0,New Hanover,2022-03-26
4,0,4,0,New Hanover,2022-03-27
5,1,4,0,New Hanover,2022-03-28
10,4,6,0,New Hanover,2022-03-30
8,5,3,0,New Hanover,2022-03-31
9,5,4,0,New Hanover,2022-04-01
6,0,6,0,New Hanover,2022-04-02
5,1,4,0,New Hanover,2022-04-03
17,6,11,0,New Hanover,2022-04-04
14,3,11,0,New Hanover,2022-04-05
11,4,7,0,New Hanover,2022-04-08
8,1,7,0,New Hanover,2022-04-09
6,2,4,0,New Hanover,2022-04-10
15,7,8,0,New Hanover,2022-04-11
20,1,19,0,New Hanover,2022-04-12
34,10,24,0,New Hanover,2022-04-13
24,5,19,0,New Hanover,2022-04-14
8,1,7,0,New Hanover,2022-04-16
5,1,4,0,New Hanover,2022-04-17
35,5,30,0,New Hanover,2022-04-18
28,5,23,0,New Hanover,2022-04-20
22,2,20,0,New Hanover,2022-04-22
26,6,20,0,New Hanover,2022-04-23
0,0,0,0,Northampton,2021-10-26
1,0,1,0,Northampton,2021-10-27
3,0,3,0,Northampton,2021-10-28
1,0,1,0,Northampton,2021-10-29
0,0,0,0,Northampton,2021-10-30
0,0,0,0,Northampton,2021-10-31
3,0,3,0,Northampton,2021-11-01
0,0,0,0,Northampton,2021-11-02
1,0,1,0,Northampton,2021-11-04
2,0,2,0,Northampton,2021-11-05
1,0,1,0,Northampton,2021-11-06
0,0,0,0,Northampton,2021-11-07
2,2,0,0,Northampton,2021-11-08
0,0,0,0,Northampton,2021-11-09
1,0,1,0,Northampton,2021-11-10
1,0,1,0,Northampton,2021-11-11
1,0,1,0,Northampton,2021-11-12
0,0,0,0,Northampton,2021-11-13
0,0,0,0,Northampton,2021-11-14
4,0,4,0,Northampton,2021-11-15
1,0,1,0,Northampton,2021-11-16
0,0,0,0,Northampton,2021-11-17
0,0,0,0,Northampton,2021-11-18
0,0,0,0,Northampton,2021-11-19
0,0,0,0,Northampton,2021-11-20
4,0,4,0,Northampton,2021-11-22
1,0,1,0,Northampton,2021-11-23
0,0,0,0,Northampton,2021-11-24
0,0,0,0,Northampton,2021-11-25
0,0,0,0,Northampton,2021-11-26
2,0,2,0,Northampton,2021-11-27
1,0,1,0,Northampton,2021-11-28
4,1,3,0,Northampton,2021-11-29
1,0,1,0,Northampton,2021-11-30
2,0,2,0,Northampton,2021-12-01
0,0,0,0,Northampton,2021-12-02
0,0,0,0,Northampton,2021-12-04
0,0,0,0,Northampton,2021-12-05
7,2,5,0,Northampton,2021-12-06
2,0,2,0,Northampton,2021-12-07
1,0,1,0,Northampton,2021-12-09
2,1,1,0,Northampton,2021-12-10
0,0,0,0,Northampton,2021-12-11
0,0,0,0,Northampton,2021-12-12
4,0,4,0,Northampton,2021-12-13
2,0,2,0,Northampton,2021-12-14
2,1,1,0,Northampton,2021-12-15
10,0,10,0,Northampton,2021-12-16
7,1,6,0,Northampton,2021-12-17
3,2,1,0,Northampton,2021-12-18
1,0,1,0,Northampton,2021-12-19
7,2,5,0,Northampton,2021-12-20
8,1,7,0,Northampton,2021-12-21
9,2,7,0,Northampton,2021-12-22
10,2,8,0,Northampton,2021-12-23
2,0,2,0,Northampton,2021-12-24
3,0,3,0,Northampton,2021-12-25
6,0,6,0,Northampton,2021-12-26
29,2,27,0,Northampton,2021-12-27
37,6,31,0,Northampton,2021-12-28
52,11,41,0,Northampton,2021-12-29
63,13,50,0,Northampton,2021-12-30
48,1,47,0,Northampton,2021-12-31
15,3,12,0,Northampton,2022-01-01
18,2,16,0,Northampton,2022-01-02
61,10,51,0,Northampton,2022-01-03
91,10,81,0,Northampton,2022-01-04
67,12,55,0,Northampton,2022-01-05
77,16,61,0,Northampton,2022-01-06
86,12,74,0,Northampton,2022-01-07
24,6,18,0,Northampton,2022-01-09
89,16,73,0,Northampton,2022-01-10
60,7,53,0,Northampton,2022-01-13
42,7,35,0,Northampton,2022-01-14
15,2,13,0,Northampton,2022-01-15
5,1,4,0,Northampton,2022-01-16
37,9,28,0,Northampton,2022-01-17
74,21,53,0,Northampton,2022-01-18
57,4,53,0,Northampton,2022-01-19
51,7,44,0,Northampton,2022-01-20
8,1,7,0,Northampton,2022-01-21
3,1,2,0,Northampton,2022-01-22
8,0,8,0,Northampton,2022-01-23
46,13,33,0,Northampton,2022-01-25
24,5,19,0,Northampton,2022-01-26
6,1,5,0,Northampton,2022-01-29
19,6,13,0,Northampton,2022-02-01
6,2,4,0,Northampton,2022-02-03
2,1,1,0,Northampton,2022-02-05
4,1,3,0,Northampton,2022-02-06
9,1,8,0,Northampton,2022-02-07
1,0,1,0,Northampton,2022-02-08
6,2,4,0,Northampton,2022-02-09
6,0,6,0,Northampton,2022-02-10
3,0,3,0,Northampton,2022-02-11
1,0,1,0,Northampton,2022-02-13
8,0,8,0,Northampton,2022-02-14
7,0,7,0,Northampton,2022-02-15
2,0,2,0,Northampton,2022-02-16
4,0,4,0,Northampton,2022-02-17
1,0,1,0,Northampton,2022-02-18
0,0,0,0,Northampton,2022-02-19
2,0,2,0,Northampton,2022-02-20
5,2,3,0,Northampton,2022-02-21
1,0,1,0,Northampton,2022-02-23
1,0,1,0,Northampton,2022-02-24
1,0,1,0,Northampton,2022-02-25
1,0,1,0,Northampton,2022-02-26
1,0,1,0,Northampton,2022-02-28
0,0,0,0,Northampton,2022-03-01
1,0,1,0,Northampton,2022-03-02
2,1,1,0,Northampton,2022-03-03
1,1,0,0,Northampton,2022-03-04
0,0,0,0,Northampton,2022-03-05
1,0,1,0,Northampton,2022-03-06
1,0,1,0,Northampton,2022-03-07
0,0,0,0,Northampton,2022-03-08
0,0,0,0,Northampton,2022-03-09
0,0,0,0,Northampton,2022-03-10
0,0,0,0,Northampton,2022-03-11
1,0,1,0,Northampton,2022-03-12
0,0,0,0,Northampton,2022-03-13
0,0,0,0,Northampton,2022-03-14
0,0,0,0,Northampton,2022-03-15
1,0,1,0,Northampton,2022-03-16
0,0,0,0,Northampton,2022-03-17
0,0,0,0,Northampton,2022-03-18
0,0,0,0,Northampton,2022-03-19
0,0,0,0,Northampton,2022-03-20
4,0,4,0,Northampton,2022-03-21
1,0,1,0,Northampton,2022-03-22
0,0,0,0,Northampton,2022-03-23
0,0,0,0,Northampton,2022-03-24
0,0,0,0,Northampton,2022-03-25
0,0,0,0,Northampton,2022-03-26
0,0,0,0,Northampton,2022-03-27
0,0,0,0,Northampton,2022-03-28
0,0,0,0,Northampton,2022-03-29
0,0,0,0,Northampton,2022-03-30
0,0,0,0,Northampton,2022-03-31
0,0,0,0,Northampton,2022-04-01
0,0,0,0,Northampton,2022-04-02
0,0,0,0,Northampton,2022-04-03
0,0,0,0,Northampton,2022-04-04
0,0,0,0,Northampton,2022-04-05
1,1,0,0,Northampton,2022-04-06
0,0,0,0,Northampton,2022-04-07
1,0,1,0,Northampton,2022-04-08
0,0,0,0,Northampton,2022-04-09
0,0,0,0,Northampton,2022-04-10
0,0,0,0,Northampton,2022-04-11
0,0,0,0,Northampton,2022-04-12
1,0,1,0,Northampton,2022-04-13
0,0,0,0,Northampton,2022-04-14
0,0,0,0,Northampton,2022-04-15
1,0,1,0,Northampton,2022-04-16
0,0,0,0,Northampton,2022-04-17
0,0,0,0,Northampton,2022-04-18
1,0,1,0,Northampton,2022-04-19
2,0,2,0,Northampton,2022-04-20
1,0,1,0,Northampton,2022-04-21
1,1,0,0,Northampton,2022-04-22
0,0,0,0,Northampton,2022-04-23
35,5,30,0,Onslow,2021-10-28
11,4,7,0,Onslow,2021-10-30
5,2,3,0,Onslow,2021-10-31
35,3,32,0,Onslow,2021-11-02
26,1,25,0,Onslow,2021-11-03
6,0,6,0,Onslow,2021-11-07
22,1,21,0,Onslow,2021-11-09
22,3,19,0,Onslow,2021-11-10
18,4,14,0,Onslow,2021-11-11
11,2,9,0,Onslow,2021-11-12
5,0,5,0,Onslow,2021-11-14
35,8,27,0,Onslow,2021-11-15
26,4,22,0,Onslow,2021-11-16
16,2,14,0,Onslow,2021-11-17
26,6,20,0,Onslow,2021-11-18
15,4,11,0,Onslow,2021-11-19
9,1,8,0,Onslow,2021-11-20
10,1,9,0,Onslow,2021-11-21
29,2,27,0,Onslow,2021-11-22
15,2,13,0,Onslow,2021-11-23
17,3,14,0,Onslow,2021-11-24
20,2,18,0,Onslow,2021-11-26
21,3,18,0,Onslow,2021-11-27
15,2,13,0,Onslow,2021-11-28
92,13,79,0,Onslow,2021-11-29
52,4,48,0,Onslow,2021-11-30
50,12,38,0,Onslow,2021-12-01
61,6,55,0,Onslow,2021-12-02
21,3,18,0,Onslow,2021-12-04
21,3,18,0,Onslow,2021-12-05
41,5,36,0,Onslow,2021-12-07
46,7,39,0,Onslow,2021-12-08
43,9,34,0,Onslow,2021-12-09
37,4,33,0,Onslow,2021-12-10
31,2,29,0,Onslow,2021-12-11
18,0,18,0,Onslow,2021-12-12
67,15,52,0,Onslow,2021-12-13
69,12,57,0,Onslow,2021-12-14
58,10,48,0,Onslow,2021-12-15
49,3,46,0,Onslow,2021-12-17
29,4,25,0,Onslow,2021-12-18
14,2,12,0,Onslow,2021-12-19
83,11,72,0,Onslow,2021-12-22
83,14,69,0,Onslow,2021-12-23
47,7,40,0,Onslow,2021-12-24
15,0,15,0,Onslow,2021-12-25
214,25,189,0,Onslow,2021-12-27
339,22,317,0,Onslow,2021-12-28
322,29,293,0,Onslow,2021-12-29
342,57,285,0,Onslow,2021-12-30
162,51,111,0,Onslow,2021-12-31
140,55,85,0,Onslow,2022-01-02
442,92,350,0,Onslow,2022-01-03
844,131,713,0,Onslow,2022-01-04
741,81,660,0,Onslow,2022-01-06
189,51,138,0,Onslow,2022-01-08
224,48,176,0,Onslow,2022-01-09
879,136,743,0,Onslow,2022-01-12
932,127,805,0,Onslow,2022-01-13
704,114,590,0,Onslow,2022-01-17
1154,91,1063,0,Onslow,2022-01-18
129,4,125,0,Onslow,2022-01-30
437,55,382,0,Onslow,2022-01-31
155,20,135,0,Onslow,2022-02-08
89,11,78,0,Onslow,2022-02-15
16,3,13,0,Onslow,2022-02-19
20,2,18,0,Onslow,2022-02-20
21,0,21,0,Onslow,2022-02-21
37,4,33,0,Onslow,2022-02-23
29,1,28,0,Onslow,2022-02-25
36,7,29,0,Onslow,2022-02-28
19,7,12,0,Onslow,2022-03-01
17,4,13,0,Onslow,2022-03-03
7,1,6,0,Onslow,2022-03-04
6,1,5,0,Onslow,2022-03-06
16,1,15,0,Onslow,2022-03-07
21,4,17,0,Onslow,2022-03-08
5,1,4,0,Onslow,2022-03-09
3,0,3,0,Onslow,2022-03-12
6,1,5,0,Onslow,2022-03-13
5,0,5,0,Onslow,2022-03-15
5,0,5,0,Onslow,2022-03-17
6,0,6,0,Onslow,2022-03-18
3,0,3,0,Onslow,2022-03-19
4,1,3,0,Onslow,2022-03-20
7,0,7,0,Onslow,2022-03-21
4,0,4,0,Onslow,2022-03-22
4,1,3,0,Onslow,2022-03-23
3,0,3,0,Onslow,2022-03-24
4,1,3,0,Onslow,2022-03-25
5,3,2,0,Onslow,2022-03-26
5,4,1,0,Onslow,2022-03-27
2,0,2,0,Onslow,2022-03-28
4,1,3,0,Onslow,2022-03-29
6,2,4,0,Onslow,2022-03-30
5,1,4,0,Onslow,2022-03-31
2,1,1,0,Onslow,2022-04-01
1,0,1,0,Onslow,2022-04-02
0,0,0,0,Onslow,2022-04-03
3,1,2,0,Onslow,2022-04-04
8,0,8,0,Onslow,2022-04-05
6,0,6,0,Onslow,2022-04-06
7,1,6,0,Onslow,2022-04-08
5,0,5,0,Onslow,2022-04-09
8,1,7,0,Onslow,2022-04-10
10,4,6,0,Onslow,2022-04-11
9,0,9,0,Onslow,2022-04-12
11,2,9,0,Onslow,2022-04-13
8,2,6,0,Onslow,2022-04-14
3,0,3,0,Onslow,2022-04-15
8,0,8,0,Onslow,2022-04-16
2,0,2,0,Onslow,2022-04-17
14,2,12,0,Onslow,2022-04-18
15,2,13,0,Onslow,2022-04-19
15,2,13,0,Onslow,2022-04-20
6,2,4,0,Onslow,2022-04-21
9,1,8,0,Onslow,2022-04-22
8,0,8,0,Onslow,2022-04-23
9,1,8,0,Orange,2021-10-27
14,4,10,0,Orange,2021-10-29
7,0,7,0,Orange,2021-10-30
3,2,1,0,Orange,2021-10-31
10,0,10,0,Orange,2021-11-01
14,3,11,0,Orange,2021-11-02
16,1,15,0,Orange,2021-11-03
11,0,11,0,Orange,2021-11-04
14,0,14,0,Orange,2021-11-05
7,1,6,0,Orange,2021-11-06
9,0,9,0,Orange,2021-11-07
20,1,19,0,Orange,2021-11-08
17,0,17,0,Orange,2021-11-09
27,0,27,0,Orange,2021-11-10
8,0,8,0,Orange,2021-11-12
9,0,9,0,Orange,2021-11-13
7,0,7,0,Orange,2021-11-14
14,0,14,0,Orange,2021-11-16
17,2,15,0,Orange,2021-11-17
11,0,11,0,Orange,2021-11-19
8,0,8,0,Orange,2021-11-20
9,0,9,0,Orange,2021-11-21
19,2,17,0,Orange,2021-11-22
13,0,13,0,Orange,2021-11-23
10,0,10,0,Orange,2021-11-24
15,1,14,0,Orange,2021-11-26
9,1,8,0,Orange,2021-11-27
16,0,16,0,Orange,2021-11-28
58,4,54,0,Orange,2021-11-29
36,1,35,0,Orange,2021-11-30
25,1,24,0,Orange,2021-12-02
30,1,29,0,Orange,2021-12-03
19,1,18,0,Orange,2021-12-05
32,2,30,0,Orange,2021-12-06
31,1,30,0,Orange,2021-12-07
21,2,19,0,Orange,2021-12-08
25,0,25,0,Orange,2021-12-09
20,2,18,0,Orange,2021-12-10
12,0,12,0,Orange,2021-12-11
10,0,10,0,Orange,2021-12-12
36,1,35,0,Orange,2021-12-13
43,3,40,0,Orange,2021-12-14
44,1,43,0,Orange,2021-12-15
63,2,61,0,Orange,2021-12-16
30,1,29,0,Orange,2021-12-18
31,4,27,0,Orange,2021-12-19
94,2,92,0,Orange,2021-12-20
115,10,105,0,Orange,2021-12-21
120,2,118,0,Orange,2021-12-22
125,9,116,0,Orange,2021-12-23
53,9,44,0,Orange,2021-12-24
19,4,15,0,Orange,2021-12-25
113,1,112,0,Orange,2021-12-26
243,20,223,0,Orange,2021-12-27
309,14,295,0,Orange,2021-12-28
331,22,309,0,Orange,2021-12-29
287,14,273,0,Orange,2021-12-30
134,7,127,0,Orange,2021-12-31
94,8,86,0,Orange,2022-01-01
145,7,138,0,Orange,2022-01-02
479,28,451,0,Orange,2022-01-03
488,24,464,0,Orange,2022-01-05
352,14,338,0,Orange,2022-01-07
210,17,193,0,Orange,2022-01-08
130,9,121,0,Orange,2022-01-09
581,21,560,0,Orange,2022-01-10
583,25,558,0,Orange,2022-01-11
485,26,459,0,Orange,2022-01-12
517,25,492,0,Orange,2022-01-13
194,6,188,0,Orange,2022-01-15
209,14,195,0,Orange,2022-01-17
512,24,488,0,Orange,2022-01-18
404,13,391,0,Orange,2022-01-20
192,6,186,0,Orange,2022-01-21
49,6,43,0,Orange,2022-01-22
254,10,244,0,Orange,2022-01-26
168,11,157,0,Orange,2022-01-28
75,4,71,0,Orange,2022-01-29
226,11,215,0,Orange,2022-01-31
151,9,142,0,Orange,2022-02-01
127,7,120,0,Orange,2022-02-02
141,9,132,0,Orange,2022-02-03
53,3,50,0,Orange,2022-02-05
134,8,126,0,Orange,2022-02-07
85,3,82,0,Orange,2022-02-08
84,3,81,0,Orange,2022-02-09
72,2,70,0,Orange,2022-02-10
58,3,55,0,Orange,2022-02-11
35,3,32,0,Orange,2022-02-12
14,2,12,0,Orange,2022-02-13
74,3,71,0,Orange,2022-02-14
54,5,49,0,Orange,2022-02-15
59,7,52,0,Orange,2022-02-16
42,2,40,0,Orange,2022-02-17
21,2,19,0,Orange,2022-02-19
13,3,10,0,Orange,2022-02-20
28,1,27,0,Orange,2022-02-22
32,2,30,0,Orange,2022-02-23
25,2,23,0,Orange,2022-02-24
17,1,16,0,Orange,2022-02-25
5,2,3,0,Orange,2022-02-26
3,1,2,0,Orange,2022-02-27
21,1,20,0,Orange,2022-02-28
16,1,15,0,Orange,2022-03-01
11,2,9,0,Orange,2022-03-02
15,2,13,0,Orange,2022-03-03
13,3,10,0,Orange,2022-03-04
7,0,7,0,Orange,2022-03-05
7,0,7,0,Orange,2022-03-06
13,1,12,0,Orange,2022-03-08
20,3,17,0,Orange,2022-03-09
15,0,15,0,Orange,2022-03-10
9,1,8,0,Orange,2022-03-11
9,3,6,0,Orange,2022-03-12
6,0,6,0,Orange,2022-03-13
6,0,6,0,Orange,2022-03-14
10,2,8,0,Orange,2022-03-15
12,0,12,0,Orange,2022-03-16
8,0,8,0,Orange,2022-03-17
9,1,8,0,Orange,2022-03-18
4,2,2,0,Orange,2022-03-20
17,3,14,0,Orange,2022-03-22
19,1,18,0,Orange,2022-03-23
13,1,12,0,Orange,2022-03-24
18,5,13,0,Orange,2022-03-25
5,0,5,0,Orange,2022-03-26
10,0,10,0,Orange,2022-03-27
20,1,19,0,Orange,2022-03-28
21,1,20,0,Orange,2022-03-29
20,1,19,0,Orange,2022-03-30
22,2,20,0,Orange,2022-03-31
11,5,6,0,Orange,2022-04-01
7,1,6,0,Orange,2022-04-02
8,1,7,0,Orange,2022-04-03
28,2,26,0,Orange,2022-04-04
29,4,25,0,Orange,2022-04-05
57,2,55,0,Orange,2022-04-06
55,6,49,0,Orange,2022-04-07
96,2,94,0,Orange,2022-04-08
135,6,129,0,Orange,2022-04-11
91,5,86,0,Orange,2022-04-12
97,3,94,0,Orange,2022-04-13
73,4,69,0,Orange,2022-04-14
57,2,55,0,Orange,2022-04-15
30,1,29,0,Orange,2022-04-16
9,0,9,0,Orange,2022-04-17
86,4,82,0,Orange,2022-04-18
81,3,78,0,Orange,2022-04-19
50,6,44,0,Orange,2022-04-20
59,7,52,0,Orange,2022-04-21
51,3,48,0,Orange,2022-04-22
30,6,24,0,Orange,2022-04-23
3,0,3,0,Pamlico,2021-10-26
2,2,0,0,Pamlico,2021-10-27
2,0,2,0,Pamlico,2021-10-29
2,0,2,0,Pamlico,2021-10-30
4,2,2,0,Pamlico,2021-10-31
2,1,1,0,Pamlico,2021-11-01
2,0,2,0,Pamlico,2021-11-02
1,0,1,0,Pamlico,2021-11-03
1,1,0,0,Pamlico,2021-11-04
0,0,0,0,Pamlico,2021-11-05
0,0,0,0,Pamlico,2021-11-06
0,0,0,0,Pamlico,2021-11-07
0,0,0,0,Pamlico,2021-11-08
0,0,0,0,Pamlico,2021-11-09
0,0,0,0,Pamlico,2021-11-10
0,0,0,0,Pamlico,2021-11-11
0,0,0,0,Pamlico,2021-11-12
0,0,0,0,Pamlico,2021-11-13
1,0,1,0,Pamlico,2021-11-14
5,1,4,0,Pamlico,2021-11-15
2,2,0,0,Pamlico,2021-11-16
3,0,3,0,Pamlico,2021-11-17
4,3,1,0,Pamlico,2021-11-18
0,0,0,0,Pamlico,2021-11-19
2,1,1,0,Pamlico,2021-11-20
0,0,0,0,Pamlico,2021-11-21
2,1,1,0,Pamlico,2021-11-22
4,1,3,0,Pamlico,2021-11-23
1,0,1,0,Pamlico,2021-11-24
0,0,0,0,Pamlico,2021-11-25
0,0,0,0,Pamlico,2021-11-26
0,0,0,0,Pamlico,2021-11-27
1,0,1,0,Pamlico,2021-11-28
2,1,1,0,Pamlico,2021-11-29
0,0,0,0,Pamlico,2021-11-30
1,0,1,0,Pamlico,2021-12-01
1,1,0,0,Pamlico,2021-12-02
0,0,0,0,Pamlico,2021-12-03
2,0,2,0,Pamlico,2021-12-04
1,0,1,0,Pamlico,2021-12-05
3,1,2,0,Pamlico,2021-12-06
1,0,1,0,Pamlico,2021-12-07
3,0,3,0,Pamlico,2021-12-08
2,0,2,0,Pamlico,2021-12-09
4,3,1,0,Pamlico,2021-12-10
0,0,0,0,Pamlico,2021-12-11
0,0,0,0,Pamlico,2021-12-12
3,1,2,0,Pamlico,2021-12-13
3,0,3,0,Pamlico,2021-12-14
1,1,0,0,Pamlico,2021-12-15
1,1,0,0,Pamlico,2021-12-16
3,2,1,0,Pamlico,2021-12-17
1,0,1,0,Pamlico,2021-12-18
4,1,3,0,Pamlico,2021-12-19
5,2,3,0,Pamlico,2021-12-20
4,0,4,0,Pamlico,2021-12-21
2,0,2,0,Pamlico,2021-12-22
2,0,2,0,Pamlico,2021-12-23
3,0,3,0,Pamlico,2021-12-24
0,0,0,0,Pamlico,2021-12-25
5,1,4,0,Pamlico,2021-12-26
10,4,6,0,Pamlico,2021-12-27
6,0,6,0,Pamlico,2021-12-28
5,3,2,0,Pamlico,2021-12-29
6,3,3,0,Pamlico,2021-12-30
5,0,5,0,Pamlico,2021-12-31
3,0,3,0,Pamlico,2022-01-01
7,2,5,0,Pamlico,2022-01-02
21,2,19,0,Pamlico,2022-01-04
18,2,16,0,Pamlico,2022-01-05
22,1,21,0,Pamlico,2022-01-06
31,4,27,0,Pamlico,2022-01-07
5,0,5,0,Pamlico,2022-01-08
4,2,2,0,Pamlico,2022-01-09
34,5,29,0,Pamlico,2022-01-10
47,6,41,0,Pamlico,2022-01-11
23,1,22,0,Pamlico,2022-01-12
36,2,34,0,Pamlico,2022-01-13
33,1,32,0,Pamlico,2022-01-14
9,0,9,0,Pamlico,2022-01-15
8,1,7,0,Pamlico,2022-01-16
24,2,22,0,Pamlico,2022-01-17
40,5,35,0,Pamlico,2022-01-18
45,4,41,0,Pamlico,2022-01-19
32,4,28,0,Pamlico,2022-01-20
5,0,5,0,Pamlico,2022-01-21
1,0,1,0,Pamlico,2022-01-22
5,0,5,0,Pamlico,2022-01-23
39,2,37,0,Pamlico,2022-01-24
22,1,21,0,Pamlico,2022-01-25
13,1,12,0,Pamlico,2022-01-26
17,3,14,0,Pamlico,2022-01-27
9,0,9,0,Pamlico,2022-01-28
5,0,5,0,Pamlico,2022-01-29
6,0,6,0,Pamlico,2022-01-30
18,4,14,0,Pamlico,2022-01-31
16,0,16,0,Pamlico,2022-02-01
13,0,13,0,Pamlico,2022-02-02
9,0,9,0,Pamlico,2022-02-03
6,0,6,0,Pamlico,2022-02-04
2,0,2,0,Pamlico,2022-02-05
8,0,8,0,Pamlico,2022-02-06
11,1,10,0,Pamlico,2022-02-07
16,1,15,0,Pamlico,2022-02-08
4,0,4,0,Pamlico,2022-02-09
4,0,4,0,Pamlico,2022-02-10
5,1,4,0,Pamlico,2022-02-11
7,0,7,0,Pamlico,2022-02-12
2,0,2,0,Pamlico,2022-02-13
3,0,3,0,Pamlico,2022-02-14
6,0,6,0,Pamlico,2022-02-15
6,0,6,0,Pamlico,2022-02-16
5,1,4,0,Pamlico,2022-02-17
2,0,2,0,Pamlico,2022-02-18
1,0,1,0,Pamlico,2022-02-19
0,0,0,0,Pamlico,2022-02-20
4,0,4,0,Pamlico,2022-02-21
2,0,2,0,Pamlico,2022-02-22
3,0,3,0,Pamlico,2022-02-23
2,0,2,0,Pamlico,2022-02-24
2,0,2,0,Pamlico,2022-02-25
1,0,1,0,Pamlico,2022-02-26
0,0,0,0,Pamlico,2022-02-27
0,0,0,0,Pamlico,2022-02-28
2,0,2,0,Pamlico,2022-03-01
1,0,1,0,Pamlico,2022-03-02
1,0,1,0,Pamlico,2022-03-03
1,0,1,0,Pamlico,2022-03-04
0,0,0,0,Pamlico,2022-03-05
0,0,0,0,Pamlico,2022-03-06
1,0,1,0,Pamlico,2022-03-07
0,0,0,0,Pamlico,2022-03-08
2,0,2,0,Pamlico,2022-03-09
0,0,0,0,Pamlico,2022-03-10
0,0,0,0,Pamlico,2022-03-11
0,0,0,0,Pamlico,2022-03-12
0,0,0,0,Pamlico,2022-03-13
0,0,0,0,Pamlico,2022-03-14
0,0,0,0,Pamlico,2022-03-15
2,0,2,0,Pamlico,2022-03-16
0,0,0,0,Pamlico,2022-03-17
0,0,0,0,Pamlico,2022-03-18
0,0,0,0,Pamlico,2022-03-19
0,0,0,0,Pamlico,2022-03-20
1,1,0,0,Pamlico,2022-03-21
0,0,0,0,Pamlico,2022-03-22
0,0,0,0,Pamlico,2022-03-23
0,0,0,0,Pamlico,2022-03-24
0,0,0,0,Pamlico,2022-03-25
0,0,0,0,Pamlico,2022-03-26
0,0,0,0,Pamlico,2022-03-27
0,0,0,0,Pamlico,2022-03-28
0,0,0,0,Pamlico,2022-03-29
1,1,0,0,Pamlico,2022-03-30
0,0,0,0,Pamlico,2022-03-31
0,0,0,0,Pamlico,2022-04-01
0,0,0,0,Pamlico,2022-04-02
0,0,0,0,Pamlico,2022-04-03
0,0,0,0,Pamlico,2022-04-04
1,1,0,0,Pamlico,2022-04-05
0,0,0,0,Pamlico,2022-04-06
0,0,0,0,Pamlico,2022-04-07
3,2,1,0,Pamlico,2022-04-08
0,0,0,0,Pamlico,2022-04-09
0,0,0,0,Pamlico,2022-04-10
0,0,0,0,Pamlico,2022-04-11
0,0,0,0,Pamlico,2022-04-12
2,0,2,0,Pamlico,2022-04-13
3,0,3,0,Pamlico,2022-04-14
0,0,0,0,Pamlico,2022-04-15
0,0,0,0,Pamlico,2022-04-16
1,1,0,0,Pamlico,2022-04-17
3,1,2,0,Pamlico,2022-04-18
1,0,1,0,Pamlico,2022-04-19
1,0,1,0,Pamlico,2022-04-20
0,0,0,0,Pamlico,2022-04-21
2,1,1,0,Pamlico,2022-04-22
0,0,0,0,Pamlico,2022-04-23
12,3,9,0,Pasquotank,2021-10-26
9,1,8,0,Pasquotank,2021-10-27
7,1,6,0,Pasquotank,2021-10-28
16,0,16,0,Pasquotank,2021-10-29
8,5,3,0,Pasquotank,2021-10-30
1,1,0,0,Pasquotank,2021-10-31
18,7,11,0,Pasquotank,2021-11-01
8,4,4,0,Pasquotank,2021-11-03
18,13,5,0,Pasquotank,2021-11-04
17,1,16,0,Pasquotank,2021-11-05
7,2,5,0,Pasquotank,2021-11-06
10,6,4,0,Pasquotank,2021-11-07
12,4,8,0,Pasquotank,2021-11-08
7,2,5,0,Pasquotank,2021-11-09
10,4,6,0,Pasquotank,2021-11-10
7,5,2,0,Pasquotank,2021-11-11
2,1,1,0,Pasquotank,2021-11-13
5,2,3,0,Pasquotank,2021-11-14
6,3,3,0,Pasquotank,2021-11-18
10,0,10,0,Pasquotank,2021-11-19
6,0,6,0,Pasquotank,2021-11-20
3,0,3,0,Pasquotank,2021-11-21
16,0,16,0,Pasquotank,2021-11-22
10,3,7,0,Pasquotank,2021-11-23
8,0,8,0,Pasquotank,2021-11-24
1,0,1,0,Pasquotank,2021-11-25
3,1,2,0,Pasquotank,2021-11-28
18,7,11,0,Pasquotank,2021-11-29
21,11,10,0,Pasquotank,2021-11-30
5,1,4,0,Pasquotank,2021-12-01
8,3,5,0,Pasquotank,2021-12-02
8,2,6,0,Pasquotank,2021-12-03
5,2,3,0,Pasquotank,2021-12-04
4,2,2,0,Pasquotank,2021-12-05
12,6,6,0,Pasquotank,2021-12-06
12,3,9,0,Pasquotank,2021-12-07
7,2,5,0,Pasquotank,2021-12-08
10,3,7,0,Pasquotank,2021-12-09
11,4,7,0,Pasquotank,2021-12-10
3,0,3,0,Pasquotank,2021-12-11
3,0,3,0,Pasquotank,2021-12-12
8,3,5,0,Pasquotank,2021-12-13
18,7,11,0,Pasquotank,2021-12-14
13,6,7,0,Pasquotank,2021-12-15
6,1,5,0,Pasquotank,2021-12-16
6,2,4,0,Pasquotank,2021-12-17
5,2,3,0,Pasquotank,2021-12-19
14,3,11,0,Pasquotank,2021-12-20
14,4,10,0,Pasquotank,2021-12-21
6,2,4,0,Pasquotank,2021-12-22
10,5,5,0,Pasquotank,2021-12-23
12,4,8,0,Pasquotank,2021-12-24
6,2,4,0,Pasquotank,2021-12-25
17,3,14,0,Pasquotank,2021-12-26
47,12,35,0,Pasquotank,2021-12-27
56,12,44,0,Pasquotank,2021-12-29
58,12,46,0,Pasquotank,2021-12-30
46,5,41,0,Pasquotank,2021-12-31
35,3,32,0,Pasquotank,2022-01-01
38,7,31,0,Pasquotank,2022-01-02
118,15,103,0,Pasquotank,2022-01-03
107,23,84,0,Pasquotank,2022-01-04
107,25,82,0,Pasquotank,2022-01-05
101,25,76,0,Pasquotank,2022-01-06
68,25,43,0,Pasquotank,2022-01-07
35,3,32,0,Pasquotank,2022-01-08
33,2,31,0,Pasquotank,2022-01-09
135,38,97,0,Pasquotank,2022-01-10
72,34,38,0,Pasquotank,2022-01-11
67,19,48,0,Pasquotank,2022-01-12
65,33,32,0,Pasquotank,2022-01-13
75,31,44,0,Pasquotank,2022-01-14
40,16,24,0,Pasquotank,2022-01-15
45,19,26,0,Pasquotank,2022-01-16
87,21,66,0,Pasquotank,2022-01-17
103,20,83,0,Pasquotank,2022-01-18
138,19,119,0,Pasquotank,2022-01-19
101,13,88,0,Pasquotank,2022-01-20
26,7,19,0,Pasquotank,2022-01-21
9,0,9,0,Pasquotank,2022-01-22
29,2,27,0,Pasquotank,2022-01-23
94,16,78,0,Pasquotank,2022-01-24
90,24,66,0,Pasquotank,2022-01-25
66,6,60,0,Pasquotank,2022-01-26
63,12,51,0,Pasquotank,2022-01-27
43,8,35,0,Pasquotank,2022-01-28
16,2,14,0,Pasquotank,2022-01-29
14,1,13,0,Pasquotank,2022-01-30
45,9,36,0,Pasquotank,2022-01-31
33,9,24,0,Pasquotank,2022-02-01
30,5,25,0,Pasquotank,2022-02-02
35,11,24,0,Pasquotank,2022-02-03
19,5,14,0,Pasquotank,2022-02-04
9,1,8,0,Pasquotank,2022-02-05
4,0,4,0,Pasquotank,2022-02-06
34,6,28,0,Pasquotank,2022-02-07
6,4,2,0,Pasquotank,2022-02-08
6,0,6,0,Pasquotank,2022-02-09
8,1,7,0,Pasquotank,2022-02-10
3,0,3,0,Pasquotank,2022-02-11
6,2,4,0,Pasquotank,2022-02-12
2,1,1,0,Pasquotank,2022-02-13
9,2,7,0,Pasquotank,2022-02-14
8,5,3,0,Pasquotank,2022-02-15
27,1,26,0,Pasquotank,2022-02-16
13,4,9,0,Pasquotank,2022-02-17
5,1,4,0,Pasquotank,2022-02-18
2,1,1,0,Pasquotank,2022-02-19
4,0,4,0,Pasquotank,2022-02-20
4,0,4,0,Pasquotank,2022-02-21
5,0,5,0,Pasquotank,2022-02-22
7,5,2,0,Pasquotank,2022-02-23
9,2,7,0,Pasquotank,2022-02-24
0,0,0,0,Pasquotank,2022-02-25
2,0,2,0,Pasquotank,2022-02-26
1,0,1,0,Pasquotank,2022-02-27
5,1,4,0,Pasquotank,2022-02-28
5,3,2,0,Pasquotank,2022-03-01
2,0,2,0,Pasquotank,2022-03-02
1,0,1,0,Pasquotank,2022-03-03
2,0,2,0,Pasquotank,2022-03-04
0,0,0,0,Pasquotank,2022-03-05
0,0,0,0,Pasquotank,2022-03-06
3,1,2,0,Pasquotank,2022-03-07
1,1,0,0,Pasquotank,2022-03-08
0,0,0,0,Pasquotank,2022-03-09
1,0,1,0,Pasquotank,2022-03-10
2,0,2,0,Pasquotank,2022-03-11
0,0,0,0,Pasquotank,2022-03-12
2,1,1,0,Pasquotank,2022-03-13
0,0,0,0,Pasquotank,2022-03-14
0,0,0,0,Pasquotank,2022-03-15
2,0,2,0,Pasquotank,2022-03-16
3,2,1,0,Pasquotank,2022-03-17
0,0,0,0,Pasquotank,2022-03-18
1,0,1,0,Pasquotank,2022-03-19
0,0,0,0,Pasquotank,2022-03-20
0,0,0,0,Pasquotank,2022-03-21
0,0,0,0,Pasquotank,2022-03-22
2,2,0,0,Pasquotank,2022-03-23
0,0,0,0,Pasquotank,2022-03-24
4,2,2,0,Pasquotank,2022-03-25
1,0,1,0,Pasquotank,2022-03-26
0,0,0,0,Pasquotank,2022-03-27
2,1,1,0,Pasquotank,2022-03-28
0,0,0,0,Pasquotank,2022-03-29
1,1,0,0,Pasquotank,2022-03-30
0,0,0,0,Pasquotank,2022-03-31
0,0,0,0,Pasquotank,2022-04-01
0,0,0,0,Pasquotank,2022-04-02
0,0,0,0,Pasquotank,2022-04-03
0,0,0,0,Pasquotank,2022-04-04
1,0,1,0,Pasquotank,2022-04-05
1,0,1,0,Pasquotank,2022-04-06
2,0,2,0,Pasquotank,2022-04-07
0,0,0,0,Pasquotank,2022-04-08
0,0,0,0,Pasquotank,2022-04-09
1,0,1,0,Pasquotank,2022-04-10
2,0,2,0,Pasquotank,2022-04-11
3,0,3,0,Pasquotank,2022-04-12
0,0,0,0,Pasquotank,2022-04-13
0,0,0,0,Pasquotank,2022-04-14
1,1,0,0,Pasquotank,2022-04-15
1,0,1,0,Pasquotank,2022-04-16
1,1,0,0,Pasquotank,2022-04-17
0,0,0,0,Pasquotank,2022-04-18
1,0,1,0,Pasquotank,2022-04-19
2,1,1,0,Pasquotank,2022-04-20
0,0,0,0,Pasquotank,2022-04-21
1,1,0,0,Pasquotank,2022-04-22
0,0,0,0,Pasquotank,2022-04-23
5,0,5,0,Pender,2021-10-26
7,0,7,0,Pender,2021-10-27
6,1,5,0,Pender,2021-10-28
8,1,7,0,Pender,2021-10-29
4,0,4,0,Pender,2021-10-30
8,3,5,0,Pender,2021-11-01
17,3,14,0,Pender,2021-11-02
16,5,11,0,Pender,2021-11-03
9,0,9,0,Pender,2021-11-04
14,6,8,0,Pender,2021-11-05
3,2,1,0,Pender,2021-11-06
12,3,9,0,Pender,2021-11-08
12,4,8,0,Pender,2021-11-09
23,4,19,0,Pender,2021-11-10
15,7,8,0,Pender,2021-11-11
15,6,9,0,Pender,2021-11-12
13,3,10,0,Pender,2021-11-14
23,5,18,0,Pender,2021-11-15
11,2,9,0,Pender,2021-11-16
21,7,14,0,Pender,2021-11-17
15,3,12,0,Pender,2021-11-18
14,0,14,0,Pender,2021-11-19
15,1,14,0,Pender,2021-11-21
23,9,14,0,Pender,2021-11-22
14,3,11,0,Pender,2021-11-23
15,4,11,0,Pender,2021-11-24
0,0,0,0,Pender,2021-11-25
8,3,5,0,Pender,2021-11-26
10,1,9,0,Pender,2021-11-27
24,7,17,0,Pender,2021-11-28
37,7,30,0,Pender,2021-11-30
19,4,15,0,Pender,2021-12-01
18,3,15,0,Pender,2021-12-02
18,4,14,0,Pender,2021-12-03
7,1,6,0,Pender,2021-12-04
3,2,1,0,Pender,2021-12-05
25,10,15,0,Pender,2021-12-06
16,3,13,0,Pender,2021-12-07
14,3,11,0,Pender,2021-12-08
13,2,11,0,Pender,2021-12-09
18,6,12,0,Pender,2021-12-10
6,0,6,0,Pender,2021-12-11
8,5,3,0,Pender,2021-12-12
23,4,19,0,Pender,2021-12-13
27,7,20,0,Pender,2021-12-14
12,0,12,0,Pender,2021-12-17
15,0,15,0,Pender,2021-12-19
36,3,33,0,Pender,2021-12-20
38,7,31,0,Pender,2021-12-21
31,5,26,0,Pender,2021-12-22
40,7,33,0,Pender,2021-12-23
20,9,11,0,Pender,2021-12-24
13,0,13,0,Pender,2021-12-25
36,10,26,0,Pender,2021-12-26
92,5,87,0,Pender,2021-12-29
110,19,91,0,Pender,2021-12-30
47,10,37,0,Pender,2021-12-31
26,7,19,0,Pender,2022-01-01
44,10,34,0,Pender,2022-01-02
200,18,182,0,Pender,2022-01-03
156,37,119,0,Pender,2022-01-04
112,14,98,0,Pender,2022-01-05
155,17,138,0,Pender,2022-01-06
129,14,115,0,Pender,2022-01-07
68,12,56,0,Pender,2022-01-08
250,32,218,0,Pender,2022-01-10
221,20,201,0,Pender,2022-01-11
219,26,193,0,Pender,2022-01-13
184,23,161,0,Pender,2022-01-14
115,21,94,0,Pender,2022-01-15
63,7,56,0,Pender,2022-01-16
345,53,292,0,Pender,2022-01-18
280,42,238,0,Pender,2022-01-19
224,26,198,0,Pender,2022-01-20
36,5,31,0,Pender,2022-01-22
56,17,39,0,Pender,2022-01-23
267,45,222,0,Pender,2022-01-24
164,16,148,0,Pender,2022-01-25
104,18,86,0,Pender,2022-01-27
102,14,88,0,Pender,2022-01-28
77,6,71,0,Pender,2022-02-01
62,14,48,0,Pender,2022-02-02
61,9,52,0,Pender,2022-02-03
18,0,18,0,Pender,2022-02-06
83,14,69,0,Pender,2022-02-07
35,2,33,0,Pender,2022-02-08
24,1,23,0,Pender,2022-02-10
12,1,11,0,Pender,2022-02-12
4,1,3,0,Pender,2022-02-13
13,0,13,0,Pender,2022-02-15
9,3,6,0,Pender,2022-02-18
4,1,3,0,Pender,2022-02-20
7,0,7,0,Pender,2022-02-21
11,1,10,0,Pender,2022-02-22
5,0,5,0,Pender,2022-02-23
7,1,6,0,Pender,2022-02-25
1,0,1,0,Pender,2022-02-26
5,1,4,0,Pender,2022-02-27
1,0,1,0,Pender,2022-02-28
5,1,4,0,Pender,2022-03-01
1,0,1,0,Pender,2022-03-02
5,2,3,0,Pender,2022-03-03
2,0,2,0,Pender,2022-03-04
1,0,1,0,Pender,2022-03-05
2,0,2,0,Pender,2022-03-06
3,0,3,0,Pender,2022-03-07
3,0,3,0,Pender,2022-03-08
1,0,1,0,Pender,2022-03-09
0,0,0,0,Pender,2022-03-10
1,0,1,0,Pender,2022-03-11
1,0,1,0,Pender,2022-03-12
0,0,0,0,Pender,2022-03-13
5,4,1,0,Pender,2022-03-14
7,1,6,0,Pender,2022-03-15
2,0,2,0,Pender,2022-03-16
5,0,5,0,Pender,2022-03-17
0,0,0,0,Pender,2022-03-18
1,0,1,0,Pender,2022-03-19
0,0,0,0,Pender,2022-03-20
2,0,2,0,Pender,2022-03-21
1,0,1,0,Pender,2022-03-22
0,0,0,0,Pender,2022-03-23
1,0,1,0,Pender,2022-03-24
0,0,0,0,Pender,2022-03-25
0,0,0,0,Pender,2022-03-26
0,0,0,0,Pender,2022-03-27
2,0,2,0,Pender,2022-03-28
2,0,2,0,Pender,2022-03-30
2,0,2,0,Pender,2022-03-31
2,0,2,0,Pender,2022-04-01
0,0,0,0,Pender,2022-04-02
0,0,0,0,Pender,2022-04-03
3,0,3,0,Pender,2022-04-04
0,0,0,0,Pender,2022-04-05
2,0,2,0,Pender,2022-04-06
5,0,5,0,Pender,2022-04-07
2,0,2,0,Pender,2022-04-09
0,0,0,0,Pender,2022-04-10
9,2,7,0,Pender,2022-04-11
6,1,5,0,Pender,2022-04-12
8,1,7,0,Pender,2022-04-13
3,0,3,0,Pender,2022-04-14
7,1,6,0,Pender,2022-04-15
1,0,1,0,Pender,2022-04-16
2,0,2,0,Pender,2022-04-17
2,0,2,0,Pender,2022-04-18
2,2,0,0,Pender,2022-04-19
7,1,6,0,Pender,2022-04-21
5,1,4,0,Pender,2022-04-22
3,0,3,0,Pender,2022-04-23
8,1,7,0,Perquimans,2021-10-26
5,1,4,0,Perquimans,2021-10-27
5,1,4,0,Perquimans,2021-10-28
5,1,4,0,Perquimans,2021-10-29
2,0,2,0,Perquimans,2021-10-30
0,0,0,0,Perquimans,2021-10-31
9,1,8,0,Perquimans,2021-11-01
1,0,1,0,Perquimans,2021-11-02
1,1,0,0,Perquimans,2021-11-03
5,2,3,0,Perquimans,2021-11-04
0,0,0,0,Perquimans,2021-11-05
1,0,1,0,Perquimans,2021-11-06
9,3,6,0,Perquimans,2021-11-08
7,5,2,0,Perquimans,2021-11-09
1,1,0,0,Perquimans,2021-11-10
3,1,2,0,Perquimans,2021-11-12
2,0,2,0,Perquimans,2021-11-13
1,0,1,0,Perquimans,2021-11-14
12,8,4,0,Perquimans,2021-11-15
5,1,4,0,Perquimans,2021-11-16
3,0,3,0,Perquimans,2021-11-17
7,4,3,0,Perquimans,2021-11-18
5,1,4,0,Perquimans,2021-11-19
3,0,3,0,Perquimans,2021-11-20
3,0,3,0,Perquimans,2021-11-21
3,0,3,0,Perquimans,2021-11-23
9,1,8,0,Perquimans,2021-11-24
2,0,2,0,Perquimans,2021-11-26
5,0,5,0,Perquimans,2021-11-27
3,0,3,0,Perquimans,2021-11-28
9,2,7,0,Perquimans,2021-11-29
3,0,3,0,Perquimans,2021-11-30
2,0,2,0,Perquimans,2021-12-01
1,1,0,0,Perquimans,2021-12-02
2,0,2,0,Perquimans,2021-12-03
7,0,7,0,Perquimans,2021-12-04
2,2,0,0,Perquimans,2021-12-05
4,2,2,0,Perquimans,2021-12-06
7,0,7,0,Perquimans,2021-12-07
3,1,2,0,Perquimans,2021-12-08
0,0,0,0,Perquimans,2021-12-10
1,0,1,0,Perquimans,2021-12-12
0,0,0,0,Perquimans,2021-12-13
2,0,2,0,Perquimans,2021-12-15
9,3,6,0,Perquimans,2021-12-16
3,2,1,0,Perquimans,2021-12-17
6,1,5,0,Perquimans,2021-12-18
0,0,0,0,Perquimans,2021-12-19
10,5,5,0,Perquimans,2021-12-20
3,1,2,0,Perquimans,2021-12-21
15,6,9,0,Perquimans,2021-12-22
6,0,6,0,Perquimans,2021-12-23
3,0,3,0,Perquimans,2021-12-24
0,0,0,0,Perquimans,2021-12-25
5,1,4,0,Perquimans,2021-12-26
12,1,11,0,Perquimans,2021-12-27
26,0,26,0,Perquimans,2021-12-28
17,1,16,0,Perquimans,2021-12-29
18,5,13,0,Perquimans,2021-12-30
9,0,9,0,Perquimans,2021-12-31
8,0,8,0,Perquimans,2022-01-01
3,0,3,0,Perquimans,2022-01-02
30,3,27,0,Perquimans,2022-01-03
55,10,45,0,Perquimans,2022-01-04
32,4,28,0,Perquimans,2022-01-05
32,16,16,0,Perquimans,2022-01-07
13,0,13,0,Perquimans,2022-01-08
13,0,13,0,Perquimans,2022-01-09
52,19,33,0,Perquimans,2022-01-10
35,7,28,0,Perquimans,2022-01-11
21,6,15,0,Perquimans,2022-01-13
34,6,28,0,Perquimans,2022-01-14
18,2,16,0,Perquimans,2022-01-15
10,3,7,0,Perquimans,2022-01-16
32,4,28,0,Perquimans,2022-01-17
45,7,38,0,Perquimans,2022-01-18
24,5,19,0,Perquimans,2022-01-19
10,1,9,0,Perquimans,2022-01-21
6,1,5,0,Perquimans,2022-01-22
6,0,6,0,Perquimans,2022-01-23
29,4,25,0,Perquimans,2022-01-24
24,5,19,0,Perquimans,2022-01-25
21,7,14,0,Perquimans,2022-01-26
22,6,16,0,Perquimans,2022-01-27
11,1,10,0,Perquimans,2022-01-28
4,0,4,0,Perquimans,2022-01-29
19,3,16,0,Perquimans,2022-01-31
12,4,8,0,Perquimans,2022-02-01
8,1,7,0,Perquimans,2022-02-02
13,0,13,0,Perquimans,2022-02-03
3,1,2,0,Perquimans,2022-02-04
5,1,4,0,Perquimans,2022-02-06
12,3,9,0,Perquimans,2022-02-07
5,1,4,0,Perquimans,2022-02-08
17,0,17,0,Perquimans,2022-02-09
4,2,2,0,Perquimans,2022-02-10
3,0,3,0,Perquimans,2022-02-11
1,0,1,0,Perquimans,2022-02-12
6,1,5,0,Perquimans,2022-02-13
7,3,4,0,Perquimans,2022-02-14
2,0,2,0,Perquimans,2022-02-15
0,0,0,0,Perquimans,2022-02-16
2,0,2,0,Perquimans,2022-02-17
2,0,2,0,Perquimans,2022-02-18
0,0,0,0,Perquimans,2022-02-19
2,0,2,0,Perquimans,2022-02-20
4,0,4,0,Perquimans,2022-02-21
2,2,0,0,Perquimans,2022-02-22
1,1,0,0,Perquimans,2022-02-23
0,0,0,0,Perquimans,2022-02-24
0,0,0,0,Perquimans,2022-02-25
1,0,1,0,Perquimans,2022-02-26
0,0,0,0,Perquimans,2022-02-27
1,0,1,0,Perquimans,2022-02-28
1,0,1,0,Perquimans,2022-03-01
2,0,2,0,Perquimans,2022-03-02
1,0,1,0,Perquimans,2022-03-03
1,1,0,0,Perquimans,2022-03-04
0,0,0,0,Perquimans,2022-03-05
1,0,1,0,Perquimans,2022-03-06
0,0,0,0,Perquimans,2022-03-07
2,0,2,0,Perquimans,2022-03-08
0,0,0,0,Perquimans,2022-03-09
0,0,0,0,Perquimans,2022-03-10
3,0,3,0,Perquimans,2022-03-11
0,0,0,0,Perquimans,2022-03-12
1,0,1,0,Perquimans,2022-03-13
0,0,0,0,Perquimans,2022-03-14
0,0,0,0,Perquimans,2022-03-15
0,0,0,0,Perquimans,2022-03-16
0,0,0,0,Perquimans,2022-03-17
1,1,0,0,Perquimans,2022-03-18
0,0,0,0,Perquimans,2022-03-19
0,0,0,0,Perquimans,2022-03-20
0,0,0,0,Perquimans,2022-03-21
0,0,0,0,Perquimans,2022-03-22
0,0,0,0,Perquimans,2022-03-23
1,0,1,0,Perquimans,2022-03-24
0,0,0,0,Perquimans,2022-03-25
0,0,0,0,Perquimans,2022-03-26
1,1,0,0,Perquimans,2022-03-27
0,0,0,0,Perquimans,2022-03-28
0,0,0,0,Perquimans,2022-03-29
0,0,0,0,Perquimans,2022-03-30
0,0,0,0,Perquimans,2022-03-31
0,0,0,0,Perquimans,2022-04-01
0,0,0,0,Perquimans,2022-04-02
0,0,0,0,Perquimans,2022-04-03
1,0,1,0,Perquimans,2022-04-04
0,0,0,0,Perquimans,2022-04-05
3,2,1,0,Perquimans,2022-04-06
0,0,0,0,Perquimans,2022-04-07
0,0,0,0,Perquimans,2022-04-08
0,0,0,0,Perquimans,2022-04-09
0,0,0,0,Perquimans,2022-04-10
0,0,0,0,Perquimans,2022-04-12
0,0,0,0,Perquimans,2022-04-13
0,0,0,0,Perquimans,2022-04-14
0,0,0,0,Perquimans,2022-04-15
0,0,0,0,Perquimans,2022-04-16
0,0,0,0,Perquimans,2022-04-17
0,0,0,0,Perquimans,2022-04-18
0,0,0,0,Perquimans,2022-04-19
0,0,0,0,Perquimans,2022-04-20
0,0,0,0,Perquimans,2022-04-21
0,0,0,0,Perquimans,2022-04-22
0,0,0,0,Perquimans,2022-04-23
7,0,7,0,Person,2021-10-26
4,1,3,0,Person,2021-10-27
7,1,6,0,Person,2021-10-28
8,0,8,0,Person,2021-10-29
5,0,5,0,Person,2021-10-30
0,0,0,0,Person,2021-10-31
6,0,6,0,Person,2021-11-01
0,0,0,0,Person,2021-11-02
12,2,10,0,Person,2021-11-03
6,1,5,0,Person,2021-11-04
4,1,3,0,Person,2021-11-05
3,2,1,0,Person,2021-11-06
6,2,4,0,Person,2021-11-07
7,3,4,0,Person,2021-11-09
2,1,1,0,Person,2021-11-10
7,3,4,0,Person,2021-11-11
9,3,6,0,Person,2021-11-12
7,1,6,0,Person,2021-11-13
9,1,8,0,Person,2021-11-14
10,3,7,0,Person,2021-11-15
6,1,5,0,Person,2021-11-16
15,1,14,0,Person,2021-11-18
12,7,5,0,Person,2021-11-19
7,1,6,0,Person,2021-11-20
11,4,7,0,Person,2021-11-21
18,4,14,0,Person,2021-11-22
5,1,4,0,Person,2021-11-24
4,2,2,0,Person,2021-11-25
5,0,5,0,Person,2021-11-26
13,3,10,0,Person,2021-11-27
13,4,9,0,Person,2021-11-28
42,13,29,0,Person,2021-11-29
29,3,26,0,Person,2021-11-30
15,5,10,0,Person,2021-12-01
23,5,18,0,Person,2021-12-02
18,2,16,0,Person,2021-12-03
7,1,6,0,Person,2021-12-04
12,4,8,0,Person,2021-12-05
21,3,18,0,Person,2021-12-07
19,4,15,0,Person,2021-12-08
16,6,10,0,Person,2021-12-09
14,2,12,0,Person,2021-12-10
24,3,21,0,Person,2021-12-13
17,1,16,0,Person,2021-12-14
28,10,18,0,Person,2021-12-15
21,9,12,0,Person,2021-12-16
11,6,5,0,Person,2021-12-18
19,2,17,0,Person,2021-12-20
27,10,17,0,Person,2021-12-21
17,2,15,0,Person,2021-12-22
30,4,26,0,Person,2021-12-23
6,1,5,0,Person,2021-12-24
7,0,7,0,Person,2021-12-25
15,4,11,0,Person,2021-12-26
49,17,32,0,Person,2021-12-27
82,11,71,0,Person,2021-12-28
82,16,66,0,Person,2021-12-29
52,13,39,0,Person,2021-12-31
35,10,25,0,Person,2022-01-01
32,12,20,0,Person,2022-01-02
59,27,32,0,Person,2022-01-03
144,16,128,0,Person,2022-01-04
118,23,95,0,Person,2022-01-05
79,15,64,0,Person,2022-01-07
39,6,33,0,Person,2022-01-09
153,12,141,0,Person,2022-01-10
137,22,115,0,Person,2022-01-11
167,22,145,0,Person,2022-01-12
110,6,104,0,Person,2022-01-13
91,5,86,0,Person,2022-01-14
71,8,63,0,Person,2022-01-15
7,0,7,0,Person,2022-01-16
63,3,60,0,Person,2022-01-17
61,15,46,0,Person,2022-01-21
24,1,23,0,Person,2022-01-22
51,3,48,0,Person,2022-01-23
145,23,122,0,Person,2022-01-24
73,12,61,0,Person,2022-01-26
66,8,58,0,Person,2022-01-27
58,16,42,0,Person,2022-01-28
33,11,22,0,Person,2022-01-30
72,14,58,0,Person,2022-01-31
48,18,30,0,Person,2022-02-01
43,5,38,0,Person,2022-02-02
30,6,24,0,Person,2022-02-04
15,3,12,0,Person,2022-02-05
15,1,14,0,Person,2022-02-06
27,4,23,0,Person,2022-02-07
30,6,24,0,Person,2022-02-08
14,2,12,0,Person,2022-02-09
22,6,16,0,Person,2022-02-10
9,2,7,0,Person,2022-02-11
9,2,7,0,Person,2022-02-12
4,0,4,0,Person,2022-02-13
18,4,14,0,Person,2022-02-14
11,2,9,0,Person,2022-02-15
10,2,8,0,Person,2022-02-16
14,2,12,0,Person,2022-02-17
8,2,6,0,Person,2022-02-18
6,2,4,0,Person,2022-02-19
2,0,2,0,Person,2022-02-20
6,1,5,0,Person,2022-02-21
10,3,7,0,Person,2022-02-22
13,2,11,0,Person,2022-02-23
5,3,2,0,Person,2022-02-24
5,2,3,0,Person,2022-02-25
1,0,1,0,Person,2022-02-26
4,0,4,0,Person,2022-02-27
3,1,2,0,Person,2022-02-28
7,2,5,0,Person,2022-03-01
11,3,8,0,Person,2022-03-02
4,0,4,0,Person,2022-03-03
3,0,3,0,Person,2022-03-04
1,0,1,0,Person,2022-03-05
3,3,0,0,Person,2022-03-06
2,1,1,0,Person,2022-03-07
2,1,1,0,Person,2022-03-08
6,1,5,0,Person,2022-03-09
0,0,0,0,Person,2022-03-10
1,0,1,0,Person,2022-03-11
0,0,0,0,Person,2022-03-12
1,0,1,0,Person,2022-03-13
5,0,5,0,Person,2022-03-14
1,1,0,0,Person,2022-03-15
1,1,0,0,Person,2022-03-16
3,0,3,0,Person,2022-03-17
1,1,0,0,Person,2022-03-18
1,0,1,0,Person,2022-03-19
1,1,0,0,Person,2022-03-20
3,0,3,0,Person,2022-03-21
2,0,2,0,Person,2022-03-22
1,1,0,0,Person,2022-03-23
0,0,0,0,Person,2022-03-24
0,0,0,0,Person,2022-03-25
1,0,1,0,Person,2022-03-26
0,0,0,0,Person,2022-03-27
0,0,0,0,Person,2022-03-28
1,1,0,0,Person,2022-03-29
2,0,2,0,Person,2022-03-30
2,1,1,0,Person,2022-03-31
2,0,2,0,Person,2022-04-01
1,1,0,0,Person,2022-04-02
0,0,0,0,Person,2022-04-03
3,0,3,0,Person,2022-04-04
2,1,1,0,Person,2022-04-05
1,0,1,0,Person,2022-04-06
3,0,3,0,Person,2022-04-07
0,0,0,0,Person,2022-04-08
2,1,1,0,Person,2022-04-09
1,0,1,0,Person,2022-04-10
3,0,3,0,Person,2022-04-11
4,1,3,0,Person,2022-04-12
4,1,3,0,Person,2022-04-13
2,0,2,0,Person,2022-04-14
4,1,3,0,Person,2022-04-15
1,0,1,0,Person,2022-04-16
1,0,1,0,Person,2022-04-17
1,1,0,0,Person,2022-04-18
2,2,0,0,Person,2022-04-19
2,0,2,0,Person,2022-04-20
0,0,0,0,Person,2022-04-21
4,2,2,0,Person,2022-04-22
3,1,2,0,Person,2022-04-23
40,5,35,0,Pitt,2021-10-26
39,2,37,0,Pitt,2021-10-27
26,1,25,0,Pitt,2021-10-29
9,0,9,0,Pitt,2021-10-30
27,1,26,0,Pitt,2021-11-02
19,4,15,0,Pitt,2021-11-03
18,2,16,0,Pitt,2021-11-04
33,1,32,0,Pitt,2021-11-05
6,0,6,0,Pitt,2021-11-06
19,1,18,0,Pitt,2021-11-07
36,4,32,0,Pitt,2021-11-08
21,2,19,0,Pitt,2021-11-09
30,1,29,0,Pitt,2021-11-10
16,1,15,0,Pitt,2021-11-11
23,9,14,0,Pitt,2021-11-12
7,1,6,0,Pitt,2021-11-13
14,0,14,0,Pitt,2021-11-14
38,4,34,0,Pitt,2021-11-15
29,2,27,0,Pitt,2021-11-17
27,0,27,0,Pitt,2021-11-18
13,0,13,0,Pitt,2021-11-19
6,0,6,0,Pitt,2021-11-20
19,0,19,0,Pitt,2021-11-21
29,4,25,0,Pitt,2021-11-22
19,0,19,0,Pitt,2021-11-23
28,2,26,0,Pitt,2021-11-24
4,2,2,0,Pitt,2021-11-25
33,0,33,0,Pitt,2021-11-26
29,1,28,0,Pitt,2021-11-28
65,10,55,0,Pitt,2021-11-29
50,6,44,0,Pitt,2021-11-30
65,8,57,0,Pitt,2021-12-01
65,4,61,0,Pitt,2021-12-02
63,5,58,0,Pitt,2021-12-03
16,0,16,0,Pitt,2021-12-04
44,1,43,0,Pitt,2021-12-05
70,9,61,0,Pitt,2021-12-07
66,7,59,0,Pitt,2021-12-09
64,1,63,0,Pitt,2021-12-10
17,2,15,0,Pitt,2021-12-11
34,3,31,0,Pitt,2021-12-12
70,8,62,0,Pitt,2021-12-13
70,8,62,0,Pitt,2021-12-15
54,5,49,0,Pitt,2021-12-16
36,2,34,0,Pitt,2021-12-17
41,1,40,0,Pitt,2021-12-19
86,8,78,0,Pitt,2021-12-20
101,5,96,0,Pitt,2021-12-21
130,10,120,0,Pitt,2021-12-22
146,8,138,0,Pitt,2021-12-23
35,11,24,0,Pitt,2021-12-24
21,5,16,0,Pitt,2021-12-25
52,7,45,0,Pitt,2021-12-26
428,23,405,0,Pitt,2021-12-27
496,34,462,0,Pitt,2021-12-29
521,41,480,0,Pitt,2021-12-30
348,11,337,0,Pitt,2021-12-31
85,12,73,0,Pitt,2022-01-01
217,21,196,0,Pitt,2022-01-02
657,75,582,0,Pitt,2022-01-03
924,74,850,0,Pitt,2022-01-04
650,37,613,0,Pitt,2022-01-05
686,51,635,0,Pitt,2022-01-07
272,42,230,0,Pitt,2022-01-08
355,14,341,0,Pitt,2022-01-09
1048,61,987,0,Pitt,2022-01-10
977,59,918,0,Pitt,2022-01-11
911,61,850,0,Pitt,2022-01-12
852,78,774,0,Pitt,2022-01-13
822,74,748,0,Pitt,2022-01-14
132,19,113,0,Pitt,2022-01-16
670,77,593,0,Pitt,2022-01-17
1046,86,960,0,Pitt,2022-01-18
843,89,754,0,Pitt,2022-01-19
716,65,651,0,Pitt,2022-01-20
109,0,109,0,Pitt,2022-01-21
56,1,55,0,Pitt,2022-01-22
246,11,235,0,Pitt,2022-01-23
449,52,397,0,Pitt,2022-01-26
287,26,261,0,Pitt,2022-01-28
70,12,58,0,Pitt,2022-01-29
129,5,124,0,Pitt,2022-01-30
313,32,281,0,Pitt,2022-01-31
242,24,218,0,Pitt,2022-02-01
175,12,163,0,Pitt,2022-02-02
160,15,145,0,Pitt,2022-02-03
157,8,149,0,Pitt,2022-02-04
61,2,59,0,Pitt,2022-02-06
146,11,135,0,Pitt,2022-02-07
134,14,120,0,Pitt,2022-02-08
95,10,85,0,Pitt,2022-02-09
93,8,85,0,Pitt,2022-02-10
63,7,56,0,Pitt,2022-02-11
20,1,19,0,Pitt,2022-02-12
41,3,38,0,Pitt,2022-02-13
62,13,49,0,Pitt,2022-02-15
42,7,35,0,Pitt,2022-02-16
41,2,39,0,Pitt,2022-02-17
41,4,37,0,Pitt,2022-02-21
42,6,36,0,Pitt,2022-02-22
7,0,7,0,Pitt,2022-02-27
28,2,26,0,Pitt,2022-02-28
11,1,10,0,Pitt,2022-03-01
11,1,10,0,Pitt,2022-03-02
20,4,16,0,Pitt,2022-03-03
5,2,3,0,Pitt,2022-03-05
15,3,12,0,Pitt,2022-03-07
4,2,2,0,Pitt,2022-03-08
9,2,7,0,Pitt,2022-03-09
9,2,7,0,Pitt,2022-03-10
5,1,4,0,Pitt,2022-03-11
1,0,1,0,Pitt,2022-03-12
1,0,1,0,Pitt,2022-03-13
4,0,4,0,Pitt,2022-03-14
4,1,3,0,Pitt,2022-03-15
2,0,2,0,Pitt,2022-03-16
9,1,8,0,Pitt,2022-03-17
6,1,5,0,Pitt,2022-03-18
3,0,3,0,Pitt,2022-03-19
2,0,2,0,Pitt,2022-03-20
3,0,3,0,Pitt,2022-03-21
4,1,3,0,Pitt,2022-03-22
5,0,5,0,Pitt,2022-03-23
3,1,2,0,Pitt,2022-03-24
4,0,4,0,Pitt,2022-03-25
4,0,4,0,Pitt,2022-03-26
0,0,0,0,Pitt,2022-03-27
3,1,2,0,Pitt,2022-03-29
4,1,3,0,Pitt,2022-03-30
2,0,2,0,Pitt,2022-03-31
4,0,4,0,Pitt,2022-04-01
3,0,3,0,Pitt,2022-04-02
4,0,4,0,Pitt,2022-04-03
9,3,6,0,Pitt,2022-04-04
13,1,12,0,Pitt,2022-04-05
13,0,13,0,Pitt,2022-04-06
11,1,10,0,Pitt,2022-04-07
6,0,6,0,Pitt,2022-04-09
5,0,5,0,Pitt,2022-04-10
21,2,19,0,Pitt,2022-04-11
16,3,13,0,Pitt,2022-04-12
15,0,15,0,Pitt,2022-04-13
15,2,13,0,Pitt,2022-04-14
4,0,4,0,Pitt,2022-04-16
3,1,2,0,Pitt,2022-04-17
11,0,11,0,Pitt,2022-04-18
12,5,7,0,Pitt,2022-04-20
11,0,11,0,Pitt,2022-04-21
11,1,10,0,Pitt,2022-04-22
9,2,7,0,Pitt,2022-04-23
3,1,2,0,Polk,2021-10-26
3,2,1,0,Polk,2021-10-27
0,0,0,0,Polk,2021-10-28
4,1,3,0,Polk,2021-10-29
3,1,2,0,Polk,2021-10-30
2,0,2,0,Polk,2021-10-31
7,4,3,0,Polk,2021-11-01
4,0,4,0,Polk,2021-11-02
4,2,2,0,Polk,2021-11-03
5,1,4,0,Polk,2021-11-04
3,3,0,0,Polk,2021-11-05
3,1,2,0,Polk,2021-11-06
0,0,0,0,Polk,2021-11-07
4,4,0,0,Polk,2021-11-08
2,1,1,0,Polk,2021-11-09
0,0,0,0,Polk,2021-11-10
9,4,5,0,Polk,2021-11-12
0,0,0,0,Polk,2021-11-14
8,3,5,0,Polk,2021-11-15
3,2,1,0,Polk,2021-11-16
4,2,2,0,Polk,2021-11-17
1,1,0,0,Polk,2021-11-18
2,2,0,0,Polk,2021-11-19
1,0,1,0,Polk,2021-11-20
1,1,0,0,Polk,2021-11-21
5,3,2,0,Polk,2021-11-22
2,1,1,0,Polk,2021-11-23
5,3,2,0,Polk,2021-11-24
2,1,1,0,Polk,2021-11-25
4,1,3,0,Polk,2021-11-26
1,1,0,0,Polk,2021-11-27
2,2,0,0,Polk,2021-11-28
6,1,5,0,Polk,2021-11-29
7,4,3,0,Polk,2021-11-30
0,0,0,0,Polk,2021-12-01
6,3,3,0,Polk,2021-12-02
4,2,2,0,Polk,2021-12-03
2,1,1,0,Polk,2021-12-04
2,2,0,0,Polk,2021-12-05
3,2,1,0,Polk,2021-12-07
1,1,0,0,Polk,2021-12-08
3,2,1,0,Polk,2021-12-09
2,2,0,0,Polk,2021-12-10
3,1,2,0,Polk,2021-12-11
1,1,0,0,Polk,2021-12-12
5,2,3,0,Polk,2021-12-13
3,2,1,0,Polk,2021-12-14
3,1,2,0,Polk,2021-12-15
8,1,7,0,Polk,2021-12-16
5,2,3,0,Polk,2021-12-17
3,3,0,0,Polk,2021-12-19
11,7,4,0,Polk,2021-12-20
3,1,2,0,Polk,2021-12-21
5,3,2,0,Polk,2021-12-22
3,2,1,0,Polk,2021-12-23
5,2,3,0,Polk,2021-12-24
1,0,1,0,Polk,2021-12-25
4,1,3,0,Polk,2021-12-26
21,10,11,0,Polk,2021-12-27
26,18,8,0,Polk,2021-12-29
12,2,10,0,Polk,2021-12-30
12,7,5,0,Polk,2021-12-31
8,6,2,0,Polk,2022-01-01
10,6,4,0,Polk,2022-01-02
36,16,20,0,Polk,2022-01-03
41,17,24,0,Polk,2022-01-04
35,16,19,0,Polk,2022-01-05
27,8,19,0,Polk,2022-01-06
33,18,15,0,Polk,2022-01-07
24,4,20,0,Polk,2022-01-08
10,1,9,0,Polk,2022-01-09
66,15,51,0,Polk,2022-01-10
59,28,31,0,Polk,2022-01-11
72,39,33,0,Polk,2022-01-13
52,27,25,0,Polk,2022-01-14
24,15,9,0,Polk,2022-01-15
1,1,0,0,Polk,2022-01-16
46,29,17,0,Polk,2022-01-18
41,23,18,0,Polk,2022-01-19
48,27,21,0,Polk,2022-01-20
34,15,19,0,Polk,2022-01-21
16,7,9,0,Polk,2022-01-22
12,6,6,0,Polk,2022-01-23
29,13,16,0,Polk,2022-01-25
28,13,15,0,Polk,2022-01-26
26,15,11,0,Polk,2022-01-27
19,9,10,0,Polk,2022-01-28
10,3,7,0,Polk,2022-01-29
29,12,17,0,Polk,2022-01-31
28,14,14,0,Polk,2022-02-01
15,10,5,0,Polk,2022-02-02
12,5,7,0,Polk,2022-02-04
9,6,3,0,Polk,2022-02-05
3,1,2,0,Polk,2022-02-06
23,15,8,0,Polk,2022-02-07
22,14,8,0,Polk,2022-02-08
11,4,7,0,Polk,2022-02-09
14,8,6,0,Polk,2022-02-10
9,4,5,0,Polk,2022-02-11
4,1,3,0,Polk,2022-02-12
1,1,0,0,Polk,2022-02-13
8,3,5,0,Polk,2022-02-14
4,3,1,0,Polk,2022-02-15
3,1,2,0,Polk,2022-02-18
2,0,2,0,Polk,2022-02-19
5,2,3,0,Polk,2022-02-21
1,0,1,0,Polk,2022-02-22
3,2,1,0,Polk,2022-02-23
4,4,0,0,Polk,2022-02-24
2,1,1,0,Polk,2022-02-25
5,0,5,0,Polk,2022-02-26
2,1,1,0,Polk,2022-02-27
1,1,0,0,Polk,2022-02-28
2,2,0,0,Polk,2022-03-01
1,1,0,0,Polk,2022-03-02
3,1,2,0,Polk,2022-03-04
2,1,1,0,Polk,2022-03-05
0,0,0,0,Polk,2022-03-06
1,1,0,0,Polk,2022-03-07
0,0,0,0,Polk,2022-03-08
0,0,0,0,Polk,2022-03-09
1,0,1,0,Polk,2022-03-10
0,0,0,0,Polk,2022-03-11
0,0,0,0,Polk,2022-03-12
0,0,0,0,Polk,2022-03-13
0,0,0,0,Polk,2022-03-15
0,0,0,0,Polk,2022-03-16
0,0,0,0,Polk,2022-03-17
1,1,0,0,Polk,2022-03-18
0,0,0,0,Polk,2022-03-20
1,0,1,0,Polk,2022-03-21
3,0,3,0,Polk,2022-03-22
2,0,2,0,Polk,2022-03-23
4,1,3,0,Polk,2022-03-24
5,1,4,0,Polk,2022-03-25
2,2,0,0,Polk,2022-03-26
1,1,0,0,Polk,2022-03-27
5,2,3,0,Polk,2022-03-28
5,0,5,0,Polk,2022-03-29
10,4,6,0,Polk,2022-03-30
6,4,2,0,Polk,2022-03-31
3,1,2,0,Polk,2022-04-01
0,0,0,0,Polk,2022-04-02
0,0,0,0,Polk,2022-04-03
5,4,1,0,Polk,2022-04-04
0,0,0,0,Polk,2022-04-05
0,0,0,0,Polk,2022-04-06
2,2,0,0,Polk,2022-04-07
0,0,0,0,Polk,2022-04-08
1,1,0,0,Polk,2022-04-09
0,0,0,0,Polk,2022-04-10
0,0,0,0,Polk,2022-04-12
1,0,1,0,Polk,2022-04-13
0,0,0,0,Polk,2022-04-14
1,1,0,0,Polk,2022-04-15
1,0,1,0,Polk,2022-04-16
0,0,0,0,Polk,2022-04-17
1,1,0,0,Polk,2022-04-18
0,0,0,0,Polk,2022-04-20
0,0,0,0,Polk,2022-04-21
0,0,0,0,Polk,2022-04-22
0,0,0,0,Polk,2022-04-23
22,5,17,0,Randolph,2021-10-27
34,6,28,0,Randolph,2021-10-28
22,8,14,0,Randolph,2021-10-30
28,3,25,0,Randolph,2021-11-03
14,5,9,0,Randolph,2021-11-05
14,3,11,0,Randolph,2021-11-06
15,4,11,0,Randolph,2021-11-07
33,11,22,0,Randolph,2021-11-09
31,15,16,0,Randolph,2021-11-10
16,6,10,0,Randolph,2021-11-13
10,5,5,0,Randolph,2021-11-14
47,17,30,0,Randolph,2021-11-16
29,5,24,0,Randolph,2021-11-18
24,11,13,0,Randolph,2021-11-24
36,18,18,0,Randolph,2021-11-26
24,10,14,0,Randolph,2021-11-28
55,22,33,0,Randolph,2021-11-29
47,10,37,0,Randolph,2021-11-30
45,15,30,0,Randolph,2021-12-01
42,19,23,0,Randolph,2021-12-02
36,11,25,0,Randolph,2021-12-04
79,28,51,0,Randolph,2021-12-06
69,22,47,0,Randolph,2021-12-07
45,20,25,0,Randolph,2021-12-08
51,24,27,0,Randolph,2021-12-09
51,21,30,0,Randolph,2021-12-10
36,15,21,0,Randolph,2021-12-12
67,29,38,0,Randolph,2021-12-13
61,32,29,0,Randolph,2021-12-15
40,19,21,0,Randolph,2021-12-18
45,18,27,0,Randolph,2021-12-19
85,23,62,0,Randolph,2021-12-21
90,33,57,0,Randolph,2021-12-23
21,0,21,0,Randolph,2021-12-25
61,28,33,0,Randolph,2021-12-26
188,79,109,0,Randolph,2021-12-27
198,72,126,0,Randolph,2021-12-30
117,53,64,0,Randolph,2021-12-31
312,114,198,0,Randolph,2022-01-04
304,112,192,0,Randolph,2022-01-05
278,89,189,0,Randolph,2022-01-07
579,143,436,0,Randolph,2022-01-10
508,63,445,0,Randolph,2022-01-11
233,52,181,0,Randolph,2022-01-15
97,19,78,0,Randolph,2022-01-17
627,145,482,0,Randolph,2022-01-19
161,33,128,0,Randolph,2022-01-23
169,59,110,0,Randolph,2022-01-28
60,16,44,0,Randolph,2022-01-29
90,22,68,0,Randolph,2022-02-08
59,14,45,0,Randolph,2022-02-15
20,11,9,0,Randolph,2022-02-19
16,3,13,0,Randolph,2022-02-20
25,5,20,0,Randolph,2022-02-22
29,8,21,0,Randolph,2022-02-23
23,11,12,0,Randolph,2022-02-24
21,4,17,0,Randolph,2022-02-25
8,1,7,0,Randolph,2022-02-26
8,1,7,0,Randolph,2022-02-27
24,9,15,0,Randolph,2022-02-28
16,5,11,0,Randolph,2022-03-01
14,9,5,0,Randolph,2022-03-02
16,6,10,0,Randolph,2022-03-03
9,3,6,0,Randolph,2022-03-04
11,5,6,0,Randolph,2022-03-05
12,3,9,0,Randolph,2022-03-06
11,1,10,0,Randolph,2022-03-09
5,1,4,0,Randolph,2022-03-10
7,0,7,0,Randolph,2022-03-11
2,0,2,0,Randolph,2022-03-12
5,3,2,0,Randolph,2022-03-13
7,1,6,0,Randolph,2022-03-14
3,0,3,0,Randolph,2022-03-15
3,1,2,0,Randolph,2022-03-18
3,3,0,0,Randolph,2022-03-19
5,0,5,0,Randolph,2022-03-20
4,0,4,0,Randolph,2022-03-21
5,1,4,0,Randolph,2022-03-22
1,0,1,0,Randolph,2022-03-23
2,0,2,0,Randolph,2022-03-24
2,0,2,0,Randolph,2022-03-25
2,1,1,0,Randolph,2022-03-26
1,0,1,0,Randolph,2022-03-27
3,1,2,0,Randolph,2022-03-28
4,1,3,0,Randolph,2022-03-29
5,1,4,0,Randolph,2022-03-30
2,2,0,0,Randolph,2022-03-31
2,1,1,0,Randolph,2022-04-01
3,0,3,0,Randolph,2022-04-02
3,0,3,0,Randolph,2022-04-03
3,1,2,0,Randolph,2022-04-04
8,2,6,0,Randolph,2022-04-05
7,4,3,0,Randolph,2022-04-06
3,0,3,0,Randolph,2022-04-07
7,3,4,0,Randolph,2022-04-09
2,0,2,0,Randolph,2022-04-10
9,6,3,0,Randolph,2022-04-11
12,1,11,0,Randolph,2022-04-13
11,2,9,0,Randolph,2022-04-14
4,1,3,0,Randolph,2022-04-15
4,1,3,0,Randolph,2022-04-16
1,0,1,0,Randolph,2022-04-17
11,7,4,0,Randolph,2022-04-18
15,5,10,0,Randolph,2022-04-19
4,1,3,0,Randolph,2022-04-20
11,3,8,0,Randolph,2022-04-21
8,1,7,0,Randolph,2022-04-22
3,1,2,0,Randolph,2022-04-23
5,0,5,0,Richmond,2021-10-27
5,1,4,0,Richmond,2021-10-28
10,4,6,0,Richmond,2021-10-29
14,1,13,0,Richmond,2021-11-01
10,1,9,0,Richmond,2021-11-02
9,0,9,0,Richmond,2021-11-03
10,3,7,0,Richmond,2021-11-04
2,0,2,0,Richmond,2021-11-05
4,3,1,0,Richmond,2021-11-06
4,1,3,0,Richmond,2021-11-07
9,1,8,0,Richmond,2021-11-08
5,0,5,0,Richmond,2021-11-09
5,0,5,0,Richmond,2021-11-10
7,1,6,0,Richmond,2021-11-12
2,0,2,0,Richmond,2021-11-13
1,0,1,0,Richmond,2021-11-14
13,9,4,0,Richmond,2021-11-16
6,0,6,0,Richmond,2021-11-18
5,0,5,0,Richmond,2021-11-19
0,0,0,0,Richmond,2021-11-21
12,7,5,0,Richmond,2021-11-24
2,1,1,0,Richmond,2021-11-25
12,5,7,0,Richmond,2021-11-26
8,3,5,0,Richmond,2021-11-27
21,1,20,0,Richmond,2021-11-29
26,4,22,0,Richmond,2021-11-30
11,2,9,0,Richmond,2021-12-01
21,3,18,0,Richmond,2021-12-02
14,2,12,0,Richmond,2021-12-03
6,2,4,0,Richmond,2021-12-05
20,5,15,0,Richmond,2021-12-07
15,3,12,0,Richmond,2021-12-09
12,2,10,0,Richmond,2021-12-10
8,2,6,0,Richmond,2021-12-11
5,0,5,0,Richmond,2021-12-12
24,7,17,0,Richmond,2021-12-13
19,5,14,0,Richmond,2021-12-14
12,4,8,0,Richmond,2021-12-15
8,4,4,0,Richmond,2021-12-17
8,1,7,0,Richmond,2021-12-18
19,5,14,0,Richmond,2021-12-20
35,10,25,0,Richmond,2021-12-21
20,6,14,0,Richmond,2021-12-22
32,3,29,0,Richmond,2021-12-26
107,8,99,0,Richmond,2021-12-28
107,4,103,0,Richmond,2021-12-29
93,7,86,0,Richmond,2021-12-30
69,3,66,0,Richmond,2021-12-31
64,3,61,0,Richmond,2022-01-01
204,21,183,0,Richmond,2022-01-04
202,35,167,0,Richmond,2022-01-06
167,14,153,0,Richmond,2022-01-07
69,7,62,0,Richmond,2022-01-08
94,10,84,0,Richmond,2022-01-09
319,65,254,0,Richmond,2022-01-10
282,46,236,0,Richmond,2022-01-11
193,15,178,0,Richmond,2022-01-14
29,6,23,0,Richmond,2022-01-16
95,14,81,0,Richmond,2022-01-17
352,61,291,0,Richmond,2022-01-18
41,4,37,0,Richmond,2022-01-23
68,8,60,0,Richmond,2022-01-28
23,5,18,0,Richmond,2022-01-30
78,26,52,0,Richmond,2022-01-31
55,21,34,0,Richmond,2022-02-01
12,2,10,0,Richmond,2022-02-05
23,7,16,0,Richmond,2022-02-09
23,10,13,0,Richmond,2022-02-10
7,1,6,0,Richmond,2022-02-12
33,9,24,0,Richmond,2022-02-14
11,1,10,0,Richmond,2022-02-18
8,3,5,0,Richmond,2022-02-19
2,1,1,0,Richmond,2022-02-20
11,1,10,0,Richmond,2022-02-21
12,0,12,0,Richmond,2022-02-22
11,2,9,0,Richmond,2022-02-23
1,0,1,0,Richmond,2022-02-24
8,0,8,0,Richmond,2022-02-25
2,0,2,0,Richmond,2022-02-26
0,0,0,0,Richmond,2022-02-27
9,1,8,0,Richmond,2022-02-28
1,0,1,0,Richmond,2022-03-01
5,2,3,0,Richmond,2022-03-02
2,1,1,0,Richmond,2022-03-03
3,0,3,0,Richmond,2022-03-04
0,0,0,0,Richmond,2022-03-06
4,0,4,0,Richmond,2022-03-07
3,0,3,0,Richmond,2022-03-08
4,1,3,0,Richmond,2022-03-09
1,0,1,0,Richmond,2022-03-11
0,0,0,0,Richmond,2022-03-12
3,0,3,0,Richmond,2022-03-13
2,0,2,0,Richmond,2022-03-14
0,0,0,0,Richmond,2022-03-15
1,1,0,0,Richmond,2022-03-16
0,0,0,0,Richmond,2022-03-17
0,0,0,0,Richmond,2022-03-18
0,0,0,0,Richmond,2022-03-19
0,0,0,0,Richmond,2022-03-20
1,0,1,0,Richmond,2022-03-21
0,0,0,0,Richmond,2022-03-22
1,0,1,0,Richmond,2022-03-23
4,1,3,0,Richmond,2022-03-24
1,0,1,0,Richmond,2022-03-25
0,0,0,0,Richmond,2022-03-26
0,0,0,0,Richmond,2022-03-27
0,0,0,0,Richmond,2022-03-28
0,0,0,0,Richmond,2022-03-29
0,0,0,0,Richmond,2022-03-30
0,0,0,0,Richmond,2022-03-31
1,1,0,0,Richmond,2022-04-01
0,0,0,0,Richmond,2022-04-02
0,0,0,0,Richmond,2022-04-03
1,0,1,0,Richmond,2022-04-04
1,0,1,0,Richmond,2022-04-05
0,0,0,0,Richmond,2022-04-06
0,0,0,0,Richmond,2022-04-07
0,0,0,0,Richmond,2022-04-08
0,0,0,0,Richmond,2022-04-09
1,0,1,0,Richmond,2022-04-10
1,0,1,0,Richmond,2022-04-11
2,0,2,0,Richmond,2022-04-12
6,4,2,0,Richmond,2022-04-13
4,1,3,0,Richmond,2022-04-14
3,0,3,0,Richmond,2022-04-15
1,1,0,0,Richmond,2022-04-16
0,0,0,0,Richmond,2022-04-17
4,0,4,0,Richmond,2022-04-18
4,1,3,0,Richmond,2022-04-19
6,0,6,0,Richmond,2022-04-20
5,3,2,0,Richmond,2022-04-22
1,0,1,0,Richmond,2022-04-23
20,12,8,0,Robeson,2021-10-27
15,8,7,0,Robeson,2021-10-28
23,8,15,0,Robeson,2021-10-29
7,2,5,0,Robeson,2021-10-30
7,2,5,0,Robeson,2021-10-31
19,6,13,0,Robeson,2021-11-01
24,5,19,0,Robeson,2021-11-02
19,4,15,0,Robeson,2021-11-03
16,3,13,0,Robeson,2021-11-04
6,4,2,0,Robeson,2021-11-07
25,8,17,0,Robeson,2021-11-09
23,12,11,0,Robeson,2021-11-10
11,2,9,0,Robeson,2021-11-14
28,10,18,0,Robeson,2021-11-15
21,6,15,0,Robeson,2021-11-17
19,7,12,0,Robeson,2021-11-19
11,1,10,0,Robeson,2021-11-20
3,2,1,0,Robeson,2021-11-21
28,11,17,0,Robeson,2021-11-22
30,9,21,0,Robeson,2021-11-24
2,1,1,0,Robeson,2021-11-25
9,5,4,0,Robeson,2021-11-26
17,10,7,0,Robeson,2021-11-27
44,9,35,0,Robeson,2021-11-29
53,11,42,0,Robeson,2021-11-30
28,4,24,0,Robeson,2021-12-02
28,9,19,0,Robeson,2021-12-03
23,12,11,0,Robeson,2021-12-04
64,16,48,0,Robeson,2021-12-06
50,22,28,0,Robeson,2021-12-07
57,26,31,0,Robeson,2021-12-08
55,22,33,0,Robeson,2021-12-13
48,18,30,0,Robeson,2021-12-14
38,10,28,0,Robeson,2021-12-15
38,12,26,0,Robeson,2021-12-16
47,14,33,0,Robeson,2021-12-17
55,17,38,0,Robeson,2021-12-20
52,19,33,0,Robeson,2021-12-22
64,28,36,0,Robeson,2021-12-26
52,20,32,0,Robeson,2022-01-01
140,61,79,0,Robeson,2022-01-02
474,205,269,0,Robeson,2022-01-03
497,152,345,0,Robeson,2022-01-04
516,190,326,0,Robeson,2022-01-06
197,90,107,0,Robeson,2022-01-09
748,281,467,0,Robeson,2022-01-10
758,288,470,0,Robeson,2022-01-11
718,271,447,0,Robeson,2022-01-12
667,255,412,0,Robeson,2022-01-13
43,26,17,0,Robeson,2022-01-22
502,186,316,0,Robeson,2022-01-24
235,79,156,0,Robeson,2022-01-31
157,62,95,0,Robeson,2022-02-01
22,5,17,0,Robeson,2022-02-12
33,16,17,0,Robeson,2022-02-14
34,6,28,0,Robeson,2022-02-15
34,12,22,0,Robeson,2022-02-22
16,7,9,0,Robeson,2022-02-23
4,1,3,0,Robeson,2022-02-26
9,2,7,0,Robeson,2022-02-28
13,7,6,0,Robeson,2022-03-02
12,3,9,0,Robeson,2022-03-03
7,0,7,0,Robeson,2022-03-04
7,3,4,0,Robeson,2022-03-05
3,2,1,0,Robeson,2022-03-06
6,5,1,0,Robeson,2022-03-07
8,4,4,0,Robeson,2022-03-08
7,3,4,0,Robeson,2022-03-09
5,4,1,0,Robeson,2022-03-10
3,1,2,0,Robeson,2022-03-11
3,2,1,0,Robeson,2022-03-12
8,2,6,0,Robeson,2022-03-14
6,2,4,0,Robeson,2022-03-15
3,3,0,0,Robeson,2022-03-16
8,3,5,0,Robeson,2022-03-17
2,1,1,0,Robeson,2022-03-18
0,0,0,0,Robeson,2022-03-19
2,0,2,0,Robeson,2022-03-20
4,1,3,0,Robeson,2022-03-21
0,0,0,0,Robeson,2022-03-22
7,3,4,0,Robeson,2022-03-23
3,1,2,0,Robeson,2022-03-24
1,1,0,0,Robeson,2022-03-25
3,0,3,0,Robeson,2022-03-26
1,0,1,0,Robeson,2022-03-27
6,1,5,0,Robeson,2022-03-28
7,3,4,0,Robeson,2022-03-29
4,0,4,0,Robeson,2022-03-30
3,1,2,0,Robeson,2022-03-31
3,3,0,0,Robeson,2022-04-01
1,1,0,0,Robeson,2022-04-02
2,1,1,0,Robeson,2022-04-03
11,8,3,0,Robeson,2022-04-04
4,2,2,0,Robeson,2022-04-05
10,5,5,0,Robeson,2022-04-06
4,2,2,0,Robeson,2022-04-07
10,5,5,0,Robeson,2022-04-08
3,3,0,0,Robeson,2022-04-09
2,2,0,0,Robeson,2022-04-10
9,6,3,0,Robeson,2022-04-11
11,4,7,0,Robeson,2022-04-12
6,4,2,0,Robeson,2022-04-13
7,4,3,0,Robeson,2022-04-14
9,3,6,0,Robeson,2022-04-15
5,4,1,0,Robeson,2022-04-16
5,1,4,0,Robeson,2022-04-17
8,3,5,0,Robeson,2022-04-18
11,6,5,0,Robeson,2022-04-19
4,2,2,0,Robeson,2022-04-20
14,13,1,0,Robeson,2022-04-21
7,5,2,0,Robeson,2022-04-22
6,5,1,0,Robeson,2022-04-23
29,9,20,0,Rockingham,2021-10-27
12,2,10,0,Rockingham,2021-10-30
5,0,5,0,Rockingham,2021-10-31
34,4,30,0,Rockingham,2021-11-01
30,9,21,0,Rockingham,2021-11-02
43,9,34,0,Rockingham,2021-11-03
26,1,25,0,Rockingham,2021-11-04
24,3,21,0,Rockingham,2021-11-05
11,1,10,0,Rockingham,2021-11-07
28,5,23,0,Rockingham,2021-11-08
28,4,24,0,Rockingham,2021-11-09
23,4,19,0,Rockingham,2021-11-10
16,1,15,0,Rockingham,2021-11-11
24,5,19,0,Rockingham,2021-11-12
15,1,14,0,Rockingham,2021-11-14
43,7,36,0,Rockingham,2021-11-15
32,7,25,0,Rockingham,2021-11-16
33,3,30,0,Rockingham,2021-11-17
15,2,13,0,Rockingham,2021-11-19
13,1,12,0,Rockingham,2021-11-20
26,7,19,0,Rockingham,2021-11-22
3,0,3,0,Rockingham,2021-11-25
17,4,13,0,Rockingham,2021-11-27
15,0,15,0,Rockingham,2021-11-28
50,11,39,0,Rockingham,2021-11-29
50,11,39,0,Rockingham,2021-11-30
39,8,31,0,Rockingham,2021-12-01
46,12,34,0,Rockingham,2021-12-02
47,6,41,0,Rockingham,2021-12-03
19,4,15,0,Rockingham,2021-12-04
24,0,24,0,Rockingham,2021-12-05
64,13,51,0,Rockingham,2021-12-06
47,7,40,0,Rockingham,2021-12-07
25,4,21,0,Rockingham,2021-12-10
23,1,22,0,Rockingham,2021-12-12
31,8,23,0,Rockingham,2021-12-15
29,5,24,0,Rockingham,2021-12-16
40,10,30,0,Rockingham,2021-12-17
69,15,54,0,Rockingham,2021-12-20
48,4,44,0,Rockingham,2021-12-21
50,9,41,0,Rockingham,2021-12-22
48,9,39,0,Rockingham,2021-12-23
162,35,127,0,Rockingham,2021-12-27
144,24,120,0,Rockingham,2021-12-28
59,6,53,0,Rockingham,2022-01-02
190,57,133,0,Rockingham,2022-01-03
264,56,208,0,Rockingham,2022-01-04
329,78,251,0,Rockingham,2022-01-05
259,51,208,0,Rockingham,2022-01-07
347,30,317,0,Rockingham,2022-01-10
316,25,291,0,Rockingham,2022-01-12
273,29,244,0,Rockingham,2022-01-13
149,26,123,0,Rockingham,2022-01-15
83,32,51,0,Rockingham,2022-01-17
291,65,226,0,Rockingham,2022-01-24
195,35,160,0,Rockingham,2022-01-25
177,27,150,0,Rockingham,2022-01-26
159,24,135,0,Rockingham,2022-01-27
114,8,106,0,Rockingham,2022-01-28
42,5,37,0,Rockingham,2022-01-30
129,8,121,0,Rockingham,2022-01-31
101,4,97,0,Rockingham,2022-02-01
71,7,64,0,Rockingham,2022-02-03
28,4,24,0,Rockingham,2022-02-06
60,4,56,0,Rockingham,2022-02-10
11,2,9,0,Rockingham,2022-02-12
55,8,47,0,Rockingham,2022-02-14
28,5,23,0,Rockingham,2022-02-15
32,2,30,0,Rockingham,2022-02-16
10,2,8,0,Rockingham,2022-02-19
7,1,6,0,Rockingham,2022-02-20
27,6,21,0,Rockingham,2022-02-21
27,3,24,0,Rockingham,2022-02-22
11,2,9,0,Rockingham,2022-02-23
15,1,14,0,Rockingham,2022-02-25
9,0,9,0,Rockingham,2022-02-26
9,0,9,0,Rockingham,2022-02-27
23,3,20,0,Rockingham,2022-02-28
11,2,9,0,Rockingham,2022-03-01
8,1,7,0,Rockingham,2022-03-03
10,1,9,0,Rockingham,2022-03-04
4,0,4,0,Rockingham,2022-03-05
3,0,3,0,Rockingham,2022-03-06
12,1,11,0,Rockingham,2022-03-07
5,1,4,0,Rockingham,2022-03-08
6,0,6,0,Rockingham,2022-03-10
2,0,2,0,Rockingham,2022-03-11
0,0,0,0,Rockingham,2022-03-12
1,0,1,0,Rockingham,2022-03-13
3,0,3,0,Rockingham,2022-03-14
4,0,4,0,Rockingham,2022-03-15
1,0,1,0,Rockingham,2022-03-16
0,0,0,0,Rockingham,2022-03-17
7,1,6,0,Rockingham,2022-03-18
5,0,5,0,Rockingham,2022-03-19
1,0,1,0,Rockingham,2022-03-20
3,0,3,0,Rockingham,2022-03-21
2,0,2,0,Rockingham,2022-03-22
3,0,3,0,Rockingham,2022-03-23
3,1,2,0,Rockingham,2022-03-24
3,0,3,0,Rockingham,2022-03-25
1,0,1,0,Rockingham,2022-03-27
7,1,6,0,Rockingham,2022-03-28
6,0,6,0,Rockingham,2022-03-29
2,0,2,0,Rockingham,2022-03-30
3,3,0,0,Rockingham,2022-03-31
1,0,1,0,Rockingham,2022-04-01
0,0,0,0,Rockingham,2022-04-02
2,0,2,0,Rockingham,2022-04-03
4,0,4,0,Rockingham,2022-04-04
4,0,4,0,Rockingham,2022-04-05
4,0,4,0,Rockingham,2022-04-06
1,0,1,0,Rockingham,2022-04-07
3,0,3,0,Rockingham,2022-04-08
3,1,2,0,Rockingham,2022-04-09
6,0,6,0,Rockingham,2022-04-10
9,2,7,0,Rockingham,2022-04-11
5,1,4,0,Rockingham,2022-04-12
1,1,0,0,Rockingham,2022-04-14
4,0,4,0,Rockingham,2022-04-15
1,0,1,0,Rockingham,2022-04-16
12,4,8,0,Rockingham,2022-04-18
6,1,5,0,Rockingham,2022-04-19
5,2,3,0,Rockingham,2022-04-20
7,1,6,0,Rockingham,2022-04-22
3,0,3,0,Rockingham,2022-04-23
33,2,31,0,Rowan,2021-10-27
16,4,12,0,Rowan,2021-10-31
44,8,36,0,Rowan,2021-11-01
19,2,17,0,Rowan,2021-11-04
24,3,21,0,Rowan,2021-11-05
38,8,30,0,Rowan,2021-11-08
31,6,25,0,Rowan,2021-11-09
51,13,38,0,Rowan,2021-11-10
25,3,22,0,Rowan,2021-11-12
14,1,13,0,Rowan,2021-11-14
48,7,41,0,Rowan,2021-11-17
31,2,29,0,Rowan,2021-11-18
13,2,11,0,Rowan,2021-11-20
44,7,37,0,Rowan,2021-11-23
21,2,19,0,Rowan,2021-11-26
25,4,21,0,Rowan,2021-11-27
17,1,16,0,Rowan,2021-11-28
75,12,63,0,Rowan,2021-11-29
71,4,67,0,Rowan,2021-11-30
66,5,61,0,Rowan,2021-12-02
22,6,16,0,Rowan,2021-12-04
71,7,64,0,Rowan,2021-12-06
61,4,57,0,Rowan,2021-12-10
22,4,18,0,Rowan,2021-12-11
32,5,27,0,Rowan,2021-12-12
59,5,54,0,Rowan,2021-12-14
52,7,45,0,Rowan,2021-12-16
30,5,25,0,Rowan,2021-12-18
25,7,18,0,Rowan,2021-12-19
92,16,76,0,Rowan,2021-12-23
253,39,214,0,Rowan,2021-12-27
296,25,271,0,Rowan,2021-12-29
301,44,257,0,Rowan,2021-12-30
71,14,57,0,Rowan,2022-01-01
106,43,63,0,Rowan,2022-01-02
409,63,346,0,Rowan,2022-01-06
474,65,409,0,Rowan,2022-01-14
169,59,110,0,Rowan,2022-01-17
317,54,263,0,Rowan,2022-01-25
66,17,49,0,Rowan,2022-01-29
247,36,211,0,Rowan,2022-01-31
175,15,160,0,Rowan,2022-02-01
144,19,125,0,Rowan,2022-02-02
119,15,104,0,Rowan,2022-02-03
102,9,93,0,Rowan,2022-02-08
55,6,49,0,Rowan,2022-02-14
53,5,48,0,Rowan,2022-02-15
48,2,46,0,Rowan,2022-02-16
46,6,40,0,Rowan,2022-02-17
9,0,9,0,Rowan,2022-02-20
31,6,25,0,Rowan,2022-02-22
13,2,11,0,Rowan,2022-02-25
8,0,8,0,Rowan,2022-02-26
7,0,7,0,Rowan,2022-02-27
21,3,18,0,Rowan,2022-02-28
36,23,13,0,Rowan,2022-03-01
16,1,15,0,Rowan,2022-03-02
2,0,2,0,Rowan,2022-03-03
6,0,6,0,Rowan,2022-03-04
11,3,8,0,Rowan,2022-03-06
15,5,10,0,Rowan,2022-03-08
4,0,4,0,Rowan,2022-03-11
2,1,1,0,Rowan,2022-03-12
2,0,2,0,Rowan,2022-03-13
10,0,10,0,Rowan,2022-03-14
7,1,6,0,Rowan,2022-03-16
4,0,4,0,Rowan,2022-03-17
9,1,8,0,Rowan,2022-03-18
0,0,0,0,Rowan,2022-03-19
4,0,4,0,Rowan,2022-03-20
3,1,2,0,Rowan,2022-03-21
4,0,4,0,Rowan,2022-03-23
5,2,3,0,Rowan,2022-03-24
5,2,3,0,Rowan,2022-03-25
0,0,0,0,Rowan,2022-03-27
2,0,2,0,Rowan,2022-03-28
3,1,2,0,Rowan,2022-03-30
2,1,1,0,Rowan,2022-03-31
3,0,3,0,Rowan,2022-04-01
0,0,0,0,Rowan,2022-04-02
6,2,4,0,Rowan,2022-04-04
5,1,4,0,Rowan,2022-04-05
5,3,2,0,Rowan,2022-04-06
9,4,5,0,Rowan,2022-04-07
8,2,6,0,Rowan,2022-04-08
3,0,3,0,Rowan,2022-04-09
4,1,3,0,Rowan,2022-04-10
12,2,10,0,Rowan,2022-04-12
13,2,11,0,Rowan,2022-04-13
8,0,8,0,Rowan,2022-04-14
11,1,10,0,Rowan,2022-04-15
3,1,2,0,Rowan,2022-04-16
9,2,7,0,Rowan,2022-04-18
12,4,8,0,Rowan,2022-04-19
12,1,11,0,Rowan,2022-04-20
15,3,12,0,Rowan,2022-04-22
14,3,11,0,Rowan,2022-04-23
15,5,10,0,Rutherford,2021-10-29
4,0,4,0,Rutherford,2021-10-31
10,6,4,0,Rutherford,2021-11-01
3,1,2,0,Rutherford,2021-11-04
9,1,8,0,Rutherford,2021-11-05
5,1,4,0,Rutherford,2021-11-06
12,10,2,0,Rutherford,2021-11-08
6,1,5,0,Rutherford,2021-11-10
8,1,7,0,Rutherford,2021-11-12
5,1,4,0,Rutherford,2021-11-13
1,0,1,0,Rutherford,2021-11-14
10,3,7,0,Rutherford,2021-11-15
14,4,10,0,Rutherford,2021-11-16
2,0,2,0,Rutherford,2021-11-18
3,1,2,0,Rutherford,2021-11-21
8,3,5,0,Rutherford,2021-11-22
9,4,5,0,Rutherford,2021-11-23
11,2,9,0,Rutherford,2021-11-24
1,0,1,0,Rutherford,2021-11-25
4,0,4,0,Rutherford,2021-11-26
5,1,4,0,Rutherford,2021-11-27
9,7,2,0,Rutherford,2021-11-29
17,5,12,0,Rutherford,2021-12-01
2,0,2,0,Rutherford,2021-12-04
5,4,1,0,Rutherford,2021-12-07
25,7,18,0,Rutherford,2021-12-09
11,6,5,0,Rutherford,2021-12-10
16,4,12,0,Rutherford,2021-12-11
14,4,10,0,Rutherford,2021-12-12
16,1,15,0,Rutherford,2021-12-13
17,6,11,0,Rutherford,2021-12-16
5,2,3,0,Rutherford,2021-12-18
20,2,18,0,Rutherford,2021-12-20
23,3,20,0,Rutherford,2021-12-22
30,12,18,0,Rutherford,2021-12-23
14,1,13,0,Rutherford,2021-12-24
6,2,4,0,Rutherford,2021-12-25
17,3,14,0,Rutherford,2021-12-26
50,12,38,0,Rutherford,2021-12-27
127,63,64,0,Rutherford,2021-12-29
83,28,55,0,Rutherford,2021-12-30
53,16,37,0,Rutherford,2021-12-31
48,19,29,0,Rutherford,2022-01-02
123,55,68,0,Rutherford,2022-01-03
116,26,90,0,Rutherford,2022-01-04
173,45,128,0,Rutherford,2022-01-06
151,73,78,0,Rutherford,2022-01-07
52,22,30,0,Rutherford,2022-01-08
46,23,23,0,Rutherford,2022-01-09
257,135,122,0,Rutherford,2022-01-10
310,80,230,0,Rutherford,2022-01-11
234,110,124,0,Rutherford,2022-01-12
45,13,32,0,Rutherford,2022-01-17
177,62,115,0,Rutherford,2022-01-19
191,68,123,0,Rutherford,2022-01-20
150,50,100,0,Rutherford,2022-01-21
122,50,72,0,Rutherford,2022-01-26
123,30,93,0,Rutherford,2022-01-27
33,12,21,0,Rutherford,2022-01-30
73,21,52,0,Rutherford,2022-02-02
13,0,13,0,Rutherford,2022-02-06
75,33,42,0,Rutherford,2022-02-07
44,18,26,0,Rutherford,2022-02-10
33,9,24,0,Rutherford,2022-02-16
6,0,6,0,Rutherford,2022-02-20
13,3,10,0,Rutherford,2022-02-21
10,2,8,0,Rutherford,2022-02-22
3,0,3,0,Rutherford,2022-02-25
3,0,3,0,Rutherford,2022-02-26
4,0,4,0,Rutherford,2022-02-27
7,2,5,0,Rutherford,2022-02-28
3,1,2,0,Rutherford,2022-03-03
5,1,4,0,Rutherford,2022-03-04
4,0,4,0,Rutherford,2022-03-05
1,1,0,0,Rutherford,2022-03-06
1,0,1,0,Rutherford,2022-03-07
1,0,1,0,Rutherford,2022-03-08
2,0,2,0,Rutherford,2022-03-09
4,4,0,0,Rutherford,2022-03-11
3,0,3,0,Rutherford,2022-03-12
0,0,0,0,Rutherford,2022-03-13
0,0,0,0,Rutherford,2022-03-14
0,0,0,0,Rutherford,2022-03-15
6,1,5,0,Rutherford,2022-03-16
0,0,0,0,Rutherford,2022-03-17
1,0,1,0,Rutherford,2022-03-18
0,0,0,0,Rutherford,2022-03-20
1,1,0,0,Rutherford,2022-03-22
1,1,0,0,Rutherford,2022-03-23
0,0,0,0,Rutherford,2022-03-24
3,1,2,0,Rutherford,2022-03-25
0,0,0,0,Rutherford,2022-03-26
2,0,2,0,Rutherford,2022-03-27
2,0,2,0,Rutherford,2022-03-28
1,1,0,0,Rutherford,2022-03-29
3,1,2,0,Rutherford,2022-03-30
1,0,1,0,Rutherford,2022-03-31
0,0,0,0,Rutherford,2022-04-01
1,0,1,0,Rutherford,2022-04-02
0,0,0,0,Rutherford,2022-04-03
2,0,2,0,Rutherford,2022-04-04
1,0,1,0,Rutherford,2022-04-05
1,0,1,0,Rutherford,2022-04-06
0,0,0,0,Rutherford,2022-04-07
3,0,3,0,Rutherford,2022-04-08
0,0,0,0,Rutherford,2022-04-09
0,0,0,0,Rutherford,2022-04-11
3,2,1,0,Rutherford,2022-04-12
3,0,3,0,Rutherford,2022-04-13
4,0,4,0,Rutherford,2022-04-14
1,0,1,0,Rutherford,2022-04-15
2,0,2,0,Rutherford,2022-04-16
1,0,1,0,Rutherford,2022-04-17
4,0,4,0,Rutherford,2022-04-18
1,0,1,0,Rutherford,2022-04-19
6,0,6,0,Rutherford,2022-04-20
4,0,4,0,Rutherford,2022-04-21
7,2,5,0,Rutherford,2022-04-22
2,1,1,0,Rutherford,2022-04-23
16,11,5,0,Sampson,2021-10-26
10,4,6,0,Sampson,2021-10-27
9,3,6,0,Sampson,2021-10-28
7,1,6,0,Sampson,2021-10-29
3,1,2,0,Sampson,2021-10-30
8,4,4,0,Sampson,2021-10-31
12,7,5,0,Sampson,2021-11-01
22,11,11,0,Sampson,2021-11-02
18,10,8,0,Sampson,2021-11-03
7,4,3,0,Sampson,2021-11-04
1,1,0,0,Sampson,2021-11-05
5,1,4,0,Sampson,2021-11-06
0,0,0,0,Sampson,2021-11-07
6,3,3,0,Sampson,2021-11-08
7,3,4,0,Sampson,2021-11-10
7,2,5,0,Sampson,2021-11-11
0,0,0,0,Sampson,2021-11-13
7,2,5,0,Sampson,2021-11-14
15,8,7,0,Sampson,2021-11-16
9,5,4,0,Sampson,2021-11-17
6,4,2,0,Sampson,2021-11-18
13,7,6,0,Sampson,2021-11-19
5,3,2,0,Sampson,2021-11-20
3,0,3,0,Sampson,2021-11-21
18,11,7,0,Sampson,2021-11-22
13,5,8,0,Sampson,2021-11-23
12,6,6,0,Sampson,2021-11-24
0,0,0,0,Sampson,2021-11-25
7,1,6,0,Sampson,2021-11-26
4,1,3,0,Sampson,2021-11-27
2,0,2,0,Sampson,2021-11-28
24,11,13,0,Sampson,2021-11-29
22,11,11,0,Sampson,2021-11-30
15,8,7,0,Sampson,2021-12-02
8,3,5,0,Sampson,2021-12-03
10,5,5,0,Sampson,2021-12-05
45,24,21,0,Sampson,2021-12-06
35,20,15,0,Sampson,2021-12-07
15,8,7,0,Sampson,2021-12-08
25,11,14,0,Sampson,2021-12-09
9,2,7,0,Sampson,2021-12-11
8,4,4,0,Sampson,2021-12-12
28,14,14,0,Sampson,2021-12-14
13,9,4,0,Sampson,2021-12-15
24,17,7,0,Sampson,2021-12-16
13,7,6,0,Sampson,2021-12-17
5,4,1,0,Sampson,2021-12-18
19,11,8,0,Sampson,2021-12-19
27,14,13,0,Sampson,2021-12-20
26,12,14,0,Sampson,2021-12-22
24,10,14,0,Sampson,2021-12-23
7,2,5,0,Sampson,2021-12-24
5,2,3,0,Sampson,2021-12-25
13,2,11,0,Sampson,2021-12-26
91,48,43,0,Sampson,2021-12-28
97,48,49,0,Sampson,2021-12-29
113,56,57,0,Sampson,2021-12-30
69,39,30,0,Sampson,2021-12-31
25,12,13,0,Sampson,2022-01-01
45,23,22,0,Sampson,2022-01-02
207,107,100,0,Sampson,2022-01-03
276,141,135,0,Sampson,2022-01-04
269,117,152,0,Sampson,2022-01-06
191,92,99,0,Sampson,2022-01-07
98,35,63,0,Sampson,2022-01-08
85,29,56,0,Sampson,2022-01-09
390,142,248,0,Sampson,2022-01-10
387,131,256,0,Sampson,2022-01-11
399,132,267,0,Sampson,2022-01-12
281,68,213,0,Sampson,2022-01-13
259,80,179,0,Sampson,2022-01-14
125,59,66,0,Sampson,2022-01-15
48,17,31,0,Sampson,2022-01-16
256,69,187,0,Sampson,2022-01-17
415,92,323,0,Sampson,2022-01-18
279,76,203,0,Sampson,2022-01-19
59,22,37,0,Sampson,2022-01-21
26,10,16,0,Sampson,2022-01-22
42,6,36,0,Sampson,2022-01-23
111,45,66,0,Sampson,2022-01-27
101,36,65,0,Sampson,2022-01-28
75,22,53,0,Sampson,2022-02-01
54,17,37,0,Sampson,2022-02-04
43,18,25,0,Sampson,2022-02-09
31,16,15,0,Sampson,2022-02-10
28,11,17,0,Sampson,2022-02-11
10,4,6,0,Sampson,2022-02-12
16,7,9,0,Sampson,2022-02-15
28,13,15,0,Sampson,2022-02-16
20,6,14,0,Sampson,2022-02-17
11,2,9,0,Sampson,2022-02-18
3,1,2,0,Sampson,2022-02-19
25,11,14,0,Sampson,2022-02-21
12,5,7,0,Sampson,2022-02-22
15,5,10,0,Sampson,2022-02-25
4,3,1,0,Sampson,2022-02-26
3,1,2,0,Sampson,2022-02-27
8,0,8,0,Sampson,2022-02-28
7,5,2,0,Sampson,2022-03-01
4,1,3,0,Sampson,2022-03-02
9,4,5,0,Sampson,2022-03-03
3,1,2,0,Sampson,2022-03-04
1,1,0,0,Sampson,2022-03-05
3,1,2,0,Sampson,2022-03-08
1,1,0,0,Sampson,2022-03-09
0,0,0,0,Sampson,2022-03-10
1,0,1,0,Sampson,2022-03-11
1,0,1,0,Sampson,2022-03-12
1,0,1,0,Sampson,2022-03-13
4,3,1,0,Sampson,2022-03-14
6,4,2,0,Sampson,2022-03-15
4,2,2,0,Sampson,2022-03-16
3,1,2,0,Sampson,2022-03-17
2,1,1,0,Sampson,2022-03-18
3,1,2,0,Sampson,2022-03-19
0,0,0,0,Sampson,2022-03-20
3,1,2,0,Sampson,2022-03-22
1,0,1,0,Sampson,2022-03-23
5,3,2,0,Sampson,2022-03-24
1,0,1,0,Sampson,2022-03-25
1,0,1,0,Sampson,2022-03-26
0,0,0,0,Sampson,2022-03-27
2,0,2,0,Sampson,2022-03-28
3,3,0,0,Sampson,2022-03-29
7,5,2,0,Sampson,2022-03-30
10,0,10,0,Sampson,2022-03-31
0,0,0,0,Sampson,2022-04-01
1,1,0,0,Sampson,2022-04-02
3,3,0,0,Sampson,2022-04-03
2,1,1,0,Sampson,2022-04-04
6,6,0,0,Sampson,2022-04-05
11,7,4,0,Sampson,2022-04-06
4,2,2,0,Sampson,2022-04-07
1,0,1,0,Sampson,2022-04-08
0,0,0,0,Sampson,2022-04-10
4,1,3,0,Sampson,2022-04-11
2,1,1,0,Sampson,2022-04-12
0,0,0,0,Sampson,2022-04-13
9,3,6,0,Sampson,2022-04-14
2,2,0,0,Sampson,2022-04-16
0,0,0,0,Sampson,2022-04-17
10,4,6,0,Sampson,2022-04-18
8,4,4,0,Sampson,2022-04-19
7,6,1,0,Sampson,2022-04-20
6,5,1,0,Sampson,2022-04-21
4,1,3,0,Sampson,2022-04-22
1,0,1,0,Sampson,2022-04-23
10,1,9,0,Scotland,2021-10-26
6,0,6,0,Scotland,2021-10-27
12,7,5,0,Scotland,2021-10-28
3,1,2,0,Scotland,2021-10-29
2,2,0,0,Scotland,2021-10-30
8,3,5,0,Scotland,2021-11-01
2,0,2,0,Scotland,2021-11-02
2,1,1,0,Scotland,2021-11-04
9,4,5,0,Scotland,2021-11-05
3,2,1,0,Scotland,2021-11-06
2,2,0,0,Scotland,2021-11-07
11,3,8,0,Scotland,2021-11-08
5,2,3,0,Scotland,2021-11-09
3,1,2,0,Scotland,2021-11-10
1,0,1,0,Scotland,2021-11-13
0,0,0,0,Scotland,2021-11-14
5,0,5,0,Scotland,2021-11-15
1,1,0,0,Scotland,2021-11-16
1,0,1,0,Scotland,2021-11-17
3,1,2,0,Scotland,2021-11-18
6,1,5,0,Scotland,2021-11-19
2,0,2,0,Scotland,2021-11-20
3,1,2,0,Scotland,2021-11-21
8,2,6,0,Scotland,2021-11-22
5,2,3,0,Scotland,2021-11-23
3,3,0,0,Scotland,2021-11-24
0,0,0,0,Scotland,2021-11-25
3,0,3,0,Scotland,2021-11-26
2,0,2,0,Scotland,2021-11-27
3,1,2,0,Scotland,2021-11-28
2,1,1,0,Scotland,2021-11-29
6,4,2,0,Scotland,2021-11-30
7,3,4,0,Scotland,2021-12-01
8,3,5,0,Scotland,2021-12-02
10,7,3,0,Scotland,2021-12-03
4,3,1,0,Scotland,2021-12-04
11,3,8,0,Scotland,2021-12-06
12,2,10,0,Scotland,2021-12-07
9,1,8,0,Scotland,2021-12-09
8,3,5,0,Scotland,2021-12-10
1,0,1,0,Scotland,2021-12-11
3,1,2,0,Scotland,2021-12-12
19,3,16,0,Scotland,2021-12-14
6,2,4,0,Scotland,2021-12-16
16,3,13,0,Scotland,2021-12-17
4,2,2,0,Scotland,2021-12-18
7,6,1,0,Scotland,2021-12-19
9,2,7,0,Scotland,2021-12-20
16,5,11,0,Scotland,2021-12-21
17,4,13,0,Scotland,2021-12-22
24,9,15,0,Scotland,2021-12-23
8,1,7,0,Scotland,2021-12-24
10,6,4,0,Scotland,2021-12-25
27,10,17,0,Scotland,2021-12-26
63,15,48,0,Scotland,2021-12-27
115,20,95,0,Scotland,2021-12-30
46,11,35,0,Scotland,2021-12-31
46,8,38,0,Scotland,2022-01-01
49,14,35,0,Scotland,2022-01-02
127,22,105,0,Scotland,2022-01-03
159,40,119,0,Scotland,2022-01-04
204,56,148,0,Scotland,2022-01-05
63,19,44,0,Scotland,2022-01-08
215,40,175,0,Scotland,2022-01-10
215,42,173,0,Scotland,2022-01-11
214,49,165,0,Scotland,2022-01-12
158,47,111,0,Scotland,2022-01-13
134,35,99,0,Scotland,2022-01-14
62,23,39,0,Scotland,2022-01-17
197,55,142,0,Scotland,2022-01-18
133,37,96,0,Scotland,2022-01-19
29,10,19,0,Scotland,2022-01-23
82,28,54,0,Scotland,2022-01-25
59,19,40,0,Scotland,2022-01-26
62,16,46,0,Scotland,2022-01-27
12,7,5,0,Scotland,2022-01-30
50,17,33,0,Scotland,2022-01-31
38,10,28,0,Scotland,2022-02-03
12,5,7,0,Scotland,2022-02-05
32,11,21,0,Scotland,2022-02-07
16,2,14,0,Scotland,2022-02-08
22,7,15,0,Scotland,2022-02-09
7,2,5,0,Scotland,2022-02-11
5,2,3,0,Scotland,2022-02-12
6,3,3,0,Scotland,2022-02-13
7,3,4,0,Scotland,2022-02-15
10,1,9,0,Scotland,2022-02-16
12,6,6,0,Scotland,2022-02-17
4,2,2,0,Scotland,2022-02-18
2,1,1,0,Scotland,2022-02-19
5,1,4,0,Scotland,2022-02-20
10,5,5,0,Scotland,2022-02-21
2,1,1,0,Scotland,2022-02-22
1,0,1,0,Scotland,2022-02-23
3,2,1,0,Scotland,2022-02-24
6,1,5,0,Scotland,2022-02-25
1,1,0,0,Scotland,2022-02-26
1,1,0,0,Scotland,2022-02-27
6,1,5,0,Scotland,2022-02-28
1,0,1,0,Scotland,2022-03-01
1,0,1,0,Scotland,2022-03-02
2,2,0,0,Scotland,2022-03-03
1,0,1,0,Scotland,2022-03-04
1,1,0,0,Scotland,2022-03-05
1,1,0,0,Scotland,2022-03-06
9,5,4,0,Scotland,2022-03-07
1,1,0,0,Scotland,2022-03-08
2,0,2,0,Scotland,2022-03-09
1,0,1,0,Scotland,2022-03-10
2,0,2,0,Scotland,2022-03-11
0,0,0,0,Scotland,2022-03-12
0,0,0,0,Scotland,2022-03-13
2,1,1,0,Scotland,2022-03-14
2,1,1,0,Scotland,2022-03-15
2,1,1,0,Scotland,2022-03-16
1,0,1,0,Scotland,2022-03-17
1,0,1,0,Scotland,2022-03-18
1,0,1,0,Scotland,2022-03-19
1,1,0,0,Scotland,2022-03-20
1,0,1,0,Scotland,2022-03-22
0,0,0,0,Scotland,2022-03-23
2,2,0,0,Scotland,2022-03-24
2,0,2,0,Scotland,2022-03-25
0,0,0,0,Scotland,2022-03-26
0,0,0,0,Scotland,2022-03-27
1,1,0,0,Scotland,2022-03-28
3,1,2,0,Scotland,2022-03-30
0,0,0,0,Scotland,2022-03-31
0,0,0,0,Scotland,2022-04-01
0,0,0,0,Scotland,2022-04-02
0,0,0,0,Scotland,2022-04-03
2,2,0,0,Scotland,2022-04-04
1,1,0,0,Scotland,2022-04-05
0,0,0,0,Scotland,2022-04-06
0,0,0,0,Scotland,2022-04-07
1,1,0,0,Scotland,2022-04-09
0,0,0,0,Scotland,2022-04-10
4,2,2,0,Scotland,2022-04-11
3,2,1,0,Scotland,2022-04-12
9,0,9,0,Scotland,2022-04-13
1,1,0,0,Scotland,2022-04-14
8,1,7,0,Scotland,2022-04-15
1,1,0,0,Scotland,2022-04-16
0,0,0,0,Scotland,2022-04-17
2,2,0,0,Scotland,2022-04-18
3,2,1,0,Scotland,2022-04-19
8,2,6,0,Scotland,2022-04-20
2,1,1,0,Scotland,2022-04-21
9,6,3,0,Scotland,2022-04-22
4,3,1,0,Scotland,2022-04-23
15,0,15,0,Stanly,2021-10-27
22,4,18,0,Stanly,2021-10-28
9,0,9,0,Stanly,2021-10-29
9,2,7,0,Stanly,2021-10-30
15,0,15,0,Stanly,2021-10-31
22,1,21,0,Stanly,2021-11-01
14,0,14,0,Stanly,2021-11-02
20,2,18,0,Stanly,2021-11-03
14,0,14,0,Stanly,2021-11-04
8,0,8,0,Stanly,2021-11-06
5,0,5,0,Stanly,2021-11-07
31,2,29,0,Stanly,2021-11-09
13,1,12,0,Stanly,2021-11-10
19,1,18,0,Stanly,2021-11-11
10,0,10,0,Stanly,2021-11-14
17,2,15,0,Stanly,2021-11-16
16,1,15,0,Stanly,2021-11-19
10,1,9,0,Stanly,2021-11-20
6,0,6,0,Stanly,2021-11-25
12,1,11,0,Stanly,2021-11-26
34,2,32,0,Stanly,2021-11-29
30,3,27,0,Stanly,2021-11-30
20,2,18,0,Stanly,2021-12-01
27,6,21,0,Stanly,2021-12-02
18,0,18,0,Stanly,2021-12-04
18,0,18,0,Stanly,2021-12-05
45,7,38,0,Stanly,2021-12-06
46,7,39,0,Stanly,2021-12-07
26,2,24,0,Stanly,2021-12-09
15,0,15,0,Stanly,2021-12-11
17,0,17,0,Stanly,2021-12-12
40,7,33,0,Stanly,2021-12-13
30,4,26,0,Stanly,2021-12-16
17,2,15,0,Stanly,2021-12-18
13,1,12,0,Stanly,2021-12-19
36,10,26,0,Stanly,2021-12-20
43,6,37,0,Stanly,2021-12-21
36,2,34,0,Stanly,2021-12-22
37,5,32,0,Stanly,2021-12-23
16,4,12,0,Stanly,2021-12-24
12,3,9,0,Stanly,2021-12-25
16,2,14,0,Stanly,2021-12-26
81,11,70,0,Stanly,2021-12-27
132,19,113,0,Stanly,2021-12-28
114,14,100,0,Stanly,2021-12-29
168,54,114,0,Stanly,2021-12-30
41,14,27,0,Stanly,2022-01-01
214,64,150,0,Stanly,2022-01-05
180,44,136,0,Stanly,2022-01-06
85,35,50,0,Stanly,2022-01-09
352,85,267,0,Stanly,2022-01-11
119,38,81,0,Stanly,2022-01-15
105,29,76,0,Stanly,2022-01-17
256,51,205,0,Stanly,2022-01-20
110,7,103,0,Stanly,2022-01-28
34,9,25,0,Stanly,2022-01-29
67,11,56,0,Stanly,2022-02-01
57,3,54,0,Stanly,2022-02-03
20,0,20,0,Stanly,2022-02-06
53,7,46,0,Stanly,2022-02-07
11,0,11,0,Stanly,2022-02-12
6,0,6,0,Stanly,2022-02-13
25,2,23,0,Stanly,2022-02-14
13,1,12,0,Stanly,2022-02-16
13,1,12,0,Stanly,2022-02-18
4,0,4,0,Stanly,2022-02-19
5,0,5,0,Stanly,2022-02-20
22,1,21,0,Stanly,2022-02-21
15,2,13,0,Stanly,2022-02-22
6,1,5,0,Stanly,2022-02-23
9,0,9,0,Stanly,2022-02-24
9,1,8,0,Stanly,2022-02-25
1,1,0,0,Stanly,2022-02-26
0,0,0,0,Stanly,2022-02-27
3,0,3,0,Stanly,2022-02-28
5,0,5,0,Stanly,2022-03-01
10,0,10,0,Stanly,2022-03-02
3,0,3,0,Stanly,2022-03-03
3,1,2,0,Stanly,2022-03-04
0,0,0,0,Stanly,2022-03-06
3,0,3,0,Stanly,2022-03-07
3,0,3,0,Stanly,2022-03-08
0,0,0,0,Stanly,2022-03-09
0,0,0,0,Stanly,2022-03-10
0,0,0,0,Stanly,2022-03-11
1,0,1,0,Stanly,2022-03-12
0,0,0,0,Stanly,2022-03-13
1,0,1,0,Stanly,2022-03-14
2,0,2,0,Stanly,2022-03-15
1,0,1,0,Stanly,2022-03-16
2,0,2,0,Stanly,2022-03-17
2,0,2,0,Stanly,2022-03-18
1,0,1,0,Stanly,2022-03-19
1,0,1,0,Stanly,2022-03-20
1,0,1,0,Stanly,2022-03-21
1,0,1,0,Stanly,2022-03-22
1,0,1,0,Stanly,2022-03-23
0,0,0,0,Stanly,2022-03-24
2,0,2,0,Stanly,2022-03-25
0,0,0,0,Stanly,2022-03-26
3,1,2,0,Stanly,2022-03-27
0,0,0,0,Stanly,2022-03-28
1,0,1,0,Stanly,2022-03-29
3,0,3,0,Stanly,2022-03-30
1,0,1,0,Stanly,2022-03-31
0,0,0,0,Stanly,2022-04-01
0,0,0,0,Stanly,2022-04-02
1,0,1,0,Stanly,2022-04-03
0,0,0,0,Stanly,2022-04-04
2,0,2,0,Stanly,2022-04-05
1,0,1,0,Stanly,2022-04-06
2,0,2,0,Stanly,2022-04-07
0,0,0,0,Stanly,2022-04-08
1,0,1,0,Stanly,2022-04-09
1,0,1,0,Stanly,2022-04-10
0,0,0,0,Stanly,2022-04-11
1,0,1,0,Stanly,2022-04-12
2,0,2,0,Stanly,2022-04-13
4,1,3,0,Stanly,2022-04-14
0,0,0,0,Stanly,2022-04-15
3,0,3,0,Stanly,2022-04-16
0,0,0,0,Stanly,2022-04-17
4,0,4,0,Stanly,2022-04-18
4,0,4,0,Stanly,2022-04-19
2,0,2,0,Stanly,2022-04-21
2,0,2,0,Stanly,2022-04-22
0,0,0,0,Stanly,2022-04-23
21,6,15,0,Stokes,2021-10-27
17,6,11,0,Stokes,2021-10-28
4,0,4,0,Stokes,2021-10-31
16,1,15,0,Stokes,2021-11-02
9,1,8,0,Stokes,2021-11-04
12,2,10,0,Stokes,2021-11-05
8,1,7,0,Stokes,2021-11-06
17,6,11,0,Stokes,2021-11-10
13,1,12,0,Stokes,2021-11-12
5,0,5,0,Stokes,2021-11-13
14,2,12,0,Stokes,2021-11-14
29,9,20,0,Stokes,2021-11-15
16,5,11,0,Stokes,2021-11-16
14,6,8,0,Stokes,2021-11-17
14,3,11,0,Stokes,2021-11-18
17,4,13,0,Stokes,2021-11-19
11,2,9,0,Stokes,2021-11-20
8,5,3,0,Stokes,2021-11-21
15,8,7,0,Stokes,2021-11-23
17,1,16,0,Stokes,2021-11-24
4,1,3,0,Stokes,2021-11-25
14,3,11,0,Stokes,2021-11-27
8,2,6,0,Stokes,2021-11-28
39,5,34,0,Stokes,2021-11-29
29,8,21,0,Stokes,2021-11-30
42,10,32,0,Stokes,2021-12-01
42,6,36,0,Stokes,2021-12-02
27,4,23,0,Stokes,2021-12-03
21,3,18,0,Stokes,2021-12-04
12,2,10,0,Stokes,2021-12-05
46,11,35,0,Stokes,2021-12-06
34,4,30,0,Stokes,2021-12-07
36,11,25,0,Stokes,2021-12-08
24,3,21,0,Stokes,2021-12-10
8,2,6,0,Stokes,2021-12-11
11,1,10,0,Stokes,2021-12-12
41,7,34,0,Stokes,2021-12-14
35,8,27,0,Stokes,2021-12-15
34,11,23,0,Stokes,2021-12-16
35,4,31,0,Stokes,2021-12-17
16,1,15,0,Stokes,2021-12-18
20,5,15,0,Stokes,2021-12-19
43,11,32,0,Stokes,2021-12-20
40,5,35,0,Stokes,2021-12-21
24,1,23,0,Stokes,2021-12-23
15,2,13,0,Stokes,2021-12-24
3,0,3,0,Stokes,2021-12-25
9,1,8,0,Stokes,2021-12-26
70,16,54,0,Stokes,2021-12-27
58,8,50,0,Stokes,2021-12-28
89,13,76,0,Stokes,2021-12-29
74,12,62,0,Stokes,2021-12-30
65,30,35,0,Stokes,2021-12-31
13,6,7,0,Stokes,2022-01-01
28,8,20,0,Stokes,2022-01-02
112,37,75,0,Stokes,2022-01-03
126,23,103,0,Stokes,2022-01-04
91,20,71,0,Stokes,2022-01-07
48,8,40,0,Stokes,2022-01-08
33,8,25,0,Stokes,2022-01-09
187,31,156,0,Stokes,2022-01-11
139,33,106,0,Stokes,2022-01-13
137,21,116,0,Stokes,2022-01-19
32,7,25,0,Stokes,2022-01-23
165,45,120,0,Stokes,2022-01-24
79,13,66,0,Stokes,2022-01-27
90,16,74,0,Stokes,2022-01-31
45,9,36,0,Stokes,2022-02-01
17,1,16,0,Stokes,2022-02-05
15,3,12,0,Stokes,2022-02-06
28,5,23,0,Stokes,2022-02-08
32,4,28,0,Stokes,2022-02-09
13,2,11,0,Stokes,2022-02-13
30,7,23,0,Stokes,2022-02-14
5,1,4,0,Stokes,2022-02-19
6,3,3,0,Stokes,2022-02-20
8,3,5,0,Stokes,2022-02-23
8,1,7,0,Stokes,2022-02-25
3,0,3,0,Stokes,2022-02-26
2,0,2,0,Stokes,2022-02-27
7,1,6,0,Stokes,2022-02-28
2,0,2,0,Stokes,2022-03-02
4,1,3,0,Stokes,2022-03-04
2,0,2,0,Stokes,2022-03-06
5,0,5,0,Stokes,2022-03-07
5,0,5,0,Stokes,2022-03-08
3,1,2,0,Stokes,2022-03-09
2,2,0,0,Stokes,2022-03-10
2,0,2,0,Stokes,2022-03-12
0,0,0,0,Stokes,2022-03-13
3,0,3,0,Stokes,2022-03-14
1,0,1,0,Stokes,2022-03-15
0,0,0,0,Stokes,2022-03-16
0,0,0,0,Stokes,2022-03-17
0,0,0,0,Stokes,2022-03-18
1,0,1,0,Stokes,2022-03-19
0,0,0,0,Stokes,2022-03-20
3,2,1,0,Stokes,2022-03-21
0,0,0,0,Stokes,2022-03-22
2,1,1,0,Stokes,2022-03-23
0,0,0,0,Stokes,2022-03-24
0,0,0,0,Stokes,2022-03-25
4,4,0,0,Stokes,2022-03-26
1,0,1,0,Stokes,2022-03-27
3,1,2,0,Stokes,2022-03-28
4,0,4,0,Stokes,2022-03-30
3,3,0,0,Stokes,2022-03-31
1,1,0,0,Stokes,2022-04-01
1,0,1,0,Stokes,2022-04-02
0,0,0,0,Stokes,2022-04-03
5,2,3,0,Stokes,2022-04-04
1,1,0,0,Stokes,2022-04-05
3,0,3,0,Stokes,2022-04-06
0,0,0,0,Stokes,2022-04-07
2,0,2,0,Stokes,2022-04-08
1,1,0,0,Stokes,2022-04-09
0,0,0,0,Stokes,2022-04-12
3,1,2,0,Stokes,2022-04-13
2,0,2,0,Stokes,2022-04-14
0,0,0,0,Stokes,2022-04-15
0,0,0,0,Stokes,2022-04-16
0,0,0,0,Stokes,2022-04-17
1,0,1,0,Stokes,2022-04-18
1,0,1,0,Stokes,2022-04-19
3,3,0,0,Stokes,2022-04-20
4,0,4,0,Stokes,2022-04-21
3,1,2,0,Stokes,2022-04-22
2,1,1,0,Stokes,2022-04-23
19,5,14,0,Surry,2021-10-27
16,9,7,0,Surry,2021-10-28
10,6,4,0,Surry,2021-10-29
7,0,7,0,Surry,2021-10-31
24,6,18,0,Surry,2021-11-01
21,5,16,0,Surry,2021-11-02
18,5,13,0,Surry,2021-11-03
22,9,13,0,Surry,2021-11-04
15,9,6,0,Surry,2021-11-05
12,2,10,0,Surry,2021-11-06
31,16,15,0,Surry,2021-11-09
26,12,14,0,Surry,2021-11-10
27,15,12,0,Surry,2021-11-11
19,6,13,0,Surry,2021-11-12
12,5,7,0,Surry,2021-11-13
8,4,4,0,Surry,2021-11-14
54,24,30,0,Surry,2021-11-15
50,11,39,0,Surry,2021-11-16
34,18,16,0,Surry,2021-11-17
22,6,16,0,Surry,2021-11-19
48,12,36,0,Surry,2021-11-23
32,16,16,0,Surry,2021-11-24
6,3,3,0,Surry,2021-11-28
41,16,25,0,Surry,2021-11-30
21,15,6,0,Surry,2021-12-04
23,15,8,0,Surry,2021-12-05
80,34,46,0,Surry,2021-12-06
53,25,28,0,Surry,2021-12-07
53,25,28,0,Surry,2021-12-09
55,19,36,0,Surry,2021-12-16
20,5,15,0,Surry,2021-12-18
60,21,39,0,Surry,2021-12-23
47,23,24,0,Surry,2021-12-24
8,5,3,0,Surry,2021-12-25
57,18,39,0,Surry,2021-12-26
117,42,75,0,Surry,2021-12-27
126,42,84,0,Surry,2021-12-29
69,30,39,0,Surry,2021-12-31
180,78,102,0,Surry,2022-01-03
153,49,104,0,Surry,2022-01-04
194,88,106,0,Surry,2022-01-05
153,58,95,0,Surry,2022-01-07
290,105,185,0,Surry,2022-01-11
252,72,180,0,Surry,2022-01-13
217,75,142,0,Surry,2022-01-20
156,56,100,0,Surry,2022-01-21
232,86,146,0,Surry,2022-01-24
149,51,98,0,Surry,2022-01-31
80,27,53,0,Surry,2022-02-03
72,36,36,0,Surry,2022-02-07
61,20,41,0,Surry,2022-02-09
64,29,35,0,Surry,2022-02-10
15,1,14,0,Surry,2022-02-13
58,27,31,0,Surry,2022-02-14
20,10,10,0,Surry,2022-02-19
30,12,18,0,Surry,2022-02-21
22,8,14,0,Surry,2022-02-23
20,5,15,0,Surry,2022-02-24
13,4,9,0,Surry,2022-02-25
7,3,4,0,Surry,2022-02-26
4,2,2,0,Surry,2022-02-27
16,6,10,0,Surry,2022-02-28
9,3,6,0,Surry,2022-03-01
6,2,4,0,Surry,2022-03-04
3,1,2,0,Surry,2022-03-05
2,1,1,0,Surry,2022-03-06
6,3,3,0,Surry,2022-03-07
5,2,3,0,Surry,2022-03-08
10,2,8,0,Surry,2022-03-09
3,2,1,0,Surry,2022-03-11
6,2,4,0,Surry,2022-03-12
2,1,1,0,Surry,2022-03-13
1,0,1,0,Surry,2022-03-15
2,0,2,0,Surry,2022-03-16
2,0,2,0,Surry,2022-03-17
2,1,1,0,Surry,2022-03-18
4,0,4,0,Surry,2022-03-21
2,2,0,0,Surry,2022-03-22
1,1,0,0,Surry,2022-03-23
2,0,2,0,Surry,2022-03-24
0,0,0,0,Surry,2022-03-25
2,1,1,0,Surry,2022-03-27
1,0,1,0,Surry,2022-03-28
1,0,1,0,Surry,2022-03-29
1,0,1,0,Surry,2022-03-30
1,0,1,0,Surry,2022-03-31
0,0,0,0,Surry,2022-04-01
1,1,0,0,Surry,2022-04-02
1,0,1,0,Surry,2022-04-03
4,1,3,0,Surry,2022-04-04
4,2,2,0,Surry,2022-04-05
3,1,2,0,Surry,2022-04-06
3,1,2,0,Surry,2022-04-07
1,0,1,0,Surry,2022-04-08
4,1,3,0,Surry,2022-04-09
1,0,1,0,Surry,2022-04-10
4,0,4,0,Surry,2022-04-11
2,1,1,0,Surry,2022-04-12
4,0,4,0,Surry,2022-04-13
2,0,2,0,Surry,2022-04-14
1,1,0,0,Surry,2022-04-15
3,1,2,0,Surry,2022-04-16
3,1,2,0,Surry,2022-04-17
7,1,6,0,Surry,2022-04-18
7,0,7,0,Surry,2022-04-19
4,2,2,0,Surry,2022-04-20
5,0,5,0,Surry,2022-04-22
3,2,1,0,Surry,2022-04-23
6,3,3,0,Swain,2021-10-27
7,5,2,0,Swain,2021-10-28
4,1,3,0,Swain,2021-10-29
0,0,0,0,Swain,2021-10-30
1,0,1,0,Swain,2021-10-31
2,2,0,0,Swain,2021-11-01
3,0,3,0,Swain,2021-11-02
2,0,2,0,Swain,2021-11-03
1,1,0,0,Swain,2021-11-04
1,0,1,0,Swain,2021-11-05
0,0,0,0,Swain,2021-11-06
0,0,0,0,Swain,2021-11-07
0,0,0,0,Swain,2021-11-08
2,1,1,0,Swain,2021-11-09
0,0,0,0,Swain,2021-11-10
0,0,0,0,Swain,2021-11-12
0,0,0,0,Swain,2021-11-13
0,0,0,0,Swain,2021-11-14
3,1,2,0,Swain,2021-11-15
3,2,1,0,Swain,2021-11-16
2,0,2,0,Swain,2021-11-17
2,1,1,0,Swain,2021-11-18
3,0,3,0,Swain,2021-11-19
1,0,1,0,Swain,2021-11-20
3,1,2,0,Swain,2021-11-21
2,1,1,0,Swain,2021-11-22
6,2,4,0,Swain,2021-11-23
4,2,2,0,Swain,2021-11-24
1,0,1,0,Swain,2021-11-25
5,0,5,0,Swain,2021-11-26
5,2,3,0,Swain,2021-11-27
0,0,0,0,Swain,2021-11-28
16,3,13,0,Swain,2021-11-29
15,6,9,0,Swain,2021-11-30
8,4,4,0,Swain,2021-12-01
9,7,2,0,Swain,2021-12-02
11,2,9,0,Swain,2021-12-03
2,1,1,0,Swain,2021-12-04
4,3,1,0,Swain,2021-12-05
14,7,7,0,Swain,2021-12-06
7,4,3,0,Swain,2021-12-07
8,5,3,0,Swain,2021-12-08
7,1,6,0,Swain,2021-12-09
4,0,4,0,Swain,2021-12-10
4,0,4,0,Swain,2021-12-12
7,4,3,0,Swain,2021-12-13
9,4,5,0,Swain,2021-12-14
5,3,2,0,Swain,2021-12-16
4,3,1,0,Swain,2021-12-17
1,1,0,0,Swain,2021-12-18
1,1,0,0,Swain,2021-12-19
3,1,2,0,Swain,2021-12-20
3,1,2,0,Swain,2021-12-22
5,5,0,0,Swain,2021-12-23
4,2,2,0,Swain,2021-12-24
2,1,1,0,Swain,2021-12-25
7,3,4,0,Swain,2021-12-26
18,11,7,0,Swain,2021-12-28
21,13,8,0,Swain,2021-12-29
32,29,3,0,Swain,2021-12-30
24,16,8,0,Swain,2021-12-31
22,13,9,0,Swain,2022-01-02
33,16,17,0,Swain,2022-01-03
55,20,35,0,Swain,2022-01-04
37,20,17,0,Swain,2022-01-05
36,15,21,0,Swain,2022-01-07
20,12,8,0,Swain,2022-01-09
40,23,17,0,Swain,2022-01-10
40,9,31,0,Swain,2022-01-11
39,15,24,0,Swain,2022-01-13
34,8,26,0,Swain,2022-01-14
8,2,6,0,Swain,2022-01-16
14,10,4,0,Swain,2022-01-17
39,26,13,0,Swain,2022-01-18
52,25,27,0,Swain,2022-01-19
44,23,21,0,Swain,2022-01-21
15,8,7,0,Swain,2022-01-22
19,10,9,0,Swain,2022-01-23
36,13,23,0,Swain,2022-01-25
28,14,14,0,Swain,2022-01-26
27,15,12,0,Swain,2022-01-27
11,8,3,0,Swain,2022-01-29
13,6,7,0,Swain,2022-01-30
34,21,13,0,Swain,2022-01-31
29,10,19,0,Swain,2022-02-01
24,10,14,0,Swain,2022-02-02
14,13,1,0,Swain,2022-02-03
12,3,9,0,Swain,2022-02-04
4,3,1,0,Swain,2022-02-05
12,5,7,0,Swain,2022-02-07
16,7,9,0,Swain,2022-02-08
6,2,4,0,Swain,2022-02-10
13,7,6,0,Swain,2022-02-11
3,3,0,0,Swain,2022-02-12
1,1,0,0,Swain,2022-02-13
10,5,5,0,Swain,2022-02-14
9,8,1,0,Swain,2022-02-15
5,3,2,0,Swain,2022-02-16
17,15,2,0,Swain,2022-02-17
6,4,2,0,Swain,2022-02-18
7,4,3,0,Swain,2022-02-19
5,5,0,0,Swain,2022-02-20
10,6,4,0,Swain,2022-02-21
12,5,7,0,Swain,2022-02-22
3,3,0,0,Swain,2022-02-23
7,2,5,0,Swain,2022-02-24
6,3,3,0,Swain,2022-02-25
1,1,0,0,Swain,2022-02-26
2,2,0,0,Swain,2022-02-27
4,3,1,0,Swain,2022-02-28
2,0,2,0,Swain,2022-03-01
4,3,1,0,Swain,2022-03-02
3,0,3,0,Swain,2022-03-03
1,0,1,0,Swain,2022-03-04
2,0,2,0,Swain,2022-03-05
2,0,2,0,Swain,2022-03-06
0,0,0,0,Swain,2022-03-08
0,0,0,0,Swain,2022-03-09
3,3,0,0,Swain,2022-03-10
1,1,0,0,Swain,2022-03-11
1,1,0,0,Swain,2022-03-12
1,0,1,0,Swain,2022-03-13
0,0,0,0,Swain,2022-03-14
1,1,0,0,Swain,2022-03-15
0,0,0,0,Swain,2022-03-16
1,1,0,0,Swain,2022-03-17
0,0,0,0,Swain,2022-03-18
0,0,0,0,Swain,2022-03-19
0,0,0,0,Swain,2022-03-20
0,0,0,0,Swain,2022-03-21
1,0,1,0,Swain,2022-03-22
1,0,1,0,Swain,2022-03-23
2,1,1,0,Swain,2022-03-24
0,0,0,0,Swain,2022-03-25
0,0,0,0,Swain,2022-03-26
1,1,0,0,Swain,2022-03-27
0,0,0,0,Swain,2022-03-28
1,1,0,0,Swain,2022-03-29
2,2,0,0,Swain,2022-03-30
1,1,0,0,Swain,2022-03-31
0,0,0,0,Swain,2022-04-01
1,1,0,0,Swain,2022-04-02
0,0,0,0,Swain,2022-04-03
0,0,0,0,Swain,2022-04-04
0,0,0,0,Swain,2022-04-05
1,1,0,0,Swain,2022-04-06
1,0,1,0,Swain,2022-04-07
0,0,0,0,Swain,2022-04-08
2,2,0,0,Swain,2022-04-09
0,0,0,0,Swain,2022-04-10
0,0,0,0,Swain,2022-04-11
2,1,1,0,Swain,2022-04-12
0,0,0,0,Swain,2022-04-13
3,1,2,0,Swain,2022-04-14
1,0,1,0,Swain,2022-04-15
0,0,0,0,Swain,2022-04-16
0,0,0,0,Swain,2022-04-17
1,1,0,0,Swain,2022-04-18
1,1,0,0,Swain,2022-04-20
1,0,1,0,Swain,2022-04-21
4,2,2,0,Swain,2022-04-22
1,0,1,0,Swain,2022-04-23
4,4,0,0,Transylvania,2021-10-26
2,2,0,0,Transylvania,2021-10-27
4,1,3,0,Transylvania,2021-10-28
2,0,2,0,Transylvania,2021-10-29
1,0,1,0,Transylvania,2021-10-30
5,4,1,0,Transylvania,2021-10-31
5,3,2,0,Transylvania,2021-11-01
8,3,5,0,Transylvania,2021-11-02
2,0,2,0,Transylvania,2021-11-03
2,1,1,0,Transylvania,2021-11-04
7,3,4,0,Transylvania,2021-11-05
2,1,1,0,Transylvania,2021-11-06
5,4,1,0,Transylvania,2021-11-07
7,5,2,0,Transylvania,2021-11-08
6,3,3,0,Transylvania,2021-11-09
4,3,1,0,Transylvania,2021-11-10
3,2,1,0,Transylvania,2021-11-11
1,1,0,0,Transylvania,2021-11-12
2,1,1,0,Transylvania,2021-11-13
1,0,1,0,Transylvania,2021-11-14
8,7,1,0,Transylvania,2021-11-15
5,5,0,0,Transylvania,2021-11-17
3,1,2,0,Transylvania,2021-11-18
1,1,0,0,Transylvania,2021-11-19
2,2,0,0,Transylvania,2021-11-20
4,3,1,0,Transylvania,2021-11-21
6,2,4,0,Transylvania,2021-11-22
1,1,0,0,Transylvania,2021-11-23
2,0,2,0,Transylvania,2021-11-24
1,1,0,0,Transylvania,2021-11-25
6,1,5,0,Transylvania,2021-11-26
5,2,3,0,Transylvania,2021-11-27
4,3,1,0,Transylvania,2021-11-28
11,5,6,0,Transylvania,2021-11-29
11,6,5,0,Transylvania,2021-11-30
14,8,6,0,Transylvania,2021-12-01
6,5,1,0,Transylvania,2021-12-02
11,8,3,0,Transylvania,2021-12-03
9,7,2,0,Transylvania,2021-12-04
7,5,2,0,Transylvania,2021-12-05
6,2,4,0,Transylvania,2021-12-06
6,2,4,0,Transylvania,2021-12-07
8,6,2,0,Transylvania,2021-12-09
6,3,3,0,Transylvania,2021-12-10
7,5,2,0,Transylvania,2021-12-11
16,12,4,0,Transylvania,2021-12-12
29,18,11,0,Transylvania,2021-12-13
43,13,30,0,Transylvania,2021-12-14
24,13,11,0,Transylvania,2021-12-15
22,12,10,0,Transylvania,2021-12-16
9,5,4,0,Transylvania,2021-12-18
12,6,6,0,Transylvania,2021-12-19
28,16,12,0,Transylvania,2021-12-20
29,19,10,0,Transylvania,2021-12-21
32,18,14,0,Transylvania,2021-12-22
28,18,10,0,Transylvania,2021-12-23
10,7,3,0,Transylvania,2021-12-24
5,2,3,0,Transylvania,2021-12-25
18,15,3,0,Transylvania,2021-12-26
51,22,29,0,Transylvania,2021-12-29
30,16,14,0,Transylvania,2021-12-31
14,9,5,0,Transylvania,2022-01-01
53,25,28,0,Transylvania,2022-01-03
60,24,36,0,Transylvania,2022-01-04
56,25,31,0,Transylvania,2022-01-05
23,14,9,0,Transylvania,2022-01-08
22,14,8,0,Transylvania,2022-01-09
83,32,51,0,Transylvania,2022-01-10
69,34,35,0,Transylvania,2022-01-11
70,33,37,0,Transylvania,2022-01-14
8,7,1,0,Transylvania,2022-01-16
84,32,52,0,Transylvania,2022-01-20
48,18,30,0,Transylvania,2022-01-21
22,14,8,0,Transylvania,2022-01-23
41,15,26,0,Transylvania,2022-01-24
23,4,19,0,Transylvania,2022-01-25
43,15,28,0,Transylvania,2022-01-26
31,12,19,0,Transylvania,2022-01-27
24,6,18,0,Transylvania,2022-01-28
12,5,7,0,Transylvania,2022-01-29
14,4,10,0,Transylvania,2022-01-30
35,15,20,0,Transylvania,2022-01-31
32,9,23,0,Transylvania,2022-02-01
28,17,11,0,Transylvania,2022-02-02
13,8,5,0,Transylvania,2022-02-03
14,5,9,0,Transylvania,2022-02-05
17,7,10,0,Transylvania,2022-02-06
14,5,9,0,Transylvania,2022-02-10
11,6,5,0,Transylvania,2022-02-11
7,5,2,0,Transylvania,2022-02-12
5,5,0,0,Transylvania,2022-02-13
17,11,6,0,Transylvania,2022-02-14
11,5,6,0,Transylvania,2022-02-15
12,4,8,0,Transylvania,2022-02-16
5,3,2,0,Transylvania,2022-02-18
0,0,0,0,Transylvania,2022-02-19
3,2,1,0,Transylvania,2022-02-20
1,1,0,0,Transylvania,2022-02-21
5,3,2,0,Transylvania,2022-02-22
9,4,5,0,Transylvania,2022-02-23
5,0,5,0,Transylvania,2022-02-24
1,1,0,0,Transylvania,2022-02-25
1,1,0,0,Transylvania,2022-02-26
0,0,0,0,Transylvania,2022-02-27
1,1,0,0,Transylvania,2022-02-28
3,1,2,0,Transylvania,2022-03-01
0,0,0,0,Transylvania,2022-03-04
1,1,0,0,Transylvania,2022-03-05
1,1,0,0,Transylvania,2022-03-06
3,2,1,0,Transylvania,2022-03-07
2,2,0,0,Transylvania,2022-03-08
0,0,0,0,Transylvania,2022-03-09
0,0,0,0,Transylvania,2022-03-10
0,0,0,0,Transylvania,2022-03-11
0,0,0,0,Transylvania,2022-03-12
0,0,0,0,Transylvania,2022-03-13
4,1,3,0,Transylvania,2022-03-14
0,0,0,0,Transylvania,2022-03-15
1,1,0,0,Transylvania,2022-03-16
0,0,0,0,Transylvania,2022-03-17
1,1,0,0,Transylvania,2022-03-18
0,0,0,0,Transylvania,2022-03-19
0,0,0,0,Transylvania,2022-03-20
1,1,0,0,Transylvania,2022-03-22
1,0,1,0,Transylvania,2022-03-23
0,0,0,0,Transylvania,2022-03-24
0,0,0,0,Transylvania,2022-03-25
0,0,0,0,Transylvania,2022-03-26
0,0,0,0,Transylvania,2022-03-27
1,0,1,0,Transylvania,2022-03-28
0,0,0,0,Transylvania,2022-03-29
3,2,1,0,Transylvania,2022-03-30
0,0,0,0,Transylvania,2022-03-31
1,0,1,0,Transylvania,2022-04-01
0,0,0,0,Transylvania,2022-04-02
0,0,0,0,Transylvania,2022-04-03
1,0,1,0,Transylvania,2022-04-04
0,0,0,0,Transylvania,2022-04-05
5,2,3,0,Transylvania,2022-04-06
2,2,0,0,Transylvania,2022-04-07
1,1,0,0,Transylvania,2022-04-08
2,1,1,0,Transylvania,2022-04-09
0,0,0,0,Transylvania,2022-04-10
3,3,0,0,Transylvania,2022-04-11
2,0,2,0,Transylvania,2022-04-12
0,0,0,0,Transylvania,2022-04-13
0,0,0,0,Transylvania,2022-04-14
0,0,0,0,Transylvania,2022-04-15
1,0,1,0,Transylvania,2022-04-16
0,0,0,0,Transylvania,2022-04-17
3,1,2,0,Transylvania,2022-04-18
3,1,2,0,Transylvania,2022-04-20
2,2,0,0,Transylvania,2022-04-21
1,0,1,0,Transylvania,2022-04-22
1,1,0,0,Transylvania,2022-04-23
1,0,1,0,Tyrrell,2021-10-26
1,0,1,0,Tyrrell,2021-10-27
1,0,1,0,Tyrrell,2021-10-28
1,0,1,0,Tyrrell,2021-10-29
0,0,0,0,Tyrrell,2021-10-30
0,0,0,0,Tyrrell,2021-10-31
0,0,0,0,Tyrrell,2021-11-01
2,0,2,0,Tyrrell,2021-11-02
1,1,0,0,Tyrrell,2021-11-03
2,2,0,0,Tyrrell,2021-11-04
1,0,1,0,Tyrrell,2021-11-05
0,0,0,0,Tyrrell,2021-11-06
0,0,0,0,Tyrrell,2021-11-07
2,0,2,0,Tyrrell,2021-11-08
1,0,1,0,Tyrrell,2021-11-09
1,0,1,0,Tyrrell,2021-11-10
1,1,0,0,Tyrrell,2021-11-11
2,0,2,0,Tyrrell,2021-11-12
1,0,1,0,Tyrrell,2021-11-13
0,0,0,0,Tyrrell,2021-11-14
0,0,0,0,Tyrrell,2021-11-15
0,0,0,0,Tyrrell,2021-11-16
0,0,0,0,Tyrrell,2021-11-17
0,0,0,0,Tyrrell,2021-11-18
0,0,0,0,Tyrrell,2021-11-19
0,0,0,0,Tyrrell,2021-11-20
1,0,1,0,Tyrrell,2021-11-21
6,1,5,0,Tyrrell,2021-11-22
1,0,1,0,Tyrrell,2021-11-23
3,2,1,0,Tyrrell,2021-11-24
0,0,0,0,Tyrrell,2021-11-25
2,1,1,0,Tyrrell,2021-11-26
2,2,0,0,Tyrrell,2021-11-27
0,0,0,0,Tyrrell,2021-11-28
1,1,0,0,Tyrrell,2021-11-29
3,0,3,0,Tyrrell,2021-11-30
1,0,1,0,Tyrrell,2021-12-01
0,0,0,0,Tyrrell,2021-12-02
1,0,1,0,Tyrrell,2021-12-03
2,1,1,0,Tyrrell,2021-12-04
1,1,0,0,Tyrrell,2021-12-05
2,1,1,0,Tyrrell,2021-12-06
2,0,2,0,Tyrrell,2021-12-07
0,0,0,0,Tyrrell,2021-12-08
1,0,1,0,Tyrrell,2021-12-09
1,0,1,0,Tyrrell,2021-12-10
0,0,0,0,Tyrrell,2021-12-11
0,0,0,0,Tyrrell,2021-12-12
5,2,3,0,Tyrrell,2021-12-13
1,0,1,0,Tyrrell,2021-12-14
1,0,1,0,Tyrrell,2021-12-15
1,0,1,0,Tyrrell,2021-12-16
0,0,0,0,Tyrrell,2021-12-17
0,0,0,0,Tyrrell,2021-12-18
1,1,0,0,Tyrrell,2021-12-19
2,0,2,0,Tyrrell,2021-12-20
2,0,2,0,Tyrrell,2021-12-21
2,1,1,0,Tyrrell,2021-12-22
1,0,1,0,Tyrrell,2021-12-23
0,0,0,0,Tyrrell,2021-12-24
0,0,0,0,Tyrrell,2021-12-25
1,0,1,0,Tyrrell,2021-12-26
2,0,2,0,Tyrrell,2021-12-27
5,1,4,0,Tyrrell,2021-12-28
4,0,4,0,Tyrrell,2021-12-29
7,0,7,0,Tyrrell,2021-12-30
2,0,2,0,Tyrrell,2021-12-31
0,0,0,0,Tyrrell,2022-01-01
0,0,0,0,Tyrrell,2022-01-02
8,4,4,0,Tyrrell,2022-01-03
11,4,7,0,Tyrrell,2022-01-04
4,0,4,0,Tyrrell,2022-01-05
8,2,6,0,Tyrrell,2022-01-06
5,0,5,0,Tyrrell,2022-01-07
1,0,1,0,Tyrrell,2022-01-09
11,4,7,0,Tyrrell,2022-01-10
30,6,24,0,Tyrrell,2022-01-11
24,8,16,0,Tyrrell,2022-01-12
23,7,16,0,Tyrrell,2022-01-13
16,0,16,0,Tyrrell,2022-01-14
1,0,1,0,Tyrrell,2022-01-15
9,0,9,0,Tyrrell,2022-01-17
28,4,24,0,Tyrrell,2022-01-18
14,1,13,0,Tyrrell,2022-01-20
1,0,1,0,Tyrrell,2022-01-21
0,0,0,0,Tyrrell,2022-01-22
2,0,2,0,Tyrrell,2022-01-23
13,3,10,0,Tyrrell,2022-01-24
12,1,11,0,Tyrrell,2022-01-25
8,2,6,0,Tyrrell,2022-01-26
3,1,2,0,Tyrrell,2022-01-27
5,1,4,0,Tyrrell,2022-01-28
3,0,3,0,Tyrrell,2022-01-29
1,0,1,0,Tyrrell,2022-01-30
3,0,3,0,Tyrrell,2022-01-31
6,0,6,0,Tyrrell,2022-02-01
5,4,1,0,Tyrrell,2022-02-03
3,0,3,0,Tyrrell,2022-02-04
0,0,0,0,Tyrrell,2022-02-05
0,0,0,0,Tyrrell,2022-02-06
4,1,3,0,Tyrrell,2022-02-07
4,0,4,0,Tyrrell,2022-02-08
2,1,1,0,Tyrrell,2022-02-10
8,0,8,0,Tyrrell,2022-02-11
4,0,4,0,Tyrrell,2022-02-12
0,0,0,0,Tyrrell,2022-02-13
3,1,2,0,Tyrrell,2022-02-14
2,1,1,0,Tyrrell,2022-02-15
2,0,2,0,Tyrrell,2022-02-16
0,0,0,0,Tyrrell,2022-02-17
2,0,2,0,Tyrrell,2022-02-18
0,0,0,0,Tyrrell,2022-02-19
0,0,0,0,Tyrrell,2022-02-20
0,0,0,0,Tyrrell,2022-02-21
1,0,1,0,Tyrrell,2022-02-22
0,0,0,0,Tyrrell,2022-02-23
0,0,0,0,Tyrrell,2022-02-24
0,0,0,0,Tyrrell,2022-02-25
0,0,0,0,Tyrrell,2022-02-26
0,0,0,0,Tyrrell,2022-02-27
0,0,0,0,Tyrrell,2022-02-28
3,0,3,0,Tyrrell,2022-03-01
2,0,2,0,Tyrrell,2022-03-02
3,1,2,0,Tyrrell,2022-03-03
0,0,0,0,Tyrrell,2022-03-04
0,0,0,0,Tyrrell,2022-03-05
0,0,0,0,Tyrrell,2022-03-06
0,0,0,0,Tyrrell,2022-03-07
1,1,0,0,Tyrrell,2022-03-08
0,0,0,0,Tyrrell,2022-03-09
0,0,0,0,Tyrrell,2022-03-10
1,0,1,0,Tyrrell,2022-03-11
0,0,0,0,Tyrrell,2022-03-12
0,0,0,0,Tyrrell,2022-03-13
0,0,0,0,Tyrrell,2022-03-14
0,0,0,0,Tyrrell,2022-03-15
0,0,0,0,Tyrrell,2022-03-16
0,0,0,0,Tyrrell,2022-03-17
0,0,0,0,Tyrrell,2022-03-18
0,0,0,0,Tyrrell,2022-03-19
0,0,0,0,Tyrrell,2022-03-20
0,0,0,0,Tyrrell,2022-03-21
0,0,0,0,Tyrrell,2022-03-22
0,0,0,0,Tyrrell,2022-03-23
0,0,0,0,Tyrrell,2022-03-24
0,0,0,0,Tyrrell,2022-03-25
0,0,0,0,Tyrrell,2022-03-26
0,0,0,0,Tyrrell,2022-03-27
0,0,0,0,Tyrrell,2022-03-28
0,0,0,0,Tyrrell,2022-03-29
0,0,0,0,Tyrrell,2022-03-30
0,0,0,0,Tyrrell,2022-03-31
0,0,0,0,Tyrrell,2022-04-01
0,0,0,0,Tyrrell,2022-04-02
0,0,0,0,Tyrrell,2022-04-03
0,0,0,0,Tyrrell,2022-04-04
0,0,0,0,Tyrrell,2022-04-05
0,0,0,0,Tyrrell,2022-04-06
0,0,0,0,Tyrrell,2022-04-07
0,0,0,0,Tyrrell,2022-04-08
0,0,0,0,Tyrrell,2022-04-09
0,0,0,0,Tyrrell,2022-04-10
0,0,0,0,Tyrrell,2022-04-11
2,0,2,0,Tyrrell,2022-04-12
0,0,0,0,Tyrrell,2022-04-13
0,0,0,0,Tyrrell,2022-04-14
0,0,0,0,Tyrrell,2022-04-15
0,0,0,0,Tyrrell,2022-04-16
0,0,0,0,Tyrrell,2022-04-17
0,0,0,0,Tyrrell,2022-04-18
0,0,0,0,Tyrrell,2022-04-19
0,0,0,0,Tyrrell,2022-04-20
0,0,0,0,Tyrrell,2022-04-21
0,0,0,0,Tyrrell,2022-04-22
0,0,0,0,Tyrrell,2022-04-23
52,13,39,0,Union,2021-10-27
54,17,37,0,Union,2021-11-04
29,6,23,0,Union,2021-11-06
72,13,59,0,Union,2021-11-09
70,19,51,0,Union,2021-11-10
62,13,49,0,Union,2021-11-11
46,9,37,0,Union,2021-11-13
46,10,36,0,Union,2021-11-14
108,42,66,0,Union,2021-11-15
67,15,52,0,Union,2021-11-16
66,18,48,0,Union,2021-11-19
37,10,27,0,Union,2021-11-20
90,16,74,0,Union,2021-11-23
74,9,65,0,Union,2021-11-24
69,18,51,0,Union,2021-11-26
59,8,51,0,Union,2021-11-28
118,26,92,0,Union,2021-11-29
113,27,86,0,Union,2021-12-07
81,14,67,0,Union,2021-12-10
58,14,44,0,Union,2021-12-11
103,5,98,0,Union,2021-12-17
83,19,64,0,Union,2021-12-18
150,27,123,0,Union,2021-12-20
204,31,173,0,Union,2021-12-23
34,1,33,0,Union,2021-12-25
436,84,352,0,Union,2021-12-29
314,104,210,0,Union,2021-12-31
205,47,158,0,Union,2022-01-01
233,53,180,0,Union,2022-01-02
379,85,294,0,Union,2022-01-09
892,167,725,0,Union,2022-01-13
764,133,631,0,Union,2022-01-14
88,18,70,0,Union,2022-01-16
824,193,631,0,Union,2022-01-19
132,30,102,0,Union,2022-01-30
311,83,228,0,Union,2022-01-31
87,22,65,0,Union,2022-02-10
41,8,33,0,Union,2022-02-13
31,13,18,0,Union,2022-02-20
37,15,22,0,Union,2022-02-23
18,5,13,0,Union,2022-02-25
27,8,19,0,Union,2022-02-28
18,3,15,0,Union,2022-03-01
14,6,8,0,Union,2022-03-03
15,2,13,0,Union,2022-03-04
5,3,2,0,Union,2022-03-06
7,1,6,0,Union,2022-03-11
9,3,6,0,Union,2022-03-12
8,0,8,0,Union,2022-03-14
5,1,4,0,Union,2022-03-15
8,0,8,0,Union,2022-03-16
8,1,7,0,Union,2022-03-17
2,0,2,0,Union,2022-03-18
0,0,0,0,Union,2022-03-20
9,3,6,0,Union,2022-03-21
9,0,9,0,Union,2022-03-22
12,2,10,0,Union,2022-03-23
8,1,7,0,Union,2022-03-24
9,1,8,0,Union,2022-03-25
4,1,3,0,Union,2022-03-26
11,3,8,0,Union,2022-03-27
7,3,4,0,Union,2022-03-29
8,2,6,0,Union,2022-03-30
9,1,8,0,Union,2022-03-31
4,1,3,0,Union,2022-04-01
9,2,7,0,Union,2022-04-02
6,2,4,0,Union,2022-04-03
13,1,12,0,Union,2022-04-04
10,1,9,0,Union,2022-04-05
15,2,13,0,Union,2022-04-06
22,2,20,0,Union,2022-04-07
13,2,11,0,Union,2022-04-08
3,1,2,0,Union,2022-04-09
18,4,14,0,Union,2022-04-11
22,4,18,0,Union,2022-04-12
30,4,26,0,Union,2022-04-13
29,10,19,0,Union,2022-04-14
13,1,12,0,Union,2022-04-16
30,6,24,0,Union,2022-04-18
35,10,25,0,Union,2022-04-19
38,6,32,0,Union,2022-04-20
40,11,29,0,Union,2022-04-21
27,3,24,0,Union,2022-04-22
19,8,11,0,Union,2022-04-23
13,5,8,0,Vance,2021-10-26
6,1,5,0,Vance,2021-10-27
8,1,7,0,Vance,2021-10-29
6,2,4,0,Vance,2021-10-31
22,5,17,0,Vance,2021-11-01
8,0,8,0,Vance,2021-11-02
9,6,3,0,Vance,2021-11-03
9,2,7,0,Vance,2021-11-04
1,0,1,0,Vance,2021-11-06
4,1,3,0,Vance,2021-11-07
12,1,11,0,Vance,2021-11-08
5,3,2,0,Vance,2021-11-09
8,5,3,0,Vance,2021-11-10
5,1,4,0,Vance,2021-11-11
14,3,11,0,Vance,2021-11-12
3,1,2,0,Vance,2021-11-13
4,2,2,0,Vance,2021-11-14
3,0,3,0,Vance,2021-11-15
11,2,9,0,Vance,2021-11-16
10,2,8,0,Vance,2021-11-17
10,6,4,0,Vance,2021-11-19
3,1,2,0,Vance,2021-11-20
7,1,6,0,Vance,2021-11-21
16,3,13,0,Vance,2021-11-22
12,2,10,0,Vance,2021-11-23
10,5,5,0,Vance,2021-11-24
1,1,0,0,Vance,2021-11-25
7,4,3,0,Vance,2021-11-26
4,1,3,0,Vance,2021-11-27
6,0,6,0,Vance,2021-11-28
19,2,17,0,Vance,2021-11-29
17,4,13,0,Vance,2021-11-30
28,5,23,0,Vance,2021-12-01
17,5,12,0,Vance,2021-12-02
7,3,4,0,Vance,2021-12-03
7,1,6,0,Vance,2021-12-04
8,1,7,0,Vance,2021-12-05
25,4,21,0,Vance,2021-12-06
14,5,9,0,Vance,2021-12-07
16,2,14,0,Vance,2021-12-08
13,4,9,0,Vance,2021-12-09
13,3,10,0,Vance,2021-12-10
5,1,4,0,Vance,2021-12-11
5,0,5,0,Vance,2021-12-12
28,5,23,0,Vance,2021-12-13
32,10,22,0,Vance,2021-12-14
28,2,26,0,Vance,2021-12-15
34,9,25,0,Vance,2021-12-16
20,4,16,0,Vance,2021-12-17
15,3,12,0,Vance,2021-12-19
35,2,33,0,Vance,2021-12-20
32,12,20,0,Vance,2021-12-21
40,18,22,0,Vance,2021-12-22
35,5,30,0,Vance,2021-12-23
22,5,17,0,Vance,2021-12-24
22,9,13,0,Vance,2021-12-25
34,10,24,0,Vance,2021-12-26
117,26,91,0,Vance,2021-12-27
180,46,134,0,Vance,2021-12-29
231,68,163,0,Vance,2021-12-30
92,36,56,0,Vance,2021-12-31
28,18,10,0,Vance,2022-01-01
52,10,42,0,Vance,2022-01-02
95,16,79,0,Vance,2022-01-07
63,15,48,0,Vance,2022-01-08
45,18,27,0,Vance,2022-01-09
183,38,145,0,Vance,2022-01-10
130,14,116,0,Vance,2022-01-11
160,14,146,0,Vance,2022-01-12
114,21,93,0,Vance,2022-01-14
74,10,64,0,Vance,2022-01-15
10,3,7,0,Vance,2022-01-16
117,11,106,0,Vance,2022-01-17
172,27,145,0,Vance,2022-01-18
159,15,144,0,Vance,2022-01-19
59,5,54,0,Vance,2022-01-21
22,3,19,0,Vance,2022-01-22
35,4,31,0,Vance,2022-01-23
92,10,82,0,Vance,2022-01-25
90,5,85,0,Vance,2022-01-26
60,6,54,0,Vance,2022-01-27
48,3,45,0,Vance,2022-01-28
18,1,17,0,Vance,2022-01-29
23,3,20,0,Vance,2022-01-30
62,8,54,0,Vance,2022-01-31
61,4,57,0,Vance,2022-02-01
35,8,27,0,Vance,2022-02-02
26,1,25,0,Vance,2022-02-03
10,0,10,0,Vance,2022-02-05
9,1,8,0,Vance,2022-02-06
35,12,23,0,Vance,2022-02-07
41,11,30,0,Vance,2022-02-08
23,4,19,0,Vance,2022-02-09
18,1,17,0,Vance,2022-02-10
20,5,15,0,Vance,2022-02-11
7,1,6,0,Vance,2022-02-12
4,2,2,0,Vance,2022-02-13
22,1,21,0,Vance,2022-02-14
9,2,7,0,Vance,2022-02-15
12,1,11,0,Vance,2022-02-16
13,3,10,0,Vance,2022-02-17
9,1,8,0,Vance,2022-02-18
2,0,2,0,Vance,2022-02-20
10,5,5,0,Vance,2022-02-21
6,1,5,0,Vance,2022-02-22
6,0,6,0,Vance,2022-02-23
4,1,3,0,Vance,2022-02-24
5,0,5,0,Vance,2022-02-25
0,0,0,0,Vance,2022-02-26
4,0,4,0,Vance,2022-02-27
3,3,0,0,Vance,2022-02-28
4,1,3,0,Vance,2022-03-01
1,0,1,0,Vance,2022-03-02
6,1,5,0,Vance,2022-03-03
2,0,2,0,Vance,2022-03-04
3,2,1,0,Vance,2022-03-05
0,0,0,0,Vance,2022-03-06
4,0,4,0,Vance,2022-03-07
7,4,3,0,Vance,2022-03-08
4,0,4,0,Vance,2022-03-09
1,0,1,0,Vance,2022-03-10
3,1,2,0,Vance,2022-03-11
0,0,0,0,Vance,2022-03-12
1,1,0,0,Vance,2022-03-13
1,0,1,0,Vance,2022-03-14
1,1,0,0,Vance,2022-03-15
0,0,0,0,Vance,2022-03-16
0,0,0,0,Vance,2022-03-17
4,0,4,0,Vance,2022-03-18
0,0,0,0,Vance,2022-03-19
2,0,2,0,Vance,2022-03-20
2,1,1,0,Vance,2022-03-22
2,0,2,0,Vance,2022-03-23
3,1,2,0,Vance,2022-03-24
2,0,2,0,Vance,2022-03-25
0,0,0,0,Vance,2022-03-27
0,0,0,0,Vance,2022-03-29
0,0,0,0,Vance,2022-03-30
2,1,1,0,Vance,2022-03-31
2,0,2,0,Vance,2022-04-01
1,0,1,0,Vance,2022-04-02
1,1,0,0,Vance,2022-04-03
1,1,0,0,Vance,2022-04-04
1,1,0,0,Vance,2022-04-05
5,0,5,0,Vance,2022-04-06
2,0,2,0,Vance,2022-04-07
5,2,3,0,Vance,2022-04-08
3,0,3,0,Vance,2022-04-09
2,1,1,0,Vance,2022-04-10
1,1,0,0,Vance,2022-04-12
2,1,1,0,Vance,2022-04-13
5,2,3,0,Vance,2022-04-14
0,0,0,0,Vance,2022-04-15
2,1,1,0,Vance,2022-04-16
0,0,0,0,Vance,2022-04-17
1,0,1,0,Vance,2022-04-18
2,1,1,0,Vance,2022-04-20
1,0,1,0,Vance,2022-04-21
4,1,3,0,Vance,2022-04-22
0,0,0,0,Vance,2022-04-23
227,18,209,0,Wake,2021-10-26
171,21,150,0,Wake,2021-10-27
152,22,130,0,Wake,2021-11-02
178,27,151,0,Wake,2021-11-03
94,7,87,0,Wake,2021-11-06
72,22,50,0,Wake,2021-11-07
225,11,214,0,Wake,2021-11-12
149,12,137,0,Wake,2021-11-13
66,4,62,0,Wake,2021-11-14
300,28,272,0,Wake,2021-11-15
199,15,184,0,Wake,2021-11-16
78,6,72,0,Wake,2021-11-21
238,23,215,0,Wake,2021-11-23
152,23,129,0,Wake,2021-11-26
202,11,191,0,Wake,2021-11-27
92,19,73,0,Wake,2021-11-28
420,32,388,0,Wake,2021-11-29
328,22,306,0,Wake,2021-11-30
340,39,301,0,Wake,2021-12-01
320,24,296,0,Wake,2021-12-02
281,26,255,0,Wake,2021-12-03
141,21,120,0,Wake,2021-12-05
326,28,298,0,Wake,2021-12-07
319,27,292,0,Wake,2021-12-10
241,18,223,0,Wake,2021-12-11
131,12,119,0,Wake,2021-12-12
445,44,401,0,Wake,2021-12-13
453,36,417,0,Wake,2021-12-16
1220,121,1099,0,Wake,2021-12-22
220,19,201,0,Wake,2021-12-25
789,113,676,0,Wake,2021-12-26
4000,241,3759,0,Wake,2021-12-29
3899,234,3665,0,Wake,2021-12-30
2629,151,2478,0,Wake,2021-12-31
1825,71,1754,0,Wake,2022-01-01
5109,351,4758,0,Wake,2022-01-03
6495,352,6143,0,Wake,2022-01-10
2118,143,1975,0,Wake,2022-01-31
1456,122,1334,0,Wake,2022-02-01
756,46,710,0,Wake,2022-02-05
344,57,287,0,Wake,2022-02-06
796,86,710,0,Wake,2022-02-09
456,42,414,0,Wake,2022-02-16
138,25,113,0,Wake,2022-02-20
75,15,60,0,Wake,2022-02-27
204,21,183,0,Wake,2022-02-28
154,14,140,0,Wake,2022-03-01
148,17,131,0,Wake,2022-03-02
97,4,93,0,Wake,2022-03-08
60,8,52,0,Wake,2022-03-11
95,7,88,0,Wake,2022-03-14
80,5,75,0,Wake,2022-03-16
87,8,79,0,Wake,2022-03-17
70,8,62,0,Wake,2022-03-18
120,13,107,0,Wake,2022-03-23
76,4,72,0,Wake,2022-03-25
101,6,95,0,Wake,2022-03-29
100,9,91,0,Wake,2022-03-30
107,6,101,0,Wake,2022-04-01
40,2,38,0,Wake,2022-04-03
146,13,133,0,Wake,2022-04-04
150,18,132,0,Wake,2022-04-05
177,15,162,0,Wake,2022-04-06
145,20,125,0,Wake,2022-04-07
181,13,168,0,Wake,2022-04-08
134,8,126,0,Wake,2022-04-09
226,23,203,0,Wake,2022-04-12
305,37,268,0,Wake,2022-04-13
243,17,226,0,Wake,2022-04-14
182,30,152,0,Wake,2022-04-16
103,17,86,0,Wake,2022-04-17
432,40,392,0,Wake,2022-04-18
352,49,303,0,Wake,2022-04-20
306,30,276,0,Wake,2022-04-21
293,29,264,0,Wake,2022-04-22
219,21,198,0,Wake,2022-04-23
6,0,6,0,Warren,2021-10-26
5,0,5,0,Warren,2021-10-27
3,1,2,0,Warren,2021-10-28
1,0,1,0,Warren,2021-10-29
1,0,1,0,Warren,2021-10-31
6,2,4,0,Warren,2021-11-01
4,2,2,0,Warren,2021-11-02
5,0,5,0,Warren,2021-11-03
5,0,5,0,Warren,2021-11-04
1,0,1,0,Warren,2021-11-05
1,1,0,0,Warren,2021-11-06
2,0,2,0,Warren,2021-11-07
4,1,3,0,Warren,2021-11-09
4,0,4,0,Warren,2021-11-10
0,0,0,0,Warren,2021-11-11
0,0,0,0,Warren,2021-11-12
0,0,0,0,Warren,2021-11-13
2,1,1,0,Warren,2021-11-14
3,0,3,0,Warren,2021-11-15
2,0,2,0,Warren,2021-11-16
5,1,4,0,Warren,2021-11-17
2,1,1,0,Warren,2021-11-18
8,1,7,0,Warren,2021-11-19
0,0,0,0,Warren,2021-11-20
2,1,1,0,Warren,2021-11-21
3,1,2,0,Warren,2021-11-22
2,0,2,0,Warren,2021-11-23
4,0,4,0,Warren,2021-11-24
0,0,0,0,Warren,2021-11-25
3,2,1,0,Warren,2021-11-26
1,1,0,0,Warren,2021-11-27
1,0,1,0,Warren,2021-11-28
9,2,7,0,Warren,2021-11-29
11,2,9,0,Warren,2021-11-30
7,2,5,0,Warren,2021-12-01
3,0,3,0,Warren,2021-12-04
2,0,2,0,Warren,2021-12-05
7,0,7,0,Warren,2021-12-06
4,0,4,0,Warren,2021-12-07
8,2,6,0,Warren,2021-12-08
10,2,8,0,Warren,2021-12-09
10,0,10,0,Warren,2021-12-10
1,0,1,0,Warren,2021-12-11
6,5,1,0,Warren,2021-12-12
10,1,9,0,Warren,2021-12-13
9,2,7,0,Warren,2021-12-14
10,2,8,0,Warren,2021-12-15
6,1,5,0,Warren,2021-12-17
10,3,7,0,Warren,2021-12-18
4,0,4,0,Warren,2021-12-19
9,1,8,0,Warren,2021-12-20
6,1,5,0,Warren,2021-12-21
10,1,9,0,Warren,2021-12-22
14,7,7,0,Warren,2021-12-23
5,3,2,0,Warren,2021-12-24
5,1,4,0,Warren,2021-12-25
6,1,5,0,Warren,2021-12-26
26,6,20,0,Warren,2021-12-27
55,5,50,0,Warren,2021-12-28
59,13,46,0,Warren,2021-12-29
78,23,55,0,Warren,2021-12-30
32,16,16,0,Warren,2021-12-31
4,2,2,0,Warren,2022-01-01
24,11,13,0,Warren,2022-01-02
72,14,58,0,Warren,2022-01-03
97,19,78,0,Warren,2022-01-04
67,11,56,0,Warren,2022-01-05
77,14,63,0,Warren,2022-01-06
62,13,49,0,Warren,2022-01-07
14,1,13,0,Warren,2022-01-09
83,20,63,0,Warren,2022-01-10
67,5,62,0,Warren,2022-01-11
81,7,74,0,Warren,2022-01-12
38,8,30,0,Warren,2022-01-13
50,4,46,0,Warren,2022-01-14
15,4,11,0,Warren,2022-01-15
4,1,3,0,Warren,2022-01-16
24,7,17,0,Warren,2022-01-17
72,12,60,0,Warren,2022-01-18
47,15,32,0,Warren,2022-01-20
10,3,7,0,Warren,2022-01-21
7,2,5,0,Warren,2022-01-22
18,3,15,0,Warren,2022-01-23
66,7,59,0,Warren,2022-01-24
11,2,9,0,Warren,2022-01-25
19,2,17,0,Warren,2022-01-26
21,6,15,0,Warren,2022-01-27
10,0,10,0,Warren,2022-01-29
17,5,12,0,Warren,2022-01-30
25,5,20,0,Warren,2022-01-31
23,2,21,0,Warren,2022-02-01
14,3,11,0,Warren,2022-02-03
12,3,9,0,Warren,2022-02-04
4,1,3,0,Warren,2022-02-05
6,0,6,0,Warren,2022-02-06
11,3,8,0,Warren,2022-02-07
6,0,6,0,Warren,2022-02-08
6,1,5,0,Warren,2022-02-09
7,3,4,0,Warren,2022-02-10
6,0,6,0,Warren,2022-02-11
2,0,2,0,Warren,2022-02-12
2,1,1,0,Warren,2022-02-13
12,1,11,0,Warren,2022-02-14
6,3,3,0,Warren,2022-02-15
4,0,4,0,Warren,2022-02-16
5,0,5,0,Warren,2022-02-17
1,0,1,0,Warren,2022-02-18
1,0,1,0,Warren,2022-02-19
2,1,1,0,Warren,2022-02-20
4,1,3,0,Warren,2022-02-21
3,1,2,0,Warren,2022-02-22
2,0,2,0,Warren,2022-02-23
4,1,3,0,Warren,2022-02-24
1,0,1,0,Warren,2022-02-25
0,0,0,0,Warren,2022-02-26
1,0,1,0,Warren,2022-02-27
1,0,1,0,Warren,2022-02-28
1,0,1,0,Warren,2022-03-01
2,0,2,0,Warren,2022-03-02
0,0,0,0,Warren,2022-03-03
1,0,1,0,Warren,2022-03-04
1,1,0,0,Warren,2022-03-05
0,0,0,0,Warren,2022-03-06
0,0,0,0,Warren,2022-03-07
2,1,1,0,Warren,2022-03-08
1,1,0,0,Warren,2022-03-09
0,0,0,0,Warren,2022-03-10
0,0,0,0,Warren,2022-03-11
0,0,0,0,Warren,2022-03-12
0,0,0,0,Warren,2022-03-13
2,0,2,0,Warren,2022-03-14
0,0,0,0,Warren,2022-03-15
1,0,1,0,Warren,2022-03-16
0,0,0,0,Warren,2022-03-17
0,0,0,0,Warren,2022-03-18
0,0,0,0,Warren,2022-03-19
0,0,0,0,Warren,2022-03-20
0,0,0,0,Warren,2022-03-21
1,0,1,0,Warren,2022-03-22
1,1,0,0,Warren,2022-03-23
0,0,0,0,Warren,2022-03-24
3,0,3,0,Warren,2022-03-25
0,0,0,0,Warren,2022-03-26
0,0,0,0,Warren,2022-03-27
0,0,0,0,Warren,2022-03-28
0,0,0,0,Warren,2022-03-29
0,0,0,0,Warren,2022-03-30
0,0,0,0,Warren,2022-03-31
0,0,0,0,Warren,2022-04-01
0,0,0,0,Warren,2022-04-02
0,0,0,0,Warren,2022-04-03
2,0,2,0,Warren,2022-04-04
3,0,3,0,Warren,2022-04-05
1,0,1,0,Warren,2022-04-06
0,0,0,0,Warren,2022-04-07
1,1,0,0,Warren,2022-04-08
0,0,0,0,Warren,2022-04-09
0,0,0,0,Warren,2022-04-10
2,0,2,0,Warren,2022-04-11
1,0,1,0,Warren,2022-04-12
2,0,2,0,Warren,2022-04-14
0,0,0,0,Warren,2022-04-15
1,0,1,0,Warren,2022-04-16
0,0,0,0,Warren,2022-04-17
2,1,1,0,Warren,2022-04-18
2,0,2,0,Warren,2022-04-19
0,0,0,0,Warren,2022-04-20
3,2,1,0,Warren,2022-04-21
4,3,1,0,Warren,2022-04-22
2,0,2,0,Warren,2022-04-23
10,3,7,0,Washington,2021-10-26
2,0,2,0,Washington,2021-10-27
2,0,2,0,Washington,2021-10-28
1,0,1,0,Washington,2021-10-29
1,0,1,0,Washington,2021-10-30
2,1,1,0,Washington,2021-10-31
1,1,0,0,Washington,2021-11-01
4,1,3,0,Washington,2021-11-02
1,0,1,0,Washington,2021-11-03
1,0,1,0,Washington,2021-11-04
2,0,2,0,Washington,2021-11-05
1,0,1,0,Washington,2021-11-06
1,0,1,0,Washington,2021-11-07
1,0,1,0,Washington,2021-11-08
1,0,1,0,Washington,2021-11-09
2,0,2,0,Washington,2021-11-10
5,0,5,0,Washington,2021-11-12
1,0,1,0,Washington,2021-11-13
2,0,2,0,Washington,2021-11-14
0,0,0,0,Washington,2021-11-15
1,1,0,0,Washington,2021-11-16
2,0,2,0,Washington,2021-11-17
0,0,0,0,Washington,2021-11-18
1,0,1,0,Washington,2021-11-19
0,0,0,0,Washington,2021-11-20
0,0,0,0,Washington,2021-11-21
4,1,3,0,Washington,2021-11-22
4,0,4,0,Washington,2021-11-23
0,0,0,0,Washington,2021-11-24
2,0,2,0,Washington,2021-11-25
0,0,0,0,Washington,2021-11-26
0,0,0,0,Washington,2021-11-27
0,0,0,0,Washington,2021-11-28
3,2,1,0,Washington,2021-11-29
8,1,7,0,Washington,2021-11-30
2,0,2,0,Washington,2021-12-01
2,0,2,0,Washington,2021-12-02
4,2,2,0,Washington,2021-12-03
0,0,0,0,Washington,2021-12-05
6,1,5,0,Washington,2021-12-06
4,1,3,0,Washington,2021-12-07
0,0,0,0,Washington,2021-12-08
3,1,2,0,Washington,2021-12-09
2,0,2,0,Washington,2021-12-10
1,0,1,0,Washington,2021-12-11
0,0,0,0,Washington,2021-12-12
2,0,2,0,Washington,2021-12-13
2,0,2,0,Washington,2021-12-14
0,0,0,0,Washington,2021-12-15
0,0,0,0,Washington,2021-12-16
4,1,3,0,Washington,2021-12-17
0,0,0,0,Washington,2021-12-18
0,0,0,0,Washington,2021-12-19
6,1,5,0,Washington,2021-12-20
2,1,1,0,Washington,2021-12-21
5,3,2,0,Washington,2021-12-22
5,0,5,0,Washington,2021-12-23
0,0,0,0,Washington,2021-12-24
1,0,1,0,Washington,2021-12-25
23,18,5,0,Washington,2021-12-27
24,13,11,0,Washington,2021-12-28
30,19,11,0,Washington,2021-12-29
53,32,21,0,Washington,2021-12-30
25,1,24,0,Washington,2021-12-31
5,3,2,0,Washington,2022-01-01
12,2,10,0,Washington,2022-01-02
42,7,35,0,Washington,2022-01-03
62,11,51,0,Washington,2022-01-04
56,5,51,0,Washington,2022-01-05
38,2,36,0,Washington,2022-01-07
22,4,18,0,Washington,2022-01-08
12,2,10,0,Washington,2022-01-09
62,2,60,0,Washington,2022-01-10
43,9,34,0,Washington,2022-01-11
49,11,38,0,Washington,2022-01-13
55,7,48,0,Washington,2022-01-14
17,1,16,0,Washington,2022-01-15
10,4,6,0,Washington,2022-01-16
69,6,63,0,Washington,2022-01-18
68,9,59,0,Washington,2022-01-19
4,3,1,0,Washington,2022-01-21
2,2,0,0,Washington,2022-01-22
9,3,6,0,Washington,2022-01-23
47,8,39,0,Washington,2022-01-25
29,12,17,0,Washington,2022-01-26
15,4,11,0,Washington,2022-01-27
5,2,3,0,Washington,2022-01-29
6,2,4,0,Washington,2022-01-30
13,4,9,0,Washington,2022-02-01
7,0,7,0,Washington,2022-02-03
17,5,12,0,Washington,2022-02-04
13,4,9,0,Washington,2022-02-07
12,2,10,0,Washington,2022-02-08
3,1,2,0,Washington,2022-02-09
2,0,2,0,Washington,2022-02-10
4,0,4,0,Washington,2022-02-12
1,0,1,0,Washington,2022-02-13
7,2,5,0,Washington,2022-02-14
9,6,3,0,Washington,2022-02-15
2,1,1,0,Washington,2022-02-18
1,0,1,0,Washington,2022-02-20
3,0,3,0,Washington,2022-02-22
0,0,0,0,Washington,2022-02-23
2,0,2,0,Washington,2022-02-24
1,1,0,0,Washington,2022-02-25
0,0,0,0,Washington,2022-02-26
1,0,1,0,Washington,2022-02-27
2,0,2,0,Washington,2022-02-28
2,1,1,0,Washington,2022-03-02
0,0,0,0,Washington,2022-03-03
2,0,2,0,Washington,2022-03-04
0,0,0,0,Washington,2022-03-05
1,0,1,0,Washington,2022-03-06
1,0,1,0,Washington,2022-03-07
2,0,2,0,Washington,2022-03-08
1,0,1,0,Washington,2022-03-09
0,0,0,0,Washington,2022-03-10
0,0,0,0,Washington,2022-03-11
0,0,0,0,Washington,2022-03-12
0,0,0,0,Washington,2022-03-13
1,0,1,0,Washington,2022-03-14
2,2,0,0,Washington,2022-03-15
0,0,0,0,Washington,2022-03-16
0,0,0,0,Washington,2022-03-17
0,0,0,0,Washington,2022-03-18
0,0,0,0,Washington,2022-03-19
0,0,0,0,Washington,2022-03-20
0,0,0,0,Washington,2022-03-21
0,0,0,0,Washington,2022-03-22
1,0,1,0,Washington,2022-03-23
0,0,0,0,Washington,2022-03-24
0,0,0,0,Washington,2022-03-25
0,0,0,0,Washington,2022-03-26
1,0,1,0,Washington,2022-03-27
0,0,0,0,Washington,2022-03-28
1,1,0,0,Washington,2022-03-29
0,0,0,0,Washington,2022-03-30
0,0,0,0,Washington,2022-03-31
1,0,1,0,Washington,2022-04-01
0,0,0,0,Washington,2022-04-02
0,0,0,0,Washington,2022-04-04
1,0,1,0,Washington,2022-04-05
0,0,0,0,Washington,2022-04-06
0,0,0,0,Washington,2022-04-07
0,0,0,0,Washington,2022-04-08
0,0,0,0,Washington,2022-04-09
0,0,0,0,Washington,2022-04-10
0,0,0,0,Washington,2022-04-11
0,0,0,0,Washington,2022-04-12
0,0,0,0,Washington,2022-04-13
0,0,0,0,Washington,2022-04-14
0,0,0,0,Washington,2022-04-15
0,0,0,0,Washington,2022-04-16
1,0,1,0,Washington,2022-04-17
1,0,1,0,Washington,2022-04-18
1,1,0,0,Washington,2022-04-19
2,1,1,0,Washington,2022-04-20
0,0,0,0,Washington,2022-04-21
0,0,0,0,Washington,2022-04-22
0,0,0,0,Washington,2022-04-23
9,0,9,0,Watauga,2021-10-27
5,2,3,0,Watauga,2021-10-29
3,0,3,0,Watauga,2021-10-30
1,1,0,0,Watauga,2021-10-31
14,9,5,0,Watauga,2021-11-01
14,7,7,0,Watauga,2021-11-02
6,1,5,0,Watauga,2021-11-03
11,1,10,0,Watauga,2021-11-04
9,4,5,0,Watauga,2021-11-05
3,3,0,0,Watauga,2021-11-06
5,2,3,0,Watauga,2021-11-07
6,2,4,0,Watauga,2021-11-09
15,4,11,0,Watauga,2021-11-10
4,1,3,0,Watauga,2021-11-11
14,5,9,0,Watauga,2021-11-12
4,2,2,0,Watauga,2021-11-13
4,2,2,0,Watauga,2021-11-14
16,11,5,0,Watauga,2021-11-15
5,2,3,0,Watauga,2021-11-16
6,2,4,0,Watauga,2021-11-17
12,5,7,0,Watauga,2021-11-18
8,3,5,0,Watauga,2021-11-19
1,0,1,0,Watauga,2021-11-20
2,2,0,0,Watauga,2021-11-21
10,4,6,0,Watauga,2021-11-22
10,2,8,0,Watauga,2021-11-23
5,1,4,0,Watauga,2021-11-24
2,1,1,0,Watauga,2021-11-25
8,2,6,0,Watauga,2021-11-26
8,3,5,0,Watauga,2021-11-27
13,2,11,0,Watauga,2021-11-28
22,8,14,0,Watauga,2021-11-29
26,8,18,0,Watauga,2021-11-30
15,3,12,0,Watauga,2021-12-02
23,4,19,0,Watauga,2021-12-03
4,0,4,0,Watauga,2021-12-05
15,7,8,0,Watauga,2021-12-08
14,5,9,0,Watauga,2021-12-09
6,2,4,0,Watauga,2021-12-10
5,3,2,0,Watauga,2021-12-11
8,4,4,0,Watauga,2021-12-12
20,9,11,0,Watauga,2021-12-13
21,12,9,0,Watauga,2021-12-14
17,5,12,0,Watauga,2021-12-16
19,4,15,0,Watauga,2021-12-17
20,5,15,0,Watauga,2021-12-19
44,6,38,0,Watauga,2021-12-20
46,15,31,0,Watauga,2021-12-21
30,4,26,0,Watauga,2021-12-22
12,6,6,0,Watauga,2021-12-24
6,0,6,0,Watauga,2021-12-25
25,5,20,0,Watauga,2021-12-26
48,13,35,0,Watauga,2021-12-27
89,24,65,0,Watauga,2021-12-28
69,22,47,0,Watauga,2021-12-29
92,22,70,0,Watauga,2021-12-30
33,14,19,0,Watauga,2021-12-31
16,12,4,0,Watauga,2022-01-01
26,16,10,0,Watauga,2022-01-02
52,24,28,0,Watauga,2022-01-03
201,64,137,0,Watauga,2022-01-04
179,56,123,0,Watauga,2022-01-05
136,36,100,0,Watauga,2022-01-06
73,42,31,0,Watauga,2022-01-07
39,11,28,0,Watauga,2022-01-08
39,11,28,0,Watauga,2022-01-09
208,87,121,0,Watauga,2022-01-10
197,65,132,0,Watauga,2022-01-11
171,48,123,0,Watauga,2022-01-12
128,55,73,0,Watauga,2022-01-14
44,26,18,0,Watauga,2022-01-15
21,19,2,0,Watauga,2022-01-16
53,46,7,0,Watauga,2022-01-17
122,89,33,0,Watauga,2022-01-18
271,99,172,0,Watauga,2022-01-19
228,82,146,0,Watauga,2022-01-20
218,80,138,0,Watauga,2022-01-25
124,69,55,0,Watauga,2022-01-26
128,48,80,0,Watauga,2022-01-27
33,23,10,0,Watauga,2022-01-29
42,22,20,0,Watauga,2022-01-30
121,62,59,0,Watauga,2022-01-31
122,56,66,0,Watauga,2022-02-01
54,29,25,0,Watauga,2022-02-04
20,10,10,0,Watauga,2022-02-05
23,13,10,0,Watauga,2022-02-06
55,29,26,0,Watauga,2022-02-08
32,14,18,0,Watauga,2022-02-11
14,10,4,0,Watauga,2022-02-12
14,9,5,0,Watauga,2022-02-13
48,30,18,0,Watauga,2022-02-14
35,19,16,0,Watauga,2022-02-15
25,9,16,0,Watauga,2022-02-16
23,8,15,0,Watauga,2022-02-17
19,8,11,0,Watauga,2022-02-18
7,1,6,0,Watauga,2022-02-19
4,1,3,0,Watauga,2022-02-20
31,15,16,0,Watauga,2022-02-21
26,13,13,0,Watauga,2022-02-22
18,10,8,0,Watauga,2022-02-23
16,2,14,0,Watauga,2022-02-24
19,1,18,0,Watauga,2022-02-25
6,1,5,0,Watauga,2022-02-26
3,3,0,0,Watauga,2022-02-27
11,6,5,0,Watauga,2022-02-28
11,5,6,0,Watauga,2022-03-02
15,4,11,0,Watauga,2022-03-03
4,2,2,0,Watauga,2022-03-05
3,1,2,0,Watauga,2022-03-07
3,2,1,0,Watauga,2022-03-08
5,3,2,0,Watauga,2022-03-09
5,1,4,0,Watauga,2022-03-10
4,1,3,0,Watauga,2022-03-11
1,1,0,0,Watauga,2022-03-12
6,2,4,0,Watauga,2022-03-14
4,3,1,0,Watauga,2022-03-15
1,0,1,0,Watauga,2022-03-16
2,0,2,0,Watauga,2022-03-17
4,2,2,0,Watauga,2022-03-18
1,0,1,0,Watauga,2022-03-19
3,3,0,0,Watauga,2022-03-20
5,4,1,0,Watauga,2022-03-21
3,0,3,0,Watauga,2022-03-22
9,3,6,0,Watauga,2022-03-23
3,1,2,0,Watauga,2022-03-24
0,0,0,0,Watauga,2022-03-25
2,0,2,0,Watauga,2022-03-26
2,2,0,0,Watauga,2022-03-27
1,0,1,0,Watauga,2022-03-29
3,0,3,0,Watauga,2022-03-30
1,1,0,0,Watauga,2022-03-31
1,0,1,0,Watauga,2022-04-01
1,1,0,0,Watauga,2022-04-02
8,3,5,0,Watauga,2022-04-04
13,7,6,0,Watauga,2022-04-05
7,5,2,0,Watauga,2022-04-06
13,11,2,0,Watauga,2022-04-07
10,7,3,0,Watauga,2022-04-08
11,5,6,0,Watauga,2022-04-09
25,16,9,0,Watauga,2022-04-11
26,15,11,0,Watauga,2022-04-12
18,11,7,0,Watauga,2022-04-13
16,7,9,0,Watauga,2022-04-14
12,7,5,0,Watauga,2022-04-16
4,2,2,0,Watauga,2022-04-17
17,8,9,0,Watauga,2022-04-18
8,3,5,0,Watauga,2022-04-20
13,3,10,0,Watauga,2022-04-21
18,10,8,0,Watauga,2022-04-22
3,1,2,0,Watauga,2022-04-23
19,14,5,0,Wayne,2021-10-27
17,12,5,0,Wayne,2021-10-28
18,7,11,0,Wayne,2021-10-29
11,3,8,0,Wayne,2021-10-31
42,33,9,0,Wayne,2021-11-01
29,19,10,0,Wayne,2021-11-02
18,13,5,0,Wayne,2021-11-04
20,12,8,0,Wayne,2021-11-05
15,7,8,0,Wayne,2021-11-07
28,18,10,0,Wayne,2021-11-08
22,10,12,0,Wayne,2021-11-09
30,18,12,0,Wayne,2021-11-10
9,6,3,0,Wayne,2021-11-11
17,10,7,0,Wayne,2021-11-12
7,1,6,0,Wayne,2021-11-14
32,17,15,0,Wayne,2021-11-15
33,15,18,0,Wayne,2021-11-16
18,10,8,0,Wayne,2021-11-18
40,29,11,0,Wayne,2021-11-19
9,5,4,0,Wayne,2021-11-21
28,18,10,0,Wayne,2021-11-23
26,9,17,0,Wayne,2021-11-27
11,5,6,0,Wayne,2021-11-28
45,28,17,0,Wayne,2021-11-29
29,15,14,0,Wayne,2021-11-30
30,22,8,0,Wayne,2021-12-01
14,6,8,0,Wayne,2021-12-04
19,7,12,0,Wayne,2021-12-05
39,27,12,0,Wayne,2021-12-07
26,13,13,0,Wayne,2021-12-09
16,10,6,0,Wayne,2021-12-10
9,2,7,0,Wayne,2021-12-11
9,3,6,0,Wayne,2021-12-12
31,17,14,0,Wayne,2021-12-13
21,9,12,0,Wayne,2021-12-14
28,13,15,0,Wayne,2021-12-15
12,5,7,0,Wayne,2021-12-19
38,20,18,0,Wayne,2021-12-20
44,25,19,0,Wayne,2021-12-21
57,32,25,0,Wayne,2021-12-23
24,10,14,0,Wayne,2021-12-26
165,76,89,0,Wayne,2021-12-28
201,90,111,0,Wayne,2021-12-29
254,141,113,0,Wayne,2021-12-30
77,15,62,0,Wayne,2022-01-01
88,19,69,0,Wayne,2022-01-02
334,126,208,0,Wayne,2022-01-03
425,211,214,0,Wayne,2022-01-04
408,222,186,0,Wayne,2022-01-05
428,232,196,0,Wayne,2022-01-06
356,193,163,0,Wayne,2022-01-07
191,75,116,0,Wayne,2022-01-08
162,43,119,0,Wayne,2022-01-09
704,324,380,0,Wayne,2022-01-10
270,91,179,0,Wayne,2022-01-15
458,211,247,0,Wayne,2022-01-20
40,4,36,0,Wayne,2022-01-22
187,76,111,0,Wayne,2022-01-26
185,71,114,0,Wayne,2022-01-27
107,55,52,0,Wayne,2022-02-02
31,7,24,0,Wayne,2022-02-05
32,4,28,0,Wayne,2022-02-06
78,43,35,0,Wayne,2022-02-08
13,2,11,0,Wayne,2022-02-12
14,4,10,0,Wayne,2022-02-13
44,20,24,0,Wayne,2022-02-17
28,13,15,0,Wayne,2022-02-18
9,2,7,0,Wayne,2022-02-19
5,1,4,0,Wayne,2022-02-20
23,15,8,0,Wayne,2022-02-21
22,6,16,0,Wayne,2022-02-22
16,5,11,0,Wayne,2022-02-23
15,6,9,0,Wayne,2022-02-25
3,0,3,0,Wayne,2022-02-26
3,0,3,0,Wayne,2022-02-27
22,13,9,0,Wayne,2022-02-28
12,6,6,0,Wayne,2022-03-01
10,7,3,0,Wayne,2022-03-02
7,4,3,0,Wayne,2022-03-03
8,2,6,0,Wayne,2022-03-04
5,0,5,0,Wayne,2022-03-05
12,3,9,0,Wayne,2022-03-08
8,4,4,0,Wayne,2022-03-09
4,3,1,0,Wayne,2022-03-11
3,1,2,0,Wayne,2022-03-12
1,1,0,0,Wayne,2022-03-13
9,7,2,0,Wayne,2022-03-14
8,7,1,0,Wayne,2022-03-16
11,2,9,0,Wayne,2022-03-17
3,1,2,0,Wayne,2022-03-18
1,0,1,0,Wayne,2022-03-20
5,0,5,0,Wayne,2022-03-22
4,3,1,0,Wayne,2022-03-23
2,2,0,0,Wayne,2022-03-24
3,2,1,0,Wayne,2022-03-25
0,0,0,0,Wayne,2022-03-26
9,5,4,0,Wayne,2022-03-28
2,1,1,0,Wayne,2022-03-29
9,3,6,0,Wayne,2022-03-30
3,1,2,0,Wayne,2022-03-31
2,0,2,0,Wayne,2022-04-01
6,2,4,0,Wayne,2022-04-02
7,4,3,0,Wayne,2022-04-04
1,0,1,0,Wayne,2022-04-05
3,2,1,0,Wayne,2022-04-06
5,2,3,0,Wayne,2022-04-07
7,4,3,0,Wayne,2022-04-08
1,1,0,0,Wayne,2022-04-09
13,7,6,0,Wayne,2022-04-11
8,1,7,0,Wayne,2022-04-12
5,2,3,0,Wayne,2022-04-13
9,6,3,0,Wayne,2022-04-14
4,0,4,0,Wayne,2022-04-15
5,2,3,0,Wayne,2022-04-16
1,0,1,0,Wayne,2022-04-17
9,3,6,0,Wayne,2022-04-18
7,3,4,0,Wayne,2022-04-19
12,2,10,0,Wayne,2022-04-21
7,3,4,0,Wayne,2022-04-22
3,2,1,0,Wayne,2022-04-23
24,11,13,0,Wilkes,2021-10-26
13,4,9,0,Wilkes,2021-10-27
15,2,13,0,Wilkes,2021-10-28
5,0,5,0,Wilkes,2021-10-30
21,3,18,0,Wilkes,2021-11-01
9,2,7,0,Wilkes,2021-11-02
24,11,13,0,Wilkes,2021-11-03
9,2,7,0,Wilkes,2021-11-04
13,7,6,0,Wilkes,2021-11-07
26,7,19,0,Wilkes,2021-11-08
12,4,8,0,Wilkes,2021-11-09
28,6,22,0,Wilkes,2021-11-10
24,13,11,0,Wilkes,2021-11-11
21,8,13,0,Wilkes,2021-11-12
16,9,7,0,Wilkes,2021-11-13
33,13,20,0,Wilkes,2021-11-15
18,7,11,0,Wilkes,2021-11-16
18,7,11,0,Wilkes,2021-11-17
19,5,14,0,Wilkes,2021-11-18
17,7,10,0,Wilkes,2021-11-19
8,4,4,0,Wilkes,2021-11-21
25,11,14,0,Wilkes,2021-11-23
17,14,3,0,Wilkes,2021-11-24
26,19,7,0,Wilkes,2021-11-28
62,20,42,0,Wilkes,2021-11-29
36,22,14,0,Wilkes,2021-11-30
22,11,11,0,Wilkes,2021-12-02
20,12,8,0,Wilkes,2021-12-03
15,14,1,0,Wilkes,2021-12-05
24,12,12,0,Wilkes,2021-12-07
34,10,24,0,Wilkes,2021-12-08
36,19,17,0,Wilkes,2021-12-09
18,15,3,0,Wilkes,2021-12-10
10,2,8,0,Wilkes,2021-12-11
41,22,19,0,Wilkes,2021-12-13
33,19,14,0,Wilkes,2021-12-15
24,14,10,0,Wilkes,2021-12-17
18,10,8,0,Wilkes,2021-12-19
49,18,31,0,Wilkes,2021-12-20
39,19,20,0,Wilkes,2021-12-21
21,16,5,0,Wilkes,2021-12-24
12,5,7,0,Wilkes,2021-12-25
97,29,68,0,Wilkes,2021-12-29
100,32,68,0,Wilkes,2021-12-30
55,25,30,0,Wilkes,2021-12-31
46,24,22,0,Wilkes,2022-01-01
131,48,83,0,Wilkes,2022-01-03
160,51,109,0,Wilkes,2022-01-05
158,44,114,0,Wilkes,2022-01-06
110,45,65,0,Wilkes,2022-01-07
246,98,148,0,Wilkes,2022-01-10
183,72,111,0,Wilkes,2022-01-13
175,74,101,0,Wilkes,2022-01-14
253,66,187,0,Wilkes,2022-01-19
56,10,46,0,Wilkes,2022-01-23
79,25,54,0,Wilkes,2022-02-02
55,23,32,0,Wilkes,2022-02-10
22,10,12,0,Wilkes,2022-02-13
68,28,40,0,Wilkes,2022-02-14
25,9,16,0,Wilkes,2022-02-15
31,13,18,0,Wilkes,2022-02-18
21,9,12,0,Wilkes,2022-02-19
15,9,6,0,Wilkes,2022-02-20
24,9,15,0,Wilkes,2022-02-21
41,16,25,0,Wilkes,2022-02-22
26,12,14,0,Wilkes,2022-02-23
17,8,9,0,Wilkes,2022-02-24
30,10,20,0,Wilkes,2022-02-25
4,2,2,0,Wilkes,2022-02-26
8,5,3,0,Wilkes,2022-02-27
9,1,8,0,Wilkes,2022-03-01
18,7,11,0,Wilkes,2022-03-02
8,3,5,0,Wilkes,2022-03-03
11,5,6,0,Wilkes,2022-03-04
4,0,4,0,Wilkes,2022-03-05
2,1,1,0,Wilkes,2022-03-06
5,1,4,0,Wilkes,2022-03-08
10,3,7,0,Wilkes,2022-03-09
3,1,2,0,Wilkes,2022-03-11
4,3,1,0,Wilkes,2022-03-12
3,0,3,0,Wilkes,2022-03-13
8,2,6,0,Wilkes,2022-03-14
2,0,2,0,Wilkes,2022-03-17
2,1,1,0,Wilkes,2022-03-18
0,0,0,0,Wilkes,2022-03-19
1,0,1,0,Wilkes,2022-03-20
2,2,0,0,Wilkes,2022-03-21
1,0,1,0,Wilkes,2022-03-22
1,0,1,0,Wilkes,2022-03-23
2,0,2,0,Wilkes,2022-03-24
2,0,2,0,Wilkes,2022-03-25
0,0,0,0,Wilkes,2022-03-26
0,0,0,0,Wilkes,2022-03-27
0,0,0,0,Wilkes,2022-03-29
1,0,1,0,Wilkes,2022-03-30
1,0,1,0,Wilkes,2022-03-31
1,0,1,0,Wilkes,2022-04-01
1,0,1,0,Wilkes,2022-04-02
1,0,1,0,Wilkes,2022-04-03
3,1,2,0,Wilkes,2022-04-04
0,0,0,0,Wilkes,2022-04-05
2,1,1,0,Wilkes,2022-04-06
2,0,2,0,Wilkes,2022-04-07
1,0,1,0,Wilkes,2022-04-09
1,1,0,0,Wilkes,2022-04-10
1,0,1,0,Wilkes,2022-04-11
5,2,3,0,Wilkes,2022-04-12
1,1,0,0,Wilkes,2022-04-13
1,1,0,0,Wilkes,2022-04-14
0,0,0,0,Wilkes,2022-04-16
0,0,0,0,Wilkes,2022-04-17
5,1,4,0,Wilkes,2022-04-18
5,1,4,0,Wilkes,2022-04-20
7,3,4,0,Wilkes,2022-04-21
5,2,3,0,Wilkes,2022-04-22
3,2,1,0,Wilkes,2022-04-23
12,2,10,0,Wilson,2021-10-26
15,4,11,0,Wilson,2021-10-27
19,7,12,0,Wilson,2021-10-28
8,2,6,0,Wilson,2021-10-29
18,3,15,0,Wilson,2021-11-01
9,2,7,0,Wilson,2021-11-02
19,12,7,0,Wilson,2021-11-03
8,1,7,0,Wilson,2021-11-04
5,1,4,0,Wilson,2021-11-05
3,1,2,0,Wilson,2021-11-06
7,1,6,0,Wilson,2021-11-07
17,5,12,0,Wilson,2021-11-08
20,4,16,0,Wilson,2021-11-09
11,4,7,0,Wilson,2021-11-13
4,2,2,0,Wilson,2021-11-14
17,4,13,0,Wilson,2021-11-15
16,6,10,0,Wilson,2021-11-18
4,0,4,0,Wilson,2021-11-20
7,0,7,0,Wilson,2021-11-21
5,0,5,0,Wilson,2021-11-22
11,3,8,0,Wilson,2021-11-23
4,3,1,0,Wilson,2021-11-24
1,1,0,0,Wilson,2021-11-25
8,1,7,0,Wilson,2021-11-26
5,2,3,0,Wilson,2021-11-27
5,1,4,0,Wilson,2021-11-28
25,4,21,0,Wilson,2021-11-29
17,6,11,0,Wilson,2021-11-30
16,5,11,0,Wilson,2021-12-02
11,2,9,0,Wilson,2021-12-03
10,8,2,0,Wilson,2021-12-04
20,6,14,0,Wilson,2021-12-07
25,11,14,0,Wilson,2021-12-08
14,3,11,0,Wilson,2021-12-09
16,7,9,0,Wilson,2021-12-10
7,1,6,0,Wilson,2021-12-11
11,4,7,0,Wilson,2021-12-12
20,5,15,0,Wilson,2021-12-13
30,7,23,0,Wilson,2021-12-14
18,8,10,0,Wilson,2021-12-15
16,10,6,0,Wilson,2021-12-16
21,4,17,0,Wilson,2021-12-17
11,2,9,0,Wilson,2021-12-19
26,5,21,0,Wilson,2021-12-20
34,11,23,0,Wilson,2021-12-21
22,6,16,0,Wilson,2021-12-24
9,4,5,0,Wilson,2021-12-25
25,9,16,0,Wilson,2021-12-26
125,41,84,0,Wilson,2021-12-27
218,45,173,0,Wilson,2021-12-29
132,24,108,0,Wilson,2021-12-31
333,80,253,0,Wilson,2022-01-03
335,61,274,0,Wilson,2022-01-04
415,66,349,0,Wilson,2022-01-05
347,64,283,0,Wilson,2022-01-06
62,7,55,0,Wilson,2022-01-08
303,71,232,0,Wilson,2022-01-11
241,87,154,0,Wilson,2022-01-17
273,50,223,0,Wilson,2022-01-20
52,10,42,0,Wilson,2022-01-21
23,0,23,0,Wilson,2022-01-22
35,6,29,0,Wilson,2022-01-29
21,5,16,0,Wilson,2022-01-30
82,11,71,0,Wilson,2022-02-01
73,12,61,0,Wilson,2022-02-02
42,9,33,0,Wilson,2022-02-04
36,14,22,0,Wilson,2022-02-08
28,12,16,0,Wilson,2022-02-09
8,0,8,0,Wilson,2022-02-12
15,6,9,0,Wilson,2022-02-16
20,7,13,0,Wilson,2022-02-17
10,3,7,0,Wilson,2022-02-20
14,5,9,0,Wilson,2022-02-21
16,4,12,0,Wilson,2022-02-22
9,0,9,0,Wilson,2022-02-23
3,1,2,0,Wilson,2022-02-27
8,2,6,0,Wilson,2022-02-28
6,2,4,0,Wilson,2022-03-01
8,2,6,0,Wilson,2022-03-02
2,0,2,0,Wilson,2022-03-03
0,0,0,0,Wilson,2022-03-05
3,1,2,0,Wilson,2022-03-06
3,0,3,0,Wilson,2022-03-08
4,2,2,0,Wilson,2022-03-09
6,3,3,0,Wilson,2022-03-10
3,0,3,0,Wilson,2022-03-11
3,0,3,0,Wilson,2022-03-12
5,0,5,0,Wilson,2022-03-14
1,0,1,0,Wilson,2022-03-15
1,0,1,0,Wilson,2022-03-16
6,1,5,0,Wilson,2022-03-17
1,1,0,0,Wilson,2022-03-18
0,0,0,0,Wilson,2022-03-20
2,1,1,0,Wilson,2022-03-21
0,0,0,0,Wilson,2022-03-22
5,1,4,0,Wilson,2022-03-23
0,0,0,0,Wilson,2022-03-24
1,0,1,0,Wilson,2022-03-25
0,0,0,0,Wilson,2022-03-26
0,0,0,0,Wilson,2022-03-27
1,0,1,0,Wilson,2022-03-28
7,3,4,0,Wilson,2022-03-29
3,3,0,0,Wilson,2022-03-30
4,2,2,0,Wilson,2022-03-31
2,0,2,0,Wilson,2022-04-01
2,0,2,0,Wilson,2022-04-02
0,0,0,0,Wilson,2022-04-03
0,0,0,0,Wilson,2022-04-04
1,1,0,0,Wilson,2022-04-05
1,0,1,0,Wilson,2022-04-06
5,2,3,0,Wilson,2022-04-07
5,0,5,0,Wilson,2022-04-08
2,0,2,0,Wilson,2022-04-09
6,1,5,0,Wilson,2022-04-11
9,5,4,0,Wilson,2022-04-12
7,6,1,0,Wilson,2022-04-13
4,3,1,0,Wilson,2022-04-14
5,2,3,0,Wilson,2022-04-15
1,0,1,0,Wilson,2022-04-16
1,1,0,0,Wilson,2022-04-17
4,4,0,0,Wilson,2022-04-18
7,1,6,0,Wilson,2022-04-19
11,4,7,0,Wilson,2022-04-20
8,3,5,0,Wilson,2022-04-21
4,0,4,0,Wilson,2022-04-22
4,1,3,0,Wilson,2022-04-23
7,1,6,0,Yadkin,2021-10-27
6,3,3,0,Yadkin,2021-10-28
1,0,1,0,Yadkin,2021-10-30
3,2,1,0,Yadkin,2021-10-31
13,1,12,0,Yadkin,2021-11-01
9,1,8,0,Yadkin,2021-11-02
12,5,7,0,Yadkin,2021-11-03
11,1,10,0,Yadkin,2021-11-04
8,2,6,0,Yadkin,2021-11-05
5,0,5,0,Yadkin,2021-11-06
8,1,7,0,Yadkin,2021-11-07
17,4,13,0,Yadkin,2021-11-08
17,0,17,0,Yadkin,2021-11-09
10,1,9,0,Yadkin,2021-11-10
8,0,8,0,Yadkin,2021-11-12
12,0,12,0,Yadkin,2021-11-13
5,0,5,0,Yadkin,2021-11-14
12,2,10,0,Yadkin,2021-11-15
14,3,11,0,Yadkin,2021-11-16
14,1,13,0,Yadkin,2021-11-17
13,2,11,0,Yadkin,2021-11-18
9,0,9,0,Yadkin,2021-11-19
7,0,7,0,Yadkin,2021-11-20
3,1,2,0,Yadkin,2021-11-21
25,10,15,0,Yadkin,2021-11-22
18,5,13,0,Yadkin,2021-11-23
17,7,10,0,Yadkin,2021-11-24
2,0,2,0,Yadkin,2021-11-25
25,13,12,0,Yadkin,2021-11-26
18,8,10,0,Yadkin,2021-11-27
13,5,8,0,Yadkin,2021-11-28
38,19,19,0,Yadkin,2021-11-29
44,15,29,0,Yadkin,2021-11-30
33,13,20,0,Yadkin,2021-12-02
27,6,21,0,Yadkin,2021-12-03
22,7,15,0,Yadkin,2021-12-06
34,9,25,0,Yadkin,2021-12-07
32,6,26,0,Yadkin,2021-12-10
13,4,9,0,Yadkin,2021-12-12
34,15,19,0,Yadkin,2021-12-13
32,14,18,0,Yadkin,2021-12-14
39,15,24,0,Yadkin,2021-12-15
25,11,14,0,Yadkin,2021-12-16
30,11,19,0,Yadkin,2021-12-17
18,7,11,0,Yadkin,2021-12-18
44,9,35,0,Yadkin,2021-12-21
39,7,32,0,Yadkin,2021-12-22
17,6,11,0,Yadkin,2021-12-24
125,30,95,0,Yadkin,2021-12-28
104,23,81,0,Yadkin,2021-12-29
59,33,26,0,Yadkin,2021-12-31
36,14,22,0,Yadkin,2022-01-01
46,9,37,0,Yadkin,2022-01-02
109,39,70,0,Yadkin,2022-01-03
143,26,117,0,Yadkin,2022-01-04
95,26,69,0,Yadkin,2022-01-07
60,12,48,0,Yadkin,2022-01-09
130,40,90,0,Yadkin,2022-01-10
199,35,164,0,Yadkin,2022-01-11
151,29,122,0,Yadkin,2022-01-13
102,19,83,0,Yadkin,2022-01-14
72,10,62,0,Yadkin,2022-01-15
10,0,10,0,Yadkin,2022-01-16
28,6,22,0,Yadkin,2022-01-17
102,18,84,0,Yadkin,2022-01-18
152,29,123,0,Yadkin,2022-01-19
106,25,81,0,Yadkin,2022-01-21
51,8,43,0,Yadkin,2022-01-22
113,27,86,0,Yadkin,2022-01-25
90,17,73,0,Yadkin,2022-01-26
22,5,17,0,Yadkin,2022-01-29
27,4,23,0,Yadkin,2022-01-30
51,9,42,0,Yadkin,2022-02-01
41,11,30,0,Yadkin,2022-02-03
41,10,31,0,Yadkin,2022-02-04
16,5,11,0,Yadkin,2022-02-05
18,7,11,0,Yadkin,2022-02-06
28,5,23,0,Yadkin,2022-02-07
40,11,29,0,Yadkin,2022-02-08
28,8,20,0,Yadkin,2022-02-09
18,4,14,0,Yadkin,2022-02-10
29,7,22,0,Yadkin,2022-02-11
14,4,10,0,Yadkin,2022-02-12
10,3,7,0,Yadkin,2022-02-13
21,9,12,0,Yadkin,2022-02-14
10,3,7,0,Yadkin,2022-02-17
7,5,2,0,Yadkin,2022-02-18
7,4,3,0,Yadkin,2022-02-19
6,2,4,0,Yadkin,2022-02-20
11,5,6,0,Yadkin,2022-02-22
10,3,7,0,Yadkin,2022-02-23
6,1,5,0,Yadkin,2022-02-24
6,3,3,0,Yadkin,2022-02-25
7,1,6,0,Yadkin,2022-02-26
6,0,6,0,Yadkin,2022-02-28
7,2,5,0,Yadkin,2022-03-01
4,2,2,0,Yadkin,2022-03-02
2,0,2,0,Yadkin,2022-03-03
4,2,2,0,Yadkin,2022-03-04
1,0,1,0,Yadkin,2022-03-05
2,0,2,0,Yadkin,2022-03-06
4,0,4,0,Yadkin,2022-03-07
1,1,0,0,Yadkin,2022-03-09
1,1,0,0,Yadkin,2022-03-10
0,0,0,0,Yadkin,2022-03-11
0,0,0,0,Yadkin,2022-03-12
2,0,2,0,Yadkin,2022-03-13
1,0,1,0,Yadkin,2022-03-15
1,1,0,0,Yadkin,2022-03-17
0,0,0,0,Yadkin,2022-03-18
0,0,0,0,Yadkin,2022-03-19
0,0,0,0,Yadkin,2022-03-20
4,3,1,0,Yadkin,2022-03-21
3,0,3,0,Yadkin,2022-03-23
0,0,0,0,Yadkin,2022-03-24
1,1,0,0,Yadkin,2022-03-25
0,0,0,0,Yadkin,2022-03-26
0,0,0,0,Yadkin,2022-03-27
2,1,1,0,Yadkin,2022-03-28
2,0,2,0,Yadkin,2022-03-29
3,1,2,0,Yadkin,2022-03-30
2,1,1,0,Yadkin,2022-03-31
0,0,0,0,Yadkin,2022-04-02
0,0,0,0,Yadkin,2022-04-03
2,1,1,0,Yadkin,2022-04-04
1,1,0,0,Yadkin,2022-04-05
4,1,3,0,Yadkin,2022-04-06
1,0,1,0,Yadkin,2022-04-07
2,1,1,0,Yadkin,2022-04-08
3,1,2,0,Yadkin,2022-04-09
1,0,1,0,Yadkin,2022-04-10
0,0,0,0,Yadkin,2022-04-11
0,0,0,0,Yadkin,2022-04-12
3,0,3,0,Yadkin,2022-04-14
2,0,2,0,Yadkin,2022-04-15
3,0,3,0,Yadkin,2022-04-16
4,3,1,0,Yadkin,2022-04-18
1,0,1,0,Yadkin,2022-04-19
7,5,2,0,Yadkin,2022-04-20
4,2,2,0,Yadkin,2022-04-21
2,0,2,0,Yadkin,2022-04-22
1,0,1,0,Yadkin,2022-04-23
4,2,2,0,Yancey,2021-10-26
3,2,1,0,Yancey,2021-10-27
4,0,4,0,Yancey,2021-10-28
3,0,3,0,Yancey,2021-10-29
2,1,1,0,Yancey,2021-10-30
0,0,0,0,Yancey,2021-10-31
6,2,4,0,Yancey,2021-11-01
7,5,2,0,Yancey,2021-11-02
3,2,1,0,Yancey,2021-11-03
3,1,2,0,Yancey,2021-11-04
6,0,6,0,Yancey,2021-11-05
2,0,2,0,Yancey,2021-11-06
1,0,1,0,Yancey,2021-11-07
4,2,2,0,Yancey,2021-11-09
9,3,6,0,Yancey,2021-11-10
2,2,0,0,Yancey,2021-11-11
5,1,4,0,Yancey,2021-11-12
3,2,1,0,Yancey,2021-11-14
16,4,12,0,Yancey,2021-11-15
16,6,10,0,Yancey,2021-11-16
9,1,8,0,Yancey,2021-11-17
21,3,18,0,Yancey,2021-11-18
12,4,8,0,Yancey,2021-11-19
6,3,3,0,Yancey,2021-11-20
10,2,8,0,Yancey,2021-11-22
8,5,3,0,Yancey,2021-11-23
12,0,12,0,Yancey,2021-11-24
2,0,2,0,Yancey,2021-11-25
6,3,3,0,Yancey,2021-11-26
6,0,6,0,Yancey,2021-11-27
1,1,0,0,Yancey,2021-11-28
9,1,8,0,Yancey,2021-12-01
18,11,7,0,Yancey,2021-12-02
2,0,2,0,Yancey,2021-12-05
25,8,17,0,Yancey,2021-12-06
15,12,3,0,Yancey,2021-12-07
18,10,8,0,Yancey,2021-12-08
17,12,5,0,Yancey,2021-12-09
19,8,11,0,Yancey,2021-12-10
7,5,2,0,Yancey,2021-12-12
40,18,22,0,Yancey,2021-12-13
26,14,12,0,Yancey,2021-12-15
34,16,18,0,Yancey,2021-12-16
30,24,6,0,Yancey,2021-12-17
14,11,3,0,Yancey,2021-12-18
13,9,4,0,Yancey,2021-12-19
58,37,21,0,Yancey,2021-12-20
22,16,6,0,Yancey,2021-12-21
14,7,7,0,Yancey,2021-12-23
2,0,2,0,Yancey,2021-12-25
12,9,3,0,Yancey,2021-12-26
52,42,10,0,Yancey,2021-12-27
28,21,7,0,Yancey,2021-12-28
45,18,27,0,Yancey,2021-12-29
30,9,21,0,Yancey,2021-12-30
6,5,1,0,Yancey,2022-01-02
26,20,6,0,Yancey,2022-01-03
77,14,63,0,Yancey,2022-01-05
18,11,7,0,Yancey,2022-01-07
30,9,21,0,Yancey,2022-01-08
42,27,15,0,Yancey,2022-01-11
64,23,41,0,Yancey,2022-01-13
50,16,34,0,Yancey,2022-01-14
34,6,28,0,Yancey,2022-01-15
14,7,7,0,Yancey,2022-01-17
51,17,34,0,Yancey,2022-01-20
25,11,14,0,Yancey,2022-01-22
21,19,2,0,Yancey,2022-01-23
35,19,16,0,Yancey,2022-01-25
52,20,32,0,Yancey,2022-01-26
33,14,19,0,Yancey,2022-01-28
7,3,4,0,Yancey,2022-01-29
47,19,28,0,Yancey,2022-01-31
25,20,5,0,Yancey,2022-02-01
35,14,21,0,Yancey,2022-02-02
23,11,12,0,Yancey,2022-02-03
20,9,11,0,Yancey,2022-02-04
13,13,0,0,Yancey,2022-02-06
36,10,26,0,Yancey,2022-02-07
19,13,6,0,Yancey,2022-02-08
30,13,17,0,Yancey,2022-02-09
15,8,7,0,Yancey,2022-02-10
17,5,12,0,Yancey,2022-02-11
9,6,3,0,Yancey,2022-02-12
7,6,1,0,Yancey,2022-02-13
20,6,14,0,Yancey,2022-02-14
9,6,3,0,Yancey,2022-02-15
8,1,7,0,Yancey,2022-02-18
4,2,2,0,Yancey,2022-02-19
3,3,0,0,Yancey,2022-02-20
11,1,10,0,Yancey,2022-02-21
6,3,3,0,Yancey,2022-02-22
7,4,3,0,Yancey,2022-02-23
8,4,4,0,Yancey,2022-02-24
5,2,3,0,Yancey,2022-02-25
4,2,2,0,Yancey,2022-02-26
1,0,1,0,Yancey,2022-02-27
4,1,3,0,Yancey,2022-02-28
4,0,4,0,Yancey,2022-03-01
4,2,2,0,Yancey,2022-03-02
4,2,2,0,Yancey,2022-03-03
2,0,2,0,Yancey,2022-03-04
1,0,1,0,Yancey,2022-03-05
2,2,0,0,Yancey,2022-03-06
2,2,0,0,Yancey,2022-03-07
3,0,3,0,Yancey,2022-03-08
1,1,0,0,Yancey,2022-03-09
2,1,1,0,Yancey,2022-03-10
0,0,0,0,Yancey,2022-03-11
1,1,0,0,Yancey,2022-03-12
0,0,0,0,Yancey,2022-03-13
1,0,1,0,Yancey,2022-03-14
5,4,1,0,Yancey,2022-03-15
2,1,1,0,Yancey,2022-03-16
0,0,0,0,Yancey,2022-03-17
2,0,2,0,Yancey,2022-03-18
0,0,0,0,Yancey,2022-03-19
0,0,0,0,Yancey,2022-03-20
2,0,2,0,Yancey,2022-03-21
0,0,0,0,Yancey,2022-03-22
0,0,0,0,Yancey,2022-03-23
1,0,1,0,Yancey,2022-03-24
1,1,0,0,Yancey,2022-03-25
0,0,0,0,Yancey,2022-03-26
0,0,0,0,Yancey,2022-03-27
2,0,2,0,Yancey,2022-03-28
3,0,3,0,Yancey,2022-03-29
0,0,0,0,Yancey,2022-03-30
6,1,5,0,Yancey,2022-03-31
0,0,0,0,Yancey,2022-04-01
1,0,1,0,Yancey,2022-04-02
0,0,0,0,Yancey,2022-04-03
1,0,1,0,Yancey,2022-04-04
1,0,1,0,Yancey,2022-04-05
0,0,0,0,Yancey,2022-04-06
0,0,0,0,Yancey,2022-04-07
2,1,1,0,Yancey,2022-04-08
0,0,0,0,Yancey,2022-04-09
0,0,0,0,Yancey,2022-04-10
0,0,0,0,Yancey,2022-04-11
2,1,1,0,Yancey,2022-04-12
1,1,0,0,Yancey,2022-04-14
0,0,0,0,Yancey,2022-04-15
2,2,0,0,Yancey,2022-04-16
0,0,0,0,Yancey,2022-04-17
1,1,0,0,Yancey,2022-04-18
1,1,0,0,Yancey,2022-04-19
1,0,1,0,Yancey,2022-04-20
1,1,0,0,Yancey,2022-04-21
3,2,1,0,Yancey,2022-04-22
1,1,0,0,Yancey,2022-04-23
36,4,32,1,Alamance,2021-11-02
26,2,24,1,Alamance,2021-11-11
48,3,45,1,Alamance,2021-11-22
92,11,81,1,Alamance,2021-11-29
84,9,75,1,Alamance,2021-11-30
19,1,18,1,Alamance,2021-12-05
112,10,102,1,Alamance,2021-12-06
20,2,18,1,Alamance,2021-12-12
75,8,67,1,Alamance,2021-12-16
105,7,98,1,Alamance,2021-12-20
120,5,115,1,Alamance,2021-12-21
57,8,49,1,Alamance,2021-12-24
107,18,89,1,Alamance,2021-12-26
244,53,191,1,Alamance,2021-12-31
194,53,141,1,Alamance,2022-01-02
673,90,583,1,Alamance,2022-01-03
740,89,651,1,Alamance,2022-01-04
282,21,261,1,Alamance,2022-01-08
122,9,113,1,Alamance,2022-01-23
502,51,451,1,Alamance,2022-01-24
138,14,124,1,Alamance,2022-02-04
102,14,88,1,Alamance,2022-02-08
29,7,22,1,Alamance,2022-02-12
66,7,59,1,Alamance,2022-02-15
23,8,15,1,Alamance,2022-02-20
41,8,33,1,Alamance,2022-02-22
34,3,31,1,Alamance,2022-02-23
14,2,12,1,Alamance,2022-02-27
15,1,14,1,Alamance,2022-03-08
4,0,4,1,Alamance,2022-03-13
9,0,9,1,Alamance,2022-03-14
5,1,4,1,Alamance,2022-03-17
1,0,1,1,Alamance,2022-03-20
12,4,8,1,Alamance,2022-03-31
23,7,16,1,Alamance,2022-04-06
2,2,0,1,Alexander,2021-11-07
13,7,6,1,Alexander,2021-12-03
17,7,10,1,Alexander,2021-12-24
122,47,75,1,Alexander,2022-01-18
50,26,24,1,Alexander,2022-01-23
88,23,65,1,Alexander,2022-01-26
43,12,31,1,Alexander,2022-02-03
28,2,26,1,Alexander,2022-02-09
28,6,22,1,Alexander,2022-02-10
20,7,13,1,Alexander,2022-02-16
14,6,8,1,Alexander,2022-02-18
12,4,8,1,Alleghany,2021-12-16
14,4,10,1,Alleghany,2021-12-29
12,6,6,1,Alleghany,2021-12-31
6,2,4,1,Alleghany,2022-01-03
30,13,17,1,Alleghany,2022-02-01
16,3,13,1,Anson,2021-11-01
16,4,12,1,Anson,2021-11-08
5,1,4,1,Anson,2021-11-13
1,0,1,1,Anson,2021-12-10
6,3,3,1,Anson,2021-12-14
9,1,8,1,Anson,2021-12-23
68,16,52,1,Anson,2022-01-20
18,8,10,1,Anson,2022-01-30
15,2,13,1,Anson,2022-02-06
28,6,22,1,Anson,2022-02-08
13,2,11,1,Anson,2022-02-09
19,5,14,1,Anson,2022-02-10
5,2,3,1,Anson,2022-02-13
12,3,9,1,Anson,2022-02-16
7,2,5,1,Anson,2022-02-20
6,0,6,1,Anson,2022-02-23
4,1,3,1,Ashe,2021-11-08
4,0,4,1,Ashe,2021-11-12
1,0,1,1,Ashe,2021-11-14
7,4,3,1,Ashe,2021-11-17
11,7,4,1,Ashe,2021-11-26
17,5,12,1,Ashe,2021-12-03
6,2,4,1,Ashe,2021-12-04
36,11,25,1,Ashe,2021-12-13
15,7,8,1,Ashe,2021-12-16
2,1,1,1,Ashe,2022-01-01
56,17,39,1,Ashe,2022-01-06
57,22,35,1,Ashe,2022-01-11
74,31,43,1,Ashe,2022-01-12
94,51,43,1,Ashe,2022-01-14
112,32,80,1,Ashe,2022-01-19
86,29,57,1,Ashe,2022-01-20
69,31,38,1,Ashe,2022-01-21
13,6,7,1,Ashe,2022-01-22
71,17,54,1,Ashe,2022-01-25
83,39,44,1,Ashe,2022-01-31
18,9,9,1,Ashe,2022-02-16
9,4,5,1,Ashe,2022-02-24
0,0,0,1,Ashe,2022-02-26
6,2,4,1,Ashe,2022-03-04
3,2,1,1,Avery,2021-10-30
19,16,3,1,Avery,2021-11-01
4,1,3,1,Avery,2021-11-02
6,0,6,1,Avery,2022-02-06
6,2,4,1,Avery,2022-02-20
5,1,4,1,Avery,2022-03-04
4,4,0,1,Avery,2022-03-22
6,2,4,1,Beaufort,2021-10-28
3,2,1,1,Beaufort,2021-10-29
4,0,4,1,Beaufort,2021-10-31
10,0,10,1,Beaufort,2021-11-02
7,3,4,1,Beaufort,2021-11-06
3,0,3,1,Beaufort,2021-11-11
20,3,17,1,Beaufort,2021-12-09
26,7,19,1,Beaufort,2021-12-13
17,4,13,1,Beaufort,2021-12-17
17,2,15,1,Beaufort,2021-12-22
115,24,91,1,Beaufort,2022-01-05
42,2,40,1,Beaufort,2022-01-09
205,20,185,1,Beaufort,2022-01-14
338,33,305,1,Beaufort,2022-01-18
211,40,171,1,Beaufort,2022-01-19
111,20,91,1,Beaufort,2022-01-25
18,1,17,1,Beaufort,2022-01-30
50,7,43,1,Beaufort,2022-02-04
12,0,12,1,Beaufort,2022-02-06
40,8,32,1,Beaufort,2022-02-08
32,4,28,1,Beaufort,2022-02-10
7,0,7,1,Beaufort,2022-02-13
8,1,7,1,Beaufort,2022-02-19
15,2,13,1,Beaufort,2022-02-23
10,1,9,1,Beaufort,2022-02-25
4,0,4,1,Beaufort,2022-02-26
2,0,2,1,Beaufort,2022-02-27
4,0,4,1,Beaufort,2022-03-07
0,0,0,1,Beaufort,2022-03-31
4,0,4,1,Bertie,2021-11-15
6,0,6,1,Bertie,2021-12-09
78,4,74,1,Bertie,2022-01-10
41,5,36,1,Bertie,2022-01-14
11,0,11,1,Bertie,2022-01-21
7,0,7,1,Bertie,2022-01-23
19,4,15,1,Bertie,2022-01-26
20,2,18,1,Bertie,2022-01-28
26,1,25,1,Bertie,2022-01-31
2,1,1,1,Bertie,2022-02-06
1,0,1,1,Bertie,2022-03-06
8,1,7,1,Bladen,2021-12-14
3,0,3,1,Bladen,2021-12-25
11,3,8,1,Bladen,2021-12-26
17,3,14,1,Bladen,2022-01-01
33,3,30,1,Bladen,2022-01-08
116,14,102,1,Bladen,2022-01-14
119,44,75,1,Bladen,2022-01-17
171,37,134,1,Bladen,2022-01-19
162,31,131,1,Bladen,2022-01-24
88,18,70,1,Bladen,2022-01-25
48,10,38,1,Bladen,2022-01-28
30,7,23,1,Bladen,2022-02-03
25,4,21,1,Bladen,2022-02-04
3,0,3,1,Bladen,2022-02-05
23,10,13,1,Bladen,2022-02-07
18,5,13,1,Bladen,2022-02-11
3,1,2,1,Bladen,2022-03-08
17,1,16,1,Brunswick,2021-10-29
17,2,15,1,Brunswick,2021-11-03
17,2,15,1,Brunswick,2021-11-21
62,12,50,1,Brunswick,2021-11-29
43,4,39,1,Brunswick,2021-12-09
58,9,49,1,Brunswick,2021-12-13
41,3,38,1,Brunswick,2021-12-18
76,19,57,1,Brunswick,2021-12-20
50,7,43,1,Brunswick,2021-12-26
216,47,169,1,Brunswick,2021-12-30
331,43,288,1,Brunswick,2022-01-03
340,71,269,1,Brunswick,2022-01-04
165,16,149,1,Brunswick,2022-01-08
182,25,157,1,Brunswick,2022-01-09
456,60,396,1,Brunswick,2022-01-11
487,61,426,1,Brunswick,2022-01-18
392,55,337,1,Brunswick,2022-01-24
240,58,182,1,Brunswick,2022-01-27
254,34,220,1,Brunswick,2022-01-31
114,19,95,1,Brunswick,2022-02-04
71,2,69,1,Brunswick,2022-02-05
109,20,89,1,Brunswick,2022-02-09
59,9,50,1,Brunswick,2022-02-10
33,4,29,1,Brunswick,2022-02-12
28,4,24,1,Brunswick,2022-02-13
48,10,38,1,Brunswick,2022-02-15
21,4,17,1,Brunswick,2022-02-24
26,4,22,1,Brunswick,2022-02-25
17,0,17,1,Brunswick,2022-03-02
2,0,2,1,Brunswick,2022-03-06
22,3,19,1,Brunswick,2022-03-07
3,1,2,1,Brunswick,2022-03-10
10,0,10,1,Brunswick,2022-03-18
54,15,39,1,Buncombe,2021-10-29
56,18,38,1,Buncombe,2021-11-03
23,4,19,1,Buncombe,2021-11-07
68,24,44,1,Buncombe,2021-11-08
73,14,59,1,Buncombe,2021-11-19
37,9,28,1,Buncombe,2021-11-21
74,23,51,1,Buncombe,2021-11-22
81,23,58,1,Buncombe,2021-11-24
10,4,6,1,Buncombe,2021-11-25
56,18,38,1,Buncombe,2021-11-26
48,15,33,1,Buncombe,2021-11-27
75,30,45,1,Buncombe,2021-12-08
87,35,52,1,Buncombe,2021-12-09
66,27,39,1,Buncombe,2021-12-10
123,56,67,1,Buncombe,2021-12-13
112,56,56,1,Buncombe,2021-12-14
60,22,38,1,Buncombe,2021-12-19
204,61,143,1,Buncombe,2021-12-23
97,18,79,1,Buncombe,2021-12-26
429,88,341,1,Buncombe,2021-12-29
447,110,337,1,Buncombe,2021-12-30
559,151,408,1,Buncombe,2022-01-03
583,150,433,1,Buncombe,2022-01-07
841,289,552,1,Buncombe,2022-01-10
734,224,510,1,Buncombe,2022-01-12
630,180,450,1,Buncombe,2022-01-14
182,51,131,1,Buncombe,2022-01-17
577,162,415,1,Buncombe,2022-01-18
213,48,165,1,Buncombe,2022-01-23
375,113,262,1,Buncombe,2022-01-27
279,91,188,1,Buncombe,2022-02-01
106,29,77,1,Buncombe,2022-02-06
156,57,99,1,Buncombe,2022-02-10
123,40,83,1,Buncombe,2022-02-11
76,26,50,1,Buncombe,2022-02-12
96,42,54,1,Buncombe,2022-02-17
90,35,55,1,Buncombe,2022-02-18
43,10,33,1,Buncombe,2022-02-19
55,17,38,1,Buncombe,2022-02-25
49,16,33,1,Buncombe,2022-02-28
39,10,29,1,Buncombe,2022-03-03
11,0,11,1,Buncombe,2022-03-15
16,7,9,1,Buncombe,2022-03-16
7,1,6,1,Buncombe,2022-03-19
7,1,6,1,Buncombe,2022-03-25
11,2,9,1,Buncombe,2022-03-26
21,7,14,1,Buncombe,2022-03-29
15,8,7,1,Buncombe,2022-03-30
8,1,7,1,Buncombe,2022-04-03
32,6,26,1,Buncombe,2022-04-06
25,12,13,1,Buncombe,2022-04-07
18,4,14,1,Burke,2021-10-31
12,5,7,1,Burke,2021-11-08
17,4,13,1,Burke,2021-11-10
10,4,6,1,Burke,2021-11-11
14,5,9,1,Burke,2021-11-16
5,1,4,1,Burke,2021-11-25
25,9,16,1,Burke,2021-12-09
23,7,16,1,Burke,2021-12-11
3,0,3,1,Burke,2021-12-25
134,19,115,1,Burke,2021-12-28
218,74,144,1,Burke,2022-01-03
236,53,183,1,Burke,2022-01-05
442,166,276,1,Burke,2022-01-10
411,146,265,1,Burke,2022-01-11
354,118,236,1,Burke,2022-01-13
148,56,92,1,Burke,2022-01-15
326,103,223,1,Burke,2022-01-19
75,35,40,1,Burke,2022-01-22
63,21,42,1,Burke,2022-01-23
238,112,126,1,Burke,2022-01-25
211,58,153,1,Burke,2022-01-26
35,10,25,1,Burke,2022-01-30
181,79,102,1,Burke,2022-01-31
116,44,72,1,Burke,2022-02-01
127,36,91,1,Burke,2022-02-02
36,10,26,1,Burke,2022-02-05
92,36,56,1,Burke,2022-02-09
93,31,62,1,Burke,2022-02-10
51,16,35,1,Burke,2022-02-11
47,17,30,1,Burke,2022-02-16
13,1,12,1,Burke,2022-02-19
39,12,27,1,Burke,2022-02-21
21,2,19,1,Burke,2022-02-23
8,1,7,1,Burke,2022-02-26
17,7,10,1,Burke,2022-02-28
1,0,1,1,Burke,2022-03-06
12,2,10,1,Burke,2022-03-08
12,4,8,1,Burke,2022-03-09
0,0,0,1,Burke,2022-03-12
4,1,3,1,Burke,2022-03-14
3,2,1,1,Burke,2022-03-22
42,13,29,1,Cabarrus,2021-10-27
20,4,16,1,Cabarrus,2021-10-30
40,13,27,1,Cabarrus,2021-11-03
51,12,39,1,Cabarrus,2021-11-16
51,12,39,1,Cabarrus,2021-11-19
29,5,24,1,Cabarrus,2021-11-20
73,14,59,1,Cabarrus,2021-11-23
69,12,57,1,Cabarrus,2021-11-26
50,11,39,1,Cabarrus,2021-11-28
82,26,56,1,Cabarrus,2021-11-30
49,12,37,1,Cabarrus,2021-12-04
90,20,70,1,Cabarrus,2021-12-08
59,16,43,1,Cabarrus,2021-12-11
106,25,81,1,Cabarrus,2021-12-15
63,13,50,1,Cabarrus,2021-12-19
175,27,148,1,Cabarrus,2021-12-21
162,57,105,1,Cabarrus,2021-12-26
537,95,442,1,Cabarrus,2021-12-28
132,45,87,1,Cabarrus,2022-01-01
552,150,402,1,Cabarrus,2022-01-07
286,87,199,1,Cabarrus,2022-01-08
668,152,516,1,Cabarrus,2022-01-13
304,88,216,1,Cabarrus,2022-01-17
693,255,438,1,Cabarrus,2022-01-18
227,67,160,1,Cabarrus,2022-01-23
385,99,286,1,Cabarrus,2022-01-25
346,90,256,1,Cabarrus,2022-01-26
117,32,85,1,Cabarrus,2022-01-29
97,20,77,1,Cabarrus,2022-02-05
68,15,53,1,Cabarrus,2022-02-06
138,28,110,1,Cabarrus,2022-02-07
137,34,103,1,Cabarrus,2022-02-08
46,11,35,1,Cabarrus,2022-02-12
89,25,64,1,Cabarrus,2022-02-14
65,15,50,1,Cabarrus,2022-02-18
28,10,18,1,Cabarrus,2022-02-19
21,5,16,1,Cabarrus,2022-02-24
27,5,22,1,Cabarrus,2022-02-25
19,5,14,1,Cabarrus,2022-03-01
2,0,2,1,Cabarrus,2022-03-06
4,1,3,1,Cabarrus,2022-04-02
13,4,9,1,Cabarrus,2022-04-07
8,0,8,1,Caldwell,2021-10-30
33,9,24,1,Caldwell,2021-11-01
11,2,9,1,Caldwell,2021-11-02
17,1,16,1,Caldwell,2021-11-05
16,3,13,1,Caldwell,2021-11-06
20,5,15,1,Caldwell,2021-11-17
4,1,3,1,Caldwell,2021-11-21
18,1,17,1,Caldwell,2021-11-22
3,0,3,1,Caldwell,2021-11-25
14,0,14,1,Caldwell,2021-11-28
16,2,14,1,Caldwell,2021-12-10
34,5,29,1,Caldwell,2021-12-15
35,8,27,1,Caldwell,2021-12-16
22,4,18,1,Caldwell,2021-12-24
108,19,89,1,Caldwell,2021-12-27
139,22,117,1,Caldwell,2021-12-29
214,36,178,1,Caldwell,2022-01-03
204,48,156,1,Caldwell,2022-01-06
94,20,74,1,Caldwell,2022-01-09
349,89,260,1,Caldwell,2022-01-12
61,24,37,1,Caldwell,2022-01-17
313,65,248,1,Caldwell,2022-01-19
267,46,221,1,Caldwell,2022-01-21
156,47,109,1,Caldwell,2022-01-24
149,24,125,1,Caldwell,2022-01-25
118,14,104,1,Caldwell,2022-01-26
68,6,62,1,Caldwell,2022-01-29
101,16,85,1,Caldwell,2022-02-02
96,22,74,1,Caldwell,2022-02-03
78,14,64,1,Caldwell,2022-02-04
52,12,40,1,Caldwell,2022-02-09
44,11,33,1,Caldwell,2022-02-10
45,7,38,1,Caldwell,2022-02-15
8,2,6,1,Caldwell,2022-02-19
26,5,21,1,Caldwell,2022-02-21
10,0,10,1,Caldwell,2022-02-25
9,0,9,1,Caldwell,2022-02-27
13,2,11,1,Caldwell,2022-03-01
3,0,3,1,Caldwell,2022-03-05
3,0,3,1,Caldwell,2022-03-18
2,0,2,1,Caldwell,2022-03-23
0,0,0,1,Caldwell,2022-03-31
4,2,2,1,Camden,2021-12-01
10,2,8,1,Carteret,2021-10-27
5,2,3,1,Carteret,2021-11-20
12,5,7,1,Carteret,2021-12-01
15,2,13,1,Carteret,2021-12-06
14,3,11,1,Carteret,2021-12-13
20,6,14,1,Carteret,2021-12-14
34,9,25,1,Carteret,2021-12-23
105,36,69,1,Carteret,2022-01-03
202,82,120,1,Carteret,2022-01-11
197,77,120,1,Carteret,2022-01-12
233,107,126,1,Carteret,2022-01-17
30,6,24,1,Carteret,2022-01-29
78,23,55,1,Carteret,2022-02-02
59,22,37,1,Carteret,2022-02-03
18,1,17,1,Carteret,2022-02-13
24,14,10,1,Carteret,2022-02-16
11,3,8,1,Carteret,2022-02-17
20,11,9,1,Carteret,2022-02-21
3,0,3,1,Carteret,2022-02-25
6,3,3,1,Carteret,2022-03-03
6,0,6,1,Carteret,2022-03-07
1,1,0,1,Carteret,2022-03-16
2,0,2,1,Carteret,2022-04-18
3,0,3,1,Caswell,2021-11-09
7,1,6,1,Caswell,2021-11-18
12,0,12,1,Caswell,2022-02-14
3,0,3,1,Caswell,2022-02-16
3,0,3,1,Caswell,2022-03-02
43,13,30,1,Catawba,2021-10-27
61,24,37,1,Catawba,2021-11-01
13,1,12,1,Catawba,2021-11-06
46,13,33,1,Catawba,2021-11-09
22,9,13,1,Catawba,2021-11-12
34,15,19,1,Catawba,2021-11-16
24,6,18,1,Catawba,2021-11-21
34,10,24,1,Catawba,2021-11-23
9,4,5,1,Catawba,2021-11-25
97,33,64,1,Catawba,2021-11-29
75,23,52,1,Catawba,2021-12-01
64,22,42,1,Catawba,2021-12-02
63,23,40,1,Catawba,2021-12-07
47,15,32,1,Catawba,2021-12-09
62,17,45,1,Catawba,2021-12-17
26,9,17,1,Catawba,2021-12-25
315,78,237,1,Catawba,2021-12-28
330,107,223,1,Catawba,2021-12-30
90,43,47,1,Catawba,2022-01-01
490,182,308,1,Catawba,2022-01-06
168,41,127,1,Catawba,2022-01-09
687,263,424,1,Catawba,2022-01-11
757,276,481,1,Catawba,2022-01-12
282,110,172,1,Catawba,2022-01-15
723,274,449,1,Catawba,2022-01-19
124,37,87,1,Catawba,2022-01-29
326,137,189,1,Catawba,2022-01-31
243,110,133,1,Catawba,2022-02-01
180,68,112,1,Catawba,2022-02-03
176,76,100,1,Catawba,2022-02-04
56,22,34,1,Catawba,2022-02-06
179,65,114,1,Catawba,2022-02-07
79,34,45,1,Catawba,2022-02-11
38,14,24,1,Catawba,2022-02-13
75,36,39,1,Catawba,2022-02-21
46,15,31,1,Catawba,2022-02-22
10,2,8,1,Catawba,2022-02-26
8,4,4,1,Catawba,2022-02-27
43,20,23,1,Catawba,2022-02-28
21,8,13,1,Catawba,2022-03-07
6,5,1,1,Catawba,2022-03-23
2,0,2,1,Catawba,2022-03-27
12,2,10,1,Chatham,2021-11-01
18,1,17,1,Chatham,2021-11-22
22,7,15,1,Chatham,2021-11-24
16,2,14,1,Chatham,2021-11-30
21,4,17,1,Chatham,2021-12-08
59,0,59,1,Chatham,2021-12-22
9,5,4,1,Chatham,2022-02-06
32,5,27,1,Chatham,2022-02-09
18,0,18,1,Chatham,2022-02-15
17,7,10,1,Chatham,2022-02-16
15,2,13,1,Chatham,2022-02-18
2,0,2,1,Chatham,2022-03-29
1,1,0,1,Cherokee,2021-10-29
4,1,3,1,Cherokee,2021-11-01
1,0,1,1,Cherokee,2021-11-04
4,1,3,1,Cherokee,2021-11-10
6,2,4,1,Cherokee,2021-12-09
35,4,31,1,Cherokee,2021-12-28
49,12,37,1,Cherokee,2022-01-07
62,15,47,1,Cherokee,2022-01-13
25,1,24,1,Cherokee,2022-01-15
33,10,23,1,Cherokee,2022-01-17
107,28,79,1,Cherokee,2022-01-20
29,8,21,1,Cherokee,2022-01-23
74,19,55,1,Cherokee,2022-01-31
23,2,21,1,Cherokee,2022-02-03
5,0,5,1,Cherokee,2022-02-06
22,4,18,1,Cherokee,2022-02-11
7,0,7,1,Cherokee,2022-02-12
11,5,6,1,Cherokee,2022-02-17
0,0,0,1,Cherokee,2022-03-06
1,0,1,1,Chowan,2021-11-10
2,0,2,1,Chowan,2021-11-16
32,2,30,1,Chowan,2021-12-28
96,6,90,1,Chowan,2022-01-10
73,6,67,1,Chowan,2022-01-14
67,6,61,1,Chowan,2022-01-20
49,0,49,1,Chowan,2022-01-25
31,2,29,1,Chowan,2022-01-27
18,0,18,1,Chowan,2022-01-28
5,0,5,1,Chowan,2022-01-29
13,0,13,1,Chowan,2022-02-02
12,0,12,1,Chowan,2022-02-07
0,0,0,1,Chowan,2022-02-15
0,0,0,1,Chowan,2022-03-03
0,0,0,1,Clay,2021-10-28
1,0,1,1,Clay,2021-11-02
15,1,14,1,Clay,2022-02-02
31,6,25,1,Cleveland,2021-10-27
22,1,21,1,Cleveland,2021-10-28
21,3,18,1,Cleveland,2021-11-01
13,2,11,1,Cleveland,2021-11-04
15,0,15,1,Cleveland,2021-11-20
5,2,3,1,Cleveland,2021-11-25
21,5,16,1,Cleveland,2021-11-29
27,5,22,1,Cleveland,2021-12-19
12,0,12,1,Cleveland,2021-12-25
36,1,35,1,Cleveland,2021-12-26
358,60,298,1,Cleveland,2022-01-05
398,56,342,1,Cleveland,2022-01-11
399,79,320,1,Cleveland,2022-01-13
233,45,188,1,Cleveland,2022-01-15
14,2,12,1,Cleveland,2022-01-16
329,82,247,1,Cleveland,2022-01-18
386,69,317,1,Cleveland,2022-01-19
332,51,281,1,Cleveland,2022-01-24
157,19,138,1,Cleveland,2022-01-31
143,20,123,1,Cleveland,2022-02-01
151,21,130,1,Cleveland,2022-02-02
81,14,67,1,Cleveland,2022-02-04
46,3,43,1,Cleveland,2022-02-06
67,18,49,1,Cleveland,2022-02-10
57,10,47,1,Cleveland,2022-02-11
36,3,33,1,Cleveland,2022-02-12
61,11,50,1,Cleveland,2022-02-14
14,2,12,1,Cleveland,2022-02-19
10,1,9,1,Cleveland,2022-02-26
5,0,5,1,Cleveland,2022-03-16
1,0,1,1,Cleveland,2022-03-24
10,4,6,1,Columbus,2021-11-01
5,1,4,1,Columbus,2021-11-03
7,4,3,1,Columbus,2021-11-04
2,0,2,1,Columbus,2021-11-07
10,6,4,1,Columbus,2021-11-10
2,0,2,1,Columbus,2021-11-26
8,4,4,1,Columbus,2021-12-09
14,4,10,1,Columbus,2021-12-14
60,8,52,1,Columbus,2021-12-27
204,81,123,1,Columbus,2022-01-06
217,42,175,1,Columbus,2022-01-14
25,8,17,1,Columbus,2022-01-23
136,49,87,1,Columbus,2022-01-25
93,37,56,1,Columbus,2022-01-27
104,29,75,1,Columbus,2022-01-28
129,60,69,1,Columbus,2022-01-31
56,15,41,1,Columbus,2022-02-04
8,4,4,1,Columbus,2022-02-06
21,9,12,1,Columbus,2022-02-10
20,10,10,1,Columbus,2022-02-11
14,3,11,1,Columbus,2022-02-15
10,3,7,1,Columbus,2022-02-17
0,0,0,1,Columbus,2022-03-12
15,6,9,1,Craven,2021-11-17
14,4,10,1,Craven,2021-11-19
21,5,16,1,Craven,2021-12-03
13,2,11,1,Craven,2021-12-05
23,7,16,1,Craven,2021-12-09
19,6,13,1,Craven,2021-12-19
35,8,27,1,Craven,2022-01-01
267,71,196,1,Craven,2022-01-04
130,42,88,1,Craven,2022-01-15
132,63,69,1,Craven,2022-01-16
86,24,62,1,Craven,2022-01-23
169,47,122,1,Craven,2022-01-27
163,36,127,1,Craven,2022-01-28
68,19,49,1,Craven,2022-01-29
73,34,39,1,Craven,2022-01-30
109,33,76,1,Craven,2022-02-03
109,27,82,1,Craven,2022-02-04
41,13,28,1,Craven,2022-02-06
139,47,92,1,Craven,2022-02-07
19,6,13,1,Craven,2022-02-12
20,6,14,1,Craven,2022-02-13
63,14,49,1,Craven,2022-02-14
41,14,27,1,Craven,2022-02-17
9,3,6,1,Craven,2022-03-09
2,0,2,1,Craven,2022-03-12
6,1,5,1,Craven,2022-03-14
7,2,5,1,Craven,2022-04-23
23,5,18,1,Cumberland,2021-10-31
45,9,36,1,Cumberland,2021-11-04
49,10,39,1,Cumberland,2021-11-05
26,6,20,1,Cumberland,2021-11-06
28,5,23,1,Cumberland,2021-11-07
33,4,29,1,Cumberland,2021-11-11
17,1,16,1,Cumberland,2021-11-14
23,3,20,1,Cumberland,2021-11-20
62,9,53,1,Cumberland,2021-11-23
63,9,54,1,Cumberland,2021-11-24
10,2,8,1,Cumberland,2021-11-25
25,5,20,1,Cumberland,2021-11-27
121,10,111,1,Cumberland,2021-12-01
179,28,151,1,Cumberland,2021-12-06
132,17,115,1,Cumberland,2021-12-08
128,23,105,1,Cumberland,2021-12-09
137,23,114,1,Cumberland,2021-12-16
176,17,159,1,Cumberland,2021-12-24
944,123,821,1,Cumberland,2021-12-30
336,36,300,1,Cumberland,2022-01-02
1026,125,901,1,Cumberland,2022-01-06
405,30,375,1,Cumberland,2022-01-08
1534,168,1366,1,Cumberland,2022-01-10
1112,181,931,1,Cumberland,2022-01-13
1606,160,1446,1,Cumberland,2022-01-18
209,12,197,1,Cumberland,2022-01-22
1026,73,953,1,Cumberland,2022-01-25
154,28,126,1,Cumberland,2022-01-30
92,17,75,1,Cumberland,2022-02-06
169,46,123,1,Cumberland,2022-02-10
152,30,122,1,Cumberland,2022-02-11
89,15,74,1,Cumberland,2022-02-12
41,7,34,1,Cumberland,2022-02-13
141,18,123,1,Cumberland,2022-02-16
110,10,100,1,Cumberland,2022-02-18
26,8,18,1,Cumberland,2022-02-20
73,14,59,1,Cumberland,2022-02-23
36,7,29,1,Cumberland,2022-03-02
3,0,3,1,Currituck,2021-11-14
19,4,15,1,Currituck,2021-12-22
7,0,7,1,Currituck,2021-12-24
34,5,29,1,Currituck,2021-12-30
72,5,67,1,Currituck,2022-01-11
11,0,11,1,Dare,2021-10-29
5,0,5,1,Dare,2021-11-18
16,0,16,1,Dare,2021-12-06
34,0,34,1,Dare,2022-01-09
35,6,29,1,Davidson,2021-10-26
39,10,29,1,Davidson,2021-10-28
10,0,10,1,Davidson,2021-10-31
39,4,35,1,Davidson,2021-11-02
30,4,26,1,Davidson,2021-11-05
51,6,45,1,Davidson,2021-11-23
48,2,46,1,Davidson,2021-11-24
42,3,39,1,Davidson,2021-11-26
77,8,69,1,Davidson,2021-12-01
94,11,83,1,Davidson,2021-12-02
90,13,77,1,Davidson,2021-12-07
67,5,62,1,Davidson,2021-12-16
81,7,74,1,Davidson,2021-12-17
36,2,34,1,Davidson,2021-12-19
78,8,70,1,Davidson,2021-12-21
65,2,63,1,Davidson,2021-12-26
314,36,278,1,Davidson,2021-12-28
299,58,241,1,Davidson,2021-12-30
187,25,162,1,Davidson,2021-12-31
470,56,414,1,Davidson,2022-01-04
462,71,391,1,Davidson,2022-01-06
359,49,310,1,Davidson,2022-01-07
573,112,461,1,Davidson,2022-01-10
653,117,536,1,Davidson,2022-01-13
29,4,25,1,Davidson,2022-01-16
411,40,371,1,Davidson,2022-01-21
150,23,127,1,Davidson,2022-01-23
539,56,483,1,Davidson,2022-01-24
310,39,271,1,Davidson,2022-01-26
235,36,199,1,Davidson,2022-01-27
163,27,136,1,Davidson,2022-02-02
71,9,62,1,Davidson,2022-02-10
27,2,25,1,Davidson,2022-02-13
53,9,44,1,Davidson,2022-02-15
15,4,11,1,Davidson,2022-03-02
10,3,7,1,Davidson,2022-03-04
12,4,8,1,Davidson,2022-03-08
6,0,6,1,Davidson,2022-03-16
16,4,12,1,Davie,2021-11-04
13,5,8,1,Davie,2021-11-17
18,0,18,1,Davie,2021-12-03
60,13,47,1,Davie,2022-01-27
69,13,56,1,Davie,2022-01-28
93,20,73,1,Davie,2022-01-31
64,16,48,1,Davie,2022-02-02
39,12,27,1,Davie,2022-02-04
18,1,17,1,Davie,2022-02-05
6,3,3,1,Davie,2022-02-13
12,4,8,1,Davie,2022-02-21
5,2,3,1,Davie,2022-03-07
3,1,2,1,Davie,2022-03-08
9,5,4,1,Davie,2022-04-21
9,5,4,1,Duplin,2021-10-26
3,0,3,1,Duplin,2021-10-31
6,3,3,1,Duplin,2021-11-03
10,4,6,1,Duplin,2021-11-04
18,8,10,1,Duplin,2021-11-08
11,4,7,1,Duplin,2021-11-09
7,5,2,1,Duplin,2021-11-17
7,3,4,1,Duplin,2021-11-19
7,4,3,1,Duplin,2021-11-23
22,8,14,1,Duplin,2021-12-23
86,31,55,1,Duplin,2022-01-09
414,165,249,1,Duplin,2022-01-10
49,19,30,1,Duplin,2022-01-16
229,117,112,1,Duplin,2022-01-17
255,117,138,1,Duplin,2022-01-20
16,4,12,1,Duplin,2022-01-22
42,8,34,1,Duplin,2022-01-23
110,42,68,1,Duplin,2022-01-27
67,19,48,1,Duplin,2022-02-02
38,13,25,1,Duplin,2022-02-04
54,28,26,1,Duplin,2022-02-07
22,13,9,1,Duplin,2022-02-10
11,3,8,1,Duplin,2022-02-12
9,0,9,1,Duplin,2022-02-13
8,3,5,1,Duplin,2022-02-19
5,1,4,1,Duplin,2022-02-20
10,5,5,1,Duplin,2022-02-25
0,0,0,1,Duplin,2022-02-26
2,0,2,1,Duplin,2022-03-04
5,1,4,1,Duplin,2022-03-05
3,1,2,1,Duplin,2022-03-08
0,0,0,1,Duplin,2022-03-11
3,0,3,1,Duplin,2022-03-15
2,0,2,1,Duplin,2022-03-16
2,2,0,1,Duplin,2022-03-18
2,2,0,1,Duplin,2022-03-28
47,0,47,1,Durham,2021-10-26
17,2,15,1,Durham,2021-10-30
16,2,14,1,Durham,2021-11-07
77,3,74,1,Durham,2021-11-30
44,3,41,1,Durham,2021-12-05
63,3,60,1,Durham,2021-12-08
70,5,65,1,Durham,2021-12-13
73,6,67,1,Durham,2021-12-14
1384,81,1303,1,Durham,2022-01-05
1070,47,1023,1,Durham,2022-01-07
1401,79,1322,1,Durham,2022-01-10
960,66,894,1,Durham,2022-01-14
1029,54,975,1,Durham,2022-01-19
900,40,860,1,Durham,2022-01-20
600,43,557,1,Durham,2022-01-26
191,14,177,1,Durham,2022-01-30
427,48,379,1,Durham,2022-01-31
293,20,273,1,Durham,2022-02-02
273,32,241,1,Durham,2022-02-03
137,7,130,1,Durham,2022-02-05
123,6,117,1,Durham,2022-02-06
226,29,197,1,Durham,2022-02-07
15,0,15,1,Edgecombe,2021-11-15
9,2,7,1,Edgecombe,2021-12-13
258,5,253,1,Edgecombe,2021-12-30
46,1,45,1,Edgecombe,2022-01-09
181,10,171,1,Edgecombe,2022-01-12
164,10,154,1,Edgecombe,2022-01-14
66,3,63,1,Edgecombe,2022-01-25
20,1,19,1,Edgecombe,2022-02-03
27,2,25,1,Edgecombe,2022-02-07
20,0,20,1,Edgecombe,2022-02-08
0,0,0,1,Edgecombe,2022-04-15
93,9,84,1,Forsyth,2021-10-26
85,28,57,1,Forsyth,2021-11-01
62,10,52,1,Forsyth,2021-11-02
29,2,27,1,Forsyth,2021-11-06
58,11,47,1,Forsyth,2021-11-27
140,21,119,1,Forsyth,2021-11-30
90,13,77,1,Forsyth,2021-12-04
163,33,130,1,Forsyth,2021-12-06
137,23,114,1,Forsyth,2021-12-07
166,23,143,1,Forsyth,2021-12-08
77,8,69,1,Forsyth,2021-12-11
86,5,81,1,Forsyth,2021-12-12
153,16,137,1,Forsyth,2021-12-17
219,18,201,1,Forsyth,2021-12-20
304,34,270,1,Forsyth,2021-12-22
164,17,147,1,Forsyth,2021-12-24
93,3,90,1,Forsyth,2021-12-25
801,71,730,1,Forsyth,2021-12-28
1045,100,945,1,Forsyth,2021-12-29
280,24,256,1,Forsyth,2022-01-01
423,22,401,1,Forsyth,2022-01-02
1502,135,1367,1,Forsyth,2022-01-12
228,46,182,1,Forsyth,2022-02-08
195,37,158,1,Forsyth,2022-02-09
61,9,52,1,Forsyth,2022-02-13
138,38,100,1,Forsyth,2022-02-16
33,5,28,1,Forsyth,2022-02-19
84,16,68,1,Forsyth,2022-02-21
55,7,48,1,Forsyth,2022-02-23
36,6,30,1,Forsyth,2022-02-25
20,2,18,1,Forsyth,2022-02-27
42,13,29,1,Forsyth,2022-02-28
30,4,26,1,Forsyth,2022-03-02
17,3,14,1,Forsyth,2022-03-04
31,5,26,1,Forsyth,2022-03-07
11,3,8,1,Forsyth,2022-03-08
24,9,15,1,Forsyth,2022-03-09
15,3,12,1,Forsyth,2022-03-11
19,6,13,1,Forsyth,2022-03-12
24,7,17,1,Forsyth,2022-03-17
23,2,21,1,Forsyth,2022-03-21
22,7,15,1,Forsyth,2022-03-23
30,7,23,1,Forsyth,2022-03-30
35,13,22,1,Forsyth,2022-04-04
6,0,6,1,Franklin,2021-10-31
11,1,10,1,Franklin,2021-11-01
19,0,19,1,Franklin,2021-11-16
41,6,35,1,Franklin,2022-01-16
29,7,22,1,Franklin,2022-01-30
0,0,0,1,Franklin,2022-03-27
86,19,67,1,Gaston,2021-11-08
65,12,53,1,Gaston,2021-11-12
92,23,69,1,Gaston,2021-11-15
89,21,68,1,Gaston,2021-11-23
72,7,65,1,Gaston,2021-11-24
73,18,55,1,Gaston,2021-11-26
95,19,76,1,Gaston,2021-12-03
121,33,88,1,Gaston,2021-12-06
115,36,79,1,Gaston,2021-12-07
139,41,98,1,Gaston,2021-12-13
111,19,92,1,Gaston,2021-12-17
69,19,50,1,Gaston,2021-12-19
166,28,138,1,Gaston,2021-12-20
160,35,125,1,Gaston,2021-12-21
42,1,41,1,Gaston,2021-12-25
281,81,200,1,Gaston,2021-12-31
261,62,199,1,Gaston,2022-01-02
555,84,471,1,Gaston,2022-01-07
279,47,232,1,Gaston,2022-01-08
710,117,593,1,Gaston,2022-01-12
689,135,554,1,Gaston,2022-01-14
212,35,177,1,Gaston,2022-01-22
451,98,353,1,Gaston,2022-01-26
358,86,272,1,Gaston,2022-01-31
216,43,173,1,Gaston,2022-02-03
77,13,64,1,Gaston,2022-02-17
36,8,28,1,Gaston,2022-02-24
14,3,11,1,Gaston,2022-02-25
12,2,10,1,Gaston,2022-02-27
13,9,4,1,Gaston,2022-03-06
14,2,12,1,Gaston,2022-03-07
10,3,7,1,Gaston,2022-03-08
4,1,3,1,Gaston,2022-03-13
8,1,7,1,Gaston,2022-03-15
11,1,10,1,Gaston,2022-03-16
5,2,3,1,Gaston,2022-03-17
6,2,4,1,Gaston,2022-03-30
23,8,15,1,Gates,2022-01-14
34,29,5,1,Graham,2022-01-10
13,9,4,1,Graham,2022-01-15
0,0,0,1,Graham,2022-03-24
6,1,5,1,Granville,2021-11-06
12,3,9,1,Granville,2021-11-12
8,0,8,1,Granville,2021-11-13
6,0,6,1,Granville,2021-11-28
31,6,25,1,Granville,2021-12-21
155,12,143,1,Granville,2022-01-07
262,19,243,1,Granville,2022-01-18
114,10,104,1,Granville,2022-01-25
58,1,57,1,Granville,2022-02-03
6,0,6,1,Greene,2022-02-12
2,0,2,1,Greene,2022-02-13
1,0,1,1,Greene,2022-02-23
1,0,1,1,Greene,2022-02-25
49,10,39,1,Guilford,2021-10-30
108,21,87,1,Guilford,2021-11-02
77,9,68,1,Guilford,2021-11-03
53,12,41,1,Guilford,2021-11-06
51,11,40,1,Guilford,2021-11-07
118,12,106,1,Guilford,2021-11-09
50,0,50,1,Guilford,2021-11-13
50,5,45,1,Guilford,2021-11-14
97,13,84,1,Guilford,2021-11-15
122,17,105,1,Guilford,2021-11-19
55,11,44,1,Guilford,2021-11-20
48,2,46,1,Guilford,2021-11-21
97,12,85,1,Guilford,2021-11-22
179,24,155,1,Guilford,2021-11-30
107,12,95,1,Guilford,2021-12-04
80,7,73,1,Guilford,2021-12-05
181,23,158,1,Guilford,2021-12-06
175,28,147,1,Guilford,2021-12-07
152,26,126,1,Guilford,2021-12-09
135,21,114,1,Guilford,2021-12-10
192,27,165,1,Guilford,2021-12-15
131,10,121,1,Guilford,2021-12-19
417,70,347,1,Guilford,2021-12-23
981,150,831,1,Guilford,2021-12-27
1151,152,999,1,Guilford,2021-12-28
1248,267,981,1,Guilford,2021-12-30
794,208,586,1,Guilford,2021-12-31
322,69,253,1,Guilford,2022-01-01
1067,65,1002,1,Guilford,2022-01-08
1694,259,1435,1,Guilford,2022-01-13
1402,175,1227,1,Guilford,2022-01-19
898,116,782,1,Guilford,2022-01-21
564,117,447,1,Guilford,2022-01-31
221,33,188,1,Guilford,2022-02-08
206,42,164,1,Guilford,2022-02-09
105,14,91,1,Guilford,2022-02-12
84,21,63,1,Guilford,2022-02-13
90,33,57,1,Guilford,2022-02-23
21,8,13,1,Guilford,2022-02-27
66,10,56,1,Guilford,2022-02-28
47,15,32,1,Guilford,2022-03-01
39,8,31,1,Guilford,2022-03-03
36,7,29,1,Guilford,2022-03-07
35,8,27,1,Guilford,2022-03-08
29,8,21,1,Guilford,2022-03-10
7,1,6,1,Guilford,2022-03-13
9,0,9,1,Guilford,2022-03-19
37,11,26,1,Guilford,2022-03-22
37,8,29,1,Guilford,2022-03-23
12,3,9,1,Guilford,2022-03-25
9,1,8,1,Guilford,2022-03-27
24,2,22,1,Guilford,2022-03-29
26,4,22,1,Guilford,2022-03-30
11,4,7,1,Guilford,2022-04-02
63,7,56,1,Guilford,2022-04-16
123,29,94,1,Guilford,2022-04-18
6,1,5,1,Halifax,2021-10-28
5,0,5,1,Halifax,2021-11-07
6,0,6,1,Halifax,2021-12-07
16,4,12,1,Halifax,2021-12-17
27,2,25,1,Halifax,2021-12-23
223,22,201,1,Halifax,2021-12-29
58,4,54,1,Halifax,2022-01-02
304,29,275,1,Halifax,2022-01-04
242,23,219,1,Halifax,2022-01-11
234,26,208,1,Halifax,2022-01-12
146,20,126,1,Halifax,2022-01-20
23,3,20,1,Halifax,2022-01-21
12,1,11,1,Halifax,2022-01-22
96,16,80,1,Halifax,2022-01-25
66,17,49,1,Halifax,2022-01-27
18,5,13,1,Halifax,2022-01-29
9,4,5,1,Halifax,2022-02-05
8,0,8,1,Halifax,2022-02-06
28,7,21,1,Halifax,2022-02-09
8,1,7,1,Halifax,2022-02-12
5,0,5,1,Halifax,2022-02-26
2,0,2,1,Halifax,2022-03-26
2,2,0,1,Halifax,2022-04-10
33,6,27,1,Harnett,2021-10-26
26,5,21,1,Harnett,2021-11-02
27,4,23,1,Harnett,2021-11-03
29,4,25,1,Harnett,2021-11-04
4,0,4,1,Harnett,2021-11-06
11,2,9,1,Harnett,2021-11-14
17,5,12,1,Harnett,2021-11-17
12,1,11,1,Harnett,2021-11-26
37,3,34,1,Harnett,2021-12-01
47,11,36,1,Harnett,2021-12-08
31,1,30,1,Harnett,2021-12-18
63,11,52,1,Harnett,2021-12-21
192,22,170,1,Harnett,2021-12-27
248,44,204,1,Harnett,2021-12-29
116,14,102,1,Harnett,2022-01-02
443,78,365,1,Harnett,2022-01-06
448,90,358,1,Harnett,2022-01-07
203,17,186,1,Harnett,2022-01-08
150,21,129,1,Harnett,2022-01-09
538,118,420,1,Harnett,2022-01-14
481,68,413,1,Harnett,2022-01-20
173,38,135,1,Harnett,2022-01-21
62,8,54,1,Harnett,2022-01-29
64,18,46,1,Harnett,2022-01-30
101,24,77,1,Harnett,2022-02-04
33,5,28,1,Harnett,2022-02-06
95,35,60,1,Harnett,2022-02-08
52,9,43,1,Harnett,2022-02-11
55,14,41,1,Harnett,2022-02-14
42,6,36,1,Harnett,2022-02-15
31,5,26,1,Harnett,2022-02-18
17,4,13,1,Harnett,2022-02-19
28,1,27,1,Harnett,2022-02-22
6,1,5,1,Harnett,2022-02-27
21,5,16,1,Harnett,2022-02-28
9,1,8,1,Harnett,2022-03-01
17,7,10,1,Harnett,2022-03-02
17,5,12,1,Harnett,2022-03-07
9,1,8,1,Harnett,2022-03-08
7,0,7,1,Harnett,2022-03-11
14,5,9,1,Harnett,2022-03-14
9,1,8,1,Harnett,2022-03-16
9,1,8,1,Harnett,2022-03-18
8,4,4,1,Haywood,2021-10-29
16,6,10,1,Haywood,2021-11-08
13,3,10,1,Haywood,2021-11-10
23,5,18,1,Haywood,2021-11-18
7,2,5,1,Haywood,2021-11-20
22,5,17,1,Haywood,2021-11-22
17,5,12,1,Haywood,2021-12-07
19,4,15,1,Haywood,2021-12-10
8,2,6,1,Haywood,2021-12-12
22,6,16,1,Haywood,2021-12-17
9,4,5,1,Haywood,2021-12-18
32,7,25,1,Haywood,2021-12-20
16,1,15,1,Haywood,2021-12-21
20,10,10,1,Haywood,2021-12-22
11,5,6,1,Haywood,2021-12-24
64,21,43,1,Haywood,2021-12-29
58,27,31,1,Haywood,2021-12-31
134,36,98,1,Haywood,2022-01-05
143,55,88,1,Haywood,2022-01-11
165,51,114,1,Haywood,2022-01-14
61,5,56,1,Haywood,2022-01-15
61,20,41,1,Haywood,2022-01-17
110,28,82,1,Haywood,2022-01-27
91,28,63,1,Haywood,2022-01-28
20,2,18,1,Haywood,2022-01-29
53,9,44,1,Haywood,2022-01-30
93,48,45,1,Haywood,2022-02-01
64,18,46,1,Haywood,2022-02-03
33,12,21,1,Haywood,2022-02-05
36,13,23,1,Haywood,2022-02-06
49,22,27,1,Haywood,2022-02-07
45,15,30,1,Haywood,2022-02-08
43,19,24,1,Haywood,2022-02-14
22,5,17,1,Haywood,2022-02-15
13,8,5,1,Haywood,2022-02-20
46,27,19,1,Haywood,2022-02-21
14,10,4,1,Haywood,2022-02-22
23,12,11,1,Haywood,2022-02-24
14,1,13,1,Haywood,2022-02-25
8,4,4,1,Haywood,2022-02-26
8,2,6,1,Haywood,2022-03-01
12,4,8,1,Haywood,2022-03-07
7,2,5,1,Haywood,2022-03-08
3,1,2,1,Haywood,2022-03-09
38,13,25,1,Henderson,2021-11-03
22,13,9,1,Henderson,2021-11-11
25,10,15,1,Henderson,2021-11-12
46,21,25,1,Henderson,2021-11-22
24,10,14,1,Henderson,2021-11-23
9,6,3,1,Henderson,2021-11-25
27,10,17,1,Henderson,2021-11-26
21,8,13,1,Henderson,2021-11-27
60,24,36,1,Henderson,2021-12-01
56,24,32,1,Henderson,2021-12-07
38,19,19,1,Henderson,2021-12-12
62,27,35,1,Henderson,2021-12-15
24,5,19,1,Henderson,2021-12-25
33,13,20,1,Henderson,2021-12-26
165,29,136,1,Henderson,2021-12-29
177,41,136,1,Henderson,2021-12-30
103,37,66,1,Henderson,2022-01-09
247,89,158,1,Henderson,2022-01-14
14,2,12,1,Henderson,2022-01-16
230,86,144,1,Henderson,2022-01-18
276,100,176,1,Henderson,2022-01-19
78,23,55,1,Henderson,2022-01-22
137,54,83,1,Henderson,2022-01-28
55,19,36,1,Henderson,2022-01-30
46,21,25,1,Henderson,2022-02-06
108,36,72,1,Henderson,2022-02-07
64,18,46,1,Henderson,2022-02-08
91,34,57,1,Henderson,2022-02-09
67,19,48,1,Henderson,2022-02-10
48,15,33,1,Henderson,2022-02-11
38,19,19,1,Henderson,2022-02-21
21,7,14,1,Henderson,2022-02-22
10,4,6,1,Henderson,2022-03-01
7,2,5,1,Henderson,2022-03-10
7,5,2,1,Henderson,2022-03-11
1,0,1,1,Henderson,2022-03-17
2,1,1,1,Henderson,2022-03-24
3,0,3,1,Hertford,2021-12-15
19,1,18,1,Hertford,2022-01-02
79,18,61,1,Hertford,2022-01-13
48,7,41,1,Hertford,2022-01-19
2,0,2,1,Hertford,2022-01-22
10,1,9,1,Hoke,2021-11-02
4,1,3,1,Hoke,2021-11-07
11,2,9,1,Hoke,2021-11-18
25,2,23,1,Hoke,2021-12-06
20,1,19,1,Hoke,2021-12-08
309,28,281,1,Hoke,2022-01-05
297,23,274,1,Hoke,2022-01-19
115,18,97,1,Hoke,2022-01-26
93,17,76,1,Hoke,2022-01-27
77,4,73,1,Hoke,2022-01-28
75,14,61,1,Hoke,2022-02-01
53,4,49,1,Hoke,2022-02-02
53,6,47,1,Hoke,2022-02-04
8,1,7,1,Hoke,2022-02-18
2,0,2,1,Hoke,2022-02-20
7,2,5,1,Hoke,2022-03-08
1,0,1,1,Hoke,2022-04-04
3,0,3,1,Hyde,2021-12-30
36,10,26,1,Iredell,2021-10-29
83,32,51,1,Iredell,2021-11-15
54,24,30,1,Iredell,2021-11-18
8,0,8,1,Iredell,2021-11-25
118,43,75,1,Iredell,2021-11-29
101,30,71,1,Iredell,2021-12-01
77,27,50,1,Iredell,2021-12-02
45,20,25,1,Iredell,2021-12-05
88,24,64,1,Iredell,2021-12-07
75,20,55,1,Iredell,2021-12-10
53,17,36,1,Iredell,2021-12-12
129,33,96,1,Iredell,2021-12-13
117,24,93,1,Iredell,2021-12-14
158,52,106,1,Iredell,2021-12-20
154,63,91,1,Iredell,2021-12-21
65,22,43,1,Iredell,2021-12-24
428,139,289,1,Iredell,2021-12-28
445,156,289,1,Iredell,2021-12-29
406,135,271,1,Iredell,2021-12-30
211,86,125,1,Iredell,2022-01-09
637,194,443,1,Iredell,2022-01-13
332,113,219,1,Iredell,2022-01-21
376,106,270,1,Iredell,2022-01-26
275,99,176,1,Iredell,2022-01-27
219,86,133,1,Iredell,2022-02-01
189,59,130,1,Iredell,2022-02-03
118,49,69,1,Iredell,2022-02-08
104,37,67,1,Iredell,2022-02-10
37,9,28,1,Iredell,2022-02-12
36,14,22,1,Iredell,2022-02-13
58,23,35,1,Iredell,2022-02-15
22,8,14,1,Iredell,2022-02-19
25,10,15,1,Iredell,2022-02-20
62,24,38,1,Iredell,2022-02-21
37,13,24,1,Iredell,2022-02-22
28,12,16,1,Iredell,2022-02-23
31,10,21,1,Iredell,2022-02-28
18,12,6,1,Iredell,2022-03-03
2,1,1,1,Iredell,2022-03-05
9,3,6,1,Iredell,2022-03-08
1,0,1,1,Iredell,2022-03-12
8,1,7,1,Jackson,2021-11-02
4,0,4,1,Jackson,2021-11-11
11,2,9,1,Jackson,2021-12-07
18,5,13,1,Jackson,2021-12-16
8,2,6,1,Jackson,2021-12-17
7,2,5,1,Jackson,2021-12-21
17,7,10,1,Jackson,2022-01-01
93,21,72,1,Jackson,2022-01-07
66,8,58,1,Jackson,2022-01-21
101,38,63,1,Jackson,2022-01-27
10,4,6,1,Jackson,2022-02-22
9,5,4,1,Jackson,2022-02-25
7,3,4,1,Jackson,2022-03-03
31,9,22,1,Johnston,2021-10-28
28,8,20,1,Johnston,2021-10-29
42,12,30,1,Johnston,2021-11-02
30,6,24,1,Johnston,2021-11-04
30,5,25,1,Johnston,2021-11-06
52,15,37,1,Johnston,2021-11-09
41,10,31,1,Johnston,2021-11-11
39,10,29,1,Johnston,2021-11-18
39,10,29,1,Johnston,2021-11-19
50,11,39,1,Johnston,2021-11-22
38,8,30,1,Johnston,2021-11-24
17,4,13,1,Johnston,2021-11-28
91,23,68,1,Johnston,2021-12-08
110,20,90,1,Johnston,2021-12-15
149,17,132,1,Johnston,2021-12-20
153,32,121,1,Johnston,2021-12-22
34,11,23,1,Johnston,2021-12-25
549,76,473,1,Johnston,2021-12-29
615,104,511,1,Johnston,2021-12-30
933,121,812,1,Johnston,2022-01-04
383,24,359,1,Johnston,2022-01-08
358,71,287,1,Johnston,2022-01-09
1022,184,838,1,Johnston,2022-01-11
497,86,411,1,Johnston,2022-01-15
132,28,104,1,Johnston,2022-01-16
850,163,687,1,Johnston,2022-01-17
1204,196,1008,1,Johnston,2022-01-18
974,136,838,1,Johnston,2022-01-19
260,54,206,1,Johnston,2022-01-21
97,17,80,1,Johnston,2022-01-22
159,31,128,1,Johnston,2022-01-23
864,150,714,1,Johnston,2022-01-24
364,81,283,1,Johnston,2022-01-31
253,60,193,1,Johnston,2022-02-02
202,40,162,1,Johnston,2022-02-07
108,34,74,1,Johnston,2022-02-09
69,15,54,1,Johnston,2022-02-12
97,24,73,1,Johnston,2022-02-14
31,8,23,1,Johnston,2022-02-19
41,6,35,1,Johnston,2022-02-22
29,9,20,1,Johnston,2022-02-23
16,3,13,1,Johnston,2022-02-27
24,2,22,1,Johnston,2022-03-01
15,4,11,1,Johnston,2022-03-03
17,0,17,1,Johnston,2022-03-04
17,3,14,1,Johnston,2022-03-07
11,4,7,1,Johnston,2022-03-10
9,4,5,1,Johnston,2022-03-15
10,4,6,1,Johnston,2022-03-24
2,0,2,1,Jones,2021-10-26
1,1,0,1,Jones,2021-11-16
1,1,0,1,Jones,2021-11-29
5,0,5,1,Jones,2021-12-13
7,1,6,1,Lee,2021-11-24
11,1,10,1,Lee,2021-11-27
12,0,12,1,Lee,2021-11-30
19,3,16,1,Lee,2021-12-01
12,2,10,1,Lee,2021-12-02
27,3,24,1,Lee,2021-12-15
28,4,24,1,Lee,2021-12-21
13,2,11,1,Lee,2021-12-24
194,39,155,1,Lee,2022-01-04
163,9,154,1,Lee,2022-01-06
103,7,96,1,Lee,2022-01-08
320,67,253,1,Lee,2022-01-10
307,41,266,1,Lee,2022-01-12
255,45,210,1,Lee,2022-01-14
159,39,120,1,Lee,2022-01-17
23,3,20,1,Lee,2022-01-22
69,5,64,1,Lee,2022-01-28
15,1,14,1,Lee,2022-02-05
30,5,25,1,Lee,2022-02-09
6,3,3,1,Lee,2022-02-13
13,4,9,1,Lee,2022-02-14
25,2,23,1,Lee,2022-02-16
3,0,3,1,Lee,2022-02-26
3,3,0,1,Lee,2022-03-06
7,1,6,1,Lee,2022-03-08
9,4,5,1,Lee,2022-03-10
4,1,3,1,Lee,2022-03-12
1,0,1,1,Lee,2022-03-23
0,0,0,1,Lee,2022-04-01
7,0,7,1,Lenoir,2021-10-27
1,0,1,1,Lenoir,2021-10-30
11,5,6,1,Lenoir,2021-11-01
9,3,6,1,Lenoir,2021-11-05
1,0,1,1,Lenoir,2021-11-06
7,4,3,1,Lenoir,2021-11-08
1,0,1,1,Lenoir,2021-11-14
1,0,1,1,Lenoir,2021-11-21
11,2,9,1,Lenoir,2021-11-27
123,13,110,1,Lenoir,2021-12-28
35,7,28,1,Lenoir,2022-01-01
160,21,139,1,Lenoir,2022-01-03
50,13,37,1,Lenoir,2022-01-09
278,61,217,1,Lenoir,2022-01-13
351,70,281,1,Lenoir,2022-01-18
254,43,211,1,Lenoir,2022-01-24
183,33,150,1,Lenoir,2022-01-25
137,28,109,1,Lenoir,2022-01-26
25,10,15,1,Lenoir,2022-01-29
88,18,70,1,Lenoir,2022-01-31
58,15,43,1,Lenoir,2022-02-01
24,5,19,1,Lenoir,2022-02-09
14,3,11,1,Lenoir,2022-02-15
6,3,3,1,Lenoir,2022-02-17
6,1,5,1,Lenoir,2022-02-25
9,4,5,1,Lenoir,2022-02-28
1,1,0,1,Lenoir,2022-03-05
15,4,11,1,Lincoln,2021-10-30
35,9,26,1,Lincoln,2021-11-02
33,10,23,1,Lincoln,2021-11-03
24,5,19,1,Lincoln,2021-11-04
25,12,13,1,Lincoln,2021-11-05
32,15,17,1,Lincoln,2021-11-10
20,5,15,1,Lincoln,2021-11-27
28,6,22,1,Lincoln,2021-11-28
39,16,23,1,Lincoln,2021-12-02
27,6,21,1,Lincoln,2021-12-05
43,17,26,1,Lincoln,2021-12-06
29,8,21,1,Lincoln,2021-12-09
65,14,51,1,Lincoln,2021-12-23
147,45,102,1,Lincoln,2021-12-27
54,15,39,1,Lincoln,2022-01-02
270,66,204,1,Lincoln,2022-01-04
94,15,79,1,Lincoln,2022-01-08
339,113,226,1,Lincoln,2022-01-11
307,88,219,1,Lincoln,2022-01-13
286,67,219,1,Lincoln,2022-01-18
71,25,46,1,Lincoln,2022-01-23
45,11,34,1,Lincoln,2022-01-29
130,39,91,1,Lincoln,2022-02-01
90,23,67,1,Lincoln,2022-02-04
31,8,23,1,Lincoln,2022-02-06
49,11,38,1,Lincoln,2022-02-10
41,10,31,1,Lincoln,2022-02-11
23,11,12,1,Lincoln,2022-02-12
14,7,7,1,Lincoln,2022-02-20
12,6,6,1,Lincoln,2022-02-22
7,1,6,1,Lincoln,2022-03-02
3,2,1,1,Lincoln,2022-03-03
7,1,6,1,Macon,2021-10-28
4,1,3,1,Macon,2021-11-06
7,1,6,1,Macon,2021-11-12
4,1,3,1,Macon,2021-11-20
2,0,2,1,Macon,2021-11-21
3,0,3,1,Macon,2021-11-22
15,4,11,1,Macon,2021-12-14
1,0,1,1,Macon,2021-12-18
7,2,5,1,Macon,2021-12-25
35,12,23,1,Macon,2021-12-30
6,0,6,1,Macon,2022-01-01
81,19,62,1,Macon,2022-01-03
41,15,26,1,Macon,2022-01-07
18,5,13,1,Macon,2022-01-09
97,6,91,1,Macon,2022-01-14
12,0,12,1,Macon,2022-01-16
108,29,79,1,Macon,2022-01-18
61,18,43,1,Macon,2022-01-19
32,11,21,1,Macon,2022-01-27
20,4,16,1,Macon,2022-02-08
6,2,4,1,Macon,2022-02-22
5,2,3,1,Macon,2022-02-24
1,0,1,1,Macon,2022-02-27
2,0,2,1,Macon,2022-03-02
5,3,2,1,Macon,2022-03-07
0,0,0,1,Macon,2022-03-21
4,1,3,1,Madison,2021-11-09
5,0,5,1,Madison,2021-11-10
2,0,2,1,Madison,2021-11-14
1,0,1,1,Madison,2021-11-16
7,0,7,1,Madison,2021-11-18
15,2,13,1,Madison,2021-12-23
15,3,12,1,Madison,2021-12-31
7,0,7,1,Madison,2022-01-08
52,3,49,1,Madison,2022-01-14
55,3,52,1,Madison,2022-01-18
34,6,28,1,Madison,2022-01-27
54,12,42,1,Madison,2022-02-01
4,0,4,1,Madison,2022-02-06
18,2,16,1,Madison,2022-02-08
26,4,22,1,Madison,2022-02-11
0,0,0,1,Madison,2022-02-26
1,0,1,1,Martin,2021-10-31
9,0,9,1,Martin,2022-01-02
115,5,110,1,Martin,2022-01-18
87,7,80,1,Martin,2022-01-24
43,2,41,1,Martin,2022-01-26
35,1,34,1,Martin,2022-01-27
2,0,2,1,Martin,2022-02-12
1,1,0,1,Martin,2022-02-13
1,0,1,1,Martin,2022-02-25
9,2,7,1,Martin,2022-02-26
2,0,2,1,Martin,2022-02-27
3,0,3,1,Martin,2022-02-28
4,0,4,1,McDowell,2021-10-27
6,1,5,1,McDowell,2021-10-31
8,2,6,1,McDowell,2021-11-02
5,0,5,1,McDowell,2021-11-12
17,6,11,1,McDowell,2021-11-15
8,2,6,1,McDowell,2021-11-19
6,1,5,1,McDowell,2021-11-21
25,8,17,1,McDowell,2021-12-20
29,8,21,1,McDowell,2022-01-01
120,25,95,1,McDowell,2022-01-03
60,17,43,1,McDowell,2022-01-09
176,53,123,1,McDowell,2022-01-11
132,49,83,1,McDowell,2022-01-13
57,25,32,1,McDowell,2022-01-15
12,7,5,1,McDowell,2022-01-16
98,16,82,1,McDowell,2022-01-18
53,12,41,1,McDowell,2022-01-23
126,34,92,1,McDowell,2022-01-25
82,28,54,1,McDowell,2022-02-01
68,19,49,1,McDowell,2022-02-02
76,21,55,1,McDowell,2022-02-03
52,14,38,1,McDowell,2022-02-04
32,10,22,1,McDowell,2022-02-06
42,11,31,1,McDowell,2022-02-14
17,7,10,1,McDowell,2022-02-21
8,3,5,1,McDowell,2022-03-03
3,0,3,1,McDowell,2022-03-06
2,0,2,1,McDowell,2022-03-08
153,29,124,1,Mecklenburg,2021-11-01
147,26,121,1,Mecklenburg,2021-11-05
95,15,80,1,Mecklenburg,2021-11-06
178,35,143,1,Mecklenburg,2021-11-09
197,33,164,1,Mecklenburg,2021-11-10
227,33,194,1,Mecklenburg,2021-11-12
230,33,197,1,Mecklenburg,2021-11-15
224,33,191,1,Mecklenburg,2021-11-16
208,32,176,1,Mecklenburg,2021-11-18
188,28,160,1,Mecklenburg,2021-11-24
209,22,187,1,Mecklenburg,2021-11-26
304,58,246,1,Mecklenburg,2021-11-29
316,40,276,1,Mecklenburg,2021-11-30
323,48,275,1,Mecklenburg,2021-12-01
184,34,150,1,Mecklenburg,2021-12-04
181,26,155,1,Mecklenburg,2021-12-05
332,59,273,1,Mecklenburg,2021-12-06
239,30,209,1,Mecklenburg,2021-12-11
1266,234,1032,1,Mecklenburg,2022-01-01
1690,311,1379,1,Mecklenburg,2022-01-09
4078,527,3551,1,Mecklenburg,2022-01-12
361,62,299,1,Mecklenburg,2022-02-14
122,28,94,1,Mecklenburg,2022-02-20
227,41,186,1,Mecklenburg,2022-02-21
183,32,151,1,Mecklenburg,2022-02-22
128,23,105,1,Mecklenburg,2022-02-28
93,18,75,1,Mecklenburg,2022-03-01
81,13,68,1,Mecklenburg,2022-03-07
22,4,18,1,Mecklenburg,2022-03-20
66,13,53,1,Mecklenburg,2022-03-21
233,46,187,1,Mecklenburg,2022-04-18
4,0,4,1,Mitchell,2021-11-19
6,0,6,1,Mitchell,2021-11-26
18,11,7,1,Mitchell,2021-12-01
4,3,1,1,Mitchell,2021-12-26
26,15,11,1,Mitchell,2021-12-30
21,12,9,1,Mitchell,2022-01-03
46,3,43,1,Mitchell,2022-01-11
24,4,20,1,Mitchell,2022-01-13
22,3,19,1,Mitchell,2022-01-19
9,1,8,1,Mitchell,2022-01-22
17,5,12,1,Mitchell,2022-01-28
6,3,3,1,Mitchell,2022-02-18
7,2,5,1,Montgomery,2021-11-02
29,8,21,1,Montgomery,2021-12-30
55,3,52,1,Montgomery,2022-01-07
35,6,29,1,Montgomery,2022-01-09
129,21,108,1,Montgomery,2022-01-13
12,2,10,1,Montgomery,2022-01-29
2,0,2,1,Montgomery,2022-01-30
24,6,18,1,Montgomery,2022-02-02
31,9,22,1,Montgomery,2022-02-03
3,1,2,1,Montgomery,2022-02-06
13,0,13,1,Montgomery,2022-02-07
3,1,2,1,Montgomery,2022-02-12
13,0,13,1,Montgomery,2022-02-14
3,1,2,1,Montgomery,2022-02-19
11,3,8,1,Moore,2021-10-27
12,1,11,1,Moore,2021-11-04
11,2,9,1,Moore,2021-11-09
11,0,11,1,Moore,2021-11-10
8,1,7,1,Moore,2021-11-27
17,1,16,1,Moore,2021-12-08
37,0,37,1,Moore,2021-12-09
40,2,38,1,Moore,2021-12-13
31,3,28,1,Moore,2021-12-14
27,2,25,1,Moore,2021-12-18
60,4,56,1,Moore,2021-12-22
78,1,77,1,Moore,2021-12-26
125,6,119,1,Moore,2022-01-02
295,36,259,1,Moore,2022-01-04
316,38,278,1,Moore,2022-01-05
294,46,248,1,Moore,2022-01-06
439,30,409,1,Moore,2022-01-10
425,69,356,1,Moore,2022-01-18
92,10,82,1,Moore,2022-01-23
194,36,158,1,Moore,2022-01-25
133,31,102,1,Moore,2022-01-27
129,25,104,1,Moore,2022-02-01
84,13,71,1,Moore,2022-02-03
74,15,59,1,Moore,2022-02-04
23,3,20,1,Moore,2022-02-12
55,7,48,1,Moore,2022-02-14
39,10,29,1,Moore,2022-02-15
23,2,21,1,Moore,2022-02-18
15,5,10,1,Moore,2022-02-19
20,2,18,1,Moore,2022-02-23
14,2,12,1,Moore,2022-03-01
10,1,9,1,Moore,2022-03-03
5,0,5,1,Moore,2022-03-05
4,2,2,1,Moore,2022-03-06
6,2,4,1,Moore,2022-03-11
14,1,13,1,Nash,2021-11-04
13,1,12,1,Nash,2021-11-12
11,2,9,1,Nash,2021-11-16
6,0,6,1,Nash,2021-11-24
15,2,13,1,Nash,2021-11-26
11,1,10,1,Nash,2021-11-27
24,2,22,1,Nash,2021-12-10
42,8,34,1,Nash,2021-12-17
53,15,38,1,Nash,2021-12-23
193,27,166,1,Nash,2021-12-27
171,10,161,1,Nash,2021-12-31
605,19,586,1,Nash,2022-01-04
434,28,406,1,Nash,2022-01-06
327,23,304,1,Nash,2022-01-07
108,5,103,1,Nash,2022-01-09
508,34,474,1,Nash,2022-01-18
62,1,61,1,Nash,2022-01-21
50,8,42,1,Nash,2022-01-23
249,27,222,1,Nash,2022-01-25
134,14,120,1,Nash,2022-01-26
110,19,91,1,Nash,2022-01-28
37,8,29,1,Nash,2022-01-29
37,4,33,1,Nash,2022-01-30
30,2,28,1,Nash,2022-02-05
40,8,32,1,Nash,2022-02-08
36,3,33,1,Nash,2022-02-10
50,13,37,1,Nash,2022-02-11
15,1,14,1,Nash,2022-02-12
28,2,26,1,Nash,2022-02-15
21,5,16,1,Nash,2022-02-17
11,3,8,1,Nash,2022-02-19
7,1,6,1,Nash,2022-02-20
19,4,15,1,Nash,2022-02-23
1,0,1,1,Nash,2022-02-26
5,0,5,1,Nash,2022-03-14
2,0,2,1,Nash,2022-03-22
2,1,1,1,Nash,2022-03-24
5,4,1,1,Nash,2022-04-12
19,5,14,1,New Hanover,2021-10-27
29,10,19,1,New Hanover,2021-11-03
10,2,8,1,New Hanover,2021-11-04
10,3,7,1,New Hanover,2021-11-06
27,7,20,1,New Hanover,2021-11-17
59,23,36,1,New Hanover,2021-11-29
74,24,50,1,New Hanover,2021-12-16
26,4,22,1,New Hanover,2021-12-25
464,110,354,1,New Hanover,2021-12-28
554,147,407,1,New Hanover,2022-01-05
265,62,203,1,New Hanover,2022-01-08
289,55,234,1,New Hanover,2022-01-09
672,124,548,1,New Hanover,2022-01-13
228,50,178,1,New Hanover,2022-01-21
122,21,101,1,New Hanover,2022-01-22
191,48,143,1,New Hanover,2022-01-23
399,66,333,1,New Hanover,2022-01-26
102,31,71,1,New Hanover,2022-01-30
323,66,257,1,New Hanover,2022-01-31
208,34,174,1,New Hanover,2022-02-04
79,19,60,1,New Hanover,2022-02-05
74,12,62,1,New Hanover,2022-02-06
172,42,130,1,New Hanover,2022-02-07
90,24,66,1,New Hanover,2022-02-09
119,30,89,1,New Hanover,2022-02-10
35,10,25,1,New Hanover,2022-02-13
55,20,35,1,New Hanover,2022-02-17
21,9,12,1,New Hanover,2022-02-20
13,4,9,1,New Hanover,2022-02-26
18,2,16,1,New Hanover,2022-02-28
13,3,10,1,New Hanover,2022-03-03
3,0,3,1,New Hanover,2022-03-05
7,1,6,1,New Hanover,2022-03-08
11,5,6,1,New Hanover,2022-03-11
5,0,5,1,New Hanover,2022-03-12
10,4,6,1,New Hanover,2022-03-17
4,1,3,1,New Hanover,2022-03-18
14,3,11,1,New Hanover,2022-04-06
16,5,11,1,New Hanover,2022-04-07
1,0,1,1,Northampton,2021-11-03
68,19,49,1,Northampton,2022-01-11
64,14,50,1,Northampton,2022-01-12
18,7,11,1,Northampton,2022-01-27
27,8,19,1,Northampton,2022-01-28
4,0,4,1,Northampton,2022-01-30
21,3,18,1,Northampton,2022-01-31
15,5,10,1,Northampton,2022-02-02
10,4,6,1,Northampton,2022-02-04
3,0,3,1,Northampton,2022-02-12
6,0,6,1,Northampton,2022-02-22
0,0,0,1,Northampton,2022-02-27
29,3,26,1,Onslow,2021-10-26
20,1,19,1,Onslow,2021-10-27
32,4,28,1,Onslow,2021-11-01
11,2,9,1,Onslow,2021-11-05
7,1,6,1,Onslow,2021-11-06
0,0,0,1,Onslow,2021-11-25
53,10,43,1,Onslow,2021-12-16
72,4,68,1,Onslow,2021-12-21
53,8,45,1,Onslow,2021-12-26
107,33,74,1,Onslow,2022-01-01
810,157,653,1,Onslow,2022-01-05
995,113,882,1,Onslow,2022-01-11
179,27,152,1,Onslow,2022-01-21
428,59,369,1,Onslow,2022-01-26
272,31,241,1,Onslow,2022-02-01
261,39,222,1,Onslow,2022-02-07
118,15,103,1,Onslow,2022-02-14
62,5,57,1,Onslow,2022-02-17
25,4,21,1,Onslow,2022-02-24
6,1,5,1,Onslow,2022-02-27
15,1,14,1,Onslow,2022-03-05
8,1,7,1,Onslow,2022-03-11
4,1,3,1,Onslow,2022-03-14
3,0,3,1,Onslow,2022-03-16
5,1,4,1,Onslow,2022-04-07
13,2,11,1,Orange,2021-12-04
53,2,51,1,Orange,2021-12-17
510,24,486,1,Orange,2022-01-04
429,30,399,1,Orange,2022-01-14
32,7,25,1,Orange,2022-01-16
550,19,531,1,Orange,2022-01-19
120,4,116,1,Orange,2022-01-23
285,13,272,1,Orange,2022-01-25
183,7,176,1,Orange,2022-01-27
55,5,50,1,Orange,2022-01-30
105,3,102,1,Orange,2022-02-04
50,2,48,1,Orange,2022-02-06
36,3,33,1,Orange,2022-02-18
40,3,37,1,Orange,2022-02-21
19,1,18,1,Orange,2022-03-07
57,5,52,1,Orange,2022-04-09
24,2,22,1,Pamlico,2022-01-03
13,4,9,1,Pasquotank,2021-11-02
16,7,9,1,Pasquotank,2021-11-12
5,2,3,1,Pasquotank,2021-11-16
11,5,6,1,Pasquotank,2021-11-17
12,4,8,1,Pasquotank,2021-11-26
3,0,3,1,Pasquotank,2021-11-27
4,0,4,1,Pender,2021-10-31
2,0,2,1,Pender,2021-11-20
32,8,24,1,Pender,2021-11-29
15,4,11,1,Pender,2021-12-16
8,2,6,1,Pender,2021-12-18
89,15,74,1,Pender,2021-12-27
90,16,74,1,Pender,2022-01-09
228,42,186,1,Pender,2022-01-17
53,7,46,1,Pender,2022-01-21
121,13,108,1,Pender,2022-01-26
35,0,35,1,Pender,2022-01-29
116,10,106,1,Pender,2022-01-31
35,6,29,1,Pender,2022-02-09
29,7,22,1,Pender,2022-02-14
9,5,4,1,Pender,2022-02-19
0,0,0,1,Perquimans,2021-11-25
6,0,6,1,Perquimans,2021-12-09
14,0,14,1,Person,2021-11-08
11,6,5,1,Person,2021-11-17
16,6,10,1,Person,2021-11-23
10,6,4,1,Person,2021-12-11
5,3,2,1,Person,2021-12-12
18,7,11,1,Person,2021-12-17
5,1,4,1,Person,2021-12-19
76,21,55,1,Person,2021-12-30
118,19,99,1,Person,2022-01-06
64,8,56,1,Person,2022-01-08
180,31,149,1,Person,2022-01-18
186,14,172,1,Person,2022-01-19
106,23,83,1,Person,2022-01-20
20,5,15,1,Person,2022-01-29
39,11,28,1,Person,2022-02-03
22,2,20,1,Pitt,2021-10-31
39,3,36,1,Pitt,2021-11-01
10,0,10,1,Pitt,2021-11-27
67,5,62,1,Pitt,2021-12-14
484,39,445,1,Pitt,2022-01-25
296,33,263,1,Pitt,2022-01-27
48,7,41,1,Pitt,2022-02-05
69,6,63,1,Pitt,2022-02-14
44,3,41,1,Pitt,2022-02-18
21,3,18,1,Pitt,2022-02-23
23,6,17,1,Pitt,2022-02-24
20,1,19,1,Pitt,2022-02-25
7,1,6,1,Pitt,2022-02-26
15,2,13,1,Pitt,2022-03-04
3,1,2,1,Pitt,2022-03-06
5,1,4,1,Polk,2021-11-13
18,17,1,1,Polk,2022-01-17
17,12,5,1,Polk,2022-02-03
2,1,1,1,Polk,2022-02-20
0,0,0,1,Polk,2022-03-03
1,0,1,1,Polk,2022-03-14
0,0,0,1,Polk,2022-04-11
0,0,0,1,Polk,2022-04-19
36,14,22,1,Randolph,2021-10-29
41,9,32,1,Randolph,2021-11-01
35,12,23,1,Randolph,2021-11-02
25,6,19,1,Randolph,2021-11-04
46,13,33,1,Randolph,2021-11-08
35,14,21,1,Randolph,2021-11-12
33,8,25,1,Randolph,2021-11-15
25,7,18,1,Randolph,2021-11-17
19,4,15,1,Randolph,2021-11-19
21,8,13,1,Randolph,2021-11-20
15,6,9,1,Randolph,2021-11-21
48,18,30,1,Randolph,2021-11-22
44,22,22,1,Randolph,2021-11-23
8,1,7,1,Randolph,2021-11-25
23,11,12,1,Randolph,2021-11-27
53,12,41,1,Randolph,2021-12-03
29,16,13,1,Randolph,2021-12-05
28,13,15,1,Randolph,2021-12-11
62,29,33,1,Randolph,2021-12-16
59,22,37,1,Randolph,2021-12-17
98,45,53,1,Randolph,2021-12-20
66,24,42,1,Randolph,2021-12-22
47,23,24,1,Randolph,2021-12-24
230,96,134,1,Randolph,2021-12-29
81,31,50,1,Randolph,2022-01-01
320,114,206,1,Randolph,2022-01-03
262,63,199,1,Randolph,2022-01-06
159,19,140,1,Randolph,2022-01-08
181,33,148,1,Randolph,2022-01-09
469,108,361,1,Randolph,2022-01-12
465,94,371,1,Randolph,2022-01-13
405,80,325,1,Randolph,2022-01-14
614,148,466,1,Randolph,2022-01-18
323,108,215,1,Randolph,2022-01-21
70,24,46,1,Randolph,2022-01-22
249,83,166,1,Randolph,2022-01-27
128,44,84,1,Randolph,2022-02-02
136,32,104,1,Randolph,2022-02-03
117,41,76,1,Randolph,2022-02-07
62,16,46,1,Randolph,2022-02-10
56,15,41,1,Randolph,2022-02-11
26,4,22,1,Randolph,2022-02-12
20,7,13,1,Randolph,2022-02-13
42,12,30,1,Randolph,2022-02-16
36,12,24,1,Randolph,2022-02-21
10,2,8,1,Randolph,2022-03-07
5,1,4,1,Randolph,2022-03-08
5,1,4,1,Randolph,2022-03-16
3,0,3,1,Randolph,2022-03-17
4,2,2,1,Randolph,2022-04-12
10,3,7,1,Richmond,2021-11-15
6,1,5,1,Richmond,2021-11-17
2,0,2,1,Richmond,2021-11-20
6,2,4,1,Richmond,2021-11-23
4,2,2,1,Richmond,2021-11-28
9,0,9,1,Richmond,2021-12-04
36,12,24,1,Richmond,2021-12-06
14,2,12,1,Richmond,2021-12-16
9,3,6,1,Richmond,2021-12-19
20,3,17,1,Richmond,2021-12-23
23,5,18,1,Richmond,2021-12-24
6,1,5,1,Richmond,2021-12-25
51,4,47,1,Richmond,2021-12-27
44,3,41,1,Richmond,2022-01-02
184,31,153,1,Richmond,2022-01-05
261,57,204,1,Richmond,2022-01-13
181,29,152,1,Richmond,2022-01-19
36,4,32,1,Richmond,2022-01-21
118,31,87,1,Richmond,2022-01-25
144,80,64,1,Richmond,2022-01-26
81,30,51,1,Richmond,2022-01-27
44,20,24,1,Richmond,2022-02-02
24,6,18,1,Richmond,2022-02-03
32,4,28,1,Richmond,2022-02-04
15,3,12,1,Richmond,2022-02-08
12,1,11,1,Richmond,2022-02-11
5,0,5,1,Richmond,2022-02-13
10,1,9,1,Richmond,2022-02-15
4,1,3,1,Richmond,2022-03-05
22,8,14,1,Robeson,2021-11-05
3,2,1,1,Robeson,2021-11-06
17,4,13,1,Robeson,2021-11-12
4,1,3,1,Robeson,2021-11-13
25,6,19,1,Robeson,2021-11-16
26,6,20,1,Robeson,2021-11-18
10,1,9,1,Robeson,2021-11-28
35,13,22,1,Robeson,2021-12-05
62,17,45,1,Robeson,2021-12-09
19,6,13,1,Robeson,2021-12-11
17,10,7,1,Robeson,2021-12-12
22,7,15,1,Robeson,2021-12-18
19,6,13,1,Robeson,2021-12-19
64,23,41,1,Robeson,2021-12-21
67,21,46,1,Robeson,2021-12-23
33,21,12,1,Robeson,2021-12-24
25,10,15,1,Robeson,2021-12-25
177,50,127,1,Robeson,2021-12-27
256,60,196,1,Robeson,2021-12-28
334,96,238,1,Robeson,2021-12-29
298,91,207,1,Robeson,2021-12-30
121,49,72,1,Robeson,2021-12-31
449,154,295,1,Robeson,2022-01-05
529,194,335,1,Robeson,2022-01-14
324,117,207,1,Robeson,2022-01-15
551,229,322,1,Robeson,2022-01-17
858,304,554,1,Robeson,2022-01-18
630,208,422,1,Robeson,2022-01-19
357,113,244,1,Robeson,2022-01-25
244,101,143,1,Robeson,2022-01-26
166,57,109,1,Robeson,2022-01-28
110,37,73,1,Robeson,2022-02-02
125,54,71,1,Robeson,2022-02-03
91,34,57,1,Robeson,2022-02-04
35,19,16,1,Robeson,2022-02-06
73,18,55,1,Robeson,2022-02-08
58,23,35,1,Robeson,2022-02-09
57,18,39,1,Robeson,2022-02-10
44,15,29,1,Robeson,2022-02-11
21,6,15,1,Robeson,2022-02-13
28,10,18,1,Robeson,2022-02-16
23,9,14,1,Robeson,2022-02-18
14,5,9,1,Robeson,2022-02-20
28,16,12,1,Robeson,2022-02-21
19,3,16,1,Robeson,2022-02-24
12,6,6,1,Robeson,2022-02-25
8,4,4,1,Robeson,2022-02-27
22,2,20,1,Rockingham,2021-10-28
24,6,18,1,Rockingham,2021-10-29
18,3,15,1,Rockingham,2021-11-06
17,1,16,1,Rockingham,2021-11-23
15,5,10,1,Rockingham,2021-11-24
15,4,11,1,Rockingham,2021-11-26
48,11,37,1,Rockingham,2021-12-09
21,4,17,1,Rockingham,2021-12-18
27,1,26,1,Rockingham,2021-12-19
27,3,24,1,Rockingham,2021-12-24
38,4,34,1,Rockingham,2021-12-26
214,50,164,1,Rockingham,2021-12-30
133,42,91,1,Rockingham,2021-12-31
54,6,48,1,Rockingham,2022-01-01
274,52,222,1,Rockingham,2022-01-06
106,13,93,1,Rockingham,2022-01-09
331,27,304,1,Rockingham,2022-01-11
324,50,274,1,Rockingham,2022-01-14
17,6,11,1,Rockingham,2022-01-16
269,63,206,1,Rockingham,2022-01-18
341,62,279,1,Rockingham,2022-01-19
94,9,85,1,Rockingham,2022-01-23
72,8,64,1,Rockingham,2022-02-02
79,6,73,1,Rockingham,2022-02-07
49,5,44,1,Rockingham,2022-02-08
62,9,53,1,Rockingham,2022-02-09
44,7,37,1,Rockingham,2022-02-11
15,2,13,1,Rockingham,2022-02-18
13,0,13,1,Rockingham,2022-03-02
2,0,2,1,Rockingham,2022-03-09
2,0,2,1,Rockingham,2022-03-26
21,2,19,1,Rowan,2021-10-28
23,2,21,1,Rowan,2021-10-29
14,0,14,1,Rowan,2021-10-30
26,3,23,1,Rowan,2021-11-03
9,0,9,1,Rowan,2021-11-06
30,7,23,1,Rowan,2021-11-16
27,4,23,1,Rowan,2021-11-24
12,6,6,1,Rowan,2021-11-25
47,10,37,1,Rowan,2021-12-01
48,7,41,1,Rowan,2021-12-07
119,11,108,1,Rowan,2021-12-20
88,10,78,1,Rowan,2021-12-21
79,19,60,1,Rowan,2021-12-22
49,9,40,1,Rowan,2021-12-24
29,8,21,1,Rowan,2021-12-25
63,3,60,1,Rowan,2021-12-26
270,29,241,1,Rowan,2021-12-28
147,20,127,1,Rowan,2021-12-31
357,87,270,1,Rowan,2022-01-03
412,67,345,1,Rowan,2022-01-05
348,56,292,1,Rowan,2022-01-07
124,31,93,1,Rowan,2022-01-09
654,116,538,1,Rowan,2022-01-10
579,84,495,1,Rowan,2022-01-13
34,6,28,1,Rowan,2022-01-16
480,98,382,1,Rowan,2022-01-18
446,72,374,1,Rowan,2022-01-20
108,35,73,1,Rowan,2022-01-23
225,42,183,1,Rowan,2022-01-27
228,24,204,1,Rowan,2022-01-28
44,4,40,1,Rowan,2022-02-05
47,11,36,1,Rowan,2022-02-06
120,24,96,1,Rowan,2022-02-07
83,7,76,1,Rowan,2022-02-09
26,3,23,1,Rowan,2022-02-12
32,6,26,1,Rowan,2022-02-13
31,3,28,1,Rowan,2022-02-18
18,5,13,1,Rowan,2022-02-23
0,0,0,1,Rowan,2022-03-05
11,4,7,1,Rowan,2022-03-07
9,1,8,1,Rowan,2022-03-09
6,2,4,1,Rowan,2022-03-10
10,3,7,1,Rowan,2022-03-15
13,6,7,1,Rutherford,2021-10-28
6,1,5,1,Rutherford,2021-10-30
9,3,6,1,Rutherford,2021-11-02
5,1,4,1,Rutherford,2021-11-03
7,0,7,1,Rutherford,2021-11-07
12,1,11,1,Rutherford,2021-11-09
10,3,7,1,Rutherford,2021-11-11
17,7,10,1,Rutherford,2021-11-17
10,0,10,1,Rutherford,2021-11-19
6,1,5,1,Rutherford,2021-11-20
7,1,6,1,Rutherford,2021-11-28
19,3,16,1,Rutherford,2021-11-30
12,5,7,1,Rutherford,2021-12-02
8,3,5,1,Rutherford,2021-12-03
6,0,6,1,Rutherford,2021-12-05
12,5,7,1,Rutherford,2021-12-08
10,2,8,1,Rutherford,2021-12-14
10,0,10,1,Rutherford,2021-12-19
143,35,108,1,Rutherford,2022-01-05
202,111,91,1,Rutherford,2022-01-13
169,76,93,1,Rutherford,2022-01-14
84,41,43,1,Rutherford,2022-01-15
186,59,127,1,Rutherford,2022-01-18
69,34,35,1,Rutherford,2022-01-22
57,18,39,1,Rutherford,2022-01-23
93,32,61,1,Rutherford,2022-01-28
44,18,26,1,Rutherford,2022-01-29
21,9,12,1,Rutherford,2022-02-05
60,29,31,1,Rutherford,2022-02-08
26,5,21,1,Rutherford,2022-02-11
6,1,5,1,Rutherford,2022-02-12
26,12,14,1,Rutherford,2022-02-14
26,15,11,1,Rutherford,2022-02-15
16,5,11,1,Rutherford,2022-02-17
12,3,9,1,Rutherford,2022-02-18
10,2,8,1,Rutherford,2022-02-19
7,3,4,1,Rutherford,2022-02-23
14,4,10,1,Rutherford,2022-02-24
9,3,6,1,Rutherford,2022-03-01
11,6,5,1,Sampson,2021-11-09
4,1,3,1,Sampson,2021-11-12
17,10,7,1,Sampson,2021-11-15
5,1,4,1,Sampson,2021-12-04
11,6,5,1,Sampson,2021-12-10
31,17,14,1,Sampson,2021-12-13
20,15,5,1,Sampson,2021-12-21
58,29,29,1,Sampson,2021-12-27
264,94,170,1,Sampson,2022-01-05
267,95,172,1,Sampson,2022-01-20
191,72,119,1,Sampson,2022-01-25
15,6,9,1,Sampson,2022-01-29
24,10,14,1,Sampson,2022-01-30
103,36,67,1,Sampson,2022-01-31
59,18,41,1,Sampson,2022-02-02
51,19,32,1,Sampson,2022-02-03
14,6,8,1,Sampson,2022-02-05
55,23,32,1,Sampson,2022-02-07
7,4,3,1,Sampson,2022-02-13
35,14,21,1,Sampson,2022-02-14
2,0,2,1,Sampson,2022-02-20
13,8,5,1,Sampson,2022-02-24
2,2,0,1,Sampson,2022-03-06
4,1,3,1,Sampson,2022-03-07
3,1,2,1,Sampson,2022-03-21
0,0,0,1,Sampson,2022-04-09
6,3,3,1,Scotland,2021-11-03
2,0,2,1,Scotland,2021-11-12
17,7,10,1,Scotland,2021-12-13
86,21,65,1,Scotland,2021-12-29
148,41,107,1,Scotland,2022-01-07
78,13,65,1,Scotland,2022-01-09
16,5,11,1,Scotland,2022-01-16
24,6,18,1,Scotland,2022-01-21
8,2,6,1,Scotland,2022-01-22
38,11,27,1,Scotland,2022-01-28
5,3,2,1,Scotland,2022-01-29
25,15,10,1,Scotland,2022-02-02
19,6,13,1,Scotland,2022-02-04
8,3,5,1,Scotland,2022-02-06
11,5,6,1,Scotland,2022-02-10
19,5,14,1,Scotland,2022-02-14
19,0,19,1,Stanly,2021-10-26
13,4,9,1,Stanly,2021-11-05
21,4,17,1,Stanly,2021-11-08
18,4,14,1,Stanly,2021-11-12
19,2,17,1,Stanly,2021-11-17
18,4,14,1,Stanly,2021-11-18
19,1,18,1,Stanly,2021-11-23
20,2,18,1,Stanly,2021-11-24
10,0,10,1,Stanly,2021-11-27
36,2,34,1,Stanly,2021-12-08
23,8,15,1,Stanly,2021-12-10
37,5,32,1,Stanly,2021-12-14
28,3,25,1,Stanly,2021-12-15
37,3,34,1,Stanly,2021-12-17
60,22,38,1,Stanly,2021-12-31
59,21,38,1,Stanly,2022-01-02
172,52,120,1,Stanly,2022-01-04
187,63,124,1,Stanly,2022-01-07
387,108,279,1,Stanly,2022-01-10
323,51,272,1,Stanly,2022-01-18
134,21,113,1,Stanly,2022-01-21
32,5,27,1,Stanly,2022-01-22
252,48,204,1,Stanly,2022-01-24
156,30,126,1,Stanly,2022-01-25
181,31,150,1,Stanly,2022-01-26
114,9,105,1,Stanly,2022-01-27
42,23,19,1,Stanly,2022-01-30
45,3,42,1,Stanly,2022-02-02
43,1,42,1,Stanly,2022-02-08
45,3,42,1,Stanly,2022-02-09
37,2,35,1,Stanly,2022-02-10
35,2,33,1,Stanly,2022-02-11
22,1,21,1,Stanly,2022-02-15
12,4,8,1,Stanly,2022-02-17
2,0,2,1,Stanly,2022-03-05
16,2,14,1,Stokes,2021-10-29
6,0,6,1,Stokes,2021-10-30
19,4,15,1,Stokes,2021-11-01
16,4,12,1,Stokes,2021-11-03
15,2,13,1,Stokes,2021-11-09
15,4,11,1,Stokes,2021-11-11
17,3,14,1,Stokes,2021-11-26
32,2,30,1,Stokes,2021-12-13
36,5,31,1,Stokes,2021-12-22
112,33,79,1,Stokes,2022-01-05
186,50,136,1,Stokes,2022-01-10
107,28,79,1,Stokes,2022-01-14
71,10,61,1,Stokes,2022-01-15
30,13,17,1,Stokes,2022-01-17
90,19,71,1,Stokes,2022-01-21
56,9,47,1,Stokes,2022-01-22
84,16,68,1,Stokes,2022-01-26
63,4,59,1,Stokes,2022-01-28
12,3,9,1,Stokes,2022-01-30
39,5,34,1,Stokes,2022-02-03
36,6,30,1,Stokes,2022-02-04
38,6,32,1,Stokes,2022-02-07
22,3,19,1,Stokes,2022-02-11
12,0,12,1,Stokes,2022-02-12
26,2,24,1,Stokes,2022-02-15
20,3,17,1,Stokes,2022-02-21
20,4,16,1,Stokes,2022-02-22
13,2,11,1,Stokes,2022-02-24
6,1,5,1,Stokes,2022-03-01
5,4,1,1,Stokes,2022-03-03
3,0,3,1,Stokes,2022-03-11
0,0,0,1,Stokes,2022-04-10
12,5,7,1,Surry,2021-10-30
13,5,8,1,Surry,2021-11-20
6,2,4,1,Surry,2021-11-25
29,5,24,1,Surry,2021-11-26
14,4,10,1,Surry,2021-11-27
53,19,34,1,Surry,2021-11-29
32,16,16,1,Surry,2021-12-01
57,25,32,1,Surry,2021-12-08
47,21,26,1,Surry,2021-12-10
61,25,36,1,Surry,2021-12-13
46,14,32,1,Surry,2021-12-17
27,8,19,1,Surry,2021-12-19
72,26,46,1,Surry,2021-12-20
57,22,35,1,Surry,2021-12-21
62,23,39,1,Surry,2021-12-22
149,55,94,1,Surry,2021-12-30
53,27,26,1,Surry,2022-01-01
160,60,100,1,Surry,2022-01-06
108,21,87,1,Surry,2022-01-09
224,71,153,1,Surry,2022-01-14
101,50,51,1,Surry,2022-01-17
208,67,141,1,Surry,2022-01-18
239,64,175,1,Surry,2022-01-19
155,52,103,1,Surry,2022-01-25
132,39,93,1,Surry,2022-01-26
120,45,75,1,Surry,2022-01-27
116,44,72,1,Surry,2022-01-28
38,9,29,1,Surry,2022-02-05
46,12,34,1,Surry,2022-02-11
27,9,18,1,Surry,2022-02-18
16,5,11,1,Surry,2022-02-20
15,7,8,1,Surry,2022-03-02
7,0,7,1,Surry,2022-03-14
0,0,0,1,Surry,2022-03-19
2,0,2,1,Surry,2022-03-20
0,0,0,1,Swain,2021-11-11
1,0,1,1,Swain,2021-12-11
18,10,8,1,Swain,2021-12-27
15,10,5,1,Swain,2022-01-01
17,10,7,1,Swain,2022-01-08
17,7,10,1,Swain,2022-01-28
6,2,4,1,Swain,2022-02-06
1,0,1,1,Swain,2022-03-07
3,2,1,1,Transylvania,2021-11-16
19,11,8,1,Transylvania,2021-12-17
30,6,24,1,Transylvania,2021-12-27
36,15,21,1,Transylvania,2021-12-30
23,17,6,1,Transylvania,2022-01-02
42,15,27,1,Transylvania,2022-01-07
64,28,36,1,Transylvania,2022-01-12
53,15,38,1,Transylvania,2022-01-13
15,7,8,1,Transylvania,2022-01-17
36,22,14,1,Transylvania,2022-01-18
40,13,27,1,Transylvania,2022-01-19
23,14,9,1,Transylvania,2022-01-22
17,6,11,1,Transylvania,2022-02-07
13,6,7,1,Transylvania,2022-02-08
20,3,17,1,Transylvania,2022-02-09
8,5,3,1,Transylvania,2022-02-17
2,0,2,1,Transylvania,2022-03-02
3,2,1,1,Transylvania,2022-03-03
0,0,0,1,Transylvania,2022-03-21
1,0,1,1,Tyrrell,2022-02-09
50,18,32,1,Union,2021-11-01
56,17,39,1,Union,2021-11-02
76,21,55,1,Union,2021-11-08
70,18,52,1,Union,2021-11-17
45,8,37,1,Union,2021-11-21
83,32,51,1,Union,2021-11-22
8,2,6,1,Union,2021-11-25
46,9,37,1,Union,2021-11-27
118,30,88,1,Union,2021-12-01
97,19,78,1,Union,2021-12-02
57,11,46,1,Union,2021-12-04
106,14,92,1,Union,2021-12-06
51,6,45,1,Union,2021-12-12
118,29,89,1,Union,2021-12-13
105,30,75,1,Union,2021-12-15
90,18,72,1,Union,2021-12-16
68,10,58,1,Union,2021-12-19
172,25,147,1,Union,2021-12-21
108,11,97,1,Union,2021-12-24
126,18,108,1,Union,2021-12-26
375,71,304,1,Union,2021-12-27
536,112,424,1,Union,2021-12-30
674,123,551,1,Union,2022-01-05
671,145,526,1,Union,2022-01-07
386,84,302,1,Union,2022-01-08
985,217,768,1,Union,2022-01-10
895,193,702,1,Union,2022-01-18
226,64,162,1,Union,2022-01-23
483,96,387,1,Union,2022-01-25
412,98,314,1,Union,2022-01-26
337,58,279,1,Union,2022-01-27
297,61,236,1,Union,2022-01-28
255,52,203,1,Union,2022-02-01
92,17,75,1,Union,2022-02-05
143,35,108,1,Union,2022-02-08
73,26,47,1,Union,2022-02-15
35,11,24,1,Union,2022-02-19
32,10,22,1,Union,2022-02-22
17,4,13,1,Union,2022-02-24
14,4,10,1,Union,2022-02-26
12,4,8,1,Union,2022-02-27
23,5,18,1,Union,2022-03-02
9,2,7,1,Union,2022-03-05
9,2,7,1,Union,2022-03-07
14,5,9,1,Union,2022-03-08
7,0,7,1,Union,2022-03-09
3,1,2,1,Union,2022-03-13
14,1,13,1,Union,2022-03-28
16,4,12,1,Union,2022-04-15
10,0,10,1,Union,2022-04-17
14,4,10,1,Vance,2021-10-28
10,1,9,1,Vance,2021-11-05
156,74,82,1,Vance,2022-01-03
134,24,110,1,Vance,2022-01-04
181,25,156,1,Vance,2022-01-05
158,10,148,1,Vance,2022-01-13
25,3,22,1,Vance,2022-02-04
2,2,0,1,Vance,2022-02-19
4,2,2,1,Vance,2022-04-11
172,8,164,1,Wake,2021-10-29
59,8,51,1,Wake,2021-10-31
217,24,193,1,Wake,2021-11-08
154,11,143,1,Wake,2021-11-09
198,21,177,1,Wake,2021-11-10
115,25,90,1,Wake,2021-11-11
227,18,209,1,Wake,2021-11-17
217,18,199,1,Wake,2021-11-18
316,29,287,1,Wake,2021-11-22
197,19,178,1,Wake,2021-11-24
365,37,328,1,Wake,2021-12-08
297,25,272,1,Wake,2021-12-09
429,45,384,1,Wake,2021-12-14
510,50,460,1,Wake,2021-12-17
1040,104,936,1,Wake,2021-12-21
1431,123,1308,1,Wake,2021-12-23
648,113,535,1,Wake,2021-12-24
3640,211,3429,1,Wake,2021-12-27
1321,132,1189,1,Wake,2022-01-02
6268,229,6039,1,Wake,2022-01-05
4873,199,4674,1,Wake,2022-01-07
1312,116,1196,1,Wake,2022-01-09
5883,316,5567,1,Wake,2022-01-11
4427,288,4139,1,Wake,2022-01-24
3102,212,2890,1,Wake,2022-01-25
1830,134,1696,1,Wake,2022-01-28
1062,90,972,1,Wake,2022-02-04
610,51,559,1,Wake,2022-02-14
453,65,388,1,Wake,2022-02-15
214,17,197,1,Wake,2022-02-25
126,15,111,1,Wake,2022-02-26
99,14,85,1,Wake,2022-03-04
52,8,44,1,Wake,2022-03-05
44,8,36,1,Wake,2022-03-06
61,8,53,1,Wake,2022-03-12
28,7,21,1,Wake,2022-03-13
68,7,61,1,Wake,2022-03-15
45,8,37,1,Wake,2022-03-20
91,14,77,1,Wake,2022-03-24
28,5,23,1,Wake,2022-03-27
87,12,75,1,Wake,2022-03-31
58,2,56,1,Wake,2022-04-02
5,2,3,1,Warren,2021-10-30
1,0,1,1,Warren,2021-12-02
6,3,3,1,Warren,2021-12-03
7,1,6,1,Warren,2021-12-16
26,4,22,1,Warren,2022-01-28
0,0,0,1,Washington,2021-12-04
2,0,2,1,Washington,2021-12-26
44,7,37,1,Washington,2022-01-17
18,13,5,1,Washington,2022-01-28
24,11,13,1,Washington,2022-01-31
18,7,11,1,Washington,2022-02-02
4,1,3,1,Washington,2022-02-05
4,0,4,1,Washington,2022-02-06
7,2,5,1,Washington,2022-02-11
0,0,0,1,Washington,2022-02-19
1,0,1,1,Washington,2022-02-21
2,0,2,1,Washington,2022-03-01
15,2,13,1,Watauga,2021-10-26
20,9,11,1,Watauga,2021-11-08
3,0,3,1,Watauga,2021-12-04
20,8,12,1,Watauga,2021-12-07
148,53,95,1,Watauga,2022-01-13
160,70,90,1,Watauga,2022-01-21
39,21,18,1,Watauga,2022-01-22
55,26,29,1,Watauga,2022-01-23
89,47,42,1,Watauga,2022-01-28
100,39,61,1,Watauga,2022-02-02
72,34,38,1,Watauga,2022-02-03
90,52,38,1,Watauga,2022-02-07
40,17,23,1,Watauga,2022-02-09
40,20,20,1,Watauga,2022-02-10
14,6,8,1,Watauga,2022-03-01
9,1,8,1,Watauga,2022-03-04
6,4,2,1,Watauga,2022-03-06
3,2,1,1,Watauga,2022-03-13
33,21,12,1,Wayne,2021-10-26
20,15,5,1,Wayne,2021-11-03
13,3,10,1,Wayne,2021-11-06
27,15,12,1,Wayne,2021-11-17
32,20,12,1,Wayne,2021-11-22
17,12,5,1,Wayne,2021-11-24
21,6,15,1,Wayne,2021-12-02
39,24,15,1,Wayne,2021-12-03
32,18,14,1,Wayne,2021-12-08
31,18,13,1,Wayne,2021-12-16
28,18,10,1,Wayne,2021-12-17
33,15,18,1,Wayne,2021-12-24
11,3,8,1,Wayne,2021-12-25
117,58,59,1,Wayne,2021-12-27
113,51,62,1,Wayne,2021-12-31
630,290,340,1,Wayne,2022-01-12
484,214,270,1,Wayne,2022-01-13
559,281,278,1,Wayne,2022-01-14
420,205,215,1,Wayne,2022-01-17
705,290,415,1,Wayne,2022-01-18
102,14,88,1,Wayne,2022-01-23
42,1,41,1,Wayne,2022-01-29
58,4,54,1,Wayne,2022-01-30
192,83,109,1,Wayne,2022-01-31
152,70,82,1,Wayne,2022-02-01
88,44,44,1,Wayne,2022-02-03
50,22,28,1,Wayne,2022-02-09
53,17,36,1,Wayne,2022-02-11
53,30,23,1,Wayne,2022-02-14
43,23,20,1,Wayne,2022-02-15
36,23,13,1,Wayne,2022-02-16
8,4,4,1,Wayne,2022-02-24
3,1,2,1,Wayne,2022-03-06
18,8,10,1,Wayne,2022-03-07
7,4,3,1,Wayne,2022-03-10
8,3,5,1,Wayne,2022-03-15
1,1,0,1,Wayne,2022-03-19
1,1,0,1,Wayne,2022-03-27
7,6,1,1,Wilkes,2021-10-29
6,4,2,1,Wilkes,2021-10-31
10,4,6,1,Wilkes,2021-11-06
6,1,5,1,Wilkes,2021-11-25
18,10,8,1,Wilkes,2021-11-26
13,9,4,1,Wilkes,2021-11-27
31,13,18,1,Wilkes,2021-12-01
43,12,31,1,Wilkes,2021-12-06
12,7,5,1,Wilkes,2021-12-12
39,10,29,1,Wilkes,2021-12-22
48,16,32,1,Wilkes,2021-12-23
28,15,13,1,Wilkes,2021-12-26
102,32,70,1,Wilkes,2021-12-27
63,41,22,1,Wilkes,2022-01-02
150,71,79,1,Wilkes,2022-01-04
93,32,61,1,Wilkes,2022-01-08
63,35,28,1,Wilkes,2022-01-09
214,79,135,1,Wilkes,2022-01-11
51,7,44,1,Wilkes,2022-01-17
182,62,120,1,Wilkes,2022-01-21
92,30,62,1,Wilkes,2022-01-22
130,30,100,1,Wilkes,2022-01-26
111,54,57,1,Wilkes,2022-01-28
48,19,29,1,Wilkes,2022-01-29
121,43,78,1,Wilkes,2022-01-31
110,42,68,1,Wilkes,2022-02-01
30,22,8,1,Wilkes,2022-02-06
99,69,30,1,Wilkes,2022-02-08
65,24,41,1,Wilkes,2022-02-09
20,5,15,1,Wilkes,2022-02-12
28,9,19,1,Wilkes,2022-02-28
10,1,9,1,Wilkes,2022-03-07
2,0,2,1,Wilkes,2022-03-15
2,1,1,1,Wilkes,2022-03-16
0,0,0,1,Wilkes,2022-04-15
5,2,3,1,Wilson,2021-10-31
13,4,9,1,Wilson,2021-11-12
12,1,11,1,Wilson,2021-11-16
14,7,7,1,Wilson,2021-11-17
17,6,11,1,Wilson,2021-11-19
19,3,16,1,Wilson,2021-12-01
18,7,11,1,Wilson,2021-12-06
38,8,30,1,Wilson,2021-12-22
29,10,19,1,Wilson,2021-12-23
249,46,203,1,Wilson,2021-12-30
46,18,28,1,Wilson,2022-01-01
66,20,46,1,Wilson,2022-01-02
93,37,56,1,Wilson,2022-01-09
340,72,268,1,Wilson,2022-01-12
300,65,235,1,Wilson,2022-01-13
278,59,219,1,Wilson,2022-01-14
80,18,62,1,Wilson,2022-01-15
60,19,41,1,Wilson,2022-01-23
114,25,89,1,Wilson,2022-01-27
16,6,10,1,Wilson,2022-02-05
20,3,17,1,Wilson,2022-02-06
43,18,25,1,Wilson,2022-02-07
16,1,15,1,Wilson,2022-02-11
26,6,20,1,Wilson,2022-02-14
30,5,25,1,Wilson,2022-02-15
12,2,10,1,Wilson,2022-02-18
10,1,9,1,Wilson,2022-02-19
9,6,3,1,Wilson,2022-02-24
7,0,7,1,Wilson,2022-02-25
3,0,3,1,Wilson,2022-02-26
5,2,3,1,Wilson,2022-03-04
6,4,2,1,Wilson,2022-03-07
1,1,0,1,Wilson,2022-03-13
3,1,2,1,Wilson,2022-03-19
6,1,5,1,Yadkin,2021-10-29
6,2,4,1,Yadkin,2021-11-11
36,12,24,1,Yadkin,2021-12-09
14,5,9,1,Yadkin,2021-12-11
45,17,28,1,Yadkin,2021-12-20
45,13,32,1,Yadkin,2021-12-23
34,17,17,1,Yadkin,2021-12-26
99,36,63,1,Yadkin,2021-12-27
113,33,80,1,Yadkin,2021-12-30
46,17,29,1,Yadkin,2022-01-23
59,16,43,1,Yadkin,2022-01-27
42,9,33,1,Yadkin,2022-01-28
47,9,38,1,Yadkin,2022-01-31
20,1,19,1,Yadkin,2022-02-15
11,2,9,1,Yadkin,2022-02-21
3,0,3,1,Yadkin,2022-03-08
1,1,0,1,Yadkin,2022-03-14
2,1,1,1,Yadkin,2022-03-16
2,0,2,1,Yadkin,2022-03-22
3,0,3,1,Yadkin,2022-04-01
4,2,2,1,Yancey,2021-11-21
19,8,11,1,Yancey,2021-11-29
8,5,3,1,Yancey,2021-11-30
19,14,5,1,Yancey,2021-12-22
12,10,2,1,Yancey,2021-12-24
12,8,4,1,Yancey,2021-12-31
16,7,9,1,Yancey,2022-01-01
34,20,14,1,Yancey,2022-01-04
4,2,2,1,Yancey,2022-01-09
86,33,53,1,Yancey,2022-01-10
7,6,1,1,Yancey,2022-01-16
50,34,16,1,Yancey,2022-01-18
89,21,68,1,Yancey,2022-01-19
44,12,32,1,Yancey,2022-01-21
73,22,51,1,Yancey,2022-01-24
26,11,15,1,Yancey,2022-01-27
47,2,45,2,Alamance,2021-11-17
60,8,52,2,Alamance,2021-11-18
669,73,596,2,Alamance,2022-01-06
630,80,550,2,Alamance,2022-01-07
856,88,768,2,Alamance,2022-01-10
29,3,26,2,Alamance,2022-01-16
269,34,235,2,Alamance,2022-01-21
319,31,288,2,Alamance,2022-01-26
86,9,77,2,Alamance,2022-01-29
166,28,138,2,Alamance,2022-02-01
88,10,78,2,Alamance,2022-02-10
82,9,73,2,Alamance,2022-02-11
32,9,23,2,Alamance,2022-02-13
36,5,31,2,Alamance,2022-02-19
111,24,87,2,Alexander,2022-01-24
5,1,4,2,Alexander,2022-02-26
117,42,75,2,Beaufort,2022-01-17
46,2,44,2,Bertie,2022-01-07
10,0,10,2,Bertie,2022-01-29
197,47,150,2,Bladen,2022-01-18
73,22,51,2,Bladen,2022-01-26
15,3,12,2,Bladen,2022-02-17
25,7,18,2,Brunswick,2021-10-26
438,61,377,2,Brunswick,2022-01-12
165,24,141,2,Brunswick,2022-01-15
481,77,404,2,Brunswick,2022-01-19
398,65,333,2,Brunswick,2022-01-20
120,17,103,2,Brunswick,2022-01-23
183,23,160,2,Brunswick,2022-02-01
142,15,127,2,Brunswick,2022-02-03
93,15,78,2,Brunswick,2022-02-08
36,4,32,2,Brunswick,2022-02-21
16,3,13,2,Brunswick,2022-03-01
58,27,31,2,Buncombe,2021-10-27
81,21,60,2,Buncombe,2021-11-23
141,27,114,2,Buncombe,2021-12-20
39,7,32,2,Buncombe,2021-12-25
364,73,291,2,Buncombe,2021-12-27
312,71,241,2,Buncombe,2021-12-31
289,47,242,2,Buncombe,2022-01-08
263,60,203,2,Buncombe,2022-01-15
53,7,46,2,Buncombe,2022-01-16
460,114,346,2,Buncombe,2022-01-21
279,76,203,2,Buncombe,2022-01-28
98,21,77,2,Buncombe,2022-01-29
138,25,113,2,Buncombe,2022-01-30
26,8,18,2,Buncombe,2022-03-04
26,4,22,2,Buncombe,2022-03-07
23,8,15,2,Burke,2021-12-14
115,16,99,2,Burke,2021-12-27
127,31,96,2,Burke,2021-12-29
69,7,62,2,Burke,2022-01-02
218,66,152,2,Burke,2022-01-04
332,110,222,2,Burke,2022-01-14
137,35,102,2,Burke,2022-01-28
110,31,79,2,Burke,2022-02-03
32,12,20,2,Burke,2022-02-12
30,11,19,2,Burke,2022-02-17
9,2,7,2,Burke,2022-02-25
42,11,31,2,Cabarrus,2021-10-29
54,19,35,2,Cabarrus,2021-11-02
37,9,28,2,Cabarrus,2021-11-09
95,27,68,2,Cabarrus,2021-12-13
58,6,52,2,Cabarrus,2021-12-25
264,100,164,2,Cabarrus,2022-01-02
646,129,517,2,Cabarrus,2022-01-05
631,175,456,2,Cabarrus,2022-01-06
727,173,554,2,Cabarrus,2022-01-11
611,131,480,2,Cabarrus,2022-01-20
313,73,240,2,Cabarrus,2022-01-27
322,98,224,2,Cabarrus,2022-01-31
237,62,175,2,Cabarrus,2022-02-01
102,30,72,2,Cabarrus,2022-02-10
23,5,18,2,Cabarrus,2022-02-20
15,2,13,2,Cabarrus,2022-02-26
13,4,9,2,Caldwell,2021-11-18
44,9,35,2,Caldwell,2021-12-26
360,77,283,2,Caldwell,2022-01-11
264,54,210,2,Caldwell,2022-01-14
23,3,20,2,Caldwell,2022-01-16
120,18,102,2,Caldwell,2022-01-22
99,24,75,2,Caldwell,2022-01-28
188,36,152,2,Caldwell,2022-01-31
36,3,33,2,Caldwell,2022-02-05
40,3,37,2,Caldwell,2022-02-06
54,12,42,2,Caldwell,2022-02-14
13,3,10,2,Caldwell,2022-02-23
116,44,72,2,Carteret,2022-01-04
195,85,110,2,Carteret,2022-01-13
118,57,61,2,Carteret,2022-01-31
23,8,15,2,Catawba,2021-11-04
38,18,20,2,Catawba,2021-11-19
20,2,18,2,Catawba,2021-11-20
39,10,29,2,Catawba,2021-11-27
50,20,30,2,Catawba,2021-12-10
109,37,72,2,Catawba,2021-12-22
129,27,102,2,Catawba,2021-12-23
185,35,150,2,Catawba,2022-01-02
418,165,253,2,Catawba,2022-01-04
527,199,328,2,Catawba,2022-01-05
683,235,448,2,Catawba,2022-01-13
662,232,430,2,Catawba,2022-01-14
169,53,116,2,Catawba,2022-01-17
609,195,414,2,Catawba,2022-01-18
452,178,274,2,Catawba,2022-01-21
409,156,253,2,Catawba,2022-01-25
352,139,213,2,Catawba,2022-01-26
318,109,209,2,Catawba,2022-01-27
114,48,66,2,Catawba,2022-02-09
45,20,25,2,Catawba,2022-02-12
79,37,42,2,Catawba,2022-02-16
54,13,41,2,Catawba,2022-02-18
23,10,13,2,Catawba,2022-02-19
34,9,25,2,Catawba,2022-02-23
30,16,14,2,Catawba,2022-02-24
11,7,4,2,Catawba,2022-03-08
47,7,40,2,Cherokee,2022-01-05
29,1,28,2,Cherokee,2022-02-04
2,0,2,2,Cherokee,2022-03-04
14,4,10,2,Cleveland,2021-10-26
55,9,46,2,Cleveland,2021-12-20
339,54,285,2,Cleveland,2022-01-14
107,19,88,2,Cleveland,2022-02-07
93,18,75,2,Cleveland,2022-02-08
59,8,51,2,Cleveland,2022-02-09
19,8,11,2,Cleveland,2022-02-22
326,156,170,2,Columbus,2022-01-12
326,116,210,2,Columbus,2022-01-18
187,64,123,2,Columbus,2022-01-20
266,107,159,2,Columbus,2022-01-24
25,16,9,2,Columbus,2022-02-14
520,149,371,2,Craven,2022-01-18
36,3,33,2,Craven,2022-01-22
397,99,298,2,Craven,2022-01-24
146,40,106,2,Craven,2022-02-01
124,23,101,2,Craven,2022-02-02
82,16,66,2,Cumberland,2021-11-01
62,13,49,2,Cumberland,2021-11-16
53,2,51,2,Cumberland,2021-11-18
63,8,55,2,Cumberland,2021-12-04
60,12,48,2,Cumberland,2021-12-05
469,54,415,2,Cumberland,2022-01-15
195,21,174,2,Cumberland,2022-01-16
987,120,867,2,Cumberland,2022-01-17
1387,121,1266,2,Cumberland,2022-01-19
377,51,326,2,Cumberland,2022-02-03
354,46,308,2,Cumberland,2022-02-04
36,8,28,2,Cumberland,2022-02-19
8,1,7,2,Dare,2021-12-04
46,7,39,2,Davidson,2021-11-15
29,2,27,2,Davidson,2021-11-27
53,4,49,2,Davidson,2021-12-05
108,16,92,2,Davidson,2021-12-06
66,6,60,2,Davidson,2021-12-09
54,6,48,2,Davidson,2021-12-24
28,2,26,2,Davidson,2021-12-25
150,17,133,2,Davidson,2022-01-02
481,70,411,2,Davidson,2022-01-05
626,76,550,2,Davidson,2022-01-14
97,16,81,2,Davidson,2022-01-22
341,36,305,2,Davidson,2022-01-25
80,7,73,2,Davidson,2022-01-29
196,14,182,2,Davidson,2022-02-01
145,17,128,2,Davidson,2022-02-04
98,11,87,2,Davidson,2022-02-08
93,14,79,2,Davidson,2022-02-09
34,3,31,2,Davidson,2022-02-12
44,11,33,2,Davidson,2022-02-21
10,2,8,2,Davie,2021-10-29
6,2,4,2,Duplin,2021-11-05
26,3,23,2,Duplin,2022-01-01
170,60,110,2,Duplin,2022-01-25
99,52,47,2,Duplin,2022-01-28
9,2,7,2,Duplin,2022-02-05
40,13,27,2,Duplin,2022-02-08
22,8,14,2,Duplin,2022-02-15
22,2,20,2,Durham,2021-11-20
325,20,305,2,Durham,2022-01-21
431,10,421,2,Durham,2022-01-23
337,30,307,2,Durham,2022-01-28
61,5,56,2,Durham,2022-02-13
66,6,60,2,Durham,2022-04-05
43,1,42,2,Edgecombe,2022-01-28
4,1,3,2,Edgecombe,2022-02-06
70,9,61,2,Forsyth,2021-11-09
119,10,109,2,Forsyth,2021-11-15
29,2,27,2,Forsyth,2021-11-25
144,25,119,2,Forsyth,2021-12-02
78,11,67,2,Forsyth,2021-12-05
261,30,231,2,Forsyth,2021-12-21
332,46,286,2,Forsyth,2021-12-23
1036,101,935,2,Forsyth,2022-01-03
427,34,393,2,Forsyth,2022-01-09
1641,163,1478,2,Forsyth,2022-01-10
1500,127,1373,2,Forsyth,2022-01-11
271,55,216,2,Forsyth,2022-01-17
1145,122,1023,2,Forsyth,2022-01-20
343,22,321,2,Forsyth,2022-01-22
291,25,266,2,Forsyth,2022-01-23
696,74,622,2,Forsyth,2022-01-26
189,19,170,2,Forsyth,2022-01-29
287,34,253,2,Forsyth,2022-02-03
146,13,133,2,Forsyth,2022-02-05
157,25,132,2,Forsyth,2022-02-14
122,24,98,2,Forsyth,2022-02-15
24,1,23,2,Forsyth,2022-02-26
36,5,31,2,Forsyth,2022-03-03
41,11,30,2,Gaston,2021-11-02
57,16,41,2,Gaston,2021-12-04
89,17,72,2,Gaston,2021-12-10
121,25,96,2,Gaston,2021-12-15
113,24,89,2,Gaston,2021-12-16
87,27,60,2,Gaston,2021-12-24
584,95,489,2,Gaston,2021-12-30
741,96,645,2,Gaston,2022-01-04
914,151,763,2,Gaston,2022-01-10
839,157,682,2,Gaston,2022-01-11
58,10,48,2,Gaston,2022-01-16
525,103,422,2,Gaston,2022-01-21
201,44,157,2,Gaston,2022-01-23
534,116,418,2,Gaston,2022-01-25
154,31,123,2,Gaston,2022-01-30
92,19,73,2,Gaston,2022-02-06
187,40,147,2,Gaston,2022-02-08
168,39,129,2,Gaston,2022-02-09
51,9,42,2,Gaston,2022-02-13
116,38,78,2,Gaston,2022-02-14
18,7,11,2,Gaston,2022-03-01
21,5,16,2,Gaston,2022-03-02
5,0,5,2,Granville,2021-10-30
71,6,65,2,Guilford,2021-10-29
123,23,100,2,Guilford,2021-11-01
70,9,61,2,Guilford,2021-11-05
99,16,83,2,Guilford,2021-11-08
83,12,71,2,Guilford,2021-11-10
103,24,79,2,Guilford,2021-11-16
79,11,68,2,Guilford,2021-11-27
168,31,137,2,Guilford,2021-12-02
411,62,349,2,Guilford,2021-12-22
198,43,155,2,Guilford,2021-12-24
394,41,353,2,Guilford,2021-12-26
1249,205,1044,2,Guilford,2021-12-29
1172,160,1012,2,Guilford,2022-01-03
390,107,283,2,Guilford,2022-01-17
211,33,178,2,Guilford,2022-01-29
279,47,232,2,Guilford,2022-02-07
163,37,126,2,Guilford,2022-02-14
185,36,149,2,Guilford,2022-02-15
99,26,73,2,Guilford,2022-02-22
47,10,37,2,Guilford,2022-02-25
15,3,12,2,Guilford,2022-03-06
22,5,17,2,Guilford,2022-03-09
22,2,20,2,Guilford,2022-03-15
44,10,34,2,Guilford,2022-04-09
3,0,3,2,Halifax,2021-10-30
272,49,223,2,Halifax,2022-01-05
202,29,173,2,Halifax,2022-01-14
172,34,138,2,Halifax,2022-01-24
34,8,26,2,Halifax,2022-02-03
29,10,19,2,Halifax,2022-02-04
4,0,4,2,Halifax,2022-02-19
8,0,8,2,Halifax,2022-02-22
1,0,1,2,Halifax,2022-03-13
10,4,6,2,Harnett,2021-10-30
16,2,14,2,Harnett,2021-12-04
50,15,35,2,Harnett,2021-12-15
238,39,199,2,Harnett,2022-01-15
381,96,285,2,Harnett,2022-01-17
497,107,390,2,Harnett,2022-01-24
391,119,272,2,Harnett,2022-01-25
268,54,214,2,Harnett,2022-01-26
178,54,124,2,Harnett,2022-02-01
9,3,6,2,Harnett,2022-04-23
63,19,44,2,Haywood,2021-12-27
27,10,17,2,Haywood,2022-02-11
33,13,20,2,Henderson,2021-12-05
137,18,119,2,Henderson,2021-12-28
184,71,113,2,Henderson,2022-01-03
188,35,153,2,Henderson,2022-01-07
277,82,195,2,Henderson,2022-01-13
92,37,55,2,Henderson,2022-01-23
147,54,93,2,Henderson,2022-01-26
156,50,106,2,Henderson,2022-01-27
123,40,83,2,Henderson,2022-02-02
22,10,12,2,Henderson,2022-02-13
0,0,0,2,Hertford,2021-10-31
127,20,107,2,Hertford,2022-01-05
12,4,8,2,Hoke,2021-11-04
50,11,39,2,Hoke,2022-02-03
38,10,28,2,Iredell,2021-11-27
62,19,43,2,Iredell,2021-12-18
64,22,42,2,Iredell,2021-12-19
152,52,100,2,Iredell,2021-12-22
319,108,211,2,Iredell,2021-12-27
192,96,96,2,Iredell,2022-01-02
454,190,264,2,Iredell,2022-01-03
480,169,311,2,Iredell,2022-01-06
374,99,275,2,Iredell,2022-01-07
473,104,369,2,Iredell,2022-01-14
567,220,347,2,Iredell,2022-01-18
503,159,344,2,Iredell,2022-01-20
175,56,119,2,Iredell,2022-01-22
202,100,102,2,Iredell,2022-01-23
380,151,229,2,Iredell,2022-01-25
91,21,70,2,Iredell,2022-01-29
334,102,232,2,Iredell,2022-01-31
106,45,61,2,Iredell,2022-02-09
80,30,50,2,Iredell,2022-02-14
47,11,36,2,Iredell,2022-02-17
43,14,29,2,Iredell,2022-02-18
11,4,7,2,Johnston,2021-10-31
42,12,30,2,Johnston,2021-11-03
96,27,69,2,Johnston,2021-12-07
204,26,178,2,Johnston,2022-01-02
856,130,726,2,Johnston,2022-01-03
965,159,806,2,Johnston,2022-01-14
409,59,350,2,Johnston,2022-01-27
330,78,252,2,Johnston,2022-01-28
109,26,83,2,Johnston,2022-02-10
99,24,75,2,Johnston,2022-02-11
41,13,28,2,Johnston,2022-02-13
88,19,69,2,Johnston,2022-02-15
16,3,13,2,Johnston,2022-02-26
5,3,2,2,Johnston,2022-03-27
20,0,20,2,Lee,2021-12-14
7,1,6,2,Lee,2021-12-25
25,5,20,2,Lenoir,2021-12-22
105,28,77,2,Lenoir,2022-01-27
100,17,83,2,Lenoir,2022-01-28
32,12,20,2,Lenoir,2022-02-08
4,0,4,2,Lenoir,2022-03-01
45,19,26,2,Lincoln,2021-12-13
185,61,124,2,Lincoln,2022-01-21
147,48,99,2,Lincoln,2022-01-27
77,22,55,2,Lincoln,2022-02-07
11,3,8,2,Macon,2021-11-01
12,4,8,2,Macon,2021-11-04
9,1,8,2,Macon,2021-11-30
10,1,9,2,Macon,2021-12-16
16,2,14,2,Macon,2022-02-10
18,0,18,2,Martin,2022-02-03
91,28,63,2,McDowell,2022-02-07
60,14,46,2,McDowell,2022-02-08
60,21,39,2,McDowell,2022-02-10
194,30,164,2,Mecklenburg,2021-10-26
176,25,151,2,Mecklenburg,2021-10-29
193,34,159,2,Mecklenburg,2021-11-02
130,19,111,2,Mecklenburg,2021-11-21
173,17,156,2,Mecklenburg,2021-11-28
364,57,307,2,Mecklenburg,2021-12-02
318,59,259,2,Mecklenburg,2021-12-03
181,29,152,2,Mecklenburg,2021-12-12
459,92,367,2,Mecklenburg,2021-12-14
530,72,458,2,Mecklenburg,2021-12-16
626,61,565,2,Mecklenburg,2021-12-17
502,49,453,2,Mecklenburg,2021-12-19
1223,106,1117,2,Mecklenburg,2021-12-20
1420,166,1254,2,Mecklenburg,2021-12-21
367,25,342,2,Mecklenburg,2021-12-25
2942,358,2584,2,Mecklenburg,2021-12-27
2136,433,1703,2,Mecklenburg,2021-12-31
3651,649,3002,2,Mecklenburg,2022-01-03
4378,635,3743,2,Mecklenburg,2022-01-05
1724,325,1399,2,Mecklenburg,2022-01-08
1334,154,1180,2,Mecklenburg,2022-01-27
940,138,802,2,Mecklenburg,2022-02-01
909,129,780,2,Mecklenburg,2022-02-02
193,24,169,2,Mecklenburg,2022-02-12
221,37,184,2,Mecklenburg,2022-02-18
137,28,109,2,Mecklenburg,2022-02-25
203,23,180,2,Moore,2022-01-09
457,53,404,2,Moore,2022-01-11
423,62,361,2,Moore,2022-01-19
309,52,257,2,Moore,2022-01-20
26,5,21,2,Moore,2022-01-30
105,18,87,2,Moore,2022-02-02
54,6,48,2,Moore,2022-02-08
52,14,38,2,Moore,2022-02-09
48,8,40,2,Moore,2022-02-10
51,15,36,2,Moore,2022-02-11
3,1,2,2,Moore,2022-03-09
46,4,42,2,Nash,2021-12-15
19,1,18,2,Nash,2021-12-19
463,31,432,2,Nash,2022-01-03
609,53,556,2,Nash,2022-01-10
94,7,87,2,Nash,2022-01-15
43,2,41,2,Nash,2022-01-16
402,27,375,2,Nash,2022-01-19
286,34,252,2,Nash,2022-01-24
82,11,71,2,Nash,2022-02-02
1,0,1,2,Nash,2022-03-06
19,8,11,2,New Hanover,2021-11-08
257,84,173,2,New Hanover,2021-12-31
89,24,65,2,New Hanover,2022-01-01
690,133,557,2,New Hanover,2022-01-12
872,297,575,2,New Hanover,2022-01-18
300,62,238,2,New Hanover,2022-01-28
113,23,90,2,New Hanover,2022-01-29
250,47,203,2,New Hanover,2022-02-01
196,53,143,2,New Hanover,2022-02-03
134,33,101,2,New Hanover,2022-02-08
90,28,62,2,New Hanover,2022-02-14
66,17,49,2,New Hanover,2022-02-16
20,9,11,2,New Hanover,2022-02-19
53,12,41,2,New Hanover,2022-02-21
20,3,17,2,New Hanover,2022-02-25
10,2,8,2,New Hanover,2022-02-27
21,5,16,2,Onslow,2021-11-04
24,4,20,2,Onslow,2021-11-08
42,1,41,2,Onslow,2021-12-03
116,10,106,2,Onslow,2021-12-20
573,79,494,2,Onslow,2022-01-07
548,108,440,2,Onslow,2022-01-14
310,9,301,2,Onslow,2022-01-15
758,109,649,2,Onslow,2022-01-20
789,87,702,2,Onslow,2022-01-24
246,34,212,2,Onslow,2022-02-02
46,1,45,2,Onslow,2022-02-05
67,2,65,2,Onslow,2022-02-06
96,13,83,2,Onslow,2022-02-09
148,17,131,2,Onslow,2022-02-10
74,6,68,2,Onslow,2022-02-11
37,4,33,2,Onslow,2022-02-12
32,4,28,2,Onslow,2022-02-13
39,5,34,2,Onslow,2022-02-18
54,5,49,2,Onslow,2022-02-22
7,0,7,2,Onslow,2022-02-26
10,4,6,2,Onslow,2022-03-02
55,5,50,2,Pender,2022-02-04
24,4,20,2,Pender,2022-02-11
73,3,70,2,Person,2022-01-25
30,2,28,2,Pitt,2021-11-16
18,0,18,2,Pitt,2022-02-20
11,3,8,2,Randolph,2021-10-31
77,27,50,2,Randolph,2021-12-14
265,80,185,2,Randolph,2021-12-28
111,47,64,2,Randolph,2022-01-02
392,107,285,2,Randolph,2022-01-20
396,98,298,2,Randolph,2022-01-24
271,69,202,2,Randolph,2022-01-26
85,31,54,2,Randolph,2022-01-30
242,83,159,2,Randolph,2022-01-31
155,39,116,2,Randolph,2022-02-01
83,32,51,2,Randolph,2022-02-04
43,15,28,2,Randolph,2022-02-05
45,7,38,2,Randolph,2022-02-06
80,27,53,2,Randolph,2022-02-09
50,12,38,2,Randolph,2022-02-14
31,7,24,2,Randolph,2022-02-18
3,1,2,2,Randolph,2022-04-08
3,2,1,2,Richmond,2021-10-30
122,10,112,2,Richmond,2022-01-03
9,2,7,2,Richmond,2022-01-22
14,3,11,2,Richmond,2022-01-29
5,1,4,2,Richmond,2022-02-06
53,22,31,2,Richmond,2022-02-07
55,8,47,2,Robeson,2021-12-10
83,58,25,2,Robeson,2022-01-16
88,32,56,2,Robeson,2022-01-21
111,50,61,2,Robeson,2022-02-07
8,3,5,2,Robeson,2022-02-19
3,0,3,2,Robeson,2022-03-13
9,1,8,2,Rockingham,2021-11-21
43,11,32,2,Rockingham,2021-12-13
11,0,11,2,Rockingham,2021-12-25
200,38,162,2,Rockingham,2021-12-29
208,21,187,2,Rockingham,2022-01-21
38,1,37,2,Rockingham,2022-01-29
62,5,57,2,Rockingham,2022-02-04
14,2,12,2,Rockingham,2022-02-13
36,8,28,2,Rowan,2021-11-02
37,11,26,2,Rowan,2021-11-15
36,2,34,2,Rowan,2021-11-19
49,2,47,2,Rowan,2021-11-22
70,7,63,2,Rowan,2021-12-08
49,8,41,2,Rowan,2021-12-09
64,9,55,2,Rowan,2021-12-13
65,4,61,2,Rowan,2021-12-15
52,6,46,2,Rowan,2021-12-17
256,38,218,2,Rowan,2022-01-21
84,22,62,2,Rowan,2022-01-22
475,88,387,2,Rowan,2022-01-24
104,9,95,2,Rowan,2022-02-04
34,4,30,2,Rowan,2022-02-21
15,4,11,2,Rutherford,2021-10-26
13,5,8,2,Rutherford,2021-10-27
12,5,7,2,Rutherford,2021-12-17
23,3,20,2,Rutherford,2021-12-21
37,13,24,2,Rutherford,2022-01-01
198,121,77,2,Rutherford,2022-01-25
89,37,52,2,Rutherford,2022-02-01
73,14,59,2,Rutherford,2022-02-03
46,15,31,2,Rutherford,2022-02-09
9,2,7,2,Rutherford,2022-02-13
4,1,3,2,Rutherford,2022-03-02
156,55,101,2,Sampson,2022-01-26
7,3,4,2,Sampson,2022-02-06
34,10,24,2,Sampson,2022-02-08
18,7,11,2,Sampson,2022-02-23
33,8,25,2,Scotland,2022-02-01
213,85,128,2,Stanly,2022-01-03
357,65,292,2,Stanly,2022-01-12
311,67,244,2,Stanly,2022-01-13
266,40,226,2,Stanly,2022-01-14
61,29,32,2,Stanly,2022-01-23
111,16,95,2,Stanly,2022-01-31
52,3,49,2,Stanly,2022-02-04
25,3,22,2,Stokes,2021-12-09
131,19,112,2,Stokes,2022-01-18
106,18,88,2,Stokes,2022-01-25
19,5,14,2,Stokes,2022-01-29
27,2,25,2,Stokes,2022-02-10
3,0,3,2,Stokes,2022-03-05
13,5,8,2,Surry,2021-11-21
47,25,22,2,Surry,2021-12-02
15,8,7,2,Surry,2021-12-12
78,33,45,2,Surry,2022-01-02
346,121,225,2,Surry,2022-01-10
56,17,39,2,Surry,2022-01-29
39,15,24,2,Surry,2022-02-06
75,25,50,2,Surry,2022-02-08
22,7,15,2,Surry,2022-02-22
7,2,5,2,Surry,2022-03-03
4,0,4,2,Swain,2021-12-21
10,3,7,2,Swain,2022-02-09
25,4,21,2,Transylvania,2022-02-04
45,14,31,2,Union,2021-10-28
40,13,27,2,Union,2021-10-29
13,2,11,2,Union,2021-10-30
43,13,30,2,Union,2021-11-03
47,10,37,2,Union,2021-11-05
71,18,53,2,Union,2021-11-12
84,17,67,2,Union,2021-12-03
86,23,63,2,Union,2021-12-09
188,27,161,2,Union,2021-12-22
523,109,414,2,Union,2021-12-28
573,153,420,2,Union,2022-01-03
768,172,596,2,Union,2022-01-04
862,159,703,2,Union,2022-01-11
889,174,715,2,Union,2022-01-12
568,107,461,2,Union,2022-01-21
213,38,175,2,Union,2022-01-22
180,45,135,2,Union,2022-02-02
170,44,126,2,Union,2022-02-07
99,29,70,2,Union,2022-02-09
88,17,71,2,Union,2022-02-14
53,15,38,2,Union,2022-02-18
41,11,30,2,Union,2022-02-21
213,19,194,2,Wake,2021-11-01
142,17,125,2,Wake,2021-11-04
170,16,154,2,Wake,2021-11-05
192,14,178,2,Wake,2021-11-19
170,12,158,2,Wake,2021-11-20
437,42,395,2,Wake,2021-12-15
259,47,212,2,Wake,2021-12-19
789,52,737,2,Wake,2021-12-20
4897,240,4657,2,Wake,2022-01-14
2811,142,2669,2,Wake,2022-01-15
6154,399,5755,2,Wake,2022-01-18
5329,292,5037,2,Wake,2022-01-19
462,25,437,2,Wake,2022-01-22
1076,128,948,2,Wake,2022-01-23
2542,162,2380,2,Wake,2022-01-26
1100,97,1003,2,Wake,2022-02-03
571,52,519,2,Wake,2022-02-11
394,49,345,2,Wake,2022-02-17
377,41,336,2,Wake,2022-02-18
241,21,220,2,Wake,2022-02-19
384,40,344,2,Wake,2022-02-21
297,31,266,2,Wake,2022-02-22
272,27,245,2,Wake,2022-02-23
124,12,112,2,Wake,2022-03-03
129,8,121,2,Wake,2022-03-07
96,7,89,2,Wake,2022-03-09
121,12,109,2,Wake,2022-03-21
24,5,19,2,Watauga,2021-12-23
23,7,16,2,Wayne,2021-11-26
46,26,20,2,Wayne,2021-12-22
655,341,314,2,Wayne,2022-01-11
156,36,120,2,Wayne,2022-01-21
166,61,105,2,Wayne,2022-01-28
99,61,38,2,Wayne,2022-02-07
8,3,5,2,Wilkes,2021-11-05
10,5,5,2,Wilkes,2021-11-14
20,5,15,2,Wilkes,2021-11-22
27,19,8,2,Wilkes,2021-12-16
26,3,23,2,Wilkes,2022-01-16
203,44,159,2,Wilkes,2022-01-24
109,38,71,2,Wilkes,2022-01-27
52,32,20,2,Wilkes,2022-01-30
77,31,46,2,Wilkes,2022-02-04
59,19,40,2,Wilkes,2022-02-07
45,22,23,2,Wilkes,2022-02-11
30,11,19,2,Wilkes,2022-02-17
14,6,8,2,Wilson,2021-11-10
427,91,336,2,Wilson,2022-01-10
332,70,262,2,Wilson,2022-01-18
190,41,149,2,Wilson,2022-01-25
79,22,57,2,Wilson,2022-01-28
95,27,68,2,Wilson,2022-01-31
61,5,56,2,Wilson,2022-02-03
28,7,21,2,Wilson,2022-02-10
38,10,28,2,Yadkin,2021-12-01
29,7,22,2,Yadkin,2021-12-08
15,7,8,2,Yadkin,2021-12-19
21,4,17,2,Yadkin,2021-12-25
95,16,79,2,Yadkin,2022-01-05
69,12,57,2,Yadkin,2022-01-08
49,11,38,2,Yadkin,2022-02-02
2,1,1,2,Yadkin,2022-02-27
641,62,579,3,Alamance,2022-01-13
557,77,480,3,Alamance,2022-01-18
555,44,511,3,Alamance,2022-01-19
275,28,247,3,Alamance,2022-01-27
207,15,192,3,Alamance,2022-01-28
239,27,212,3,Alamance,2022-01-31
141,12,129,3,Alamance,2022-02-02
11,4,7,3,Bladen,2022-02-10
300,68,232,3,Brunswick,2022-01-25
88,6,82,3,Brunswick,2022-01-29
87,20,67,3,Brunswick,2022-01-30
28,5,23,3,Brunswick,2022-02-19
740,212,528,3,Buncombe,2022-01-13
697,213,484,3,Buncombe,2022-01-20
449,142,307,3,Buncombe,2022-01-25
426,117,309,3,Buncombe,2022-01-26
367,138,229,3,Buncombe,2022-01-31
237,88,149,3,Buncombe,2022-02-04
217,97,120,3,Buncombe,2022-02-07
209,77,132,3,Buncombe,2022-02-08
177,77,100,3,Buncombe,2022-02-14
41,14,27,3,Buncombe,2022-02-20
292,93,199,3,Burke,2022-01-24
138,50,88,3,Burke,2022-02-07
96,30,66,3,Burke,2022-02-08
51,1,50,3,Cabarrus,2021-12-12
59,7,52,3,Cabarrus,2021-12-18
199,34,165,3,Cabarrus,2021-12-22
209,52,157,3,Cabarrus,2021-12-23
679,128,551,3,Cabarrus,2022-01-12
235,70,165,3,Cabarrus,2022-02-02
182,39,143,3,Cabarrus,2022-02-03
46,14,32,3,Cabarrus,2022-02-13
14,3,11,3,Cabarrus,2022-03-02
135,23,112,3,Caldwell,2022-01-15
184,38,146,3,Caldwell,2022-01-27
138,28,110,3,Caldwell,2022-02-01
81,22,59,3,Caldwell,2022-02-07
45,8,37,3,Caldwell,2022-02-11
59,22,37,3,Catawba,2021-12-03
97,24,73,3,Catawba,2021-12-21
225,61,164,3,Catawba,2022-01-08
179,54,125,3,Catawba,2022-01-23
69,24,45,3,Catawba,2022-02-05
113,41,72,3,Catawba,2022-02-10
21,10,11,3,Catawba,2022-03-09
324,44,280,3,Cleveland,2022-01-20
123,52,71,3,Columbus,2022-01-26
45,18,27,3,Columbus,2022-02-03
243,40,203,3,Cumberland,2022-01-23
682,67,615,3,Cumberland,2022-01-27
432,57,375,3,Cumberland,2022-02-02
94,12,82,3,Davidson,2021-12-22
351,146,205,3,Duplin,2022-01-19
566,33,533,3,Durham,2022-01-09
616,27,589,3,Durham,2022-01-25
58,10,48,3,Forsyth,2021-10-28
68,6,62,3,Forsyth,2021-11-28
161,20,141,3,Forsyth,2021-12-13
177,25,152,3,Forsyth,2021-12-16
95,3,92,3,Forsyth,2021-12-18
97,14,83,3,Forsyth,2021-12-19
725,94,631,3,Forsyth,2021-12-27
1020,109,911,3,Forsyth,2022-01-07
1413,150,1263,3,Forsyth,2022-01-13
75,10,65,3,Forsyth,2022-01-16
1004,137,867,3,Forsyth,2022-01-18
788,90,698,3,Forsyth,2022-01-25
541,64,477,3,Forsyth,2022-01-27
286,33,253,3,Forsyth,2022-02-04
166,30,136,3,Forsyth,2022-02-10
131,18,113,3,Forsyth,2022-02-11
100,21,79,3,Forsyth,2022-02-18
32,1,31,3,Forsyth,2022-02-20
93,12,81,3,Forsyth,2022-02-22
21,3,18,3,Forsyth,2022-03-10
615,97,518,3,Gaston,2022-01-03
748,85,663,3,Gaston,2022-01-05
260,46,214,3,Gaston,2022-01-09
285,63,222,3,Gaston,2022-01-17
866,129,737,3,Gaston,2022-01-19
387,57,330,3,Gaston,2022-01-27
324,63,261,3,Gaston,2022-01-28
168,46,122,3,Gaston,2022-02-04
242,73,169,3,Gaston,2022-02-07
129,32,97,3,Gaston,2022-02-10
64,11,53,3,Gaston,2022-02-16
34,12,22,3,Gaston,2022-02-19
30,7,23,3,Gaston,2022-02-20
46,8,38,3,Gaston,2022-02-23
93,14,79,3,Guilford,2021-10-28
90,14,76,3,Guilford,2021-11-04
127,15,112,3,Guilford,2021-11-23
324,54,270,3,Guilford,2021-12-21
776,75,701,3,Guilford,2022-01-09
1582,248,1334,3,Guilford,2022-01-14
325,29,296,3,Guilford,2022-01-22
898,85,813,3,Guilford,2022-01-25
437,63,374,3,Guilford,2022-02-01
110,20,90,3,Guilford,2022-02-06
209,48,161,3,Guilford,2022-02-10
167,39,128,3,Guilford,2022-02-11
148,34,114,3,Guilford,2022-02-16
98,22,76,3,Guilford,2022-02-18
26,8,18,3,Guilford,2022-02-26
44,7,37,3,Guilford,2022-03-02
41,7,34,3,Guilford,2022-03-04
22,2,20,3,Guilford,2022-03-05
15,4,11,3,Halifax,2022-01-30
69,12,57,3,Harnett,2022-02-10
23,6,17,3,Harnett,2022-02-13
186,63,123,3,Haywood,2022-01-10
148,53,95,3,Haywood,2022-01-24
70,28,42,3,Henderson,2022-01-15
104,53,51,3,Henderson,2022-01-17
263,118,145,3,Henderson,2022-01-20
100,32,68,3,Henderson,2022-02-03
55,16,39,3,Iredell,2021-10-27
104,24,80,3,Iredell,2021-12-17
111,47,64,3,Iredell,2021-12-26
599,109,490,3,Johnston,2022-01-25
104,21,83,3,Johnston,2022-01-29
125,27,98,3,Johnston,2022-01-30
188,44,144,3,Johnston,2022-02-04
143,32,111,3,Johnston,2022-02-08
34,7,27,3,Lee,2022-02-08
336,83,253,3,Lincoln,2022-01-19
12,0,12,3,Madison,2022-01-09
37,11,26,3,McDowell,2022-02-11
204,42,162,3,Mecklenburg,2021-10-27
157,29,128,3,Mecklenburg,2021-11-11
349,63,286,3,Mecklenburg,2021-12-09
1650,196,1454,3,Mecklenburg,2021-12-22
1886,191,1695,3,Mecklenburg,2021-12-23
1141,159,982,3,Mecklenburg,2021-12-24
1159,142,1017,3,Mecklenburg,2021-12-26
3474,572,2902,3,Mecklenburg,2022-01-07
4520,715,3805,3,Mecklenburg,2022-01-10
3053,362,2691,3,Mecklenburg,2022-01-14
1754,310,1444,3,Mecklenburg,2022-01-21
354,45,309,3,Mecklenburg,2022-02-05
341,48,293,3,Mecklenburg,2022-02-06
457,82,375,3,Mecklenburg,2022-02-10
178,31,147,3,Mecklenburg,2022-02-13
299,43,256,3,Mecklenburg,2022-02-16
161,30,131,3,Mecklenburg,2022-02-23
182,34,148,3,Moore,2022-01-26
19,4,15,3,Moore,2022-02-06
35,4,31,3,Nash,2021-12-08
166,27,139,3,Nash,2022-01-31
743,132,611,3,New Hanover,2022-01-11
511,129,382,3,New Hanover,2022-01-25
360,77,283,3,New Hanover,2022-01-27
41,15,26,3,New Hanover,2022-02-12
49,12,37,3,Northampton,2022-01-24
28,10,18,3,Onslow,2021-10-29
1044,137,907,3,Onslow,2022-01-10
274,22,252,3,Onslow,2022-01-23
516,89,427,3,Onslow,2022-01-25
305,39,266,3,Onslow,2022-01-27
199,37,162,3,Onslow,2022-02-03
159,22,137,3,Onslow,2022-02-04
59,6,53,3,Onslow,2022-02-16
7,2,5,3,Onslow,2022-03-10
11,2,9,3,Pitt,2022-02-19
25,4,21,3,Randolph,2022-01-16
280,81,199,3,Randolph,2022-01-25
32,9,23,3,Robeson,2021-10-26
29,9,20,3,Robeson,2021-11-23
195,61,134,3,Robeson,2022-01-27
52,21,31,3,Robeson,2022-01-29
56,24,32,3,Robeson,2022-01-30
10,3,7,3,Robeson,2022-03-01
400,43,357,3,Rowan,2022-01-04
608,96,512,3,Rowan,2022-01-11
279,43,236,3,Rowan,2022-01-26
82,9,73,3,Rowan,2022-02-10
68,4,64,3,Rowan,2022-02-11
115,42,73,3,Rutherford,2022-01-31
55,12,43,3,Rutherford,2022-02-04
13,2,11,3,Stanly,2021-11-28
79,18,61,3,Stokes,2022-01-06
10,2,8,3,Stokes,2022-01-16
14,2,12,3,Stokes,2022-02-18
14,10,4,3,Surry,2022-01-16
62,34,28,3,Surry,2022-01-23
63,25,38,3,Surry,2022-02-04
30,12,18,3,Surry,2022-02-15
30,5,25,3,Union,2021-11-07
108,20,88,3,Union,2021-11-30
89,16,73,3,Union,2021-12-14
497,93,404,3,Union,2022-01-17
667,121,546,3,Union,2022-01-24
127,33,94,3,Union,2022-01-29
107,22,85,3,Union,2022-02-11
58,17,41,3,Union,2022-02-12
6663,304,6359,3,Wake,2022-01-04
3209,115,3094,3,Wake,2022-01-08
5929,295,5634,3,Wake,2022-01-12
416,41,375,3,Wake,2022-01-16
3183,281,2902,3,Wake,2022-01-17
4132,230,3902,3,Wake,2022-01-20
1342,94,1248,3,Wake,2022-02-02
619,62,557,3,Wake,2022-02-10
311,133,178,3,Wayne,2022-01-25
83,36,47,3,Wayne,2022-02-10
183,79,104,3,Wilkes,2022-01-18
80,29,51,3,Wilkes,2022-02-03
13,2,11,3,Wilson,2022-02-13
65,10,55,4,Alamance,2022-02-06
86,27,59,4,Buncombe,2022-02-13
96,24,72,4,Buncombe,2022-02-16
75,15,60,4,Cabarrus,2022-02-15
286,115,171,4,Catawba,2022-01-28
197,76,121,4,Catawba,2022-02-02
149,74,75,4,Catawba,2022-02-08
7,2,5,4,Catawba,2022-03-17
109,21,88,4,Cleveland,2022-02-03
864,121,743,4,Forsyth,2021-12-30
717,60,657,4,Forsyth,2022-01-15
1231,123,1108,4,Forsyth,2022-01-19
203,26,177,4,Forsyth,2022-01-30
551,88,463,4,Forsyth,2022-01-31
64,8,56,4,Forsyth,2022-02-12
34,5,29,4,Forsyth,2022-03-01
168,30,138,4,Gaston,2022-01-29
310,69,241,4,Gaston,2022-02-01
493,94,399,4,Guilford,2022-01-02
1472,222,1250,4,Guilford,2022-01-05
1272,198,1074,4,Guilford,2022-01-07
2027,339,1688,4,Guilford,2022-01-10
1931,177,1754,4,Guilford,2022-01-11
528,72,456,4,Guilford,2022-01-28
579,199,380,4,Iredell,2022-01-04
211,48,163,4,Iredell,2022-01-28
455,84,371,4,Johnston,2022-01-26
230,37,193,4,Johnston,2022-02-03
157,28,129,4,Mecklenburg,2021-11-27
3491,568,2923,4,Mecklenburg,2021-12-29
4429,583,3846,4,Mecklenburg,2022-01-04
1528,254,1274,4,Mecklenburg,2022-01-17
2161,336,1825,4,Mecklenburg,2022-01-24
495,81,414,4,Mecklenburg,2022-02-09
324,63,261,4,Mecklenburg,2022-02-15
74,14,60,4,Moore,2022-02-07
776,169,607,4,New Hanover,2022-01-10
39,7,32,4,New Hanover,2022-02-22
90,10,80,4,Onslow,2022-01-22
326,37,289,4,Onslow,2022-01-28
408,130,278,4,Robeson,2022-01-07
530,148,382,4,Robeson,2022-01-20
156,74,82,4,Robeson,2022-01-23
82,13,69,4,Rockingham,2022-01-22
16,1,15,4,Rowan,2021-11-13
218,26,192,4,Rowan,2022-01-15
21,6,15,4,Rowan,2022-02-19
99,22,77,4,Surry,2022-01-08
80,27,53,4,Surry,2022-01-22
111,36,75,4,Surry,2022-02-01
27,9,18,4,Surry,2022-02-17
210,52,158,4,Union,2022-02-03
176,73,103,4,Union,2022-02-04
88,24,64,4,Union,2022-02-06
5074,237,4837,4,Wake,2022-01-13
1105,151,954,4,Wake,2022-01-21
608,68,540,4,Wake,2022-01-29
380,28,352,4,Wake,2022-02-12
232,40,192,4,Wake,2022-02-13
93,43,50,4,Wayne,2022-02-04
215,83,132,4,Wilkes,2022-01-20
139,42,97,4,Wilkes,2022-01-25
316,57,259,4,Wilson,2022-01-07
144,28,116,4,Wilson,2022-01-26
768,70,698,5,Alamance,2022-01-11
114,24,90,5,Buncombe,2022-02-05
846,214,632,5,Cabarrus,2022-01-10
640,174,466,5,Cabarrus,2022-01-14
304,65,239,5,Cabarrus,2022-01-15
510,49,461,5,Cumberland,2022-01-21
1461,125,1336,5,Forsyth,2022-01-14
912,89,823,5,Forsyth,2022-01-21
496,65,431,5,Forsyth,2022-01-28
110,24,86,5,Gaston,2022-02-05
76,17,59,5,Gaston,2022-02-12
99,33,66,5,Gaston,2022-02-15
1814,213,1601,5,Guilford,2022-01-12
324,58,266,5,Guilford,2022-02-03
112,34,78,5,Guilford,2022-02-21
180,62,118,5,Henderson,2022-01-25
154,47,107,5,Iredell,2022-02-04
1818,304,1514,5,Mecklenburg,2022-01-02
4091,637,3454,5,Mecklenburg,2022-01-06
236,40,196,5,Mecklenburg,2022-01-16
3252,443,2809,5,Mecklenburg,2022-01-18
2787,405,2382,5,Mecklenburg,2022-01-20
1586,251,1335,5,Mecklenburg,2022-01-26
550,91,459,5,Mecklenburg,2022-01-30
773,113,660,5,Mecklenburg,2022-02-03
725,131,594,5,Union,2022-01-06
1974,126,1848,5,Wake,2022-01-27
1186,98,1088,5,Wake,2022-02-07
730,133,597,6,Gaston,2022-01-18
81,10,71,6,Guilford,2021-10-27
466,41,425,6,Guilford,2022-01-23
1186,168,1018,6,Guilford,2022-01-24
3189,417,2772,6,Mecklenburg,2022-01-19
767,161,606,6,Mecklenburg,2022-01-22
1001,169,832,6,Mecklenburg,2022-01-23
1135,138,997,6,Mecklenburg,2022-01-28
20,11,9,6,Surry,2022-02-12
331,82,249,7,Cabarrus,2022-01-28
278,50,228,7,Forsyth,2022-02-07
125,26,99,7,Guilford,2022-01-16
1237,201,1036,7,Guilford,2022-01-18
3532,652,2880,7,Mecklenburg,2021-12-30
4112,689,3423,7,Mecklenburg,2022-01-11
514,97,417,7,Mecklenburg,2022-01-29
1172,189,983,7,Mecklenburg,2022-01-31
578,109,469,7,Mecklenburg,2022-02-08
887,88,799,7,Wake,2022-02-08
306,41,265,8,Guilford,2022-02-04
1811,305,1506,8,Mecklenburg,2022-01-25
688,112,576,8,Mecklenburg,2022-02-07
1010,112,898,9,Forsyth,2022-01-24
110,8,102,9,Forsyth,2022-02-06
750,104,646,9,Guilford,2022-01-26
3717,503,3214,9,Mecklenburg,2022-01-13
652,92,560,10,Guilford,2022-01-27
669,91,578,10,Mecklenburg,2022-02-04
69,9,60,10,Onslow,2022-01-29
