Reinfection,Total Cases by Date of Specimen collection,Total Antigen Cases by Date of Specimen Collection,Total Molecular Cases by Date of Specimen Collection,Death by Date of Death,County,Date
299,4119,687,3432,7,Mecklenburg,2022-01-11
336,5901,316,5585,1,Wake,2022-01-11
42,399,56,343,1,Cleveland,2022-01-11
144,2013,179,1834,7,Guilford,2022-01-11
105,1465,138,1327,2,Cumberland,2022-01-11
12,130,14,116,0,Vance,2022-01-11
31,636,127,509,0,Harnett,2022-01-11
28,310,80,230,0,Rutherford,2022-01-11
28,297,97,200,0,Craven,2022-01-11
69,662,79,583,1,Davidson,2022-01-11
25,359,25,334,0,Nash,2022-01-11
15,215,42,173,0,Scotland,2022-01-11
16,148,42,106,0,Alexander,2022-01-11
33,456,60,396,1,Brunswick,2022-01-11
20,199,35,164,0,Yadkin,2022-01-11
8,127,8,119,0,Martin,2022-01-11
20,586,25,561,0,Orange,2022-01-11
18,213,79,134,1,Wilkes,2022-01-11
42,339,113,226,1,Lincoln,2022-01-11
7,202,82,120,1,Carteret,2022-01-11
2,30,23,7,0,Graham,2022-01-11
0,36,9,27,0,Alleghany,2022-01-11
101,1547,125,1422,0,Durham,2022-01-04
34,577,18,559,1,Nash,2022-01-04
5,84,16,68,0,Cherokee,2022-01-04
480,6677,304,6373,3,Wake,2022-01-04
7,72,34,38,0,Pasquotank,2022-01-11
65,768,172,596,2,Union,2022-01-04
14,159,40,119,1,Scotland,2022-01-04
3,62,11,51,0,Washington,2022-01-04
35,393,158,235,0,Duplin,2022-01-18
18,295,36,259,1,Moore,2022-01-04
6,82,13,69,0,Hertford,2022-01-18
14,182,79,103,3,Wilkes,2022-01-18
6,72,12,60,0,Warren,2022-01-18
95,1631,159,1472,2,Cumberland,2022-01-18
46,557,77,480,3,Alamance,2022-01-18
104,1207,198,1009,1,Johnston,2022-01-18
11,70,3,67,0,Macon,2022-01-04
10,187,30,157,0,Chatham,2022-01-04
69,1309,92,1217,1,Durham,2022-01-18
28,391,25,366,0,Franklin,2022-01-04
17,252,26,226,0,Hoke,2022-01-04
6,107,12,95,0,Anson,2022-01-04
56,693,256,437,1,Cabarrus,2022-01-18
28,516,25,491,0,Orange,2022-01-18
19,340,71,269,1,Brunswick,2022-01-04
7,78,22,56,0,Alexander,2022-01-04
58,716,243,473,0,New Hanover,2022-01-04
16,148,71,77,1,Wilkes,2022-01-04
3,61,0,61,0,Chowan,2022-01-04
17,156,37,119,0,Pender,2022-01-04
17,114,26,88,0,Rutherford,2022-01-04
23,204,21,183,0,Richmond,2022-01-04
12,144,26,118,0,Yadkin,2022-01-04
46,419,165,254,2,Catawba,2022-01-04
31,323,51,272,1,Stanly,2022-01-18
38,336,70,266,2,Wilson,2022-01-18
59,713,296,417,1,Wayne,2022-01-18
2,51,4,47,0,Caswell,2022-01-18
39,731,162,569,0,Harnett,2022-01-18
7,55,3,52,1,Madison,2022-01-18
7,116,44,72,2,Carteret,2022-01-04
23,196,46,150,2,Bladen,2022-01-18
38,497,34,463,1,Nash,2022-01-18
25,257,42,215,0,Halifax,2022-01-18
9,153,48,105,0,Surry,2022-01-04
12,171,38,133,0,Greene,2022-01-18
12,182,17,165,1,Caldwell,2022-01-18
20,231,69,162,1,Burke,2022-01-18
12,127,30,97,0,Davie,2022-01-18
4,47,12,35,0,Jones,2022-01-18
3,41,17,24,0,Polk,2022-01-04
5,70,14,56,0,Ashe,2022-01-04
4,104,25,79,0,Cherokee,2022-01-18
1,19,1,18,0,Clay,2022-01-11
13,184,32,152,1,Person,2022-01-18
7,71,18,53,0,Northampton,2022-01-18
18,144,67,77,0,Duplin,2022-01-04
2,46,29,17,0,Polk,2022-01-18
17,161,33,128,2,Randolph,2022-01-23
23,421,10,411,2,Durham,2022-01-23
13,108,35,73,2,Rowan,2022-01-23
4,65,11,54,0,Haywood,2022-01-23
22,301,24,277,2,Forsyth,2022-01-23
15,160,31,129,1,Johnston,2022-01-23
2,64,20,44,2,Chatham,2022-01-23
2,7,0,7,1,Bertie,2022-01-23
4,50,17,33,0,Lee,2022-01-23
7,96,31,65,0,Buncombe,2022-06-03
3,32,6,26,0,Stokes,2022-01-23
1,18,3,15,1,Warren,2022-01-23
1,6,1,5,0,Alexander,2022-06-03
15,99,22,77,0,Cumberland,2022-06-03
15,156,74,82,4,Robeson,2022-01-23
1,11,9,2,0,Transylvania,2022-06-03
1,14,0,14,0,Dare,2022-01-23
0,5,1,4,0,Jones,2022-01-23
1,25,8,17,1,Columbus,2022-01-23
1,22,5,17,0,Nash,2022-06-03
2,21,3,18,0,Granville,2022-06-03
6,37,4,33,0,Harnett,2022-06-03
0,4,0,4,0,Mitchell,2022-01-23
0,20,6,14,0,Wilson,2022-06-03
3,12,3,9,0,Rutherford,2022-06-03
1,7,3,4,0,Warren,2022-06-03
0,20,4,16,0,Currituck,2022-01-23
19,301,68,233,4,Brunswick,2022-01-25
47,410,156,254,3,Catawba,2022-01-25
32,649,26,623,3,Durham,2022-01-25
15,262,91,171,0,Craven,2022-01-25
1,4,0,4,0,Anson,2022-06-03
46,536,116,420,4,Gaston,2022-01-25
26,345,167,178,3,Wayne,2022-01-25
33,449,142,307,4,Buncombe,2022-01-25
2,31,8,23,0,Swain,2022-01-25
1,30,1,29,0,Bertie,2022-01-25
7,287,12,275,1,Orange,2022-01-25
28,248,27,221,1,Nash,2022-01-25
18,508,128,380,3,New Hanover,2022-01-25
16,184,33,151,1,Lenoir,2022-01-25
9,229,12,217,0,Franklin,2022-01-25
6,62,7,55,0,Madison,2022-01-25
18,241,35,206,1,Cleveland,2022-01-25
2,23,4,19,0,Perquimans,2022-01-25
4,46,13,33,0,Martin,2022-01-25
22,190,41,149,2,Wilson,2022-01-25
2,29,13,16,0,Polk,2022-01-25
4,34,4,30,0,Franklin,2022-06-09
5,56,11,45,0,Cherokee,2022-01-25
18,69,31,38,0,Robeson,2022-06-09
6,53,22,31,0,Craven,2022-06-09
8,165,56,109,0,Carteret,2022-01-25
7,82,28,54,0,Scotland,2022-01-25
4,28,12,16,0,Randolph,2022-06-09
10,169,6,163,0,Chatham,2022-01-11
100,1515,126,1389,2,Forsyth,2022-01-11
3,67,5,62,0,Warren,2022-01-11
52,675,213,462,0,Iredell,2022-01-11
73,768,70,698,5,Alamance,2022-01-11
27,259,68,191,0,Columbus,2022-01-11
28,313,92,221,0,Henderson,2022-01-11
47,408,19,389,0,Franklin,2022-01-11
81,1027,185,842,1,Johnston,2022-01-11
7,109,0,109,0,Dare,2022-01-11
86,760,287,473,0,Robeson,2022-01-11
23,332,27,305,2,Rockingham,2022-01-11
15,141,54,87,1,Haywood,2022-01-11
19,143,11,132,0,Montgomery,2022-01-11
21,281,24,257,0,Lee,2022-01-11
20,282,46,236,0,Richmond,2022-01-11
23,242,23,219,2,Halifax,2022-01-11
25,292,105,187,0,Surry,2022-01-11
20,187,31,156,0,Stokes,2022-01-11
63,609,95,514,3,Rowan,2022-01-11
5,37,14,23,0,Gates,2022-01-11
2,44,1,43,1,Mitchell,2022-01-11
5,73,5,68,1,Currituck,2022-01-11
16,91,10,81,0,Northampton,2022-01-04
91,1216,152,1064,0,Forsyth,2022-01-04
39,304,29,275,1,Halifax,2022-01-04
13,106,25,81,0,Greene,2022-01-11
26,219,31,188,0,Caldwell,2022-01-04
8,68,19,49,1,Northampton,2022-01-11
20,193,45,148,1,Lenoir,2022-01-04
27,212,32,180,0,Henderson,2022-01-04
100,1408,122,1286,0,Cumberland,2022-01-04
26,312,114,198,0,Randolph,2022-01-04
26,173,52,121,1,Stanly,2022-01-04
46,496,152,344,0,Robeson,2022-01-04
13,266,109,157,0,Carteret,2022-01-18
22,345,53,292,0,Pender,2022-01-18
339,6161,398,5763,3,Wake,2022-01-18
13,171,27,144,0,Vance,2022-01-18
2,58,11,47,0,Currituck,2022-01-04
69,1274,212,1062,7,Guilford,2022-01-18
16,269,63,206,1,Rockingham,2022-01-18
65,892,190,702,1,Union,2022-01-18
6,83,9,74,0,Montgomery,2022-01-04
17,131,19,112,2,Stokes,2022-01-18
6,82,5,77,0,Bertie,2022-01-18
11,107,23,84,0,Pasquotank,2022-01-04
66,1002,136,866,3,Forsyth,2022-01-18
85,731,134,597,8,Gaston,2022-01-18
23,226,66,160,2,Burke,2022-01-04
15,103,18,85,0,Yadkin,2022-01-18
14,106,15,91,0,Jackson,2022-01-11
61,872,297,575,2,New Hanover,2022-01-18
53,608,194,414,3,Catawba,2022-01-18
23,286,67,219,2,Lincoln,2022-01-18
7,145,20,125,0,Bladen,2022-01-04
53,556,44,512,0,Davidson,2022-01-18
48,549,27,522,0,Franklin,2022-01-18
6,97,19,78,0,Warren,2022-01-04
5,161,62,99,0,Haywood,2022-01-18
19,108,29,79,1,Macon,2022-01-18
28,352,61,291,0,Richmond,2022-01-18
10,194,39,155,1,Lee,2022-01-04
7,126,23,103,1,Stokes,2022-01-04
9,63,4,59,0,Caswell,2022-01-04
20,153,75,78,0,Columbus,2022-01-04
3,73,14,59,0,Greene,2022-01-04
9,115,5,110,1,Martin,2022-01-18
0,11,4,7,0,Tyrrell,2022-01-04
2,34,3,31,0,Avery,2022-01-11
4,78,9,69,0,Currituck,2022-01-18
4,36,23,13,0,Swain,2022-01-18
7,45,21,24,1,Alexander,2022-01-23
2,14,2,12,0,Anson,2022-01-23
48,1072,124,948,6,Wake,2022-01-23
3,56,10,46,0,Wilkes,2022-01-23
8,200,43,157,5,Gaston,2022-01-23
5,92,10,82,1,Moore,2022-01-23
6,83,8,75,1,Harnett,2022-01-23
10,246,41,205,5,Cumberland,2022-01-23
3,49,8,41,1,Nash,2022-01-23
7,120,17,103,2,Brunswick,2022-01-23
0,50,10,40,1,Carteret,2022-01-23
3,42,6,36,0,Sampson,2022-01-23
10,66,33,33,3,Surry,2022-01-23
10,71,25,46,1,Lincoln,2022-01-23
4,55,16,39,0,Pender,2022-01-23
2,22,14,8,0,Transylvania,2022-01-23
6,67,13,54,0,Union,2022-06-03
2,29,2,27,1,Pasquotank,2022-01-23
1,9,3,6,0,Stokes,2022-06-03
5,40,6,34,1,Duplin,2022-01-23
1,12,3,9,0,Yadkin,2022-06-03
10,51,26,25,0,Robeson,2022-06-03
1,6,0,6,0,Perquimans,2022-01-23
17,152,31,121,0,Guilford,2022-06-03
1,20,13,7,0,Scotland,2022-06-03
5,35,12,23,1,Randolph,2022-06-03
6,35,17,18,0,Craven,2022-06-03
4,26,12,14,0,Cleveland,2022-06-03
0,8,0,8,0,Jackson,2022-06-03
4,38,9,29,2,Watauga,2022-01-23
2,35,4,31,1,Vance,2022-01-23
1,16,7,9,0,Swain,2022-01-23
5,44,9,35,0,Davidson,2022-06-03
8,64,9,55,1,Gaston,2022-06-03
2,28,10,18,0,Carteret,2022-06-03
1,9,6,3,0,Lenoir,2022-06-03
0,6,2,4,1,Clay,2022-01-23
2,9,2,7,0,Lee,2022-06-03
55,787,88,699,3,Forsyth,2022-01-25
34,357,113,244,1,Robeson,2022-01-25
8,205,128,77,2,Rutherford,2022-01-25
12,115,9,106,2,Granville,2022-01-25
14,392,119,273,3,Harnett,2022-01-25
18,170,60,110,2,Duplin,2022-01-25
2,62,2,60,0,Caswell,2022-01-25
7,111,20,91,2,Beaufort,2022-01-25
11,151,26,125,1,Caldwell,2022-01-25
9,67,19,48,0,Greene,2022-01-25
27,515,88,427,3,Onslow,2022-01-25
27,202,19,183,1,Guilford,2022-06-09
7,69,15,54,2,Ashe,2022-01-25
8,65,9,56,0,Pitt,2022-06-09
8,154,30,124,1,Stanly,2022-01-25
8,55,9,46,0,Brunswick,2022-06-09
10,112,36,76,0,Jackson,2022-01-25
13,126,33,93,0,Forsyth,2022-06-09
4,54,9,45,0,New Hanover,2022-06-09
7,86,27,59,4,Buncombe,2022-02-13
11,230,38,192,6,Wake,2022-02-13
0,12,1,11,0,Tyrrell,2022-01-25
6,176,29,147,3,Mecklenburg,2022-02-13
0,6,3,3,0,Northampton,2022-06-09
4,64,2,62,0,Dare,2022-01-25
1,11,7,4,0,Sampson,2022-06-09
3,49,0,49,1,Chowan,2022-01-25
2,41,13,28,2,Johnston,2022-02-13
4,28,2,26,2,Davidson,2022-02-13
3,23,3,20,0,Caldwell,2022-06-09
2,28,8,20,0,Alleghany,2022-01-25
3,119,18,101,0,Chatham,2022-01-25
0,16,3,13,0,Bladen,2022-06-09
1,10,3,7,0,Jones,2022-06-09
2,12,5,7,0,Ashe,2022-06-09
3,71,7,64,0,Orange,2022-06-09
1,23,4,19,0,Transylvania,2022-01-25
12,80,12,68,2,Cabarrus,2022-06-09
2,29,15,14,0,Graham,2022-01-25
9,57,13,44,0,Anson,2022-01-25
11,82,12,70,0,Forsyth,2022-06-12
29,252,16,236,0,Mecklenburg,2022-06-12
3,16,0,16,0,Davidson,2022-06-12
14,89,13,76,0,Guilford,2022-06-12
1,12,1,11,0,Carteret,2022-06-12
6,108,41,67,0,Buncombe,2022-02-15
2,28,8,20,0,Jackson,2022-02-15
1,39,10,29,2,Moore,2022-02-15
5,62,13,49,0,Pitt,2022-02-15
1,19,2,17,0,Haywood,2022-02-13
3,38,17,21,0,Robeson,2022-06-12
3,18,3,15,0,Granville,2022-02-15
3,10,6,4,0,Scotland,2022-06-12
10,112,26,86,1,Buncombe,2022-06-13
9,113,11,102,0,Pitt,2022-06-13
3,19,5,14,0,Lincoln,2022-02-13
2,14,6,8,0,Duplin,2022-06-13
3,32,12,20,0,Granville,2022-06-13
5,45,15,30,0,Craven,2022-06-13
3,21,7,14,2,Randolph,2022-02-13
1,22,4,18,1,Davie,2022-02-15
1,43,10,33,0,Cleveland,2022-02-15
1,9,1,8,0,Madison,2022-02-15
4,54,2,52,0,Orange,2022-06-13
12,72,21,51,1,Cabarrus,2022-06-13
24,324,63,261,4,Mecklenburg,2022-02-15
0,14,2,12,2,Rockingham,2022-02-13
0,5,0,5,0,Bladen,2022-02-15
2,30,7,23,0,Craven,2022-02-15
4,25,10,15,0,Moore,2022-06-13
1,11,1,10,0,Columbus,2022-02-13
10,110,42,68,1,Duplin,2022-01-27
3,60,13,47,2,Davie,2022-01-27
14,122,11,111,1,Nash,2022-01-27
33,337,58,279,1,Union,2022-01-27
6,21,16,5,0,Surry,2022-06-12
4,27,2,25,3,Nash,2022-02-15
2,27,5,22,0,Cleveland,2022-06-12
1,35,3,32,0,Avery,2022-01-27
6,42,6,36,1,Harnett,2022-02-15
5,58,24,34,0,Buncombe,2022-06-12
2,11,6,5,0,Warren,2022-06-13
10,182,7,175,1,Orange,2022-01-27
24,187,38,149,3,Caldwell,2022-01-27
3,51,17,34,0,Union,2022-06-12
5,82,8,74,0,Granville,2022-01-27
2,5,2,3,0,Lenoir,2022-06-12
1,6,0,6,0,Yadkin,2022-06-12
22,374,112,262,1,Buncombe,2022-01-27
14,109,31,78,0,McDowell,2022-01-27
0,7,0,7,0,Anson,2022-02-15
7,24,0,24,0,Stanly,2022-06-13
21,187,42,145,0,Burke,2022-01-27
3,24,8,16,0,Wilkes,2022-02-15
3,31,15,16,1,Watauga,2022-02-15
3,32,9,23,3,Alamance,2022-02-13
2,48,10,38,3,Brunswick,2022-02-15
0,2,1,1,0,Yancey,2022-02-13
12,240,58,182,1,Brunswick,2022-01-27
2,26,15,11,1,Rutherford,2022-02-15
5,34,7,27,0,Moore,2022-02-21
28,313,73,240,3,Cabarrus,2022-01-27
1,13,4,9,1,Wilson,2022-02-21
1,11,1,10,0,Hertford,2022-06-13
9,166,44,122,1,Craven,2022-01-27
4,79,7,72,1,Durham,2022-02-21
2,47,15,32,1,Cabarrus,2022-02-21
9,114,25,89,2,Wilson,2022-01-27
11,162,6,156,0,Franklin,2022-01-27
0,6,1,5,0,Hertford,2022-02-21
21,305,39,266,3,Onslow,2022-01-27
1,10,3,7,0,Person,2022-02-22
5,31,2,29,2,Chowan,2022-01-27
3,17,9,8,0,Graham,2022-01-27
3,22,6,16,0,Wayne,2022-02-22
6,111,45,66,0,Sampson,2022-01-27
10,43,9,34,2,Alamance,2022-02-22
3,41,6,35,1,Johnston,2022-02-22
1,4,0,4,0,Richmond,2022-06-12
12,114,6,108,2,Cumberland,2022-02-22
16,124,31,93,0,Rutherford,2022-01-27
10,94,12,82,3,Forsyth,2022-02-22
4,52,13,39,0,Cherokee,2022-01-27
4,34,7,27,0,New Hanover,2022-06-12
7,46,7,39,1,Caldwell,2022-02-15
2,56,5,51,0,Orange,2022-02-15
6,63,12,51,0,Pasquotank,2022-01-27
1,18,1,17,0,Orange,2022-02-25
9,212,16,196,1,Wake,2022-02-25
4,42,4,38,3,Cumberland,2022-02-25
0,9,2,7,0,Moore,2022-02-25
2,54,17,37,2,Buncombe,2022-02-25
6,29,8,21,0,Catawba,2022-06-18
0,10,0,10,2,Caldwell,2022-02-25
3,15,1,14,0,Nash,2022-02-25
17,301,38,263,0,Wake,2022-06-18
3,19,1,18,1,Watauga,2022-02-25
1,11,3,8,1,Cumberland,2022-02-27
2,21,8,13,1,Guilford,2022-02-27
0,1,0,1,0,Anson,2022-02-27
6,28,2,26,0,Pitt,2022-02-28
5,43,1,42,0,Union,2022-06-18
2,23,15,8,0,Wayne,2022-02-21
1,25,6,19,0,Nash,2022-06-18
9,129,23,106,2,Mecklenburg,2022-02-28
0,5,1,4,0,Pasquotank,2022-02-28
1,7,2,5,0,Chowan,2022-02-21
1,6,2,4,0,Duplin,2022-02-28
4,54,2,52,1,Montgomery,2022-01-15
21,382,111,271,2,Union,2022-01-15
6,42,0,42,0,Alexander,2022-01-15
18,253,45,208,1,Pitt,2022-01-15
6,83,18,65,0,Beaufort,2022-01-15
87,1534,243,1291,0,Mecklenburg,2022-01-15
43,876,72,804,4,Guilford,2022-01-15
8,116,53,63,0,Wilkes,2022-01-15
1,37,9,28,0,Martin,2022-01-15
24,307,12,295,1,Alamance,2022-01-15
9,86,26,60,0,Scotland,2022-01-15
16,228,23,205,0,Davidson,2022-01-15
15,126,45,81,0,Surry,2022-01-15
36,315,60,255,6,Gaston,2022-01-15
1,21,3,18,0,Jackson,2022-01-15
4,177,8,169,1,Hoke,2022-01-15
13,220,65,155,2,Iredell,2022-01-15
11,140,30,110,0,Lincoln,2022-01-15
1,51,14,37,0,Carteret,2022-01-15
7,79,11,68,0,Richmond,2022-01-15
21,338,58,280,1,New Hanover,2022-01-15
0,25,8,17,0,Transylvania,2022-01-15
2,19,1,18,0,Bertie,2022-01-15
6,60,0,60,0,Edgecombe,2022-01-15
2,22,2,20,0,Caswell,2022-01-15
3,31,2,29,0,Anson,2022-01-15
3,26,11,15,3,Moore,2022-01-16
1,27,8,19,1,Granville,2022-01-16
4,25,11,14,0,Stanly,2022-01-16
7,108,17,91,0,Wayne,2022-01-16
5,36,11,25,1,Wilson,2022-01-16
15,240,19,221,1,Onslow,2022-01-16
3,13,8,5,2,Rutherford,2022-01-16
4,46,13,33,1,Cabarrus,2022-01-16
0,43,22,21,0,Iredell,2022-01-16
38,317,127,190,1,Duplin,2022-01-12
67,643,86,557,2,Davidson,2022-01-12
2,23,1,22,0,Hyde,2022-01-12
14,137,36,101,0,McDowell,2022-01-12
6,56,26,30,0,Polk,2022-01-12
66,561,60,501,3,Rowan,2022-01-12
53,717,76,641,3,Alamance,2022-01-12
21,417,47,370,0,Moore,2022-01-12
17,294,40,254,0,Hoke,2022-01-12
73,1011,171,840,0,Johnston,2022-01-12
55,640,193,447,1,Iredell,2022-01-12
31,409,27,382,0,Nash,2022-01-12
4,22,8,14,0,Swain,2022-01-12
31,321,78,243,2,Surry,2022-01-12
20,128,40,88,0,Alexander,2022-01-12
41,283,79,204,1,Lincoln,2022-01-12
11,86,4,82,0,Chowan,2022-01-12
15,154,25,129,1,Stokes,2022-01-12
18,228,24,204,0,Beaufort,2022-01-12
19,231,48,183,1,Richmond,2022-01-12
11,150,17,133,1,Yadkin,2022-01-12
22,230,75,155,1,Wilkes,2022-01-12
14,214,27,187,0,Pender,2022-01-12
5,91,24,67,0,Macon,2022-01-12
4,73,27,46,0,Yancey,2022-01-12
3,41,16,25,0,Gates,2022-01-12
19,305,93,212,0,Craven,2022-01-12
4,60,5,55,0,Avery,2022-01-19
44,654,151,503,4,Cabarrus,2022-01-19
19,273,63,210,0,Wilson,2022-01-19
61,549,222,327,0,Wayne,2022-01-19
6,61,7,54,0,Washington,2022-01-12
51,509,88,421,1,Rowan,2022-01-19
18,200,68,132,0,Haywood,2022-01-19
17,114,15,99,0,Montgomery,2022-01-19
3,34,6,28,1,Perquimans,2022-01-12
54,631,239,392,1,Iredell,2022-01-19
6,70,14,56,0,Cherokee,2022-01-12
5,39,16,23,0,Jones,2022-01-19
7,186,21,165,0,Chatham,2022-01-19
57,883,114,769,1,Onslow,2022-01-19
18,185,27,158,0,Davie,2022-01-19
33,290,52,238,1,Stanly,2022-01-19
7,86,4,82,0,Martin,2022-01-12
12,97,41,56,1,Greene,2022-01-19
11,190,18,172,0,Granville,2022-01-19
37,610,164,446,1,Buncombe,2022-01-19
4,45,4,41,0,Bertie,2022-01-19
0,22,10,12,0,Graham,2022-01-12
6,83,8,75,0,Caswell,2022-01-19
56,656,85,571,4,Gaston,2022-01-06
393,5669,260,5409,3,Wake,2022-01-06
2,59,8,51,0,Warren,2022-01-19
41,656,112,544,0,New Hanover,2022-01-06
39,619,169,450,2,Buncombe,2022-01-06
127,1702,335,1367,2,Guilford,2022-01-06
23,317,40,277,0,Brunswick,2022-01-06
102,1176,119,1057,2,Forsyth,2022-01-06
13,132,11,121,1,Beaufort,2022-01-06
31,231,44,187,0,Lincoln,2022-01-06
16,480,23,457,0,Orange,2022-01-06
19,206,39,167,0,Scotland,2022-01-06
76,814,60,754,1,Pitt,2022-01-06
1,19,6,13,0,Camden,2022-01-06
14,94,7,87,0,Martin,2022-01-06
2,22,3,19,0,Gates,2022-01-19
5,49,21,28,0,Swain,2022-01-20
68,714,141,573,2,Gaston,2022-01-20
41,652,169,483,1,New Hanover,2022-01-20
33,253,69,184,2,Lincoln,2022-01-20
37,353,67,286,1,Cleveland,2022-01-06
3,53,4,49,0,Chowan,2022-01-06
1,13,2,11,0,Hyde,2022-01-20
15,269,77,192,0,Craven,2022-01-20
45,605,228,377,2,Catawba,2022-01-20
4,96,16,80,0,Yadkin,2022-01-06
21,314,9,305,0,Franklin,2022-01-20
54,673,131,542,3,Union,2022-01-20
18,252,56,196,0,Lenoir,2022-01-20
80,1351,168,1183,7,Guilford,2022-01-20
27,284,40,244,4,Rockingham,2022-01-20
15,148,52,96,2,McDowell,2022-01-20
26,137,32,105,6,Stokes,2022-01-20
59,543,73,470,1,Davidson,2022-01-20
14,141,24,117,0,Lenoir,2022-01-06
1,14,7,7,0,Camden,2022-01-19
5,116,38,78,0,Scotland,2022-01-20
2,40,17,23,1,Transylvania,2022-01-06
6,63,10,53,0,Anson,2022-01-06
10,125,25,100,1,Vance,2022-01-06
3,41,18,23,0,Yancey,2022-01-06
11,106,26,80,3,Macon,2022-01-20
7,76,10,66,0,Martin,2022-01-20
19,148,38,110,2,Richmond,2022-01-20
8,118,14,104,1,Vance,2022-01-20
4,127,55,72,0,Carteret,2022-01-06
3,23,7,16,0,Franklin,2022-02-21
0,3,3,0,0,Vance,2022-02-28
9,38,19,19,2,Henderson,2022-02-21
0,26,10,16,0,Watauga,2022-02-21
0,21,5,16,0,Jones,2022-01-27
0,8,0,8,2,Halifax,2022-02-22
1,4,1,3,0,Yancey,2022-02-22
2,18,11,7,0,Columbus,2022-02-21
3,22,10,12,0,Granville,2022-02-21
2,15,2,13,0,Stanly,2022-02-22
1,23,3,20,0,Alleghany,2022-01-27
4,41,14,27,0,Cabarrus,2022-02-22
0,15,4,11,0,Washington,2022-01-27
6,49,10,39,0,Anson,2022-01-27
0,2,0,2,1,Beaufort,2022-03-04
1,5,1,4,0,Jackson,2022-03-04
2,26,8,18,2,Buncombe,2022-03-04
1,11,8,3,0,Wilkes,2022-06-18
2,15,5,10,0,Sampson,2022-02-25
0,4,0,4,0,Vance,2022-02-27
0,9,1,8,0,Hertford,2022-06-18
3,7,3,4,0,Martin,2022-06-18
3,22,7,15,0,Harnett,2022-02-25
3,26,16,10,0,Ashe,2022-02-25
2,27,11,16,0,Johnston,2022-02-28
3,52,12,40,0,Mecklenburg,2022-03-09
1,6,0,6,0,Macon,2022-06-18
0,3,2,1,0,Jones,2022-06-18
2,75,14,61,0,Wake,2022-02-27
1,22,1,21,0,Orange,2022-02-28
0,4,0,4,0,Nash,2022-03-09
2,48,8,40,0,Buncombe,2022-06-18
2,17,3,14,0,Moore,2022-02-28
3,18,3,15,0,Hertford,2022-01-27
1,8,4,4,2,Catawba,2022-02-27
0,8,1,7,0,Pender,2022-06-18
6,43,7,36,0,Cabarrus,2022-06-18
1,8,0,8,0,Alamance,2022-03-11
2,12,8,4,0,Davie,2022-02-28
2,16,2,14,0,Avery,2022-02-21
0,22,1,21,0,Stanly,2022-02-21
1,7,4,3,0,Jones,2022-02-21
0,2,0,2,1,Caswell,2022-02-22
4,88,9,79,0,Wake,2022-03-17
1,18,6,12,0,Catawba,2022-03-04
0,7,0,7,0,Duplin,2022-02-22
0,13,1,12,0,Brunswick,2022-03-04
2,6,2,4,0,Franklin,2022-03-04
2,17,5,12,0,New Hanover,2022-03-09
0,1,0,1,0,Martin,2022-03-09
11,40,12,28,0,Franklin,2022-06-23
2,31,7,24,0,Pitt,2022-06-18
2,5,2,3,1,Jackson,2022-02-27
12,63,7,56,0,Gaston,2022-06-18
2,28,5,23,1,Wake,2022-03-27
2,11,2,9,0,Granville,2022-02-28
0,20,1,19,0,Craven,2022-02-28
0,5,3,2,0,Cabarrus,2022-03-11
9,67,5,62,0,Alamance,2022-06-23
2,11,2,9,0,Jackson,2022-06-23
0,11,5,6,1,New Hanover,2022-03-11
0,20,3,17,0,Orange,2022-03-09
1,9,5,4,0,Johnston,2022-03-11
0,3,0,3,0,Perquimans,2022-03-11
1,13,6,7,0,Richmond,2022-06-23
1,17,7,10,0,Buncombe,2022-03-11
3,28,17,11,0,Surry,2022-06-23
3,10,5,5,0,Swain,2022-06-23
4,29,5,24,0,Moore,2022-06-24
0,9,1,8,1,Pitt,2022-03-17
1,14,3,11,1,Brunswick,2022-03-17
14,66,34,32,0,Catawba,2022-06-24
7,58,11,47,0,Alamance,2022-06-24
8,85,27,58,0,Buncombe,2022-06-24
2,60,7,53,0,Bladen,2022-01-27
4,65,11,54,0,Union,2022-06-24
8,19,14,5,0,Wilkes,2022-06-24
1,2,1,1,1,Cleveland,2022-03-17
7,73,14,59,0,New Hanover,2022-06-24
16,75,9,66,0,Cabarrus,2022-06-24
15,77,20,57,0,Johnston,2022-06-24
0,15,2,13,0,Union,2022-04-06
14,176,15,161,0,Wake,2022-04-06
11,48,18,30,0,Catawba,2022-06-23
3,63,3,60,1,Durham,2022-04-06
1,4,0,4,1,Nash,2022-04-06
6,108,19,89,0,Mecklenburg,2022-04-06
75,1172,189,983,9,Mecklenburg,2022-01-31
37,471,44,427,1,Durham,2022-01-31
20,157,19,138,1,Cleveland,2022-01-31
5,31,3,28,0,Alamance,2022-06-25
11,65,14,51,0,Bladen,2022-01-31
15,102,41,61,0,McDowell,2022-01-31
18,322,66,256,1,New Hanover,2022-01-31
31,322,98,224,2,Cabarrus,2022-01-31
1,3,0,3,0,Carteret,2022-03-27
114,2122,142,1980,0,Wake,2022-01-31
1,9,4,5,0,Buncombe,2022-03-27
4,40,16,24,0,Moore,2022-06-23
2,33,2,31,1,Durham,2022-03-09
0,9,2,7,0,Wilkes,2022-03-09
1,3,1,2,0,Edgecombe,2022-03-09
0,8,3,5,0,Chatham,2022-06-25
1,7,3,4,1,Carteret,2022-03-09
25,171,9,162,0,Franklin,2022-01-31
12,85,14,71,0,Guilford,2022-06-25
6,80,16,64,0,New Hanover,2022-06-23
14,253,34,219,1,Brunswick,2022-01-31
9,117,38,79,1,Wilkes,2022-01-31
6,27,4,23,0,Franklin,2022-06-24
22,236,80,156,0,Robeson,2022-01-31
15,181,79,102,1,Burke,2022-01-31
4,73,18,55,1,Cherokee,2022-01-31
11,78,11,67,0,Union,2022-06-23
18,77,11,66,0,Gaston,2022-06-24
1,14,3,11,1,Lenoir,2022-06-23
0,7,4,3,0,Yancey,2022-06-23
26,163,26,137,3,Nash,2022-01-31
3,14,6,8,1,Hoke,2022-06-24
0,8,0,8,1,Orange,2022-03-17
1,6,3,3,0,Washington,2022-06-24
8,55,27,28,0,Wayne,2022-06-24
1,57,2,55,0,Orange,2022-04-06
11,179,28,151,0,Wake,2022-04-16
5,111,16,95,0,Mecklenburg,2022-04-16
5,37,7,30,0,Johnston,2022-06-25
33,437,55,382,0,Onslow,2022-01-31
19,234,47,187,1,Mecklenburg,2022-04-18
2,35,9,26,1,Nash,2022-06-24
4,17,1,16,0,Brunswick,2022-04-18
2,5,2,3,0,Edgecombe,2022-04-18
21,154,42,112,1,Yadkin,2022-01-20
7,33,8,25,0,Perquimans,2022-01-06
6,64,6,58,0,Bertie,2022-01-06
2,32,7,25,0,Washington,2022-01-20
23,282,110,172,2,Catawba,2022-01-15
3,73,10,63,1,Stokes,2022-01-15
19,219,27,192,4,Rowan,2022-01-15
41,496,84,412,1,Johnston,2022-01-15
6,71,28,43,3,Henderson,2022-01-15
44,755,59,696,4,Forsyth,2022-01-15
1,19,5,14,0,Mitchell,2022-01-15
0,9,0,9,0,Pamlico,2022-01-15
14,157,20,137,0,Lee,2022-01-15
3,30,1,29,0,Chowan,2022-01-15
2,15,3,12,0,Greene,2022-01-15
2,54,9,45,0,Columbus,2022-01-15
9,73,10,63,0,Yadkin,2022-01-15
11,149,26,123,1,Rockingham,2022-01-15
2,34,11,23,0,Currituck,2022-01-15
6,84,13,71,0,Chatham,2022-01-15
4,73,22,51,0,Lenoir,2022-01-15
2,34,6,28,0,Yancey,2022-01-15
7,64,14,50,0,Harnett,2022-01-16
18,415,40,375,3,Wake,2022-01-16
10,235,39,196,6,Mecklenburg,2022-01-16
0,25,1,24,1,Halifax,2022-01-16
19,196,19,177,2,Cumberland,2022-01-16
5,45,19,26,1,Pasquotank,2022-01-16
1,48,17,31,0,Sampson,2022-01-16
1,53,7,46,2,Buncombe,2022-01-16
4,40,2,38,2,Nash,2022-01-16
15,121,52,69,1,Craven,2022-01-16
8,159,18,141,1,Brunswick,2022-01-16
0,4,0,4,0,Hyde,2022-01-15
0,3,1,2,0,Watauga,2022-01-16
2,16,4,12,0,Warren,2022-01-15
5,23,3,20,2,Caldwell,2022-01-16
1,25,10,15,0,Burke,2022-01-16
4,32,7,25,1,Orange,2022-01-16
3,8,1,7,0,Pamlico,2022-01-16
98,1187,190,997,1,Cumberland,2022-01-12
48,358,73,285,0,Cleveland,2022-01-12
10,102,1,101,0,Dare,2022-01-12
118,1498,135,1363,1,Forsyth,2022-01-12
100,1840,216,1624,6,Guilford,2022-01-12
15,216,20,196,0,Granville,2022-01-12
51,358,65,293,2,Stanly,2022-01-12
27,307,41,266,1,Lee,2022-01-12
20,316,25,291,0,Rockingham,2022-01-12
7,67,20,47,0,Greene,2022-01-12
5,96,8,88,0,Caswell,2022-01-12
16,157,15,142,0,Vance,2022-01-19
315,5341,291,5050,2,Wake,2022-01-19
42,626,109,517,1,Harnett,2022-01-19
96,1461,126,1335,2,Cumberland,2022-01-19
29,276,100,176,2,Henderson,2022-01-19
18,171,37,134,1,Bladen,2022-01-19
204,3193,416,2777,7,Mecklenburg,2022-01-19
10,108,17,91,0,Jackson,2022-01-12
33,424,62,362,2,Moore,2022-01-19
37,315,65,250,1,Caldwell,2022-01-19
22,555,19,536,2,Orange,2022-01-19
29,324,97,227,1,Burke,2022-01-19
33,278,75,203,2,Sampson,2022-01-19
21,202,24,178,0,Halifax,2022-01-19
1,41,23,18,0,Polk,2022-01-19
21,238,66,172,0,Watauga,2022-01-19
2,45,4,41,0,Pamlico,2022-01-19
9,110,31,79,1,Anson,2022-01-19
8,138,19,119,0,Pasquotank,2022-01-19
1,29,1,28,0,Mitchell,2022-01-12
46,388,27,361,2,Nash,2022-01-19
14,182,66,116,0,Rutherford,2022-01-19
35,337,83,254,3,Lincoln,2022-01-19
1,24,8,16,0,Tyrrell,2022-01-12
5,48,7,41,1,Hertford,2022-01-19
4,57,4,53,0,Northampton,2022-01-19
41,410,63,347,0,Rowan,2022-01-06
22,160,60,100,1,Surry,2022-01-06
58,726,131,595,5,Union,2022-01-06
17,199,71,128,0,Henderson,2022-01-06
14,120,28,92,1,Jackson,2022-01-06
16,143,41,102,0,Alexander,2022-01-19
21,336,6,330,0,Franklin,2022-01-06
9,106,26,80,1,Ashe,2022-01-19
8,142,34,108,0,Haywood,2022-01-06
48,489,181,308,1,Catawba,2022-01-06
42,479,168,311,2,Iredell,2022-01-06
17,277,54,223,2,Rockingham,2022-01-06
12,166,24,142,0,Chatham,2022-01-06
57,203,79,124,1,Columbus,2022-01-06
57,741,81,660,0,Onslow,2022-01-06
8,103,0,103,0,Dare,2022-01-06
16,155,17,138,0,Pender,2022-01-06
15,163,9,154,1,Lee,2022-01-06
17,263,24,239,0,Hoke,2022-01-06
18,211,72,139,0,Lee,2022-01-20
70,1165,120,1045,5,Forsyth,2022-01-20
3,40,13,27,1,Transylvania,2022-01-19
16,187,64,123,2,Columbus,2022-01-20
4,47,15,32,0,Warren,2022-01-20
57,528,148,380,4,Robeson,2022-01-20
46,446,72,374,1,Rowan,2022-01-20
14,67,6,61,1,Chowan,2022-01-20
32,505,158,347,2,Iredell,2022-01-20
31,404,107,297,3,Randolph,2022-01-20
47,756,109,647,2,Onslow,2022-01-20
2,57,4,53,0,Currituck,2022-01-06
10,87,10,77,0,Montgomery,2022-01-06
11,80,18,62,3,Stokes,2022-01-06
26,202,35,167,0,Richmond,2022-01-06
9,90,32,58,0,Greene,2022-01-20
9,171,55,116,0,Carteret,2022-01-20
3,51,7,44,0,Northampton,2022-01-20
2,84,1,83,0,Dare,2022-01-20
6,173,19,154,0,Chatham,2022-01-20
6,83,25,58,1,Ashe,2022-01-20
13,171,44,127,0,Haywood,2022-01-20
0,23,7,16,0,Gates,2022-01-06
2,28,4,24,0,Avery,2022-01-06
3,18,1,17,0,Mitchell,2022-01-20
2,52,6,46,0,Currituck,2022-01-20
49,666,120,546,3,Union,2022-01-24
222,4435,288,4147,4,Wake,2022-01-24
2,26,2,24,0,Anson,2022-01-08
11,98,24,74,0,Caldwell,2022-01-08
8,392,55,337,3,Brunswick,2022-01-24
17,280,47,233,3,Gaston,2022-01-08
18,162,19,143,1,Randolph,2022-01-08
14,187,71,116,0,Wayne,2022-01-08
21,406,28,378,3,Cumberland,2022-01-08
22,282,34,248,2,Nash,2022-01-24
115,1725,325,1400,3,Mecklenburg,2022-01-08
3,31,11,20,0,Clay,2022-01-24
50,477,89,388,3,Rowan,2022-01-24
4,94,32,62,1,Wilkes,2022-01-08
22,205,76,129,0,Lincoln,2022-01-24
0,9,2,7,0,Clay,2022-01-08
10,200,44,156,2,Wilkes,2022-01-24
29,361,27,334,2,Franklin,2022-01-24
16,274,95,179,0,Wayne,2022-01-15
11,119,38,81,0,Stanly,2022-01-15
8,57,3,54,0,Halifax,2022-01-15
9,196,5,191,0,Orange,2022-01-15
13,311,9,302,2,Onslow,2022-01-15
0,17,1,16,0,Washington,2022-01-15
41,668,21,647,2,Durham,2022-01-15
38,324,116,208,1,Robeson,2022-01-15
23,238,52,186,2,Randolph,2022-01-15
6,122,34,88,2,Craven,2022-01-15
20,302,63,239,5,Cabarrus,2022-01-15
7,104,53,51,0,Duplin,2022-01-15
5,47,14,33,0,Bladen,2022-01-15
2,61,5,56,1,Haywood,2022-01-15
6,74,8,66,0,Person,2022-01-15
1,18,0,18,0,Avery,2022-01-15
1,9,3,6,0,Camden,2022-01-15
18,259,36,223,0,New Hanover,2022-01-16
1,55,21,34,0,Catawba,2022-01-16
1,7,0,7,0,Hyde,2022-01-16
8,114,7,107,1,Durham,2022-01-16
7,42,1,41,0,Beaufort,2022-01-16
18,132,19,113,0,Pitt,2022-01-16
5,25,2,23,2,Wilkes,2022-01-16
6,58,10,48,3,Gaston,2022-01-16
1,16,5,11,1,Scotland,2022-01-16
7,87,17,70,0,Union,2022-01-16
1,53,9,44,0,Carteret,2022-01-16
4,35,7,28,0,Davie,2022-01-15
2,10,4,6,0,Washington,2022-01-16
3,9,0,9,0,Bertie,2022-01-16
3,41,6,35,1,Franklin,2022-01-16
1,17,2,15,0,Edgecombe,2022-01-16
2,48,18,30,1,Duplin,2022-01-16
0,10,0,10,0,Cherokee,2022-01-16
0,13,1,12,0,Chatham,2022-01-16
3,29,4,25,2,Davidson,2022-01-16
1,14,10,4,0,Martin,2022-01-16
240,4080,525,3555,1,Mecklenburg,2022-01-12
25,186,10,176,2,Edgecombe,2022-01-12
59,877,134,743,0,Onslow,2022-01-12
10,159,36,123,0,Watauga,2022-01-12
69,717,269,448,0,Robeson,2022-01-12
12,133,15,118,0,Montgomery,2022-01-12
106,911,62,849,3,Pitt,2022-01-12
37,392,123,269,0,Burke,2022-01-12
1,23,1,22,0,Pamlico,2022-01-12
40,472,106,366,1,Randolph,2022-01-12
43,348,88,260,1,Caldwell,2022-01-12
14,156,32,124,0,Bladen,2022-01-12
21,295,96,199,0,Henderson,2022-01-12
7,158,12,146,0,Vance,2022-01-12
43,552,150,402,1,Harnett,2022-01-12
36,399,132,267,0,Sampson,2022-01-12
9,170,26,144,0,Person,2022-01-12
11,99,44,55,0,Bertie,2022-01-12
5,81,7,74,0,Warren,2022-01-12
18,152,62,90,0,Haywood,2022-01-12
2,64,7,57,0,Currituck,2022-01-12
21,233,26,207,1,Halifax,2022-01-12
79,824,193,631,0,Union,2022-01-19
53,888,201,687,0,New Hanover,2022-01-19
75,724,274,450,2,Catawba,2022-01-19
66,1042,54,988,1,Durham,2022-01-19
56,574,59,515,0,Davidson,2022-01-19
2,64,14,50,1,Northampton,2022-01-12
75,844,96,748,0,Pitt,2022-01-19
24,348,144,204,3,Duplin,2022-01-19
11,211,79,132,0,Carteret,2022-01-19
26,170,63,107,0,McDowell,2022-01-19
9,188,14,174,1,Person,2022-01-19
8,133,37,96,1,Scotland,2022-01-19
44,482,77,405,3,Brunswick,2022-01-19
28,245,64,181,1,Surry,2022-01-19
17,181,29,152,1,Richmond,2022-01-19
26,415,110,305,0,Craven,2022-01-19
20,252,67,185,0,Wilkes,2022-01-19
11,110,6,104,0,Martin,2022-01-19
16,281,42,239,0,Pender,2022-01-19
20,212,40,172,1,Beaufort,2022-01-19
5,68,9,59,0,Washington,2022-01-19
24,422,21,401,1,Franklin,2022-01-19
1,24,5,19,0,Perquimans,2022-01-19
25,150,6,144,0,Edgecombe,2022-01-19
14,133,49,84,0,Jackson,2022-01-19
13,121,33,88,0,Cherokee,2022-01-19
1,49,20,29,0,Swain,2022-01-19
4,84,6,78,0,Madison,2022-01-19
64,776,99,677,0,Johnston,2022-01-06
94,1322,96,1226,0,Durham,2022-01-06
28,303,55,248,0,Halifax,2022-01-06
80,516,189,327,0,Robeson,2022-01-06
60,636,176,460,3,Cabarrus,2022-01-06
55,670,75,595,2,Alamance,2022-01-06
3,53,14,39,1,Ashe,2022-01-06
8,113,11,102,1,Davie,2022-01-06
24,256,100,156,0,Duplin,2022-01-06
15,205,48,157,1,Caldwell,2022-01-06
6,118,19,99,1,Person,2022-01-06
21,266,63,203,1,Randolph,2022-01-06
33,254,116,138,1,Duplin,2022-01-20
47,536,41,495,0,Alamance,2022-01-20
20,294,46,248,1,Moore,2022-01-06
173,2793,405,2388,5,Mecklenburg,2022-01-20
14,161,35,126,0,Davie,2022-01-20
8,87,6,81,0,Greene,2022-01-06
26,413,13,400,0,Orange,2022-01-20
3,35,4,31,0,Avery,2022-01-20
4,77,16,61,0,Northampton,2022-01-06
44,914,33,881,2,Durham,2022-01-20
37,255,50,205,0,Stanly,2022-01-20
66,759,116,643,0,Johnston,2022-01-20
14,272,50,222,0,Wilson,2022-01-20
76,1188,195,993,0,Cumberland,2022-01-20
48,611,131,480,2,Cabarrus,2022-01-20
25,269,117,152,0,Sampson,2022-01-06
10,121,16,105,0,Bladen,2022-01-06
35,696,213,483,3,Buncombe,2022-01-20
29,252,89,163,0,Burke,2022-01-20
7,98,15,83,0,Hertford,2022-01-06
3,47,3,44,0,Madison,2022-01-06
21,147,20,127,1,Halifax,2022-01-20
16,150,15,135,0,Granville,2022-01-06
30,263,117,146,3,Henderson,2022-01-20
6,71,13,58,0,Montgomery,2022-01-20
5,77,14,63,0,Warren,2022-01-06
11,160,12,148,0,Granville,2022-01-20
7,56,15,41,0,Cherokee,2022-01-06
2,46,12,34,0,Yancey,2022-01-20
0,22,1,21,0,Pamlico,2022-01-06
53,458,211,247,0,Wayne,2022-01-20
4,47,26,21,0,Polk,2022-01-20
23,309,52,257,2,Moore,2022-01-20
6,41,14,27,0,Mitchell,2022-01-06
0,39,12,27,0,Hertford,2022-01-20
18,247,46,201,0,Hoke,2022-01-20
17,193,33,160,0,Beaufort,2022-01-20
6,48,2,46,0,Washington,2022-01-06
1,23,6,17,0,Gates,2022-01-20
2,38,6,32,0,Bertie,2022-01-20
7,76,16,60,1,Macon,2022-01-06
0,15,11,4,0,Graham,2022-01-06
4,27,3,24,0,Clay,2022-01-20
3,29,7,22,0,Perquimans,2022-01-20
2,43,15,28,0,Swain,2022-01-06
55,618,110,508,3,Gaston,2022-01-24
64,673,58,615,0,Pitt,2022-01-24
19,178,47,131,2,Richmond,2022-01-24
31,769,217,552,3,New Hanover,2022-01-24
38,629,218,411,5,Buncombe,2022-01-24
39,662,26,636,4,Forsyth,2022-01-08
6,62,17,45,1,Stanly,2022-01-08
26,205,88,117,0,Robeson,2022-01-08
10,167,69,98,0,Watauga,2022-01-24
24,318,39,279,1,Moore,2022-01-24
11,120,42,78,1,Burke,2022-01-08
3,82,25,57,0,Yadkin,2022-01-24
44,434,206,228,2,Wayne,2022-01-24
19,420,14,406,1,Orange,2022-01-24
23,218,63,155,3,Iredell,2022-01-08
4,59,17,42,0,Avery,2022-01-24
11,115,35,80,2,Scotland,2022-01-24
11,162,29,133,2,Rowan,2022-01-08
7,111,15,96,0,Granville,2022-01-08
5,52,12,40,0,Hertford,2022-01-24
14,137,7,130,0,Vance,2022-01-24
6,89,27,62,2,Henderson,2022-01-08
19,258,80,178,1,Wilson,2022-01-24
2,26,0,26,0,Northampton,2022-01-08
8,60,6,54,0,Halifax,2022-01-08
18,194,76,118,2,Rutherford,2022-01-24
2,48,26,22,0,Washington,2022-01-24
16,228,97,131,1,Sampson,2022-01-24
10,133,26,107,0,Davie,2022-01-24
10,95,11,84,0,Macon,2022-01-24
5,52,16,36,0,Graham,2022-01-24
13,167,60,107,1,McDowell,2022-01-24
17,228,112,116,0,Carteret,2022-01-24
15,186,9,177,0,Granville,2022-01-24
7,42,6,36,0,Montgomery,2022-01-08
13,124,7,117,0,Edgecombe,2022-01-24
7,91,27,64,0,Cherokee,2022-01-24
2,14,1,13,0,Caswell,2022-01-08
8,115,11,104,0,Rockingham,2022-01-08
11,73,4,69,0,Chowan,2022-01-24
4,61,23,38,0,Polk,2022-01-24
6,70,9,61,1,Gaston,2022-06-06
6,17,5,12,0,Rutherford,2022-06-06
1,79,12,67,0,Chatham,2022-01-08
3,20,5,15,0,Richmond,2022-06-06
6,63,25,38,0,Craven,2022-06-06
2,9,4,5,0,Alexander,2022-06-06
4,92,7,85,0,Orange,2022-06-06
7,37,7,30,0,Lincoln,2022-06-06
4,20,2,18,0,Bertie,2022-01-08
2,25,6,19,0,Davie,2022-06-06
3,17,2,15,0,McDowell,2022-06-06
1,23,7,16,0,Wilson,2022-06-06
0,7,2,5,0,Clay,2022-06-06
8,99,37,62,0,Buncombe,2022-06-06
4,25,1,24,0,Currituck,2022-01-08
3,38,1,37,0,Franklin,2022-06-06
2,35,5,30,3,Warren,2022-01-08
3,20,9,11,0,Yadkin,2022-06-06
4,41,18,23,0,Swain,2022-01-24
0,21,1,20,0,Alamance,2022-03-03
0,8,0,8,0,Alamance,2022-03-10
0,3,0,3,0,Alamance,2022-03-16
0,8,0,8,0,Alamance,2022-03-18
0,1,0,1,0,Alamance,2022-03-19
0,13,1,12,0,Alamance,2022-03-21
0,7,0,7,0,Alamance,2022-03-22
0,6,2,4,0,Alamance,2022-03-25
0,7,2,5,0,Alamance,2022-03-27
0,11,7,4,0,Alamance,2022-03-29
0,18,3,15,0,Alamance,2022-04-05
0,8,2,6,0,Alamance,2022-04-09
0,10,1,9,0,Alamance,2022-04-10
0,32,11,21,0,Alamance,2022-04-13
0,7,1,6,0,Alamance,2022-04-16
0,9,0,9,0,Alamance,2022-04-17
0,21,3,18,0,Alamance,2022-04-24
1,15,2,13,0,Alamance,2022-02-25
1,14,4,10,0,Alamance,2022-02-26
1,34,6,28,0,Alamance,2022-02-28
1,13,1,12,0,Alamance,2022-03-07
1,5,1,4,0,Alamance,2022-03-12
1,8,0,8,0,Alamance,2022-03-15
1,7,0,7,0,Alamance,2022-03-23
1,2,0,2,0,Alamance,2022-03-26
1,7,2,5,0,Alamance,2022-04-03
1,17,3,14,0,Alamance,2022-04-04
1,26,7,19,0,Alamance,2022-04-07
1,37,9,28,0,Alamance,2022-04-19
1,27,10,17,0,Alamance,2022-04-20
1,19,5,14,0,Alamance,2022-04-21
1,24,3,21,0,Alamance,2022-04-22
1,34,3,31,0,Alamance,2022-04-27
1,44,6,38,0,Alamance,2022-04-29
1,21,1,20,0,Alamance,2022-04-30
1,30,3,27,0,Alamance,2022-05-29
1,27,2,25,0,Alamance,2022-06-05
1,23,3,20,0,Alamance,2022-06-18
2,19,1,18,0,Alamance,2022-03-04
2,8,1,7,0,Alamance,2022-03-05
2,12,1,11,0,Alamance,2022-03-30
2,31,7,24,0,Alamance,2022-04-08
2,25,3,22,0,Alamance,2022-04-14
2,70,18,52,0,Alamance,2022-05-05
2,32,6,26,0,Alamance,2022-05-08
2,40,3,37,0,Alamance,2022-05-28
2,28,2,26,0,Alamance,2022-06-11
3,25,4,21,0,Alamance,2022-02-24
3,33,6,27,0,Alamance,2022-03-02
3,27,8,19,0,Alamance,2022-04-15
3,32,4,28,0,Alamance,2022-04-28
3,25,1,24,0,Alamance,2022-05-01
3,76,15,61,0,Alamance,2022-05-10
3,36,5,31,0,Alamance,2022-05-14
3,38,2,36,0,Alamance,2022-05-21
3,36,2,34,0,Alamance,2022-06-10
3,45,8,37,0,Alamance,2022-07-01
4,80,5,75,0,Alamance,2022-01-22
4,29,2,27,0,Alamance,2022-03-01
4,32,5,27,0,Alamance,2022-04-12
4,37,13,24,0,Alamance,2022-04-18
4,56,10,46,0,Alamance,2022-04-25
4,75,7,68,0,Alamance,2022-05-19
4,86,15,71,0,Alamance,2022-05-24
4,34,6,28,0,Alamance,2022-06-12
4,51,9,42,0,Alamance,2022-06-17
4,23,2,21,0,Alamance,2022-06-19
4,29,9,20,0,Alamance,2022-07-02
5,85,10,75,0,Alamance,2022-01-30
5,64,10,54,0,Alamance,2022-05-04
5,31,7,24,0,Alamance,2022-05-07
5,37,9,28,0,Alamance,2022-05-15
5,68,18,50,0,Alamance,2022-06-07
5,53,8,45,0,Alamance,2022-06-16
5,29,6,23,0,Alamance,2022-06-26
5,58,11,47,0,Alamance,2022-06-30
6,69,12,57,0,Alamance,2022-05-20
6,37,9,28,0,Alamance,2022-05-30
6,75,5,70,0,Alamance,2022-06-13
6,47,4,43,0,Alamance,2022-06-29
7,50,3,47,0,Alamance,2022-02-18
7,56,19,37,0,Alamance,2022-05-02
7,60,10,50,0,Alamance,2022-05-03
7,104,22,82,0,Alamance,2022-05-16
7,52,8,44,0,Alamance,2022-06-03
7,50,10,40,0,Alamance,2022-06-04
7,55,8,47,0,Alamance,2022-06-22
8,94,11,83,0,Alamance,2022-02-09
8,69,16,53,0,Alamance,2022-05-06
8,71,12,59,0,Alamance,2022-06-27
9,107,26,81,0,Alamance,2022-02-14
9,61,13,48,0,Alamance,2022-06-15
10,86,11,75,0,Alamance,2022-05-13
10,58,14,44,0,Alamance,2022-06-09
11,78,12,66,0,Alamance,2022-05-11
11,73,14,59,0,Alamance,2022-05-12
11,89,7,82,0,Alamance,2022-05-26
11,57,5,52,0,Alamance,2022-06-14
12,92,12,80,0,Alamance,2022-06-01
12,92,18,74,0,Alamance,2022-06-06
12,67,7,60,0,Alamance,2022-06-08
13,80,7,73,0,Alamance,2022-05-25
13,70,12,58,0,Alamance,2022-06-28
14,205,41,164,0,Alamance,2022-01-17
14,114,10,104,0,Alamance,2022-05-23
14,66,16,50,0,Alamance,2022-06-20
14,57,9,48,0,Alamance,2022-06-21
16,276,44,232,0,Alamance,2022-01-09
22,174,26,148,0,Alamance,2022-02-03
23,352,54,298,0,Alamance,2022-01-25
48,764,78,686,0,Alamance,2022-01-05
,0,0,0,0,Alexander,2022-03-06
,0,0,0,0,Alexander,2022-03-20
,0,0,0,0,Alexander,2022-03-26
,0,0,0,0,Alexander,2022-03-27
,0,0,0,0,Alexander,2022-03-28
,0,0,0,0,Alexander,2022-03-29
,0,0,0,0,Alexander,2022-03-30
,0,0,0,0,Alexander,2022-04-01
,0,0,0,0,Alexander,2022-04-02
,0,0,0,0,Alexander,2022-04-03
,0,0,0,0,Alexander,2022-04-07
,0,0,0,0,Alexander,2022-04-09
,0,0,0,0,Alexander,2022-04-10
,0,0,0,0,Alexander,2022-04-15
,0,0,0,0,Alexander,2022-04-17
,0,0,0,0,Alexander,2022-04-23
,0,0,0,0,Alexander,2022-05-01
,0,0,0,0,Alexander,2022-06-05
,0,0,0,0,Alexander,2022-06-19
0,12,2,10,0,Alexander,2022-01-29
0,13,3,10,0,Alexander,2022-02-15
0,5,0,5,0,Alexander,2022-02-19
0,2,0,2,0,Alexander,2022-02-22
0,1,0,1,0,Alexander,2022-02-25
0,2,0,2,0,Alexander,2022-03-02
0,4,1,3,0,Alexander,2022-03-03
0,1,0,1,0,Alexander,2022-03-04
0,1,0,1,0,Alexander,2022-03-05
0,1,0,1,0,Alexander,2022-03-08
0,3,0,3,0,Alexander,2022-03-09
0,1,0,1,0,Alexander,2022-03-11
0,2,2,0,0,Alexander,2022-03-14
0,1,0,1,0,Alexander,2022-03-16
0,1,0,1,0,Alexander,2022-03-17
0,2,1,1,0,Alexander,2022-03-18
0,1,0,1,0,Alexander,2022-03-19
0,2,0,2,0,Alexander,2022-03-21
0,2,0,2,0,Alexander,2022-03-23
0,2,0,2,0,Alexander,2022-03-24
0,1,0,1,0,Alexander,2022-03-25
0,1,0,1,0,Alexander,2022-03-31
0,1,1,0,0,Alexander,2022-04-04
0,2,1,1,0,Alexander,2022-04-08
0,1,1,0,0,Alexander,2022-04-11
0,3,2,1,0,Alexander,2022-04-13
0,1,0,1,0,Alexander,2022-04-14
0,1,1,0,0,Alexander,2022-04-18
0,1,0,1,0,Alexander,2022-04-20
0,1,1,0,0,Alexander,2022-04-21
0,5,2,3,0,Alexander,2022-04-22
0,1,0,1,0,Alexander,2022-04-24
0,4,3,1,0,Alexander,2022-04-25
0,2,1,1,0,Alexander,2022-04-29
0,2,0,2,0,Alexander,2022-04-30
0,2,1,1,0,Alexander,2022-05-02
0,2,1,1,0,Alexander,2022-05-06
0,1,0,1,0,Alexander,2022-05-07
0,1,1,0,0,Alexander,2022-05-08
0,8,5,3,0,Alexander,2022-05-09
0,5,3,2,0,Alexander,2022-05-10
0,4,1,3,0,Alexander,2022-05-11
0,4,0,4,0,Alexander,2022-05-13
0,2,1,1,0,Alexander,2022-05-14
0,2,0,2,0,Alexander,2022-05-15
0,1,1,0,0,Alexander,2022-05-21
0,2,0,2,0,Alexander,2022-05-22
0,9,1,8,0,Alexander,2022-05-25
0,2,1,1,0,Alexander,2022-05-28
0,4,0,4,0,Alexander,2022-05-29
0,4,2,2,0,Alexander,2022-05-30
0,1,0,1,0,Alexander,2022-06-04
0,7,2,5,0,Alexander,2022-06-08
0,1,1,0,0,Alexander,2022-06-11
0,2,1,1,0,Alexander,2022-06-12
0,3,1,2,0,Alexander,2022-06-14
0,3,1,2,0,Alexander,2022-06-18
0,10,4,6,0,Alexander,2022-06-21
0,5,2,3,0,Alexander,2022-06-23
0,6,0,6,0,Alexander,2022-07-02
1,56,16,40,0,Alexander,2022-01-07
1,16,1,15,0,Alexander,2022-01-30
1,18,4,14,0,Alexander,2022-02-11
1,8,2,6,0,Alexander,2022-02-13
1,13,5,8,0,Alexander,2022-02-14
1,15,7,8,0,Alexander,2022-02-21
1,7,0,7,0,Alexander,2022-02-23
1,8,2,6,0,Alexander,2022-02-28
1,3,0,3,0,Alexander,2022-03-12
1,1,1,0,0,Alexander,2022-03-13
1,2,0,2,0,Alexander,2022-03-15
1,2,2,0,0,Alexander,2022-03-22
1,2,0,2,0,Alexander,2022-04-05
1,1,1,0,0,Alexander,2022-04-06
1,2,1,1,0,Alexander,2022-04-12
1,5,1,4,0,Alexander,2022-04-27
1,6,3,3,0,Alexander,2022-04-28
1,6,3,3,0,Alexander,2022-05-03
1,3,0,3,0,Alexander,2022-05-04
1,3,0,3,0,Alexander,2022-05-05
1,3,0,3,0,Alexander,2022-05-12
1,11,3,8,0,Alexander,2022-05-19
1,8,3,5,0,Alexander,2022-05-23
1,5,0,5,0,Alexander,2022-05-27
1,6,3,3,0,Alexander,2022-06-02
1,10,3,7,0,Alexander,2022-06-07
1,8,1,7,0,Alexander,2022-06-09
1,8,4,4,0,Alexander,2022-06-10
1,9,1,8,0,Alexander,2022-06-13
1,4,1,3,0,Alexander,2022-06-15
1,1,0,1,0,Alexander,2022-06-17
1,8,1,7,0,Alexander,2022-06-20
1,1,1,0,0,Alexander,2022-06-26
1,8,3,5,0,Alexander,2022-06-30
1,7,1,6,0,Alexander,2022-07-01
2,60,12,48,0,Alexander,2022-01-28
2,41,9,32,0,Alexander,2022-02-04
2,30,11,19,0,Alexander,2022-02-08
2,11,0,11,0,Alexander,2022-02-12
2,13,2,11,0,Alexander,2022-02-17
2,12,0,12,0,Alexander,2022-02-20
2,3,2,1,0,Alexander,2022-04-19
2,6,1,5,0,Alexander,2022-04-26
2,11,5,6,0,Alexander,2022-05-17
2,9,0,9,0,Alexander,2022-05-24
2,8,3,5,0,Alexander,2022-05-26
2,11,3,8,0,Alexander,2022-06-22
2,4,1,3,0,Alexander,2022-06-25
3,22,12,10,0,Alexander,2022-01-17
3,23,5,18,0,Alexander,2022-02-05
3,6,1,5,0,Alexander,2022-05-16
3,13,1,12,0,Alexander,2022-05-20
3,7,2,5,0,Alexander,2022-06-16
3,18,3,15,0,Alexander,2022-06-24
3,10,0,10,0,Alexander,2022-06-28
4,53,11,42,0,Alexander,2022-01-08
4,40,8,32,0,Alexander,2022-01-09
4,64,17,47,0,Alexander,2022-01-27
4,9,3,6,0,Alexander,2022-05-31
4,16,7,9,0,Alexander,2022-06-27
5,46,15,31,0,Alexander,2022-02-01
6,38,6,32,0,Alexander,2022-02-02
6,48,15,33,0,Alexander,2022-02-07
6,15,5,10,0,Alexander,2022-06-29
7,91,31,60,0,Alexander,2022-01-05
8,95,27,68,0,Alexander,2022-01-06
8,50,20,30,0,Alexander,2022-01-22
9,85,19,66,0,Alexander,2022-01-21
9,71,24,47,0,Alexander,2022-01-31
10,85,21,64,0,Alexander,2022-01-25
11,104,17,87,0,Alexander,2022-01-14
12,120,26,94,0,Alexander,2022-01-13
15,126,26,100,0,Alexander,2022-01-20
23,144,62,82,0,Alexander,2022-01-10
,0,0,0,0,Alleghany,2022-02-12
,0,0,0,0,Alleghany,2022-02-27
,0,0,0,0,Alleghany,2022-03-06
,0,0,0,0,Alleghany,2022-03-07
,0,0,0,0,Alleghany,2022-03-08
,0,0,0,0,Alleghany,2022-03-11
,0,0,0,0,Alleghany,2022-03-12
,0,0,0,0,Alleghany,2022-03-13
,0,0,0,0,Alleghany,2022-03-14
,0,0,0,0,Alleghany,2022-03-15
,0,0,0,0,Alleghany,2022-03-17
,0,0,0,0,Alleghany,2022-03-21
,0,0,0,0,Alleghany,2022-03-22
,0,0,0,0,Alleghany,2022-03-24
,0,0,0,0,Alleghany,2022-03-25
,0,0,0,0,Alleghany,2022-03-26
,0,0,0,0,Alleghany,2022-03-27
,0,0,0,0,Alleghany,2022-03-28
,0,0,0,0,Alleghany,2022-03-31
,0,0,0,0,Alleghany,2022-04-01
,0,0,0,0,Alleghany,2022-04-02
,0,0,0,0,Alleghany,2022-04-03
,0,0,0,0,Alleghany,2022-04-04
,0,0,0,0,Alleghany,2022-04-05
,0,0,0,0,Alleghany,2022-04-07
,0,0,0,0,Alleghany,2022-04-09
,0,0,0,0,Alleghany,2022-04-10
,0,0,0,0,Alleghany,2022-04-11
,0,0,0,0,Alleghany,2022-04-12
,0,0,0,0,Alleghany,2022-04-14
,0,0,0,0,Alleghany,2022-04-16
,0,0,0,0,Alleghany,2022-04-17
,0,0,0,0,Alleghany,2022-04-19
,0,0,0,0,Alleghany,2022-04-20
,0,0,0,0,Alleghany,2022-04-22
,0,0,0,0,Alleghany,2022-04-24
,0,0,0,0,Alleghany,2022-04-25
,0,0,0,0,Alleghany,2022-04-26
,0,0,0,0,Alleghany,2022-04-27
,0,0,0,0,Alleghany,2022-04-30
,0,0,0,0,Alleghany,2022-05-03
,0,0,0,0,Alleghany,2022-05-08
,0,0,0,0,Alleghany,2022-05-12
,0,0,0,0,Alleghany,2022-06-04
,0,0,0,0,Alleghany,2022-06-05
,0,0,0,0,Alleghany,2022-06-09
,0,0,0,0,Alleghany,2022-06-10
,0,0,0,0,Alleghany,2022-06-11
,0,0,0,0,Alleghany,2022-06-17
,0,0,0,0,Alleghany,2022-06-21
,0,0,0,0,Alleghany,2022-07-02
0,7,5,2,0,Alleghany,2022-01-07
0,6,3,3,0,Alleghany,2022-01-08
0,7,5,2,0,Alleghany,2022-01-09
0,2,2,0,0,Alleghany,2022-01-15
0,7,4,3,0,Alleghany,2022-01-17
0,11,3,8,0,Alleghany,2022-01-18
0,3,2,1,0,Alleghany,2022-01-22
0,3,1,2,0,Alleghany,2022-01-29
0,4,1,3,0,Alleghany,2022-01-30
0,19,8,11,0,Alleghany,2022-02-04
0,2,1,1,0,Alleghany,2022-02-06
0,3,0,3,0,Alleghany,2022-02-11
0,1,0,1,0,Alleghany,2022-02-13
0,5,0,5,0,Alleghany,2022-02-16
0,6,2,4,0,Alleghany,2022-02-17
0,7,4,3,0,Alleghany,2022-02-18
0,1,0,1,0,Alleghany,2022-02-19
0,1,0,1,0,Alleghany,2022-02-20
0,9,1,8,0,Alleghany,2022-02-22
0,4,0,4,0,Alleghany,2022-02-24
0,4,0,4,0,Alleghany,2022-02-25
0,4,0,4,0,Alleghany,2022-02-26
0,4,0,4,0,Alleghany,2022-02-28
0,4,2,2,0,Alleghany,2022-03-03
0,1,1,0,0,Alleghany,2022-03-05
0,3,2,1,0,Alleghany,2022-03-09
0,1,0,1,0,Alleghany,2022-03-10
0,2,2,0,0,Alleghany,2022-03-16
0,1,1,0,0,Alleghany,2022-03-19
0,3,2,1,0,Alleghany,2022-03-20
0,1,0,1,0,Alleghany,2022-03-29
0,1,1,0,0,Alleghany,2022-04-06
0,1,0,1,0,Alleghany,2022-04-08
0,1,0,1,0,Alleghany,2022-04-13
0,1,1,0,0,Alleghany,2022-04-15
0,1,1,0,0,Alleghany,2022-04-18
0,2,0,2,0,Alleghany,2022-04-21
0,1,1,0,0,Alleghany,2022-04-23
0,2,1,1,0,Alleghany,2022-04-28
0,1,0,1,0,Alleghany,2022-04-29
0,1,0,1,0,Alleghany,2022-05-01
0,1,0,1,0,Alleghany,2022-05-02
0,2,1,1,0,Alleghany,2022-05-04
0,3,1,2,0,Alleghany,2022-05-05
0,1,0,1,0,Alleghany,2022-05-06
0,1,0,1,0,Alleghany,2022-05-07
0,3,0,3,0,Alleghany,2022-05-09
0,1,0,1,0,Alleghany,2022-05-10
0,1,0,1,0,Alleghany,2022-05-11
0,1,0,1,0,Alleghany,2022-05-13
0,1,0,1,0,Alleghany,2022-05-14
0,1,0,1,0,Alleghany,2022-05-15
0,1,0,1,0,Alleghany,2022-05-16
0,10,4,6,0,Alleghany,2022-05-17
0,5,2,3,0,Alleghany,2022-05-18
0,1,0,1,0,Alleghany,2022-05-19
0,3,2,1,0,Alleghany,2022-05-21
0,1,0,1,0,Alleghany,2022-05-26
0,2,1,1,0,Alleghany,2022-05-28
0,1,1,0,0,Alleghany,2022-05-29
0,3,2,1,0,Alleghany,2022-05-30
0,3,3,0,0,Alleghany,2022-06-03
0,1,1,0,0,Alleghany,2022-06-12
0,1,0,1,0,Alleghany,2022-06-13
0,2,0,2,0,Alleghany,2022-06-16
0,2,0,2,0,Alleghany,2022-06-18
0,1,1,0,0,Alleghany,2022-06-23
0,2,1,1,0,Alleghany,2022-06-24
0,1,1,0,0,Alleghany,2022-06-25
0,2,2,0,0,Alleghany,2022-06-26
0,1,0,1,0,Alleghany,2022-06-27
0,4,3,1,0,Alleghany,2022-06-29
0,2,2,0,0,Alleghany,2022-06-30
0,7,5,2,0,Alleghany,2022-07-01
1,31,12,19,0,Alleghany,2022-01-14
1,3,3,0,0,Alleghany,2022-01-16
1,23,3,20,0,Alleghany,2022-01-21
1,20,6,14,0,Alleghany,2022-01-28
1,22,4,18,0,Alleghany,2022-02-02
1,3,2,1,0,Alleghany,2022-02-05
1,13,5,8,0,Alleghany,2022-02-07
1,8,1,7,0,Alleghany,2022-02-09
1,11,5,6,0,Alleghany,2022-02-10
1,10,1,9,0,Alleghany,2022-02-14
1,10,7,3,0,Alleghany,2022-02-15
1,6,1,5,0,Alleghany,2022-02-23
1,3,0,3,0,Alleghany,2022-03-01
1,2,0,2,0,Alleghany,2022-03-04
1,1,0,1,0,Alleghany,2022-03-23
1,1,1,0,0,Alleghany,2022-03-30
1,2,2,0,0,Alleghany,2022-05-22
1,6,4,2,0,Alleghany,2022-05-23
1,3,2,1,0,Alleghany,2022-05-27
1,5,3,2,0,Alleghany,2022-06-07
1,3,0,3,0,Alleghany,2022-06-14
1,3,0,3,0,Alleghany,2022-06-15
1,1,1,0,0,Alleghany,2022-06-19
1,2,1,1,0,Alleghany,2022-06-22
2,24,4,20,0,Alleghany,2022-01-05
2,28,7,21,0,Alleghany,2022-01-06
2,38,5,33,0,Alleghany,2022-01-12
2,15,3,12,0,Alleghany,2022-02-03
2,7,2,5,0,Alleghany,2022-02-08
2,10,8,2,0,Alleghany,2022-02-21
2,5,2,3,0,Alleghany,2022-03-02
2,5,4,1,0,Alleghany,2022-05-20
2,5,3,2,0,Alleghany,2022-06-06
2,7,6,1,0,Alleghany,2022-06-08
2,3,1,2,0,Alleghany,2022-06-20
2,5,3,2,0,Alleghany,2022-06-28
3,50,12,38,0,Alleghany,2022-01-10
3,36,7,29,0,Alleghany,2022-01-19
3,21,2,19,0,Alleghany,2022-01-20
3,23,4,19,0,Alleghany,2022-01-26
3,26,7,19,0,Alleghany,2022-01-31
3,9,7,2,0,Alleghany,2022-05-24
3,5,5,0,0,Alleghany,2022-05-25
3,6,3,3,0,Alleghany,2022-06-01
3,6,3,3,0,Alleghany,2022-06-02
4,5,4,1,0,Alleghany,2022-01-23
4,41,8,33,0,Alleghany,2022-01-24
,0,0,0,0,Anson,2022-03-02
,0,0,0,0,Anson,2022-03-08
,0,0,0,0,Anson,2022-03-09
,0,0,0,0,Anson,2022-03-11
,0,0,0,0,Anson,2022-03-17
,0,0,0,0,Anson,2022-03-19
,0,0,0,0,Anson,2022-03-23
,0,0,0,0,Anson,2022-03-24
,0,0,0,0,Anson,2022-03-25
,0,0,0,0,Anson,2022-03-26
,0,0,0,0,Anson,2022-03-27
,0,0,0,0,Anson,2022-03-28
,0,0,0,0,Anson,2022-03-29
,0,0,0,0,Anson,2022-03-30
,0,0,0,0,Anson,2022-03-31
,0,0,0,0,Anson,2022-04-01
,0,0,0,0,Anson,2022-04-02
,0,0,0,0,Anson,2022-04-03
,0,0,0,0,Anson,2022-04-04
,0,0,0,0,Anson,2022-04-05
,0,0,0,0,Anson,2022-04-07
,0,0,0,0,Anson,2022-04-08
,0,0,0,0,Anson,2022-04-09
,0,0,0,0,Anson,2022-04-10
,0,0,0,0,Anson,2022-04-11
,0,0,0,0,Anson,2022-04-12
,0,0,0,0,Anson,2022-04-13
,0,0,0,0,Anson,2022-04-15
,0,0,0,0,Anson,2022-04-16
,0,0,0,0,Anson,2022-04-17
,0,0,0,0,Anson,2022-04-18
,0,0,0,0,Anson,2022-04-19
,0,0,0,0,Anson,2022-04-21
,0,0,0,0,Anson,2022-04-22
,0,0,0,0,Anson,2022-04-23
,0,0,0,0,Anson,2022-04-24
,0,0,0,0,Anson,2022-04-25
,0,0,0,0,Anson,2022-04-26
,0,0,0,0,Anson,2022-04-27
,0,0,0,0,Anson,2022-05-01
,0,0,0,0,Anson,2022-06-04
,0,0,0,0,Anson,2022-06-19
0,8,0,8,0,Anson,2022-01-16
0,24,6,18,0,Anson,2022-02-01
0,12,1,11,0,Anson,2022-02-05
0,3,1,2,0,Anson,2022-02-12
0,3,0,3,0,Anson,2022-02-17
0,6,2,4,0,Anson,2022-02-21
0,1,1,0,0,Anson,2022-02-22
0,3,2,1,0,Anson,2022-02-24
0,2,0,2,0,Anson,2022-02-26
0,5,1,4,0,Anson,2022-02-28
0,1,0,1,0,Anson,2022-03-03
0,1,0,1,0,Anson,2022-03-04
0,1,0,1,0,Anson,2022-03-06
0,1,0,1,0,Anson,2022-03-10
0,1,0,1,0,Anson,2022-03-12
0,1,0,1,0,Anson,2022-03-13
0,1,0,1,0,Anson,2022-03-14
0,1,0,1,0,Anson,2022-03-15
0,1,0,1,0,Anson,2022-03-16
0,1,0,1,0,Anson,2022-03-18
0,2,0,2,0,Anson,2022-03-20
0,2,0,2,0,Anson,2022-03-22
0,2,1,1,0,Anson,2022-04-14
0,1,0,1,0,Anson,2022-04-28
0,1,1,0,0,Anson,2022-04-29
0,1,1,0,0,Anson,2022-04-30
0,2,0,2,0,Anson,2022-05-02
0,4,0,4,0,Anson,2022-05-03
0,1,1,0,0,Anson,2022-05-04
0,1,0,1,0,Anson,2022-05-05
0,3,1,2,0,Anson,2022-05-06
0,3,0,3,0,Anson,2022-05-07
0,4,1,3,0,Anson,2022-05-08
0,2,0,2,0,Anson,2022-05-10
0,9,1,8,0,Anson,2022-05-12
0,5,1,4,0,Anson,2022-05-13
0,4,2,2,0,Anson,2022-05-15
0,7,0,7,0,Anson,2022-05-18
0,5,0,5,0,Anson,2022-05-19
0,5,0,5,0,Anson,2022-05-20
0,3,1,2,0,Anson,2022-05-21
0,3,0,3,0,Anson,2022-05-22
0,5,0,5,0,Anson,2022-05-25
0,2,0,2,0,Anson,2022-05-30
0,9,0,9,0,Anson,2022-06-02
0,4,0,4,0,Anson,2022-06-06
0,10,0,10,0,Anson,2022-06-08
0,4,1,3,0,Anson,2022-06-10
0,1,0,1,0,Anson,2022-06-12
0,14,1,13,0,Anson,2022-06-28
0,4,1,3,0,Anson,2022-07-02
1,17,4,13,0,Anson,2022-01-22
1,21,3,18,0,Anson,2022-02-02
1,16,3,13,0,Anson,2022-02-04
1,20,4,16,0,Anson,2022-02-07
1,3,0,3,0,Anson,2022-02-18
1,6,5,1,0,Anson,2022-02-19
1,3,0,3,0,Anson,2022-02-25
1,1,0,1,0,Anson,2022-03-01
1,3,2,1,0,Anson,2022-03-07
1,1,0,1,0,Anson,2022-04-06
1,2,0,2,0,Anson,2022-04-20
1,3,0,3,0,Anson,2022-05-14
1,6,2,4,0,Anson,2022-05-16
1,3,1,2,0,Anson,2022-05-17
1,7,1,6,0,Anson,2022-05-24
1,9,3,6,0,Anson,2022-05-26
1,4,1,3,0,Anson,2022-05-28
1,5,1,4,0,Anson,2022-05-29
1,6,1,5,0,Anson,2022-06-01
1,4,2,2,0,Anson,2022-06-05
1,8,0,8,0,Anson,2022-06-09
1,5,2,3,0,Anson,2022-06-11
1,11,0,11,0,Anson,2022-06-17
1,5,0,5,0,Anson,2022-06-18
1,13,1,12,0,Anson,2022-06-21
1,5,3,2,0,Anson,2022-06-23
1,7,0,7,0,Anson,2022-06-26
1,4,2,2,0,Anson,2022-06-30
1,2,0,2,0,Anson,2022-07-01
2,12,3,9,0,Anson,2022-01-29
2,44,10,34,0,Anson,2022-01-31
2,10,1,9,0,Anson,2022-02-11
2,7,1,6,0,Anson,2022-05-09
2,4,1,3,0,Anson,2022-05-11
2,8,0,8,0,Anson,2022-05-23
2,6,0,6,0,Anson,2022-05-27
2,8,1,7,0,Anson,2022-06-07
2,9,0,9,0,Anson,2022-06-13
2,6,1,5,0,Anson,2022-06-14
2,5,0,5,0,Anson,2022-06-25
2,5,1,4,0,Anson,2022-06-29
3,36,12,24,0,Anson,2022-01-21
3,55,16,39,0,Anson,2022-01-26
3,8,0,8,0,Anson,2022-05-31
3,9,0,9,0,Anson,2022-06-15
3,14,1,13,0,Anson,2022-06-22
4,82,21,61,0,Anson,2022-01-24
4,19,7,12,0,Anson,2022-02-14
4,14,0,14,0,Anson,2022-06-24
5,38,7,31,0,Anson,2022-01-28
5,15,2,13,0,Anson,2022-06-27
6,85,9,76,0,Anson,2022-01-07
6,105,9,96,0,Anson,2022-01-11
7,45,6,39,0,Anson,2022-01-17
7,27,10,17,0,Anson,2022-06-16
8,94,16,78,0,Anson,2022-01-13
9,114,19,95,0,Anson,2022-01-10
9,88,11,77,0,Anson,2022-01-12
10,85,15,70,0,Anson,2022-01-05
10,110,29,81,0,Anson,2022-01-18
11,33,2,31,0,Anson,2022-06-20
12,75,11,64,0,Anson,2022-01-14
,0,0,0,0,Ashe,2022-03-05
,0,0,0,0,Ashe,2022-03-12
,0,0,0,0,Ashe,2022-03-13
,0,0,0,0,Ashe,2022-03-15
,0,0,0,0,Ashe,2022-03-16
,0,0,0,0,Ashe,2022-03-17
,0,0,0,0,Ashe,2022-03-20
,0,0,0,0,Ashe,2022-03-22
,0,0,0,0,Ashe,2022-03-23
,0,0,0,0,Ashe,2022-03-24
,0,0,0,0,Ashe,2022-03-25
,0,0,0,0,Ashe,2022-03-26
,0,0,0,0,Ashe,2022-03-27
,0,0,0,0,Ashe,2022-03-29
,0,0,0,0,Ashe,2022-03-30
,0,0,0,0,Ashe,2022-03-31
,0,0,0,0,Ashe,2022-04-02
,0,0,0,0,Ashe,2022-04-03
,0,0,0,0,Ashe,2022-04-07
,0,0,0,0,Ashe,2022-04-09
,0,0,0,0,Ashe,2022-04-10
,0,0,0,0,Ashe,2022-04-11
,0,0,0,0,Ashe,2022-04-13
,0,0,0,0,Ashe,2022-04-15
,0,0,0,0,Ashe,2022-04-16
,0,0,0,0,Ashe,2022-04-17
,0,0,0,0,Ashe,2022-04-19
,0,0,0,0,Ashe,2022-04-29
,0,0,0,0,Ashe,2022-05-30
,0,0,0,0,Ashe,2022-06-12
,0,0,0,0,Ashe,2022-06-25
,0,0,0,0,Ashe,2022-06-26
0,16,8,8,0,Ashe,2022-01-08
0,4,1,3,0,Ashe,2022-01-16
0,12,6,6,0,Ashe,2022-01-17
0,11,5,6,0,Ashe,2022-01-23
0,4,1,3,0,Ashe,2022-01-29
0,30,12,18,0,Ashe,2022-02-09
0,20,7,13,0,Ashe,2022-02-10
0,13,10,3,0,Ashe,2022-02-12
0,1,0,1,0,Ashe,2022-02-13
0,11,5,6,0,Ashe,2022-02-17
0,2,2,0,0,Ashe,2022-02-20
0,4,3,1,0,Ashe,2022-02-27
0,2,2,0,0,Ashe,2022-03-02
0,1,0,1,0,Ashe,2022-03-06
0,3,1,2,0,Ashe,2022-03-07
0,1,0,1,0,Ashe,2022-03-08
0,2,0,2,0,Ashe,2022-03-11
0,5,0,5,0,Ashe,2022-03-14
0,1,0,1,0,Ashe,2022-03-19
0,1,1,0,0,Ashe,2022-03-21
0,1,0,1,0,Ashe,2022-04-04
0,3,2,1,0,Ashe,2022-04-05
0,2,2,0,0,Ashe,2022-04-06
0,2,0,2,0,Ashe,2022-04-08
0,2,0,2,0,Ashe,2022-04-12
0,2,2,0,0,Ashe,2022-04-14
0,5,0,5,0,Ashe,2022-04-20
0,3,1,2,0,Ashe,2022-04-21
0,2,2,0,0,Ashe,2022-04-24
0,3,2,1,0,Ashe,2022-04-27
0,1,1,0,0,Ashe,2022-04-30
0,3,2,1,0,Ashe,2022-05-05
0,5,2,3,0,Ashe,2022-05-06
0,4,3,1,0,Ashe,2022-05-07
0,2,1,1,0,Ashe,2022-05-08
0,3,3,0,0,Ashe,2022-05-09
0,4,1,3,0,Ashe,2022-05-10
0,4,4,0,0,Ashe,2022-05-11
0,6,1,5,0,Ashe,2022-05-12
0,6,6,0,0,Ashe,2022-05-14
0,1,0,1,0,Ashe,2022-05-15
0,4,2,2,0,Ashe,2022-05-18
0,3,2,1,0,Ashe,2022-05-20
0,3,2,1,0,Ashe,2022-05-22
0,4,1,3,0,Ashe,2022-05-24
0,6,0,6,0,Ashe,2022-05-25
0,7,3,4,0,Ashe,2022-05-26
0,4,2,2,0,Ashe,2022-05-28
0,4,1,3,0,Ashe,2022-06-02
0,2,1,1,0,Ashe,2022-06-03
0,1,0,1,0,Ashe,2022-06-05
0,1,0,1,0,Ashe,2022-06-11
0,1,1,0,0,Ashe,2022-06-16
0,2,1,1,0,Ashe,2022-06-17
0,1,0,1,0,Ashe,2022-06-18
0,2,1,1,0,Ashe,2022-06-19
0,5,1,4,0,Ashe,2022-06-20
0,2,1,1,0,Ashe,2022-06-29
1,17,7,10,0,Ashe,2022-01-15
1,12,8,4,0,Ashe,2022-01-30
1,36,10,26,0,Ashe,2022-02-02
1,16,4,12,0,Ashe,2022-02-18
1,7,6,1,0,Ashe,2022-02-19
1,14,8,6,0,Ashe,2022-02-23
1,10,3,7,0,Ashe,2022-03-01
1,4,3,1,0,Ashe,2022-03-03
1,4,1,3,0,Ashe,2022-03-09
1,1,0,1,0,Ashe,2022-03-18
1,2,0,2,0,Ashe,2022-03-28
1,2,0,2,0,Ashe,2022-04-01
1,3,1,2,0,Ashe,2022-04-18
1,6,2,4,0,Ashe,2022-04-26
1,5,4,1,0,Ashe,2022-04-28
1,4,2,2,0,Ashe,2022-05-02
1,7,4,3,0,Ashe,2022-05-04
1,5,2,3,0,Ashe,2022-05-13
1,3,0,3,0,Ashe,2022-05-17
1,4,4,0,0,Ashe,2022-05-19
1,5,2,3,0,Ashe,2022-05-27
1,3,2,1,0,Ashe,2022-05-29
1,6,3,3,0,Ashe,2022-06-04
1,8,2,6,0,Ashe,2022-06-07
1,1,1,0,0,Ashe,2022-06-10
1,4,3,1,0,Ashe,2022-06-15
1,7,1,6,0,Ashe,2022-06-24
1,5,1,4,0,Ashe,2022-06-28
1,5,1,4,0,Ashe,2022-07-01
1,4,3,1,0,Ashe,2022-07-02
2,27,8,19,0,Ashe,2022-01-07
2,9,4,5,0,Ashe,2022-01-09
2,30,7,23,0,Ashe,2022-01-28
2,27,15,12,0,Ashe,2022-02-15
2,15,9,6,0,Ashe,2022-02-22
2,13,5,8,0,Ashe,2022-02-28
2,7,3,4,0,Ashe,2022-05-03
2,9,5,4,0,Ashe,2022-05-31
2,10,3,7,0,Ashe,2022-06-01
2,13,3,10,0,Ashe,2022-06-13
2,11,3,8,0,Ashe,2022-06-14
2,8,4,4,0,Ashe,2022-06-21
2,10,2,8,0,Ashe,2022-06-22
2,5,4,1,0,Ashe,2022-06-23
3,5,3,2,0,Ashe,2022-05-21
3,12,9,3,0,Ashe,2022-05-23
3,11,4,7,0,Ashe,2022-06-06
3,7,6,1,0,Ashe,2022-06-08
3,12,5,7,0,Ashe,2022-06-27
3,6,1,5,0,Ashe,2022-06-30
4,54,10,44,0,Ashe,2022-01-05
4,12,8,4,0,Ashe,2022-02-05
4,23,10,13,0,Ashe,2022-02-14
5,43,6,37,0,Ashe,2022-01-26
5,42,24,18,0,Ashe,2022-02-07
5,42,22,20,0,Ashe,2022-02-08
7,36,15,21,0,Ashe,2022-01-27
8,41,22,19,0,Ashe,2022-02-04
10,67,27,40,0,Ashe,2022-01-13
10,50,17,33,0,Ashe,2022-01-18
10,48,24,24,0,Ashe,2022-02-03
11,92,24,68,0,Ashe,2022-01-10
11,94,28,66,0,Ashe,2022-01-24
,0,0,0,0,Avery,2022-01-16
,0,0,0,0,Avery,2022-02-26
,0,0,0,0,Avery,2022-03-05
,0,0,0,0,Avery,2022-03-20
,0,0,0,0,Avery,2022-03-24
,0,0,0,0,Avery,2022-03-28
,0,0,0,0,Avery,2022-03-29
,0,0,0,0,Avery,2022-04-02
,0,0,0,0,Avery,2022-04-03
,0,0,0,0,Avery,2022-04-04
,0,0,0,0,Avery,2022-04-05
,0,0,0,0,Avery,2022-04-06
,0,0,0,0,Avery,2022-04-07
,0,0,0,0,Avery,2022-04-08
,0,0,0,0,Avery,2022-04-14
,0,0,0,0,Avery,2022-04-15
,0,0,0,0,Avery,2022-05-01
,0,0,0,0,Avery,2022-05-11
,0,0,0,0,Avery,2022-05-15
,0,0,0,0,Avery,2022-05-21
0,11,5,6,0,Avery,2022-01-09
0,5,1,4,0,Avery,2022-01-17
0,28,4,24,0,Avery,2022-01-26
0,17,0,17,0,Avery,2022-01-28
0,3,0,3,0,Avery,2022-01-30
0,7,4,3,0,Avery,2022-02-28
0,5,1,4,0,Avery,2022-03-01
0,2,0,2,0,Avery,2022-03-02
0,5,4,1,0,Avery,2022-03-07
0,2,2,0,0,Avery,2022-03-09
0,1,0,1,0,Avery,2022-03-11
0,1,0,1,0,Avery,2022-03-12
0,1,0,1,0,Avery,2022-03-13
0,1,1,0,0,Avery,2022-03-14
0,3,3,0,0,Avery,2022-03-15
0,1,1,0,0,Avery,2022-03-16
0,1,1,0,0,Avery,2022-03-18
0,6,4,2,0,Avery,2022-03-19
0,2,1,1,0,Avery,2022-03-21
0,1,0,1,0,Avery,2022-03-25
0,1,0,1,0,Avery,2022-03-27
0,2,1,1,0,Avery,2022-03-30
0,4,2,2,0,Avery,2022-03-31
0,1,0,1,0,Avery,2022-04-09
0,1,1,0,0,Avery,2022-04-10
0,1,1,0,0,Avery,2022-04-11
0,4,4,0,0,Avery,2022-04-12
0,2,0,2,0,Avery,2022-04-13
0,1,0,1,0,Avery,2022-04-16
0,2,0,2,0,Avery,2022-04-17
0,2,0,2,0,Avery,2022-04-18
0,4,1,3,0,Avery,2022-04-19
0,1,0,1,0,Avery,2022-04-20
0,5,2,3,0,Avery,2022-04-21
0,2,1,1,0,Avery,2022-04-22
0,1,0,1,0,Avery,2022-04-23
0,3,1,2,0,Avery,2022-04-24
0,2,2,0,0,Avery,2022-04-25
0,1,0,1,0,Avery,2022-04-27
0,1,1,0,0,Avery,2022-04-28
0,2,1,1,0,Avery,2022-04-30
0,2,0,2,0,Avery,2022-05-02
0,3,1,2,0,Avery,2022-05-03
0,2,0,2,0,Avery,2022-05-04
0,2,1,1,0,Avery,2022-05-05
0,3,2,1,0,Avery,2022-05-06
0,2,0,2,0,Avery,2022-05-07
0,1,1,0,0,Avery,2022-05-08
0,2,1,1,0,Avery,2022-05-09
0,3,1,2,0,Avery,2022-05-10
0,1,0,1,0,Avery,2022-05-12
0,5,1,4,0,Avery,2022-05-13
0,5,1,4,0,Avery,2022-05-18
0,1,0,1,0,Avery,2022-05-19
0,4,1,3,0,Avery,2022-05-20
0,1,0,1,0,Avery,2022-05-22
0,7,2,5,0,Avery,2022-05-24
0,3,2,1,0,Avery,2022-05-25
0,1,0,1,0,Avery,2022-05-27
0,3,1,2,0,Avery,2022-05-28
0,1,1,0,0,Avery,2022-05-29
0,5,2,3,0,Avery,2022-06-01
0,5,2,3,0,Avery,2022-06-03
0,1,0,1,0,Avery,2022-06-05
0,8,3,5,0,Avery,2022-06-06
0,2,0,2,0,Avery,2022-06-08
0,7,2,5,0,Avery,2022-06-09
0,1,0,1,0,Avery,2022-06-11
0,5,1,4,0,Avery,2022-06-13
0,3,0,3,0,Avery,2022-06-15
0,3,1,2,0,Avery,2022-06-19
0,4,0,4,0,Avery,2022-06-20
0,1,1,0,0,Avery,2022-06-21
0,2,1,1,0,Avery,2022-06-23
0,3,1,2,0,Avery,2022-06-24
0,4,0,4,0,Avery,2022-06-25
0,2,0,2,0,Avery,2022-06-26
0,7,3,4,0,Avery,2022-06-27
0,5,0,5,0,Avery,2022-06-29
0,3,0,3,0,Avery,2022-07-01
1,16,3,13,0,Avery,2022-01-08
1,20,2,18,0,Avery,2022-01-18
1,12,1,11,0,Avery,2022-01-22
1,4,1,3,0,Avery,2022-01-29
1,22,4,18,0,Avery,2022-02-01
1,14,1,13,0,Avery,2022-02-04
1,28,5,23,0,Avery,2022-02-07
1,7,1,6,0,Avery,2022-02-11
1,7,2,5,0,Avery,2022-02-19
1,12,6,6,0,Avery,2022-02-22
1,5,2,3,0,Avery,2022-02-24
1,2,1,1,0,Avery,2022-02-27
1,6,0,6,0,Avery,2022-03-03
1,3,2,1,0,Avery,2022-03-08
1,7,2,5,0,Avery,2022-03-10
1,2,1,1,0,Avery,2022-03-23
1,1,0,1,0,Avery,2022-03-26
1,3,2,1,0,Avery,2022-04-01
1,3,1,2,0,Avery,2022-05-14
1,3,0,3,0,Avery,2022-05-16
1,9,8,1,0,Avery,2022-05-23
1,2,2,0,0,Avery,2022-05-26
1,4,1,3,0,Avery,2022-06-02
1,2,0,2,0,Avery,2022-06-04
1,8,6,2,0,Avery,2022-06-07
1,14,4,10,0,Avery,2022-06-10
1,6,1,5,0,Avery,2022-06-12
1,7,2,5,0,Avery,2022-06-14
1,3,1,2,0,Avery,2022-06-16
1,7,4,3,0,Avery,2022-06-18
1,3,2,1,0,Avery,2022-06-22
1,5,0,5,0,Avery,2022-06-30
1,3,0,3,0,Avery,2022-07-02
2,17,3,14,0,Avery,2022-01-07
2,13,2,11,0,Avery,2022-01-23
2,21,4,17,0,Avery,2022-01-25
2,22,3,19,0,Avery,2022-02-03
2,17,2,15,0,Avery,2022-02-09
2,15,5,10,0,Avery,2022-02-10
2,8,3,5,0,Avery,2022-02-13
2,12,7,5,0,Avery,2022-02-17
2,5,2,3,0,Avery,2022-02-25
2,13,4,9,0,Avery,2022-05-17
2,4,1,3,0,Avery,2022-05-30
2,7,3,4,0,Avery,2022-05-31
2,12,2,10,0,Avery,2022-06-17
2,5,1,4,0,Avery,2022-06-28
3,42,6,36,0,Avery,2022-01-05
3,37,5,32,0,Avery,2022-01-13
3,46,1,45,0,Avery,2022-01-14
3,16,3,13,0,Avery,2022-02-02
3,14,2,12,0,Avery,2022-02-05
3,25,10,15,0,Avery,2022-02-14
3,16,7,9,0,Avery,2022-02-16
3,18,6,12,0,Avery,2022-02-23
3,10,9,1,0,Avery,2022-03-17
4,39,3,36,0,Avery,2022-01-04
4,44,5,39,0,Avery,2022-01-12
4,29,5,24,0,Avery,2022-01-21
4,11,4,7,0,Avery,2022-02-12
4,22,14,8,0,Avery,2022-02-15
4,17,5,12,0,Avery,2022-02-18
5,42,12,30,0,Avery,2022-01-31
5,17,3,14,0,Avery,2022-02-08
9,72,12,60,0,Avery,2022-01-10
,0,0,0,0,Beaufort,2022-03-11
,0,0,0,0,Beaufort,2022-03-13
,0,0,0,0,Beaufort,2022-03-17
,0,0,0,0,Beaufort,2022-03-18
,0,0,0,0,Beaufort,2022-03-24
,0,0,0,0,Beaufort,2022-03-26
,0,0,0,0,Beaufort,2022-03-27
,0,0,0,0,Beaufort,2022-03-29
,0,0,0,0,Beaufort,2022-04-01
,0,0,0,0,Beaufort,2022-04-02
,0,0,0,0,Beaufort,2022-04-03
,0,0,0,0,Beaufort,2022-04-05
,0,0,0,0,Beaufort,2022-04-10
,0,0,0,0,Beaufort,2022-04-16
,0,0,0,0,Beaufort,2022-04-17
,0,0,0,0,Beaufort,2022-04-20
,0,0,0,0,Beaufort,2022-05-08
0,8,0,8,0,Beaufort,2022-01-22
0,8,1,7,0,Beaufort,2022-02-19
0,7,0,7,0,Beaufort,2022-02-28
0,3,1,2,0,Beaufort,2022-03-03
0,2,0,2,0,Beaufort,2022-03-05
0,1,0,1,0,Beaufort,2022-03-06
0,2,1,1,0,Beaufort,2022-03-12
0,3,1,2,0,Beaufort,2022-03-14
0,1,0,1,0,Beaufort,2022-03-15
0,1,0,1,0,Beaufort,2022-03-19
0,1,0,1,0,Beaufort,2022-03-20
0,1,0,1,0,Beaufort,2022-03-22
0,1,0,1,0,Beaufort,2022-03-23
0,1,0,1,0,Beaufort,2022-03-25
0,1,0,1,0,Beaufort,2022-03-28
0,1,1,0,0,Beaufort,2022-03-30
0,1,0,1,0,Beaufort,2022-04-04
0,1,0,1,0,Beaufort,2022-04-07
0,1,1,0,0,Beaufort,2022-04-08
0,1,1,0,0,Beaufort,2022-04-09
0,1,0,1,0,Beaufort,2022-04-13
0,3,0,3,0,Beaufort,2022-04-14
0,1,0,1,0,Beaufort,2022-04-15
0,6,0,6,0,Beaufort,2022-04-18
0,3,2,1,0,Beaufort,2022-04-19
0,5,0,5,0,Beaufort,2022-04-21
0,5,0,5,0,Beaufort,2022-04-22
0,6,1,5,0,Beaufort,2022-04-28
0,2,0,2,0,Beaufort,2022-04-29
0,2,2,0,0,Beaufort,2022-04-30
0,1,0,1,0,Beaufort,2022-05-01
0,3,0,3,0,Beaufort,2022-05-05
0,8,3,5,0,Beaufort,2022-05-06
0,3,1,2,0,Beaufort,2022-05-07
0,5,1,4,0,Beaufort,2022-05-10
0,8,1,7,0,Beaufort,2022-05-13
0,2,0,2,0,Beaufort,2022-05-15
0,15,5,10,0,Beaufort,2022-05-18
0,7,2,5,0,Beaufort,2022-05-21
0,8,1,7,0,Beaufort,2022-05-27
0,6,2,4,0,Beaufort,2022-05-28
0,13,2,11,0,Beaufort,2022-06-07
0,4,0,4,0,Beaufort,2022-06-18
1,31,0,31,0,Beaufort,2022-01-23
1,20,3,17,0,Beaufort,2022-01-29
1,10,1,9,0,Beaufort,2022-02-24
1,5,1,4,0,Beaufort,2022-03-02
1,2,0,2,0,Beaufort,2022-03-09
1,2,0,2,0,Beaufort,2022-03-10
1,2,0,2,0,Beaufort,2022-03-16
1,2,0,2,0,Beaufort,2022-03-21
1,2,0,2,0,Beaufort,2022-04-06
1,4,0,4,0,Beaufort,2022-04-12
1,5,1,4,0,Beaufort,2022-04-23
1,2,0,2,0,Beaufort,2022-04-24
1,8,3,5,0,Beaufort,2022-04-25
1,7,2,5,0,Beaufort,2022-04-27
1,9,1,8,0,Beaufort,2022-05-02
1,8,1,7,0,Beaufort,2022-05-04
1,8,2,6,0,Beaufort,2022-05-12
1,14,1,13,0,Beaufort,2022-05-16
1,12,3,9,0,Beaufort,2022-05-17
1,6,0,6,0,Beaufort,2022-05-22
1,20,4,16,0,Beaufort,2022-05-23
1,15,3,12,0,Beaufort,2022-05-24
1,9,2,7,0,Beaufort,2022-05-25
1,6,3,3,0,Beaufort,2022-06-04
1,29,6,23,0,Beaufort,2022-06-06
1,9,2,7,0,Beaufort,2022-06-11
1,5,0,5,0,Beaufort,2022-06-19
1,11,1,10,0,Beaufort,2022-06-20
1,16,2,14,0,Beaufort,2022-06-22
1,7,3,4,0,Beaufort,2022-06-25
2,6,1,5,0,Beaufort,2022-02-12
2,5,1,4,0,Beaufort,2022-04-26
2,7,0,7,0,Beaufort,2022-05-03
2,13,3,10,0,Beaufort,2022-05-11
2,10,4,6,0,Beaufort,2022-05-14
2,13,4,9,0,Beaufort,2022-05-19
2,23,3,20,0,Beaufort,2022-05-26
2,5,1,4,0,Beaufort,2022-05-30
2,20,6,14,0,Beaufort,2022-06-01
2,16,7,9,0,Beaufort,2022-06-03
2,5,0,5,0,Beaufort,2022-06-05
2,15,6,9,0,Beaufort,2022-06-09
2,15,2,13,0,Beaufort,2022-06-10
2,10,1,9,0,Beaufort,2022-06-12
2,13,3,10,0,Beaufort,2022-06-21
2,18,4,14,0,Beaufort,2022-06-23
2,8,2,6,0,Beaufort,2022-06-26
2,20,6,14,0,Beaufort,2022-06-29
3,20,2,18,0,Beaufort,2022-02-05
3,24,10,14,0,Beaufort,2022-02-11
3,20,3,17,0,Beaufort,2022-02-22
3,10,2,8,0,Beaufort,2022-05-20
3,10,2,8,0,Beaufort,2022-05-29
3,15,4,11,0,Beaufort,2022-06-15
3,11,0,11,0,Beaufort,2022-07-02
4,18,5,13,0,Beaufort,2022-02-16
4,13,4,9,0,Beaufort,2022-05-09
4,18,7,11,0,Beaufort,2022-06-02
4,21,2,19,0,Beaufort,2022-06-13
4,21,5,16,0,Beaufort,2022-06-14
4,14,2,12,0,Beaufort,2022-06-17
4,19,1,18,0,Beaufort,2022-06-24
4,13,0,13,0,Beaufort,2022-07-01
5,60,9,51,0,Beaufort,2022-02-02
5,43,4,39,0,Beaufort,2022-02-03
5,52,14,38,0,Beaufort,2022-02-07
5,37,5,32,0,Beaufort,2022-02-21
5,18,3,15,0,Beaufort,2022-06-08
5,20,5,15,0,Beaufort,2022-06-27
5,13,0,13,0,Beaufort,2022-06-30
6,28,4,24,0,Beaufort,2022-02-15
6,13,5,8,0,Beaufort,2022-06-16
7,48,6,42,0,Beaufort,2022-02-14
7,34,5,29,0,Beaufort,2022-05-31
8,100,14,86,0,Beaufort,2022-01-31
8,56,8,48,0,Beaufort,2022-02-01
8,18,2,16,0,Beaufort,2022-06-28
10,46,11,35,0,Beaufort,2022-02-09
11,64,20,44,0,Beaufort,2022-01-08
11,122,24,98,0,Beaufort,2022-01-26
14,142,25,117,0,Beaufort,2022-01-07
16,113,21,92,0,Beaufort,2022-01-04
20,205,31,174,0,Beaufort,2022-01-13
21,193,22,171,0,Beaufort,2022-01-24
26,281,37,244,0,Beaufort,2022-01-10
28,232,32,200,0,Beaufort,2022-01-11
,0,0,0,0,Bertie,2022-02-15
,0,0,0,0,Bertie,2022-02-19
,0,0,0,0,Bertie,2022-02-23
,0,0,0,0,Bertie,2022-02-24
,0,0,0,0,Bertie,2022-02-26
,0,0,0,0,Bertie,2022-02-27
,0,0,0,0,Bertie,2022-03-01
,0,0,0,0,Bertie,2022-03-08
,0,0,0,0,Bertie,2022-03-09
,0,0,0,0,Bertie,2022-03-12
,0,0,0,0,Bertie,2022-03-13
,0,0,0,0,Bertie,2022-03-14
,0,0,0,0,Bertie,2022-03-16
,0,0,0,0,Bertie,2022-03-17
,0,0,0,0,Bertie,2022-03-18
,0,0,0,0,Bertie,2022-03-19
,0,0,0,0,Bertie,2022-03-20
,0,0,0,0,Bertie,2022-03-21
,0,0,0,0,Bertie,2022-03-22
,0,0,0,0,Bertie,2022-03-23
,0,0,0,0,Bertie,2022-03-25
,0,0,0,0,Bertie,2022-03-26
,0,0,0,0,Bertie,2022-03-29
,0,0,0,0,Bertie,2022-03-30
,0,0,0,0,Bertie,2022-03-31
,0,0,0,0,Bertie,2022-04-01
,0,0,0,0,Bertie,2022-04-02
,0,0,0,0,Bertie,2022-04-03
,0,0,0,0,Bertie,2022-04-04
,0,0,0,0,Bertie,2022-04-05
,0,0,0,0,Bertie,2022-04-06
,0,0,0,0,Bertie,2022-04-07
,0,0,0,0,Bertie,2022-04-09
,0,0,0,0,Bertie,2022-04-15
,0,0,0,0,Bertie,2022-04-16
,0,0,0,0,Bertie,2022-04-17
,0,0,0,0,Bertie,2022-04-19
,0,0,0,0,Bertie,2022-04-20
,0,0,0,0,Bertie,2022-04-22
,0,0,0,0,Bertie,2022-04-23
,0,0,0,0,Bertie,2022-04-24
,0,0,0,0,Bertie,2022-05-07
,0,0,0,0,Bertie,2022-05-09
,0,0,0,0,Bertie,2022-05-20
0,5,0,5,0,Bertie,2022-01-22
0,6,0,6,0,Bertie,2022-01-30
0,10,0,10,0,Bertie,2022-02-04
0,2,0,2,0,Bertie,2022-02-05
0,11,0,11,0,Bertie,2022-02-07
0,4,0,4,0,Bertie,2022-02-08
0,10,1,9,0,Bertie,2022-02-09
0,12,2,10,0,Bertie,2022-02-10
0,3,1,2,0,Bertie,2022-02-11
0,2,1,1,0,Bertie,2022-02-13
0,3,0,3,0,Bertie,2022-02-16
0,1,0,1,0,Bertie,2022-02-18
0,1,0,1,0,Bertie,2022-02-20
0,1,1,0,0,Bertie,2022-02-21
0,2,0,2,0,Bertie,2022-02-28
0,2,1,1,0,Bertie,2022-03-02
0,1,0,1,0,Bertie,2022-03-03
0,2,0,2,0,Bertie,2022-03-04
0,1,0,1,0,Bertie,2022-03-05
0,1,0,1,0,Bertie,2022-03-07
0,1,0,1,0,Bertie,2022-03-10
0,1,0,1,0,Bertie,2022-03-15
0,1,0,1,0,Bertie,2022-03-27
0,2,0,2,0,Bertie,2022-03-28
0,2,0,2,0,Bertie,2022-04-08
0,1,0,1,0,Bertie,2022-04-10
0,1,1,0,0,Bertie,2022-04-11
0,1,1,0,0,Bertie,2022-04-12
0,1,0,1,0,Bertie,2022-04-13
0,1,0,1,0,Bertie,2022-04-14
0,3,0,3,0,Bertie,2022-04-18
0,1,0,1,0,Bertie,2022-04-21
0,2,0,2,0,Bertie,2022-04-25
0,5,0,5,0,Bertie,2022-04-26
0,3,0,3,0,Bertie,2022-04-27
0,4,0,4,0,Bertie,2022-04-28
0,3,0,3,0,Bertie,2022-04-29
0,2,0,2,0,Bertie,2022-04-30
0,1,0,1,0,Bertie,2022-05-02
0,3,0,3,0,Bertie,2022-05-03
0,3,1,2,0,Bertie,2022-05-04
0,2,0,2,0,Bertie,2022-05-05
0,1,0,1,0,Bertie,2022-05-06
0,1,0,1,0,Bertie,2022-05-08
0,3,0,3,0,Bertie,2022-05-11
0,6,3,3,0,Bertie,2022-05-13
0,1,0,1,0,Bertie,2022-05-14
0,5,0,5,0,Bertie,2022-05-15
0,3,0,3,0,Bertie,2022-05-16
0,5,0,5,0,Bertie,2022-05-17
0,3,2,1,0,Bertie,2022-05-18
0,2,0,2,0,Bertie,2022-05-19
0,4,0,4,0,Bertie,2022-05-23
0,4,0,4,0,Bertie,2022-06-03
0,2,1,1,0,Bertie,2022-06-04
0,3,0,3,0,Bertie,2022-06-05
0,5,1,4,0,Bertie,2022-06-08
0,10,1,9,0,Bertie,2022-06-10
0,3,0,3,0,Bertie,2022-06-11
0,3,0,3,0,Bertie,2022-06-12
0,4,0,4,0,Bertie,2022-06-17
0,1,0,1,0,Bertie,2022-06-19
0,3,0,3,0,Bertie,2022-06-21
0,3,0,3,0,Bertie,2022-06-23
0,5,0,5,0,Bertie,2022-06-24
0,2,0,2,0,Bertie,2022-06-25
0,5,0,5,0,Bertie,2022-06-27
0,8,0,8,0,Bertie,2022-06-28
0,4,0,4,0,Bertie,2022-06-29
0,4,0,4,0,Bertie,2022-06-30
0,5,0,5,0,Bertie,2022-07-01
1,35,7,28,0,Bertie,2022-01-17
1,26,3,23,0,Bertie,2022-01-27
1,11,3,8,0,Bertie,2022-02-02
1,2,0,2,0,Bertie,2022-02-12
1,4,1,3,0,Bertie,2022-02-14
1,2,1,1,0,Bertie,2022-02-17
1,1,0,1,0,Bertie,2022-02-22
1,6,0,6,0,Bertie,2022-02-25
1,2,0,2,0,Bertie,2022-03-24
1,2,0,2,0,Bertie,2022-05-01
1,3,0,3,0,Bertie,2022-05-10
1,5,0,5,0,Bertie,2022-05-12
1,4,0,4,0,Bertie,2022-05-21
1,6,0,6,0,Bertie,2022-05-24
1,4,2,2,0,Bertie,2022-05-25
1,8,1,7,0,Bertie,2022-05-26
1,5,1,4,0,Bertie,2022-05-27
1,2,0,2,0,Bertie,2022-05-28
1,6,1,5,0,Bertie,2022-05-30
1,9,1,8,0,Bertie,2022-05-31
1,7,2,5,0,Bertie,2022-06-13
1,3,0,3,0,Bertie,2022-06-14
1,7,2,5,0,Bertie,2022-06-15
1,9,2,7,0,Bertie,2022-06-16
1,3,0,3,0,Bertie,2022-06-18
1,1,0,1,0,Bertie,2022-06-20
1,3,0,3,0,Bertie,2022-07-02
2,9,0,9,0,Bertie,2022-01-09
2,4,1,3,0,Bertie,2022-05-22
2,6,3,3,0,Bertie,2022-06-02
2,11,0,11,0,Bertie,2022-06-06
2,9,1,8,0,Bertie,2022-06-07
2,4,1,3,0,Bertie,2022-06-26
3,18,2,16,0,Bertie,2022-02-01
3,10,0,10,0,Bertie,2022-02-03
3,6,0,6,0,Bertie,2022-06-09
3,5,1,4,0,Bertie,2022-06-22
4,45,0,45,0,Bertie,2022-01-24
6,55,3,52,0,Bertie,2022-01-05
8,84,11,73,0,Bertie,2022-01-11
8,10,9,1,0,Bertie,2022-05-29
11,81,12,69,0,Bertie,2022-01-04
15,119,48,71,0,Bertie,2022-01-13
,0,0,0,0,Bladen,2022-02-26
,0,0,0,0,Bladen,2022-02-27
,0,0,0,0,Bladen,2022-03-05
,0,0,0,0,Bladen,2022-03-11
,0,0,0,0,Bladen,2022-03-15
,0,0,0,0,Bladen,2022-03-16
,0,0,0,0,Bladen,2022-03-19
,0,0,0,0,Bladen,2022-03-20
,0,0,0,0,Bladen,2022-03-21
,0,0,0,0,Bladen,2022-03-22
,0,0,0,0,Bladen,2022-03-23
,0,0,0,0,Bladen,2022-03-24
,0,0,0,0,Bladen,2022-03-27
,0,0,0,0,Bladen,2022-03-28
,0,0,0,0,Bladen,2022-03-30
,0,0,0,0,Bladen,2022-04-02
,0,0,0,0,Bladen,2022-04-03
,0,0,0,0,Bladen,2022-04-06
,0,0,0,0,Bladen,2022-04-07
,0,0,0,0,Bladen,2022-04-08
,0,0,0,0,Bladen,2022-04-09
,0,0,0,0,Bladen,2022-04-16
,0,0,0,0,Bladen,2022-04-17
,0,0,0,0,Bladen,2022-04-24
0,16,4,12,0,Bladen,2022-01-29
0,4,0,4,0,Bladen,2022-02-12
0,4,1,3,0,Bladen,2022-02-13
0,11,1,10,0,Bladen,2022-02-16
0,7,2,5,0,Bladen,2022-02-20
0,12,4,8,0,Bladen,2022-02-21
0,9,2,7,0,Bladen,2022-02-22
0,10,1,9,0,Bladen,2022-02-23
0,12,0,12,0,Bladen,2022-02-24
0,2,0,2,0,Bladen,2022-03-01
0,2,0,2,0,Bladen,2022-03-02
0,2,0,2,0,Bladen,2022-03-03
0,5,0,5,0,Bladen,2022-03-04
0,1,0,1,0,Bladen,2022-03-06
0,2,0,2,0,Bladen,2022-03-07
0,2,0,2,0,Bladen,2022-03-13
0,1,1,0,0,Bladen,2022-03-17
0,1,0,1,0,Bladen,2022-03-18
0,1,1,0,0,Bladen,2022-03-25
0,1,0,1,0,Bladen,2022-03-26
0,2,2,0,0,Bladen,2022-03-29
0,1,0,1,0,Bladen,2022-03-31
0,2,0,2,0,Bladen,2022-04-01
0,3,1,2,0,Bladen,2022-04-04
0,1,0,1,0,Bladen,2022-04-05
0,1,0,1,0,Bladen,2022-04-10
0,2,1,1,0,Bladen,2022-04-11
0,3,1,2,0,Bladen,2022-04-12
0,1,1,0,0,Bladen,2022-04-13
0,2,1,1,0,Bladen,2022-04-15
0,1,0,1,0,Bladen,2022-04-18
0,3,1,2,0,Bladen,2022-04-19
0,4,0,4,0,Bladen,2022-04-21
0,2,0,2,0,Bladen,2022-04-23
0,2,0,2,0,Bladen,2022-04-28
0,4,0,4,0,Bladen,2022-04-29
0,2,0,2,0,Bladen,2022-04-30
0,1,1,0,0,Bladen,2022-05-01
0,3,1,2,0,Bladen,2022-05-02
0,2,0,2,0,Bladen,2022-05-07
0,2,0,2,0,Bladen,2022-05-08
0,5,0,5,0,Bladen,2022-05-11
0,7,1,6,0,Bladen,2022-05-12
0,15,2,13,0,Bladen,2022-05-13
0,4,0,4,0,Bladen,2022-05-14
0,4,0,4,0,Bladen,2022-05-15
0,12,3,9,0,Bladen,2022-05-16
0,14,0,14,0,Bladen,2022-05-24
0,23,4,19,0,Bladen,2022-05-25
0,6,2,4,0,Bladen,2022-05-28
0,8,2,6,0,Bladen,2022-05-29
0,9,0,9,0,Bladen,2022-05-30
0,11,2,9,0,Bladen,2022-06-03
0,4,0,4,0,Bladen,2022-06-04
0,12,1,11,0,Bladen,2022-06-10
0,2,0,2,0,Bladen,2022-06-12
0,9,2,7,0,Bladen,2022-06-17
0,2,0,2,0,Bladen,2022-06-18
0,5,2,3,0,Bladen,2022-06-19
0,6,0,6,0,Bladen,2022-06-22
0,3,0,3,0,Bladen,2022-06-24
0,2,0,2,0,Bladen,2022-06-25
0,4,0,4,0,Bladen,2022-06-26
0,14,1,13,0,Bladen,2022-06-30
0,17,5,12,0,Bladen,2022-07-01
1,42,8,34,0,Bladen,2022-01-16
1,28,4,24,0,Bladen,2022-01-23
1,11,3,8,0,Bladen,2022-02-08
1,9,3,6,0,Bladen,2022-02-18
1,7,1,6,0,Bladen,2022-02-19
1,2,0,2,0,Bladen,2022-03-09
1,3,0,3,0,Bladen,2022-03-14
1,1,0,1,0,Bladen,2022-04-20
1,4,1,3,0,Bladen,2022-04-22
1,3,1,2,0,Bladen,2022-04-26
1,6,1,5,0,Bladen,2022-04-27
1,4,0,4,0,Bladen,2022-05-04
1,10,2,8,0,Bladen,2022-05-09
1,5,1,4,0,Bladen,2022-05-22
1,12,1,11,0,Bladen,2022-06-02
1,15,4,11,0,Bladen,2022-06-06
1,13,1,12,0,Bladen,2022-06-08
1,8,2,6,0,Bladen,2022-06-27
1,11,1,10,0,Bladen,2022-06-28
2,38,3,35,0,Bladen,2022-01-09
2,2,0,2,0,Bladen,2022-04-14
2,4,0,4,0,Bladen,2022-05-03
2,8,0,8,0,Bladen,2022-05-10
2,17,1,16,0,Bladen,2022-06-13
2,14,1,13,0,Bladen,2022-06-16
2,18,2,16,0,Bladen,2022-06-21
2,16,4,12,0,Bladen,2022-06-23
3,105,14,91,0,Bladen,2022-01-05
3,15,3,12,0,Bladen,2022-01-22
3,22,6,16,0,Bladen,2022-02-02
3,10,1,9,0,Bladen,2022-02-14
3,5,1,4,0,Bladen,2022-05-06
3,16,6,10,0,Bladen,2022-05-17
3,13,1,12,0,Bladen,2022-05-19
3,11,3,8,0,Bladen,2022-05-21
3,11,3,8,0,Bladen,2022-05-26
3,24,3,21,0,Bladen,2022-05-31
3,7,0,7,0,Bladen,2022-06-05
3,17,1,16,0,Bladen,2022-06-14
3,17,3,14,0,Bladen,2022-06-15
3,10,2,8,0,Bladen,2022-06-20
3,9,0,9,0,Bladen,2022-06-29
4,25,7,18,0,Bladen,2022-01-21
4,50,14,36,0,Bladen,2022-02-01
4,22,4,18,0,Bladen,2022-05-18
4,16,5,11,0,Bladen,2022-05-20
4,20,4,16,0,Bladen,2022-06-01
4,11,2,9,0,Bladen,2022-06-11
4,9,2,7,0,Bladen,2022-07-02
5,9,5,4,0,Bladen,2022-05-05
5,19,0,19,0,Bladen,2022-06-07
6,92,14,78,0,Bladen,2022-01-07
6,19,5,14,0,Bladen,2022-05-23
12,158,28,130,0,Bladen,2022-01-11
12,157,33,124,0,Bladen,2022-01-20
20,221,38,183,0,Bladen,2022-01-10
21,165,33,132,0,Bladen,2022-01-13
0,67,11,56,0,Brunswick,2022-02-06
0,15,3,12,0,Brunswick,2022-02-20
0,36,8,28,0,Brunswick,2022-02-23
0,5,2,3,0,Brunswick,2022-03-08
0,11,2,9,0,Brunswick,2022-03-09
0,8,2,6,0,Brunswick,2022-03-11
0,3,0,3,0,Brunswick,2022-03-12
0,9,0,9,0,Brunswick,2022-03-15
0,2,1,1,0,Brunswick,2022-03-19
0,2,0,2,0,Brunswick,2022-03-20
0,6,1,5,0,Brunswick,2022-03-21
0,2,0,2,0,Brunswick,2022-03-22
0,7,3,4,0,Brunswick,2022-03-23
0,4,2,2,0,Brunswick,2022-03-24
0,2,1,1,0,Brunswick,2022-03-26
0,2,0,2,0,Brunswick,2022-03-27
0,11,2,9,0,Brunswick,2022-03-28
0,7,0,7,0,Brunswick,2022-03-29
0,6,0,6,0,Brunswick,2022-04-01
0,2,0,2,0,Brunswick,2022-04-02
0,1,0,1,0,Brunswick,2022-04-03
0,11,6,5,0,Brunswick,2022-04-04
0,19,2,17,0,Brunswick,2022-04-07
0,7,0,7,0,Brunswick,2022-04-09
0,2,1,1,0,Brunswick,2022-04-10
0,4,0,4,0,Brunswick,2022-04-15
0,16,4,12,0,Brunswick,2022-04-16
0,3,0,3,0,Brunswick,2022-04-17
0,15,1,14,0,Brunswick,2022-04-19
0,23,4,19,0,Brunswick,2022-04-20
0,16,3,13,0,Brunswick,2022-04-23
0,27,2,25,0,Brunswick,2022-04-25
0,24,1,23,0,Brunswick,2022-04-27
0,26,4,22,0,Brunswick,2022-04-30
0,48,9,39,0,Brunswick,2022-06-08
1,42,6,36,0,Brunswick,2022-02-17
1,34,2,32,0,Brunswick,2022-02-22
1,17,1,16,0,Brunswick,2022-02-26
1,4,1,3,0,Brunswick,2022-03-14
1,5,0,5,0,Brunswick,2022-03-16
1,11,0,11,0,Brunswick,2022-03-30
1,13,3,10,0,Brunswick,2022-04-06
1,19,2,17,0,Brunswick,2022-04-11
1,32,8,24,0,Brunswick,2022-04-28
1,33,4,29,0,Brunswick,2022-05-14
1,53,10,43,0,Brunswick,2022-05-19
1,25,7,18,0,Brunswick,2022-05-21
1,30,6,24,0,Brunswick,2022-06-12
1,32,4,28,0,Brunswick,2022-06-18
2,75,6,69,0,Brunswick,2022-01-22
2,64,7,57,0,Brunswick,2022-02-14
2,14,2,12,0,Brunswick,2022-02-27
2,22,6,16,0,Brunswick,2022-02-28
2,13,2,11,0,Brunswick,2022-03-31
2,14,4,10,0,Brunswick,2022-04-05
2,16,1,15,0,Brunswick,2022-04-14
2,19,1,18,0,Brunswick,2022-04-22
2,9,4,5,0,Brunswick,2022-04-24
2,39,6,33,0,Brunswick,2022-04-26
2,19,1,18,0,Brunswick,2022-05-01
2,44,11,33,0,Brunswick,2022-05-03
2,41,3,38,0,Brunswick,2022-05-06
2,17,1,16,0,Brunswick,2022-05-07
2,31,6,25,0,Brunswick,2022-05-15
2,36,6,30,0,Brunswick,2022-05-22
2,48,6,42,0,Brunswick,2022-05-27
2,53,7,46,0,Brunswick,2022-06-02
2,30,9,21,0,Brunswick,2022-06-11
2,52,9,43,0,Brunswick,2022-06-17
2,18,3,15,0,Brunswick,2022-07-02
3,19,2,17,0,Brunswick,2022-04-13
3,65,12,53,0,Brunswick,2022-05-04
3,29,7,22,0,Brunswick,2022-05-08
3,67,6,61,0,Brunswick,2022-05-13
3,52,4,48,0,Brunswick,2022-05-17
3,76,11,65,0,Brunswick,2022-05-18
3,31,6,25,0,Brunswick,2022-05-30
3,57,9,48,0,Brunswick,2022-06-01
3,42,7,35,0,Brunswick,2022-06-03
3,31,2,29,0,Brunswick,2022-06-05
3,55,6,49,0,Brunswick,2022-06-06
3,59,11,48,0,Brunswick,2022-06-13
3,35,8,27,0,Brunswick,2022-06-19
3,29,5,24,0,Brunswick,2022-06-25
4,20,3,17,0,Brunswick,2022-04-21
4,50,8,42,0,Brunswick,2022-05-05
4,64,14,50,0,Brunswick,2022-05-10
4,68,10,58,0,Brunswick,2022-05-31
4,41,6,35,0,Brunswick,2022-06-10
4,61,7,54,0,Brunswick,2022-06-20
4,46,4,42,0,Brunswick,2022-06-30
4,37,6,31,0,Brunswick,2022-07-01
5,63,3,60,0,Brunswick,2022-02-11
5,36,4,32,0,Brunswick,2022-04-29
5,54,14,40,0,Brunswick,2022-05-29
5,55,12,43,0,Brunswick,2022-06-15
5,63,9,54,0,Brunswick,2022-06-16
5,71,23,48,0,Brunswick,2022-06-21
5,50,10,40,0,Brunswick,2022-06-29
6,132,26,106,0,Brunswick,2022-02-07
6,67,13,54,0,Brunswick,2022-05-11
6,69,13,56,0,Brunswick,2022-05-20
6,37,11,26,0,Brunswick,2022-05-28
6,59,8,51,0,Brunswick,2022-06-14
7,167,24,143,0,Brunswick,2022-02-02
7,71,11,60,0,Brunswick,2022-05-25
7,53,16,37,0,Brunswick,2022-06-24
8,66,8,58,0,Brunswick,2022-05-24
8,46,12,34,0,Brunswick,2022-06-04
8,62,12,50,0,Brunswick,2022-06-07
9,244,58,186,0,Brunswick,2022-01-26
9,53,9,44,0,Brunswick,2022-05-02
9,87,14,73,0,Brunswick,2022-05-16
9,74,9,65,0,Brunswick,2022-05-23
9,68,11,57,0,Brunswick,2022-06-22
9,52,4,48,0,Brunswick,2022-06-23
9,46,6,40,0,Brunswick,2022-06-26
10,167,27,140,0,Brunswick,2022-01-21
10,79,20,59,0,Brunswick,2022-06-27
15,412,50,362,0,Brunswick,2022-01-14
17,333,42,291,0,Brunswick,2022-01-07
24,397,50,347,0,Brunswick,2022-01-13
25,422,44,378,0,Brunswick,2022-01-17
26,454,57,397,0,Brunswick,2022-01-10
29,402,88,314,0,Brunswick,2022-01-05
0,12,6,6,0,Buncombe,2022-03-05
0,11,5,6,0,Buncombe,2022-03-06
0,11,0,11,0,Buncombe,2022-03-15
0,15,5,10,0,Buncombe,2022-03-17
0,15,5,10,0,Buncombe,2022-03-18
0,7,1,6,0,Buncombe,2022-03-19
0,18,5,13,0,Buncombe,2022-03-22
0,20,4,16,0,Buncombe,2022-04-01
0,8,1,7,0,Buncombe,2022-04-02
0,23,7,16,0,Buncombe,2022-04-05
0,13,5,8,0,Buncombe,2022-04-09
1,18,4,14,0,Buncombe,2022-02-27
1,43,15,28,0,Buncombe,2022-03-01
1,11,9,2,0,Buncombe,2022-03-21
1,25,13,12,0,Buncombe,2022-03-31
1,34,8,26,0,Buncombe,2022-04-08
1,22,7,15,0,Buncombe,2022-04-17
1,111,45,66,0,Buncombe,2022-05-13
1,52,13,39,0,Buncombe,2022-06-04
1,41,12,29,0,Buncombe,2022-06-19
2,38,8,30,0,Buncombe,2022-03-02
2,22,3,19,0,Buncombe,2022-03-09
2,10,2,8,0,Buncombe,2022-03-12
2,21,7,14,0,Buncombe,2022-03-23
2,21,8,13,0,Buncombe,2022-03-24
2,33,13,20,0,Buncombe,2022-04-04
2,21,3,18,0,Buncombe,2022-04-10
2,26,11,15,0,Buncombe,2022-04-16
2,22,10,12,0,Buncombe,2022-04-23
2,21,10,11,0,Buncombe,2022-04-24
2,75,30,45,0,Buncombe,2022-04-26
2,40,9,31,0,Buncombe,2022-04-30
2,58,21,37,0,Buncombe,2022-05-28
2,41,17,24,0,Buncombe,2022-06-11
2,58,19,39,0,Buncombe,2022-06-26
3,93,32,61,0,Buncombe,2022-02-21
3,20,7,13,0,Buncombe,2022-03-28
3,41,12,29,0,Buncombe,2022-04-11
3,43,16,27,0,Buncombe,2022-04-12
3,42,18,24,0,Buncombe,2022-04-13
3,36,9,27,0,Buncombe,2022-04-15
3,68,19,49,0,Buncombe,2022-04-20
3,49,22,27,0,Buncombe,2022-05-07
3,39,19,20,0,Buncombe,2022-05-08
3,44,16,28,0,Buncombe,2022-05-22
4,28,10,18,0,Buncombe,2022-07-02
5,68,17,51,0,Buncombe,2022-04-18
5,79,21,58,0,Buncombe,2022-04-25
5,72,21,51,0,Buncombe,2022-05-29
5,56,19,37,0,Buncombe,2022-06-05
5,106,45,61,0,Buncombe,2022-06-08
5,73,25,48,0,Buncombe,2022-06-17
5,91,30,61,0,Buncombe,2022-06-22
6,55,23,32,0,Buncombe,2022-04-14
6,81,34,47,0,Buncombe,2022-04-27
6,77,32,45,0,Buncombe,2022-04-29
6,97,37,60,0,Buncombe,2022-05-10
6,66,18,48,0,Buncombe,2022-05-14
6,115,45,70,0,Buncombe,2022-05-20
6,79,30,49,0,Buncombe,2022-05-27
7,76,37,39,0,Buncombe,2022-02-22
7,73,31,42,0,Buncombe,2022-04-21
7,75,24,51,0,Buncombe,2022-04-28
7,85,25,60,0,Buncombe,2022-05-15
7,36,20,16,0,Buncombe,2022-05-30
8,127,41,86,0,Buncombe,2022-05-02
8,148,53,95,0,Buncombe,2022-05-09
8,127,60,67,0,Buncombe,2022-05-11
8,120,47,73,0,Buncombe,2022-05-19
8,117,42,75,0,Buncombe,2022-05-26
8,74,21,53,0,Buncombe,2022-06-15
8,84,27,57,0,Buncombe,2022-06-16
8,46,14,32,0,Buncombe,2022-06-25
8,72,30,42,0,Buncombe,2022-07-01
9,103,48,55,0,Buncombe,2022-05-04
9,123,48,75,0,Buncombe,2022-05-17
9,96,42,54,0,Buncombe,2022-06-07
9,84,33,51,0,Buncombe,2022-06-23
10,122,49,73,0,Buncombe,2022-05-05
11,109,30,79,0,Buncombe,2022-06-30
12,152,58,94,0,Buncombe,2022-05-25
12,122,47,75,0,Buncombe,2022-06-01
12,99,32,67,0,Buncombe,2022-06-02
13,178,71,107,0,Buncombe,2022-02-09
13,181,49,132,0,Buncombe,2022-05-31
13,101,34,67,0,Buncombe,2022-06-28
14,264,85,179,0,Buncombe,2022-02-02
15,168,69,99,0,Buncombe,2022-05-16
16,97,47,50,0,Buncombe,2022-06-10
16,121,38,83,0,Buncombe,2022-06-27
19,254,35,219,0,Buncombe,2022-01-22
20,240,82,158,0,Buncombe,2022-02-03
20,157,59,98,0,Buncombe,2022-05-23
21,275,40,235,0,Buncombe,2022-01-09
39,755,222,533,0,Buncombe,2022-01-04
47,680,228,452,0,Buncombe,2022-01-05
58,820,312,508,0,Buncombe,2022-01-11
,0,0,0,0,Burke,2022-03-25
,0,0,0,0,Burke,2022-03-26
,0,0,0,0,Burke,2022-04-17
0,3,0,3,0,Burke,2022-02-27
0,5,0,5,0,Burke,2022-03-01
0,17,4,13,0,Burke,2022-03-02
0,5,1,4,0,Burke,2022-03-05
0,2,1,1,0,Burke,2022-03-10
0,1,0,1,0,Burke,2022-03-13
0,4,2,2,0,Burke,2022-03-15
0,5,2,3,0,Burke,2022-03-16
0,2,2,0,0,Burke,2022-03-17
0,3,0,3,0,Burke,2022-03-18
0,1,0,1,0,Burke,2022-03-20
0,3,2,1,0,Burke,2022-03-21
0,4,1,3,0,Burke,2022-03-23
0,1,1,0,0,Burke,2022-03-24
0,3,1,2,0,Burke,2022-03-27
0,13,6,7,0,Burke,2022-03-28
0,3,2,1,0,Burke,2022-03-30
0,3,2,1,0,Burke,2022-04-01
0,1,0,1,0,Burke,2022-04-02
0,1,0,1,0,Burke,2022-04-03
0,1,1,0,0,Burke,2022-04-04
0,10,4,6,0,Burke,2022-04-06
0,4,1,3,0,Burke,2022-04-07
0,3,2,1,0,Burke,2022-04-08
0,4,0,4,0,Burke,2022-04-09
0,1,0,1,0,Burke,2022-04-10
0,6,4,2,0,Burke,2022-04-12
0,11,8,3,0,Burke,2022-04-15
0,3,1,2,0,Burke,2022-04-16
0,5,1,4,0,Burke,2022-04-19
0,3,1,2,0,Burke,2022-04-20
0,12,2,10,0,Burke,2022-04-21
0,1,1,0,0,Burke,2022-04-22
0,3,0,3,0,Burke,2022-04-23
0,8,2,6,0,Burke,2022-04-24
0,15,10,5,0,Burke,2022-04-26
0,4,3,1,0,Burke,2022-04-27
0,5,4,1,0,Burke,2022-04-28
0,10,3,7,0,Burke,2022-04-29
0,4,2,2,0,Burke,2022-05-01
0,3,2,1,0,Burke,2022-05-08
0,12,0,12,0,Burke,2022-05-09
0,16,4,12,0,Burke,2022-05-11
0,8,0,8,0,Burke,2022-05-14
0,16,3,13,0,Burke,2022-05-30
0,11,0,11,0,Burke,2022-06-04
0,13,0,13,0,Burke,2022-06-05
0,21,6,15,0,Burke,2022-06-07
0,21,6,15,0,Burke,2022-06-09
0,16,0,16,0,Burke,2022-06-12
0,17,2,15,0,Burke,2022-06-14
0,16,3,13,0,Burke,2022-06-15
0,6,0,6,0,Burke,2022-06-18
0,21,4,17,0,Burke,2022-06-23
0,14,0,14,0,Burke,2022-06-25
1,36,6,30,0,Burke,2022-02-06
1,17,3,14,0,Burke,2022-02-24
1,10,3,7,0,Burke,2022-03-03
1,6,1,5,0,Burke,2022-03-04
1,6,3,3,0,Burke,2022-03-29
1,7,2,5,0,Burke,2022-03-31
1,5,0,5,0,Burke,2022-04-11
1,10,4,6,0,Burke,2022-04-13
1,15,6,9,0,Burke,2022-05-02
1,6,0,6,0,Burke,2022-05-04
1,13,3,10,0,Burke,2022-05-05
1,12,3,9,0,Burke,2022-05-06
1,9,1,8,0,Burke,2022-05-07
1,16,1,15,0,Burke,2022-05-12
1,22,9,13,0,Burke,2022-05-13
1,22,5,17,0,Burke,2022-05-17
1,27,7,20,0,Burke,2022-05-18
1,6,0,6,0,Burke,2022-05-21
1,18,1,17,0,Burke,2022-05-22
1,19,9,10,0,Burke,2022-05-27
1,16,4,12,0,Burke,2022-05-29
1,26,4,22,0,Burke,2022-05-31
1,14,0,14,0,Burke,2022-06-03
1,5,0,5,0,Burke,2022-06-11
1,16,2,14,0,Burke,2022-06-17
1,15,0,15,0,Burke,2022-06-19
1,28,1,27,0,Burke,2022-06-22
1,13,4,9,0,Burke,2022-07-01
2,20,3,17,0,Burke,2022-02-18
2,26,11,15,0,Burke,2022-02-22
2,6,1,5,0,Burke,2022-03-11
2,11,5,6,0,Burke,2022-04-25
2,9,1,8,0,Burke,2022-05-03
2,10,1,9,0,Burke,2022-05-15
2,26,5,21,0,Burke,2022-05-20
2,19,6,13,0,Burke,2022-05-25
2,21,13,8,0,Burke,2022-05-28
2,14,6,8,0,Burke,2022-06-02
2,29,4,25,0,Burke,2022-06-16
2,15,0,15,0,Burke,2022-06-26
2,25,6,19,0,Burke,2022-06-29
2,15,5,10,0,Burke,2022-06-30
3,8,4,4,0,Burke,2022-03-07
3,32,6,26,0,Burke,2022-05-19
3,28,4,24,0,Burke,2022-06-01
3,33,6,27,0,Burke,2022-06-06
3,19,3,16,0,Burke,2022-06-10
3,21,3,18,0,Burke,2022-06-21
3,39,6,33,0,Burke,2022-06-27
3,24,4,20,0,Burke,2022-06-28
3,13,3,10,0,Burke,2022-07-02
4,54,32,22,0,Burke,2022-01-29
4,88,25,63,0,Burke,2022-02-04
4,30,6,24,0,Burke,2022-05-24
4,28,10,18,0,Burke,2022-05-26
4,24,4,20,0,Burke,2022-06-20
4,21,5,16,0,Burke,2022-06-24
5,21,1,20,0,Burke,2022-06-08
5,23,3,20,0,Burke,2022-06-13
11,77,13,64,0,Burke,2022-01-17
12,98,37,61,0,Burke,2022-01-09
13,76,32,44,0,Burke,2022-02-14
15,192,54,138,0,Burke,2022-01-21
17,214,53,161,0,Burke,2022-01-07
26,256,65,191,0,Burke,2022-01-06
0,86,20,66,0,Cabarrus,2022-02-11
0,8,1,7,0,Cabarrus,2022-03-05
0,5,1,4,0,Cabarrus,2022-03-12
0,5,0,5,0,Cabarrus,2022-03-13
0,6,1,5,0,Cabarrus,2022-03-14
0,3,0,3,0,Cabarrus,2022-03-15
0,4,1,3,0,Cabarrus,2022-03-18
0,4,0,4,0,Cabarrus,2022-03-20
0,5,1,4,0,Cabarrus,2022-03-23
0,3,0,3,0,Cabarrus,2022-03-26
0,6,2,4,0,Cabarrus,2022-03-27
0,6,2,4,0,Cabarrus,2022-03-29
0,4,3,1,0,Cabarrus,2022-03-30
0,8,2,6,0,Cabarrus,2022-04-01
0,3,1,2,0,Cabarrus,2022-04-09
0,5,2,3,0,Cabarrus,2022-04-10
0,20,3,17,0,Cabarrus,2022-04-12
0,12,2,10,0,Cabarrus,2022-04-16
0,9,1,8,0,Cabarrus,2022-04-17
0,20,4,16,0,Cabarrus,2022-04-23
0,20,1,19,0,Cabarrus,2022-05-01
0,53,7,46,0,Cabarrus,2022-05-15
1,9,5,4,0,Cabarrus,2022-03-04
1,13,4,9,0,Cabarrus,2022-03-08
1,10,0,10,0,Cabarrus,2022-03-09
1,6,1,5,0,Cabarrus,2022-03-16
1,6,0,6,0,Cabarrus,2022-03-19
1,5,2,3,0,Cabarrus,2022-03-21
1,12,5,7,0,Cabarrus,2022-03-28
1,6,2,4,0,Cabarrus,2022-03-31
1,7,0,7,0,Cabarrus,2022-04-03
1,13,3,10,0,Cabarrus,2022-04-04
1,7,2,5,0,Cabarrus,2022-04-05
1,9,7,2,0,Cabarrus,2022-04-06
1,12,5,7,0,Cabarrus,2022-04-08
1,29,8,21,0,Cabarrus,2022-04-18
2,17,5,12,0,Cabarrus,2022-03-03
2,11,0,11,0,Cabarrus,2022-03-22
2,7,2,5,0,Cabarrus,2022-03-24
2,6,2,4,0,Cabarrus,2022-03-25
2,36,9,27,0,Cabarrus,2022-04-28
2,35,7,28,0,Cabarrus,2022-05-08
2,48,11,37,0,Cabarrus,2022-05-14
2,29,5,24,0,Cabarrus,2022-05-28
2,34,6,28,0,Cabarrus,2022-05-30
3,69,11,58,0,Cabarrus,2022-02-16
3,70,18,52,0,Cabarrus,2022-02-17
3,26,8,18,0,Cabarrus,2022-02-23
3,18,3,15,0,Cabarrus,2022-04-11
3,23,5,18,0,Cabarrus,2022-04-14
3,23,3,20,0,Cabarrus,2022-04-22
3,42,6,36,0,Cabarrus,2022-05-02
3,68,17,51,0,Cabarrus,2022-05-04
3,36,5,31,0,Cabarrus,2022-05-07
3,62,10,52,0,Cabarrus,2022-05-11
3,75,9,66,0,Cabarrus,2022-05-12
3,38,8,30,0,Cabarrus,2022-05-21
3,55,5,50,0,Cabarrus,2022-05-22
3,58,10,48,0,Cabarrus,2022-05-24
3,43,10,33,0,Cabarrus,2022-05-29
4,40,11,29,0,Cabarrus,2022-04-13
4,58,21,37,0,Cabarrus,2022-05-03
4,57,11,46,0,Cabarrus,2022-05-10
4,72,13,59,0,Cabarrus,2022-05-20
4,43,8,35,0,Cabarrus,2022-06-11
5,150,36,114,0,Cabarrus,2022-01-22
5,18,5,13,0,Cabarrus,2022-04-15
5,37,7,30,0,Cabarrus,2022-04-19
5,30,9,21,0,Cabarrus,2022-04-20
5,38,14,24,0,Cabarrus,2022-04-24
5,38,4,34,0,Cabarrus,2022-04-27
5,32,8,24,0,Cabarrus,2022-04-29
5,47,9,38,0,Cabarrus,2022-05-06
5,75,17,58,0,Cabarrus,2022-05-19
5,97,24,73,0,Cabarrus,2022-05-23
5,65,14,51,0,Cabarrus,2022-05-26
5,68,15,53,0,Cabarrus,2022-06-14
5,49,5,44,0,Cabarrus,2022-07-02
6,116,31,85,0,Cabarrus,2022-02-09
6,74,12,62,0,Cabarrus,2022-05-09
6,78,10,68,0,Cabarrus,2022-06-10
6,67,8,59,0,Cabarrus,2022-06-22
7,146,28,118,0,Cabarrus,2022-02-04
7,46,9,37,0,Cabarrus,2022-05-05
7,86,14,72,0,Cabarrus,2022-05-25
7,75,11,64,0,Cabarrus,2022-05-27
7,93,15,78,0,Cabarrus,2022-06-02
7,55,8,47,0,Cabarrus,2022-06-04
7,63,12,51,0,Cabarrus,2022-06-21
7,69,13,56,0,Cabarrus,2022-06-23
7,46,4,42,0,Cabarrus,2022-06-25
7,62,9,53,0,Cabarrus,2022-07-01
8,73,16,57,0,Cabarrus,2022-06-16
9,30,10,20,0,Cabarrus,2022-04-21
9,91,28,63,0,Cabarrus,2022-05-16
9,98,24,74,0,Cabarrus,2022-05-18
9,120,22,98,0,Cabarrus,2022-06-01
9,63,11,52,0,Cabarrus,2022-06-03
9,109,21,88,0,Cabarrus,2022-06-06
9,76,11,65,0,Cabarrus,2022-06-17
9,74,14,60,0,Cabarrus,2022-06-20
9,54,6,48,0,Cabarrus,2022-06-26
10,106,23,83,0,Cabarrus,2022-05-13
11,86,17,69,0,Cabarrus,2022-06-28
11,68,7,61,0,Cabarrus,2022-06-29
12,74,11,63,0,Cabarrus,2022-06-08
12,78,18,60,0,Cabarrus,2022-06-15
12,60,8,52,0,Cabarrus,2022-06-19
12,84,12,72,0,Cabarrus,2022-06-30
15,68,19,49,0,Cabarrus,2022-04-25
17,130,24,106,0,Cabarrus,2022-05-31
18,102,19,83,0,Cabarrus,2022-06-27
19,279,70,209,0,Cabarrus,2022-01-09
19,81,12,69,0,Cabarrus,2022-06-07
39,397,104,293,0,Cabarrus,2022-01-21
49,528,176,352,0,Cabarrus,2022-01-24
50,704,130,574,0,Cabarrus,2022-01-04
,0,0,0,0,Caldwell,2022-04-05
0,9,0,9,0,Caldwell,2022-03-04
0,7,0,7,0,Caldwell,2022-03-06
0,4,0,4,0,Caldwell,2022-03-07
0,6,1,5,0,Caldwell,2022-03-08
0,1,0,1,0,Caldwell,2022-03-12
0,2,1,1,0,Caldwell,2022-03-13
0,2,0,2,0,Caldwell,2022-03-15
0,7,3,4,0,Caldwell,2022-03-17
0,2,0,2,0,Caldwell,2022-03-19
0,2,0,2,0,Caldwell,2022-03-20
0,1,0,1,0,Caldwell,2022-03-21
0,3,0,3,0,Caldwell,2022-03-24
0,3,0,3,0,Caldwell,2022-03-25
0,1,0,1,0,Caldwell,2022-03-26
0,1,0,1,0,Caldwell,2022-03-27
0,5,0,5,0,Caldwell,2022-03-28
0,3,0,3,0,Caldwell,2022-03-29
0,4,0,4,0,Caldwell,2022-03-30
0,2,0,2,0,Caldwell,2022-04-01
0,4,0,4,0,Caldwell,2022-04-02
0,2,0,2,0,Caldwell,2022-04-03
0,2,0,2,0,Caldwell,2022-04-08
0,3,0,3,0,Caldwell,2022-04-09
0,4,0,4,0,Caldwell,2022-04-10
0,2,0,2,0,Caldwell,2022-04-11
0,4,0,4,0,Caldwell,2022-04-12
0,8,2,6,0,Caldwell,2022-04-13
0,2,0,2,0,Caldwell,2022-04-14
0,2,0,2,0,Caldwell,2022-04-17
0,5,1,4,0,Caldwell,2022-04-18
0,8,2,6,0,Caldwell,2022-04-19
0,10,3,7,0,Caldwell,2022-04-22
0,6,0,6,0,Caldwell,2022-04-23
0,6,0,6,0,Caldwell,2022-04-24
0,3,0,3,0,Caldwell,2022-04-26
0,6,3,3,0,Caldwell,2022-04-28
0,5,1,4,0,Caldwell,2022-04-30
0,4,0,4,0,Caldwell,2022-05-07
0,19,5,14,0,Caldwell,2022-05-10
0,8,0,8,0,Caldwell,2022-05-11
0,6,0,6,0,Caldwell,2022-05-28
0,15,1,14,0,Caldwell,2022-05-29
0,13,1,12,0,Caldwell,2022-06-04
0,23,2,21,0,Caldwell,2022-06-25
1,26,3,23,0,Caldwell,2022-02-12
1,32,2,30,0,Caldwell,2022-02-16
1,17,3,14,0,Caldwell,2022-02-20
1,13,0,13,0,Caldwell,2022-02-28
1,3,0,3,0,Caldwell,2022-03-10
1,5,1,4,0,Caldwell,2022-03-11
1,3,0,3,0,Caldwell,2022-03-14
1,2,0,2,0,Caldwell,2022-03-16
1,2,0,2,0,Caldwell,2022-03-22
1,4,0,4,0,Caldwell,2022-04-04
1,6,0,6,0,Caldwell,2022-04-15
1,3,0,3,0,Caldwell,2022-04-16
1,10,1,9,0,Caldwell,2022-04-27
1,6,0,6,0,Caldwell,2022-04-29
1,4,1,3,0,Caldwell,2022-05-03
1,4,1,3,0,Caldwell,2022-05-04
1,11,1,10,0,Caldwell,2022-05-05
1,7,1,6,0,Caldwell,2022-05-06
1,5,0,5,0,Caldwell,2022-05-08
1,13,1,12,0,Caldwell,2022-05-09
1,12,1,11,0,Caldwell,2022-05-13
1,12,3,9,0,Caldwell,2022-05-15
1,22,4,18,0,Caldwell,2022-05-17
1,8,2,6,0,Caldwell,2022-05-21
1,16,3,13,0,Caldwell,2022-05-23
1,14,0,14,0,Caldwell,2022-05-26
1,21,2,19,0,Caldwell,2022-05-27
1,9,1,8,0,Caldwell,2022-05-30
1,14,0,14,0,Caldwell,2022-06-05
1,19,3,16,0,Caldwell,2022-07-02
2,19,2,17,0,Caldwell,2022-02-18
2,18,2,16,0,Caldwell,2022-02-24
2,7,2,5,0,Caldwell,2022-03-09
2,3,0,3,0,Caldwell,2022-04-06
2,6,1,5,0,Caldwell,2022-04-07
2,16,2,14,0,Caldwell,2022-04-21
2,8,1,7,0,Caldwell,2022-05-01
2,18,3,15,0,Caldwell,2022-05-02
2,6,1,5,0,Caldwell,2022-05-12
2,10,1,9,0,Caldwell,2022-05-14
2,16,3,13,0,Caldwell,2022-05-20
2,12,1,11,0,Caldwell,2022-05-22
2,22,3,19,0,Caldwell,2022-05-25
2,25,5,20,0,Caldwell,2022-06-01
2,22,1,21,0,Caldwell,2022-06-06
2,17,0,17,0,Caldwell,2022-06-11
2,15,3,12,0,Caldwell,2022-06-18
3,23,2,21,0,Caldwell,2022-02-17
3,10,0,10,0,Caldwell,2022-02-26
3,10,1,9,0,Caldwell,2022-03-02
3,11,3,8,0,Caldwell,2022-03-03
3,13,2,11,0,Caldwell,2022-04-20
3,19,4,15,0,Caldwell,2022-05-18
3,15,2,13,0,Caldwell,2022-06-03
3,28,5,23,0,Caldwell,2022-06-08
3,25,4,21,0,Caldwell,2022-06-12
3,30,8,22,0,Caldwell,2022-06-17
3,18,2,16,0,Caldwell,2022-06-19
3,22,4,18,0,Caldwell,2022-06-22
4,112,28,84,0,Caldwell,2022-01-23
4,15,3,12,0,Caldwell,2022-05-16
4,14,1,13,0,Caldwell,2022-05-24
4,17,3,14,0,Caldwell,2022-06-02
4,36,8,28,0,Caldwell,2022-06-21
4,18,2,16,0,Caldwell,2022-06-24
4,26,7,19,0,Caldwell,2022-06-30
5,21,3,18,0,Caldwell,2022-05-19
5,26,6,20,0,Caldwell,2022-05-31
5,33,1,32,0,Caldwell,2022-06-23
6,21,5,16,0,Caldwell,2022-04-25
6,23,2,21,0,Caldwell,2022-06-07
6,26,3,23,0,Caldwell,2022-06-13
6,30,2,28,0,Caldwell,2022-06-14
6,29,6,23,0,Caldwell,2022-06-16
6,35,3,32,0,Caldwell,2022-06-27
6,33,2,31,0,Caldwell,2022-07-01
7,27,6,21,0,Caldwell,2022-06-26
7,41,2,39,0,Caldwell,2022-06-28
8,71,11,60,0,Caldwell,2022-02-08
8,25,4,21,0,Caldwell,2022-06-10
8,25,6,19,0,Caldwell,2022-06-15
8,43,6,37,0,Caldwell,2022-06-20
8,34,4,30,0,Caldwell,2022-06-29
19,213,43,170,0,Caldwell,2022-01-05
24,205,42,163,0,Caldwell,2022-01-07
28,298,42,256,0,Caldwell,2022-01-10
38,322,76,246,0,Caldwell,2022-01-13
44,392,101,291,0,Caldwell,2022-01-20
,0,0,0,0,Camden,2022-02-02
,0,0,0,0,Camden,2022-02-04
,0,0,0,0,Camden,2022-02-05
,0,0,0,0,Camden,2022-02-06
,0,0,0,0,Camden,2022-02-13
,0,0,0,0,Camden,2022-02-14
,0,0,0,0,Camden,2022-02-17
,0,0,0,0,Camden,2022-02-18
,0,0,0,0,Camden,2022-02-20
,0,0,0,0,Camden,2022-02-23
,0,0,0,0,Camden,2022-02-26
,0,0,0,0,Camden,2022-02-28
,0,0,0,0,Camden,2022-03-02
,0,0,0,0,Camden,2022-03-03
,0,0,0,0,Camden,2022-03-04
,0,0,0,0,Camden,2022-03-05
,0,0,0,0,Camden,2022-03-06
,0,0,0,0,Camden,2022-03-07
,0,0,0,0,Camden,2022-03-10
,0,0,0,0,Camden,2022-03-11
,0,0,0,0,Camden,2022-03-12
,0,0,0,0,Camden,2022-03-13
,0,0,0,0,Camden,2022-03-14
,0,0,0,0,Camden,2022-03-15
,0,0,0,0,Camden,2022-03-16
,0,0,0,0,Camden,2022-03-17
,0,0,0,0,Camden,2022-03-18
,0,0,0,0,Camden,2022-03-19
,0,0,0,0,Camden,2022-03-20
,0,0,0,0,Camden,2022-03-21
,0,0,0,0,Camden,2022-03-22
,0,0,0,0,Camden,2022-03-23
,0,0,0,0,Camden,2022-03-25
,0,0,0,0,Camden,2022-03-26
,0,0,0,0,Camden,2022-03-27
,0,0,0,0,Camden,2022-03-28
,0,0,0,0,Camden,2022-03-29
,0,0,0,0,Camden,2022-03-30
,0,0,0,0,Camden,2022-04-02
,0,0,0,0,Camden,2022-04-04
,0,0,0,0,Camden,2022-04-06
,0,0,0,0,Camden,2022-04-08
,0,0,0,0,Camden,2022-04-09
,0,0,0,0,Camden,2022-04-10
,0,0,0,0,Camden,2022-04-11
,0,0,0,0,Camden,2022-04-13
,0,0,0,0,Camden,2022-04-15
,0,0,0,0,Camden,2022-04-16
,0,0,0,0,Camden,2022-04-17
,0,0,0,0,Camden,2022-04-18
,0,0,0,0,Camden,2022-04-20
,0,0,0,0,Camden,2022-04-21
,0,0,0,0,Camden,2022-04-22
,0,0,0,0,Camden,2022-04-23
,0,0,0,0,Camden,2022-04-24
,0,0,0,0,Camden,2022-04-26
,0,0,0,0,Camden,2022-04-27
,0,0,0,0,Camden,2022-04-30
,0,0,0,0,Camden,2022-05-01
,0,0,0,0,Camden,2022-05-10
,0,0,0,0,Camden,2022-05-13
,0,0,0,0,Camden,2022-05-15
,0,0,0,0,Camden,2022-05-21
,0,0,0,0,Camden,2022-05-28
,0,0,0,0,Camden,2022-06-03
,0,0,0,0,Camden,2022-06-05
,0,0,0,0,Camden,2022-06-07
,0,0,0,0,Camden,2022-06-14
,0,0,0,0,Camden,2022-06-15
,0,0,0,0,Camden,2022-06-18
,0,0,0,0,Camden,2022-06-19
,0,0,0,0,Camden,2022-06-28
,0,0,0,0,Camden,2022-07-02
0,12,3,9,0,Camden,2022-01-07
0,5,1,4,0,Camden,2022-01-08
0,5,1,4,0,Camden,2022-01-09
0,12,3,9,0,Camden,2022-01-14
0,7,2,5,0,Camden,2022-01-20
0,1,1,0,0,Camden,2022-01-21
0,1,0,1,0,Camden,2022-01-22
0,3,2,1,0,Camden,2022-01-23
0,16,10,6,0,Camden,2022-01-24
0,5,2,3,0,Camden,2022-01-25
0,11,2,9,0,Camden,2022-01-26
0,12,6,6,0,Camden,2022-01-27
0,6,0,6,0,Camden,2022-01-28
0,5,0,5,0,Camden,2022-01-30
0,1,0,1,0,Camden,2022-01-31
0,1,0,1,0,Camden,2022-02-01
0,2,1,1,0,Camden,2022-02-07
0,3,1,2,0,Camden,2022-02-09
0,1,0,1,0,Camden,2022-02-11
0,3,1,2,0,Camden,2022-02-12
0,1,0,1,0,Camden,2022-02-15
0,1,1,0,0,Camden,2022-02-21
0,4,2,2,0,Camden,2022-02-22
0,2,1,1,0,Camden,2022-02-25
0,1,1,0,0,Camden,2022-02-27
0,1,0,1,0,Camden,2022-03-01
0,1,0,1,0,Camden,2022-03-08
0,1,0,1,0,Camden,2022-03-09
0,1,0,1,0,Camden,2022-03-24
0,2,0,2,0,Camden,2022-03-31
0,1,0,1,0,Camden,2022-04-01
0,2,0,2,0,Camden,2022-04-03
0,3,0,3,0,Camden,2022-04-05
0,1,0,1,0,Camden,2022-04-07
0,1,0,1,0,Camden,2022-04-12
0,1,1,0,0,Camden,2022-04-14
0,1,0,1,0,Camden,2022-04-19
0,2,0,2,0,Camden,2022-04-25
0,2,2,0,0,Camden,2022-04-29
0,3,1,2,0,Camden,2022-05-02
0,1,0,1,0,Camden,2022-05-03
0,1,0,1,0,Camden,2022-05-04
0,1,0,1,0,Camden,2022-05-05
0,2,1,1,0,Camden,2022-05-06
0,1,0,1,0,Camden,2022-05-07
0,1,0,1,0,Camden,2022-05-08
0,2,1,1,0,Camden,2022-05-09
0,3,1,2,0,Camden,2022-05-11
0,1,0,1,0,Camden,2022-05-12
0,4,1,3,0,Camden,2022-05-14
0,2,1,1,0,Camden,2022-05-17
0,2,0,2,0,Camden,2022-05-18
0,1,0,1,0,Camden,2022-05-19
0,3,1,2,0,Camden,2022-05-20
0,2,1,1,0,Camden,2022-05-22
0,3,1,2,0,Camden,2022-05-24
0,2,2,0,0,Camden,2022-05-25
0,3,2,1,0,Camden,2022-05-26
0,5,4,1,0,Camden,2022-05-27
0,4,0,4,0,Camden,2022-05-29
0,2,2,0,0,Camden,2022-05-30
0,3,1,2,0,Camden,2022-06-01
0,1,1,0,0,Camden,2022-06-02
0,1,1,0,0,Camden,2022-06-04
0,1,1,0,0,Camden,2022-06-06
0,3,1,2,0,Camden,2022-06-08
0,2,2,0,0,Camden,2022-06-09
0,3,0,3,0,Camden,2022-06-11
0,4,0,4,0,Camden,2022-06-12
0,3,0,3,0,Camden,2022-06-13
0,1,1,0,0,Camden,2022-06-16
0,1,1,0,0,Camden,2022-06-17
0,3,1,2,0,Camden,2022-06-20
0,2,0,2,0,Camden,2022-06-22
0,1,1,0,0,Camden,2022-06-23
0,1,0,1,0,Camden,2022-06-24
0,3,0,3,0,Camden,2022-06-25
0,3,0,3,0,Camden,2022-06-26
0,2,1,1,0,Camden,2022-06-29
0,3,0,3,0,Camden,2022-07-01
1,20,4,16,0,Camden,2022-01-04
1,14,3,11,0,Camden,2022-01-10
1,5,2,3,0,Camden,2022-01-16
1,7,6,1,0,Camden,2022-01-17
1,17,5,12,0,Camden,2022-01-18
1,1,1,0,0,Camden,2022-01-29
1,2,0,2,0,Camden,2022-02-03
1,2,1,1,0,Camden,2022-02-08
1,3,0,3,0,Camden,2022-02-16
1,1,0,1,0,Camden,2022-02-19
1,3,2,1,0,Camden,2022-04-28
1,2,0,2,0,Camden,2022-05-16
1,4,2,2,0,Camden,2022-05-23
1,4,0,4,0,Camden,2022-05-31
1,3,0,3,0,Camden,2022-06-10
1,1,0,1,0,Camden,2022-06-21
1,4,1,3,0,Camden,2022-06-27
1,3,0,3,0,Camden,2022-06-30
2,26,10,16,0,Camden,2022-01-13
2,3,2,1,0,Camden,2022-02-10
2,2,0,2,0,Camden,2022-02-24
3,20,8,12,0,Camden,2022-01-12
4,21,5,16,0,Camden,2022-01-11
5,25,5,20,0,Camden,2022-01-05
,0,0,0,0,Carteret,2022-03-20
,0,0,0,0,Carteret,2022-03-26
,0,0,0,0,Carteret,2022-03-29
,0,0,0,0,Carteret,2022-04-17
0,28,5,23,0,Carteret,2022-02-05
0,24,7,17,0,Carteret,2022-02-06
0,4,2,2,0,Carteret,2022-02-19
0,16,4,12,0,Carteret,2022-02-23
0,3,0,3,0,Carteret,2022-02-27
0,6,1,5,0,Carteret,2022-02-28
0,4,0,4,0,Carteret,2022-03-04
0,5,0,5,0,Carteret,2022-03-05
0,3,1,2,0,Carteret,2022-03-06
0,5,2,3,0,Carteret,2022-03-10
0,6,3,3,0,Carteret,2022-03-11
0,3,0,3,0,Carteret,2022-03-12
0,2,0,2,0,Carteret,2022-03-13
0,3,0,3,0,Carteret,2022-03-14
0,5,0,5,0,Carteret,2022-03-15
0,2,1,1,0,Carteret,2022-03-17
0,2,0,2,0,Carteret,2022-03-18
0,1,0,1,0,Carteret,2022-03-19
0,3,1,2,0,Carteret,2022-03-21
0,4,2,2,0,Carteret,2022-03-22
0,1,0,1,0,Carteret,2022-03-23
0,1,0,1,0,Carteret,2022-03-24
0,2,2,0,0,Carteret,2022-03-25
0,3,1,2,0,Carteret,2022-03-28
0,3,0,3,0,Carteret,2022-04-01
0,1,0,1,0,Carteret,2022-04-02
0,2,1,1,0,Carteret,2022-04-04
0,2,1,1,0,Carteret,2022-04-05
0,1,0,1,0,Carteret,2022-04-06
0,2,1,1,0,Carteret,2022-04-07
0,2,1,1,0,Carteret,2022-04-08
0,2,1,1,0,Carteret,2022-04-10
0,6,2,4,0,Carteret,2022-04-12
0,4,1,3,0,Carteret,2022-04-14
0,2,1,1,0,Carteret,2022-04-15
0,2,0,2,0,Carteret,2022-04-16
0,8,4,4,0,Carteret,2022-04-20
0,8,6,2,0,Carteret,2022-04-21
0,7,2,5,0,Carteret,2022-04-22
0,7,1,6,0,Carteret,2022-04-23
0,2,0,2,0,Carteret,2022-04-24
0,11,4,7,0,Carteret,2022-04-25
0,9,1,8,0,Carteret,2022-04-26
0,4,0,4,0,Carteret,2022-04-27
0,4,1,3,0,Carteret,2022-04-29
0,2,0,2,0,Carteret,2022-04-30
0,11,8,3,0,Carteret,2022-05-04
0,8,3,5,0,Carteret,2022-05-07
0,7,0,7,0,Carteret,2022-05-08
0,18,10,8,0,Carteret,2022-05-10
0,12,5,7,0,Carteret,2022-05-13
0,11,1,10,0,Carteret,2022-05-14
0,4,3,1,0,Carteret,2022-05-15
0,21,7,14,0,Carteret,2022-05-17
0,18,8,10,0,Carteret,2022-05-20
0,10,3,7,0,Carteret,2022-06-04
0,13,1,12,0,Carteret,2022-06-05
0,18,8,10,0,Carteret,2022-06-16
0,11,2,9,0,Carteret,2022-06-26
1,30,11,19,0,Carteret,2022-01-08
1,28,6,22,0,Carteret,2022-01-22
1,31,7,24,0,Carteret,2022-01-30
1,15,8,7,0,Carteret,2022-02-18
1,6,1,5,0,Carteret,2022-02-20
1,20,7,13,0,Carteret,2022-02-22
1,17,7,10,0,Carteret,2022-02-24
1,9,2,7,0,Carteret,2022-03-01
1,11,2,9,0,Carteret,2022-03-02
1,6,2,4,0,Carteret,2022-03-08
1,2,1,1,0,Carteret,2022-03-30
1,2,2,0,0,Carteret,2022-04-03
1,3,1,2,0,Carteret,2022-04-09
1,6,4,2,0,Carteret,2022-04-13
1,5,4,1,0,Carteret,2022-04-19
1,8,1,7,0,Carteret,2022-05-01
1,12,6,6,0,Carteret,2022-05-02
1,16,3,13,0,Carteret,2022-05-12
1,13,4,9,0,Carteret,2022-05-22
1,8,2,6,0,Carteret,2022-05-30
1,35,12,23,0,Carteret,2022-06-06
1,16,5,11,0,Carteret,2022-06-08
1,20,8,12,0,Carteret,2022-06-10
1,21,10,11,0,Carteret,2022-06-15
1,13,5,8,0,Carteret,2022-06-19
1,37,18,19,0,Carteret,2022-06-21
1,19,3,16,0,Carteret,2022-06-25
1,10,2,8,0,Carteret,2022-07-02
2,130,51,79,0,Carteret,2022-01-05
2,44,13,31,0,Carteret,2022-02-08
2,42,14,28,0,Carteret,2022-02-10
2,37,17,20,0,Carteret,2022-02-15
2,16,4,12,0,Carteret,2022-05-03
2,10,5,5,0,Carteret,2022-05-06
2,15,3,12,0,Carteret,2022-05-16
2,22,8,14,0,Carteret,2022-05-19
2,24,9,15,0,Carteret,2022-05-24
2,22,8,14,0,Carteret,2022-05-25
2,21,7,14,0,Carteret,2022-05-28
2,26,16,10,0,Carteret,2022-06-07
2,20,7,13,0,Carteret,2022-06-11
2,23,9,14,0,Carteret,2022-06-13
2,18,4,14,0,Carteret,2022-06-14
2,17,4,13,0,Carteret,2022-06-18
2,20,5,15,0,Carteret,2022-06-20
2,36,16,20,0,Carteret,2022-06-24
2,25,12,13,0,Carteret,2022-06-28
2,22,9,13,0,Carteret,2022-06-30
3,55,17,38,0,Carteret,2022-01-09
3,5,3,2,0,Carteret,2022-04-11
3,14,6,8,0,Carteret,2022-05-05
3,11,6,5,0,Carteret,2022-05-09
3,22,12,10,0,Carteret,2022-05-11
3,22,8,14,0,Carteret,2022-05-23
3,23,7,16,0,Carteret,2022-05-26
3,36,9,27,0,Carteret,2022-05-27
3,23,6,17,0,Carteret,2022-06-01
3,29,11,18,0,Carteret,2022-06-02
4,64,25,39,0,Carteret,2022-01-21
4,31,16,15,0,Carteret,2022-05-18
4,12,6,6,0,Carteret,2022-05-21
4,14,3,11,0,Carteret,2022-05-29
4,22,11,11,0,Carteret,2022-06-09
4,28,11,17,0,Carteret,2022-06-22
4,28,10,18,0,Carteret,2022-07-01
5,119,47,72,0,Carteret,2022-01-26
5,43,9,34,0,Carteret,2022-02-09
5,24,6,18,0,Carteret,2022-06-17
5,39,16,23,0,Carteret,2022-06-27
6,190,83,107,0,Carteret,2022-01-10
6,93,35,58,0,Carteret,2022-02-01
6,52,33,19,0,Carteret,2022-05-31
6,29,9,20,0,Carteret,2022-06-23
7,109,34,75,0,Carteret,2022-01-27
7,79,31,48,0,Carteret,2022-02-07
7,38,15,23,0,Carteret,2022-06-29
8,140,55,85,0,Carteret,2022-01-07
8,193,70,123,0,Carteret,2022-01-14
,0,0,0,0,Caswell,2022-03-04
,0,0,0,0,Caswell,2022-03-06
,0,0,0,0,Caswell,2022-03-08
,0,0,0,0,Caswell,2022-03-09
,0,0,0,0,Caswell,2022-03-11
,0,0,0,0,Caswell,2022-03-12
,0,0,0,0,Caswell,2022-03-13
,0,0,0,0,Caswell,2022-03-14
,0,0,0,0,Caswell,2022-03-18
,0,0,0,0,Caswell,2022-03-20
,0,0,0,0,Caswell,2022-03-21
,0,0,0,0,Caswell,2022-03-22
,0,0,0,0,Caswell,2022-03-23
,0,0,0,0,Caswell,2022-03-24
,0,0,0,0,Caswell,2022-03-26
,0,0,0,0,Caswell,2022-03-27
,0,0,0,0,Caswell,2022-03-29
,0,0,0,0,Caswell,2022-04-01
,0,0,0,0,Caswell,2022-04-02
,0,0,0,0,Caswell,2022-04-03
,0,0,0,0,Caswell,2022-04-05
,0,0,0,0,Caswell,2022-04-16
,0,0,0,0,Caswell,2022-04-17
,0,0,0,0,Caswell,2022-04-18
,0,0,0,0,Caswell,2022-04-30
,0,0,0,0,Caswell,2022-05-22
0,5,1,4,0,Caswell,2022-01-16
0,28,2,26,0,Caswell,2022-01-26
0,3,0,3,0,Caswell,2022-01-29
0,4,1,3,0,Caswell,2022-01-30
0,4,0,4,0,Caswell,2022-02-06
0,11,1,10,0,Caswell,2022-02-07
0,13,2,11,0,Caswell,2022-02-09
0,11,1,10,0,Caswell,2022-02-10
0,10,1,9,0,Caswell,2022-02-11
0,3,1,2,0,Caswell,2022-02-13
0,7,0,7,0,Caswell,2022-02-15
0,5,1,4,0,Caswell,2022-02-17
0,2,0,2,0,Caswell,2022-02-23
0,1,0,1,0,Caswell,2022-02-26
0,1,0,1,0,Caswell,2022-02-27
0,2,0,2,0,Caswell,2022-02-28
0,1,0,1,0,Caswell,2022-03-03
0,1,0,1,0,Caswell,2022-03-05
0,1,0,1,0,Caswell,2022-03-07
0,2,1,1,0,Caswell,2022-03-15
0,4,1,3,0,Caswell,2022-03-16
0,1,0,1,0,Caswell,2022-03-17
0,1,0,1,0,Caswell,2022-03-19
0,2,0,2,0,Caswell,2022-03-25
0,2,0,2,0,Caswell,2022-03-28
0,1,0,1,0,Caswell,2022-03-30
0,3,0,3,0,Caswell,2022-04-04
0,1,0,1,0,Caswell,2022-04-06
0,1,0,1,0,Caswell,2022-04-07
0,1,0,1,0,Caswell,2022-04-08
0,2,0,2,0,Caswell,2022-04-09
0,1,0,1,0,Caswell,2022-04-10
0,3,0,3,0,Caswell,2022-04-11
0,1,0,1,0,Caswell,2022-04-12
0,1,0,1,0,Caswell,2022-04-13
0,1,0,1,0,Caswell,2022-04-14
0,2,1,1,0,Caswell,2022-04-15
0,7,0,7,0,Caswell,2022-04-19
0,1,0,1,0,Caswell,2022-04-20
0,3,1,2,0,Caswell,2022-04-21
0,2,0,2,0,Caswell,2022-04-22
0,3,0,3,0,Caswell,2022-04-23
0,3,0,3,0,Caswell,2022-04-24
0,7,0,7,0,Caswell,2022-04-25
0,1,0,1,0,Caswell,2022-04-26
0,4,0,4,0,Caswell,2022-04-27
0,3,1,2,0,Caswell,2022-04-28
0,1,0,1,0,Caswell,2022-04-29
0,2,1,1,0,Caswell,2022-05-01
0,2,1,1,0,Caswell,2022-05-03
0,7,1,6,0,Caswell,2022-05-04
0,2,0,2,0,Caswell,2022-05-06
0,3,0,3,0,Caswell,2022-05-07
0,3,0,3,0,Caswell,2022-05-08
0,5,0,5,0,Caswell,2022-05-14
0,4,0,4,0,Caswell,2022-05-15
0,3,0,3,0,Caswell,2022-05-17
0,1,0,1,0,Caswell,2022-05-21
0,6,1,5,0,Caswell,2022-05-24
0,5,0,5,0,Caswell,2022-05-28
0,9,0,9,0,Caswell,2022-05-31
0,4,1,3,0,Caswell,2022-06-04
0,4,0,4,0,Caswell,2022-06-05
0,11,0,11,0,Caswell,2022-06-06
0,9,0,9,0,Caswell,2022-06-08
0,5,1,4,0,Caswell,2022-06-10
0,2,0,2,0,Caswell,2022-06-11
0,10,1,9,0,Caswell,2022-06-13
0,9,0,9,0,Caswell,2022-06-14
0,6,2,4,0,Caswell,2022-06-15
0,2,0,2,0,Caswell,2022-06-18
0,3,1,2,0,Caswell,2022-06-19
0,8,0,8,0,Caswell,2022-06-24
0,5,2,3,0,Caswell,2022-06-25
0,5,1,4,0,Caswell,2022-06-28
0,3,0,3,0,Caswell,2022-06-29
0,8,3,5,0,Caswell,2022-06-30
0,3,1,2,0,Caswell,2022-07-01
1,19,1,18,0,Caswell,2022-01-09
1,54,5,49,0,Caswell,2022-01-14
1,45,3,42,0,Caswell,2022-01-21
1,21,0,21,0,Caswell,2022-01-23
1,8,1,7,0,Caswell,2022-02-04
1,4,0,4,0,Caswell,2022-02-05
1,3,2,1,0,Caswell,2022-02-19
1,8,0,8,0,Caswell,2022-02-21
1,5,0,5,0,Caswell,2022-02-24
1,5,0,5,0,Caswell,2022-02-25
1,1,0,1,0,Caswell,2022-03-10
1,1,0,1,0,Caswell,2022-03-31
1,4,0,4,0,Caswell,2022-05-02
1,6,2,4,0,Caswell,2022-05-05
1,13,3,10,0,Caswell,2022-05-09
1,9,2,7,0,Caswell,2022-05-10
1,7,1,6,0,Caswell,2022-05-13
1,9,1,8,0,Caswell,2022-05-18
1,5,1,4,0,Caswell,2022-05-19
1,2,0,2,0,Caswell,2022-05-20
1,8,1,7,0,Caswell,2022-05-25
1,8,0,8,0,Caswell,2022-05-26
1,9,0,9,0,Caswell,2022-05-27
1,7,0,7,0,Caswell,2022-05-29
1,4,2,2,0,Caswell,2022-05-30
1,7,0,7,0,Caswell,2022-06-03
1,4,1,3,0,Caswell,2022-06-12
1,8,2,6,0,Caswell,2022-06-16
1,7,2,5,0,Caswell,2022-06-20
1,7,1,6,0,Caswell,2022-06-21
1,5,1,4,0,Caswell,2022-06-23
1,4,0,4,0,Caswell,2022-06-26
2,25,1,24,0,Caswell,2022-02-08
2,12,1,11,0,Caswell,2022-05-11
2,9,1,8,0,Caswell,2022-05-16
2,8,1,7,0,Caswell,2022-05-23
2,9,2,7,0,Caswell,2022-06-01
2,18,1,17,0,Caswell,2022-06-02
2,14,0,14,0,Caswell,2022-06-07
2,10,3,7,0,Caswell,2022-06-09
2,15,1,14,0,Caswell,2022-06-17
2,5,0,5,0,Caswell,2022-06-27
2,3,0,3,0,Caswell,2022-07-02
3,69,0,69,0,Caswell,2022-01-11
3,4,2,2,0,Caswell,2022-05-12
3,8,0,8,0,Caswell,2022-06-22
4,88,7,81,0,Caswell,2022-01-05
4,49,1,48,0,Caswell,2022-01-07
4,17,1,16,0,Caswell,2022-02-02
5,75,7,68,0,Caswell,2022-01-24
5,33,2,31,0,Caswell,2022-01-27
5,25,3,22,0,Caswell,2022-01-28
5,26,1,25,0,Caswell,2022-01-31
6,67,2,65,0,Caswell,2022-01-06
7,89,5,84,0,Caswell,2022-01-10
7,28,1,27,0,Caswell,2022-01-17
9,76,8,68,0,Caswell,2022-01-13
0,7,3,4,0,Catawba,2022-03-10
0,9,4,5,0,Catawba,2022-03-18
0,3,1,2,0,Catawba,2022-03-19
0,1,0,1,0,Catawba,2022-03-20
0,1,1,0,0,Catawba,2022-03-25
0,1,1,0,0,Catawba,2022-04-02
0,5,3,2,0,Catawba,2022-04-05
0,3,2,1,0,Catawba,2022-04-08
0,1,0,1,0,Catawba,2022-04-09
0,9,0,9,0,Catawba,2022-04-10
0,9,5,4,0,Catawba,2022-04-15
0,3,2,1,0,Catawba,2022-04-17
0,16,7,9,0,Catawba,2022-04-18
0,8,2,6,0,Catawba,2022-04-23
0,7,1,6,0,Catawba,2022-05-01
1,32,14,18,0,Catawba,2022-02-25
1,15,9,6,0,Catawba,2022-03-01
1,13,2,11,0,Catawba,2022-03-06
1,3,2,1,0,Catawba,2022-03-12
1,8,6,2,0,Catawba,2022-03-13
1,6,3,3,0,Catawba,2022-03-16
1,7,4,3,0,Catawba,2022-03-21
1,9,6,3,0,Catawba,2022-03-24
1,6,2,4,0,Catawba,2022-03-28
1,3,1,2,0,Catawba,2022-04-06
1,11,4,7,0,Catawba,2022-04-11
1,4,3,1,0,Catawba,2022-04-12
1,8,3,5,0,Catawba,2022-04-16
1,11,4,7,0,Catawba,2022-04-19
1,9,4,5,0,Catawba,2022-04-26
1,22,8,14,0,Catawba,2022-04-27
1,10,4,6,0,Catawba,2022-04-29
1,24,19,5,0,Catawba,2022-05-05
1,27,9,18,0,Catawba,2022-05-06
1,41,16,25,0,Catawba,2022-05-09
1,16,8,8,0,Catawba,2022-05-30
1,22,4,18,0,Catawba,2022-06-04
2,56,23,33,0,Catawba,2022-02-17
2,8,5,3,0,Catawba,2022-03-05
2,16,4,12,0,Catawba,2022-03-11
2,7,3,4,0,Catawba,2022-03-14
2,7,3,4,0,Catawba,2022-03-31
2,2,2,0,0,Catawba,2022-04-03
2,8,5,3,0,Catawba,2022-04-04
2,4,3,1,0,Catawba,2022-04-07
2,12,5,7,0,Catawba,2022-04-14
2,16,7,9,0,Catawba,2022-04-22
2,9,3,6,0,Catawba,2022-04-24
2,19,8,11,0,Catawba,2022-04-25
2,12,4,8,0,Catawba,2022-04-28
2,29,11,18,0,Catawba,2022-05-03
2,32,16,16,0,Catawba,2022-05-12
2,28,9,19,0,Catawba,2022-05-14
2,43,10,33,0,Catawba,2022-05-22
2,41,23,18,0,Catawba,2022-06-03
3,21,8,13,0,Catawba,2022-03-07
3,30,15,15,0,Catawba,2022-05-02
3,13,5,8,0,Catawba,2022-05-08
3,30,14,16,0,Catawba,2022-05-11
3,50,22,28,0,Catawba,2022-05-19
3,25,13,12,0,Catawba,2022-05-21
3,41,20,21,0,Catawba,2022-05-27
3,32,3,29,0,Catawba,2022-07-02
4,26,8,18,0,Catawba,2022-03-02
4,16,9,7,0,Catawba,2022-04-21
4,16,5,11,0,Catawba,2022-04-30
4,34,18,16,0,Catawba,2022-05-04
4,17,3,14,0,Catawba,2022-05-07
4,31,14,17,0,Catawba,2022-05-13
4,51,26,25,0,Catawba,2022-05-18
4,61,30,31,0,Catawba,2022-05-31
4,43,23,20,0,Catawba,2022-06-09
4,30,9,21,0,Catawba,2022-06-11
5,27,7,20,0,Catawba,2022-05-15
5,43,27,16,0,Catawba,2022-05-20
5,39,8,31,0,Catawba,2022-05-28
5,48,21,27,0,Catawba,2022-07-01
6,75,36,39,0,Catawba,2022-02-21
6,40,15,25,0,Catawba,2022-05-10
6,30,7,23,0,Catawba,2022-05-29
6,55,21,34,0,Catawba,2022-06-01
6,54,21,33,0,Catawba,2022-06-08
6,33,10,23,0,Catawba,2022-06-12
6,52,24,28,0,Catawba,2022-06-16
6,30,11,19,0,Catawba,2022-06-25
6,36,10,26,0,Catawba,2022-06-26
7,106,35,71,0,Catawba,2022-01-30
7,61,16,45,0,Catawba,2022-06-02
7,37,13,24,0,Catawba,2022-06-10
7,21,11,10,0,Catawba,2022-06-19
9,66,28,38,0,Catawba,2022-05-16
9,63,22,41,0,Catawba,2022-05-17
9,64,30,34,0,Catawba,2022-05-23
9,40,14,26,0,Catawba,2022-06-07
9,84,51,33,0,Catawba,2022-06-13
9,35,15,20,0,Catawba,2022-06-17
10,57,31,26,0,Catawba,2022-06-06
10,57,23,34,0,Catawba,2022-06-22
10,82,28,54,0,Catawba,2022-06-29
11,63,28,35,0,Catawba,2022-05-26
12,61,30,31,0,Catawba,2022-05-24
12,55,27,28,0,Catawba,2022-06-15
12,58,19,39,0,Catawba,2022-06-21
13,97,44,53,0,Catawba,2022-06-27
14,64,27,37,0,Catawba,2022-06-30
15,215,56,159,0,Catawba,2022-01-22
15,58,28,30,0,Catawba,2022-06-28
16,60,34,26,0,Catawba,2022-06-20
48,592,217,375,0,Catawba,2022-01-24
62,442,166,276,0,Catawba,2022-01-07
,0,0,0,0,Chatham,2022-03-13
0,9,5,4,0,Chatham,2022-02-06
0,19,2,17,0,Chatham,2022-02-11
0,8,2,6,0,Chatham,2022-02-12
0,13,6,7,0,Chatham,2022-02-13
0,14,6,8,0,Chatham,2022-02-20
0,15,4,11,0,Chatham,2022-02-23
0,13,4,9,0,Chatham,2022-02-24
0,8,3,5,0,Chatham,2022-02-25
0,4,0,4,0,Chatham,2022-02-26
0,4,1,3,0,Chatham,2022-02-27
0,2,0,2,0,Chatham,2022-03-05
0,4,2,2,0,Chatham,2022-03-06
0,10,1,9,0,Chatham,2022-03-07
0,4,0,4,0,Chatham,2022-03-09
0,6,0,6,0,Chatham,2022-03-10
0,1,0,1,0,Chatham,2022-03-12
0,9,3,6,0,Chatham,2022-03-15
0,3,1,2,0,Chatham,2022-03-16
0,3,0,3,0,Chatham,2022-03-17
0,5,0,5,0,Chatham,2022-03-18
0,1,0,1,0,Chatham,2022-03-19
0,5,1,4,0,Chatham,2022-03-20
0,1,0,1,0,Chatham,2022-03-22
0,2,1,1,0,Chatham,2022-03-24
0,1,0,1,0,Chatham,2022-03-26
0,1,0,1,0,Chatham,2022-03-27
0,3,1,2,0,Chatham,2022-03-28
0,4,1,3,0,Chatham,2022-03-31
0,2,2,0,0,Chatham,2022-04-01
0,3,1,2,0,Chatham,2022-04-02
0,2,2,0,0,Chatham,2022-04-03
0,8,2,6,0,Chatham,2022-04-05
0,12,4,8,0,Chatham,2022-04-06
0,8,0,8,0,Chatham,2022-04-08
0,9,1,8,0,Chatham,2022-04-09
0,7,1,6,0,Chatham,2022-04-10
0,14,1,13,0,Chatham,2022-04-11
0,11,1,10,0,Chatham,2022-04-14
0,7,3,4,0,Chatham,2022-04-15
0,5,0,5,0,Chatham,2022-04-16
0,5,1,4,0,Chatham,2022-04-17
0,9,0,9,0,Chatham,2022-04-18
0,12,0,12,0,Chatham,2022-04-22
0,4,0,4,0,Chatham,2022-04-23
0,8,0,8,0,Chatham,2022-04-24
0,16,3,13,0,Chatham,2022-04-25
0,18,3,15,0,Chatham,2022-04-27
0,10,1,9,0,Chatham,2022-04-30
0,16,5,11,0,Chatham,2022-05-01
0,18,1,17,0,Chatham,2022-05-15
0,39,7,32,0,Chatham,2022-05-23
0,17,3,14,0,Chatham,2022-06-11
0,11,2,9,0,Chatham,2022-06-12
0,13,1,12,0,Chatham,2022-06-17
0,11,1,10,0,Chatham,2022-06-18
0,5,2,3,0,Chatham,2022-06-19
0,18,3,15,0,Chatham,2022-06-23
0,28,4,24,0,Chatham,2022-06-30
1,54,9,45,0,Chatham,2022-02-02
1,49,12,37,0,Chatham,2022-02-04
1,27,3,24,0,Chatham,2022-02-10
1,35,11,24,0,Chatham,2022-02-14
1,5,1,4,0,Chatham,2022-02-19
1,23,4,19,0,Chatham,2022-02-21
1,9,5,4,0,Chatham,2022-02-22
1,10,5,5,0,Chatham,2022-02-28
1,11,0,11,0,Chatham,2022-03-02
1,7,3,4,0,Chatham,2022-03-03
1,8,1,7,0,Chatham,2022-03-04
1,8,1,7,0,Chatham,2022-03-08
1,7,0,7,0,Chatham,2022-03-11
1,7,1,6,0,Chatham,2022-03-14
1,9,4,5,0,Chatham,2022-03-21
1,1,0,1,0,Chatham,2022-03-23
1,1,0,1,0,Chatham,2022-03-25
1,5,1,4,0,Chatham,2022-04-04
1,12,0,12,0,Chatham,2022-04-19
1,18,6,12,0,Chatham,2022-04-20
1,8,1,7,0,Chatham,2022-04-21
1,16,2,14,0,Chatham,2022-04-28
1,18,2,16,0,Chatham,2022-04-29
1,29,6,23,0,Chatham,2022-05-05
1,28,5,23,0,Chatham,2022-05-09
1,23,3,20,0,Chatham,2022-05-12
1,16,1,15,0,Chatham,2022-05-14
1,33,4,29,0,Chatham,2022-05-17
1,35,4,31,0,Chatham,2022-05-20
1,15,1,14,0,Chatham,2022-05-21
1,24,5,19,0,Chatham,2022-05-25
1,37,7,30,0,Chatham,2022-05-26
1,18,5,13,0,Chatham,2022-05-28
1,8,1,7,0,Chatham,2022-05-29
1,14,1,13,0,Chatham,2022-05-30
1,14,0,14,0,Chatham,2022-06-04
1,10,1,9,0,Chatham,2022-06-05
1,24,3,21,0,Chatham,2022-06-06
1,17,3,14,0,Chatham,2022-06-09
1,24,5,19,0,Chatham,2022-06-13
1,25,3,22,0,Chatham,2022-06-20
1,29,1,28,0,Chatham,2022-06-21
1,10,2,8,0,Chatham,2022-06-26
1,19,3,16,0,Chatham,2022-06-29
2,56,13,43,0,Chatham,2022-01-09
2,31,3,28,0,Chatham,2022-01-22
2,106,25,81,0,Chatham,2022-01-31
2,35,15,20,0,Chatham,2022-02-08
2,18,5,13,0,Chatham,2022-02-17
2,11,4,7,0,Chatham,2022-03-01
2,12,3,9,0,Chatham,2022-04-07
2,15,1,14,0,Chatham,2022-04-12
2,18,2,16,0,Chatham,2022-04-13
2,20,2,18,0,Chatham,2022-04-26
2,26,5,21,0,Chatham,2022-05-06
2,39,4,35,0,Chatham,2022-05-10
2,21,7,14,0,Chatham,2022-05-11
2,32,5,27,0,Chatham,2022-05-13
2,23,4,19,0,Chatham,2022-05-24
2,32,9,23,0,Chatham,2022-05-27
2,19,1,18,0,Chatham,2022-06-07
2,25,3,22,0,Chatham,2022-06-08
2,20,4,16,0,Chatham,2022-06-16
2,24,3,21,0,Chatham,2022-06-27
2,30,4,26,0,Chatham,2022-06-28
3,111,12,99,0,Chatham,2022-01-26
3,34,11,23,0,Chatham,2022-05-02
3,11,1,10,0,Chatham,2022-05-07
3,22,4,18,0,Chatham,2022-05-08
3,58,7,51,0,Chatham,2022-05-31
3,25,6,19,0,Chatham,2022-06-03
3,23,2,21,0,Chatham,2022-06-14
3,28,5,23,0,Chatham,2022-06-15
3,37,3,34,0,Chatham,2022-07-01
3,26,2,24,0,Chatham,2022-07-02
4,27,8,19,0,Chatham,2022-05-03
4,37,8,29,0,Chatham,2022-05-04
4,33,8,25,0,Chatham,2022-05-19
4,20,3,17,0,Chatham,2022-05-22
4,30,6,24,0,Chatham,2022-06-01
4,19,2,17,0,Chatham,2022-06-22
5,87,3,84,0,Chatham,2022-01-17
5,30,9,21,0,Chatham,2022-01-30
5,70,17,53,0,Chatham,2022-02-07
5,42,9,33,0,Chatham,2022-05-16
6,72,18,54,0,Chatham,2022-02-03
6,43,7,36,0,Chatham,2022-05-18
7,112,24,88,0,Chatham,2022-01-07
9,205,33,172,0,Chatham,2022-01-24
10,170,35,135,0,Chatham,2022-01-05
10,85,19,66,0,Chatham,2022-01-27
12,181,5,176,0,Chatham,2022-01-12
12,245,47,198,0,Chatham,2022-01-18
18,266,44,222,0,Chatham,2022-01-10
,0,0,0,0,Cherokee,2022-03-05
,0,0,0,0,Cherokee,2022-03-08
,0,0,0,0,Cherokee,2022-03-10
,0,0,0,0,Cherokee,2022-03-13
,0,0,0,0,Cherokee,2022-03-15
,0,0,0,0,Cherokee,2022-03-19
,0,0,0,0,Cherokee,2022-03-20
,0,0,0,0,Cherokee,2022-03-21
,0,0,0,0,Cherokee,2022-03-26
,0,0,0,0,Cherokee,2022-03-27
,0,0,0,0,Cherokee,2022-03-28
,0,0,0,0,Cherokee,2022-03-29
,0,0,0,0,Cherokee,2022-04-01
,0,0,0,0,Cherokee,2022-04-02
,0,0,0,0,Cherokee,2022-04-03
,0,0,0,0,Cherokee,2022-04-09
,0,0,0,0,Cherokee,2022-04-10
,0,0,0,0,Cherokee,2022-04-11
,0,0,0,0,Cherokee,2022-04-17
,0,0,0,0,Cherokee,2022-04-19
,0,0,0,0,Cherokee,2022-04-20
,0,0,0,0,Cherokee,2022-04-22
,0,0,0,0,Cherokee,2022-04-24
,0,0,0,0,Cherokee,2022-05-01
,0,0,0,0,Cherokee,2022-05-10
,0,0,0,0,Cherokee,2022-05-29
0,24,6,18,0,Cherokee,2022-01-22
0,13,4,9,0,Cherokee,2022-02-14
0,23,6,17,0,Cherokee,2022-02-15
0,4,0,4,0,Cherokee,2022-02-21
0,11,1,10,0,Cherokee,2022-02-22
0,3,1,2,0,Cherokee,2022-02-23
0,1,0,1,0,Cherokee,2022-02-26
0,1,0,1,0,Cherokee,2022-02-27
0,1,1,0,0,Cherokee,2022-03-02
0,4,1,3,0,Cherokee,2022-03-07
0,1,0,1,0,Cherokee,2022-03-11
0,1,0,1,0,Cherokee,2022-03-14
0,1,1,0,0,Cherokee,2022-03-17
0,1,1,0,0,Cherokee,2022-03-22
0,1,0,1,0,Cherokee,2022-03-23
0,1,0,1,0,Cherokee,2022-03-24
0,1,0,1,0,Cherokee,2022-03-25
0,1,0,1,0,Cherokee,2022-03-31
0,2,1,1,0,Cherokee,2022-04-04
0,1,0,1,0,Cherokee,2022-04-05
0,1,1,0,0,Cherokee,2022-04-06
0,1,1,0,0,Cherokee,2022-04-07
0,1,0,1,0,Cherokee,2022-04-08
0,1,1,0,0,Cherokee,2022-04-12
0,1,0,1,0,Cherokee,2022-04-13
0,1,0,1,0,Cherokee,2022-04-14
0,3,0,3,0,Cherokee,2022-04-15
0,2,0,2,0,Cherokee,2022-04-16
0,1,0,1,0,Cherokee,2022-04-23
0,3,0,3,0,Cherokee,2022-04-25
0,2,0,2,0,Cherokee,2022-04-26
0,2,2,0,0,Cherokee,2022-04-28
0,2,0,2,0,Cherokee,2022-04-29
0,2,0,2,0,Cherokee,2022-04-30
0,4,0,4,0,Cherokee,2022-05-02
0,4,0,4,0,Cherokee,2022-05-03
0,1,0,1,0,Cherokee,2022-05-04
0,1,1,0,0,Cherokee,2022-05-05
0,3,0,3,0,Cherokee,2022-05-06
0,1,0,1,0,Cherokee,2022-05-07
0,1,0,1,0,Cherokee,2022-05-08
0,5,0,5,0,Cherokee,2022-05-09
0,2,0,2,0,Cherokee,2022-05-11
0,1,0,1,0,Cherokee,2022-05-12
0,2,0,2,0,Cherokee,2022-05-13
0,2,0,2,0,Cherokee,2022-05-14
0,1,0,1,0,Cherokee,2022-05-15
0,1,0,1,0,Cherokee,2022-05-16
0,1,0,1,0,Cherokee,2022-05-18
0,2,0,2,0,Cherokee,2022-05-20
0,3,1,2,0,Cherokee,2022-05-21
0,4,0,4,0,Cherokee,2022-05-23
0,3,0,3,0,Cherokee,2022-05-25
0,6,2,4,0,Cherokee,2022-05-26
0,3,0,3,0,Cherokee,2022-05-28
0,3,0,3,0,Cherokee,2022-05-30
0,1,0,1,0,Cherokee,2022-06-04
0,5,1,4,0,Cherokee,2022-06-05
0,5,1,4,0,Cherokee,2022-06-07
0,3,0,3,0,Cherokee,2022-06-11
0,7,1,6,0,Cherokee,2022-06-15
0,12,2,10,0,Cherokee,2022-06-16
0,4,0,4,0,Cherokee,2022-06-17
0,5,0,5,0,Cherokee,2022-06-18
0,7,1,6,0,Cherokee,2022-06-23
0,14,1,13,0,Cherokee,2022-06-24
0,5,0,5,0,Cherokee,2022-06-26
0,3,0,3,0,Cherokee,2022-07-02
1,7,2,5,0,Cherokee,2022-01-29
1,12,1,11,0,Cherokee,2022-02-05
1,23,4,19,0,Cherokee,2022-02-09
1,7,2,5,0,Cherokee,2022-02-18
1,6,0,6,0,Cherokee,2022-02-19
1,9,2,7,0,Cherokee,2022-02-24
1,4,1,3,0,Cherokee,2022-03-03
1,4,1,3,0,Cherokee,2022-03-09
1,1,0,1,0,Cherokee,2022-04-21
1,2,1,1,0,Cherokee,2022-04-27
1,3,0,3,0,Cherokee,2022-05-17
1,2,0,2,0,Cherokee,2022-05-19
1,5,0,5,0,Cherokee,2022-05-22
1,1,0,1,0,Cherokee,2022-05-24
1,6,0,6,0,Cherokee,2022-05-27
1,4,1,3,0,Cherokee,2022-05-31
1,7,3,4,0,Cherokee,2022-06-01
1,5,1,4,0,Cherokee,2022-06-03
1,6,1,5,0,Cherokee,2022-06-08
1,5,0,5,0,Cherokee,2022-06-12
1,8,3,5,0,Cherokee,2022-06-19
1,12,3,9,0,Cherokee,2022-06-21
1,6,2,4,0,Cherokee,2022-06-22
1,2,0,2,0,Cherokee,2022-06-25
1,9,3,6,0,Cherokee,2022-06-27
1,5,1,4,0,Cherokee,2022-06-30
1,11,3,8,0,Cherokee,2022-07-01
2,16,6,10,0,Cherokee,2022-01-30
2,31,7,24,0,Cherokee,2022-02-01
2,21,9,12,0,Cherokee,2022-02-10
2,11,5,6,0,Cherokee,2022-02-16
2,10,1,9,0,Cherokee,2022-02-28
2,5,3,2,0,Cherokee,2022-03-01
2,4,1,3,0,Cherokee,2022-04-18
2,8,3,5,0,Cherokee,2022-06-02
2,10,1,9,0,Cherokee,2022-06-06
2,8,2,6,0,Cherokee,2022-06-09
2,10,1,9,0,Cherokee,2022-06-10
2,11,3,8,0,Cherokee,2022-06-13
2,19,6,13,0,Cherokee,2022-06-20
2,9,0,9,0,Cherokee,2022-06-29
3,28,8,20,0,Cherokee,2022-01-08
3,19,1,18,0,Cherokee,2022-01-09
3,29,8,21,0,Cherokee,2022-01-28
3,36,11,25,0,Cherokee,2022-02-07
3,26,8,18,0,Cherokee,2022-02-08
3,8,1,7,0,Cherokee,2022-02-13
3,15,5,10,0,Cherokee,2022-06-14
3,10,4,6,0,Cherokee,2022-06-28
5,27,5,22,0,Cherokee,2022-02-02
6,87,24,63,0,Cherokee,2022-01-14
6,48,10,38,0,Cherokee,2022-01-26
8,75,25,50,0,Cherokee,2022-01-11
13,109,36,73,0,Cherokee,2022-01-10
,0,0,0,0,Chowan,2022-02-05
,0,0,0,0,Chowan,2022-02-19
,0,0,0,0,Chowan,2022-02-20
,0,0,0,0,Chowan,2022-02-26
,0,0,0,0,Chowan,2022-03-01
,0,0,0,0,Chowan,2022-03-04
,0,0,0,0,Chowan,2022-03-05
,0,0,0,0,Chowan,2022-03-07
,0,0,0,0,Chowan,2022-03-09
,0,0,0,0,Chowan,2022-03-12
,0,0,0,0,Chowan,2022-03-13
,0,0,0,0,Chowan,2022-03-14
,0,0,0,0,Chowan,2022-03-17
,0,0,0,0,Chowan,2022-03-19
,0,0,0,0,Chowan,2022-03-21
,0,0,0,0,Chowan,2022-03-22
,0,0,0,0,Chowan,2022-03-23
,0,0,0,0,Chowan,2022-03-24
,0,0,0,0,Chowan,2022-03-25
,0,0,0,0,Chowan,2022-03-26
,0,0,0,0,Chowan,2022-03-27
,0,0,0,0,Chowan,2022-03-29
,0,0,0,0,Chowan,2022-03-31
,0,0,0,0,Chowan,2022-04-02
,0,0,0,0,Chowan,2022-04-04
,0,0,0,0,Chowan,2022-04-06
,0,0,0,0,Chowan,2022-04-07
,0,0,0,0,Chowan,2022-04-08
,0,0,0,0,Chowan,2022-04-09
,0,0,0,0,Chowan,2022-04-10
,0,0,0,0,Chowan,2022-04-11
,0,0,0,0,Chowan,2022-04-13
,0,0,0,0,Chowan,2022-04-14
,0,0,0,0,Chowan,2022-04-17
,0,0,0,0,Chowan,2022-04-19
,0,0,0,0,Chowan,2022-04-20
,0,0,0,0,Chowan,2022-04-24
,0,0,0,0,Chowan,2022-04-27
,0,0,0,0,Chowan,2022-04-29
,0,0,0,0,Chowan,2022-05-01
,0,0,0,0,Chowan,2022-06-11
,0,0,0,0,Chowan,2022-06-12
,0,0,0,0,Chowan,2022-06-18
,0,0,0,0,Chowan,2022-06-25
0,12,0,12,0,Chowan,2022-01-23
0,5,0,5,0,Chowan,2022-01-30
0,7,0,7,0,Chowan,2022-02-04
0,4,0,4,0,Chowan,2022-02-08
0,2,0,2,0,Chowan,2022-02-12
0,2,1,1,0,Chowan,2022-02-13
0,3,0,3,0,Chowan,2022-02-14
0,6,0,6,0,Chowan,2022-02-16
0,8,2,6,0,Chowan,2022-02-17
0,7,0,7,0,Chowan,2022-02-18
0,1,0,1,0,Chowan,2022-02-22
0,1,0,1,0,Chowan,2022-02-25
0,1,0,1,0,Chowan,2022-02-27
0,4,0,4,0,Chowan,2022-02-28
0,1,0,1,0,Chowan,2022-03-06
0,2,0,2,0,Chowan,2022-03-08
0,1,0,1,0,Chowan,2022-03-15
0,1,0,1,0,Chowan,2022-03-16
0,1,0,1,0,Chowan,2022-03-18
0,3,3,0,0,Chowan,2022-03-20
0,1,0,1,0,Chowan,2022-03-28
0,1,0,1,0,Chowan,2022-03-30
0,1,0,1,0,Chowan,2022-04-01
0,1,0,1,0,Chowan,2022-04-03
0,1,0,1,0,Chowan,2022-04-05
0,2,0,2,0,Chowan,2022-04-12
0,2,0,2,0,Chowan,2022-04-15
0,1,0,1,0,Chowan,2022-04-16
0,1,0,1,0,Chowan,2022-04-21
0,1,0,1,0,Chowan,2022-04-23
0,3,0,3,0,Chowan,2022-04-25
0,1,0,1,0,Chowan,2022-04-26
0,1,0,1,0,Chowan,2022-04-30
0,1,0,1,0,Chowan,2022-05-02
0,1,0,1,0,Chowan,2022-05-04
0,1,0,1,0,Chowan,2022-05-06
0,1,0,1,0,Chowan,2022-05-07
0,1,0,1,0,Chowan,2022-05-08
0,11,0,11,0,Chowan,2022-05-13
0,2,0,2,0,Chowan,2022-05-14
0,9,0,9,0,Chowan,2022-05-16
0,4,0,4,0,Chowan,2022-05-19
0,4,0,4,0,Chowan,2022-05-20
0,1,0,1,0,Chowan,2022-05-22
0,6,1,5,0,Chowan,2022-05-23
0,5,0,5,0,Chowan,2022-05-25
0,2,0,2,0,Chowan,2022-06-03
0,1,0,1,0,Chowan,2022-06-04
0,2,0,2,0,Chowan,2022-06-05
0,3,1,2,0,Chowan,2022-06-09
0,6,0,6,0,Chowan,2022-06-10
0,5,0,5,0,Chowan,2022-06-15
0,3,0,3,0,Chowan,2022-06-17
0,4,0,4,0,Chowan,2022-06-19
0,6,0,6,0,Chowan,2022-06-21
0,1,0,1,0,Chowan,2022-06-22
0,1,1,0,0,Chowan,2022-06-24
0,4,0,4,0,Chowan,2022-06-28
0,1,0,1,0,Chowan,2022-07-02
1,9,0,9,0,Chowan,2022-01-09
1,26,3,23,0,Chowan,2022-01-31
1,9,0,9,0,Chowan,2022-02-03
1,2,0,2,0,Chowan,2022-02-10
1,1,0,1,0,Chowan,2022-02-23
1,1,0,1,0,Chowan,2022-03-02
1,1,0,1,0,Chowan,2022-03-11
1,2,1,1,0,Chowan,2022-04-22
1,1,0,1,0,Chowan,2022-04-28
1,4,0,4,0,Chowan,2022-05-03
1,3,0,3,0,Chowan,2022-05-05
1,5,1,4,0,Chowan,2022-05-10
1,4,0,4,0,Chowan,2022-05-11
1,6,0,6,0,Chowan,2022-05-17
1,1,0,1,0,Chowan,2022-05-21
1,6,1,5,0,Chowan,2022-05-24
1,8,0,8,0,Chowan,2022-05-27
1,2,1,1,0,Chowan,2022-05-28
1,1,0,1,0,Chowan,2022-05-30
1,5,0,5,0,Chowan,2022-06-01
1,4,1,3,0,Chowan,2022-06-02
1,4,0,4,0,Chowan,2022-06-06
1,2,0,2,0,Chowan,2022-06-07
1,5,0,5,0,Chowan,2022-06-08
1,5,0,5,0,Chowan,2022-06-13
1,5,0,5,0,Chowan,2022-06-16
1,3,0,3,0,Chowan,2022-06-20
1,5,0,5,0,Chowan,2022-06-23
1,6,3,3,0,Chowan,2022-06-26
1,10,0,10,0,Chowan,2022-06-27
1,2,0,2,0,Chowan,2022-06-29
1,2,0,2,0,Chowan,2022-06-30
1,4,0,4,0,Chowan,2022-07-01
2,11,5,6,0,Chowan,2022-01-21
2,8,4,4,0,Chowan,2022-01-22
2,6,0,6,0,Chowan,2022-02-09
2,4,0,4,0,Chowan,2022-02-11
2,2,0,2,0,Chowan,2022-04-18
2,5,0,5,0,Chowan,2022-05-09
2,7,0,7,0,Chowan,2022-05-12
2,7,2,5,0,Chowan,2022-05-15
2,11,0,11,0,Chowan,2022-05-26
2,7,0,7,0,Chowan,2022-05-29
3,32,1,31,0,Chowan,2022-01-26
3,10,0,10,0,Chowan,2022-05-18
3,8,0,8,0,Chowan,2022-06-14
4,12,4,8,0,Chowan,2022-01-16
4,8,0,8,0,Chowan,2022-05-31
5,39,4,35,0,Chowan,2022-01-19
6,59,1,58,0,Chowan,2022-01-11
6,31,6,25,0,Chowan,2022-01-17
6,19,0,19,0,Chowan,2022-02-01
7,57,2,55,0,Chowan,2022-01-05
7,48,1,47,0,Chowan,2022-01-13
10,39,2,37,0,Chowan,2022-01-07
16,117,4,113,0,Chowan,2022-01-18
,0,0,0,0,Clay,2022-02-15
,0,0,0,0,Clay,2022-02-19
,0,0,0,0,Clay,2022-02-23
,0,0,0,0,Clay,2022-02-24
,0,0,0,0,Clay,2022-02-25
,0,0,0,0,Clay,2022-02-26
,0,0,0,0,Clay,2022-02-27
,0,0,0,0,Clay,2022-03-05
,0,0,0,0,Clay,2022-03-06
,0,0,0,0,Clay,2022-03-09
,0,0,0,0,Clay,2022-03-12
,0,0,0,0,Clay,2022-03-13
,0,0,0,0,Clay,2022-03-16
,0,0,0,0,Clay,2022-03-17
,0,0,0,0,Clay,2022-03-19
,0,0,0,0,Clay,2022-03-21
,0,0,0,0,Clay,2022-03-22
,0,0,0,0,Clay,2022-03-23
,0,0,0,0,Clay,2022-03-24
,0,0,0,0,Clay,2022-03-25
,0,0,0,0,Clay,2022-03-26
,0,0,0,0,Clay,2022-03-27
,0,0,0,0,Clay,2022-03-28
,0,0,0,0,Clay,2022-03-29
,0,0,0,0,Clay,2022-03-30
,0,0,0,0,Clay,2022-03-31
,0,0,0,0,Clay,2022-04-03
,0,0,0,0,Clay,2022-04-04
,0,0,0,0,Clay,2022-04-05
,0,0,0,0,Clay,2022-04-06
,0,0,0,0,Clay,2022-04-07
,0,0,0,0,Clay,2022-04-08
,0,0,0,0,Clay,2022-04-09
,0,0,0,0,Clay,2022-04-10
,0,0,0,0,Clay,2022-04-11
,0,0,0,0,Clay,2022-04-12
,0,0,0,0,Clay,2022-04-13
,0,0,0,0,Clay,2022-04-14
,0,0,0,0,Clay,2022-04-15
,0,0,0,0,Clay,2022-04-16
,0,0,0,0,Clay,2022-04-17
,0,0,0,0,Clay,2022-04-19
,0,0,0,0,Clay,2022-04-20
,0,0,0,0,Clay,2022-04-21
,0,0,0,0,Clay,2022-04-24
,0,0,0,0,Clay,2022-04-25
,0,0,0,0,Clay,2022-04-27
,0,0,0,0,Clay,2022-04-30
,0,0,0,0,Clay,2022-05-03
,0,0,0,0,Clay,2022-05-05
,0,0,0,0,Clay,2022-05-06
,0,0,0,0,Clay,2022-05-20
,0,0,0,0,Clay,2022-05-22
,0,0,0,0,Clay,2022-05-30
,0,0,0,0,Clay,2022-06-02
,0,0,0,0,Clay,2022-06-04
,0,0,0,0,Clay,2022-06-12
,0,0,0,0,Clay,2022-06-19
,0,0,0,0,Clay,2022-06-22
,0,0,0,0,Clay,2022-06-28
0,20,4,16,0,Clay,2022-01-21
0,11,0,11,0,Clay,2022-01-22
0,18,9,9,0,Clay,2022-01-28
0,3,0,3,0,Clay,2022-01-29
0,11,1,10,0,Clay,2022-01-30
0,10,4,6,0,Clay,2022-02-01
0,9,3,6,0,Clay,2022-02-04
0,12,3,9,0,Clay,2022-02-07
0,4,1,3,0,Clay,2022-02-08
0,11,1,10,0,Clay,2022-02-09
0,7,3,4,0,Clay,2022-02-10
0,2,1,1,0,Clay,2022-02-11
0,1,0,1,0,Clay,2022-02-12
0,2,1,1,0,Clay,2022-02-13
0,5,2,3,0,Clay,2022-02-14
0,5,0,5,0,Clay,2022-02-16
0,6,2,4,0,Clay,2022-02-17
0,1,0,1,0,Clay,2022-02-20
0,2,0,2,0,Clay,2022-02-22
0,2,1,1,0,Clay,2022-02-28
0,1,0,1,0,Clay,2022-03-01
0,5,3,2,0,Clay,2022-03-02
0,1,0,1,0,Clay,2022-03-03
0,1,0,1,0,Clay,2022-03-04
0,1,0,1,0,Clay,2022-03-08
0,1,0,1,0,Clay,2022-03-11
0,4,0,4,0,Clay,2022-03-14
0,1,0,1,0,Clay,2022-03-15
0,1,0,1,0,Clay,2022-03-20
0,1,0,1,0,Clay,2022-04-01
0,1,0,1,0,Clay,2022-04-22
0,1,0,1,0,Clay,2022-04-23
0,2,0,2,0,Clay,2022-04-26
0,1,1,0,0,Clay,2022-04-28
0,1,0,1,0,Clay,2022-04-29
0,1,0,1,0,Clay,2022-05-01
0,2,0,2,0,Clay,2022-05-02
0,1,0,1,0,Clay,2022-05-07
0,1,0,1,0,Clay,2022-05-09
0,3,1,2,0,Clay,2022-05-10
0,1,0,1,0,Clay,2022-05-11
0,1,0,1,0,Clay,2022-05-12
0,1,0,1,0,Clay,2022-05-13
0,1,1,0,0,Clay,2022-05-14
0,1,0,1,0,Clay,2022-05-15
0,2,0,2,0,Clay,2022-05-16
0,4,2,2,0,Clay,2022-05-17
0,3,2,1,0,Clay,2022-05-19
0,1,0,1,0,Clay,2022-05-21
0,2,1,1,0,Clay,2022-05-23
0,3,0,3,0,Clay,2022-05-24
0,3,2,1,0,Clay,2022-05-25
0,1,0,1,0,Clay,2022-05-26
0,3,2,1,0,Clay,2022-05-31
0,1,0,1,0,Clay,2022-06-01
0,2,2,0,0,Clay,2022-06-03
0,3,1,2,0,Clay,2022-06-07
0,4,2,2,0,Clay,2022-06-08
0,1,0,1,0,Clay,2022-06-11
0,4,0,4,0,Clay,2022-06-14
0,3,0,3,0,Clay,2022-06-15
0,3,1,2,0,Clay,2022-06-17
0,1,0,1,0,Clay,2022-06-18
0,4,1,3,0,Clay,2022-06-21
0,1,0,1,0,Clay,2022-06-26
0,2,0,2,0,Clay,2022-06-27
0,6,1,5,0,Clay,2022-06-29
0,4,1,3,0,Clay,2022-06-30
0,1,0,1,0,Clay,2022-07-01
0,4,0,4,0,Clay,2022-07-02
1,34,8,26,0,Clay,2022-01-04
1,18,3,15,0,Clay,2022-01-05
1,32,10,22,0,Clay,2022-01-12
1,28,4,24,0,Clay,2022-01-13
1,11,8,3,0,Clay,2022-01-16
1,22,16,6,0,Clay,2022-01-17
1,16,3,13,0,Clay,2022-01-25
1,29,10,19,0,Clay,2022-01-27
1,19,5,14,0,Clay,2022-01-31
1,8,0,8,0,Clay,2022-02-18
1,2,0,2,0,Clay,2022-03-07
1,1,0,1,0,Clay,2022-03-10
1,1,0,1,0,Clay,2022-03-18
1,4,0,4,0,Clay,2022-04-18
1,2,0,2,0,Clay,2022-05-08
1,5,1,4,0,Clay,2022-05-27
1,1,0,1,0,Clay,2022-05-29
1,3,0,3,0,Clay,2022-06-05
1,6,1,5,0,Clay,2022-06-09
1,5,3,2,0,Clay,2022-06-10
1,2,0,2,0,Clay,2022-06-13
1,2,0,2,0,Clay,2022-06-16
1,9,3,6,0,Clay,2022-06-20
1,6,2,4,0,Clay,2022-06-23
1,2,0,2,0,Clay,2022-06-25
2,29,6,23,0,Clay,2022-01-06
2,13,0,13,0,Clay,2022-01-15
2,35,4,31,0,Clay,2022-01-18
2,31,6,25,0,Clay,2022-01-19
2,19,4,15,0,Clay,2022-01-26
2,8,2,6,0,Clay,2022-02-06
2,6,1,5,0,Clay,2022-05-18
2,5,0,5,0,Clay,2022-05-28
2,5,1,4,0,Clay,2022-06-24
4,29,10,19,0,Clay,2022-01-14
5,25,2,23,0,Clay,2022-01-07
7,43,11,32,0,Clay,2022-01-10
,0,0,0,0,Cleveland,2022-03-09
,0,0,0,0,Cleveland,2022-03-19
,0,0,0,0,Cleveland,2022-03-20
,0,0,0,0,Cleveland,2022-03-27
,0,0,0,0,Cleveland,2022-03-29
,0,0,0,0,Cleveland,2022-03-30
,0,0,0,0,Cleveland,2022-04-09
0,12,2,10,0,Cleveland,2022-02-28
0,8,1,7,0,Cleveland,2022-03-03
0,8,1,7,0,Cleveland,2022-03-04
0,3,1,2,0,Cleveland,2022-03-05
0,6,1,5,0,Cleveland,2022-03-10
0,1,1,0,0,Cleveland,2022-03-11
0,2,0,2,0,Cleveland,2022-03-13
0,1,0,1,0,Cleveland,2022-03-14
0,2,0,2,0,Cleveland,2022-03-21
0,2,0,2,0,Cleveland,2022-03-22
0,1,0,1,0,Cleveland,2022-03-24
0,1,0,1,0,Cleveland,2022-03-25
0,1,0,1,0,Cleveland,2022-03-28
0,1,0,1,0,Cleveland,2022-04-01
0,2,0,2,0,Cleveland,2022-04-02
0,1,0,1,0,Cleveland,2022-04-03
0,2,1,1,0,Cleveland,2022-04-04
0,1,0,1,0,Cleveland,2022-04-05
0,3,0,3,0,Cleveland,2022-04-07
0,4,0,4,0,Cleveland,2022-04-08
0,3,0,3,0,Cleveland,2022-04-10
0,5,1,4,0,Cleveland,2022-04-11
0,2,1,1,0,Cleveland,2022-04-12
0,1,0,1,0,Cleveland,2022-04-14
0,2,0,2,0,Cleveland,2022-04-15
0,4,1,3,0,Cleveland,2022-04-16
0,1,0,1,0,Cleveland,2022-04-17
0,3,1,2,0,Cleveland,2022-04-18
0,5,1,4,0,Cleveland,2022-04-22
0,7,0,7,0,Cleveland,2022-04-23
0,4,1,3,0,Cleveland,2022-04-27
0,4,2,2,0,Cleveland,2022-04-29
0,7,1,6,0,Cleveland,2022-04-30
0,7,4,3,0,Cleveland,2022-05-02
0,10,2,8,0,Cleveland,2022-05-07
0,11,0,11,0,Cleveland,2022-05-14
0,20,1,19,0,Cleveland,2022-05-19
0,12,2,10,0,Cleveland,2022-05-22
0,9,3,6,0,Cleveland,2022-05-30
0,14,1,13,0,Cleveland,2022-06-19
1,9,1,8,0,Cleveland,2022-03-02
1,5,0,5,0,Cleveland,2022-03-16
1,3,0,3,0,Cleveland,2022-03-31
1,3,0,3,0,Cleveland,2022-04-06
1,10,2,8,0,Cleveland,2022-04-20
1,10,3,7,0,Cleveland,2022-04-21
1,7,1,6,0,Cleveland,2022-04-24
1,20,3,17,0,Cleveland,2022-04-26
1,6,0,6,0,Cleveland,2022-05-01
1,10,1,9,0,Cleveland,2022-05-04
1,15,2,13,0,Cleveland,2022-05-13
1,19,2,17,0,Cleveland,2022-05-18
1,23,3,20,0,Cleveland,2022-05-25
1,19,4,15,0,Cleveland,2022-05-27
1,18,1,17,0,Cleveland,2022-06-04
2,16,4,12,0,Cleveland,2022-02-24
2,10,0,10,0,Cleveland,2022-03-01
2,5,0,5,0,Cleveland,2022-04-13
2,3,1,2,0,Cleveland,2022-04-19
2,6,1,5,0,Cleveland,2022-04-28
2,13,4,9,0,Cleveland,2022-05-03
2,10,1,9,0,Cleveland,2022-05-06
2,15,2,13,0,Cleveland,2022-05-08
2,16,3,13,0,Cleveland,2022-05-09
2,10,4,6,0,Cleveland,2022-05-28
2,16,2,14,0,Cleveland,2022-05-29
2,22,2,20,0,Cleveland,2022-06-05
2,24,6,18,0,Cleveland,2022-06-07
2,28,5,23,0,Cleveland,2022-06-17
2,23,4,19,0,Cleveland,2022-06-22
2,15,1,14,0,Cleveland,2022-06-25
2,20,4,16,0,Cleveland,2022-07-02
3,63,22,41,0,Cleveland,2022-01-30
3,6,2,4,0,Cleveland,2022-03-08
3,26,2,24,0,Cleveland,2022-05-12
3,18,1,17,0,Cleveland,2022-05-15
3,24,8,16,0,Cleveland,2022-05-20
3,9,3,6,0,Cleveland,2022-05-21
3,30,8,22,0,Cleveland,2022-05-23
3,18,1,17,0,Cleveland,2022-06-02
3,26,3,23,0,Cleveland,2022-06-08
3,17,0,17,0,Cleveland,2022-06-11
3,14,0,14,0,Cleveland,2022-06-18
3,31,6,25,0,Cleveland,2022-06-27
4,16,1,15,0,Cleveland,2022-02-25
4,17,2,15,0,Cleveland,2022-05-05
4,24,3,21,0,Cleveland,2022-05-10
4,15,2,13,0,Cleveland,2022-05-11
4,29,5,24,0,Cleveland,2022-05-17
4,40,11,29,0,Cleveland,2022-06-06
4,23,3,20,0,Cleveland,2022-06-23
4,37,2,35,0,Cleveland,2022-06-28
5,23,4,19,0,Cleveland,2022-02-21
5,28,5,23,0,Cleveland,2022-05-16
5,21,7,14,0,Cleveland,2022-05-26
5,26,3,23,0,Cleveland,2022-06-15
5,30,3,27,0,Cleveland,2022-07-01
6,62,13,49,0,Cleveland,2022-01-29
6,36,15,21,0,Cleveland,2022-05-31
6,21,3,18,0,Cleveland,2022-06-09
6,35,7,28,0,Cleveland,2022-06-20
6,26,4,22,0,Cleveland,2022-06-26
7,31,4,27,0,Cleveland,2022-06-14
7,38,5,33,0,Cleveland,2022-06-16
7,38,8,30,0,Cleveland,2022-06-24
7,31,3,28,0,Cleveland,2022-06-30
9,27,4,23,0,Cleveland,2022-06-01
9,32,7,25,0,Cleveland,2022-06-29
10,105,33,72,0,Cleveland,2022-01-23
11,32,5,27,0,Cleveland,2022-06-13
12,154,42,112,0,Cleveland,2022-01-08
12,46,7,39,0,Cleveland,2022-02-16
13,169,21,148,0,Cleveland,2022-01-27
14,126,46,80,0,Cleveland,2022-01-09
18,153,18,135,0,Cleveland,2022-01-28
19,106,16,90,0,Cleveland,2022-01-17
22,201,18,183,0,Cleveland,2022-01-26
32,275,50,225,0,Cleveland,2022-01-21
51,416,85,331,0,Cleveland,2022-01-10
,0,0,0,0,Columbus,2022-03-05
,0,0,0,0,Columbus,2022-03-15
,0,0,0,0,Columbus,2022-03-19
,0,0,0,0,Columbus,2022-03-20
,0,0,0,0,Columbus,2022-03-21
,0,0,0,0,Columbus,2022-03-22
,0,0,0,0,Columbus,2022-03-24
,0,0,0,0,Columbus,2022-03-25
,0,0,0,0,Columbus,2022-03-29
,0,0,0,0,Columbus,2022-03-30
,0,0,0,0,Columbus,2022-04-01
,0,0,0,0,Columbus,2022-04-03
,0,0,0,0,Columbus,2022-04-06
,0,0,0,0,Columbus,2022-04-09
,0,0,0,0,Columbus,2022-04-10
,0,0,0,0,Columbus,2022-04-13
,0,0,0,0,Columbus,2022-04-15
,0,0,0,0,Columbus,2022-04-16
,0,0,0,0,Columbus,2022-04-17
,0,0,0,0,Columbus,2022-05-05
0,25,9,16,0,Columbus,2022-01-21
0,7,2,5,0,Columbus,2022-02-12
0,5,2,3,0,Columbus,2022-02-25
0,4,0,4,0,Columbus,2022-02-26
0,2,1,1,0,Columbus,2022-02-27
0,6,0,6,0,Columbus,2022-03-01
0,2,1,1,0,Columbus,2022-03-03
0,1,0,1,0,Columbus,2022-03-04
0,1,1,0,0,Columbus,2022-03-06
0,1,0,1,0,Columbus,2022-03-07
0,2,0,2,0,Columbus,2022-03-09
0,2,1,1,0,Columbus,2022-03-10
0,1,0,1,0,Columbus,2022-03-13
0,1,0,1,0,Columbus,2022-03-16
0,3,0,3,0,Columbus,2022-03-17
0,2,0,2,0,Columbus,2022-03-18
0,1,0,1,0,Columbus,2022-03-23
0,1,0,1,0,Columbus,2022-03-26
0,1,0,1,0,Columbus,2022-03-27
0,3,0,3,0,Columbus,2022-03-28
0,2,0,2,0,Columbus,2022-04-05
0,1,0,1,0,Columbus,2022-04-07
0,1,0,1,0,Columbus,2022-04-08
0,3,2,1,0,Columbus,2022-04-11
0,1,0,1,0,Columbus,2022-04-14
0,1,0,1,0,Columbus,2022-04-19
0,1,0,1,0,Columbus,2022-04-21
0,2,1,1,0,Columbus,2022-04-23
0,3,2,1,0,Columbus,2022-04-24
0,4,2,2,0,Columbus,2022-04-27
0,7,0,7,0,Columbus,2022-04-28
0,2,1,1,0,Columbus,2022-04-29
0,2,0,2,0,Columbus,2022-04-30
0,10,6,4,0,Columbus,2022-05-02
0,5,3,2,0,Columbus,2022-05-03
0,2,0,2,0,Columbus,2022-05-07
0,2,0,2,0,Columbus,2022-05-08
0,6,3,3,0,Columbus,2022-05-09
0,3,0,3,0,Columbus,2022-05-15
0,10,0,10,0,Columbus,2022-05-20
0,4,0,4,0,Columbus,2022-05-21
0,7,2,5,0,Columbus,2022-05-24
0,3,1,2,0,Columbus,2022-05-28
0,6,1,5,0,Columbus,2022-05-29
0,17,5,12,0,Columbus,2022-05-31
0,4,2,2,0,Columbus,2022-06-03
0,3,0,3,0,Columbus,2022-06-05
0,6,3,3,0,Columbus,2022-06-11
0,4,1,3,0,Columbus,2022-06-12
0,8,2,6,0,Columbus,2022-06-14
0,15,7,8,0,Columbus,2022-06-22
0,13,3,10,0,Columbus,2022-06-28
1,40,7,33,0,Columbus,2022-01-09
1,21,6,15,0,Columbus,2022-01-30
1,11,3,8,0,Columbus,2022-02-18
1,3,1,2,0,Columbus,2022-02-20
1,7,2,5,0,Columbus,2022-02-22
1,11,6,5,0,Columbus,2022-02-23
1,7,4,3,0,Columbus,2022-02-24
1,4,1,3,0,Columbus,2022-03-02
1,6,1,5,0,Columbus,2022-03-08
1,2,0,2,0,Columbus,2022-03-11
1,2,2,0,0,Columbus,2022-03-14
1,1,0,1,0,Columbus,2022-04-02
1,1,1,0,0,Columbus,2022-04-12
1,4,0,4,0,Columbus,2022-04-18
1,2,0,2,0,Columbus,2022-04-22
1,2,1,1,0,Columbus,2022-05-01
1,4,1,3,0,Columbus,2022-05-04
1,6,2,4,0,Columbus,2022-05-06
1,7,1,6,0,Columbus,2022-05-11
1,2,1,1,0,Columbus,2022-05-14
1,9,1,8,0,Columbus,2022-05-27
1,5,2,3,0,Columbus,2022-05-30
1,15,12,3,0,Columbus,2022-06-01
1,8,2,6,0,Columbus,2022-06-02
1,2,1,1,0,Columbus,2022-06-04
1,12,3,9,0,Columbus,2022-06-07
1,10,3,7,0,Columbus,2022-06-08
1,11,3,8,0,Columbus,2022-06-15
1,14,7,7,0,Columbus,2022-06-16
1,8,3,5,0,Columbus,2022-06-26
1,9,3,6,0,Columbus,2022-06-29
1,5,1,4,0,Columbus,2022-07-02
2,40,16,24,0,Columbus,2022-01-08
2,39,13,26,0,Columbus,2022-01-16
2,14,9,5,0,Columbus,2022-01-29
2,12,8,4,0,Columbus,2022-02-28
2,6,2,4,0,Columbus,2022-04-25
2,9,3,6,0,Columbus,2022-05-10
2,8,4,4,0,Columbus,2022-05-12
2,23,8,15,0,Columbus,2022-05-16
2,19,6,13,0,Columbus,2022-05-18
2,6,1,5,0,Columbus,2022-05-22
2,7,2,5,0,Columbus,2022-05-26
2,6,2,4,0,Columbus,2022-06-06
2,5,1,4,0,Columbus,2022-06-10
2,10,1,9,0,Columbus,2022-06-17
2,15,7,8,0,Columbus,2022-06-20
2,7,6,1,0,Columbus,2022-06-25
2,13,6,7,0,Columbus,2022-06-30
3,23,13,10,0,Columbus,2022-02-16
3,9,4,5,0,Columbus,2022-04-26
3,11,4,7,0,Columbus,2022-05-13
3,12,3,9,0,Columbus,2022-05-19
3,12,4,8,0,Columbus,2022-06-09
3,5,2,3,0,Columbus,2022-06-18
3,6,4,2,0,Columbus,2022-06-23
3,7,4,3,0,Columbus,2022-06-24
3,14,3,11,0,Columbus,2022-06-27
3,17,4,13,0,Columbus,2022-07-01
4,68,30,38,0,Columbus,2022-02-01
4,16,5,11,0,Columbus,2022-02-05
4,21,10,11,0,Columbus,2022-05-23
4,13,7,6,0,Columbus,2022-05-25
4,17,4,13,0,Columbus,2022-06-13
4,19,12,7,0,Columbus,2022-06-21
5,25,13,12,0,Columbus,2022-02-09
5,22,6,16,0,Columbus,2022-05-17
5,20,11,9,0,Columbus,2022-06-19
7,56,21,35,0,Columbus,2022-02-07
8,43,23,20,0,Columbus,2022-02-08
12,113,29,84,0,Columbus,2022-01-07
12,189,59,130,0,Columbus,2022-01-17
17,161,85,76,0,Columbus,2022-01-05
26,271,115,156,0,Columbus,2022-01-13
26,288,115,173,0,Columbus,2022-01-19
0,9,0,9,0,Craven,2022-02-20
0,22,4,18,0,Craven,2022-02-23
0,7,1,6,0,Craven,2022-02-26
0,4,2,2,0,Craven,2022-02-27
0,8,2,6,0,Craven,2022-03-04
0,7,2,5,0,Craven,2022-03-08
0,10,2,8,0,Craven,2022-03-11
0,7,1,6,0,Craven,2022-03-13
0,8,2,6,0,Craven,2022-03-15
0,6,2,4,0,Craven,2022-03-16
0,5,3,2,0,Craven,2022-03-18
0,1,0,1,0,Craven,2022-03-19
0,6,1,5,0,Craven,2022-03-22
0,2,0,2,0,Craven,2022-03-23
0,3,1,2,0,Craven,2022-03-24
0,3,1,2,0,Craven,2022-03-26
0,1,0,1,0,Craven,2022-03-27
0,5,4,1,0,Craven,2022-03-28
0,3,2,1,0,Craven,2022-03-30
0,6,0,6,0,Craven,2022-03-31
0,4,0,4,0,Craven,2022-04-01
0,3,0,3,0,Craven,2022-04-02
0,1,1,0,0,Craven,2022-04-03
0,7,4,3,0,Craven,2022-04-04
0,4,3,1,0,Craven,2022-04-05
0,5,1,4,0,Craven,2022-04-07
0,6,5,1,0,Craven,2022-04-08
0,2,0,2,0,Craven,2022-04-09
0,2,0,2,0,Craven,2022-04-10
0,7,1,6,0,Craven,2022-04-12
0,6,3,3,0,Craven,2022-04-15
0,18,13,5,0,Craven,2022-04-18
0,7,3,4,0,Craven,2022-04-22
0,2,1,1,0,Craven,2022-04-24
0,10,3,7,0,Craven,2022-04-27
0,20,4,16,0,Craven,2022-04-28
0,18,8,10,0,Craven,2022-04-29
0,13,5,8,0,Craven,2022-05-01
0,15,8,7,0,Craven,2022-05-14
0,27,5,22,0,Craven,2022-06-12
0,18,6,12,0,Craven,2022-06-19
1,36,7,29,0,Craven,2022-02-21
1,20,3,17,0,Craven,2022-02-25
1,12,2,10,0,Craven,2022-03-01
1,3,1,2,0,Craven,2022-03-05
1,7,2,5,0,Craven,2022-03-06
1,5,2,3,0,Craven,2022-03-10
1,3,2,1,0,Craven,2022-03-25
1,3,2,1,0,Craven,2022-03-29
1,10,2,8,0,Craven,2022-04-06
1,7,2,5,0,Craven,2022-04-11
1,10,4,6,0,Craven,2022-04-14
1,5,0,5,0,Craven,2022-04-16
1,7,1,6,0,Craven,2022-04-17
1,18,5,13,0,Craven,2022-04-19
1,18,4,14,0,Craven,2022-04-25
1,18,4,14,0,Craven,2022-04-26
1,8,6,2,0,Craven,2022-04-30
1,30,15,15,0,Craven,2022-05-05
1,15,7,8,0,Craven,2022-05-07
1,39,24,15,0,Craven,2022-05-13
1,41,14,27,0,Craven,2022-05-20
1,16,8,8,0,Craven,2022-06-04
1,21,7,14,0,Craven,2022-06-11
1,21,5,16,0,Craven,2022-06-18
1,19,4,15,0,Craven,2022-06-25
2,70,17,53,0,Craven,2022-01-08
2,18,2,16,0,Craven,2022-02-24
2,8,2,6,0,Craven,2022-03-03
2,18,10,8,0,Craven,2022-03-07
2,8,3,5,0,Craven,2022-03-17
2,11,3,8,0,Craven,2022-04-20
2,10,6,4,0,Craven,2022-04-21
2,39,15,24,0,Craven,2022-05-03
2,24,8,16,0,Craven,2022-05-04
2,30,17,13,0,Craven,2022-05-06
2,19,6,13,0,Craven,2022-05-08
2,35,10,25,0,Craven,2022-05-12
2,39,15,24,0,Craven,2022-05-19
2,34,9,25,0,Craven,2022-05-22
2,43,19,24,0,Craven,2022-05-27
2,20,8,12,0,Craven,2022-05-29
2,39,14,25,0,Craven,2022-06-15
2,35,14,21,0,Craven,2022-06-22
2,15,1,14,0,Craven,2022-06-26
2,20,3,17,0,Craven,2022-07-02
3,44,10,34,0,Craven,2022-02-05
3,58,17,41,0,Craven,2022-02-11
3,49,10,39,0,Craven,2022-02-16
3,25,8,17,0,Craven,2022-02-22
3,25,20,5,0,Craven,2022-04-13
3,40,19,21,0,Craven,2022-05-02
3,46,18,28,0,Craven,2022-05-11
3,15,4,11,0,Craven,2022-05-15
3,28,10,18,0,Craven,2022-05-21
3,20,7,13,0,Craven,2022-05-30
3,27,9,18,0,Craven,2022-06-24
3,20,5,15,0,Craven,2022-07-01
4,83,23,60,0,Craven,2022-01-09
4,83,25,58,0,Craven,2022-02-08
4,80,17,63,0,Craven,2022-02-09
4,48,23,25,0,Craven,2022-05-10
4,59,29,30,0,Craven,2022-05-26
4,29,4,25,0,Craven,2022-06-05
4,56,30,26,0,Craven,2022-06-08
4,30,13,17,0,Craven,2022-06-23
4,51,16,35,0,Craven,2022-06-29
4,35,9,26,0,Craven,2022-06-30
5,56,18,38,0,Craven,2022-05-16
5,55,31,24,0,Craven,2022-05-24
5,53,27,26,0,Craven,2022-05-25
5,60,25,35,0,Craven,2022-06-01
5,50,20,30,0,Craven,2022-06-07
5,48,15,33,0,Craven,2022-06-28
6,27,11,16,0,Craven,2022-05-28
6,65,27,38,0,Craven,2022-05-31
6,49,21,28,0,Craven,2022-06-14
6,50,20,30,0,Craven,2022-06-20
7,210,51,159,0,Craven,2022-01-31
7,62,17,45,0,Craven,2022-06-02
7,39,13,26,0,Craven,2022-06-16
7,32,13,19,0,Craven,2022-06-17
7,82,20,62,0,Craven,2022-06-21
7,78,21,57,0,Craven,2022-06-27
8,43,13,30,0,Craven,2022-05-18
8,77,34,43,0,Craven,2022-05-23
9,102,25,77,0,Craven,2022-01-21
9,55,29,26,0,Craven,2022-05-09
10,77,34,43,0,Craven,2022-02-10
14,263,83,180,0,Craven,2022-01-07
15,214,65,149,0,Craven,2022-01-06
19,273,55,218,0,Craven,2022-01-14
20,227,52,175,0,Craven,2022-01-05
25,401,119,282,0,Craven,2022-01-10
31,277,89,188,0,Craven,2022-01-13
0,7,1,6,0,Cumberland,2022-03-06
0,7,2,5,0,Cumberland,2022-03-13
0,11,5,6,0,Cumberland,2022-03-18
0,4,1,3,0,Cumberland,2022-03-20
0,12,1,11,0,Cumberland,2022-03-24
0,9,6,3,0,Cumberland,2022-03-27
0,10,3,7,0,Cumberland,2022-04-01
0,5,1,4,0,Cumberland,2022-04-02
0,3,0,3,0,Cumberland,2022-04-03
0,8,4,4,0,Cumberland,2022-04-17
1,41,1,40,0,Cumberland,2022-03-11
1,11,2,9,0,Cumberland,2022-03-12
1,14,2,12,0,Cumberland,2022-03-17
1,22,2,20,0,Cumberland,2022-03-22
1,14,2,12,0,Cumberland,2022-03-23
1,17,2,15,0,Cumberland,2022-03-25
1,7,2,5,0,Cumberland,2022-03-26
1,15,6,9,0,Cumberland,2022-03-29
1,10,2,8,0,Cumberland,2022-03-30
1,19,5,14,0,Cumberland,2022-04-04
1,25,6,19,0,Cumberland,2022-04-08
1,9,4,5,0,Cumberland,2022-04-09
1,11,3,8,0,Cumberland,2022-04-10
1,60,15,45,0,Cumberland,2022-05-06
1,26,10,16,0,Cumberland,2022-05-07
2,30,4,26,0,Cumberland,2022-03-07
2,22,3,19,0,Cumberland,2022-03-09
2,24,5,19,0,Cumberland,2022-03-10
2,22,1,21,0,Cumberland,2022-04-06
2,21,5,16,0,Cumberland,2022-04-16
2,43,6,37,0,Cumberland,2022-04-22
2,39,8,31,0,Cumberland,2022-05-08
3,44,7,37,0,Cumberland,2022-03-01
3,14,3,11,0,Cumberland,2022-03-31
3,23,5,18,0,Cumberland,2022-04-07
3,27,0,27,0,Cumberland,2022-04-15
3,41,3,38,0,Cumberland,2022-04-21
3,36,10,26,0,Cumberland,2022-04-30
4,23,9,14,0,Cumberland,2022-03-08
4,24,3,21,0,Cumberland,2022-04-05
4,38,13,25,0,Cumberland,2022-04-13
4,42,5,37,0,Cumberland,2022-04-14
4,98,19,79,0,Cumberland,2022-05-03
4,48,20,28,0,Cumberland,2022-05-14
5,20,7,13,0,Cumberland,2022-04-23
5,64,15,49,0,Cumberland,2022-05-21
5,64,12,52,0,Cumberland,2022-06-12
5,40,8,32,0,Cumberland,2022-06-19
5,60,13,47,0,Cumberland,2022-06-26
6,44,6,38,0,Cumberland,2022-04-20
6,35,10,25,0,Cumberland,2022-04-24
6,84,22,62,0,Cumberland,2022-05-02
6,55,9,46,0,Cumberland,2022-06-05
6,49,9,40,0,Cumberland,2022-06-11
7,116,16,100,0,Cumberland,2022-02-05
7,46,2,44,0,Cumberland,2022-04-18
7,62,15,47,0,Cumberland,2022-05-05
7,57,23,34,0,Cumberland,2022-05-30
7,78,26,52,0,Cumberland,2022-06-18
7,63,17,46,0,Cumberland,2022-07-02
8,116,16,100,0,Cumberland,2022-02-15
8,36,8,28,0,Cumberland,2022-04-19
8,69,11,58,0,Cumberland,2022-04-29
8,38,7,31,0,Cumberland,2022-05-01
8,89,23,66,0,Cumberland,2022-05-04
8,75,19,56,0,Cumberland,2022-05-15
8,69,7,62,0,Cumberland,2022-05-22
8,58,18,40,0,Cumberland,2022-06-04
8,95,19,76,0,Cumberland,2022-06-16
8,118,12,106,0,Cumberland,2022-06-22
9,107,23,84,0,Cumberland,2022-05-25
9,100,20,80,0,Cumberland,2022-06-15
9,146,34,112,0,Cumberland,2022-06-20
10,131,24,107,0,Cumberland,2022-06-09
10,104,19,85,0,Cumberland,2022-07-01
11,73,10,63,0,Cumberland,2022-04-27
11,100,22,78,0,Cumberland,2022-06-24
12,112,18,94,0,Cumberland,2022-04-25
12,122,22,100,0,Cumberland,2022-05-12
12,145,25,120,0,Cumberland,2022-05-26
12,70,16,54,0,Cumberland,2022-05-28
12,73,21,52,0,Cumberland,2022-05-29
12,141,28,113,0,Cumberland,2022-06-07
12,111,10,101,0,Cumberland,2022-06-10
12,137,32,105,0,Cumberland,2022-06-13
13,123,19,104,0,Cumberland,2022-05-11
13,107,17,90,0,Cumberland,2022-06-17
14,106,22,84,0,Cumberland,2022-02-21
14,127,26,101,0,Cumberland,2022-05-10
14,156,20,136,0,Cumberland,2022-06-02
14,139,23,116,0,Cumberland,2022-06-08
14,140,27,113,0,Cumberland,2022-06-29
15,103,15,88,0,Cumberland,2022-05-13
15,172,28,144,0,Cumberland,2022-05-19
15,179,38,141,0,Cumberland,2022-05-23
15,130,25,105,0,Cumberland,2022-05-27
16,141,25,116,0,Cumberland,2022-05-18
16,114,24,90,0,Cumberland,2022-06-21
16,113,24,89,0,Cumberland,2022-06-23
17,154,27,127,0,Cumberland,2022-06-06
17,157,23,134,0,Cumberland,2022-06-14
18,118,15,103,0,Cumberland,2022-05-20
18,149,28,121,0,Cumberland,2022-05-24
19,134,31,103,0,Cumberland,2022-06-28
19,137,33,104,0,Cumberland,2022-06-30
21,160,42,118,0,Cumberland,2022-05-17
22,195,34,161,0,Cumberland,2022-06-01
25,215,33,182,0,Cumberland,2022-05-31
26,150,41,109,0,Cumberland,2022-06-27
37,486,70,416,0,Cumberland,2022-02-01
,0,0,0,0,Currituck,2022-02-18
,0,0,0,0,Currituck,2022-02-19
,0,0,0,0,Currituck,2022-02-20
,0,0,0,0,Currituck,2022-02-21
,0,0,0,0,Currituck,2022-02-23
,0,0,0,0,Currituck,2022-02-25
,0,0,0,0,Currituck,2022-02-27
,0,0,0,0,Currituck,2022-03-01
,0,0,0,0,Currituck,2022-03-02
,0,0,0,0,Currituck,2022-03-07
,0,0,0,0,Currituck,2022-03-09
,0,0,0,0,Currituck,2022-03-11
,0,0,0,0,Currituck,2022-03-14
,0,0,0,0,Currituck,2022-03-15
,0,0,0,0,Currituck,2022-03-16
,0,0,0,0,Currituck,2022-03-17
,0,0,0,0,Currituck,2022-03-18
,0,0,0,0,Currituck,2022-03-19
,0,0,0,0,Currituck,2022-03-20
,0,0,0,0,Currituck,2022-03-21
,0,0,0,0,Currituck,2022-03-23
,0,0,0,0,Currituck,2022-03-24
,0,0,0,0,Currituck,2022-03-26
,0,0,0,0,Currituck,2022-03-27
,0,0,0,0,Currituck,2022-03-28
,0,0,0,0,Currituck,2022-03-29
,0,0,0,0,Currituck,2022-03-31
,0,0,0,0,Currituck,2022-04-02
,0,0,0,0,Currituck,2022-04-04
,0,0,0,0,Currituck,2022-04-05
,0,0,0,0,Currituck,2022-04-06
,0,0,0,0,Currituck,2022-04-08
,0,0,0,0,Currituck,2022-04-09
,0,0,0,0,Currituck,2022-04-10
,0,0,0,0,Currituck,2022-04-15
,0,0,0,0,Currituck,2022-04-16
,0,0,0,0,Currituck,2022-04-17
,0,0,0,0,Currituck,2022-04-18
,0,0,0,0,Currituck,2022-04-19
0,6,2,4,0,Currituck,2022-01-22
0,3,0,3,0,Currituck,2022-01-28
0,5,2,3,0,Currituck,2022-01-29
0,4,1,3,0,Currituck,2022-01-30
0,12,1,11,0,Currituck,2022-02-03
0,14,0,14,0,Currituck,2022-02-04
0,3,2,1,0,Currituck,2022-02-05
0,3,0,3,0,Currituck,2022-02-06
0,12,1,11,0,Currituck,2022-02-07
0,9,1,8,0,Currituck,2022-02-09
0,6,0,6,0,Currituck,2022-02-10
0,8,0,8,0,Currituck,2022-02-11
0,4,0,4,0,Currituck,2022-02-13
0,9,0,9,0,Currituck,2022-02-14
0,4,0,4,0,Currituck,2022-02-15
0,2,0,2,0,Currituck,2022-02-17
0,2,0,2,0,Currituck,2022-02-26
0,3,0,3,0,Currituck,2022-02-28
0,3,0,3,0,Currituck,2022-03-06
0,2,0,2,0,Currituck,2022-03-08
0,3,1,2,0,Currituck,2022-03-12
0,2,1,1,0,Currituck,2022-03-13
0,2,0,2,0,Currituck,2022-03-30
0,1,0,1,0,Currituck,2022-04-01
0,1,0,1,0,Currituck,2022-04-11
0,1,0,1,0,Currituck,2022-04-12
0,1,0,1,0,Currituck,2022-04-13
0,2,0,2,0,Currituck,2022-04-14
0,2,0,2,0,Currituck,2022-04-20
0,2,0,2,0,Currituck,2022-04-21
0,1,0,1,0,Currituck,2022-04-22
0,3,2,1,0,Currituck,2022-04-23
0,2,0,2,0,Currituck,2022-04-24
0,3,0,3,0,Currituck,2022-04-25
0,6,2,4,0,Currituck,2022-04-26
0,6,2,4,0,Currituck,2022-04-27
0,3,1,2,0,Currituck,2022-04-29
0,2,0,2,0,Currituck,2022-04-30
0,1,0,1,0,Currituck,2022-05-01
0,2,0,2,0,Currituck,2022-05-03
0,6,3,3,0,Currituck,2022-05-04
0,3,0,3,0,Currituck,2022-05-05
0,1,1,0,0,Currituck,2022-05-06
0,1,0,1,0,Currituck,2022-05-07
0,7,2,5,0,Currituck,2022-05-09
0,9,0,9,0,Currituck,2022-05-10
0,2,1,1,0,Currituck,2022-05-11
0,5,0,5,0,Currituck,2022-05-12
0,7,0,7,0,Currituck,2022-05-13
0,11,4,7,0,Currituck,2022-05-14
0,4,1,3,0,Currituck,2022-05-15
0,9,0,9,0,Currituck,2022-05-17
0,1,1,0,0,Currituck,2022-05-19
0,3,1,2,0,Currituck,2022-05-20
0,10,3,7,0,Currituck,2022-05-21
0,7,3,4,0,Currituck,2022-05-24
0,15,4,11,0,Currituck,2022-05-25
0,6,1,5,0,Currituck,2022-05-26
0,2,0,2,0,Currituck,2022-05-30
0,10,1,9,0,Currituck,2022-05-31
0,8,6,2,0,Currituck,2022-06-01
0,3,0,3,0,Currituck,2022-06-04
0,4,0,4,0,Currituck,2022-06-05
0,3,0,3,0,Currituck,2022-06-07
0,4,0,4,0,Currituck,2022-06-10
0,2,0,2,0,Currituck,2022-06-11
0,4,0,4,0,Currituck,2022-06-12
0,10,0,10,0,Currituck,2022-06-16
0,2,1,1,0,Currituck,2022-06-18
0,3,0,3,0,Currituck,2022-06-19
0,7,1,6,0,Currituck,2022-06-21
0,7,1,6,0,Currituck,2022-06-22
0,11,0,11,0,Currituck,2022-06-23
0,1,0,1,0,Currituck,2022-06-25
0,8,2,6,0,Currituck,2022-06-26
0,5,0,5,0,Currituck,2022-06-27
0,5,2,3,0,Currituck,2022-07-01
0,3,0,3,0,Currituck,2022-07-02
1,52,8,44,0,Currituck,2022-01-05
1,39,6,33,0,Currituck,2022-01-07
1,23,3,20,0,Currituck,2022-01-09
1,29,3,26,0,Currituck,2022-01-16
1,72,10,62,0,Currituck,2022-01-19
1,19,5,14,0,Currituck,2022-01-21
1,20,6,14,0,Currituck,2022-01-27
1,20,5,15,0,Currituck,2022-02-01
1,5,0,5,0,Currituck,2022-02-08
1,3,0,3,0,Currituck,2022-02-22
1,3,3,0,0,Currituck,2022-03-03
1,2,1,1,0,Currituck,2022-03-05
1,2,1,1,0,Currituck,2022-03-10
1,2,0,2,0,Currituck,2022-03-25
1,2,0,2,0,Currituck,2022-04-03
1,3,0,3,0,Currituck,2022-04-07
1,2,0,2,0,Currituck,2022-04-28
1,1,1,0,0,Currituck,2022-05-02
1,5,3,2,0,Currituck,2022-05-08
1,11,3,8,0,Currituck,2022-05-16
1,7,2,5,0,Currituck,2022-05-18
1,6,0,6,0,Currituck,2022-05-22
1,9,1,8,0,Currituck,2022-05-27
1,5,1,4,0,Currituck,2022-05-29
1,5,0,5,0,Currituck,2022-06-02
1,4,1,3,0,Currituck,2022-06-03
1,6,2,4,0,Currituck,2022-06-08
1,5,0,5,0,Currituck,2022-06-13
1,6,0,6,0,Currituck,2022-06-14
1,4,1,3,0,Currituck,2022-06-15
1,6,1,5,0,Currituck,2022-06-20
1,4,0,4,0,Currituck,2022-06-24
1,6,0,6,0,Currituck,2022-06-29
1,10,2,8,0,Currituck,2022-06-30
2,59,8,51,0,Currituck,2022-01-24
2,43,3,40,0,Currituck,2022-01-26
2,5,0,5,0,Currituck,2022-02-12
2,14,3,11,0,Currituck,2022-05-28
2,11,4,7,0,Currituck,2022-06-06
2,8,2,6,0,Currituck,2022-06-09
2,8,0,8,0,Currituck,2022-06-17
2,8,0,8,0,Currituck,2022-06-28
3,63,4,59,0,Currituck,2022-01-14
3,12,1,11,0,Currituck,2022-05-23
4,66,6,60,0,Currituck,2022-01-13
4,66,10,56,0,Currituck,2022-01-25
4,27,4,23,0,Currituck,2022-01-31
6,77,11,66,0,Currituck,2022-01-10
8,68,18,50,0,Currituck,2022-01-17
,0,0,0,0,Dare,2022-03-10
,0,0,0,0,Dare,2022-03-11
,0,0,0,0,Dare,2022-03-12
,0,0,0,0,Dare,2022-03-24
,0,0,0,0,Dare,2022-03-28
,0,0,0,0,Dare,2022-03-29
,0,0,0,0,Dare,2022-04-04
0,32,0,32,0,Dare,2022-02-04
0,9,0,9,0,Dare,2022-02-05
0,11,0,11,0,Dare,2022-02-09
0,15,0,15,0,Dare,2022-02-11
0,4,0,4,0,Dare,2022-02-12
0,3,0,3,0,Dare,2022-02-19
0,4,0,4,0,Dare,2022-02-23
0,5,0,5,0,Dare,2022-02-24
0,4,0,4,0,Dare,2022-02-25
0,1,0,1,0,Dare,2022-02-26
0,1,0,1,0,Dare,2022-02-27
0,3,0,3,0,Dare,2022-02-28
0,2,0,2,0,Dare,2022-03-01
0,3,0,3,0,Dare,2022-03-02
0,10,0,10,0,Dare,2022-03-03
0,3,0,3,0,Dare,2022-03-04
0,2,0,2,0,Dare,2022-03-05
0,2,0,2,0,Dare,2022-03-06
0,4,0,4,0,Dare,2022-03-08
0,8,0,8,0,Dare,2022-03-09
0,1,0,1,0,Dare,2022-03-14
0,3,0,3,0,Dare,2022-03-15
0,2,0,2,0,Dare,2022-03-16
0,3,0,3,0,Dare,2022-03-18
0,1,0,1,0,Dare,2022-03-19
0,2,0,2,0,Dare,2022-03-20
0,2,0,2,0,Dare,2022-03-21
0,1,0,1,0,Dare,2022-03-22
0,2,0,2,0,Dare,2022-03-23
0,1,0,1,0,Dare,2022-03-25
0,1,0,1,0,Dare,2022-03-26
0,1,0,1,0,Dare,2022-03-27
0,2,1,1,0,Dare,2022-03-30
0,1,0,1,0,Dare,2022-04-01
0,1,0,1,0,Dare,2022-04-02
0,1,0,1,0,Dare,2022-04-03
0,2,0,2,0,Dare,2022-04-05
0,3,0,3,0,Dare,2022-04-06
0,2,0,2,0,Dare,2022-04-07
0,1,0,1,0,Dare,2022-04-08
0,1,0,1,0,Dare,2022-04-10
0,3,0,3,0,Dare,2022-04-11
0,1,0,1,0,Dare,2022-04-12
0,6,0,6,0,Dare,2022-04-14
0,2,0,2,0,Dare,2022-04-16
0,6,0,6,0,Dare,2022-04-18
0,2,0,2,0,Dare,2022-04-20
0,7,0,7,0,Dare,2022-04-22
0,5,0,5,0,Dare,2022-04-23
0,3,0,3,0,Dare,2022-04-24
0,8,0,8,0,Dare,2022-04-26
0,11,0,11,0,Dare,2022-04-27
0,13,0,13,0,Dare,2022-04-28
0,7,0,7,0,Dare,2022-04-29
0,7,0,7,0,Dare,2022-04-30
0,1,0,1,0,Dare,2022-05-01
0,12,1,11,0,Dare,2022-05-02
0,8,0,8,0,Dare,2022-05-05
0,5,0,5,0,Dare,2022-05-07
0,17,0,17,0,Dare,2022-05-10
0,16,0,16,0,Dare,2022-05-12
0,10,0,10,0,Dare,2022-05-14
0,8,0,8,0,Dare,2022-05-15
0,13,0,13,0,Dare,2022-05-16
0,10,0,10,0,Dare,2022-05-22
0,24,2,22,0,Dare,2022-05-24
0,12,1,11,0,Dare,2022-05-26
0,12,0,12,0,Dare,2022-05-28
0,16,0,16,0,Dare,2022-06-03
0,8,0,8,0,Dare,2022-06-04
0,12,0,12,0,Dare,2022-06-13
0,13,1,12,0,Dare,2022-06-14
0,11,0,11,0,Dare,2022-06-30
0,5,0,5,0,Dare,2022-07-02
1,30,0,30,0,Dare,2022-01-21
1,20,0,20,0,Dare,2022-01-30
1,38,0,38,0,Dare,2022-02-01
1,21,1,20,0,Dare,2022-02-02
1,13,0,13,0,Dare,2022-02-06
1,21,2,19,0,Dare,2022-02-07
1,17,1,16,0,Dare,2022-02-08
1,14,0,14,0,Dare,2022-02-10
1,7,0,7,0,Dare,2022-02-13
1,9,0,9,0,Dare,2022-02-14
1,16,0,16,0,Dare,2022-02-15
1,12,0,12,0,Dare,2022-02-16
1,13,0,13,0,Dare,2022-02-17
1,9,0,9,0,Dare,2022-02-18
1,11,0,11,0,Dare,2022-02-21
1,6,0,6,0,Dare,2022-02-22
1,6,0,6,0,Dare,2022-03-07
1,3,0,3,0,Dare,2022-03-13
1,1,0,1,0,Dare,2022-03-17
1,1,0,1,0,Dare,2022-03-31
1,2,0,2,0,Dare,2022-04-09
1,4,0,4,0,Dare,2022-04-13
1,6,0,6,0,Dare,2022-04-15
1,3,0,3,0,Dare,2022-04-17
1,7,0,7,0,Dare,2022-04-19
1,11,0,11,0,Dare,2022-05-04
1,13,0,13,0,Dare,2022-05-09
1,19,1,18,0,Dare,2022-05-13
1,9,0,9,0,Dare,2022-05-21
1,15,0,15,0,Dare,2022-05-29
1,12,0,12,0,Dare,2022-06-05
1,23,0,23,0,Dare,2022-06-08
1,8,0,8,0,Dare,2022-06-09
1,8,0,8,0,Dare,2022-06-11
1,7,0,7,0,Dare,2022-06-12
1,15,0,15,0,Dare,2022-06-17
1,6,0,6,0,Dare,2022-06-18
1,7,1,6,0,Dare,2022-06-22
1,5,0,5,0,Dare,2022-06-23
1,5,0,5,0,Dare,2022-06-24
1,13,0,13,0,Dare,2022-06-26
1,17,0,17,0,Dare,2022-06-28
1,12,0,12,0,Dare,2022-06-29
2,51,0,51,0,Dare,2022-01-15
2,41,1,40,0,Dare,2022-01-16
2,9,0,9,0,Dare,2022-01-29
2,9,0,9,0,Dare,2022-04-21
2,10,0,10,0,Dare,2022-04-25
2,12,1,11,0,Dare,2022-05-06
2,10,0,10,0,Dare,2022-05-08
2,19,0,19,0,Dare,2022-05-18
2,20,0,20,0,Dare,2022-05-27
2,11,1,10,0,Dare,2022-05-30
2,21,0,21,0,Dare,2022-06-01
2,25,0,25,0,Dare,2022-06-02
2,17,0,17,0,Dare,2022-06-06
2,11,0,11,0,Dare,2022-06-10
2,14,0,14,0,Dare,2022-06-15
2,10,0,10,0,Dare,2022-06-19
2,10,0,10,0,Dare,2022-06-25
2,14,0,14,0,Dare,2022-07-01
3,98,0,98,0,Dare,2022-01-04
3,96,0,96,0,Dare,2022-01-18
3,23,0,23,0,Dare,2022-01-22
3,48,0,48,0,Dare,2022-01-27
3,32,1,31,0,Dare,2022-01-28
3,12,0,12,0,Dare,2022-05-03
3,19,0,19,0,Dare,2022-05-11
3,23,0,23,0,Dare,2022-05-17
3,27,0,27,0,Dare,2022-05-19
3,29,0,29,0,Dare,2022-05-23
3,28,0,28,0,Dare,2022-05-31
3,13,0,13,0,Dare,2022-06-07
3,21,0,21,0,Dare,2022-06-16
3,20,0,20,0,Dare,2022-06-21
3,18,1,17,0,Dare,2022-06-27
4,102,0,102,0,Dare,2022-01-05
4,84,0,84,0,Dare,2022-01-24
4,57,2,55,0,Dare,2022-01-26
4,26,1,25,0,Dare,2022-05-20
4,22,1,21,0,Dare,2022-06-20
5,77,0,77,0,Dare,2022-01-17
5,53,2,51,0,Dare,2022-01-31
5,19,0,19,0,Dare,2022-05-25
6,50,0,50,0,Dare,2022-01-08
6,109,1,108,0,Dare,2022-01-13
7,78,0,78,0,Dare,2022-01-07
9,108,2,106,0,Dare,2022-01-19
10,110,1,109,0,Dare,2022-01-14
11,128,0,128,0,Dare,2022-01-10
0,8,0,8,0,Davidson,2022-03-05
0,5,1,4,0,Davidson,2022-03-09
0,6,4,2,0,Davidson,2022-03-10
0,8,3,5,0,Davidson,2022-03-11
0,2,0,2,0,Davidson,2022-03-13
0,2,0,2,0,Davidson,2022-03-19
0,1,0,1,0,Davidson,2022-03-20
0,8,3,5,0,Davidson,2022-03-21
0,5,2,3,0,Davidson,2022-03-22
0,1,0,1,0,Davidson,2022-03-24
0,2,0,2,0,Davidson,2022-03-25
0,1,0,1,0,Davidson,2022-03-26
0,5,2,3,0,Davidson,2022-03-27
0,2,0,2,0,Davidson,2022-03-28
0,6,1,5,0,Davidson,2022-03-29
0,7,3,4,0,Davidson,2022-03-30
0,5,1,4,0,Davidson,2022-04-01
0,4,2,2,0,Davidson,2022-04-02
0,8,2,6,0,Davidson,2022-04-04
0,9,7,2,0,Davidson,2022-04-06
0,9,3,6,0,Davidson,2022-04-07
0,5,2,3,0,Davidson,2022-04-09
0,6,2,4,0,Davidson,2022-04-15
0,9,1,8,0,Davidson,2022-04-18
0,13,2,11,0,Davidson,2022-04-22
0,6,2,4,0,Davidson,2022-04-23
0,19,1,18,0,Davidson,2022-04-24
0,21,6,15,0,Davidson,2022-04-25
0,17,1,16,0,Davidson,2022-04-28
0,20,3,17,0,Davidson,2022-04-29
1,34,5,29,0,Davidson,2022-02-23
1,11,3,8,0,Davidson,2022-02-25
1,26,6,20,0,Davidson,2022-02-28
1,13,5,8,0,Davidson,2022-03-01
1,15,6,9,0,Davidson,2022-03-03
1,16,4,12,0,Davidson,2022-03-07
1,3,0,3,0,Davidson,2022-03-12
1,4,1,3,0,Davidson,2022-03-14
1,4,0,4,0,Davidson,2022-03-15
1,5,2,3,0,Davidson,2022-03-18
1,5,0,5,0,Davidson,2022-04-03
1,8,3,5,0,Davidson,2022-04-08
1,9,4,5,0,Davidson,2022-04-10
1,19,6,13,0,Davidson,2022-04-11
1,12,4,8,0,Davidson,2022-04-12
1,7,1,6,0,Davidson,2022-04-14
1,12,3,9,0,Davidson,2022-04-16
1,3,0,3,0,Davidson,2022-04-17
1,10,0,10,0,Davidson,2022-04-30
1,15,1,14,0,Davidson,2022-05-01
1,23,3,20,0,Davidson,2022-05-06
2,64,6,58,0,Davidson,2022-02-06
2,71,19,52,0,Davidson,2022-02-14
2,13,2,11,0,Davidson,2022-02-20
2,11,1,10,0,Davidson,2022-03-06
2,5,1,4,0,Davidson,2022-03-17
2,5,3,2,0,Davidson,2022-03-23
2,17,7,10,0,Davidson,2022-04-13
2,14,1,13,0,Davidson,2022-04-20
2,14,1,13,0,Davidson,2022-04-21
2,29,1,28,0,Davidson,2022-05-03
2,18,3,15,0,Davidson,2022-05-07
2,23,0,23,0,Davidson,2022-05-08
2,24,4,20,0,Davidson,2022-06-04
2,19,2,17,0,Davidson,2022-06-18
3,5,1,4,0,Davidson,2022-03-31
3,17,2,15,0,Davidson,2022-04-19
3,31,7,24,0,Davidson,2022-05-11
3,34,8,26,0,Davidson,2022-05-13
3,27,5,22,0,Davidson,2022-05-15
3,23,2,21,0,Davidson,2022-05-21
3,21,3,18,0,Davidson,2022-05-29
3,24,1,23,0,Davidson,2022-06-05
3,44,10,34,0,Davidson,2022-06-07
3,21,0,21,0,Davidson,2022-06-11
3,29,3,26,0,Davidson,2022-06-26
4,40,3,37,0,Davidson,2022-02-17
4,15,6,9,0,Davidson,2022-04-05
4,30,7,23,0,Davidson,2022-04-26
4,47,23,24,0,Davidson,2022-05-10
4,16,1,15,0,Davidson,2022-05-14
4,69,25,44,0,Davidson,2022-05-26
4,44,9,35,0,Davidson,2022-06-09
4,45,11,34,0,Davidson,2022-06-14
5,48,7,41,0,Davidson,2022-02-18
5,18,4,14,0,Davidson,2022-04-27
5,28,9,19,0,Davidson,2022-05-05
5,48,13,35,0,Davidson,2022-05-27
5,47,8,39,0,Davidson,2022-06-15
5,49,12,37,0,Davidson,2022-06-16
5,48,8,40,0,Davidson,2022-06-21
6,49,10,39,0,Davidson,2022-02-16
6,55,10,45,0,Davidson,2022-05-12
6,74,26,48,0,Davidson,2022-05-16
6,30,7,23,0,Davidson,2022-05-22
6,59,17,42,0,Davidson,2022-06-02
6,20,2,18,0,Davidson,2022-06-25
7,38,11,27,0,Davidson,2022-05-02
7,38,9,29,0,Davidson,2022-05-09
7,72,16,56,0,Davidson,2022-05-17
7,46,9,37,0,Davidson,2022-05-18
7,46,17,29,0,Davidson,2022-05-19
7,54,18,36,0,Davidson,2022-05-20
7,37,6,31,0,Davidson,2022-05-30
7,67,18,49,0,Davidson,2022-06-13
7,43,5,38,0,Davidson,2022-06-24
8,67,17,50,0,Davidson,2022-05-23
8,34,1,33,0,Davidson,2022-05-28
8,69,18,51,0,Davidson,2022-06-08
8,51,19,32,0,Davidson,2022-06-28
8,35,3,32,0,Davidson,2022-07-02
9,68,15,53,0,Davidson,2022-05-24
9,52,15,37,0,Davidson,2022-06-20
10,66,14,52,0,Davidson,2022-06-01
10,46,16,30,0,Davidson,2022-06-23
10,63,18,45,0,Davidson,2022-06-27
10,46,8,38,0,Davidson,2022-06-30
11,56,9,47,0,Davidson,2022-06-29
11,52,11,41,0,Davidson,2022-07-01
12,161,19,142,0,Davidson,2022-02-03
12,86,17,69,0,Davidson,2022-05-31
12,80,19,61,0,Davidson,2022-06-06
17,186,18,168,0,Davidson,2022-01-09
18,219,16,203,0,Davidson,2022-01-08
23,253,40,213,0,Davidson,2022-01-28
,0,0,0,0,Davie,2022-03-05
,0,0,0,0,Davie,2022-03-06
,0,0,0,0,Davie,2022-03-10
,0,0,0,0,Davie,2022-03-20
,0,0,0,0,Davie,2022-04-04
,0,0,0,0,Davie,2022-04-05
0,9,1,8,0,Davie,2022-01-16
0,30,4,26,0,Davie,2022-01-29
0,28,5,23,0,Davie,2022-02-11
0,21,4,17,0,Davie,2022-02-14
0,11,2,9,0,Davie,2022-02-16
0,7,2,5,0,Davie,2022-02-19
0,13,2,11,0,Davie,2022-02-22
0,9,1,8,0,Davie,2022-02-23
0,7,1,6,0,Davie,2022-02-24
0,6,0,6,0,Davie,2022-02-26
0,4,1,3,0,Davie,2022-02-27
0,5,1,4,0,Davie,2022-03-01
0,3,0,3,0,Davie,2022-03-02
0,4,2,2,0,Davie,2022-03-03
0,6,0,6,0,Davie,2022-03-04
0,2,0,2,0,Davie,2022-03-09
0,1,0,1,0,Davie,2022-03-11
0,1,0,1,0,Davie,2022-03-12
0,2,1,1,0,Davie,2022-03-13
0,1,0,1,0,Davie,2022-03-18
0,3,1,2,0,Davie,2022-03-22
0,1,1,0,0,Davie,2022-03-23
0,2,1,1,0,Davie,2022-03-25
0,1,0,1,0,Davie,2022-03-26
0,1,0,1,0,Davie,2022-03-27
0,3,0,3,0,Davie,2022-03-28
0,2,1,1,0,Davie,2022-03-30
0,1,1,0,0,Davie,2022-04-01
0,4,3,1,0,Davie,2022-04-02
0,2,1,1,0,Davie,2022-04-03
0,1,0,1,0,Davie,2022-04-06
0,3,1,2,0,Davie,2022-04-07
0,3,0,3,0,Davie,2022-04-08
0,2,0,2,0,Davie,2022-04-10
0,1,0,1,0,Davie,2022-04-12
0,3,0,3,0,Davie,2022-04-13
0,3,2,1,0,Davie,2022-04-14
0,6,2,4,0,Davie,2022-04-15
0,2,1,1,0,Davie,2022-04-16
0,2,1,1,0,Davie,2022-04-17
0,6,3,3,0,Davie,2022-04-18
0,8,4,4,0,Davie,2022-04-19
0,6,3,3,0,Davie,2022-04-20
0,9,2,7,0,Davie,2022-04-22
0,5,3,2,0,Davie,2022-04-26
0,7,3,4,0,Davie,2022-04-27
0,4,0,4,0,Davie,2022-04-30
0,4,1,3,0,Davie,2022-05-01
0,11,5,6,0,Davie,2022-05-02
0,7,2,5,0,Davie,2022-05-04
0,5,1,4,0,Davie,2022-05-07
0,4,0,4,0,Davie,2022-05-08
0,22,6,16,0,Davie,2022-05-13
0,5,0,5,0,Davie,2022-05-14
0,11,4,7,0,Davie,2022-05-15
0,11,2,9,0,Davie,2022-05-20
0,11,1,10,0,Davie,2022-05-28
0,9,3,6,0,Davie,2022-06-02
0,3,1,2,0,Davie,2022-06-03
0,2,0,2,0,Davie,2022-06-04
0,4,0,4,0,Davie,2022-06-05
0,9,3,6,0,Davie,2022-06-25
0,8,1,7,0,Davie,2022-07-02
1,27,9,18,0,Davie,2022-01-23
1,26,7,19,0,Davie,2022-01-30
1,20,3,17,0,Davie,2022-02-10
1,6,0,6,0,Davie,2022-02-12
1,9,3,6,0,Davie,2022-02-20
1,6,4,2,0,Davie,2022-03-14
1,3,1,2,0,Davie,2022-03-15
1,6,1,5,0,Davie,2022-03-16
1,4,2,2,0,Davie,2022-03-21
1,4,3,1,0,Davie,2022-03-29
1,2,0,2,0,Davie,2022-04-09
1,3,1,2,0,Davie,2022-04-11
1,7,5,2,0,Davie,2022-04-29
1,11,6,5,0,Davie,2022-05-03
1,17,6,11,0,Davie,2022-05-06
1,26,11,15,0,Davie,2022-05-10
1,7,2,5,0,Davie,2022-05-21
1,23,10,13,0,Davie,2022-05-23
1,17,9,8,0,Davie,2022-05-24
1,15,6,9,0,Davie,2022-05-26
1,9,0,9,0,Davie,2022-05-29
1,8,1,7,0,Davie,2022-05-30
1,23,7,16,0,Davie,2022-06-01
1,17,6,11,0,Davie,2022-06-09
1,4,0,4,0,Davie,2022-06-11
1,13,3,10,0,Davie,2022-06-21
1,12,4,8,0,Davie,2022-06-28
1,12,6,6,0,Davie,2022-06-30
2,24,3,21,0,Davie,2022-02-06
2,34,8,26,0,Davie,2022-02-09
2,18,4,14,0,Davie,2022-02-17
2,13,1,12,0,Davie,2022-02-18
2,4,2,2,0,Davie,2022-03-24
2,5,2,3,0,Davie,2022-03-31
2,13,4,9,0,Davie,2022-04-25
2,11,3,8,0,Davie,2022-05-05
2,19,8,11,0,Davie,2022-05-11
2,15,9,6,0,Davie,2022-05-12
2,16,4,12,0,Davie,2022-05-16
2,21,6,15,0,Davie,2022-05-17
2,20,7,13,0,Davie,2022-05-19
2,10,3,7,0,Davie,2022-05-22
2,16,1,15,0,Davie,2022-05-27
2,15,0,15,0,Davie,2022-06-08
2,12,0,12,0,Davie,2022-06-18
2,8,1,7,0,Davie,2022-06-19
2,20,4,16,0,Davie,2022-06-22
2,18,10,8,0,Davie,2022-06-24
2,11,2,9,0,Davie,2022-06-29
3,27,2,25,0,Davie,2022-01-09
3,35,7,28,0,Davie,2022-01-22
3,69,14,55,0,Davie,2022-01-26
3,69,15,54,0,Davie,2022-02-01
3,28,8,20,0,Davie,2022-05-18
3,15,1,14,0,Davie,2022-06-07
3,17,5,12,0,Davie,2022-06-10
3,13,1,12,0,Davie,2022-06-17
3,33,11,22,0,Davie,2022-06-20
3,14,6,8,0,Davie,2022-06-23
3,16,9,7,0,Davie,2022-07-01
4,51,14,37,0,Davie,2022-02-03
4,23,7,16,0,Davie,2022-05-25
4,17,9,8,0,Davie,2022-06-12
4,19,8,11,0,Davie,2022-06-14
4,22,9,13,0,Davie,2022-06-15
5,25,10,15,0,Davie,2022-05-09
5,24,10,14,0,Davie,2022-06-13
6,110,23,87,0,Davie,2022-01-04
6,56,15,41,0,Davie,2022-02-07
6,35,8,27,0,Davie,2022-05-31
6,28,11,17,0,Davie,2022-06-16
7,129,28,101,0,Davie,2022-01-13
7,105,19,86,0,Davie,2022-01-21
8,75,6,69,0,Davie,2022-01-07
9,157,29,128,0,Davie,2022-01-14
10,109,17,92,0,Davie,2022-01-05
10,94,17,77,0,Davie,2022-01-25
11,136,20,116,0,Davie,2022-01-10
11,166,16,150,0,Davie,2022-01-11
11,33,17,16,0,Davie,2022-06-27
14,152,23,129,0,Davie,2022-01-12
,0,0,0,0,Duplin,2022-03-06
,0,0,0,0,Duplin,2022-03-12
,0,0,0,0,Duplin,2022-03-13
,0,0,0,0,Duplin,2022-03-19
,0,0,0,0,Duplin,2022-03-20
,0,0,0,0,Duplin,2022-03-21
,0,0,0,0,Duplin,2022-03-23
,0,0,0,0,Duplin,2022-03-26
,0,0,0,0,Duplin,2022-03-27
,0,0,0,0,Duplin,2022-03-31
,0,0,0,0,Duplin,2022-04-10
,0,0,0,0,Duplin,2022-04-11
,0,0,0,0,Duplin,2022-04-17
0,8,1,7,0,Duplin,2022-01-29
0,22,1,21,0,Duplin,2022-01-30
0,28,9,19,0,Duplin,2022-02-09
0,5,2,3,0,Duplin,2022-03-01
0,6,1,5,0,Duplin,2022-03-02
0,4,2,2,0,Duplin,2022-03-03
0,2,0,2,0,Duplin,2022-03-07
0,3,2,1,0,Duplin,2022-03-09
0,2,0,2,0,Duplin,2022-03-10
0,4,2,2,0,Duplin,2022-03-14
0,3,1,2,0,Duplin,2022-03-17
0,2,2,0,0,Duplin,2022-03-22
0,1,1,0,0,Duplin,2022-03-25
0,1,0,1,0,Duplin,2022-03-29
0,2,1,1,0,Duplin,2022-03-30
0,2,1,1,0,Duplin,2022-04-01
0,1,0,1,0,Duplin,2022-04-02
0,1,0,1,0,Duplin,2022-04-03
0,2,0,2,0,Duplin,2022-04-05
0,1,1,0,0,Duplin,2022-04-06
0,1,0,1,0,Duplin,2022-04-08
0,1,0,1,0,Duplin,2022-04-09
0,1,0,1,0,Duplin,2022-04-12
0,1,1,0,0,Duplin,2022-04-13
0,2,1,1,0,Duplin,2022-04-14
0,3,0,3,0,Duplin,2022-04-16
0,2,0,2,0,Duplin,2022-04-20
0,1,1,0,0,Duplin,2022-04-22
0,1,0,1,0,Duplin,2022-04-23
0,3,1,2,0,Duplin,2022-04-26
0,8,3,5,0,Duplin,2022-04-27
0,1,1,0,0,Duplin,2022-04-28
0,2,1,1,0,Duplin,2022-04-30
0,1,0,1,0,Duplin,2022-05-01
0,2,1,1,0,Duplin,2022-05-02
0,2,0,2,0,Duplin,2022-05-06
0,2,1,1,0,Duplin,2022-05-08
0,8,4,4,0,Duplin,2022-05-12
0,2,0,2,0,Duplin,2022-05-14
0,2,1,1,0,Duplin,2022-05-15
0,15,6,9,0,Duplin,2022-05-16
0,2,1,1,0,Duplin,2022-05-18
0,4,2,2,0,Duplin,2022-05-20
0,2,1,1,0,Duplin,2022-05-21
0,13,2,11,0,Duplin,2022-05-26
0,4,4,0,0,Duplin,2022-05-27
0,4,1,3,0,Duplin,2022-05-28
0,1,0,1,0,Duplin,2022-05-29
0,3,0,3,0,Duplin,2022-05-30
0,3,1,2,0,Duplin,2022-06-04
0,6,1,5,0,Duplin,2022-06-05
0,10,3,7,0,Duplin,2022-06-07
0,6,1,5,0,Duplin,2022-06-10
0,8,3,5,0,Duplin,2022-06-12
0,15,9,6,0,Duplin,2022-06-16
0,4,0,4,0,Duplin,2022-06-18
0,22,8,14,0,Duplin,2022-06-28
0,17,6,11,0,Duplin,2022-07-01
1,11,2,9,0,Duplin,2022-02-06
1,20,9,11,0,Duplin,2022-02-11
1,26,6,20,0,Duplin,2022-02-14
1,19,6,13,0,Duplin,2022-02-16
1,11,4,7,0,Duplin,2022-02-17
1,14,4,10,0,Duplin,2022-02-21
1,10,2,8,0,Duplin,2022-02-23
1,6,3,3,0,Duplin,2022-02-24
1,5,1,4,0,Duplin,2022-02-27
1,2,1,1,0,Duplin,2022-03-24
1,3,3,0,0,Duplin,2022-04-04
1,1,0,1,0,Duplin,2022-04-07
1,2,1,1,0,Duplin,2022-04-15
1,2,0,2,0,Duplin,2022-04-18
1,4,1,3,0,Duplin,2022-04-19
1,4,2,2,0,Duplin,2022-04-21
1,3,0,3,0,Duplin,2022-04-24
1,3,1,2,0,Duplin,2022-04-25
1,3,1,2,0,Duplin,2022-05-04
1,8,4,4,0,Duplin,2022-05-05
1,3,1,2,0,Duplin,2022-05-07
1,6,1,5,0,Duplin,2022-05-10
1,10,1,9,0,Duplin,2022-05-13
1,7,1,6,0,Duplin,2022-05-22
1,16,10,6,0,Duplin,2022-05-23
1,20,10,10,0,Duplin,2022-05-31
1,9,4,5,0,Duplin,2022-06-02
1,10,2,8,0,Duplin,2022-06-09
1,12,2,10,0,Duplin,2022-06-11
1,16,9,7,0,Duplin,2022-06-14
1,9,4,5,0,Duplin,2022-06-15
1,13,2,11,0,Duplin,2022-06-17
1,5,0,5,0,Duplin,2022-06-19
1,6,2,4,0,Duplin,2022-06-24
2,14,5,9,0,Duplin,2022-02-18
2,5,2,3,0,Duplin,2022-04-29
2,8,4,4,0,Duplin,2022-05-11
2,9,5,4,0,Duplin,2022-05-19
2,16,7,9,0,Duplin,2022-05-24
2,8,3,5,0,Duplin,2022-06-03
2,6,2,4,0,Duplin,2022-06-08
2,17,6,11,0,Duplin,2022-06-20
2,12,3,9,0,Duplin,2022-06-21
2,9,0,9,0,Duplin,2022-06-25
3,44,10,34,0,Duplin,2022-02-03
3,14,8,6,0,Duplin,2022-06-01
3,15,3,12,0,Duplin,2022-06-26
3,18,10,8,0,Duplin,2022-06-29
3,17,7,10,0,Duplin,2022-06-30
3,6,0,6,0,Duplin,2022-07-02
4,9,3,6,0,Duplin,2022-05-03
4,19,5,14,0,Duplin,2022-06-22
5,58,18,40,0,Duplin,2022-01-21
5,20,8,12,0,Duplin,2022-06-06
7,125,59,66,0,Duplin,2022-01-08
7,16,6,10,0,Duplin,2022-06-23
8,30,11,19,0,Duplin,2022-06-27
9,139,51,88,0,Duplin,2022-01-26
11,62,20,42,0,Duplin,2022-02-01
13,109,53,56,0,Duplin,2022-01-31
14,221,93,128,0,Duplin,2022-01-24
19,196,74,122,0,Duplin,2022-01-07
21,259,97,162,0,Duplin,2022-01-14
28,235,88,147,0,Duplin,2022-01-05
31,296,146,150,0,Duplin,2022-01-13
43,290,121,169,0,Duplin,2022-01-11
0,25,9,16,0,Durham,2022-02-26
0,36,4,32,0,Durham,2022-03-01
0,11,0,11,0,Durham,2022-03-06
0,18,0,18,0,Durham,2022-03-08
0,23,3,20,0,Durham,2022-03-10
0,19,2,17,0,Durham,2022-03-11
0,18,1,17,0,Durham,2022-03-12
0,13,2,11,0,Durham,2022-03-13
0,44,7,37,0,Durham,2022-03-14
0,13,4,9,0,Durham,2022-03-20
0,54,5,49,0,Durham,2022-04-04
1,49,1,48,0,Durham,2022-02-20
1,42,2,40,0,Durham,2022-03-02
1,28,1,27,0,Durham,2022-03-07
1,14,2,12,0,Durham,2022-03-27
1,30,3,27,0,Durham,2022-03-28
1,41,3,38,0,Durham,2022-04-09
2,44,7,37,0,Durham,2022-02-25
2,26,5,21,0,Durham,2022-03-04
2,41,4,37,0,Durham,2022-03-22
2,32,3,29,0,Durham,2022-03-30
2,31,1,30,0,Durham,2022-03-31
2,32,6,26,0,Durham,2022-04-03
2,37,3,34,0,Durham,2022-04-17
3,43,4,39,0,Durham,2022-02-28
3,40,0,40,0,Durham,2022-03-16
3,25,3,22,0,Durham,2022-03-24
3,23,0,23,0,Durham,2022-03-25
3,33,3,30,0,Durham,2022-04-01
3,23,1,22,0,Durham,2022-04-02
3,30,1,29,0,Durham,2022-04-10
3,87,5,82,0,Durham,2022-04-11
4,74,4,70,0,Durham,2022-02-23
4,36,11,25,0,Durham,2022-03-23
4,131,14,117,0,Durham,2022-04-20
4,82,2,80,0,Durham,2022-04-23
4,101,8,93,0,Durham,2022-05-08
4,81,11,70,0,Durham,2022-05-30
4,105,6,99,0,Durham,2022-06-25
5,24,0,24,0,Durham,2022-03-15
5,114,7,107,0,Durham,2022-04-12
5,54,3,51,0,Durham,2022-04-16
5,88,8,80,0,Durham,2022-04-24
5,151,7,144,0,Durham,2022-04-25
5,126,8,118,0,Durham,2022-05-14
5,128,7,121,0,Durham,2022-06-04
5,86,8,78,0,Durham,2022-07-02
6,78,3,75,0,Durham,2022-04-08
6,133,6,127,0,Durham,2022-04-13
6,83,6,77,0,Durham,2022-04-30
6,93,6,87,0,Durham,2022-05-21
6,115,10,105,0,Durham,2022-05-22
7,80,20,60,0,Durham,2022-04-15
7,122,9,113,0,Durham,2022-04-22
7,116,4,112,0,Durham,2022-04-29
7,78,8,70,0,Durham,2022-05-01
7,158,10,148,0,Durham,2022-05-02
7,99,8,91,0,Durham,2022-05-07
7,150,12,138,0,Durham,2022-05-28
7,135,9,126,0,Durham,2022-05-29
7,94,11,83,0,Durham,2022-06-19
7,89,3,86,0,Durham,2022-06-26
8,138,10,128,0,Durham,2022-01-29
8,114,10,104,0,Durham,2022-02-17
8,43,4,39,0,Durham,2022-02-24
8,129,5,124,0,Durham,2022-04-28
8,188,14,174,0,Durham,2022-05-04
8,150,11,139,0,Durham,2022-05-06
8,208,32,176,0,Durham,2022-06-06
8,122,16,106,0,Durham,2022-06-11
8,159,18,141,0,Durham,2022-06-14
9,83,2,81,0,Durham,2022-06-12
9,114,4,110,0,Durham,2022-06-18
10,210,18,192,0,Durham,2022-05-12
10,173,10,163,0,Durham,2022-05-20
10,172,8,164,0,Durham,2022-05-26
10,196,25,171,0,Durham,2022-06-21
11,171,5,166,0,Durham,2022-01-22
11,219,8,211,0,Durham,2022-02-09
11,149,4,145,0,Durham,2022-04-19
11,150,8,142,0,Durham,2022-04-26
11,113,3,110,0,Durham,2022-05-15
11,110,13,97,0,Durham,2022-06-05
11,157,22,135,0,Durham,2022-06-09
11,138,12,126,0,Durham,2022-06-30
12,116,13,103,0,Durham,2022-02-14
12,155,8,147,0,Durham,2022-05-13
12,229,15,214,0,Durham,2022-05-17
13,137,10,127,0,Durham,2022-02-10
13,122,11,111,0,Durham,2022-04-21
13,169,4,165,0,Durham,2022-04-27
13,159,11,148,0,Durham,2022-06-10
13,153,11,142,0,Durham,2022-06-17
13,199,21,178,0,Durham,2022-06-22
14,164,8,156,0,Durham,2022-05-03
14,235,16,219,0,Durham,2022-05-25
14,182,16,166,0,Durham,2022-06-07
15,193,16,177,0,Durham,2022-05-05
15,228,12,216,0,Durham,2022-05-11
15,194,23,171,0,Durham,2022-06-15
15,187,15,172,0,Durham,2022-06-23
15,139,8,131,0,Durham,2022-06-24
16,237,13,224,0,Durham,2022-05-10
16,220,18,202,0,Durham,2022-05-24
16,145,12,133,0,Durham,2022-05-27
16,172,13,159,0,Durham,2022-06-08
16,182,21,161,0,Durham,2022-06-27
17,219,14,205,0,Durham,2022-05-09
17,232,12,220,0,Durham,2022-05-18
17,218,17,201,0,Durham,2022-06-03
17,137,5,132,0,Durham,2022-07-01
18,234,13,221,0,Durham,2022-05-16
18,184,35,149,0,Durham,2022-06-13
18,186,11,175,0,Durham,2022-06-28
19,225,19,206,0,Durham,2022-05-23
19,179,27,152,0,Durham,2022-06-16
19,166,31,135,0,Durham,2022-06-20
20,295,19,276,0,Durham,2022-06-01
20,186,9,177,0,Durham,2022-06-29
22,228,9,219,0,Durham,2022-06-02
27,486,28,458,0,Durham,2022-01-27
35,616,45,571,0,Durham,2022-01-17
38,342,32,310,0,Durham,2022-05-31
51,712,40,672,0,Durham,2022-01-08
72,1198,50,1148,0,Durham,2022-01-13
97,1282,80,1202,0,Durham,2022-01-12
,0,0,0,0,Edgecombe,2022-03-06
,0,0,0,0,Edgecombe,2022-03-12
,0,0,0,0,Edgecombe,2022-03-20
,0,0,0,0,Edgecombe,2022-03-23
,0,0,0,0,Edgecombe,2022-03-26
,0,0,0,0,Edgecombe,2022-04-01
,0,0,0,0,Edgecombe,2022-04-02
,0,0,0,0,Edgecombe,2022-04-03
,0,0,0,0,Edgecombe,2022-04-04
,0,0,0,0,Edgecombe,2022-04-07
,0,0,0,0,Edgecombe,2022-04-10
,0,0,0,0,Edgecombe,2022-04-16
,0,0,0,0,Edgecombe,2022-04-20
0,15,1,14,0,Edgecombe,2022-01-30
0,11,0,11,0,Edgecombe,2022-02-05
0,2,0,2,0,Edgecombe,2022-02-12
0,7,1,6,0,Edgecombe,2022-02-13
0,11,0,11,0,Edgecombe,2022-02-17
0,6,2,4,0,Edgecombe,2022-02-19
0,3,1,2,0,Edgecombe,2022-02-20
0,8,0,8,0,Edgecombe,2022-02-22
0,1,0,1,0,Edgecombe,2022-02-27
0,9,6,3,0,Edgecombe,2022-02-28
0,9,1,8,0,Edgecombe,2022-03-02
0,5,0,5,0,Edgecombe,2022-03-03
0,5,3,2,0,Edgecombe,2022-03-04
0,1,0,1,0,Edgecombe,2022-03-05
0,3,1,2,0,Edgecombe,2022-03-07
0,2,0,2,0,Edgecombe,2022-03-08
0,1,0,1,0,Edgecombe,2022-03-10
0,1,0,1,0,Edgecombe,2022-03-11
0,1,0,1,0,Edgecombe,2022-03-13
0,3,1,2,0,Edgecombe,2022-03-16
0,3,1,2,0,Edgecombe,2022-03-17
0,3,1,2,0,Edgecombe,2022-03-18
0,1,0,1,0,Edgecombe,2022-03-19
0,1,0,1,0,Edgecombe,2022-03-22
0,1,0,1,0,Edgecombe,2022-03-25
0,1,0,1,0,Edgecombe,2022-03-27
0,1,0,1,0,Edgecombe,2022-03-29
0,2,0,2,0,Edgecombe,2022-03-30
0,2,0,2,0,Edgecombe,2022-03-31
0,1,0,1,0,Edgecombe,2022-04-06
0,1,0,1,0,Edgecombe,2022-04-08
0,3,0,3,0,Edgecombe,2022-04-12
0,1,0,1,0,Edgecombe,2022-04-13
0,6,6,0,0,Edgecombe,2022-04-14
0,1,1,0,0,Edgecombe,2022-04-17
0,2,0,2,0,Edgecombe,2022-04-21
0,7,1,6,0,Edgecombe,2022-04-22
0,2,0,2,0,Edgecombe,2022-04-23
0,5,1,4,0,Edgecombe,2022-04-25
0,5,1,4,0,Edgecombe,2022-04-26
0,5,3,2,0,Edgecombe,2022-04-28
0,1,1,0,0,Edgecombe,2022-04-29
0,3,0,3,0,Edgecombe,2022-04-30
0,1,1,0,0,Edgecombe,2022-05-01
0,4,1,3,0,Edgecombe,2022-05-06
0,2,0,2,0,Edgecombe,2022-05-07
0,2,0,2,0,Edgecombe,2022-05-08
0,5,1,4,0,Edgecombe,2022-05-14
0,5,3,2,0,Edgecombe,2022-05-15
0,8,0,8,0,Edgecombe,2022-05-17
0,10,0,10,0,Edgecombe,2022-05-20
0,15,4,11,0,Edgecombe,2022-06-05
0,9,1,8,0,Edgecombe,2022-06-12
0,4,2,2,0,Edgecombe,2022-06-19
0,9,0,9,0,Edgecombe,2022-06-24
1,17,1,16,0,Edgecombe,2022-01-22
1,27,4,23,0,Edgecombe,2022-01-23
1,11,0,11,0,Edgecombe,2022-01-29
1,25,1,24,0,Edgecombe,2022-02-09
1,17,1,16,0,Edgecombe,2022-02-10
1,13,1,12,0,Edgecombe,2022-02-16
1,4,0,4,0,Edgecombe,2022-02-23
1,4,0,4,0,Edgecombe,2022-02-26
1,4,0,4,0,Edgecombe,2022-03-01
1,5,0,5,0,Edgecombe,2022-03-15
1,6,4,2,0,Edgecombe,2022-03-21
1,2,1,1,0,Edgecombe,2022-03-24
1,2,2,0,0,Edgecombe,2022-03-28
1,2,0,2,0,Edgecombe,2022-04-05
1,2,0,2,0,Edgecombe,2022-04-09
1,3,3,0,0,Edgecombe,2022-04-11
1,4,0,4,0,Edgecombe,2022-04-19
1,2,0,2,0,Edgecombe,2022-04-24
1,7,3,4,0,Edgecombe,2022-05-03
1,7,2,5,0,Edgecombe,2022-05-04
1,1,0,1,0,Edgecombe,2022-05-05
1,8,0,8,0,Edgecombe,2022-05-10
1,15,4,11,0,Edgecombe,2022-05-12
1,8,2,6,0,Edgecombe,2022-05-21
1,11,2,9,0,Edgecombe,2022-05-22
1,14,0,14,0,Edgecombe,2022-05-24
1,7,1,6,0,Edgecombe,2022-05-28
1,12,1,11,0,Edgecombe,2022-05-30
1,13,2,11,0,Edgecombe,2022-06-03
1,19,2,17,0,Edgecombe,2022-06-07
1,12,1,11,0,Edgecombe,2022-06-16
2,13,0,13,0,Edgecombe,2022-02-14
2,14,0,14,0,Edgecombe,2022-02-15
2,9,1,8,0,Edgecombe,2022-02-18
2,8,5,3,0,Edgecombe,2022-02-24
2,11,8,3,0,Edgecombe,2022-03-14
2,12,1,11,0,Edgecombe,2022-05-09
2,9,2,7,0,Edgecombe,2022-05-11
2,16,0,16,0,Edgecombe,2022-05-16
2,10,1,9,0,Edgecombe,2022-05-18
2,19,1,18,0,Edgecombe,2022-05-23
2,20,3,17,0,Edgecombe,2022-05-25
2,13,1,12,0,Edgecombe,2022-05-29
2,14,1,13,0,Edgecombe,2022-06-23
2,11,1,10,0,Edgecombe,2022-06-25
2,11,2,9,0,Edgecombe,2022-06-26
2,14,1,13,0,Edgecombe,2022-07-01
2,7,0,7,0,Edgecombe,2022-07-02
3,54,0,54,0,Edgecombe,2022-01-08
3,29,2,27,0,Edgecombe,2022-02-04
3,13,1,12,0,Edgecombe,2022-02-11
3,9,4,5,0,Edgecombe,2022-05-02
3,11,1,10,0,Edgecombe,2022-06-04
3,19,1,18,0,Edgecombe,2022-06-08
3,28,7,21,0,Edgecombe,2022-06-09
3,12,2,10,0,Edgecombe,2022-06-10
3,15,6,9,0,Edgecombe,2022-06-20
3,21,4,17,0,Edgecombe,2022-06-22
3,27,5,22,0,Edgecombe,2022-06-28
3,14,1,13,0,Edgecombe,2022-06-29
3,16,1,15,0,Edgecombe,2022-06-30
4,17,1,16,0,Edgecombe,2022-01-21
4,63,4,59,0,Edgecombe,2022-01-26
4,67,0,67,0,Edgecombe,2022-01-27
4,16,3,13,0,Edgecombe,2022-05-19
4,12,2,10,0,Edgecombe,2022-05-26
4,27,5,22,0,Edgecombe,2022-05-31
4,30,5,25,0,Edgecombe,2022-06-02
4,10,2,8,0,Edgecombe,2022-06-11
4,10,2,8,0,Edgecombe,2022-06-18
5,11,0,11,0,Edgecombe,2022-05-13
5,14,3,11,0,Edgecombe,2022-05-27
5,17,0,17,0,Edgecombe,2022-06-21
6,79,12,67,0,Edgecombe,2022-01-17
6,27,2,25,0,Edgecombe,2022-06-01
6,15,4,11,0,Edgecombe,2022-06-13
6,17,2,15,0,Edgecombe,2022-06-14
6,25,8,17,0,Edgecombe,2022-06-27
7,56,2,54,0,Edgecombe,2022-01-31
7,46,2,44,0,Edgecombe,2022-02-02
7,19,1,18,0,Edgecombe,2022-06-06
11,118,3,115,0,Edgecombe,2022-01-20
16,166,7,159,0,Edgecombe,2022-01-07
21,245,4,241,0,Edgecombe,2022-01-06
27,274,10,264,0,Edgecombe,2022-01-10
29,286,11,275,0,Edgecombe,2022-01-04
0,18,1,17,0,Forsyth,2022-03-05
0,14,4,10,0,Forsyth,2022-03-06
0,12,3,9,0,Forsyth,2022-03-13
0,8,0,8,0,Forsyth,2022-03-20
0,8,5,3,0,Forsyth,2022-03-27
0,20,5,15,0,Forsyth,2022-03-28
0,7,1,6,0,Forsyth,2022-04-01
0,6,1,5,0,Forsyth,2022-04-03
1,10,1,9,0,Forsyth,2022-03-19
1,17,4,13,0,Forsyth,2022-03-22
1,9,2,7,0,Forsyth,2022-03-26
1,9,1,8,0,Forsyth,2022-04-02
1,18,5,13,0,Forsyth,2022-04-10
1,33,8,25,0,Forsyth,2022-04-11
1,37,2,35,0,Forsyth,2022-04-13
1,22,5,17,0,Forsyth,2022-04-16
1,18,3,15,0,Forsyth,2022-04-17
1,52,4,48,0,Forsyth,2022-05-08
2,15,3,12,0,Forsyth,2022-03-16
2,15,4,11,0,Forsyth,2022-03-18
2,22,6,16,0,Forsyth,2022-03-24
2,13,3,10,0,Forsyth,2022-03-25
2,27,5,22,0,Forsyth,2022-03-31
2,39,9,30,0,Forsyth,2022-04-07
2,23,3,20,0,Forsyth,2022-04-08
2,34,5,29,0,Forsyth,2022-04-24
2,44,7,37,0,Forsyth,2022-05-01
3,27,3,24,0,Forsyth,2022-03-29
3,33,7,26,0,Forsyth,2022-04-05
3,19,3,16,0,Forsyth,2022-04-09
3,35,5,30,0,Forsyth,2022-04-15
3,55,5,50,0,Forsyth,2022-04-22
3,41,9,32,0,Forsyth,2022-04-23
3,56,11,45,0,Forsyth,2022-04-30
3,83,12,71,0,Forsyth,2022-05-22
3,75,8,67,0,Forsyth,2022-06-18
4,24,5,19,0,Forsyth,2022-04-06
4,41,6,35,0,Forsyth,2022-04-12
4,55,14,41,0,Forsyth,2022-04-20
4,69,20,49,0,Forsyth,2022-04-21
4,77,24,53,0,Forsyth,2022-04-26
4,87,12,75,0,Forsyth,2022-04-28
4,50,7,43,0,Forsyth,2022-06-19
5,62,5,57,0,Forsyth,2022-02-24
5,77,21,56,0,Forsyth,2022-04-19
5,71,12,59,0,Forsyth,2022-06-04
6,51,10,41,0,Forsyth,2022-04-14
6,60,15,45,0,Forsyth,2022-05-07
6,56,9,47,0,Forsyth,2022-05-30
7,58,13,45,0,Forsyth,2022-04-18
7,92,10,82,0,Forsyth,2022-05-21
7,73,6,67,0,Forsyth,2022-06-05
7,77,11,66,0,Forsyth,2022-06-11
9,110,26,84,0,Forsyth,2022-04-27
9,86,19,67,0,Forsyth,2022-04-29
9,141,28,113,0,Forsyth,2022-05-12
9,87,5,82,0,Forsyth,2022-05-14
9,139,16,123,0,Forsyth,2022-06-15
10,125,28,97,0,Forsyth,2022-05-04
10,139,24,115,0,Forsyth,2022-05-11
10,168,36,132,0,Forsyth,2022-05-13
11,133,22,111,0,Forsyth,2022-05-02
11,112,26,86,0,Forsyth,2022-05-03
11,99,17,82,0,Forsyth,2022-05-29
11,100,17,83,0,Forsyth,2022-06-17
12,141,29,112,0,Forsyth,2022-05-09
12,84,14,70,0,Forsyth,2022-05-15
12,141,29,112,0,Forsyth,2022-06-20
12,70,3,67,0,Forsyth,2022-06-26
13,118,22,96,0,Forsyth,2022-06-14
13,66,5,61,0,Forsyth,2022-07-02
14,124,23,101,0,Forsyth,2022-05-06
14,203,36,167,0,Forsyth,2022-05-18
15,147,22,125,0,Forsyth,2022-05-10
15,183,22,161,0,Forsyth,2022-05-17
15,148,33,115,0,Forsyth,2022-05-20
15,174,33,141,0,Forsyth,2022-05-25
15,181,27,154,0,Forsyth,2022-05-27
16,127,28,99,0,Forsyth,2022-05-05
16,208,55,153,0,Forsyth,2022-05-23
17,178,42,136,0,Forsyth,2022-05-26
17,196,31,165,0,Forsyth,2022-06-01
17,144,22,122,0,Forsyth,2022-06-29
18,170,36,134,0,Forsyth,2022-06-02
18,155,28,127,0,Forsyth,2022-06-03
18,125,15,110,0,Forsyth,2022-07-01
19,151,31,120,0,Forsyth,2022-06-08
20,188,35,153,0,Forsyth,2022-05-24
20,133,27,106,0,Forsyth,2022-06-10
20,164,23,141,0,Forsyth,2022-06-24
23,225,36,189,0,Forsyth,2022-05-31
23,180,31,149,0,Forsyth,2022-06-27
25,160,25,135,0,Forsyth,2022-06-28
29,203,48,155,0,Forsyth,2022-06-06
29,165,41,124,0,Forsyth,2022-06-13
30,368,48,320,0,Forsyth,2022-02-02
,0,0,0,0,Franklin,2022-03-12
,0,0,0,0,Franklin,2022-03-13
0,7,0,7,0,Franklin,2022-02-19
0,3,0,3,0,Franklin,2022-03-02
0,3,0,3,0,Franklin,2022-03-05
0,6,1,5,0,Franklin,2022-03-08
0,3,0,3,0,Franklin,2022-03-10
0,1,0,1,0,Franklin,2022-03-11
0,1,0,1,0,Franklin,2022-03-15
0,2,1,1,0,Franklin,2022-03-17
0,1,0,1,0,Franklin,2022-03-19
0,2,0,2,0,Franklin,2022-03-20
0,4,0,4,0,Franklin,2022-03-21
0,1,0,1,0,Franklin,2022-03-23
0,1,0,1,0,Franklin,2022-03-24
0,1,0,1,0,Franklin,2022-03-25
0,1,0,1,0,Franklin,2022-03-26
0,1,0,1,0,Franklin,2022-03-29
0,5,0,5,0,Franklin,2022-03-30
0,1,0,1,0,Franklin,2022-04-01
0,1,0,1,0,Franklin,2022-04-03
0,4,0,4,0,Franklin,2022-04-04
0,2,0,2,0,Franklin,2022-04-05
0,3,0,3,0,Franklin,2022-04-07
0,7,0,7,0,Franklin,2022-04-08
0,5,1,4,0,Franklin,2022-04-09
0,2,0,2,0,Franklin,2022-04-10
0,4,0,4,0,Franklin,2022-04-11
0,10,0,10,0,Franklin,2022-04-13
0,12,0,12,0,Franklin,2022-04-19
0,13,1,12,0,Franklin,2022-04-22
0,6,0,6,0,Franklin,2022-04-24
0,11,2,9,0,Franklin,2022-04-29
0,11,3,8,0,Franklin,2022-04-30
0,24,4,20,0,Franklin,2022-05-29
0,7,3,4,0,Franklin,2022-05-30
0,19,2,17,0,Franklin,2022-06-12
1,16,2,14,0,Franklin,2022-02-12
1,12,1,11,0,Franklin,2022-02-20
1,15,1,14,0,Franklin,2022-02-25
1,5,0,5,0,Franklin,2022-02-26
1,16,2,14,0,Franklin,2022-02-28
1,6,2,4,0,Franklin,2022-03-01
1,8,1,7,0,Franklin,2022-03-03
1,1,0,1,0,Franklin,2022-03-16
1,1,1,0,0,Franklin,2022-03-18
1,3,0,3,0,Franklin,2022-03-28
1,4,1,3,0,Franklin,2022-03-31
1,2,0,2,0,Franklin,2022-04-02
1,1,0,1,0,Franklin,2022-04-06
1,10,3,7,0,Franklin,2022-04-12
1,14,2,12,0,Franklin,2022-04-14
1,4,1,3,0,Franklin,2022-04-17
1,18,1,17,0,Franklin,2022-04-18
1,14,3,11,0,Franklin,2022-04-21
1,13,2,11,0,Franklin,2022-04-26
1,8,0,8,0,Franklin,2022-04-28
1,11,3,8,0,Franklin,2022-05-01
1,17,2,15,0,Franklin,2022-05-07
1,9,0,9,0,Franklin,2022-05-08
1,14,1,13,0,Franklin,2022-05-21
1,19,0,19,0,Franklin,2022-05-22
1,22,4,18,0,Franklin,2022-05-27
1,5,0,5,0,Franklin,2022-06-05
1,25,5,20,0,Franklin,2022-06-07
1,13,1,12,0,Franklin,2022-06-18
2,42,7,35,0,Franklin,2022-01-23
2,45,6,39,0,Franklin,2022-02-05
2,29,2,27,0,Franklin,2022-02-15
2,36,3,33,0,Franklin,2022-02-16
2,14,1,13,0,Franklin,2022-02-22
2,13,5,8,0,Franklin,2022-04-15
2,11,1,10,0,Franklin,2022-04-16
2,9,2,7,0,Franklin,2022-04-20
2,8,1,7,0,Franklin,2022-04-23
2,19,1,18,0,Franklin,2022-05-06
2,33,4,29,0,Franklin,2022-05-14
2,22,1,21,0,Franklin,2022-05-28
2,44,5,39,0,Franklin,2022-06-01
2,16,0,16,0,Franklin,2022-06-04
2,26,1,25,0,Franklin,2022-06-08
2,30,6,24,0,Franklin,2022-06-10
2,13,1,12,0,Franklin,2022-06-25
2,28,4,24,0,Franklin,2022-07-01
3,31,2,29,0,Franklin,2022-02-06
3,16,4,12,0,Franklin,2022-02-13
3,16,2,14,0,Franklin,2022-02-18
3,19,1,18,0,Franklin,2022-05-04
3,21,0,21,0,Franklin,2022-05-05
3,39,6,33,0,Franklin,2022-06-02
3,28,6,22,0,Franklin,2022-06-03
3,29,4,25,0,Franklin,2022-06-16
3,13,1,12,0,Franklin,2022-06-19
3,26,1,25,0,Franklin,2022-06-22
3,17,6,11,0,Franklin,2022-06-26
4,43,7,36,0,Franklin,2022-02-14
4,23,1,22,0,Franklin,2022-02-23
4,12,1,11,0,Franklin,2022-03-07
4,10,2,8,0,Franklin,2022-03-09
4,6,0,6,0,Franklin,2022-03-22
4,36,0,36,0,Franklin,2022-04-25
4,15,2,13,0,Franklin,2022-04-27
4,25,3,22,0,Franklin,2022-05-02
4,27,3,24,0,Franklin,2022-05-03
4,25,2,23,0,Franklin,2022-05-13
4,34,1,33,0,Franklin,2022-05-20
4,54,4,50,0,Franklin,2022-05-23
4,41,3,38,0,Franklin,2022-06-14
4,25,4,21,0,Franklin,2022-06-20
4,42,3,39,0,Franklin,2022-06-29
5,39,3,36,0,Franklin,2022-01-22
5,47,3,44,0,Franklin,2022-01-29
5,47,8,39,0,Franklin,2022-02-11
5,50,4,46,0,Franklin,2022-05-10
5,37,6,31,0,Franklin,2022-05-19
5,18,2,16,0,Franklin,2022-06-11
5,36,5,31,0,Franklin,2022-06-13
5,28,0,28,0,Franklin,2022-06-17
5,40,5,35,0,Franklin,2022-06-21
5,41,5,36,0,Franklin,2022-06-27
5,41,5,36,0,Franklin,2022-06-30
5,15,0,15,0,Franklin,2022-07-02
6,89,11,78,0,Franklin,2022-02-02
6,37,7,30,0,Franklin,2022-05-16
6,58,1,57,0,Franklin,2022-05-18
6,56,2,54,0,Franklin,2022-05-24
6,29,4,25,0,Franklin,2022-06-28
7,29,2,27,0,Franklin,2022-05-15
7,42,5,37,0,Franklin,2022-06-15
8,85,12,73,0,Franklin,2022-01-09
8,98,9,89,0,Franklin,2022-01-21
8,66,13,53,0,Franklin,2022-02-08
8,43,2,41,0,Franklin,2022-05-11
8,48,2,46,0,Franklin,2022-05-25
9,40,6,34,0,Franklin,2022-05-12
10,49,6,43,0,Franklin,2022-05-17
12,238,32,206,0,Franklin,2022-01-17
12,203,12,191,0,Franklin,2022-01-26
12,98,4,94,0,Franklin,2022-02-01
12,77,6,71,0,Franklin,2022-02-03
13,155,4,151,0,Franklin,2022-01-28
13,48,8,40,0,Franklin,2022-05-26
14,62,5,57,0,Franklin,2022-05-31
16,203,12,191,0,Franklin,2022-01-15
20,178,8,170,0,Franklin,2022-01-08
24,388,15,373,0,Franklin,2022-01-12
26,395,21,374,0,Franklin,2022-01-05
33,287,12,275,0,Franklin,2022-01-07
35,345,17,328,0,Franklin,2022-01-13
42,442,19,423,0,Franklin,2022-01-10
0,7,2,5,0,Gaston,2022-03-04
0,9,2,7,0,Gaston,2022-03-09
0,11,1,10,0,Gaston,2022-03-10
0,5,1,4,0,Gaston,2022-03-18
0,2,1,1,0,Gaston,2022-03-19
0,3,0,3,0,Gaston,2022-03-20
0,1,0,1,0,Gaston,2022-03-22
0,8,2,6,0,Gaston,2022-03-23
0,2,0,2,0,Gaston,2022-03-24
0,3,0,3,0,Gaston,2022-03-26
0,3,0,3,0,Gaston,2022-03-27
0,8,4,4,0,Gaston,2022-04-01
0,4,3,1,0,Gaston,2022-04-02
0,17,7,10,0,Gaston,2022-04-14
0,17,1,16,0,Gaston,2022-04-22
1,8,0,8,0,Gaston,2022-03-14
1,9,5,4,0,Gaston,2022-03-29
1,7,2,5,0,Gaston,2022-04-03
1,9,1,8,0,Gaston,2022-04-05
1,11,6,5,0,Gaston,2022-04-06
1,26,9,17,0,Gaston,2022-04-13
1,15,3,12,0,Gaston,2022-04-16
1,5,0,5,0,Gaston,2022-04-17
1,21,5,16,0,Gaston,2022-04-18
1,14,0,14,0,Gaston,2022-04-19
1,12,2,10,0,Gaston,2022-04-24
1,21,4,17,0,Gaston,2022-05-01
1,33,5,28,0,Gaston,2022-05-03
1,20,5,15,0,Gaston,2022-05-07
2,14,3,11,0,Gaston,2022-02-26
2,18,3,15,0,Gaston,2022-02-28
2,7,3,4,0,Gaston,2022-03-05
2,11,2,9,0,Gaston,2022-03-31
2,15,7,8,0,Gaston,2022-04-04
2,20,5,15,0,Gaston,2022-04-08
2,9,2,7,0,Gaston,2022-04-10
2,21,4,17,0,Gaston,2022-04-21
2,25,5,20,0,Gaston,2022-04-28
2,27,3,24,0,Gaston,2022-04-30
2,23,3,20,0,Gaston,2022-05-08
2,34,3,31,0,Gaston,2022-05-14
3,14,0,14,0,Gaston,2022-03-21
3,20,7,13,0,Gaston,2022-04-23
3,25,2,23,0,Gaston,2022-04-27
3,33,7,26,0,Gaston,2022-05-04
3,73,11,62,0,Gaston,2022-05-10
4,17,2,15,0,Gaston,2022-04-11
4,12,2,10,0,Gaston,2022-04-15
4,21,4,17,0,Gaston,2022-04-20
4,46,8,38,0,Gaston,2022-05-02
4,50,8,42,0,Gaston,2022-05-06
4,43,3,40,0,Gaston,2022-05-22
4,40,3,37,0,Gaston,2022-05-28
4,27,5,22,0,Gaston,2022-05-30
5,26,9,17,0,Gaston,2022-04-25
5,39,5,34,0,Gaston,2022-05-05
5,60,9,51,0,Gaston,2022-05-12
5,39,2,37,0,Gaston,2022-05-15
5,43,6,37,0,Gaston,2022-05-21
5,84,26,58,0,Gaston,2022-05-23
5,59,13,46,0,Gaston,2022-05-27
5,38,2,36,0,Gaston,2022-06-05
5,47,3,44,0,Gaston,2022-06-11
6,60,6,54,0,Gaston,2022-05-13
6,56,14,42,0,Gaston,2022-05-20
7,42,11,31,0,Gaston,2022-04-26
7,28,5,23,0,Gaston,2022-04-29
7,59,15,44,0,Gaston,2022-05-09
7,83,7,76,0,Gaston,2022-05-17
7,86,15,71,0,Gaston,2022-05-18
7,51,7,44,0,Gaston,2022-06-04
7,48,9,39,0,Gaston,2022-06-25
8,56,12,44,0,Gaston,2022-02-18
8,76,15,61,0,Gaston,2022-05-24
8,74,8,66,0,Gaston,2022-06-09
8,67,11,56,0,Gaston,2022-06-10
8,57,8,49,0,Gaston,2022-06-12
8,46,8,38,0,Gaston,2022-06-19
9,52,12,40,0,Gaston,2022-05-26
9,84,10,74,0,Gaston,2022-07-01
10,75,11,64,0,Gaston,2022-06-08
10,73,14,59,0,Gaston,2022-06-15
10,75,10,65,0,Gaston,2022-06-17
10,57,6,51,0,Gaston,2022-07-02
11,119,28,91,0,Gaston,2022-02-11
11,83,10,73,0,Gaston,2022-05-16
11,80,11,69,0,Gaston,2022-05-19
11,69,4,65,0,Gaston,2022-06-14
13,239,45,194,0,Gaston,2022-02-02
13,102,22,80,0,Gaston,2022-05-31
13,88,14,74,0,Gaston,2022-06-02
13,76,13,63,0,Gaston,2022-06-07
13,83,14,69,0,Gaston,2022-06-23
14,74,12,62,0,Gaston,2022-06-20
18,105,13,92,0,Gaston,2022-06-13
18,93,11,82,0,Gaston,2022-06-21
18,61,7,54,0,Gaston,2022-06-26
19,73,11,62,0,Gaston,2022-06-22
19,80,7,73,0,Gaston,2022-06-29
19,93,17,76,0,Gaston,2022-06-30
70,692,144,548,0,Gaston,2022-01-13
,0,0,0,0,Gates,2022-01-29
,0,0,0,0,Gates,2022-02-05
,0,0,0,0,Gates,2022-02-06
,0,0,0,0,Gates,2022-02-11
,0,0,0,0,Gates,2022-02-12
,0,0,0,0,Gates,2022-02-13
,0,0,0,0,Gates,2022-02-15
,0,0,0,0,Gates,2022-02-19
,0,0,0,0,Gates,2022-02-26
,0,0,0,0,Gates,2022-02-27
,0,0,0,0,Gates,2022-03-01
,0,0,0,0,Gates,2022-03-03
,0,0,0,0,Gates,2022-03-04
,0,0,0,0,Gates,2022-03-05
,0,0,0,0,Gates,2022-03-06
,0,0,0,0,Gates,2022-03-07
,0,0,0,0,Gates,2022-03-08
,0,0,0,0,Gates,2022-03-09
,0,0,0,0,Gates,2022-03-10
,0,0,0,0,Gates,2022-03-11
,0,0,0,0,Gates,2022-03-12
,0,0,0,0,Gates,2022-03-13
,0,0,0,0,Gates,2022-03-14
,0,0,0,0,Gates,2022-03-15
,0,0,0,0,Gates,2022-03-16
,0,0,0,0,Gates,2022-03-17
,0,0,0,0,Gates,2022-03-18
,0,0,0,0,Gates,2022-03-19
,0,0,0,0,Gates,2022-03-21
,0,0,0,0,Gates,2022-03-22
,0,0,0,0,Gates,2022-03-23
,0,0,0,0,Gates,2022-03-24
,0,0,0,0,Gates,2022-03-25
,0,0,0,0,Gates,2022-03-26
,0,0,0,0,Gates,2022-03-28
,0,0,0,0,Gates,2022-03-29
,0,0,0,0,Gates,2022-03-31
,0,0,0,0,Gates,2022-04-02
,0,0,0,0,Gates,2022-04-03
,0,0,0,0,Gates,2022-04-04
,0,0,0,0,Gates,2022-04-05
,0,0,0,0,Gates,2022-04-06
,0,0,0,0,Gates,2022-04-07
,0,0,0,0,Gates,2022-04-08
,0,0,0,0,Gates,2022-04-10
,0,0,0,0,Gates,2022-04-11
,0,0,0,0,Gates,2022-04-13
,0,0,0,0,Gates,2022-04-14
,0,0,0,0,Gates,2022-04-15
,0,0,0,0,Gates,2022-04-16
,0,0,0,0,Gates,2022-04-17
,0,0,0,0,Gates,2022-04-18
,0,0,0,0,Gates,2022-04-19
,0,0,0,0,Gates,2022-04-20
,0,0,0,0,Gates,2022-04-23
,0,0,0,0,Gates,2022-04-24
,0,0,0,0,Gates,2022-04-26
,0,0,0,0,Gates,2022-04-27
,0,0,0,0,Gates,2022-04-28
,0,0,0,0,Gates,2022-04-29
,0,0,0,0,Gates,2022-05-01
,0,0,0,0,Gates,2022-05-08
,0,0,0,0,Gates,2022-05-09
,0,0,0,0,Gates,2022-05-27
,0,0,0,0,Gates,2022-05-29
,0,0,0,0,Gates,2022-06-05
,0,0,0,0,Gates,2022-06-16
,0,0,0,0,Gates,2022-06-18
,0,0,0,0,Gates,2022-06-25
,0,0,0,0,Gates,2022-06-29
0,18,4,14,0,Gates,2022-01-05
0,3,0,3,0,Gates,2022-01-09
0,26,2,24,0,Gates,2022-01-13
0,10,6,4,0,Gates,2022-01-15
0,5,2,3,0,Gates,2022-01-16
0,17,6,11,0,Gates,2022-01-17
0,46,8,38,0,Gates,2022-01-18
0,9,2,7,0,Gates,2022-01-21
0,6,2,4,0,Gates,2022-01-23
0,21,4,17,0,Gates,2022-01-24
0,14,1,13,0,Gates,2022-01-26
0,7,0,7,0,Gates,2022-01-27
0,4,0,4,0,Gates,2022-01-28
0,2,0,2,0,Gates,2022-01-30
0,8,1,7,0,Gates,2022-02-01
0,5,2,3,0,Gates,2022-02-03
0,8,2,6,0,Gates,2022-02-04
0,1,0,1,0,Gates,2022-02-07
0,3,1,2,0,Gates,2022-02-08
0,1,1,0,0,Gates,2022-02-09
0,1,0,1,0,Gates,2022-02-10
0,3,3,0,0,Gates,2022-02-14
0,1,0,1,0,Gates,2022-02-16
0,2,0,2,0,Gates,2022-02-17
0,3,0,3,0,Gates,2022-02-18
0,2,0,2,0,Gates,2022-02-20
0,4,0,4,0,Gates,2022-02-21
0,1,0,1,0,Gates,2022-02-22
0,1,0,1,0,Gates,2022-02-23
0,1,0,1,0,Gates,2022-02-24
0,1,0,1,0,Gates,2022-02-25
0,2,0,2,0,Gates,2022-02-28
0,1,0,1,0,Gates,2022-03-02
0,1,1,0,0,Gates,2022-03-20
0,1,0,1,0,Gates,2022-03-27
0,1,0,1,0,Gates,2022-03-30
0,1,1,0,0,Gates,2022-04-01
0,1,0,1,0,Gates,2022-04-09
0,1,0,1,0,Gates,2022-04-12
0,1,0,1,0,Gates,2022-04-21
0,1,0,1,0,Gates,2022-04-22
0,1,0,1,0,Gates,2022-04-25
0,1,0,1,0,Gates,2022-04-30
0,2,1,1,0,Gates,2022-05-03
0,1,0,1,0,Gates,2022-05-04
0,4,1,3,0,Gates,2022-05-05
0,1,0,1,0,Gates,2022-05-06
0,2,2,0,0,Gates,2022-05-07
0,3,0,3,0,Gates,2022-05-10
0,3,1,2,0,Gates,2022-05-11
0,1,0,1,0,Gates,2022-05-12
0,1,1,0,0,Gates,2022-05-13
0,3,1,2,0,Gates,2022-05-14
0,1,1,0,0,Gates,2022-05-15
0,3,1,2,0,Gates,2022-05-16
0,1,1,0,0,Gates,2022-05-17
0,3,0,3,0,Gates,2022-05-18
0,3,1,2,0,Gates,2022-05-19
0,3,1,2,0,Gates,2022-05-20
0,1,0,1,0,Gates,2022-05-21
0,1,0,1,0,Gates,2022-05-22
0,3,0,3,0,Gates,2022-05-23
0,2,0,2,0,Gates,2022-05-25
0,1,1,0,0,Gates,2022-05-26
0,1,1,0,0,Gates,2022-05-28
0,2,1,1,0,Gates,2022-05-30
0,2,0,2,0,Gates,2022-05-31
0,5,4,1,0,Gates,2022-06-01
0,4,1,3,0,Gates,2022-06-02
0,3,3,0,0,Gates,2022-06-03
0,1,1,0,0,Gates,2022-06-06
0,2,1,1,0,Gates,2022-06-07
0,3,0,3,0,Gates,2022-06-08
0,6,1,5,0,Gates,2022-06-13
0,1,0,1,0,Gates,2022-06-17
0,1,0,1,0,Gates,2022-06-19
0,1,0,1,0,Gates,2022-06-20
0,6,3,3,0,Gates,2022-06-21
0,2,0,2,0,Gates,2022-06-22
0,1,1,0,0,Gates,2022-06-24
0,1,0,1,0,Gates,2022-06-26
0,2,0,2,0,Gates,2022-06-28
0,1,1,0,0,Gates,2022-06-30
0,3,1,2,0,Gates,2022-07-01
0,1,0,1,0,Gates,2022-07-02
1,3,0,3,0,Gates,2022-01-08
1,6,2,4,0,Gates,2022-01-22
1,37,10,27,0,Gates,2022-01-25
1,3,0,3,0,Gates,2022-05-02
1,2,1,1,0,Gates,2022-05-24
1,2,2,0,0,Gates,2022-06-04
1,2,2,0,0,Gates,2022-06-09
1,4,3,1,0,Gates,2022-06-10
1,2,1,1,0,Gates,2022-06-11
1,4,0,4,0,Gates,2022-06-12
1,2,0,2,0,Gates,2022-06-15
1,1,1,0,0,Gates,2022-06-23
1,2,1,1,0,Gates,2022-06-27
2,19,7,12,0,Gates,2022-01-04
2,12,2,10,0,Gates,2022-01-31
2,6,0,6,0,Gates,2022-02-02
2,4,1,3,0,Gates,2022-06-14
5,64,32,32,0,Gates,2022-01-10
,0,0,0,0,Graham,2022-02-19
,0,0,0,0,Graham,2022-02-25
,0,0,0,0,Graham,2022-02-26
,0,0,0,0,Graham,2022-02-27
,0,0,0,0,Graham,2022-03-05
,0,0,0,0,Graham,2022-03-06
,0,0,0,0,Graham,2022-03-08
,0,0,0,0,Graham,2022-03-09
,0,0,0,0,Graham,2022-03-10
,0,0,0,0,Graham,2022-03-11
,0,0,0,0,Graham,2022-03-12
,0,0,0,0,Graham,2022-03-13
,0,0,0,0,Graham,2022-03-14
,0,0,0,0,Graham,2022-03-15
,0,0,0,0,Graham,2022-03-17
,0,0,0,0,Graham,2022-03-18
,0,0,0,0,Graham,2022-03-19
,0,0,0,0,Graham,2022-03-20
,0,0,0,0,Graham,2022-03-21
,0,0,0,0,Graham,2022-03-22
,0,0,0,0,Graham,2022-03-23
,0,0,0,0,Graham,2022-03-25
,0,0,0,0,Graham,2022-03-26
,0,0,0,0,Graham,2022-03-30
,0,0,0,0,Graham,2022-03-31
,0,0,0,0,Graham,2022-04-01
,0,0,0,0,Graham,2022-04-02
,0,0,0,0,Graham,2022-04-03
,0,0,0,0,Graham,2022-04-04
,0,0,0,0,Graham,2022-04-05
,0,0,0,0,Graham,2022-04-06
,0,0,0,0,Graham,2022-04-08
,0,0,0,0,Graham,2022-04-09
,0,0,0,0,Graham,2022-04-10
,0,0,0,0,Graham,2022-04-13
,0,0,0,0,Graham,2022-04-14
,0,0,0,0,Graham,2022-04-15
,0,0,0,0,Graham,2022-04-16
,0,0,0,0,Graham,2022-04-17
,0,0,0,0,Graham,2022-04-20
,0,0,0,0,Graham,2022-04-21
,0,0,0,0,Graham,2022-04-24
,0,0,0,0,Graham,2022-04-26
,0,0,0,0,Graham,2022-04-27
,0,0,0,0,Graham,2022-04-28
,0,0,0,0,Graham,2022-04-30
,0,0,0,0,Graham,2022-05-01
,0,0,0,0,Graham,2022-05-03
,0,0,0,0,Graham,2022-05-04
,0,0,0,0,Graham,2022-05-05
,0,0,0,0,Graham,2022-05-06
,0,0,0,0,Graham,2022-05-07
,0,0,0,0,Graham,2022-05-14
,0,0,0,0,Graham,2022-05-15
,0,0,0,0,Graham,2022-05-16
,0,0,0,0,Graham,2022-05-17
,0,0,0,0,Graham,2022-05-21
,0,0,0,0,Graham,2022-05-22
,0,0,0,0,Graham,2022-05-23
,0,0,0,0,Graham,2022-05-27
,0,0,0,0,Graham,2022-05-29
,0,0,0,0,Graham,2022-06-03
,0,0,0,0,Graham,2022-06-04
,0,0,0,0,Graham,2022-06-11
,0,0,0,0,Graham,2022-06-12
,0,0,0,0,Graham,2022-06-19
,0,0,0,0,Graham,2022-06-22
,0,0,0,0,Graham,2022-06-24
0,1,0,1,0,Graham,2022-01-16
0,19,10,9,0,Graham,2022-01-26
0,23,15,8,0,Graham,2022-01-28
0,4,0,4,0,Graham,2022-01-29
0,18,13,5,0,Graham,2022-02-01
0,5,1,4,0,Graham,2022-02-05
0,2,2,0,0,Graham,2022-02-06
0,4,3,1,0,Graham,2022-02-08
0,13,8,5,0,Graham,2022-02-09
0,3,3,0,0,Graham,2022-02-10
0,2,0,2,0,Graham,2022-02-12
0,1,0,1,0,Graham,2022-02-13
0,5,3,2,0,Graham,2022-02-17
0,2,2,0,0,Graham,2022-02-18
0,1,0,1,0,Graham,2022-02-20
0,2,2,0,0,Graham,2022-02-21
0,2,2,0,0,Graham,2022-02-22
0,3,2,1,0,Graham,2022-02-28
0,1,1,0,0,Graham,2022-03-01
0,1,1,0,0,Graham,2022-03-02
0,2,1,1,0,Graham,2022-03-03
0,1,1,0,0,Graham,2022-03-04
0,3,1,2,0,Graham,2022-03-07
0,1,0,1,0,Graham,2022-03-16
0,1,1,0,0,Graham,2022-03-27
0,1,0,1,0,Graham,2022-03-28
0,1,0,1,0,Graham,2022-03-29
0,1,0,1,0,Graham,2022-04-07
0,1,0,1,0,Graham,2022-04-11
0,1,0,1,0,Graham,2022-04-12
0,2,1,1,0,Graham,2022-04-19
0,1,1,0,0,Graham,2022-04-22
0,1,0,1,0,Graham,2022-04-23
0,3,1,2,0,Graham,2022-04-25
0,2,1,1,0,Graham,2022-04-29
0,1,1,0,0,Graham,2022-05-02
0,1,0,1,0,Graham,2022-05-08
0,1,1,0,0,Graham,2022-05-10
0,3,2,1,0,Graham,2022-05-11
0,2,2,0,0,Graham,2022-05-12
0,1,1,0,0,Graham,2022-05-13
0,2,2,0,0,Graham,2022-05-18
0,1,1,0,0,Graham,2022-05-19
0,2,1,1,0,Graham,2022-05-20
0,1,1,0,0,Graham,2022-05-26
0,1,0,1,0,Graham,2022-05-28
0,2,1,1,0,Graham,2022-05-30
0,1,1,0,0,Graham,2022-05-31
0,1,1,0,0,Graham,2022-06-01
0,2,2,0,0,Graham,2022-06-05
0,3,2,1,0,Graham,2022-06-06
0,1,0,1,0,Graham,2022-06-07
0,1,1,0,0,Graham,2022-06-08
0,4,4,0,0,Graham,2022-06-09
0,1,1,0,0,Graham,2022-06-13
0,2,2,0,0,Graham,2022-06-15
0,3,0,3,0,Graham,2022-06-17
0,1,0,1,0,Graham,2022-06-18
0,1,1,0,0,Graham,2022-06-21
0,2,1,1,0,Graham,2022-06-23
0,1,1,0,0,Graham,2022-06-25
0,2,2,0,0,Graham,2022-06-26
0,1,0,1,0,Graham,2022-06-28
0,8,2,6,0,Graham,2022-06-29
0,4,1,3,0,Graham,2022-06-30
0,7,5,2,0,Graham,2022-07-01
1,6,6,0,0,Graham,2022-01-05
1,6,2,4,0,Graham,2022-01-08
1,20,6,14,0,Graham,2022-01-13
1,12,3,9,0,Graham,2022-01-22
1,9,7,2,0,Graham,2022-01-23
1,8,7,1,0,Graham,2022-02-04
1,12,11,1,0,Graham,2022-02-07
1,3,2,1,0,Graham,2022-02-11
1,8,4,4,0,Graham,2022-02-14
1,5,5,0,0,Graham,2022-02-16
1,3,2,1,0,Graham,2022-02-23
1,2,2,0,0,Graham,2022-02-24
1,6,6,0,0,Graham,2022-04-18
1,4,2,2,0,Graham,2022-05-09
1,2,2,0,0,Graham,2022-05-24
1,2,2,0,0,Graham,2022-06-02
1,2,1,1,0,Graham,2022-06-10
1,1,1,0,0,Graham,2022-06-14
1,2,1,1,0,Graham,2022-06-16
1,2,2,0,0,Graham,2022-06-20
1,3,1,2,0,Graham,2022-06-27
1,4,0,4,0,Graham,2022-07-02
2,17,15,2,0,Graham,2022-01-07
2,11,7,4,0,Graham,2022-01-09
2,25,11,14,0,Graham,2022-01-14
2,13,7,6,0,Graham,2022-01-17
2,39,22,17,0,Graham,2022-01-19
2,10,7,3,0,Graham,2022-01-30
2,7,4,3,0,Graham,2022-02-15
3,24,20,4,0,Graham,2022-01-04
3,34,18,16,0,Graham,2022-01-20
3,30,22,8,0,Graham,2022-01-31
3,10,8,2,0,Graham,2022-02-03
3,5,4,1,0,Graham,2022-05-25
4,37,25,12,0,Graham,2022-01-18
4,32,22,10,0,Graham,2022-01-21
8,26,19,7,0,Graham,2022-02-02
,0,0,0,0,Granville,2022-03-12
,0,0,0,0,Granville,2022-03-19
,0,0,0,0,Granville,2022-03-20
,0,0,0,0,Granville,2022-03-27
,0,0,0,0,Granville,2022-03-30
,0,0,0,0,Granville,2022-04-03
0,23,3,20,0,Granville,2022-02-06
0,13,1,12,0,Granville,2022-02-18
0,9,0,9,0,Granville,2022-02-19
0,4,0,4,0,Granville,2022-02-20
0,10,2,8,0,Granville,2022-02-22
0,9,3,6,0,Granville,2022-02-23
0,10,1,9,0,Granville,2022-02-24
0,3,0,3,0,Granville,2022-02-25
0,3,0,3,0,Granville,2022-02-27
0,6,1,5,0,Granville,2022-03-03
0,3,0,3,0,Granville,2022-03-04
0,2,1,1,0,Granville,2022-03-05
0,1,0,1,0,Granville,2022-03-06
0,6,0,6,0,Granville,2022-03-07
0,5,2,3,0,Granville,2022-03-09
0,2,0,2,0,Granville,2022-03-10
0,2,2,0,0,Granville,2022-03-11
0,2,1,1,0,Granville,2022-03-13
0,3,0,3,0,Granville,2022-03-14
0,3,0,3,0,Granville,2022-03-15
0,1,0,1,0,Granville,2022-03-16
0,1,0,1,0,Granville,2022-03-17
0,3,0,3,0,Granville,2022-03-18
0,2,1,1,0,Granville,2022-03-22
0,1,1,0,0,Granville,2022-03-23
0,1,1,0,0,Granville,2022-03-24
0,1,0,1,0,Granville,2022-03-26
0,1,0,1,0,Granville,2022-03-28
0,2,0,2,0,Granville,2022-03-29
0,1,0,1,0,Granville,2022-04-01
0,1,1,0,0,Granville,2022-04-02
0,4,3,1,0,Granville,2022-04-05
0,4,1,3,0,Granville,2022-04-06
0,5,2,3,0,Granville,2022-04-08
0,3,2,1,0,Granville,2022-04-10
0,3,1,2,0,Granville,2022-04-12
0,10,2,8,0,Granville,2022-04-14
0,3,0,3,0,Granville,2022-04-15
0,10,0,10,0,Granville,2022-04-16
0,4,0,4,0,Granville,2022-04-17
0,9,2,7,0,Granville,2022-04-20
0,6,0,6,0,Granville,2022-04-22
0,5,1,4,0,Granville,2022-04-23
0,5,1,4,0,Granville,2022-04-24
0,13,6,7,0,Granville,2022-04-25
0,8,0,8,0,Granville,2022-04-30
0,5,2,3,0,Granville,2022-05-01
0,27,5,22,0,Granville,2022-05-02
0,5,0,5,0,Granville,2022-05-06
0,9,0,9,0,Granville,2022-05-07
0,7,1,6,0,Granville,2022-05-08
0,16,1,15,0,Granville,2022-05-10
0,25,7,18,0,Granville,2022-05-13
0,15,2,13,0,Granville,2022-05-14
0,33,10,23,0,Granville,2022-05-25
0,10,3,7,0,Granville,2022-05-30
0,33,3,30,0,Granville,2022-06-01
0,4,0,4,0,Granville,2022-06-04
0,5,0,5,0,Granville,2022-06-05
0,15,4,11,0,Granville,2022-07-02
1,35,1,34,0,Granville,2022-01-29
1,27,5,22,0,Granville,2022-02-11
1,12,3,9,0,Granville,2022-02-12
1,13,0,13,0,Granville,2022-02-13
1,5,0,5,0,Granville,2022-02-26
1,8,0,8,0,Granville,2022-03-02
1,3,1,2,0,Granville,2022-03-21
1,3,0,3,0,Granville,2022-03-25
1,2,0,2,0,Granville,2022-03-31
1,3,1,2,0,Granville,2022-04-04
1,7,2,5,0,Granville,2022-04-07
1,3,0,3,0,Granville,2022-04-09
1,6,2,4,0,Granville,2022-04-13
1,5,1,4,0,Granville,2022-04-18
1,7,2,5,0,Granville,2022-04-19
1,14,3,11,0,Granville,2022-04-26
1,12,5,7,0,Granville,2022-04-27
1,12,3,9,0,Granville,2022-04-28
1,21,4,17,0,Granville,2022-05-19
1,24,7,17,0,Granville,2022-05-20
1,10,5,5,0,Granville,2022-05-28
1,12,3,9,0,Granville,2022-05-29
1,11,1,10,0,Granville,2022-06-12
1,17,1,16,0,Granville,2022-06-15
1,8,1,7,0,Granville,2022-06-19
1,11,5,6,0,Granville,2022-06-26
2,49,9,40,0,Granville,2022-01-09
2,42,3,39,0,Granville,2022-01-22
2,56,7,49,0,Granville,2022-01-23
2,47,4,43,0,Granville,2022-02-04
2,14,3,11,0,Granville,2022-03-01
2,10,5,5,0,Granville,2022-03-08
2,8,2,6,0,Granville,2022-04-11
2,25,7,18,0,Granville,2022-05-12
2,37,17,20,0,Granville,2022-05-17
2,15,3,12,0,Granville,2022-05-21
2,20,5,15,0,Granville,2022-05-22
2,48,17,31,0,Granville,2022-05-23
2,42,7,35,0,Granville,2022-05-31
2,30,4,26,0,Granville,2022-06-02
2,21,2,19,0,Granville,2022-06-07
2,25,6,19,0,Granville,2022-06-08
2,29,8,21,0,Granville,2022-06-10
2,15,1,14,0,Granville,2022-06-18
2,27,9,18,0,Granville,2022-06-23
2,22,10,12,0,Granville,2022-06-28
2,22,10,12,0,Granville,2022-06-30
2,31,3,28,0,Granville,2022-07-01
3,61,5,56,0,Granville,2022-01-21
3,19,7,12,0,Granville,2022-02-16
3,10,4,6,0,Granville,2022-04-21
3,17,2,15,0,Granville,2022-05-04
3,23,8,15,0,Granville,2022-05-05
3,21,2,19,0,Granville,2022-05-09
3,21,3,18,0,Granville,2022-05-11
3,32,8,24,0,Granville,2022-05-18
3,29,5,24,0,Granville,2022-05-26
3,15,7,8,0,Granville,2022-05-27
3,27,8,19,0,Granville,2022-06-09
3,14,5,9,0,Granville,2022-06-11
3,17,3,14,0,Granville,2022-06-17
3,11,5,6,0,Granville,2022-06-20
3,32,13,19,0,Granville,2022-06-21
3,25,6,19,0,Granville,2022-06-24
3,24,12,12,0,Granville,2022-06-29
4,36,3,33,0,Granville,2022-02-05
4,20,5,15,0,Granville,2022-02-17
4,25,6,19,0,Granville,2022-05-24
4,22,3,19,0,Granville,2022-06-25
5,87,8,79,0,Granville,2022-01-15
5,88,6,82,0,Granville,2022-01-26
5,67,2,65,0,Granville,2022-02-01
5,26,3,23,0,Granville,2022-02-10
5,36,13,23,0,Granville,2022-05-16
5,31,6,25,0,Granville,2022-06-16
5,29,7,22,0,Granville,2022-06-22
5,32,8,24,0,Granville,2022-06-27
6,50,15,35,0,Granville,2022-02-07
6,43,10,33,0,Granville,2022-06-06
6,23,3,20,0,Granville,2022-06-14
7,141,19,122,0,Granville,2022-01-17
7,50,14,36,0,Granville,2022-02-08
8,89,3,86,0,Granville,2022-01-31
8,60,10,50,0,Granville,2022-02-02
8,62,10,52,0,Granville,2022-02-09
9,172,13,159,0,Granville,2022-01-14
10,78,4,74,0,Granville,2022-01-28
11,243,20,223,0,Granville,2022-01-10
12,170,26,144,0,Granville,2022-01-04
14,215,27,188,0,Granville,2022-01-11
20,176,14,162,0,Granville,2022-01-05
24,176,11,165,0,Granville,2022-01-13
,0,0,0,0,Greene,2022-02-19
,0,0,0,0,Greene,2022-03-02
,0,0,0,0,Greene,2022-03-05
,0,0,0,0,Greene,2022-03-06
,0,0,0,0,Greene,2022-03-09
,0,0,0,0,Greene,2022-03-10
,0,0,0,0,Greene,2022-03-11
,0,0,0,0,Greene,2022-03-12
,0,0,0,0,Greene,2022-03-13
,0,0,0,0,Greene,2022-03-14
,0,0,0,0,Greene,2022-03-16
,0,0,0,0,Greene,2022-03-17
,0,0,0,0,Greene,2022-03-18
,0,0,0,0,Greene,2022-03-19
,0,0,0,0,Greene,2022-03-20
,0,0,0,0,Greene,2022-03-21
,0,0,0,0,Greene,2022-03-22
,0,0,0,0,Greene,2022-03-24
,0,0,0,0,Greene,2022-03-25
,0,0,0,0,Greene,2022-03-26
,0,0,0,0,Greene,2022-03-27
,0,0,0,0,Greene,2022-03-28
,0,0,0,0,Greene,2022-03-29
,0,0,0,0,Greene,2022-03-31
,0,0,0,0,Greene,2022-04-01
,0,0,0,0,Greene,2022-04-02
,0,0,0,0,Greene,2022-04-03
,0,0,0,0,Greene,2022-04-04
,0,0,0,0,Greene,2022-04-06
,0,0,0,0,Greene,2022-04-07
,0,0,0,0,Greene,2022-04-08
,0,0,0,0,Greene,2022-04-09
,0,0,0,0,Greene,2022-04-10
,0,0,0,0,Greene,2022-04-11
,0,0,0,0,Greene,2022-04-12
,0,0,0,0,Greene,2022-04-13
,0,0,0,0,Greene,2022-04-15
,0,0,0,0,Greene,2022-04-16
,0,0,0,0,Greene,2022-04-17
,0,0,0,0,Greene,2022-04-20
,0,0,0,0,Greene,2022-04-21
,0,0,0,0,Greene,2022-04-22
,0,0,0,0,Greene,2022-04-23
,0,0,0,0,Greene,2022-04-26
,0,0,0,0,Greene,2022-04-27
,0,0,0,0,Greene,2022-04-30
,0,0,0,0,Greene,2022-05-02
,0,0,0,0,Greene,2022-05-08
,0,0,0,0,Greene,2022-05-14
,0,0,0,0,Greene,2022-05-29
,0,0,0,0,Greene,2022-06-25
,0,0,0,0,Greene,2022-06-26
0,12,7,5,0,Greene,2022-01-16
0,25,9,16,0,Greene,2022-01-21
0,6,5,1,0,Greene,2022-01-22
0,44,6,38,0,Greene,2022-01-27
0,5,0,5,0,Greene,2022-01-30
0,5,0,5,0,Greene,2022-02-05
0,8,2,6,0,Greene,2022-02-06
0,11,1,10,0,Greene,2022-02-08
0,4,0,4,0,Greene,2022-02-10
0,4,2,2,0,Greene,2022-02-11
0,2,0,2,0,Greene,2022-02-16
0,1,0,1,0,Greene,2022-02-20
0,4,0,4,0,Greene,2022-02-22
0,4,0,4,0,Greene,2022-02-24
0,2,1,1,0,Greene,2022-02-26
0,1,0,1,0,Greene,2022-02-27
0,5,4,1,0,Greene,2022-02-28
0,2,0,2,0,Greene,2022-03-01
0,1,0,1,0,Greene,2022-03-04
0,1,0,1,0,Greene,2022-03-08
0,1,0,1,0,Greene,2022-03-23
0,2,0,2,0,Greene,2022-03-30
0,1,0,1,0,Greene,2022-04-05
0,4,0,4,0,Greene,2022-04-14
0,1,0,1,0,Greene,2022-04-18
0,4,0,4,0,Greene,2022-04-19
0,2,0,2,0,Greene,2022-04-24
0,3,2,1,0,Greene,2022-04-25
0,1,0,1,0,Greene,2022-04-28
0,1,1,0,0,Greene,2022-04-29
0,3,0,3,0,Greene,2022-05-01
0,2,1,1,0,Greene,2022-05-04
0,5,2,3,0,Greene,2022-05-05
0,1,0,1,0,Greene,2022-05-06
0,2,0,2,0,Greene,2022-05-07
0,3,0,3,0,Greene,2022-05-10
0,3,1,2,0,Greene,2022-05-11
0,5,0,5,0,Greene,2022-05-12
0,3,2,1,0,Greene,2022-05-13
0,1,1,0,0,Greene,2022-05-15
0,1,0,1,0,Greene,2022-05-18
0,1,1,0,0,Greene,2022-05-21
0,3,1,2,0,Greene,2022-05-22
0,5,4,1,0,Greene,2022-05-23
0,5,0,5,0,Greene,2022-05-26
0,2,1,1,0,Greene,2022-05-28
0,1,1,0,0,Greene,2022-05-30
0,5,1,4,0,Greene,2022-06-03
0,3,0,3,0,Greene,2022-06-04
0,10,3,7,0,Greene,2022-06-09
0,7,3,4,0,Greene,2022-06-10
0,1,0,1,0,Greene,2022-06-11
0,4,1,3,0,Greene,2022-06-15
0,5,1,4,0,Greene,2022-06-19
0,6,0,6,0,Greene,2022-06-20
0,1,0,1,0,Greene,2022-06-21
0,7,1,6,0,Greene,2022-06-23
0,6,1,5,0,Greene,2022-06-28
0,7,1,6,0,Greene,2022-06-29
1,23,3,20,0,Greene,2022-01-09
1,8,1,7,0,Greene,2022-01-29
1,6,0,6,0,Greene,2022-02-14
1,4,1,3,0,Greene,2022-02-18
1,4,1,3,0,Greene,2022-03-03
1,11,5,6,0,Greene,2022-05-09
1,8,2,6,0,Greene,2022-05-17
1,2,2,0,0,Greene,2022-05-19
1,8,4,4,0,Greene,2022-05-20
1,5,0,5,0,Greene,2022-05-27
1,8,3,5,0,Greene,2022-05-31
1,5,4,1,0,Greene,2022-06-01
1,6,1,5,0,Greene,2022-06-02
1,2,1,1,0,Greene,2022-06-05
1,2,0,2,0,Greene,2022-06-12
1,18,8,10,0,Greene,2022-06-13
1,8,1,7,0,Greene,2022-06-17
1,5,1,4,0,Greene,2022-07-01
1,2,0,2,0,Greene,2022-07-02
2,13,1,12,0,Greene,2022-01-08
2,28,5,23,0,Greene,2022-01-28
2,14,3,11,0,Greene,2022-02-03
2,17,4,13,0,Greene,2022-02-04
2,11,6,5,0,Greene,2022-02-09
2,5,2,3,0,Greene,2022-05-03
2,4,2,2,0,Greene,2022-05-16
2,5,2,3,0,Greene,2022-05-25
2,8,3,5,0,Greene,2022-06-06
2,14,5,9,0,Greene,2022-06-08
2,12,0,12,0,Greene,2022-06-14
2,7,1,6,0,Greene,2022-06-16
2,3,0,3,0,Greene,2022-06-18
2,5,0,5,0,Greene,2022-06-22
2,9,4,5,0,Greene,2022-06-30
3,41,6,35,0,Greene,2022-01-07
3,14,3,11,0,Greene,2022-02-02
3,10,2,8,0,Greene,2022-02-15
3,9,2,7,0,Greene,2022-02-21
3,9,0,9,0,Greene,2022-06-24
4,27,5,22,0,Greene,2022-02-01
4,38,2,36,0,Greene,2022-05-24
5,68,20,48,0,Greene,2022-01-14
5,76,27,49,0,Greene,2022-01-17
6,52,21,31,0,Greene,2022-01-05
6,41,12,29,0,Greene,2022-01-31
6,16,3,13,0,Greene,2022-06-27
7,124,13,111,0,Greene,2022-01-13
12,130,28,102,0,Greene,2022-01-10
17,124,28,96,0,Greene,2022-01-24
0,15,3,12,0,Guilford,2022-03-18
0,21,8,13,0,Guilford,2022-03-28
1,27,4,23,0,Guilford,2022-03-16
1,13,1,12,0,Guilford,2022-03-26
1,17,3,14,0,Guilford,2022-04-03
1,27,10,17,0,Guilford,2022-04-06
1,63,10,53,0,Guilford,2022-04-23
2,39,9,30,0,Guilford,2022-03-21
2,25,11,14,0,Guilford,2022-04-01
2,36,7,29,0,Guilford,2022-04-04
2,26,3,23,0,Guilford,2022-04-05
2,45,9,36,0,Guilford,2022-04-08
3,70,19,51,0,Guilford,2022-02-19
3,17,6,11,0,Guilford,2022-03-12
3,28,7,21,0,Guilford,2022-03-24
3,40,11,29,0,Guilford,2022-04-10
3,90,27,63,0,Guilford,2022-05-01
4,56,22,34,0,Guilford,2022-02-20
4,28,9,19,0,Guilford,2022-03-17
4,33,8,25,0,Guilford,2022-03-31
4,82,13,69,0,Guilford,2022-04-15
4,91,15,76,0,Guilford,2022-05-07
4,88,11,77,0,Guilford,2022-07-02
5,31,6,25,0,Guilford,2022-03-14
5,39,4,35,0,Guilford,2022-04-17
5,76,9,67,0,Guilford,2022-04-24
6,88,14,74,0,Guilford,2022-05-08
7,116,23,93,0,Guilford,2022-05-29
8,89,28,61,0,Guilford,2022-04-11
8,112,21,91,0,Guilford,2022-04-28
8,111,19,92,0,Guilford,2022-05-21
8,85,14,71,0,Guilford,2022-06-19
9,79,11,68,0,Guilford,2022-06-18
10,56,13,43,0,Guilford,2022-04-07
10,130,18,112,0,Guilford,2022-05-15
10,157,34,123,0,Guilford,2022-05-22
11,74,8,66,0,Guilford,2022-06-26
11,142,25,117,0,Guilford,2022-07-01
12,123,33,90,0,Guilford,2022-04-21
12,103,5,98,0,Guilford,2022-04-22
13,171,45,126,0,Guilford,2022-05-04
13,154,23,131,0,Guilford,2022-06-15
14,168,37,131,0,Guilford,2022-05-27
14,116,17,99,0,Guilford,2022-06-05
14,174,38,136,0,Guilford,2022-06-20
15,119,36,83,0,Guilford,2022-04-14
16,149,25,124,0,Guilford,2022-05-06
16,178,22,156,0,Guilford,2022-06-06
17,179,42,137,0,Guilford,2022-04-20
17,166,40,126,0,Guilford,2022-04-27
17,162,36,126,0,Guilford,2022-05-05
17,209,45,164,0,Guilford,2022-05-13
17,261,54,207,0,Guilford,2022-05-23
17,129,18,111,0,Guilford,2022-06-17
18,209,28,181,0,Guilford,2022-05-25
18,150,16,134,0,Guilford,2022-06-13
19,167,35,132,0,Guilford,2022-06-28
20,175,24,151,0,Guilford,2022-06-30
21,203,43,160,0,Guilford,2022-05-02
22,236,36,200,0,Guilford,2022-05-11
22,235,44,191,0,Guilford,2022-05-17
22,157,33,124,0,Guilford,2022-06-22
22,147,22,125,0,Guilford,2022-06-27
24,209,49,160,0,Guilford,2022-06-02
24,191,25,166,0,Guilford,2022-06-08
25,219,35,184,0,Guilford,2022-05-20
26,170,47,123,0,Guilford,2022-04-19
27,265,42,223,0,Guilford,2022-05-18
27,166,27,139,0,Guilford,2022-06-16
31,208,32,176,0,Guilford,2022-05-26
33,248,40,208,0,Guilford,2022-05-19
125,1647,242,1405,0,Guilford,2022-01-04
,0,0,0,0,Halifax,2022-03-06
,0,0,0,0,Halifax,2022-03-10
,0,0,0,0,Halifax,2022-03-16
,0,0,0,0,Halifax,2022-03-18
,0,0,0,0,Halifax,2022-03-20
,0,0,0,0,Halifax,2022-03-22
,0,0,0,0,Halifax,2022-03-23
,0,0,0,0,Halifax,2022-03-24
,0,0,0,0,Halifax,2022-03-25
,0,0,0,0,Halifax,2022-03-27
,0,0,0,0,Halifax,2022-03-28
,0,0,0,0,Halifax,2022-03-29
,0,0,0,0,Halifax,2022-03-30
,0,0,0,0,Halifax,2022-04-01
,0,0,0,0,Halifax,2022-04-02
,0,0,0,0,Halifax,2022-04-03
,0,0,0,0,Halifax,2022-04-07
,0,0,0,0,Halifax,2022-04-09
,0,0,0,0,Halifax,2022-04-11
,0,0,0,0,Halifax,2022-04-12
,0,0,0,0,Halifax,2022-04-16
,0,0,0,0,Halifax,2022-05-01
0,19,0,19,0,Halifax,2022-02-17
0,12,3,9,0,Halifax,2022-02-18
0,6,1,5,0,Halifax,2022-02-20
0,14,3,11,0,Halifax,2022-02-23
0,5,1,4,0,Halifax,2022-02-25
0,4,1,3,0,Halifax,2022-02-27
0,9,1,8,0,Halifax,2022-02-28
0,10,2,8,0,Halifax,2022-03-01
0,3,0,3,0,Halifax,2022-03-02
0,1,0,1,0,Halifax,2022-03-05
0,4,0,4,0,Halifax,2022-03-07
0,1,0,1,0,Halifax,2022-03-08
0,1,0,1,0,Halifax,2022-03-09
0,2,1,1,0,Halifax,2022-03-11
0,2,1,1,0,Halifax,2022-03-12
0,1,0,1,0,Halifax,2022-03-15
0,2,0,2,0,Halifax,2022-03-17
0,1,0,1,0,Halifax,2022-03-19
0,1,1,0,0,Halifax,2022-03-21
0,1,0,1,0,Halifax,2022-03-31
0,2,0,2,0,Halifax,2022-04-04
0,1,0,1,0,Halifax,2022-04-05
0,2,0,2,0,Halifax,2022-04-13
0,3,1,2,0,Halifax,2022-04-14
0,1,0,1,0,Halifax,2022-04-17
0,3,0,3,0,Halifax,2022-04-18
0,1,0,1,0,Halifax,2022-04-19
0,3,1,2,0,Halifax,2022-04-20
0,1,0,1,0,Halifax,2022-04-23
0,5,0,5,0,Halifax,2022-04-26
0,3,0,3,0,Halifax,2022-04-28
0,3,0,3,0,Halifax,2022-04-29
0,2,1,1,0,Halifax,2022-04-30
0,3,1,2,0,Halifax,2022-05-05
0,6,2,4,0,Halifax,2022-05-15
0,16,5,11,0,Halifax,2022-05-18
0,5,0,5,0,Halifax,2022-05-29
0,7,3,4,0,Halifax,2022-06-04
0,4,2,2,0,Halifax,2022-06-19
0,8,2,6,0,Halifax,2022-06-25
1,23,4,19,0,Halifax,2022-02-08
1,19,0,19,0,Halifax,2022-02-14
1,14,6,8,0,Halifax,2022-02-21
1,8,1,7,0,Halifax,2022-03-03
1,3,2,1,0,Halifax,2022-03-14
1,2,0,2,0,Halifax,2022-04-06
1,3,0,3,0,Halifax,2022-04-08
1,3,0,3,0,Halifax,2022-04-15
1,5,1,4,0,Halifax,2022-04-21
1,5,0,5,0,Halifax,2022-04-24
1,7,2,5,0,Halifax,2022-04-27
1,11,1,10,0,Halifax,2022-05-03
1,7,2,5,0,Halifax,2022-05-07
1,3,3,0,0,Halifax,2022-05-08
1,18,6,12,0,Halifax,2022-05-10
1,22,8,14,0,Halifax,2022-05-17
1,23,4,19,0,Halifax,2022-05-19
1,7,0,7,0,Halifax,2022-05-21
1,8,3,5,0,Halifax,2022-05-22
1,5,2,3,0,Halifax,2022-05-28
1,6,1,5,0,Halifax,2022-06-05
1,14,3,11,0,Halifax,2022-06-10
1,8,1,7,0,Halifax,2022-06-11
1,23,3,20,0,Halifax,2022-06-16
1,7,2,5,0,Halifax,2022-06-18
1,19,4,15,0,Halifax,2022-06-23
1,24,6,18,0,Halifax,2022-07-01
2,16,2,14,0,Halifax,2022-01-23
2,58,12,46,0,Halifax,2022-02-01
2,16,4,12,0,Halifax,2022-02-10
2,14,0,14,0,Halifax,2022-02-11
2,6,0,6,0,Halifax,2022-02-13
2,12,2,10,0,Halifax,2022-02-15
2,15,1,14,0,Halifax,2022-02-16
2,7,1,6,0,Halifax,2022-03-04
2,11,8,3,0,Halifax,2022-04-22
2,14,3,11,0,Halifax,2022-05-02
2,7,1,6,0,Halifax,2022-05-06
2,18,7,11,0,Halifax,2022-05-11
2,4,0,4,0,Halifax,2022-05-14
2,5,1,4,0,Halifax,2022-05-30
2,23,3,20,0,Halifax,2022-05-31
2,15,4,11,0,Halifax,2022-06-03
2,9,2,7,0,Halifax,2022-06-12
2,17,3,14,0,Halifax,2022-06-15
2,22,4,18,0,Halifax,2022-06-22
2,7,1,6,0,Halifax,2022-07-02
3,8,1,7,0,Halifax,2022-04-25
3,16,8,8,0,Halifax,2022-05-09
3,12,2,10,0,Halifax,2022-05-13
3,16,7,9,0,Halifax,2022-05-16
3,12,3,9,0,Halifax,2022-05-26
3,19,4,15,0,Halifax,2022-06-01
3,17,3,14,0,Halifax,2022-06-09
3,10,5,5,0,Halifax,2022-06-26
3,14,7,7,0,Halifax,2022-06-30
4,62,8,54,0,Halifax,2022-01-09
4,17,6,11,0,Halifax,2022-05-12
4,30,9,21,0,Halifax,2022-05-27
4,28,4,24,0,Halifax,2022-06-02
4,27,4,23,0,Halifax,2022-06-29
5,51,17,34,0,Halifax,2022-02-02
5,12,4,8,0,Halifax,2022-05-04
5,27,6,21,0,Halifax,2022-05-23
5,22,7,15,0,Halifax,2022-05-25
5,24,7,17,0,Halifax,2022-06-14
5,29,6,23,0,Halifax,2022-06-17
5,24,1,23,0,Halifax,2022-06-24
5,28,7,21,0,Halifax,2022-06-27
6,92,25,67,0,Halifax,2022-01-17
6,88,25,63,0,Halifax,2022-01-31
6,22,3,19,0,Halifax,2022-05-24
6,22,2,20,0,Halifax,2022-06-21
6,26,5,21,0,Halifax,2022-06-28
7,18,2,16,0,Halifax,2022-06-07
7,36,11,25,0,Halifax,2022-06-13
7,37,6,31,0,Halifax,2022-06-20
8,67,12,55,0,Halifax,2022-01-28
8,44,9,35,0,Halifax,2022-02-07
9,82,20,62,0,Halifax,2022-01-26
10,22,3,19,0,Halifax,2022-05-20
11,39,3,36,0,Halifax,2022-06-06
16,181,12,169,0,Halifax,2022-01-13
23,259,17,242,0,Halifax,2022-01-07
30,274,20,254,0,Halifax,2022-01-10
0,29,4,25,0,Harnett,2022-02-12
0,3,1,2,0,Harnett,2022-03-05
0,6,0,6,0,Harnett,2022-03-06
0,13,2,11,0,Harnett,2022-03-09
0,8,3,5,0,Harnett,2022-03-10
0,1,0,1,0,Harnett,2022-03-12
0,1,0,1,0,Harnett,2022-03-19
0,3,1,2,0,Harnett,2022-03-20
0,4,2,2,0,Harnett,2022-03-22
0,5,1,4,0,Harnett,2022-03-23
0,3,0,3,0,Harnett,2022-03-24
0,1,0,1,0,Harnett,2022-03-25
0,1,0,1,0,Harnett,2022-03-26
0,2,0,2,0,Harnett,2022-03-27
0,3,3,0,0,Harnett,2022-03-28
0,8,0,8,0,Harnett,2022-03-29
0,8,2,6,0,Harnett,2022-03-30
0,2,0,2,0,Harnett,2022-03-31
0,7,0,7,0,Harnett,2022-04-01
0,4,0,4,0,Harnett,2022-04-02
0,4,1,3,0,Harnett,2022-04-03
0,5,0,5,0,Harnett,2022-04-04
0,6,1,5,0,Harnett,2022-04-05
0,6,0,6,0,Harnett,2022-04-07
0,3,1,2,0,Harnett,2022-04-10
0,4,1,3,0,Harnett,2022-04-17
0,13,3,10,0,Harnett,2022-04-19
0,10,3,7,0,Harnett,2022-04-22
0,10,3,7,0,Harnett,2022-04-30
0,3,0,3,0,Harnett,2022-05-01
0,21,1,20,0,Harnett,2022-05-29
0,23,3,20,0,Harnett,2022-06-05
1,39,4,35,0,Harnett,2022-02-16
1,13,1,12,0,Harnett,2022-02-20
1,11,2,9,0,Harnett,2022-02-26
1,5,0,5,0,Harnett,2022-03-13
1,4,1,3,0,Harnett,2022-03-15
1,8,3,5,0,Harnett,2022-03-17
1,1,0,1,0,Harnett,2022-04-08
1,4,0,4,0,Harnett,2022-04-09
1,11,1,10,0,Harnett,2022-04-11
1,6,4,2,0,Harnett,2022-04-12
1,8,0,8,0,Harnett,2022-04-14
1,6,2,4,0,Harnett,2022-04-15
1,5,1,4,0,Harnett,2022-04-16
1,21,9,12,0,Harnett,2022-04-20
1,16,5,11,0,Harnett,2022-04-27
1,25,3,22,0,Harnett,2022-05-04
1,20,3,17,0,Harnett,2022-05-15
1,16,1,15,0,Harnett,2022-06-04
1,34,7,27,0,Harnett,2022-06-07
1,30,6,24,0,Harnett,2022-06-10
1,16,3,13,0,Harnett,2022-06-26
2,67,12,55,0,Harnett,2022-02-09
2,12,1,11,0,Harnett,2022-02-24
2,15,4,11,0,Harnett,2022-03-03
2,10,1,9,0,Harnett,2022-03-04
2,9,0,9,0,Harnett,2022-03-21
2,17,8,9,0,Harnett,2022-04-18
2,26,12,14,0,Harnett,2022-04-21
2,23,5,18,0,Harnett,2022-04-26
2,19,4,15,0,Harnett,2022-04-29
2,31,10,21,0,Harnett,2022-05-02
2,12,3,9,0,Harnett,2022-05-07
2,24,5,19,0,Harnett,2022-05-14
2,35,8,27,0,Harnett,2022-05-17
2,19,2,17,0,Harnett,2022-05-22
2,48,15,33,0,Harnett,2022-05-25
2,33,6,27,0,Harnett,2022-06-02
2,21,2,19,0,Harnett,2022-06-11
2,47,8,39,0,Harnett,2022-06-13
2,19,6,13,0,Harnett,2022-06-19
3,46,10,36,0,Harnett,2022-01-22
3,27,4,23,0,Harnett,2022-02-23
3,24,2,22,0,Harnett,2022-05-10
3,35,8,27,0,Harnett,2022-05-11
3,53,20,33,0,Harnett,2022-05-26
3,18,8,10,0,Harnett,2022-05-30
3,42,7,35,0,Harnett,2022-06-01
3,28,7,21,0,Harnett,2022-06-21
3,37,4,33,0,Harnett,2022-06-24
3,30,9,21,0,Harnett,2022-06-29
3,30,9,21,0,Harnett,2022-07-02
4,54,6,48,0,Harnett,2022-02-17
4,39,14,25,0,Harnett,2022-02-21
4,16,4,12,0,Harnett,2022-04-28
4,23,6,17,0,Harnett,2022-05-08
4,27,5,22,0,Harnett,2022-05-12
4,32,6,26,0,Harnett,2022-05-13
4,52,7,45,0,Harnett,2022-05-18
4,41,14,27,0,Harnett,2022-06-15
4,24,3,21,0,Harnett,2022-06-25
5,25,8,17,0,Harnett,2022-05-03
5,22,7,15,0,Harnett,2022-05-05
5,31,7,24,0,Harnett,2022-05-06
5,56,13,43,0,Harnett,2022-05-16
5,45,9,36,0,Harnett,2022-06-06
5,30,4,26,0,Harnett,2022-06-12
5,32,11,21,0,Harnett,2022-06-16
5,33,8,25,0,Harnett,2022-06-22
6,50,12,38,0,Harnett,2022-05-20
6,59,12,47,0,Harnett,2022-05-23
6,39,10,29,0,Harnett,2022-05-24
6,46,9,37,0,Harnett,2022-05-27
6,47,9,38,0,Harnett,2022-06-09
6,31,5,26,0,Harnett,2022-06-17
6,23,1,22,0,Harnett,2022-06-18
6,44,8,36,0,Harnett,2022-06-20
6,44,5,39,0,Harnett,2022-06-28
6,43,13,30,0,Harnett,2022-06-30
7,110,15,95,0,Harnett,2022-02-03
7,27,4,23,0,Harnett,2022-05-21
7,34,9,25,0,Harnett,2022-06-08
8,62,12,50,0,Harnett,2022-06-27
8,38,8,30,0,Harnett,2022-07-01
9,151,35,116,0,Harnett,2022-02-02
9,53,17,36,0,Harnett,2022-05-19
9,39,6,33,0,Harnett,2022-06-14
10,212,35,177,0,Harnett,2022-01-27
10,44,10,34,0,Harnett,2022-05-09
11,223,43,180,0,Harnett,2022-01-31
11,72,25,47,0,Harnett,2022-05-31
13,110,37,73,0,Harnett,2022-02-07
17,223,37,186,0,Harnett,2022-01-28
39,470,61,409,0,Harnett,2022-01-05
40,496,87,409,0,Harnett,2022-01-04
,0,0,0,0,Haywood,2022-03-06
,0,0,0,0,Haywood,2022-03-19
,0,0,0,0,Haywood,2022-03-20
,0,0,0,0,Haywood,2022-03-26
,0,0,0,0,Haywood,2022-04-03
,0,0,0,0,Haywood,2022-04-17
0,11,6,5,0,Haywood,2022-01-16
0,19,5,14,0,Haywood,2022-02-23
0,6,2,4,0,Haywood,2022-02-27
0,1,0,1,0,Haywood,2022-03-02
0,1,0,1,0,Haywood,2022-03-12
0,2,0,2,0,Haywood,2022-03-13
0,3,2,1,0,Haywood,2022-03-14
0,14,1,13,0,Haywood,2022-03-16
0,1,0,1,0,Haywood,2022-03-18
0,3,1,2,0,Haywood,2022-03-21
0,2,0,2,0,Haywood,2022-03-22
0,1,0,1,0,Haywood,2022-03-25
0,2,1,1,0,Haywood,2022-03-28
0,6,3,3,0,Haywood,2022-03-30
0,2,0,2,0,Haywood,2022-03-31
0,2,1,1,0,Haywood,2022-04-02
0,5,2,3,0,Haywood,2022-04-04
0,1,0,1,0,Haywood,2022-04-05
0,3,1,2,0,Haywood,2022-04-07
0,2,1,1,0,Haywood,2022-04-08
0,1,0,1,0,Haywood,2022-04-09
0,6,1,5,0,Haywood,2022-04-11
0,5,2,3,0,Haywood,2022-04-13
0,3,1,2,0,Haywood,2022-04-14
0,4,4,0,0,Haywood,2022-04-16
0,4,3,1,0,Haywood,2022-04-18
0,6,4,2,0,Haywood,2022-04-20
0,6,3,3,0,Haywood,2022-04-21
0,2,1,1,0,Haywood,2022-04-23
0,3,0,3,0,Haywood,2022-04-24
0,15,10,5,0,Haywood,2022-04-25
0,6,4,2,0,Haywood,2022-04-29
0,4,3,1,0,Haywood,2022-05-01
0,12,5,7,0,Haywood,2022-05-02
0,13,5,8,0,Haywood,2022-05-06
0,7,1,6,0,Haywood,2022-05-07
0,5,2,3,0,Haywood,2022-05-08
0,9,5,4,0,Haywood,2022-05-09
0,17,13,4,0,Haywood,2022-05-10
0,13,5,8,0,Haywood,2022-05-13
0,6,4,2,0,Haywood,2022-05-15
0,15,4,11,0,Haywood,2022-05-17
0,13,7,6,0,Haywood,2022-05-20
0,13,4,9,0,Haywood,2022-05-27
0,14,4,10,0,Haywood,2022-05-29
0,16,9,7,0,Haywood,2022-06-02
0,8,4,4,0,Haywood,2022-06-04
0,24,5,19,0,Haywood,2022-06-06
0,15,6,9,0,Haywood,2022-06-18
0,18,7,11,0,Haywood,2022-06-22
0,12,11,1,0,Haywood,2022-06-25
1,17,6,11,0,Haywood,2022-02-12
1,18,6,12,0,Haywood,2022-02-18
1,11,3,8,0,Haywood,2022-03-03
1,3,0,3,0,Haywood,2022-03-05
1,4,2,2,0,Haywood,2022-03-10
1,4,0,4,0,Haywood,2022-03-11
1,3,1,2,0,Haywood,2022-03-17
1,6,1,5,0,Haywood,2022-03-23
1,3,2,1,0,Haywood,2022-03-24
1,1,0,1,0,Haywood,2022-04-01
1,4,2,2,0,Haywood,2022-04-06
1,2,0,2,0,Haywood,2022-04-10
1,2,1,1,0,Haywood,2022-04-15
1,2,0,2,0,Haywood,2022-04-19
1,6,3,3,0,Haywood,2022-04-26
1,11,2,9,0,Haywood,2022-04-27
1,6,1,5,0,Haywood,2022-04-28
1,5,4,1,0,Haywood,2022-04-30
1,20,11,9,0,Haywood,2022-05-12
1,15,1,14,0,Haywood,2022-05-18
1,18,5,13,0,Haywood,2022-05-19
1,9,6,3,0,Haywood,2022-05-21
1,12,8,4,0,Haywood,2022-05-22
1,25,14,11,0,Haywood,2022-05-25
1,6,5,1,0,Haywood,2022-05-28
1,14,9,5,0,Haywood,2022-06-05
1,20,11,9,0,Haywood,2022-06-07
1,14,7,7,0,Haywood,2022-06-10
1,11,4,7,0,Haywood,2022-06-11
1,18,6,12,0,Haywood,2022-06-17
1,15,6,9,0,Haywood,2022-06-19
1,20,10,10,0,Haywood,2022-06-23
1,15,6,9,0,Haywood,2022-06-24
1,13,8,5,0,Haywood,2022-06-30
2,47,17,30,0,Haywood,2022-01-08
2,55,4,51,0,Haywood,2022-01-09
2,38,16,22,0,Haywood,2022-02-10
2,7,6,1,0,Haywood,2022-03-27
2,4,2,2,0,Haywood,2022-04-12
2,7,1,6,0,Haywood,2022-04-22
2,17,7,10,0,Haywood,2022-05-03
2,16,8,8,0,Haywood,2022-05-05
2,12,4,8,0,Haywood,2022-05-14
2,38,18,20,0,Haywood,2022-05-16
2,18,14,4,0,Haywood,2022-05-24
2,13,10,3,0,Haywood,2022-05-26
2,11,5,6,0,Haywood,2022-05-30
2,18,9,9,0,Haywood,2022-06-08
2,26,6,20,0,Haywood,2022-06-09
2,31,11,20,0,Haywood,2022-06-13
2,21,13,8,0,Haywood,2022-06-15
2,9,8,1,0,Haywood,2022-06-26
2,25,11,14,0,Haywood,2022-06-27
2,17,16,1,0,Haywood,2022-07-02
3,14,8,6,0,Haywood,2022-02-19
3,22,9,13,0,Haywood,2022-05-11
3,24,12,12,0,Haywood,2022-05-23
3,28,11,17,0,Haywood,2022-05-31
3,24,11,13,0,Haywood,2022-06-01
3,20,10,10,0,Haywood,2022-06-03
3,22,12,10,0,Haywood,2022-06-14
3,13,9,4,0,Haywood,2022-06-21
3,31,15,16,0,Haywood,2022-06-28
4,93,25,68,0,Haywood,2022-01-04
4,60,14,46,0,Haywood,2022-01-22
4,75,30,45,0,Haywood,2022-02-04
4,16,8,8,0,Haywood,2022-05-04
4,30,20,10,0,Haywood,2022-06-16
4,22,12,10,0,Haywood,2022-06-20
4,25,13,12,0,Haywood,2022-07-01
5,118,29,89,0,Haywood,2022-01-25
5,53,26,27,0,Haywood,2022-02-09
5,30,17,13,0,Haywood,2022-02-17
6,23,12,11,0,Haywood,2022-02-28
6,28,13,15,0,Haywood,2022-06-29
7,43,19,24,0,Haywood,2022-02-14
9,131,35,96,0,Haywood,2022-01-26
14,147,33,114,0,Haywood,2022-01-21
19,154,63,91,0,Haywood,2022-01-13
0,10,4,6,0,Henderson,2022-02-20
0,8,2,6,0,Henderson,2022-02-26
0,4,2,2,0,Henderson,2022-02-27
0,6,1,5,0,Henderson,2022-03-05
0,4,3,1,0,Henderson,2022-03-08
0,1,0,1,0,Henderson,2022-03-12
0,4,3,1,0,Henderson,2022-03-14
0,7,1,6,0,Henderson,2022-03-15
0,2,1,1,0,Henderson,2022-03-16
0,1,0,1,0,Henderson,2022-03-18
0,5,4,1,0,Henderson,2022-03-20
0,2,2,0,0,Henderson,2022-03-21
0,6,4,2,0,Henderson,2022-03-22
0,1,1,0,0,Henderson,2022-03-23
0,4,1,3,0,Henderson,2022-03-25
0,1,1,0,0,Henderson,2022-03-27
0,2,0,2,0,Henderson,2022-03-30
0,8,2,6,0,Henderson,2022-03-31
0,3,1,2,0,Henderson,2022-04-01
0,2,0,2,0,Henderson,2022-04-02
0,3,1,2,0,Henderson,2022-04-03
0,3,3,0,0,Henderson,2022-04-04
0,5,1,4,0,Henderson,2022-04-05
0,4,3,1,0,Henderson,2022-04-06
0,2,0,2,0,Henderson,2022-04-07
0,5,3,2,0,Henderson,2022-04-08
0,2,0,2,0,Henderson,2022-04-09
0,2,1,1,0,Henderson,2022-04-10
0,13,2,11,0,Henderson,2022-04-15
0,4,4,0,0,Henderson,2022-04-16
0,3,0,3,0,Henderson,2022-04-17
0,13,6,7,0,Henderson,2022-04-18
0,13,4,9,0,Henderson,2022-04-19
0,9,3,6,0,Henderson,2022-04-23
0,12,7,5,0,Henderson,2022-04-27
0,10,7,3,0,Henderson,2022-04-28
0,13,7,6,0,Henderson,2022-05-06
0,15,7,8,0,Henderson,2022-05-07
0,33,5,28,0,Henderson,2022-05-24
0,19,8,11,0,Henderson,2022-06-12
0,29,13,16,0,Henderson,2022-06-15
0,8,5,3,0,Henderson,2022-06-18
1,28,11,17,0,Henderson,2022-02-17
1,26,14,12,0,Henderson,2022-02-19
1,19,4,15,0,Henderson,2022-02-25
1,17,12,5,0,Henderson,2022-02-28
1,9,5,4,0,Henderson,2022-03-02
1,8,2,6,0,Henderson,2022-03-03
1,13,4,9,0,Henderson,2022-03-04
1,13,6,7,0,Henderson,2022-03-07
1,3,1,2,0,Henderson,2022-03-13
1,2,1,1,0,Henderson,2022-03-26
1,6,2,4,0,Henderson,2022-03-28
1,24,5,19,0,Henderson,2022-04-12
1,5,0,5,0,Henderson,2022-04-14
1,12,4,8,0,Henderson,2022-04-20
1,13,7,6,0,Henderson,2022-04-21
1,11,3,8,0,Henderson,2022-04-22
1,5,4,1,0,Henderson,2022-04-24
1,14,6,8,0,Henderson,2022-04-29
1,6,1,5,0,Henderson,2022-05-01
1,17,9,8,0,Henderson,2022-05-08
1,14,2,12,0,Henderson,2022-05-21
1,25,11,14,0,Henderson,2022-05-26
1,24,11,13,0,Henderson,2022-06-04
1,26,8,18,0,Henderson,2022-06-05
1,23,9,14,0,Henderson,2022-06-07
2,21,9,12,0,Henderson,2022-02-23
2,4,1,3,0,Henderson,2022-03-29
2,13,2,11,0,Henderson,2022-04-11
2,17,5,12,0,Henderson,2022-05-03
2,22,11,11,0,Henderson,2022-05-04
2,23,10,13,0,Henderson,2022-05-12
2,17,5,12,0,Henderson,2022-05-14
2,47,22,25,0,Henderson,2022-05-19
2,39,12,27,0,Henderson,2022-05-20
2,23,9,14,0,Henderson,2022-05-22
2,30,16,14,0,Henderson,2022-05-27
2,16,7,9,0,Henderson,2022-05-28
2,17,9,8,0,Henderson,2022-05-29
2,26,10,16,0,Henderson,2022-06-08
2,23,15,8,0,Henderson,2022-06-11
2,29,7,22,0,Henderson,2022-06-16
2,23,5,18,0,Henderson,2022-06-17
2,17,8,9,0,Henderson,2022-06-19
2,18,5,13,0,Henderson,2022-06-25
2,29,18,11,0,Henderson,2022-06-26
2,42,21,21,0,Henderson,2022-06-28
2,27,9,18,0,Henderson,2022-07-01
3,54,17,37,0,Henderson,2022-01-29
3,16,8,8,0,Henderson,2022-02-24
3,15,4,11,0,Henderson,2022-04-13
3,17,8,9,0,Henderson,2022-04-25
3,12,6,6,0,Henderson,2022-04-30
3,20,10,10,0,Henderson,2022-05-02
3,32,14,18,0,Henderson,2022-05-09
3,57,32,25,0,Henderson,2022-05-16
3,19,11,8,0,Henderson,2022-05-30
3,29,7,22,0,Henderson,2022-05-31
3,22,11,11,0,Henderson,2022-06-03
3,28,8,20,0,Henderson,2022-06-10
3,35,15,20,0,Henderson,2022-06-21
3,19,7,12,0,Henderson,2022-06-23
3,19,12,7,0,Henderson,2022-07-02
4,44,18,26,0,Henderson,2022-02-16
4,26,10,16,0,Henderson,2022-05-10
4,29,8,21,0,Henderson,2022-05-17
4,32,14,18,0,Henderson,2022-06-01
4,37,15,22,0,Henderson,2022-06-06
4,27,12,15,0,Henderson,2022-06-14
4,25,11,14,0,Henderson,2022-06-22
4,33,10,23,0,Henderson,2022-06-30
5,55,21,34,0,Henderson,2022-02-14
5,44,17,27,0,Henderson,2022-02-15
5,38,11,27,0,Henderson,2022-05-23
5,33,11,22,0,Henderson,2022-06-24
5,33,12,21,0,Henderson,2022-06-29
6,16,5,11,0,Henderson,2022-05-05
6,27,7,20,0,Henderson,2022-05-11
6,49,19,30,0,Henderson,2022-05-18
6,32,15,17,0,Henderson,2022-06-20
6,45,16,29,0,Henderson,2022-06-27
7,22,9,13,0,Henderson,2022-06-09
22,247,51,196,0,Henderson,2022-01-05
23,181,65,116,0,Henderson,2022-01-21
26,255,103,152,0,Henderson,2022-01-24
34,372,111,261,0,Henderson,2022-01-10
,0,0,0,0,Hertford,2022-02-14
,0,0,0,0,Hertford,2022-02-28
,0,0,0,0,Hertford,2022-03-05
,0,0,0,0,Hertford,2022-03-06
,0,0,0,0,Hertford,2022-03-08
,0,0,0,0,Hertford,2022-03-09
,0,0,0,0,Hertford,2022-03-12
,0,0,0,0,Hertford,2022-03-13
,0,0,0,0,Hertford,2022-03-14
,0,0,0,0,Hertford,2022-03-15
,0,0,0,0,Hertford,2022-03-16
,0,0,0,0,Hertford,2022-03-17
,0,0,0,0,Hertford,2022-03-18
,0,0,0,0,Hertford,2022-03-19
,0,0,0,0,Hertford,2022-03-20
,0,0,0,0,Hertford,2022-03-22
,0,0,0,0,Hertford,2022-03-24
,0,0,0,0,Hertford,2022-03-26
,0,0,0,0,Hertford,2022-03-27
,0,0,0,0,Hertford,2022-03-30
,0,0,0,0,Hertford,2022-03-31
,0,0,0,0,Hertford,2022-04-01
,0,0,0,0,Hertford,2022-04-02
,0,0,0,0,Hertford,2022-04-03
,0,0,0,0,Hertford,2022-04-04
,0,0,0,0,Hertford,2022-04-06
,0,0,0,0,Hertford,2022-04-07
,0,0,0,0,Hertford,2022-04-09
,0,0,0,0,Hertford,2022-04-17
,0,0,0,0,Hertford,2022-04-19
,0,0,0,0,Hertford,2022-04-21
,0,0,0,0,Hertford,2022-04-22
,0,0,0,0,Hertford,2022-04-27
,0,0,0,0,Hertford,2022-05-01
,0,0,0,0,Hertford,2022-05-11
,0,0,0,0,Hertford,2022-05-14
,0,0,0,0,Hertford,2022-05-15
0,12,3,9,0,Hertford,2022-01-15
0,38,9,29,0,Hertford,2022-01-25
0,2,0,2,0,Hertford,2022-01-29
0,4,1,3,0,Hertford,2022-01-30
0,6,1,5,0,Hertford,2022-02-03
0,3,0,3,0,Hertford,2022-02-04
0,5,3,2,0,Hertford,2022-02-07
0,7,1,6,0,Hertford,2022-02-08
0,6,2,4,0,Hertford,2022-02-09
0,4,0,4,0,Hertford,2022-02-10
0,1,0,1,0,Hertford,2022-02-12
0,2,0,2,0,Hertford,2022-02-13
0,1,0,1,0,Hertford,2022-02-15
0,4,0,4,0,Hertford,2022-02-17
0,3,0,3,0,Hertford,2022-02-18
0,4,0,4,0,Hertford,2022-02-19
0,1,1,0,0,Hertford,2022-02-20
0,2,1,1,0,Hertford,2022-02-22
0,2,1,1,0,Hertford,2022-02-23
0,2,0,2,0,Hertford,2022-02-24
0,3,0,3,0,Hertford,2022-02-25
0,4,1,3,0,Hertford,2022-02-26
0,3,1,2,0,Hertford,2022-02-27
0,2,0,2,0,Hertford,2022-03-01
0,3,0,3,0,Hertford,2022-03-02
0,2,0,2,0,Hertford,2022-03-03
0,3,1,2,0,Hertford,2022-03-04
0,1,0,1,0,Hertford,2022-03-07
0,1,0,1,0,Hertford,2022-03-11
0,1,0,1,0,Hertford,2022-03-21
0,1,0,1,0,Hertford,2022-03-23
0,3,0,3,0,Hertford,2022-03-25
0,1,0,1,0,Hertford,2022-03-28
0,1,0,1,0,Hertford,2022-03-29
0,1,0,1,0,Hertford,2022-04-08
0,1,0,1,0,Hertford,2022-04-10
0,1,0,1,0,Hertford,2022-04-11
0,1,1,0,0,Hertford,2022-04-12
0,1,0,1,0,Hertford,2022-04-13
0,2,0,2,0,Hertford,2022-04-14
0,1,0,1,0,Hertford,2022-04-16
0,2,0,2,0,Hertford,2022-04-20
0,1,0,1,0,Hertford,2022-04-23
0,1,0,1,0,Hertford,2022-04-24
0,1,0,1,0,Hertford,2022-04-25
0,2,1,1,0,Hertford,2022-04-26
0,1,0,1,0,Hertford,2022-04-29
0,1,0,1,0,Hertford,2022-04-30
0,2,1,1,0,Hertford,2022-05-02
0,1,1,0,0,Hertford,2022-05-04
0,2,1,1,0,Hertford,2022-05-06
0,6,0,6,0,Hertford,2022-05-16
0,3,0,3,0,Hertford,2022-05-17
0,5,1,4,0,Hertford,2022-05-18
0,2,0,2,0,Hertford,2022-05-20
0,3,0,3,0,Hertford,2022-05-21
0,3,2,1,0,Hertford,2022-05-24
0,1,0,1,0,Hertford,2022-05-27
0,1,0,1,0,Hertford,2022-05-30
0,2,0,2,0,Hertford,2022-06-03
0,1,0,1,0,Hertford,2022-06-05
0,1,0,1,0,Hertford,2022-06-09
0,4,1,3,0,Hertford,2022-06-10
0,1,0,1,0,Hertford,2022-06-12
0,3,1,2,0,Hertford,2022-06-17
0,4,0,4,0,Hertford,2022-06-19
0,11,1,10,0,Hertford,2022-06-20
0,1,0,1,0,Hertford,2022-06-26
0,6,2,4,0,Hertford,2022-06-27
0,3,0,3,0,Hertford,2022-06-28
0,4,3,1,0,Hertford,2022-06-30
1,14,0,14,0,Hertford,2022-01-09
1,11,1,10,0,Hertford,2022-01-16
1,10,0,10,0,Hertford,2022-01-21
1,6,1,5,0,Hertford,2022-01-23
1,12,3,9,0,Hertford,2022-02-01
1,5,3,2,0,Hertford,2022-02-02
1,2,0,2,0,Hertford,2022-02-05
1,5,0,5,0,Hertford,2022-02-06
1,2,0,2,0,Hertford,2022-03-10
1,2,0,2,0,Hertford,2022-04-15
1,1,0,1,0,Hertford,2022-04-18
1,2,0,2,0,Hertford,2022-04-28
1,1,0,1,0,Hertford,2022-05-03
1,7,1,6,0,Hertford,2022-05-05
1,1,0,1,0,Hertford,2022-05-07
1,2,0,2,0,Hertford,2022-05-08
1,5,3,2,0,Hertford,2022-05-09
1,3,0,3,0,Hertford,2022-05-10
1,8,2,6,0,Hertford,2022-05-12
1,4,1,3,0,Hertford,2022-05-13
1,2,0,2,0,Hertford,2022-05-22
1,6,0,6,0,Hertford,2022-05-23
1,8,2,6,0,Hertford,2022-05-25
1,3,1,2,0,Hertford,2022-05-26
1,4,0,4,0,Hertford,2022-05-28
1,3,2,1,0,Hertford,2022-05-29
1,8,1,7,0,Hertford,2022-06-02
1,4,1,3,0,Hertford,2022-06-04
1,7,3,4,0,Hertford,2022-06-07
1,4,1,3,0,Hertford,2022-06-08
1,8,0,8,0,Hertford,2022-06-14
1,8,2,6,0,Hertford,2022-06-16
1,8,4,4,0,Hertford,2022-06-21
1,4,2,2,0,Hertford,2022-06-23
1,4,3,1,0,Hertford,2022-06-25
1,9,3,6,0,Hertford,2022-06-29
1,4,0,4,0,Hertford,2022-07-01
1,3,0,3,0,Hertford,2022-07-02
2,9,4,5,0,Hertford,2022-05-19
2,22,6,16,0,Hertford,2022-05-31
2,10,1,9,0,Hertford,2022-06-06
2,4,3,1,0,Hertford,2022-06-15
2,8,3,5,0,Hertford,2022-06-24
3,23,4,19,0,Hertford,2022-01-17
3,23,6,17,0,Hertford,2022-01-26
3,9,3,6,0,Hertford,2022-06-01
5,70,10,60,0,Hertford,2022-01-07
6,33,6,27,0,Hertford,2022-01-08
7,78,15,63,0,Hertford,2022-01-11
8,107,24,83,0,Hertford,2022-01-10
8,76,19,57,0,Hertford,2022-01-12
9,66,10,56,0,Hertford,2022-01-14
11,107,40,67,0,Hertford,2022-01-04
,0,0,0,0,Hoke,2022-03-18
,0,0,0,0,Hoke,2022-03-20
,0,0,0,0,Hoke,2022-03-27
,0,0,0,0,Hoke,2022-04-10
0,22,2,20,0,Hoke,2022-01-22
0,19,2,17,0,Hoke,2022-01-30
0,22,7,15,0,Hoke,2022-02-10
0,8,2,6,0,Hoke,2022-02-13
0,30,5,25,0,Hoke,2022-02-14
0,26,6,20,0,Hoke,2022-02-15
0,3,0,3,0,Hoke,2022-02-19
0,14,3,11,0,Hoke,2022-02-22
0,10,3,7,0,Hoke,2022-02-24
0,3,0,3,0,Hoke,2022-02-26
0,5,3,2,0,Hoke,2022-02-27
0,5,3,2,0,Hoke,2022-03-02
0,10,2,8,0,Hoke,2022-03-03
0,3,0,3,0,Hoke,2022-03-04
0,2,0,2,0,Hoke,2022-03-05
0,1,1,0,0,Hoke,2022-03-06
0,5,0,5,0,Hoke,2022-03-07
0,3,1,2,0,Hoke,2022-03-09
0,4,0,4,0,Hoke,2022-03-10
0,4,0,4,0,Hoke,2022-03-11
0,1,1,0,0,Hoke,2022-03-12
0,1,0,1,0,Hoke,2022-03-13
0,1,0,1,0,Hoke,2022-03-14
0,2,1,1,0,Hoke,2022-03-15
0,2,1,1,0,Hoke,2022-03-16
0,1,0,1,0,Hoke,2022-03-17
0,1,0,1,0,Hoke,2022-03-19
0,2,0,2,0,Hoke,2022-03-21
0,3,0,3,0,Hoke,2022-03-22
0,1,0,1,0,Hoke,2022-03-23
0,2,0,2,0,Hoke,2022-03-24
0,2,0,2,0,Hoke,2022-03-25
0,3,1,2,0,Hoke,2022-03-26
0,1,0,1,0,Hoke,2022-03-28
0,3,0,3,0,Hoke,2022-03-29
0,1,1,0,0,Hoke,2022-03-30
0,1,0,1,0,Hoke,2022-03-31
0,3,2,1,0,Hoke,2022-04-01
0,3,0,3,0,Hoke,2022-04-02
0,2,0,2,0,Hoke,2022-04-03
0,1,1,0,0,Hoke,2022-04-05
0,4,0,4,0,Hoke,2022-04-06
0,1,0,1,0,Hoke,2022-04-07
0,2,0,2,0,Hoke,2022-04-08
0,2,1,1,0,Hoke,2022-04-09
0,4,0,4,0,Hoke,2022-04-11
0,3,1,2,0,Hoke,2022-04-12
0,6,3,3,0,Hoke,2022-04-13
0,8,4,4,0,Hoke,2022-04-14
0,3,2,1,0,Hoke,2022-04-15
0,2,0,2,0,Hoke,2022-04-17
0,9,1,8,0,Hoke,2022-04-18
0,2,1,1,0,Hoke,2022-04-19
0,4,1,3,0,Hoke,2022-04-21
0,2,0,2,0,Hoke,2022-04-22
0,4,1,3,0,Hoke,2022-04-24
0,10,2,8,0,Hoke,2022-04-26
0,12,3,9,0,Hoke,2022-04-27
0,7,1,6,0,Hoke,2022-04-29
0,6,0,6,0,Hoke,2022-04-30
0,5,3,2,0,Hoke,2022-05-01
0,4,1,3,0,Hoke,2022-05-14
0,26,7,19,0,Hoke,2022-05-23
0,33,7,26,0,Hoke,2022-05-25
0,10,2,8,0,Hoke,2022-05-27
0,9,2,7,0,Hoke,2022-05-29
0,12,4,8,0,Hoke,2022-05-30
0,21,6,15,0,Hoke,2022-06-02
0,7,0,7,0,Hoke,2022-06-04
0,19,4,15,0,Hoke,2022-06-27
1,15,3,12,0,Hoke,2022-02-05
1,20,4,16,0,Hoke,2022-02-06
1,12,1,11,0,Hoke,2022-02-12
1,19,1,18,0,Hoke,2022-02-16
1,7,0,7,0,Hoke,2022-02-25
1,3,0,3,0,Hoke,2022-04-16
1,3,0,3,0,Hoke,2022-04-20
1,4,2,2,0,Hoke,2022-04-23
1,24,10,14,0,Hoke,2022-05-02
1,12,3,9,0,Hoke,2022-05-06
1,7,3,4,0,Hoke,2022-05-08
1,24,7,17,0,Hoke,2022-05-12
1,17,8,9,0,Hoke,2022-05-15
1,35,8,27,0,Hoke,2022-05-16
1,13,2,11,0,Hoke,2022-05-20
1,13,3,10,0,Hoke,2022-05-21
1,26,6,20,0,Hoke,2022-05-24
1,25,7,18,0,Hoke,2022-06-01
1,10,2,8,0,Hoke,2022-06-05
1,11,2,9,0,Hoke,2022-06-11
1,20,5,15,0,Hoke,2022-06-17
2,92,11,81,0,Hoke,2022-01-21
2,64,5,59,0,Hoke,2022-01-23
2,27,2,25,0,Hoke,2022-01-29
2,20,7,13,0,Hoke,2022-02-11
2,11,1,10,0,Hoke,2022-02-21
2,10,2,8,0,Hoke,2022-02-23
2,9,2,7,0,Hoke,2022-04-25
2,9,1,8,0,Hoke,2022-04-28
2,13,8,5,0,Hoke,2022-05-03
2,21,4,17,0,Hoke,2022-05-04
2,14,6,8,0,Hoke,2022-05-05
2,18,3,15,0,Hoke,2022-05-10
2,16,7,9,0,Hoke,2022-05-11
2,27,6,21,0,Hoke,2022-05-17
2,6,0,6,0,Hoke,2022-05-22
2,14,1,13,0,Hoke,2022-05-28
2,8,2,6,0,Hoke,2022-06-03
2,14,4,10,0,Hoke,2022-06-12
2,20,8,12,0,Hoke,2022-06-15
2,6,1,5,0,Hoke,2022-06-18
2,10,4,6,0,Hoke,2022-06-19
2,30,8,22,0,Hoke,2022-06-20
2,9,2,7,0,Hoke,2022-06-26
2,15,5,10,0,Hoke,2022-06-28
3,19,1,18,0,Hoke,2022-01-16
3,78,19,59,0,Hoke,2022-01-31
3,45,12,33,0,Hoke,2022-02-07
3,39,10,29,0,Hoke,2022-02-08
3,36,9,27,0,Hoke,2022-02-09
3,25,11,14,0,Hoke,2022-05-09
3,12,3,9,0,Hoke,2022-05-13
3,22,2,20,0,Hoke,2022-05-19
3,25,11,14,0,Hoke,2022-06-07
3,19,3,16,0,Hoke,2022-06-10
3,29,3,26,0,Hoke,2022-06-16
3,24,7,17,0,Hoke,2022-06-23
3,19,5,14,0,Hoke,2022-07-01
4,9,2,7,0,Hoke,2022-05-07
4,31,6,25,0,Hoke,2022-05-18
4,34,11,23,0,Hoke,2022-06-21
4,18,6,12,0,Hoke,2022-06-29
4,19,4,15,0,Hoke,2022-07-02
5,22,5,17,0,Hoke,2022-05-26
5,35,12,23,0,Hoke,2022-06-13
5,21,6,15,0,Hoke,2022-06-22
5,19,5,14,0,Hoke,2022-06-25
6,28,7,21,0,Hoke,2022-06-14
7,41,14,27,0,Hoke,2022-05-31
8,19,9,10,0,Hoke,2022-06-09
8,25,5,20,0,Hoke,2022-06-30
10,211,12,199,0,Hoke,2022-01-07
10,154,3,151,0,Hoke,2022-01-08
10,164,22,142,0,Hoke,2022-01-25
14,251,20,231,0,Hoke,2022-01-14
17,280,31,249,0,Hoke,2022-01-17
25,380,46,334,0,Hoke,2022-01-10
25,381,35,346,0,Hoke,2022-01-18
39,351,34,317,0,Hoke,2022-01-11
,0,0,0,0,Hyde,2022-02-06
,0,0,0,0,Hyde,2022-02-13
,0,0,0,0,Hyde,2022-02-16
,0,0,0,0,Hyde,2022-02-19
,0,0,0,0,Hyde,2022-02-20
,0,0,0,0,Hyde,2022-02-24
,0,0,0,0,Hyde,2022-02-27
,0,0,0,0,Hyde,2022-02-28
,0,0,0,0,Hyde,2022-03-02
,0,0,0,0,Hyde,2022-03-05
,0,0,0,0,Hyde,2022-03-06
,0,0,0,0,Hyde,2022-03-08
,0,0,0,0,Hyde,2022-03-09
,0,0,0,0,Hyde,2022-03-11
,0,0,0,0,Hyde,2022-03-12
,0,0,0,0,Hyde,2022-03-14
,0,0,0,0,Hyde,2022-03-15
,0,0,0,0,Hyde,2022-03-16
,0,0,0,0,Hyde,2022-03-17
,0,0,0,0,Hyde,2022-03-18
,0,0,0,0,Hyde,2022-03-19
,0,0,0,0,Hyde,2022-03-20
,0,0,0,0,Hyde,2022-03-21
,0,0,0,0,Hyde,2022-03-23
,0,0,0,0,Hyde,2022-03-24
,0,0,0,0,Hyde,2022-03-25
,0,0,0,0,Hyde,2022-03-26
,0,0,0,0,Hyde,2022-03-27
,0,0,0,0,Hyde,2022-03-28
,0,0,0,0,Hyde,2022-03-29
,0,0,0,0,Hyde,2022-03-30
,0,0,0,0,Hyde,2022-03-31
,0,0,0,0,Hyde,2022-04-01
,0,0,0,0,Hyde,2022-04-02
,0,0,0,0,Hyde,2022-04-03
,0,0,0,0,Hyde,2022-04-04
,0,0,0,0,Hyde,2022-04-05
,0,0,0,0,Hyde,2022-04-06
,0,0,0,0,Hyde,2022-04-07
,0,0,0,0,Hyde,2022-04-08
,0,0,0,0,Hyde,2022-04-09
,0,0,0,0,Hyde,2022-04-10
,0,0,0,0,Hyde,2022-04-14
,0,0,0,0,Hyde,2022-04-15
,0,0,0,0,Hyde,2022-04-16
,0,0,0,0,Hyde,2022-04-17
,0,0,0,0,Hyde,2022-04-19
,0,0,0,0,Hyde,2022-04-21
,0,0,0,0,Hyde,2022-04-23
,0,0,0,0,Hyde,2022-04-24
,0,0,0,0,Hyde,2022-04-25
,0,0,0,0,Hyde,2022-04-27
,0,0,0,0,Hyde,2022-04-28
,0,0,0,0,Hyde,2022-04-30
,0,0,0,0,Hyde,2022-05-01
,0,0,0,0,Hyde,2022-05-05
,0,0,0,0,Hyde,2022-05-07
,0,0,0,0,Hyde,2022-05-08
,0,0,0,0,Hyde,2022-05-14
,0,0,0,0,Hyde,2022-05-21
,0,0,0,0,Hyde,2022-05-27
,0,0,0,0,Hyde,2022-05-28
,0,0,0,0,Hyde,2022-05-29
,0,0,0,0,Hyde,2022-06-03
,0,0,0,0,Hyde,2022-06-04
,0,0,0,0,Hyde,2022-06-05
,0,0,0,0,Hyde,2022-06-08
,0,0,0,0,Hyde,2022-06-11
,0,0,0,0,Hyde,2022-06-12
,0,0,0,0,Hyde,2022-06-15
,0,0,0,0,Hyde,2022-06-17
,0,0,0,0,Hyde,2022-06-18
,0,0,0,0,Hyde,2022-06-19
,0,0,0,0,Hyde,2022-06-24
,0,0,0,0,Hyde,2022-06-26
,0,0,0,0,Hyde,2022-07-01
,0,0,0,0,Hyde,2022-07-02
0,13,0,13,0,Hyde,2022-01-04
0,8,0,8,0,Hyde,2022-01-05
0,13,1,12,0,Hyde,2022-01-07
0,3,0,3,0,Hyde,2022-01-09
0,13,1,12,0,Hyde,2022-01-10
0,24,1,23,0,Hyde,2022-01-18
0,6,1,5,0,Hyde,2022-01-21
0,1,0,1,0,Hyde,2022-01-22
0,6,1,5,0,Hyde,2022-01-28
0,2,0,2,0,Hyde,2022-01-29
0,5,0,5,0,Hyde,2022-02-04
0,1,1,0,0,Hyde,2022-02-05
0,2,0,2,0,Hyde,2022-02-08
0,1,0,1,0,Hyde,2022-02-09
0,3,0,3,0,Hyde,2022-02-10
0,5,0,5,0,Hyde,2022-02-11
0,3,0,3,0,Hyde,2022-02-12
0,2,0,2,0,Hyde,2022-02-14
0,2,0,2,0,Hyde,2022-02-15
0,3,0,3,0,Hyde,2022-02-17
0,1,0,1,0,Hyde,2022-02-18
0,4,1,3,0,Hyde,2022-02-21
0,3,0,3,0,Hyde,2022-02-22
0,1,1,0,0,Hyde,2022-02-23
0,1,0,1,0,Hyde,2022-02-25
0,1,0,1,0,Hyde,2022-02-26
0,1,0,1,0,Hyde,2022-03-01
0,1,0,1,0,Hyde,2022-03-03
0,1,0,1,0,Hyde,2022-03-04
0,1,0,1,0,Hyde,2022-03-07
0,1,0,1,0,Hyde,2022-03-10
0,1,0,1,0,Hyde,2022-03-13
0,1,0,1,0,Hyde,2022-03-22
0,1,0,1,0,Hyde,2022-04-11
0,1,0,1,0,Hyde,2022-04-12
0,1,0,1,0,Hyde,2022-04-13
0,1,1,0,0,Hyde,2022-04-18
0,1,0,1,0,Hyde,2022-04-20
0,2,0,2,0,Hyde,2022-04-22
0,1,0,1,0,Hyde,2022-04-26
0,4,0,4,0,Hyde,2022-04-29
0,8,0,8,0,Hyde,2022-05-02
0,6,0,6,0,Hyde,2022-05-03
0,3,1,2,0,Hyde,2022-05-04
0,2,0,2,0,Hyde,2022-05-06
0,2,0,2,0,Hyde,2022-05-12
0,3,0,3,0,Hyde,2022-05-13
0,2,0,2,0,Hyde,2022-05-15
0,1,0,1,0,Hyde,2022-05-17
0,5,0,5,0,Hyde,2022-05-18
0,1,0,1,0,Hyde,2022-05-22
0,1,0,1,0,Hyde,2022-05-24
0,1,0,1,0,Hyde,2022-05-25
0,3,0,3,0,Hyde,2022-05-30
0,7,0,7,0,Hyde,2022-05-31
0,3,0,3,0,Hyde,2022-06-02
0,4,0,4,0,Hyde,2022-06-06
0,2,0,2,0,Hyde,2022-06-09
0,3,0,3,0,Hyde,2022-06-10
0,1,0,1,0,Hyde,2022-06-14
0,6,0,6,0,Hyde,2022-06-20
0,2,0,2,0,Hyde,2022-06-21
0,1,0,1,0,Hyde,2022-06-23
0,2,1,1,0,Hyde,2022-06-25
0,2,0,2,0,Hyde,2022-06-27
0,2,0,2,0,Hyde,2022-06-28
0,1,0,1,0,Hyde,2022-06-29
1,2,0,2,0,Hyde,2022-01-08
1,3,0,3,0,Hyde,2022-01-23
1,19,3,16,0,Hyde,2022-01-24
1,11,0,11,0,Hyde,2022-01-25
1,7,0,7,0,Hyde,2022-01-26
1,11,3,8,0,Hyde,2022-01-27
1,3,0,3,0,Hyde,2022-01-30
1,4,0,4,0,Hyde,2022-02-02
1,5,1,4,0,Hyde,2022-02-03
1,7,0,7,0,Hyde,2022-02-07
1,3,2,1,0,Hyde,2022-05-09
1,6,0,6,0,Hyde,2022-05-10
1,3,0,3,0,Hyde,2022-05-11
1,15,0,15,0,Hyde,2022-05-16
1,4,0,4,0,Hyde,2022-05-19
1,5,0,5,0,Hyde,2022-05-20
1,5,0,5,0,Hyde,2022-05-23
1,8,0,8,0,Hyde,2022-05-26
1,4,0,4,0,Hyde,2022-06-01
1,3,0,3,0,Hyde,2022-06-07
1,6,0,6,0,Hyde,2022-06-13
1,3,1,2,0,Hyde,2022-06-16
1,3,0,3,0,Hyde,2022-06-22
1,2,0,2,0,Hyde,2022-06-30
2,50,14,36,0,Hyde,2022-01-14
2,7,1,6,0,Hyde,2022-01-17
2,18,2,16,0,Hyde,2022-01-19
2,10,1,9,0,Hyde,2022-02-01
3,11,0,11,0,Hyde,2022-01-11
3,12,0,12,0,Hyde,2022-01-13
3,18,0,18,0,Hyde,2022-01-31
0,12,10,2,0,Iredell,2022-02-26
0,6,4,2,0,Iredell,2022-03-04
0,8,1,7,0,Iredell,2022-03-06
0,11,2,9,0,Iredell,2022-03-07
0,11,5,6,0,Iredell,2022-03-09
0,3,0,3,0,Iredell,2022-03-10
0,3,0,3,0,Iredell,2022-03-13
0,6,2,4,0,Iredell,2022-03-16
0,5,1,4,0,Iredell,2022-03-18
0,10,7,3,0,Iredell,2022-03-19
0,13,8,5,0,Iredell,2022-03-21
0,8,3,5,0,Iredell,2022-03-22
0,6,2,4,0,Iredell,2022-03-23
0,2,1,1,0,Iredell,2022-03-25
0,2,0,2,0,Iredell,2022-04-03
0,7,4,3,0,Iredell,2022-04-06
0,10,4,6,0,Iredell,2022-04-09
0,18,8,10,0,Iredell,2022-04-12
0,11,1,10,0,Iredell,2022-04-15
0,13,7,6,0,Iredell,2022-04-17
0,24,5,19,0,Iredell,2022-04-20
0,36,8,28,0,Iredell,2022-04-29
0,36,17,19,0,Iredell,2022-05-28
1,16,7,9,0,Iredell,2022-02-25
1,6,4,2,0,Iredell,2022-03-11
1,7,2,5,0,Iredell,2022-03-15
1,6,3,3,0,Iredell,2022-03-17
1,5,1,4,0,Iredell,2022-03-20
1,6,3,3,0,Iredell,2022-03-26
1,6,5,1,0,Iredell,2022-03-27
1,8,5,3,0,Iredell,2022-03-28
1,6,3,3,0,Iredell,2022-03-29
1,6,4,2,0,Iredell,2022-03-30
1,8,5,3,0,Iredell,2022-03-31
1,5,3,2,0,Iredell,2022-04-01
1,10,4,6,0,Iredell,2022-04-04
1,12,7,5,0,Iredell,2022-04-05
1,10,5,5,0,Iredell,2022-04-08
1,13,6,7,0,Iredell,2022-04-10
1,25,2,23,0,Iredell,2022-04-22
1,9,2,7,0,Iredell,2022-04-23
1,32,18,14,0,Iredell,2022-04-25
1,34,12,22,0,Iredell,2022-04-27
1,10,4,6,0,Iredell,2022-04-30
1,13,6,7,0,Iredell,2022-05-01
1,26,13,13,0,Iredell,2022-05-05
1,20,11,9,0,Iredell,2022-05-08
2,14,8,6,0,Iredell,2022-02-27
2,21,8,13,0,Iredell,2022-03-01
2,23,7,16,0,Iredell,2022-04-11
2,23,8,15,0,Iredell,2022-04-26
2,45,21,24,0,Iredell,2022-05-03
2,22,8,14,0,Iredell,2022-05-07
2,33,9,24,0,Iredell,2022-05-14
2,54,16,38,0,Iredell,2022-06-07
2,30,8,22,0,Iredell,2022-07-02
3,21,9,12,0,Iredell,2022-03-02
3,10,4,6,0,Iredell,2022-03-24
3,8,4,4,0,Iredell,2022-04-07
3,10,4,6,0,Iredell,2022-04-16
3,30,10,20,0,Iredell,2022-04-21
3,22,6,16,0,Iredell,2022-04-24
3,36,10,26,0,Iredell,2022-05-06
3,41,12,29,0,Iredell,2022-05-12
3,32,18,14,0,Iredell,2022-06-04
3,58,25,33,0,Iredell,2022-06-09
3,41,8,33,0,Iredell,2022-06-13
3,34,11,23,0,Iredell,2022-06-17
3,33,6,27,0,Iredell,2022-06-18
4,70,24,46,0,Iredell,2022-02-06
4,28,16,12,0,Iredell,2022-04-18
4,26,14,12,0,Iredell,2022-04-19
4,26,17,9,0,Iredell,2022-04-28
4,37,10,27,0,Iredell,2022-05-13
4,46,19,27,0,Iredell,2022-05-22
4,37,17,20,0,Iredell,2022-05-30
4,60,23,37,0,Iredell,2022-06-02
4,60,30,30,0,Iredell,2022-06-14
5,20,13,7,0,Iredell,2022-03-14
5,28,12,16,0,Iredell,2022-04-13
5,23,11,12,0,Iredell,2022-04-14
5,42,20,22,0,Iredell,2022-05-04
5,72,31,41,0,Iredell,2022-05-16
5,61,33,28,0,Iredell,2022-05-26
5,55,11,44,0,Iredell,2022-05-27
5,45,16,29,0,Iredell,2022-05-29
5,48,10,38,0,Iredell,2022-06-05
5,46,16,30,0,Iredell,2022-06-19
5,40,12,28,0,Iredell,2022-06-24
6,41,16,25,0,Iredell,2022-05-02
6,64,26,38,0,Iredell,2022-05-24
6,45,16,29,0,Iredell,2022-06-12
6,38,11,27,0,Iredell,2022-06-25
7,35,16,19,0,Iredell,2022-06-11
7,42,17,25,0,Iredell,2022-06-16
7,42,21,21,0,Iredell,2022-06-26
8,51,22,29,0,Iredell,2022-05-09
8,49,23,26,0,Iredell,2022-05-10
8,54,22,32,0,Iredell,2022-05-11
8,70,30,40,0,Iredell,2022-05-18
8,50,12,38,0,Iredell,2022-06-03
8,56,23,33,0,Iredell,2022-06-15
8,66,30,36,0,Iredell,2022-06-23
9,77,31,46,0,Iredell,2022-05-17
9,75,32,43,0,Iredell,2022-06-01
10,55,22,33,0,Iredell,2022-05-20
10,61,20,41,0,Iredell,2022-06-08
10,60,22,38,0,Iredell,2022-06-30
11,66,23,43,0,Iredell,2022-06-21
12,79,31,48,0,Iredell,2022-05-31
12,45,9,36,0,Iredell,2022-07-01
13,73,32,41,0,Iredell,2022-06-28
14,162,45,117,0,Iredell,2022-02-07
15,82,31,51,0,Iredell,2022-05-19
15,76,26,50,0,Iredell,2022-06-22
15,76,27,49,0,Iredell,2022-06-29
31,524,180,344,0,Iredell,2022-01-05
45,506,153,353,0,Iredell,2022-01-24
,0,0,0,0,Jackson,2022-03-05
,0,0,0,0,Jackson,2022-03-06
,0,0,0,0,Jackson,2022-03-11
,0,0,0,0,Jackson,2022-03-13
,0,0,0,0,Jackson,2022-03-16
,0,0,0,0,Jackson,2022-03-19
,0,0,0,0,Jackson,2022-03-26
,0,0,0,0,Jackson,2022-03-31
,0,0,0,0,Jackson,2022-04-01
,0,0,0,0,Jackson,2022-04-02
,0,0,0,0,Jackson,2022-04-17
,0,0,0,0,Jackson,2022-04-23
,0,0,0,0,Jackson,2022-05-11
0,6,0,6,0,Jackson,2022-01-16
0,6,1,5,0,Jackson,2022-01-29
0,52,10,42,0,Jackson,2022-02-01
0,10,2,8,0,Jackson,2022-02-06
0,10,3,7,0,Jackson,2022-02-24
0,12,5,7,0,Jackson,2022-02-28
0,12,3,9,0,Jackson,2022-03-01
0,1,0,1,0,Jackson,2022-03-07
0,2,0,2,0,Jackson,2022-03-08
0,3,0,3,0,Jackson,2022-03-09
0,3,0,3,0,Jackson,2022-03-10
0,1,0,1,0,Jackson,2022-03-12
0,2,2,0,0,Jackson,2022-03-14
0,3,1,2,0,Jackson,2022-03-15
0,2,0,2,0,Jackson,2022-03-17
0,2,1,1,0,Jackson,2022-03-18
0,1,0,1,0,Jackson,2022-03-21
0,2,2,0,0,Jackson,2022-03-22
0,2,1,1,0,Jackson,2022-03-23
0,1,1,0,0,Jackson,2022-03-28
0,2,1,1,0,Jackson,2022-03-29
0,2,0,2,0,Jackson,2022-04-03
0,1,0,1,0,Jackson,2022-04-04
0,2,0,2,0,Jackson,2022-04-05
0,1,0,1,0,Jackson,2022-04-06
0,5,3,2,0,Jackson,2022-04-07
0,2,1,1,0,Jackson,2022-04-08
0,4,1,3,0,Jackson,2022-04-09
0,1,0,1,0,Jackson,2022-04-10
0,1,1,0,0,Jackson,2022-04-11
0,3,0,3,0,Jackson,2022-04-13
0,2,0,2,0,Jackson,2022-04-16
0,2,0,2,0,Jackson,2022-04-19
0,4,1,3,0,Jackson,2022-04-21
0,4,2,2,0,Jackson,2022-04-22
0,3,1,2,0,Jackson,2022-04-24
0,8,1,7,0,Jackson,2022-04-25
0,1,0,1,0,Jackson,2022-04-30
0,2,0,2,0,Jackson,2022-05-01
0,10,5,5,0,Jackson,2022-05-03
0,3,1,2,0,Jackson,2022-05-05
0,5,2,3,0,Jackson,2022-05-07
0,4,0,4,0,Jackson,2022-05-08
0,10,3,7,0,Jackson,2022-05-10
0,6,0,6,0,Jackson,2022-05-12
0,13,3,10,0,Jackson,2022-05-13
0,4,1,3,0,Jackson,2022-05-15
0,17,3,14,0,Jackson,2022-05-19
0,4,0,4,0,Jackson,2022-05-22
0,9,0,9,0,Jackson,2022-05-24
0,4,1,3,0,Jackson,2022-05-25
0,6,1,5,0,Jackson,2022-05-29
0,9,4,5,0,Jackson,2022-05-31
0,13,2,11,0,Jackson,2022-06-02
0,5,1,4,0,Jackson,2022-06-05
0,2,1,1,0,Jackson,2022-06-11
0,9,4,5,0,Jackson,2022-06-14
0,3,1,2,0,Jackson,2022-06-17
0,4,2,2,0,Jackson,2022-06-18
0,10,4,6,0,Jackson,2022-06-21
0,8,3,5,0,Jackson,2022-06-24
0,7,1,6,0,Jackson,2022-06-25
0,11,2,9,0,Jackson,2022-06-26
0,8,3,5,0,Jackson,2022-06-28
0,7,1,6,0,Jackson,2022-07-01
1,12,2,10,0,Jackson,2022-02-05
1,24,5,19,0,Jackson,2022-02-08
1,7,1,6,0,Jackson,2022-02-12
1,3,0,3,0,Jackson,2022-02-13
1,28,11,17,0,Jackson,2022-02-16
1,18,7,11,0,Jackson,2022-02-17
1,7,4,3,0,Jackson,2022-02-19
1,11,5,6,0,Jackson,2022-02-21
1,7,0,7,0,Jackson,2022-02-26
1,1,1,0,0,Jackson,2022-03-20
1,2,1,1,0,Jackson,2022-03-24
1,3,1,2,0,Jackson,2022-03-25
1,1,1,0,0,Jackson,2022-03-30
1,1,0,1,0,Jackson,2022-04-12
1,2,0,2,0,Jackson,2022-04-14
1,5,1,4,0,Jackson,2022-04-18
1,6,1,5,0,Jackson,2022-04-20
1,2,0,2,0,Jackson,2022-04-27
1,2,1,1,0,Jackson,2022-04-28
1,5,1,4,0,Jackson,2022-04-29
1,7,4,3,0,Jackson,2022-05-06
1,11,4,7,0,Jackson,2022-05-09
1,5,0,5,0,Jackson,2022-05-14
1,16,5,11,0,Jackson,2022-05-16
1,8,0,8,0,Jackson,2022-05-17
1,13,2,11,0,Jackson,2022-05-18
1,7,2,5,0,Jackson,2022-05-20
1,5,1,4,0,Jackson,2022-05-21
1,12,1,11,0,Jackson,2022-05-23
1,6,3,3,0,Jackson,2022-05-28
1,4,0,4,0,Jackson,2022-05-30
1,4,0,4,0,Jackson,2022-06-04
1,11,4,7,0,Jackson,2022-06-07
1,7,4,3,0,Jackson,2022-06-09
1,7,2,5,0,Jackson,2022-06-10
1,8,0,8,0,Jackson,2022-06-12
1,16,6,10,0,Jackson,2022-06-13
1,10,3,7,0,Jackson,2022-06-15
1,11,2,9,0,Jackson,2022-06-16
1,9,2,7,0,Jackson,2022-06-19
1,7,1,6,0,Jackson,2022-06-30
1,9,0,9,0,Jackson,2022-07-02
2,67,16,51,0,Jackson,2022-01-31
2,41,15,26,0,Jackson,2022-02-02
2,41,10,31,0,Jackson,2022-02-07
2,8,4,4,0,Jackson,2022-02-20
2,7,1,6,0,Jackson,2022-04-26
2,7,1,6,0,Jackson,2022-05-04
2,9,3,6,0,Jackson,2022-06-08
2,12,4,8,0,Jackson,2022-06-20
2,10,0,10,0,Jackson,2022-06-22
2,9,0,9,0,Jackson,2022-06-27
2,9,1,8,0,Jackson,2022-06-29
3,38,3,35,0,Jackson,2022-01-22
3,26,4,22,0,Jackson,2022-01-23
3,44,14,30,0,Jackson,2022-02-03
3,29,3,26,0,Jackson,2022-02-10
3,13,6,7,0,Jackson,2022-02-18
3,17,6,11,0,Jackson,2022-02-23
3,10,0,10,0,Jackson,2022-05-26
3,15,2,13,0,Jackson,2022-06-01
4,36,3,33,0,Jackson,2022-01-17
4,40,12,28,0,Jackson,2022-01-28
4,30,6,24,0,Jackson,2022-01-30
4,16,3,13,0,Jackson,2022-05-27
4,14,2,12,0,Jackson,2022-06-06
5,39,3,36,0,Jackson,2022-01-08
5,52,5,47,0,Jackson,2022-01-09
5,134,38,96,0,Jackson,2022-01-10
6,27,2,25,0,Jackson,2022-02-09
8,123,16,107,0,Jackson,2022-01-13
9,101,24,77,0,Jackson,2022-01-18
11,122,30,92,0,Jackson,2022-01-20
16,116,40,76,0,Jackson,2022-01-24
0,5,1,4,0,Johnston,2022-03-05
0,9,2,7,0,Johnston,2022-03-08
0,6,0,6,0,Johnston,2022-03-12
0,14,1,13,0,Johnston,2022-03-14
0,6,2,4,0,Johnston,2022-03-16
0,10,2,8,0,Johnston,2022-03-19
0,3,1,2,0,Johnston,2022-03-20
0,6,2,4,0,Johnston,2022-03-26
0,6,1,5,0,Johnston,2022-03-30
0,5,1,4,0,Johnston,2022-04-01
0,5,0,5,0,Johnston,2022-04-02
0,1,0,1,0,Johnston,2022-04-03
0,11,3,8,0,Johnston,2022-04-12
0,12,3,9,0,Johnston,2022-04-13
0,19,0,19,0,Johnston,2022-04-22
1,13,4,9,0,Johnston,2022-02-20
1,18,4,14,0,Johnston,2022-03-02
1,9,1,8,0,Johnston,2022-03-18
1,14,3,11,0,Johnston,2022-03-21
1,8,2,6,0,Johnston,2022-03-23
1,7,1,6,0,Johnston,2022-03-25
1,19,4,15,0,Johnston,2022-03-28
1,7,2,5,0,Johnston,2022-03-29
1,11,2,9,0,Johnston,2022-03-31
1,10,3,7,0,Johnston,2022-04-05
1,15,6,9,0,Johnston,2022-04-06
1,8,1,7,0,Johnston,2022-04-07
1,5,3,2,0,Johnston,2022-04-08
1,10,2,8,0,Johnston,2022-04-10
1,14,4,10,0,Johnston,2022-04-11
1,8,2,6,0,Johnston,2022-04-16
1,26,8,18,0,Johnston,2022-04-18
1,16,3,13,0,Johnston,2022-04-24
1,14,4,10,0,Johnston,2022-05-01
1,29,10,19,0,Johnston,2022-05-07
1,42,6,36,0,Johnston,2022-05-14
1,39,12,27,0,Johnston,2022-05-30
1,39,6,33,0,Johnston,2022-06-26
2,11,2,9,0,Johnston,2022-03-06
2,12,4,8,0,Johnston,2022-03-09
2,10,2,8,0,Johnston,2022-03-17
2,11,1,10,0,Johnston,2022-04-04
2,10,3,7,0,Johnston,2022-04-09
2,17,3,14,0,Johnston,2022-04-14
2,9,2,7,0,Johnston,2022-04-17
2,32,1,31,0,Johnston,2022-06-04
2,42,2,40,0,Johnston,2022-06-05
3,31,7,24,0,Johnston,2022-02-25
3,9,3,6,0,Johnston,2022-03-22
3,14,8,6,0,Johnston,2022-04-15
3,21,7,14,0,Johnston,2022-04-19
3,24,6,18,0,Johnston,2022-04-20
3,24,6,18,0,Johnston,2022-04-21
3,18,6,12,0,Johnston,2022-04-23
3,39,10,29,0,Johnston,2022-04-25
3,37,9,28,0,Johnston,2022-04-28
3,55,16,39,0,Johnston,2022-05-13
3,49,10,39,0,Johnston,2022-06-18
4,40,15,25,0,Johnston,2022-02-24
4,41,6,35,0,Johnston,2022-04-26
4,29,7,22,0,Johnston,2022-04-29
4,49,13,36,0,Johnston,2022-05-05
4,41,10,31,0,Johnston,2022-05-06
4,50,7,43,0,Johnston,2022-05-21
4,49,5,44,0,Johnston,2022-05-22
4,28,8,20,0,Johnston,2022-06-12
4,32,8,24,0,Johnston,2022-07-02
5,51,7,44,0,Johnston,2022-02-17
5,59,9,50,0,Johnston,2022-02-18
5,35,4,31,0,Johnston,2022-04-27
5,36,7,29,0,Johnston,2022-04-30
5,50,10,40,0,Johnston,2022-05-15
5,70,13,57,0,Johnston,2022-06-07
5,44,9,35,0,Johnston,2022-06-11
5,65,19,46,0,Johnston,2022-07-01
6,72,24,48,0,Johnston,2022-02-06
6,60,11,49,0,Johnston,2022-05-04
6,76,17,59,0,Johnston,2022-05-28
6,61,6,55,0,Johnston,2022-06-08
6,70,22,48,0,Johnston,2022-06-13
7,61,13,48,0,Johnston,2022-05-03
7,73,10,63,0,Johnston,2022-05-11
7,82,16,66,0,Johnston,2022-05-19
7,97,13,84,0,Johnston,2022-05-25
8,70,21,49,0,Johnston,2022-05-12
8,97,24,73,0,Johnston,2022-05-26
8,66,12,54,0,Johnston,2022-06-03
8,70,13,57,0,Johnston,2022-06-21
8,69,11,58,0,Johnston,2022-06-22
9,97,21,76,0,Johnston,2022-05-27
9,109,27,82,0,Johnston,2022-06-02
9,64,17,47,0,Johnston,2022-06-09
9,64,14,50,0,Johnston,2022-06-10
9,49,10,39,0,Johnston,2022-06-19
9,65,14,51,0,Johnston,2022-06-23
10,78,32,46,0,Johnston,2022-02-21
10,61,13,48,0,Johnston,2022-06-16
10,71,13,58,0,Johnston,2022-06-20
10,69,13,56,0,Johnston,2022-06-30
11,66,15,51,0,Johnston,2022-06-14
11,82,23,59,0,Johnston,2022-06-29
12,62,15,47,0,Johnston,2022-05-02
12,101,26,75,0,Johnston,2022-05-18
12,93,19,74,0,Johnston,2022-06-27
13,88,27,61,0,Johnston,2022-05-20
13,129,21,108,0,Johnston,2022-05-31
14,111,32,79,0,Johnston,2022-05-23
14,99,19,80,0,Johnston,2022-06-01
14,97,20,77,0,Johnston,2022-06-06
14,74,22,52,0,Johnston,2022-06-28
17,77,29,48,0,Johnston,2022-06-15
18,132,28,104,0,Johnston,2022-05-16
24,365,81,284,0,Johnston,2022-01-31
55,703,97,606,0,Johnston,2022-01-07
61,765,115,650,0,Johnston,2022-01-13
79,879,83,796,0,Johnston,2022-01-05
96,1044,123,921,0,Johnston,2022-01-10
,0,0,0,0,Jones,2022-02-12
,0,0,0,0,Jones,2022-02-13
,0,0,0,0,Jones,2022-02-25
,0,0,0,0,Jones,2022-02-26
,0,0,0,0,Jones,2022-03-02
,0,0,0,0,Jones,2022-03-03
,0,0,0,0,Jones,2022-03-05
,0,0,0,0,Jones,2022-03-06
,0,0,0,0,Jones,2022-03-07
,0,0,0,0,Jones,2022-03-10
,0,0,0,0,Jones,2022-03-12
,0,0,0,0,Jones,2022-03-13
,0,0,0,0,Jones,2022-03-14
,0,0,0,0,Jones,2022-03-15
,0,0,0,0,Jones,2022-03-16
,0,0,0,0,Jones,2022-03-18
,0,0,0,0,Jones,2022-03-19
,0,0,0,0,Jones,2022-03-20
,0,0,0,0,Jones,2022-03-21
,0,0,0,0,Jones,2022-03-22
,0,0,0,0,Jones,2022-03-23
,0,0,0,0,Jones,2022-03-24
,0,0,0,0,Jones,2022-03-25
,0,0,0,0,Jones,2022-03-26
,0,0,0,0,Jones,2022-03-27
,0,0,0,0,Jones,2022-03-28
,0,0,0,0,Jones,2022-03-29
,0,0,0,0,Jones,2022-03-30
,0,0,0,0,Jones,2022-03-31
,0,0,0,0,Jones,2022-04-01
,0,0,0,0,Jones,2022-04-02
,0,0,0,0,Jones,2022-04-04
,0,0,0,0,Jones,2022-04-05
,0,0,0,0,Jones,2022-04-06
,0,0,0,0,Jones,2022-04-07
,0,0,0,0,Jones,2022-04-08
,0,0,0,0,Jones,2022-04-09
,0,0,0,0,Jones,2022-04-10
,0,0,0,0,Jones,2022-04-11
,0,0,0,0,Jones,2022-04-13
,0,0,0,0,Jones,2022-04-15
,0,0,0,0,Jones,2022-04-16
,0,0,0,0,Jones,2022-04-17
,0,0,0,0,Jones,2022-04-18
,0,0,0,0,Jones,2022-04-19
,0,0,0,0,Jones,2022-04-21
,0,0,0,0,Jones,2022-04-22
,0,0,0,0,Jones,2022-04-23
,0,0,0,0,Jones,2022-04-26
,0,0,0,0,Jones,2022-04-27
,0,0,0,0,Jones,2022-04-30
,0,0,0,0,Jones,2022-05-01
,0,0,0,0,Jones,2022-05-03
,0,0,0,0,Jones,2022-05-08
,0,0,0,0,Jones,2022-05-15
,0,0,0,0,Jones,2022-05-24
,0,0,0,0,Jones,2022-05-29
,0,0,0,0,Jones,2022-06-04
,0,0,0,0,Jones,2022-06-05
,0,0,0,0,Jones,2022-06-17
,0,0,0,0,Jones,2022-06-25
0,11,3,8,0,Jones,2022-01-04
0,23,10,13,0,Jones,2022-01-06
0,14,3,11,0,Jones,2022-01-08
0,7,1,6,0,Jones,2022-01-16
0,3,1,2,0,Jones,2022-01-21
0,1,0,1,0,Jones,2022-01-22
0,1,0,1,0,Jones,2022-01-30
0,2,1,1,0,Jones,2022-02-02
0,6,2,4,0,Jones,2022-02-04
0,4,1,3,0,Jones,2022-02-05
0,1,0,1,0,Jones,2022-02-06
0,10,3,7,0,Jones,2022-02-07
0,1,1,0,0,Jones,2022-02-08
0,3,1,2,0,Jones,2022-02-09
0,5,2,3,0,Jones,2022-02-10
0,4,0,4,0,Jones,2022-02-11
0,7,1,6,0,Jones,2022-02-14
0,2,1,1,0,Jones,2022-02-15
0,3,2,1,0,Jones,2022-02-18
0,2,2,0,0,Jones,2022-02-19
0,1,0,1,0,Jones,2022-02-20
0,3,0,3,0,Jones,2022-02-22
0,1,0,1,0,Jones,2022-02-23
0,1,0,1,0,Jones,2022-02-27
0,1,0,1,0,Jones,2022-02-28
0,1,1,0,0,Jones,2022-03-01
0,1,1,0,0,Jones,2022-03-08
0,1,0,1,0,Jones,2022-03-09
0,1,0,1,0,Jones,2022-03-11
0,1,0,1,0,Jones,2022-03-17
0,1,0,1,0,Jones,2022-04-12
0,1,0,1,0,Jones,2022-04-14
0,2,0,2,0,Jones,2022-04-20
0,2,0,2,0,Jones,2022-04-25
0,1,1,0,0,Jones,2022-04-28
0,1,0,1,0,Jones,2022-04-29
0,2,1,1,0,Jones,2022-05-02
0,1,1,0,0,Jones,2022-05-05
0,1,1,0,0,Jones,2022-05-09
0,3,1,2,0,Jones,2022-05-10
0,3,2,1,0,Jones,2022-05-12
0,3,0,3,0,Jones,2022-05-13
0,2,0,2,0,Jones,2022-05-14
0,4,1,3,0,Jones,2022-05-16
0,3,0,3,0,Jones,2022-05-17
0,6,1,5,0,Jones,2022-05-18
0,1,0,1,0,Jones,2022-05-19
0,4,2,2,0,Jones,2022-05-20
0,2,1,1,0,Jones,2022-05-21
0,3,1,2,0,Jones,2022-05-22
0,1,1,0,0,Jones,2022-05-23
0,7,1,6,0,Jones,2022-05-25
0,5,3,2,0,Jones,2022-05-26
0,1,0,1,0,Jones,2022-05-28
0,7,0,7,0,Jones,2022-06-01
0,1,1,0,0,Jones,2022-06-02
0,1,1,0,0,Jones,2022-06-03
0,6,3,3,0,Jones,2022-06-06
0,3,1,2,0,Jones,2022-06-10
0,2,1,1,0,Jones,2022-06-12
0,6,3,3,0,Jones,2022-06-14
0,1,0,1,0,Jones,2022-06-16
0,1,1,0,0,Jones,2022-06-19
0,3,1,2,0,Jones,2022-06-20
0,2,0,2,0,Jones,2022-06-21
0,1,0,1,0,Jones,2022-06-26
0,3,1,2,0,Jones,2022-06-28
0,2,1,1,0,Jones,2022-06-29
0,1,0,1,0,Jones,2022-06-30
0,4,1,3,0,Jones,2022-07-01
0,1,0,1,0,Jones,2022-07-02
1,24,10,14,0,Jones,2022-01-07
1,6,5,1,0,Jones,2022-01-09
1,24,7,17,0,Jones,2022-01-12
1,7,2,5,0,Jones,2022-01-15
1,11,2,9,0,Jones,2022-01-28
1,3,1,2,0,Jones,2022-01-29
1,21,11,10,0,Jones,2022-01-31
1,9,2,7,0,Jones,2022-02-03
1,2,1,1,0,Jones,2022-02-16
1,3,1,2,0,Jones,2022-02-17
1,1,0,1,0,Jones,2022-02-24
1,1,0,1,0,Jones,2022-03-04
1,1,0,1,0,Jones,2022-04-03
1,2,0,2,0,Jones,2022-04-24
1,2,0,2,0,Jones,2022-05-04
1,2,1,1,0,Jones,2022-05-06
1,2,1,1,0,Jones,2022-05-07
1,2,1,1,0,Jones,2022-05-11
1,2,1,1,0,Jones,2022-05-27
1,2,2,0,0,Jones,2022-05-30
1,2,0,2,0,Jones,2022-05-31
1,5,4,1,0,Jones,2022-06-08
1,4,0,4,0,Jones,2022-06-11
1,3,2,1,0,Jones,2022-06-23
1,6,3,3,0,Jones,2022-06-27
2,26,10,16,0,Jones,2022-01-14
2,7,2,5,0,Jones,2022-06-07
2,6,4,2,0,Jones,2022-06-13
2,4,2,2,0,Jones,2022-06-15
2,3,2,1,0,Jones,2022-06-22
2,4,1,3,0,Jones,2022-06-24
3,23,12,11,0,Jones,2022-01-05
3,37,16,21,0,Jones,2022-01-11
3,30,11,19,0,Jones,2022-01-13
3,21,9,12,0,Jones,2022-02-01
4,29,15,14,0,Jones,2022-01-17
4,25,12,13,0,Jones,2022-01-20
5,44,19,25,0,Jones,2022-01-10
5,42,18,24,0,Jones,2022-01-24
8,49,31,18,0,Jones,2022-01-25
,0,0,0,0,Lee,2022-02-27
,0,0,0,0,Lee,2022-03-19
,0,0,0,0,Lee,2022-03-20
,0,0,0,0,Lee,2022-03-22
,0,0,0,0,Lee,2022-03-26
,0,0,0,0,Lee,2022-03-27
,0,0,0,0,Lee,2022-04-09
,0,0,0,0,Lee,2022-04-16
0,29,4,25,0,Lee,2022-01-30
0,21,2,19,0,Lee,2022-02-10
0,18,5,13,0,Lee,2022-02-15
0,9,2,7,0,Lee,2022-02-18
0,6,2,4,0,Lee,2022-02-19
0,8,0,8,0,Lee,2022-02-24
0,4,0,4,0,Lee,2022-02-25
0,4,1,3,0,Lee,2022-02-28
0,5,2,3,0,Lee,2022-03-01
0,10,1,9,0,Lee,2022-03-02
0,4,1,3,0,Lee,2022-03-03
0,6,1,5,0,Lee,2022-03-04
0,1,0,1,0,Lee,2022-03-05
0,5,4,1,0,Lee,2022-03-07
0,3,0,3,0,Lee,2022-03-09
0,1,1,0,0,Lee,2022-03-11
0,1,1,0,0,Lee,2022-03-13
0,1,0,1,0,Lee,2022-03-17
0,4,1,3,0,Lee,2022-03-21
0,2,0,2,0,Lee,2022-03-24
0,4,0,4,0,Lee,2022-03-25
0,2,1,1,0,Lee,2022-03-28
0,1,0,1,0,Lee,2022-03-29
0,4,1,3,0,Lee,2022-03-31
0,1,1,0,0,Lee,2022-04-02
0,2,0,2,0,Lee,2022-04-03
0,1,0,1,0,Lee,2022-04-05
0,1,0,1,0,Lee,2022-04-06
0,3,1,2,0,Lee,2022-04-07
0,2,0,2,0,Lee,2022-04-08
0,1,0,1,0,Lee,2022-04-11
0,3,1,2,0,Lee,2022-04-12
0,5,1,4,0,Lee,2022-04-13
0,5,0,5,0,Lee,2022-04-14
0,4,2,2,0,Lee,2022-04-15
0,2,0,2,0,Lee,2022-04-17
0,4,2,2,0,Lee,2022-04-18
0,12,0,12,0,Lee,2022-04-20
0,10,2,8,0,Lee,2022-04-22
0,8,0,8,0,Lee,2022-04-23
0,2,1,1,0,Lee,2022-04-24
0,5,4,1,0,Lee,2022-04-25
0,7,0,7,0,Lee,2022-04-28
0,7,1,6,0,Lee,2022-04-30
0,9,3,6,0,Lee,2022-05-02
0,6,1,5,0,Lee,2022-05-05
0,8,2,6,0,Lee,2022-05-06
0,7,0,7,0,Lee,2022-05-07
0,9,0,9,0,Lee,2022-05-10
0,12,3,9,0,Lee,2022-05-14
0,10,5,5,0,Lee,2022-05-21
0,13,1,12,0,Lee,2022-05-27
0,11,3,8,0,Lee,2022-05-28
0,4,3,1,0,Lee,2022-05-29
0,7,2,5,0,Lee,2022-06-04
0,19,4,15,0,Lee,2022-06-17
0,5,0,5,0,Lee,2022-06-19
0,10,5,5,0,Lee,2022-06-24
0,7,3,4,0,Lee,2022-06-26
1,25,6,19,0,Lee,2022-01-16
1,38,4,34,0,Lee,2022-02-03
1,26,3,23,0,Lee,2022-02-06
1,7,1,6,0,Lee,2022-02-12
1,13,1,12,0,Lee,2022-02-21
1,1,1,0,0,Lee,2022-03-15
1,5,3,2,0,Lee,2022-03-16
1,4,0,4,0,Lee,2022-03-18
1,5,0,5,0,Lee,2022-03-30
1,4,0,4,0,Lee,2022-04-04
1,1,0,1,0,Lee,2022-04-10
1,4,0,4,0,Lee,2022-04-19
1,6,1,5,0,Lee,2022-04-21
1,5,0,5,0,Lee,2022-04-26
1,12,1,11,0,Lee,2022-04-27
1,6,0,6,0,Lee,2022-04-29
1,3,1,2,0,Lee,2022-05-01
1,14,3,11,0,Lee,2022-05-03
1,14,3,11,0,Lee,2022-05-04
1,11,1,10,0,Lee,2022-05-08
1,17,1,16,0,Lee,2022-05-09
1,14,1,13,0,Lee,2022-05-11
1,15,0,15,0,Lee,2022-05-12
1,17,4,13,0,Lee,2022-05-13
1,23,4,19,0,Lee,2022-05-18
1,26,6,20,0,Lee,2022-05-25
1,19,3,16,0,Lee,2022-05-26
1,14,6,8,0,Lee,2022-05-30
1,12,0,12,0,Lee,2022-06-10
1,8,1,7,0,Lee,2022-06-11
1,9,2,7,0,Lee,2022-06-12
1,16,5,11,0,Lee,2022-06-16
1,8,2,6,0,Lee,2022-06-18
1,22,8,14,0,Lee,2022-06-20
1,11,2,9,0,Lee,2022-06-22
1,13,8,5,0,Lee,2022-06-25
1,4,3,1,0,Lee,2022-07-02
2,25,7,18,0,Lee,2022-01-29
2,22,2,20,0,Lee,2022-02-11
2,8,2,6,0,Lee,2022-02-20
2,7,0,7,0,Lee,2022-02-23
2,13,6,7,0,Lee,2022-05-15
2,26,5,21,0,Lee,2022-05-16
2,23,6,17,0,Lee,2022-05-17
2,23,5,18,0,Lee,2022-05-20
2,12,2,10,0,Lee,2022-05-22
2,32,7,25,0,Lee,2022-05-31
2,25,7,18,0,Lee,2022-06-02
2,22,10,12,0,Lee,2022-06-06
2,13,3,10,0,Lee,2022-06-08
2,20,4,16,0,Lee,2022-06-13
2,17,2,15,0,Lee,2022-06-15
2,21,4,17,0,Lee,2022-06-29
2,16,5,11,0,Lee,2022-07-01
3,9,2,7,0,Lee,2022-03-14
3,18,5,13,0,Lee,2022-05-19
3,25,8,17,0,Lee,2022-05-24
3,18,7,11,0,Lee,2022-06-05
3,26,7,19,0,Lee,2022-06-28
4,81,6,75,0,Lee,2022-01-31
4,41,3,38,0,Lee,2022-02-04
4,36,10,26,0,Lee,2022-02-07
4,28,4,24,0,Lee,2022-06-01
4,24,8,16,0,Lee,2022-06-07
4,24,6,18,0,Lee,2022-06-09
4,23,8,15,0,Lee,2022-06-21
4,16,6,10,0,Lee,2022-06-30
5,126,36,90,0,Lee,2022-01-25
6,78,11,67,0,Lee,2022-01-27
6,71,8,63,0,Lee,2022-02-02
6,19,9,10,0,Lee,2022-06-23
6,23,5,18,0,Lee,2022-06-27
7,80,13,67,0,Lee,2022-01-21
10,136,22,114,0,Lee,2022-01-26
10,31,7,24,0,Lee,2022-06-14
13,180,42,138,0,Lee,2022-01-24
14,161,12,149,0,Lee,2022-01-07
21,285,49,236,0,Lee,2022-01-13
21,239,51,188,0,Lee,2022-01-18
21,302,39,263,0,Lee,2022-01-19
,0,0,0,0,Lenoir,2022-03-12
,0,0,0,0,Lenoir,2022-03-15
,0,0,0,0,Lenoir,2022-03-16
,0,0,0,0,Lenoir,2022-03-19
,0,0,0,0,Lenoir,2022-03-20
,0,0,0,0,Lenoir,2022-03-25
,0,0,0,0,Lenoir,2022-04-01
,0,0,0,0,Lenoir,2022-04-02
,0,0,0,0,Lenoir,2022-04-07
,0,0,0,0,Lenoir,2022-04-16
,0,0,0,0,Lenoir,2022-04-17
,0,0,0,0,Lenoir,2022-05-01
,0,0,0,0,Lenoir,2022-05-06
0,43,16,27,0,Lenoir,2022-01-16
0,11,0,11,0,Lenoir,2022-02-18
0,4,0,4,0,Lenoir,2022-02-19
0,4,0,4,0,Lenoir,2022-02-20
0,1,0,1,0,Lenoir,2022-02-26
0,4,1,3,0,Lenoir,2022-02-27
0,7,1,6,0,Lenoir,2022-03-02
0,3,0,3,0,Lenoir,2022-03-03
0,8,1,7,0,Lenoir,2022-03-07
0,2,2,0,0,Lenoir,2022-03-09
0,4,0,4,0,Lenoir,2022-03-11
0,1,0,1,0,Lenoir,2022-03-13
0,2,0,2,0,Lenoir,2022-03-14
0,2,1,1,0,Lenoir,2022-03-22
0,1,0,1,0,Lenoir,2022-03-24
0,2,2,0,0,Lenoir,2022-03-29
0,1,0,1,0,Lenoir,2022-03-30
0,1,0,1,0,Lenoir,2022-04-03
0,1,1,0,0,Lenoir,2022-04-04
0,1,0,1,0,Lenoir,2022-04-06
0,1,0,1,0,Lenoir,2022-04-08
0,1,0,1,0,Lenoir,2022-04-09
0,1,0,1,0,Lenoir,2022-04-10
0,2,1,1,0,Lenoir,2022-04-13
0,1,1,0,0,Lenoir,2022-04-15
0,2,1,1,0,Lenoir,2022-04-19
0,2,1,1,0,Lenoir,2022-04-21
0,3,1,2,0,Lenoir,2022-04-22
0,1,1,0,0,Lenoir,2022-04-23
0,3,0,3,0,Lenoir,2022-04-25
0,4,1,3,0,Lenoir,2022-04-28
0,3,2,1,0,Lenoir,2022-04-29
0,3,3,0,0,Lenoir,2022-04-30
0,6,1,5,0,Lenoir,2022-05-02
0,2,0,2,0,Lenoir,2022-05-07
0,2,1,1,0,Lenoir,2022-05-08
0,4,1,3,0,Lenoir,2022-05-14
0,2,0,2,0,Lenoir,2022-05-21
0,16,5,11,0,Lenoir,2022-05-23
0,11,5,6,0,Lenoir,2022-05-26
0,14,5,9,0,Lenoir,2022-05-27
0,6,3,3,0,Lenoir,2022-05-28
0,7,1,6,0,Lenoir,2022-06-05
0,4,1,3,0,Lenoir,2022-06-11
0,13,6,7,0,Lenoir,2022-06-25
1,31,10,21,0,Lenoir,2022-02-04
1,6,4,2,0,Lenoir,2022-02-12
1,13,1,12,0,Lenoir,2022-02-21
1,7,1,6,0,Lenoir,2022-02-22
1,11,0,11,0,Lenoir,2022-02-24
1,2,0,2,0,Lenoir,2022-03-17
1,1,0,1,0,Lenoir,2022-03-18
1,1,0,1,0,Lenoir,2022-03-21
1,2,1,1,0,Lenoir,2022-03-28
1,2,0,2,0,Lenoir,2022-03-31
1,3,1,2,0,Lenoir,2022-04-05
1,2,0,2,0,Lenoir,2022-04-11
1,3,3,0,0,Lenoir,2022-04-24
1,2,1,1,0,Lenoir,2022-04-26
1,1,0,1,0,Lenoir,2022-04-27
1,7,0,7,0,Lenoir,2022-05-05
1,7,2,5,0,Lenoir,2022-05-10
1,4,2,2,0,Lenoir,2022-05-11
1,9,3,6,0,Lenoir,2022-05-13
1,9,3,6,0,Lenoir,2022-05-15
1,19,5,14,0,Lenoir,2022-05-16
1,11,1,10,0,Lenoir,2022-05-17
1,12,4,8,0,Lenoir,2022-05-20
1,6,5,1,0,Lenoir,2022-05-22
1,10,3,7,0,Lenoir,2022-05-24
1,3,1,2,0,Lenoir,2022-05-29
1,3,2,1,0,Lenoir,2022-05-30
1,17,8,9,0,Lenoir,2022-06-01
1,19,7,12,0,Lenoir,2022-06-07
1,11,3,8,0,Lenoir,2022-06-17
1,9,5,4,0,Lenoir,2022-06-19
1,13,6,7,0,Lenoir,2022-07-01
1,6,2,4,0,Lenoir,2022-07-02
2,10,3,7,0,Lenoir,2022-01-22
2,23,5,18,0,Lenoir,2022-02-11
2,14,2,12,0,Lenoir,2022-02-16
2,2,0,2,0,Lenoir,2022-03-27
2,3,0,3,0,Lenoir,2022-04-12
2,5,3,2,0,Lenoir,2022-04-18
2,3,2,1,0,Lenoir,2022-04-20
2,7,1,6,0,Lenoir,2022-05-03
2,8,3,5,0,Lenoir,2022-05-04
2,5,2,3,0,Lenoir,2022-05-09
2,13,4,9,0,Lenoir,2022-05-12
2,21,6,15,0,Lenoir,2022-06-02
2,17,3,14,0,Lenoir,2022-06-06
2,19,9,10,0,Lenoir,2022-06-08
2,18,11,7,0,Lenoir,2022-06-26
3,45,17,28,0,Lenoir,2022-01-08
3,7,1,6,0,Lenoir,2022-05-18
3,4,0,4,0,Lenoir,2022-06-04
3,19,6,13,0,Lenoir,2022-06-09
3,24,5,19,0,Lenoir,2022-06-21
3,18,7,11,0,Lenoir,2022-06-30
4,38,8,30,0,Lenoir,2022-01-21
4,43,14,29,0,Lenoir,2022-01-23
4,18,10,8,0,Lenoir,2022-05-25
4,18,3,15,0,Lenoir,2022-06-10
4,19,6,13,0,Lenoir,2022-06-14
4,16,6,10,0,Lenoir,2022-06-15
4,27,11,16,0,Lenoir,2022-06-16
4,19,5,14,0,Lenoir,2022-06-22
4,30,16,14,0,Lenoir,2022-06-24
4,28,7,21,0,Lenoir,2022-06-28
5,14,5,9,0,Lenoir,2022-05-19
5,27,7,20,0,Lenoir,2022-06-29
6,27,11,16,0,Lenoir,2022-06-13
7,53,10,43,0,Lenoir,2022-02-02
7,50,14,36,0,Lenoir,2022-02-03
7,44,9,35,0,Lenoir,2022-06-27
8,27,9,18,0,Lenoir,2022-02-10
9,48,25,23,0,Lenoir,2022-06-20
15,162,33,129,0,Lenoir,2022-01-07
15,261,45,216,0,Lenoir,2022-01-12
17,156,58,98,0,Lenoir,2022-01-17
21,162,52,110,0,Lenoir,2022-01-05
22,256,38,218,0,Lenoir,2022-01-11
29,228,51,177,0,Lenoir,2022-01-14
29,340,76,264,0,Lenoir,2022-01-19
44,311,74,237,0,Lenoir,2022-01-10
,0,0,0,0,Lincoln,2022-03-10
,0,0,0,0,Lincoln,2022-03-22
,0,0,0,0,Lincoln,2022-03-25
,0,0,0,0,Lincoln,2022-03-26
,0,0,0,0,Lincoln,2022-04-01
,0,0,0,0,Lincoln,2022-04-04
0,3,2,1,0,Lincoln,2022-02-26
0,4,2,2,0,Lincoln,2022-02-27
0,3,2,1,0,Lincoln,2022-03-03
0,5,2,3,0,Lincoln,2022-03-04
0,4,1,3,0,Lincoln,2022-03-05
0,1,1,0,0,Lincoln,2022-03-06
0,4,0,4,0,Lincoln,2022-03-12
0,1,0,1,0,Lincoln,2022-03-13
0,7,2,5,0,Lincoln,2022-03-14
0,9,0,9,0,Lincoln,2022-03-15
0,3,0,3,0,Lincoln,2022-03-17
0,2,1,1,0,Lincoln,2022-03-19
0,1,1,0,0,Lincoln,2022-03-20
0,1,0,1,0,Lincoln,2022-03-21
0,4,1,3,0,Lincoln,2022-03-23
0,2,0,2,0,Lincoln,2022-03-24
0,1,0,1,0,Lincoln,2022-03-27
0,1,0,1,0,Lincoln,2022-03-28
0,2,0,2,0,Lincoln,2022-03-30
0,2,0,2,0,Lincoln,2022-03-31
0,4,0,4,0,Lincoln,2022-04-02
0,1,0,1,0,Lincoln,2022-04-03
0,2,0,2,0,Lincoln,2022-04-06
0,2,1,1,0,Lincoln,2022-04-07
0,3,2,1,0,Lincoln,2022-04-10
0,4,1,3,0,Lincoln,2022-04-11
0,3,0,3,0,Lincoln,2022-04-13
0,9,1,8,0,Lincoln,2022-04-14
0,3,1,2,0,Lincoln,2022-04-16
0,1,0,1,0,Lincoln,2022-04-17
0,7,0,7,0,Lincoln,2022-04-18
0,6,2,4,0,Lincoln,2022-04-20
0,3,1,2,0,Lincoln,2022-04-21
0,5,0,5,0,Lincoln,2022-04-23
0,6,2,4,0,Lincoln,2022-04-24
0,20,2,18,0,Lincoln,2022-04-26
0,13,4,9,0,Lincoln,2022-04-29
0,9,3,6,0,Lincoln,2022-05-07
0,7,1,6,0,Lincoln,2022-05-28
0,5,2,3,0,Lincoln,2022-05-29
0,30,13,17,0,Lincoln,2022-06-01
1,16,5,11,0,Lincoln,2022-01-16
1,5,2,3,0,Lincoln,2022-02-23
1,16,1,15,0,Lincoln,2022-02-25
1,8,3,5,0,Lincoln,2022-03-07
1,3,0,3,0,Lincoln,2022-03-09
1,4,1,3,0,Lincoln,2022-03-11
1,4,0,4,0,Lincoln,2022-04-15
1,5,0,5,0,Lincoln,2022-04-19
1,4,0,4,0,Lincoln,2022-04-22
1,9,1,8,0,Lincoln,2022-04-25
1,6,0,6,0,Lincoln,2022-04-28
1,6,1,5,0,Lincoln,2022-04-30
1,14,2,12,0,Lincoln,2022-05-05
1,7,1,6,0,Lincoln,2022-05-08
1,5,2,3,0,Lincoln,2022-05-15
1,9,3,6,0,Lincoln,2022-05-21
1,16,4,12,0,Lincoln,2022-05-30
1,15,5,10,0,Lincoln,2022-06-03
1,15,2,13,0,Lincoln,2022-06-10
1,11,5,6,0,Lincoln,2022-06-25
1,15,4,11,0,Lincoln,2022-07-02
2,28,10,18,0,Lincoln,2022-02-17
2,14,9,5,0,Lincoln,2022-02-24
2,4,0,4,0,Lincoln,2022-03-08
2,4,1,3,0,Lincoln,2022-04-09
2,9,1,8,0,Lincoln,2022-04-27
2,14,2,12,0,Lincoln,2022-05-09
2,21,5,16,0,Lincoln,2022-05-10
2,26,7,19,0,Lincoln,2022-05-12
2,17,7,10,0,Lincoln,2022-05-14
2,27,5,22,0,Lincoln,2022-05-18
2,34,8,26,0,Lincoln,2022-05-19
2,10,0,10,0,Lincoln,2022-05-22
2,23,4,19,0,Lincoln,2022-05-25
2,27,8,19,0,Lincoln,2022-05-26
2,17,4,13,0,Lincoln,2022-05-27
2,26,8,18,0,Lincoln,2022-06-02
2,20,1,19,0,Lincoln,2022-06-05
2,17,2,15,0,Lincoln,2022-06-11
2,22,2,20,0,Lincoln,2022-06-13
2,25,5,20,0,Lincoln,2022-06-17
2,31,2,29,0,Lincoln,2022-06-18
2,15,4,11,0,Lincoln,2022-06-19
2,24,4,20,0,Lincoln,2022-06-21
2,27,5,22,0,Lincoln,2022-06-28
2,22,8,14,0,Lincoln,2022-06-30
3,42,7,35,0,Lincoln,2022-02-05
3,14,3,11,0,Lincoln,2022-02-19
3,23,4,19,0,Lincoln,2022-02-21
3,11,1,10,0,Lincoln,2022-02-28
3,4,0,4,0,Lincoln,2022-04-08
3,5,1,4,0,Lincoln,2022-04-12
3,12,1,11,0,Lincoln,2022-05-01
3,18,5,13,0,Lincoln,2022-05-03
3,23,5,18,0,Lincoln,2022-05-17
3,33,9,24,0,Lincoln,2022-05-24
3,18,2,16,0,Lincoln,2022-06-04
3,21,2,19,0,Lincoln,2022-06-09
3,15,2,13,0,Lincoln,2022-06-12
3,29,6,23,0,Lincoln,2022-06-24
3,22,7,15,0,Lincoln,2022-07-01
4,66,17,49,0,Lincoln,2022-01-09
4,19,7,12,0,Lincoln,2022-05-04
4,17,4,13,0,Lincoln,2022-05-06
4,20,4,16,0,Lincoln,2022-05-20
4,22,3,19,0,Lincoln,2022-06-08
4,17,5,12,0,Lincoln,2022-06-15
5,93,22,71,0,Lincoln,2022-01-22
5,26,8,18,0,Lincoln,2022-05-11
5,21,3,18,0,Lincoln,2022-05-13
5,27,3,24,0,Lincoln,2022-06-07
5,23,6,17,0,Lincoln,2022-06-14
5,26,5,21,0,Lincoln,2022-06-23
5,32,5,27,0,Lincoln,2022-06-27
6,24,4,20,0,Lincoln,2022-06-22
6,21,3,18,0,Lincoln,2022-06-26
7,60,20,40,0,Lincoln,2022-02-08
7,48,15,33,0,Lincoln,2022-02-14
7,44,15,29,0,Lincoln,2022-05-23
7,27,8,19,0,Lincoln,2022-06-16
7,28,8,20,0,Lincoln,2022-06-29
8,32,14,18,0,Lincoln,2022-05-16
9,108,41,67,0,Lincoln,2022-01-28
9,41,6,35,0,Lincoln,2022-05-31
9,39,12,27,0,Lincoln,2022-06-20
10,96,26,70,0,Lincoln,2022-02-02
10,85,27,58,0,Lincoln,2022-02-03
11,168,55,113,0,Lincoln,2022-01-07
11,89,28,61,0,Lincoln,2022-01-17
13,67,19,48,0,Lincoln,2022-02-09
19,180,63,117,0,Lincoln,2022-01-26
20,252,44,208,0,Lincoln,2022-01-05
25,228,78,150,0,Lincoln,2022-01-25
37,312,90,222,0,Lincoln,2022-01-14
,0,0,0,0,Macon,2022-03-05
,0,0,0,0,Macon,2022-03-06
,0,0,0,0,Macon,2022-03-12
,0,0,0,0,Macon,2022-03-13
,0,0,0,0,Macon,2022-03-20
,0,0,0,0,Macon,2022-03-22
,0,0,0,0,Macon,2022-03-23
,0,0,0,0,Macon,2022-03-24
,0,0,0,0,Macon,2022-03-25
,0,0,0,0,Macon,2022-03-26
,0,0,0,0,Macon,2022-03-27
,0,0,0,0,Macon,2022-03-28
,0,0,0,0,Macon,2022-03-31
,0,0,0,0,Macon,2022-04-09
,0,0,0,0,Macon,2022-04-11
,0,0,0,0,Macon,2022-04-16
,0,0,0,0,Macon,2022-04-17
,0,0,0,0,Macon,2022-05-14
,0,0,0,0,Macon,2022-05-22
0,28,4,24,0,Macon,2022-02-02
0,9,0,9,0,Macon,2022-02-05
0,5,1,4,0,Macon,2022-02-06
0,6,0,6,0,Macon,2022-02-12
0,3,0,3,0,Macon,2022-02-13
0,11,0,11,0,Macon,2022-02-15
0,12,2,10,0,Macon,2022-02-16
0,6,1,5,0,Macon,2022-02-18
0,3,0,3,0,Macon,2022-02-19
0,2,1,1,0,Macon,2022-02-20
0,2,1,1,0,Macon,2022-02-23
0,3,2,1,0,Macon,2022-02-25
0,2,1,1,0,Macon,2022-02-26
0,2,0,2,0,Macon,2022-02-28
0,2,0,2,0,Macon,2022-03-01
0,3,1,2,0,Macon,2022-03-03
0,2,0,2,0,Macon,2022-03-04
0,3,1,2,0,Macon,2022-03-08
0,1,0,1,0,Macon,2022-03-09
0,1,0,1,0,Macon,2022-03-10
0,2,0,2,0,Macon,2022-03-11
0,2,0,2,0,Macon,2022-03-14
0,2,0,2,0,Macon,2022-03-15
0,1,0,1,0,Macon,2022-03-16
0,2,0,2,0,Macon,2022-03-17
0,2,0,2,0,Macon,2022-03-18
0,3,1,2,0,Macon,2022-03-29
0,1,1,0,0,Macon,2022-04-01
0,1,0,1,0,Macon,2022-04-02
0,4,0,4,0,Macon,2022-04-03
0,1,1,0,0,Macon,2022-04-04
0,1,0,1,0,Macon,2022-04-05
0,2,1,1,0,Macon,2022-04-07
0,3,0,3,0,Macon,2022-04-08
0,1,0,1,0,Macon,2022-04-10
0,1,0,1,0,Macon,2022-04-12
0,1,0,1,0,Macon,2022-04-19
0,2,2,0,0,Macon,2022-04-20
0,1,0,1,0,Macon,2022-04-21
0,1,0,1,0,Macon,2022-04-22
0,1,0,1,0,Macon,2022-04-23
0,1,0,1,0,Macon,2022-04-24
0,4,0,4,0,Macon,2022-04-25
0,2,0,2,0,Macon,2022-04-26
0,2,1,1,0,Macon,2022-04-27
0,4,2,2,0,Macon,2022-04-28
0,1,0,1,0,Macon,2022-04-29
0,3,0,3,0,Macon,2022-04-30
0,2,0,2,0,Macon,2022-05-01
0,2,0,2,0,Macon,2022-05-02
0,1,0,1,0,Macon,2022-05-04
0,2,0,2,0,Macon,2022-05-07
0,4,0,4,0,Macon,2022-05-08
0,4,0,4,0,Macon,2022-05-09
0,2,1,1,0,Macon,2022-05-11
0,6,0,6,0,Macon,2022-05-12
0,2,0,2,0,Macon,2022-05-13
0,2,0,2,0,Macon,2022-05-15
0,4,1,3,0,Macon,2022-05-16
0,5,2,3,0,Macon,2022-05-17
0,11,0,11,0,Macon,2022-05-18
0,10,1,9,0,Macon,2022-05-19
0,7,1,6,0,Macon,2022-05-20
0,7,2,5,0,Macon,2022-05-21
0,7,1,6,0,Macon,2022-05-24
0,11,1,10,0,Macon,2022-05-25
0,8,6,2,0,Macon,2022-05-27
0,1,0,1,0,Macon,2022-05-28
0,3,0,3,0,Macon,2022-05-29
0,2,0,2,0,Macon,2022-05-30
0,4,1,3,0,Macon,2022-06-04
0,2,0,2,0,Macon,2022-06-05
0,4,2,2,0,Macon,2022-06-07
0,14,6,8,0,Macon,2022-06-08
0,6,0,6,0,Macon,2022-06-09
0,9,2,7,0,Macon,2022-06-10
0,4,0,4,0,Macon,2022-06-11
0,3,0,3,0,Macon,2022-06-12
0,7,3,4,0,Macon,2022-06-13
0,1,0,1,0,Macon,2022-06-19
0,4,1,3,0,Macon,2022-06-23
0,3,1,2,0,Macon,2022-06-24
0,2,0,2,0,Macon,2022-06-26
0,5,0,5,0,Macon,2022-07-02
1,63,10,53,0,Macon,2022-01-05
1,16,1,15,0,Macon,2022-01-08
1,28,6,22,0,Macon,2022-01-17
1,33,9,24,0,Macon,2022-01-28
1,7,0,7,0,Macon,2022-01-29
1,11,2,9,0,Macon,2022-02-14
1,7,3,4,0,Macon,2022-02-21
1,2,1,1,0,Macon,2022-04-06
1,1,0,1,0,Macon,2022-04-14
1,2,1,1,0,Macon,2022-04-18
1,3,2,1,0,Macon,2022-05-03
1,1,0,1,0,Macon,2022-05-05
1,1,0,1,0,Macon,2022-05-06
1,8,2,6,0,Macon,2022-05-26
1,12,6,6,0,Macon,2022-06-01
1,12,2,10,0,Macon,2022-06-06
1,19,8,11,0,Macon,2022-06-15
1,7,0,7,0,Macon,2022-06-16
1,12,0,12,0,Macon,2022-06-20
1,7,1,6,0,Macon,2022-06-25
1,10,5,5,0,Macon,2022-06-28
1,6,1,5,0,Macon,2022-06-29
1,6,4,2,0,Macon,2022-06-30
1,6,2,4,0,Macon,2022-07-01
2,23,3,20,0,Macon,2022-01-15
2,28,4,24,0,Macon,2022-01-22
2,19,3,16,0,Macon,2022-01-23
2,28,4,24,0,Macon,2022-02-04
2,34,7,27,0,Macon,2022-02-07
2,15,1,14,0,Macon,2022-02-09
2,16,5,11,0,Macon,2022-02-11
2,11,3,8,0,Macon,2022-05-23
2,9,2,7,0,Macon,2022-05-31
2,7,1,6,0,Macon,2022-06-02
2,10,2,8,0,Macon,2022-06-17
2,9,0,9,0,Macon,2022-06-21
2,9,0,9,0,Macon,2022-06-22
3,51,4,47,0,Macon,2022-01-25
3,16,2,14,0,Macon,2022-01-30
3,6,2,4,0,Macon,2022-06-03
3,16,6,10,0,Macon,2022-06-14
3,14,2,12,0,Macon,2022-06-27
4,32,6,26,0,Macon,2022-02-01
4,25,6,19,0,Macon,2022-02-03
5,52,5,47,0,Macon,2022-01-26
6,91,29,62,0,Macon,2022-01-13
7,74,12,62,0,Macon,2022-01-21
9,90,15,75,0,Macon,2022-01-11
12,111,34,77,0,Macon,2022-01-10
,0,0,0,0,Madison,2022-03-05
,0,0,0,0,Madison,2022-03-12
,0,0,0,0,Madison,2022-03-19
,0,0,0,0,Madison,2022-03-20
,0,0,0,0,Madison,2022-03-23
,0,0,0,0,Madison,2022-03-25
,0,0,0,0,Madison,2022-03-26
,0,0,0,0,Madison,2022-03-27
,0,0,0,0,Madison,2022-03-30
,0,0,0,0,Madison,2022-04-01
,0,0,0,0,Madison,2022-04-02
,0,0,0,0,Madison,2022-04-03
,0,0,0,0,Madison,2022-04-04
,0,0,0,0,Madison,2022-04-09
,0,0,0,0,Madison,2022-04-15
,0,0,0,0,Madison,2022-05-01
,0,0,0,0,Madison,2022-05-15
,0,0,0,0,Madison,2022-06-26
0,4,1,3,0,Madison,2022-01-16
0,43,4,39,0,Madison,2022-01-28
0,5,2,3,0,Madison,2022-01-29
0,9,2,7,0,Madison,2022-02-12
0,11,2,9,0,Madison,2022-02-18
0,2,1,1,0,Madison,2022-02-19
0,4,4,0,0,Madison,2022-02-20
0,5,0,5,0,Madison,2022-02-23
0,8,4,4,0,Madison,2022-02-25
0,3,0,3,0,Madison,2022-02-27
0,5,2,3,0,Madison,2022-03-02
0,3,1,2,0,Madison,2022-03-03
0,4,1,3,0,Madison,2022-03-04
0,1,1,0,0,Madison,2022-03-06
0,3,0,3,0,Madison,2022-03-07
0,4,2,2,0,Madison,2022-03-08
0,2,0,2,0,Madison,2022-03-10
0,1,0,1,0,Madison,2022-03-11
0,1,1,0,0,Madison,2022-03-13
0,2,0,2,0,Madison,2022-03-15
0,2,1,1,0,Madison,2022-03-16
0,1,0,1,0,Madison,2022-03-17
0,1,0,1,0,Madison,2022-03-18
0,1,0,1,0,Madison,2022-03-21
0,1,0,1,0,Madison,2022-03-22
0,1,0,1,0,Madison,2022-03-24
0,3,0,3,0,Madison,2022-03-28
0,2,0,2,0,Madison,2022-03-29
0,3,0,3,0,Madison,2022-03-31
0,3,1,2,0,Madison,2022-04-05
0,3,1,2,0,Madison,2022-04-06
0,2,2,0,0,Madison,2022-04-07
0,1,0,1,0,Madison,2022-04-08
0,3,2,1,0,Madison,2022-04-12
0,3,0,3,0,Madison,2022-04-13
0,1,1,0,0,Madison,2022-04-16
0,1,0,1,0,Madison,2022-04-17
0,2,1,1,0,Madison,2022-04-19
0,6,1,5,0,Madison,2022-04-20
0,3,0,3,0,Madison,2022-04-21
0,4,1,3,0,Madison,2022-04-22
0,2,2,0,0,Madison,2022-04-23
0,2,1,1,0,Madison,2022-04-24
0,3,2,1,0,Madison,2022-04-25
0,2,1,1,0,Madison,2022-04-29
0,1,0,1,0,Madison,2022-04-30
0,3,2,1,0,Madison,2022-05-02
0,1,0,1,0,Madison,2022-05-03
0,4,3,1,0,Madison,2022-05-04
0,4,3,1,0,Madison,2022-05-05
0,6,4,2,0,Madison,2022-05-06
0,1,1,0,0,Madison,2022-05-07
0,3,2,1,0,Madison,2022-05-08
0,8,2,6,0,Madison,2022-05-09
0,7,6,1,0,Madison,2022-05-10
0,9,6,3,0,Madison,2022-05-12
0,11,6,5,0,Madison,2022-05-13
0,6,4,2,0,Madison,2022-05-21
0,6,2,4,0,Madison,2022-05-24
0,1,0,1,0,Madison,2022-05-29
0,13,6,7,0,Madison,2022-05-31
0,6,2,4,0,Madison,2022-06-02
0,11,1,10,0,Madison,2022-06-03
0,3,3,0,0,Madison,2022-06-05
0,6,1,5,0,Madison,2022-06-09
0,5,3,2,0,Madison,2022-06-10
0,1,1,0,0,Madison,2022-06-11
0,2,1,1,0,Madison,2022-06-12
0,5,2,3,0,Madison,2022-06-13
0,5,2,3,0,Madison,2022-06-15
0,8,1,7,0,Madison,2022-06-16
0,5,2,3,0,Madison,2022-06-17
0,4,1,3,0,Madison,2022-06-18
0,3,1,2,0,Madison,2022-06-19
0,3,2,1,0,Madison,2022-06-23
0,2,0,2,0,Madison,2022-06-25
0,12,7,5,0,Madison,2022-06-27
0,8,3,5,0,Madison,2022-06-29
0,1,1,0,0,Madison,2022-07-01
0,1,0,1,0,Madison,2022-07-02
1,43,5,38,0,Madison,2022-01-21
1,10,5,5,0,Madison,2022-01-23
1,12,1,11,0,Madison,2022-01-30
1,7,1,6,0,Madison,2022-02-05
1,29,5,24,0,Madison,2022-02-09
1,7,3,4,0,Madison,2022-02-13
1,31,6,25,0,Madison,2022-02-14
1,19,3,16,0,Madison,2022-02-17
1,6,4,2,0,Madison,2022-02-28
1,6,0,6,0,Madison,2022-03-01
1,4,0,4,0,Madison,2022-03-14
1,2,0,2,0,Madison,2022-04-10
1,4,2,2,0,Madison,2022-04-11
1,5,2,3,0,Madison,2022-04-14
1,6,2,4,0,Madison,2022-04-18
1,8,0,8,0,Madison,2022-04-26
1,7,4,3,0,Madison,2022-04-28
1,13,4,9,0,Madison,2022-05-17
1,6,3,3,0,Madison,2022-05-20
1,5,4,1,0,Madison,2022-05-26
1,3,0,3,0,Madison,2022-05-27
1,5,3,2,0,Madison,2022-05-30
1,4,1,3,0,Madison,2022-06-04
1,7,4,3,0,Madison,2022-06-06
1,7,1,6,0,Madison,2022-06-08
1,10,5,5,0,Madison,2022-06-14
1,10,4,6,0,Madison,2022-06-20
1,8,4,4,0,Madison,2022-06-21
1,9,5,4,0,Madison,2022-06-22
1,2,0,2,0,Madison,2022-06-24
1,8,5,3,0,Madison,2022-06-28
1,3,1,2,0,Madison,2022-06-30
2,38,7,31,0,Madison,2022-01-26
2,37,8,29,0,Madison,2022-02-03
2,25,5,20,0,Madison,2022-02-16
2,19,6,13,0,Madison,2022-02-21
2,7,3,4,0,Madison,2022-02-24
2,6,4,2,0,Madison,2022-05-11
2,5,3,2,0,Madison,2022-05-14
2,8,5,3,0,Madison,2022-05-18
2,11,8,3,0,Madison,2022-05-19
2,7,4,3,0,Madison,2022-05-22
2,13,9,4,0,Madison,2022-05-23
2,7,2,5,0,Madison,2022-05-25
2,2,1,1,0,Madison,2022-05-28
2,9,3,6,0,Madison,2022-06-01
3,18,7,11,0,Madison,2022-02-04
3,27,7,20,0,Madison,2022-02-10
3,5,0,5,0,Madison,2022-04-27
4,33,2,31,0,Madison,2022-01-22
4,52,13,39,0,Madison,2022-02-07
4,18,2,16,0,Madison,2022-02-08
5,50,5,45,0,Madison,2022-01-04
5,30,2,28,0,Madison,2022-01-07
5,94,12,82,0,Madison,2022-01-10
5,62,9,53,0,Madison,2022-01-11
5,83,10,73,0,Madison,2022-01-12
5,34,2,32,0,Madison,2022-01-15
6,82,7,75,0,Madison,2022-01-05
6,20,1,19,0,Madison,2022-01-17
6,36,11,25,0,Madison,2022-02-02
7,57,3,54,0,Madison,2022-01-13
8,47,7,40,0,Madison,2022-01-31
8,26,17,9,0,Madison,2022-05-16
10,52,10,42,0,Madison,2022-01-20
10,74,19,55,0,Madison,2022-01-24
,0,0,0,0,Martin,2022-02-17
,0,0,0,0,Martin,2022-03-06
,0,0,0,0,Martin,2022-03-08
,0,0,0,0,Martin,2022-03-12
,0,0,0,0,Martin,2022-03-13
,0,0,0,0,Martin,2022-03-14
,0,0,0,0,Martin,2022-03-17
,0,0,0,0,Martin,2022-03-18
,0,0,0,0,Martin,2022-03-19
,0,0,0,0,Martin,2022-03-20
,0,0,0,0,Martin,2022-03-21
,0,0,0,0,Martin,2022-03-22
,0,0,0,0,Martin,2022-03-24
,0,0,0,0,Martin,2022-03-25
,0,0,0,0,Martin,2022-03-26
,0,0,0,0,Martin,2022-03-27
,0,0,0,0,Martin,2022-03-28
,0,0,0,0,Martin,2022-03-29
,0,0,0,0,Martin,2022-03-30
,0,0,0,0,Martin,2022-03-31
,0,0,0,0,Martin,2022-04-02
,0,0,0,0,Martin,2022-04-03
,0,0,0,0,Martin,2022-04-04
,0,0,0,0,Martin,2022-04-05
,0,0,0,0,Martin,2022-04-08
,0,0,0,0,Martin,2022-04-09
,0,0,0,0,Martin,2022-04-10
,0,0,0,0,Martin,2022-04-11
,0,0,0,0,Martin,2022-04-14
,0,0,0,0,Martin,2022-04-15
,0,0,0,0,Martin,2022-04-16
,0,0,0,0,Martin,2022-04-17
,0,0,0,0,Martin,2022-04-18
,0,0,0,0,Martin,2022-04-19
,0,0,0,0,Martin,2022-04-23
,0,0,0,0,Martin,2022-04-24
,0,0,0,0,Martin,2022-04-30
,0,0,0,0,Martin,2022-05-01
,0,0,0,0,Martin,2022-05-07
,0,0,0,0,Martin,2022-06-25
0,2,1,1,0,Martin,2022-01-22
0,2,0,2,0,Martin,2022-01-29
0,3,1,2,0,Martin,2022-01-30
0,12,0,12,0,Martin,2022-02-04
0,1,0,1,0,Martin,2022-02-06
0,3,1,2,0,Martin,2022-02-19
0,1,0,1,0,Martin,2022-02-20
0,10,1,9,0,Martin,2022-02-21
0,3,0,3,0,Martin,2022-02-22
0,2,0,2,0,Martin,2022-02-23
0,2,0,2,0,Martin,2022-02-24
0,1,0,1,0,Martin,2022-03-04
0,1,0,1,0,Martin,2022-03-05
0,1,0,1,0,Martin,2022-03-10
0,1,0,1,0,Martin,2022-03-11
0,1,1,0,0,Martin,2022-03-15
0,1,0,1,0,Martin,2022-03-16
0,1,0,1,0,Martin,2022-03-23
0,1,0,1,0,Martin,2022-04-01
0,2,1,1,0,Martin,2022-04-06
0,1,0,1,0,Martin,2022-04-07
0,1,1,0,0,Martin,2022-04-12
0,1,0,1,0,Martin,2022-04-13
0,3,2,1,0,Martin,2022-04-20
0,2,0,2,0,Martin,2022-04-22
0,4,3,1,0,Martin,2022-04-25
0,2,0,2,0,Martin,2022-04-28
0,3,0,3,0,Martin,2022-05-03
0,3,2,1,0,Martin,2022-05-05
0,1,0,1,0,Martin,2022-05-08
0,2,1,1,0,Martin,2022-05-10
0,1,1,0,0,Martin,2022-05-11
0,4,1,3,0,Martin,2022-05-12
0,5,0,5,0,Martin,2022-05-13
0,4,1,3,0,Martin,2022-05-14
0,1,0,1,0,Martin,2022-05-15
0,5,1,4,0,Martin,2022-05-17
0,9,2,7,0,Martin,2022-05-18
0,3,2,1,0,Martin,2022-05-21
0,4,2,2,0,Martin,2022-05-25
0,4,0,4,0,Martin,2022-05-29
0,15,4,11,0,Martin,2022-05-31
0,4,1,3,0,Martin,2022-06-04
0,1,0,1,0,Martin,2022-06-05
0,9,2,7,0,Martin,2022-06-09
0,2,0,2,0,Martin,2022-06-10
0,2,0,2,0,Martin,2022-06-12
0,3,0,3,0,Martin,2022-06-17
0,2,0,2,0,Martin,2022-06-19
0,12,4,8,0,Martin,2022-06-21
0,9,2,7,0,Martin,2022-06-22
1,20,6,14,0,Martin,2022-01-09
1,4,0,4,0,Martin,2022-01-21
1,11,2,9,0,Martin,2022-02-05
1,19,1,18,0,Martin,2022-02-07
1,10,1,9,0,Martin,2022-02-10
1,14,1,13,0,Martin,2022-02-11
1,4,0,4,0,Martin,2022-02-15
1,4,1,3,0,Martin,2022-02-16
1,4,0,4,0,Martin,2022-02-18
1,4,0,4,0,Martin,2022-03-01
1,1,0,1,0,Martin,2022-03-02
1,1,0,1,0,Martin,2022-03-03
1,2,0,2,0,Martin,2022-03-07
1,2,1,1,0,Martin,2022-04-21
1,2,0,2,0,Martin,2022-04-27
1,3,1,2,0,Martin,2022-04-29
1,5,2,3,0,Martin,2022-05-04
1,2,1,1,0,Martin,2022-05-06
1,3,1,2,0,Martin,2022-05-09
1,9,2,7,0,Martin,2022-05-16
1,11,4,7,0,Martin,2022-05-19
1,5,1,4,0,Martin,2022-05-22
1,7,2,5,0,Martin,2022-05-26
1,7,3,4,0,Martin,2022-05-27
1,4,2,2,0,Martin,2022-05-28
1,2,1,1,0,Martin,2022-05-30
1,8,2,6,0,Martin,2022-06-01
1,9,4,5,0,Martin,2022-06-02
1,6,2,4,0,Martin,2022-06-03
1,2,0,2,0,Martin,2022-06-11
1,14,2,12,0,Martin,2022-06-14
1,13,3,10,0,Martin,2022-06-15
1,12,3,9,0,Martin,2022-06-20
1,3,0,3,0,Martin,2022-06-26
1,13,3,10,0,Martin,2022-06-28
1,4,2,2,0,Martin,2022-06-29
1,11,5,6,0,Martin,2022-06-30
1,3,1,2,0,Martin,2022-07-02
2,41,2,39,0,Martin,2022-01-31
2,21,1,20,0,Martin,2022-02-02
2,15,1,14,0,Martin,2022-02-08
2,9,2,7,0,Martin,2022-02-14
2,6,2,4,0,Martin,2022-05-02
2,9,2,7,0,Martin,2022-05-23
2,14,5,9,0,Martin,2022-05-24
2,14,5,9,0,Martin,2022-06-07
2,13,4,9,0,Martin,2022-06-08
2,11,2,9,0,Martin,2022-06-13
2,11,2,9,0,Martin,2022-06-23
2,7,3,4,0,Martin,2022-06-24
2,10,3,7,0,Martin,2022-06-27
2,7,5,2,0,Martin,2022-07-01
3,44,9,35,0,Martin,2022-01-08
3,34,2,32,0,Martin,2022-01-28
3,45,4,41,0,Martin,2022-02-01
3,14,6,8,0,Martin,2022-06-06
3,12,3,9,0,Martin,2022-06-16
4,11,4,7,0,Martin,2022-05-20
6,78,8,70,0,Martin,2022-01-05
6,111,11,100,0,Martin,2022-01-10
8,105,9,96,0,Martin,2022-01-04
8,92,5,87,0,Martin,2022-01-13
8,94,23,71,0,Martin,2022-01-14
9,95,23,72,0,Martin,2022-01-17
,0,0,0,0,McDowell,2022-03-12
,0,0,0,0,McDowell,2022-03-19
,0,0,0,0,McDowell,2022-03-23
,0,0,0,0,McDowell,2022-03-26
,0,0,0,0,McDowell,2022-03-27
,0,0,0,0,McDowell,2022-03-31
,0,0,0,0,McDowell,2022-04-03
,0,0,0,0,McDowell,2022-04-15
0,13,2,11,0,McDowell,2022-02-24
0,6,1,5,0,McDowell,2022-02-25
0,3,2,1,0,McDowell,2022-02-26
0,7,1,6,0,McDowell,2022-02-27
0,12,1,11,0,McDowell,2022-03-01
0,4,0,4,0,McDowell,2022-03-04
0,5,0,5,0,McDowell,2022-03-07
0,4,3,1,0,McDowell,2022-03-10
0,2,0,2,0,McDowell,2022-03-11
0,1,1,0,0,McDowell,2022-03-13
0,2,0,2,0,McDowell,2022-03-14
0,5,1,4,0,McDowell,2022-03-16
0,1,1,0,0,McDowell,2022-03-17
0,1,0,1,0,McDowell,2022-03-18
0,1,1,0,0,McDowell,2022-03-20
0,2,1,1,0,McDowell,2022-03-21
0,1,1,0,0,McDowell,2022-03-24
0,2,0,2,0,McDowell,2022-03-25
0,2,0,2,0,McDowell,2022-03-28
0,3,0,3,0,McDowell,2022-03-29
0,1,0,1,0,McDowell,2022-03-30
0,2,0,2,0,McDowell,2022-04-02
0,3,2,1,0,McDowell,2022-04-04
0,1,0,1,0,McDowell,2022-04-05
0,4,0,4,0,McDowell,2022-04-07
0,2,1,1,0,McDowell,2022-04-08
0,2,0,2,0,McDowell,2022-04-09
0,3,0,3,0,McDowell,2022-04-11
0,2,0,2,0,McDowell,2022-04-12
0,2,0,2,0,McDowell,2022-04-13
0,1,0,1,0,McDowell,2022-04-16
0,1,1,0,0,McDowell,2022-04-17
0,5,2,3,0,McDowell,2022-04-19
0,5,2,3,0,McDowell,2022-04-22
0,3,1,2,0,McDowell,2022-04-23
0,1,1,0,0,McDowell,2022-04-24
0,6,0,6,0,McDowell,2022-04-26
0,1,0,1,0,McDowell,2022-04-30
0,9,2,7,0,McDowell,2022-05-02
0,7,0,7,0,McDowell,2022-05-03
0,9,2,7,0,McDowell,2022-05-04
0,3,0,3,0,McDowell,2022-05-07
0,5,1,4,0,McDowell,2022-05-08
0,3,0,3,0,McDowell,2022-05-10
0,3,2,1,0,McDowell,2022-05-12
0,9,0,9,0,McDowell,2022-05-13
0,7,0,7,0,McDowell,2022-05-14
0,8,1,7,0,McDowell,2022-05-22
0,9,1,8,0,McDowell,2022-05-28
0,19,3,16,0,McDowell,2022-06-15
0,8,0,8,0,McDowell,2022-06-25
1,41,20,21,0,McDowell,2022-02-05
1,20,8,12,0,McDowell,2022-02-12
1,6,2,4,0,McDowell,2022-02-19
1,13,1,12,0,McDowell,2022-02-20
1,10,1,9,0,McDowell,2022-02-28
1,5,2,3,0,McDowell,2022-03-05
1,3,1,2,0,McDowell,2022-03-09
1,3,0,3,0,McDowell,2022-03-15
1,5,0,5,0,McDowell,2022-04-01
1,2,2,0,0,McDowell,2022-04-06
1,1,0,1,0,McDowell,2022-04-10
1,4,2,2,0,McDowell,2022-04-14
1,4,1,3,0,McDowell,2022-04-18
1,8,1,7,0,McDowell,2022-04-20
1,5,0,5,0,McDowell,2022-04-25
1,5,1,4,0,McDowell,2022-04-27
1,4,2,2,0,McDowell,2022-04-28
1,1,0,1,0,McDowell,2022-05-01
1,8,2,6,0,McDowell,2022-05-05
1,9,0,9,0,McDowell,2022-05-06
1,6,0,6,0,McDowell,2022-05-15
1,13,2,11,0,McDowell,2022-05-25
1,8,1,7,0,McDowell,2022-06-07
1,7,2,5,0,McDowell,2022-06-09
1,14,2,12,0,McDowell,2022-06-14
1,19,3,16,0,McDowell,2022-06-17
1,8,4,4,0,McDowell,2022-06-19
1,19,7,12,0,McDowell,2022-06-20
1,10,1,9,0,McDowell,2022-06-21
1,5,0,5,0,McDowell,2022-06-26
1,16,0,16,0,McDowell,2022-06-29
1,8,0,8,0,McDowell,2022-07-01
1,3,0,3,0,McDowell,2022-07-02
2,42,17,25,0,McDowell,2022-01-30
2,36,16,20,0,McDowell,2022-02-09
2,19,6,13,0,McDowell,2022-02-13
2,33,16,17,0,McDowell,2022-02-17
2,17,4,13,0,McDowell,2022-02-22
2,6,3,3,0,McDowell,2022-04-21
2,7,4,3,0,McDowell,2022-04-29
2,17,4,13,0,McDowell,2022-05-09
2,13,0,13,0,McDowell,2022-05-11
2,12,0,12,0,McDowell,2022-05-16
2,15,3,12,0,McDowell,2022-05-17
2,8,1,7,0,McDowell,2022-05-19
2,11,1,10,0,McDowell,2022-05-21
2,26,3,23,0,McDowell,2022-05-23
2,18,1,17,0,McDowell,2022-05-24
2,14,1,13,0,McDowell,2022-05-27
2,17,2,15,0,McDowell,2022-05-31
2,19,2,17,0,McDowell,2022-06-04
2,14,2,12,0,McDowell,2022-06-08
2,10,0,10,0,McDowell,2022-06-10
2,10,5,5,0,McDowell,2022-06-18
2,15,1,14,0,McDowell,2022-06-22
2,19,3,16,0,McDowell,2022-06-23
2,15,2,13,0,McDowell,2022-06-30
3,40,8,32,0,McDowell,2022-01-17
3,15,3,12,0,McDowell,2022-02-23
3,20,4,16,0,McDowell,2022-05-18
3,12,0,12,0,McDowell,2022-05-20
3,13,1,12,0,McDowell,2022-05-26
3,10,0,10,0,McDowell,2022-05-29
3,23,2,21,0,McDowell,2022-06-01
3,21,1,20,0,McDowell,2022-06-02
3,8,2,6,0,McDowell,2022-06-03
3,10,0,10,0,McDowell,2022-06-11
3,18,2,16,0,McDowell,2022-06-28
4,19,0,19,0,McDowell,2022-06-05
4,15,0,15,0,McDowell,2022-06-12
4,16,5,11,0,McDowell,2022-06-13
4,20,11,9,0,McDowell,2022-06-16
4,18,2,16,0,McDowell,2022-06-24
4,27,10,17,0,McDowell,2022-06-27
5,56,16,40,0,McDowell,2022-01-22
6,51,14,37,0,McDowell,2022-01-08
6,56,26,30,0,McDowell,2022-01-29
7,40,14,26,0,McDowell,2022-02-15
8,97,31,66,0,McDowell,2022-01-06
8,111,54,57,0,McDowell,2022-01-21
8,28,4,24,0,McDowell,2022-02-18
9,118,33,85,0,McDowell,2022-01-26
10,110,30,80,0,McDowell,2022-01-04
10,101,30,71,0,McDowell,2022-01-07
11,110,25,85,0,McDowell,2022-01-05
11,120,39,81,0,McDowell,2022-01-14
13,125,45,80,0,McDowell,2022-01-28
14,162,33,129,0,McDowell,2022-01-10
1,28,8,20,0,Mecklenburg,2022-03-12
1,20,5,15,0,Mecklenburg,2022-03-13
1,52,9,43,0,Mecklenburg,2022-03-14
1,37,7,30,0,Mecklenburg,2022-03-18
1,38,8,30,0,Mecklenburg,2022-03-26
1,46,4,42,0,Mecklenburg,2022-04-09
2,65,17,48,0,Mecklenburg,2022-03-23
2,69,14,55,0,Mecklenburg,2022-03-30
3,69,17,52,0,Mecklenburg,2022-03-31
3,59,10,49,0,Mecklenburg,2022-04-10
4,52,9,43,0,Mecklenburg,2022-03-15
4,39,5,34,0,Mecklenburg,2022-03-27
5,95,24,71,0,Mecklenburg,2022-03-02
5,122,30,92,0,Mecklenburg,2022-04-23
6,51,9,42,0,Mecklenburg,2022-03-22
7,62,10,52,0,Mecklenburg,2022-04-01
8,104,17,87,0,Mecklenburg,2022-04-05
8,69,3,66,0,Mecklenburg,2022-04-17
9,57,14,43,0,Mecklenburg,2022-02-26
9,92,24,68,0,Mecklenburg,2022-04-04
9,156,33,123,0,Mecklenburg,2022-04-30
10,155,26,129,0,Mecklenburg,2022-04-12
10,141,27,114,0,Mecklenburg,2022-04-24
10,301,46,255,0,Mecklenburg,2022-05-15
11,191,38,153,0,Mecklenburg,2022-04-13
12,132,19,113,0,Mecklenburg,2022-04-15
13,130,18,112,0,Mecklenburg,2022-04-07
13,151,22,129,0,Mecklenburg,2022-04-11
14,183,23,160,0,Mecklenburg,2022-04-14
15,245,36,209,0,Mecklenburg,2022-04-21
15,249,37,212,0,Mecklenburg,2022-04-29
15,192,21,171,0,Mecklenburg,2022-05-01
16,261,49,212,0,Mecklenburg,2022-04-28
16,231,26,205,0,Mecklenburg,2022-05-07
17,174,29,145,0,Mecklenburg,2022-04-22
19,225,34,191,0,Mecklenburg,2022-04-20
19,303,48,255,0,Mecklenburg,2022-04-27
20,292,45,247,0,Mecklenburg,2022-05-21
21,280,42,238,0,Mecklenburg,2022-05-28
23,277,24,253,0,Mecklenburg,2022-05-29
24,316,42,274,0,Mecklenburg,2022-05-22
24,220,37,183,0,Mecklenburg,2022-05-30
24,259,27,232,0,Mecklenburg,2022-06-05
24,236,27,209,0,Mecklenburg,2022-07-02
25,290,41,249,0,Mecklenburg,2022-04-25
25,240,32,208,0,Mecklenburg,2022-06-11
26,314,60,254,0,Mecklenburg,2022-05-06
28,368,66,302,0,Mecklenburg,2022-05-05
29,396,62,334,0,Mecklenburg,2022-05-03
29,309,27,282,0,Mecklenburg,2022-05-14
30,327,44,283,0,Mecklenburg,2022-06-25
32,268,52,216,0,Mecklenburg,2022-04-26
32,264,38,226,0,Mecklenburg,2022-06-18
32,286,34,252,0,Mecklenburg,2022-06-19
34,461,75,386,0,Mecklenburg,2022-05-26
35,504,66,438,0,Mecklenburg,2022-05-19
35,452,45,407,0,Mecklenburg,2022-06-09
36,454,64,390,0,Mecklenburg,2022-05-13
38,379,29,350,0,Mecklenburg,2022-06-17
40,392,65,327,0,Mecklenburg,2022-05-02
40,416,68,348,0,Mecklenburg,2022-05-20
43,494,57,437,0,Mecklenburg,2022-05-24
43,418,65,353,0,Mecklenburg,2022-06-03
44,468,90,378,0,Mecklenburg,2022-05-16
44,460,48,412,0,Mecklenburg,2022-06-22
46,466,68,398,0,Mecklenburg,2022-05-09
46,509,75,434,0,Mecklenburg,2022-05-25
47,427,47,380,0,Mecklenburg,2022-06-15
48,454,55,399,0,Mecklenburg,2022-06-21
49,483,55,428,0,Mecklenburg,2022-05-10
49,415,49,366,0,Mecklenburg,2022-06-07
50,456,64,392,0,Mecklenburg,2022-06-06
52,522,68,454,0,Mecklenburg,2022-06-30
55,412,50,362,0,Mecklenburg,2022-07-01
56,526,77,449,0,Mecklenburg,2022-05-18
56,427,43,384,0,Mecklenburg,2022-06-14
56,412,45,367,0,Mecklenburg,2022-06-16
57,466,47,419,0,Mecklenburg,2022-06-20
59,554,79,475,0,Mecklenburg,2022-05-17
62,568,65,503,0,Mecklenburg,2022-06-01
67,409,54,355,0,Mecklenburg,2022-06-24
70,519,52,467,0,Mecklenburg,2022-06-28
76,567,65,502,0,Mecklenburg,2022-06-29
,0,0,0,0,Mitchell,2022-02-17
,0,0,0,0,Mitchell,2022-02-27
,0,0,0,0,Mitchell,2022-03-05
,0,0,0,0,Mitchell,2022-03-06
,0,0,0,0,Mitchell,2022-03-10
,0,0,0,0,Mitchell,2022-03-12
,0,0,0,0,Mitchell,2022-03-14
,0,0,0,0,Mitchell,2022-03-16
,0,0,0,0,Mitchell,2022-03-18
,0,0,0,0,Mitchell,2022-03-22
,0,0,0,0,Mitchell,2022-03-23
,0,0,0,0,Mitchell,2022-03-26
,0,0,0,0,Mitchell,2022-03-27
,0,0,0,0,Mitchell,2022-03-28
,0,0,0,0,Mitchell,2022-04-01
,0,0,0,0,Mitchell,2022-04-02
,0,0,0,0,Mitchell,2022-04-03
,0,0,0,0,Mitchell,2022-04-04
,0,0,0,0,Mitchell,2022-04-05
,0,0,0,0,Mitchell,2022-04-06
,0,0,0,0,Mitchell,2022-04-07
,0,0,0,0,Mitchell,2022-04-09
,0,0,0,0,Mitchell,2022-04-10
,0,0,0,0,Mitchell,2022-04-11
,0,0,0,0,Mitchell,2022-04-14
,0,0,0,0,Mitchell,2022-04-16
,0,0,0,0,Mitchell,2022-04-17
,0,0,0,0,Mitchell,2022-04-18
,0,0,0,0,Mitchell,2022-04-19
,0,0,0,0,Mitchell,2022-04-23
,0,0,0,0,Mitchell,2022-04-24
,0,0,0,0,Mitchell,2022-04-25
,0,0,0,0,Mitchell,2022-04-28
,0,0,0,0,Mitchell,2022-04-29
,0,0,0,0,Mitchell,2022-04-30
,0,0,0,0,Mitchell,2022-05-01
,0,0,0,0,Mitchell,2022-05-02
,0,0,0,0,Mitchell,2022-05-05
,0,0,0,0,Mitchell,2022-05-07
,0,0,0,0,Mitchell,2022-05-08
,0,0,0,0,Mitchell,2022-05-15
,0,0,0,0,Mitchell,2022-05-28
,0,0,0,0,Mitchell,2022-06-19
0,7,0,7,0,Mitchell,2022-01-09
0,15,2,13,0,Mitchell,2022-01-26
0,22,9,13,0,Mitchell,2022-01-31
0,13,3,10,0,Mitchell,2022-02-02
0,22,2,20,0,Mitchell,2022-02-04
0,2,0,2,0,Mitchell,2022-02-05
0,3,1,2,0,Mitchell,2022-02-06
0,8,2,6,0,Mitchell,2022-02-10
0,7,2,5,0,Mitchell,2022-02-11
0,2,0,2,0,Mitchell,2022-02-12
0,9,4,5,0,Mitchell,2022-02-14
0,1,0,1,0,Mitchell,2022-02-20
0,4,1,3,0,Mitchell,2022-02-22
0,3,1,2,0,Mitchell,2022-02-24
0,4,0,4,0,Mitchell,2022-02-25
0,3,1,2,0,Mitchell,2022-02-26
0,3,2,1,0,Mitchell,2022-03-02
0,1,1,0,0,Mitchell,2022-03-03
0,1,1,0,0,Mitchell,2022-03-04
0,1,0,1,0,Mitchell,2022-03-07
0,1,0,1,0,Mitchell,2022-03-09
0,1,1,0,0,Mitchell,2022-03-11
0,1,1,0,0,Mitchell,2022-03-13
0,1,1,0,0,Mitchell,2022-03-15
0,1,0,1,0,Mitchell,2022-03-17
0,1,0,1,0,Mitchell,2022-03-19
0,1,1,0,0,Mitchell,2022-03-20
0,2,1,1,0,Mitchell,2022-03-24
0,1,0,1,0,Mitchell,2022-03-29
0,2,1,1,0,Mitchell,2022-03-31
0,1,1,0,0,Mitchell,2022-04-08
0,1,1,0,0,Mitchell,2022-04-12
0,1,1,0,0,Mitchell,2022-04-13
0,1,0,1,0,Mitchell,2022-04-15
0,2,0,2,0,Mitchell,2022-04-21
0,1,0,1,0,Mitchell,2022-04-26
0,1,1,0,0,Mitchell,2022-04-27
0,3,2,1,0,Mitchell,2022-05-04
0,1,1,0,0,Mitchell,2022-05-06
0,1,0,1,0,Mitchell,2022-05-10
0,1,0,1,0,Mitchell,2022-05-13
0,3,3,0,0,Mitchell,2022-05-18
0,3,2,1,0,Mitchell,2022-05-19
0,5,1,4,0,Mitchell,2022-05-20
0,2,0,2,0,Mitchell,2022-05-21
0,3,0,3,0,Mitchell,2022-05-22
0,4,2,2,0,Mitchell,2022-05-25
0,5,1,4,0,Mitchell,2022-05-27
0,5,0,5,0,Mitchell,2022-05-29
0,7,3,4,0,Mitchell,2022-06-09
0,3,2,1,0,Mitchell,2022-06-11
0,8,2,6,0,Mitchell,2022-06-15
0,5,3,2,0,Mitchell,2022-06-16
0,6,2,4,0,Mitchell,2022-06-18
0,9,4,5,0,Mitchell,2022-06-21
0,5,1,4,0,Mitchell,2022-06-23
0,3,2,1,0,Mitchell,2022-06-25
0,6,1,5,0,Mitchell,2022-06-26
0,3,1,2,0,Mitchell,2022-06-29
0,3,1,2,0,Mitchell,2022-06-30
0,7,2,5,0,Mitchell,2022-07-01
0,1,0,1,0,Mitchell,2022-07-02
1,20,10,10,0,Mitchell,2022-01-07
1,6,5,1,0,Mitchell,2022-01-17
1,25,3,22,0,Mitchell,2022-01-21
1,4,3,1,0,Mitchell,2022-01-29
1,7,4,3,0,Mitchell,2022-01-30
1,7,5,2,0,Mitchell,2022-02-15
1,10,6,4,0,Mitchell,2022-02-16
1,1,0,1,0,Mitchell,2022-02-19
1,3,2,1,0,Mitchell,2022-02-23
1,3,1,2,0,Mitchell,2022-02-28
1,3,1,2,0,Mitchell,2022-03-01
1,1,0,1,0,Mitchell,2022-03-08
1,1,0,1,0,Mitchell,2022-03-25
1,5,1,4,0,Mitchell,2022-03-30
1,1,0,1,0,Mitchell,2022-04-20
1,2,0,2,0,Mitchell,2022-04-22
1,3,2,1,0,Mitchell,2022-05-03
1,2,1,1,0,Mitchell,2022-05-09
1,1,1,0,0,Mitchell,2022-05-11
1,2,1,1,0,Mitchell,2022-05-12
1,4,4,0,0,Mitchell,2022-05-17
1,3,0,3,0,Mitchell,2022-05-24
1,6,4,2,0,Mitchell,2022-05-26
1,5,0,5,0,Mitchell,2022-05-30
1,10,4,6,0,Mitchell,2022-05-31
1,3,1,2,0,Mitchell,2022-06-01
1,5,0,5,0,Mitchell,2022-06-04
1,2,1,1,0,Mitchell,2022-06-05
1,16,11,5,0,Mitchell,2022-06-06
1,5,3,2,0,Mitchell,2022-06-10
1,11,6,5,0,Mitchell,2022-06-14
1,8,6,2,0,Mitchell,2022-06-17
1,11,10,1,0,Mitchell,2022-06-20
1,7,5,2,0,Mitchell,2022-06-24
1,13,6,7,0,Mitchell,2022-06-27
2,20,5,15,0,Mitchell,2022-01-18
2,10,4,6,0,Mitchell,2022-02-09
2,6,5,1,0,Mitchell,2022-05-14
2,5,3,2,0,Mitchell,2022-05-16
2,13,7,6,0,Mitchell,2022-05-23
2,9,7,2,0,Mitchell,2022-06-02
2,7,5,2,0,Mitchell,2022-06-08
2,4,0,4,0,Mitchell,2022-06-12
2,11,6,5,0,Mitchell,2022-06-13
2,8,4,4,0,Mitchell,2022-06-28
3,53,8,45,0,Mitchell,2022-01-10
3,40,6,34,0,Mitchell,2022-01-14
3,25,10,15,0,Mitchell,2022-01-25
3,23,3,20,0,Mitchell,2022-02-07
3,11,6,5,0,Mitchell,2022-06-07
3,8,5,3,0,Mitchell,2022-06-22
4,34,10,24,0,Mitchell,2022-01-05
4,21,1,20,0,Mitchell,2022-01-08
4,11,3,8,0,Mitchell,2022-02-21
5,45,10,35,0,Mitchell,2022-01-04
5,21,5,16,0,Mitchell,2022-02-08
5,12,8,4,0,Mitchell,2022-06-03
6,18,7,11,0,Mitchell,2022-01-27
6,28,13,15,0,Mitchell,2022-02-01
7,52,14,38,0,Mitchell,2022-01-24
,0,0,0,0,Montgomery,2022-02-26
,0,0,0,0,Montgomery,2022-02-27
,0,0,0,0,Montgomery,2022-03-05
,0,0,0,0,Montgomery,2022-03-06
,0,0,0,0,Montgomery,2022-03-10
,0,0,0,0,Montgomery,2022-03-12
,0,0,0,0,Montgomery,2022-03-13
,0,0,0,0,Montgomery,2022-03-15
,0,0,0,0,Montgomery,2022-03-16
,0,0,0,0,Montgomery,2022-03-18
,0,0,0,0,Montgomery,2022-03-19
,0,0,0,0,Montgomery,2022-03-20
,0,0,0,0,Montgomery,2022-03-21
,0,0,0,0,Montgomery,2022-03-24
,0,0,0,0,Montgomery,2022-03-28
,0,0,0,0,Montgomery,2022-03-30
,0,0,0,0,Montgomery,2022-03-31
,0,0,0,0,Montgomery,2022-04-01
,0,0,0,0,Montgomery,2022-04-02
,0,0,0,0,Montgomery,2022-04-03
,0,0,0,0,Montgomery,2022-04-04
,0,0,0,0,Montgomery,2022-04-06
,0,0,0,0,Montgomery,2022-04-07
,0,0,0,0,Montgomery,2022-04-08
,0,0,0,0,Montgomery,2022-04-09
,0,0,0,0,Montgomery,2022-04-10
,0,0,0,0,Montgomery,2022-04-11
,0,0,0,0,Montgomery,2022-04-13
,0,0,0,0,Montgomery,2022-04-14
,0,0,0,0,Montgomery,2022-04-15
,0,0,0,0,Montgomery,2022-04-16
,0,0,0,0,Montgomery,2022-04-17
,0,0,0,0,Montgomery,2022-04-18
,0,0,0,0,Montgomery,2022-04-19
,0,0,0,0,Montgomery,2022-04-21
,0,0,0,0,Montgomery,2022-04-22
,0,0,0,0,Montgomery,2022-04-23
,0,0,0,0,Montgomery,2022-04-24
,0,0,0,0,Montgomery,2022-05-01
,0,0,0,0,Montgomery,2022-05-07
,0,0,0,0,Montgomery,2022-06-26
0,3,0,3,0,Montgomery,2022-01-16
0,17,3,14,0,Montgomery,2022-01-22
0,17,3,14,0,Montgomery,2022-01-23
0,21,2,19,0,Montgomery,2022-02-01
0,12,2,10,0,Montgomery,2022-02-04
0,7,1,6,0,Montgomery,2022-02-17
0,11,1,10,0,Montgomery,2022-02-18
0,2,0,2,0,Montgomery,2022-02-20
0,5,1,4,0,Montgomery,2022-02-21
0,5,1,4,0,Montgomery,2022-02-23
0,2,0,2,0,Montgomery,2022-03-01
0,1,0,1,0,Montgomery,2022-03-02
0,2,0,2,0,Montgomery,2022-03-04
0,1,0,1,0,Montgomery,2022-03-08
0,2,0,2,0,Montgomery,2022-03-09
0,2,0,2,0,Montgomery,2022-03-11
0,1,0,1,0,Montgomery,2022-03-17
0,1,0,1,0,Montgomery,2022-03-22
0,1,0,1,0,Montgomery,2022-03-23
0,1,1,0,0,Montgomery,2022-03-25
0,1,0,1,0,Montgomery,2022-03-26
0,1,0,1,0,Montgomery,2022-03-27
0,2,1,1,0,Montgomery,2022-03-29
0,1,0,1,0,Montgomery,2022-04-12
0,5,5,0,0,Montgomery,2022-04-25
0,4,1,3,0,Montgomery,2022-04-27
0,1,1,0,0,Montgomery,2022-04-30
0,5,1,4,0,Montgomery,2022-05-03
0,4,1,3,0,Montgomery,2022-05-05
0,1,0,1,0,Montgomery,2022-05-06
0,1,0,1,0,Montgomery,2022-05-08
0,1,0,1,0,Montgomery,2022-05-11
0,4,1,3,0,Montgomery,2022-05-12
0,4,0,4,0,Montgomery,2022-05-13
0,6,0,6,0,Montgomery,2022-05-15
0,2,1,1,0,Montgomery,2022-05-17
0,2,0,2,0,Montgomery,2022-05-18
0,4,3,1,0,Montgomery,2022-05-19
0,5,2,3,0,Montgomery,2022-05-20
0,3,0,3,0,Montgomery,2022-05-21
0,10,2,8,0,Montgomery,2022-05-23
0,1,0,1,0,Montgomery,2022-05-29
0,5,2,3,0,Montgomery,2022-05-31
0,7,1,6,0,Montgomery,2022-06-01
0,3,1,2,0,Montgomery,2022-06-02
0,2,0,2,0,Montgomery,2022-06-03
0,8,3,5,0,Montgomery,2022-06-08
0,4,2,2,0,Montgomery,2022-06-09
0,2,0,2,0,Montgomery,2022-06-12
0,6,1,5,0,Montgomery,2022-06-13
0,4,0,4,0,Montgomery,2022-06-27
0,3,0,3,0,Montgomery,2022-06-28
0,6,0,6,0,Montgomery,2022-06-29
0,1,0,1,0,Montgomery,2022-07-01
0,2,0,2,0,Montgomery,2022-07-02
1,5,1,4,0,Montgomery,2022-02-13
1,8,0,8,0,Montgomery,2022-02-15
1,4,2,2,0,Montgomery,2022-02-25
1,2,1,1,0,Montgomery,2022-02-28
1,4,2,2,0,Montgomery,2022-03-07
1,1,1,0,0,Montgomery,2022-03-14
1,1,0,1,0,Montgomery,2022-04-05
1,1,1,0,0,Montgomery,2022-04-20
1,4,2,2,0,Montgomery,2022-04-26
1,1,0,1,0,Montgomery,2022-04-28
1,2,1,1,0,Montgomery,2022-04-29
1,2,0,2,0,Montgomery,2022-05-09
1,6,1,5,0,Montgomery,2022-05-10
1,2,0,2,0,Montgomery,2022-05-22
1,2,1,1,0,Montgomery,2022-05-24
1,6,0,6,0,Montgomery,2022-05-25
1,5,3,2,0,Montgomery,2022-06-04
1,9,1,8,0,Montgomery,2022-06-07
1,3,1,2,0,Montgomery,2022-06-10
1,3,0,3,0,Montgomery,2022-06-11
1,10,3,7,0,Montgomery,2022-06-14
1,6,2,4,0,Montgomery,2022-06-15
1,7,1,6,0,Montgomery,2022-06-17
1,6,0,6,0,Montgomery,2022-06-18
1,2,2,0,0,Montgomery,2022-06-19
1,7,2,5,0,Montgomery,2022-06-24
1,3,0,3,0,Montgomery,2022-06-25
2,13,3,10,0,Montgomery,2022-02-10
2,10,1,9,0,Montgomery,2022-02-16
2,4,1,3,0,Montgomery,2022-02-24
2,2,1,1,0,Montgomery,2022-03-03
2,5,0,5,0,Montgomery,2022-05-02
2,4,2,2,0,Montgomery,2022-05-04
2,5,2,3,0,Montgomery,2022-05-14
2,6,2,4,0,Montgomery,2022-05-26
2,7,1,6,0,Montgomery,2022-05-27
2,6,4,2,0,Montgomery,2022-05-28
2,3,0,3,0,Montgomery,2022-06-06
2,10,2,8,0,Montgomery,2022-06-16
2,7,0,7,0,Montgomery,2022-06-20
2,12,2,10,0,Montgomery,2022-06-22
2,7,4,3,0,Montgomery,2022-06-23
2,4,0,4,0,Montgomery,2022-06-30
3,58,11,47,0,Montgomery,2022-01-25
3,15,1,14,0,Montgomery,2022-02-11
3,7,3,4,0,Montgomery,2022-02-22
4,43,11,32,0,Montgomery,2022-01-27
5,37,5,32,0,Montgomery,2022-01-31
6,56,3,53,0,Montgomery,2022-01-26
7,55,12,43,0,Montgomery,2022-01-21
9,98,12,86,0,Montgomery,2022-01-14
9,61,17,44,0,Montgomery,2022-01-17
9,87,11,76,0,Montgomery,2022-01-24
10,78,14,64,0,Montgomery,2022-01-05
18,144,17,127,0,Montgomery,2022-01-18
21,139,17,122,0,Montgomery,2022-01-10
,0,0,0,0,Moore,2022-03-12
,0,0,0,0,Moore,2022-03-20
,0,0,0,0,Moore,2022-03-29
0,22,4,18,0,Moore,2022-02-05
0,31,5,26,0,Moore,2022-02-22
0,7,3,4,0,Moore,2022-02-26
0,8,4,4,0,Moore,2022-02-27
0,10,1,9,0,Moore,2022-03-04
0,8,1,7,0,Moore,2022-03-07
0,4,1,3,0,Moore,2022-03-08
0,3,1,2,0,Moore,2022-03-13
0,8,0,8,0,Moore,2022-03-14
0,5,0,5,0,Moore,2022-03-16
0,3,0,3,0,Moore,2022-03-17
0,3,0,3,0,Moore,2022-03-18
0,1,0,1,0,Moore,2022-03-19
0,2,0,2,0,Moore,2022-03-21
0,3,1,2,0,Moore,2022-03-22
0,1,0,1,0,Moore,2022-03-23
0,1,0,1,0,Moore,2022-03-24
0,1,0,1,0,Moore,2022-03-25
0,2,2,0,0,Moore,2022-03-26
0,3,1,2,0,Moore,2022-03-28
0,4,2,2,0,Moore,2022-03-30
0,3,1,2,0,Moore,2022-03-31
0,1,0,1,0,Moore,2022-04-01
0,1,1,0,0,Moore,2022-04-02
0,1,0,1,0,Moore,2022-04-03
0,3,1,2,0,Moore,2022-04-04
0,1,0,1,0,Moore,2022-04-05
0,2,1,1,0,Moore,2022-04-08
0,2,0,2,0,Moore,2022-04-09
0,1,0,1,0,Moore,2022-04-10
0,10,5,5,0,Moore,2022-04-14
0,12,3,9,0,Moore,2022-04-16
0,4,2,2,0,Moore,2022-04-17
0,10,2,8,0,Moore,2022-04-18
0,14,6,8,0,Moore,2022-04-19
0,10,2,8,0,Moore,2022-04-21
0,13,7,6,0,Moore,2022-04-23
0,10,3,7,0,Moore,2022-04-26
0,23,10,13,0,Moore,2022-05-06
0,29,10,19,0,Moore,2022-05-29
0,23,9,14,0,Moore,2022-06-03
0,10,0,10,0,Moore,2022-06-11
1,41,6,35,0,Moore,2022-01-29
1,20,6,14,0,Moore,2022-02-20
1,7,1,6,0,Moore,2022-03-02
1,6,0,6,0,Moore,2022-03-15
1,2,1,1,0,Moore,2022-03-27
1,6,2,4,0,Moore,2022-04-07
1,9,2,7,0,Moore,2022-04-11
1,5,2,3,0,Moore,2022-04-12
1,7,2,5,0,Moore,2022-04-13
1,6,2,4,0,Moore,2022-04-22
1,15,4,11,0,Moore,2022-04-27
1,12,4,8,0,Moore,2022-04-30
1,8,6,2,0,Moore,2022-05-01
1,32,10,22,0,Moore,2022-05-02
1,15,1,14,0,Moore,2022-05-10
1,36,10,26,0,Moore,2022-05-18
1,31,11,20,0,Moore,2022-05-22
1,32,14,18,0,Moore,2022-05-27
1,36,9,27,0,Moore,2022-05-28
1,19,10,9,0,Moore,2022-05-30
1,12,4,8,0,Moore,2022-06-04
1,19,7,12,0,Moore,2022-06-05
1,26,10,16,0,Moore,2022-06-08
1,33,12,21,0,Moore,2022-06-17
1,40,17,23,0,Moore,2022-06-21
1,22,12,10,0,Moore,2022-06-25
2,35,7,28,0,Moore,2022-01-22
2,27,6,21,0,Moore,2022-02-13
2,7,3,4,0,Moore,2022-04-15
2,10,3,7,0,Moore,2022-04-24
2,12,5,7,0,Moore,2022-04-25
2,13,4,9,0,Moore,2022-04-29
2,14,2,12,0,Moore,2022-05-05
2,13,2,11,0,Moore,2022-05-08
2,14,6,8,0,Moore,2022-05-14
2,34,12,22,0,Moore,2022-05-17
2,30,9,21,0,Moore,2022-05-19
2,40,12,28,0,Moore,2022-06-01
2,30,10,20,0,Moore,2022-06-07
2,18,3,15,0,Moore,2022-06-12
2,21,13,8,0,Moore,2022-06-19
2,22,8,14,0,Moore,2022-07-02
3,40,5,35,0,Moore,2022-02-17
3,11,2,9,0,Moore,2022-04-20
3,24,11,13,0,Moore,2022-05-04
3,15,2,13,0,Moore,2022-05-07
3,34,13,21,0,Moore,2022-05-09
3,17,7,10,0,Moore,2022-05-15
3,42,14,28,0,Moore,2022-05-16
3,27,6,21,0,Moore,2022-05-20
3,26,5,21,0,Moore,2022-05-24
3,24,10,14,0,Moore,2022-06-09
3,12,6,6,0,Moore,2022-06-10
3,23,10,13,0,Moore,2022-06-18
3,40,17,23,0,Moore,2022-06-27
3,22,10,12,0,Moore,2022-07-01
4,23,9,14,0,Moore,2022-05-21
4,42,12,30,0,Moore,2022-05-25
4,31,7,24,0,Moore,2022-06-06
4,38,8,30,0,Moore,2022-06-20
5,44,19,25,0,Moore,2022-05-12
5,24,11,13,0,Moore,2022-05-13
5,27,9,18,0,Moore,2022-05-26
5,39,14,25,0,Moore,2022-06-02
5,29,9,20,0,Moore,2022-06-22
5,41,15,26,0,Moore,2022-06-28
5,36,17,19,0,Moore,2022-06-30
6,104,10,94,0,Moore,2022-01-28
6,49,20,29,0,Moore,2022-05-31
6,33,12,21,0,Moore,2022-06-14
7,44,13,31,0,Moore,2022-05-23
7,39,16,23,0,Moore,2022-06-29
8,36,13,23,0,Moore,2022-06-15
10,168,33,135,0,Moore,2022-01-21
11,155,24,131,0,Moore,2022-01-31
12,203,15,188,0,Moore,2022-01-08
22,268,15,253,0,Moore,2022-01-07
22,206,20,186,0,Moore,2022-01-15
25,332,53,279,0,Moore,2022-01-17
29,430,41,389,0,Moore,2022-01-13
34,398,23,375,0,Moore,2022-01-14
,0,0,0,0,Nash,2022-03-19
,0,0,0,0,Nash,2022-03-26
,0,0,0,0,Nash,2022-03-31
,0,0,0,0,Nash,2022-04-03
0,6,2,4,0,Nash,2022-02-27
0,6,4,2,0,Nash,2022-03-02
0,4,0,4,0,Nash,2022-03-04
0,7,0,7,0,Nash,2022-03-05
0,5,0,5,0,Nash,2022-03-07
0,6,0,6,0,Nash,2022-03-08
0,5,0,5,0,Nash,2022-03-10
0,3,1,2,0,Nash,2022-03-11
0,1,0,1,0,Nash,2022-03-12
0,3,0,3,0,Nash,2022-03-13
0,3,0,3,0,Nash,2022-03-15
0,3,0,3,0,Nash,2022-03-16
0,6,0,6,0,Nash,2022-03-17
0,2,0,2,0,Nash,2022-03-18
0,1,0,1,0,Nash,2022-03-20
0,6,0,6,0,Nash,2022-03-23
0,2,0,2,0,Nash,2022-03-25
0,2,0,2,0,Nash,2022-03-27
0,3,1,2,0,Nash,2022-03-28
0,1,0,1,0,Nash,2022-03-29
0,1,0,1,0,Nash,2022-03-30
0,1,0,1,0,Nash,2022-04-01
0,2,0,2,0,Nash,2022-04-04
0,2,0,2,0,Nash,2022-04-05
0,3,0,3,0,Nash,2022-04-07
0,1,0,1,0,Nash,2022-04-08
0,2,0,2,0,Nash,2022-04-09
0,9,1,8,0,Nash,2022-04-11
0,4,0,4,0,Nash,2022-04-15
0,2,0,2,0,Nash,2022-04-17
0,5,1,4,0,Nash,2022-04-18
0,9,6,3,0,Nash,2022-04-19
0,6,1,5,0,Nash,2022-04-22
0,8,3,5,0,Nash,2022-04-26
0,7,3,4,0,Nash,2022-05-06
0,7,1,6,0,Nash,2022-05-07
0,10,3,7,0,Nash,2022-06-19
1,10,2,8,0,Nash,2022-02-13
1,11,4,7,0,Nash,2022-02-28
1,8,2,6,0,Nash,2022-03-03
1,4,0,4,0,Nash,2022-03-21
1,7,0,7,0,Nash,2022-04-13
1,5,1,4,0,Nash,2022-04-23
1,5,0,5,0,Nash,2022-04-25
1,10,0,10,0,Nash,2022-04-28
1,12,5,7,0,Nash,2022-04-29
1,5,0,5,0,Nash,2022-04-30
1,2,0,2,0,Nash,2022-05-01
1,10,4,6,0,Nash,2022-05-02
1,10,0,10,0,Nash,2022-05-03
1,14,4,10,0,Nash,2022-05-04
1,7,1,6,0,Nash,2022-05-08
1,11,5,6,0,Nash,2022-05-13
1,16,3,13,0,Nash,2022-05-14
1,22,4,18,0,Nash,2022-05-21
1,24,5,19,0,Nash,2022-05-29
1,24,7,17,0,Nash,2022-06-08
1,31,5,26,0,Nash,2022-06-22
1,16,3,13,0,Nash,2022-06-26
2,32,10,22,0,Nash,2022-02-14
2,6,2,4,0,Nash,2022-03-01
2,7,3,4,0,Nash,2022-04-14
2,21,3,18,0,Nash,2022-04-21
2,9,1,8,0,Nash,2022-05-05
2,21,3,18,0,Nash,2022-05-09
2,22,7,15,0,Nash,2022-05-11
2,33,6,27,0,Nash,2022-05-26
2,17,8,9,0,Nash,2022-06-04
2,16,2,14,0,Nash,2022-06-05
2,26,7,19,0,Nash,2022-06-23
3,6,2,4,0,Nash,2022-04-24
3,8,3,5,0,Nash,2022-05-15
3,33,5,28,0,Nash,2022-05-20
3,25,6,19,0,Nash,2022-05-22
3,26,6,20,0,Nash,2022-05-25
3,13,5,8,0,Nash,2022-05-28
3,30,7,23,0,Nash,2022-06-13
3,15,4,11,0,Nash,2022-06-25
3,13,5,8,0,Nash,2022-07-02
4,33,12,21,0,Nash,2022-02-06
4,51,9,42,0,Nash,2022-02-09
4,21,2,19,0,Nash,2022-02-21
4,18,1,17,0,Nash,2022-02-24
4,13,2,11,0,Nash,2022-04-20
4,18,5,13,0,Nash,2022-05-10
4,29,7,22,0,Nash,2022-05-18
4,37,1,36,0,Nash,2022-06-01
4,34,3,31,0,Nash,2022-06-07
4,16,3,13,0,Nash,2022-06-12
4,22,5,17,0,Nash,2022-06-16
4,26,8,18,0,Nash,2022-07-01
5,99,12,87,0,Nash,2022-01-08
5,30,1,29,0,Nash,2022-01-22
5,28,7,21,0,Nash,2022-05-12
5,32,13,19,0,Nash,2022-05-23
5,23,8,15,0,Nash,2022-06-11
5,30,9,21,0,Nash,2022-06-30
6,39,10,29,0,Nash,2022-05-16
6,31,8,23,0,Nash,2022-05-19
6,27,8,19,0,Nash,2022-05-27
6,55,19,36,0,Nash,2022-05-31
7,74,14,60,0,Nash,2022-02-03
7,33,6,27,0,Nash,2022-05-17
7,33,11,22,0,Nash,2022-06-14
7,28,9,19,0,Nash,2022-06-15
7,33,8,25,0,Nash,2022-06-28
7,26,5,21,0,Nash,2022-06-29
8,23,11,12,0,Nash,2022-06-21
9,36,6,30,0,Nash,2022-06-02
9,41,17,24,0,Nash,2022-06-20
10,96,12,84,0,Nash,2022-02-01
12,45,12,33,0,Nash,2022-06-06
17,60,29,31,0,Nash,2022-06-27
19,266,34,232,0,Nash,2022-01-17
22,271,27,244,0,Nash,2022-01-20
27,295,23,272,0,Nash,2022-01-14
42,453,35,418,0,Nash,2022-01-05
,0,0,0,0,New Hanover,2022-03-26
0,12,3,9,0,New Hanover,2022-03-01
0,10,0,10,0,New Hanover,2022-03-04
0,14,4,10,0,New Hanover,2022-03-07
0,6,3,3,0,New Hanover,2022-03-13
0,8,0,8,0,New Hanover,2022-03-14
0,6,0,6,0,New Hanover,2022-03-16
0,3,1,2,0,New Hanover,2022-03-19
0,8,2,6,0,New Hanover,2022-03-20
0,6,1,5,0,New Hanover,2022-03-22
0,8,3,5,0,New Hanover,2022-03-24
0,5,1,4,0,New Hanover,2022-03-28
0,9,5,4,0,New Hanover,2022-04-01
0,5,1,4,0,New Hanover,2022-04-03
0,14,3,11,0,New Hanover,2022-04-05
0,11,4,7,0,New Hanover,2022-04-08
0,8,1,7,0,New Hanover,2022-04-09
0,20,1,19,0,New Hanover,2022-04-12
0,18,4,14,0,New Hanover,2022-04-15
0,8,1,7,0,New Hanover,2022-04-16
0,5,1,4,0,New Hanover,2022-04-17
0,26,2,24,0,New Hanover,2022-04-22
0,16,4,12,0,New Hanover,2022-04-24
0,19,1,18,0,New Hanover,2022-05-08
1,37,8,29,0,New Hanover,2022-02-18
1,38,12,26,0,New Hanover,2022-02-23
1,32,5,27,0,New Hanover,2022-02-24
1,5,2,3,0,New Hanover,2022-03-06
1,16,4,12,0,New Hanover,2022-03-23
1,7,1,6,0,New Hanover,2022-03-25
1,4,0,4,0,New Hanover,2022-03-27
1,10,2,8,0,New Hanover,2022-03-29
1,10,4,6,0,New Hanover,2022-03-30
1,8,5,3,0,New Hanover,2022-03-31
1,6,0,6,0,New Hanover,2022-04-02
1,17,6,11,0,New Hanover,2022-04-04
1,5,1,4,0,New Hanover,2022-04-10
1,16,8,8,0,New Hanover,2022-04-11
1,36,6,30,0,New Hanover,2022-04-18
1,27,6,21,0,New Hanover,2022-04-23
1,39,15,24,0,New Hanover,2022-04-27
1,41,12,29,0,New Hanover,2022-04-29
1,22,8,14,0,New Hanover,2022-05-07
1,32,10,22,0,New Hanover,2022-05-22
1,29,3,26,0,New Hanover,2022-05-29
1,41,14,27,0,New Hanover,2022-06-26
2,36,11,25,0,New Hanover,2022-04-13
2,26,7,19,0,New Hanover,2022-04-19
2,24,5,19,0,New Hanover,2022-04-21
2,11,4,7,0,New Hanover,2022-04-30
2,69,11,58,0,New Hanover,2022-05-09
2,48,12,36,0,New Hanover,2022-05-10
2,64,14,50,0,New Hanover,2022-05-11
2,32,6,26,0,New Hanover,2022-05-14
2,35,7,28,0,New Hanover,2022-05-21
3,11,3,8,0,New Hanover,2022-03-15
3,24,5,19,0,New Hanover,2022-04-14
3,31,8,23,0,New Hanover,2022-04-20
3,41,11,30,0,New Hanover,2022-04-26
3,41,11,30,0,New Hanover,2022-05-03
3,51,8,43,0,New Hanover,2022-05-05
3,52,7,45,0,New Hanover,2022-05-12
3,69,12,57,0,New Hanover,2022-05-18
3,32,8,24,0,New Hanover,2022-05-30
3,60,19,41,0,New Hanover,2022-06-03
3,42,15,27,0,New Hanover,2022-06-19
4,50,9,41,0,New Hanover,2022-04-25
4,38,8,30,0,New Hanover,2022-04-28
4,56,17,39,0,New Hanover,2022-05-02
4,61,10,51,0,New Hanover,2022-05-04
4,48,15,33,0,New Hanover,2022-05-06
4,44,19,25,0,New Hanover,2022-05-15
4,76,17,59,0,New Hanover,2022-05-16
4,77,21,56,0,New Hanover,2022-05-20
4,44,6,38,0,New Hanover,2022-06-04
4,77,17,60,0,New Hanover,2022-06-08
4,81,22,59,0,New Hanover,2022-06-10
4,48,9,39,0,New Hanover,2022-06-11
4,63,10,53,0,New Hanover,2022-06-21
4,80,18,62,0,New Hanover,2022-06-28
4,63,13,50,0,New Hanover,2022-07-01
5,84,27,57,0,New Hanover,2022-02-11
5,73,21,52,0,New Hanover,2022-05-23
5,83,16,67,0,New Hanover,2022-06-01
5,86,14,72,0,New Hanover,2022-06-02
5,35,5,30,0,New Hanover,2022-06-05
5,39,9,30,0,New Hanover,2022-06-18
5,42,16,26,0,New Hanover,2022-06-25
6,79,15,64,0,New Hanover,2022-05-17
6,57,16,41,0,New Hanover,2022-05-27
6,89,21,68,0,New Hanover,2022-06-15
6,88,18,70,0,New Hanover,2022-06-30
7,90,16,74,0,New Hanover,2022-05-24
7,81,16,65,0,New Hanover,2022-05-26
7,75,11,64,0,New Hanover,2022-06-27
7,56,10,46,0,New Hanover,2022-07-02
8,54,10,44,0,New Hanover,2022-05-13
8,102,28,74,0,New Hanover,2022-06-29
9,79,16,63,0,New Hanover,2022-06-06
9,77,7,70,0,New Hanover,2022-06-13
9,77,8,69,0,New Hanover,2022-06-20
10,87,12,75,0,New Hanover,2022-05-19
11,91,12,79,0,New Hanover,2022-06-22
18,257,69,188,0,New Hanover,2022-02-02
35,569,105,464,0,New Hanover,2022-01-07
35,766,145,621,0,New Hanover,2022-01-17
38,682,129,553,0,New Hanover,2022-01-14
,0,0,0,0,Northampton,2022-02-19
,0,0,0,0,Northampton,2022-03-01
,0,0,0,0,Northampton,2022-03-05
,0,0,0,0,Northampton,2022-03-08
,0,0,0,0,Northampton,2022-03-09
,0,0,0,0,Northampton,2022-03-10
,0,0,0,0,Northampton,2022-03-11
,0,0,0,0,Northampton,2022-03-13
,0,0,0,0,Northampton,2022-03-14
,0,0,0,0,Northampton,2022-03-15
,0,0,0,0,Northampton,2022-03-17
,0,0,0,0,Northampton,2022-03-18
,0,0,0,0,Northampton,2022-03-19
,0,0,0,0,Northampton,2022-03-20
,0,0,0,0,Northampton,2022-03-23
,0,0,0,0,Northampton,2022-03-24
,0,0,0,0,Northampton,2022-03-25
,0,0,0,0,Northampton,2022-03-26
,0,0,0,0,Northampton,2022-03-27
,0,0,0,0,Northampton,2022-03-28
,0,0,0,0,Northampton,2022-03-29
,0,0,0,0,Northampton,2022-03-30
,0,0,0,0,Northampton,2022-03-31
,0,0,0,0,Northampton,2022-04-01
,0,0,0,0,Northampton,2022-04-02
,0,0,0,0,Northampton,2022-04-03
,0,0,0,0,Northampton,2022-04-04
,0,0,0,0,Northampton,2022-04-05
,0,0,0,0,Northampton,2022-04-07
,0,0,0,0,Northampton,2022-04-09
,0,0,0,0,Northampton,2022-04-10
,0,0,0,0,Northampton,2022-04-11
,0,0,0,0,Northampton,2022-04-12
,0,0,0,0,Northampton,2022-04-14
,0,0,0,0,Northampton,2022-04-15
,0,0,0,0,Northampton,2022-04-17
,0,0,0,0,Northampton,2022-04-18
,0,0,0,0,Northampton,2022-04-23
,0,0,0,0,Northampton,2022-04-24
,0,0,0,0,Northampton,2022-04-27
,0,0,0,0,Northampton,2022-04-30
,0,0,0,0,Northampton,2022-05-01
,0,0,0,0,Northampton,2022-05-06
,0,0,0,0,Northampton,2022-05-15
0,5,1,4,0,Northampton,2022-01-16
0,3,1,2,0,Northampton,2022-01-22
0,6,1,5,0,Northampton,2022-01-29
0,6,2,4,0,Northampton,2022-02-03
0,2,1,1,0,Northampton,2022-02-05
0,4,1,3,0,Northampton,2022-02-06
0,9,1,8,0,Northampton,2022-02-07
0,1,0,1,0,Northampton,2022-02-08
0,6,2,4,0,Northampton,2022-02-09
0,6,0,6,0,Northampton,2022-02-10
0,2,0,2,0,Northampton,2022-02-16
0,4,0,4,0,Northampton,2022-02-17
0,1,0,1,0,Northampton,2022-02-18
0,5,2,3,0,Northampton,2022-02-21
0,1,0,1,0,Northampton,2022-02-23
0,1,0,1,0,Northampton,2022-02-24
0,1,0,1,0,Northampton,2022-02-26
0,1,0,1,0,Northampton,2022-02-28
0,1,0,1,0,Northampton,2022-03-02
0,2,1,1,0,Northampton,2022-03-03
0,1,1,0,0,Northampton,2022-03-04
0,1,0,1,0,Northampton,2022-03-06
0,1,0,1,0,Northampton,2022-03-07
0,1,0,1,0,Northampton,2022-03-12
0,4,0,4,0,Northampton,2022-03-21
0,1,0,1,0,Northampton,2022-03-22
0,1,1,0,0,Northampton,2022-04-06
0,1,0,1,0,Northampton,2022-04-08
0,1,0,1,0,Northampton,2022-04-13
0,1,0,1,0,Northampton,2022-04-16
0,1,0,1,0,Northampton,2022-04-19
0,2,0,2,0,Northampton,2022-04-20
0,1,0,1,0,Northampton,2022-04-21
0,1,1,0,0,Northampton,2022-04-22
0,2,0,2,0,Northampton,2022-04-29
0,3,0,3,0,Northampton,2022-05-02
0,3,0,3,0,Northampton,2022-05-03
0,5,2,3,0,Northampton,2022-05-04
0,2,1,1,0,Northampton,2022-05-05
0,1,0,1,0,Northampton,2022-05-07
0,1,1,0,0,Northampton,2022-05-08
0,4,0,4,0,Northampton,2022-05-09
0,1,0,1,0,Northampton,2022-05-13
0,1,0,1,0,Northampton,2022-05-14
0,2,1,1,0,Northampton,2022-05-21
0,3,1,2,0,Northampton,2022-05-22
0,4,1,3,0,Northampton,2022-05-23
0,2,1,1,0,Northampton,2022-05-28
0,3,1,2,0,Northampton,2022-05-29
0,2,1,1,0,Northampton,2022-05-30
0,13,4,9,0,Northampton,2022-06-01
0,4,0,4,0,Northampton,2022-06-04
0,3,0,3,0,Northampton,2022-06-05
0,14,3,11,0,Northampton,2022-06-06
0,10,5,5,0,Northampton,2022-06-07
0,5,1,4,0,Northampton,2022-06-12
0,10,2,8,0,Northampton,2022-06-13
0,7,0,7,0,Northampton,2022-06-21
0,4,0,4,0,Northampton,2022-06-25
1,15,2,13,0,Northampton,2022-01-15
1,8,0,8,0,Northampton,2022-01-23
1,24,5,19,0,Northampton,2022-01-26
1,3,0,3,0,Northampton,2022-02-11
1,8,0,8,0,Northampton,2022-02-14
1,7,0,7,0,Northampton,2022-02-15
1,2,0,2,0,Northampton,2022-02-20
1,1,0,1,0,Northampton,2022-02-25
1,3,2,1,0,Northampton,2022-04-25
1,6,0,6,0,Northampton,2022-04-26
1,1,0,1,0,Northampton,2022-04-28
1,5,4,1,0,Northampton,2022-05-10
1,3,0,3,0,Northampton,2022-05-11
1,3,0,3,0,Northampton,2022-05-17
1,4,3,1,0,Northampton,2022-05-18
1,8,0,8,0,Northampton,2022-05-19
1,3,2,1,0,Northampton,2022-05-26
1,8,2,6,0,Northampton,2022-05-27
1,6,2,4,0,Northampton,2022-06-02
1,11,1,10,0,Northampton,2022-06-03
1,8,3,5,0,Northampton,2022-06-08
1,6,3,3,0,Northampton,2022-06-10
1,11,6,5,0,Northampton,2022-06-11
1,5,2,3,0,Northampton,2022-06-15
1,9,6,3,0,Northampton,2022-06-16
1,9,2,7,0,Northampton,2022-06-18
1,5,2,3,0,Northampton,2022-06-19
1,6,1,5,0,Northampton,2022-06-22
1,5,1,4,0,Northampton,2022-06-24
1,4,1,3,0,Northampton,2022-06-26
1,7,4,3,0,Northampton,2022-06-28
1,3,1,2,0,Northampton,2022-06-29
1,3,1,2,0,Northampton,2022-07-02
2,42,7,35,0,Northampton,2022-01-14
2,45,12,33,0,Northampton,2022-01-25
2,6,6,0,0,Northampton,2022-05-12
2,9,2,7,0,Northampton,2022-05-16
2,10,4,6,0,Northampton,2022-05-20
2,9,4,5,0,Northampton,2022-05-25
2,14,6,8,0,Northampton,2022-05-31
2,10,8,2,0,Northampton,2022-06-20
2,6,3,3,0,Northampton,2022-06-23
2,11,5,6,0,Northampton,2022-06-27
2,7,5,2,0,Northampton,2022-06-30
2,8,1,7,0,Northampton,2022-07-01
3,24,6,18,0,Northampton,2022-01-09
3,9,5,4,0,Northampton,2022-05-24
4,37,9,28,0,Northampton,2022-01-17
4,20,6,14,0,Northampton,2022-02-01
4,12,7,5,0,Northampton,2022-06-17
6,59,7,52,0,Northampton,2022-01-13
9,67,12,55,0,Northampton,2022-01-05
9,90,16,74,0,Northampton,2022-01-10
15,86,12,74,0,Northampton,2022-01-07
,0,0,0,0,Onslow,2022-04-03
0,7,1,6,0,Onslow,2022-03-04
0,5,1,4,0,Onslow,2022-03-09
0,3,0,3,0,Onslow,2022-03-12
0,5,0,5,0,Onslow,2022-03-15
0,4,0,4,0,Onslow,2022-03-17
0,4,1,3,0,Onslow,2022-03-20
0,7,0,7,0,Onslow,2022-03-21
0,3,0,3,0,Onslow,2022-03-24
0,4,1,3,0,Onslow,2022-03-25
0,5,4,1,0,Onslow,2022-03-27
0,3,0,3,0,Onslow,2022-03-28
0,4,1,3,0,Onslow,2022-03-29
0,6,2,4,0,Onslow,2022-03-30
0,2,1,1,0,Onslow,2022-04-01
0,1,0,1,0,Onslow,2022-04-02
0,2,1,1,0,Onslow,2022-04-04
0,8,0,8,0,Onslow,2022-04-05
0,6,0,6,0,Onslow,2022-04-06
0,8,1,7,0,Onslow,2022-04-10
0,9,0,9,0,Onslow,2022-04-12
0,2,0,2,0,Onslow,2022-04-15
0,2,0,2,0,Onslow,2022-04-17
0,11,2,9,0,Onslow,2022-04-21
0,21,3,18,0,Onslow,2022-04-25
0,21,3,18,0,Onslow,2022-04-27
0,22,4,18,0,Onslow,2022-05-29
0,18,0,18,0,Onslow,2022-07-02
1,16,3,13,0,Onslow,2022-02-19
1,17,4,13,0,Onslow,2022-03-03
1,6,1,5,0,Onslow,2022-03-06
1,16,1,15,0,Onslow,2022-03-07
1,21,4,17,0,Onslow,2022-03-08
1,6,1,5,0,Onslow,2022-03-13
1,6,0,6,0,Onslow,2022-03-18
1,3,0,3,0,Onslow,2022-03-19
1,4,1,3,0,Onslow,2022-03-23
1,5,1,4,0,Onslow,2022-03-31
1,8,1,7,0,Onslow,2022-04-08
1,5,0,5,0,Onslow,2022-04-09
1,12,4,8,0,Onslow,2022-04-11
1,11,2,9,0,Onslow,2022-04-13
1,8,2,6,0,Onslow,2022-04-14
1,8,0,8,0,Onslow,2022-04-16
1,18,3,15,0,Onslow,2022-04-18
1,18,3,15,0,Onslow,2022-04-19
1,16,2,14,0,Onslow,2022-04-20
1,18,0,18,0,Onslow,2022-04-22
1,9,0,9,0,Onslow,2022-04-23
1,8,1,7,0,Onslow,2022-04-24
1,26,1,25,0,Onslow,2022-04-28
1,22,3,19,0,Onslow,2022-04-29
1,31,3,28,0,Onslow,2022-05-03
1,17,10,7,0,Onslow,2022-05-30
1,53,3,50,0,Onslow,2022-06-09
2,20,2,18,0,Onslow,2022-02-20
2,29,1,28,0,Onslow,2022-02-25
2,18,7,11,0,Onslow,2022-03-01
2,21,3,18,0,Onslow,2022-05-01
2,48,9,39,0,Onslow,2022-05-04
2,20,5,15,0,Onslow,2022-05-28
2,31,5,26,0,Onslow,2022-06-12
2,35,7,28,0,Onslow,2022-06-18
3,5,3,2,0,Onslow,2022-03-26
3,13,0,13,0,Onslow,2022-05-07
3,22,2,20,0,Onslow,2022-05-14
3,18,2,16,0,Onslow,2022-06-04
3,33,7,26,0,Onslow,2022-06-11
4,21,0,21,0,Onslow,2022-02-21
4,37,4,33,0,Onslow,2022-02-23
4,35,7,28,0,Onslow,2022-02-28
4,21,4,17,0,Onslow,2022-04-26
4,25,3,22,0,Onslow,2022-05-06
4,62,5,57,0,Onslow,2022-05-12
4,24,1,23,0,Onslow,2022-05-15
4,43,9,34,0,Onslow,2022-05-27
4,27,3,24,0,Onslow,2022-06-05
4,75,9,66,0,Onslow,2022-06-10
4,47,7,40,0,Onslow,2022-06-25
4,34,6,28,0,Onslow,2022-06-30
5,41,7,34,0,Onslow,2022-05-05
5,32,6,26,0,Onslow,2022-05-22
5,66,7,59,0,Onslow,2022-05-26
5,30,4,26,0,Onslow,2022-06-19
5,33,4,29,0,Onslow,2022-06-26
6,70,12,58,0,Onslow,2022-05-19
6,89,13,76,0,Onslow,2022-06-07
6,70,9,61,0,Onslow,2022-06-08
7,58,6,52,0,Onslow,2022-05-10
7,83,5,78,0,Onslow,2022-05-17
7,40,7,33,0,Onslow,2022-07-01
8,88,11,77,0,Onslow,2022-02-15
8,65,15,50,0,Onslow,2022-05-09
8,57,12,45,0,Onslow,2022-05-13
8,56,4,52,0,Onslow,2022-05-20
8,51,13,38,0,Onslow,2022-06-17
8,64,12,52,0,Onslow,2022-06-20
9,129,4,125,0,Onslow,2022-01-30
9,71,14,57,0,Onslow,2022-05-11
9,79,14,65,0,Onslow,2022-06-14
10,42,4,38,0,Onslow,2022-05-02
10,65,6,59,0,Onslow,2022-06-03
10,125,10,115,0,Onslow,2022-06-06
10,88,10,78,0,Onslow,2022-06-22
10,100,13,87,0,Onslow,2022-06-27
10,53,6,47,0,Onslow,2022-06-29
11,86,11,75,0,Onslow,2022-05-18
11,106,9,97,0,Onslow,2022-05-23
11,66,10,56,0,Onslow,2022-06-23
12,188,50,138,0,Onslow,2022-01-08
12,154,20,134,0,Onslow,2022-02-08
12,108,7,101,0,Onslow,2022-06-01
12,107,9,98,0,Onslow,2022-06-02
13,148,27,121,0,Onslow,2022-05-31
13,91,22,69,0,Onslow,2022-06-13
13,105,18,87,0,Onslow,2022-06-21
14,97,14,83,0,Onslow,2022-05-25
15,224,48,176,0,Onslow,2022-01-09
15,84,19,65,0,Onslow,2022-06-28
24,81,8,73,0,Onslow,2022-06-15
43,702,113,589,0,Onslow,2022-01-17
62,841,131,710,0,Onslow,2022-01-04
72,929,124,805,0,Onslow,2022-01-13
84,1154,91,1063,0,Onslow,2022-01-18
0,53,3,50,0,Orange,2022-02-05
0,58,3,55,0,Orange,2022-02-11
0,15,2,13,0,Orange,2022-02-13
0,22,2,20,0,Orange,2022-02-19
0,15,3,12,0,Orange,2022-02-20
0,5,2,3,0,Orange,2022-02-26
0,16,1,15,0,Orange,2022-03-01
0,12,2,10,0,Orange,2022-03-02
0,13,3,10,0,Orange,2022-03-04
0,7,0,7,0,Orange,2022-03-05
0,15,0,15,0,Orange,2022-03-10
0,9,1,8,0,Orange,2022-03-11
0,9,3,6,0,Orange,2022-03-12
0,6,0,6,0,Orange,2022-03-13
0,6,0,6,0,Orange,2022-03-14
0,10,2,8,0,Orange,2022-03-15
0,12,0,12,0,Orange,2022-03-16
0,9,1,8,0,Orange,2022-03-18
0,13,1,12,0,Orange,2022-03-24
0,19,6,13,0,Orange,2022-03-25
0,5,0,5,0,Orange,2022-03-26
0,10,0,10,0,Orange,2022-03-27
0,20,1,19,0,Orange,2022-03-30
0,11,5,6,0,Orange,2022-04-01
0,7,1,6,0,Orange,2022-04-02
0,9,2,7,0,Orange,2022-04-03
0,9,1,8,0,Orange,2022-04-17
0,39,5,34,0,Orange,2022-05-15
0,40,2,38,0,Orange,2022-05-30
1,43,2,41,0,Orange,2022-02-17
1,4,1,3,0,Orange,2022-02-27
1,7,0,7,0,Orange,2022-03-06
1,13,1,12,0,Orange,2022-03-08
1,4,2,2,0,Orange,2022-03-20
1,22,4,18,0,Orange,2022-03-21
1,17,3,14,0,Orange,2022-03-22
1,20,1,19,0,Orange,2022-03-28
1,21,1,20,0,Orange,2022-03-29
1,22,2,20,0,Orange,2022-03-31
1,29,4,25,0,Orange,2022-04-05
1,26,2,24,0,Orange,2022-04-10
1,57,2,55,0,Orange,2022-04-15
1,30,1,29,0,Orange,2022-04-16
1,52,6,46,0,Orange,2022-04-20
1,51,4,47,0,Orange,2022-04-29
1,31,4,27,0,Orange,2022-04-30
1,63,4,59,0,Orange,2022-05-06
1,42,4,38,0,Orange,2022-05-21
1,36,1,35,0,Orange,2022-05-22
1,54,5,49,0,Orange,2022-05-27
1,42,3,39,0,Orange,2022-05-29
1,43,1,42,0,Orange,2022-06-04
1,64,5,59,0,Orange,2022-06-14
1,55,0,55,0,Orange,2022-06-21
1,30,2,28,0,Orange,2022-06-25
1,40,2,38,0,Orange,2022-07-01
2,76,4,72,0,Orange,2022-01-29
2,31,1,30,0,Orange,2022-02-22
2,28,2,26,0,Orange,2022-02-24
2,55,4,51,0,Orange,2022-04-07
2,31,3,28,0,Orange,2022-04-23
2,18,5,13,0,Orange,2022-04-24
2,57,5,52,0,Orange,2022-04-25
2,53,3,50,0,Orange,2022-04-27
2,72,4,68,0,Orange,2022-05-04
2,31,5,26,0,Orange,2022-05-08
2,68,5,63,0,Orange,2022-06-03
2,84,8,76,0,Orange,2022-06-07
2,27,3,24,0,Orange,2022-06-12
2,59,3,56,0,Orange,2022-06-15
2,28,1,27,0,Orange,2022-06-18
2,20,1,19,0,Orange,2022-06-19
2,61,6,55,0,Orange,2022-06-20
2,30,2,28,0,Orange,2022-06-26
3,53,6,47,0,Orange,2022-01-22
3,134,8,126,0,Orange,2022-02-07
3,88,3,85,0,Orange,2022-02-09
3,76,3,73,0,Orange,2022-02-14
3,32,2,30,0,Orange,2022-02-23
3,20,1,19,0,Orange,2022-03-23
3,62,7,55,0,Orange,2022-04-21
3,57,6,51,0,Orange,2022-04-26
3,52,7,45,0,Orange,2022-04-28
3,25,2,23,0,Orange,2022-05-01
3,32,7,25,0,Orange,2022-05-07
3,83,4,79,0,Orange,2022-05-10
3,77,8,69,0,Orange,2022-05-20
3,90,7,83,0,Orange,2022-06-08
3,40,2,38,0,Orange,2022-06-17
3,71,7,64,0,Orange,2022-06-28
3,34,7,27,0,Orange,2022-06-30
3,28,6,22,0,Orange,2022-07-02
4,197,6,191,0,Orange,2022-01-21
4,141,9,132,0,Orange,2022-02-03
4,29,3,26,0,Orange,2022-04-04
4,75,4,71,0,Orange,2022-04-14
4,92,5,87,0,Orange,2022-04-18
4,52,3,49,0,Orange,2022-04-22
4,77,6,71,0,Orange,2022-05-05
4,102,12,90,0,Orange,2022-05-17
4,96,8,88,0,Orange,2022-06-01
4,76,7,69,0,Orange,2022-06-02
4,36,2,34,0,Orange,2022-06-05
4,73,6,67,0,Orange,2022-06-27
5,91,3,88,0,Orange,2022-02-08
5,94,5,89,0,Orange,2022-04-12
5,83,3,80,0,Orange,2022-04-19
5,81,12,69,0,Orange,2022-05-02
5,103,8,95,0,Orange,2022-05-09
5,82,9,73,0,Orange,2022-05-12
5,61,14,47,0,Orange,2022-05-14
5,91,12,79,0,Orange,2022-05-18
5,110,17,93,0,Orange,2022-05-25
5,83,14,69,0,Orange,2022-05-26
5,62,6,56,0,Orange,2022-05-28
5,144,13,131,0,Orange,2022-05-31
5,56,3,53,0,Orange,2022-06-10
5,66,4,62,0,Orange,2022-06-22
5,46,6,40,0,Orange,2022-06-24
5,51,7,44,0,Orange,2022-06-29
6,156,9,147,0,Orange,2022-02-01
6,127,7,120,0,Orange,2022-02-02
6,47,1,46,0,Orange,2022-06-16
6,56,7,49,0,Orange,2022-06-23
7,97,2,95,0,Orange,2022-04-08
7,135,6,129,0,Orange,2022-04-11
7,97,3,94,0,Orange,2022-04-13
7,92,10,82,0,Orange,2022-05-03
7,93,8,85,0,Orange,2022-05-11
7,85,11,74,0,Orange,2022-05-13
7,87,13,74,0,Orange,2022-05-19
7,82,14,68,0,Orange,2022-05-24
9,173,11,162,0,Orange,2022-01-28
10,119,15,104,0,Orange,2022-05-23
11,212,14,198,0,Orange,2022-01-17
11,230,12,218,0,Orange,2022-01-31
11,150,17,133,0,Orange,2022-05-16
15,254,10,244,0,Orange,2022-01-26
16,489,25,464,0,Orange,2022-01-12
18,354,15,339,0,Orange,2022-01-07
26,580,20,560,0,Orange,2022-01-10
26,522,25,497,0,Orange,2022-01-13
36,490,24,466,0,Orange,2022-01-05
,0,0,0,0,Pamlico,2022-02-20
,0,0,0,0,Pamlico,2022-02-27
,0,0,0,0,Pamlico,2022-02-28
,0,0,0,0,Pamlico,2022-03-05
,0,0,0,0,Pamlico,2022-03-06
,0,0,0,0,Pamlico,2022-03-08
,0,0,0,0,Pamlico,2022-03-10
,0,0,0,0,Pamlico,2022-03-11
,0,0,0,0,Pamlico,2022-03-12
,0,0,0,0,Pamlico,2022-03-13
,0,0,0,0,Pamlico,2022-03-14
,0,0,0,0,Pamlico,2022-03-15
,0,0,0,0,Pamlico,2022-03-18
,0,0,0,0,Pamlico,2022-03-19
,0,0,0,0,Pamlico,2022-03-20
,0,0,0,0,Pamlico,2022-03-22
,0,0,0,0,Pamlico,2022-03-23
,0,0,0,0,Pamlico,2022-03-24
,0,0,0,0,Pamlico,2022-03-25
,0,0,0,0,Pamlico,2022-03-26
,0,0,0,0,Pamlico,2022-03-27
,0,0,0,0,Pamlico,2022-03-28
,0,0,0,0,Pamlico,2022-03-29
,0,0,0,0,Pamlico,2022-03-31
,0,0,0,0,Pamlico,2022-04-01
,0,0,0,0,Pamlico,2022-04-02
,0,0,0,0,Pamlico,2022-04-03
,0,0,0,0,Pamlico,2022-04-04
,0,0,0,0,Pamlico,2022-04-06
,0,0,0,0,Pamlico,2022-04-07
,0,0,0,0,Pamlico,2022-04-09
,0,0,0,0,Pamlico,2022-04-10
,0,0,0,0,Pamlico,2022-04-11
,0,0,0,0,Pamlico,2022-04-12
,0,0,0,0,Pamlico,2022-04-15
,0,0,0,0,Pamlico,2022-04-16
,0,0,0,0,Pamlico,2022-04-21
,0,0,0,0,Pamlico,2022-04-23
,0,0,0,0,Pamlico,2022-04-24
,0,0,0,0,Pamlico,2022-04-26
,0,0,0,0,Pamlico,2022-04-27
,0,0,0,0,Pamlico,2022-04-29
,0,0,0,0,Pamlico,2022-05-03
,0,0,0,0,Pamlico,2022-05-14
,0,0,0,0,Pamlico,2022-05-30
,0,0,0,0,Pamlico,2022-06-25
,0,0,0,0,Pamlico,2022-07-02
0,21,2,19,0,Pamlico,2022-01-04
0,18,2,16,0,Pamlico,2022-01-05
0,24,2,22,0,Pamlico,2022-01-17
0,5,0,5,0,Pamlico,2022-01-21
0,1,0,1,0,Pamlico,2022-01-22
0,5,0,5,0,Pamlico,2022-01-23
0,22,1,21,0,Pamlico,2022-01-25
0,13,1,12,0,Pamlico,2022-01-26
0,17,3,14,0,Pamlico,2022-01-27
0,5,0,5,0,Pamlico,2022-01-29
0,2,0,2,0,Pamlico,2022-02-05
0,8,0,8,0,Pamlico,2022-02-06
0,4,0,4,0,Pamlico,2022-02-09
0,4,0,4,0,Pamlico,2022-02-10
0,5,1,4,0,Pamlico,2022-02-11
0,2,0,2,0,Pamlico,2022-02-13
0,6,0,6,0,Pamlico,2022-02-15
0,7,1,6,0,Pamlico,2022-02-16
0,3,1,2,0,Pamlico,2022-02-18
0,1,0,1,0,Pamlico,2022-02-19
0,4,0,4,0,Pamlico,2022-02-21
0,2,0,2,0,Pamlico,2022-02-22
0,3,0,3,0,Pamlico,2022-02-23
0,2,0,2,0,Pamlico,2022-02-24
0,1,0,1,0,Pamlico,2022-02-26
0,2,0,2,0,Pamlico,2022-03-01
0,1,0,1,0,Pamlico,2022-03-02
0,1,0,1,0,Pamlico,2022-03-03
0,1,0,1,0,Pamlico,2022-03-04
0,1,0,1,0,Pamlico,2022-03-07
0,2,0,2,0,Pamlico,2022-03-09
0,2,0,2,0,Pamlico,2022-03-16
0,1,1,0,0,Pamlico,2022-03-17
0,1,1,0,0,Pamlico,2022-03-21
0,1,1,0,0,Pamlico,2022-03-30
0,2,2,0,0,Pamlico,2022-04-05
0,3,2,1,0,Pamlico,2022-04-08
0,2,0,2,0,Pamlico,2022-04-13
0,3,0,3,0,Pamlico,2022-04-14
0,1,1,0,0,Pamlico,2022-04-17
0,3,1,2,0,Pamlico,2022-04-18
0,3,2,1,0,Pamlico,2022-04-19
0,1,0,1,0,Pamlico,2022-04-20
0,2,1,1,0,Pamlico,2022-04-22
0,2,1,1,0,Pamlico,2022-04-25
0,1,1,0,0,Pamlico,2022-04-28
0,1,0,1,0,Pamlico,2022-04-30
0,2,0,2,0,Pamlico,2022-05-01
0,6,4,2,0,Pamlico,2022-05-02
0,3,3,0,0,Pamlico,2022-05-04
0,3,2,1,0,Pamlico,2022-05-05
0,2,1,1,0,Pamlico,2022-05-06
0,2,1,1,0,Pamlico,2022-05-07
0,4,1,3,0,Pamlico,2022-05-10
0,4,2,2,0,Pamlico,2022-05-13
0,1,0,1,0,Pamlico,2022-05-15
0,2,0,2,0,Pamlico,2022-05-17
0,6,4,2,0,Pamlico,2022-05-20
0,2,0,2,0,Pamlico,2022-05-21
0,3,0,3,0,Pamlico,2022-05-26
0,4,2,2,0,Pamlico,2022-05-28
0,1,0,1,0,Pamlico,2022-05-29
0,2,0,2,0,Pamlico,2022-06-01
0,4,2,2,0,Pamlico,2022-06-02
0,2,0,2,0,Pamlico,2022-06-03
0,1,0,1,0,Pamlico,2022-06-04
0,1,0,1,0,Pamlico,2022-06-05
0,2,0,2,0,Pamlico,2022-06-06
0,4,2,2,0,Pamlico,2022-06-07
0,2,1,1,0,Pamlico,2022-06-08
0,5,2,3,0,Pamlico,2022-06-09
0,1,0,1,0,Pamlico,2022-06-11
0,7,0,7,0,Pamlico,2022-06-12
0,2,1,1,0,Pamlico,2022-06-13
0,2,1,1,0,Pamlico,2022-06-15
0,1,0,1,0,Pamlico,2022-06-18
0,2,0,2,0,Pamlico,2022-06-19
0,4,1,3,0,Pamlico,2022-06-22
0,4,1,3,0,Pamlico,2022-06-23
0,1,0,1,0,Pamlico,2022-06-26
0,3,0,3,0,Pamlico,2022-06-30
0,2,0,2,0,Pamlico,2022-07-01
1,5,0,5,0,Pamlico,2022-01-08
1,4,2,2,0,Pamlico,2022-01-09
1,36,2,34,0,Pamlico,2022-01-13
1,9,0,9,0,Pamlico,2022-01-28
1,6,0,6,0,Pamlico,2022-01-30
1,18,4,14,0,Pamlico,2022-01-31
1,13,0,13,0,Pamlico,2022-02-02
1,9,0,9,0,Pamlico,2022-02-03
1,6,0,6,0,Pamlico,2022-02-04
1,11,1,10,0,Pamlico,2022-02-07
1,16,1,15,0,Pamlico,2022-02-08
1,3,0,3,0,Pamlico,2022-02-14
1,7,3,4,0,Pamlico,2022-02-17
1,3,1,2,0,Pamlico,2022-02-25
1,5,1,4,0,Pamlico,2022-05-09
1,7,1,6,0,Pamlico,2022-05-11
1,5,3,2,0,Pamlico,2022-05-16
1,2,0,2,0,Pamlico,2022-05-18
1,8,5,3,0,Pamlico,2022-05-19
1,8,0,8,0,Pamlico,2022-05-22
1,8,2,6,0,Pamlico,2022-05-24
1,3,2,1,0,Pamlico,2022-05-25
1,4,2,2,0,Pamlico,2022-05-31
1,3,1,2,0,Pamlico,2022-06-10
1,4,1,3,0,Pamlico,2022-06-14
1,5,1,4,0,Pamlico,2022-06-17
1,4,1,3,0,Pamlico,2022-06-24
1,4,0,4,0,Pamlico,2022-06-27
1,5,0,5,0,Pamlico,2022-06-29
2,33,1,32,0,Pamlico,2022-01-14
2,7,0,7,0,Pamlico,2022-02-12
2,4,0,4,0,Pamlico,2022-05-27
2,5,3,2,0,Pamlico,2022-06-16
3,31,4,27,0,Pamlico,2022-01-07
3,47,6,41,0,Pamlico,2022-01-11
3,32,4,28,0,Pamlico,2022-01-20
3,39,2,37,0,Pamlico,2022-01-24
3,9,3,6,0,Pamlico,2022-05-12
3,6,1,5,0,Pamlico,2022-05-23
3,9,3,6,0,Pamlico,2022-06-20
3,6,3,3,0,Pamlico,2022-06-21
3,4,0,4,0,Pamlico,2022-06-28
4,34,5,29,0,Pamlico,2022-01-10
4,40,5,35,0,Pamlico,2022-01-18
,0,0,0,0,Pasquotank,2022-02-25
,0,0,0,0,Pasquotank,2022-03-05
,0,0,0,0,Pasquotank,2022-03-06
,0,0,0,0,Pasquotank,2022-03-09
,0,0,0,0,Pasquotank,2022-03-12
,0,0,0,0,Pasquotank,2022-03-14
,0,0,0,0,Pasquotank,2022-03-15
,0,0,0,0,Pasquotank,2022-03-21
,0,0,0,0,Pasquotank,2022-03-24
,0,0,0,0,Pasquotank,2022-03-27
,0,0,0,0,Pasquotank,2022-03-29
,0,0,0,0,Pasquotank,2022-03-31
,0,0,0,0,Pasquotank,2022-04-01
,0,0,0,0,Pasquotank,2022-04-02
,0,0,0,0,Pasquotank,2022-04-03
,0,0,0,0,Pasquotank,2022-04-04
,0,0,0,0,Pasquotank,2022-04-09
,0,0,0,0,Pasquotank,2022-04-13
,0,0,0,0,Pasquotank,2022-04-14
,0,0,0,0,Pasquotank,2022-04-21
,0,0,0,0,Pasquotank,2022-04-30
,0,0,0,0,Pasquotank,2022-07-02
0,9,0,9,0,Pasquotank,2022-01-22
0,4,0,4,0,Pasquotank,2022-02-06
0,6,0,6,0,Pasquotank,2022-02-09
0,6,2,4,0,Pasquotank,2022-02-12
0,2,1,1,0,Pasquotank,2022-02-13
0,9,2,7,0,Pasquotank,2022-02-14
0,5,1,4,0,Pasquotank,2022-02-18
0,2,1,1,0,Pasquotank,2022-02-19
0,4,0,4,0,Pasquotank,2022-02-20
0,4,0,4,0,Pasquotank,2022-02-21
0,5,0,5,0,Pasquotank,2022-02-22
0,9,2,7,0,Pasquotank,2022-02-24
0,2,0,2,0,Pasquotank,2022-02-26
0,1,0,1,0,Pasquotank,2022-02-27
0,1,0,1,0,Pasquotank,2022-03-03
0,2,0,2,0,Pasquotank,2022-03-04
0,3,1,2,0,Pasquotank,2022-03-07
0,1,1,0,0,Pasquotank,2022-03-08
0,1,0,1,0,Pasquotank,2022-03-10
0,2,0,2,0,Pasquotank,2022-03-11
0,2,1,1,0,Pasquotank,2022-03-13
0,2,0,2,0,Pasquotank,2022-03-16
0,3,2,1,0,Pasquotank,2022-03-17
0,1,0,1,0,Pasquotank,2022-03-19
0,2,2,0,0,Pasquotank,2022-03-23
0,4,2,2,0,Pasquotank,2022-03-25
0,1,0,1,0,Pasquotank,2022-03-26
0,2,1,1,0,Pasquotank,2022-03-28
0,1,1,0,0,Pasquotank,2022-03-30
0,1,0,1,0,Pasquotank,2022-04-05
0,1,0,1,0,Pasquotank,2022-04-06
0,2,0,2,0,Pasquotank,2022-04-07
0,1,0,1,0,Pasquotank,2022-04-08
0,1,0,1,0,Pasquotank,2022-04-10
0,2,0,2,0,Pasquotank,2022-04-11
0,3,0,3,0,Pasquotank,2022-04-12
0,1,1,0,0,Pasquotank,2022-04-15
0,1,0,1,0,Pasquotank,2022-04-16
0,1,1,0,0,Pasquotank,2022-04-17
0,1,0,1,0,Pasquotank,2022-04-18
0,1,0,1,0,Pasquotank,2022-04-19
0,2,1,1,0,Pasquotank,2022-04-20
0,2,1,1,0,Pasquotank,2022-04-22
0,1,0,1,0,Pasquotank,2022-04-23
0,2,0,2,0,Pasquotank,2022-04-24
0,2,0,2,0,Pasquotank,2022-04-25
0,2,1,1,0,Pasquotank,2022-04-26
0,2,1,1,0,Pasquotank,2022-04-27
0,9,3,6,0,Pasquotank,2022-04-28
0,3,1,2,0,Pasquotank,2022-04-29
0,2,1,1,0,Pasquotank,2022-05-01
0,1,1,0,0,Pasquotank,2022-05-02
0,5,1,4,0,Pasquotank,2022-05-05
0,8,2,6,0,Pasquotank,2022-05-06
0,4,2,2,0,Pasquotank,2022-05-07
0,2,0,2,0,Pasquotank,2022-05-08
0,8,3,5,0,Pasquotank,2022-05-10
0,5,1,4,0,Pasquotank,2022-05-14
0,3,0,3,0,Pasquotank,2022-05-15
0,10,5,5,0,Pasquotank,2022-05-18
0,5,2,3,0,Pasquotank,2022-05-21
0,3,3,0,0,Pasquotank,2022-05-22
0,8,6,2,0,Pasquotank,2022-05-23
0,8,5,3,0,Pasquotank,2022-05-24
0,13,6,7,0,Pasquotank,2022-05-26
0,4,1,3,0,Pasquotank,2022-05-27
0,4,1,3,0,Pasquotank,2022-05-28
0,2,1,1,0,Pasquotank,2022-05-29
0,15,6,9,0,Pasquotank,2022-06-02
0,6,0,6,0,Pasquotank,2022-06-05
0,8,4,4,0,Pasquotank,2022-06-08
0,5,2,3,0,Pasquotank,2022-06-10
0,7,4,3,0,Pasquotank,2022-06-11
0,6,1,5,0,Pasquotank,2022-06-25
0,6,3,3,0,Pasquotank,2022-06-28
1,40,16,24,0,Pasquotank,2022-01-15
1,6,4,2,0,Pasquotank,2022-02-08
1,8,1,7,0,Pasquotank,2022-02-10
1,8,5,3,0,Pasquotank,2022-02-15
1,13,4,9,0,Pasquotank,2022-02-17
1,7,5,2,0,Pasquotank,2022-02-23
1,5,3,2,0,Pasquotank,2022-03-01
1,2,0,2,0,Pasquotank,2022-03-02
1,8,1,7,0,Pasquotank,2022-05-04
1,8,4,4,0,Pasquotank,2022-05-12
1,10,3,7,0,Pasquotank,2022-05-16
1,12,7,5,0,Pasquotank,2022-05-20
1,16,8,8,0,Pasquotank,2022-05-31
1,7,2,5,0,Pasquotank,2022-06-04
1,10,5,5,0,Pasquotank,2022-06-12
1,4,2,2,0,Pasquotank,2022-06-13
1,9,2,7,0,Pasquotank,2022-06-14
1,4,1,3,0,Pasquotank,2022-06-17
1,2,0,2,0,Pasquotank,2022-06-19
1,11,4,7,0,Pasquotank,2022-06-21
1,9,4,5,0,Pasquotank,2022-06-24
1,9,5,4,0,Pasquotank,2022-06-26
1,3,2,1,0,Pasquotank,2022-06-29
1,10,1,9,0,Pasquotank,2022-06-30
2,45,9,36,0,Pasquotank,2022-01-31
2,34,6,28,0,Pasquotank,2022-02-07
2,27,1,26,0,Pasquotank,2022-02-16
2,3,2,1,0,Pasquotank,2022-05-03
2,9,5,4,0,Pasquotank,2022-05-13
2,14,5,9,0,Pasquotank,2022-05-17
2,17,7,10,0,Pasquotank,2022-05-19
2,6,4,2,0,Pasquotank,2022-05-30
2,13,5,8,0,Pasquotank,2022-06-03
2,17,14,3,0,Pasquotank,2022-06-06
2,7,4,3,0,Pasquotank,2022-06-07
2,10,7,3,0,Pasquotank,2022-06-09
2,7,3,4,0,Pasquotank,2022-06-15
2,8,5,3,0,Pasquotank,2022-06-16
2,7,5,2,0,Pasquotank,2022-06-18
2,13,3,10,0,Pasquotank,2022-06-20
2,9,2,7,0,Pasquotank,2022-06-22
2,8,5,3,0,Pasquotank,2022-06-23
2,9,1,8,0,Pasquotank,2022-06-27
2,11,4,7,0,Pasquotank,2022-07-01
3,75,31,44,0,Pasquotank,2022-01-14
3,3,2,1,0,Pasquotank,2022-05-09
3,7,4,3,0,Pasquotank,2022-05-11
3,17,9,8,0,Pasquotank,2022-05-25
3,25,8,17,0,Pasquotank,2022-06-01
4,33,2,31,0,Pasquotank,2022-01-09
4,65,33,32,0,Pasquotank,2022-01-13
4,16,2,14,0,Pasquotank,2022-01-29
5,68,25,43,0,Pasquotank,2022-01-07
6,99,25,74,0,Pasquotank,2022-01-06
6,35,3,32,0,Pasquotank,2022-01-08
6,68,19,49,0,Pasquotank,2022-01-12
6,87,21,66,0,Pasquotank,2022-01-17
6,33,9,24,0,Pasquotank,2022-02-01
7,67,6,61,0,Pasquotank,2022-01-26
8,101,13,88,0,Pasquotank,2022-01-20
11,108,25,83,0,Pasquotank,2022-01-05
12,94,16,78,0,Pasquotank,2022-01-24
15,135,38,97,0,Pasquotank,2022-01-10
,0,0,0,0,Pender,2022-03-10
,0,0,0,0,Pender,2022-03-13
,0,0,0,0,Pender,2022-03-18
,0,0,0,0,Pender,2022-03-20
,0,0,0,0,Pender,2022-03-23
,0,0,0,0,Pender,2022-03-25
,0,0,0,0,Pender,2022-03-27
,0,0,0,0,Pender,2022-04-02
,0,0,0,0,Pender,2022-04-03
,0,0,0,0,Pender,2022-04-05
,0,0,0,0,Pender,2022-04-10
,0,0,0,0,Pender,2022-05-01
0,15,4,11,0,Pender,2022-02-05
0,16,1,15,0,Pender,2022-02-16
0,5,0,5,0,Pender,2022-02-17
0,4,1,3,0,Pender,2022-02-20
0,5,0,5,0,Pender,2022-02-23
0,5,1,4,0,Pender,2022-02-24
0,1,0,1,0,Pender,2022-02-26
0,1,0,1,0,Pender,2022-02-28
0,5,1,4,0,Pender,2022-03-01
0,1,0,1,0,Pender,2022-03-02
0,5,2,3,0,Pender,2022-03-03
0,2,0,2,0,Pender,2022-03-04
0,1,0,1,0,Pender,2022-03-05
0,2,0,2,0,Pender,2022-03-06
0,3,0,3,0,Pender,2022-03-07
0,1,0,1,0,Pender,2022-03-09
0,1,0,1,0,Pender,2022-03-11
0,1,0,1,0,Pender,2022-03-12
0,5,4,1,0,Pender,2022-03-14
0,5,0,5,0,Pender,2022-03-17
0,1,0,1,0,Pender,2022-03-19
0,2,0,2,0,Pender,2022-03-21
0,1,0,1,0,Pender,2022-03-22
0,1,0,1,0,Pender,2022-03-24
0,2,0,2,0,Pender,2022-03-28
0,1,0,1,0,Pender,2022-03-29
0,2,0,2,0,Pender,2022-03-30
0,2,0,2,0,Pender,2022-03-31
0,2,0,2,0,Pender,2022-04-01
0,2,0,2,0,Pender,2022-04-06
0,5,0,5,0,Pender,2022-04-07
0,2,0,2,0,Pender,2022-04-09
0,8,1,7,0,Pender,2022-04-13
0,5,2,3,0,Pender,2022-04-14
0,7,1,6,0,Pender,2022-04-15
0,1,0,1,0,Pender,2022-04-16
0,2,0,2,0,Pender,2022-04-17
0,3,1,2,0,Pender,2022-04-18
0,3,3,0,0,Pender,2022-04-19
0,2,0,2,0,Pender,2022-04-20
0,7,1,6,0,Pender,2022-04-21
0,5,1,4,0,Pender,2022-04-22
0,3,0,3,0,Pender,2022-04-23
0,4,1,3,0,Pender,2022-04-26
0,1,0,1,0,Pender,2022-04-30
0,7,2,5,0,Pender,2022-05-02
0,5,1,4,0,Pender,2022-05-06
0,6,0,6,0,Pender,2022-05-08
0,12,3,9,0,Pender,2022-05-11
0,7,0,7,0,Pender,2022-05-15
0,26,3,23,0,Pender,2022-05-16
0,6,1,5,0,Pender,2022-05-22
0,17,1,16,0,Pender,2022-05-24
0,6,1,5,0,Pender,2022-05-29
0,6,1,5,0,Pender,2022-05-30
0,13,2,11,0,Pender,2022-06-02
0,13,1,12,0,Pender,2022-06-03
0,18,1,17,0,Pender,2022-06-07
0,9,0,9,0,Pender,2022-06-09
0,12,4,8,0,Pender,2022-06-15
0,2,0,2,0,Pender,2022-06-26
1,33,2,31,0,Pender,2022-01-30
1,12,1,11,0,Pender,2022-02-12
1,4,1,3,0,Pender,2022-02-13
1,14,0,14,0,Pender,2022-02-15
1,9,3,6,0,Pender,2022-02-18
1,7,0,7,0,Pender,2022-02-21
1,12,1,11,0,Pender,2022-02-22
1,5,1,4,0,Pender,2022-02-27
1,3,0,3,0,Pender,2022-03-08
1,2,0,2,0,Pender,2022-03-16
1,4,0,4,0,Pender,2022-04-04
1,9,0,9,0,Pender,2022-04-08
1,9,2,7,0,Pender,2022-04-11
1,6,1,5,0,Pender,2022-04-12
1,12,4,8,0,Pender,2022-04-25
1,9,3,6,0,Pender,2022-04-27
1,6,0,6,0,Pender,2022-04-28
1,4,1,3,0,Pender,2022-04-29
1,10,1,9,0,Pender,2022-05-03
1,11,2,9,0,Pender,2022-05-04
1,10,1,9,0,Pender,2022-05-05
1,3,0,3,0,Pender,2022-05-07
1,13,1,12,0,Pender,2022-05-09
1,22,2,20,0,Pender,2022-05-10
1,20,1,19,0,Pender,2022-05-19
1,12,0,12,0,Pender,2022-05-21
1,17,3,14,0,Pender,2022-05-25
1,15,1,14,0,Pender,2022-05-26
1,12,2,10,0,Pender,2022-05-28
1,6,0,6,0,Pender,2022-06-05
1,7,2,5,0,Pender,2022-06-08
1,13,0,13,0,Pender,2022-06-11
1,6,0,6,0,Pender,2022-06-12
1,15,4,11,0,Pender,2022-06-20
1,10,2,8,0,Pender,2022-06-25
1,14,3,11,0,Pender,2022-06-28
1,13,1,12,0,Pender,2022-07-01
2,68,12,56,0,Pender,2022-01-08
2,36,5,31,0,Pender,2022-01-22
2,24,1,23,0,Pender,2022-02-10
2,7,1,6,0,Pender,2022-03-15
2,6,2,4,0,Pender,2022-04-24
2,16,4,12,0,Pender,2022-05-12
2,14,2,12,0,Pender,2022-05-13
2,10,2,8,0,Pender,2022-05-14
2,13,1,12,0,Pender,2022-05-18
2,11,1,10,0,Pender,2022-06-04
2,21,4,17,0,Pender,2022-06-06
2,15,3,12,0,Pender,2022-06-10
2,18,1,17,0,Pender,2022-06-13
2,11,0,11,0,Pender,2022-06-16
2,9,1,8,0,Pender,2022-06-19
2,18,3,15,0,Pender,2022-06-23
2,12,0,12,0,Pender,2022-06-24
2,14,2,12,0,Pender,2022-06-30
2,6,1,5,0,Pender,2022-07-02
3,35,2,33,0,Pender,2022-02-08
3,12,2,10,0,Pender,2022-05-20
3,21,2,19,0,Pender,2022-06-01
3,23,5,18,0,Pender,2022-06-14
3,17,0,17,0,Pender,2022-06-17
3,16,3,13,0,Pender,2022-06-29
4,112,14,98,0,Pender,2022-01-05
4,24,5,19,0,Pender,2022-05-31
4,21,6,15,0,Pender,2022-06-22
5,102,14,88,0,Pender,2022-01-28
5,62,14,48,0,Pender,2022-02-02
5,18,2,16,0,Pender,2022-05-23
5,23,5,18,0,Pender,2022-06-21
5,22,4,18,0,Pender,2022-06-27
6,78,6,72,0,Pender,2022-02-01
6,83,14,69,0,Pender,2022-02-07
7,129,14,115,0,Pender,2022-01-07
12,220,27,193,0,Pender,2022-01-13
14,104,18,86,0,Pender,2022-01-27
22,224,26,198,0,Pender,2022-01-20
22,267,45,222,0,Pender,2022-01-24
24,249,32,217,0,Pender,2022-01-10
,0,0,0,0,Perquimans,2022-02-19
,0,0,0,0,Perquimans,2022-02-24
,0,0,0,0,Perquimans,2022-02-25
,0,0,0,0,Perquimans,2022-02-27
,0,0,0,0,Perquimans,2022-03-05
,0,0,0,0,Perquimans,2022-03-07
,0,0,0,0,Perquimans,2022-03-09
,0,0,0,0,Perquimans,2022-03-10
,0,0,0,0,Perquimans,2022-03-12
,0,0,0,0,Perquimans,2022-03-14
,0,0,0,0,Perquimans,2022-03-15
,0,0,0,0,Perquimans,2022-03-16
,0,0,0,0,Perquimans,2022-03-17
,0,0,0,0,Perquimans,2022-03-19
,0,0,0,0,Perquimans,2022-03-20
,0,0,0,0,Perquimans,2022-03-22
,0,0,0,0,Perquimans,2022-03-23
,0,0,0,0,Perquimans,2022-03-25
,0,0,0,0,Perquimans,2022-03-26
,0,0,0,0,Perquimans,2022-03-28
,0,0,0,0,Perquimans,2022-03-29
,0,0,0,0,Perquimans,2022-03-30
,0,0,0,0,Perquimans,2022-03-31
,0,0,0,0,Perquimans,2022-04-01
,0,0,0,0,Perquimans,2022-04-02
,0,0,0,0,Perquimans,2022-04-03
,0,0,0,0,Perquimans,2022-04-05
,0,0,0,0,Perquimans,2022-04-07
,0,0,0,0,Perquimans,2022-04-08
,0,0,0,0,Perquimans,2022-04-09
,0,0,0,0,Perquimans,2022-04-10
,0,0,0,0,Perquimans,2022-04-12
,0,0,0,0,Perquimans,2022-04-13
,0,0,0,0,Perquimans,2022-04-14
,0,0,0,0,Perquimans,2022-04-15
,0,0,0,0,Perquimans,2022-04-16
,0,0,0,0,Perquimans,2022-04-17
,0,0,0,0,Perquimans,2022-04-18
,0,0,0,0,Perquimans,2022-04-19
,0,0,0,0,Perquimans,2022-04-20
,0,0,0,0,Perquimans,2022-04-21
,0,0,0,0,Perquimans,2022-04-22
,0,0,0,0,Perquimans,2022-04-23
,0,0,0,0,Perquimans,2022-04-30
,0,0,0,0,Perquimans,2022-05-07
,0,0,0,0,Perquimans,2022-05-08
,0,0,0,0,Perquimans,2022-05-10
,0,0,0,0,Perquimans,2022-05-12
,0,0,0,0,Perquimans,2022-05-13
,0,0,0,0,Perquimans,2022-06-05
,0,0,0,0,Perquimans,2022-06-19
,0,0,0,0,Perquimans,2022-06-28
,0,0,0,0,Perquimans,2022-07-02
0,13,0,13,0,Perquimans,2022-01-09
0,10,3,7,0,Perquimans,2022-01-16
0,10,1,9,0,Perquimans,2022-01-21
0,21,7,14,0,Perquimans,2022-01-26
0,4,0,4,0,Perquimans,2022-01-29
0,8,1,7,0,Perquimans,2022-02-02
0,5,1,4,0,Perquimans,2022-02-06
0,4,2,2,0,Perquimans,2022-02-10
0,3,0,3,0,Perquimans,2022-02-11
0,1,0,1,0,Perquimans,2022-02-12
0,7,3,4,0,Perquimans,2022-02-14
0,2,0,2,0,Perquimans,2022-02-15
0,2,0,2,0,Perquimans,2022-02-17
0,2,0,2,0,Perquimans,2022-02-18
0,2,0,2,0,Perquimans,2022-02-20
0,2,2,0,0,Perquimans,2022-02-22
0,1,1,0,0,Perquimans,2022-02-23
0,1,0,1,0,Perquimans,2022-02-26
0,1,0,1,0,Perquimans,2022-02-28
0,1,0,1,0,Perquimans,2022-03-01
0,2,0,2,0,Perquimans,2022-03-02
0,1,0,1,0,Perquimans,2022-03-03
0,1,0,1,0,Perquimans,2022-03-06
0,2,0,2,0,Perquimans,2022-03-08
0,1,0,1,0,Perquimans,2022-03-13
0,1,1,0,0,Perquimans,2022-03-18
0,1,1,0,0,Perquimans,2022-03-27
0,1,0,1,0,Perquimans,2022-04-04
0,1,1,0,0,Perquimans,2022-04-11
0,2,2,0,0,Perquimans,2022-04-24
0,1,0,1,0,Perquimans,2022-04-25
0,1,0,1,0,Perquimans,2022-04-29
0,2,1,1,0,Perquimans,2022-05-02
0,1,0,1,0,Perquimans,2022-05-03
0,5,0,5,0,Perquimans,2022-05-04
0,6,5,1,0,Perquimans,2022-05-05
0,3,1,2,0,Perquimans,2022-05-06
0,3,0,3,0,Perquimans,2022-05-09
0,2,1,1,0,Perquimans,2022-05-11
0,2,0,2,0,Perquimans,2022-05-15
0,2,1,1,0,Perquimans,2022-05-16
0,4,2,2,0,Perquimans,2022-05-17
0,2,0,2,0,Perquimans,2022-05-18
0,5,2,3,0,Perquimans,2022-05-19
0,4,1,3,0,Perquimans,2022-05-20
0,2,2,0,0,Perquimans,2022-05-21
0,4,2,2,0,Perquimans,2022-05-23
0,5,2,3,0,Perquimans,2022-05-24
0,5,0,5,0,Perquimans,2022-05-25
0,3,2,1,0,Perquimans,2022-05-28
0,2,0,2,0,Perquimans,2022-05-29
0,2,1,1,0,Perquimans,2022-05-30
0,3,1,2,0,Perquimans,2022-06-02
0,2,0,2,0,Perquimans,2022-06-03
0,2,0,2,0,Perquimans,2022-06-04
0,4,1,3,0,Perquimans,2022-06-07
0,2,0,2,0,Perquimans,2022-06-08
0,1,0,1,0,Perquimans,2022-06-10
0,3,0,3,0,Perquimans,2022-06-11
0,1,1,0,0,Perquimans,2022-06-12
0,9,2,7,0,Perquimans,2022-06-14
0,3,0,3,0,Perquimans,2022-06-16
0,5,2,3,0,Perquimans,2022-06-17
0,3,1,2,0,Perquimans,2022-06-21
0,2,0,2,0,Perquimans,2022-06-22
0,3,2,1,0,Perquimans,2022-06-24
0,3,1,2,0,Perquimans,2022-06-25
0,2,0,2,0,Perquimans,2022-06-27
0,3,1,2,0,Perquimans,2022-06-29
0,2,1,1,0,Perquimans,2022-07-01
1,32,4,28,0,Perquimans,2022-01-05
1,13,0,13,0,Perquimans,2022-01-08
1,52,19,33,0,Perquimans,2022-01-10
1,18,2,16,0,Perquimans,2022-01-15
1,6,1,5,0,Perquimans,2022-01-22
1,5,0,5,0,Perquimans,2022-01-30
1,5,3,2,0,Perquimans,2022-02-05
1,5,1,4,0,Perquimans,2022-02-08
1,17,0,17,0,Perquimans,2022-02-09
1,6,1,5,0,Perquimans,2022-02-13
1,4,0,4,0,Perquimans,2022-02-21
1,1,1,0,0,Perquimans,2022-03-04
1,1,0,1,0,Perquimans,2022-03-24
1,3,2,1,0,Perquimans,2022-04-06
1,3,0,3,0,Perquimans,2022-04-26
1,2,1,1,0,Perquimans,2022-04-28
1,2,0,2,0,Perquimans,2022-05-01
1,4,1,3,0,Perquimans,2022-05-14
1,2,0,2,0,Perquimans,2022-05-22
1,5,2,3,0,Perquimans,2022-05-26
1,4,1,3,0,Perquimans,2022-05-27
1,1,1,0,0,Perquimans,2022-06-09
1,3,0,3,0,Perquimans,2022-06-13
1,3,1,2,0,Perquimans,2022-06-18
1,3,2,1,0,Perquimans,2022-06-23
1,1,0,1,0,Perquimans,2022-06-26
1,3,1,2,0,Perquimans,2022-06-30
2,35,7,28,0,Perquimans,2022-01-11
2,34,6,28,0,Perquimans,2022-01-14
2,29,4,25,0,Perquimans,2022-01-24
2,11,1,10,0,Perquimans,2022-01-28
2,19,3,16,0,Perquimans,2022-01-31
2,12,4,8,0,Perquimans,2022-02-01
2,2,2,0,0,Perquimans,2022-04-27
2,8,5,3,0,Perquimans,2022-05-31
2,5,1,4,0,Perquimans,2022-06-01
2,5,2,3,0,Perquimans,2022-06-06
2,6,0,6,0,Perquimans,2022-06-15
2,5,0,5,0,Perquimans,2022-06-20
3,22,6,16,0,Perquimans,2022-01-27
3,13,0,13,0,Perquimans,2022-02-03
3,12,3,9,0,Perquimans,2022-02-07
4,55,10,45,0,Perquimans,2022-01-04
4,21,6,15,0,Perquimans,2022-01-13
4,32,4,28,0,Perquimans,2022-01-17
,0,0,0,0,Person,2022-03-10
,0,0,0,0,Person,2022-03-11
,0,0,0,0,Person,2022-03-12
,0,0,0,0,Person,2022-03-23
,0,0,0,0,Person,2022-03-24
,0,0,0,0,Person,2022-03-25
,0,0,0,0,Person,2022-03-27
,0,0,0,0,Person,2022-03-28
,0,0,0,0,Person,2022-04-03
,0,0,0,0,Person,2022-04-08
,0,0,0,0,Person,2022-04-21
0,7,0,7,0,Person,2022-01-16
0,9,2,7,0,Person,2022-02-12
0,4,0,4,0,Person,2022-02-13
0,10,2,8,0,Person,2022-02-16
0,8,2,6,0,Person,2022-02-18
0,2,0,2,0,Person,2022-02-20
0,5,2,3,0,Person,2022-02-25
0,2,1,1,0,Person,2022-02-26
0,4,0,4,0,Person,2022-02-27
0,3,1,2,0,Person,2022-02-28
0,7,2,5,0,Person,2022-03-01
0,4,0,4,0,Person,2022-03-03
0,3,0,3,0,Person,2022-03-04
0,1,0,1,0,Person,2022-03-05
0,3,3,0,0,Person,2022-03-06
0,2,1,1,0,Person,2022-03-07
0,2,1,1,0,Person,2022-03-08
0,6,1,5,0,Person,2022-03-09
0,1,0,1,0,Person,2022-03-13
0,5,0,5,0,Person,2022-03-14
0,1,1,0,0,Person,2022-03-15
0,3,0,3,0,Person,2022-03-17
0,1,1,0,0,Person,2022-03-18
0,1,0,1,0,Person,2022-03-19
0,1,1,0,0,Person,2022-03-20
0,3,0,3,0,Person,2022-03-21
0,2,0,2,0,Person,2022-03-22
0,1,0,1,0,Person,2022-03-26
0,2,0,2,0,Person,2022-03-30
0,2,1,1,0,Person,2022-03-31
0,2,0,2,0,Person,2022-04-01
0,1,1,0,0,Person,2022-04-02
0,3,0,3,0,Person,2022-04-04
0,2,1,1,0,Person,2022-04-05
0,1,0,1,0,Person,2022-04-06
0,3,0,3,0,Person,2022-04-07
0,2,1,1,0,Person,2022-04-09
0,1,0,1,0,Person,2022-04-10
0,3,0,3,0,Person,2022-04-11
0,4,1,3,0,Person,2022-04-13
0,2,0,2,0,Person,2022-04-14
0,3,0,3,0,Person,2022-04-15
0,1,0,1,0,Person,2022-04-16
0,1,0,1,0,Person,2022-04-17
0,2,0,2,0,Person,2022-04-20
0,5,3,2,0,Person,2022-04-22
0,4,3,1,0,Person,2022-04-27
0,5,1,4,0,Person,2022-04-30
0,16,6,10,0,Person,2022-05-02
0,6,2,4,0,Person,2022-05-03
0,10,2,8,0,Person,2022-05-06
0,2,1,1,0,Person,2022-05-07
0,13,3,10,0,Person,2022-05-09
0,9,1,8,0,Person,2022-05-10
0,19,4,15,0,Person,2022-05-13
0,16,3,13,0,Person,2022-05-14
0,8,5,3,0,Person,2022-05-15
0,7,1,6,0,Person,2022-05-22
0,12,5,7,0,Person,2022-05-25
0,16,4,12,0,Person,2022-05-26
0,14,3,11,0,Person,2022-05-28
0,3,2,1,0,Person,2022-06-11
0,11,4,7,0,Person,2022-06-13
0,3,0,3,0,Person,2022-06-18
0,10,5,5,0,Person,2022-06-19
0,11,6,5,0,Person,2022-06-22
0,8,2,6,0,Person,2022-06-26
0,11,3,8,0,Person,2022-06-30
0,5,1,4,0,Person,2022-07-02
1,15,3,12,0,Person,2022-02-05
1,9,2,7,0,Person,2022-02-11
1,11,2,9,0,Person,2022-02-15
1,14,2,12,0,Person,2022-02-17
1,13,2,11,0,Person,2022-02-23
1,11,3,8,0,Person,2022-03-02
1,1,1,0,0,Person,2022-03-29
1,4,1,3,0,Person,2022-04-12
1,1,1,0,0,Person,2022-04-18
1,2,2,0,0,Person,2022-04-19
1,3,1,2,0,Person,2022-04-23
1,2,1,1,0,Person,2022-04-24
1,13,3,10,0,Person,2022-04-25
1,3,1,2,0,Person,2022-04-26
1,11,1,10,0,Person,2022-04-28
1,7,2,5,0,Person,2022-04-29
1,6,3,3,0,Person,2022-05-01
1,8,3,5,0,Person,2022-05-05
1,15,6,9,0,Person,2022-05-16
1,13,4,9,0,Person,2022-05-18
1,15,5,10,0,Person,2022-05-19
1,13,3,10,0,Person,2022-05-20
1,12,3,9,0,Person,2022-05-21
1,12,3,9,0,Person,2022-05-27
1,8,4,4,0,Person,2022-05-30
1,13,1,12,0,Person,2022-05-31
1,8,2,6,0,Person,2022-06-05
1,19,4,15,0,Person,2022-06-08
1,6,1,5,0,Person,2022-06-09
1,16,3,13,0,Person,2022-06-10
1,6,1,5,0,Person,2022-06-12
1,9,4,5,0,Person,2022-06-16
1,16,8,8,0,Person,2022-06-20
1,11,4,7,0,Person,2022-06-24
1,7,4,3,0,Person,2022-06-25
1,22,8,14,0,Person,2022-06-27
1,12,3,9,0,Person,2022-06-28
2,53,3,50,0,Person,2022-01-23
2,75,13,62,0,Person,2022-01-26
2,33,11,22,0,Person,2022-01-30
2,44,5,39,0,Person,2022-02-02
2,30,6,24,0,Person,2022-02-04
2,15,1,14,0,Person,2022-02-06
2,22,6,16,0,Person,2022-02-10
2,18,4,14,0,Person,2022-02-14
2,14,2,12,0,Person,2022-05-04
2,6,4,2,0,Person,2022-05-08
2,16,4,12,0,Person,2022-05-11
2,23,8,15,0,Person,2022-05-23
2,13,5,8,0,Person,2022-05-29
2,18,5,13,0,Person,2022-06-01
2,16,7,9,0,Person,2022-06-14
2,7,5,2,0,Person,2022-06-17
2,15,5,10,0,Person,2022-06-23
2,14,4,10,0,Person,2022-06-29
3,62,15,47,0,Person,2022-01-21
3,25,1,24,0,Person,2022-01-22
3,66,8,58,0,Person,2022-01-27
3,59,16,43,0,Person,2022-01-28
3,31,6,25,0,Person,2022-02-08
3,19,7,12,0,Person,2022-05-12
3,24,7,17,0,Person,2022-05-24
3,12,5,7,0,Person,2022-06-02
3,16,5,11,0,Person,2022-06-06
3,18,5,13,0,Person,2022-06-15
4,79,15,64,0,Person,2022-01-07
4,63,3,60,0,Person,2022-01-17
4,27,4,23,0,Person,2022-02-07
4,21,3,18,0,Person,2022-05-17
4,11,10,1,0,Person,2022-06-04
4,18,6,12,0,Person,2022-06-07
4,26,11,15,0,Person,2022-06-21
4,7,1,6,0,Person,2022-07-01
5,120,25,95,0,Person,2022-01-05
6,74,14,60,0,Person,2022-01-31
6,13,3,10,0,Person,2022-06-03
7,39,6,33,0,Person,2022-01-09
9,153,12,141,0,Person,2022-01-10
10,138,23,115,0,Person,2022-01-11
10,110,6,104,0,Person,2022-01-13
10,91,5,86,0,Person,2022-01-14
12,144,16,128,0,Person,2022-01-04
13,148,23,125,0,Person,2022-01-24
,0,0,0,0,Pitt,2022-03-27
0,7,0,7,0,Pitt,2022-02-27
0,5,1,4,0,Pitt,2022-03-11
0,1,0,1,0,Pitt,2022-03-12
0,1,0,1,0,Pitt,2022-03-13
0,4,1,3,0,Pitt,2022-03-15
0,6,1,5,0,Pitt,2022-03-18
0,2,0,2,0,Pitt,2022-03-20
0,3,0,3,0,Pitt,2022-03-21
0,4,1,3,0,Pitt,2022-03-22
0,5,0,5,0,Pitt,2022-03-23
0,4,0,4,0,Pitt,2022-03-26
0,4,1,3,0,Pitt,2022-03-30
0,2,0,2,0,Pitt,2022-03-31
0,4,0,4,0,Pitt,2022-04-01
0,4,0,4,0,Pitt,2022-04-03
0,10,3,7,0,Pitt,2022-04-04
0,16,0,16,0,Pitt,2022-04-13
0,4,0,4,0,Pitt,2022-04-16
0,3,1,2,0,Pitt,2022-04-17
0,12,5,7,0,Pitt,2022-04-20
0,11,0,11,0,Pitt,2022-04-21
0,12,4,8,0,Pitt,2022-04-23
0,2,0,2,0,Pitt,2022-04-24
0,15,3,12,0,Pitt,2022-05-07
1,11,1,10,0,Pitt,2022-03-01
1,15,3,12,0,Pitt,2022-03-07
1,10,3,7,0,Pitt,2022-03-09
1,3,1,2,0,Pitt,2022-03-24
1,3,1,2,0,Pitt,2022-03-29
1,3,0,3,0,Pitt,2022-04-02
1,11,0,11,0,Pitt,2022-04-08
1,6,0,6,0,Pitt,2022-04-09
1,5,0,5,0,Pitt,2022-04-10
1,16,3,13,0,Pitt,2022-04-12
1,12,0,12,0,Pitt,2022-04-18
1,25,7,18,0,Pitt,2022-04-26
1,24,3,21,0,Pitt,2022-04-28
1,9,0,9,0,Pitt,2022-04-30
1,11,1,10,0,Pitt,2022-05-01
1,34,2,32,0,Pitt,2022-05-15
1,24,4,20,0,Pitt,2022-05-21
1,16,3,13,0,Pitt,2022-05-30
2,9,2,7,0,Pitt,2022-03-10
2,7,0,7,0,Pitt,2022-03-28
2,13,0,13,0,Pitt,2022-04-06
2,11,1,10,0,Pitt,2022-04-07
2,22,2,20,0,Pitt,2022-04-11
2,15,2,13,0,Pitt,2022-04-14
2,11,1,10,0,Pitt,2022-04-22
2,24,1,23,0,Pitt,2022-04-25
2,26,2,24,0,Pitt,2022-06-04
3,41,3,38,0,Pitt,2022-02-13
3,20,4,16,0,Pitt,2022-03-03
3,16,4,12,0,Pitt,2022-04-29
3,20,3,17,0,Pitt,2022-05-08
3,24,5,19,0,Pitt,2022-05-28
3,33,1,32,0,Pitt,2022-06-05
3,25,4,21,0,Pitt,2022-07-02
4,41,2,39,0,Pitt,2022-02-17
4,42,6,36,0,Pitt,2022-02-22
4,13,1,12,0,Pitt,2022-04-05
4,16,0,16,0,Pitt,2022-04-19
4,33,5,28,0,Pitt,2022-05-03
4,29,2,27,0,Pitt,2022-05-29
4,49,7,42,0,Pitt,2022-07-01
5,93,8,85,0,Pitt,2022-02-10
5,30,2,28,0,Pitt,2022-05-02
5,38,2,36,0,Pitt,2022-05-04
5,37,1,36,0,Pitt,2022-05-05
5,28,5,23,0,Pitt,2022-05-06
5,63,13,50,0,Pitt,2022-05-10
5,23,2,21,0,Pitt,2022-05-14
5,41,1,40,0,Pitt,2022-05-22
5,30,4,26,0,Pitt,2022-06-25
6,61,2,59,0,Pitt,2022-02-06
6,42,5,37,0,Pitt,2022-02-21
6,55,7,48,0,Pitt,2022-05-09
6,58,11,47,0,Pitt,2022-05-13
6,65,8,57,0,Pitt,2022-05-27
6,24,3,21,0,Pitt,2022-06-11
6,41,4,37,0,Pitt,2022-06-12
6,84,16,68,0,Pitt,2022-06-22
7,27,1,26,0,Pitt,2022-04-27
7,60,8,52,0,Pitt,2022-05-12
7,72,13,59,0,Pitt,2022-05-17
8,88,13,75,0,Pitt,2022-05-24
8,64,13,51,0,Pitt,2022-06-02
10,63,11,52,0,Pitt,2022-05-11
10,95,15,80,0,Pitt,2022-05-16
10,66,7,59,0,Pitt,2022-06-03
10,80,9,71,0,Pitt,2022-06-23
11,91,15,76,0,Pitt,2022-05-18
11,56,6,50,0,Pitt,2022-05-20
11,72,10,62,0,Pitt,2022-06-07
11,90,6,84,0,Pitt,2022-06-29
12,100,11,89,0,Pitt,2022-06-01
13,157,8,149,0,Pitt,2022-02-04
13,98,16,82,0,Pitt,2022-05-23
13,88,9,79,0,Pitt,2022-05-26
13,70,7,63,0,Pitt,2022-06-10
13,84,9,75,0,Pitt,2022-06-14
13,82,7,75,0,Pitt,2022-06-30
14,93,23,70,0,Pitt,2022-06-06
15,109,0,109,0,Pitt,2022-01-21
15,129,5,124,0,Pitt,2022-01-30
15,82,15,67,0,Pitt,2022-05-25
15,70,5,65,0,Pitt,2022-06-08
15,101,15,86,0,Pitt,2022-06-21
16,78,3,75,0,Pitt,2022-06-24
18,78,19,59,0,Pitt,2022-05-19
18,99,7,92,0,Pitt,2022-06-15
18,112,19,93,0,Pitt,2022-06-20
19,134,14,120,0,Pitt,2022-02-08
20,85,6,79,0,Pitt,2022-06-16
20,72,5,67,0,Pitt,2022-06-28
23,91,9,82,0,Pitt,2022-06-17
26,112,12,100,0,Pitt,2022-06-27
27,271,42,229,0,Pitt,2022-01-08
27,151,24,127,0,Pitt,2022-05-31
36,356,15,341,0,Pitt,2022-01-09
84,719,67,652,0,Pitt,2022-01-20
92,924,81,843,0,Pitt,2022-01-04
92,849,77,772,0,Pitt,2022-01-13
115,981,62,919,0,Pitt,2022-01-11
,0,0,0,0,Polk,2022-03-06
,0,0,0,0,Polk,2022-03-09
,0,0,0,0,Polk,2022-03-11
,0,0,0,0,Polk,2022-03-12
,0,0,0,0,Polk,2022-03-13
,0,0,0,0,Polk,2022-03-15
,0,0,0,0,Polk,2022-03-16
,0,0,0,0,Polk,2022-03-17
,0,0,0,0,Polk,2022-03-20
,0,0,0,0,Polk,2022-04-02
,0,0,0,0,Polk,2022-04-03
,0,0,0,0,Polk,2022-04-05
,0,0,0,0,Polk,2022-04-06
,0,0,0,0,Polk,2022-04-08
,0,0,0,0,Polk,2022-04-10
,0,0,0,0,Polk,2022-04-12
,0,0,0,0,Polk,2022-04-14
,0,0,0,0,Polk,2022-04-17
,0,0,0,0,Polk,2022-04-20
,0,0,0,0,Polk,2022-04-21
,0,0,0,0,Polk,2022-04-23
,0,0,0,0,Polk,2022-04-24
,0,0,0,0,Polk,2022-04-27
,0,0,0,0,Polk,2022-05-04
,0,0,0,0,Polk,2022-05-06
,0,0,0,0,Polk,2022-05-15
,0,0,0,0,Polk,2022-05-26
0,1,1,0,0,Polk,2022-01-16
0,16,7,9,0,Polk,2022-01-22
0,12,6,6,0,Polk,2022-01-23
0,9,6,3,0,Polk,2022-02-05
0,4,1,3,0,Polk,2022-02-12
0,1,1,0,0,Polk,2022-02-13
0,4,3,1,0,Polk,2022-02-15
0,5,2,3,0,Polk,2022-02-16
0,3,1,2,0,Polk,2022-02-18
0,2,0,2,0,Polk,2022-02-19
0,5,2,3,0,Polk,2022-02-21
0,1,0,1,0,Polk,2022-02-22
0,3,2,1,0,Polk,2022-02-23
0,2,1,1,0,Polk,2022-02-25
0,5,0,5,0,Polk,2022-02-26
0,1,1,0,0,Polk,2022-02-28
0,1,1,0,0,Polk,2022-03-02
0,3,1,2,0,Polk,2022-03-04
0,2,1,1,0,Polk,2022-03-05
0,1,1,0,0,Polk,2022-03-07
0,1,0,1,0,Polk,2022-03-10
0,1,1,0,0,Polk,2022-03-18
0,2,2,0,0,Polk,2022-03-19
0,1,0,1,0,Polk,2022-03-21
0,3,0,3,0,Polk,2022-03-22
0,4,1,3,0,Polk,2022-03-24
0,5,1,4,0,Polk,2022-03-25
0,2,2,0,0,Polk,2022-03-26
0,1,1,0,0,Polk,2022-03-27
0,5,2,3,0,Polk,2022-03-28
0,5,0,5,0,Polk,2022-03-29
0,10,3,7,0,Polk,2022-03-30
0,6,4,2,0,Polk,2022-03-31
0,3,1,2,0,Polk,2022-04-01
0,5,4,1,0,Polk,2022-04-04
0,2,2,0,0,Polk,2022-04-07
0,1,1,0,0,Polk,2022-04-09
0,1,0,1,0,Polk,2022-04-13
0,1,1,0,0,Polk,2022-04-15
0,1,0,1,0,Polk,2022-04-16
0,1,0,1,0,Polk,2022-04-22
0,1,1,0,0,Polk,2022-04-25
0,1,0,1,0,Polk,2022-04-26
0,1,0,1,0,Polk,2022-04-28
0,1,0,1,0,Polk,2022-04-29
0,2,1,1,0,Polk,2022-04-30
0,1,0,1,0,Polk,2022-05-01
0,2,2,0,0,Polk,2022-05-05
0,1,0,1,0,Polk,2022-05-07
0,1,1,0,0,Polk,2022-05-08
0,2,1,1,0,Polk,2022-05-09
0,2,0,2,0,Polk,2022-05-10
0,1,1,0,0,Polk,2022-05-11
0,3,1,2,0,Polk,2022-05-12
0,2,0,2,0,Polk,2022-05-13
0,3,2,1,0,Polk,2022-05-14
0,4,4,0,0,Polk,2022-05-17
0,2,1,1,0,Polk,2022-05-18
0,3,1,2,0,Polk,2022-05-19
0,2,1,1,0,Polk,2022-05-20
0,2,1,1,0,Polk,2022-05-21
0,2,1,1,0,Polk,2022-05-22
0,1,1,0,0,Polk,2022-05-23
0,2,0,2,0,Polk,2022-05-24
0,5,2,3,0,Polk,2022-05-25
0,2,1,1,0,Polk,2022-05-30
0,4,2,2,0,Polk,2022-05-31
0,4,2,2,0,Polk,2022-06-01
0,2,2,0,0,Polk,2022-06-03
0,2,1,1,0,Polk,2022-06-04
0,1,1,0,0,Polk,2022-06-05
0,5,3,2,0,Polk,2022-06-06
0,5,1,4,0,Polk,2022-06-10
0,1,1,0,0,Polk,2022-06-11
0,1,0,1,0,Polk,2022-06-12
0,3,0,3,0,Polk,2022-06-13
0,3,0,3,0,Polk,2022-06-14
0,2,2,0,0,Polk,2022-06-15
0,2,1,1,0,Polk,2022-06-17
0,4,3,1,0,Polk,2022-06-18
0,3,2,1,0,Polk,2022-06-19
0,8,4,4,0,Polk,2022-06-21
0,4,3,1,0,Polk,2022-06-22
0,4,1,3,0,Polk,2022-06-26
0,5,4,1,0,Polk,2022-07-02
1,35,16,19,0,Polk,2022-01-05
1,10,1,9,0,Polk,2022-01-09
1,28,13,15,0,Polk,2022-01-26
1,10,3,7,0,Polk,2022-01-29
1,15,10,5,0,Polk,2022-02-02
1,3,1,2,0,Polk,2022-02-06
1,9,4,5,0,Polk,2022-02-11
1,8,3,5,0,Polk,2022-02-14
1,4,4,0,0,Polk,2022-02-24
1,2,1,1,0,Polk,2022-02-27
1,2,2,0,0,Polk,2022-03-01
1,1,1,0,0,Polk,2022-04-18
1,5,3,2,0,Polk,2022-05-02
1,8,3,5,0,Polk,2022-05-16
1,7,2,5,0,Polk,2022-05-27
1,5,1,4,0,Polk,2022-05-28
1,8,4,4,0,Polk,2022-06-02
1,4,2,2,0,Polk,2022-06-07
1,2,0,2,0,Polk,2022-06-09
1,3,1,2,0,Polk,2022-06-16
1,3,3,0,0,Polk,2022-06-20
1,1,1,0,0,Polk,2022-06-23
1,3,2,1,0,Polk,2022-06-24
1,2,2,0,0,Polk,2022-06-25
2,27,8,19,0,Polk,2022-01-06
2,24,4,20,0,Polk,2022-01-08
2,26,15,11,0,Polk,2022-01-27
2,23,15,8,0,Polk,2022-02-07
2,14,8,6,0,Polk,2022-02-10
2,2,0,2,0,Polk,2022-03-23
2,3,3,0,0,Polk,2022-05-03
2,3,2,1,0,Polk,2022-05-29
2,4,3,1,0,Polk,2022-06-08
2,10,8,2,0,Polk,2022-06-27
2,12,10,2,0,Polk,2022-06-29
2,9,5,4,0,Polk,2022-07-01
3,29,12,17,0,Polk,2022-01-31
4,33,18,15,0,Polk,2022-01-07
4,52,27,25,0,Polk,2022-01-14
4,24,15,9,0,Polk,2022-01-15
4,35,15,20,0,Polk,2022-01-21
4,7,5,2,0,Polk,2022-06-28
5,28,14,14,0,Polk,2022-02-01
5,20,16,4,0,Polk,2022-06-30
8,66,15,51,0,Polk,2022-01-10
11,71,38,33,0,Polk,2022-01-13
0,8,1,7,0,Randolph,2022-02-27
0,9,3,6,0,Randolph,2022-03-04
0,11,1,10,0,Randolph,2022-03-09
0,5,1,4,0,Randolph,2022-03-10
0,2,0,2,0,Randolph,2022-03-12
0,5,3,2,0,Randolph,2022-03-13
0,7,1,6,0,Randolph,2022-03-14
0,3,0,3,0,Randolph,2022-03-15
0,3,1,2,0,Randolph,2022-03-18
0,3,3,0,0,Randolph,2022-03-19
0,5,1,4,0,Randolph,2022-03-22
0,1,0,1,0,Randolph,2022-03-23
0,2,0,2,0,Randolph,2022-03-24
0,1,0,1,0,Randolph,2022-03-27
0,3,1,2,0,Randolph,2022-03-28
0,4,1,3,0,Randolph,2022-03-29
0,5,1,4,0,Randolph,2022-03-30
0,2,2,0,0,Randolph,2022-03-31
0,2,1,1,0,Randolph,2022-04-01
0,3,0,3,0,Randolph,2022-04-02
0,3,0,3,0,Randolph,2022-04-03
0,7,4,3,0,Randolph,2022-04-06
0,8,4,4,0,Randolph,2022-04-09
0,2,0,2,0,Randolph,2022-04-10
0,2,1,1,0,Randolph,2022-04-17
0,9,1,8,0,Randolph,2022-04-22
0,3,1,2,0,Randolph,2022-04-23
0,4,2,2,0,Randolph,2022-04-24
0,18,8,10,0,Randolph,2022-04-26
0,14,5,9,0,Randolph,2022-05-06
0,14,5,9,0,Randolph,2022-05-14
0,23,12,11,0,Randolph,2022-06-11
1,21,4,17,0,Randolph,2022-02-25
1,16,5,11,0,Randolph,2022-03-01
1,11,5,6,0,Randolph,2022-03-05
1,4,0,4,0,Randolph,2022-03-21
1,2,0,2,0,Randolph,2022-03-25
1,2,1,1,0,Randolph,2022-03-26
1,3,1,2,0,Randolph,2022-04-04
1,4,1,3,0,Randolph,2022-04-07
1,9,6,3,0,Randolph,2022-04-11
1,12,1,11,0,Randolph,2022-04-13
1,4,1,3,0,Randolph,2022-04-16
1,4,1,3,0,Randolph,2022-04-20
1,21,15,6,0,Randolph,2022-04-28
1,5,3,2,0,Randolph,2022-04-30
1,13,4,9,0,Randolph,2022-05-01
1,18,10,8,0,Randolph,2022-06-12
1,41,18,23,0,Randolph,2022-06-14
1,22,11,11,0,Randolph,2022-06-17
1,16,8,8,0,Randolph,2022-06-18
2,29,8,21,0,Randolph,2022-02-23
2,24,9,15,0,Randolph,2022-02-28
2,13,4,9,0,Randolph,2022-03-06
2,8,2,6,0,Randolph,2022-04-05
2,11,2,9,0,Randolph,2022-04-14
2,11,3,8,0,Randolph,2022-04-21
2,18,8,10,0,Randolph,2022-05-03
2,16,10,6,0,Randolph,2022-05-08
2,29,12,17,0,Randolph,2022-05-17
2,28,14,14,0,Randolph,2022-05-21
2,24,13,11,0,Randolph,2022-05-22
2,16,6,10,0,Randolph,2022-05-29
2,16,12,4,0,Randolph,2022-05-30
2,26,11,15,0,Randolph,2022-06-29
2,28,13,15,0,Randolph,2022-06-30
2,21,11,10,0,Randolph,2022-07-02
3,11,7,4,0,Randolph,2022-04-18
3,22,10,12,0,Randolph,2022-04-27
3,17,7,10,0,Randolph,2022-04-29
3,11,4,7,0,Randolph,2022-05-04
3,14,8,6,0,Randolph,2022-05-07
3,23,9,14,0,Randolph,2022-05-11
3,26,14,12,0,Randolph,2022-05-12
3,28,14,14,0,Randolph,2022-05-13
3,22,12,10,0,Randolph,2022-05-20
3,33,14,19,0,Randolph,2022-05-24
3,31,19,12,0,Randolph,2022-05-26
3,17,7,10,0,Randolph,2022-05-28
3,19,3,16,0,Randolph,2022-06-05
3,30,15,15,0,Randolph,2022-06-06
3,18,7,11,0,Randolph,2022-06-19
3,36,17,19,0,Randolph,2022-06-21
3,18,7,11,0,Randolph,2022-06-26
3,29,10,19,0,Randolph,2022-07-01
4,22,7,15,0,Randolph,2022-06-04
4,33,13,20,0,Randolph,2022-06-07
4,37,16,21,0,Randolph,2022-06-16
4,19,11,8,0,Randolph,2022-06-20
4,26,17,9,0,Randolph,2022-06-25
5,30,10,20,0,Randolph,2022-06-01
5,33,8,25,0,Randolph,2022-06-08
5,41,19,22,0,Randolph,2022-06-27
6,23,11,12,0,Randolph,2022-02-24
6,19,8,11,0,Randolph,2022-05-05
6,34,16,18,0,Randolph,2022-05-18
6,41,21,20,0,Randolph,2022-05-19
6,28,19,9,0,Randolph,2022-06-15
6,34,16,18,0,Randolph,2022-06-24
7,97,19,78,0,Randolph,2022-01-17
7,23,8,15,0,Randolph,2022-05-09
7,35,20,15,0,Randolph,2022-05-10
7,44,21,23,0,Randolph,2022-05-27
7,29,18,11,0,Randolph,2022-06-10
7,40,19,21,0,Randolph,2022-06-22
8,34,11,23,0,Randolph,2022-04-25
8,47,32,15,0,Randolph,2022-05-25
9,50,27,23,0,Randolph,2022-05-16
9,34,15,19,0,Randolph,2022-06-02
9,39,16,23,0,Randolph,2022-06-23
14,70,44,26,0,Randolph,2022-05-23
46,511,63,448,0,Randolph,2022-01-11
,0,0,0,0,Richmond,2022-03-06
,0,0,0,0,Richmond,2022-03-12
,0,0,0,0,Richmond,2022-03-15
,0,0,0,0,Richmond,2022-03-17
,0,0,0,0,Richmond,2022-03-18
,0,0,0,0,Richmond,2022-03-19
,0,0,0,0,Richmond,2022-03-20
,0,0,0,0,Richmond,2022-03-22
,0,0,0,0,Richmond,2022-03-26
,0,0,0,0,Richmond,2022-03-27
,0,0,0,0,Richmond,2022-03-28
,0,0,0,0,Richmond,2022-03-29
,0,0,0,0,Richmond,2022-03-30
,0,0,0,0,Richmond,2022-03-31
,0,0,0,0,Richmond,2022-04-02
,0,0,0,0,Richmond,2022-04-03
,0,0,0,0,Richmond,2022-04-06
,0,0,0,0,Richmond,2022-04-07
,0,0,0,0,Richmond,2022-04-08
,0,0,0,0,Richmond,2022-04-09
,0,0,0,0,Richmond,2022-04-17
0,23,5,18,0,Richmond,2022-01-30
0,14,6,8,0,Richmond,2022-02-16
0,11,1,10,0,Richmond,2022-02-18
0,2,1,1,0,Richmond,2022-02-20
0,11,1,10,0,Richmond,2022-02-21
0,12,0,12,0,Richmond,2022-02-22
0,1,0,1,0,Richmond,2022-02-24
0,2,0,2,0,Richmond,2022-02-26
0,1,0,1,0,Richmond,2022-03-01
0,2,1,1,0,Richmond,2022-03-03
0,4,0,4,0,Richmond,2022-03-07
0,4,1,3,0,Richmond,2022-03-09
0,2,0,2,0,Richmond,2022-03-10
0,1,0,1,0,Richmond,2022-03-11
0,3,0,3,0,Richmond,2022-03-13
0,2,0,2,0,Richmond,2022-03-14
0,1,1,0,0,Richmond,2022-03-16
0,1,0,1,0,Richmond,2022-03-21
0,1,0,1,0,Richmond,2022-03-23
0,4,1,3,0,Richmond,2022-03-24
0,1,0,1,0,Richmond,2022-03-25
0,1,1,0,0,Richmond,2022-04-01
0,1,0,1,0,Richmond,2022-04-05
0,1,0,1,0,Richmond,2022-04-10
0,1,0,1,0,Richmond,2022-04-11
0,2,0,2,0,Richmond,2022-04-12
0,4,1,3,0,Richmond,2022-04-14
0,3,0,3,0,Richmond,2022-04-15
0,1,1,0,0,Richmond,2022-04-16
0,4,1,3,0,Richmond,2022-04-19
0,5,3,2,0,Richmond,2022-04-22
0,1,0,1,0,Richmond,2022-04-23
0,5,1,4,0,Richmond,2022-04-24
0,3,2,1,0,Richmond,2022-04-25
0,6,0,6,0,Richmond,2022-04-27
0,4,0,4,0,Richmond,2022-05-01
0,14,3,11,0,Richmond,2022-05-02
0,5,1,4,0,Richmond,2022-05-03
0,5,3,2,0,Richmond,2022-05-04
0,12,6,6,0,Richmond,2022-05-06
0,2,0,2,0,Richmond,2022-05-07
0,2,0,2,0,Richmond,2022-05-08
0,6,2,4,0,Richmond,2022-05-14
0,11,5,6,0,Richmond,2022-05-20
0,7,1,6,0,Richmond,2022-05-21
0,4,2,2,0,Richmond,2022-05-28
0,7,1,6,0,Richmond,2022-05-30
0,10,1,9,0,Richmond,2022-06-26
1,12,2,10,0,Richmond,2022-02-05
1,7,1,6,0,Richmond,2022-02-12
1,12,4,8,0,Richmond,2022-02-17
1,9,1,8,0,Richmond,2022-02-28
1,5,2,3,0,Richmond,2022-03-02
1,3,0,3,0,Richmond,2022-03-08
1,1,0,1,0,Richmond,2022-04-04
1,6,4,2,0,Richmond,2022-04-13
1,4,0,4,0,Richmond,2022-04-18
1,7,1,6,0,Richmond,2022-04-20
1,3,1,2,0,Richmond,2022-04-26
1,5,2,3,0,Richmond,2022-04-29
1,4,1,3,0,Richmond,2022-04-30
1,12,6,6,0,Richmond,2022-05-09
1,9,3,6,0,Richmond,2022-05-15
1,12,9,3,0,Richmond,2022-05-17
1,14,5,9,0,Richmond,2022-05-18
1,6,0,6,0,Richmond,2022-05-22
1,22,14,8,0,Richmond,2022-05-24
1,18,10,8,0,Richmond,2022-05-26
1,17,6,11,0,Richmond,2022-06-01
1,7,4,3,0,Richmond,2022-06-04
1,6,1,5,0,Richmond,2022-06-05
1,16,3,13,0,Richmond,2022-06-09
1,10,6,4,0,Richmond,2022-06-10
1,15,5,10,0,Richmond,2022-06-16
1,31,15,16,0,Richmond,2022-06-21
1,15,4,11,0,Richmond,2022-06-29
1,10,2,8,0,Richmond,2022-07-02
2,41,4,37,0,Richmond,2022-01-23
2,6,2,4,0,Richmond,2022-04-21
2,7,1,6,0,Richmond,2022-04-28
2,10,4,6,0,Richmond,2022-05-05
2,7,4,3,0,Richmond,2022-05-10
2,10,6,4,0,Richmond,2022-05-12
2,12,3,9,0,Richmond,2022-05-13
2,12,6,6,0,Richmond,2022-05-29
2,12,4,8,0,Richmond,2022-06-02
2,8,0,8,0,Richmond,2022-06-11
2,25,7,18,0,Richmond,2022-06-13
2,26,7,19,0,Richmond,2022-06-20
2,15,5,10,0,Richmond,2022-06-25
3,29,6,23,0,Richmond,2022-01-16
3,23,7,16,0,Richmond,2022-02-09
3,33,9,24,0,Richmond,2022-02-14
3,14,3,11,0,Richmond,2022-05-11
3,17,6,11,0,Richmond,2022-05-16
3,14,7,7,0,Richmond,2022-05-19
3,12,5,7,0,Richmond,2022-06-03
3,23,10,13,0,Richmond,2022-06-07
3,14,5,9,0,Richmond,2022-06-08
3,10,2,8,0,Richmond,2022-06-15
3,11,6,5,0,Richmond,2022-06-17
3,12,7,5,0,Richmond,2022-06-18
3,16,6,10,0,Richmond,2022-06-22
3,21,7,14,0,Richmond,2022-06-24
3,20,3,17,0,Richmond,2022-06-28
3,22,9,13,0,Richmond,2022-07-01
4,8,3,5,0,Richmond,2022-02-19
4,24,7,17,0,Richmond,2022-05-23
4,16,8,8,0,Richmond,2022-06-14
5,69,7,62,0,Richmond,2022-01-08
5,68,8,60,0,Richmond,2022-01-28
5,78,26,52,0,Richmond,2022-01-31
5,21,12,9,0,Richmond,2022-05-25
5,14,0,14,0,Richmond,2022-05-27
5,25,7,18,0,Richmond,2022-05-31
5,21,13,8,0,Richmond,2022-06-30
6,29,9,20,0,Richmond,2022-06-27
7,55,21,34,0,Richmond,2022-02-01
7,23,10,13,0,Richmond,2022-02-10
9,95,14,81,0,Richmond,2022-01-17
19,166,13,153,0,Richmond,2022-01-07
31,320,66,254,0,Richmond,2022-01-10
,0,0,0,0,Robeson,2022-03-19
,0,0,0,0,Robeson,2022-03-22
0,7,3,4,0,Robeson,2022-03-05
0,5,4,1,0,Robeson,2022-03-10
0,3,1,2,0,Robeson,2022-03-11
0,3,2,1,0,Robeson,2022-03-12
0,8,2,6,0,Robeson,2022-03-14
0,3,3,0,0,Robeson,2022-03-16
0,2,1,1,0,Robeson,2022-03-18
0,2,0,2,0,Robeson,2022-03-20
0,7,3,4,0,Robeson,2022-03-23
0,3,1,2,0,Robeson,2022-03-24
0,1,1,0,0,Robeson,2022-03-25
0,4,0,4,0,Robeson,2022-03-30
0,3,1,2,0,Robeson,2022-03-31
0,1,1,0,0,Robeson,2022-04-02
0,2,1,1,0,Robeson,2022-04-03
0,4,2,2,0,Robeson,2022-04-07
0,2,2,0,0,Robeson,2022-04-10
0,5,1,4,0,Robeson,2022-04-17
0,8,3,5,0,Robeson,2022-04-18
0,3,1,2,0,Robeson,2022-04-20
0,15,9,6,0,Robeson,2022-04-28
1,4,1,3,0,Robeson,2022-02-26
1,9,2,7,0,Robeson,2022-02-28
1,13,7,6,0,Robeson,2022-03-02
1,12,3,9,0,Robeson,2022-03-03
1,7,0,7,0,Robeson,2022-03-04
1,3,2,1,0,Robeson,2022-03-06
1,8,4,4,0,Robeson,2022-03-08
1,6,2,4,0,Robeson,2022-03-15
1,8,3,5,0,Robeson,2022-03-17
1,4,1,3,0,Robeson,2022-03-21
1,1,0,1,0,Robeson,2022-03-27
1,7,3,4,0,Robeson,2022-03-29
1,3,3,0,0,Robeson,2022-04-01
1,11,8,3,0,Robeson,2022-04-04
1,6,2,4,0,Robeson,2022-04-05
1,10,5,5,0,Robeson,2022-04-06
1,10,5,5,0,Robeson,2022-04-08
1,3,3,0,0,Robeson,2022-04-09
1,9,6,3,0,Robeson,2022-04-11
1,10,5,5,0,Robeson,2022-04-19
1,7,5,2,0,Robeson,2022-04-22
1,6,5,1,0,Robeson,2022-04-23
1,4,1,3,0,Robeson,2022-04-24
1,18,10,8,0,Robeson,2022-04-26
1,17,13,4,0,Robeson,2022-04-29
1,11,5,6,0,Robeson,2022-05-08
1,22,11,11,0,Robeson,2022-05-22
2,3,0,3,0,Robeson,2022-03-26
2,11,4,7,0,Robeson,2022-04-12
2,7,4,3,0,Robeson,2022-04-14
2,5,4,1,0,Robeson,2022-04-16
2,16,13,3,0,Robeson,2022-04-21
2,13,8,5,0,Robeson,2022-04-27
2,9,3,6,0,Robeson,2022-04-30
2,11,7,4,0,Robeson,2022-05-01
2,22,14,8,0,Robeson,2022-05-02
3,34,6,28,0,Robeson,2022-02-15
3,6,5,1,0,Robeson,2022-03-07
3,25,10,15,0,Robeson,2022-05-21
3,28,15,13,0,Robeson,2022-06-05
4,22,5,17,0,Robeson,2022-02-12
4,34,12,22,0,Robeson,2022-02-22
4,9,3,6,0,Robeson,2022-04-15
4,23,14,9,0,Robeson,2022-05-03
4,26,11,15,0,Robeson,2022-05-04
4,23,15,8,0,Robeson,2022-05-29
4,30,15,15,0,Robeson,2022-06-18
4,34,20,14,0,Robeson,2022-06-19
5,43,26,17,0,Robeson,2022-01-22
5,33,23,10,0,Robeson,2022-05-05
5,24,11,13,0,Robeson,2022-05-06
5,38,20,18,0,Robeson,2022-05-12
5,25,12,13,0,Robeson,2022-05-15
5,29,18,11,0,Robeson,2022-05-30
5,28,13,15,0,Robeson,2022-06-04
5,25,14,11,0,Robeson,2022-06-25
5,32,20,12,0,Robeson,2022-07-02
6,34,17,17,0,Robeson,2022-02-14
6,22,11,11,0,Robeson,2022-04-25
6,32,13,19,0,Robeson,2022-05-10
6,29,15,14,0,Robeson,2022-05-14
6,45,23,22,0,Robeson,2022-05-27
6,42,24,18,0,Robeson,2022-06-10
6,25,9,16,0,Robeson,2022-06-11
7,40,16,24,0,Robeson,2022-05-09
7,39,25,14,0,Robeson,2022-06-26
7,58,36,22,0,Robeson,2022-06-28
8,48,17,31,0,Robeson,2022-05-13
8,57,29,28,0,Robeson,2022-05-18
8,39,21,18,0,Robeson,2022-05-20
8,27,18,9,0,Robeson,2022-05-28
9,155,61,94,0,Robeson,2022-02-01
10,77,39,38,0,Robeson,2022-06-15
10,34,17,17,0,Robeson,2022-06-17
11,84,43,41,0,Robeson,2022-05-17
11,81,45,36,0,Robeson,2022-05-19
11,63,34,29,0,Robeson,2022-05-24
11,69,44,25,0,Robeson,2022-05-25
11,62,40,22,0,Robeson,2022-06-22
11,58,33,25,0,Robeson,2022-06-27
12,67,28,39,0,Robeson,2022-05-16
12,61,33,28,0,Robeson,2022-06-24
13,52,30,22,0,Robeson,2022-05-11
13,77,36,41,0,Robeson,2022-05-23
13,61,30,31,0,Robeson,2022-06-21
15,60,36,24,0,Robeson,2022-06-02
15,82,33,49,0,Robeson,2022-06-20
15,51,34,17,0,Robeson,2022-07-01
16,66,33,33,0,Robeson,2022-06-08
17,71,37,34,0,Robeson,2022-06-23
17,59,32,27,0,Robeson,2022-06-30
18,83,43,40,0,Robeson,2022-06-06
18,69,38,31,0,Robeson,2022-06-07
18,87,47,40,0,Robeson,2022-06-13
19,75,38,37,0,Robeson,2022-05-26
19,79,40,39,0,Robeson,2022-06-01
23,197,90,107,0,Robeson,2022-01-09
23,71,37,34,0,Robeson,2022-06-29
26,89,50,39,0,Robeson,2022-05-31
46,500,185,315,0,Robeson,2022-01-24
72,665,253,412,0,Robeson,2022-01-13
80,746,279,467,0,Robeson,2022-01-10
,0,0,0,0,Rockingham,2022-03-17
,0,0,0,0,Rockingham,2022-04-02
0,11,2,9,0,Rockingham,2022-02-12
0,27,6,21,0,Rockingham,2022-02-17
0,11,2,9,0,Rockingham,2022-02-23
0,9,0,9,0,Rockingham,2022-02-26
0,11,2,9,0,Rockingham,2022-03-01
0,8,1,7,0,Rockingham,2022-03-03
0,4,0,4,0,Rockingham,2022-03-05
0,3,0,3,0,Rockingham,2022-03-06
0,12,1,11,0,Rockingham,2022-03-07
0,5,1,4,0,Rockingham,2022-03-08
0,6,0,6,0,Rockingham,2022-03-10
0,2,0,2,0,Rockingham,2022-03-11
0,1,0,1,0,Rockingham,2022-03-13
0,3,0,3,0,Rockingham,2022-03-14
0,4,0,4,0,Rockingham,2022-03-15
0,1,0,1,0,Rockingham,2022-03-16
0,5,0,5,0,Rockingham,2022-03-19
0,3,0,3,0,Rockingham,2022-03-21
0,3,0,3,0,Rockingham,2022-03-23
0,3,1,2,0,Rockingham,2022-03-24
0,3,0,3,0,Rockingham,2022-03-25
0,1,0,1,0,Rockingham,2022-03-27
0,7,1,6,0,Rockingham,2022-03-28
0,3,3,0,0,Rockingham,2022-03-31
0,1,0,1,0,Rockingham,2022-04-01
0,2,0,2,0,Rockingham,2022-04-03
0,4,0,4,0,Rockingham,2022-04-05
0,4,0,4,0,Rockingham,2022-04-06
0,1,0,1,0,Rockingham,2022-04-07
0,3,0,3,0,Rockingham,2022-04-08
0,3,1,2,0,Rockingham,2022-04-09
0,5,1,4,0,Rockingham,2022-04-12
0,1,1,0,0,Rockingham,2022-04-14
0,1,0,1,0,Rockingham,2022-04-16
0,1,0,1,0,Rockingham,2022-04-17
0,7,1,6,0,Rockingham,2022-04-22
0,3,0,3,0,Rockingham,2022-04-23
0,6,1,5,0,Rockingham,2022-04-29
0,5,0,5,0,Rockingham,2022-04-30
0,11,5,6,0,Rockingham,2022-05-15
0,23,8,15,0,Rockingham,2022-05-24
0,12,4,8,0,Rockingham,2022-05-28
0,14,1,13,0,Rockingham,2022-06-03
0,24,5,19,0,Rockingham,2022-06-15
0,12,3,9,0,Rockingham,2022-06-18
1,10,2,8,0,Rockingham,2022-02-19
1,12,2,10,0,Rockingham,2022-02-24
1,9,0,9,0,Rockingham,2022-02-27
1,23,3,20,0,Rockingham,2022-02-28
1,7,1,6,0,Rockingham,2022-03-18
1,1,0,1,0,Rockingham,2022-03-20
1,2,0,2,0,Rockingham,2022-03-22
1,6,0,6,0,Rockingham,2022-03-29
1,2,0,2,0,Rockingham,2022-03-30
1,4,0,4,0,Rockingham,2022-04-04
1,6,0,6,0,Rockingham,2022-04-10
1,10,3,7,0,Rockingham,2022-04-11
1,6,1,5,0,Rockingham,2022-04-19
1,5,2,3,0,Rockingham,2022-04-20
1,6,0,6,0,Rockingham,2022-04-27
1,13,1,12,0,Rockingham,2022-04-28
1,9,0,9,0,Rockingham,2022-05-03
1,14,5,9,0,Rockingham,2022-05-04
1,16,4,12,0,Rockingham,2022-05-06
1,9,2,7,0,Rockingham,2022-05-08
1,20,5,15,0,Rockingham,2022-05-11
1,15,7,8,0,Rockingham,2022-05-13
1,18,2,16,0,Rockingham,2022-05-14
1,28,5,23,0,Rockingham,2022-05-19
1,14,2,12,0,Rockingham,2022-05-21
1,19,0,19,0,Rockingham,2022-05-22
1,33,4,29,0,Rockingham,2022-05-23
1,9,2,7,0,Rockingham,2022-06-04
1,12,4,8,0,Rockingham,2022-06-05
1,20,3,17,0,Rockingham,2022-06-08
1,11,4,7,0,Rockingham,2022-06-10
1,10,1,9,0,Rockingham,2022-06-11
1,23,5,18,0,Rockingham,2022-06-16
1,13,2,11,0,Rockingham,2022-06-19
1,12,2,10,0,Rockingham,2022-07-02
2,29,4,25,0,Rockingham,2022-02-06
2,25,3,22,0,Rockingham,2022-02-22
2,4,0,4,0,Rockingham,2022-04-15
2,6,0,6,0,Rockingham,2022-04-21
2,13,3,10,0,Rockingham,2022-04-25
2,7,1,6,0,Rockingham,2022-05-01
2,7,1,6,0,Rockingham,2022-05-07
2,31,6,25,0,Rockingham,2022-05-10
2,34,6,28,0,Rockingham,2022-06-06
2,34,8,26,0,Rockingham,2022-06-20
2,26,8,18,0,Rockingham,2022-06-25
2,11,2,9,0,Rockingham,2022-06-26
2,15,4,11,0,Rockingham,2022-06-30
3,105,6,99,0,Rockingham,2022-02-01
3,6,1,5,0,Rockingham,2022-04-24
3,8,3,5,0,Rockingham,2022-04-26
3,15,1,14,0,Rockingham,2022-05-02
3,28,8,20,0,Rockingham,2022-05-12
3,15,4,11,0,Rockingham,2022-05-30
3,17,7,10,0,Rockingham,2022-06-02
3,36,8,28,0,Rockingham,2022-06-07
3,16,1,15,0,Rockingham,2022-06-09
3,13,1,12,0,Rockingham,2022-06-12
3,29,7,22,0,Rockingham,2022-06-14
3,30,9,21,0,Rockingham,2022-06-22
3,19,4,15,0,Rockingham,2022-06-24
3,21,2,19,0,Rockingham,2022-06-27
3,15,1,14,0,Rockingham,2022-07-01
4,12,4,8,0,Rockingham,2022-04-18
4,18,1,17,0,Rockingham,2022-05-05
4,20,6,14,0,Rockingham,2022-05-09
4,30,5,25,0,Rockingham,2022-05-16
4,30,5,25,0,Rockingham,2022-05-17
4,25,7,18,0,Rockingham,2022-05-20
4,9,5,4,0,Rockingham,2022-05-27
4,13,7,6,0,Rockingham,2022-05-29
4,35,4,31,0,Rockingham,2022-05-31
4,27,5,22,0,Rockingham,2022-06-21
4,17,3,14,0,Rockingham,2022-06-23
4,28,2,26,0,Rockingham,2022-06-28
5,83,32,51,0,Rockingham,2022-01-17
5,25,2,23,0,Rockingham,2022-05-25
5,31,11,20,0,Rockingham,2022-05-26
5,28,7,21,0,Rockingham,2022-06-13
5,21,4,17,0,Rockingham,2022-06-17
6,42,5,37,0,Rockingham,2022-01-30
6,60,4,56,0,Rockingham,2022-02-10
6,26,4,22,0,Rockingham,2022-06-01
7,29,6,23,0,Rockingham,2022-06-29
10,40,6,34,0,Rockingham,2022-05-18
20,264,56,208,0,Rockingham,2022-01-04
24,291,65,226,0,Rockingham,2022-01-24
32,328,79,249,0,Rockingham,2022-01-05
,0,0,0,0,Rowan,2022-03-27
,0,0,0,0,Rowan,2022-04-02
0,16,1,15,0,Rowan,2022-03-02
0,6,0,6,0,Rowan,2022-03-04
0,2,1,1,0,Rowan,2022-03-12
0,2,0,2,0,Rowan,2022-03-13
0,7,1,6,0,Rowan,2022-03-16
0,4,0,4,0,Rowan,2022-03-17
0,3,1,2,0,Rowan,2022-03-21
0,5,2,3,0,Rowan,2022-03-25
0,3,1,2,0,Rowan,2022-03-26
0,3,1,2,0,Rowan,2022-03-30
0,2,1,1,0,Rowan,2022-03-31
0,3,0,3,0,Rowan,2022-04-01
0,4,2,2,0,Rowan,2022-04-03
0,6,3,3,0,Rowan,2022-04-06
0,3,0,3,0,Rowan,2022-04-09
0,3,1,2,0,Rowan,2022-04-16
0,12,1,11,0,Rowan,2022-04-20
0,13,1,12,0,Rowan,2022-04-24
0,6,3,3,0,Rowan,2022-05-01
1,21,3,18,0,Rowan,2022-02-28
1,2,0,2,0,Rowan,2022-03-03
1,4,0,4,0,Rowan,2022-03-23
1,5,2,3,0,Rowan,2022-03-24
1,2,0,2,0,Rowan,2022-03-28
1,6,2,4,0,Rowan,2022-04-04
1,9,4,5,0,Rowan,2022-04-07
1,8,2,6,0,Rowan,2022-04-08
1,4,1,3,0,Rowan,2022-04-10
1,6,0,6,0,Rowan,2022-04-11
1,12,2,10,0,Rowan,2022-04-12
1,11,1,10,0,Rowan,2022-04-15
1,7,2,5,0,Rowan,2022-04-17
1,11,3,8,0,Rowan,2022-04-18
1,12,1,11,0,Rowan,2022-04-29
1,28,8,20,0,Rowan,2022-05-15
1,9,0,9,0,Rowan,2022-05-21
1,12,3,9,0,Rowan,2022-05-22
1,23,2,21,0,Rowan,2022-06-11
1,18,3,15,0,Rowan,2022-06-12
2,9,0,9,0,Rowan,2022-02-20
2,8,0,8,0,Rowan,2022-02-26
2,11,3,8,0,Rowan,2022-03-06
2,10,0,10,0,Rowan,2022-03-14
2,9,1,8,0,Rowan,2022-03-18
2,11,3,8,0,Rowan,2022-03-22
2,12,4,8,0,Rowan,2022-04-19
2,12,3,9,0,Rowan,2022-04-21
2,20,2,18,0,Rowan,2022-04-27
2,16,2,14,0,Rowan,2022-04-28
2,14,3,11,0,Rowan,2022-05-07
2,27,2,25,0,Rowan,2022-05-12
2,20,0,20,0,Rowan,2022-05-14
2,15,3,12,0,Rowan,2022-06-18
2,15,1,14,0,Rowan,2022-06-19
2,28,2,26,0,Rowan,2022-07-02
3,48,2,46,0,Rowan,2022-02-16
3,6,1,5,0,Rowan,2022-04-05
3,9,1,8,0,Rowan,2022-04-14
3,15,3,12,0,Rowan,2022-04-22
3,28,5,23,0,Rowan,2022-05-04
3,19,6,13,0,Rowan,2022-05-06
3,31,6,25,0,Rowan,2022-05-09
3,43,9,34,0,Rowan,2022-05-19
3,35,5,30,0,Rowan,2022-05-20
3,18,5,13,0,Rowan,2022-06-04
3,24,7,17,0,Rowan,2022-06-05
3,35,5,30,0,Rowan,2022-06-16
3,17,5,12,0,Rowan,2022-06-25
4,14,3,11,0,Rowan,2022-04-13
4,23,8,15,0,Rowan,2022-05-05
4,32,8,24,0,Rowan,2022-05-13
5,46,6,40,0,Rowan,2022-02-17
5,31,6,25,0,Rowan,2022-02-22
5,14,3,11,0,Rowan,2022-04-23
5,42,4,38,0,Rowan,2022-05-16
5,31,6,25,0,Rowan,2022-05-18
5,50,9,41,0,Rowan,2022-05-26
5,26,11,15,0,Rowan,2022-05-30
5,27,7,20,0,Rowan,2022-06-10
5,40,5,35,0,Rowan,2022-06-15
5,37,7,30,0,Rowan,2022-06-24
5,47,8,39,0,Rowan,2022-06-29
6,66,17,49,0,Rowan,2022-01-29
6,55,6,49,0,Rowan,2022-02-14
6,31,2,29,0,Rowan,2022-05-02
6,35,9,26,0,Rowan,2022-05-10
6,51,10,41,0,Rowan,2022-05-23
6,42,11,31,0,Rowan,2022-05-25
6,25,7,18,0,Rowan,2022-05-27
6,27,10,17,0,Rowan,2022-05-28
6,28,8,20,0,Rowan,2022-05-29
6,41,8,33,0,Rowan,2022-06-09
6,24,6,18,0,Rowan,2022-06-26
7,38,4,34,0,Rowan,2022-05-03
7,55,12,43,0,Rowan,2022-06-22
7,55,10,45,0,Rowan,2022-06-28
8,119,15,104,0,Rowan,2022-02-03
8,25,10,15,0,Rowan,2022-04-25
8,32,3,29,0,Rowan,2022-05-11
8,52,12,40,0,Rowan,2022-05-24
8,56,24,32,0,Rowan,2022-06-06
8,59,14,45,0,Rowan,2022-06-07
9,53,5,48,0,Rowan,2022-02-15
9,44,11,33,0,Rowan,2022-06-14
9,45,4,41,0,Rowan,2022-07-01
10,81,26,55,0,Rowan,2022-05-31
10,58,17,41,0,Rowan,2022-06-01
10,64,22,42,0,Rowan,2022-06-02
10,31,6,25,0,Rowan,2022-06-23
11,39,11,28,0,Rowan,2022-06-13
12,36,23,13,0,Rowan,2022-03-01
12,43,9,34,0,Rowan,2022-05-17
12,72,37,35,0,Rowan,2022-06-20
13,43,4,39,0,Rowan,2022-06-08
13,54,9,45,0,Rowan,2022-06-30
18,178,16,162,0,Rowan,2022-02-01
19,247,36,211,0,Rowan,2022-01-31
20,63,13,50,0,Rowan,2022-06-27
37,317,54,263,0,Rowan,2022-01-25
55,473,63,410,0,Rowan,2022-01-14
,0,0,0,0,Rutherford,2022-03-13
,0,0,0,0,Rutherford,2022-03-14
,0,0,0,0,Rutherford,2022-03-17
,0,0,0,0,Rutherford,2022-03-20
,0,0,0,0,Rutherford,2022-03-24
,0,0,0,0,Rutherford,2022-03-26
,0,0,0,0,Rutherford,2022-04-01
,0,0,0,0,Rutherford,2022-04-03
,0,0,0,0,Rutherford,2022-04-07
,0,0,0,0,Rutherford,2022-04-09
,0,0,0,0,Rutherford,2022-04-11
,0,0,0,0,Rutherford,2022-04-30
0,6,0,6,0,Rutherford,2022-02-20
0,3,0,3,0,Rutherford,2022-02-26
0,4,0,4,0,Rutherford,2022-02-27
0,7,2,5,0,Rutherford,2022-02-28
0,3,1,2,0,Rutherford,2022-03-03
0,4,0,4,0,Rutherford,2022-03-05
0,1,1,0,0,Rutherford,2022-03-06
0,1,0,1,0,Rutherford,2022-03-07
0,2,0,2,0,Rutherford,2022-03-09
0,4,3,1,0,Rutherford,2022-03-10
0,3,0,3,0,Rutherford,2022-03-12
0,6,1,5,0,Rutherford,2022-03-16
0,1,0,1,0,Rutherford,2022-03-18
0,1,0,1,0,Rutherford,2022-03-19
0,2,1,1,0,Rutherford,2022-03-21
0,1,1,0,0,Rutherford,2022-03-22
0,1,1,0,0,Rutherford,2022-03-23
0,3,1,2,0,Rutherford,2022-03-25
0,2,0,2,0,Rutherford,2022-03-27
0,2,0,2,0,Rutherford,2022-03-28
0,1,1,0,0,Rutherford,2022-03-29
0,1,0,1,0,Rutherford,2022-03-31
0,1,0,1,0,Rutherford,2022-04-02
0,1,0,1,0,Rutherford,2022-04-06
0,1,0,1,0,Rutherford,2022-04-10
0,3,2,1,0,Rutherford,2022-04-12
0,3,0,3,0,Rutherford,2022-04-13
0,1,0,1,0,Rutherford,2022-04-15
0,2,0,2,0,Rutherford,2022-04-16
0,1,0,1,0,Rutherford,2022-04-17
0,1,0,1,0,Rutherford,2022-04-19
0,3,1,2,0,Rutherford,2022-04-24
0,2,1,1,0,Rutherford,2022-04-28
0,3,1,2,0,Rutherford,2022-04-29
0,2,0,2,0,Rutherford,2022-05-01
0,3,0,3,0,Rutherford,2022-05-03
0,5,1,4,0,Rutherford,2022-05-05
0,6,1,5,0,Rutherford,2022-05-14
0,4,2,2,0,Rutherford,2022-05-15
0,12,2,10,0,Rutherford,2022-06-25
1,13,0,13,0,Rutherford,2022-02-06
1,5,1,4,0,Rutherford,2022-03-04
1,1,0,1,0,Rutherford,2022-03-08
1,3,1,2,0,Rutherford,2022-03-30
1,2,0,2,0,Rutherford,2022-04-04
1,1,0,1,0,Rutherford,2022-04-05
1,3,0,3,0,Rutherford,2022-04-08
1,4,0,4,0,Rutherford,2022-04-14
1,5,1,4,0,Rutherford,2022-04-18
1,6,0,6,0,Rutherford,2022-04-20
1,4,0,4,0,Rutherford,2022-04-21
1,3,1,2,0,Rutherford,2022-04-23
1,4,1,3,0,Rutherford,2022-04-25
1,5,1,4,0,Rutherford,2022-05-08
1,5,0,5,0,Rutherford,2022-05-09
1,11,5,6,0,Rutherford,2022-05-12
1,25,8,17,0,Rutherford,2022-05-18
1,18,4,14,0,Rutherford,2022-05-19
1,10,4,6,0,Rutherford,2022-05-20
1,8,4,4,0,Rutherford,2022-05-21
1,10,6,4,0,Rutherford,2022-05-26
1,11,3,8,0,Rutherford,2022-05-27
1,7,3,4,0,Rutherford,2022-05-28
1,9,2,7,0,Rutherford,2022-06-04
1,6,2,4,0,Rutherford,2022-06-05
1,19,3,16,0,Rutherford,2022-06-09
1,10,4,6,0,Rutherford,2022-06-15
1,9,6,3,0,Rutherford,2022-06-19
2,3,0,3,0,Rutherford,2022-02-25
2,4,4,0,0,Rutherford,2022-03-11
2,7,2,5,0,Rutherford,2022-04-22
2,8,4,4,0,Rutherford,2022-04-27
2,12,1,11,0,Rutherford,2022-05-04
2,11,2,9,0,Rutherford,2022-05-06
2,6,2,4,0,Rutherford,2022-05-07
2,13,3,10,0,Rutherford,2022-05-13
2,16,2,14,0,Rutherford,2022-05-16
2,10,7,3,0,Rutherford,2022-05-22
2,10,2,8,0,Rutherford,2022-05-29
2,9,5,4,0,Rutherford,2022-05-30
2,20,1,19,0,Rutherford,2022-06-16
2,11,5,6,0,Rutherford,2022-06-18
2,13,1,12,0,Rutherford,2022-06-24
2,12,1,11,0,Rutherford,2022-06-26
2,17,3,14,0,Rutherford,2022-06-27
2,23,2,21,0,Rutherford,2022-07-01
3,44,18,26,0,Rutherford,2022-02-10
3,32,8,24,0,Rutherford,2022-02-16
3,13,3,10,0,Rutherford,2022-02-21
3,10,2,8,0,Rutherford,2022-02-22
3,13,4,9,0,Rutherford,2022-05-25
3,19,3,16,0,Rutherford,2022-06-10
3,14,4,10,0,Rutherford,2022-06-21
3,15,3,12,0,Rutherford,2022-06-23
3,10,2,8,0,Rutherford,2022-06-29
3,13,3,10,0,Rutherford,2022-07-02
4,21,9,12,0,Rutherford,2022-05-23
4,16,5,11,0,Rutherford,2022-06-01
4,22,5,17,0,Rutherford,2022-06-02
4,16,2,14,0,Rutherford,2022-06-07
4,19,1,18,0,Rutherford,2022-06-17
4,15,1,14,0,Rutherford,2022-06-28
5,33,12,21,0,Rutherford,2022-01-30
5,13,3,10,0,Rutherford,2022-05-17
5,18,5,13,0,Rutherford,2022-05-31
5,16,5,11,0,Rutherford,2022-06-14
5,23,4,19,0,Rutherford,2022-06-22
5,26,3,23,0,Rutherford,2022-06-30
6,52,22,30,0,Rutherford,2022-01-08
6,75,23,52,0,Rutherford,2022-02-02
6,17,0,17,0,Rutherford,2022-06-08
6,13,3,10,0,Rutherford,2022-06-13
7,44,13,31,0,Rutherford,2022-01-17
7,25,8,17,0,Rutherford,2022-05-24
8,46,23,23,0,Rutherford,2022-01-09
13,76,34,42,0,Rutherford,2022-02-07
15,173,45,128,0,Rutherford,2022-01-06
15,151,74,77,0,Rutherford,2022-01-07
15,123,51,72,0,Rutherford,2022-01-26
16,149,50,99,0,Rutherford,2022-01-21
20,192,69,123,0,Rutherford,2022-01-20
31,232,108,124,0,Rutherford,2022-01-12
42,259,137,122,0,Rutherford,2022-01-10
,0,0,0,0,Sampson,2022-03-10
,0,0,0,0,Sampson,2022-03-27
,0,0,0,0,Sampson,2022-04-01
,0,0,0,0,Sampson,2022-04-10
,0,0,0,0,Sampson,2022-04-13
,0,0,0,0,Sampson,2022-04-17
0,3,1,2,0,Sampson,2022-02-19
0,4,3,1,0,Sampson,2022-02-26
0,3,1,2,0,Sampson,2022-02-27
0,8,0,8,0,Sampson,2022-02-28
0,4,1,3,0,Sampson,2022-03-02
0,3,1,2,0,Sampson,2022-03-04
0,1,1,0,0,Sampson,2022-03-05
0,3,1,2,0,Sampson,2022-03-08
0,1,1,0,0,Sampson,2022-03-09
0,1,0,1,0,Sampson,2022-03-11
0,1,0,1,0,Sampson,2022-03-12
0,1,0,1,0,Sampson,2022-03-13
0,6,4,2,0,Sampson,2022-03-15
0,4,2,2,0,Sampson,2022-03-16
0,3,1,2,0,Sampson,2022-03-17
0,2,1,1,0,Sampson,2022-03-18
0,3,1,2,0,Sampson,2022-03-22
0,1,0,1,0,Sampson,2022-03-23
0,1,0,1,0,Sampson,2022-03-25
0,1,0,1,0,Sampson,2022-03-26
0,3,3,0,0,Sampson,2022-03-29
0,10,0,10,0,Sampson,2022-03-31
0,1,1,0,0,Sampson,2022-04-02
0,3,3,0,0,Sampson,2022-04-03
0,2,1,1,0,Sampson,2022-04-04
0,4,2,2,0,Sampson,2022-04-07
0,1,0,1,0,Sampson,2022-04-08
0,4,1,3,0,Sampson,2022-04-11
0,9,3,6,0,Sampson,2022-04-14
0,4,1,3,0,Sampson,2022-04-15
0,5,4,1,0,Sampson,2022-04-20
0,9,6,3,0,Sampson,2022-04-22
0,1,0,1,0,Sampson,2022-04-23
0,2,1,1,0,Sampson,2022-04-24
0,6,4,2,0,Sampson,2022-04-25
0,4,2,2,0,Sampson,2022-04-28
0,4,2,2,0,Sampson,2022-04-29
0,1,1,0,0,Sampson,2022-04-30
0,8,5,3,0,Sampson,2022-05-04
0,1,0,1,0,Sampson,2022-05-06
0,4,3,1,0,Sampson,2022-05-08
0,4,1,3,0,Sampson,2022-05-10
0,3,1,2,0,Sampson,2022-05-11
0,7,3,4,0,Sampson,2022-05-13
0,2,2,0,0,Sampson,2022-05-15
0,12,6,6,0,Sampson,2022-05-19
0,6,4,2,0,Sampson,2022-05-22
0,9,7,2,0,Sampson,2022-05-26
0,11,7,4,0,Sampson,2022-05-29
0,9,6,3,0,Sampson,2022-06-05
0,25,13,12,0,Sampson,2022-06-06
0,5,3,2,0,Sampson,2022-06-11
0,5,1,4,0,Sampson,2022-06-12
0,14,7,7,0,Sampson,2022-06-15
0,10,7,3,0,Sampson,2022-06-18
0,5,1,4,0,Sampson,2022-06-19
0,30,18,12,0,Sampson,2022-06-20
0,17,14,3,0,Sampson,2022-06-21
0,21,11,10,0,Sampson,2022-06-22
0,4,4,0,0,Sampson,2022-06-25
0,11,7,4,0,Sampson,2022-06-26
0,6,3,3,0,Sampson,2022-07-02
1,16,7,9,0,Sampson,2022-02-15
1,25,11,14,0,Sampson,2022-02-21
1,12,5,7,0,Sampson,2022-02-22
1,7,5,2,0,Sampson,2022-03-01
1,4,3,1,0,Sampson,2022-03-14
1,3,1,2,0,Sampson,2022-03-21
1,5,3,2,0,Sampson,2022-03-24
1,2,0,2,0,Sampson,2022-03-28
1,7,5,2,0,Sampson,2022-03-30
1,6,6,0,0,Sampson,2022-04-05
1,11,7,4,0,Sampson,2022-04-06
1,2,1,1,0,Sampson,2022-04-12
1,6,4,2,0,Sampson,2022-04-21
1,10,3,7,0,Sampson,2022-04-26
1,1,1,0,0,Sampson,2022-04-27
1,3,2,1,0,Sampson,2022-05-01
1,13,9,4,0,Sampson,2022-05-05
1,5,1,4,0,Sampson,2022-05-07
1,3,2,1,0,Sampson,2022-05-09
1,11,4,7,0,Sampson,2022-05-12
1,5,3,2,0,Sampson,2022-05-14
1,15,9,6,0,Sampson,2022-05-17
1,8,7,1,0,Sampson,2022-05-21
1,10,6,4,0,Sampson,2022-05-27
1,4,1,3,0,Sampson,2022-05-28
1,6,6,0,0,Sampson,2022-05-30
1,30,22,8,0,Sampson,2022-05-31
1,19,14,5,0,Sampson,2022-06-02
1,13,9,4,0,Sampson,2022-06-03
1,7,5,2,0,Sampson,2022-06-04
1,12,3,9,0,Sampson,2022-06-08
1,14,9,5,0,Sampson,2022-06-10
1,14,10,4,0,Sampson,2022-06-16
1,9,6,3,0,Sampson,2022-06-17
1,14,9,5,0,Sampson,2022-07-01
2,75,22,53,0,Sampson,2022-02-01
2,43,18,25,0,Sampson,2022-02-09
2,10,4,6,0,Sampson,2022-02-12
2,3,1,2,0,Sampson,2022-03-19
2,12,8,4,0,Sampson,2022-05-02
2,9,5,4,0,Sampson,2022-05-03
2,25,17,8,0,Sampson,2022-05-16
2,17,8,9,0,Sampson,2022-05-18
2,16,11,5,0,Sampson,2022-05-20
2,19,10,9,0,Sampson,2022-05-23
2,21,14,7,0,Sampson,2022-06-13
2,7,4,3,0,Sampson,2022-06-14
2,21,13,8,0,Sampson,2022-06-23
2,18,9,9,0,Sampson,2022-06-24
2,23,16,7,0,Sampson,2022-06-28
2,18,12,6,0,Sampson,2022-06-30
3,26,10,16,0,Sampson,2022-01-22
3,54,17,37,0,Sampson,2022-02-04
3,10,4,6,0,Sampson,2022-04-18
3,10,4,6,0,Sampson,2022-04-19
3,33,20,13,0,Sampson,2022-06-27
4,101,36,65,0,Sampson,2022-01-28
4,17,11,6,0,Sampson,2022-05-24
4,16,8,8,0,Sampson,2022-05-25
4,23,12,11,0,Sampson,2022-06-01
4,33,17,16,0,Sampson,2022-06-07
5,125,59,66,0,Sampson,2022-01-15
5,31,16,15,0,Sampson,2022-02-10
6,23,19,4,0,Sampson,2022-06-29
7,86,29,57,0,Sampson,2022-01-09
7,59,22,37,0,Sampson,2022-01-21
20,191,92,99,0,Sampson,2022-01-07
22,283,68,215,0,Sampson,2022-01-13
24,259,80,179,0,Sampson,2022-01-14
27,389,142,247,0,Sampson,2022-01-10
35,385,130,255,0,Sampson,2022-01-11
,0,0,0,0,Scotland,2022-03-12
,0,0,0,0,Scotland,2022-03-13
,0,0,0,0,Scotland,2022-03-23
,0,0,0,0,Scotland,2022-03-26
,0,0,0,0,Scotland,2022-03-27
,0,0,0,0,Scotland,2022-03-31
,0,0,0,0,Scotland,2022-04-01
,0,0,0,0,Scotland,2022-04-02
,0,0,0,0,Scotland,2022-04-03
,0,0,0,0,Scotland,2022-04-06
,0,0,0,0,Scotland,2022-04-07
,0,0,0,0,Scotland,2022-04-10
,0,0,0,0,Scotland,2022-04-17
,0,0,0,0,Scotland,2022-04-29
0,12,5,7,0,Scotland,2022-02-05
0,10,1,9,0,Scotland,2022-02-16
0,12,6,6,0,Scotland,2022-02-17
0,4,2,2,0,Scotland,2022-02-18
0,5,1,4,0,Scotland,2022-02-20
0,2,1,1,0,Scotland,2022-02-22
0,1,0,1,0,Scotland,2022-02-23
0,3,2,1,0,Scotland,2022-02-24
0,6,1,5,0,Scotland,2022-02-25
0,1,1,0,0,Scotland,2022-02-26
0,1,1,0,0,Scotland,2022-02-27
0,6,1,5,0,Scotland,2022-02-28
0,1,0,1,0,Scotland,2022-03-01
0,1,0,1,0,Scotland,2022-03-02
0,1,0,1,0,Scotland,2022-03-04
0,1,1,0,0,Scotland,2022-03-06
0,1,1,0,0,Scotland,2022-03-08
0,2,0,2,0,Scotland,2022-03-09
0,1,0,1,0,Scotland,2022-03-10
0,2,0,2,0,Scotland,2022-03-11
0,2,1,1,0,Scotland,2022-03-15
0,2,1,1,0,Scotland,2022-03-16
0,1,0,1,0,Scotland,2022-03-17
0,1,0,1,0,Scotland,2022-03-18
0,1,0,1,0,Scotland,2022-03-19
0,1,1,0,0,Scotland,2022-03-20
0,2,1,1,0,Scotland,2022-03-21
0,1,0,1,0,Scotland,2022-03-22
0,2,2,0,0,Scotland,2022-03-24
0,2,0,2,0,Scotland,2022-03-25
0,1,1,0,0,Scotland,2022-03-28
0,3,1,2,0,Scotland,2022-03-30
0,2,2,0,0,Scotland,2022-04-04
0,1,1,0,0,Scotland,2022-04-05
0,5,0,5,0,Scotland,2022-04-08
0,1,1,0,0,Scotland,2022-04-09
0,3,2,1,0,Scotland,2022-04-12
0,1,1,0,0,Scotland,2022-04-14
0,1,1,0,0,Scotland,2022-04-16
0,8,2,6,0,Scotland,2022-04-20
0,4,3,1,0,Scotland,2022-04-23
0,3,1,2,0,Scotland,2022-04-24
0,4,3,1,0,Scotland,2022-04-26
0,6,3,3,0,Scotland,2022-04-27
0,3,3,0,0,Scotland,2022-04-30
0,3,3,0,0,Scotland,2022-05-01
0,3,0,3,0,Scotland,2022-05-02
0,14,6,8,0,Scotland,2022-05-03
0,8,3,5,0,Scotland,2022-05-04
0,4,1,3,0,Scotland,2022-05-05
0,10,4,6,0,Scotland,2022-05-06
0,9,5,4,0,Scotland,2022-05-08
0,8,2,6,0,Scotland,2022-05-09
0,4,1,3,0,Scotland,2022-05-10
0,15,4,11,0,Scotland,2022-05-13
0,4,4,0,0,Scotland,2022-05-15
0,5,2,3,0,Scotland,2022-05-18
0,6,3,3,0,Scotland,2022-05-21
0,12,4,8,0,Scotland,2022-05-28
0,9,7,2,0,Scotland,2022-05-29
0,9,7,2,0,Scotland,2022-05-30
1,7,2,5,0,Scotland,2022-02-11
1,6,3,3,0,Scotland,2022-02-13
1,2,1,1,0,Scotland,2022-02-19
1,1,1,0,0,Scotland,2022-03-05
1,2,1,1,0,Scotland,2022-03-14
1,1,0,1,0,Scotland,2022-03-29
1,4,2,2,0,Scotland,2022-04-11
1,9,0,9,0,Scotland,2022-04-13
1,8,1,7,0,Scotland,2022-04-15
1,2,2,0,0,Scotland,2022-04-18
1,2,1,1,0,Scotland,2022-04-19
1,2,1,1,0,Scotland,2022-04-21
1,9,6,3,0,Scotland,2022-04-22
1,4,1,3,0,Scotland,2022-04-25
1,5,2,3,0,Scotland,2022-04-28
1,7,3,4,0,Scotland,2022-05-07
1,6,1,5,0,Scotland,2022-05-14
1,17,4,13,0,Scotland,2022-05-16
1,13,8,5,0,Scotland,2022-05-17
1,13,9,4,0,Scotland,2022-05-19
1,13,5,8,0,Scotland,2022-05-22
1,20,12,8,0,Scotland,2022-05-23
1,14,13,1,0,Scotland,2022-06-04
1,5,3,2,0,Scotland,2022-06-05
1,15,8,7,0,Scotland,2022-06-07
1,12,9,3,0,Scotland,2022-06-09
1,9,6,3,0,Scotland,2022-06-11
1,13,6,7,0,Scotland,2022-06-15
1,10,7,3,0,Scotland,2022-06-18
1,7,6,1,0,Scotland,2022-06-19
1,14,8,6,0,Scotland,2022-06-23
1,9,3,6,0,Scotland,2022-06-24
1,9,6,3,0,Scotland,2022-06-27
2,62,23,39,0,Scotland,2022-01-17
2,29,10,19,0,Scotland,2022-01-23
2,50,17,33,0,Scotland,2022-01-31
2,38,10,28,0,Scotland,2022-02-03
2,32,11,21,0,Scotland,2022-02-07
2,16,2,14,0,Scotland,2022-02-08
2,22,7,15,0,Scotland,2022-02-09
2,7,3,4,0,Scotland,2022-02-15
2,10,5,5,0,Scotland,2022-02-21
2,9,5,4,0,Scotland,2022-03-07
2,9,2,7,0,Scotland,2022-05-11
2,8,4,4,0,Scotland,2022-05-12
2,14,10,4,0,Scotland,2022-05-24
2,14,7,7,0,Scotland,2022-05-27
2,27,19,8,0,Scotland,2022-06-02
2,22,15,7,0,Scotland,2022-06-13
2,10,4,6,0,Scotland,2022-06-17
2,10,6,4,0,Scotland,2022-06-26
2,12,7,5,0,Scotland,2022-06-28
2,13,9,4,0,Scotland,2022-06-29
2,4,3,1,0,Scotland,2022-07-02
3,63,19,44,0,Scotland,2022-01-08
3,17,8,9,0,Scotland,2022-05-20
3,12,8,4,0,Scotland,2022-05-26
3,20,11,9,0,Scotland,2022-06-08
3,16,6,10,0,Scotland,2022-06-10
3,16,9,7,0,Scotland,2022-06-16
3,12,7,5,0,Scotland,2022-06-21
3,13,9,4,0,Scotland,2022-06-22
3,9,8,1,0,Scotland,2022-06-25
3,10,9,1,0,Scotland,2022-06-30
3,12,7,5,0,Scotland,2022-07-01
4,21,8,13,0,Scotland,2022-05-25
4,12,7,5,0,Scotland,2022-05-31
4,15,8,7,0,Scotland,2022-06-14
4,19,8,11,0,Scotland,2022-06-20
6,62,16,46,0,Scotland,2022-01-27
7,16,8,8,0,Scotland,2022-06-01
7,29,16,13,0,Scotland,2022-06-06
9,59,19,40,0,Scotland,2022-01-26
10,133,34,99,0,Scotland,2022-01-14
14,158,47,111,0,Scotland,2022-01-13
14,197,55,142,0,Scotland,2022-01-18
15,215,40,175,0,Scotland,2022-01-10
19,204,56,148,0,Scotland,2022-01-05
20,214,49,165,0,Scotland,2022-01-12
,0,0,0,0,Stanly,2022-03-06
,0,0,0,0,Stanly,2022-03-09
,0,0,0,0,Stanly,2022-03-10
,0,0,0,0,Stanly,2022-03-11
,0,0,0,0,Stanly,2022-03-13
,0,0,0,0,Stanly,2022-03-26
,0,0,0,0,Stanly,2022-03-28
,0,0,0,0,Stanly,2022-04-01
,0,0,0,0,Stanly,2022-04-02
,0,0,0,0,Stanly,2022-04-04
,0,0,0,0,Stanly,2022-04-08
,0,0,0,0,Stanly,2022-04-11
,0,0,0,0,Stanly,2022-04-15
,0,0,0,0,Stanly,2022-04-17
,0,0,0,0,Stanly,2022-04-23
0,13,1,12,0,Stanly,2022-02-16
0,5,0,5,0,Stanly,2022-02-20
0,6,1,5,0,Stanly,2022-02-23
0,1,1,0,0,Stanly,2022-02-26
0,3,1,2,0,Stanly,2022-03-04
0,3,0,3,0,Stanly,2022-03-08
0,1,0,1,0,Stanly,2022-03-12
0,2,0,2,0,Stanly,2022-03-17
0,1,0,1,0,Stanly,2022-03-19
0,1,0,1,0,Stanly,2022-03-20
0,1,0,1,0,Stanly,2022-03-21
0,1,0,1,0,Stanly,2022-03-22
0,2,0,2,0,Stanly,2022-03-25
0,3,1,2,0,Stanly,2022-03-27
0,1,0,1,0,Stanly,2022-03-31
0,1,0,1,0,Stanly,2022-04-03
0,1,0,1,0,Stanly,2022-04-06
0,1,0,1,0,Stanly,2022-04-09
0,1,0,1,0,Stanly,2022-04-10
0,1,0,1,0,Stanly,2022-04-12
0,3,0,3,0,Stanly,2022-04-16
0,2,0,2,0,Stanly,2022-04-22
0,2,1,1,0,Stanly,2022-04-24
0,8,0,8,0,Stanly,2022-04-27
0,2,0,2,0,Stanly,2022-04-28
0,1,0,1,0,Stanly,2022-05-01
0,6,0,6,0,Stanly,2022-05-03
0,8,0,8,0,Stanly,2022-05-04
0,5,1,4,0,Stanly,2022-05-05
0,2,0,2,0,Stanly,2022-05-06
0,11,0,11,0,Stanly,2022-05-22
0,8,1,7,0,Stanly,2022-06-10
0,13,1,12,0,Stanly,2022-06-11
0,11,1,10,0,Stanly,2022-06-12
0,15,0,15,0,Stanly,2022-06-19
1,11,0,11,0,Stanly,2022-02-12
1,13,1,12,0,Stanly,2022-02-18
1,9,0,9,0,Stanly,2022-02-24
1,3,0,3,0,Stanly,2022-03-07
1,1,0,1,0,Stanly,2022-03-14
1,2,0,2,0,Stanly,2022-03-18
1,2,0,2,0,Stanly,2022-04-05
1,2,0,2,0,Stanly,2022-04-07
1,2,0,2,0,Stanly,2022-04-13
1,4,1,3,0,Stanly,2022-04-14
1,4,0,4,0,Stanly,2022-04-19
1,3,0,3,0,Stanly,2022-04-20
1,2,0,2,0,Stanly,2022-04-21
1,4,0,4,0,Stanly,2022-04-25
1,4,1,3,0,Stanly,2022-04-29
1,2,1,1,0,Stanly,2022-04-30
1,12,4,8,0,Stanly,2022-05-02
1,2,0,2,0,Stanly,2022-05-07
1,3,2,1,0,Stanly,2022-05-08
1,12,2,10,0,Stanly,2022-05-14
1,10,5,5,0,Stanly,2022-05-15
1,16,0,16,0,Stanly,2022-05-17
1,15,4,11,0,Stanly,2022-05-26
1,12,0,12,0,Stanly,2022-05-28
1,12,0,12,0,Stanly,2022-05-29
1,27,4,23,0,Stanly,2022-05-31
1,12,0,12,0,Stanly,2022-06-04
1,6,0,6,0,Stanly,2022-06-18
1,12,2,10,0,Stanly,2022-06-23
1,15,0,15,0,Stanly,2022-06-24
2,6,0,6,0,Stanly,2022-02-13
2,25,2,23,0,Stanly,2022-02-14
2,10,0,10,0,Stanly,2022-03-02
2,2,0,2,0,Stanly,2022-04-26
2,6,1,5,0,Stanly,2022-05-10
2,17,7,10,0,Stanly,2022-05-13
2,16,3,13,0,Stanly,2022-05-19
2,4,0,4,0,Stanly,2022-05-21
2,24,3,21,0,Stanly,2022-05-27
2,15,2,13,0,Stanly,2022-06-01
2,20,5,15,0,Stanly,2022-06-02
2,15,2,13,0,Stanly,2022-06-14
2,15,1,14,0,Stanly,2022-06-15
2,18,6,12,0,Stanly,2022-06-16
2,17,4,13,0,Stanly,2022-06-21
3,34,9,25,0,Stanly,2022-01-29
3,63,7,56,0,Stanly,2022-02-01
3,9,1,8,0,Stanly,2022-02-25
3,4,0,4,0,Stanly,2022-04-18
3,10,1,9,0,Stanly,2022-05-09
3,17,2,15,0,Stanly,2022-05-12
3,32,2,30,0,Stanly,2022-05-24
3,21,6,15,0,Stanly,2022-05-25
3,10,4,6,0,Stanly,2022-05-30
3,19,4,15,0,Stanly,2022-06-05
3,19,5,14,0,Stanly,2022-06-17
3,15,0,15,0,Stanly,2022-06-22
3,12,1,11,0,Stanly,2022-06-25
3,12,0,12,0,Stanly,2022-06-26
3,14,1,13,0,Stanly,2022-07-02
4,25,4,21,0,Stanly,2022-05-18
4,22,2,20,0,Stanly,2022-05-20
4,19,2,17,0,Stanly,2022-06-07
4,27,1,26,0,Stanly,2022-06-20
4,18,1,17,0,Stanly,2022-06-27
4,17,0,17,0,Stanly,2022-06-29
4,17,3,14,0,Stanly,2022-07-01
5,25,7,18,0,Stanly,2022-06-08
5,22,2,20,0,Stanly,2022-06-28
6,57,3,54,0,Stanly,2022-02-03
6,20,0,20,0,Stanly,2022-02-06
6,53,7,46,0,Stanly,2022-02-07
6,21,3,18,0,Stanly,2022-06-09
6,22,6,16,0,Stanly,2022-06-30
7,20,1,19,0,Stanly,2022-06-03
7,31,9,22,0,Stanly,2022-06-06
8,106,29,77,0,Stanly,2022-01-17
8,108,5,103,0,Stanly,2022-01-28
10,85,35,50,0,Stanly,2022-01-09
15,37,8,29,0,Stanly,2022-05-23
19,180,44,136,0,Stanly,2022-01-06
41,353,85,268,0,Stanly,2022-01-11
,0,0,0,0,Stokes,2022-03-13
,0,0,0,0,Stokes,2022-03-16
,0,0,0,0,Stokes,2022-03-17
,0,0,0,0,Stokes,2022-03-18
,0,0,0,0,Stokes,2022-03-20
,0,0,0,0,Stokes,2022-03-22
,0,0,0,0,Stokes,2022-03-24
,0,0,0,0,Stokes,2022-03-25
,0,0,0,0,Stokes,2022-04-03
,0,0,0,0,Stokes,2022-04-07
,0,0,0,0,Stokes,2022-04-12
,0,0,0,0,Stokes,2022-04-16
,0,0,0,0,Stokes,2022-04-17
0,14,3,11,0,Stokes,2022-02-06
0,6,3,3,0,Stokes,2022-02-20
0,3,0,3,0,Stokes,2022-02-26
0,2,0,2,0,Stokes,2022-02-27
0,2,0,2,0,Stokes,2022-03-02
0,4,1,3,0,Stokes,2022-03-04
0,2,0,2,0,Stokes,2022-03-06
0,5,0,5,0,Stokes,2022-03-07
0,5,0,5,0,Stokes,2022-03-08
0,3,1,2,0,Stokes,2022-03-09
0,2,2,0,0,Stokes,2022-03-10
0,2,0,2,0,Stokes,2022-03-12
0,3,0,3,0,Stokes,2022-03-14
0,1,0,1,0,Stokes,2022-03-15
0,1,0,1,0,Stokes,2022-03-19
0,2,1,1,0,Stokes,2022-03-23
0,4,4,0,0,Stokes,2022-03-26
0,1,0,1,0,Stokes,2022-03-27
0,2,2,0,0,Stokes,2022-03-29
0,4,0,4,0,Stokes,2022-03-30
0,3,3,0,0,Stokes,2022-03-31
0,1,1,0,0,Stokes,2022-04-01
0,5,2,3,0,Stokes,2022-04-04
0,1,1,0,0,Stokes,2022-04-05
0,3,0,3,0,Stokes,2022-04-06
0,1,1,0,0,Stokes,2022-04-09
0,2,0,2,0,Stokes,2022-04-11
0,3,1,2,0,Stokes,2022-04-13
0,2,0,2,0,Stokes,2022-04-14
0,1,0,1,0,Stokes,2022-04-15
0,1,0,1,0,Stokes,2022-04-18
0,1,0,1,0,Stokes,2022-04-19
0,4,3,1,0,Stokes,2022-04-20
0,4,0,4,0,Stokes,2022-04-21
0,3,1,2,0,Stokes,2022-04-22
0,2,1,1,0,Stokes,2022-04-23
0,5,2,3,0,Stokes,2022-04-29
0,4,1,3,0,Stokes,2022-04-30
0,10,2,8,0,Stokes,2022-05-02
0,4,0,4,0,Stokes,2022-05-03
0,8,0,8,0,Stokes,2022-05-04
0,4,2,2,0,Stokes,2022-05-08
0,11,3,8,0,Stokes,2022-05-12
0,8,2,6,0,Stokes,2022-05-15
0,11,3,8,0,Stokes,2022-05-25
0,6,3,3,0,Stokes,2022-05-29
0,3,1,2,0,Stokes,2022-05-30
0,6,3,3,0,Stokes,2022-06-05
0,7,2,5,0,Stokes,2022-06-07
0,13,4,9,0,Stokes,2022-06-08
0,9,1,8,0,Stokes,2022-06-10
0,8,3,5,0,Stokes,2022-06-26
1,13,2,11,0,Stokes,2022-02-13
1,30,7,23,0,Stokes,2022-02-14
1,5,1,4,0,Stokes,2022-02-19
1,8,3,5,0,Stokes,2022-02-23
1,8,1,7,0,Stokes,2022-02-25
1,7,1,6,0,Stokes,2022-02-28
1,3,2,1,0,Stokes,2022-03-21
1,3,1,2,0,Stokes,2022-03-28
1,2,0,2,0,Stokes,2022-04-08
1,4,1,3,0,Stokes,2022-04-25
1,6,1,5,0,Stokes,2022-04-26
1,5,1,4,0,Stokes,2022-04-28
1,17,6,11,0,Stokes,2022-05-05
1,8,2,6,0,Stokes,2022-05-06
1,6,1,5,0,Stokes,2022-05-07
1,16,4,12,0,Stokes,2022-05-10
1,10,2,8,0,Stokes,2022-05-14
1,20,5,15,0,Stokes,2022-05-19
1,14,2,12,0,Stokes,2022-05-21
1,5,2,3,0,Stokes,2022-05-22
1,13,2,11,0,Stokes,2022-05-26
1,7,1,6,0,Stokes,2022-05-28
1,17,2,15,0,Stokes,2022-05-31
1,14,4,10,0,Stokes,2022-06-02
1,6,1,5,0,Stokes,2022-06-11
1,5,3,2,0,Stokes,2022-06-12
1,8,1,7,0,Stokes,2022-06-15
1,10,1,9,0,Stokes,2022-06-16
1,14,6,8,0,Stokes,2022-06-28
2,17,1,16,0,Stokes,2022-02-05
2,4,1,3,0,Stokes,2022-04-27
2,12,4,8,0,Stokes,2022-05-13
2,17,4,13,0,Stokes,2022-05-20
2,16,5,11,0,Stokes,2022-06-06
2,12,2,10,0,Stokes,2022-06-18
2,7,4,3,0,Stokes,2022-06-19
2,13,1,12,0,Stokes,2022-06-29
2,13,1,12,0,Stokes,2022-07-01
3,33,8,25,0,Stokes,2022-01-09
3,46,6,40,0,Stokes,2022-02-02
3,32,4,28,0,Stokes,2022-02-09
3,3,0,3,0,Stokes,2022-04-24
3,23,8,15,0,Stokes,2022-05-09
3,15,3,12,0,Stokes,2022-05-11
3,20,5,15,0,Stokes,2022-05-16
3,17,4,13,0,Stokes,2022-05-24
3,9,0,9,0,Stokes,2022-06-04
3,9,2,7,0,Stokes,2022-06-14
3,16,4,12,0,Stokes,2022-06-21
3,11,4,7,0,Stokes,2022-06-22
3,12,4,8,0,Stokes,2022-06-23
3,8,1,7,0,Stokes,2022-06-25
3,29,14,15,0,Stokes,2022-06-27
3,12,0,12,0,Stokes,2022-07-02
4,45,9,36,0,Stokes,2022-02-01
4,29,5,24,0,Stokes,2022-02-08
4,20,5,15,0,Stokes,2022-05-17
4,25,4,21,0,Stokes,2022-05-18
4,17,2,15,0,Stokes,2022-05-27
4,19,4,15,0,Stokes,2022-06-17
6,80,12,68,0,Stokes,2022-01-27
6,26,8,18,0,Stokes,2022-05-23
6,17,5,12,0,Stokes,2022-06-01
6,23,6,17,0,Stokes,2022-06-20
7,14,1,13,0,Stokes,2022-06-09
7,21,5,16,0,Stokes,2022-06-30
8,28,13,15,0,Stokes,2022-06-24
9,89,18,71,0,Stokes,2022-01-07
10,90,16,74,0,Stokes,2022-01-31
13,166,43,123,0,Stokes,2022-01-24
14,140,33,107,0,Stokes,2022-01-13
19,138,21,117,0,Stokes,2022-01-19
,0,0,0,0,Surry,2022-03-25
,0,0,0,0,Surry,2022-04-01
0,15,1,14,0,Surry,2022-02-13
0,20,5,15,0,Surry,2022-02-24
0,4,2,2,0,Surry,2022-02-27
0,16,6,10,0,Surry,2022-02-28
0,9,3,6,0,Surry,2022-03-01
0,6,2,4,0,Surry,2022-03-04
0,2,1,1,0,Surry,2022-03-06
0,6,3,3,0,Surry,2022-03-07
0,5,2,3,0,Surry,2022-03-08
0,10,2,8,0,Surry,2022-03-09
0,4,2,2,0,Surry,2022-03-10
0,1,0,1,0,Surry,2022-03-15
0,2,0,2,0,Surry,2022-03-17
0,2,1,1,0,Surry,2022-03-18
0,1,1,0,0,Surry,2022-03-23
0,2,0,2,0,Surry,2022-03-24
0,1,0,1,0,Surry,2022-03-27
0,1,0,1,0,Surry,2022-03-28
0,1,0,1,0,Surry,2022-03-29
0,1,0,1,0,Surry,2022-03-31
0,1,1,0,0,Surry,2022-04-02
0,1,0,1,0,Surry,2022-04-03
0,4,1,3,0,Surry,2022-04-04
0,4,2,2,0,Surry,2022-04-05
0,3,1,2,0,Surry,2022-04-06
0,1,0,1,0,Surry,2022-04-08
0,4,1,3,0,Surry,2022-04-09
0,1,0,1,0,Surry,2022-04-10
0,4,0,4,0,Surry,2022-04-11
0,2,1,1,0,Surry,2022-04-12
0,4,0,4,0,Surry,2022-04-13
0,2,0,2,0,Surry,2022-04-14
0,1,1,0,0,Surry,2022-04-15
0,3,1,2,0,Surry,2022-04-16
0,5,0,5,0,Surry,2022-04-22
0,1,1,0,0,Surry,2022-04-24
0,13,5,8,0,Surry,2022-04-26
0,2,0,2,0,Surry,2022-04-29
0,2,0,2,0,Surry,2022-04-30
0,16,4,12,0,Surry,2022-05-03
0,7,3,4,0,Surry,2022-05-08
0,11,2,9,0,Surry,2022-05-21
0,18,5,13,0,Surry,2022-05-30
0,33,10,23,0,Surry,2022-06-16
0,11,5,6,0,Surry,2022-06-19
1,30,12,18,0,Surry,2022-02-21
1,7,3,4,0,Surry,2022-02-26
1,3,1,2,0,Surry,2022-03-05
1,6,2,4,0,Surry,2022-03-12
1,2,1,1,0,Surry,2022-03-13
1,2,0,2,0,Surry,2022-03-16
1,4,0,4,0,Surry,2022-03-21
1,1,1,0,0,Surry,2022-03-26
1,1,0,1,0,Surry,2022-03-30
1,3,1,2,0,Surry,2022-04-17
1,7,1,6,0,Surry,2022-04-18
1,7,0,7,0,Surry,2022-04-19
1,11,3,8,0,Surry,2022-04-21
1,9,3,6,0,Surry,2022-04-27
1,7,5,2,0,Surry,2022-05-01
1,9,3,6,0,Surry,2022-05-04
1,7,2,5,0,Surry,2022-05-05
1,10,4,6,0,Surry,2022-05-06
1,13,1,12,0,Surry,2022-05-13
1,4,0,4,0,Surry,2022-05-14
1,23,6,17,0,Surry,2022-05-26
1,13,5,8,0,Surry,2022-05-29
1,17,7,10,0,Surry,2022-06-05
1,18,7,11,0,Surry,2022-06-08
1,20,4,16,0,Surry,2022-06-17
1,14,1,13,0,Surry,2022-06-25
2,13,4,9,0,Surry,2022-02-25
2,4,2,2,0,Surry,2022-04-20
2,11,4,7,0,Surry,2022-04-25
2,9,4,5,0,Surry,2022-04-28
2,8,4,4,0,Surry,2022-05-07
2,18,5,13,0,Surry,2022-05-15
2,16,3,13,0,Surry,2022-05-22
2,18,7,11,0,Surry,2022-05-25
2,19,4,15,0,Surry,2022-05-28
2,22,6,16,0,Surry,2022-06-03
2,26,11,15,0,Surry,2022-06-09
2,28,12,16,0,Surry,2022-06-20
2,18,5,13,0,Surry,2022-06-22
2,25,11,14,0,Surry,2022-06-26
2,27,12,15,0,Surry,2022-06-28
2,29,9,20,0,Surry,2022-06-29
2,18,5,13,0,Surry,2022-07-02
3,37,10,27,0,Surry,2022-02-16
3,20,10,10,0,Surry,2022-02-19
3,16,6,10,0,Surry,2022-05-02
3,17,4,13,0,Surry,2022-05-10
3,16,9,7,0,Surry,2022-05-11
3,18,10,8,0,Surry,2022-05-12
3,17,5,12,0,Surry,2022-05-16
3,30,11,19,0,Surry,2022-05-19
3,21,8,13,0,Surry,2022-05-20
3,15,4,11,0,Surry,2022-05-27
3,26,11,15,0,Surry,2022-06-04
3,24,12,12,0,Surry,2022-06-06
3,18,5,13,0,Surry,2022-06-11
3,19,10,9,0,Surry,2022-06-21
3,25,8,17,0,Surry,2022-07-01
4,21,7,14,0,Surry,2022-02-23
4,16,5,11,0,Surry,2022-05-18
4,38,10,28,0,Surry,2022-06-01
4,15,4,11,0,Surry,2022-06-18
5,58,27,31,0,Surry,2022-02-14
5,40,12,28,0,Surry,2022-05-31
5,23,10,13,0,Surry,2022-06-02
5,40,16,24,0,Surry,2022-06-30
6,26,3,23,0,Surry,2022-06-15
7,25,10,15,0,Surry,2022-05-09
8,64,29,35,0,Surry,2022-02-10
8,36,15,21,0,Surry,2022-05-23
8,31,10,21,0,Surry,2022-06-13
9,62,20,42,0,Surry,2022-02-09
9,34,11,23,0,Surry,2022-05-17
9,38,10,28,0,Surry,2022-06-07
10,80,27,53,0,Surry,2022-02-03
13,149,51,98,0,Surry,2022-01-31
14,72,36,36,0,Surry,2022-02-07
15,194,88,106,0,Surry,2022-01-05
19,154,58,96,0,Surry,2022-01-07
20,233,86,147,0,Surry,2022-01-24
20,140,79,61,0,Surry,2022-02-02
26,219,75,144,0,Surry,2022-01-20
,0,0,0,0,Swain,2022-02-26
,0,0,0,0,Swain,2022-02-27
,0,0,0,0,Swain,2022-03-09
,0,0,0,0,Swain,2022-03-11
,0,0,0,0,Swain,2022-03-12
,0,0,0,0,Swain,2022-03-14
,0,0,0,0,Swain,2022-03-15
,0,0,0,0,Swain,2022-03-16
,0,0,0,0,Swain,2022-03-17
,0,0,0,0,Swain,2022-03-18
,0,0,0,0,Swain,2022-03-19
,0,0,0,0,Swain,2022-03-20
,0,0,0,0,Swain,2022-03-21
,0,0,0,0,Swain,2022-03-25
,0,0,0,0,Swain,2022-03-26
,0,0,0,0,Swain,2022-03-27
,0,0,0,0,Swain,2022-03-28
,0,0,0,0,Swain,2022-03-30
,0,0,0,0,Swain,2022-03-31
,0,0,0,0,Swain,2022-04-01
,0,0,0,0,Swain,2022-04-03
,0,0,0,0,Swain,2022-04-04
,0,0,0,0,Swain,2022-04-05
,0,0,0,0,Swain,2022-04-08
,0,0,0,0,Swain,2022-04-10
,0,0,0,0,Swain,2022-04-11
,0,0,0,0,Swain,2022-04-13
,0,0,0,0,Swain,2022-04-16
,0,0,0,0,Swain,2022-04-17
,0,0,0,0,Swain,2022-06-17
0,5,2,3,0,Swain,2022-01-15
0,13,9,4,0,Swain,2022-01-17
0,7,4,3,0,Swain,2022-01-29
0,10,9,1,0,Swain,2022-02-03
0,11,2,9,0,Swain,2022-02-04
0,4,3,1,0,Swain,2022-02-05
0,6,2,4,0,Swain,2022-02-10
0,3,3,0,0,Swain,2022-02-12
0,2,2,0,0,Swain,2022-02-13
0,8,7,1,0,Swain,2022-02-15
0,3,1,2,0,Swain,2022-02-18
0,6,3,3,0,Swain,2022-02-19
0,4,0,4,0,Swain,2022-02-21
0,3,3,0,0,Swain,2022-02-23
0,6,3,3,0,Swain,2022-02-25
0,4,3,1,0,Swain,2022-02-28
0,2,0,2,0,Swain,2022-03-01
0,3,2,1,0,Swain,2022-03-02
0,3,0,3,0,Swain,2022-03-03
0,1,0,1,0,Swain,2022-03-04
0,2,0,2,0,Swain,2022-03-05
0,2,0,2,0,Swain,2022-03-06
0,1,1,0,0,Swain,2022-03-10
0,1,0,1,0,Swain,2022-03-13
0,1,0,1,0,Swain,2022-03-22
0,1,0,1,0,Swain,2022-03-23
0,2,1,1,0,Swain,2022-03-24
0,3,1,2,0,Swain,2022-03-29
0,1,1,0,0,Swain,2022-04-02
0,1,1,0,0,Swain,2022-04-06
0,2,0,2,0,Swain,2022-04-07
0,1,1,0,0,Swain,2022-04-09
0,1,0,1,0,Swain,2022-04-12
0,1,0,1,0,Swain,2022-04-15
0,2,2,0,0,Swain,2022-04-19
0,1,1,0,0,Swain,2022-04-20
0,1,0,1,0,Swain,2022-04-21
0,2,1,1,0,Swain,2022-04-25
0,2,1,1,0,Swain,2022-04-26
0,4,0,4,0,Swain,2022-04-27
0,1,0,1,0,Swain,2022-04-28
0,1,0,1,0,Swain,2022-04-29
0,2,2,0,0,Swain,2022-04-30
0,2,1,1,0,Swain,2022-05-01
0,2,2,0,0,Swain,2022-05-02
0,2,0,2,0,Swain,2022-05-03
0,3,2,1,0,Swain,2022-05-04
0,2,1,1,0,Swain,2022-05-05
0,2,2,0,0,Swain,2022-05-06
0,2,1,1,0,Swain,2022-05-08
0,3,1,2,0,Swain,2022-05-09
0,5,3,2,0,Swain,2022-05-10
0,5,2,3,0,Swain,2022-05-11
0,2,1,1,0,Swain,2022-05-12
0,1,1,0,0,Swain,2022-05-13
0,3,0,3,0,Swain,2022-05-14
0,2,0,2,0,Swain,2022-05-15
0,1,1,0,0,Swain,2022-05-17
0,4,2,2,0,Swain,2022-05-18
0,10,2,8,0,Swain,2022-05-19
0,1,0,1,0,Swain,2022-05-21
0,4,0,4,0,Swain,2022-05-22
0,4,2,2,0,Swain,2022-05-23
0,5,1,4,0,Swain,2022-05-24
0,4,0,4,0,Swain,2022-05-25
0,2,0,2,0,Swain,2022-05-26
0,1,1,0,0,Swain,2022-05-30
0,1,1,0,0,Swain,2022-06-01
0,7,2,5,0,Swain,2022-06-02
0,3,0,3,0,Swain,2022-06-05
0,8,0,8,0,Swain,2022-06-07
0,3,0,3,0,Swain,2022-06-08
0,2,1,1,0,Swain,2022-06-10
0,2,1,1,0,Swain,2022-06-11
0,1,0,1,0,Swain,2022-06-12
0,8,4,4,0,Swain,2022-06-13
0,8,4,4,0,Swain,2022-06-14
0,4,4,0,0,Swain,2022-06-19
0,7,2,5,0,Swain,2022-06-20
0,8,4,4,0,Swain,2022-06-22
0,1,0,1,0,Swain,2022-06-24
0,7,3,4,0,Swain,2022-06-25
0,4,2,2,0,Swain,2022-06-26
0,5,3,2,0,Swain,2022-06-28
0,3,1,2,0,Swain,2022-07-01
0,6,3,3,0,Swain,2022-07-02
1,59,22,37,0,Swain,2022-01-04
1,17,9,8,0,Swain,2022-01-09
1,8,2,6,0,Swain,2022-01-16
1,15,8,7,0,Swain,2022-01-22
1,27,9,18,0,Swain,2022-02-01
1,23,9,14,0,Swain,2022-02-02
1,10,3,7,0,Swain,2022-02-07
1,15,6,9,0,Swain,2022-02-08
1,4,2,2,0,Swain,2022-02-16
1,15,12,3,0,Swain,2022-02-17
1,3,3,0,0,Swain,2022-02-20
1,11,4,7,0,Swain,2022-02-22
1,3,1,2,0,Swain,2022-04-14
1,1,1,0,0,Swain,2022-04-18
1,4,2,2,0,Swain,2022-04-22
1,2,0,2,0,Swain,2022-05-07
1,3,2,1,0,Swain,2022-05-16
1,9,1,8,0,Swain,2022-05-27
1,2,1,1,0,Swain,2022-05-28
1,3,0,3,0,Swain,2022-05-29
1,10,0,10,0,Swain,2022-05-31
1,10,2,8,0,Swain,2022-06-03
1,6,2,4,0,Swain,2022-06-04
1,7,0,7,0,Swain,2022-06-06
1,4,0,4,0,Swain,2022-06-09
1,8,3,5,0,Swain,2022-06-15
1,5,1,4,0,Swain,2022-06-18
1,7,2,5,0,Swain,2022-06-27
1,4,1,3,0,Swain,2022-06-29
1,9,2,7,0,Swain,2022-06-30
2,39,20,19,0,Swain,2022-01-05
2,42,15,27,0,Swain,2022-01-07
2,33,20,13,0,Swain,2022-01-31
2,13,7,6,0,Swain,2022-02-11
2,7,2,5,0,Swain,2022-02-24
2,3,2,1,0,Swain,2022-04-24
2,6,1,5,0,Swain,2022-06-16
2,13,3,10,0,Swain,2022-06-21
3,46,23,23,0,Swain,2022-01-10
3,39,15,24,0,Swain,2022-01-13
3,24,10,14,0,Swain,2022-01-26
4,43,9,34,0,Swain,2022-01-11
4,40,19,21,0,Swain,2022-01-21
5,27,14,13,0,Swain,2022-01-27
,0,0,0,0,Transylvania,2022-02-19
,0,0,0,0,Transylvania,2022-03-04
,0,0,0,0,Transylvania,2022-03-09
,0,0,0,0,Transylvania,2022-03-10
,0,0,0,0,Transylvania,2022-03-11
,0,0,0,0,Transylvania,2022-03-12
,0,0,0,0,Transylvania,2022-03-13
,0,0,0,0,Transylvania,2022-03-15
,0,0,0,0,Transylvania,2022-03-17
,0,0,0,0,Transylvania,2022-03-19
,0,0,0,0,Transylvania,2022-03-20
,0,0,0,0,Transylvania,2022-03-24
,0,0,0,0,Transylvania,2022-03-25
,0,0,0,0,Transylvania,2022-03-26
,0,0,0,0,Transylvania,2022-03-27
,0,0,0,0,Transylvania,2022-03-29
,0,0,0,0,Transylvania,2022-03-31
,0,0,0,0,Transylvania,2022-04-02
,0,0,0,0,Transylvania,2022-04-03
,0,0,0,0,Transylvania,2022-04-05
,0,0,0,0,Transylvania,2022-04-10
,0,0,0,0,Transylvania,2022-04-13
,0,0,0,0,Transylvania,2022-04-14
,0,0,0,0,Transylvania,2022-04-15
,0,0,0,0,Transylvania,2022-04-17
,0,0,0,0,Transylvania,2022-04-28
0,23,14,9,0,Transylvania,2022-01-08
0,21,13,8,0,Transylvania,2022-01-09
0,12,5,7,0,Transylvania,2022-01-29
0,7,5,2,0,Transylvania,2022-02-12
0,5,5,0,0,Transylvania,2022-02-13
0,17,11,6,0,Transylvania,2022-02-14
0,11,5,6,0,Transylvania,2022-02-15
0,5,3,2,0,Transylvania,2022-02-18
0,3,2,1,0,Transylvania,2022-02-20
0,1,1,0,0,Transylvania,2022-02-21
0,5,3,2,0,Transylvania,2022-02-22
0,1,1,0,0,Transylvania,2022-02-25
0,1,1,0,0,Transylvania,2022-02-26
0,1,1,0,0,Transylvania,2022-02-28
0,2,0,2,0,Transylvania,2022-03-01
0,1,1,0,0,Transylvania,2022-03-05
0,1,1,0,0,Transylvania,2022-03-06
0,3,2,1,0,Transylvania,2022-03-07
0,1,1,0,0,Transylvania,2022-03-08
0,4,1,3,0,Transylvania,2022-03-14
0,1,1,0,0,Transylvania,2022-03-16
0,1,1,0,0,Transylvania,2022-03-18
0,1,1,0,0,Transylvania,2022-03-22
0,1,0,1,0,Transylvania,2022-03-23
0,1,0,1,0,Transylvania,2022-03-28
0,3,2,1,0,Transylvania,2022-03-30
0,1,0,1,0,Transylvania,2022-04-01
0,1,0,1,0,Transylvania,2022-04-04
0,5,2,3,0,Transylvania,2022-04-06
0,2,2,0,0,Transylvania,2022-04-07
0,2,1,1,0,Transylvania,2022-04-09
0,4,4,0,0,Transylvania,2022-04-11
0,2,0,2,0,Transylvania,2022-04-12
0,1,0,1,0,Transylvania,2022-04-16
0,5,2,3,0,Transylvania,2022-04-19
0,2,2,0,0,Transylvania,2022-04-21
0,1,0,1,0,Transylvania,2022-04-22
0,2,1,1,0,Transylvania,2022-04-23
0,2,1,1,0,Transylvania,2022-04-24
0,8,5,3,0,Transylvania,2022-04-26
0,3,1,2,0,Transylvania,2022-04-27
0,1,1,0,0,Transylvania,2022-04-29
0,2,1,1,0,Transylvania,2022-04-30
0,5,2,3,0,Transylvania,2022-05-01
0,3,2,1,0,Transylvania,2022-05-03
0,1,1,0,0,Transylvania,2022-05-04
0,4,1,3,0,Transylvania,2022-05-05
0,3,3,0,0,Transylvania,2022-05-07
0,3,0,3,0,Transylvania,2022-05-08
0,2,1,1,0,Transylvania,2022-05-09
0,7,3,4,0,Transylvania,2022-05-10
0,10,7,3,0,Transylvania,2022-05-12
0,6,3,3,0,Transylvania,2022-05-13
0,5,2,3,0,Transylvania,2022-05-14
0,3,2,1,0,Transylvania,2022-05-15
0,9,5,4,0,Transylvania,2022-05-16
0,8,6,2,0,Transylvania,2022-05-17
0,2,2,0,0,Transylvania,2022-05-18
0,6,2,4,0,Transylvania,2022-05-20
0,6,3,3,0,Transylvania,2022-05-21
0,6,3,3,0,Transylvania,2022-05-22
0,10,1,9,0,Transylvania,2022-05-23
0,5,2,3,0,Transylvania,2022-05-24
0,6,2,4,0,Transylvania,2022-05-27
0,7,3,4,0,Transylvania,2022-06-01
0,3,2,1,0,Transylvania,2022-06-04
0,1,0,1,0,Transylvania,2022-06-05
0,4,3,1,0,Transylvania,2022-06-06
0,7,2,5,0,Transylvania,2022-06-10
0,3,1,2,0,Transylvania,2022-06-11
0,7,4,3,0,Transylvania,2022-06-12
0,13,8,5,0,Transylvania,2022-06-16
0,3,2,1,0,Transylvania,2022-06-18
0,4,2,2,0,Transylvania,2022-06-19
0,4,1,3,0,Transylvania,2022-06-26
0,4,1,3,0,Transylvania,2022-07-01
0,5,4,1,0,Transylvania,2022-07-02
1,7,6,1,0,Transylvania,2022-01-16
1,24,6,18,0,Transylvania,2022-01-28
1,13,3,10,0,Transylvania,2022-01-30
1,27,16,11,0,Transylvania,2022-02-02
1,13,8,5,0,Transylvania,2022-02-03
1,14,5,9,0,Transylvania,2022-02-05
1,16,6,10,0,Transylvania,2022-02-06
1,14,5,9,0,Transylvania,2022-02-10
1,11,6,5,0,Transylvania,2022-02-11
1,2,1,1,0,Transylvania,2022-04-08
1,3,1,2,0,Transylvania,2022-04-18
1,3,1,2,0,Transylvania,2022-04-20
1,1,0,1,0,Transylvania,2022-04-25
1,4,3,1,0,Transylvania,2022-05-06
1,5,2,3,0,Transylvania,2022-05-11
1,11,2,9,0,Transylvania,2022-05-19
1,6,1,5,0,Transylvania,2022-05-25
1,9,3,6,0,Transylvania,2022-05-28
1,8,4,4,0,Transylvania,2022-05-29
1,5,3,2,0,Transylvania,2022-05-30
1,11,7,4,0,Transylvania,2022-06-02
1,11,4,7,0,Transylvania,2022-06-07
1,9,3,6,0,Transylvania,2022-06-08
1,7,3,4,0,Transylvania,2022-06-09
1,10,7,3,0,Transylvania,2022-06-13
1,10,7,3,0,Transylvania,2022-06-14
1,8,7,1,0,Transylvania,2022-06-15
1,8,3,5,0,Transylvania,2022-06-22
1,6,4,2,0,Transylvania,2022-06-24
1,10,4,6,0,Transylvania,2022-06-25
1,11,2,9,0,Transylvania,2022-06-27
1,16,13,3,0,Transylvania,2022-06-28
1,12,4,8,0,Transylvania,2022-06-29
2,70,33,37,0,Transylvania,2022-01-14
2,48,18,30,0,Transylvania,2022-01-21
2,43,15,28,0,Transylvania,2022-01-26
2,12,4,8,0,Transylvania,2022-02-16
2,6,0,6,0,Transylvania,2022-02-24
2,8,4,4,0,Transylvania,2022-05-26
2,9,1,8,0,Transylvania,2022-05-31
2,11,6,5,0,Transylvania,2022-06-20
2,15,8,7,0,Transylvania,2022-06-23
2,10,8,2,0,Transylvania,2022-06-30
3,56,25,31,0,Transylvania,2022-01-05
3,35,15,20,0,Transylvania,2022-01-31
3,32,9,23,0,Transylvania,2022-02-01
3,12,3,9,0,Transylvania,2022-06-17
3,22,9,13,0,Transylvania,2022-06-21
4,31,12,19,0,Transylvania,2022-01-27
5,84,32,52,0,Transylvania,2022-01-20
6,83,32,51,0,Transylvania,2022-01-10
7,60,24,36,0,Transylvania,2022-01-04
7,69,34,35,0,Transylvania,2022-01-11
8,41,15,26,0,Transylvania,2022-01-24
,0,0,0,0,Tyrrell,2022-01-22
,0,0,0,0,Tyrrell,2022-02-05
,0,0,0,0,Tyrrell,2022-02-06
,0,0,0,0,Tyrrell,2022-02-13
,0,0,0,0,Tyrrell,2022-02-17
,0,0,0,0,Tyrrell,2022-02-19
,0,0,0,0,Tyrrell,2022-02-20
,0,0,0,0,Tyrrell,2022-02-21
,0,0,0,0,Tyrrell,2022-02-23
,0,0,0,0,Tyrrell,2022-02-24
,0,0,0,0,Tyrrell,2022-02-25
,0,0,0,0,Tyrrell,2022-02-26
,0,0,0,0,Tyrrell,2022-02-27
,0,0,0,0,Tyrrell,2022-02-28
,0,0,0,0,Tyrrell,2022-03-04
,0,0,0,0,Tyrrell,2022-03-05
,0,0,0,0,Tyrrell,2022-03-06
,0,0,0,0,Tyrrell,2022-03-07
,0,0,0,0,Tyrrell,2022-03-09
,0,0,0,0,Tyrrell,2022-03-10
,0,0,0,0,Tyrrell,2022-03-12
,0,0,0,0,Tyrrell,2022-03-13
,0,0,0,0,Tyrrell,2022-03-14
,0,0,0,0,Tyrrell,2022-03-15
,0,0,0,0,Tyrrell,2022-03-16
,0,0,0,0,Tyrrell,2022-03-17
,0,0,0,0,Tyrrell,2022-03-18
,0,0,0,0,Tyrrell,2022-03-19
,0,0,0,0,Tyrrell,2022-03-20
,0,0,0,0,Tyrrell,2022-03-21
,0,0,0,0,Tyrrell,2022-03-22
,0,0,0,0,Tyrrell,2022-03-23
,0,0,0,0,Tyrrell,2022-03-24
,0,0,0,0,Tyrrell,2022-03-25
,0,0,0,0,Tyrrell,2022-03-26
,0,0,0,0,Tyrrell,2022-03-27
,0,0,0,0,Tyrrell,2022-03-28
,0,0,0,0,Tyrrell,2022-03-29
,0,0,0,0,Tyrrell,2022-03-30
,0,0,0,0,Tyrrell,2022-03-31
,0,0,0,0,Tyrrell,2022-04-01
,0,0,0,0,Tyrrell,2022-04-02
,0,0,0,0,Tyrrell,2022-04-03
,0,0,0,0,Tyrrell,2022-04-04
,0,0,0,0,Tyrrell,2022-04-05
,0,0,0,0,Tyrrell,2022-04-06
,0,0,0,0,Tyrrell,2022-04-07
,0,0,0,0,Tyrrell,2022-04-08
,0,0,0,0,Tyrrell,2022-04-09
,0,0,0,0,Tyrrell,2022-04-10
,0,0,0,0,Tyrrell,2022-04-11
,0,0,0,0,Tyrrell,2022-04-13
,0,0,0,0,Tyrrell,2022-04-14
,0,0,0,0,Tyrrell,2022-04-15
,0,0,0,0,Tyrrell,2022-04-16
,0,0,0,0,Tyrrell,2022-04-17
,0,0,0,0,Tyrrell,2022-04-18
,0,0,0,0,Tyrrell,2022-04-19
,0,0,0,0,Tyrrell,2022-04-20
,0,0,0,0,Tyrrell,2022-04-21
,0,0,0,0,Tyrrell,2022-04-22
,0,0,0,0,Tyrrell,2022-04-23
,0,0,0,0,Tyrrell,2022-04-24
,0,0,0,0,Tyrrell,2022-04-26
,0,0,0,0,Tyrrell,2022-04-28
,0,0,0,0,Tyrrell,2022-05-01
,0,0,0,0,Tyrrell,2022-05-02
,0,0,0,0,Tyrrell,2022-05-03
,0,0,0,0,Tyrrell,2022-05-04
,0,0,0,0,Tyrrell,2022-05-05
,0,0,0,0,Tyrrell,2022-05-06
,0,0,0,0,Tyrrell,2022-05-07
,0,0,0,0,Tyrrell,2022-05-08
,0,0,0,0,Tyrrell,2022-05-13
,0,0,0,0,Tyrrell,2022-05-16
,0,0,0,0,Tyrrell,2022-05-18
,0,0,0,0,Tyrrell,2022-05-21
,0,0,0,0,Tyrrell,2022-05-22
,0,0,0,0,Tyrrell,2022-05-24
,0,0,0,0,Tyrrell,2022-05-25
,0,0,0,0,Tyrrell,2022-05-28
,0,0,0,0,Tyrrell,2022-05-29
,0,0,0,0,Tyrrell,2022-06-02
,0,0,0,0,Tyrrell,2022-06-04
,0,0,0,0,Tyrrell,2022-06-05
,0,0,0,0,Tyrrell,2022-06-06
,0,0,0,0,Tyrrell,2022-06-09
,0,0,0,0,Tyrrell,2022-06-12
,0,0,0,0,Tyrrell,2022-06-14
,0,0,0,0,Tyrrell,2022-06-15
,0,0,0,0,Tyrrell,2022-06-18
,0,0,0,0,Tyrrell,2022-06-19
,0,0,0,0,Tyrrell,2022-06-20
,0,0,0,0,Tyrrell,2022-06-23
,0,0,0,0,Tyrrell,2022-06-26
,0,0,0,0,Tyrrell,2022-06-27
,0,0,0,0,Tyrrell,2022-06-29
,0,0,0,0,Tyrrell,2022-06-30
,0,0,0,0,Tyrrell,2022-07-02
0,8,2,6,0,Tyrrell,2022-01-06
0,5,0,5,0,Tyrrell,2022-01-07
0,9,0,9,0,Tyrrell,2022-01-08
0,1,0,1,0,Tyrrell,2022-01-09
0,1,0,1,0,Tyrrell,2022-01-15
0,4,0,4,0,Tyrrell,2022-01-16
0,28,4,24,0,Tyrrell,2022-01-18
0,1,0,1,0,Tyrrell,2022-01-21
0,13,3,10,0,Tyrrell,2022-01-24
0,8,2,6,0,Tyrrell,2022-01-26
0,3,1,2,0,Tyrrell,2022-01-27
0,5,1,4,0,Tyrrell,2022-01-28
0,3,0,3,0,Tyrrell,2022-01-29
0,3,0,3,0,Tyrrell,2022-01-31
0,6,0,6,0,Tyrrell,2022-02-01
0,5,4,1,0,Tyrrell,2022-02-03
0,3,0,3,0,Tyrrell,2022-02-04
0,4,1,3,0,Tyrrell,2022-02-07
0,8,0,8,0,Tyrrell,2022-02-11
0,4,0,4,0,Tyrrell,2022-02-12
0,3,1,2,0,Tyrrell,2022-02-14
0,2,1,1,0,Tyrrell,2022-02-15
0,2,0,2,0,Tyrrell,2022-02-18
0,1,0,1,0,Tyrrell,2022-02-22
0,3,0,3,0,Tyrrell,2022-03-01
0,2,0,2,0,Tyrrell,2022-03-02
0,3,1,2,0,Tyrrell,2022-03-03
0,1,0,1,0,Tyrrell,2022-03-11
0,2,0,2,0,Tyrrell,2022-04-12
0,1,1,0,0,Tyrrell,2022-04-27
0,1,0,1,0,Tyrrell,2022-04-29
0,1,0,1,0,Tyrrell,2022-04-30
0,2,1,1,0,Tyrrell,2022-05-09
0,1,0,1,0,Tyrrell,2022-05-10
0,1,1,0,0,Tyrrell,2022-05-11
0,4,2,2,0,Tyrrell,2022-05-12
0,1,0,1,0,Tyrrell,2022-05-14
0,1,1,0,0,Tyrrell,2022-05-15
0,2,0,2,0,Tyrrell,2022-05-20
0,1,0,1,0,Tyrrell,2022-05-23
0,2,0,2,0,Tyrrell,2022-05-27
0,1,0,1,0,Tyrrell,2022-05-30
0,1,0,1,0,Tyrrell,2022-06-03
0,1,0,1,0,Tyrrell,2022-06-07
0,2,0,2,0,Tyrrell,2022-06-08
0,3,2,1,0,Tyrrell,2022-06-10
0,1,1,0,0,Tyrrell,2022-06-13
0,1,1,0,0,Tyrrell,2022-06-16
0,1,0,1,0,Tyrrell,2022-06-17
0,1,0,1,0,Tyrrell,2022-06-22
0,1,0,1,0,Tyrrell,2022-06-24
0,1,0,1,0,Tyrrell,2022-06-25
0,1,0,1,0,Tyrrell,2022-06-28
0,3,2,1,0,Tyrrell,2022-07-01
1,4,0,4,0,Tyrrell,2022-01-05
1,11,4,7,0,Tyrrell,2022-01-10
1,9,0,9,0,Tyrrell,2022-01-17
1,23,3,20,0,Tyrrell,2022-01-19
1,2,0,2,0,Tyrrell,2022-01-23
1,1,0,1,0,Tyrrell,2022-01-30
1,5,3,2,0,Tyrrell,2022-02-02
1,4,0,4,0,Tyrrell,2022-02-08
1,2,1,1,0,Tyrrell,2022-02-10
1,2,0,2,0,Tyrrell,2022-02-16
1,1,1,0,0,Tyrrell,2022-03-08
1,1,0,1,0,Tyrrell,2022-04-25
1,2,1,1,0,Tyrrell,2022-05-17
1,4,3,1,0,Tyrrell,2022-05-19
1,1,1,0,0,Tyrrell,2022-05-26
1,4,0,4,0,Tyrrell,2022-05-31
1,1,0,1,0,Tyrrell,2022-06-01
1,1,0,1,0,Tyrrell,2022-06-11
1,2,0,2,0,Tyrrell,2022-06-21
2,30,6,24,0,Tyrrell,2022-01-11
2,14,1,13,0,Tyrrell,2022-01-20
3,23,7,16,0,Tyrrell,2022-01-13
3,16,0,16,0,Tyrrell,2022-01-14
,0,0,0,0,Union,2022-03-20
0,31,13,18,0,Union,2022-02-20
0,27,8,19,0,Union,2022-02-28
0,18,3,15,0,Union,2022-03-01
0,15,2,13,0,Union,2022-03-04
0,6,3,3,0,Union,2022-03-06
0,6,0,6,0,Union,2022-03-10
0,7,1,6,0,Union,2022-03-11
0,8,0,8,0,Union,2022-03-14
0,8,0,8,0,Union,2022-03-16
0,2,0,2,0,Union,2022-03-18
0,9,0,9,0,Union,2022-03-22
0,12,2,10,0,Union,2022-03-23
0,8,1,7,0,Union,2022-03-24
0,9,1,8,0,Union,2022-03-25
0,4,1,3,0,Union,2022-03-26
0,11,3,8,0,Union,2022-03-27
0,7,3,4,0,Union,2022-03-29
0,4,1,3,0,Union,2022-04-01
0,10,1,9,0,Union,2022-04-05
0,3,1,2,0,Union,2022-04-09
0,8,1,7,0,Union,2022-04-10
0,52,18,34,0,Union,2022-04-25
1,14,6,8,0,Union,2022-03-03
1,7,0,7,0,Union,2022-03-09
1,9,3,6,0,Union,2022-03-12
1,5,1,4,0,Union,2022-03-15
1,8,1,7,0,Union,2022-03-17
1,3,1,2,0,Union,2022-03-19
1,9,2,7,0,Union,2022-04-02
1,6,2,4,0,Union,2022-04-03
1,14,1,13,0,Union,2022-04-04
1,13,2,11,0,Union,2022-04-08
1,17,3,14,0,Union,2022-04-11
1,23,4,19,0,Union,2022-04-12
1,13,1,12,0,Union,2022-04-16
1,48,6,42,0,Union,2022-04-26
1,38,5,33,0,Union,2022-05-07
1,32,4,28,0,Union,2022-06-19
2,38,15,23,0,Union,2022-02-23
2,8,2,6,0,Union,2022-03-30
2,30,6,24,0,Union,2022-04-18
2,20,8,12,0,Union,2022-04-23
2,52,5,47,0,Union,2022-04-28
2,40,6,34,0,Union,2022-05-08
2,53,7,46,0,Union,2022-05-14
3,41,8,33,0,Union,2022-02-13
3,18,5,13,0,Union,2022-02-25
3,27,3,24,0,Union,2022-04-22
3,47,8,39,0,Union,2022-04-29
3,32,7,25,0,Union,2022-04-30
3,63,12,51,0,Union,2022-05-11
4,68,20,48,0,Union,2022-02-16
4,29,9,20,0,Union,2022-04-14
4,51,8,43,0,Union,2022-05-28
4,53,3,50,0,Union,2022-06-26
5,30,4,26,0,Union,2022-04-13
5,35,10,25,0,Union,2022-04-19
5,38,8,30,0,Union,2022-04-24
5,50,5,45,0,Union,2022-05-02
5,54,10,44,0,Union,2022-05-05
5,53,4,49,0,Union,2022-05-15
5,38,6,32,0,Union,2022-06-11
5,63,9,54,0,Union,2022-06-17
6,38,7,31,0,Union,2022-04-20
6,57,7,50,0,Union,2022-04-27
6,36,0,36,0,Union,2022-05-01
6,39,3,36,0,Union,2022-05-30
6,48,5,43,0,Union,2022-06-04
6,71,8,63,0,Union,2022-06-07
7,87,22,65,0,Union,2022-02-10
7,39,9,30,0,Union,2022-04-21
7,61,13,48,0,Union,2022-05-06
7,62,8,54,0,Union,2022-05-29
7,66,6,60,0,Union,2022-06-10
7,76,6,70,0,Union,2022-06-20
8,72,13,59,0,Union,2022-05-03
8,71,8,63,0,Union,2022-05-12
8,86,13,73,0,Union,2022-05-20
8,66,14,52,0,Union,2022-05-21
8,79,12,67,0,Union,2022-05-27
8,51,7,44,0,Union,2022-06-16
9,84,12,72,0,Union,2022-05-09
9,85,10,75,0,Union,2022-05-13
9,102,12,90,0,Union,2022-05-16
9,52,7,45,0,Union,2022-05-22
9,108,12,96,0,Union,2022-05-31
9,49,7,42,0,Union,2022-06-25
10,98,17,81,0,Union,2022-05-10
10,95,17,78,0,Union,2022-05-25
10,59,9,50,0,Union,2022-06-05
11,85,8,77,0,Union,2022-06-02
11,99,14,85,0,Union,2022-06-06
11,85,14,71,0,Union,2022-06-09
11,106,17,89,0,Union,2022-06-29
12,120,19,101,0,Union,2022-05-23
12,84,10,74,0,Union,2022-05-26
12,79,16,63,0,Union,2022-06-13
12,80,15,65,0,Union,2022-06-21
12,90,12,78,0,Union,2022-06-30
13,85,13,72,0,Union,2022-05-24
13,69,13,56,0,Union,2022-06-14
13,89,13,76,0,Union,2022-06-15
13,75,7,68,0,Union,2022-07-01
14,105,17,88,0,Union,2022-05-17
15,131,29,102,0,Union,2022-01-30
15,126,21,105,0,Union,2022-05-18
18,99,17,82,0,Union,2022-06-27
18,101,15,86,0,Union,2022-06-28
29,311,83,228,0,Union,2022-01-31
40,380,86,294,0,Union,2022-01-09
69,764,133,631,0,Union,2022-01-14
77,892,167,725,0,Union,2022-01-13
,0,0,0,0,Vance,2022-02-26
,0,0,0,0,Vance,2022-03-06
,0,0,0,0,Vance,2022-03-12
,0,0,0,0,Vance,2022-03-16
,0,0,0,0,Vance,2022-03-17
,0,0,0,0,Vance,2022-03-19
,0,0,0,0,Vance,2022-03-27
,0,0,0,0,Vance,2022-03-29
,0,0,0,0,Vance,2022-03-30
,0,0,0,0,Vance,2022-04-15
,0,0,0,0,Vance,2022-04-17
0,10,3,7,0,Vance,2022-01-16
0,22,3,19,0,Vance,2022-01-22
0,9,1,8,0,Vance,2022-02-06
0,20,5,15,0,Vance,2022-02-11
0,2,0,2,0,Vance,2022-02-20
0,6,1,5,0,Vance,2022-02-22
0,6,0,6,0,Vance,2022-02-23
0,4,1,3,0,Vance,2022-02-24
0,4,1,3,0,Vance,2022-03-01
0,1,0,1,0,Vance,2022-03-02
0,2,0,2,0,Vance,2022-03-04
0,4,0,4,0,Vance,2022-03-07
0,7,4,3,0,Vance,2022-03-08
0,4,0,4,0,Vance,2022-03-09
0,1,0,1,0,Vance,2022-03-10
0,3,1,2,0,Vance,2022-03-11
0,1,1,0,0,Vance,2022-03-13
0,1,1,0,0,Vance,2022-03-15
0,2,0,2,0,Vance,2022-03-20
0,1,1,0,0,Vance,2022-03-21
0,2,1,1,0,Vance,2022-03-22
0,2,0,2,0,Vance,2022-03-23
0,3,1,2,0,Vance,2022-03-24
0,2,0,2,0,Vance,2022-03-25
0,2,1,1,0,Vance,2022-03-26
0,1,0,1,0,Vance,2022-03-28
0,2,1,1,0,Vance,2022-03-31
0,1,0,1,0,Vance,2022-04-02
0,1,1,0,0,Vance,2022-04-03
0,1,1,0,0,Vance,2022-04-04
0,1,1,0,0,Vance,2022-04-05
0,2,0,2,0,Vance,2022-04-07
0,5,2,3,0,Vance,2022-04-08
0,3,0,3,0,Vance,2022-04-09
0,2,1,1,0,Vance,2022-04-10
0,1,1,0,0,Vance,2022-04-12
0,2,1,1,0,Vance,2022-04-13
0,2,1,1,0,Vance,2022-04-16
0,1,0,1,0,Vance,2022-04-18
0,2,1,1,0,Vance,2022-04-20
0,1,0,1,0,Vance,2022-04-21
0,5,2,3,0,Vance,2022-04-22
0,2,0,2,0,Vance,2022-04-23
0,2,1,1,0,Vance,2022-04-24
0,4,0,4,0,Vance,2022-04-26
0,2,1,1,0,Vance,2022-04-27
0,5,3,2,0,Vance,2022-04-29
0,3,2,1,0,Vance,2022-04-30
0,5,0,5,0,Vance,2022-05-02
0,9,1,8,0,Vance,2022-05-04
0,8,3,5,0,Vance,2022-05-05
0,7,1,6,0,Vance,2022-05-06
0,7,4,3,0,Vance,2022-05-07
0,4,1,3,0,Vance,2022-05-08
0,8,3,5,0,Vance,2022-05-11
0,9,3,6,0,Vance,2022-05-14
0,19,5,14,0,Vance,2022-05-19
0,8,5,3,0,Vance,2022-05-22
0,11,2,9,0,Vance,2022-05-26
0,12,3,9,0,Vance,2022-05-28
0,7,6,1,0,Vance,2022-05-30
0,7,4,3,0,Vance,2022-06-10
0,22,6,16,0,Vance,2022-06-13
0,9,1,8,0,Vance,2022-06-18
0,2,1,1,0,Vance,2022-06-19
0,13,2,11,0,Vance,2022-06-22
1,18,1,17,0,Vance,2022-01-29
1,34,8,26,0,Vance,2022-02-02
1,18,1,17,0,Vance,2022-02-10
1,7,1,6,0,Vance,2022-02-12
1,4,2,2,0,Vance,2022-02-13
1,13,3,10,0,Vance,2022-02-17
1,9,1,8,0,Vance,2022-02-18
1,10,5,5,0,Vance,2022-02-21
1,5,0,5,0,Vance,2022-02-25
1,6,1,5,0,Vance,2022-03-03
1,3,2,1,0,Vance,2022-03-05
1,4,0,4,0,Vance,2022-03-18
1,2,0,2,0,Vance,2022-04-01
1,5,0,5,0,Vance,2022-04-06
1,5,2,3,0,Vance,2022-04-14
1,3,2,1,0,Vance,2022-04-19
1,8,3,5,0,Vance,2022-04-25
1,4,1,3,0,Vance,2022-04-28
1,4,1,3,0,Vance,2022-05-01
1,8,2,6,0,Vance,2022-05-03
1,17,4,13,0,Vance,2022-05-09
1,9,2,7,0,Vance,2022-05-13
1,19,5,14,0,Vance,2022-05-17
1,12,3,9,0,Vance,2022-05-21
1,14,4,10,0,Vance,2022-05-24
1,16,6,10,0,Vance,2022-05-25
1,10,5,5,0,Vance,2022-05-27
1,15,3,12,0,Vance,2022-06-02
1,13,2,11,0,Vance,2022-06-04
1,16,0,16,0,Vance,2022-06-05
1,5,2,3,0,Vance,2022-06-12
1,11,4,7,0,Vance,2022-06-26
1,13,2,11,0,Vance,2022-06-30
1,16,5,11,0,Vance,2022-07-01
1,6,2,4,0,Vance,2022-07-02
2,10,0,10,0,Vance,2022-02-05
2,15,4,11,0,Vance,2022-05-12
2,3,0,3,0,Vance,2022-05-15
2,5,0,5,0,Vance,2022-05-29
2,23,7,16,0,Vance,2022-05-31
2,8,1,7,0,Vance,2022-06-11
2,20,7,13,0,Vance,2022-06-15
2,21,9,12,0,Vance,2022-06-20
2,17,3,14,0,Vance,2022-06-23
2,9,3,6,0,Vance,2022-06-25
2,26,6,20,0,Vance,2022-06-28
3,45,18,27,0,Vance,2022-01-09
3,47,2,45,0,Vance,2022-01-28
3,41,11,30,0,Vance,2022-02-08
3,23,4,19,0,Vance,2022-02-09
3,22,1,21,0,Vance,2022-02-14
3,12,1,11,0,Vance,2022-02-16
3,18,3,15,0,Vance,2022-05-10
3,16,5,11,0,Vance,2022-05-16
3,22,7,15,0,Vance,2022-05-18
3,23,7,16,0,Vance,2022-06-01
3,30,9,21,0,Vance,2022-06-06
3,26,4,22,0,Vance,2022-06-14
3,15,6,9,0,Vance,2022-06-16
3,17,3,14,0,Vance,2022-06-17
3,18,4,14,0,Vance,2022-06-21
4,28,15,13,0,Vance,2022-05-23
4,16,5,11,0,Vance,2022-06-03
4,32,6,26,0,Vance,2022-06-07
4,20,1,19,0,Vance,2022-06-08
5,61,4,57,0,Vance,2022-02-01
5,22,8,14,0,Vance,2022-05-20
5,14,4,10,0,Vance,2022-06-24
5,21,4,17,0,Vance,2022-06-27
6,64,15,49,0,Vance,2022-01-08
6,59,5,54,0,Vance,2022-01-21
7,74,10,64,0,Vance,2022-01-15
7,35,12,23,0,Vance,2022-02-07
7,23,4,19,0,Vance,2022-06-09
9,96,16,80,0,Vance,2022-01-07
9,34,10,24,0,Vance,2022-06-29
10,184,38,146,0,Vance,2022-01-10
14,114,21,93,0,Vance,2022-01-14
14,117,11,106,0,Vance,2022-01-17
15,91,5,86,0,Vance,2022-01-26
1,60,4,56,0,Wake,2022-03-26
2,71,15,56,0,Wake,2022-03-22
2,40,2,38,0,Wake,2022-04-03
3,107,6,101,0,Wake,2022-04-01
3,83,13,70,0,Wake,2022-04-10
4,120,13,107,0,Wake,2022-03-23
5,101,14,87,0,Wake,2022-03-28
6,138,24,114,0,Wake,2022-02-20
6,204,21,183,0,Wake,2022-02-28
7,154,14,140,0,Wake,2022-03-01
8,102,6,96,0,Wake,2022-03-29
8,150,17,133,0,Wake,2022-04-05
10,95,7,88,0,Wake,2022-03-14
11,246,22,224,0,Wake,2022-04-11
11,104,15,89,0,Wake,2022-04-17
12,147,16,131,0,Wake,2022-03-02
12,146,20,126,0,Wake,2022-04-07
12,224,19,205,0,Wake,2022-04-12
14,344,57,287,0,Wake,2022-02-06
15,182,14,168,0,Wake,2022-04-08
16,236,18,218,0,Wake,2022-04-23
18,320,38,282,0,Wake,2022-04-30
19,264,25,239,0,Wake,2022-07-02
20,309,28,281,0,Wake,2022-04-21
22,310,36,274,0,Wake,2022-04-19
22,253,40,213,0,Wake,2022-06-12
23,371,50,321,0,Wake,2022-05-29
23,265,41,224,0,Wake,2022-06-19
24,438,58,380,0,Wake,2022-04-26
25,454,40,414,0,Wake,2022-02-16
25,302,34,268,0,Wake,2022-04-13
25,479,35,444,0,Wake,2022-04-27
25,341,67,274,0,Wake,2022-06-05
25,267,34,233,0,Wake,2022-06-25
26,255,58,197,0,Wake,2022-05-30
26,275,46,229,0,Wake,2022-06-26
27,438,39,399,0,Wake,2022-04-18
28,397,40,357,0,Wake,2022-04-29
29,355,46,309,0,Wake,2022-04-20
30,474,64,410,0,Wake,2022-04-25
31,622,79,543,0,Wake,2022-05-04
33,624,66,558,0,Wake,2022-05-03
37,510,39,471,0,Wake,2022-05-06
39,635,44,591,0,Wake,2022-05-14
39,630,56,574,0,Wake,2022-05-21
42,500,61,439,0,Wake,2022-06-10
46,489,42,447,0,Wake,2022-07-01
47,511,43,468,0,Wake,2022-06-16
48,479,44,435,0,Wake,2022-06-17
48,527,69,458,0,Wake,2022-06-20
54,634,70,564,0,Wake,2022-06-27
54,519,66,453,0,Wake,2022-06-30
55,616,73,543,0,Wake,2022-06-15
56,844,82,762,0,Wake,2022-05-13
58,833,96,737,0,Wake,2022-05-10
58,848,88,760,0,Wake,2022-05-12
59,466,44,422,0,Wake,2022-06-24
60,512,34,478,0,Wake,2022-06-23
61,620,59,561,0,Wake,2022-06-28
62,723,91,632,0,Wake,2022-05-27
62,568,58,510,0,Wake,2022-06-29
66,591,48,543,0,Wake,2022-06-22
67,820,73,747,0,Wake,2022-05-20
67,776,68,708,0,Wake,2022-06-06
67,685,60,625,0,Wake,2022-06-07
67,562,58,504,0,Wake,2022-06-21
68,702,73,629,0,Wake,2022-06-03
73,795,74,721,0,Wake,2022-06-02
80,880,71,809,0,Wake,2022-05-25
82,1108,118,990,0,Wake,2022-05-18
82,1060,94,966,0,Wake,2022-05-23
87,1231,113,1118,0,Wake,2022-05-31
90,1046,119,927,0,Wake,2022-05-24
,0,0,0,0,Warren,2022-02-26
,0,0,0,0,Warren,2022-03-03
,0,0,0,0,Warren,2022-03-06
,0,0,0,0,Warren,2022-03-10
,0,0,0,0,Warren,2022-03-11
,0,0,0,0,Warren,2022-03-12
,0,0,0,0,Warren,2022-03-13
,0,0,0,0,Warren,2022-03-15
,0,0,0,0,Warren,2022-03-17
,0,0,0,0,Warren,2022-03-18
,0,0,0,0,Warren,2022-03-19
,0,0,0,0,Warren,2022-03-20
,0,0,0,0,Warren,2022-03-21
,0,0,0,0,Warren,2022-03-24
,0,0,0,0,Warren,2022-03-26
,0,0,0,0,Warren,2022-03-27
,0,0,0,0,Warren,2022-03-28
,0,0,0,0,Warren,2022-03-29
,0,0,0,0,Warren,2022-03-30
,0,0,0,0,Warren,2022-03-31
,0,0,0,0,Warren,2022-04-01
,0,0,0,0,Warren,2022-04-02
,0,0,0,0,Warren,2022-04-03
,0,0,0,0,Warren,2022-04-07
,0,0,0,0,Warren,2022-04-09
,0,0,0,0,Warren,2022-04-10
,0,0,0,0,Warren,2022-04-15
,0,0,0,0,Warren,2022-04-17
,0,0,0,0,Warren,2022-04-20
,0,0,0,0,Warren,2022-04-24
,0,0,0,0,Warren,2022-04-29
,0,0,0,0,Warren,2022-05-20
0,4,1,3,0,Warren,2022-01-16
0,25,5,20,0,Warren,2022-01-31
0,23,2,21,0,Warren,2022-02-01
0,6,0,6,0,Warren,2022-02-08
0,6,1,5,0,Warren,2022-02-09
0,7,3,4,0,Warren,2022-02-10
0,12,1,11,0,Warren,2022-02-14
0,6,3,3,0,Warren,2022-02-15
0,4,0,4,0,Warren,2022-02-16
0,1,0,1,0,Warren,2022-02-18
0,1,0,1,0,Warren,2022-02-19
0,4,1,3,0,Warren,2022-02-21
0,3,1,2,0,Warren,2022-02-22
0,2,0,2,0,Warren,2022-02-23
0,4,1,3,0,Warren,2022-02-24
0,1,0,1,0,Warren,2022-02-25
0,1,0,1,0,Warren,2022-02-27
0,2,0,2,0,Warren,2022-03-02
0,1,0,1,0,Warren,2022-03-04
0,2,1,1,0,Warren,2022-03-08
0,1,1,0,0,Warren,2022-03-09
0,1,0,1,0,Warren,2022-03-16
0,1,0,1,0,Warren,2022-03-22
0,1,1,0,0,Warren,2022-03-23
0,3,0,3,0,Warren,2022-03-25
0,2,0,2,0,Warren,2022-04-04
0,3,0,3,0,Warren,2022-04-05
0,2,0,2,0,Warren,2022-04-06
0,2,0,2,0,Warren,2022-04-11
0,1,1,0,0,Warren,2022-04-13
0,2,0,2,0,Warren,2022-04-14
0,1,0,1,0,Warren,2022-04-16
0,1,0,1,0,Warren,2022-04-18
0,3,2,1,0,Warren,2022-04-21
0,2,0,2,0,Warren,2022-04-23
0,5,0,5,0,Warren,2022-04-25
0,3,0,3,0,Warren,2022-04-26
0,3,0,3,0,Warren,2022-04-27
0,1,0,1,0,Warren,2022-04-28
0,2,0,2,0,Warren,2022-04-30
0,1,0,1,0,Warren,2022-05-01
0,4,2,2,0,Warren,2022-05-02
0,5,3,2,0,Warren,2022-05-03
0,5,1,4,0,Warren,2022-05-04
0,3,1,2,0,Warren,2022-05-07
0,2,1,1,0,Warren,2022-05-11
0,2,0,2,0,Warren,2022-05-14
0,1,0,1,0,Warren,2022-05-15
0,13,4,9,0,Warren,2022-05-16
0,7,4,3,0,Warren,2022-05-19
0,2,0,2,0,Warren,2022-05-24
0,7,2,5,0,Warren,2022-05-25
0,10,2,8,0,Warren,2022-05-28
0,4,3,1,0,Warren,2022-05-30
0,12,3,9,0,Warren,2022-06-02
0,4,1,3,0,Warren,2022-06-05
0,6,2,4,0,Warren,2022-06-06
0,4,1,3,0,Warren,2022-06-09
0,4,1,3,0,Warren,2022-06-10
0,3,0,3,0,Warren,2022-06-11
0,1,0,1,0,Warren,2022-06-12
0,3,1,2,0,Warren,2022-06-14
0,7,1,6,0,Warren,2022-06-15
0,6,1,5,0,Warren,2022-06-21
0,2,1,1,0,Warren,2022-06-24
0,8,2,6,0,Warren,2022-06-28
0,7,4,3,0,Warren,2022-06-29
0,11,3,8,0,Warren,2022-06-30
0,2,1,1,0,Warren,2022-07-02
1,14,1,13,0,Warren,2022-01-09
1,10,3,7,0,Warren,2022-01-21
1,16,2,14,0,Warren,2022-02-02
1,14,3,11,0,Warren,2022-02-03
1,12,3,9,0,Warren,2022-02-04
1,4,1,3,0,Warren,2022-02-05
1,6,0,6,0,Warren,2022-02-06
1,11,3,8,0,Warren,2022-02-07
1,6,0,6,0,Warren,2022-02-11
1,2,1,1,0,Warren,2022-02-20
1,1,0,1,0,Warren,2022-02-28
1,1,0,1,0,Warren,2022-03-01
1,1,1,0,0,Warren,2022-03-05
1,1,0,1,0,Warren,2022-04-12
1,2,0,2,0,Warren,2022-04-19
1,4,3,1,0,Warren,2022-04-22
1,6,1,5,0,Warren,2022-05-05
1,9,1,8,0,Warren,2022-05-06
1,2,0,2,0,Warren,2022-05-08
1,9,1,8,0,Warren,2022-05-09
1,4,0,4,0,Warren,2022-05-10
1,7,2,5,0,Warren,2022-05-17
1,7,2,5,0,Warren,2022-05-18
1,4,1,3,0,Warren,2022-05-21
1,3,0,3,0,Warren,2022-05-22
1,11,0,11,0,Warren,2022-05-23
1,5,1,4,0,Warren,2022-05-27
1,1,0,1,0,Warren,2022-05-29
1,7,1,6,0,Warren,2022-05-31
1,3,1,2,0,Warren,2022-06-04
1,3,0,3,0,Warren,2022-06-16
1,4,3,1,0,Warren,2022-06-18
1,3,1,2,0,Warren,2022-06-19
1,5,1,4,0,Warren,2022-06-20
1,3,1,2,0,Warren,2022-06-22
1,13,1,12,0,Warren,2022-06-23
1,2,0,2,0,Warren,2022-06-25
1,3,1,2,0,Warren,2022-06-26
2,11,2,9,0,Warren,2022-01-25
2,10,0,10,0,Warren,2022-01-29
2,17,5,12,0,Warren,2022-01-30
2,5,0,5,0,Warren,2022-02-17
2,2,0,2,0,Warren,2022-03-14
2,7,0,7,0,Warren,2022-05-12
2,6,3,3,0,Warren,2022-05-13
2,15,2,13,0,Warren,2022-05-26
2,6,1,5,0,Warren,2022-06-07
2,6,0,6,0,Warren,2022-06-17
2,8,2,6,0,Warren,2022-06-27
2,11,10,1,0,Warren,2022-07-01
3,38,8,30,0,Warren,2022-01-13
3,50,4,46,0,Warren,2022-01-14
3,7,2,5,0,Warren,2022-01-22
3,19,2,17,0,Warren,2022-01-26
3,15,1,14,0,Warren,2022-06-01
4,24,7,17,0,Warren,2022-01-17
4,66,7,59,0,Warren,2022-01-24
5,67,11,56,0,Warren,2022-01-05
5,15,1,14,0,Warren,2022-06-08
7,62,13,49,0,Warren,2022-01-07
,0,0,0,0,Washington,2022-02-23
,0,0,0,0,Washington,2022-02-26
,0,0,0,0,Washington,2022-03-03
,0,0,0,0,Washington,2022-03-05
,0,0,0,0,Washington,2022-03-10
,0,0,0,0,Washington,2022-03-11
,0,0,0,0,Washington,2022-03-12
,0,0,0,0,Washington,2022-03-13
,0,0,0,0,Washington,2022-03-16
,0,0,0,0,Washington,2022-03-17
,0,0,0,0,Washington,2022-03-18
,0,0,0,0,Washington,2022-03-19
,0,0,0,0,Washington,2022-03-20
,0,0,0,0,Washington,2022-03-21
,0,0,0,0,Washington,2022-03-22
,0,0,0,0,Washington,2022-03-24
,0,0,0,0,Washington,2022-03-25
,0,0,0,0,Washington,2022-03-26
,0,0,0,0,Washington,2022-03-28
,0,0,0,0,Washington,2022-03-30
,0,0,0,0,Washington,2022-03-31
,0,0,0,0,Washington,2022-04-02
,0,0,0,0,Washington,2022-04-04
,0,0,0,0,Washington,2022-04-06
,0,0,0,0,Washington,2022-04-07
,0,0,0,0,Washington,2022-04-09
,0,0,0,0,Washington,2022-04-10
,0,0,0,0,Washington,2022-04-11
,0,0,0,0,Washington,2022-04-12
,0,0,0,0,Washington,2022-04-13
,0,0,0,0,Washington,2022-04-14
,0,0,0,0,Washington,2022-04-15
,0,0,0,0,Washington,2022-04-16
,0,0,0,0,Washington,2022-04-21
,0,0,0,0,Washington,2022-04-22
,0,0,0,0,Washington,2022-04-23
,0,0,0,0,Washington,2022-04-24
,0,0,0,0,Washington,2022-04-29
,0,0,0,0,Washington,2022-05-01
,0,0,0,0,Washington,2022-05-03
,0,0,0,0,Washington,2022-05-04
,0,0,0,0,Washington,2022-05-05
,0,0,0,0,Washington,2022-05-06
,0,0,0,0,Washington,2022-05-07
,0,0,0,0,Washington,2022-05-08
,0,0,0,0,Washington,2022-05-11
,0,0,0,0,Washington,2022-05-18
,0,0,0,0,Washington,2022-05-21
,0,0,0,0,Washington,2022-05-22
,0,0,0,0,Washington,2022-06-04
,0,0,0,0,Washington,2022-06-05
,0,0,0,0,Washington,2022-06-25
,0,0,0,0,Washington,2022-06-26
0,22,4,18,0,Washington,2022-01-08
0,4,3,1,0,Washington,2022-01-21
0,2,2,0,0,Washington,2022-01-22
0,9,3,6,0,Washington,2022-01-23
0,29,12,17,0,Washington,2022-01-26
0,5,2,3,0,Washington,2022-01-29
0,6,2,4,0,Washington,2022-01-30
0,17,5,12,0,Washington,2022-02-04
0,3,1,2,0,Washington,2022-02-09
0,2,0,2,0,Washington,2022-02-10
0,4,0,4,0,Washington,2022-02-12
0,1,0,1,0,Washington,2022-02-13
0,7,2,5,0,Washington,2022-02-14
0,6,4,2,0,Washington,2022-02-16
0,2,1,1,0,Washington,2022-02-17
0,2,1,1,0,Washington,2022-02-18
0,1,0,1,0,Washington,2022-02-20
0,3,0,3,0,Washington,2022-02-22
0,2,0,2,0,Washington,2022-02-24
0,1,1,0,0,Washington,2022-02-25
0,1,0,1,0,Washington,2022-02-27
0,2,0,2,0,Washington,2022-02-28
0,3,2,1,0,Washington,2022-03-02
0,1,0,1,0,Washington,2022-03-06
0,2,0,2,0,Washington,2022-03-08
0,1,0,1,0,Washington,2022-03-14
0,2,2,0,0,Washington,2022-03-15
0,1,0,1,0,Washington,2022-03-23
0,1,1,0,0,Washington,2022-03-29
0,3,1,2,0,Washington,2022-04-03
0,1,0,1,0,Washington,2022-04-05
0,1,1,0,0,Washington,2022-04-08
0,1,0,1,0,Washington,2022-04-17
0,1,0,1,0,Washington,2022-04-18
0,1,1,0,0,Washington,2022-04-19
0,2,1,1,0,Washington,2022-04-20
0,2,1,1,0,Washington,2022-04-25
0,3,0,3,0,Washington,2022-04-26
0,1,0,1,0,Washington,2022-04-27
0,3,1,2,0,Washington,2022-04-28
0,1,0,1,0,Washington,2022-04-30
0,1,1,0,0,Washington,2022-05-02
0,2,1,1,0,Washington,2022-05-09
0,4,1,3,0,Washington,2022-05-10
0,1,1,0,0,Washington,2022-05-12
0,3,1,2,0,Washington,2022-05-13
0,3,1,2,0,Washington,2022-05-15
0,2,0,2,0,Washington,2022-05-17
0,4,2,2,0,Washington,2022-05-19
0,1,0,1,0,Washington,2022-05-20
0,2,1,1,0,Washington,2022-05-24
0,1,0,1,0,Washington,2022-05-25
0,2,0,2,0,Washington,2022-05-26
0,1,1,0,0,Washington,2022-05-27
0,1,0,1,0,Washington,2022-05-29
0,1,0,1,0,Washington,2022-05-30
0,1,0,1,0,Washington,2022-05-31
0,3,0,3,0,Washington,2022-06-01
0,4,2,2,0,Washington,2022-06-02
0,4,1,3,0,Washington,2022-06-03
0,3,2,1,0,Washington,2022-06-10
0,1,0,1,0,Washington,2022-06-11
0,1,0,1,0,Washington,2022-06-12
0,4,1,3,0,Washington,2022-06-14
0,5,0,5,0,Washington,2022-06-17
0,2,1,1,0,Washington,2022-06-18
0,6,1,5,0,Washington,2022-06-19
0,2,1,1,0,Washington,2022-06-21
0,12,7,5,0,Washington,2022-06-22
0,5,0,5,0,Washington,2022-06-23
0,1,0,1,0,Washington,2022-06-29
0,3,2,1,0,Washington,2022-06-30
0,4,2,2,0,Washington,2022-07-02
1,12,2,10,0,Washington,2022-01-09
1,47,8,39,0,Washington,2022-01-25
1,13,4,9,0,Washington,2022-02-01
1,12,2,10,0,Washington,2022-02-08
1,2,0,2,0,Washington,2022-03-04
1,1,0,1,0,Washington,2022-03-07
1,1,0,1,0,Washington,2022-03-09
1,1,0,1,0,Washington,2022-03-27
1,1,0,1,0,Washington,2022-04-01
1,4,1,3,0,Washington,2022-05-14
1,3,1,2,0,Washington,2022-05-23
1,1,0,1,0,Washington,2022-05-28
1,4,0,4,0,Washington,2022-06-06
1,4,3,1,0,Washington,2022-06-07
1,7,2,5,0,Washington,2022-06-09
1,6,2,4,0,Washington,2022-06-13
1,5,1,4,0,Washington,2022-06-16
1,7,4,3,0,Washington,2022-06-20
1,10,5,5,0,Washington,2022-06-28
1,3,2,1,0,Washington,2022-07-01
2,38,2,36,0,Washington,2022-01-07
2,43,9,34,0,Washington,2022-01-11
2,7,0,7,0,Washington,2022-02-03
2,13,4,9,0,Washington,2022-02-07
2,9,6,3,0,Washington,2022-02-15
2,8,2,6,0,Washington,2022-06-08
2,6,3,3,0,Washington,2022-06-15
3,55,7,48,0,Washington,2022-01-14
4,56,5,51,0,Washington,2022-01-05
4,62,2,60,0,Washington,2022-01-10
4,6,5,1,0,Washington,2022-06-27
6,49,11,38,0,Washington,2022-01-13
8,69,6,63,0,Washington,2022-01-18
,0,0,0,0,Watauga,2022-03-12
,0,0,0,0,Watauga,2022-03-27
,0,0,0,0,Watauga,2022-04-02
0,27,9,18,0,Watauga,2022-01-15
0,19,9,10,0,Watauga,2022-01-29
0,29,11,18,0,Watauga,2022-02-11
0,6,0,6,0,Watauga,2022-02-19
0,3,0,3,0,Watauga,2022-02-20
0,15,1,14,0,Watauga,2022-02-24
0,5,0,5,0,Watauga,2022-02-26
0,1,1,0,0,Watauga,2022-02-27
0,11,6,5,0,Watauga,2022-02-28
0,4,2,2,0,Watauga,2022-03-05
0,2,0,2,0,Watauga,2022-03-07
0,2,1,1,0,Watauga,2022-03-08
0,3,1,2,0,Watauga,2022-03-09
0,1,0,1,0,Watauga,2022-03-16
0,1,0,1,0,Watauga,2022-03-19
0,1,1,0,0,Watauga,2022-03-20
0,3,2,1,0,Watauga,2022-03-21
0,3,1,2,0,Watauga,2022-03-24
0,2,0,2,0,Watauga,2022-03-26
0,1,1,0,0,Watauga,2022-03-31
0,1,0,1,0,Watauga,2022-04-01
0,2,0,2,0,Watauga,2022-04-03
0,4,2,2,0,Watauga,2022-04-06
0,6,1,5,0,Watauga,2022-04-09
0,1,0,1,0,Watauga,2022-04-10
0,16,5,11,0,Watauga,2022-04-12
0,11,4,7,0,Watauga,2022-04-13
0,14,5,9,0,Watauga,2022-04-14
0,4,4,0,0,Watauga,2022-04-15
0,6,1,5,0,Watauga,2022-04-16
0,13,4,9,0,Watauga,2022-04-19
0,9,3,6,0,Watauga,2022-04-20
0,3,1,2,0,Watauga,2022-04-24
0,10,0,10,0,Watauga,2022-04-28
0,5,1,4,0,Watauga,2022-05-01
0,7,4,3,0,Watauga,2022-05-07
0,4,3,1,0,Watauga,2022-05-08
0,9,2,7,0,Watauga,2022-05-10
0,8,2,6,0,Watauga,2022-05-11
0,14,3,11,0,Watauga,2022-05-12
0,15,6,9,0,Watauga,2022-05-26
0,7,1,6,0,Watauga,2022-05-29
0,9,3,6,0,Watauga,2022-05-30
0,10,0,10,0,Watauga,2022-06-05
0,10,3,7,0,Watauga,2022-06-06
0,7,1,6,0,Watauga,2022-06-16
0,8,1,7,0,Watauga,2022-06-17
0,11,1,10,0,Watauga,2022-06-21
0,9,1,8,0,Watauga,2022-06-23
0,8,1,7,0,Watauga,2022-06-28
0,14,8,6,0,Watauga,2022-07-01
0,1,1,0,0,Watauga,2022-07-02
1,13,6,7,0,Watauga,2022-01-17
1,18,8,10,0,Watauga,2022-02-05
1,13,3,10,0,Watauga,2022-02-06
1,7,2,5,0,Watauga,2022-02-13
1,18,7,11,0,Watauga,2022-02-18
1,9,4,5,0,Watauga,2022-03-02
1,13,2,11,0,Watauga,2022-03-03
1,4,0,4,0,Watauga,2022-03-10
1,4,1,3,0,Watauga,2022-03-11
1,6,2,4,0,Watauga,2022-03-14
1,2,1,1,0,Watauga,2022-03-15
1,2,0,2,0,Watauga,2022-03-17
1,3,1,2,0,Watauga,2022-03-18
1,3,0,3,0,Watauga,2022-03-22
1,1,0,1,0,Watauga,2022-03-29
1,6,1,5,0,Watauga,2022-04-04
1,12,6,6,0,Watauga,2022-04-05
1,9,7,2,0,Watauga,2022-04-07
1,7,4,3,0,Watauga,2022-04-08
1,2,0,2,0,Watauga,2022-04-17
1,14,5,9,0,Watauga,2022-04-18
1,13,5,8,0,Watauga,2022-04-22
1,2,0,2,0,Watauga,2022-04-23
1,13,2,11,0,Watauga,2022-04-26
1,13,3,10,0,Watauga,2022-04-27
1,18,5,13,0,Watauga,2022-04-29
1,21,10,11,0,Watauga,2022-05-03
1,15,1,14,0,Watauga,2022-05-04
1,17,9,8,0,Watauga,2022-05-09
1,5,1,4,0,Watauga,2022-05-15
1,25,15,10,0,Watauga,2022-05-16
1,17,7,10,0,Watauga,2022-05-20
1,11,1,10,0,Watauga,2022-05-21
1,16,4,12,0,Watauga,2022-05-23
1,10,4,6,0,Watauga,2022-05-28
1,17,6,11,0,Watauga,2022-05-31
1,19,5,14,0,Watauga,2022-06-01
1,21,2,19,0,Watauga,2022-06-02
1,8,3,5,0,Watauga,2022-06-04
1,12,2,10,0,Watauga,2022-06-08
1,15,1,14,0,Watauga,2022-06-09
1,12,2,10,0,Watauga,2022-06-10
1,8,1,7,0,Watauga,2022-06-11
1,9,2,7,0,Watauga,2022-06-14
1,13,4,9,0,Watauga,2022-06-15
1,8,3,5,0,Watauga,2022-06-19
1,17,7,10,0,Watauga,2022-06-20
1,6,4,2,0,Watauga,2022-06-25
1,21,7,14,0,Watauga,2022-06-27
1,12,2,10,0,Watauga,2022-06-29
2,8,4,4,0,Watauga,2022-02-12
2,20,7,13,0,Watauga,2022-02-22
2,8,2,6,0,Watauga,2022-03-23
2,3,0,3,0,Watauga,2022-03-30
2,9,0,9,0,Watauga,2022-04-21
2,16,5,11,0,Watauga,2022-04-25
2,7,2,5,0,Watauga,2022-04-30
2,23,11,12,0,Watauga,2022-05-02
2,12,1,11,0,Watauga,2022-05-05
2,7,2,5,0,Watauga,2022-05-06
2,10,3,7,0,Watauga,2022-05-13
2,14,7,7,0,Watauga,2022-05-18
2,8,1,7,0,Watauga,2022-05-22
2,8,6,2,0,Watauga,2022-05-24
2,18,12,6,0,Watauga,2022-05-25
2,20,8,12,0,Watauga,2022-05-27
2,5,0,5,0,Watauga,2022-06-12
2,14,3,11,0,Watauga,2022-06-13
2,5,2,3,0,Watauga,2022-06-18
2,10,3,7,0,Watauga,2022-06-24
2,6,1,5,0,Watauga,2022-06-30
3,34,6,28,0,Watauga,2022-01-08
3,34,6,28,0,Watauga,2022-01-09
3,29,10,19,0,Watauga,2022-01-30
3,44,26,18,0,Watauga,2022-02-14
3,22,6,16,0,Watauga,2022-02-16
3,20,5,15,0,Watauga,2022-02-17
3,16,8,8,0,Watauga,2022-04-11
3,14,4,10,0,Watauga,2022-05-14
3,16,10,6,0,Watauga,2022-05-17
3,14,7,7,0,Watauga,2022-06-22
3,6,0,6,0,Watauga,2022-06-26
4,18,7,11,0,Watauga,2022-05-19
4,20,12,8,0,Watauga,2022-06-03
4,22,7,15,0,Watauga,2022-06-07
6,49,24,25,0,Watauga,2022-02-04
7,116,43,73,0,Watauga,2022-01-14
8,83,50,33,0,Watauga,2022-01-18
8,52,26,26,0,Watauga,2022-02-08
9,112,57,55,0,Watauga,2022-01-26
10,112,46,66,0,Watauga,2022-02-01
11,113,54,59,0,Watauga,2022-01-31
12,133,33,100,0,Watauga,2022-01-06
12,117,37,80,0,Watauga,2022-01-27
13,211,73,138,0,Watauga,2022-01-25
15,200,79,121,0,Watauga,2022-01-10
16,188,51,137,0,Watauga,2022-01-04
17,170,48,122,0,Watauga,2022-01-05
29,205,59,146,0,Watauga,2022-01-20
,0,0,0,0,Wayne,2022-03-26
0,16,5,11,0,Wayne,2022-02-23
0,15,6,9,0,Wayne,2022-02-25
0,3,0,3,0,Wayne,2022-02-26
0,3,0,3,0,Wayne,2022-02-27
0,11,5,6,0,Wayne,2022-03-01
0,5,0,5,0,Wayne,2022-03-05
0,12,3,9,0,Wayne,2022-03-08
0,4,3,1,0,Wayne,2022-03-11
0,1,1,0,0,Wayne,2022-03-13
0,1,0,1,0,Wayne,2022-03-20
0,5,0,5,0,Wayne,2022-03-22
0,4,3,1,0,Wayne,2022-03-23
0,9,5,4,0,Wayne,2022-03-28
0,2,1,1,0,Wayne,2022-03-29
0,3,1,2,0,Wayne,2022-03-31
0,2,0,2,0,Wayne,2022-04-01
0,1,0,1,0,Wayne,2022-04-05
0,3,2,1,0,Wayne,2022-04-06
0,1,1,0,0,Wayne,2022-04-09
0,8,1,7,0,Wayne,2022-04-12
0,9,6,3,0,Wayne,2022-04-14
0,4,0,4,0,Wayne,2022-04-15
0,1,0,1,0,Wayne,2022-04-17
0,9,4,5,0,Wayne,2022-04-19
0,6,1,5,0,Wayne,2022-05-01
0,21,11,10,0,Wayne,2022-05-12
0,29,18,11,0,Wayne,2022-05-16
0,25,13,12,0,Wayne,2022-05-17
0,12,5,7,0,Wayne,2022-05-29
0,18,9,9,0,Wayne,2022-05-30
0,8,1,7,0,Wayne,2022-07-02
1,28,13,15,0,Wayne,2022-02-18
1,10,2,8,0,Wayne,2022-02-19
1,8,7,1,0,Wayne,2022-03-16
1,3,1,2,0,Wayne,2022-03-18
1,2,2,0,0,Wayne,2022-03-24
1,9,3,6,0,Wayne,2022-03-30
1,6,2,4,0,Wayne,2022-04-02
1,3,0,3,0,Wayne,2022-04-03
1,7,4,3,0,Wayne,2022-04-04
1,4,1,3,0,Wayne,2022-04-07
1,7,4,3,0,Wayne,2022-04-08
1,13,8,5,0,Wayne,2022-04-11
1,5,2,3,0,Wayne,2022-04-13
1,5,2,3,0,Wayne,2022-04-16
1,12,2,10,0,Wayne,2022-04-21
1,7,3,4,0,Wayne,2022-04-29
1,5,3,2,0,Wayne,2022-04-30
1,13,9,4,0,Wayne,2022-05-06
1,13,4,9,0,Wayne,2022-05-14
1,11,2,9,0,Wayne,2022-05-15
1,23,10,13,0,Wayne,2022-05-20
1,11,5,6,0,Wayne,2022-05-21
1,13,3,10,0,Wayne,2022-05-28
1,12,8,4,0,Wayne,2022-06-04
1,17,6,11,0,Wayne,2022-06-05
1,15,6,9,0,Wayne,2022-06-11
1,34,18,16,0,Wayne,2022-06-16
1,15,4,11,0,Wayne,2022-06-18
2,41,5,36,0,Wayne,2022-01-22
2,13,2,11,0,Wayne,2022-02-12
2,7,4,3,0,Wayne,2022-03-03
2,10,6,4,0,Wayne,2022-04-23
2,6,4,2,0,Wayne,2022-04-28
2,11,5,6,0,Wayne,2022-05-07
2,19,12,7,0,Wayne,2022-05-09
2,17,12,5,0,Wayne,2022-05-11
2,28,17,11,0,Wayne,2022-05-18
2,37,27,10,0,Wayne,2022-05-26
2,22,5,17,0,Wayne,2022-06-19
2,13,4,9,0,Wayne,2022-06-26
3,15,4,11,0,Wayne,2022-02-13
3,9,7,2,0,Wayne,2022-03-14
3,9,3,6,0,Wayne,2022-04-18
3,7,3,4,0,Wayne,2022-04-22
3,16,11,5,0,Wayne,2022-04-26
3,14,8,6,0,Wayne,2022-05-03
3,22,13,9,0,Wayne,2022-05-04
3,29,21,8,0,Wayne,2022-06-03
3,54,26,28,0,Wayne,2022-06-09
3,42,17,25,0,Wayne,2022-06-23
4,44,20,24,0,Wayne,2022-02-17
4,14,4,10,0,Wayne,2022-04-20
4,19,10,9,0,Wayne,2022-05-13
4,39,24,15,0,Wayne,2022-05-19
4,17,9,8,0,Wayne,2022-05-22
4,35,23,12,0,Wayne,2022-06-02
4,38,28,10,0,Wayne,2022-06-06
4,27,14,13,0,Wayne,2022-06-10
4,10,2,8,0,Wayne,2022-06-12
4,36,14,22,0,Wayne,2022-06-15
4,47,16,31,0,Wayne,2022-06-17
4,35,20,15,0,Wayne,2022-06-21
5,24,15,9,0,Wayne,2022-05-10
5,40,22,18,0,Wayne,2022-05-23
5,45,30,15,0,Wayne,2022-05-24
5,36,11,25,0,Wayne,2022-06-25
6,37,20,17,0,Wayne,2022-06-07
6,51,33,18,0,Wayne,2022-06-13
6,28,12,16,0,Wayne,2022-06-14
6,49,24,25,0,Wayne,2022-06-22
7,78,43,35,0,Wayne,2022-02-08
7,31,20,11,0,Wayne,2022-05-02
7,29,20,9,0,Wayne,2022-05-25
8,51,30,21,0,Wayne,2022-06-08
8,48,20,28,0,Wayne,2022-06-20
9,42,28,14,0,Wayne,2022-05-27
9,47,31,16,0,Wayne,2022-06-01
10,52,38,14,0,Wayne,2022-05-31
10,38,11,27,0,Wayne,2022-07-01
12,185,71,114,0,Wayne,2022-01-27
12,61,30,31,0,Wayne,2022-06-30
13,49,28,21,0,Wayne,2022-05-05
14,85,50,35,0,Wayne,2022-06-27
15,71,39,32,0,Wayne,2022-06-29
17,85,56,29,0,Wayne,2022-06-28
29,218,107,111,0,Wayne,2022-01-26
31,428,232,196,0,Wayne,2022-01-06
32,352,189,163,0,Wayne,2022-01-07
38,424,210,214,0,Wayne,2022-01-04
49,702,322,380,0,Wayne,2022-01-10
,0,0,0,0,Wilkes,2022-03-19
,0,0,0,0,Wilkes,2022-03-26
,0,0,0,0,Wilkes,2022-03-27
,0,0,0,0,Wilkes,2022-03-29
,0,0,0,0,Wilkes,2022-04-05
,0,0,0,0,Wilkes,2022-04-16
,0,0,0,0,Wilkes,2022-04-17
0,14,6,8,0,Wilkes,2022-02-24
0,8,3,5,0,Wilkes,2022-03-03
0,11,5,6,0,Wilkes,2022-03-04
0,4,0,4,0,Wilkes,2022-03-05
0,2,1,1,0,Wilkes,2022-03-06
0,6,1,5,0,Wilkes,2022-03-08
0,3,1,2,0,Wilkes,2022-03-11
0,3,2,1,0,Wilkes,2022-03-12
0,2,0,2,0,Wilkes,2022-03-17
0,2,1,1,0,Wilkes,2022-03-18
0,1,0,1,0,Wilkes,2022-03-20
0,2,2,0,0,Wilkes,2022-03-21
0,1,0,1,0,Wilkes,2022-03-22
0,2,0,2,0,Wilkes,2022-03-24
0,1,0,1,0,Wilkes,2022-03-30
0,1,0,1,0,Wilkes,2022-03-31
0,1,0,1,0,Wilkes,2022-04-01
0,1,0,1,0,Wilkes,2022-04-02
0,1,0,1,0,Wilkes,2022-04-03
0,3,1,2,0,Wilkes,2022-04-04
0,2,1,1,0,Wilkes,2022-04-06
0,2,0,2,0,Wilkes,2022-04-07
0,5,1,4,0,Wilkes,2022-04-08
0,1,0,1,0,Wilkes,2022-04-09
0,1,1,0,0,Wilkes,2022-04-10
0,1,0,1,0,Wilkes,2022-04-11
0,5,2,3,0,Wilkes,2022-04-12
0,5,1,4,0,Wilkes,2022-04-18
0,2,0,2,0,Wilkes,2022-04-19
0,4,0,4,0,Wilkes,2022-04-20
0,6,3,3,0,Wilkes,2022-04-21
0,5,2,3,0,Wilkes,2022-04-22
0,4,2,2,0,Wilkes,2022-04-24
0,2,2,0,0,Wilkes,2022-04-28
0,8,5,3,0,Wilkes,2022-04-29
0,4,1,3,0,Wilkes,2022-04-30
0,9,3,6,0,Wilkes,2022-05-07
0,4,1,3,0,Wilkes,2022-05-08
0,18,9,9,0,Wilkes,2022-05-09
0,10,4,6,0,Wilkes,2022-05-24
0,9,4,5,0,Wilkes,2022-06-11
0,9,6,3,0,Wilkes,2022-06-12
1,15,9,6,0,Wilkes,2022-02-20
1,4,2,2,0,Wilkes,2022-02-26
1,3,0,3,0,Wilkes,2022-03-13
1,8,2,6,0,Wilkes,2022-03-14
1,1,0,1,0,Wilkes,2022-03-23
1,2,1,1,0,Wilkes,2022-03-28
1,1,1,0,0,Wilkes,2022-04-14
1,4,2,2,0,Wilkes,2022-04-23
1,5,4,1,0,Wilkes,2022-04-26
1,2,2,0,0,Wilkes,2022-04-27
1,3,3,0,0,Wilkes,2022-05-01
1,8,3,5,0,Wilkes,2022-05-02
1,16,5,11,0,Wilkes,2022-05-04
1,12,2,10,0,Wilkes,2022-05-05
1,15,11,4,0,Wilkes,2022-05-06
1,8,4,4,0,Wilkes,2022-05-10
1,17,8,9,0,Wilkes,2022-05-14
1,14,6,8,0,Wilkes,2022-05-15
1,15,4,11,0,Wilkes,2022-05-16
1,23,15,8,0,Wilkes,2022-05-25
1,21,10,11,0,Wilkes,2022-06-22
2,38,15,23,0,Wilkes,2022-02-05
2,22,10,12,0,Wilkes,2022-02-13
2,30,12,18,0,Wilkes,2022-02-18
2,20,9,11,0,Wilkes,2022-02-19
2,22,7,15,0,Wilkes,2022-02-21
2,29,9,20,0,Wilkes,2022-02-25
2,8,5,3,0,Wilkes,2022-02-27
2,4,0,4,0,Wilkes,2022-04-25
2,9,2,7,0,Wilkes,2022-05-12
2,14,7,7,0,Wilkes,2022-05-13
2,17,5,12,0,Wilkes,2022-05-19
2,18,12,6,0,Wilkes,2022-05-20
2,11,8,3,0,Wilkes,2022-05-21
2,15,11,4,0,Wilkes,2022-05-22
2,29,8,21,0,Wilkes,2022-05-26
2,23,8,15,0,Wilkes,2022-05-28
2,15,5,10,0,Wilkes,2022-06-03
2,13,7,6,0,Wilkes,2022-06-05
2,10,7,3,0,Wilkes,2022-06-19
2,23,12,11,0,Wilkes,2022-06-20
2,30,10,20,0,Wilkes,2022-06-30
2,8,5,3,0,Wilkes,2022-07-02
3,9,1,8,0,Wilkes,2022-03-01
3,18,7,11,0,Wilkes,2022-03-02
3,15,8,7,0,Wilkes,2022-05-11
3,19,13,6,0,Wilkes,2022-05-27
3,19,11,8,0,Wilkes,2022-06-14
3,22,15,7,0,Wilkes,2022-06-17
3,14,11,3,0,Wilkes,2022-06-25
4,38,13,25,0,Wilkes,2022-02-22
4,24,13,11,0,Wilkes,2022-05-18
4,20,13,7,0,Wilkes,2022-05-30
4,23,16,7,0,Wilkes,2022-06-01
4,18,14,4,0,Wilkes,2022-06-04
4,14,6,8,0,Wilkes,2022-06-09
4,18,11,7,0,Wilkes,2022-06-16
4,31,16,15,0,Wilkes,2022-07-01
5,23,10,13,0,Wilkes,2022-06-08
5,31,15,16,0,Wilkes,2022-06-21
5,27,22,5,0,Wilkes,2022-06-26
5,37,25,12,0,Wilkes,2022-06-29
6,74,20,54,0,Wilkes,2022-02-02
6,53,22,31,0,Wilkes,2022-02-10
6,50,25,25,0,Wilkes,2022-05-23
6,22,14,8,0,Wilkes,2022-05-29
6,35,21,14,0,Wilkes,2022-06-02
6,33,19,14,0,Wilkes,2022-06-28
7,40,29,11,0,Wilkes,2022-06-27
8,66,26,40,0,Wilkes,2022-02-14
8,30,15,15,0,Wilkes,2022-06-07
10,182,72,110,0,Wilkes,2022-01-13
10,28,18,10,0,Wilkes,2022-06-13
11,31,21,10,0,Wilkes,2022-06-23
12,157,44,113,0,Wilkes,2022-01-06
12,110,45,65,0,Wilkes,2022-01-07
14,161,51,110,0,Wilkes,2022-01-05
22,244,97,147,0,Wilkes,2022-01-10
25,173,72,101,0,Wilkes,2022-01-14
,0,0,0,0,Wilson,2022-03-22
,0,0,0,0,Wilson,2022-03-24
,0,0,0,0,Wilson,2022-03-26
,0,0,0,0,Wilson,2022-03-27
,0,0,0,0,Wilson,2022-04-03
,0,0,0,0,Wilson,2022-04-04
0,23,0,23,0,Wilson,2022-01-22
0,9,0,9,0,Wilson,2022-02-23
0,3,1,2,0,Wilson,2022-02-27
0,8,2,6,0,Wilson,2022-02-28
0,2,0,2,0,Wilson,2022-03-03
0,3,1,2,0,Wilson,2022-03-06
0,3,0,3,0,Wilson,2022-03-08
0,3,0,3,0,Wilson,2022-03-11
0,3,0,3,0,Wilson,2022-03-12
0,5,0,5,0,Wilson,2022-03-14
0,1,0,1,0,Wilson,2022-03-15
0,1,1,0,0,Wilson,2022-03-18
0,2,1,1,0,Wilson,2022-03-21
0,5,1,4,0,Wilson,2022-03-23
0,1,0,1,0,Wilson,2022-03-25
0,3,3,0,0,Wilson,2022-03-30
0,4,2,2,0,Wilson,2022-03-31
0,2,0,2,0,Wilson,2022-04-01
0,2,0,2,0,Wilson,2022-04-02
0,1,0,1,0,Wilson,2022-04-06
0,5,2,3,0,Wilson,2022-04-07
0,5,0,5,0,Wilson,2022-04-08
0,2,0,2,0,Wilson,2022-04-09
0,5,2,3,0,Wilson,2022-04-15
0,1,0,1,0,Wilson,2022-04-16
0,1,1,0,0,Wilson,2022-04-17
0,4,4,0,0,Wilson,2022-04-18
0,4,0,4,0,Wilson,2022-04-22
0,3,2,1,0,Wilson,2022-04-24
0,10,3,7,0,Wilson,2022-04-25
0,4,3,1,0,Wilson,2022-04-28
0,3,2,1,0,Wilson,2022-04-30
0,14,5,9,0,Wilson,2022-05-04
0,11,4,7,0,Wilson,2022-05-06
0,7,1,6,0,Wilson,2022-05-07
0,16,6,10,0,Wilson,2022-05-24
0,7,4,3,0,Wilson,2022-05-28
0,7,2,5,0,Wilson,2022-06-04
0,7,3,4,0,Wilson,2022-06-05
0,6,4,2,0,Wilson,2022-06-18
1,35,6,29,0,Wilson,2022-01-29
1,43,10,33,0,Wilson,2022-02-04
1,8,0,8,0,Wilson,2022-02-12
1,15,6,9,0,Wilson,2022-02-16
1,20,7,13,0,Wilson,2022-02-17
1,10,3,7,0,Wilson,2022-02-20
1,16,4,12,0,Wilson,2022-02-22
1,6,2,4,0,Wilson,2022-03-01
1,8,2,6,0,Wilson,2022-03-02
1,4,2,2,0,Wilson,2022-03-09
1,6,3,3,0,Wilson,2022-03-10
1,1,0,1,0,Wilson,2022-03-16
1,7,3,4,0,Wilson,2022-03-29
1,6,2,4,0,Wilson,2022-04-10
1,6,1,5,0,Wilson,2022-04-11
1,7,6,1,0,Wilson,2022-04-13
1,4,3,1,0,Wilson,2022-04-14
1,7,1,6,0,Wilson,2022-04-19
1,10,3,7,0,Wilson,2022-04-20
1,4,1,3,0,Wilson,2022-04-23
1,14,4,10,0,Wilson,2022-04-27
1,7,4,3,0,Wilson,2022-04-29
1,14,5,9,0,Wilson,2022-05-02
1,6,2,4,0,Wilson,2022-05-08
1,21,12,9,0,Wilson,2022-05-10
1,19,9,10,0,Wilson,2022-05-12
1,17,11,6,0,Wilson,2022-05-13
1,14,4,10,0,Wilson,2022-05-14
1,21,9,12,0,Wilson,2022-05-19
1,13,5,8,0,Wilson,2022-05-22
1,16,5,11,0,Wilson,2022-05-27
1,12,7,5,0,Wilson,2022-06-08
1,14,2,12,0,Wilson,2022-06-10
1,26,11,15,0,Wilson,2022-06-21
1,25,14,11,0,Wilson,2022-06-24
1,10,4,6,0,Wilson,2022-06-26
2,7,2,5,0,Wilson,2022-03-17
2,9,5,4,0,Wilson,2022-04-12
2,7,3,4,0,Wilson,2022-05-01
2,23,10,13,0,Wilson,2022-05-26
2,10,5,5,0,Wilson,2022-05-30
2,6,2,4,0,Wilson,2022-06-11
2,13,6,7,0,Wilson,2022-06-12
2,25,10,15,0,Wilson,2022-06-28
2,7,2,5,0,Wilson,2022-07-02
3,21,5,16,0,Wilson,2022-01-30
3,28,12,16,0,Wilson,2022-02-09
3,8,3,5,0,Wilson,2022-04-21
3,12,8,4,0,Wilson,2022-04-26
3,10,4,6,0,Wilson,2022-05-05
3,31,13,18,0,Wilson,2022-05-17
3,31,5,26,0,Wilson,2022-05-18
3,27,10,17,0,Wilson,2022-05-20
3,28,11,17,0,Wilson,2022-05-25
3,38,15,23,0,Wilson,2022-05-31
3,24,11,13,0,Wilson,2022-06-09
3,17,8,9,0,Wilson,2022-06-19
3,14,2,12,0,Wilson,2022-06-25
4,62,7,55,0,Wilson,2022-01-08
4,13,5,8,0,Wilson,2022-05-03
4,31,14,17,0,Wilson,2022-05-16
4,41,19,22,0,Wilson,2022-06-13
4,30,10,20,0,Wilson,2022-06-16
4,25,7,18,0,Wilson,2022-06-30
5,30,19,11,0,Wilson,2022-05-09
5,28,16,12,0,Wilson,2022-05-11
5,24,7,17,0,Wilson,2022-06-02
5,25,5,20,0,Wilson,2022-07-01
6,37,15,22,0,Wilson,2022-02-08
6,26,14,12,0,Wilson,2022-06-01
6,29,7,22,0,Wilson,2022-06-15
6,24,11,13,0,Wilson,2022-06-17
6,37,22,15,0,Wilson,2022-06-20
6,37,18,19,0,Wilson,2022-06-27
7,28,11,17,0,Wilson,2022-06-14
7,31,13,18,0,Wilson,2022-06-29
9,32,14,18,0,Wilson,2022-06-23
10,82,11,71,0,Wilson,2022-02-01
11,34,9,25,0,Wilson,2022-06-22
28,241,87,154,0,Wilson,2022-01-17
32,337,61,276,0,Wilson,2022-01-04
,0,0,0,0,Yadkin,2022-03-11
,0,0,0,0,Yadkin,2022-03-12
,0,0,0,0,Yadkin,2022-03-18
,0,0,0,0,Yadkin,2022-03-19
,0,0,0,0,Yadkin,2022-03-20
,0,0,0,0,Yadkin,2022-03-24
,0,0,0,0,Yadkin,2022-03-26
,0,0,0,0,Yadkin,2022-03-27
,0,0,0,0,Yadkin,2022-04-02
,0,0,0,0,Yadkin,2022-04-03
,0,0,0,0,Yadkin,2022-04-11
,0,0,0,0,Yadkin,2022-04-12
0,23,6,17,0,Yadkin,2022-01-29
0,14,4,10,0,Yadkin,2022-02-12
0,27,11,16,0,Yadkin,2022-02-16
0,7,4,3,0,Yadkin,2022-02-19
0,10,3,7,0,Yadkin,2022-02-23
0,6,1,5,0,Yadkin,2022-02-24
0,6,3,3,0,Yadkin,2022-02-25
0,6,0,6,0,Yadkin,2022-02-28
0,7,2,5,0,Yadkin,2022-03-01
0,4,2,2,0,Yadkin,2022-03-04
0,1,0,1,0,Yadkin,2022-03-05
0,2,0,2,0,Yadkin,2022-03-06
0,4,0,4,0,Yadkin,2022-03-07
0,1,1,0,0,Yadkin,2022-03-17
0,4,3,1,0,Yadkin,2022-03-21
0,4,0,4,0,Yadkin,2022-03-23
0,1,1,0,0,Yadkin,2022-03-25
0,2,1,1,0,Yadkin,2022-03-28
0,2,0,2,0,Yadkin,2022-03-29
0,3,1,2,0,Yadkin,2022-03-30
0,1,1,0,0,Yadkin,2022-04-05
0,1,0,1,0,Yadkin,2022-04-07
0,2,1,1,0,Yadkin,2022-04-08
0,3,1,2,0,Yadkin,2022-04-09
0,1,0,1,0,Yadkin,2022-04-10
0,3,1,2,0,Yadkin,2022-04-13
0,3,0,3,0,Yadkin,2022-04-14
0,3,0,3,0,Yadkin,2022-04-16
0,3,2,1,0,Yadkin,2022-04-17
0,4,3,1,0,Yadkin,2022-04-18
0,1,0,1,0,Yadkin,2022-04-19
0,7,5,2,0,Yadkin,2022-04-20
0,4,2,2,0,Yadkin,2022-04-21
0,2,0,2,0,Yadkin,2022-04-22
0,1,0,1,0,Yadkin,2022-04-23
0,2,0,2,0,Yadkin,2022-04-27
0,5,5,0,0,Yadkin,2022-04-29
0,2,0,2,0,Yadkin,2022-04-30
0,1,0,1,0,Yadkin,2022-05-01
0,5,1,4,0,Yadkin,2022-05-07
0,9,2,7,0,Yadkin,2022-05-11
0,9,0,9,0,Yadkin,2022-05-22
0,6,3,3,0,Yadkin,2022-05-26
0,19,7,12,0,Yadkin,2022-06-17
0,8,3,5,0,Yadkin,2022-06-24
1,10,0,10,0,Yadkin,2022-01-16
1,7,2,5,0,Yadkin,2022-02-20
1,11,5,6,0,Yadkin,2022-02-22
1,7,1,6,0,Yadkin,2022-02-26
1,4,2,2,0,Yadkin,2022-03-02
1,2,0,2,0,Yadkin,2022-03-03
1,1,1,0,0,Yadkin,2022-03-09
1,2,0,2,0,Yadkin,2022-03-13
1,1,0,1,0,Yadkin,2022-03-15
1,2,1,1,0,Yadkin,2022-03-31
1,2,1,1,0,Yadkin,2022-04-04
1,4,1,3,0,Yadkin,2022-04-06
1,4,1,3,0,Yadkin,2022-04-24
1,3,1,2,0,Yadkin,2022-04-26
1,3,1,2,0,Yadkin,2022-04-28
1,13,7,6,0,Yadkin,2022-05-02
1,4,1,3,0,Yadkin,2022-05-03
1,8,2,6,0,Yadkin,2022-05-04
1,6,2,4,0,Yadkin,2022-05-05
1,8,3,5,0,Yadkin,2022-05-06
1,5,0,5,0,Yadkin,2022-05-08
1,11,2,9,0,Yadkin,2022-05-10
1,6,3,3,0,Yadkin,2022-05-12
1,13,4,9,0,Yadkin,2022-05-13
1,9,3,6,0,Yadkin,2022-05-14
1,20,5,15,0,Yadkin,2022-05-17
1,10,2,8,0,Yadkin,2022-05-20
1,16,6,10,0,Yadkin,2022-05-25
1,13,8,5,0,Yadkin,2022-05-28
1,13,6,7,0,Yadkin,2022-06-04
1,12,2,10,0,Yadkin,2022-06-09
1,22,5,17,0,Yadkin,2022-06-10
1,13,3,10,0,Yadkin,2022-06-18
1,10,4,6,0,Yadkin,2022-06-19
1,12,3,9,0,Yadkin,2022-06-21
1,9,5,4,0,Yadkin,2022-06-22
2,28,5,23,0,Yadkin,2022-01-30
2,16,5,11,0,Yadkin,2022-02-05
2,28,8,20,0,Yadkin,2022-02-09
2,10,3,7,0,Yadkin,2022-02-13
2,7,5,2,0,Yadkin,2022-02-18
2,5,3,2,0,Yadkin,2022-04-25
2,12,3,9,0,Yadkin,2022-05-09
2,9,1,8,0,Yadkin,2022-05-21
2,18,8,10,0,Yadkin,2022-05-24
2,12,3,9,0,Yadkin,2022-06-05
2,15,3,12,0,Yadkin,2022-06-16
2,15,5,10,0,Yadkin,2022-06-23
2,14,6,8,0,Yadkin,2022-06-26
2,21,8,13,0,Yadkin,2022-06-29
3,41,11,30,0,Yadkin,2022-02-03
3,18,7,11,0,Yadkin,2022-02-06
3,29,5,24,0,Yadkin,2022-02-07
3,18,4,14,0,Yadkin,2022-02-10
3,16,6,10,0,Yadkin,2022-05-18
3,18,7,11,0,Yadkin,2022-05-19
3,18,3,15,0,Yadkin,2022-05-23
3,22,11,11,0,Yadkin,2022-05-27
3,8,3,5,0,Yadkin,2022-05-29
3,14,5,9,0,Yadkin,2022-06-08
3,13,2,11,0,Yadkin,2022-06-25
3,27,12,15,0,Yadkin,2022-06-27
3,13,3,10,0,Yadkin,2022-07-01
3,5,2,3,0,Yadkin,2022-07-02
4,41,10,31,0,Yadkin,2022-02-04
4,12,6,6,0,Yadkin,2022-05-15
4,16,6,10,0,Yadkin,2022-05-16
4,16,10,6,0,Yadkin,2022-05-30
4,22,10,12,0,Yadkin,2022-06-01
4,24,7,17,0,Yadkin,2022-06-07
4,23,6,17,0,Yadkin,2022-06-13
4,27,10,17,0,Yadkin,2022-06-14
4,18,8,10,0,Yadkin,2022-06-20
4,10,3,7,0,Yadkin,2022-06-30
5,68,20,48,0,Yadkin,2022-01-09
5,59,15,44,0,Yadkin,2022-01-22
5,29,7,22,0,Yadkin,2022-02-11
6,53,11,42,0,Yadkin,2022-02-01
6,25,7,18,0,Yadkin,2022-05-31
6,14,4,10,0,Yadkin,2022-06-11
6,23,11,12,0,Yadkin,2022-06-28
7,94,25,69,0,Yadkin,2022-01-07
7,24,11,13,0,Yadkin,2022-06-02
8,106,25,81,0,Yadkin,2022-01-21
8,89,17,72,0,Yadkin,2022-01-26
9,130,39,91,0,Yadkin,2022-01-10
9,102,19,83,0,Yadkin,2022-01-14
9,40,11,29,0,Yadkin,2022-02-08
9,28,13,15,0,Yadkin,2022-06-15
12,151,29,122,0,Yadkin,2022-01-13
20,153,29,124,0,Yadkin,2022-01-19
,0,0,0,0,Yancey,2022-03-11
,0,0,0,0,Yancey,2022-03-12
,0,0,0,0,Yancey,2022-03-13
,0,0,0,0,Yancey,2022-03-17
,0,0,0,0,Yancey,2022-03-19
,0,0,0,0,Yancey,2022-03-20
,0,0,0,0,Yancey,2022-03-22
,0,0,0,0,Yancey,2022-03-23
,0,0,0,0,Yancey,2022-03-26
,0,0,0,0,Yancey,2022-03-27
,0,0,0,0,Yancey,2022-03-30
,0,0,0,0,Yancey,2022-04-01
,0,0,0,0,Yancey,2022-04-03
,0,0,0,0,Yancey,2022-04-06
,0,0,0,0,Yancey,2022-04-07
,0,0,0,0,Yancey,2022-04-09
,0,0,0,0,Yancey,2022-04-10
,0,0,0,0,Yancey,2022-04-11
,0,0,0,0,Yancey,2022-04-15
,0,0,0,0,Yancey,2022-04-17
,0,0,0,0,Yancey,2022-04-24
,0,0,0,0,Yancey,2022-05-12
,0,0,0,0,Yancey,2022-06-12
0,12,5,7,0,Yancey,2022-01-17
0,21,7,14,0,Yancey,2022-01-22
0,5,1,4,0,Yancey,2022-01-29
0,1,0,1,0,Yancey,2022-01-30
0,18,6,12,0,Yancey,2022-02-03
0,5,2,3,0,Yancey,2022-02-05
0,9,6,3,0,Yancey,2022-02-15
0,8,1,7,0,Yancey,2022-02-18
0,4,2,2,0,Yancey,2022-02-19
0,2,2,0,0,Yancey,2022-02-20
0,10,0,10,0,Yancey,2022-02-21
0,7,4,3,0,Yancey,2022-02-23
0,3,1,2,0,Yancey,2022-02-26
0,1,0,1,0,Yancey,2022-02-27
0,4,2,2,0,Yancey,2022-03-03
0,2,0,2,0,Yancey,2022-03-04
0,1,0,1,0,Yancey,2022-03-05
0,2,2,0,0,Yancey,2022-03-06
0,2,2,0,0,Yancey,2022-03-07
0,3,0,3,0,Yancey,2022-03-08
0,1,1,0,0,Yancey,2022-03-09
0,2,1,1,0,Yancey,2022-03-10
0,1,0,1,0,Yancey,2022-03-14
0,2,0,2,0,Yancey,2022-03-21
0,1,1,0,0,Yancey,2022-03-25
0,2,0,2,0,Yancey,2022-03-28
0,3,0,3,0,Yancey,2022-03-29
0,1,0,1,0,Yancey,2022-04-02
0,1,0,1,0,Yancey,2022-04-04
0,1,0,1,0,Yancey,2022-04-05
0,2,1,1,0,Yancey,2022-04-12
0,2,2,0,0,Yancey,2022-04-13
0,2,2,0,0,Yancey,2022-04-14
0,2,2,0,0,Yancey,2022-04-16
0,1,1,0,0,Yancey,2022-04-18
0,1,1,0,0,Yancey,2022-04-19
0,1,0,1,0,Yancey,2022-04-20
0,2,1,1,0,Yancey,2022-04-21
0,1,1,0,0,Yancey,2022-04-23
0,3,2,1,0,Yancey,2022-04-27
0,1,0,1,0,Yancey,2022-04-28
0,1,0,1,0,Yancey,2022-04-30
0,1,0,1,0,Yancey,2022-05-01
0,2,1,1,0,Yancey,2022-05-02
0,2,2,0,0,Yancey,2022-05-04
0,2,0,2,0,Yancey,2022-05-06
0,1,0,1,0,Yancey,2022-05-07
0,5,4,1,0,Yancey,2022-05-10
0,5,2,3,0,Yancey,2022-05-11
0,7,4,3,0,Yancey,2022-05-13
0,1,1,0,0,Yancey,2022-05-15
0,5,2,3,0,Yancey,2022-05-21
0,1,0,1,0,Yancey,2022-05-28
0,3,3,0,0,Yancey,2022-05-29
0,1,0,1,0,Yancey,2022-05-30
0,12,5,7,0,Yancey,2022-06-01
0,4,2,2,0,Yancey,2022-06-02
0,2,1,1,0,Yancey,2022-06-07
0,7,4,3,0,Yancey,2022-06-08
0,6,4,2,0,Yancey,2022-06-11
0,3,1,2,0,Yancey,2022-06-16
0,2,0,2,0,Yancey,2022-06-19
0,2,2,0,0,Yancey,2022-06-26
0,11,5,6,0,Yancey,2022-06-27
0,2,1,1,0,Yancey,2022-06-28
0,9,3,6,0,Yancey,2022-06-29
0,1,1,0,0,Yancey,2022-07-01
1,18,11,7,0,Yancey,2022-01-07
1,5,5,0,0,Yancey,2022-02-06
1,11,4,7,0,Yancey,2022-02-17
1,8,4,4,0,Yancey,2022-02-24
1,4,1,3,0,Yancey,2022-02-28
1,4,2,2,0,Yancey,2022-03-02
1,2,1,1,0,Yancey,2022-03-16
1,2,0,2,0,Yancey,2022-03-18
1,1,0,1,0,Yancey,2022-03-24
1,2,1,1,0,Yancey,2022-04-08
1,3,2,1,0,Yancey,2022-04-22
1,6,4,2,0,Yancey,2022-04-25
1,6,2,4,0,Yancey,2022-04-26
1,4,4,0,0,Yancey,2022-04-29
1,3,2,1,0,Yancey,2022-05-03
1,1,1,0,0,Yancey,2022-05-05
1,5,2,3,0,Yancey,2022-05-08
1,7,4,3,0,Yancey,2022-05-09
1,9,6,3,0,Yancey,2022-05-16
1,6,3,3,0,Yancey,2022-05-17
1,9,7,2,0,Yancey,2022-05-18
1,7,4,3,0,Yancey,2022-05-19
1,6,4,2,0,Yancey,2022-05-22
1,7,5,2,0,Yancey,2022-05-23
1,3,1,2,0,Yancey,2022-05-24
1,8,6,2,0,Yancey,2022-05-25
1,10,6,4,0,Yancey,2022-05-31
1,5,5,0,0,Yancey,2022-06-03
1,2,1,1,0,Yancey,2022-06-10
1,4,4,0,0,Yancey,2022-06-13
1,3,2,1,0,Yancey,2022-06-14
1,12,8,4,0,Yancey,2022-06-17
1,4,2,2,0,Yancey,2022-06-18
1,7,3,4,0,Yancey,2022-06-21
1,5,3,2,0,Yancey,2022-06-22
1,10,5,5,0,Yancey,2022-06-24
1,2,1,1,0,Yancey,2022-07-02
2,29,10,19,0,Yancey,2022-01-28
2,17,12,5,0,Yancey,2022-02-01
2,30,9,21,0,Yancey,2022-02-02
2,15,4,11,0,Yancey,2022-02-04
2,29,3,26,0,Yancey,2022-02-07
2,14,2,12,0,Yancey,2022-02-11
2,20,6,14,0,Yancey,2022-02-14
2,3,2,1,0,Yancey,2022-03-15
2,6,1,5,0,Yancey,2022-03-31
2,3,3,0,0,Yancey,2022-05-14
2,10,8,2,0,Yancey,2022-05-20
2,6,5,1,0,Yancey,2022-06-04
2,7,5,2,0,Yancey,2022-06-09
2,11,6,5,0,Yancey,2022-06-20
2,4,3,1,0,Yancey,2022-06-25
2,6,1,5,0,Yancey,2022-06-30
3,30,9,21,0,Yancey,2022-01-08
3,22,5,17,0,Yancey,2022-02-09
3,12,5,7,0,Yancey,2022-02-10
3,5,2,3,0,Yancey,2022-02-25
3,10,9,1,0,Yancey,2022-05-26
3,10,5,5,0,Yancey,2022-05-27
3,11,2,9,0,Yancey,2022-06-15
4,40,25,15,0,Yancey,2022-01-11
4,18,4,14,0,Yancey,2022-02-16
4,8,4,4,0,Yancey,2022-06-05
5,48,16,32,0,Yancey,2022-01-26
5,37,9,28,0,Yancey,2022-01-31
5,13,7,6,0,Yancey,2022-02-08
7,63,22,41,0,Yancey,2022-01-13
9,27,18,9,0,Yancey,2022-06-06
0,14,2,12,1,Alamance,2022-02-27
0,4,1,3,1,Alamance,2022-03-06
0,15,3,12,1,Alamance,2022-03-09
0,4,0,4,1,Alamance,2022-03-13
0,5,1,4,1,Alamance,2022-03-17
0,1,0,1,1,Alamance,2022-03-20
0,12,4,8,1,Alamance,2022-03-31
0,14,6,8,1,Alamance,2022-04-01
0,7,1,6,1,Alamance,2022-04-02
1,29,7,22,1,Alamance,2022-02-12
1,22,8,14,1,Alamance,2022-02-20
1,8,4,4,1,Alamance,2022-03-24
1,9,2,7,1,Alamance,2022-03-28
1,24,4,20,1,Alamance,2022-04-23
2,69,11,58,1,Alamance,2022-02-21
2,34,3,31,1,Alamance,2022-02-23
2,15,1,14,1,Alamance,2022-03-08
2,9,0,9,1,Alamance,2022-03-14
3,38,7,31,1,Alamance,2022-04-11
3,41,9,32,1,Alamance,2022-05-22
3,65,10,55,1,Alamance,2022-06-02
5,37,4,33,1,Alamance,2022-04-26
6,66,7,59,1,Alamance,2022-02-15
6,70,5,65,1,Alamance,2022-05-27
9,73,19,54,1,Alamance,2022-05-09
10,123,9,114,1,Alamance,2022-01-23
13,101,14,87,1,Alamance,2022-02-08
14,94,22,72,1,Alamance,2022-05-17
15,139,21,118,1,Alamance,2022-02-07
15,111,17,94,1,Alamance,2022-05-18
17,127,14,113,1,Alamance,2022-05-31
19,280,21,259,1,Alamance,2022-01-08
37,505,53,452,1,Alamance,2022-01-24
53,588,54,534,1,Alamance,2022-01-14
69,742,89,653,1,Alamance,2022-01-04
,0,0,0,1,Alexander,2022-04-16
0,4,0,4,1,Alexander,2022-01-16
0,6,0,6,1,Alexander,2022-02-24
0,5,2,3,1,Alexander,2022-03-01
0,4,1,3,1,Alexander,2022-03-07
0,5,0,5,1,Alexander,2022-06-01
1,12,5,7,1,Alexander,2022-02-06
2,27,1,26,1,Alexander,2022-02-09
2,27,5,22,1,Alexander,2022-02-10
2,14,6,8,1,Alexander,2022-02-18
2,7,2,5,1,Alexander,2022-05-18
3,42,11,31,1,Alexander,2022-02-03
3,20,7,13,1,Alexander,2022-02-16
10,87,22,65,1,Alexander,2022-01-26
14,119,44,75,1,Alexander,2022-01-18
,0,0,0,1,Alleghany,2022-03-18
0,2,1,1,1,Alleghany,2022-05-31
2,33,6,27,1,Alleghany,2022-01-13
7,38,10,28,1,Alleghany,2022-01-04
,0,0,0,1,Anson,2022-03-05
0,13,4,9,1,Anson,2022-02-03
0,5,2,3,1,Anson,2022-02-13
0,12,3,9,1,Anson,2022-02-16
0,1,1,0,1,Anson,2022-03-21
1,19,5,14,1,Anson,2022-02-10
1,6,0,6,1,Anson,2022-02-23
2,15,2,13,1,Anson,2022-02-06
2,28,6,22,1,Anson,2022-02-08
3,18,8,10,1,Anson,2022-01-30
3,13,2,11,1,Anson,2022-02-09
3,7,2,5,1,Anson,2022-02-20
6,24,4,20,1,Anson,2022-01-09
8,68,16,52,1,Anson,2022-01-20
,0,0,0,1,Ashe,2022-02-26
,0,0,0,1,Ashe,2022-04-22
,0,0,0,1,Ashe,2022-04-23
,0,0,0,1,Ashe,2022-05-01
0,9,4,5,1,Ashe,2022-02-24
0,5,1,4,1,Ashe,2022-03-04
0,2,1,1,1,Ashe,2022-05-16
1,66,27,39,1,Ashe,2022-01-21
1,9,2,7,1,Ashe,2022-01-22
1,17,8,9,1,Ashe,2022-02-16
1,4,2,2,1,Ashe,2022-04-25
2,7,4,3,1,Ashe,2022-02-06
2,3,1,2,1,Ashe,2022-03-10
3,39,12,27,1,Ashe,2022-02-01
4,23,6,17,1,Ashe,2022-02-11
4,31,12,19,1,Ashe,2022-02-21
6,70,26,44,1,Ashe,2022-01-12
7,78,34,44,1,Ashe,2022-01-31
8,56,20,36,1,Ashe,2022-01-11
13,88,46,42,1,Ashe,2022-01-14
0,6,0,6,1,Avery,2022-02-06
0,6,2,4,1,Avery,2022-02-20
0,4,0,4,1,Avery,2022-03-04
0,2,0,2,1,Avery,2022-04-26
0,5,0,5,1,Avery,2022-04-29
1,1,1,0,1,Avery,2022-03-06
1,4,4,0,1,Avery,2022-03-22
,0,0,0,1,Beaufort,2022-03-31
0,7,0,7,1,Beaufort,2022-02-13
0,5,1,4,1,Beaufort,2022-02-20
0,2,0,2,1,Beaufort,2022-02-27
0,6,0,6,1,Beaufort,2022-03-01
0,3,1,2,1,Beaufort,2022-04-11
1,50,7,43,1,Beaufort,2022-02-04
1,12,0,12,1,Beaufort,2022-02-06
1,15,2,13,1,Beaufort,2022-02-23
1,10,1,9,1,Beaufort,2022-02-25
1,5,0,5,1,Beaufort,2022-02-26
1,4,0,4,1,Beaufort,2022-03-07
1,3,0,3,1,Beaufort,2022-03-08
2,18,1,17,1,Beaufort,2022-01-30
4,19,5,14,1,Beaufort,2022-02-18
5,20,5,15,1,Beaufort,2022-01-21
5,41,8,33,1,Beaufort,2022-02-08
5,27,1,26,1,Beaufort,2022-02-17
6,43,2,41,1,Beaufort,2022-01-09
6,82,14,68,1,Beaufort,2022-01-27
7,65,12,53,1,Beaufort,2022-01-28
7,32,4,28,1,Beaufort,2022-02-10
13,115,24,91,1,Beaufort,2022-01-05
33,339,34,305,1,Beaufort,2022-01-18
0,11,0,11,1,Bertie,2022-01-21
0,1,0,1,1,Bertie,2022-03-11
1,19,4,15,1,Bertie,2022-01-26
1,2,1,1,1,Bertie,2022-02-06
1,1,0,1,1,Bertie,2022-03-06
1,7,2,5,1,Bertie,2022-06-01
3,20,2,18,1,Bertie,2022-01-28
5,78,4,74,1,Bertie,2022-01-10
5,41,5,36,1,Bertie,2022-01-14
7,26,1,25,1,Bertie,2022-01-31
0,17,6,11,1,Bladen,2022-01-30
0,3,0,3,1,Bladen,2022-02-05
0,3,0,3,1,Bladen,2022-02-25
0,4,0,4,1,Bladen,2022-02-28
0,3,1,2,1,Bladen,2022-03-08
0,3,0,3,1,Bladen,2022-03-10
0,4,1,3,1,Bladen,2022-03-12
1,25,4,21,1,Bladen,2022-02-04
1,10,1,9,1,Bladen,2022-02-06
1,14,2,12,1,Bladen,2022-02-09
1,18,5,13,1,Bladen,2022-02-11
2,33,3,30,1,Bladen,2022-01-08
2,30,7,23,1,Bladen,2022-02-03
2,23,10,13,1,Bladen,2022-02-07
2,6,2,4,1,Bladen,2022-04-25
3,88,18,70,1,Bladen,2022-01-25
3,47,10,37,1,Bladen,2022-01-28
5,18,2,16,1,Bladen,2022-05-27
6,116,14,102,1,Bladen,2022-01-14
17,162,31,131,1,Bladen,2022-01-24
0,28,4,24,1,Brunswick,2022-02-13
0,37,5,32,1,Brunswick,2022-02-18
0,7,0,7,1,Brunswick,2022-03-03
0,3,1,2,1,Brunswick,2022-03-10
0,5,2,3,1,Brunswick,2022-03-13
0,4,2,2,1,Brunswick,2022-03-25
0,9,0,9,1,Brunswick,2022-04-08
1,33,4,29,1,Brunswick,2022-02-12
1,21,4,17,1,Brunswick,2022-02-24
1,26,4,22,1,Brunswick,2022-02-25
1,6,1,5,1,Brunswick,2022-03-05
1,10,0,10,1,Brunswick,2022-03-18
1,17,3,14,1,Brunswick,2022-04-12
1,53,11,42,1,Brunswick,2022-05-26
2,17,0,17,1,Brunswick,2022-03-02
4,48,5,43,1,Brunswick,2022-02-16
5,109,20,89,1,Brunswick,2022-02-09
5,53,7,46,1,Brunswick,2022-06-28
6,60,9,51,1,Brunswick,2022-05-09
8,49,6,43,1,Brunswick,2022-05-12
11,182,25,157,1,Brunswick,2022-01-09
13,165,16,149,1,Brunswick,2022-01-08
14,169,26,143,1,Brunswick,2022-01-28
22,487,61,426,1,Brunswick,2022-01-18
0,49,16,33,1,Buncombe,2022-02-28
0,9,4,5,1,Buncombe,2022-03-13
0,7,1,6,1,Buncombe,2022-03-25
0,21,7,14,1,Buncombe,2022-03-29
0,8,1,7,1,Buncombe,2022-04-03
1,38,9,29,1,Buncombe,2022-03-03
1,26,6,20,1,Buncombe,2022-03-14
1,15,8,7,1,Buncombe,2022-03-30
1,32,6,26,1,Buncombe,2022-04-06
1,45,12,33,1,Buncombe,2022-04-22
2,20,4,16,1,Buncombe,2022-02-26
2,20,10,10,1,Buncombe,2022-03-08
2,16,7,9,1,Buncombe,2022-03-16
2,11,2,9,1,Buncombe,2022-03-26
2,63,19,44,1,Buncombe,2022-06-14
3,19,10,9,1,Buncombe,2022-03-10
4,106,29,77,1,Buncombe,2022-02-06
4,76,26,50,1,Buncombe,2022-02-12
4,24,11,13,1,Buncombe,2022-04-07
5,82,34,48,1,Buncombe,2022-05-06
6,68,18,50,1,Buncombe,2022-02-24
6,62,28,34,1,Buncombe,2022-04-19
6,67,20,47,1,Buncombe,2022-05-21
7,96,42,54,1,Buncombe,2022-02-17
7,105,38,67,1,Buncombe,2022-06-09
7,88,26,62,1,Buncombe,2022-06-20
8,124,40,84,1,Buncombe,2022-02-11
11,213,48,165,1,Buncombe,2022-01-23
11,155,56,99,1,Buncombe,2022-02-10
11,92,36,56,1,Buncombe,2022-06-21
12,147,57,90,1,Buncombe,2022-05-12
14,148,58,90,1,Buncombe,2022-05-18
17,133,55,78,1,Buncombe,2022-05-24
19,278,91,187,1,Buncombe,2022-02-01
20,182,51,131,1,Buncombe,2022-01-17
33,584,150,434,1,Buncombe,2022-01-07
42,734,223,511,1,Buncombe,2022-01-12
44,576,163,413,1,Buncombe,2022-01-18
50,630,180,450,1,Buncombe,2022-01-14
,0,0,0,1,Burke,2022-03-12
0,13,1,12,1,Burke,2022-02-19
0,8,0,8,1,Burke,2022-02-20
0,8,1,7,1,Burke,2022-02-26
0,1,0,1,1,Burke,2022-03-06
0,12,4,8,1,Burke,2022-03-09
0,4,1,3,1,Burke,2022-03-14
0,1,0,1,1,Burke,2022-03-19
0,4,1,3,1,Burke,2022-04-05
0,8,2,6,1,Burke,2022-04-14
0,1,1,0,1,Burke,2022-04-30
1,21,2,19,1,Burke,2022-02-23
1,17,7,10,1,Burke,2022-02-28
1,3,2,1,1,Burke,2022-03-22
2,8,3,5,1,Burke,2022-04-18
2,17,8,9,1,Burke,2022-05-10
3,35,10,25,1,Burke,2022-01-30
3,25,4,21,1,Burke,2022-02-13
3,47,17,30,1,Burke,2022-02-16
3,27,2,25,1,Burke,2022-05-16
3,25,9,16,1,Burke,2022-05-23
4,75,35,40,1,Burke,2022-01-22
4,35,10,25,1,Burke,2022-02-05
5,63,21,42,1,Burke,2022-01-23
5,57,16,41,1,Burke,2022-02-15
7,92,31,61,1,Burke,2022-02-10
8,92,36,56,1,Burke,2022-02-09
10,148,56,92,1,Burke,2022-01-15
12,114,44,70,1,Burke,2022-02-01
12,127,36,91,1,Burke,2022-02-02
13,239,113,126,1,Burke,2022-01-25
16,213,60,153,1,Burke,2022-01-26
26,243,54,189,1,Burke,2022-01-05
33,371,117,254,1,Burke,2022-01-13
36,425,144,281,1,Burke,2022-01-11
45,470,164,306,1,Burke,2022-01-10
0,2,0,2,1,Cabarrus,2022-03-06
0,7,1,6,1,Cabarrus,2022-03-17
0,13,4,9,1,Cabarrus,2022-04-07
0,25,7,18,1,Cabarrus,2022-04-30
1,22,5,17,1,Cabarrus,2022-02-24
1,16,10,6,1,Cabarrus,2022-02-27
1,20,3,17,1,Cabarrus,2022-02-28
1,4,1,3,1,Cabarrus,2022-04-02
2,9,3,6,1,Cabarrus,2022-03-07
2,13,5,8,1,Cabarrus,2022-03-10
2,35,7,28,1,Cabarrus,2022-04-26
2,30,3,27,1,Cabarrus,2022-06-12
3,65,15,50,1,Cabarrus,2022-02-18
4,68,15,53,1,Cabarrus,2022-02-06
4,89,25,64,1,Cabarrus,2022-02-14
5,50,9,41,1,Cabarrus,2022-06-05
7,102,22,80,1,Cabarrus,2022-01-30
8,136,33,103,1,Cabarrus,2022-02-08
11,94,17,77,1,Cabarrus,2022-05-17
15,138,27,111,1,Cabarrus,2022-02-07
20,286,87,199,1,Cabarrus,2022-01-08
27,346,90,256,1,Cabarrus,2022-01-26
41,551,149,402,1,Cabarrus,2022-01-07
57,669,152,517,1,Cabarrus,2022-01-13
,0,0,0,1,Caldwell,2022-03-31
0,3,0,3,1,Caldwell,2022-03-18
0,2,0,2,1,Caldwell,2022-03-23
1,3,0,3,1,Caldwell,2022-03-05
2,27,4,23,1,Caldwell,2022-02-13
2,8,2,6,1,Caldwell,2022-02-19
2,26,5,21,1,Caldwell,2022-02-21
2,13,2,11,1,Caldwell,2022-03-01
3,52,12,40,1,Caldwell,2022-02-09
3,38,8,30,1,Caldwell,2022-02-22
3,9,0,9,1,Caldwell,2022-02-27
4,94,20,74,1,Caldwell,2022-01-09
4,57,12,45,1,Caldwell,2022-01-30
5,69,5,64,1,Caldwell,2022-01-29
5,54,12,42,1,Caldwell,2022-02-14
8,44,11,33,1,Caldwell,2022-02-10
11,60,23,37,1,Caldwell,2022-01-17
12,96,22,74,1,Caldwell,2022-02-03
14,118,14,104,1,Caldwell,2022-01-26
17,157,48,109,1,Caldwell,2022-01-24
33,266,46,220,1,Caldwell,2022-01-21
,0,0,0,1,Carteret,2022-03-31
0,30,6,24,1,Carteret,2022-01-29
0,3,0,3,1,Carteret,2022-02-25
0,6,0,6,1,Carteret,2022-03-07
0,9,5,4,1,Carteret,2022-04-28
1,59,22,37,1,Carteret,2022-02-03
1,30,15,15,1,Carteret,2022-02-11
1,17,4,13,1,Carteret,2022-02-12
1,27,10,17,1,Carteret,2022-02-14
1,6,2,4,1,Carteret,2022-02-26
1,6,3,3,1,Carteret,2022-03-03
1,2,0,2,1,Carteret,2022-04-18
2,18,1,17,1,Carteret,2022-02-13
2,11,3,8,1,Carteret,2022-02-17
2,20,11,9,1,Carteret,2022-02-21
3,78,23,55,1,Carteret,2022-02-02
4,63,22,41,1,Carteret,2022-02-04
15,233,107,126,1,Carteret,2022-01-17
17,198,78,120,1,Carteret,2022-01-12
,0,0,0,1,Caswell,2022-02-20
,0,0,0,1,Caswell,2022-03-01
0,13,1,12,1,Caswell,2022-01-22
0,2,2,0,1,Caswell,2022-02-12
0,12,0,12,1,Caswell,2022-02-14
0,6,1,5,1,Caswell,2022-02-18
0,3,0,3,1,Caswell,2022-03-02
1,3,0,3,1,Caswell,2022-02-16
2,22,1,21,1,Caswell,2022-02-01
4,84,12,72,1,Caswell,2022-01-20
0,8,2,6,1,Catawba,2022-03-15
0,3,1,2,1,Catawba,2022-03-22
0,3,1,2,1,Catawba,2022-03-29
0,4,0,4,1,Catawba,2022-03-30
0,5,0,5,1,Catawba,2022-04-01
1,2,0,2,1,Catawba,2022-03-26
2,12,5,7,1,Catawba,2022-04-13
2,19,5,14,1,Catawba,2022-04-20
3,56,22,34,1,Catawba,2022-02-06
3,38,14,24,1,Catawba,2022-02-13
3,43,20,23,1,Catawba,2022-02-28
3,27,6,21,1,Catawba,2022-06-05
4,79,34,45,1,Catawba,2022-02-11
8,46,15,31,1,Catawba,2022-02-22
10,60,26,34,1,Catawba,2022-05-25
12,168,41,127,1,Catawba,2022-01-09
12,125,38,87,1,Catawba,2022-01-29
13,53,27,26,1,Catawba,2022-06-14
14,105,49,56,1,Catawba,2022-02-15
18,179,65,114,1,Catawba,2022-02-07
22,180,68,112,1,Catawba,2022-02-03
24,176,76,100,1,Catawba,2022-02-04
34,325,137,188,1,Catawba,2022-01-31
50,687,263,424,1,Catawba,2022-01-11
0,19,5,14,1,Chatham,2022-02-05
0,21,2,19,1,Chatham,2022-06-10
1,28,3,25,1,Chatham,2022-01-29
1,65,18,47,1,Chatham,2022-02-01
1,32,5,27,1,Chatham,2022-02-09
1,18,0,18,1,Chatham,2022-02-15
1,17,7,10,1,Chatham,2022-02-16
1,2,0,2,1,Chatham,2022-03-29
1,5,0,5,1,Chatham,2022-03-30
1,29,5,24,1,Chatham,2022-06-02
2,70,13,57,1,Chatham,2022-01-28
2,15,2,13,1,Chatham,2022-02-18
4,71,11,60,1,Chatham,2022-01-21
6,16,3,13,1,Chatham,2022-06-24
7,213,16,197,1,Chatham,2022-01-13
8,167,26,141,1,Chatham,2022-01-14
,0,0,0,1,Cherokee,2022-03-06
,0,0,0,1,Cherokee,2022-03-12
,0,0,0,1,Cherokee,2022-03-16
,0,0,0,1,Cherokee,2022-03-30
0,25,1,24,1,Cherokee,2022-01-15
0,7,0,7,1,Cherokee,2022-02-12
0,10,4,6,1,Cherokee,2022-02-17
0,3,1,2,1,Cherokee,2022-02-25
0,2,0,2,1,Cherokee,2022-03-04
0,1,0,1,1,Cherokee,2022-03-18
1,5,0,5,1,Cherokee,2022-02-06
1,6,2,4,1,Cherokee,2022-02-20
2,48,9,39,1,Cherokee,2022-01-21
2,23,2,21,1,Cherokee,2022-02-03
3,61,14,47,1,Cherokee,2022-01-13
3,28,7,21,1,Cherokee,2022-01-23
6,48,11,37,1,Cherokee,2022-01-07
6,33,10,23,1,Cherokee,2022-01-17
7,107,29,78,1,Cherokee,2022-01-20
,0,0,0,1,Chowan,2022-02-15
,0,0,0,1,Chowan,2022-03-03
0,5,0,5,1,Chowan,2022-01-29
0,2,0,2,1,Chowan,2022-02-24
0,2,1,1,1,Chowan,2022-03-10
1,4,0,4,1,Chowan,2022-02-06
2,13,0,13,1,Chowan,2022-02-02
2,12,0,12,1,Chowan,2022-02-07
3,22,0,22,1,Chowan,2022-01-08
5,18,0,18,1,Chowan,2022-01-28
10,73,6,67,1,Chowan,2022-01-14
11,96,6,90,1,Chowan,2022-01-10
,0,0,0,1,Clay,2022-04-02
,0,0,0,1,Clay,2022-05-04
0,15,1,14,1,Clay,2022-02-02
0,7,1,6,1,Clay,2022-02-21
2,16,0,16,1,Clay,2022-01-09
2,15,5,10,1,Clay,2022-02-03
2,6,2,4,1,Clay,2022-02-05
0,3,0,3,1,Cleveland,2022-03-12
0,1,0,1,1,Cleveland,2022-03-15
0,1,0,1,1,Cleveland,2022-03-18
0,2,0,2,1,Cleveland,2022-03-26
1,14,2,12,1,Cleveland,2022-02-19
1,7,3,4,1,Cleveland,2022-02-27
1,2,0,2,1,Cleveland,2022-03-06
1,5,2,3,1,Cleveland,2022-03-07
2,24,3,21,1,Cleveland,2022-02-13
3,14,2,12,1,Cleveland,2022-01-16
3,36,3,33,1,Cleveland,2022-02-12
3,10,5,5,1,Cleveland,2022-02-20
4,37,8,29,1,Cleveland,2022-02-17
4,12,3,9,1,Cleveland,2022-04-25
4,16,5,11,1,Cleveland,2022-05-24
6,46,3,43,1,Cleveland,2022-02-06
6,32,8,24,1,Cleveland,2022-06-10
8,97,27,70,1,Cleveland,2022-01-22
9,81,14,67,1,Cleveland,2022-02-04
11,49,4,45,1,Cleveland,2022-06-21
16,144,20,124,1,Cleveland,2022-02-01
17,233,45,188,1,Cleveland,2022-01-15
28,307,62,245,1,Cleveland,2022-01-07
44,304,73,231,1,Cleveland,2022-01-04
45,328,81,247,1,Cleveland,2022-01-18
47,359,60,299,1,Cleveland,2022-01-05
48,399,80,319,1,Cleveland,2022-01-13
,0,0,0,1,Columbus,2022-02-19
,0,0,0,1,Columbus,2022-03-12
0,2,1,1,1,Columbus,2022-03-31
0,3,1,2,1,Columbus,2022-04-20
1,8,4,4,1,Columbus,2022-02-06
1,1,1,0,1,Columbus,2022-04-04
2,20,10,10,1,Columbus,2022-02-11
2,14,3,11,1,Columbus,2022-02-15
2,10,3,7,1,Columbus,2022-02-17
3,56,15,41,1,Columbus,2022-02-04
4,25,13,12,1,Columbus,2022-01-22
4,93,37,56,1,Columbus,2022-01-27
4,59,23,36,1,Columbus,2022-02-02
5,21,9,12,1,Columbus,2022-02-10
8,104,29,75,1,Columbus,2022-01-28
9,217,42,175,1,Columbus,2022-01-14
12,136,49,87,1,Columbus,2022-01-25
21,129,60,69,1,Columbus,2022-01-31
30,340,195,145,1,Columbus,2022-01-10
0,2,0,2,1,Craven,2022-03-12
0,6,1,5,1,Craven,2022-03-14
0,2,2,0,1,Craven,2022-03-20
1,10,3,7,1,Craven,2022-03-02
1,8,2,6,1,Craven,2022-03-09
1,5,4,1,1,Craven,2022-03-21
1,9,2,7,1,Craven,2022-04-23
1,35,10,25,1,Craven,2022-06-10
2,36,8,28,1,Craven,2022-02-06
2,19,6,13,1,Craven,2022-02-12
3,17,3,14,1,Craven,2022-02-13
3,15,4,11,1,Craven,2022-02-19
3,57,24,33,1,Craven,2022-05-17
4,77,15,62,1,Craven,2022-01-23
4,64,15,49,1,Craven,2022-01-29
4,37,9,28,1,Craven,2022-02-18
5,104,22,82,1,Craven,2022-02-04
9,130,37,93,1,Craven,2022-02-07
10,60,21,39,1,Craven,2022-01-30
12,250,61,189,1,Craven,2022-01-26
22,264,69,195,1,Craven,2022-01-04
0,25,8,17,1,Cumberland,2022-02-26
0,32,8,24,1,Cumberland,2022-03-16
0,7,2,5,1,Cumberland,2022-03-19
0,17,5,12,1,Cumberland,2022-03-21
0,16,3,13,1,Cumberland,2022-03-28
1,30,2,28,1,Cumberland,2022-03-14
1,25,3,22,1,Cumberland,2022-03-15
1,25,6,19,1,Cumberland,2022-04-12
2,36,7,29,1,Cumberland,2022-03-02
3,25,10,15,1,Cumberland,2022-04-11
5,63,19,44,1,Cumberland,2022-06-25
6,58,12,46,1,Cumberland,2022-02-24
6,80,11,69,1,Cumberland,2022-02-28
6,51,5,46,1,Cumberland,2022-03-03
12,65,11,54,1,Cumberland,2022-04-28
16,292,72,220,1,Cumberland,2022-02-08
18,228,56,172,1,Cumberland,2022-02-09
21,183,45,138,1,Cumberland,2022-05-16
24,461,26,435,1,Cumberland,2022-01-09
53,680,96,584,1,Cumberland,2022-01-31
85,976,95,881,1,Cumberland,2022-01-07
,0,0,0,1,Currituck,2022-02-24
,0,0,0,1,Currituck,2022-03-04
0,30,7,23,1,Currituck,2022-02-02
0,10,2,8,1,Currituck,2022-02-16
0,1,0,1,1,Currituck,2022-03-22
1,20,0,20,1,Dare,2022-02-03
2,34,0,34,1,Dare,2022-01-09
0,7,1,6,1,Davidson,2022-02-27
0,10,3,7,1,Davidson,2022-03-04
1,12,0,12,1,Davidson,2022-02-26
1,12,4,8,1,Davidson,2022-03-08
1,6,0,6,1,Davidson,2022-03-16
2,50,2,48,1,Davidson,2022-02-05
2,15,1,14,1,Davidson,2022-02-19
2,26,6,20,1,Davidson,2022-05-04
4,44,8,36,1,Davidson,2022-02-22
5,74,9,65,1,Davidson,2022-02-10
5,35,6,29,1,Davidson,2022-06-17
6,85,5,80,1,Davidson,2022-01-30
6,66,22,44,1,Davidson,2022-05-25
6,32,1,31,1,Davidson,2022-06-19
7,57,11,46,1,Davidson,2022-02-11
10,55,9,46,1,Davidson,2022-02-15
10,48,15,33,1,Davidson,2022-06-10
10,53,12,41,1,Davidson,2022-06-22
18,235,36,199,1,Davidson,2022-01-27
23,310,39,271,1,Davidson,2022-01-26
34,412,40,372,1,Davidson,2022-01-21
43,463,70,393,1,Davidson,2022-01-06
49,573,112,461,1,Davidson,2022-01-10
51,539,56,483,1,Davidson,2022-01-24
58,470,56,414,1,Davidson,2022-01-04
0,4,1,3,1,Davie,2022-03-17
0,1,0,1,1,Davie,2022-03-19
1,12,2,10,1,Davie,2022-02-25
1,3,1,2,1,Davie,2022-03-08
1,8,5,3,1,Davie,2022-04-28
2,6,3,3,1,Davie,2022-02-13
2,12,4,8,1,Davie,2022-02-21
2,5,2,3,1,Davie,2022-03-07
2,9,5,4,1,Davie,2022-04-21
2,4,1,3,1,Davie,2022-04-23
2,4,2,2,1,Davie,2022-04-24
2,11,3,8,1,Davie,2022-06-26
3,39,12,27,1,Davie,2022-02-04
4,64,16,48,1,Davie,2022-02-02
5,35,0,35,1,Davie,2022-01-08
5,19,1,18,1,Davie,2022-02-05
5,34,5,29,1,Davie,2022-02-08
7,69,13,56,1,Davie,2022-01-28
,0,0,0,1,Duplin,2022-02-26
,0,0,0,1,Duplin,2022-03-11
0,9,0,9,1,Duplin,2022-02-13
0,4,0,4,1,Duplin,2022-02-20
0,10,5,5,1,Duplin,2022-02-25
0,2,0,2,1,Duplin,2022-03-04
0,3,0,3,1,Duplin,2022-03-15
0,2,0,2,1,Duplin,2022-03-16
0,2,2,0,1,Duplin,2022-03-18
0,2,2,0,1,Duplin,2022-03-28
0,3,2,1,1,Duplin,2022-05-09
0,9,3,6,1,Duplin,2022-05-17
1,15,3,12,1,Duplin,2022-01-22
1,38,13,25,1,Duplin,2022-02-04
1,10,2,8,1,Duplin,2022-02-12
1,5,1,4,1,Duplin,2022-03-05
2,8,3,5,1,Duplin,2022-02-19
3,22,13,9,1,Duplin,2022-02-10
3,12,4,8,1,Duplin,2022-05-25
4,66,18,48,1,Duplin,2022-02-02
6,53,27,26,1,Duplin,2022-02-07
7,86,31,55,1,Duplin,2022-01-09
21,226,114,112,1,Duplin,2022-01-17
30,410,160,250,1,Duplin,2022-01-10
0,8,1,7,1,Durham,2022-03-05
0,15,1,14,1,Durham,2022-03-18
0,12,1,11,1,Durham,2022-03-26
1,50,2,48,1,Durham,2022-02-19
1,10,1,9,1,Durham,2022-03-19
2,45,0,45,1,Durham,2022-03-03
2,24,2,22,1,Durham,2022-03-17
2,44,9,35,1,Durham,2022-03-29
3,72,6,66,1,Durham,2022-02-12
4,123,6,117,1,Durham,2022-02-06
5,122,5,117,1,Durham,2022-02-16
5,69,4,65,1,Durham,2022-02-22
5,70,3,67,1,Durham,2022-04-07
6,137,7,130,1,Durham,2022-02-05
6,99,4,95,1,Durham,2022-02-15
7,176,13,163,1,Durham,2022-02-08
7,139,8,131,1,Durham,2022-04-18
8,187,14,173,1,Durham,2022-01-30
9,114,14,100,1,Durham,2022-04-14
10,227,29,198,1,Durham,2022-02-07
11,195,3,192,1,Durham,2022-02-04
15,228,9,219,1,Durham,2022-05-19
17,277,32,245,1,Durham,2022-02-03
19,297,20,277,1,Durham,2022-02-02
22,334,18,316,1,Durham,2022-02-01
46,801,34,767,1,Durham,2022-01-24
49,946,66,880,1,Durham,2022-01-14
77,1067,43,1024,1,Durham,2022-01-07
96,1393,76,1317,1,Durham,2022-01-10
109,1388,78,1310,1,Durham,2022-01-05
,0,0,0,1,Edgecombe,2022-04-15
0,20,1,19,1,Edgecombe,2022-02-03
0,6,1,5,1,Edgecombe,2022-02-25
2,39,2,37,1,Edgecombe,2022-02-01
2,21,1,20,1,Edgecombe,2022-02-08
2,18,4,14,1,Edgecombe,2022-02-21
2,4,0,4,1,Edgecombe,2022-04-27
2,15,1,14,1,Edgecombe,2022-06-15
3,46,1,45,1,Edgecombe,2022-01-09
3,27,2,25,1,Edgecombe,2022-02-07
4,17,3,14,1,Edgecombe,2022-06-17
7,66,3,63,1,Edgecombe,2022-01-25
12,167,10,157,1,Edgecombe,2022-01-14
18,209,5,204,1,Edgecombe,2022-01-11
18,197,15,182,1,Edgecombe,2022-01-13
19,263,8,255,1,Edgecombe,2022-01-05
0,11,3,8,1,Forsyth,2022-03-08
0,22,1,21,1,Forsyth,2022-03-21
1,20,2,18,1,Forsyth,2022-02-27
1,25,9,16,1,Forsyth,2022-03-09
1,15,3,12,1,Forsyth,2022-03-11
2,32,4,28,1,Forsyth,2022-02-19
2,32,4,28,1,Forsyth,2022-03-02
2,32,5,27,1,Forsyth,2022-03-07
2,22,4,18,1,Forsyth,2022-03-14
2,24,7,17,1,Forsyth,2022-03-17
2,22,7,15,1,Forsyth,2022-03-23
3,43,13,30,1,Forsyth,2022-02-28
3,19,6,13,1,Forsyth,2022-03-12
3,19,2,17,1,Forsyth,2022-03-15
3,30,7,23,1,Forsyth,2022-03-30
6,35,13,22,1,Forsyth,2022-04-04
7,62,9,53,1,Forsyth,2022-02-13
7,56,7,49,1,Forsyth,2022-02-23
8,85,16,69,1,Forsyth,2022-02-21
8,117,21,96,1,Forsyth,2022-06-16
9,105,15,90,1,Forsyth,2022-05-28
12,72,8,64,1,Forsyth,2022-06-25
13,94,25,69,1,Forsyth,2022-02-17
14,237,47,190,1,Forsyth,2022-02-08
17,166,26,140,1,Forsyth,2022-06-07
19,177,30,147,1,Forsyth,2022-05-16
21,155,19,136,1,Forsyth,2022-06-21
21,141,20,121,1,Forsyth,2022-06-22
22,195,38,157,1,Forsyth,2022-05-19
30,401,68,333,1,Forsyth,2022-02-01
31,154,23,131,1,Forsyth,2022-06-23
,0,0,0,1,Franklin,2022-03-27
0,5,1,4,1,Franklin,2022-03-06
0,4,0,4,1,Franklin,2022-03-14
1,29,7,22,1,Franklin,2022-01-30
1,8,3,5,1,Franklin,2022-02-24
1,3,0,3,1,Franklin,2022-02-27
3,16,0,16,1,Franklin,2022-02-17
6,99,30,69,1,Franklin,2022-02-07
6,45,8,37,1,Franklin,2022-02-09
7,70,8,62,1,Franklin,2022-02-10
7,41,0,41,1,Franklin,2022-05-09
8,65,2,63,1,Franklin,2022-02-04
31,313,19,294,1,Franklin,2022-01-14
0,12,2,10,1,Gaston,2022-02-27
0,22,9,13,1,Gaston,2022-03-03
0,14,2,12,1,Gaston,2022-03-07
0,2,1,1,1,Gaston,2022-03-11
0,4,1,3,1,Gaston,2022-03-13
0,5,2,3,1,Gaston,2022-03-17
0,4,0,4,1,Gaston,2022-03-25
0,6,2,4,1,Gaston,2022-03-30
0,6,2,4,1,Gaston,2022-04-09
1,13,9,4,1,Gaston,2022-03-06
1,8,1,7,1,Gaston,2022-03-15
1,11,1,10,1,Gaston,2022-03-16
1,8,4,4,1,Gaston,2022-03-28
1,9,3,6,1,Gaston,2022-04-07
2,14,3,11,1,Gaston,2022-02-25
2,10,3,7,1,Gaston,2022-03-08
4,36,8,28,1,Gaston,2022-02-24
4,51,8,43,1,Gaston,2022-05-29
5,58,11,47,1,Gaston,2022-05-11
5,76,13,63,1,Gaston,2022-05-25
6,48,13,35,1,Gaston,2022-02-22
7,58,10,48,1,Gaston,2022-02-21
8,54,8,46,1,Gaston,2022-06-16
13,68,11,57,1,Gaston,2022-06-01
14,85,25,60,1,Gaston,2022-06-27
15,89,8,81,1,Gaston,2022-06-28
64,712,118,594,1,Gaston,2022-01-12
0,11,0,11,1,Gates,2022-01-07
0,23,8,15,1,Gates,2022-01-14
,0,0,0,1,Graham,2022-03-24
1,11,7,4,1,Graham,2022-01-15
5,34,29,5,1,Graham,2022-01-10
0,11,4,7,1,Granville,2022-04-29
0,13,0,13,1,Granville,2022-05-15
1,14,6,8,1,Granville,2022-05-03
2,34,1,33,1,Granville,2022-01-30
3,39,5,34,1,Granville,2022-02-14
11,59,1,58,1,Granville,2022-02-03
13,158,12,146,1,Granville,2022-01-07
17,264,19,245,1,Granville,2022-01-18
0,14,5,9,1,Greene,2022-01-23
0,2,0,2,1,Greene,2022-02-13
0,5,2,3,1,Greene,2022-02-17
0,1,0,1,1,Greene,2022-02-25
0,4,1,3,1,Greene,2022-03-07
0,9,0,9,1,Greene,2022-06-07
1,49,17,32,1,Greene,2022-01-26
1,32,10,22,1,Greene,2022-02-07
1,6,0,6,1,Greene,2022-02-12
1,1,0,1,1,Greene,2022-02-23
0,23,7,16,1,Guilford,2022-03-11
0,12,4,8,1,Guilford,2022-03-20
1,27,5,22,1,Guilford,2022-03-30
2,24,2,22,1,Guilford,2022-03-29
3,52,18,34,1,Guilford,2022-03-01
3,31,10,21,1,Guilford,2022-03-10
3,9,0,9,1,Guilford,2022-03-19
3,11,4,7,1,Guilford,2022-04-02
4,37,8,29,1,Guilford,2022-03-07
4,115,32,83,1,Guilford,2022-04-29
5,42,9,33,1,Guilford,2022-03-03
5,34,7,27,1,Guilford,2022-03-08
5,39,11,28,1,Guilford,2022-03-22
5,37,8,29,1,Guilford,2022-03-23
5,64,7,57,1,Guilford,2022-04-16
5,73,23,50,1,Guilford,2022-04-30
8,67,10,57,1,Guilford,2022-02-28
8,90,21,69,1,Guilford,2022-04-12
10,127,18,109,1,Guilford,2022-05-28
11,158,37,121,1,Guilford,2022-05-03
11,89,25,64,1,Guilford,2022-05-30
11,181,25,156,1,Guilford,2022-06-07
12,164,46,118,1,Guilford,2022-04-25
12,123,29,94,1,Guilford,2022-04-26
13,120,22,98,1,Guilford,2022-02-17
14,87,10,77,1,Guilford,2022-06-04
14,176,26,150,1,Guilford,2022-06-29
17,247,47,200,1,Guilford,2022-05-10
19,166,39,127,1,Guilford,2022-06-21
23,207,21,186,1,Guilford,2022-06-01
25,266,52,214,1,Guilford,2022-05-16
28,572,122,450,1,Guilford,2022-01-31
29,170,70,100,1,Guilford,2022-04-18
30,287,63,224,1,Guilford,2022-05-09
33,247,46,201,1,Guilford,2022-05-12
61,927,122,805,1,Guilford,2022-01-21
69,1140,72,1068,1,Guilford,2022-01-08
79,1459,186,1273,1,Guilford,2022-01-19
118,1757,267,1490,1,Guilford,2022-01-13
,0,0,0,1,Halifax,2022-02-24
0,8,0,8,1,Halifax,2022-02-06
0,5,0,5,1,Halifax,2022-02-26
0,2,0,2,1,Halifax,2022-03-26
1,23,3,20,1,Halifax,2022-01-21
1,12,1,11,1,Halifax,2022-01-22
1,9,4,5,1,Halifax,2022-02-05
1,8,1,7,1,Halifax,2022-02-12
2,18,5,13,1,Halifax,2022-01-29
2,2,2,0,1,Halifax,2022-04-10
3,28,7,21,1,Halifax,2022-02-09
4,66,17,49,1,Halifax,2022-01-27
4,20,3,17,1,Halifax,2022-06-08
7,95,16,79,1,Halifax,2022-01-25
0,33,7,26,1,Harnett,2022-02-18
0,18,4,14,1,Harnett,2022-02-19
0,27,1,26,1,Harnett,2022-02-22
0,6,1,5,1,Harnett,2022-02-27
0,21,5,16,1,Harnett,2022-02-28
0,16,5,11,1,Harnett,2022-03-07
0,9,1,8,1,Harnett,2022-03-18
0,9,2,7,1,Harnett,2022-04-13
0,7,0,7,1,Harnett,2022-04-24
1,9,1,8,1,Harnett,2022-03-01
1,7,0,7,1,Harnett,2022-03-11
1,14,5,9,1,Harnett,2022-03-14
1,9,1,8,1,Harnett,2022-03-16
1,6,1,5,1,Harnett,2022-04-06
1,12,6,6,1,Harnett,2022-04-23
1,26,8,18,1,Harnett,2022-04-25
1,28,4,24,1,Harnett,2022-05-28
2,9,1,8,1,Harnett,2022-03-08
2,36,10,26,1,Harnett,2022-06-23
3,76,17,59,1,Harnett,2022-01-30
3,43,4,39,1,Harnett,2022-02-05
3,18,8,10,1,Harnett,2022-03-02
4,62,8,54,1,Harnett,2022-01-29
4,33,5,28,1,Harnett,2022-02-06
4,53,9,44,1,Harnett,2022-02-11
4,55,14,41,1,Harnett,2022-02-14
7,203,17,186,1,Harnett,2022-01-08
9,105,23,82,1,Harnett,2022-02-04
11,149,20,129,1,Harnett,2022-01-09
11,174,39,135,1,Harnett,2022-01-21
11,99,35,64,1,Harnett,2022-02-08
28,440,78,362,1,Harnett,2022-01-06
31,534,98,436,1,Harnett,2022-01-13
34,483,70,413,1,Harnett,2022-01-20
43,622,118,504,1,Harnett,2022-01-10
0,20,2,18,1,Haywood,2022-01-29
0,34,13,21,1,Haywood,2022-02-05
0,14,10,4,1,Haywood,2022-02-22
0,5,2,3,1,Haywood,2022-03-15
0,3,1,2,1,Haywood,2022-03-29
1,54,9,45,1,Haywood,2022-01-30
1,14,1,13,1,Haywood,2022-02-25
1,8,4,4,1,Haywood,2022-02-26
1,8,2,6,1,Haywood,2022-03-01
2,93,29,64,1,Haywood,2022-01-28
2,14,8,6,1,Haywood,2022-06-12
4,36,13,23,1,Haywood,2022-02-06
4,45,15,30,1,Haywood,2022-02-08
4,23,12,11,1,Haywood,2022-02-24
5,88,23,65,1,Haywood,2022-01-07
5,53,26,27,1,Haywood,2022-02-07
5,27,8,19,1,Haywood,2022-02-16
6,112,29,83,1,Haywood,2022-01-27
6,106,46,60,1,Haywood,2022-01-31
7,89,30,59,1,Haywood,2022-02-02
9,61,20,41,1,Haywood,2022-01-17
9,93,48,45,1,Haywood,2022-02-01
16,166,51,115,1,Haywood,2022-01-14
0,10,4,6,1,Henderson,2022-03-01
0,4,0,4,1,Henderson,2022-03-06
0,3,2,1,1,Henderson,2022-03-09
0,1,0,1,1,Henderson,2022-03-17
0,3,0,3,1,Henderson,2022-03-19
1,2,1,1,1,Henderson,2022-03-24
2,24,12,12,1,Henderson,2022-02-12
2,7,5,2,1,Henderson,2022-03-11
2,35,11,24,1,Henderson,2022-05-13
2,16,3,13,1,Henderson,2022-05-15
3,67,19,48,1,Henderson,2022-02-10
3,49,15,34,1,Henderson,2022-02-11
3,32,18,14,1,Henderson,2022-02-18
3,22,7,15,1,Henderson,2022-02-22
3,39,7,32,1,Henderson,2022-06-13
5,31,9,22,1,Henderson,2022-05-25
5,29,5,24,1,Henderson,2022-06-02
6,46,21,25,1,Henderson,2022-02-06
9,65,18,47,1,Henderson,2022-02-08
10,108,34,74,1,Henderson,2022-02-01
10,106,36,70,1,Henderson,2022-02-04
15,108,36,72,1,Henderson,2022-02-07
18,152,50,102,1,Henderson,2022-01-31
19,248,89,159,1,Henderson,2022-01-14
26,230,86,144,1,Henderson,2022-01-18
,0,0,0,1,Hertford,2022-04-05
0,2,0,2,1,Hertford,2022-01-22
0,13,3,10,1,Hertford,2022-01-31
0,1,0,1,1,Hertford,2022-02-11
0,4,1,3,1,Hertford,2022-02-16
1,6,0,6,1,Hertford,2022-06-11
1,9,5,4,1,Hertford,2022-06-22
2,20,3,17,1,Hertford,2022-01-28
10,79,18,61,1,Hertford,2022-01-13
0,54,4,50,1,Hoke,2022-02-02
0,13,2,11,1,Hoke,2022-02-17
0,2,0,2,1,Hoke,2022-02-20
0,6,0,6,1,Hoke,2022-02-28
0,1,0,1,1,Hoke,2022-03-01
0,7,2,5,1,Hoke,2022-03-08
1,55,6,49,1,Hoke,2022-02-04
1,8,1,7,1,Hoke,2022-02-18
1,1,0,1,1,Hoke,2022-04-04
3,29,7,22,1,Hoke,2022-06-08
4,93,17,76,1,Hoke,2022-01-27
4,77,4,73,1,Hoke,2022-01-28
6,40,4,36,1,Hoke,2022-06-06
7,75,14,61,1,Hoke,2022-02-01
14,150,6,144,1,Hoke,2022-01-09
17,310,27,283,1,Hoke,2022-01-19
21,215,34,181,1,Hoke,2022-01-24
2,7,1,6,1,Hyde,2022-01-06
0,1,0,1,1,Iredell,2022-03-12
0,1,1,0,1,Iredell,2022-04-02
1,25,10,15,1,Iredell,2022-02-20
2,37,13,24,1,Iredell,2022-02-22
2,18,12,6,1,Iredell,2022-03-03
2,29,10,19,1,Iredell,2022-05-21
3,22,8,14,1,Iredell,2022-02-19
3,62,24,38,1,Iredell,2022-02-21
3,28,12,16,1,Iredell,2022-02-23
3,31,10,21,1,Iredell,2022-02-28
3,29,8,21,1,Iredell,2022-05-15
3,61,15,46,1,Iredell,2022-06-06
5,58,23,35,1,Iredell,2022-02-15
5,50,17,33,1,Iredell,2022-02-16
5,26,9,17,1,Iredell,2022-02-24
6,43,10,33,1,Iredell,2022-06-10
7,67,14,53,1,Iredell,2022-02-05
7,84,34,50,1,Iredell,2022-02-11
7,91,33,58,1,Iredell,2022-06-27
9,118,49,69,1,Iredell,2022-02-08
9,103,37,66,1,Iredell,2022-02-10
9,82,31,51,1,Iredell,2022-05-25
10,211,86,125,1,Iredell,2022-01-09
11,178,69,109,1,Iredell,2022-01-17
12,190,59,131,1,Iredell,2022-02-03
12,89,35,54,1,Iredell,2022-05-23
14,77,37,40,1,Iredell,2022-06-20
19,274,98,176,1,Iredell,2022-01-27
19,219,86,133,1,Iredell,2022-02-01
44,638,194,444,1,Iredell,2022-01-13
,0,0,0,1,Jackson,2022-04-15
0,7,3,4,1,Jackson,2022-03-03
0,1,0,1,1,Jackson,2022-03-27
1,7,3,4,1,Jackson,2022-05-02
2,15,6,9,1,Jackson,2022-02-11
2,23,10,13,1,Jackson,2022-02-14
2,11,4,7,1,Jackson,2022-02-22
2,9,5,4,1,Jackson,2022-02-25
2,6,4,2,1,Jackson,2022-03-02
3,39,11,28,1,Jackson,2022-02-04
6,68,21,47,1,Jackson,2022-01-26
8,150,27,123,1,Jackson,2022-01-04
10,100,36,64,1,Jackson,2022-01-27
11,99,22,77,1,Jackson,2022-01-07
11,70,7,63,1,Jackson,2022-01-21
12,129,39,90,1,Jackson,2022-01-14
17,165,41,124,1,Jackson,2022-01-05
1,16,3,13,1,Johnston,2022-02-27
1,17,0,17,1,Johnston,2022-03-04
1,11,4,7,1,Johnston,2022-03-10
1,7,1,6,1,Johnston,2022-03-13
1,9,4,5,1,Johnston,2022-03-15
2,29,9,20,1,Johnston,2022-02-23
2,17,3,14,1,Johnston,2022-03-07
2,33,3,30,1,Johnston,2022-05-08
3,10,4,6,1,Johnston,2022-03-24
5,99,15,84,1,Johnston,2022-02-05
5,100,18,82,1,Johnston,2022-05-24
7,94,26,68,1,Johnston,2022-05-17
8,60,14,46,1,Johnston,2022-06-17
10,261,54,207,1,Johnston,2022-01-21
10,72,22,50,1,Johnston,2022-05-10
10,75,13,62,1,Johnston,2022-05-29
11,132,28,104,1,Johnston,2022-01-16
11,85,16,69,1,Johnston,2022-05-09
12,108,34,74,1,Johnston,2022-02-09
16,330,78,252,1,Johnston,2022-01-28
17,201,39,162,1,Johnston,2022-02-07
23,254,60,194,1,Johnston,2022-02-02
25,357,70,287,1,Johnston,2022-01-09
28,382,24,358,1,Johnston,2022-01-08
29,279,67,212,1,Johnston,2022-02-01
68,864,150,714,1,Johnston,2022-01-24
70,944,121,823,1,Johnston,2022-01-04
85,979,138,841,1,Johnston,2022-01-19
1,21,15,6,1,Jones,2022-01-26
,0,0,0,1,Lee,2022-04-01
0,15,1,14,1,Lee,2022-02-05
0,6,3,3,1,Lee,2022-02-13
0,13,4,9,1,Lee,2022-02-14
0,6,0,6,1,Lee,2022-02-22
0,3,0,3,1,Lee,2022-02-26
0,3,3,0,1,Lee,2022-03-06
0,7,1,6,1,Lee,2022-03-08
0,4,1,3,1,Lee,2022-03-12
0,1,0,1,1,Lee,2022-03-23
1,16,2,14,1,Lee,2022-02-17
2,25,2,23,1,Lee,2022-02-16
2,9,4,5,1,Lee,2022-03-10
3,69,5,64,1,Lee,2022-01-28
3,21,5,16,1,Lee,2022-05-23
4,53,10,43,1,Lee,2022-02-01
4,30,5,25,1,Lee,2022-02-09
5,103,7,96,1,Lee,2022-01-08
6,67,16,51,1,Lee,2022-01-09
12,159,39,120,1,Lee,2022-01-17
14,210,30,180,1,Lee,2022-01-05
17,320,67,253,1,Lee,2022-01-10
18,256,46,210,1,Lee,2022-01-14
,0,0,0,1,Lenoir,2022-03-26
0,14,3,11,1,Lenoir,2022-01-30
0,10,1,9,1,Lenoir,2022-02-06
0,2,0,2,1,Lenoir,2022-02-13
0,2,0,2,1,Lenoir,2022-02-23
0,6,1,5,1,Lenoir,2022-02-25
0,1,0,1,1,Lenoir,2022-03-04
0,1,1,0,1,Lenoir,2022-03-05
0,1,0,1,1,Lenoir,2022-03-06
0,2,0,2,1,Lenoir,2022-03-10
0,1,0,1,1,Lenoir,2022-04-14
1,2,0,2,1,Lenoir,2022-03-08
1,5,2,3,1,Lenoir,2022-06-18
2,15,2,13,1,Lenoir,2022-02-05
2,13,3,10,1,Lenoir,2022-02-15
3,24,9,15,1,Lenoir,2022-01-29
4,50,13,37,1,Lenoir,2022-01-09
4,19,2,17,1,Lenoir,2022-02-14
4,25,9,16,1,Lenoir,2022-05-31
5,55,13,42,1,Lenoir,2022-02-01
5,52,13,39,1,Lenoir,2022-02-07
10,88,17,71,1,Lenoir,2022-01-31
12,138,29,109,1,Lenoir,2022-01-26
22,250,41,209,1,Lenoir,2022-01-24
25,276,60,216,1,Lenoir,2022-01-13
27,351,69,282,1,Lenoir,2022-01-18
0,9,2,7,1,Lincoln,2022-03-01
0,2,0,2,1,Lincoln,2022-03-18
0,1,0,1,1,Lincoln,2022-04-05
1,12,6,6,1,Lincoln,2022-02-22
1,3,0,3,1,Lincoln,2022-03-29
1,15,4,11,1,Lincoln,2022-05-02
2,31,8,23,1,Lincoln,2022-02-06
2,20,5,15,1,Lincoln,2022-02-18
2,14,7,7,1,Lincoln,2022-02-20
3,40,11,29,1,Lincoln,2022-01-30
3,23,11,12,1,Lincoln,2022-02-12
3,43,13,30,1,Lincoln,2022-02-15
3,37,9,28,1,Lincoln,2022-02-16
6,41,10,31,1,Lincoln,2022-02-11
8,94,15,79,1,Lincoln,2022-01-08
12,130,39,91,1,Lincoln,2022-02-01
21,213,86,127,1,Lincoln,2022-01-10
31,270,66,204,1,Lincoln,2022-01-04
,0,0,0,1,Macon,2022-03-21
,0,0,0,1,Macon,2022-03-30
,0,0,0,1,Macon,2022-04-15
0,1,0,1,1,Macon,2022-02-27
0,2,0,2,1,Macon,2022-03-02
0,4,2,2,1,Macon,2022-03-07
0,1,0,1,1,Macon,2022-03-19
0,3,2,1,1,Macon,2022-05-10
1,18,5,13,1,Macon,2022-01-09
1,12,0,12,1,Macon,2022-01-16
1,33,10,23,1,Macon,2022-01-27
1,20,3,17,1,Macon,2022-02-08
1,6,2,4,1,Macon,2022-02-22
1,2,0,2,1,Macon,2022-04-13
2,41,15,26,1,Macon,2022-01-07
2,8,2,6,1,Macon,2022-02-17
2,5,2,3,1,Macon,2022-02-24
3,57,15,42,1,Macon,2022-01-31
8,97,6,91,1,Macon,2022-01-14
,0,0,0,1,Madison,2022-02-26
0,4,3,1,1,Madison,2022-02-22
1,7,0,7,1,Madison,2022-01-08
1,4,0,4,1,Madison,2022-02-06
1,2,2,0,1,Madison,2022-03-09
2,26,4,22,1,Madison,2022-02-11
2,8,3,5,1,Madison,2022-06-07
3,34,6,28,1,Madison,2022-01-27
6,52,3,49,1,Madison,2022-01-14
8,53,11,42,1,Madison,2022-02-01
,0,0,0,1,Martin,2022-04-26
0,2,0,2,1,Martin,2022-02-12
0,1,1,0,1,Martin,2022-02-13
0,1,0,1,1,Martin,2022-02-25
0,9,2,7,1,Martin,2022-02-26
1,7,1,6,1,Martin,2022-02-09
1,2,0,2,1,Martin,2022-02-27
1,3,0,3,1,Martin,2022-02-28
2,16,3,13,1,Martin,2022-01-23
2,35,1,34,1,Martin,2022-01-27
4,54,5,49,1,Martin,2022-01-07
4,43,2,41,1,Martin,2022-01-26
6,87,7,80,1,Martin,2022-01-24
,0,0,0,1,McDowell,2022-03-22
0,17,7,10,1,McDowell,2022-02-21
0,8,3,5,1,McDowell,2022-03-03
0,3,0,3,1,McDowell,2022-03-06
0,3,0,3,1,McDowell,2022-03-08
1,6,1,5,1,McDowell,2022-03-02
2,12,7,5,1,McDowell,2022-01-16
2,33,5,28,1,McDowell,2022-02-16
3,9,2,7,1,McDowell,2022-05-30
4,53,12,41,1,McDowell,2022-01-23
4,52,14,38,1,McDowell,2022-02-04
4,32,10,22,1,McDowell,2022-02-06
5,60,17,43,1,McDowell,2022-01-09
5,57,25,32,1,McDowell,2022-01-15
5,98,16,82,1,McDowell,2022-01-18
6,68,19,49,1,McDowell,2022-02-02
7,82,28,54,1,McDowell,2022-02-01
9,60,14,46,1,McDowell,2022-02-08
9,42,11,31,1,McDowell,2022-02-14
15,126,34,92,1,McDowell,2022-01-25
16,74,19,55,1,McDowell,2022-02-03
20,176,52,124,1,McDowell,2022-01-11
28,131,49,82,1,McDowell,2022-01-13
0,29,4,25,1,Mecklenburg,2022-03-19
1,50,11,39,1,Mecklenburg,2022-03-16
1,53,11,42,1,Mecklenburg,2022-03-25
2,67,10,57,1,Mecklenburg,2022-03-04
2,46,10,36,1,Mecklenburg,2022-03-24
2,41,9,32,1,Mecklenburg,2022-04-02
2,50,12,38,1,Mecklenburg,2022-04-03
3,81,13,68,1,Mecklenburg,2022-03-07
3,54,8,46,1,Mecklenburg,2022-03-11
3,47,6,41,1,Mecklenburg,2022-03-28
4,135,29,106,1,Mecklenburg,2022-02-24
4,39,5,34,1,Mecklenburg,2022-03-06
4,52,7,45,1,Mecklenburg,2022-03-10
5,66,11,55,1,Mecklenburg,2022-02-27
5,46,5,41,1,Mecklenburg,2022-03-05
7,66,13,53,1,Mecklenburg,2022-03-21
8,93,17,76,1,Mecklenburg,2022-03-29
9,140,27,113,1,Mecklenburg,2022-02-19
10,222,35,187,1,Mecklenburg,2022-05-08
12,228,41,187,1,Mecklenburg,2022-02-21
12,182,31,151,1,Mecklenburg,2022-02-22
13,124,21,103,1,Mecklenburg,2022-04-08
25,257,26,231,1,Mecklenburg,2022-06-26
35,452,58,394,1,Mecklenburg,2022-05-11
38,458,69,389,1,Mecklenburg,2022-05-12
42,502,60,442,1,Mecklenburg,2022-06-02
44,477,51,426,1,Mecklenburg,2022-06-08
45,437,66,371,1,Mecklenburg,2022-06-13
47,433,65,368,1,Mecklenburg,2022-05-27
48,385,34,351,1,Mecklenburg,2022-06-10
49,497,77,420,1,Mecklenburg,2022-06-27
55,599,73,526,1,Mecklenburg,2022-05-31
147,1690,311,1379,1,Mecklenburg,2022-01-09
,0,0,0,1,Mitchell,2022-03-21
1,23,3,20,1,Mitchell,2022-01-13
1,4,2,2,1,Mitchell,2022-01-16
1,20,1,19,1,Mitchell,2022-01-19
1,3,2,1,1,Mitchell,2022-02-13
1,5,2,3,1,Mitchell,2022-02-18
2,9,1,8,1,Mitchell,2022-01-22
2,16,6,10,1,Mitchell,2022-02-03
4,17,5,12,1,Mitchell,2022-01-28
0,2,0,2,1,Montgomery,2022-01-30
0,16,1,15,1,Montgomery,2022-02-08
0,14,1,13,1,Montgomery,2022-02-09
0,3,1,2,1,Montgomery,2022-02-12
0,3,1,2,1,Montgomery,2022-02-19
0,5,0,5,1,Montgomery,2022-05-16
0,3,0,3,1,Montgomery,2022-06-05
0,8,0,8,1,Montgomery,2022-06-21
1,12,2,10,1,Montgomery,2022-01-29
2,34,6,28,1,Montgomery,2022-01-28
2,3,1,2,1,Montgomery,2022-02-06
2,13,0,13,1,Montgomery,2022-02-07
2,13,0,13,1,Montgomery,2022-02-14
2,5,2,3,1,Montgomery,2022-05-30
4,24,6,18,1,Montgomery,2022-02-02
5,31,9,22,1,Montgomery,2022-02-03
6,55,3,52,1,Montgomery,2022-01-07
6,35,6,29,1,Montgomery,2022-01-09
9,129,21,108,1,Montgomery,2022-01-13
0,20,2,18,1,Moore,2022-02-23
0,23,6,17,1,Moore,2022-02-24
0,10,1,9,1,Moore,2022-03-03
0,4,2,2,1,Moore,2022-03-06
0,3,1,2,1,Moore,2022-03-10
0,6,2,4,1,Moore,2022-03-11
1,15,5,10,1,Moore,2022-02-19
1,14,2,12,1,Moore,2022-03-01
1,5,0,5,1,Moore,2022-03-05
1,4,2,2,1,Moore,2022-04-06
1,21,4,17,1,Moore,2022-05-03
2,32,4,28,1,Moore,2022-02-16
2,23,2,21,1,Moore,2022-02-18
2,28,8,20,1,Moore,2022-06-26
3,55,7,48,1,Moore,2022-02-14
3,16,6,10,1,Moore,2022-04-28
4,30,10,20,1,Moore,2022-05-11
5,84,13,71,1,Moore,2022-02-03
5,74,15,59,1,Moore,2022-02-04
5,34,17,17,1,Moore,2022-06-16
11,194,36,158,1,Moore,2022-01-25
11,129,25,104,1,Moore,2022-02-01
17,133,31,102,1,Moore,2022-01-27
26,428,69,359,1,Moore,2022-01-18
38,441,30,411,1,Moore,2022-01-10
0,1,0,1,1,Nash,2022-02-26
0,2,0,2,1,Nash,2022-03-22
0,2,1,1,1,Nash,2022-03-24
0,2,0,2,1,Nash,2022-04-10
1,14,1,13,1,Nash,2022-02-12
1,14,6,8,1,Nash,2022-02-18
1,11,3,8,1,Nash,2022-02-19
1,5,0,5,1,Nash,2022-03-14
1,5,4,1,1,Nash,2022-04-12
1,5,2,3,1,Nash,2022-04-16
1,8,2,6,1,Nash,2022-04-27
2,21,5,16,1,Nash,2022-02-17
2,7,1,6,1,Nash,2022-02-20
2,3,1,2,1,Nash,2022-04-02
2,18,4,14,1,Nash,2022-06-17
3,38,8,30,1,Nash,2022-01-29
3,40,8,32,1,Nash,2022-02-08
3,24,7,17,1,Nash,2022-05-24
4,49,12,37,1,Nash,2022-02-11
4,25,4,21,1,Nash,2022-02-16
4,13,1,12,1,Nash,2022-02-22
4,14,5,9,1,Nash,2022-05-30
5,59,0,59,1,Nash,2022-01-21
5,29,2,27,1,Nash,2022-02-05
5,19,4,15,1,Nash,2022-02-23
5,26,6,20,1,Nash,2022-06-09
7,108,5,103,1,Nash,2022-01-09
9,109,19,90,1,Nash,2022-01-28
9,67,14,53,1,Nash,2022-02-04
9,69,10,59,1,Nash,2022-02-07
11,135,14,121,1,Nash,2022-01-26
30,313,21,292,1,Nash,2022-01-07
34,401,26,375,1,Nash,2022-01-06
40,348,31,317,1,Nash,2022-01-13
0,13,4,9,1,New Hanover,2022-02-26
0,18,2,16,1,New Hanover,2022-02-28
0,3,0,3,1,New Hanover,2022-03-05
0,7,1,6,1,New Hanover,2022-03-08
0,5,0,5,1,New Hanover,2022-03-12
0,9,3,6,1,New Hanover,2022-03-17
0,4,1,3,1,New Hanover,2022-03-18
0,21,1,20,1,New Hanover,2022-05-01
1,79,19,60,1,New Hanover,2022-02-05
1,74,12,62,1,New Hanover,2022-02-06
1,21,9,12,1,New Hanover,2022-02-20
1,10,0,10,1,New Hanover,2022-03-10
1,5,0,5,1,New Hanover,2022-03-21
1,14,3,11,1,New Hanover,2022-04-06
1,37,9,28,1,New Hanover,2022-05-28
2,13,3,10,1,New Hanover,2022-03-03
2,58,8,50,1,New Hanover,2022-05-25
3,34,10,24,1,New Hanover,2022-02-13
3,70,17,53,1,New Hanover,2022-02-15
3,17,3,14,1,New Hanover,2022-03-02
4,172,42,130,1,New Hanover,2022-02-07
5,55,20,35,1,New Hanover,2022-02-17
5,19,8,11,1,New Hanover,2022-04-07
5,60,12,48,1,New Hanover,2022-06-17
6,102,31,71,1,New Hanover,2022-01-30
7,122,21,101,1,New Hanover,2022-01-22
7,90,24,66,1,New Hanover,2022-02-09
8,75,12,63,1,New Hanover,2022-06-07
8,78,13,65,1,New Hanover,2022-06-14
8,76,12,64,1,New Hanover,2022-06-16
10,191,48,143,1,New Hanover,2022-01-23
10,119,30,89,1,New Hanover,2022-02-10
10,107,15,92,1,New Hanover,2022-05-31
15,228,50,178,1,New Hanover,2022-01-21
18,264,61,203,1,New Hanover,2022-01-08
18,289,55,234,1,New Hanover,2022-01-09
20,398,66,332,1,New Hanover,2022-01-26
30,553,147,406,1,New Hanover,2022-01-05
41,671,123,548,1,New Hanover,2022-01-13
,0,0,0,1,Northampton,2022-02-27
0,8,1,7,1,Northampton,2022-01-21
0,4,0,4,1,Northampton,2022-01-30
0,3,0,3,1,Northampton,2022-02-12
0,1,0,1,1,Northampton,2022-02-13
0,6,0,6,1,Northampton,2022-02-22
0,1,0,1,1,Northampton,2022-03-16
1,10,4,6,1,Northampton,2022-02-04
2,21,3,18,1,Northampton,2022-01-31
2,15,5,10,1,Northampton,2022-02-02
4,27,8,19,1,Northampton,2022-01-28
4,14,10,4,1,Northampton,2022-06-14
0,6,1,5,1,Onslow,2022-02-27
0,15,1,14,1,Onslow,2022-03-05
0,8,1,7,1,Onslow,2022-03-11
0,4,1,3,1,Onslow,2022-03-14
0,4,0,4,1,Onslow,2022-03-22
1,3,0,3,1,Onslow,2022-03-16
1,5,1,4,1,Onslow,2022-04-07
1,6,0,6,1,Onslow,2022-04-30
2,25,4,21,1,Onslow,2022-02-24
2,14,5,9,1,Onslow,2022-05-08
3,62,5,57,1,Onslow,2022-02-17
3,81,10,71,1,Onslow,2022-05-16
4,38,13,25,1,Onslow,2022-05-21
7,80,12,68,1,Onslow,2022-05-24
8,66,9,57,1,Onslow,2022-06-16
8,54,10,44,1,Onslow,2022-06-24
15,179,27,152,1,Onslow,2022-01-21
17,261,39,222,1,Onslow,2022-02-07
21,273,31,242,1,Onslow,2022-02-01
39,427,59,368,1,Onslow,2022-01-26
66,808,158,650,1,Onslow,2022-01-05
70,996,114,882,1,Onslow,2022-01-11
0,38,3,35,1,Orange,2022-02-12
0,42,3,39,1,Orange,2022-02-21
0,15,2,13,1,Orange,2022-03-03
0,9,0,9,1,Orange,2022-03-19
1,57,5,52,1,Orange,2022-01-30
1,20,1,19,1,Orange,2022-03-07
2,61,6,55,1,Orange,2022-04-09
2,31,4,27,1,Orange,2022-06-11
3,51,2,49,1,Orange,2022-02-06
3,72,2,70,1,Orange,2022-02-10
4,106,3,103,1,Orange,2022-02-04
4,63,7,56,1,Orange,2022-02-16
5,123,4,119,1,Orange,2022-01-23
6,132,9,123,1,Orange,2022-01-09
8,209,17,192,1,Orange,2022-01-08
20,430,30,400,1,Orange,2022-01-14
30,514,25,489,1,Orange,2022-01-04
,0,0,0,1,Pamlico,2022-05-08
2,16,0,16,1,Pamlico,2022-02-01
,0,0,0,1,Pasquotank,2022-03-18
,0,0,0,1,Pasquotank,2022-03-20
,0,0,0,1,Pasquotank,2022-03-22
0,3,0,3,1,Pasquotank,2022-02-11
1,26,7,19,1,Pasquotank,2022-01-21
1,14,1,13,1,Pasquotank,2022-01-30
1,9,1,8,1,Pasquotank,2022-02-05
2,30,5,25,1,Pasquotank,2022-02-02
4,90,24,66,1,Pasquotank,2022-01-25
6,34,11,23,1,Pasquotank,2022-02-03
0,9,5,4,1,Pender,2022-02-19
1,35,0,35,1,Pender,2022-01-29
1,35,6,29,1,Pender,2022-02-09
1,29,7,22,1,Pender,2022-02-14
2,7,1,6,1,Pender,2022-02-25
2,17,4,13,1,Pender,2022-05-17
2,15,2,13,1,Pender,2022-05-27
3,18,0,18,1,Pender,2022-02-06
4,60,9,51,1,Pender,2022-02-03
4,55,6,49,1,Pender,2022-02-04
5,53,7,46,1,Pender,2022-01-21
8,114,21,93,1,Pender,2022-01-15
8,63,7,56,1,Pender,2022-01-16
8,116,10,106,1,Pender,2022-01-31
9,121,13,108,1,Pender,2022-01-26
11,88,16,72,1,Pender,2022-01-09
13,228,42,186,1,Pender,2022-01-17
15,221,20,201,1,Pender,2022-01-11
16,184,23,161,1,Pender,2022-01-14
16,165,16,149,1,Pender,2022-01-25
,0,0,0,1,Perquimans,2022-02-16
,0,0,0,1,Perquimans,2022-03-21
0,3,1,2,1,Perquimans,2022-02-04
4,32,16,16,1,Perquimans,2022-01-07
5,45,7,38,1,Perquimans,2022-01-18
0,21,5,16,1,Person,2022-01-29
0,6,1,5,1,Person,2022-02-21
0,1,1,0,1,Person,2022-03-16
1,6,2,4,1,Person,2022-02-19
1,5,3,2,1,Person,2022-02-24
2,14,2,12,1,Person,2022-02-09
3,64,8,56,1,Person,2022-01-08
4,48,18,30,1,Person,2022-02-01
5,39,11,28,1,Person,2022-02-03
18,111,24,87,1,Person,2022-01-20
0,5,2,3,1,Pitt,2022-03-05
0,3,1,2,1,Pitt,2022-03-06
0,4,2,2,1,Pitt,2022-03-08
0,2,0,2,1,Pitt,2022-03-16
0,3,0,3,1,Pitt,2022-03-19
0,4,0,4,1,Pitt,2022-03-25
1,15,2,13,1,Pitt,2022-03-04
1,4,0,4,1,Pitt,2022-03-14
2,42,7,35,1,Pitt,2022-02-16
2,43,3,40,1,Pitt,2022-02-18
2,22,3,19,1,Pitt,2022-02-23
2,22,5,17,1,Pitt,2022-02-24
2,20,1,19,1,Pitt,2022-02-25
2,11,1,10,1,Pitt,2022-03-02
2,11,0,11,1,Pitt,2022-04-15
3,71,12,59,1,Pitt,2022-01-29
3,33,3,30,1,Pitt,2022-06-19
5,95,11,84,1,Pitt,2022-02-09
5,63,7,56,1,Pitt,2022-02-11
6,56,1,55,1,Pitt,2022-01-22
6,69,6,63,1,Pitt,2022-02-14
6,45,7,38,1,Pitt,2022-06-26
12,158,14,144,1,Pitt,2022-02-03
15,146,11,135,1,Pitt,2022-02-07
20,174,11,163,1,Pitt,2022-02-02
24,287,26,261,1,Pitt,2022-01-28
28,314,35,279,1,Pitt,2022-01-31
82,650,40,610,1,Pitt,2022-01-05
84,817,73,744,1,Pitt,2022-01-14
,0,0,0,1,Polk,2022-03-03
,0,0,0,1,Polk,2022-03-08
,0,0,0,1,Polk,2022-04-11
,0,0,0,1,Polk,2022-04-19
0,12,5,7,1,Polk,2022-01-30
0,12,5,7,1,Polk,2022-02-04
0,22,14,8,1,Polk,2022-02-08
0,2,1,1,1,Polk,2022-02-20
0,1,0,1,1,Polk,2022-03-14
1,11,4,7,1,Polk,2022-02-09
1,7,4,3,1,Polk,2022-02-17
3,17,12,5,1,Polk,2022-02-03
6,18,17,1,1,Polk,2022-01-17
9,59,28,31,1,Polk,2022-01-11
0,5,1,4,1,Randolph,2022-03-08
0,5,1,4,1,Randolph,2022-03-16
0,5,0,5,1,Randolph,2022-03-20
0,4,1,3,1,Randolph,2022-04-15
0,15,5,10,1,Randolph,2022-04-19
1,7,0,7,1,Randolph,2022-03-11
1,4,2,2,1,Randolph,2022-04-12
2,8,1,7,1,Randolph,2022-02-26
2,14,9,5,1,Randolph,2022-03-02
2,16,6,10,1,Randolph,2022-03-03
2,20,10,10,1,Randolph,2022-05-15
3,25,5,20,1,Randolph,2022-02-22
3,29,10,19,1,Randolph,2022-06-28
4,20,11,9,1,Randolph,2022-02-19
4,28,15,13,1,Randolph,2022-05-02
4,39,18,21,1,Randolph,2022-05-31
5,76,24,52,1,Randolph,2022-01-22
5,62,15,47,1,Randolph,2022-02-15
5,41,25,16,1,Randolph,2022-06-13
7,94,22,72,1,Randolph,2022-02-08
7,59,16,43,1,Randolph,2022-02-11
9,60,16,44,1,Randolph,2022-01-29
9,136,32,104,1,Randolph,2022-02-03
10,66,16,50,1,Randolph,2022-02-10
11,182,34,148,1,Randolph,2022-01-09
16,169,59,110,1,Randolph,2022-01-28
18,136,46,90,1,Randolph,2022-02-02
18,115,39,76,1,Randolph,2022-02-07
27,304,112,192,1,Randolph,2022-01-05
27,285,89,196,1,Randolph,2022-01-07
27,248,82,166,1,Randolph,2022-01-27
51,581,145,436,1,Randolph,2022-01-10
53,630,145,485,1,Randolph,2022-01-19
57,613,148,465,1,Randolph,2022-01-18
,0,0,0,1,Richmond,2022-02-27
0,32,4,28,1,Richmond,2022-02-04
0,11,2,9,1,Richmond,2022-02-23
0,3,0,3,1,Richmond,2022-03-04
1,15,3,12,1,Richmond,2022-02-08
1,5,0,5,1,Richmond,2022-02-13
1,4,1,3,1,Richmond,2022-03-05
1,7,2,5,1,Richmond,2022-06-19
2,12,1,11,1,Richmond,2022-02-11
2,10,1,9,1,Richmond,2022-02-15
2,8,0,8,1,Richmond,2022-02-25
3,36,4,32,1,Richmond,2022-01-21
3,24,6,18,1,Richmond,2022-02-03
4,80,29,51,1,Richmond,2022-01-27
5,94,10,84,1,Richmond,2022-01-09
6,45,21,24,1,Richmond,2022-02-02
7,118,31,87,1,Richmond,2022-01-25
12,193,15,178,1,Richmond,2022-01-14
17,144,80,64,1,Richmond,2022-01-26
20,184,31,153,1,Richmond,2022-01-05
0,6,4,2,1,Robeson,2022-04-13
0,9,5,4,1,Robeson,2022-05-07
1,14,5,9,1,Robeson,2022-02-20
1,8,4,4,1,Robeson,2022-02-27
1,6,1,5,1,Robeson,2022-03-28
2,19,3,16,1,Robeson,2022-02-24
3,58,18,40,1,Robeson,2022-02-10
3,21,6,15,1,Robeson,2022-02-13
3,28,10,18,1,Robeson,2022-02-16
3,7,3,4,1,Robeson,2022-03-09
5,34,18,16,1,Robeson,2022-02-06
9,49,31,18,1,Robeson,2022-06-16
10,125,54,71,1,Robeson,2022-02-03
11,90,33,57,1,Robeson,2022-02-04
12,109,37,72,1,Robeson,2022-02-02
21,73,25,48,1,Robeson,2022-06-14
30,242,99,143,1,Robeson,2022-01-26
37,530,194,336,1,Robeson,2022-01-14
71,549,230,319,1,Robeson,2022-01-17
72,629,206,423,1,Robeson,2022-01-19
78,855,301,554,1,Robeson,2022-01-18
,0,0,0,1,Rockingham,2022-03-12
0,16,3,13,1,Rockingham,2022-02-18
0,7,1,6,1,Rockingham,2022-02-20
0,2,0,2,1,Rockingham,2022-03-26
0,1,0,1,1,Rockingham,2022-04-13
1,10,1,9,1,Rockingham,2022-03-04
2,104,13,91,1,Rockingham,2022-01-09
2,43,7,36,1,Rockingham,2022-02-11
3,28,5,23,1,Rockingham,2022-02-15
3,32,2,30,1,Rockingham,2022-02-16
4,18,6,12,1,Rockingham,2022-01-16
4,57,10,47,1,Rockingham,2022-02-14
5,24,2,22,1,Rockingham,2022-02-05
5,27,6,21,1,Rockingham,2022-02-21
6,49,5,44,1,Rockingham,2022-02-08
8,94,9,85,1,Rockingham,2022-01-23
8,177,27,150,1,Rockingham,2022-01-26
8,114,8,106,1,Rockingham,2022-01-28
10,64,9,55,1,Rockingham,2022-02-09
12,81,8,73,1,Rockingham,2022-02-07
13,258,50,208,1,Rockingham,2022-01-07
14,159,24,135,1,Rockingham,2022-01-27
16,273,29,244,1,Rockingham,2022-01-13
19,195,35,160,1,Rockingham,2022-01-25
23,324,50,274,1,Rockingham,2022-01-14
27,345,30,315,1,Rockingham,2022-01-10
28,343,64,279,1,Rockingham,2022-01-19
0,18,5,13,1,Rowan,2022-02-23
0,7,0,7,1,Rowan,2022-02-27
0,10,3,7,1,Rowan,2022-03-15
1,44,4,40,1,Rowan,2022-02-05
1,26,3,23,1,Rowan,2022-02-12
1,9,1,8,1,Rowan,2022-03-09
1,4,0,4,1,Rowan,2022-03-11
1,6,0,6,1,Rowan,2022-04-30
2,32,6,26,1,Rowan,2022-02-13
2,13,2,11,1,Rowan,2022-02-25
2,12,5,7,1,Rowan,2022-03-07
2,5,1,4,1,Rowan,2022-03-29
3,34,6,28,1,Rowan,2022-01-16
3,47,11,36,1,Rowan,2022-02-06
3,15,5,10,1,Rowan,2022-03-08
4,32,4,28,1,Rowan,2022-02-18
4,32,8,24,1,Rowan,2022-06-17
5,68,10,58,1,Rowan,2022-01-30
6,26,7,19,1,Rowan,2022-05-08
6,32,5,27,1,Rowan,2022-06-03
7,83,7,76,1,Rowan,2022-02-09
11,125,31,94,1,Rowan,2022-01-09
11,145,21,124,1,Rowan,2022-02-02
11,46,12,34,1,Rowan,2022-06-21
13,120,24,96,1,Rowan,2022-02-07
17,228,24,204,1,Rowan,2022-01-28
20,103,10,93,1,Rowan,2022-02-08
22,226,43,183,1,Rowan,2022-01-27
24,169,59,110,1,Rowan,2022-01-17
33,348,56,292,1,Rowan,2022-01-07
52,412,66,346,1,Rowan,2022-01-05
54,579,84,495,1,Rowan,2022-01-13
57,482,99,383,1,Rowan,2022-01-18
74,653,115,538,1,Rowan,2022-01-10
,0,0,0,1,Rutherford,2022-03-15
0,16,5,11,1,Rutherford,2022-02-17
0,10,2,8,1,Rutherford,2022-02-19
1,21,9,12,1,Rutherford,2022-02-05
1,6,1,5,1,Rutherford,2022-02-12
1,7,3,4,1,Rutherford,2022-02-23
1,4,1,3,1,Rutherford,2022-04-26
1,14,1,13,1,Rutherford,2022-06-11
2,44,18,26,1,Rutherford,2022-01-29
2,14,4,10,1,Rutherford,2022-02-24
2,9,3,6,1,Rutherford,2022-03-01
2,8,1,7,1,Rutherford,2022-05-11
3,59,28,31,1,Rutherford,2022-02-08
3,26,5,21,1,Rutherford,2022-02-11
3,26,12,14,1,Rutherford,2022-02-14
3,12,3,9,1,Rutherford,2022-02-18
3,7,0,7,1,Rutherford,2022-05-02
3,13,0,13,1,Rutherford,2022-06-12
3,24,6,18,1,Rutherford,2022-06-20
4,84,41,43,1,Rutherford,2022-01-15
4,10,3,7,1,Rutherford,2022-05-10
5,57,18,39,1,Rutherford,2022-01-23
6,93,32,61,1,Rutherford,2022-01-28
8,69,34,35,1,Rutherford,2022-01-22
11,168,75,93,1,Rutherford,2022-01-14
13,142,35,107,1,Rutherford,2022-01-05
19,204,112,92,1,Rutherford,2022-01-13
25,187,60,127,1,Rutherford,2022-01-18
,0,0,0,1,Sampson,2022-03-20
,0,0,0,1,Sampson,2022-04-09
0,11,2,9,1,Sampson,2022-02-18
0,9,4,5,1,Sampson,2022-03-03
0,2,2,0,1,Sampson,2022-03-06
0,4,1,3,1,Sampson,2022-03-07
0,2,2,0,1,Sampson,2022-04-16
1,24,10,14,1,Sampson,2022-01-30
1,14,6,8,1,Sampson,2022-02-05
1,28,11,17,1,Sampson,2022-02-11
1,7,4,3,1,Sampson,2022-02-13
2,15,6,9,1,Sampson,2022-01-29
2,59,18,41,1,Sampson,2022-02-02
2,51,19,32,1,Sampson,2022-02-03
3,102,35,67,1,Sampson,2022-01-31
3,20,6,14,1,Sampson,2022-02-17
3,13,8,5,1,Sampson,2022-02-24
4,35,14,21,1,Sampson,2022-02-14
6,98,35,63,1,Sampson,2022-01-08
6,55,23,32,1,Sampson,2022-02-07
19,264,94,170,1,Sampson,2022-01-05
19,257,70,187,1,Sampson,2022-01-17
19,268,95,173,1,Sampson,2022-01-20
22,275,140,135,1,Sampson,2022-01-04
25,414,92,322,1,Sampson,2022-01-18
0,24,6,18,1,Scotland,2022-01-21
0,8,3,5,1,Scotland,2022-02-06
0,5,2,3,1,Scotland,2022-02-12
1,8,2,6,1,Scotland,2022-01-22
1,5,3,2,1,Scotland,2022-01-29
1,25,15,10,1,Scotland,2022-02-02
1,11,5,6,1,Scotland,2022-02-10
1,19,5,14,1,Scotland,2022-02-14
1,2,2,0,1,Scotland,2022-03-03
2,38,11,27,1,Scotland,2022-01-28
2,19,6,13,1,Scotland,2022-02-04
9,148,41,107,1,Scotland,2022-01-07
,0,0,0,1,Stanly,2022-02-27
,0,0,0,1,Stanly,2022-03-24
0,3,0,3,1,Stanly,2022-02-28
0,3,0,3,1,Stanly,2022-03-03
0,2,0,2,1,Stanly,2022-03-05
0,2,0,2,1,Stanly,2022-03-15
0,1,0,1,1,Stanly,2022-03-16
0,1,0,1,1,Stanly,2022-03-23
0,1,0,1,1,Stanly,2022-03-29
0,3,0,3,1,Stanly,2022-03-30
1,29,2,27,1,Stanly,2022-01-22
1,43,1,42,1,Stanly,2022-02-08
1,4,0,4,1,Stanly,2022-02-19
1,10,0,10,1,Stanly,2022-05-11
2,45,3,42,1,Stanly,2022-02-02
3,17,2,15,1,Stanly,2022-02-05
3,12,4,8,1,Stanly,2022-02-17
4,22,1,21,1,Stanly,2022-02-15
4,24,3,21,1,Stanly,2022-05-16
5,37,2,35,1,Stanly,2022-02-10
5,35,2,33,1,Stanly,2022-02-11
6,45,3,42,1,Stanly,2022-02-09
7,39,20,19,1,Stanly,2022-01-30
8,134,21,113,1,Stanly,2022-01-21
11,113,8,105,1,Stanly,2022-01-27
19,179,29,150,1,Stanly,2022-01-26
28,188,63,125,1,Stanly,2022-01-07
29,251,47,204,1,Stanly,2022-01-24
30,214,64,150,1,Stanly,2022-01-05
46,387,108,279,1,Stanly,2022-01-10
,0,0,0,1,Stokes,2022-04-10
0,6,1,5,1,Stokes,2022-03-01
0,3,0,3,1,Stokes,2022-03-11
0,1,0,1,1,Stokes,2022-04-02
1,13,2,11,1,Stokes,2022-02-24
1,5,4,1,1,Stokes,2022-03-03
1,2,1,1,1,Stokes,2022-05-01
2,36,6,30,1,Stokes,2022-02-04
2,13,2,11,1,Stokes,2022-02-16
2,20,3,17,1,Stokes,2022-02-21
3,29,12,17,1,Stokes,2022-01-17
3,12,3,9,1,Stokes,2022-01-30
3,23,3,20,1,Stokes,2022-02-11
3,26,2,24,1,Stokes,2022-02-15
3,17,9,8,1,Stokes,2022-06-13
4,48,8,40,1,Stokes,2022-01-08
4,63,4,59,1,Stokes,2022-01-28
5,38,6,32,1,Stokes,2022-02-07
5,20,4,16,1,Stokes,2022-02-22
6,90,19,71,1,Stokes,2022-01-21
7,112,33,79,1,Stokes,2022-01-05
8,84,16,68,1,Stokes,2022-01-26
15,106,27,79,1,Stokes,2022-01-14
28,185,49,136,1,Stokes,2022-01-10
0,27,9,18,1,Surry,2022-02-18
0,3,2,1,1,Surry,2022-03-11
0,2,0,2,1,Surry,2022-03-20
0,1,1,0,1,Surry,2022-03-22
0,3,1,2,1,Surry,2022-04-07
1,38,9,29,1,Surry,2022-02-05
1,16,5,11,1,Surry,2022-02-20
1,3,0,3,1,Surry,2022-04-23
2,15,7,8,1,Surry,2022-03-02
2,35,10,25,1,Surry,2022-06-14
2,32,12,20,1,Surry,2022-06-24
3,108,21,87,1,Surry,2022-01-09
3,16,6,10,1,Surry,2022-06-10
5,37,14,23,1,Surry,2022-05-24
6,31,8,23,1,Surry,2022-06-27
11,158,56,102,1,Surry,2022-01-21
11,116,44,72,1,Surry,2022-01-28
12,157,53,104,1,Surry,2022-01-25
13,208,67,141,1,Surry,2022-01-18
15,133,39,94,1,Surry,2022-01-26
15,120,45,75,1,Surry,2022-01-27
20,253,72,181,1,Surry,2022-01-13
21,101,49,52,1,Surry,2022-01-17
,0,0,0,1,Swain,2022-03-08
0,10,5,5,1,Swain,2022-02-14
0,2,0,2,1,Swain,2022-03-07
0,1,0,1,1,Swain,2022-04-23
0,9,1,8,1,Swain,2022-05-20
1,35,8,27,1,Swain,2022-01-14
1,12,5,7,1,Swain,2022-01-30
2,16,9,7,1,Swain,2022-01-08
2,6,2,4,1,Swain,2022-02-06
3,14,5,9,1,Swain,2022-01-28
,0,0,0,1,Transylvania,2022-02-27
,0,0,0,1,Transylvania,2022-03-21
0,8,5,3,1,Transylvania,2022-02-17
0,3,2,1,1,Transylvania,2022-03-03
0,2,0,2,1,Transylvania,2022-05-02
1,36,22,14,1,Transylvania,2022-01-18
1,9,4,5,1,Transylvania,2022-02-23
1,2,0,2,1,Transylvania,2022-03-02
2,53,15,38,1,Transylvania,2022-01-13
2,15,7,8,1,Transylvania,2022-01-17
2,13,6,7,1,Transylvania,2022-02-08
2,20,3,17,1,Transylvania,2022-02-09
4,23,14,9,1,Transylvania,2022-01-22
4,17,6,11,1,Transylvania,2022-02-07
5,64,28,36,1,Transylvania,2022-01-12
6,42,15,27,1,Transylvania,2022-01-07
0,1,0,1,1,Tyrrell,2022-02-09
0,35,11,24,1,Union,2022-02-19
0,32,10,22,1,Union,2022-02-22
0,18,4,14,1,Union,2022-02-24
0,9,2,7,1,Union,2022-03-05
0,10,2,8,1,Union,2022-03-07
0,3,1,2,1,Union,2022-03-13
0,8,1,7,1,Union,2022-03-31
0,10,0,10,1,Union,2022-04-17
1,24,5,19,1,Union,2022-03-02
1,9,3,6,1,Union,2022-03-21
1,18,4,14,1,Union,2022-04-15
2,14,4,10,1,Union,2022-02-26
2,22,2,20,1,Union,2022-04-07
3,61,12,49,1,Union,2022-02-17
3,12,4,8,1,Union,2022-02-27
4,73,20,53,1,Union,2022-05-04
6,143,35,108,1,Union,2022-02-08
6,71,15,56,1,Union,2022-06-08
7,91,16,75,1,Union,2022-02-05
7,73,26,47,1,Union,2022-02-15
7,46,5,41,1,Union,2022-07-02
8,110,19,91,1,Union,2022-06-01
9,81,13,68,1,Union,2022-06-22
16,119,21,98,1,Union,2022-05-19
19,226,64,162,1,Union,2022-01-23
20,255,51,204,1,Union,2022-02-01
29,387,84,303,1,Union,2022-01-08
31,413,99,314,1,Union,2022-01-26
42,483,96,387,1,Union,2022-01-25
65,674,123,551,1,Union,2022-01-05
79,986,218,768,1,Union,2022-01-10
0,1,0,1,1,Vance,2022-03-14
1,26,1,25,1,Vance,2022-02-03
2,26,3,23,1,Vance,2022-02-04
2,9,2,7,1,Vance,2022-02-15
3,60,6,54,1,Vance,2022-01-27
4,181,25,156,1,Vance,2022-01-05
6,133,24,109,1,Vance,2022-01-04
7,92,10,82,1,Vance,2022-01-25
7,62,8,54,1,Vance,2022-01-31
12,158,10,148,1,Vance,2022-01-13
1,31,3,28,1,Wake,2022-03-19
2,28,7,21,1,Wake,2022-03-13
2,68,7,61,1,Wake,2022-03-15
2,76,4,72,1,Wake,2022-03-25
3,59,7,52,1,Wake,2022-03-11
3,80,5,75,1,Wake,2022-03-16
3,93,15,78,1,Wake,2022-03-24
3,57,1,56,1,Wake,2022-04-02
8,89,13,76,1,Wake,2022-03-31
8,147,13,134,1,Wake,2022-04-04
8,182,29,153,1,Wake,2022-04-24
9,99,14,85,1,Wake,2022-03-04
9,100,9,91,1,Wake,2022-03-30
10,133,7,126,1,Wake,2022-04-09
10,174,22,152,1,Wake,2022-04-15
10,197,25,172,1,Wake,2022-05-01
15,297,31,266,1,Wake,2022-04-22
15,351,56,295,1,Wake,2022-05-08
24,391,62,329,1,Wake,2022-05-22
31,610,50,560,1,Wake,2022-02-14
31,487,59,428,1,Wake,2022-05-28
32,377,39,338,1,Wake,2022-04-28
32,319,37,282,1,Wake,2022-06-11
36,529,39,490,1,Wake,2022-05-07
36,443,65,378,1,Wake,2022-05-15
40,480,62,418,1,Wake,2022-06-04
41,579,68,511,1,Wake,2022-05-05
48,472,67,405,1,Wake,2022-06-09
48,526,48,478,1,Wake,2022-06-14
53,614,69,545,1,Wake,2022-06-08
55,867,99,768,1,Wake,2022-05-26
58,799,87,712,1,Wake,2022-02-09
73,1461,122,1339,1,Wake,2022-02-01
79,1314,116,1198,1,Wake,2022-01-09
80,1067,119,948,1,Wake,2022-05-17
86,1018,102,916,1,Wake,2022-05-19
90,1140,110,1030,1,Wake,2022-05-16
313,4875,199,4676,1,Wake,2022-01-07
369,6509,352,6157,1,Wake,2022-01-10
,0,0,0,1,Warren,2022-03-07
0,2,0,2,1,Warren,2022-02-12
0,2,1,1,1,Warren,2022-02-13
0,1,1,0,1,Warren,2022-04-08
1,21,6,15,1,Warren,2022-01-27
5,83,20,63,1,Warren,2022-01-10
5,26,4,22,1,Warren,2022-01-28
,0,0,0,1,Washington,2022-02-19
0,24,11,13,1,Washington,2022-01-31
0,4,1,3,1,Washington,2022-02-05
0,4,0,4,1,Washington,2022-02-06
0,1,0,1,1,Washington,2022-02-21
0,4,3,1,1,Washington,2022-05-16
1,18,13,5,1,Washington,2022-01-28
1,2,0,2,1,Washington,2022-03-01
2,18,7,11,1,Washington,2022-02-02
2,8,3,5,1,Washington,2022-02-11
3,44,7,37,1,Washington,2022-01-17
,0,0,0,1,Watauga,2022-03-25
0,9,1,8,1,Watauga,2022-03-04
0,2,0,2,1,Watauga,2022-03-06
0,1,0,1,1,Watauga,2022-03-13
1,15,7,8,1,Watauga,2022-02-23
1,11,3,8,1,Watauga,2022-03-01
1,4,1,3,1,Watauga,2022-03-28
4,63,32,31,1,Watauga,2022-01-07
4,78,40,38,1,Watauga,2022-02-07
6,91,30,61,1,Watauga,2022-02-02
6,68,30,38,1,Watauga,2022-02-03
7,37,16,21,1,Watauga,2022-02-10
11,141,46,95,1,Watauga,2022-01-13
13,135,45,90,1,Watauga,2022-01-21
20,184,53,131,1,Watauga,2022-01-11
0,5,1,4,1,Wayne,2022-02-20
0,8,4,4,1,Wayne,2022-02-24
0,8,2,6,1,Wayne,2022-03-04
0,8,4,4,1,Wayne,2022-03-09
0,12,3,9,1,Wayne,2022-03-17
0,3,2,1,1,Wayne,2022-03-21
0,1,1,0,1,Wayne,2022-03-27
0,3,0,3,1,Wayne,2022-04-10
1,42,1,41,1,Wayne,2022-01-29
1,36,23,13,1,Wayne,2022-02-16
1,10,7,3,1,Wayne,2022-03-02
1,3,1,2,1,Wayne,2022-03-06
1,7,4,3,1,Wayne,2022-03-10
1,3,1,2,1,Wayne,2022-03-12
1,3,2,1,1,Wayne,2022-03-25
1,7,2,5,1,Wayne,2022-04-24
1,18,11,7,1,Wayne,2022-04-25
1,11,6,5,1,Wayne,2022-05-08
2,11,5,6,1,Wayne,2022-04-27
3,31,7,24,1,Wayne,2022-02-05
3,53,17,36,1,Wayne,2022-02-11
3,8,3,5,1,Wayne,2022-03-15
4,32,4,28,1,Wayne,2022-02-06
6,53,30,23,1,Wayne,2022-02-14
6,18,8,10,1,Wayne,2022-03-07
7,43,23,20,1,Wayne,2022-02-15
9,107,55,52,1,Wayne,2022-02-02
10,88,44,44,1,Wayne,2022-02-03
12,102,14,88,1,Wayne,2022-01-23
13,152,70,82,1,Wayne,2022-02-01
15,163,44,119,1,Wayne,2022-01-09
25,483,213,270,1,Wayne,2022-01-13
31,407,221,186,1,Wayne,2022-01-05
45,422,207,215,1,Wayne,2022-01-17
46,560,283,277,1,Wayne,2022-01-14
56,629,289,340,1,Wayne,2022-01-12
,0,0,0,1,Wilkes,2022-04-15
0,20,5,15,1,Wilkes,2022-02-12
0,27,8,19,1,Wilkes,2022-02-28
0,10,1,9,1,Wilkes,2022-03-07
0,4,2,2,1,Wilkes,2022-03-10
0,1,0,1,1,Wilkes,2022-03-16
0,2,0,2,1,Wilkes,2022-03-25
0,1,1,0,1,Wilkes,2022-04-13
1,47,18,29,1,Wilkes,2022-01-29
1,26,12,14,1,Wilkes,2022-02-23
1,2,0,2,1,Wilkes,2022-03-15
1,18,6,12,1,Wilkes,2022-05-17
2,29,21,8,1,Wilkes,2022-02-06
2,13,5,8,1,Wilkes,2022-06-15
3,9,1,8,1,Wilkes,2022-05-03
4,50,7,43,1,Wilkes,2022-01-17
4,27,12,15,1,Wilkes,2022-06-10
5,63,23,40,1,Wilkes,2022-02-09
5,29,18,11,1,Wilkes,2022-06-06
6,129,29,100,1,Wilkes,2022-01-26
6,35,21,14,1,Wilkes,2022-05-31
8,63,35,28,1,Wilkes,2022-01-09
10,90,28,62,1,Wilkes,2022-01-22
10,110,53,57,1,Wilkes,2022-01-28
12,179,60,119,1,Wilkes,2022-01-21
17,111,42,69,1,Wilkes,2022-02-01
,0,0,0,1,Wilson,2022-03-05
,0,0,0,1,Wilson,2022-03-20
0,1,1,0,1,Wilson,2022-03-13
0,1,0,1,1,Wilson,2022-03-28
0,1,1,0,1,Wilson,2022-04-05
1,16,6,10,1,Wilson,2022-02-05
1,20,3,17,1,Wilson,2022-02-06
1,16,1,15,1,Wilson,2022-02-11
1,26,6,20,1,Wilson,2022-02-14
1,30,5,25,1,Wilson,2022-02-15
1,9,6,3,1,Wilson,2022-02-24
1,7,0,7,1,Wilson,2022-02-25
1,3,0,3,1,Wilson,2022-02-26
1,5,2,3,1,Wilson,2022-03-04
1,6,4,2,1,Wilson,2022-03-07
1,3,1,2,1,Wilson,2022-03-19
1,9,3,6,1,Wilson,2022-05-15
2,73,12,61,1,Wilson,2022-02-02
2,12,2,10,1,Wilson,2022-02-18
2,15,6,9,1,Wilson,2022-05-21
2,10,3,7,1,Wilson,2022-05-29
3,20,12,8,1,Wilson,2022-06-07
4,52,10,42,1,Wilson,2022-01-21
5,42,18,24,1,Wilson,2022-02-07
7,60,19,41,1,Wilson,2022-01-23
8,93,37,56,1,Wilson,2022-01-09
8,81,18,63,1,Wilson,2022-01-15
8,31,14,17,1,Wilson,2022-05-23
25,278,59,219,1,Wilson,2022-01-14
26,306,74,232,1,Wilson,2022-01-11
28,352,65,287,1,Wilson,2022-01-06
30,421,67,354,1,Wilson,2022-01-05
31,301,65,236,1,Wilson,2022-01-13
0,21,9,12,1,Yadkin,2022-02-14
0,20,1,19,1,Yadkin,2022-02-15
0,3,0,3,1,Yadkin,2022-03-08
0,1,1,0,1,Yadkin,2022-03-10
0,3,0,3,1,Yadkin,2022-04-01
0,2,0,2,1,Yadkin,2022-04-15
1,10,3,7,1,Yadkin,2022-02-17
1,11,2,9,1,Yadkin,2022-02-21
1,1,1,0,1,Yadkin,2022-03-14
1,2,1,1,1,Yadkin,2022-03-16
3,55,17,38,1,Yadkin,2022-01-31
4,28,6,22,1,Yadkin,2022-01-17
4,48,19,29,1,Yadkin,2022-01-23
4,45,12,33,1,Yadkin,2022-01-28
5,60,17,43,1,Yadkin,2022-01-27
11,113,27,86,1,Yadkin,2022-01-25
1,4,2,2,1,Yancey,2022-01-09
1,2,1,1,1,Yancey,2022-01-16
2,7,4,3,1,Yancey,2022-02-12
2,4,0,4,1,Yancey,2022-03-01
3,31,17,14,1,Yancey,2022-01-04
3,11,9,2,1,Yancey,2022-01-23
3,30,14,16,1,Yancey,2022-01-25
3,22,7,15,1,Yancey,2022-01-27
5,44,10,34,1,Yancey,2022-01-14
7,76,13,63,1,Yancey,2022-01-05
7,43,11,32,1,Yancey,2022-01-21
8,86,33,53,1,Yancey,2022-01-10
8,70,19,51,1,Yancey,2022-01-24
18,87,19,68,1,Yancey,2022-01-19
1,36,5,31,2,Alamance,2022-02-19
1,23,7,16,2,Alamance,2022-04-06
2,29,3,26,2,Alamance,2022-01-16
4,69,4,65,2,Alamance,2022-02-16
7,86,9,77,2,Alamance,2022-01-29
7,82,9,73,2,Alamance,2022-02-11
7,47,7,40,2,Alamance,2022-02-17
16,269,34,235,2,Alamance,2022-01-21
19,164,27,137,2,Alamance,2022-02-01
26,319,31,288,2,Alamance,2022-01-26
50,631,80,551,2,Alamance,2022-01-07
71,861,87,774,2,Alamance,2022-01-10
0,1,0,1,2,Alexander,2022-02-27
0,2,1,1,2,Alexander,2022-03-10
1,5,1,4,2,Alexander,2022-02-26
13,110,23,87,2,Alexander,2022-01-24
5,30,13,17,2,Alleghany,2022-02-01
14,119,43,76,2,Beaufort,2022-01-17
20,216,30,186,2,Beaufort,2022-01-14
2,46,2,44,2,Bertie,2022-01-07
0,14,3,11,2,Bladen,2022-02-17
7,117,42,75,2,Bladen,2022-01-17
10,73,22,51,2,Bladen,2022-01-26
0,36,4,32,2,Brunswick,2022-02-21
0,16,3,13,2,Brunswick,2022-03-01
1,2,0,2,2,Brunswick,2022-03-06
2,22,3,19,2,Brunswick,2022-03-07
9,93,15,78,2,Brunswick,2022-02-08
10,165,24,141,2,Brunswick,2022-01-15
13,142,15,127,2,Brunswick,2022-02-03
16,398,65,333,2,Brunswick,2022-01-20
17,183,23,160,2,Brunswick,2022-02-01
29,438,61,377,2,Brunswick,2022-01-12
1,8,2,6,2,Buncombe,2022-03-20
2,43,10,33,2,Buncombe,2022-02-19
3,69,26,43,2,Buncombe,2022-02-23
6,90,35,55,2,Buncombe,2022-02-18
7,137,23,114,2,Buncombe,2022-01-30
11,279,76,203,2,Buncombe,2022-01-28
15,112,47,65,2,Buncombe,2022-06-29
29,460,115,345,2,Buncombe,2022-01-21
52,843,290,553,2,Buncombe,2022-01-10
0,33,12,21,2,Burke,2022-02-12
0,9,2,7,2,Burke,2022-02-25
0,12,2,10,2,Burke,2022-03-08
2,51,16,35,2,Burke,2022-02-11
5,30,11,19,2,Burke,2022-02-17
5,39,12,27,2,Burke,2022-02-21
9,137,35,102,2,Burke,2022-01-28
27,349,108,241,2,Burke,2022-01-14
1,15,2,13,2,Cabarrus,2022-02-26
2,27,5,22,2,Cabarrus,2022-02-25
3,46,11,35,2,Cabarrus,2022-02-12
8,102,30,72,2,Cabarrus,2022-02-10
18,227,67,160,2,Cabarrus,2022-01-23
24,305,88,217,2,Cabarrus,2022-01-17
25,237,62,175,2,Cabarrus,2022-02-01
26,385,98,287,2,Cabarrus,2022-01-25
55,647,130,517,2,Cabarrus,2022-01-05
58,728,173,555,2,Cabarrus,2022-01-11
1,13,3,10,2,Caldwell,2022-02-23
4,40,3,37,2,Caldwell,2022-02-06
9,78,14,64,2,Caldwell,2022-02-04
10,120,18,102,2,Caldwell,2022-01-22
12,101,16,85,2,Caldwell,2022-02-02
18,100,25,75,2,Caldwell,2022-01-28
28,188,36,152,2,Caldwell,2022-01-31
36,362,77,285,2,Caldwell,2022-01-11
37,264,54,210,2,Caldwell,2022-01-14
0,24,14,10,2,Carteret,2022-02-16
0,1,1,0,2,Carteret,2022-03-16
7,77,25,52,2,Carteret,2022-01-28
9,195,85,110,2,Carteret,2022-01-13
9,118,57,61,2,Carteret,2022-01-31
3,32,3,29,2,Caswell,2022-02-03
0,10,2,8,2,Catawba,2022-02-26
0,2,0,2,2,Catawba,2022-03-27
1,17,4,13,2,Catawba,2022-03-03
1,6,5,1,2,Catawba,2022-03-23
2,30,16,14,2,Catawba,2022-02-24
2,11,7,4,2,Catawba,2022-03-08
3,45,20,25,2,Catawba,2022-02-12
4,24,8,16,2,Catawba,2022-02-20
9,79,37,42,2,Catawba,2022-02-16
16,168,52,116,2,Catawba,2022-01-17
16,91,49,42,2,Catawba,2022-02-14
22,244,110,134,2,Catawba,2022-02-01
26,351,138,213,2,Catawba,2022-01-26
30,317,108,209,2,Catawba,2022-01-27
43,452,178,274,2,Catawba,2022-01-21
45,530,202,328,2,Catawba,2022-01-05
79,778,324,454,2,Catawba,2022-01-10
86,685,235,450,2,Catawba,2022-01-13
88,758,277,481,2,Catawba,2022-01-12
0,29,1,28,2,Cherokee,2022-02-04
3,47,7,40,2,Cherokee,2022-01-05
4,22,4,18,2,Cherokee,2022-02-11
0,16,2,14,2,Cleveland,2022-02-23
0,3,0,3,2,Cleveland,2022-03-23
1,10,1,9,2,Cleveland,2022-02-26
4,33,9,24,2,Cleveland,2022-02-18
5,61,7,54,2,Cleveland,2022-02-05
5,67,18,49,2,Cleveland,2022-02-10
6,57,10,47,2,Cleveland,2022-02-11
10,61,11,50,2,Cleveland,2022-02-14
14,151,21,130,2,Cleveland,2022-02-02
31,338,53,285,2,Cleveland,2022-01-14
37,385,69,316,2,Cleveland,2022-01-19
4,25,16,9,2,Columbus,2022-02-14
22,326,156,170,2,Columbus,2022-01-12
35,326,116,210,2,Columbus,2022-01-18
35,266,107,159,2,Columbus,2022-01-24
0,33,0,33,2,Craven,2022-01-22
2,38,11,27,2,Craven,2022-02-17
7,162,34,128,2,Craven,2022-01-28
7,141,35,106,2,Craven,2022-02-01
7,106,30,76,2,Craven,2022-02-03
7,61,12,49,2,Craven,2022-02-14
9,120,19,101,2,Craven,2022-02-02
17,386,88,298,2,Craven,2022-01-24
20,319,120,199,2,Craven,2022-01-17
22,507,136,371,2,Craven,2022-01-18
2,26,8,18,2,Cumberland,2022-02-20
2,11,3,8,2,Cumberland,2022-03-05
3,18,2,16,2,Cumberland,2022-03-04
8,139,16,123,2,Cumberland,2022-02-16
8,72,13,59,2,Cumberland,2022-02-23
9,93,18,75,2,Cumberland,2022-02-06
9,77,16,61,2,Cumberland,2022-04-26
11,122,26,96,2,Cumberland,2022-02-17
12,152,31,121,2,Cumberland,2022-02-11
12,182,18,164,2,Cumberland,2022-02-14
12,111,19,92,2,Cumberland,2022-05-09
14,209,12,197,2,Cumberland,2022-01-22
15,209,21,188,2,Cumberland,2022-01-29
24,305,62,243,2,Cumberland,2022-02-07
32,366,45,321,2,Cumberland,2022-02-04
35,619,81,538,2,Cumberland,2022-01-28
37,724,58,666,2,Cumberland,2022-01-26
44,438,57,381,2,Cumberland,2022-02-02
54,986,120,866,2,Cumberland,2022-01-17
106,1283,180,1103,2,Cumberland,2022-01-13
107,1266,118,1148,2,Cumberland,2022-01-05
119,1025,124,901,2,Cumberland,2022-01-06
0,7,0,7,2,Dare,2022-02-20
3,15,4,11,2,Davidson,2022-03-02
5,105,16,89,2,Davidson,2022-01-22
9,133,29,104,2,Davidson,2022-02-07
13,101,11,90,2,Davidson,2022-02-08
14,152,23,129,2,Davidson,2022-01-23
17,148,21,127,2,Davidson,2022-01-17
27,258,34,224,2,Davidson,2022-01-31
43,363,49,314,2,Davidson,2022-01-07
75,656,116,540,2,Davidson,2022-01-13
1,39,14,25,2,Davie,2022-01-17
8,93,20,73,2,Davie,2022-01-31
0,3,1,2,2,Duplin,2022-03-08
1,9,2,7,2,Duplin,2022-02-05
3,22,8,14,2,Duplin,2022-02-15
4,40,13,27,2,Duplin,2022-02-08
10,99,52,47,2,Duplin,2022-01-28
2,30,1,29,2,Durham,2022-03-21
3,75,15,60,2,Durham,2022-02-18
3,20,2,18,2,Durham,2022-02-27
6,66,6,60,2,Durham,2022-04-05
7,132,12,120,2,Durham,2022-02-11
15,332,30,302,2,Durham,2022-01-28
41,635,42,593,2,Durham,2022-01-26
95,1356,81,1275,2,Durham,2022-01-11
4,43,1,42,2,Edgecombe,2022-01-28
23,216,7,209,2,Edgecombe,2022-01-18
0,17,3,14,2,Forsyth,2022-03-04
2,25,1,24,2,Forsyth,2022-02-26
3,36,6,30,2,Forsyth,2022-02-25
3,36,5,31,2,Forsyth,2022-03-03
6,153,13,140,2,Forsyth,2022-02-05
9,186,17,169,2,Forsyth,2022-01-29
10,122,23,99,2,Forsyth,2022-02-15
13,94,21,73,2,Forsyth,2022-04-25
14,158,25,133,2,Forsyth,2022-02-14
15,269,52,217,2,Forsyth,2022-01-17
21,150,26,124,2,Forsyth,2022-06-30
27,427,34,393,2,Forsyth,2022-01-09
41,694,72,622,2,Forsyth,2022-01-26
120,1298,128,1170,2,Forsyth,2022-01-05
0,1,0,1,2,Gaston,2022-03-12
1,21,5,16,2,Gaston,2022-03-02
1,20,3,17,2,Gaston,2022-04-12
2,51,9,42,2,Gaston,2022-02-13
2,18,7,11,2,Gaston,2022-03-01
8,92,19,73,2,Gaston,2022-02-06
9,77,13,64,2,Gaston,2022-02-17
13,154,31,123,2,Gaston,2022-01-30
13,116,38,78,2,Gaston,2022-02-14
19,216,43,173,2,Gaston,2022-02-03
41,357,86,271,2,Gaston,2022-01-31
44,555,84,471,2,Gaston,2022-01-07
47,451,98,353,2,Gaston,2022-01-26
51,525,103,422,2,Gaston,2022-01-21
55,689,135,554,2,Gaston,2022-01-14
70,737,96,641,2,Gaston,2022-01-04
92,912,151,761,2,Gaston,2022-01-10
,0,0,0,2,Greene,2022-03-15
0,47,10,37,2,Guilford,2022-02-25
0,23,6,17,2,Guilford,2022-03-09
0,7,1,6,2,Guilford,2022-03-13
0,13,4,9,2,Guilford,2022-03-25
0,9,1,8,2,Guilford,2022-03-27
5,42,8,34,2,Guilford,2022-04-09
6,91,26,65,2,Guilford,2022-04-13
7,112,14,98,2,Guilford,2022-02-12
10,198,41,157,2,Guilford,2022-02-15
12,226,45,181,2,Guilford,2022-02-09
12,138,24,114,2,Guilford,2022-05-14
13,145,20,125,2,Guilford,2022-06-14
13,142,17,125,2,Guilford,2022-06-23
14,178,40,138,2,Guilford,2022-02-14
14,97,11,86,2,Guilford,2022-06-11
15,213,33,180,2,Guilford,2022-01-29
19,151,17,134,2,Guilford,2022-06-24
21,210,32,178,2,Guilford,2022-05-24
27,436,87,349,2,Guilford,2022-02-02
36,285,45,240,2,Guilford,2022-05-31
0,4,0,4,2,Halifax,2022-02-19
0,1,0,1,2,Halifax,2022-03-13
2,29,10,19,2,Halifax,2022-02-04
3,34,8,26,2,Halifax,2022-02-03
18,172,34,138,2,Halifax,2022-01-24
19,203,29,174,2,Halifax,2022-01-14
31,272,49,223,2,Halifax,2022-01-05
9,177,54,123,2,Harnett,2022-02-01
13,240,39,201,2,Harnett,2022-01-15
21,267,53,214,2,Harnett,2022-01-26
31,441,90,351,2,Harnett,2022-01-07
34,500,109,391,2,Harnett,2022-01-24
39,582,124,458,2,Harnett,2022-01-14
42,382,97,285,2,Harnett,2022-01-17
0,27,10,17,2,Haywood,2022-02-11
0,4,1,3,2,Haywood,2022-03-04
0,7,2,5,2,Haywood,2022-03-08
1,22,5,17,2,Haywood,2022-02-15
1,11,3,8,2,Haywood,2022-03-07
1,3,1,2,2,Haywood,2022-03-09
3,13,8,5,2,Haywood,2022-02-20
4,65,19,46,2,Haywood,2022-02-03
8,45,26,19,2,Haywood,2022-02-21
0,7,2,5,2,Henderson,2022-03-10
1,14,2,12,2,Henderson,2022-01-16
2,19,8,11,2,Henderson,2022-04-26
6,55,19,36,2,Henderson,2022-01-30
7,78,23,55,2,Henderson,2022-01-22
7,49,21,28,2,Henderson,2022-02-05
8,123,40,83,2,Henderson,2022-02-02
11,103,37,66,2,Henderson,2022-01-09
11,92,37,55,2,Henderson,2022-01-23
15,156,50,106,2,Henderson,2022-01-27
18,136,53,83,2,Henderson,2022-01-28
22,278,83,195,2,Henderson,2022-01-13
6,127,20,107,2,Hertford,2022-01-05
1,51,11,40,2,Hoke,2022-02-03
7,116,19,97,2,Hoke,2022-01-26
18,279,17,262,2,Hoke,2022-01-13
24,308,27,281,2,Hoke,2022-01-05
0,2,1,1,2,Iredell,2022-03-05
0,9,3,6,2,Iredell,2022-03-08
1,37,9,28,2,Iredell,2022-02-12
2,36,14,22,2,Iredell,2022-02-13
3,91,21,70,2,Iredell,2022-01-29
3,43,14,29,2,Iredell,2022-02-18
5,106,45,61,2,Iredell,2022-02-09
7,80,30,50,2,Iredell,2022-02-14
20,334,113,221,2,Iredell,2022-01-21
28,334,102,232,2,Iredell,2022-01-31
65,633,242,391,2,Iredell,2022-01-10
0,5,3,2,2,Johnston,2022-03-27
1,31,8,23,2,Johnston,2022-02-19
1,24,2,22,2,Johnston,2022-03-01
2,16,3,13,2,Johnston,2022-02-26
3,15,4,11,2,Johnston,2022-03-03
6,85,21,64,2,Johnston,2022-02-16
8,97,24,73,2,Johnston,2022-02-14
9,97,17,80,2,Johnston,2022-01-22
11,109,26,83,2,Johnston,2022-02-10
11,88,19,69,2,Johnston,2022-02-15
21,409,59,350,2,Johnston,2022-01-27
63,853,164,689,2,Johnston,2022-01-17
68,969,159,810,2,Johnston,2022-01-14
1,23,3,20,2,Lee,2022-01-22
0,6,3,3,2,Lenoir,2022-02-17
0,9,4,5,2,Lenoir,2022-02-28
0,4,0,4,2,Lenoir,2022-03-01
0,2,0,2,2,Lenoir,2022-03-23
5,32,11,21,2,Lenoir,2022-02-08
8,104,27,77,2,Lenoir,2022-01-27
9,100,17,83,2,Lenoir,2022-01-28
0,1,0,1,2,Lincoln,2022-03-16
2,7,1,6,2,Lincoln,2022-03-02
5,49,11,38,2,Lincoln,2022-02-10
6,45,11,34,2,Lincoln,2022-01-29
12,78,22,56,2,Lincoln,2022-02-07
18,185,61,124,2,Lincoln,2022-01-21
21,163,69,94,2,Lincoln,2022-01-31
1,16,2,14,2,Macon,2022-02-10
5,61,18,43,2,Macon,2022-01-19
4,18,0,18,2,Martin,2022-02-03
6,91,28,63,2,McDowell,2022-02-07
0,49,17,32,2,Mecklenburg,2022-03-17
1,22,4,18,2,Mecklenburg,2022-03-20
4,93,18,75,2,Mecklenburg,2022-03-01
5,137,28,109,2,Mecklenburg,2022-02-25
5,66,12,54,2,Mecklenburg,2022-03-08
13,237,41,196,2,Mecklenburg,2022-02-17
24,218,43,175,2,Mecklenburg,2022-04-19
25,264,43,221,2,Mecklenburg,2022-06-04
28,363,64,299,2,Mecklenburg,2022-02-14
30,398,69,329,2,Mecklenburg,2022-02-11
41,400,52,348,2,Mecklenburg,2022-05-04
47,497,78,419,2,Mecklenburg,2022-05-23
2,10,0,10,2,Montgomery,2022-02-05
0,23,3,20,2,Moore,2022-02-12
0,3,1,2,2,Moore,2022-03-09
1,26,5,21,2,Moore,2022-01-30
1,50,6,44,2,Moore,2022-02-08
1,50,15,35,2,Moore,2022-02-11
2,52,14,38,2,Moore,2022-02-09
5,48,8,40,2,Moore,2022-02-10
7,203,23,180,2,Moore,2022-01-09
10,105,18,87,2,Moore,2022-02-02
17,317,38,279,2,Moore,2022-01-05
29,472,53,419,2,Moore,2022-01-11
0,1,0,1,2,Nash,2022-03-06
3,34,3,31,2,Nash,2022-02-10
4,26,3,23,2,Nash,2022-06-10
5,34,4,30,2,Nash,2022-01-30
10,82,11,71,2,Nash,2022-02-02
15,92,7,85,2,Nash,2022-01-15
45,579,52,527,2,Nash,2022-01-10
0,10,2,8,2,New Hanover,2022-02-27
1,66,17,49,2,New Hanover,2022-02-16
1,20,9,11,2,New Hanover,2022-02-19
8,113,23,90,2,New Hanover,2022-01-29
8,208,34,174,2,New Hanover,2022-02-04
9,132,32,100,2,New Hanover,2022-02-08
11,300,62,238,2,New Hanover,2022-01-28
16,249,46,203,2,New Hanover,2022-02-01
40,689,133,556,2,New Hanover,2022-01-12
3,18,7,11,2,Northampton,2022-01-27
0,32,4,28,2,Onslow,2022-02-13
0,7,0,7,2,Onslow,2022-02-26
0,10,4,6,2,Onslow,2022-03-02
1,38,5,33,2,Onslow,2022-02-18
2,74,6,68,2,Onslow,2022-02-11
2,37,4,33,2,Onslow,2022-02-12
3,96,13,83,2,Onslow,2022-02-09
3,54,5,49,2,Onslow,2022-02-22
5,67,2,65,2,Onslow,2022-02-06
6,46,1,45,2,Onslow,2022-02-05
6,147,17,130,2,Onslow,2022-02-10
7,116,14,102,2,Onslow,2022-02-14
12,245,35,210,2,Onslow,2022-02-02
23,574,80,494,2,Onslow,2022-01-07
41,789,87,702,2,Onslow,2022-01-24
43,549,108,441,2,Onslow,2022-01-14
1,36,3,33,2,Orange,2022-02-18
1,43,8,35,2,Pasquotank,2022-01-28
1,19,5,14,2,Pasquotank,2022-02-04
7,103,20,83,2,Pasquotank,2022-01-18
,0,0,0,2,Pender,2022-03-26
3,24,4,20,2,Pender,2022-02-11
3,74,3,71,2,Person,2022-01-25
1,20,1,19,2,Pitt,2022-02-12
1,18,0,18,2,Pitt,2022-02-20
1,7,1,6,2,Pitt,2022-02-26
18,246,10,236,2,Pitt,2022-01-23
42,483,39,444,2,Pitt,2022-01-25
46,450,52,398,2,Pitt,2022-01-26
54,667,75,592,2,Pitt,2022-01-17
63,686,51,635,2,Pitt,2022-01-07
106,1047,61,986,2,Pitt,2022-01-10
109,1036,92,944,2,Pitt,2022-01-18
1,19,9,10,2,Polk,2022-01-28
0,16,3,13,2,Randolph,2022-02-20
0,10,2,8,2,Randolph,2022-03-07
0,3,0,3,2,Randolph,2022-03-17
0,3,1,2,2,Randolph,2022-04-08
2,26,4,22,2,Randolph,2022-02-12
2,44,12,32,2,Randolph,2022-02-16
4,46,7,39,2,Randolph,2022-02-06
7,32,9,23,2,Randolph,2022-02-17
11,87,34,53,2,Randolph,2022-02-04
13,157,39,118,2,Randolph,2022-02-01
19,271,69,202,2,Randolph,2022-01-26
30,323,108,215,2,Randolph,2022-01-21
31,405,80,325,2,Randolph,2022-01-14
33,396,98,298,2,Randolph,2022-01-24
49,470,94,376,2,Randolph,2022-01-13
0,9,2,7,2,Richmond,2022-01-22
1,5,1,4,2,Richmond,2022-02-06
2,14,3,11,2,Richmond,2022-01-29
6,53,22,31,2,Richmond,2022-02-07
29,261,57,204,2,Richmond,2022-01-13
0,16,7,9,2,Robeson,2022-02-23
1,12,6,6,2,Robeson,2022-02-25
1,3,0,3,2,Robeson,2022-03-13
3,28,16,12,2,Robeson,2022-02-21
4,74,18,56,2,Robeson,2022-02-08
4,32,9,23,2,Robeson,2022-02-17
5,57,23,34,2,Robeson,2022-02-09
5,23,9,14,2,Robeson,2022-02-18
7,87,31,56,2,Robeson,2022-01-21
13,82,57,25,2,Robeson,2022-01-16
24,111,50,61,2,Robeson,2022-02-07
39,448,153,295,2,Robeson,2022-01-05
1,15,1,14,2,Rockingham,2022-02-25
1,13,0,13,2,Rockingham,2022-03-02
3,72,8,64,2,Rockingham,2022-02-03
3,63,4,59,2,Rockingham,2022-02-04
12,209,21,188,2,Rockingham,2022-01-21
15,130,9,121,2,Rockingham,2022-01-31
,0,0,0,2,Rowan,2022-03-05
,0,0,0,2,Rowan,2022-03-19
0,6,2,4,2,Rowan,2022-03-10
0,4,0,4,2,Rowan,2022-03-20
1,12,1,11,2,Rowan,2022-02-24
3,22,2,20,2,Rowan,2022-04-26
4,36,6,30,2,Rowan,2022-02-21
6,104,9,95,2,Rowan,2022-02-04
15,256,38,218,2,Rowan,2022-01-21
0,9,2,7,2,Rutherford,2022-02-13
1,4,1,3,2,Rutherford,2022-03-02
4,90,38,52,2,Rutherford,2022-02-01
6,73,14,59,2,Rutherford,2022-02-03
6,46,15,31,2,Rutherford,2022-02-09
0,7,3,4,2,Sampson,2022-02-06
0,34,10,24,2,Sampson,2022-02-08
0,2,0,2,2,Sampson,2022-02-20
1,18,7,11,2,Sampson,2022-02-23
3,28,13,15,2,Sampson,2022-02-16
4,156,55,101,2,Sampson,2022-01-26
10,192,73,119,2,Sampson,2022-01-25
0,12,7,5,2,Scotland,2022-01-30
4,33,8,25,2,Scotland,2022-02-01
6,78,13,65,2,Scotland,2022-01-09
0,5,0,5,2,Stanly,2022-03-01
8,62,30,32,2,Stanly,2022-01-23
10,52,3,49,2,Stanly,2022-02-04
18,109,14,95,2,Stanly,2022-01-31
23,264,38,226,2,Stanly,2022-01-14
37,311,67,244,2,Stanly,2022-01-13
0,12,0,12,2,Stokes,2022-02-12
1,10,2,8,2,Stokes,2022-01-16
1,19,5,14,2,Stokes,2022-01-29
1,3,0,3,2,Stokes,2022-03-05
2,41,5,36,2,Stokes,2022-02-03
3,27,2,25,2,Stokes,2022-02-10
10,106,18,88,2,Stokes,2022-01-25
,0,0,0,2,Surry,2022-03-19
0,7,0,7,2,Surry,2022-03-14
1,7,2,5,2,Surry,2022-03-03
2,58,29,29,2,Surry,2022-01-30
3,22,7,15,2,Surry,2022-02-22
4,47,12,35,2,Surry,2022-02-11
22,223,70,153,2,Surry,2022-01-14
25,345,120,225,2,Surry,2022-01-10
2,8,2,6,2,Swain,2022-02-09
0,24,3,21,2,Transylvania,2022-02-04
0,14,1,13,2,Union,2022-03-28
1,14,5,9,2,Union,2022-03-08
3,41,11,30,2,Union,2022-02-21
5,53,15,38,2,Union,2022-02-18
8,87,16,71,2,Union,2022-02-14
9,180,45,135,2,Union,2022-02-02
10,170,44,126,2,Union,2022-02-07
12,99,29,70,2,Union,2022-02-09
27,297,61,236,2,Union,2022-01-28
49,568,107,461,2,Union,2022-01-21
60,862,159,703,2,Union,2022-01-11
86,891,174,717,2,Union,2022-01-12
0,4,2,2,2,Vance,2022-04-11
4,24,3,21,2,Vance,2022-01-30
1,43,7,36,2,Wake,2022-03-06
1,97,4,93,2,Wake,2022-03-08
2,125,14,111,2,Wake,2022-02-26
4,45,8,37,2,Wake,2022-03-20
5,121,9,112,2,Wake,2022-03-03
5,62,9,53,2,Wake,2022-03-12
6,83,7,76,2,Wake,2022-03-10
6,121,12,109,2,Wake,2022-03-21
9,218,31,187,2,Wake,2022-02-24
14,242,16,226,2,Wake,2022-04-14
15,295,29,266,2,Wake,2022-02-22
27,382,38,344,2,Wake,2022-02-21
34,757,46,711,2,Wake,2022-02-05
34,570,51,519,2,Wake,2022-02-11
43,666,62,604,2,Wake,2022-05-02
52,604,63,541,2,Wake,2022-06-13
68,1101,98,1003,2,Wake,2022-02-03
74,992,92,900,2,Wake,2022-05-09
88,922,101,821,2,Wake,2022-06-01
141,3109,212,2897,2,Wake,2022-01-25
282,4910,242,4668,2,Wake,2022-01-14
429,6267,224,6043,2,Wake,2022-01-05
1,37,14,23,2,Watauga,2022-02-09
3,24,6,18,2,Watauga,2022-01-22
4,80,38,42,2,Watauga,2022-01-28
0,1,1,0,2,Wayne,2022-03-19
3,58,4,54,2,Wayne,2022-01-30
5,51,22,29,2,Wayne,2022-02-09
8,99,61,38,2,Wayne,2022-02-07
14,165,61,104,2,Wayne,2022-01-28
17,191,82,109,2,Wayne,2022-01-31
56,654,340,314,2,Wayne,2022-01-11
2,45,22,23,2,Wilkes,2022-02-11
2,28,9,19,2,Wilkes,2022-02-17
3,32,10,22,2,Wilkes,2022-02-16
5,101,69,32,2,Wilkes,2022-02-08
10,55,16,39,2,Wilkes,2022-02-07
13,105,36,69,2,Wilkes,2022-01-27
1,28,7,21,2,Wilson,2022-02-10
3,10,1,9,2,Wilson,2022-02-19
4,95,27,68,2,Wilson,2022-01-31
38,342,72,270,2,Wilson,2022-01-12
39,429,91,338,2,Wilson,2022-01-10
0,2,0,2,2,Yadkin,2022-03-22
2,2,1,1,2,Yadkin,2022-02-27
5,70,13,57,2,Yadkin,2022-01-08
7,50,12,38,2,Yadkin,2022-02-02
8,96,16,80,2,Yadkin,2022-01-05
2,45,29,16,2,Yancey,2022-01-18
12,88,10,78,3,Alamance,2022-02-10
13,141,12,129,3,Alamance,2022-02-02
13,140,15,125,3,Alamance,2022-02-04
18,205,15,190,3,Alamance,2022-01-28
20,239,27,212,3,Alamance,2022-01-31
46,641,61,580,3,Alamance,2022-01-13
46,555,44,511,3,Alamance,2022-01-19
1,10,0,10,3,Bertie,2022-01-29
3,29,6,23,3,Brunswick,2022-02-19
4,88,6,82,3,Brunswick,2022-01-29
4,87,20,67,3,Brunswick,2022-01-30
4,114,19,95,3,Brunswick,2022-02-04
6,71,2,69,3,Brunswick,2022-02-05
6,59,9,50,3,Brunswick,2022-02-10
0,26,4,22,3,Buncombe,2022-03-07
0,36,6,30,3,Buncombe,2022-05-01
6,98,21,77,3,Buncombe,2022-01-29
7,177,77,100,3,Buncombe,2022-02-14
8,208,77,131,3,Buncombe,2022-02-08
8,116,57,59,3,Buncombe,2022-05-03
16,289,47,242,3,Buncombe,2022-01-08
17,235,87,148,3,Buncombe,2022-02-04
21,219,98,121,3,Buncombe,2022-02-07
7,97,30,67,3,Burke,2022-02-08
10,110,31,79,3,Burke,2022-02-03
23,291,92,199,3,Burke,2022-01-24
1,28,10,18,3,Cabarrus,2022-02-19
2,23,5,18,3,Cabarrus,2022-02-20
2,14,3,11,3,Cabarrus,2022-03-02
4,46,14,32,3,Cabarrus,2022-02-13
4,19,5,14,3,Cabarrus,2022-03-01
6,97,20,77,3,Cabarrus,2022-02-05
9,117,32,85,3,Cabarrus,2022-01-29
16,182,39,143,3,Cabarrus,2022-02-03
51,679,128,551,3,Cabarrus,2022-01-12
2,36,3,33,3,Caldwell,2022-02-05
5,45,8,37,3,Caldwell,2022-02-11
13,138,28,110,3,Caldwell,2022-02-01
2,34,9,25,3,Catawba,2022-02-23
3,69,24,45,3,Catawba,2022-02-05
3,23,10,13,3,Catawba,2022-02-19
6,53,13,40,3,Catawba,2022-02-18
13,114,41,73,3,Catawba,2022-02-10
1,20,8,12,3,Cleveland,2022-02-22
3,60,8,52,3,Cleveland,2022-02-09
8,107,19,88,3,Cleveland,2022-02-07
16,93,18,75,3,Cleveland,2022-02-08
34,324,44,280,3,Cleveland,2022-01-20
6,45,18,27,3,Columbus,2022-02-03
8,123,52,71,3,Columbus,2022-01-26
6,88,14,74,3,Cumberland,2022-02-12
9,110,10,100,3,Cumberland,2022-02-18
24,174,48,126,3,Cumberland,2022-02-10
27,376,49,327,3,Cumberland,2022-02-03
29,476,54,422,3,Cumberland,2022-01-15
54,1030,73,957,3,Cumberland,2022-01-25
57,1084,147,937,3,Cumberland,2022-01-14
1,34,3,31,3,Davidson,2022-02-12
1,18,5,13,3,Davidson,2022-02-24
7,44,11,33,3,Davidson,2022-02-21
10,80,7,73,3,Davidson,2022-01-29
16,169,28,141,3,Davidson,2022-02-02
16,148,17,131,3,Davidson,2022-02-04
17,198,15,183,3,Davidson,2022-02-01
21,341,36,305,3,Davidson,2022-01-25
38,480,69,411,3,Davidson,2022-01-05
70,629,76,553,3,Davidson,2022-01-14
2,61,5,56,3,Durham,2022-02-13
21,315,20,295,3,Durham,2022-01-21
2,4,1,3,3,Edgecombe,2022-02-06
13,167,30,137,3,Forsyth,2022-02-10
13,132,18,114,3,Forsyth,2022-02-11
14,357,22,335,3,Forsyth,2022-01-22
15,287,34,253,3,Forsyth,2022-02-03
20,197,37,160,3,Forsyth,2022-02-09
89,1423,149,1274,3,Forsyth,2022-01-13
109,1642,163,1479,3,Forsyth,2022-01-10
1,34,12,22,3,Gaston,2022-02-19
11,128,31,97,3,Gaston,2022-02-10
15,186,39,147,3,Gaston,2022-02-08
20,212,35,177,3,Gaston,2022-01-22
22,284,63,221,3,Gaston,2022-01-17
22,241,72,169,3,Gaston,2022-02-07
28,387,57,330,3,Gaston,2022-01-27
28,168,39,129,3,Gaston,2022-02-09
78,749,86,663,3,Gaston,2022-01-05
88,839,157,682,3,Gaston,2022-01-11
2,45,7,38,3,Guilford,2022-03-02
2,47,10,37,3,Guilford,2022-03-04
2,23,3,20,3,Guilford,2022-03-15
3,184,39,145,3,Guilford,2022-02-11
3,104,27,77,3,Guilford,2022-02-22
4,91,24,67,3,Guilford,2022-02-13
4,94,32,62,3,Guilford,2022-02-23
6,157,36,121,3,Guilford,2022-02-16
9,117,21,96,3,Guilford,2022-02-06
12,238,41,197,3,Guilford,2022-02-08
15,161,26,135,3,Guilford,2022-06-10
19,300,56,244,3,Guilford,2022-02-07
29,424,112,312,3,Guilford,2022-01-17
29,472,82,390,3,Guilford,2022-02-01
48,897,85,812,3,Guilford,2022-01-25
0,15,4,11,3,Halifax,2022-01-30
0,23,6,17,3,Harnett,2022-02-13
4,70,13,57,3,Harnett,2022-02-10
5,130,36,94,3,Haywood,2022-01-05
11,187,63,124,3,Haywood,2022-01-10
6,22,10,12,3,Henderson,2022-02-13
8,104,53,51,3,Henderson,2022-01-17
8,92,34,58,3,Henderson,2022-02-09
9,100,32,68,3,Henderson,2022-02-03
12,147,54,93,3,Henderson,2022-01-26
14,188,35,153,3,Henderson,2022-01-07
5,101,32,69,3,Iredell,2022-01-30
10,175,55,120,3,Iredell,2022-01-22
12,202,100,102,3,Iredell,2022-01-23
21,373,99,274,3,Iredell,2022-01-07
29,473,104,369,3,Iredell,2022-01-14
32,376,106,270,3,Iredell,2022-01-26
43,568,220,348,3,Iredell,2022-01-18
6,99,24,75,3,Johnston,2022-02-11
8,69,15,54,3,Johnston,2022-02-12
11,142,31,111,3,Johnston,2022-02-08
13,125,27,98,3,Johnston,2022-01-30
18,186,44,142,3,Johnston,2022-02-04
42,600,110,490,3,Johnston,2022-01-25
4,34,7,27,3,Lee,2022-02-08
4,24,5,19,3,Lenoir,2022-02-09
10,90,23,67,3,Lincoln,2022-02-04
22,305,87,218,3,Lincoln,2022-01-13
1,12,0,12,3,Madison,2022-01-09
3,60,21,39,3,McDowell,2022-02-10
9,37,11,26,3,McDowell,2022-02-11
3,122,28,94,3,Mecklenburg,2022-02-20
6,193,24,169,3,Mecklenburg,2022-02-12
6,80,13,67,3,Mecklenburg,2022-03-03
14,221,37,184,3,Mecklenburg,2022-02-18
20,299,43,256,3,Mecklenburg,2022-02-16
23,353,44,309,3,Mecklenburg,2022-02-05
31,455,81,374,3,Mecklenburg,2022-02-10
48,440,49,391,3,Mecklenburg,2022-06-23
55,910,130,780,3,Mecklenburg,2022-02-02
82,1333,153,1180,3,Mecklenburg,2022-01-27
187,3060,360,2700,3,Mecklenburg,2022-01-14
0,19,4,15,3,Moore,2022-02-06
17,182,34,148,3,Moore,2022-01-26
0,20,3,17,3,New Hanover,2022-02-25
1,41,15,26,3,New Hanover,2022-02-12
1,90,28,62,3,New Hanover,2022-02-14
4,53,12,41,3,New Hanover,2022-02-21
16,196,53,143,3,New Hanover,2022-02-03
24,361,78,283,3,New Hanover,2022-01-27
44,742,132,610,3,New Hanover,2022-01-11
4,49,12,37,3,Northampton,2022-01-24
1,7,2,5,3,Onslow,2022-03-10
2,59,6,53,3,Onslow,2022-02-16
4,199,37,162,3,Onslow,2022-02-03
7,273,22,251,3,Onslow,2022-01-23
10,159,22,137,3,Onslow,2022-02-04
76,1040,135,905,3,Onslow,2022-01-10
1,11,2,9,3,Pitt,2022-02-19
3,48,7,41,3,Pitt,2022-02-05
25,241,24,217,3,Pitt,2022-02-01
1,51,12,39,3,Randolph,2022-02-14
1,31,7,24,3,Randolph,2022-02-18
1,36,12,24,3,Randolph,2022-02-21
5,44,15,29,3,Randolph,2022-02-05
11,84,29,55,3,Randolph,2022-02-09
3,53,22,31,3,Robeson,2022-01-29
3,44,15,29,3,Robeson,2022-02-11
4,56,24,32,3,Robeson,2022-01-30
5,49,27,22,3,Robeson,2022-02-05
11,166,57,109,3,Robeson,2022-01-28
15,194,59,135,3,Robeson,2022-01-27
0,2,0,2,3,Rockingham,2022-03-09
1,38,1,37,3,Rockingham,2022-01-29
8,72,8,64,3,Rockingham,2022-02-02
9,84,22,62,3,Rowan,2022-01-22
9,82,9,73,3,Rowan,2022-02-10
9,68,4,64,3,Rowan,2022-02-11
28,279,43,236,3,Rowan,2022-01-26
43,402,43,359,3,Rowan,2022-01-04
4,55,12,43,3,Rutherford,2022-02-04
13,116,43,73,3,Rutherford,2022-01-31
1,14,2,12,3,Stokes,2022-02-18
2,56,9,47,3,Stokes,2022-01-22
2,14,10,4,3,Surry,2022-01-16
5,74,24,50,3,Surry,2022-02-08
6,40,15,25,3,Surry,2022-02-06
8,65,25,40,3,Surry,2022-02-04
4,58,17,41,3,Union,2022-02-12
5,107,22,85,3,Union,2022-02-11
10,127,33,94,3,Union,2022-01-29
14,213,38,175,3,Union,2022-01-22
42,497,93,404,3,Union,2022-01-17
60,672,145,527,3,Union,2022-01-07
0,2,2,0,3,Vance,2022-02-19
1,70,8,62,3,Wake,2022-03-18
8,239,19,220,3,Wake,2022-02-19
12,129,7,122,3,Wake,2022-03-07
15,464,26,438,3,Wake,2022-01-22
19,390,44,346,3,Wake,2022-02-17
22,373,37,336,3,Wake,2022-02-18
22,269,24,245,3,Wake,2022-02-23
25,528,63,465,3,Wake,2022-01-30
58,1344,92,1252,3,Wake,2022-02-02
72,901,72,829,3,Wake,2022-05-11
97,1831,134,1697,3,Wake,2022-01-28
126,2544,162,2382,3,Wake,2022-01-26
142,2817,143,2674,3,Wake,2022-01-15
230,4146,230,3916,3,Wake,2022-01-20
2,22,13,9,3,Wayne,2022-02-28
8,82,36,46,3,Wayne,2022-02-10
16,156,36,120,3,Wayne,2022-01-21
4,50,30,20,3,Wilkes,2022-01-30
7,80,29,51,3,Wilkes,2022-02-03
11,71,26,45,3,Wilkes,2022-02-04
1,13,2,11,3,Wilson,2022-02-13
4,61,5,56,3,Wilson,2022-02-03
8,79,22,57,3,Wilson,2022-01-28
0,57,9,48,4,Alamance,2022-02-05
16,276,29,247,4,Alamance,2022-01-27
7,96,24,72,4,Buncombe,2022-02-16
14,261,60,201,4,Buncombe,2022-01-15
21,426,117,309,4,Buncombe,2022-01-26
29,367,138,229,4,Buncombe,2022-01-31
45,741,213,528,4,Buncombe,2022-01-13
7,139,50,89,4,Burke,2022-02-07
7,75,15,60,4,Cabarrus,2022-02-15
10,235,70,165,4,Cabarrus,2022-02-02
3,81,22,59,4,Caldwell,2022-02-07
20,135,23,112,4,Caldwell,2022-01-15
2,21,10,11,4,Catawba,2022-03-09
7,148,74,74,4,Catawba,2022-02-08
14,114,48,66,4,Catawba,2022-02-09
75,664,232,432,4,Catawba,2022-01-14
40,332,52,280,4,Cleveland,2022-01-24
5,34,7,27,4,Cumberland,2022-02-19
37,684,65,619,4,Cumberland,2022-01-27
126,1548,168,1380,4,Cumberland,2022-01-10
12,94,13,81,4,Davidson,2022-02-09
32,565,33,532,4,Durham,2022-01-09
0,21,3,18,4,Forsyth,2022-03-10
2,34,5,29,4,Forsyth,2022-03-01
3,100,21,79,4,Forsyth,2022-02-18
4,78,8,70,4,Forsyth,2022-01-16
20,289,33,256,4,Forsyth,2022-02-04
42,543,64,479,4,Forsyth,2022-01-27
49,550,88,462,4,Forsyth,2022-01-31
76,1023,108,915,4,Forsyth,2022-01-07
3,30,7,23,4,Gaston,2022-02-20
4,46,8,38,4,Gaston,2022-02-23
26,310,69,241,4,Gaston,2022-02-01
74,866,129,737,4,Gaston,2022-01-19
1,15,3,12,4,Guilford,2022-03-06
4,104,23,81,4,Guilford,2022-02-18
4,63,17,46,4,Guilford,2022-02-24
11,234,36,198,4,Guilford,2022-01-30
16,227,51,176,4,Guilford,2022-02-10
23,359,34,325,4,Guilford,2022-01-22
36,533,77,456,4,Guilford,2022-01-28
54,799,78,721,4,Guilford,2022-01-09
94,1631,255,1376,4,Guilford,2022-01-14
99,1385,219,1166,4,Guilford,2022-01-07
129,2048,341,1707,4,Guilford,2022-01-10
7,150,54,96,4,Haywood,2022-01-24
3,47,11,36,4,Iredell,2022-02-17
10,211,48,163,4,Iredell,2022-01-28
21,379,151,228,4,Iredell,2022-01-25
44,576,197,379,4,Iredell,2022-01-04
4,104,21,83,4,Johnston,2022-01-29
13,229,36,193,4,Johnston,2022-02-03
17,146,48,98,4,Lincoln,2022-01-27
25,496,81,415,4,Mecklenburg,2022-02-09
93,1755,310,1445,4,Mecklenburg,2022-01-21
113,1529,252,1277,4,Mecklenburg,2022-01-17
129,2162,337,1825,4,Mecklenburg,2022-01-24
268,3480,573,2907,4,Mecklenburg,2022-01-07
335,4390,635,3755,4,Mecklenburg,2022-01-05
6,73,14,59,4,Moore,2022-02-07
2,39,7,32,4,New Hanover,2022-02-22
67,772,167,605,4,New Hanover,2022-01-10
10,90,10,80,4,Onslow,2022-01-22
14,326,37,289,4,Onslow,2022-01-28
2,26,4,22,4,Randolph,2022-01-16
41,242,83,159,4,Randolph,2022-01-31
1,10,3,7,4,Robeson,2022-03-01
3,8,3,5,4,Robeson,2022-02-19
40,409,130,279,4,Robeson,2022-01-07
5,83,13,70,4,Rockingham,2022-01-22
2,19,1,18,4,Stokes,2022-02-17
3,30,12,18,4,Surry,2022-02-15
6,81,28,53,4,Surry,2022-01-22
6,56,17,39,4,Surry,2022-01-29
9,88,24,64,4,Union,2022-02-06
10,176,73,103,4,Union,2022-02-04
0,52,8,44,4,Wake,2022-03-05
5,96,7,89,4,Wake,2022-03-09
22,450,62,388,4,Wake,2022-02-15
25,380,28,352,4,Wake,2022-02-12
54,1060,88,972,4,Wake,2022-02-04
175,3185,280,2905,4,Wake,2022-01-17
205,3211,115,3096,4,Wake,2022-01-08
361,5936,293,5643,4,Wake,2022-01-12
6,93,43,50,4,Wayne,2022-02-04
9,212,83,129,4,Wilkes,2022-01-20
10,143,27,116,4,Wilson,2022-01-26
30,319,60,259,4,Wilson,2022-01-07
6,64,10,54,5,Alamance,2022-02-06
0,11,4,7,5,Bladen,2022-02-10
1,40,14,26,5,Buncombe,2022-02-20
9,114,24,90,5,Buncombe,2022-02-05
65,851,213,638,5,Cabarrus,2022-01-10
0,7,2,5,5,Catawba,2022-03-17
21,197,76,121,5,Catawba,2022-02-02
24,224,60,164,5,Catawba,2022-01-08
29,287,116,171,5,Catawba,2022-01-28
2,40,7,33,5,Cumberland,2022-02-13
95,1587,133,1454,5,Cumberland,2022-01-24
1,32,1,31,5,Forsyth,2022-02-20
8,64,8,56,5,Forsyth,2022-02-12
9,203,26,177,5,Forsyth,2022-01-30
35,496,65,431,5,Forsyth,2022-01-28
96,1465,125,1340,5,Forsyth,2022-01-14
97,1242,122,1120,5,Forsyth,2022-01-19
7,64,11,53,5,Gaston,2022-02-16
12,111,24,87,5,Gaston,2022-02-05
20,168,46,122,5,Gaston,2022-02-04
28,324,63,261,5,Gaston,2022-01-28
29,259,45,214,5,Gaston,2022-01-09
0,22,2,20,5,Guilford,2022-03-05
1,26,8,18,5,Guilford,2022-02-26
6,145,23,122,5,Guilford,2022-02-05
8,122,33,89,5,Guilford,2022-02-21
20,335,67,268,5,Guilford,2022-02-03
93,1519,224,1295,5,Guilford,2022-01-05
15,180,62,118,5,Henderson,2022-01-25
7,211,70,141,5,Iredell,2022-02-02
12,154,47,107,5,Iredell,2022-02-04
33,456,85,371,5,Johnston,2022-01-26
11,163,31,132,5,Mecklenburg,2022-02-23
63,772,113,659,5,Mecklenburg,2022-02-03
68,941,138,803,5,Mecklenburg,2022-02-01
307,4525,712,3813,5,Mecklenburg,2022-01-10
5,85,31,54,5,Randolph,2022-01-30
21,280,81,199,5,Randolph,2022-01-25
5,27,9,18,5,Surry,2022-02-17
10,109,34,75,5,Surry,2022-02-01
25,209,50,159,5,Union,2022-02-03
56,1187,98,1089,5,Wake,2022-02-07
102,1978,124,1854,5,Wake,2022-01-27
303,5081,237,4844,5,Wake,2022-01-13
16,136,40,96,5,Wilkes,2022-01-25
51,639,172,467,6,Cabarrus,2022-01-14
11,178,53,125,6,Catawba,2022-01-23
9,202,28,174,6,Cumberland,2022-01-30
38,509,49,460,6,Cumberland,2022-01-21
7,141,39,102,6,Forsyth,2022-02-16
10,99,33,66,6,Gaston,2022-02-15
11,76,17,59,6,Gaston,2022-02-12
15,167,29,138,6,Gaston,2022-01-29
27,549,90,459,6,Mecklenburg,2022-01-30
39,764,158,606,6,Mecklenburg,2022-01-22
65,1134,137,997,6,Mecklenburg,2022-01-28
120,1584,249,1335,6,Mecklenburg,2022-01-26
212,3257,445,2812,6,Mecklenburg,2022-01-18
317,4091,636,3455,6,Mecklenburg,2022-01-06
362,4441,585,3856,6,Mecklenburg,2022-01-04
21,298,35,263,6,Pitt,2022-01-27
1,21,6,15,6,Rowan,2022-02-19
9,99,22,77,6,Surry,2022-01-08
27,611,67,544,6,Wake,2022-01-29
32,618,62,556,6,Wake,2022-02-10
70,1107,149,958,6,Wake,2022-01-21
53,918,88,830,7,Forsyth,2022-01-21
8,148,26,122,7,Guilford,2022-01-16
32,488,47,441,7,Guilford,2022-01-23
78,1194,172,1022,7,Guilford,2022-01-24
23,341,48,293,7,Mecklenburg,2022-02-06
49,688,112,576,7,Mecklenburg,2022-02-07
3,20,11,9,7,Surry,2022-02-12
27,330,81,249,8,Cabarrus,2022-01-28
11,109,21,88,8,Cleveland,2022-02-03
25,279,50,229,8,Forsyth,2022-02-07
14,321,47,274,8,Guilford,2022-02-04
29,514,96,418,8,Mecklenburg,2022-01-29
68,998,166,832,8,Mecklenburg,2022-01-23
39,886,87,799,8,Wake,2022-02-08
8,112,7,105,9,Forsyth,2022-02-06
51,751,106,645,9,Guilford,2022-01-26
70,1011,112,899,10,Forsyth,2022-01-24
48,654,93,561,10,Guilford,2022-01-27
234,3720,501,3219,10,Mecklenburg,2022-01-13
9,69,9,60,10,Onslow,2022-01-29
45,578,109,469,11,Mecklenburg,2022-02-08
115,1811,304,1507,11,Mecklenburg,2022-01-25
53,670,92,578,12,Mecklenburg,2022-02-04
