Total Cases That Were Reinfections,Total Cases by Date of Specimen collection,Total Antigen Cases by Date of Specimen Collection,Total Molecular Cases by Date of Specimen Collection,Death by Date of Death,County,Date
55,512,75,437,3,Wake,2022-07-22
2,8,4,4,0,Yancey,2022-07-22
4,48,17,31,0,Surry,2022-07-22
2,35,9,26,1,Lincoln,2022-07-22
3,27,13,14,0,Duplin,2022-07-22
17,98,12,86,1,Union,2022-07-22
4,38,14,24,0,Nash,2022-07-22
13,67,9,58,0,Rowan,2022-07-22
4,12,10,2,0,Scotland,2022-07-24
4,19,2,17,0,Pender,2022-07-24
35,297,40,257,0,Wake,2022-07-24
45,369,34,335,0,Mecklenburg,2022-07-24
4,27,5,22,1,Franklin,2022-07-24
5,29,8,21,0,Rutherford,2022-07-24
2,28,9,19,0,Moore,2022-07-24
1,6,1,5,0,Macon,2022-07-24
9,77,10,67,0,Union,2022-07-24
12,75,12,63,1,Cabarrus,2022-07-24
1,5,0,5,0,Chowan,2022-07-24
1,11,6,5,0,Hertford,2022-07-24
8,33,4,29,1,Nash,2022-07-24
3,19,4,15,0,Duplin,2022-07-24
1,3,2,1,1,Clay,2022-07-24
1,18,12,6,0,Wilkes,2022-07-24
1,6,4,2,0,Madison,2022-07-24
4,17,10,7,0,Scotland,2022-07-22
4,21,6,15,0,Vance,2022-07-24
3,11,4,7,0,Ashe,2022-06-06
7,64,26,38,0,Craven,2022-06-06
1,20,4,16,0,Lincoln,2022-07-24
2,10,1,9,0,Cherokee,2022-07-24
2,6,0,6,0,Anson,2022-07-24
4,21,10,11,0,Wilson,2022-07-24
1,3,1,2,0,Martin,2022-07-24
3,30,6,24,1,Moore,2022-06-06
2,41,17,24,1,Carteret,2022-06-06
5,96,7,89,0,Orange,2022-06-06
4,40,30,10,0,Wayne,2022-06-06
7,37,7,30,0,Lincoln,2022-06-06
2,24,7,17,0,Wilson,2022-06-06
6,71,10,61,1,Gaston,2022-06-06
7,29,16,13,0,Scotland,2022-06-06
8,103,41,62,1,Buncombe,2022-06-06
0,6,3,3,0,Jones,2022-06-06
4,39,2,37,0,Franklin,2022-06-06
3,20,5,15,0,Richmond,2022-06-06
2,17,14,3,0,Pasquotank,2022-06-06
3,17,2,15,0,McDowell,2022-06-06
10,64,41,23,0,Robeson,2022-06-22
1,9,5,4,0,Yadkin,2022-06-22
21,142,21,121,1,Forsyth,2022-06-22
15,77,27,50,0,Iredell,2022-06-22
22,172,42,130,0,Guilford,2022-06-22
3,8,5,3,0,Mitchell,2022-06-22
1,12,3,9,0,Lee,2022-06-22
7,57,10,47,1,Alamance,2022-06-22
7,56,13,43,0,Rowan,2022-06-22
2,29,9,20,0,Rockingham,2022-06-22
10,90,11,79,0,Onslow,2022-06-22
7,39,18,21,1,Randolph,2022-06-22
3,6,2,4,0,Bertie,2022-06-22
1,5,0,5,0,Gates,2022-08-13
5,32,2,30,2,Rowan,2022-08-13
3,34,6,28,0,Burke,2022-08-13
34,261,35,226,1,Wake,2022-08-13
26,217,15,202,2,Mecklenburg,2022-08-13
2,17,1,16,0,Lincoln,2022-08-13
0,18,7,11,0,Haywood,2022-06-22
3,23,1,22,0,Orange,2022-08-13
7,40,4,36,0,Alamance,2022-08-13
4,49,16,33,0,New Hanover,2022-08-13
9,48,13,35,0,Catawba,2022-08-13
4,19,2,17,0,Chatham,2022-06-22
4,31,7,24,0,Iredell,2022-08-13
1,13,2,11,0,Stokes,2022-08-13
4,17,6,11,2,Surry,2022-08-13
5,12,1,11,0,Richmond,2022-08-13
2,20,4,16,0,Davie,2022-06-22
10,69,12,57,0,Johnston,2022-06-22
1,2,0,2,0,Gates,2022-06-22
6,25,8,17,0,Hoke,2022-06-22
2,14,1,13,0,Hoke,2022-08-13
18,81,13,68,1,Gaston,2022-08-18
7,27,4,23,1,Richmond,2022-08-18
52,327,46,281,1,Wake,2022-08-18
4,27,6,21,0,Lenoir,2022-08-18
5,44,10,34,0,Nash,2022-08-18
13,65,6,59,0,Alamance,2022-08-18
4,35,15,20,0,Wilson,2022-08-18
12,39,8,31,1,Cleveland,2022-08-18
10,66,19,47,0,Buncombe,2022-08-18
10,74,32,42,1,Iredell,2022-08-18
6,30,4,26,0,Lincoln,2022-08-18
25,282,32,250,0,Wake,2022-07-02
29,250,32,218,2,Mecklenburg,2022-07-02
7,96,11,85,0,Durham,2022-07-02
4,24,10,14,0,Surry,2022-07-02
0,4,1,3,0,Anson,2022-07-02
7,50,8,42,1,Union,2022-07-02
1,16,4,12,0,Lincoln,2022-07-02
12,57,24,33,0,Catawba,2022-08-18
6,39,32,7,0,Vance,2022-07-02
10,64,12,52,0,Gaston,2022-07-02
14,51,7,44,0,Rowan,2022-08-18
9,50,21,29,0,Surry,2022-08-18
1,4,2,2,0,Ashe,2022-07-02
2,34,7,27,0,Brunswick,2022-08-18
0,7,0,7,0,Alexander,2022-07-02
30,234,36,198,1,Mecklenburg,2022-07-04
1,6,1,5,0,Anson,2022-07-04
17,72,28,44,0,Surry,2022-08-22
0,6,0,6,0,Davie,2022-07-04
4,24,10,14,0,Brunswick,2022-07-04
2,13,0,13,0,Orange,2022-07-04
7,47,10,37,0,Union,2022-07-04
7,45,11,34,0,Nash,2022-08-22
1,6,0,6,0,Dare,2022-08-22
0,17,13,4,0,Jackson,2022-08-22
10,36,10,26,0,Lincoln,2022-08-22
3,16,5,11,0,Burke,2022-07-02
2,21,7,14,0,Pender,2022-08-22
30,106,44,62,3,Iredell,2022-08-22
4,35,8,27,0,Brunswick,2022-07-02
5,18,6,12,2,Nash,2022-07-02
3,32,2,30,0,Rowan,2022-07-02
2,10,7,3,0,Wilkes,2022-07-02
1,11,5,6,0,Anson,2022-08-18
13,82,40,42,0,Catawba,2022-08-22
5,50,8,42,0,New Hanover,2022-08-22
2,16,5,11,0,Lenoir,2022-08-22
11,60,8,52,0,Cleveland,2022-08-22
1,8,1,7,0,Yancey,2022-08-18
9,48,13,35,0,Brunswick,2022-08-22
3,18,0,18,0,McDowell,2022-08-22
1,16,4,12,0,Watauga,2022-08-23
51,340,49,291,1,Mecklenburg,2022-08-23
28,207,52,155,1,Guilford,2022-08-23
20,82,14,68,0,Davidson,2022-08-22
11,26,13,13,1,Surry,2022-07-04
1,10,3,7,0,Bladen,2022-08-22
0,9,7,2,0,Swain,2022-08-18
38,348,55,293,0,Wake,2022-08-23
1,6,1,5,0,Cherokee,2022-08-18
3,10,0,10,0,Anson,2022-08-23
11,26,11,15,0,Richmond,2022-08-22
17,118,27,91,1,Cumberland,2022-08-23
6,47,13,34,1,New Hanover,2022-08-23
7,37,17,20,0,Wilkes,2022-08-23
2,5,1,4,0,Hertford,2022-07-02
4,39,2,37,1,Brunswick,2022-08-23
0,1,1,0,0,Hyde,2022-08-18
4,23,3,20,0,Franklin,2022-08-24
1,15,0,15,0,Yadkin,2022-08-18
20,104,12,92,0,Gaston,2022-08-24
8,33,7,26,0,Rockingham,2022-08-24
5,38,15,23,0,Harnett,2022-08-23
0,5,0,5,0,Macon,2022-07-02
0,10,4,6,0,Jackson,2022-08-18
7,64,18,46,1,Buncombe,2022-08-24
8,62,8,54,0,Union,2022-08-24
5,36,13,23,0,Granville,2022-07-08
3,21,2,19,0,Granville,2022-05-09
8,51,22,29,0,Iredell,2022-05-09
4,35,14,21,0,Henderson,2022-07-08
7,43,9,34,0,Cleveland,2022-08-23
2,27,11,16,0,Moore,2022-08-23
77,996,92,904,2,Wake,2022-05-09
17,145,28,117,0,Forsyth,2022-07-08
7,41,0,41,1,Franklin,2022-05-09
17,182,30,152,0,Guilford,2022-07-08
13,94,11,83,0,Onslow,2022-08-24
1,3,1,2,1,Washington,2022-07-04
5,18,9,9,0,Nash,2022-07-04
9,85,12,73,0,Union,2022-05-09
5,29,18,11,1,Buncombe,2022-07-04
9,67,35,32,0,Iredell,2022-08-23
6,25,9,16,0,Sampson,2022-08-23
8,40,6,34,0,Lincoln,2022-08-23
7,41,16,25,0,Iredell,2022-07-08
1,8,1,7,1,Macon,2022-08-24
9,72,36,36,0,Iredell,2022-08-24
1,7,2,5,0,Swain,2022-08-24
2,16,4,12,0,Pender,2022-08-24
16,81,8,73,0,Rowan,2022-08-22
21,69,45,24,0,Robeson,2022-08-24
4,19,3,16,0,Cherokee,2022-07-08
2,23,17,6,0,Jackson,2022-08-24
8,148,55,93,0,Buncombe,2022-05-09
8,59,15,44,0,Gaston,2022-05-09
2,12,4,8,0,Bladen,2022-07-08
2,21,1,20,0,Stanly,2022-07-08
1,10,1,9,0,Lincoln,2022-07-04
1,14,3,11,0,Caldwell,2022-07-04
1,15,4,11,0,McDowell,2022-07-04
3,29,11,18,0,Haywood,2022-08-24
1,13,6,7,1,Rutherford,2022-07-04
3,34,13,21,0,Moore,2022-05-09
6,44,4,40,0,Pitt,2022-07-10
0,8,5,3,0,Alexander,2022-05-09
3,16,2,14,0,Anson,2022-08-22
6,94,16,78,0,Guilford,2022-07-10
5,30,19,11,0,Wilson,2022-05-09
3,13,7,6,0,Wilkes,2022-07-10
7,58,15,43,1,New Hanover,2022-07-10
7,47,23,24,0,Iredell,2022-05-10
66,840,96,744,0,Wake,2022-05-10
29,291,50,241,0,Wake,2022-07-10
7,65,7,58,0,Gaston,2022-07-10
0,11,1,10,0,Alleghany,2022-08-23
12,62,23,39,1,Catawba,2022-07-10
2,11,3,8,0,Pender,2022-08-23
3,73,11,62,0,Gaston,2022-05-10
4,29,10,19,0,Nash,2022-08-23
5,16,6,10,0,Anson,2022-07-11
84,687,89,598,1,Wake,2022-07-11
3,17,4,13,0,Surry,2022-05-10
5,26,11,15,0,McDowell,2022-07-11
15,89,28,61,0,Davidson,2022-07-11
72,581,78,503,0,Mecklenburg,2022-07-11
28,119,16,103,0,Pitt,2022-07-11
3,33,8,25,0,Pender,2022-07-11
11,53,3,50,0,Cleveland,2022-07-11
26,174,26,148,0,Forsyth,2022-07-11
8,42,15,27,1,Surry,2022-07-11
1,13,4,9,1,Carteret,2022-08-23
2,39,4,35,0,Chatham,2022-05-10
2,19,3,16,0,Hoke,2022-05-10
7,29,10,19,0,Rutherford,2022-07-11
1,6,1,5,0,Duplin,2022-05-10
5,22,9,13,0,Scotland,2022-07-11
8,25,6,19,0,Vance,2022-08-23
0,18,10,8,0,Carteret,2022-05-10
0,10,1,9,0,Vance,2022-07-10
5,27,17,10,0,Alexander,2022-07-12
6,25,3,22,0,McDowell,2022-07-12
63,575,56,519,0,Mecklenburg,2022-07-12
9,50,11,39,0,Davidson,2022-07-12
7,39,9,30,0,Vance,2022-07-12
3,84,4,80,0,Orange,2022-05-10
58,495,54,441,1,Wake,2022-07-12
0,17,3,14,0,Anson,2022-07-12
7,43,10,33,0,Lincoln,2022-07-12
0,3,1,2,0,Polk,2022-08-23
9,68,11,57,0,Brunswick,2022-07-12
11,70,9,61,0,Alamance,2022-07-12
18,122,45,77,0,Buncombe,2022-07-11
4,48,23,25,0,Craven,2022-05-10
3,51,11,40,0,New Hanover,2022-08-24
7,36,2,34,0,Beaufort,2022-07-11
2,14,2,12,0,Lincoln,2022-05-09
1,16,4,12,0,Stokes,2022-05-10
1,13,1,12,0,Pender,2022-05-09
2,21,5,16,0,Lincoln,2022-05-10
3,5,1,4,0,Pender,2022-08-28
7,83,26,57,1,Brunswick,2022-07-11
2,16,3,13,0,Cleveland,2022-05-09
3,44,9,35,0,Burke,2022-07-12
1,12,4,8,0,Hoke,2022-08-28
3,29,6,23,0,Hoke,2022-07-13
0,7,0,7,0,Anson,2022-08-28
78,537,64,473,2,Mecklenburg,2022-07-13
4,40,18,22,0,Carteret,2022-07-13
0,26,7,19,0,Pender,2022-07-13
4,23,13,10,0,Wilkes,2022-08-28
1,5,0,5,0,Rutherford,2022-05-09
10,67,22,45,1,Davidson,2022-07-13
18,84,19,65,0,Union,2022-07-13
0,11,1,10,0,Macon,2022-07-13
9,81,38,43,0,Craven,2022-07-11
0,18,9,9,0,Wilkes,2022-05-09
12,84,17,67,0,Rowan,2022-07-12
8,89,15,74,0,New Hanover,2022-07-12
13,77,37,40,0,Iredell,2022-07-12
2,26,6,20,0,Beaufort,2022-07-13
0,24,8,16,0,Hoke,2022-07-12
2,12,5,7,1,Watauga,2022-07-12
3,9,0,9,0,Alexander,2022-07-10
3,31,2,29,0,Cleveland,2022-07-10
3,39,18,21,0,Iredell,2022-07-10
7,32,6,26,0,Halifax,2022-07-08
4,17,3,14,0,Richmond,2022-08-24
7,42,5,37,0,Davidson,2022-08-28
2,6,2,4,0,Richmond,2022-07-10
13,65,8,57,0,Cleveland,2022-07-12
8,43,15,28,0,Lenoir,2022-07-11
3,9,1,8,0,Cherokee,2022-07-13
1,17,8,9,0,Transylvania,2022-07-11
1,3,1,2,0,Washington,2022-07-11
10,69,9,60,0,Alamance,2022-07-13
10,47,8,39,0,Alamance,2022-08-28
9,108,12,96,0,Guilford,2022-08-28
4,24,3,21,0,Cleveland,2022-05-10
3,17,7,10,0,Alexander,2022-07-13
4,17,3,14,0,Nash,2022-08-28
2,26,13,13,0,Wilkes,2022-07-13
17,95,9,86,1,Pitt,2022-07-13
2,14,3,11,0,Jackson,2022-07-12
9,62,15,47,0,Brunswick,2022-07-13
2,18,4,14,0,Montgomery,2022-07-12
2,11,4,7,0,Jackson,2022-05-09
6,27,6,21,0,Lincoln,2022-07-10
33,332,36,296,3,Mecklenburg,2022-07-17
2,57,12,45,0,New Hanover,2022-07-17
4,23,6,17,0,Wilson,2022-07-17
7,38,5,33,0,Davidson,2022-07-17
15,54,2,52,0,Pitt,2022-07-17
2,14,9,5,0,Yadkin,2022-07-10
4,18,5,13,0,Nash,2022-05-10
15,83,5,78,0,Union,2022-07-17
92,1143,110,1033,1,Wake,2022-05-16
5,21,10,11,0,Beaufort,2022-07-12
0,17,3,14,0,Pender,2022-07-17
0,6,6,0,0,Polk,2022-07-10
8,42,22,20,0,Wilkes,2022-07-12
2,9,1,8,0,Madison,2022-07-13
9,52,20,32,0,Wilson,2022-07-13
0,8,2,6,0,Pasquotank,2022-07-13
6,41,13,28,0,Johnston,2022-08-28
15,42,21,21,0,Lincoln,2022-07-13
2,16,10,6,0,Pasquotank,2022-07-11
1,35,8,27,0,Hoke,2022-05-16
6,39,12,27,0,Franklin,2022-07-13
6,103,21,82,0,Alamance,2022-05-16
1,40,20,20,0,Carteret,2022-07-11
12,83,10,73,0,Gaston,2022-05-16
7,33,7,26,0,Edgecombe,2022-07-12
5,72,31,41,0,Iredell,2022-05-16
15,61,18,43,1,Pitt,2022-09-01
5,43,10,33,0,Chatham,2022-05-16
40,295,45,250,0,Mecklenburg,2022-09-01
5,28,5,23,0,Cleveland,2022-05-16
1,8,0,8,0,Bladen,2022-09-01
3,12,4,8,0,Scotland,2022-07-17
1,39,9,30,0,Brunswick,2022-07-17
4,44,29,15,0,Craven,2022-07-17
2,24,7,17,0,Lincoln,2022-07-17
2,6,2,4,0,Macon,2022-09-01
8,20,7,13,0,Vance,2022-09-01
2,15,7,8,2,Nash,2022-09-01
4,21,10,11,0,Hoke,2022-09-01
2,8,0,8,0,Alexander,2022-07-17
6,39,10,29,0,Nash,2022-05-16
9,35,10,25,0,Edgecombe,2022-07-13
11,67,24,43,0,Alamance,2022-09-01
9,33,3,30,0,Franklin,2022-09-01
15,102,51,51,0,Wayne,2022-07-20
104,691,103,588,1,Mecklenburg,2022-07-20
4,35,24,11,0,Sampson,2022-07-20
10,109,28,81,0,New Hanover,2022-07-20
2,15,3,12,0,Carteret,2022-05-16
4,18,7,11,0,Richmond,2022-05-16
1,9,6,3,0,Yancey,2022-05-16
5,41,5,36,0,Brunswick,2022-09-01
1,3,2,1,0,Swain,2022-05-16
9,32,14,18,0,Lincoln,2022-05-16
9,29,17,12,0,Wilkes,2022-09-01
0,11,2,9,1,Carteret,2022-07-17
2,5,3,2,0,Mitchell,2022-05-16
4,45,10,35,0,Moore,2022-07-20
13,41,13,28,1,Lincoln,2022-07-20
6,81,24,57,0,Buncombe,2022-07-20
17,112,22,90,0,Cabarrus,2022-07-20
2,10,2,8,0,Cherokee,2022-07-20
0,6,0,6,0,Graham,2022-07-20
9,59,34,25,1,Randolph,2022-07-20
11,35,8,27,0,Halifax,2022-07-20
3,18,0,18,0,Stanly,2022-07-20
11,67,10,57,0,Harnett,2022-07-20
9,60,24,36,0,Craven,2022-07-20
3,51,16,35,1,Burke,2022-07-20
13,57,29,28,0,Wilson,2022-07-20
3,14,0,14,1,Edgecombe,2022-07-17
3,20,5,15,0,Stokes,2022-05-16
0,1,0,1,0,Clay,2022-07-17
7,57,21,36,0,Henderson,2022-07-20
7,68,2,66,0,Orange,2022-07-20
6,33,13,20,0,Richmond,2022-07-22
9,62,15,47,0,Davidson,2022-09-01
16,112,18,94,1,Alamance,2022-05-18
6,43,7,36,0,Chatham,2022-05-18
5,19,8,11,0,Wilson,2022-09-01
1,8,3,5,0,Polk,2022-05-16
14,203,36,167,0,Forsyth,2022-05-18
12,101,26,75,0,Johnston,2022-05-18
2,19,6,13,0,Columbus,2022-05-18
5,38,14,24,0,Duplin,2022-07-20
6,49,19,30,0,Henderson,2022-05-18
3,28,9,19,0,Lenoir,2022-07-22
13,84,42,42,0,Catawba,2022-07-22
1,23,4,19,0,Lee,2022-05-18
5,42,4,38,0,Rowan,2022-05-16
12,55,17,38,0,New Hanover,2022-09-07
6,34,16,18,0,Randolph,2022-05-18
2,16,5,11,0,Edgecombe,2022-09-01
3,17,5,12,0,Surry,2022-05-16
15,49,11,38,0,Cleveland,2022-09-07
3,22,3,19,0,Lincoln,2022-09-01
63,390,59,331,0,Mecklenburg,2022-09-07
6,26,11,15,0,Beaufort,2022-09-01
90,1027,104,923,1,Wake,2022-05-19
0,13,5,8,0,Carteret,2022-09-01
27,207,40,167,1,Guilford,2022-09-07
2,16,5,11,0,Beaufort,2022-09-07
37,504,66,438,0,Mecklenburg,2022-05-19
8,41,9,32,0,Watauga,2022-09-07
15,74,12,62,0,Rowan,2022-09-07
5,75,17,58,0,Cabarrus,2022-05-19
13,68,13,55,0,Davidson,2022-09-07
8,64,11,53,2,Gaston,2022-09-07
4,22,1,21,0,McDowell,2022-09-07
2,11,8,3,0,Madison,2022-05-19
2,22,8,14,0,Carteret,2022-05-19
1,20,1,19,0,Pender,2022-05-19
15,172,28,144,0,Cumberland,2022-05-19
1,15,3,12,0,Pender,2022-09-07
6,31,8,23,0,Nash,2022-05-19
4,44,7,37,0,Brunswick,2022-09-07
4,30,8,22,0,Bladen,2022-07-20
1,4,0,4,0,Chowan,2022-09-01
5,20,6,14,1,Yadkin,2022-07-22
5,31,6,25,0,Rowan,2022-05-18
12,74,10,64,0,Alamance,2022-09-08
8,57,29,28,0,Robeson,2022-05-18
0,16,5,11,0,Halifax,2022-05-18
3,37,12,25,0,Yadkin,2022-09-08
4,21,7,14,0,Davie,2022-07-20
23,151,35,116,0,Guilford,2022-09-08
9,61,31,30,2,Iredell,2022-09-08
14,72,30,42,2,Robeson,2022-09-08
12,44,6,38,1,Rowan,2022-09-08
11,35,6,29,0,Lincoln,2022-09-07
0,16,1,15,1,Chatham,2022-07-22
0,10,0,10,0,Dare,2022-05-22
3,41,9,32,1,Alamance,2022-05-22
15,91,19,72,0,Alamance,2022-09-07
7,69,7,62,0,Cumberland,2022-05-22
1,6,4,2,0,Yancey,2022-05-22
2,30,9,21,0,Moore,2022-05-19
2,18,5,13,0,Anson,2022-09-07
1,13,6,7,0,Jackson,2022-09-07
4,13,4,9,0,Vance,2022-09-07
4,49,5,44,0,Johnston,2022-05-22
4,17,9,8,0,Wayne,2022-05-22
2,16,5,11,0,Jackson,2022-07-22
3,30,8,22,0,Cleveland,2022-05-23
19,155,59,96,0,Buncombe,2022-05-23
9,54,18,36,0,Harnett,2022-05-19
1,8,3,5,0,Alexander,2022-05-23
2,26,3,23,0,McDowell,2022-05-23
13,83,35,48,1,Catawba,2022-09-12
12,59,28,31,0,Iredell,2022-09-12
6,50,25,25,0,Wilkes,2022-05-23
8,73,44,29,0,Wayne,2022-09-12
40,335,46,289,1,Wake,2022-09-12
7,44,15,29,0,Lincoln,2022-05-23
2,3,1,2,0,Swain,2022-09-12
11,120,19,101,0,Union,2022-05-23
36,314,53,261,4,Mecklenburg,2022-09-12
3,21,9,12,0,Rutherford,2022-05-23
4,40,23,17,0,Wilkes,2022-09-12
9,31,14,17,1,Wilson,2022-05-23
20,81,18,63,1,Union,2022-09-12
4,24,7,17,0,Richmond,2022-05-23
1,53,10,43,0,Brunswick,2022-05-19
6,26,8,18,0,Stokes,2022-05-23
6,31,5,26,1,Franklin,2022-09-07
6,41,8,33,0,Rowan,2022-09-12
14,111,32,79,0,Johnston,2022-05-23
12,89,35,54,1,Iredell,2022-05-23
4,17,4,13,0,Bladen,2022-09-12
1,15,1,14,0,Haywood,2022-05-18
3,29,0,29,0,Dare,2022-05-23
2,29,18,11,0,Wayne,2022-05-18
7,119,46,73,0,Buncombe,2022-05-19
5,35,0,35,0,Orange,2022-09-12
17,133,55,78,1,Buncombe,2022-05-24
3,13,9,4,0,Scotland,2022-09-12
2,24,9,15,0,Carteret,2022-05-24
7,84,14,70,0,Orange,2022-05-24
7,25,8,17,0,Rutherford,2022-05-24
6,26,4,22,0,McDowell,2022-07-20
1,13,4,9,0,Vance,2022-05-24
6,64,26,38,0,Iredell,2022-05-24
6,26,7,19,0,Rutherford,2022-07-20
5,44,10,34,2,Surry,2022-09-07
2,17,7,10,0,Pasquotank,2022-05-19
3,22,2,20,0,Hoke,2022-05-19
1,17,9,8,0,Davie,2022-05-24
1,21,9,12,0,Wilson,2022-05-19
1,11,2,9,0,Macon,2022-05-19
1,22,14,8,0,Richmond,2022-05-24
1,13,9,4,0,Scotland,2022-05-19
8,90,16,74,0,New Hanover,2022-05-24
2,9,0,9,0,Alexander,2022-05-24
1,11,4,7,0,Martin,2022-05-19
7,46,31,15,0,Wayne,2022-05-24
4,18,1,17,0,Halifax,2022-09-07
17,44,22,22,0,Randolph,2022-09-08
6,55,7,48,0,Gaston,2022-09-08
21,85,27,58,0,Johnston,2022-09-08
4,17,9,8,1,Richmond,2022-09-08
6,41,4,37,0,Stanly,2022-09-08
5,26,9,17,0,Hoke,2022-09-08
13,68,11,57,0,Onslow,2022-09-08
4,17,12,5,0,Haywood,2022-09-08
12,60,20,40,0,Buncombe,2022-09-08
3,16,3,13,0,Lee,2022-09-08
1,10,6,4,0,Jackson,2022-09-08
1,13,5,8,0,Wilson,2022-05-22
5,46,19,27,0,Iredell,2022-05-22
1,7,2,5,0,Warren,2022-05-18
0,5,1,4,0,Currituck,2022-09-08
2,6,1,5,0,Columbus,2022-05-22
2,20,5,15,0,Granville,2022-05-22
5,55,5,50,0,Cabarrus,2022-05-22
2,16,3,13,0,Surry,2022-05-22
33,492,59,433,3,Wake,2022-05-28
10,127,18,109,1,Guilford,2022-05-28
1,18,5,13,1,Chatham,2022-05-28
4,41,4,37,0,Gaston,2022-05-28
4,16,5,11,0,Surry,2022-05-18
0,36,17,19,0,Iredell,2022-05-28
7,51,13,38,2,New Hanover,2022-09-12
0,9,1,8,0,McDowell,2022-05-28
4,51,8,43,0,Union,2022-05-28
1,9,7,2,0,Yancey,2022-05-18
5,42,6,36,0,Brunswick,2022-09-12
3,18,3,15,0,Yadkin,2022-05-23
5,84,26,58,0,Gaston,2022-05-23
2,21,6,15,0,Surry,2022-05-28
12,48,11,37,0,Burke,2022-09-12
6,22,14,8,0,Wilkes,2022-05-29
13,42,18,24,0,Lincoln,2022-09-12
3,10,2,8,0,Beaufort,2022-05-29
3,43,10,33,0,Cabarrus,2022-05-29
24,278,24,254,0,Mecklenburg,2022-05-29
0,24,4,20,0,Franklin,2022-05-29
14,112,9,103,0,Alamance,2022-05-23
1,7,5,2,0,Yancey,2022-05-23
14,40,14,26,0,Cleveland,2022-09-12
5,72,21,51,2,Buncombe,2022-05-29
0,1,0,1,0,Washington,2022-05-29
11,73,21,52,0,Cumberland,2022-05-29
1,8,4,4,0,Transylvania,2022-05-29
0,4,1,3,0,Greene,2022-09-17
4,29,2,27,0,Pitt,2022-05-29
3,18,2,16,0,Rowan,2022-09-17
5,14,3,11,0,Carteret,2022-05-29
11,28,8,20,1,Catawba,2022-09-17
0,5,0,5,0,Jackson,2022-09-17
22,151,19,132,0,Wake,2022-09-17
1,10,1,9,0,Richmond,2022-09-18
2,21,4,17,0,New Hanover,2022-09-18
1,9,0,9,0,Dare,2022-09-18
4,16,5,11,1,Cleveland,2022-05-24
3,9,1,8,0,Alexander,2022-09-18
0,1,1,0,0,Graham,2022-09-18
2,13,3,10,0,Lincoln,2022-09-18
5,29,7,22,0,Buncombe,2022-09-18
7,40,6,34,0,Alamance,2022-09-18
2,15,1,14,0,Yadkin,2022-09-18
5,24,4,20,1,Gaston,2022-09-18
4,17,0,17,1,Cleveland,2022-09-18
0,3,1,2,0,Jackson,2022-09-18
4,28,15,13,0,Vance,2022-05-23
3,13,7,6,0,Mitchell,2022-05-23
1,18,4,14,0,Rutherford,2022-05-19
7,38,8,30,0,McDowell,2022-09-12
2,13,9,4,0,Scotland,2022-05-24
1,18,3,15,0,Stokes,2022-09-08
7,31,11,20,0,Surry,2022-09-08
0,11,0,11,0,Stanly,2022-05-22
2,20,8,12,0,Lee,2022-09-22
1,11,3,8,0,Columbus,2022-09-22
13,112,15,97,0,Forsyth,2022-09-22
3,17,6,11,1,Davie,2022-09-22
7,40,14,26,1,Iredell,2022-09-22
16,116,22,94,0,Guilford,2022-09-22
1,11,5,6,0,Yadkin,2022-09-22
8,43,8,35,1,Davidson,2022-09-22
8,58,32,26,0,Buncombe,2022-09-22
2,10,4,6,0,Cleveland,2022-05-28
2,14,1,13,0,Hoke,2022-05-28
6,27,10,17,0,Rowan,2022-05-28
5,39,8,31,0,Catawba,2022-05-28
1,10,4,6,0,Watauga,2022-05-28
7,29,13,16,0,Iredell,2022-09-25
1,12,4,8,0,Franklin,2022-09-25
3,21,2,19,0,Alexander,2022-09-12
5,24,10,14,0,Watauga,2022-09-12
1,13,6,7,0,Macon,2022-09-12
14,163,27,136,2,Mecklenburg,2022-09-29
2,10,3,7,1,Wilson,2022-05-29
1,24,5,19,0,Nash,2022-05-29
32,178,13,165,1,Wake,2022-09-29
5,19,5,14,0,Nash,2022-09-29
2,39,9,30,0,Union,2022-09-29
5,54,14,40,0,Brunswick,2022-05-29
5,19,2,17,0,Rowan,2022-09-29
0,3,0,3,0,Pender,2022-09-17
1,3,1,2,0,Anson,2022-09-17
6,31,7,24,0,Catawba,2022-09-18
1,14,3,11,0,Wilson,2022-09-18
2,15,1,14,0,McDowell,2022-09-18
1,5,1,4,0,Polk,2022-05-28
2,23,8,15,0,Wilkes,2022-05-28
2,21,7,14,0,Carteret,2022-05-28
6,99,15,84,2,Mecklenburg,2022-10-01
2,7,1,6,0,Burke,2022-10-01
1,37,9,28,2,New Hanover,2022-05-28
6,80,10,70,0,Guilford,2022-09-17
2,19,1,18,0,McDowell,2022-05-24
6,46,13,33,0,Johnston,2022-09-18
6,29,5,24,0,Brunswick,2022-09-18
12,39,5,34,0,Union,2022-09-18
4,31,11,20,0,Iredell,2022-09-18
2,6,1,5,0,Hoke,2022-09-18
8,73,11,62,1,Forsyth,2022-10-12
5,16,2,14,0,Beaufort,2022-09-22
5,16,0,16,0,Stokes,2022-09-22
4,34,9,25,0,Buncombe,2022-10-12
2,27,11,16,0,New Hanover,2022-10-12
0,2,1,1,0,Graham,2022-09-22
5,11,5,6,0,Vance,2022-09-22
6,20,3,17,0,Rockingham,2022-09-22
1,1,0,1,0,Bladen,2022-10-14
3,16,11,5,1,Lincoln,2022-10-14
3,63,12,51,0,Wake,2022-10-14
0,10,0,10,0,Orange,2022-10-14
20,98,10,88,3,Mecklenburg,2022-10-14
0,2,1,1,0,Madison,2022-10-14
5,15,1,14,0,Caldwell,2022-10-16
8,63,9,54,1,Mecklenburg,2022-10-16
0,5,2,3,0,Davie,2022-10-16
3,22,10,12,0,Buncombe,2022-10-16
0,4,0,4,1,Warren,2022-09-22
6,57,9,48,0,Union,2022-09-22
1,7,7,0,0,Currituck,2022-10-17
0,12,5,7,0,Onslow,2022-10-17
1,11,5,6,0,Haywood,2022-10-17
1,15,11,4,0,Carteret,2022-10-17
2,23,4,19,0,Rowan,2022-10-17
0,11,6,5,0,Jackson,2022-09-22
5,54,5,49,0,Alamance,2022-09-22
5,41,6,35,0,Johnston,2022-09-22
3,10,0,10,0,Beaufort,2022-10-19
22,124,15,109,0,Mecklenburg,2022-10-19
6,25,9,16,0,Davidson,2022-10-19
0,3,1,2,0,Vance,2022-10-19
0,16,2,14,0,Brunswick,2022-10-19
3,28,11,17,0,Buncombe,2022-09-25
1,14,0,14,0,Pitt,2022-10-27
23,128,16,112,0,Mecklenburg,2022-10-27
3,12,7,5,0,Sampson,2022-10-27
3,17,8,9,0,Burke,2022-10-27
4,30,12,18,0,Iredell,2022-10-27
2,7,2,5,1,Edgecombe,2022-09-29
3,12,3,9,0,Lincoln,2022-09-29
12,101,5,96,0,Wake,2022-10-27
0,12,0,12,0,Dare,2022-05-28
3,15,3,12,0,Cleveland,2022-10-01
0,15,2,13,0,Burke,2022-09-29
0,5,1,4,0,McDowell,2022-10-01
2,3,2,1,0,Lenoir,2022-10-01
0,4,0,4,0,Alexander,2022-05-29
4,13,4,9,0,Wilkes,2022-09-17
1,2,1,1,0,Granville,2022-10-01
2,10,0,10,0,Surry,2022-10-08
0,1,1,0,0,Perquimans,2022-10-08
0,3,0,3,0,Macon,2022-09-18
5,12,4,8,0,Pitt,2022-10-08
2,6,2,4,0,Transylvania,2022-10-08
0,1,1,0,0,Chowan,2022-10-08
4,24,8,16,0,Moore,2022-10-12
1,2,0,2,0,Hyde,2022-10-12
1,6,2,4,0,Columbus,2022-10-12
8,39,6,33,0,Buncombe,2022-10-14
3,21,11,10,0,Catawba,2022-10-14
1,10,3,7,0,Harnett,2022-10-14
5,15,10,5,0,Haywood,2022-10-12
2,23,3,20,0,Brunswick,2022-10-14
1,6,2,4,0,Craven,2022-10-16
2,4,2,2,0,Chatham,2022-10-17
2,16,3,13,0,Hoke,2022-10-17
10,27,18,9,0,Robeson,2022-10-17
1,9,2,7,0,Pender,2022-10-17
6,38,10,28,0,Davidson,2022-10-17
2,15,9,6,0,Moore,2022-10-14
1,6,2,4,0,Burke,2022-10-16
0,9,4,5,0,Cabarrus,2022-10-16
5,24,9,15,0,Randolph,2022-10-17
7,24,5,19,0,Union,2022-10-17
4,29,9,20,0,Gaston,2022-09-22
3,8,4,4,0,Nash,2022-10-19
13,92,6,86,0,Wake,2022-10-19
1,17,2,15,0,Rowan,2022-10-19
4,21,2,19,0,Orange,2022-10-27
3,23,2,21,0,Alamance,2022-10-19
0,13,0,13,0,Orange,2022-10-19
0,5,1,4,0,McDowell,2022-10-27
4,21,4,17,0,Brunswick,2022-10-27
1,4,3,1,0,Polk,2022-10-27
4,29,12,17,0,Catawba,2022-10-27
2,11,1,10,0,New Hanover,2022-10-27
3,16,7,9,0,Wilson,2022-09-29
2,14,2,12,0,Moore,2022-10-01
0,19,5,14,0,Brunswick,2022-10-01
3,37,3,34,0,Forsyth,2022-10-08
0,10,4,6,0,Burke,2022-10-14
1,6,2,4,0,Alexander,2022-10-14
1,7,3,4,0,Granville,2022-10-16
0,9,2,7,0,Orange,2022-10-16
0,6,1,5,0,Rockingham,2022-10-17
9,34,23,11,0,Catawba,2022-10-19
1,6,2,4,0,Surry,2022-10-19
1,3,1,2,0,McDowell,2022-10-19
2,8,2,6,0,Caldwell,2022-10-19
5,12,3,9,0,Caldwell,2022-10-27
3,29,17,12,0,Carteret,2022-07-22
2,13,5,8,0,Carteret,2022-07-24
0,4,3,1,0,Polk,2022-07-24
6,56,12,44,0,Brunswick,2022-07-24
2,26,7,19,0,Davie,2022-06-06
6,17,5,12,0,Rutherford,2022-06-06
5,20,8,12,0,Duplin,2022-06-06
2,9,4,5,0,Alexander,2022-06-06
0,7,2,5,0,Clay,2022-06-06
1,7,2,5,0,Beaufort,2022-08-13
5,29,4,25,0,Brunswick,2022-08-13
5,21,8,13,0,Cleveland,2022-08-13
3,9,3,6,0,Bladen,2022-08-13
8,58,5,53,0,Union,2022-08-18
1,3,1,2,0,Perquimans,2022-08-18
2,25,11,14,0,Moore,2022-07-02
3,24,7,17,1,Caldwell,2022-07-02
5,27,18,9,0,Iredell,2022-07-04
5,34,5,29,0,Cleveland,2022-07-04
1,11,0,11,0,Graham,2022-07-04
3,10,3,7,1,Duplin,2022-07-02
3,8,1,7,0,Pender,2022-07-02
2,5,0,5,0,Martin,2022-08-22
5,20,5,15,0,McDowell,2022-08-18
7,28,1,27,0,Yadkin,2022-08-23
1,7,5,2,2,Cherokee,2022-08-22
1,19,11,8,0,Haywood,2022-07-08
1,23,3,20,0,Chatham,2022-08-18
3,41,5,36,0,Burke,2022-07-08
1,4,0,4,0,Dare,2022-08-23
1,5,2,3,0,Avery,2022-07-08
0,15,6,9,0,Stokes,2022-08-24
0,3,0,3,0,Macon,2022-08-23
2,12,6,6,0,Scotland,2022-08-23
5,23,7,16,0,Franklin,2022-07-02
3,10,2,8,0,Swain,2022-07-10
3,25,11,14,0,Hoke,2022-05-09
3,11,4,7,0,Hoke,2022-07-10
2,9,1,8,0,Jackson,2022-07-10
2,21,3,18,0,Nash,2022-05-09
5,18,17,1,0,Wilkes,2022-07-04
2,2,1,1,0,Gates,2022-08-22
1,16,3,13,0,Moore,2022-07-10
6,36,9,27,0,Rowan,2022-05-10
0,2,0,2,0,Tyrrell,2022-08-23
1,9,3,6,0,Lenoir,2022-07-04
1,9,2,7,0,Mitchell,2022-08-22
0,2,0,2,0,Perquimans,2022-08-23
5,11,0,11,0,Caswell,2022-07-11
0,3,1,2,0,Bertie,2022-08-24
1,5,2,3,1,Jones,2022-07-08
0,14,7,7,0,Jackson,2022-07-11
1,3,0,3,0,Chowan,2022-08-28
0,3,3,0,0,Graham,2022-07-12
2,17,8,9,0,Martin,2022-07-13
3,11,1,10,0,Stanly,2022-08-28
1,7,0,7,0,Alexander,2022-08-28
2,15,5,10,0,Hoke,2022-08-24
1,11,0,11,1,Edgecombe,2022-07-10
5,18,9,9,0,Martin,2022-07-11
1,8,4,4,0,Wilkes,2022-05-10
4,14,10,4,0,Scotland,2022-07-13
0,3,0,3,0,McDowell,2022-05-10
1,16,0,16,0,Dare,2022-07-10
5,19,8,11,0,Wilkes,2022-07-17
2,5,2,3,0,Martin,2022-08-28
0,13,0,13,0,Dare,2022-05-16
4,31,14,17,0,Wilson,2022-05-16
2,12,0,12,0,McDowell,2022-05-16
1,16,5,11,0,Jackson,2022-05-16
4,16,6,10,0,Yadkin,2022-05-16
2,7,2,5,0,Martin,2022-09-01
3,6,1,5,0,Alexander,2022-05-16
0,6,2,4,0,Clay,2022-07-13
9,34,20,14,0,Wayne,2022-09-01
7,37,5,32,0,Caldwell,2022-07-20
4,30,6,24,0,Hoke,2022-05-18
6,23,3,20,0,Franklin,2022-07-22
1,13,2,11,0,Jackson,2022-05-18
2,13,1,12,0,Pender,2022-05-18
1,6,4,2,0,Transylvania,2022-07-17
1,22,4,18,0,Granville,2022-05-19
3,19,4,15,0,Stokes,2022-07-22
5,24,6,18,0,Alexander,2022-09-07
4,39,24,15,0,Wayne,2022-05-19
8,19,11,8,0,Scotland,2022-09-07
6,22,13,9,0,Duplin,2022-09-01
5,8,4,4,1,Cherokee,2022-09-01
3,22,6,16,0,Rockingham,2022-09-08
4,18,5,13,0,Rutherford,2022-09-01
2,8,2,6,0,Madison,2022-09-01
6,31,9,22,1,Yadkin,2022-09-07
1,2,0,2,0,Hertford,2022-05-22
0,26,7,19,1,Hoke,2022-05-23
2,11,3,8,0,Macon,2022-05-23
0,2,0,2,0,Polk,2022-05-24
1,6,4,2,0,Graham,2022-09-12
7,42,17,25,0,Wilson,2022-09-12
4,25,4,21,0,Stanly,2022-05-18
0,5,1,4,0,Graham,2022-07-22
3,13,5,8,0,Nash,2022-05-28
0,5,2,3,0,Macon,2022-09-08
0,14,3,11,0,Nash,2022-09-17
1,4,0,4,0,Bertie,2022-09-08
0,5,1,4,0,Swain,2022-09-18
2,6,2,4,0,Madison,2022-09-12
3,21,3,18,0,Davidson,2022-05-29
0,9,2,7,0,Hoke,2022-05-29
1,8,2,6,0,Richmond,2022-09-22
0,16,6,10,0,Wilson,2022-05-24
7,35,3,32,0,Union,2022-09-17
0,8,2,6,0,Hoke,2022-09-17
3,12,6,6,0,Robeson,2022-09-25
0,19,9,10,0,Moore,2022-09-17
3,22,14,8,0,Wilkes,2022-09-18
2,28,2,26,0,Orange,2022-09-29
4,21,7,14,0,Henderson,2022-09-29
1,5,3,2,0,Wilson,2022-10-01
0,19,4,15,1,Buncombe,2022-10-01
3,9,7,2,0,Alleghany,2022-05-24
1,6,3,3,0,Jackson,2022-05-28
3,19,3,16,0,Union,2022-10-08
0,2,2,0,0,Mitchell,2022-10-12
1,29,3,26,0,Alamance,2022-05-29
3,19,8,11,0,Iredell,2022-09-17
0,13,5,8,0,Craven,2022-10-14
1,2,2,0,0,Graham,2022-10-14
1,6,0,6,0,Chatham,2022-09-17
2,5,1,4,0,Lee,2022-10-17
1,2,0,2,0,Macon,2022-09-17
1,4,0,4,0,Jackson,2022-10-17
2,15,4,11,0,New Hanover,2022-10-19
0,14,7,7,0,Craven,2022-10-19
4,11,2,9,0,Lincoln,2022-10-19
0,10,4,6,0,Wilkes,2022-10-19
0,4,1,3,0,Hoke,2022-10-19
0,1,0,1,0,Currituck,2022-09-25
1,4,0,4,0,Stokes,2022-09-25
2,7,2,5,0,Cherokee,2022-10-27
0,7,1,6,0,Lincoln,2022-05-28
0,12,4,8,0,Scotland,2022-05-28
5,22,2,20,0,Caldwell,2022-09-29
2,10,2,8,0,Alexander,2022-09-29
3,19,14,5,2,Haywood,2022-09-22
0,10,3,7,0,Pitt,2022-10-01
2,13,1,12,0,Edgecombe,2022-05-29
3,11,0,11,0,Onslow,2022-09-25
0,6,1,5,1,Jackson,2022-09-25
8,23,7,16,2,Gaston,2022-09-25
6,34,21,13,0,Catawba,2022-10-12
1,20,10,10,0,New Hanover,2022-10-14
0,5,1,4,0,Transylvania,2022-10-16
1,5,1,4,0,Wilson,2022-10-16
1,2,2,0,0,Columbus,2022-10-17
0,6,0,6,0,Vance,2022-10-27
1,3,0,3,0,Bladen,2022-10-01
4,20,7,13,0,Iredell,2022-10-08
1,6,2,4,0,Ashe,2022-10-17
0,8,0,8,1,Cleveland,2022-10-19
0,3,0,3,0,Madison,2022-10-19
0,2,0,2,0,Bladen,2022-10-27
1,7,2,5,0,Watauga,2022-09-29
1,10,2,8,0,Surry,2022-10-01
0,4,3,1,0,Anson,2022-10-08
0,1,0,1,0,Northampton,2022-10-08
3,14,3,11,0,Franklin,2022-10-12
2,6,1,5,0,Surry,2022-10-12
3,5,0,5,0,Caldwell,2022-10-14
1,4,0,4,0,Stanly,2022-10-16
3,18,7,11,0,Surry,2022-10-17
7,12,3,9,0,Lenoir,2022-10-19
3,15,4,11,0,Surry,2022-10-27
1,8,1,7,0,Watauga,2022-07-24
2,9,2,7,1,Hoke,2022-07-24
0,3,2,1,0,Graham,2022-06-06
2,10,0,10,0,Dare,2022-08-13
2,3,2,1,0,Jones,2022-06-22
1,8,0,8,0,McDowell,2022-08-13
0,7,0,7,0,Dare,2022-08-18
1,2,1,1,0,Hyde,2022-08-13
0,3,1,2,0,Watauga,2022-07-02
0,8,2,6,0,Jackson,2022-07-04
2,9,5,4,1,Wilson,2022-07-04
3,32,3,29,0,Yadkin,2022-08-22
1,4,2,2,0,Graham,2022-08-18
0,3,0,3,0,Mitchell,2022-08-18
0,11,6,5,0,Pasquotank,2022-08-23
1,3,1,2,0,Martin,2022-05-09
2,12,2,10,0,Yadkin,2022-05-10
2,8,7,1,0,Polk,2022-07-02
0,2,0,2,0,Bladen,2022-07-04
4,21,4,17,0,Beaufort,2022-08-22
1,13,0,13,0,Dare,2022-05-09
5,16,5,11,0,McDowell,2022-07-10
1,3,2,1,0,Hyde,2022-05-09
2,15,0,15,0,Chowan,2022-07-11
3,6,1,5,1,Bladen,2022-07-02
2,17,3,14,0,Beaufort,2022-07-17
0,3,0,3,0,Madison,2022-07-04
1,19,3,16,0,Brunswick,2022-08-28
3,8,4,4,0,Sampson,2022-07-10
2,9,8,1,0,Pasquotank,2022-09-01
0,4,3,1,0,Swain,2022-08-23
1,6,2,4,0,Mitchell,2022-07-12
0,10,0,10,0,Caswell,2022-07-08
1,5,0,5,0,Beaufort,2022-08-28
0,6,1,5,0,Anson,2022-07-13
3,16,6,10,0,Yadkin,2022-05-18
0,4,1,3,0,Washington,2022-05-10
2,7,4,3,0,Richmond,2022-05-10
1,8,5,3,0,Graham,2022-09-07
2,11,4,7,0,Alexander,2022-09-01
0,5,0,5,0,Hyde,2022-05-18
3,10,0,10,0,Chowan,2022-05-18
1,2,1,1,0,Scotland,2022-09-01
1,6,0,6,0,Chowan,2022-07-22
2,18,8,10,0,Yadkin,2022-05-24
2,3,2,1,0,Jones,2022-07-20
1,12,1,11,0,Jackson,2022-05-23
0,6,0,6,1,Rutherford,2022-09-18
3,29,2,27,0,Davidson,2022-09-18
0,1,1,0,0,Mitchell,2022-09-22
2,9,5,4,0,Haywood,2022-09-25
0,4,0,4,0,Martin,2022-05-29
0,2,1,1,0,Alexander,2022-09-17
0,6,1,5,0,Pender,2022-05-29
2,12,1,11,0,Nash,2022-09-18
0,2,2,0,0,Polk,2022-09-18
1,11,6,5,0,Wilson,2022-10-14
1,5,1,4,0,Watauga,2022-10-14
0,4,0,4,0,Dare,2022-09-22
0,6,0,6,0,Yancey,2022-09-22
1,12,4,8,0,Alexander,2022-05-19
0,3,2,1,0,Clay,2022-05-19
2,6,3,3,0,Watauga,2022-10-01
0,1,0,1,0,Lenoir,2022-10-08
3,21,8,13,0,Iredell,2022-10-14
2,7,6,1,0,Wayne,2022-10-16
1,23,11,12,0,Iredell,2022-10-19
1,9,1,8,0,Lincoln,2022-10-27
1,11,3,8,0,Craven,2022-10-27
1,4,0,4,0,Dare,2022-09-17
0,5,1,4,1,Swain,2022-05-24
0,2,2,0,0,Camden,2022-09-29
1,11,1,10,0,Franklin,2022-09-29
0,1,0,1,0,Graham,2022-05-28
1,1,0,1,0,Clay,2022-05-29
0,1,0,1,0,Madison,2022-05-29
2,12,4,8,0,Wayne,2022-09-18
2,13,2,11,0,Henderson,2022-10-16
3,12,7,5,0,Surry,2022-09-22
4,11,5,6,0,Wilkes,2022-10-27
1,4,1,3,0,Hoke,2022-10-27
0,8,0,8,0,Dare,2022-10-01
0,5,0,5,0,Dare,2022-10-08
0,2,0,2,0,Washington,2022-10-19
1,3,0,3,0,Edgecombe,2022-10-27
2,5,3,2,0,Alleghany,2022-06-06
3,20,9,11,0,Yadkin,2022-06-06
1,7,0,7,0,Swain,2022-06-06
2,7,0,7,0,Cherokee,2022-08-13
3,13,2,11,0,Beaufort,2022-08-18
1,11,4,7,0,Davie,2022-07-08
1,7,4,3,0,Yancey,2022-05-09
2,14,8,6,0,Carteret,2022-08-18
0,5,5,0,0,Alleghany,2022-07-11
1,7,1,6,0,Alexander,2022-07-04
0,5,0,5,0,Hyde,2022-08-22
1,8,0,8,0,Dare,2022-08-24
0,4,0,4,0,Macon,2022-05-09
0,3,1,2,0,Clay,2022-05-10
1,10,1,9,0,Pender,2022-07-10
0,5,1,4,0,Washington,2022-07-13
0,2,0,2,0,Washington,2022-08-28
0,3,3,0,0,Camden,2022-09-01
0,4,0,4,0,Washington,2022-09-01
4,14,3,11,1,Alexander,2022-07-22
2,17,5,12,0,Wilkes,2022-05-19
1,4,3,1,0,Tyrrell,2022-05-19
1,7,2,5,0,Currituck,2022-05-18
0,4,2,2,0,Washington,2022-05-19
1,7,3,4,0,Northampton,2022-09-07
,0,0,0,0,Alexander,2022-06-05
,0,0,0,0,Alexander,2022-06-19
,0,0,0,0,Alleghany,2022-05-03
,0,0,0,0,Alleghany,2022-05-08
,0,0,0,0,Alleghany,2022-05-12
,0,0,0,0,Alleghany,2022-06-04
,0,0,0,0,Alleghany,2022-06-05
,0,0,0,0,Alleghany,2022-06-09
,0,0,0,0,Alleghany,2022-06-10
,0,0,0,0,Alleghany,2022-06-11
,0,0,0,0,Alleghany,2022-06-17
,0,0,0,0,Alleghany,2022-06-21
,0,0,0,0,Alleghany,2022-07-02
,0,0,0,0,Alleghany,2022-07-04
,0,0,0,0,Alleghany,2022-07-07
,0,0,0,0,Alleghany,2022-07-16
,0,0,0,0,Alleghany,2022-07-17
,0,0,0,0,Alleghany,2022-07-22
,0,0,0,0,Alleghany,2022-08-21
,0,0,0,0,Alleghany,2022-09-17
,0,0,0,0,Alleghany,2022-09-25
,0,0,0,0,Alleghany,2022-09-28
,0,0,0,0,Alleghany,2022-10-06
,0,0,0,0,Alleghany,2022-10-07
,0,0,0,0,Alleghany,2022-10-08
,0,0,0,0,Alleghany,2022-10-09
,0,0,0,0,Alleghany,2022-10-14
,0,0,0,0,Alleghany,2022-10-16
,0,0,0,0,Alleghany,2022-10-22
,0,0,0,0,Alleghany,2022-10-25
,0,0,0,0,Alleghany,2022-10-27
,0,0,0,0,Alleghany,2022-10-29
,0,0,0,0,Anson,2022-06-19
,0,0,0,0,Anson,2022-09-30
,0,0,0,0,Anson,2022-10-01
,0,0,0,0,Anson,2022-10-09
,0,0,0,0,Anson,2022-10-21
,0,0,0,0,Anson,2022-10-23
,0,0,0,0,Anson,2022-10-27
,0,0,0,0,Anson,2022-10-29
,0,0,0,0,Ashe,2022-05-30
,0,0,0,0,Ashe,2022-06-12
,0,0,0,0,Ashe,2022-06-25
,0,0,0,0,Ashe,2022-07-04
,0,0,0,0,Ashe,2022-09-29
,0,0,0,0,Ashe,2022-10-01
,0,0,0,0,Ashe,2022-10-22
,0,0,0,0,Ashe,2022-10-23
,0,0,0,0,Ashe,2022-10-29
,0,0,0,0,Avery,2022-05-11
,0,0,0,0,Avery,2022-05-15
,0,0,0,0,Avery,2022-05-21
,0,0,0,0,Avery,2022-07-28
,0,0,0,0,Avery,2022-09-14
,0,0,0,0,Avery,2022-09-22
,0,0,0,0,Avery,2022-09-25
,0,0,0,0,Avery,2022-09-27
,0,0,0,0,Avery,2022-09-29
,0,0,0,0,Avery,2022-10-08
,0,0,0,0,Avery,2022-10-12
,0,0,0,0,Avery,2022-10-14
,0,0,0,0,Avery,2022-10-16
,0,0,0,0,Avery,2022-10-18
,0,0,0,0,Avery,2022-10-19
,0,0,0,0,Avery,2022-10-21
,0,0,0,0,Avery,2022-10-22
,0,0,0,0,Avery,2022-10-23
,0,0,0,0,Beaufort,2022-05-08
,0,0,0,0,Bertie,2022-05-07
,0,0,0,0,Bertie,2022-05-09
,0,0,0,0,Bertie,2022-05-20
,0,0,0,0,Bertie,2022-08-17
,0,0,0,0,Bertie,2022-09-10
,0,0,0,0,Bertie,2022-10-07
,0,0,0,0,Bertie,2022-10-08
,0,0,0,0,Bertie,2022-10-09
,0,0,0,0,Bertie,2022-10-10
,0,0,0,0,Bertie,2022-10-12
,0,0,0,0,Bertie,2022-10-13
,0,0,0,0,Bertie,2022-10-19
,0,0,0,0,Bertie,2022-10-26
,0,0,0,0,Bertie,2022-10-28
,0,0,0,0,Bladen,2022-10-11
,0,0,0,0,Bladen,2022-10-16
,0,0,0,0,Bladen,2022-10-17
,0,0,0,0,Bladen,2022-10-20
,0,0,0,0,Bladen,2022-10-23
,0,0,0,0,Bladen,2022-10-29
,0,0,0,0,Camden,2022-05-10
,0,0,0,0,Camden,2022-05-13
,0,0,0,0,Camden,2022-05-15
,0,0,0,0,Camden,2022-05-21
,0,0,0,0,Camden,2022-05-28
,0,0,0,0,Camden,2022-06-05
,0,0,0,0,Camden,2022-06-07
,0,0,0,0,Camden,2022-06-15
,0,0,0,0,Camden,2022-06-18
,0,0,0,0,Camden,2022-06-28
,0,0,0,0,Camden,2022-07-02
,0,0,0,0,Camden,2022-07-03
,0,0,0,0,Camden,2022-07-05
,0,0,0,0,Camden,2022-07-09
,0,0,0,0,Camden,2022-07-12
,0,0,0,0,Camden,2022-07-22
,0,0,0,0,Camden,2022-07-28
,0,0,0,0,Camden,2022-08-03
,0,0,0,0,Camden,2022-08-07
,0,0,0,0,Camden,2022-08-11
,0,0,0,0,Camden,2022-08-14
,0,0,0,0,Camden,2022-08-15
,0,0,0,0,Camden,2022-08-16
,0,0,0,0,Camden,2022-08-20
,0,0,0,0,Camden,2022-08-24
,0,0,0,0,Camden,2022-08-27
,0,0,0,0,Camden,2022-09-18
,0,0,0,0,Camden,2022-09-19
,0,0,0,0,Camden,2022-09-22
,0,0,0,0,Camden,2022-09-25
,0,0,0,0,Camden,2022-09-28
,0,0,0,0,Camden,2022-09-30
,0,0,0,0,Camden,2022-10-01
,0,0,0,0,Camden,2022-10-02
,0,0,0,0,Camden,2022-10-05
,0,0,0,0,Camden,2022-10-06
,0,0,0,0,Camden,2022-10-08
,0,0,0,0,Camden,2022-10-09
,0,0,0,0,Camden,2022-10-10
,0,0,0,0,Camden,2022-10-11
,0,0,0,0,Camden,2022-10-12
,0,0,0,0,Camden,2022-10-20
,0,0,0,0,Camden,2022-10-22
,0,0,0,0,Camden,2022-10-23
,0,0,0,0,Camden,2022-10-27
,0,0,0,0,Camden,2022-10-28
,0,0,0,0,Camden,2022-10-29
,0,0,0,0,Carteret,2022-10-16
,0,0,0,0,Caswell,2022-05-22
,0,0,0,0,Caswell,2022-09-17
,0,0,0,0,Caswell,2022-09-20
,0,0,0,0,Caswell,2022-09-24
,0,0,0,0,Caswell,2022-10-03
,0,0,0,0,Caswell,2022-10-11
,0,0,0,0,Caswell,2022-10-12
,0,0,0,0,Caswell,2022-10-14
,0,0,0,0,Caswell,2022-10-15
,0,0,0,0,Caswell,2022-10-16
,0,0,0,0,Caswell,2022-10-18
,0,0,0,0,Caswell,2022-10-22
,0,0,0,0,Caswell,2022-10-23
,0,0,0,0,Caswell,2022-10-28
,0,0,0,0,Caswell,2022-10-29
,0,0,0,0,Cherokee,2022-05-10
,0,0,0,0,Cherokee,2022-05-29
,0,0,0,0,Cherokee,2022-07-04
,0,0,0,0,Chowan,2022-06-11
,0,0,0,0,Chowan,2022-06-12
,0,0,0,0,Chowan,2022-06-18
,0,0,0,0,Chowan,2022-06-25
,0,0,0,0,Chowan,2022-07-04
,0,0,0,0,Chowan,2022-07-10
,0,0,0,0,Chowan,2022-09-03
,0,0,0,0,Chowan,2022-09-10
,0,0,0,0,Chowan,2022-10-01
,0,0,0,0,Chowan,2022-10-04
,0,0,0,0,Chowan,2022-10-06
,0,0,0,0,Chowan,2022-10-15
,0,0,0,0,Chowan,2022-10-18
,0,0,0,0,Chowan,2022-10-19
,0,0,0,0,Chowan,2022-10-22
,0,0,0,0,Chowan,2022-10-23
,0,0,0,0,Chowan,2022-10-25
,0,0,0,0,Chowan,2022-10-27
,0,0,0,0,Chowan,2022-10-29
,0,0,0,0,Clay,2022-05-03
,0,0,0,0,Clay,2022-05-05
,0,0,0,0,Clay,2022-05-06
,0,0,0,0,Clay,2022-05-20
,0,0,0,0,Clay,2022-05-22
,0,0,0,0,Clay,2022-05-30
,0,0,0,0,Clay,2022-06-02
,0,0,0,0,Clay,2022-06-04
,0,0,0,0,Clay,2022-06-12
,0,0,0,0,Clay,2022-06-19
,0,0,0,0,Clay,2022-07-10
,0,0,0,0,Clay,2022-08-20
,0,0,0,0,Clay,2022-09-02
,0,0,0,0,Clay,2022-09-04
,0,0,0,0,Clay,2022-09-15
,0,0,0,0,Clay,2022-09-16
,0,0,0,0,Clay,2022-09-21
,0,0,0,0,Clay,2022-09-23
,0,0,0,0,Clay,2022-09-24
,0,0,0,0,Clay,2022-09-27
,0,0,0,0,Clay,2022-09-28
,0,0,0,0,Clay,2022-09-30
,0,0,0,0,Clay,2022-10-02
,0,0,0,0,Clay,2022-10-04
,0,0,0,0,Clay,2022-10-06
,0,0,0,0,Clay,2022-10-09
,0,0,0,0,Clay,2022-10-13
,0,0,0,0,Clay,2022-10-15
,0,0,0,0,Clay,2022-10-16
,0,0,0,0,Clay,2022-10-18
,0,0,0,0,Clay,2022-10-28
,0,0,0,0,Columbus,2022-10-21
,0,0,0,0,Currituck,2022-08-22
,0,0,0,0,Currituck,2022-08-28
,0,0,0,0,Currituck,2022-09-10
,0,0,0,0,Currituck,2022-10-02
,0,0,0,0,Davie,2022-10-22
,0,0,0,0,Franklin,2022-10-22
,0,0,0,0,Gates,2022-05-08
,0,0,0,0,Gates,2022-05-09
,0,0,0,0,Gates,2022-05-13
,0,0,0,0,Gates,2022-05-27
,0,0,0,0,Gates,2022-05-29
,0,0,0,0,Gates,2022-06-05
,0,0,0,0,Gates,2022-06-16
,0,0,0,0,Gates,2022-06-25
,0,0,0,0,Gates,2022-06-29
,0,0,0,0,Gates,2022-07-04
,0,0,0,0,Gates,2022-07-17
,0,0,0,0,Gates,2022-07-19
,0,0,0,0,Gates,2022-08-19
,0,0,0,0,Gates,2022-08-20
,0,0,0,0,Gates,2022-08-21
,0,0,0,0,Gates,2022-08-23
,0,0,0,0,Gates,2022-08-28
,0,0,0,0,Gates,2022-08-30
,0,0,0,0,Gates,2022-09-11
,0,0,0,0,Gates,2022-09-16
,0,0,0,0,Gates,2022-09-18
,0,0,0,0,Gates,2022-09-24
,0,0,0,0,Gates,2022-09-25
,0,0,0,0,Gates,2022-09-28
,0,0,0,0,Gates,2022-09-29
,0,0,0,0,Gates,2022-09-30
,0,0,0,0,Gates,2022-10-01
,0,0,0,0,Gates,2022-10-02
,0,0,0,0,Gates,2022-10-04
,0,0,0,0,Gates,2022-10-07
,0,0,0,0,Gates,2022-10-08
,0,0,0,0,Gates,2022-10-12
,0,0,0,0,Gates,2022-10-14
,0,0,0,0,Gates,2022-10-16
,0,0,0,0,Gates,2022-10-19
,0,0,0,0,Gates,2022-10-20
,0,0,0,0,Gates,2022-10-23
,0,0,0,0,Gates,2022-10-25
,0,0,0,0,Gates,2022-10-27
,0,0,0,0,Gates,2022-10-28
,0,0,0,0,Gates,2022-10-29
,0,0,0,0,Graham,2022-05-03
,0,0,0,0,Graham,2022-05-04
,0,0,0,0,Graham,2022-05-05
,0,0,0,0,Graham,2022-05-06
,0,0,0,0,Graham,2022-05-07
,0,0,0,0,Graham,2022-05-14
,0,0,0,0,Graham,2022-05-15
,0,0,0,0,Graham,2022-05-16
,0,0,0,0,Graham,2022-05-17
,0,0,0,0,Graham,2022-05-21
,0,0,0,0,Graham,2022-05-22
,0,0,0,0,Graham,2022-05-23
,0,0,0,0,Graham,2022-05-27
,0,0,0,0,Graham,2022-05-29
,0,0,0,0,Graham,2022-06-03
,0,0,0,0,Graham,2022-06-04
,0,0,0,0,Graham,2022-06-19
,0,0,0,0,Graham,2022-06-22
,0,0,0,0,Graham,2022-06-24
,0,0,0,0,Graham,2022-07-30
,0,0,0,0,Graham,2022-08-28
,0,0,0,0,Graham,2022-09-11
,0,0,0,0,Graham,2022-09-15
,0,0,0,0,Graham,2022-09-17
,0,0,0,0,Graham,2022-09-27
,0,0,0,0,Graham,2022-10-02
,0,0,0,0,Graham,2022-10-05
,0,0,0,0,Graham,2022-10-06
,0,0,0,0,Graham,2022-10-11
,0,0,0,0,Graham,2022-10-15
,0,0,0,0,Graham,2022-10-16
,0,0,0,0,Graham,2022-10-17
,0,0,0,0,Graham,2022-10-18
,0,0,0,0,Graham,2022-10-21
,0,0,0,0,Graham,2022-10-23
,0,0,0,0,Greene,2022-05-08
,0,0,0,0,Greene,2022-05-14
,0,0,0,0,Greene,2022-05-29
,0,0,0,0,Greene,2022-06-25
,0,0,0,0,Greene,2022-06-26
,0,0,0,0,Greene,2022-07-08
,0,0,0,0,Greene,2022-09-03
,0,0,0,0,Greene,2022-09-22
,0,0,0,0,Greene,2022-09-23
,0,0,0,0,Greene,2022-09-25
,0,0,0,0,Greene,2022-09-28
,0,0,0,0,Greene,2022-10-09
,0,0,0,0,Greene,2022-10-14
,0,0,0,0,Greene,2022-10-15
,0,0,0,0,Greene,2022-10-16
,0,0,0,0,Greene,2022-10-22
,0,0,0,0,Greene,2022-10-29
,0,0,0,0,Hertford,2022-05-11
,0,0,0,0,Hertford,2022-05-14
,0,0,0,0,Hertford,2022-05-15
,0,0,0,0,Hertford,2022-05-30
,0,0,0,0,Hertford,2022-09-11
,0,0,0,0,Hertford,2022-09-23
,0,0,0,0,Hertford,2022-09-24
,0,0,0,0,Hertford,2022-09-25
,0,0,0,0,Hertford,2022-10-02
,0,0,0,0,Hertford,2022-10-16
,0,0,0,0,Hertford,2022-10-23
,0,0,0,0,Hertford,2022-10-28
,0,0,0,0,Hyde,2022-05-05
,0,0,0,0,Hyde,2022-05-07
,0,0,0,0,Hyde,2022-05-08
,0,0,0,0,Hyde,2022-05-14
,0,0,0,0,Hyde,2022-05-21
,0,0,0,0,Hyde,2022-05-27
,0,0,0,0,Hyde,2022-05-28
,0,0,0,0,Hyde,2022-05-29
,0,0,0,0,Hyde,2022-06-03
,0,0,0,0,Hyde,2022-06-04
,0,0,0,0,Hyde,2022-06-05
,0,0,0,0,Hyde,2022-06-08
,0,0,0,0,Hyde,2022-06-11
,0,0,0,0,Hyde,2022-06-12
,0,0,0,0,Hyde,2022-06-15
,0,0,0,0,Hyde,2022-06-17
,0,0,0,0,Hyde,2022-06-18
,0,0,0,0,Hyde,2022-06-19
,0,0,0,0,Hyde,2022-06-26
,0,0,0,0,Hyde,2022-07-02
,0,0,0,0,Hyde,2022-07-03
,0,0,0,0,Hyde,2022-07-09
,0,0,0,0,Hyde,2022-07-16
,0,0,0,0,Hyde,2022-07-17
,0,0,0,0,Hyde,2022-07-18
,0,0,0,0,Hyde,2022-07-19
,0,0,0,0,Hyde,2022-07-22
,0,0,0,0,Hyde,2022-07-24
,0,0,0,0,Hyde,2022-07-27
,0,0,0,0,Hyde,2022-07-30
,0,0,0,0,Hyde,2022-07-31
,0,0,0,0,Hyde,2022-08-07
,0,0,0,0,Hyde,2022-08-20
,0,0,0,0,Hyde,2022-08-21
,0,0,0,0,Hyde,2022-08-24
,0,0,0,0,Hyde,2022-08-27
,0,0,0,0,Hyde,2022-08-28
,0,0,0,0,Hyde,2022-09-01
,0,0,0,0,Hyde,2022-09-04
,0,0,0,0,Hyde,2022-09-05
,0,0,0,0,Hyde,2022-09-11
,0,0,0,0,Hyde,2022-09-14
,0,0,0,0,Hyde,2022-09-17
,0,0,0,0,Hyde,2022-09-18
,0,0,0,0,Hyde,2022-09-23
,0,0,0,0,Hyde,2022-09-30
,0,0,0,0,Hyde,2022-10-03
,0,0,0,0,Hyde,2022-10-04
,0,0,0,0,Hyde,2022-10-06
,0,0,0,0,Hyde,2022-10-08
,0,0,0,0,Hyde,2022-10-09
,0,0,0,0,Hyde,2022-10-11
,0,0,0,0,Hyde,2022-10-13
,0,0,0,0,Hyde,2022-10-14
,0,0,0,0,Hyde,2022-10-16
,0,0,0,0,Hyde,2022-10-18
,0,0,0,0,Hyde,2022-10-19
,0,0,0,0,Hyde,2022-10-20
,0,0,0,0,Hyde,2022-10-21
,0,0,0,0,Hyde,2022-10-22
,0,0,0,0,Hyde,2022-10-25
,0,0,0,0,Hyde,2022-10-29
,0,0,0,0,Jones,2022-05-03
,0,0,0,0,Jones,2022-05-08
,0,0,0,0,Jones,2022-05-15
,0,0,0,0,Jones,2022-05-24
,0,0,0,0,Jones,2022-05-29
,0,0,0,0,Jones,2022-06-04
,0,0,0,0,Jones,2022-06-05
,0,0,0,0,Jones,2022-06-17
,0,0,0,0,Jones,2022-06-25
,0,0,0,0,Jones,2022-07-30
,0,0,0,0,Jones,2022-08-20
,0,0,0,0,Jones,2022-08-24
,0,0,0,0,Jones,2022-09-01
,0,0,0,0,Jones,2022-09-03
,0,0,0,0,Jones,2022-09-09
,0,0,0,0,Jones,2022-09-20
,0,0,0,0,Jones,2022-10-02
,0,0,0,0,Jones,2022-10-07
,0,0,0,0,Jones,2022-10-09
,0,0,0,0,Jones,2022-10-11
,0,0,0,0,Jones,2022-10-12
,0,0,0,0,Jones,2022-10-14
,0,0,0,0,Jones,2022-10-15
,0,0,0,0,Jones,2022-10-23
,0,0,0,0,Jones,2022-10-24
,0,0,0,0,Jones,2022-10-27
,0,0,0,0,Jones,2022-10-28
,0,0,0,0,Lee,2022-10-15
,0,0,0,0,Lenoir,2022-05-06
,0,0,0,0,Lincoln,2022-10-09
,0,0,0,0,Macon,2022-05-14
,0,0,0,0,Macon,2022-05-22
,0,0,0,0,Macon,2022-09-03
,0,0,0,0,Macon,2022-10-02
,0,0,0,0,Macon,2022-10-12
,0,0,0,0,Macon,2022-10-15
,0,0,0,0,Macon,2022-10-22
,0,0,0,0,Macon,2022-10-23
,0,0,0,0,Macon,2022-10-29
,0,0,0,0,Madison,2022-05-15
,0,0,0,0,Madison,2022-07-09
,0,0,0,0,Madison,2022-08-13
,0,0,0,0,Madison,2022-09-10
,0,0,0,0,Madison,2022-09-24
,0,0,0,0,Madison,2022-10-01
,0,0,0,0,Madison,2022-10-02
,0,0,0,0,Madison,2022-10-06
,0,0,0,0,Madison,2022-10-13
,0,0,0,0,Madison,2022-10-22
,0,0,0,0,Madison,2022-10-24
,0,0,0,0,Madison,2022-10-27
,0,0,0,0,Madison,2022-10-28
,0,0,0,0,Martin,2022-05-07
,0,0,0,0,Martin,2022-06-25
,0,0,0,0,Martin,2022-10-02
,0,0,0,0,Martin,2022-10-21
,0,0,0,0,Martin,2022-10-25
,0,0,0,0,Martin,2022-10-27
,0,0,0,0,Martin,2022-10-29
,0,0,0,0,McDowell,2022-10-24
,0,0,0,0,Mitchell,2022-05-05
,0,0,0,0,Mitchell,2022-05-07
,0,0,0,0,Mitchell,2022-05-08
,0,0,0,0,Mitchell,2022-05-15
,0,0,0,0,Mitchell,2022-05-28
,0,0,0,0,Mitchell,2022-06-19
,0,0,0,0,Mitchell,2022-07-04
,0,0,0,0,Mitchell,2022-07-24
,0,0,0,0,Mitchell,2022-09-04
,0,0,0,0,Mitchell,2022-09-05
,0,0,0,0,Mitchell,2022-09-09
,0,0,0,0,Mitchell,2022-09-10
,0,0,0,0,Mitchell,2022-09-20
,0,0,0,0,Mitchell,2022-09-23
,0,0,0,0,Mitchell,2022-09-24
,0,0,0,0,Mitchell,2022-09-25
,0,0,0,0,Mitchell,2022-09-26
,0,0,0,0,Mitchell,2022-09-27
,0,0,0,0,Mitchell,2022-09-28
,0,0,0,0,Mitchell,2022-09-29
,0,0,0,0,Mitchell,2022-09-30
,0,0,0,0,Mitchell,2022-10-06
,0,0,0,0,Mitchell,2022-10-07
,0,0,0,0,Mitchell,2022-10-08
,0,0,0,0,Mitchell,2022-10-21
,0,0,0,0,Mitchell,2022-10-23
,0,0,0,0,Mitchell,2022-10-24
,0,0,0,0,Mitchell,2022-10-26
,0,0,0,0,Mitchell,2022-10-27
,0,0,0,0,Mitchell,2022-10-28
,0,0,0,0,Montgomery,2022-05-07
,0,0,0,0,Montgomery,2022-06-26
,0,0,0,0,Montgomery,2022-10-15
,0,0,0,0,Montgomery,2022-10-23
,0,0,0,0,Montgomery,2022-10-28
,0,0,0,0,Montgomery,2022-10-29
,0,0,0,0,Northampton,2022-05-06
,0,0,0,0,Northampton,2022-05-15
,0,0,0,0,Northampton,2022-09-11
,0,0,0,0,Northampton,2022-09-24
,0,0,0,0,Northampton,2022-10-02
,0,0,0,0,Northampton,2022-10-14
,0,0,0,0,Northampton,2022-10-22
,0,0,0,0,Northampton,2022-10-23
,0,0,0,0,Pamlico,2022-05-03
,0,0,0,0,Pamlico,2022-05-14
,0,0,0,0,Pamlico,2022-05-30
,0,0,0,0,Pamlico,2022-08-17
,0,0,0,0,Pamlico,2022-08-19
,0,0,0,0,Pamlico,2022-08-24
,0,0,0,0,Pamlico,2022-08-27
,0,0,0,0,Pamlico,2022-08-28
,0,0,0,0,Pamlico,2022-09-01
,0,0,0,0,Pamlico,2022-09-05
,0,0,0,0,Pamlico,2022-09-23
,0,0,0,0,Pamlico,2022-09-24
,0,0,0,0,Pamlico,2022-09-25
,0,0,0,0,Pamlico,2022-09-30
,0,0,0,0,Pamlico,2022-10-02
,0,0,0,0,Pamlico,2022-10-08
,0,0,0,0,Pamlico,2022-10-15
,0,0,0,0,Pamlico,2022-10-17
,0,0,0,0,Pamlico,2022-10-21
,0,0,0,0,Pamlico,2022-10-22
,0,0,0,0,Pamlico,2022-10-24
,0,0,0,0,Pamlico,2022-10-26
,0,0,0,0,Pamlico,2022-10-29
,0,0,0,0,Pasquotank,2022-07-10
,0,0,0,0,Pasquotank,2022-10-08
,0,0,0,0,Pasquotank,2022-10-09
,0,0,0,0,Pasquotank,2022-10-13
,0,0,0,0,Pasquotank,2022-10-20
,0,0,0,0,Perquimans,2022-05-07
,0,0,0,0,Perquimans,2022-05-08
,0,0,0,0,Perquimans,2022-05-10
,0,0,0,0,Perquimans,2022-05-12
,0,0,0,0,Perquimans,2022-05-13
,0,0,0,0,Perquimans,2022-06-05
,0,0,0,0,Perquimans,2022-06-19
,0,0,0,0,Perquimans,2022-07-08
,0,0,0,0,Perquimans,2022-08-21
,0,0,0,0,Perquimans,2022-08-26
,0,0,0,0,Perquimans,2022-08-27
,0,0,0,0,Perquimans,2022-08-28
,0,0,0,0,Perquimans,2022-09-03
,0,0,0,0,Perquimans,2022-09-07
,0,0,0,0,Perquimans,2022-09-09
,0,0,0,0,Perquimans,2022-09-17
,0,0,0,0,Perquimans,2022-09-23
,0,0,0,0,Perquimans,2022-10-01
,0,0,0,0,Perquimans,2022-10-03
,0,0,0,0,Perquimans,2022-10-05
,0,0,0,0,Perquimans,2022-10-06
,0,0,0,0,Perquimans,2022-10-12
,0,0,0,0,Perquimans,2022-10-13
,0,0,0,0,Perquimans,2022-10-14
,0,0,0,0,Perquimans,2022-10-16
,0,0,0,0,Perquimans,2022-10-20
,0,0,0,0,Perquimans,2022-10-22
,0,0,0,0,Perquimans,2022-10-23
,0,0,0,0,Perquimans,2022-10-26
,0,0,0,0,Perquimans,2022-10-28
,0,0,0,0,Person,2022-10-29
,0,0,0,0,Polk,2022-05-04
,0,0,0,0,Polk,2022-05-06
,0,0,0,0,Polk,2022-05-15
,0,0,0,0,Polk,2022-05-26
,0,0,0,0,Polk,2022-07-09
,0,0,0,0,Polk,2022-08-21
,0,0,0,0,Polk,2022-08-28
,0,0,0,0,Polk,2022-09-04
,0,0,0,0,Polk,2022-09-06
,0,0,0,0,Polk,2022-09-11
,0,0,0,0,Polk,2022-10-16
,0,0,0,0,Polk,2022-10-25
,0,0,0,0,Richmond,2022-10-22
,0,0,0,0,Rutherford,2022-10-16
,0,0,0,0,Sampson,2022-10-15
,0,0,0,0,Scotland,2022-10-19
,0,0,0,0,Scotland,2022-10-24
,0,0,0,0,Swain,2022-06-17
,0,0,0,0,Swain,2022-10-08
,0,0,0,0,Swain,2022-10-09
,0,0,0,0,Swain,2022-10-15
,0,0,0,0,Tyrrell,2022-05-03
,0,0,0,0,Tyrrell,2022-05-04
,0,0,0,0,Tyrrell,2022-05-05
,0,0,0,0,Tyrrell,2022-05-06
,0,0,0,0,Tyrrell,2022-05-07
,0,0,0,0,Tyrrell,2022-05-08
,0,0,0,0,Tyrrell,2022-05-13
,0,0,0,0,Tyrrell,2022-05-16
,0,0,0,0,Tyrrell,2022-05-18
,0,0,0,0,Tyrrell,2022-05-21
,0,0,0,0,Tyrrell,2022-05-22
,0,0,0,0,Tyrrell,2022-05-24
,0,0,0,0,Tyrrell,2022-05-25
,0,0,0,0,Tyrrell,2022-05-28
,0,0,0,0,Tyrrell,2022-05-29
,0,0,0,0,Tyrrell,2022-06-02
,0,0,0,0,Tyrrell,2022-06-04
,0,0,0,0,Tyrrell,2022-06-05
,0,0,0,0,Tyrrell,2022-06-06
,0,0,0,0,Tyrrell,2022-06-09
,0,0,0,0,Tyrrell,2022-06-12
,0,0,0,0,Tyrrell,2022-06-14
,0,0,0,0,Tyrrell,2022-06-15
,0,0,0,0,Tyrrell,2022-06-18
,0,0,0,0,Tyrrell,2022-06-19
,0,0,0,0,Tyrrell,2022-06-20
,0,0,0,0,Tyrrell,2022-06-23
,0,0,0,0,Tyrrell,2022-06-26
,0,0,0,0,Tyrrell,2022-06-27
,0,0,0,0,Tyrrell,2022-06-30
,0,0,0,0,Tyrrell,2022-07-02
,0,0,0,0,Tyrrell,2022-07-03
,0,0,0,0,Tyrrell,2022-07-04
,0,0,0,0,Tyrrell,2022-07-10
,0,0,0,0,Tyrrell,2022-07-23
,0,0,0,0,Tyrrell,2022-07-24
,0,0,0,0,Tyrrell,2022-07-28
,0,0,0,0,Tyrrell,2022-07-29
,0,0,0,0,Tyrrell,2022-07-30
,0,0,0,0,Tyrrell,2022-07-31
,0,0,0,0,Tyrrell,2022-08-06
,0,0,0,0,Tyrrell,2022-08-07
,0,0,0,0,Tyrrell,2022-08-10
,0,0,0,0,Tyrrell,2022-08-13
,0,0,0,0,Tyrrell,2022-08-14
,0,0,0,0,Tyrrell,2022-08-18
,0,0,0,0,Tyrrell,2022-08-22
,0,0,0,0,Tyrrell,2022-08-26
,0,0,0,0,Tyrrell,2022-08-28
,0,0,0,0,Tyrrell,2022-08-31
,0,0,0,0,Tyrrell,2022-09-03
,0,0,0,0,Tyrrell,2022-09-04
,0,0,0,0,Tyrrell,2022-09-08
,0,0,0,0,Tyrrell,2022-09-10
,0,0,0,0,Tyrrell,2022-09-11
,0,0,0,0,Tyrrell,2022-09-13
,0,0,0,0,Tyrrell,2022-09-15
,0,0,0,0,Tyrrell,2022-09-17
,0,0,0,0,Tyrrell,2022-09-18
,0,0,0,0,Tyrrell,2022-09-20
,0,0,0,0,Tyrrell,2022-09-23
,0,0,0,0,Tyrrell,2022-09-24
,0,0,0,0,Tyrrell,2022-09-25
,0,0,0,0,Tyrrell,2022-09-29
,0,0,0,0,Tyrrell,2022-09-30
,0,0,0,0,Tyrrell,2022-10-01
,0,0,0,0,Tyrrell,2022-10-02
,0,0,0,0,Tyrrell,2022-10-03
,0,0,0,0,Tyrrell,2022-10-05
,0,0,0,0,Tyrrell,2022-10-06
,0,0,0,0,Tyrrell,2022-10-07
,0,0,0,0,Tyrrell,2022-10-09
,0,0,0,0,Tyrrell,2022-10-10
,0,0,0,0,Tyrrell,2022-10-11
,0,0,0,0,Tyrrell,2022-10-14
,0,0,0,0,Tyrrell,2022-10-15
,0,0,0,0,Tyrrell,2022-10-16
,0,0,0,0,Tyrrell,2022-10-17
,0,0,0,0,Tyrrell,2022-10-19
,0,0,0,0,Tyrrell,2022-10-21
,0,0,0,0,Tyrrell,2022-10-22
,0,0,0,0,Tyrrell,2022-10-23
,0,0,0,0,Tyrrell,2022-10-25
,0,0,0,0,Tyrrell,2022-10-27
,0,0,0,0,Tyrrell,2022-10-28
,0,0,0,0,Tyrrell,2022-10-29
,0,0,0,0,Vance,2022-10-09
,0,0,0,0,Vance,2022-10-16
,0,0,0,0,Warren,2022-05-20
,0,0,0,0,Warren,2022-08-07
,0,0,0,0,Warren,2022-09-05
,0,0,0,0,Warren,2022-09-24
,0,0,0,0,Warren,2022-10-09
,0,0,0,0,Warren,2022-10-12
,0,0,0,0,Warren,2022-10-14
,0,0,0,0,Warren,2022-10-15
,0,0,0,0,Warren,2022-10-23
,0,0,0,0,Warren,2022-10-24
,0,0,0,0,Washington,2022-05-03
,0,0,0,0,Washington,2022-05-04
,0,0,0,0,Washington,2022-05-05
,0,0,0,0,Washington,2022-05-06
,0,0,0,0,Washington,2022-05-07
,0,0,0,0,Washington,2022-05-08
,0,0,0,0,Washington,2022-05-11
,0,0,0,0,Washington,2022-05-18
,0,0,0,0,Washington,2022-05-21
,0,0,0,0,Washington,2022-05-22
,0,0,0,0,Washington,2022-06-04
,0,0,0,0,Washington,2022-06-05
,0,0,0,0,Washington,2022-06-25
,0,0,0,0,Washington,2022-06-26
,0,0,0,0,Washington,2022-07-17
,0,0,0,0,Washington,2022-07-24
,0,0,0,0,Washington,2022-08-13
,0,0,0,0,Washington,2022-09-17
,0,0,0,0,Washington,2022-09-25
,0,0,0,0,Washington,2022-09-28
,0,0,0,0,Washington,2022-09-29
,0,0,0,0,Washington,2022-10-01
,0,0,0,0,Washington,2022-10-02
,0,0,0,0,Washington,2022-10-04
,0,0,0,0,Washington,2022-10-07
,0,0,0,0,Washington,2022-10-09
,0,0,0,0,Washington,2022-10-16
,0,0,0,0,Washington,2022-10-17
,0,0,0,0,Washington,2022-10-18
,0,0,0,0,Washington,2022-10-20
,0,0,0,0,Washington,2022-10-21
,0,0,0,0,Washington,2022-10-28
,0,0,0,0,Yancey,2022-05-12
,0,0,0,0,Yancey,2022-06-12
,0,0,0,0,Yancey,2022-07-10
,0,0,0,0,Yancey,2022-09-18
,0,0,0,0,Yancey,2022-09-24
,0,0,0,0,Yancey,2022-09-28
,0,0,0,0,Yancey,2022-09-30
,0,0,0,0,Yancey,2022-10-02
,0,0,0,0,Yancey,2022-10-06
,0,0,0,0,Yancey,2022-10-08
,0,0,0,0,Yancey,2022-10-09
,0,0,0,0,Yancey,2022-10-13
,0,0,0,0,Yancey,2022-10-22
,0,0,0,0,Yancey,2022-10-23
,0,0,0,0,Yancey,2022-10-28
0,11,2,9,0,Alamance,2022-10-22
0,1,0,1,0,Alexander,2022-05-07
0,4,0,4,0,Alexander,2022-05-13
0,2,0,2,0,Alexander,2022-05-15
0,2,0,2,0,Alexander,2022-05-22
0,1,0,1,0,Alexander,2022-06-04
0,5,0,5,0,Alexander,2022-07-08
0,6,0,6,0,Alexander,2022-09-28
0,2,0,2,0,Alexander,2022-10-02
0,3,0,3,0,Alexander,2022-10-05
0,1,0,1,0,Alexander,2022-10-08
0,3,0,3,0,Alexander,2022-10-21
0,3,0,3,0,Alexander,2022-10-27
0,2,1,1,0,Alexander,2022-05-06
0,1,1,0,0,Alexander,2022-05-08
0,4,1,3,0,Alexander,2022-05-11
0,2,1,1,0,Alexander,2022-05-14
0,1,1,0,0,Alexander,2022-05-21
0,9,1,8,0,Alexander,2022-05-25
0,2,1,1,0,Alexander,2022-05-28
0,1,1,0,0,Alexander,2022-06-11
0,2,1,1,0,Alexander,2022-06-12
0,3,1,2,0,Alexander,2022-06-14
0,3,1,2,0,Alexander,2022-06-18
0,13,1,12,0,Alexander,2022-07-24
0,8,1,7,0,Alexander,2022-07-31
0,8,1,7,0,Alexander,2022-08-21
0,8,1,7,0,Alexander,2022-09-23
0,4,1,3,0,Alexander,2022-09-30
0,4,1,3,0,Alexander,2022-10-07
0,2,1,1,0,Alexander,2022-10-20
0,3,1,2,0,Alexander,2022-10-24
0,4,2,2,0,Alexander,2022-05-30
0,7,2,5,0,Alexander,2022-06-08
0,5,2,3,0,Alexander,2022-06-23
0,6,2,4,0,Alexander,2022-09-05
0,5,2,3,0,Alexander,2022-10-12
0,4,2,2,0,Alexander,2022-10-19
0,5,3,2,0,Alexander,2022-05-10
0,7,3,4,0,Alexander,2022-07-23
0,10,4,6,0,Alexander,2022-06-21
0,15,4,11,0,Alexander,2022-07-14
0,1,0,1,0,Alleghany,2022-05-06
0,1,0,1,0,Alleghany,2022-05-07
0,3,0,3,0,Alleghany,2022-05-09
0,1,0,1,0,Alleghany,2022-05-10
0,1,0,1,0,Alleghany,2022-05-11
0,1,0,1,0,Alleghany,2022-05-13
0,1,0,1,0,Alleghany,2022-05-14
0,1,0,1,0,Alleghany,2022-05-15
0,1,0,1,0,Alleghany,2022-05-16
0,1,0,1,0,Alleghany,2022-05-19
0,1,0,1,0,Alleghany,2022-05-26
0,1,0,1,0,Alleghany,2022-06-13
0,2,0,2,0,Alleghany,2022-06-16
0,2,0,2,0,Alleghany,2022-06-18
0,1,0,1,0,Alleghany,2022-06-27
0,3,0,3,0,Alleghany,2022-07-06
0,1,0,1,0,Alleghany,2022-07-13
0,2,0,2,0,Alleghany,2022-07-14
0,1,0,1,0,Alleghany,2022-07-21
0,3,0,3,0,Alleghany,2022-08-04
0,5,0,5,0,Alleghany,2022-08-09
0,2,0,2,0,Alleghany,2022-08-18
0,2,0,2,0,Alleghany,2022-08-27
0,1,0,1,0,Alleghany,2022-09-03
0,1,0,1,0,Alleghany,2022-09-04
0,1,0,1,0,Alleghany,2022-09-10
0,1,0,1,0,Alleghany,2022-09-14
0,2,0,2,0,Alleghany,2022-09-16
0,2,0,2,0,Alleghany,2022-09-18
0,6,0,6,0,Alleghany,2022-09-19
0,3,0,3,0,Alleghany,2022-09-21
0,1,0,1,0,Alleghany,2022-09-24
0,1,0,1,0,Alleghany,2022-09-29
0,1,0,1,0,Alleghany,2022-10-12
0,1,0,1,0,Alleghany,2022-10-13
0,1,0,1,0,Alleghany,2022-10-15
0,1,0,1,0,Alleghany,2022-10-17
0,1,0,1,0,Alleghany,2022-10-19
0,1,0,1,0,Alleghany,2022-10-23
0,1,0,1,0,Alleghany,2022-10-24
0,1,0,1,0,Alleghany,2022-10-26
0,1,0,1,0,Alleghany,2022-10-28
0,2,1,1,0,Alleghany,2022-05-04
0,3,1,2,0,Alleghany,2022-05-05
0,2,1,1,0,Alleghany,2022-05-28
0,1,1,0,0,Alleghany,2022-05-29
0,1,1,0,0,Alleghany,2022-06-12
0,1,1,0,0,Alleghany,2022-06-23
0,2,1,1,0,Alleghany,2022-06-24
0,1,1,0,0,Alleghany,2022-06-25
0,2,1,1,0,Alleghany,2022-07-03
0,1,1,0,0,Alleghany,2022-07-08
0,1,1,0,0,Alleghany,2022-07-09
0,6,1,5,0,Alleghany,2022-07-20
0,2,1,1,0,Alleghany,2022-08-08
0,1,1,0,0,Alleghany,2022-08-13
0,1,1,0,0,Alleghany,2022-08-24
0,1,1,0,0,Alleghany,2022-09-09
0,1,1,0,0,Alleghany,2022-09-12
0,3,1,2,0,Alleghany,2022-09-20
0,1,1,0,0,Alleghany,2022-10-04
0,1,1,0,0,Alleghany,2022-10-18
0,1,1,0,0,Alleghany,2022-10-21
0,5,2,3,0,Alleghany,2022-05-18
0,3,2,1,0,Alleghany,2022-05-21
0,3,2,1,0,Alleghany,2022-05-30
0,2,2,0,0,Alleghany,2022-06-26
0,3,2,1,0,Alleghany,2022-07-24
0,3,2,1,0,Alleghany,2022-08-20
0,4,2,2,0,Alleghany,2022-09-22
0,4,2,2,0,Alleghany,2022-10-10
0,3,3,0,0,Alleghany,2022-06-03
0,4,3,1,0,Alleghany,2022-06-29
0,3,3,0,0,Alleghany,2022-06-30
0,5,3,2,0,Alleghany,2022-07-29
0,3,3,0,0,Alleghany,2022-07-30
0,4,3,1,0,Alleghany,2022-09-08
0,3,3,0,0,Alleghany,2022-09-23
0,6,3,3,0,Alleghany,2022-10-05
0,5,4,1,0,Alleghany,2022-07-05
0,4,4,0,0,Alleghany,2022-07-15
0,8,4,4,0,Alleghany,2022-08-12
0,6,4,2,0,Alleghany,2022-09-27
0,4,4,0,0,Alleghany,2022-10-03
0,11,5,6,0,Alleghany,2022-05-17
0,7,5,2,0,Alleghany,2022-07-01
0,8,5,3,0,Alleghany,2022-08-07
0,8,6,2,0,Alleghany,2022-07-25
0,6,6,0,0,Alleghany,2022-07-28
0,8,6,2,0,Alleghany,2022-09-07
0,4,0,4,0,Anson,2022-05-03
0,1,0,1,0,Anson,2022-05-05
0,3,0,3,0,Anson,2022-05-07
0,2,0,2,0,Anson,2022-05-10
0,7,0,7,0,Anson,2022-05-18
0,5,0,5,0,Anson,2022-05-19
0,5,0,5,0,Anson,2022-05-20
0,3,0,3,0,Anson,2022-05-22
0,5,0,5,0,Anson,2022-05-25
0,2,0,2,0,Anson,2022-05-30
0,9,0,9,0,Anson,2022-06-02
0,5,0,5,0,Anson,2022-06-06
0,1,0,1,0,Anson,2022-06-12
0,8,0,8,0,Anson,2022-07-17
0,7,0,7,0,Anson,2022-09-05
0,3,0,3,0,Anson,2022-09-16
0,5,0,5,0,Anson,2022-09-20
0,5,0,5,0,Anson,2022-09-23
0,1,0,1,0,Anson,2022-09-24
0,1,0,1,0,Anson,2022-09-25
0,4,0,4,0,Anson,2022-09-27
0,1,0,1,0,Anson,2022-10-02
0,2,0,2,0,Anson,2022-10-03
0,2,0,2,0,Anson,2022-10-04
0,4,0,4,0,Anson,2022-10-05
0,3,0,3,0,Anson,2022-10-07
0,3,0,3,0,Anson,2022-10-10
0,2,0,2,0,Anson,2022-10-12
0,3,0,3,0,Anson,2022-10-17
0,2,0,2,0,Anson,2022-10-18
0,1,0,1,0,Anson,2022-10-19
0,1,0,1,0,Anson,2022-10-20
0,1,0,1,0,Anson,2022-10-22
0,1,0,1,0,Anson,2022-10-26
0,1,0,1,0,Anson,2022-10-28
0,1,1,0,0,Anson,2022-05-04
0,3,1,2,0,Anson,2022-05-06
0,4,1,3,0,Anson,2022-05-08
0,9,1,8,0,Anson,2022-05-12
0,5,1,4,0,Anson,2022-05-13
0,3,1,2,0,Anson,2022-05-21
0,4,1,3,0,Anson,2022-06-10
0,13,1,12,0,Anson,2022-07-15
0,18,1,17,0,Anson,2022-08-02
0,9,1,8,0,Anson,2022-08-31
0,3,1,2,0,Anson,2022-09-11
0,7,1,6,0,Anson,2022-09-21
0,1,1,0,0,Anson,2022-10-16
0,4,2,2,0,Anson,2022-05-15
0,16,2,14,0,Anson,2022-06-28
0,8,2,6,0,Anson,2022-08-07
0,12,2,10,0,Anson,2022-09-01
0,5,2,3,0,Anson,2022-09-19
0,9,3,6,0,Anson,2022-08-15
0,1,0,1,0,Ashe,2022-05-15
0,6,0,6,0,Ashe,2022-05-25
0,1,0,1,0,Ashe,2022-06-05
0,1,0,1,0,Ashe,2022-06-11
0,1,0,1,0,Ashe,2022-06-18
0,5,0,5,0,Ashe,2022-07-19
0,2,0,2,0,Ashe,2022-07-23
0,2,0,2,0,Ashe,2022-09-17
0,3,0,3,0,Ashe,2022-09-18
0,1,0,1,0,Ashe,2022-09-24
0,1,0,1,0,Ashe,2022-10-04
0,1,0,1,0,Ashe,2022-10-09
0,1,0,1,0,Ashe,2022-10-16
0,2,0,2,0,Ashe,2022-10-18
0,1,0,1,0,Ashe,2022-10-25
0,2,0,2,0,Ashe,2022-10-27
0,1,0,1,0,Ashe,2022-10-28
0,2,1,1,0,Ashe,2022-05-08
0,4,1,3,0,Ashe,2022-05-10
0,6,1,5,0,Ashe,2022-05-12
0,4,1,3,0,Ashe,2022-05-24
0,4,1,3,0,Ashe,2022-06-02
0,2,1,1,0,Ashe,2022-06-03
0,1,1,0,0,Ashe,2022-06-16
0,2,1,1,0,Ashe,2022-06-19
0,1,1,0,0,Ashe,2022-06-26
0,2,1,1,0,Ashe,2022-06-29
0,7,1,6,0,Ashe,2022-07-12
0,3,1,2,0,Ashe,2022-07-16
0,6,1,5,0,Ashe,2022-07-18
0,8,1,7,0,Ashe,2022-07-21
0,1,1,0,0,Ashe,2022-07-22
0,2,1,1,0,Ashe,2022-08-17
0,6,1,5,0,Ashe,2022-09-10
0,1,1,0,0,Ashe,2022-09-12
0,2,1,1,0,Ashe,2022-09-21
0,3,1,2,0,Ashe,2022-09-22
0,3,1,2,0,Ashe,2022-09-25
0,2,1,1,0,Ashe,2022-10-02
0,2,1,1,0,Ashe,2022-10-06
0,1,1,0,0,Ashe,2022-10-08
0,1,1,0,0,Ashe,2022-10-13
0,1,1,0,0,Ashe,2022-10-20
0,3,2,1,0,Ashe,2022-05-05
0,5,2,3,0,Ashe,2022-05-06
0,4,2,2,0,Ashe,2022-05-18
0,3,2,1,0,Ashe,2022-05-20
0,3,2,1,0,Ashe,2022-05-22
0,4,2,2,0,Ashe,2022-05-28
0,3,2,1,0,Ashe,2022-06-17
0,6,2,4,0,Ashe,2022-06-20
0,5,2,3,0,Ashe,2022-06-28
0,5,2,3,0,Ashe,2022-07-03
0,7,2,5,0,Ashe,2022-07-28
0,3,2,1,0,Ashe,2022-08-13
0,3,2,1,0,Ashe,2022-09-15
0,4,2,2,0,Ashe,2022-09-23
0,3,2,1,0,Ashe,2022-09-27
0,3,2,1,0,Ashe,2022-09-28
0,3,2,1,0,Ashe,2022-09-30
0,4,2,2,0,Ashe,2022-10-05
0,3,2,1,0,Ashe,2022-10-12
0,3,2,1,0,Ashe,2022-10-15
0,6,3,3,0,Ashe,2022-05-04
0,4,3,1,0,Ashe,2022-05-07
0,3,3,0,0,Ashe,2022-05-09
0,7,3,4,0,Ashe,2022-05-26
0,10,3,7,0,Ashe,2022-07-10
0,3,3,0,0,Ashe,2022-07-15
0,5,3,2,0,Ashe,2022-08-24
0,7,3,4,0,Ashe,2022-09-07
0,5,3,2,0,Ashe,2022-09-26
0,5,3,2,0,Ashe,2022-10-07
0,4,3,1,0,Ashe,2022-10-14
0,4,4,0,0,Ashe,2022-05-11
0,8,4,4,0,Ashe,2022-07-26
0,4,4,0,0,Ashe,2022-09-04
0,5,4,1,0,Ashe,2022-09-05
0,7,5,2,0,Ashe,2022-07-30
0,6,5,1,0,Ashe,2022-08-09
0,8,5,3,0,Ashe,2022-10-11
0,6,6,0,0,Ashe,2022-05-14
0,6,6,0,0,Ashe,2022-08-07
0,6,6,0,0,Ashe,2022-08-27
0,8,6,2,0,Ashe,2022-08-28
0,8,7,1,0,Ashe,2022-08-14
0,2,0,2,0,Avery,2022-05-04
0,2,0,2,0,Avery,2022-05-07
0,1,0,1,0,Avery,2022-05-12
0,4,0,4,0,Avery,2022-05-13
0,1,0,1,0,Avery,2022-05-19
0,1,0,1,0,Avery,2022-05-22
0,1,0,1,0,Avery,2022-05-27
0,1,0,1,0,Avery,2022-06-05
0,1,0,1,0,Avery,2022-06-11
0,3,0,3,0,Avery,2022-06-15
0,4,0,4,0,Avery,2022-06-20
0,4,0,4,0,Avery,2022-06-25
0,2,0,2,0,Avery,2022-06-26
0,4,0,4,0,Avery,2022-06-29
0,3,0,3,0,Avery,2022-07-01
0,1,0,1,0,Avery,2022-07-03
0,5,0,5,0,Avery,2022-07-07
0,5,0,5,0,Avery,2022-07-14
0,2,0,2,0,Avery,2022-07-16
0,6,0,6,0,Avery,2022-07-30
0,2,0,2,0,Avery,2022-08-14
0,5,0,5,0,Avery,2022-08-20
0,2,0,2,0,Avery,2022-08-27
0,1,0,1,0,Avery,2022-08-28
0,1,0,1,0,Avery,2022-09-05
0,1,0,1,0,Avery,2022-09-06
0,3,0,3,0,Avery,2022-09-07
0,2,0,2,0,Avery,2022-09-13
0,2,0,2,0,Avery,2022-09-16
0,1,0,1,0,Avery,2022-09-17
0,1,0,1,0,Avery,2022-09-19
0,1,0,1,0,Avery,2022-09-20
0,1,0,1,0,Avery,2022-09-21
0,4,0,4,0,Avery,2022-09-23
0,1,0,1,0,Avery,2022-09-24
0,3,0,3,0,Avery,2022-09-26
0,1,0,1,0,Avery,2022-09-28
0,1,0,1,0,Avery,2022-09-30
0,2,0,2,0,Avery,2022-10-01
0,1,0,1,0,Avery,2022-10-02
0,2,0,2,0,Avery,2022-10-03
0,1,0,1,0,Avery,2022-10-05
0,2,0,2,0,Avery,2022-10-06
0,1,0,1,0,Avery,2022-10-10
0,1,0,1,0,Avery,2022-10-11
0,2,0,2,0,Avery,2022-10-13
0,3,0,3,0,Avery,2022-10-15
0,5,0,5,0,Avery,2022-10-17
0,1,0,1,0,Avery,2022-10-24
0,1,0,1,0,Avery,2022-10-26
0,3,1,2,0,Avery,2022-05-03
0,2,1,1,0,Avery,2022-05-05
0,1,1,0,0,Avery,2022-05-08
0,2,1,1,0,Avery,2022-05-09
0,3,1,2,0,Avery,2022-05-10
0,5,1,4,0,Avery,2022-05-18
0,4,1,3,0,Avery,2022-05-20
0,3,1,2,0,Avery,2022-05-28
0,1,1,0,0,Avery,2022-05-29
0,3,1,2,0,Avery,2022-06-08
0,5,1,4,0,Avery,2022-06-13
0,3,1,2,0,Avery,2022-06-19
0,1,1,0,0,Avery,2022-06-21
0,3,1,2,0,Avery,2022-06-24
0,1,1,0,0,Avery,2022-07-04
0,3,1,2,0,Avery,2022-07-09
0,4,1,3,0,Avery,2022-07-10
0,3,1,2,0,Avery,2022-07-13
0,6,1,5,0,Avery,2022-07-23
0,2,1,1,0,Avery,2022-08-03
0,3,1,2,0,Avery,2022-08-04
0,3,1,2,0,Avery,2022-08-07
0,4,1,3,0,Avery,2022-08-09
0,4,1,3,0,Avery,2022-08-17
0,5,1,4,0,Avery,2022-08-30
0,4,1,3,0,Avery,2022-08-31
0,2,1,1,0,Avery,2022-09-03
0,3,1,2,0,Avery,2022-09-11
0,1,1,0,0,Avery,2022-09-18
0,3,1,2,0,Avery,2022-10-04
0,3,1,2,0,Avery,2022-10-07
0,1,1,0,0,Avery,2022-10-20
0,1,1,0,0,Avery,2022-10-27
0,2,1,1,0,Avery,2022-10-28
0,1,1,0,0,Avery,2022-10-29
0,3,2,1,0,Avery,2022-05-06
0,3,2,1,0,Avery,2022-05-25
0,5,2,3,0,Avery,2022-06-01
0,5,2,3,0,Avery,2022-06-03
0,7,2,5,0,Avery,2022-06-09
0,4,2,2,0,Avery,2022-06-23
0,9,2,7,0,Avery,2022-08-02
0,6,2,4,0,Avery,2022-08-10
0,7,2,5,0,Avery,2022-08-19
0,6,2,4,0,Avery,2022-08-25
0,7,2,5,0,Avery,2022-08-26
0,7,3,4,0,Avery,2022-06-27
0,5,3,2,0,Avery,2022-08-06
0,3,3,0,0,Avery,2022-08-18
0,9,4,5,0,Avery,2022-06-06
0,8,7,1,0,Avery,2022-05-23
0,11,8,3,0,Avery,2022-07-21
0,3,0,3,0,Beaufort,2022-05-05
0,2,0,2,0,Beaufort,2022-05-15
0,4,0,4,0,Beaufort,2022-06-18
0,2,0,2,0,Beaufort,2022-08-21
0,3,0,3,0,Beaufort,2022-09-04
0,7,0,7,0,Beaufort,2022-09-05
0,8,0,8,0,Beaufort,2022-09-11
0,5,0,5,0,Beaufort,2022-09-25
0,4,0,4,0,Beaufort,2022-10-09
0,2,0,2,0,Beaufort,2022-10-16
0,3,1,2,0,Beaufort,2022-05-07
0,5,1,4,0,Beaufort,2022-05-10
0,8,1,7,0,Beaufort,2022-05-13
0,8,1,7,0,Beaufort,2022-05-27
0,6,1,5,0,Beaufort,2022-10-21
0,4,1,3,0,Beaufort,2022-10-29
0,7,2,5,0,Beaufort,2022-05-21
0,6,2,4,0,Beaufort,2022-05-28
0,13,2,11,0,Beaufort,2022-06-07
0,5,2,3,0,Beaufort,2022-10-05
0,8,3,5,0,Beaufort,2022-05-06
0,8,3,5,0,Beaufort,2022-10-13
0,15,5,10,0,Beaufort,2022-05-18
0,3,0,3,0,Bertie,2022-05-03
0,2,0,2,0,Bertie,2022-05-05
0,1,0,1,0,Bertie,2022-05-06
0,1,0,1,0,Bertie,2022-05-08
0,3,0,3,0,Bertie,2022-05-11
0,1,0,1,0,Bertie,2022-05-14
0,5,0,5,0,Bertie,2022-05-15
0,3,0,3,0,Bertie,2022-05-16
0,5,0,5,0,Bertie,2022-05-17
0,2,0,2,0,Bertie,2022-05-19
0,4,0,4,0,Bertie,2022-05-23
0,4,0,4,0,Bertie,2022-06-03
0,3,0,3,0,Bertie,2022-06-05
0,3,0,3,0,Bertie,2022-06-11
0,3,0,3,0,Bertie,2022-06-12
0,4,0,4,0,Bertie,2022-06-17
0,1,0,1,0,Bertie,2022-06-19
0,3,0,3,0,Bertie,2022-06-21
0,3,0,3,0,Bertie,2022-06-23
0,2,0,2,0,Bertie,2022-06-25
0,5,0,5,0,Bertie,2022-06-27
0,7,0,7,0,Bertie,2022-06-28
0,5,0,5,0,Bertie,2022-06-29
0,1,0,1,0,Bertie,2022-06-30
0,9,0,9,0,Bertie,2022-07-05
0,3,0,3,0,Bertie,2022-07-09
0,8,0,8,0,Bertie,2022-07-12
0,4,0,4,0,Bertie,2022-07-17
0,8,0,8,0,Bertie,2022-07-20
0,3,0,3,0,Bertie,2022-07-23
0,2,0,2,0,Bertie,2022-07-24
0,7,0,7,0,Bertie,2022-07-30
0,3,0,3,0,Bertie,2022-07-31
0,8,0,8,0,Bertie,2022-08-08
0,8,0,8,0,Bertie,2022-08-11
0,2,0,2,0,Bertie,2022-08-13
0,4,0,4,0,Bertie,2022-08-21
0,6,0,6,0,Bertie,2022-08-25
0,2,0,2,0,Bertie,2022-08-27
0,3,0,3,0,Bertie,2022-08-28
0,4,0,4,0,Bertie,2022-08-31
0,4,0,4,0,Bertie,2022-09-03
0,1,0,1,0,Bertie,2022-09-04
0,3,0,3,0,Bertie,2022-09-05
0,1,0,1,0,Bertie,2022-09-11
0,3,0,3,0,Bertie,2022-09-13
0,1,0,1,0,Bertie,2022-09-18
0,2,0,2,0,Bertie,2022-09-24
0,1,0,1,0,Bertie,2022-09-25
0,1,0,1,0,Bertie,2022-09-28
0,1,0,1,0,Bertie,2022-10-01
0,2,0,2,0,Bertie,2022-10-06
0,4,0,4,0,Bertie,2022-10-11
0,1,0,1,0,Bertie,2022-10-15
0,2,0,2,0,Bertie,2022-10-16
0,2,0,2,0,Bertie,2022-10-17
0,3,0,3,0,Bertie,2022-10-20
0,2,0,2,0,Bertie,2022-10-21
0,1,0,1,0,Bertie,2022-10-22
0,1,0,1,0,Bertie,2022-10-23
0,2,0,2,0,Bertie,2022-10-27
0,1,0,1,0,Bertie,2022-10-29
0,3,1,2,0,Bertie,2022-05-04
0,5,1,4,0,Bertie,2022-06-08
0,10,1,9,0,Bertie,2022-06-10
0,1,1,0,0,Bertie,2022-07-10
0,10,1,9,0,Bertie,2022-07-11
0,5,1,4,0,Bertie,2022-08-19
0,3,1,2,0,Bertie,2022-09-12
0,3,1,2,0,Bertie,2022-09-20
0,3,1,2,0,Bertie,2022-10-04
0,5,1,4,0,Bertie,2022-10-24
0,2,1,1,0,Bertie,2022-10-25
0,3,2,1,0,Bertie,2022-05-18
0,3,2,1,0,Bertie,2022-06-04
0,3,2,1,0,Bertie,2022-08-05
0,2,2,0,0,Bertie,2022-08-30
0,2,2,0,0,Bertie,2022-09-27
0,2,2,0,0,Bertie,2022-10-05
0,6,3,3,0,Bertie,2022-05-13
0,7,3,4,0,Bertie,2022-07-07
0,2,0,2,0,Bladen,2022-05-07
0,2,0,2,0,Bladen,2022-05-08
0,4,0,4,0,Bladen,2022-05-14
0,4,0,4,0,Bladen,2022-05-15
0,14,0,14,0,Bladen,2022-05-24
0,9,0,9,0,Bladen,2022-05-30
0,4,0,4,0,Bladen,2022-06-04
0,2,0,2,0,Bladen,2022-06-12
0,3,0,3,0,Bladen,2022-06-18
0,6,0,6,0,Bladen,2022-06-22
0,3,0,3,0,Bladen,2022-06-24
0,4,0,4,0,Bladen,2022-06-26
0,6,0,6,0,Bladen,2022-08-20
0,2,0,2,0,Bladen,2022-08-21
0,2,0,2,0,Bladen,2022-08-27
0,2,0,2,0,Bladen,2022-08-28
0,6,0,6,0,Bladen,2022-09-03
0,4,0,4,0,Bladen,2022-09-11
0,3,0,3,0,Bladen,2022-09-17
0,7,0,7,0,Bladen,2022-09-23
0,1,0,1,0,Bladen,2022-09-25
0,2,0,2,0,Bladen,2022-09-30
0,3,0,3,0,Bladen,2022-10-02
0,3,0,3,0,Bladen,2022-10-05
0,1,0,1,0,Bladen,2022-10-06
0,2,0,2,0,Bladen,2022-10-08
0,2,0,2,0,Bladen,2022-10-18
0,3,0,3,0,Bladen,2022-10-21
0,1,0,1,0,Bladen,2022-10-25
0,6,1,5,0,Bladen,2022-05-11
0,7,1,6,0,Bladen,2022-05-12
0,14,1,13,0,Bladen,2022-06-30
0,11,1,10,0,Bladen,2022-08-11
0,7,1,6,0,Bladen,2022-09-13
0,2,1,1,0,Bladen,2022-09-18
0,2,1,1,0,Bladen,2022-10-22
0,15,2,13,0,Bladen,2022-05-13
0,6,2,4,0,Bladen,2022-05-28
0,8,2,6,0,Bladen,2022-05-29
0,13,2,11,0,Bladen,2022-06-10
0,9,2,7,0,Bladen,2022-06-17
0,5,2,3,0,Bladen,2022-06-19
0,7,2,5,0,Bladen,2022-08-25
0,17,2,15,0,Bladen,2022-09-14
0,12,3,9,0,Bladen,2022-05-16
0,24,5,19,0,Bladen,2022-05-25
0,15,5,10,0,Bladen,2022-09-08
0,49,11,38,0,Brunswick,2022-06-08
0,12,0,12,0,Burke,2022-05-09
0,8,0,8,0,Burke,2022-05-14
0,11,0,11,0,Burke,2022-06-04
0,13,0,13,0,Burke,2022-06-05
0,15,0,15,0,Burke,2022-06-25
0,5,0,5,0,Burke,2022-10-02
0,10,0,10,0,Burke,2022-10-07
0,4,0,4,0,Burke,2022-10-09
0,4,0,4,0,Burke,2022-10-15
0,1,0,1,0,Burke,2022-10-22
0,1,0,1,0,Burke,2022-10-23
0,10,1,9,0,Burke,2022-07-04
0,16,1,15,0,Burke,2022-08-27
0,7,1,6,0,Burke,2022-10-08
0,3,1,2,0,Burke,2022-10-28
0,3,2,1,0,Burke,2022-05-08
0,17,2,15,0,Burke,2022-06-14
0,24,2,22,0,Burke,2022-08-25
0,14,2,12,0,Burke,2022-10-04
0,16,3,13,0,Burke,2022-06-15
0,15,3,12,0,Burke,2022-07-23
0,12,3,9,0,Burke,2022-10-05
0,16,4,12,0,Burke,2022-05-11
0,17,4,13,0,Burke,2022-05-30
0,24,4,20,0,Burke,2022-06-23
0,37,4,33,0,Burke,2022-08-11
0,8,5,3,0,Burke,2022-10-20
0,21,6,15,0,Burke,2022-06-07
0,23,6,17,0,Burke,2022-06-09
0,12,3,9,0,Cabarrus,2022-10-22
0,22,5,17,0,Cabarrus,2022-10-13
0,53,7,46,0,Cabarrus,2022-05-15
0,4,0,4,0,Caldwell,2022-05-07
0,8,0,8,0,Caldwell,2022-05-11
0,6,0,6,0,Caldwell,2022-05-28
0,4,0,4,0,Caldwell,2022-10-13
0,15,1,14,0,Caldwell,2022-05-29
0,13,1,12,0,Caldwell,2022-06-04
0,13,1,12,0,Caldwell,2022-10-07
0,2,1,1,0,Caldwell,2022-10-23
0,7,2,5,0,Caldwell,2022-10-08
0,19,5,14,0,Caldwell,2022-05-10
0,1,0,1,0,Camden,2022-05-03
0,1,0,1,0,Camden,2022-05-04
0,1,0,1,0,Camden,2022-05-05
0,1,0,1,0,Camden,2022-05-07
0,1,0,1,0,Camden,2022-05-08
0,1,0,1,0,Camden,2022-05-12
0,2,0,2,0,Camden,2022-05-18
0,1,0,1,0,Camden,2022-05-19
0,4,0,4,0,Camden,2022-05-29
0,2,0,2,0,Camden,2022-06-11
0,4,0,4,0,Camden,2022-06-12
0,2,0,2,0,Camden,2022-06-13
0,2,0,2,0,Camden,2022-06-22
0,2,0,2,0,Camden,2022-06-24
0,3,0,3,0,Camden,2022-06-25
0,2,0,2,0,Camden,2022-06-26
0,2,0,2,0,Camden,2022-07-01
0,1,0,1,0,Camden,2022-07-04
0,3,0,3,0,Camden,2022-07-07
0,2,0,2,0,Camden,2022-07-08
0,3,0,3,0,Camden,2022-07-10
0,1,0,1,0,Camden,2022-07-11
0,3,0,3,0,Camden,2022-07-15
0,1,0,1,0,Camden,2022-07-16
0,1,0,1,0,Camden,2022-07-19
0,2,0,2,0,Camden,2022-07-20
0,2,0,2,0,Camden,2022-07-29
0,4,0,4,0,Camden,2022-08-01
0,1,0,1,0,Camden,2022-08-13
0,1,0,1,0,Camden,2022-08-17
0,2,0,2,0,Camden,2022-08-21
0,1,0,1,0,Camden,2022-08-22
0,1,0,1,0,Camden,2022-08-28
0,1,0,1,0,Camden,2022-09-02
0,2,0,2,0,Camden,2022-09-03
0,2,0,2,0,Camden,2022-09-05
0,1,0,1,0,Camden,2022-09-11
0,2,0,2,0,Camden,2022-09-13
0,1,0,1,0,Camden,2022-09-14
0,1,0,1,0,Camden,2022-09-15
0,1,0,1,0,Camden,2022-09-17
0,1,0,1,0,Camden,2022-09-21
0,1,0,1,0,Camden,2022-09-24
0,2,0,2,0,Camden,2022-10-13
0,1,0,1,0,Camden,2022-10-14
0,1,0,1,0,Camden,2022-10-24
0,1,0,1,0,Camden,2022-10-25
0,2,1,1,0,Camden,2022-05-06
0,2,1,1,0,Camden,2022-05-09
0,3,1,2,0,Camden,2022-05-11
0,4,1,3,0,Camden,2022-05-14
0,2,1,1,0,Camden,2022-05-17
0,3,1,2,0,Camden,2022-05-20
0,2,1,1,0,Camden,2022-05-22
0,3,1,2,0,Camden,2022-05-24
0,3,1,2,0,Camden,2022-06-01
0,1,1,0,0,Camden,2022-06-02
0,1,1,0,0,Camden,2022-06-03
0,1,1,0,0,Camden,2022-06-04
0,1,1,0,0,Camden,2022-06-06
0,3,1,2,0,Camden,2022-06-08
0,1,1,0,0,Camden,2022-06-16
0,1,1,0,0,Camden,2022-06-19
0,2,1,1,0,Camden,2022-06-20
0,1,1,0,0,Camden,2022-06-23
0,1,1,0,0,Camden,2022-07-17
0,2,1,1,0,Camden,2022-07-21
0,2,1,1,0,Camden,2022-07-23
0,2,1,1,0,Camden,2022-07-31
0,1,1,0,0,Camden,2022-08-06
0,2,1,1,0,Camden,2022-08-12
0,2,1,1,0,Camden,2022-08-23
0,1,1,0,0,Camden,2022-08-29
0,2,1,1,0,Camden,2022-08-31
0,2,1,1,0,Camden,2022-09-08
0,1,1,0,0,Camden,2022-09-09
0,1,1,0,0,Camden,2022-09-16
0,1,1,0,0,Camden,2022-09-20
0,1,1,0,0,Camden,2022-09-23
0,1,1,0,0,Camden,2022-09-26
0,1,1,0,0,Camden,2022-10-04
0,1,1,0,0,Camden,2022-10-16
0,1,1,0,0,Camden,2022-10-18
0,1,1,0,0,Camden,2022-10-19
0,1,1,0,0,Camden,2022-10-21
0,3,1,2,0,Camden,2022-10-26
0,2,2,0,0,Camden,2022-05-25
0,3,2,1,0,Camden,2022-05-26
0,2,2,0,0,Camden,2022-05-30
0,2,2,0,0,Camden,2022-06-09
0,2,2,0,0,Camden,2022-06-17
0,4,2,2,0,Camden,2022-07-18
0,3,2,1,0,Camden,2022-07-30
0,2,2,0,0,Camden,2022-08-05
0,2,2,0,0,Camden,2022-08-10
0,2,2,0,0,Camden,2022-08-25
0,3,2,1,0,Camden,2022-09-04
0,3,2,1,0,Camden,2022-10-15
0,3,3,0,0,Camden,2022-06-14
0,5,3,2,0,Camden,2022-07-06
0,4,3,1,0,Camden,2022-07-26
0,4,3,1,0,Camden,2022-08-02
0,4,3,1,0,Camden,2022-08-09
0,3,3,0,0,Camden,2022-08-18
0,3,3,0,0,Camden,2022-08-26
0,6,3,3,0,Camden,2022-08-30
0,3,3,0,0,Camden,2022-10-17
0,6,5,1,0,Camden,2022-05-27
0,7,0,7,0,Carteret,2022-05-08
0,7,0,7,0,Carteret,2022-08-21
0,1,0,1,0,Carteret,2022-10-09
0,5,0,5,0,Carteret,2022-10-28
0,11,1,10,0,Carteret,2022-05-14
0,5,1,4,0,Carteret,2022-09-04
0,2,1,1,0,Carteret,2022-10-08
0,4,1,3,0,Carteret,2022-10-15
0,3,1,2,0,Carteret,2022-10-27
0,12,2,10,0,Carteret,2022-06-26
0,2,2,0,0,Carteret,2022-10-21
0,5,2,3,0,Carteret,2022-10-22
0,8,3,5,0,Carteret,2022-05-07
0,4,3,1,0,Carteret,2022-05-15
0,6,3,3,0,Carteret,2022-09-05
0,7,3,4,0,Carteret,2022-09-17
0,8,3,5,0,Carteret,2022-09-27
0,6,3,3,0,Carteret,2022-09-28
0,7,3,4,0,Carteret,2022-09-30
0,7,3,4,0,Carteret,2022-10-23
0,16,4,12,0,Carteret,2022-06-05
0,11,4,7,0,Carteret,2022-08-14
0,12,5,7,0,Carteret,2022-05-13
0,10,5,5,0,Carteret,2022-08-19
0,11,5,6,0,Carteret,2022-09-03
0,21,7,14,0,Carteret,2022-05-17
0,10,7,3,0,Carteret,2022-08-13
0,10,7,3,0,Carteret,2022-09-16
0,12,7,5,0,Carteret,2022-10-26
0,11,8,3,0,Carteret,2022-05-04
0,18,8,10,0,Carteret,2022-05-20
0,15,8,7,0,Carteret,2022-09-08
0,15,9,6,0,Carteret,2022-07-30
0,20,10,10,0,Carteret,2022-07-23
0,21,11,10,0,Carteret,2022-06-16
0,26,11,15,0,Carteret,2022-08-04
0,19,13,6,0,Carteret,2022-07-16
0,2,0,2,0,Caswell,2022-05-06
0,3,0,3,0,Caswell,2022-05-07
0,3,0,3,0,Caswell,2022-05-08
0,5,0,5,0,Caswell,2022-05-14
0,4,0,4,0,Caswell,2022-05-15
0,3,0,3,0,Caswell,2022-05-17
0,1,0,1,0,Caswell,2022-05-21
0,5,0,5,0,Caswell,2022-05-28
0,9,0,9,0,Caswell,2022-05-31
0,4,0,4,0,Caswell,2022-06-05
0,11,0,11,0,Caswell,2022-06-06
0,9,0,9,0,Caswell,2022-06-08
0,2,0,2,0,Caswell,2022-06-11
0,9,0,9,0,Caswell,2022-06-14
0,2,0,2,0,Caswell,2022-06-18
0,8,0,8,0,Caswell,2022-06-24
0,3,0,3,0,Caswell,2022-06-29
0,5,0,5,0,Caswell,2022-06-30
0,6,0,6,0,Caswell,2022-07-01
0,1,0,1,0,Caswell,2022-07-02
0,3,0,3,0,Caswell,2022-07-12
0,4,0,4,0,Caswell,2022-07-14
0,1,0,1,0,Caswell,2022-07-24
0,5,0,5,0,Caswell,2022-07-29
0,5,0,5,0,Caswell,2022-08-05
0,3,0,3,0,Caswell,2022-08-06
0,1,0,1,0,Caswell,2022-08-07
0,2,0,2,0,Caswell,2022-08-12
0,3,0,3,0,Caswell,2022-08-13
0,2,0,2,0,Caswell,2022-08-14
0,5,0,5,0,Caswell,2022-08-17
0,8,0,8,0,Caswell,2022-08-22
0,3,0,3,0,Caswell,2022-08-27
0,2,0,2,0,Caswell,2022-08-28
0,1,0,1,0,Caswell,2022-09-04
0,2,0,2,0,Caswell,2022-09-06
0,3,0,3,0,Caswell,2022-09-07
0,2,0,2,0,Caswell,2022-09-10
0,1,0,1,0,Caswell,2022-09-11
0,2,0,2,0,Caswell,2022-09-14
0,2,0,2,0,Caswell,2022-09-18
0,9,0,9,0,Caswell,2022-09-23
0,1,0,1,0,Caswell,2022-09-25
0,2,0,2,0,Caswell,2022-09-28
0,3,0,3,0,Caswell,2022-09-29
0,1,0,1,0,Caswell,2022-09-30
0,3,0,3,0,Caswell,2022-10-01
0,1,0,1,0,Caswell,2022-10-02
0,1,0,1,0,Caswell,2022-10-04
0,2,0,2,0,Caswell,2022-10-06
0,2,0,2,0,Caswell,2022-10-09
0,3,0,3,0,Caswell,2022-10-17
0,3,0,3,0,Caswell,2022-10-19
0,1,0,1,0,Caswell,2022-10-20
0,1,0,1,0,Caswell,2022-10-24
0,4,0,4,0,Caswell,2022-10-25
0,3,0,3,0,Caswell,2022-10-26
0,2,1,1,0,Caswell,2022-05-03
0,7,1,6,0,Caswell,2022-05-04
0,6,1,5,0,Caswell,2022-05-24
0,4,1,3,0,Caswell,2022-06-04
0,5,1,4,0,Caswell,2022-06-10
0,10,1,9,0,Caswell,2022-06-13
0,3,1,2,0,Caswell,2022-06-19
0,6,1,5,0,Caswell,2022-06-28
0,3,1,2,0,Caswell,2022-07-03
0,2,1,1,0,Caswell,2022-07-04
0,2,1,1,0,Caswell,2022-07-09
0,6,1,5,0,Caswell,2022-07-10
0,1,1,0,0,Caswell,2022-07-16
0,5,1,4,0,Caswell,2022-07-28
0,10,1,9,0,Caswell,2022-08-02
0,16,1,15,0,Caswell,2022-08-08
0,11,1,10,0,Caswell,2022-08-09
0,7,1,6,0,Caswell,2022-08-10
0,6,1,5,0,Caswell,2022-08-19
0,4,1,3,0,Caswell,2022-08-20
0,4,1,3,0,Caswell,2022-08-21
0,5,1,4,0,Caswell,2022-09-08
0,8,1,7,0,Caswell,2022-09-12
0,6,1,5,0,Caswell,2022-09-13
0,3,1,2,0,Caswell,2022-09-15
0,2,1,1,0,Caswell,2022-10-05
0,3,1,2,0,Caswell,2022-10-07
0,6,2,4,0,Caswell,2022-06-15
0,5,2,3,0,Caswell,2022-06-25
0,4,2,2,0,Caswell,2022-09-01
0,3,2,1,0,Caswell,2022-09-03
0,16,0,16,0,Chatham,2022-07-17
0,6,0,6,0,Chatham,2022-08-27
0,8,0,8,0,Chatham,2022-08-28
0,12,0,12,0,Chatham,2022-09-10
0,1,0,1,0,Chatham,2022-10-01
0,6,0,6,0,Chatham,2022-10-11
0,5,0,5,0,Chatham,2022-10-15
0,5,0,5,0,Chatham,2022-10-16
0,7,0,7,0,Chatham,2022-10-20
0,3,0,3,0,Chatham,2022-10-29
0,18,1,17,0,Chatham,2022-05-15
0,13,1,12,0,Chatham,2022-06-17
0,11,1,10,0,Chatham,2022-06-18
0,15,1,14,0,Chatham,2022-08-16
0,22,1,21,0,Chatham,2022-08-30
0,7,1,6,0,Chatham,2022-09-29
0,6,1,5,0,Chatham,2022-10-08
0,7,1,6,0,Chatham,2022-10-12
0,6,1,5,0,Chatham,2022-10-22
0,13,1,12,0,Chatham,2022-10-24
0,21,2,19,0,Chatham,2022-06-10
0,11,2,9,0,Chatham,2022-06-12
0,5,2,3,0,Chatham,2022-06-19
0,20,2,18,0,Chatham,2022-07-02
0,12,2,10,0,Chatham,2022-07-15
0,4,2,2,0,Chatham,2022-09-30
0,17,3,14,0,Chatham,2022-06-11
0,18,3,15,0,Chatham,2022-06-23
0,29,3,26,0,Chatham,2022-06-30
0,9,3,6,0,Chatham,2022-07-03
0,9,4,5,0,Chatham,2022-06-25
0,28,4,24,0,Chatham,2022-08-19
0,10,4,6,0,Chatham,2022-10-05
0,8,4,4,0,Chatham,2022-10-07
0,15,5,10,0,Chatham,2022-07-30
0,39,7,32,0,Chatham,2022-05-23
0,4,0,4,0,Cherokee,2022-05-03
0,1,0,1,0,Cherokee,2022-05-04
0,3,0,3,0,Cherokee,2022-05-06
0,1,0,1,0,Cherokee,2022-05-07
0,1,0,1,0,Cherokee,2022-05-08
0,5,0,5,0,Cherokee,2022-05-09
0,2,0,2,0,Cherokee,2022-05-11
0,1,0,1,0,Cherokee,2022-05-12
0,2,0,2,0,Cherokee,2022-05-13
0,2,0,2,0,Cherokee,2022-05-14
0,1,0,1,0,Cherokee,2022-05-15
0,1,0,1,0,Cherokee,2022-05-16
0,1,0,1,0,Cherokee,2022-05-18
0,2,0,2,0,Cherokee,2022-05-20
0,4,0,4,0,Cherokee,2022-05-23
0,3,0,3,0,Cherokee,2022-05-25
0,3,0,3,0,Cherokee,2022-05-28
0,3,0,3,0,Cherokee,2022-05-30
0,1,0,1,0,Cherokee,2022-06-04
0,3,0,3,0,Cherokee,2022-06-11
0,4,0,4,0,Cherokee,2022-06-17
0,5,0,5,0,Cherokee,2022-06-18
0,5,0,5,0,Cherokee,2022-06-26
0,2,0,2,0,Cherokee,2022-07-02
0,3,0,3,0,Cherokee,2022-07-03
0,7,0,7,0,Cherokee,2022-07-12
0,11,0,11,0,Cherokee,2022-07-19
0,4,0,4,0,Cherokee,2022-08-15
0,3,0,3,0,Cherokee,2022-08-21
0,3,0,3,0,Cherokee,2022-08-23
0,2,0,2,0,Cherokee,2022-08-26
0,2,0,2,0,Cherokee,2022-09-03
0,1,0,1,0,Cherokee,2022-09-10
0,3,0,3,0,Cherokee,2022-09-11
0,1,0,1,0,Cherokee,2022-09-24
0,1,0,1,0,Cherokee,2022-10-01
0,1,0,1,0,Cherokee,2022-10-14
0,1,0,1,0,Cherokee,2022-10-15
0,2,0,2,0,Cherokee,2022-10-17
0,3,0,3,0,Cherokee,2022-10-21
0,4,0,4,0,Cherokee,2022-10-22
0,1,1,0,0,Cherokee,2022-05-05
0,3,1,2,0,Cherokee,2022-05-21
0,5,1,4,0,Cherokee,2022-06-05
0,5,1,4,0,Cherokee,2022-06-07
0,7,1,6,0,Cherokee,2022-06-15
0,15,1,14,0,Cherokee,2022-06-24
0,4,1,3,0,Cherokee,2022-07-17
0,10,1,9,0,Cherokee,2022-08-09
0,6,1,5,0,Cherokee,2022-08-14
0,6,1,5,0,Cherokee,2022-08-25
0,7,1,6,0,Cherokee,2022-09-02
0,10,1,9,0,Cherokee,2022-09-13
0,1,1,0,0,Cherokee,2022-09-16
0,5,1,4,0,Cherokee,2022-09-29
0,5,1,4,0,Cherokee,2022-10-08
0,3,1,2,0,Cherokee,2022-10-12
0,2,1,1,0,Cherokee,2022-10-13
0,6,2,4,0,Cherokee,2022-05-26
0,12,2,10,0,Cherokee,2022-06-16
0,15,2,13,0,Cherokee,2022-08-05
0,11,2,9,0,Cherokee,2022-08-16
0,6,2,4,0,Cherokee,2022-09-08
0,4,2,2,0,Cherokee,2022-09-22
0,2,2,0,0,Cherokee,2022-10-09
0,15,3,12,0,Cherokee,2022-08-03
0,10,3,7,0,Cherokee,2022-09-07
0,1,0,1,0,Chowan,2022-05-04
0,1,0,1,0,Chowan,2022-05-06
0,1,0,1,0,Chowan,2022-05-07
0,1,0,1,0,Chowan,2022-05-08
0,11,0,11,0,Chowan,2022-05-13
0,2,0,2,0,Chowan,2022-05-14
0,9,0,9,0,Chowan,2022-05-16
0,4,0,4,0,Chowan,2022-05-19
0,4,0,4,0,Chowan,2022-05-20
0,1,0,1,0,Chowan,2022-05-22
0,5,0,5,0,Chowan,2022-05-25
0,6,0,6,0,Chowan,2022-05-27
0,2,0,2,0,Chowan,2022-06-03
0,1,0,1,0,Chowan,2022-06-04
0,2,0,2,0,Chowan,2022-06-05
0,4,0,4,0,Chowan,2022-06-15
0,4,0,4,0,Chowan,2022-06-19
0,5,0,5,0,Chowan,2022-06-21
0,1,0,1,0,Chowan,2022-06-22
0,4,0,4,0,Chowan,2022-06-28
0,1,0,1,0,Chowan,2022-07-02
0,12,0,12,0,Chowan,2022-07-06
0,2,0,2,0,Chowan,2022-07-09
0,3,0,3,0,Chowan,2022-07-16
0,10,0,10,0,Chowan,2022-07-19
0,2,0,2,0,Chowan,2022-07-23
0,1,0,1,0,Chowan,2022-08-06
0,7,0,7,0,Chowan,2022-08-11
0,2,0,2,0,Chowan,2022-08-14
0,2,0,2,0,Chowan,2022-08-16
0,4,0,4,0,Chowan,2022-08-18
0,2,0,2,0,Chowan,2022-08-19
0,1,0,1,0,Chowan,2022-08-21
0,2,0,2,0,Chowan,2022-08-23
0,2,0,2,0,Chowan,2022-08-25
0,1,0,1,0,Chowan,2022-08-27
0,1,0,1,0,Chowan,2022-08-30
0,2,0,2,0,Chowan,2022-09-04
0,3,0,3,0,Chowan,2022-09-07
0,1,0,1,0,Chowan,2022-09-08
0,2,0,2,0,Chowan,2022-09-09
0,1,0,1,0,Chowan,2022-09-11
0,6,0,6,0,Chowan,2022-09-12
0,2,0,2,0,Chowan,2022-09-15
0,1,0,1,0,Chowan,2022-09-17
0,4,0,4,0,Chowan,2022-09-19
0,1,0,1,0,Chowan,2022-09-24
0,2,0,2,0,Chowan,2022-09-25
0,1,0,1,0,Chowan,2022-10-05
0,2,0,2,0,Chowan,2022-10-10
0,1,0,1,0,Chowan,2022-10-11
0,1,0,1,0,Chowan,2022-10-13
0,4,0,4,0,Chowan,2022-10-17
0,2,0,2,0,Chowan,2022-10-20
0,6,1,5,0,Chowan,2022-05-23
0,3,1,2,0,Chowan,2022-06-09
0,4,1,3,0,Chowan,2022-06-17
0,1,1,0,0,Chowan,2022-06-24
0,6,1,5,0,Chowan,2022-07-27
0,3,1,2,0,Chowan,2022-07-28
0,1,1,0,0,Chowan,2022-07-30
0,3,1,2,0,Chowan,2022-08-20
0,1,1,0,0,Chowan,2022-09-02
0,2,1,1,0,Chowan,2022-09-20
0,1,1,0,0,Chowan,2022-10-09
0,1,1,0,0,Chowan,2022-10-26
0,2,1,1,0,Chowan,2022-10-28
0,7,2,5,0,Chowan,2022-07-05
0,16,7,9,0,Chowan,2022-08-15
0,1,0,1,0,Clay,2022-05-07
0,1,0,1,0,Clay,2022-05-09
0,1,0,1,0,Clay,2022-05-11
0,1,0,1,0,Clay,2022-05-12
0,1,0,1,0,Clay,2022-05-13
0,1,0,1,0,Clay,2022-05-15
0,2,0,2,0,Clay,2022-05-16
0,1,0,1,0,Clay,2022-05-21
0,3,0,3,0,Clay,2022-05-24
0,1,0,1,0,Clay,2022-05-26
0,1,0,1,0,Clay,2022-06-01
0,1,0,1,0,Clay,2022-06-11
0,4,0,4,0,Clay,2022-06-14
0,3,0,3,0,Clay,2022-06-15
0,1,0,1,0,Clay,2022-06-18
0,1,0,1,0,Clay,2022-06-26
0,2,0,2,0,Clay,2022-06-27
0,1,0,1,0,Clay,2022-06-28
0,5,0,5,0,Clay,2022-07-06
0,8,0,8,0,Clay,2022-07-08
0,2,0,2,0,Clay,2022-07-30
0,2,0,2,0,Clay,2022-08-06
0,2,0,2,0,Clay,2022-08-07
0,1,0,1,0,Clay,2022-08-17
0,1,0,1,0,Clay,2022-08-21
0,4,0,4,0,Clay,2022-08-28
0,3,0,3,0,Clay,2022-08-31
0,1,0,1,0,Clay,2022-09-01
0,1,0,1,0,Clay,2022-09-03
0,1,0,1,0,Clay,2022-09-05
0,1,0,1,0,Clay,2022-09-10
0,1,0,1,0,Clay,2022-09-14
0,1,0,1,0,Clay,2022-09-17
0,1,0,1,0,Clay,2022-09-29
0,1,0,1,0,Clay,2022-10-01
0,3,0,3,0,Clay,2022-10-07
0,1,0,1,0,Clay,2022-10-08
0,3,0,3,0,Clay,2022-10-12
0,1,0,1,0,Clay,2022-10-14
0,1,0,1,0,Clay,2022-10-17
0,2,0,2,0,Clay,2022-10-22
0,2,0,2,0,Clay,2022-10-23
0,1,0,1,0,Clay,2022-10-25
0,1,0,1,0,Clay,2022-10-29
0,1,1,0,0,Clay,2022-05-14
0,2,1,1,0,Clay,2022-05-23
0,2,1,1,0,Clay,2022-06-03
0,3,1,2,0,Clay,2022-06-07
0,3,1,2,0,Clay,2022-06-17
0,1,1,0,0,Clay,2022-06-22
0,6,1,5,0,Clay,2022-06-29
0,4,1,3,0,Clay,2022-06-30
0,2,1,1,0,Clay,2022-07-01
0,5,1,4,0,Clay,2022-07-02
0,2,1,1,0,Clay,2022-07-03
0,1,1,0,0,Clay,2022-07-04
0,3,1,2,0,Clay,2022-07-23
0,3,1,2,0,Clay,2022-07-31
0,4,1,3,0,Clay,2022-08-05
0,6,1,5,0,Clay,2022-08-10
0,1,1,0,0,Clay,2022-08-23
0,2,1,1,0,Clay,2022-08-25
0,4,1,3,0,Clay,2022-08-26
0,2,1,1,0,Clay,2022-08-29
0,1,1,0,0,Clay,2022-09-11
0,6,1,5,0,Clay,2022-09-22
0,1,1,0,0,Clay,2022-09-26
0,1,1,0,0,Clay,2022-10-03
0,1,1,0,0,Clay,2022-10-05
0,2,1,1,0,Clay,2022-10-10
0,3,1,2,0,Clay,2022-10-19
0,4,2,2,0,Clay,2022-05-17
0,3,2,1,0,Clay,2022-05-25
0,3,2,1,0,Clay,2022-05-31
0,4,2,2,0,Clay,2022-06-08
0,5,2,3,0,Clay,2022-07-12
0,4,2,2,0,Clay,2022-08-03
0,2,2,0,0,Clay,2022-10-21
0,4,4,0,0,Clay,2022-08-15
0,5,4,1,0,Clay,2022-09-20
0,11,0,11,0,Cleveland,2022-05-14
0,5,0,5,0,Cleveland,2022-10-05
0,2,0,2,0,Cleveland,2022-10-16
0,20,1,19,0,Cleveland,2022-05-19
0,14,1,13,0,Cleveland,2022-06-19
0,4,1,3,0,Cleveland,2022-10-10
0,5,1,4,0,Cleveland,2022-10-23
0,9,1,8,0,Cleveland,2022-10-29
0,10,2,8,0,Cleveland,2022-05-07
0,12,2,10,0,Cleveland,2022-05-22
0,15,2,13,0,Cleveland,2022-09-23
0,4,2,2,0,Cleveland,2022-10-14
0,9,3,6,0,Cleveland,2022-05-30
0,6,4,2,0,Cleveland,2022-10-24
0,2,0,2,0,Columbus,2022-05-07
0,2,0,2,0,Columbus,2022-05-08
0,3,0,3,0,Columbus,2022-05-15
0,10,0,10,0,Columbus,2022-05-20
0,4,0,4,0,Columbus,2022-05-21
0,3,0,3,0,Columbus,2022-06-05
0,4,0,4,0,Columbus,2022-09-05
0,2,0,2,0,Columbus,2022-09-25
0,4,0,4,0,Columbus,2022-10-08
0,1,0,1,0,Columbus,2022-10-15
0,2,0,2,0,Columbus,2022-10-16
0,2,0,2,0,Columbus,2022-10-19
0,1,0,1,0,Columbus,2022-10-23
0,3,1,2,0,Columbus,2022-05-28
0,6,1,5,0,Columbus,2022-05-29
0,4,1,3,0,Columbus,2022-06-12
0,5,1,4,0,Columbus,2022-08-21
0,5,1,4,0,Columbus,2022-08-26
0,2,1,1,0,Columbus,2022-10-01
0,1,1,0,0,Columbus,2022-10-09
0,2,1,1,0,Columbus,2022-10-18
0,1,1,0,0,Columbus,2022-10-20
0,4,1,3,0,Columbus,2022-10-25
0,2,2,0,0,Columbus,2022-05-05
0,5,2,3,0,Columbus,2022-08-20
0,4,2,2,0,Columbus,2022-09-03
0,9,2,7,0,Columbus,2022-10-04
0,5,2,3,0,Columbus,2022-10-26
0,4,2,2,0,Columbus,2022-10-27
0,6,3,3,0,Columbus,2022-06-11
0,16,3,13,0,Columbus,2022-07-15
0,8,3,5,0,Columbus,2022-09-29
0,8,5,3,0,Columbus,2022-05-09
0,17,5,12,0,Columbus,2022-05-31
0,9,5,4,0,Columbus,2022-08-14
0,16,7,9,0,Columbus,2022-06-22
0,18,7,11,0,Columbus,2022-06-28
0,6,0,6,0,Craven,2022-10-09
0,6,2,4,0,Craven,2022-10-23
0,9,3,6,0,Craven,2022-10-12
0,5,3,2,0,Craven,2022-10-21
0,11,4,7,0,Craven,2022-09-30
0,27,5,22,0,Craven,2022-06-12
0,17,5,12,0,Craven,2022-09-18
0,18,6,12,0,Craven,2022-06-19
0,15,8,7,0,Craven,2022-05-14
0,2,0,2,0,Currituck,2022-05-03
0,3,0,3,0,Currituck,2022-05-05
0,1,0,1,0,Currituck,2022-05-07
0,9,0,9,0,Currituck,2022-05-10
0,5,0,5,0,Currituck,2022-05-12
0,7,0,7,0,Currituck,2022-05-13
0,9,0,9,0,Currituck,2022-05-17
0,2,0,2,0,Currituck,2022-05-30
0,3,0,3,0,Currituck,2022-06-04
0,4,0,4,0,Currituck,2022-06-05
0,3,0,3,0,Currituck,2022-06-07
0,4,0,4,0,Currituck,2022-06-10
0,2,0,2,0,Currituck,2022-06-11
0,4,0,4,0,Currituck,2022-06-12
0,10,0,10,0,Currituck,2022-06-16
0,3,0,3,0,Currituck,2022-06-19
0,1,0,1,0,Currituck,2022-06-25
0,4,0,4,0,Currituck,2022-07-02
0,2,0,2,0,Currituck,2022-07-07
0,4,0,4,0,Currituck,2022-07-08
0,7,0,7,0,Currituck,2022-07-09
0,4,0,4,0,Currituck,2022-07-12
0,2,0,2,0,Currituck,2022-07-15
0,1,0,1,0,Currituck,2022-07-23
0,7,0,7,0,Currituck,2022-07-24
0,4,0,4,0,Currituck,2022-07-28
0,2,0,2,0,Currituck,2022-07-31
0,2,0,2,0,Currituck,2022-08-03
0,3,0,3,0,Currituck,2022-08-12
0,3,0,3,0,Currituck,2022-08-14
0,1,0,1,0,Currituck,2022-08-16
0,3,0,3,0,Currituck,2022-08-18
0,1,0,1,0,Currituck,2022-08-21
0,4,0,4,0,Currituck,2022-08-23
0,3,0,3,0,Currituck,2022-08-27
0,4,0,4,0,Currituck,2022-09-16
0,3,0,3,0,Currituck,2022-09-18
0,1,0,1,0,Currituck,2022-09-19
0,4,0,4,0,Currituck,2022-09-28
0,5,0,5,0,Currituck,2022-09-29
0,3,0,3,0,Currituck,2022-10-03
0,1,0,1,0,Currituck,2022-10-04
0,1,0,1,0,Currituck,2022-10-06
0,2,0,2,0,Currituck,2022-10-07
0,3,0,3,0,Currituck,2022-10-10
0,2,0,2,0,Currituck,2022-10-26
0,2,0,2,0,Currituck,2022-10-28
0,1,1,0,0,Currituck,2022-05-06
0,2,1,1,0,Currituck,2022-05-11
0,4,1,3,0,Currituck,2022-05-15
0,1,1,0,0,Currituck,2022-05-19
0,3,1,2,0,Currituck,2022-05-20
0,6,1,5,0,Currituck,2022-05-26
0,10,1,9,0,Currituck,2022-05-31
0,2,1,1,0,Currituck,2022-06-18
0,7,1,6,0,Currituck,2022-06-21
0,7,1,6,0,Currituck,2022-06-22
0,13,1,12,0,Currituck,2022-06-23
0,8,1,7,0,Currituck,2022-07-14
0,9,1,8,0,Currituck,2022-07-20
0,5,1,4,0,Currituck,2022-07-22
0,6,1,5,0,Currituck,2022-07-29
0,2,1,1,0,Currituck,2022-08-04
0,1,1,0,0,Currituck,2022-08-05
0,3,1,2,0,Currituck,2022-08-10
0,5,1,4,0,Currituck,2022-09-01
0,5,1,4,0,Currituck,2022-09-02
0,3,1,2,0,Currituck,2022-09-05
0,4,1,3,0,Currituck,2022-09-11
0,4,1,3,0,Currituck,2022-09-12
0,5,1,4,0,Currituck,2022-09-13
0,3,1,2,0,Currituck,2022-09-14
0,1,1,0,0,Currituck,2022-09-24
0,1,1,0,0,Currituck,2022-10-08
0,3,1,2,0,Currituck,2022-10-22
0,7,2,5,0,Currituck,2022-05-09
0,6,2,4,0,Currituck,2022-07-01
0,6,2,4,0,Currituck,2022-07-04
0,3,2,1,0,Currituck,2022-07-16
0,14,2,12,0,Currituck,2022-07-26
0,5,2,3,0,Currituck,2022-07-30
0,6,2,4,0,Currituck,2022-08-07
0,4,2,2,0,Currituck,2022-08-11
0,5,2,3,0,Currituck,2022-08-24
0,4,2,2,0,Currituck,2022-08-26
0,7,2,5,0,Currituck,2022-09-06
0,3,2,1,0,Currituck,2022-09-21
0,2,2,0,0,Currituck,2022-09-30
0,3,2,1,0,Currituck,2022-10-29
0,6,3,3,0,Currituck,2022-05-04
0,10,3,7,0,Currituck,2022-05-21
0,7,3,4,0,Currituck,2022-05-24
0,6,3,3,0,Currituck,2022-09-07
0,5,3,2,0,Currituck,2022-10-14
0,11,4,7,0,Currituck,2022-05-14
0,15,4,11,0,Currituck,2022-05-25
0,8,6,2,0,Currituck,2022-06-01
0,8,0,8,0,Dare,2022-05-05
0,5,0,5,0,Dare,2022-05-07
0,17,0,17,0,Dare,2022-05-10
0,16,0,16,0,Dare,2022-05-12
0,10,0,10,0,Dare,2022-05-14
0,8,0,8,0,Dare,2022-05-15
0,16,0,16,0,Dare,2022-06-03
0,8,0,8,0,Dare,2022-06-04
0,7,0,7,0,Dare,2022-07-02
0,4,0,4,0,Dare,2022-07-08
0,18,0,18,0,Dare,2022-07-15
0,10,0,10,0,Dare,2022-07-16
0,8,0,8,0,Dare,2022-07-17
0,7,0,7,0,Dare,2022-07-31
0,7,0,7,0,Dare,2022-08-05
0,3,0,3,0,Dare,2022-08-06
0,9,0,9,0,Dare,2022-08-14
0,11,0,11,0,Dare,2022-08-15
0,4,0,4,0,Dare,2022-08-19
0,5,0,5,0,Dare,2022-08-20
0,7,0,7,0,Dare,2022-08-25
0,5,0,5,0,Dare,2022-08-26
0,4,0,4,0,Dare,2022-08-27
0,7,0,7,0,Dare,2022-08-28
0,6,0,6,0,Dare,2022-08-30
0,11,0,11,0,Dare,2022-09-02
0,3,0,3,0,Dare,2022-09-03
0,7,0,7,0,Dare,2022-09-04
0,3,0,3,0,Dare,2022-09-05
0,3,0,3,0,Dare,2022-09-08
0,5,0,5,0,Dare,2022-09-09
0,4,0,4,0,Dare,2022-09-10
0,4,0,4,0,Dare,2022-09-15
0,3,0,3,0,Dare,2022-09-20
0,1,0,1,0,Dare,2022-09-24
0,6,0,6,0,Dare,2022-09-25
0,7,0,7,0,Dare,2022-09-26
0,7,0,7,0,Dare,2022-09-28
0,3,0,3,0,Dare,2022-09-29
0,2,0,2,0,Dare,2022-09-30
0,8,0,8,0,Dare,2022-10-04
0,3,0,3,0,Dare,2022-10-06
0,5,0,5,0,Dare,2022-10-07
0,3,0,3,0,Dare,2022-10-10
0,2,0,2,0,Dare,2022-10-12
0,6,0,6,0,Dare,2022-10-14
0,4,0,4,0,Dare,2022-10-15
0,3,0,3,0,Dare,2022-10-19
0,4,0,4,0,Dare,2022-10-22
0,7,0,7,0,Dare,2022-10-24
0,6,0,6,0,Dare,2022-10-26
0,1,0,1,0,Dare,2022-10-28
0,6,0,6,0,Dare,2022-10-29
0,12,1,11,0,Dare,2022-05-26
0,13,1,12,0,Dare,2022-06-13
0,13,1,12,0,Dare,2022-06-14
0,12,1,11,0,Dare,2022-06-30
0,4,1,3,0,Dare,2022-09-21
0,4,1,3,0,Dare,2022-10-03
0,6,1,5,0,Dare,2022-10-16
0,5,1,4,0,Dare,2022-10-25
0,24,2,22,0,Dare,2022-05-24
0,4,0,4,0,Davie,2022-05-08
0,5,0,5,0,Davie,2022-05-14
0,2,0,2,0,Davie,2022-06-04
0,4,0,4,0,Davie,2022-06-05
0,2,0,2,0,Davie,2022-09-24
0,4,0,4,0,Davie,2022-10-01
0,3,0,3,0,Davie,2022-10-09
0,4,0,4,0,Davie,2022-10-29
0,5,1,4,0,Davie,2022-05-07
0,11,1,10,0,Davie,2022-05-28
0,3,1,2,0,Davie,2022-06-03
0,8,1,7,0,Davie,2022-07-02
0,3,1,2,0,Davie,2022-07-03
0,9,1,8,0,Davie,2022-08-20
0,3,1,2,0,Davie,2022-09-03
0,6,1,5,0,Davie,2022-10-18
0,3,1,2,0,Davie,2022-10-20
0,7,1,6,0,Davie,2022-10-28
0,7,2,5,0,Davie,2022-05-04
0,11,2,9,0,Davie,2022-05-20
0,10,2,8,0,Davie,2022-08-17
0,11,2,9,0,Davie,2022-08-21
0,9,2,7,0,Davie,2022-08-30
0,5,2,3,0,Davie,2022-09-05
0,7,2,5,0,Davie,2022-10-08
0,9,3,6,0,Davie,2022-06-02
0,9,3,6,0,Davie,2022-06-25
0,17,3,14,0,Davie,2022-09-19
0,8,3,5,0,Davie,2022-09-27
0,9,3,6,0,Davie,2022-10-04
0,22,6,16,0,Davie,2022-05-13
0,2,0,2,0,Duplin,2022-05-06
0,2,0,2,0,Duplin,2022-05-14
0,1,0,1,0,Duplin,2022-05-29
0,3,0,3,0,Duplin,2022-05-30
0,4,0,4,0,Duplin,2022-06-18
0,3,0,3,0,Duplin,2022-09-18
0,3,0,3,0,Duplin,2022-09-25
0,2,0,2,0,Duplin,2022-10-08
0,1,0,1,0,Duplin,2022-10-15
0,3,0,3,0,Duplin,2022-10-17
0,1,0,1,0,Duplin,2022-10-23
0,3,0,3,0,Duplin,2022-10-29
0,2,1,1,0,Duplin,2022-05-08
0,2,1,1,0,Duplin,2022-05-15
0,2,1,1,0,Duplin,2022-05-21
0,4,1,3,0,Duplin,2022-05-28
0,3,1,2,0,Duplin,2022-06-04
0,6,1,5,0,Duplin,2022-06-10
0,5,1,4,0,Duplin,2022-07-03
0,1,1,0,0,Duplin,2022-10-21
0,3,2,1,0,Duplin,2022-05-18
0,4,2,2,0,Duplin,2022-05-20
0,13,2,11,0,Duplin,2022-05-26
0,3,2,1,0,Duplin,2022-10-06
0,7,2,5,0,Duplin,2022-10-14
0,6,2,4,0,Duplin,2022-10-20
0,10,3,7,0,Duplin,2022-06-07
0,8,3,5,0,Duplin,2022-06-12
0,8,4,4,0,Duplin,2022-05-12
0,20,9,11,0,Duplin,2022-07-01
0,15,10,5,0,Duplin,2022-09-26
0,2,0,2,0,Edgecombe,2022-05-07
0,2,0,2,0,Edgecombe,2022-05-08
0,8,0,8,0,Edgecombe,2022-05-17
0,10,0,10,0,Edgecombe,2022-05-20
0,9,0,9,0,Edgecombe,2022-06-24
0,3,0,3,0,Edgecombe,2022-09-24
0,6,0,6,0,Edgecombe,2022-10-07
0,2,0,2,0,Edgecombe,2022-10-16
0,6,0,6,0,Edgecombe,2022-10-18
0,6,0,6,0,Edgecombe,2022-10-19
0,2,0,2,0,Edgecombe,2022-10-23
0,4,0,4,0,Edgecombe,2022-10-26
0,2,0,2,0,Edgecombe,2022-10-29
0,4,1,3,0,Edgecombe,2022-05-06
0,5,1,4,0,Edgecombe,2022-05-14
0,9,1,8,0,Edgecombe,2022-06-12
0,7,1,6,0,Edgecombe,2022-07-03
0,11,1,10,0,Edgecombe,2022-07-30
0,2,1,1,0,Edgecombe,2022-10-08
0,3,1,2,0,Edgecombe,2022-10-09
0,4,2,2,0,Edgecombe,2022-06-19
0,11,2,9,0,Edgecombe,2022-08-20
0,8,2,6,0,Edgecombe,2022-10-06
0,5,3,2,0,Edgecombe,2022-05-15
0,9,3,6,0,Edgecombe,2022-09-27
0,15,4,11,0,Edgecombe,2022-06-05
0,15,0,15,0,Franklin,2022-07-23
0,11,0,11,0,Franklin,2022-10-06
0,3,0,3,0,Franklin,2022-10-16
0,6,0,6,0,Franklin,2022-10-26
0,9,1,8,0,Franklin,2022-09-24
0,5,1,4,0,Franklin,2022-10-01
0,6,1,5,0,Franklin,2022-10-13
0,4,1,3,0,Franklin,2022-10-14
0,5,1,4,0,Franklin,2022-10-20
0,3,1,2,0,Franklin,2022-10-23
0,19,2,17,0,Franklin,2022-06-12
0,10,2,8,0,Franklin,2022-10-05
0,7,3,4,0,Franklin,2022-05-30
0,7,3,4,0,Franklin,2022-10-09
0,11,1,10,0,Gaston,2022-09-24
0,1,0,1,0,Gates,2022-05-04
0,1,0,1,0,Gates,2022-05-06
0,3,0,3,0,Gates,2022-05-10
0,1,0,1,0,Gates,2022-05-12
0,3,0,3,0,Gates,2022-05-18
0,1,0,1,0,Gates,2022-05-21
0,1,0,1,0,Gates,2022-05-22
0,3,0,3,0,Gates,2022-05-23
0,2,0,2,0,Gates,2022-05-25
0,3,0,3,0,Gates,2022-06-08
0,1,0,1,0,Gates,2022-06-17
0,1,0,1,0,Gates,2022-06-18
0,1,0,1,0,Gates,2022-06-19
0,2,0,2,0,Gates,2022-06-20
0,1,0,1,0,Gates,2022-06-26
0,2,0,2,0,Gates,2022-06-28
0,1,0,1,0,Gates,2022-07-02
0,2,0,2,0,Gates,2022-07-10
0,2,0,2,0,Gates,2022-07-13
0,1,0,1,0,Gates,2022-07-15
0,1,0,1,0,Gates,2022-07-16
0,3,0,3,0,Gates,2022-07-23
0,1,0,1,0,Gates,2022-07-26
0,3,0,3,0,Gates,2022-07-27
0,2,0,2,0,Gates,2022-07-29
0,3,0,3,0,Gates,2022-08-03
0,1,0,1,0,Gates,2022-08-06
0,1,0,1,0,Gates,2022-08-07
0,1,0,1,0,Gates,2022-08-10
0,2,0,2,0,Gates,2022-08-11
0,2,0,2,0,Gates,2022-08-12
0,2,0,2,0,Gates,2022-08-14
0,2,0,2,0,Gates,2022-08-17
0,1,0,1,0,Gates,2022-08-24
0,3,0,3,0,Gates,2022-08-25
0,1,0,1,0,Gates,2022-08-26
0,2,0,2,0,Gates,2022-08-31
0,2,0,2,0,Gates,2022-09-10
0,1,0,1,0,Gates,2022-09-22
0,1,0,1,0,Gates,2022-09-23
0,2,0,2,0,Gates,2022-09-26
0,1,0,1,0,Gates,2022-09-27
0,1,0,1,0,Gates,2022-10-03
0,1,0,1,0,Gates,2022-10-05
0,2,0,2,0,Gates,2022-10-06
0,1,0,1,0,Gates,2022-10-09
0,1,0,1,0,Gates,2022-10-15
0,1,0,1,0,Gates,2022-10-18
0,2,0,2,0,Gates,2022-10-22
0,1,0,1,0,Gates,2022-10-26
0,2,1,1,0,Gates,2022-05-03
0,4,1,3,0,Gates,2022-05-05
0,3,1,2,0,Gates,2022-05-11
0,3,1,2,0,Gates,2022-05-14
0,1,1,0,0,Gates,2022-05-15
0,3,1,2,0,Gates,2022-05-16
0,1,1,0,0,Gates,2022-05-17
0,3,1,2,0,Gates,2022-05-19
0,3,1,2,0,Gates,2022-05-20
0,1,1,0,0,Gates,2022-05-26
0,1,1,0,0,Gates,2022-05-28
0,2,1,1,0,Gates,2022-05-30
0,3,1,2,0,Gates,2022-05-31
0,4,1,3,0,Gates,2022-06-02
0,1,1,0,0,Gates,2022-06-06
0,2,1,1,0,Gates,2022-06-07
0,6,1,5,0,Gates,2022-06-13
0,1,1,0,0,Gates,2022-06-24
0,2,1,1,0,Gates,2022-06-30
0,3,1,2,0,Gates,2022-07-01
0,1,1,0,0,Gates,2022-07-03
0,2,1,1,0,Gates,2022-07-07
0,6,1,5,0,Gates,2022-07-24
0,1,1,0,0,Gates,2022-08-04
0,2,1,1,0,Gates,2022-08-16
0,1,1,0,0,Gates,2022-08-27
0,2,1,1,0,Gates,2022-08-29
0,5,1,4,0,Gates,2022-09-01
0,2,1,1,0,Gates,2022-09-02
0,4,1,3,0,Gates,2022-09-03
0,2,1,1,0,Gates,2022-09-04
0,2,1,1,0,Gates,2022-09-08
0,3,1,2,0,Gates,2022-09-09
0,1,1,0,0,Gates,2022-09-14
0,4,1,3,0,Gates,2022-09-15
0,1,1,0,0,Gates,2022-09-17
0,2,1,1,0,Gates,2022-10-11
0,3,1,2,0,Gates,2022-10-17
0,1,1,0,0,Gates,2022-10-21
0,2,2,0,0,Gates,2022-05-07
0,2,2,0,0,Gates,2022-07-08
0,5,2,3,0,Gates,2022-07-21
0,4,2,2,0,Gates,2022-09-12
0,3,3,0,0,Gates,2022-06-03
0,6,3,3,0,Gates,2022-06-21
0,4,3,1,0,Gates,2022-07-12
0,5,4,1,0,Gates,2022-06-01
0,5,4,1,0,Gates,2022-07-14
0,1,0,1,0,Graham,2022-05-08
0,1,0,1,0,Graham,2022-06-07
0,1,0,1,0,Graham,2022-06-12
0,3,0,3,0,Graham,2022-06-17
0,1,0,1,0,Graham,2022-06-18
0,1,0,1,0,Graham,2022-06-28
0,9,0,9,0,Graham,2022-07-07
0,3,0,3,0,Graham,2022-07-10
0,1,0,1,0,Graham,2022-07-31
0,1,0,1,0,Graham,2022-08-08
0,1,0,1,0,Graham,2022-08-13
0,1,0,1,0,Graham,2022-08-21
0,7,0,7,0,Graham,2022-09-02
0,1,0,1,0,Graham,2022-09-25
0,1,0,1,0,Graham,2022-10-01
0,1,0,1,0,Graham,2022-10-07
0,2,0,2,0,Graham,2022-10-22
0,1,0,1,0,Graham,2022-10-24
0,2,0,2,0,Graham,2022-10-29
0,1,1,0,0,Graham,2022-05-10
0,1,1,0,0,Graham,2022-05-13
0,1,1,0,0,Graham,2022-05-19
0,2,1,1,0,Graham,2022-05-20
0,1,1,0,0,Graham,2022-05-26
0,2,1,1,0,Graham,2022-05-30
0,1,1,0,0,Graham,2022-05-31
0,1,1,0,0,Graham,2022-06-01
0,1,1,0,0,Graham,2022-06-08
0,1,1,0,0,Graham,2022-06-13
0,1,1,0,0,Graham,2022-06-21
0,2,1,1,0,Graham,2022-06-23
0,1,1,0,0,Graham,2022-06-25
0,4,1,3,0,Graham,2022-06-30
0,2,1,1,0,Graham,2022-07-15
0,2,1,1,0,Graham,2022-07-16
0,2,1,1,0,Graham,2022-07-24
0,2,1,1,0,Graham,2022-07-28
0,4,1,3,0,Graham,2022-08-06
0,2,1,1,0,Graham,2022-08-07
0,3,1,2,0,Graham,2022-08-24
0,1,1,0,0,Graham,2022-09-04
0,2,1,1,0,Graham,2022-09-10
0,1,1,0,0,Graham,2022-09-20
0,3,1,2,0,Graham,2022-09-23
0,3,1,2,0,Graham,2022-09-26
0,1,1,0,0,Graham,2022-09-29
0,1,1,0,0,Graham,2022-10-12
0,1,1,0,0,Graham,2022-10-27
0,3,2,1,0,Graham,2022-05-11
0,2,2,0,0,Graham,2022-05-12
0,2,2,0,0,Graham,2022-05-18
0,2,2,0,0,Graham,2022-06-05
0,2,2,0,0,Graham,2022-06-15
0,2,2,0,0,Graham,2022-06-26
0,8,2,6,0,Graham,2022-06-29
0,5,2,3,0,Graham,2022-07-11
0,2,2,0,0,Graham,2022-07-26
0,4,2,2,0,Graham,2022-08-02
0,7,2,5,0,Graham,2022-08-16
0,6,2,4,0,Graham,2022-08-27
0,3,2,1,0,Graham,2022-09-09
0,2,2,0,0,Graham,2022-09-21
0,2,2,0,0,Graham,2022-10-25
0,6,3,3,0,Graham,2022-07-08
0,4,3,1,0,Graham,2022-07-27
0,5,3,2,0,Graham,2022-09-14
0,4,3,1,0,Graham,2022-09-16
0,4,3,1,0,Graham,2022-09-19
0,3,3,0,0,Graham,2022-09-30
0,3,3,0,0,Graham,2022-10-03
0,3,3,0,0,Graham,2022-10-04
0,4,4,0,0,Graham,2022-06-09
0,5,4,1,0,Graham,2022-08-01
0,7,4,3,0,Graham,2022-08-25
0,7,5,2,0,Graham,2022-07-01
0,11,6,5,0,Graham,2022-08-31
0,5,0,5,0,Granville,2022-05-06
0,9,0,9,0,Granville,2022-05-07
0,4,0,4,0,Granville,2022-06-04
0,5,0,5,0,Granville,2022-06-05
0,12,0,12,0,Granville,2022-09-17
0,1,0,1,0,Granville,2022-10-02
0,7,0,7,0,Granville,2022-10-11
0,4,0,4,0,Granville,2022-10-15
0,3,0,3,0,Granville,2022-10-23
0,7,1,6,0,Granville,2022-05-08
0,16,1,15,0,Granville,2022-05-10
0,7,1,6,0,Granville,2022-08-14
0,10,1,9,0,Granville,2022-08-20
0,7,1,6,0,Granville,2022-09-18
0,6,1,5,0,Granville,2022-09-24
0,6,1,5,0,Granville,2022-09-25
0,5,1,4,0,Granville,2022-10-18
0,2,1,1,0,Granville,2022-10-22
0,1,1,0,0,Granville,2022-10-29
0,15,2,13,0,Granville,2022-05-14
0,17,2,15,0,Granville,2022-07-02
0,11,2,9,0,Granville,2022-08-26
0,7,2,5,0,Granville,2022-10-09
0,6,2,4,0,Granville,2022-10-13
0,8,2,6,0,Granville,2022-10-19
0,10,3,7,0,Granville,2022-05-30
0,33,3,30,0,Granville,2022-06-01
0,23,5,18,0,Granville,2022-07-29
0,25,7,18,0,Granville,2022-05-13
0,34,10,24,0,Granville,2022-05-25
0,1,0,1,0,Greene,2022-05-06
0,2,0,2,0,Greene,2022-05-07
0,3,0,3,0,Greene,2022-05-10
0,5,0,5,0,Greene,2022-05-12
0,1,0,1,0,Greene,2022-05-18
0,5,0,5,0,Greene,2022-05-26
0,3,0,3,0,Greene,2022-06-04
0,1,0,1,0,Greene,2022-06-11
0,6,0,6,0,Greene,2022-06-20
0,1,0,1,0,Greene,2022-06-21
0,1,0,1,0,Greene,2022-07-03
0,6,0,6,0,Greene,2022-07-06
0,1,0,1,0,Greene,2022-07-30
0,2,0,2,0,Greene,2022-08-13
0,2,0,2,0,Greene,2022-08-14
0,3,0,3,0,Greene,2022-08-20
0,3,0,3,0,Greene,2022-08-23
0,3,0,3,0,Greene,2022-08-24
0,2,0,2,0,Greene,2022-08-26
0,1,0,1,0,Greene,2022-08-28
0,6,0,6,0,Greene,2022-09-01
0,5,0,5,0,Greene,2022-09-02
0,4,0,4,0,Greene,2022-09-09
0,1,0,1,0,Greene,2022-09-10
0,1,0,1,0,Greene,2022-09-24
0,5,0,5,0,Greene,2022-09-29
0,2,0,2,0,Greene,2022-09-30
0,1,0,1,0,Greene,2022-10-01
0,1,0,1,0,Greene,2022-10-02
0,2,0,2,0,Greene,2022-10-04
0,1,0,1,0,Greene,2022-10-08
0,1,0,1,0,Greene,2022-10-11
0,1,0,1,0,Greene,2022-10-18
0,2,0,2,0,Greene,2022-10-20
0,1,0,1,0,Greene,2022-10-23
0,1,0,1,0,Greene,2022-10-24
0,4,0,4,0,Greene,2022-10-25
0,2,1,1,0,Greene,2022-05-04
0,3,1,2,0,Greene,2022-05-11
0,1,1,0,0,Greene,2022-05-15
0,1,1,0,0,Greene,2022-05-21
0,3,1,2,0,Greene,2022-05-22
0,2,1,1,0,Greene,2022-05-28
0,1,1,0,0,Greene,2022-05-30
0,5,1,4,0,Greene,2022-06-03
0,4,1,3,0,Greene,2022-06-15
0,5,1,4,0,Greene,2022-06-19
0,7,1,6,0,Greene,2022-06-23
0,6,1,5,0,Greene,2022-06-28
0,2,1,1,0,Greene,2022-07-17
0,1,1,0,0,Greene,2022-08-21
0,2,1,1,0,Greene,2022-08-27
0,3,1,2,0,Greene,2022-09-04
0,7,1,6,0,Greene,2022-09-12
0,3,1,2,0,Greene,2022-09-20
0,3,1,2,0,Greene,2022-09-26
0,1,1,0,0,Greene,2022-10-06
0,3,1,2,0,Greene,2022-10-28
0,5,2,3,0,Greene,2022-05-05
0,3,2,1,0,Greene,2022-05-13
0,8,2,6,0,Greene,2022-06-29
0,6,2,4,0,Greene,2022-07-07
0,4,2,2,0,Greene,2022-07-24
0,4,2,2,0,Greene,2022-09-07
0,8,2,6,0,Greene,2022-10-03
0,10,3,7,0,Greene,2022-06-09
0,7,3,4,0,Greene,2022-06-10
0,7,3,4,0,Greene,2022-09-27
0,9,3,6,0,Greene,2022-10-10
0,4,3,1,0,Greene,2022-10-12
0,5,4,1,0,Greene,2022-05-23
0,17,4,13,0,Greene,2022-07-14
0,12,7,5,0,Greene,2022-07-27
0,5,0,5,0,Halifax,2022-05-29
0,3,0,3,0,Halifax,2022-09-11
0,3,0,3,0,Halifax,2022-10-16
0,1,0,1,0,Halifax,2022-10-23
0,2,0,2,0,Halifax,2022-10-27
0,4,0,4,0,Halifax,2022-10-29
0,3,1,2,0,Halifax,2022-05-05
0,9,1,8,0,Halifax,2022-08-21
0,3,1,2,0,Halifax,2022-09-24
0,6,1,5,0,Halifax,2022-09-30
0,4,1,3,0,Halifax,2022-10-08
0,4,1,3,0,Halifax,2022-10-15
0,6,2,4,0,Halifax,2022-05-15
0,4,2,2,0,Halifax,2022-06-19
0,7,3,4,0,Halifax,2022-06-04
0,9,3,6,0,Halifax,2022-06-25
0,4,0,4,0,Harnett,2022-10-16
0,4,0,4,0,Harnett,2022-10-22
0,21,1,20,0,Harnett,2022-05-29
0,23,3,20,0,Harnett,2022-06-05
0,15,4,11,0,Harnett,2022-10-01
0,2,0,2,0,Haywood,2022-10-21
0,2,0,2,0,Haywood,2022-10-22
0,7,1,6,0,Haywood,2022-05-07
0,7,1,6,0,Haywood,2022-09-20
0,5,2,3,0,Haywood,2022-05-08
0,8,2,6,0,Haywood,2022-09-17
0,10,2,8,0,Haywood,2022-09-28
0,9,3,6,0,Haywood,2022-09-09
0,6,3,3,0,Haywood,2022-10-14
0,4,3,1,0,Haywood,2022-10-18
0,6,4,2,0,Haywood,2022-05-15
0,15,4,11,0,Haywood,2022-05-17
0,12,4,8,0,Haywood,2022-05-27
0,14,4,10,0,Haywood,2022-05-29
0,8,4,4,0,Haywood,2022-06-04
0,6,4,2,0,Haywood,2022-09-10
0,6,4,2,0,Haywood,2022-09-24
0,6,4,2,0,Haywood,2022-10-16
0,4,4,0,0,Haywood,2022-10-29
0,13,5,8,0,Haywood,2022-05-06
0,9,5,4,0,Haywood,2022-05-09
0,13,5,8,0,Haywood,2022-05-13
0,15,6,9,0,Haywood,2022-06-18
0,8,6,2,0,Haywood,2022-07-03
0,9,6,3,0,Haywood,2022-10-19
0,13,7,6,0,Haywood,2022-05-20
0,16,9,7,0,Haywood,2022-06-02
0,16,9,7,0,Haywood,2022-10-26
0,20,11,9,0,Haywood,2022-10-03
0,25,12,13,0,Haywood,2022-08-04
0,17,13,4,0,Haywood,2022-05-10
0,24,15,9,0,Haywood,2022-07-05
0,6,2,4,0,Henderson,2022-10-21
0,5,3,2,0,Henderson,2022-10-23
0,7,5,2,0,Henderson,2022-10-13
0,12,5,7,0,Henderson,2022-10-19
0,34,6,28,0,Henderson,2022-05-24
0,14,6,8,0,Henderson,2022-10-01
0,13,7,6,0,Henderson,2022-05-06
0,15,7,8,0,Henderson,2022-05-07
0,11,7,4,0,Henderson,2022-06-18
0,29,13,16,0,Henderson,2022-06-15
0,6,0,6,0,Hertford,2022-05-16
0,3,0,3,0,Hertford,2022-05-17
0,2,0,2,0,Hertford,2022-05-20
0,3,0,3,0,Hertford,2022-05-21
0,1,0,1,0,Hertford,2022-05-27
0,3,0,3,0,Hertford,2022-05-28
0,2,0,2,0,Hertford,2022-06-03
0,1,0,1,0,Hertford,2022-06-05
0,1,0,1,0,Hertford,2022-06-09
0,1,0,1,0,Hertford,2022-06-12
0,4,0,4,0,Hertford,2022-06-19
0,1,0,1,0,Hertford,2022-06-26
0,4,0,4,0,Hertford,2022-06-28
0,1,0,1,0,Hertford,2022-07-10
0,1,0,1,0,Hertford,2022-08-14
0,4,0,4,0,Hertford,2022-08-21
0,2,0,2,0,Hertford,2022-08-27
0,3,0,3,0,Hertford,2022-08-28
0,1,0,1,0,Hertford,2022-09-03
0,1,0,1,0,Hertford,2022-09-04
0,3,0,3,0,Hertford,2022-09-10
0,3,0,3,0,Hertford,2022-09-18
0,4,0,4,0,Hertford,2022-10-08
0,2,0,2,0,Hertford,2022-10-09
0,2,0,2,0,Hertford,2022-10-12
0,2,0,2,0,Hertford,2022-10-14
0,1,0,1,0,Hertford,2022-10-19
0,1,0,1,0,Hertford,2022-10-20
0,2,0,2,0,Hertford,2022-10-22
0,3,0,3,0,Hertford,2022-10-24
0,1,0,1,0,Hertford,2022-10-25
0,2,0,2,0,Hertford,2022-10-29
0,1,1,0,0,Hertford,2022-05-04
0,2,1,1,0,Hertford,2022-05-06
0,5,1,4,0,Hertford,2022-05-18
0,2,1,1,0,Hertford,2022-05-26
0,4,1,3,0,Hertford,2022-06-10
0,3,1,2,0,Hertford,2022-06-17
0,9,1,8,0,Hertford,2022-06-18
0,11,1,10,0,Hertford,2022-06-20
0,6,1,5,0,Hertford,2022-07-09
0,1,1,0,0,Hertford,2022-08-07
0,2,1,1,0,Hertford,2022-08-16
0,4,1,3,0,Hertford,2022-08-22
0,2,1,1,0,Hertford,2022-09-20
0,3,1,2,0,Hertford,2022-09-27
0,3,1,2,0,Hertford,2022-09-28
0,2,1,1,0,Hertford,2022-10-07
0,1,1,0,0,Hertford,2022-10-15
0,1,1,0,0,Hertford,2022-10-21
0,3,1,2,0,Hertford,2022-10-26
0,3,2,1,0,Hertford,2022-05-24
0,6,2,4,0,Hertford,2022-06-27
0,4,2,2,0,Hertford,2022-08-20
0,3,2,1,0,Hertford,2022-09-30
0,5,2,3,0,Hertford,2022-10-13
0,5,2,3,0,Hertford,2022-10-17
0,4,3,1,0,Hertford,2022-10-01
0,3,3,0,0,Hertford,2022-10-04
0,9,4,5,0,Hertford,2022-06-30
0,7,5,2,0,Hertford,2022-07-31
0,9,6,3,0,Hertford,2022-07-23
0,7,0,7,0,Hoke,2022-06-04
0,4,0,4,0,Hoke,2022-08-27
0,4,0,4,0,Hoke,2022-10-23
0,4,1,3,0,Hoke,2022-05-14
0,3,1,2,0,Hoke,2022-09-29
0,2,1,1,0,Hoke,2022-10-01
0,3,1,2,0,Hoke,2022-10-26
0,10,2,8,0,Hoke,2022-05-27
0,14,2,12,0,Hoke,2022-08-14
0,15,2,13,0,Hoke,2022-08-21
0,7,2,5,0,Hoke,2022-10-05
0,8,2,6,0,Hoke,2022-10-28
0,15,3,12,0,Hoke,2022-09-28
0,7,5,2,0,Hoke,2022-10-09
0,21,6,15,0,Hoke,2022-06-02
0,20,6,14,0,Hoke,2022-08-16
0,33,7,26,0,Hoke,2022-05-25
0,6,0,6,0,Hyde,2022-05-03
0,2,0,2,0,Hyde,2022-05-06
0,2,0,2,0,Hyde,2022-05-12
0,3,0,3,0,Hyde,2022-05-13
0,2,0,2,0,Hyde,2022-05-15
0,1,0,1,0,Hyde,2022-05-17
0,1,0,1,0,Hyde,2022-05-22
0,1,0,1,0,Hyde,2022-05-24
0,1,0,1,0,Hyde,2022-05-25
0,3,0,3,0,Hyde,2022-05-30
0,7,0,7,0,Hyde,2022-05-31
0,3,0,3,0,Hyde,2022-06-02
0,4,0,4,0,Hyde,2022-06-06
0,2,0,2,0,Hyde,2022-06-09
0,3,0,3,0,Hyde,2022-06-10
0,1,0,1,0,Hyde,2022-06-14
0,6,0,6,0,Hyde,2022-06-20
0,1,0,1,0,Hyde,2022-06-23
0,1,0,1,0,Hyde,2022-06-24
0,2,0,2,0,Hyde,2022-06-27
0,2,0,2,0,Hyde,2022-06-28
0,1,0,1,0,Hyde,2022-06-29
0,1,0,1,0,Hyde,2022-07-01
0,1,0,1,0,Hyde,2022-07-04
0,1,0,1,0,Hyde,2022-07-05
0,1,0,1,0,Hyde,2022-07-07
0,1,0,1,0,Hyde,2022-07-08
0,1,0,1,0,Hyde,2022-07-10
0,4,0,4,0,Hyde,2022-07-12
0,1,0,1,0,Hyde,2022-07-15
0,3,0,3,0,Hyde,2022-07-20
0,2,0,2,0,Hyde,2022-07-21
0,1,0,1,0,Hyde,2022-07-23
0,2,0,2,0,Hyde,2022-07-25
0,1,0,1,0,Hyde,2022-07-26
0,4,0,4,0,Hyde,2022-08-01
0,2,0,2,0,Hyde,2022-08-05
0,1,0,1,0,Hyde,2022-08-06
0,4,0,4,0,Hyde,2022-08-08
0,2,0,2,0,Hyde,2022-08-11
0,3,0,3,0,Hyde,2022-08-15
0,1,0,1,0,Hyde,2022-08-16
0,2,0,2,0,Hyde,2022-08-17
0,1,0,1,0,Hyde,2022-08-19
0,1,0,1,0,Hyde,2022-08-23
0,2,0,2,0,Hyde,2022-08-25
0,3,0,3,0,Hyde,2022-08-26
0,2,0,2,0,Hyde,2022-08-30
0,1,0,1,0,Hyde,2022-08-31
0,1,0,1,0,Hyde,2022-09-03
0,6,0,6,0,Hyde,2022-09-07
0,1,0,1,0,Hyde,2022-09-08
0,1,0,1,0,Hyde,2022-09-09
0,1,0,1,0,Hyde,2022-09-10
0,1,0,1,0,Hyde,2022-09-12
0,1,0,1,0,Hyde,2022-09-16
0,4,0,4,0,Hyde,2022-09-21
0,1,0,1,0,Hyde,2022-09-22
0,1,0,1,0,Hyde,2022-09-24
0,1,0,1,0,Hyde,2022-09-25
0,4,0,4,0,Hyde,2022-09-26
0,2,0,2,0,Hyde,2022-09-27
0,2,0,2,0,Hyde,2022-09-28
0,1,0,1,0,Hyde,2022-09-29
0,1,0,1,0,Hyde,2022-10-01
0,1,0,1,0,Hyde,2022-10-02
0,1,0,1,0,Hyde,2022-10-05
0,1,0,1,0,Hyde,2022-10-07
0,1,0,1,0,Hyde,2022-10-10
0,1,0,1,0,Hyde,2022-10-17
0,1,0,1,0,Hyde,2022-10-23
0,2,0,2,0,Hyde,2022-10-26
0,1,0,1,0,Hyde,2022-10-27
0,3,1,2,0,Hyde,2022-05-04
0,2,1,1,0,Hyde,2022-06-25
0,1,1,0,0,Hyde,2022-07-29
0,2,1,1,0,Hyde,2022-09-20
0,1,1,0,0,Hyde,2022-10-15
0,3,0,3,0,Jackson,2022-05-08
0,6,0,6,0,Jackson,2022-05-12
0,4,0,4,0,Jackson,2022-05-22
0,9,0,9,0,Jackson,2022-05-24
0,5,0,5,0,Jackson,2022-07-03
0,3,0,3,0,Jackson,2022-08-21
0,5,0,5,0,Jackson,2022-08-27
0,1,0,1,0,Jackson,2022-10-14
0,3,0,3,0,Jackson,2022-10-15
0,3,0,3,0,Jackson,2022-10-22
0,2,0,2,0,Jackson,2022-10-26
0,3,1,2,0,Jackson,2022-05-05
0,4,1,3,0,Jackson,2022-05-15
0,4,1,3,0,Jackson,2022-05-25
0,6,1,5,0,Jackson,2022-05-29
0,9,1,8,0,Jackson,2022-06-03
0,5,1,4,0,Jackson,2022-06-05
0,2,1,1,0,Jackson,2022-06-11
0,3,1,2,0,Jackson,2022-06-17
0,7,1,6,0,Jackson,2022-06-25
0,8,1,7,0,Jackson,2022-07-01
0,4,1,3,0,Jackson,2022-09-05
0,7,1,6,0,Jackson,2022-09-14
0,4,1,3,0,Jackson,2022-10-01
0,4,1,3,0,Jackson,2022-10-06
0,2,1,1,0,Jackson,2022-10-09
0,1,1,0,0,Jackson,2022-10-12
0,1,1,0,0,Jackson,2022-10-19
0,1,1,0,0,Jackson,2022-10-23
0,3,1,2,0,Jackson,2022-10-25
0,5,2,3,0,Jackson,2022-05-07
0,3,2,1,0,Jackson,2022-05-11
0,13,2,11,0,Jackson,2022-06-02
0,4,2,2,0,Jackson,2022-06-18
0,7,2,5,0,Jackson,2022-06-24
0,8,2,6,0,Jackson,2022-07-24
0,4,2,2,0,Jackson,2022-09-10
0,5,2,3,0,Jackson,2022-09-11
0,2,2,0,0,Jackson,2022-10-08
0,4,2,2,0,Jackson,2022-10-29
0,10,3,7,0,Jackson,2022-05-10
0,13,3,10,0,Jackson,2022-05-13
0,17,3,14,0,Jackson,2022-05-19
0,11,3,8,0,Jackson,2022-06-26
0,8,3,5,0,Jackson,2022-06-28
0,7,3,4,0,Jackson,2022-09-27
0,9,4,5,0,Jackson,2022-05-31
0,10,4,6,0,Jackson,2022-06-21
0,13,4,9,0,Jackson,2022-07-05
0,11,4,7,0,Jackson,2022-09-13
0,8,4,4,0,Jackson,2022-10-05
0,10,5,5,0,Jackson,2022-05-03
0,15,5,10,0,Jackson,2022-07-14
0,12,5,7,0,Jackson,2022-08-02
0,16,5,11,0,Jackson,2022-08-26
0,15,8,7,0,Jackson,2022-08-23
0,5,0,5,0,Johnston,2022-10-29
0,3,0,3,0,Jones,2022-05-13
0,2,0,2,0,Jones,2022-05-14
0,3,0,3,0,Jones,2022-05-17
0,1,0,1,0,Jones,2022-05-19
0,1,0,1,0,Jones,2022-05-28
0,7,0,7,0,Jones,2022-06-01
0,1,0,1,0,Jones,2022-06-16
0,2,0,2,0,Jones,2022-06-21
0,1,0,1,0,Jones,2022-06-26
0,1,0,1,0,Jones,2022-07-03
0,2,0,2,0,Jones,2022-07-10
0,2,0,2,0,Jones,2022-07-19
0,2,0,2,0,Jones,2022-07-23
0,3,0,3,0,Jones,2022-07-24
0,1,0,1,0,Jones,2022-07-31
0,1,0,1,0,Jones,2022-08-02
0,1,0,1,0,Jones,2022-08-04
0,3,0,3,0,Jones,2022-08-13
0,1,0,1,0,Jones,2022-08-14
0,4,0,4,0,Jones,2022-08-16
0,1,0,1,0,Jones,2022-08-27
0,1,0,1,0,Jones,2022-08-30
0,1,0,1,0,Jones,2022-09-04
0,5,0,5,0,Jones,2022-09-05
0,1,0,1,0,Jones,2022-09-07
0,1,0,1,0,Jones,2022-09-08
0,2,0,2,0,Jones,2022-09-10
0,2,0,2,0,Jones,2022-09-28
0,1,0,1,0,Jones,2022-09-30
0,1,0,1,0,Jones,2022-10-05
0,1,0,1,0,Jones,2022-10-06
0,3,0,3,0,Jones,2022-10-08
0,3,0,3,0,Jones,2022-10-18
0,1,0,1,0,Jones,2022-10-20
0,3,0,3,0,Jones,2022-10-21
0,1,0,1,0,Jones,2022-10-22
0,1,0,1,0,Jones,2022-10-25
0,1,0,1,0,Jones,2022-10-26
0,1,1,0,0,Jones,2022-05-05
0,3,1,2,0,Jones,2022-05-10
0,4,1,3,0,Jones,2022-05-16
0,6,1,5,0,Jones,2022-05-18
0,2,1,1,0,Jones,2022-05-21
0,3,1,2,0,Jones,2022-05-22
0,1,1,0,0,Jones,2022-05-23
0,7,1,6,0,Jones,2022-05-25
0,1,1,0,0,Jones,2022-06-02
0,1,1,0,0,Jones,2022-06-03
0,3,1,2,0,Jones,2022-06-10
0,2,1,1,0,Jones,2022-06-12
0,1,1,0,0,Jones,2022-06-19
0,3,1,2,0,Jones,2022-06-20
0,3,1,2,0,Jones,2022-06-28
0,2,1,1,0,Jones,2022-06-30
0,2,1,1,0,Jones,2022-07-02
0,5,1,4,0,Jones,2022-07-04
0,2,1,1,0,Jones,2022-07-09
0,4,1,3,0,Jones,2022-07-14
0,1,1,0,0,Jones,2022-07-17
0,4,1,3,0,Jones,2022-07-21
0,3,1,2,0,Jones,2022-07-29
0,2,1,1,0,Jones,2022-08-07
0,2,1,1,0,Jones,2022-08-09
0,2,1,1,0,Jones,2022-08-15
0,1,1,0,0,Jones,2022-08-22
0,1,1,0,0,Jones,2022-08-25
0,2,1,1,0,Jones,2022-08-28
0,5,1,4,0,Jones,2022-09-19
0,1,1,0,0,Jones,2022-10-13
0,1,1,0,0,Jones,2022-10-19
0,1,1,0,0,Jones,2022-10-29
0,2,2,0,0,Jones,2022-05-09
0,3,2,1,0,Jones,2022-05-12
0,4,2,2,0,Jones,2022-05-20
0,4,2,2,0,Jones,2022-05-26
0,3,2,1,0,Jones,2022-06-18
0,3,2,1,0,Jones,2022-06-29
0,4,2,2,0,Jones,2022-07-07
0,3,2,1,0,Jones,2022-07-11
0,2,2,0,0,Jones,2022-08-26
0,4,2,2,0,Jones,2022-09-06
0,3,2,1,0,Jones,2022-09-11
0,3,2,1,0,Jones,2022-09-18
0,6,3,3,0,Jones,2022-06-14
0,3,3,0,0,Jones,2022-08-19
0,4,3,1,0,Jones,2022-10-01
0,6,4,2,0,Jones,2022-07-12
0,5,4,1,0,Jones,2022-07-15
0,6,4,2,0,Jones,2022-08-29
0,5,4,1,0,Jones,2022-09-26
0,6,6,0,0,Jones,2022-07-05
0,7,0,7,0,Lee,2022-05-07
0,9,0,9,0,Lee,2022-05-10
0,5,0,5,0,Lee,2022-06-19
0,6,1,5,0,Lee,2022-05-05
0,13,1,12,0,Lee,2022-05-27
0,2,1,1,0,Lee,2022-10-14
0,4,1,3,0,Lee,2022-10-23
0,8,2,6,0,Lee,2022-05-06
0,7,2,5,0,Lee,2022-06-04
0,3,2,1,0,Lee,2022-10-07
0,12,3,9,0,Lee,2022-05-14
0,11,3,8,0,Lee,2022-05-28
0,4,3,1,0,Lee,2022-05-29
0,9,3,6,0,Lee,2022-10-05
0,9,4,5,0,Lee,2022-06-24
0,8,4,4,0,Lee,2022-09-04
0,8,4,4,0,Lee,2022-10-28
0,10,5,5,0,Lee,2022-05-21
0,17,5,12,0,Lee,2022-07-16
0,8,5,3,0,Lee,2022-10-26
0,9,5,4,0,Lee,2022-10-29
0,12,6,6,0,Lee,2022-08-13
0,10,6,4,0,Lee,2022-08-27
0,13,6,7,0,Lee,2022-09-16
0,2,0,2,0,Lenoir,2022-05-07
0,2,0,2,0,Lenoir,2022-05-21
0,4,0,4,0,Lenoir,2022-09-11
0,4,0,4,0,Lenoir,2022-10-13
0,2,0,2,0,Lenoir,2022-10-23
0,2,1,1,0,Lenoir,2022-05-08
0,4,1,3,0,Lenoir,2022-05-14
0,4,1,3,0,Lenoir,2022-06-11
0,5,1,4,0,Lenoir,2022-08-28
0,3,1,2,0,Lenoir,2022-09-30
0,6,1,5,0,Lenoir,2022-10-06
0,4,1,3,0,Lenoir,2022-10-14
0,8,2,6,0,Lenoir,2022-06-05
0,2,2,0,0,Lenoir,2022-10-02
0,6,3,3,0,Lenoir,2022-05-28
0,6,3,3,0,Lenoir,2022-10-11
0,16,5,11,0,Lenoir,2022-05-23
0,11,5,6,0,Lenoir,2022-05-26
0,14,5,9,0,Lenoir,2022-05-27
0,14,7,7,0,Lenoir,2022-06-25
0,14,7,7,0,Lenoir,2022-08-07
0,5,0,5,0,Lincoln,2022-10-08
0,5,2,3,0,Lincoln,2022-05-29
0,9,3,6,0,Lincoln,2022-05-07
0,10,3,7,0,Lincoln,2022-09-10
0,30,13,17,0,Lincoln,2022-06-01
0,1,0,1,0,Macon,2022-05-04
0,2,0,2,0,Macon,2022-05-07
0,4,0,4,0,Macon,2022-05-08
0,2,0,2,0,Macon,2022-05-13
0,2,0,2,0,Macon,2022-05-15
0,2,0,2,0,Macon,2022-05-28
0,3,0,3,0,Macon,2022-05-29
0,2,0,2,0,Macon,2022-06-05
0,3,0,3,0,Macon,2022-06-12
0,1,0,1,0,Macon,2022-06-19
0,2,0,2,0,Macon,2022-06-26
0,4,0,4,0,Macon,2022-07-16
0,7,0,7,0,Macon,2022-07-23
0,6,0,6,0,Macon,2022-07-31
0,3,0,3,0,Macon,2022-08-06
0,2,0,2,0,Macon,2022-08-07
0,1,0,1,0,Macon,2022-08-20
0,5,0,5,0,Macon,2022-08-21
0,3,0,3,0,Macon,2022-08-27
0,5,0,5,0,Macon,2022-09-04
0,4,0,4,0,Macon,2022-09-11
0,5,0,5,0,Macon,2022-09-23
0,3,0,3,0,Macon,2022-09-25
0,5,0,5,0,Macon,2022-09-27
0,1,0,1,0,Macon,2022-10-01
0,2,0,2,0,Macon,2022-10-07
0,1,0,1,0,Macon,2022-10-09
0,1,0,1,0,Macon,2022-10-11
0,4,0,4,0,Macon,2022-10-13
0,1,0,1,0,Macon,2022-10-16
0,4,0,4,0,Macon,2022-10-18
0,7,0,7,0,Macon,2022-10-20
0,4,0,4,0,Macon,2022-10-24
0,1,0,1,0,Macon,2022-10-25
0,2,1,1,0,Macon,2022-05-11
0,7,1,6,0,Macon,2022-05-12
0,7,1,6,0,Macon,2022-05-20
0,7,1,6,0,Macon,2022-05-24
0,11,1,10,0,Macon,2022-05-25
0,4,1,3,0,Macon,2022-06-04
0,7,1,6,0,Macon,2022-06-09
0,3,1,2,0,Macon,2022-06-24
0,6,1,5,0,Macon,2022-07-30
0,4,1,3,0,Macon,2022-08-14
0,3,1,2,0,Macon,2022-08-19
0,3,1,2,0,Macon,2022-08-29
0,4,1,3,0,Macon,2022-09-10
0,1,1,0,0,Macon,2022-09-24
0,7,1,6,0,Macon,2022-09-30
0,3,1,2,0,Macon,2022-10-05
0,2,1,1,0,Macon,2022-10-08
0,1,1,0,0,Macon,2022-10-14
0,1,1,0,0,Macon,2022-10-19
0,1,1,0,0,Macon,2022-10-28
0,7,2,5,0,Macon,2022-05-21
0,4,2,2,0,Macon,2022-06-07
0,9,2,7,0,Macon,2022-06-10
0,5,2,3,0,Macon,2022-06-23
0,4,2,2,0,Macon,2022-09-02
0,4,2,2,0,Macon,2022-09-14
0,5,2,3,0,Macon,2022-09-15
0,7,2,5,0,Macon,2022-09-21
0,3,2,1,0,Macon,2022-09-22
0,6,2,4,0,Macon,2022-09-26
0,3,2,1,0,Macon,2022-10-04
0,2,2,0,0,Macon,2022-10-26
0,8,3,5,0,Macon,2022-06-13
0,7,3,4,0,Macon,2022-09-19
0,8,4,4,0,Macon,2022-05-17
0,15,4,11,0,Macon,2022-05-18
0,22,4,18,0,Macon,2022-07-27
0,9,6,3,0,Macon,2022-05-27
0,14,6,8,0,Macon,2022-06-08
0,1,0,1,0,Madison,2022-05-03
0,3,0,3,0,Madison,2022-06-25
0,1,0,1,0,Madison,2022-07-02
0,2,0,2,0,Madison,2022-07-16
0,1,0,1,0,Madison,2022-07-17
0,2,0,2,0,Madison,2022-07-31
0,2,0,2,0,Madison,2022-08-03
0,2,0,2,0,Madison,2022-08-12
0,4,0,4,0,Madison,2022-08-24
0,1,0,1,0,Madison,2022-08-28
0,1,0,1,0,Madison,2022-09-04
0,5,0,5,0,Madison,2022-09-05
0,1,0,1,0,Madison,2022-09-11
0,1,0,1,0,Madison,2022-09-18
0,5,0,5,0,Madison,2022-10-03
0,3,0,3,0,Madison,2022-10-08
0,2,0,2,0,Madison,2022-10-09
0,1,0,1,0,Madison,2022-10-12
0,1,0,1,0,Madison,2022-10-23
0,1,0,1,0,Madison,2022-10-29
0,1,1,0,0,Madison,2022-05-07
0,11,1,10,0,Madison,2022-06-03
0,6,1,5,0,Madison,2022-06-09
0,1,1,0,0,Madison,2022-06-11
0,2,1,1,0,Madison,2022-06-12
0,8,1,7,0,Madison,2022-06-16
0,4,1,3,0,Madison,2022-06-18
0,3,1,2,0,Madison,2022-06-19
0,1,1,0,0,Madison,2022-06-26
0,1,1,0,0,Madison,2022-07-01
0,3,1,2,0,Madison,2022-07-07
0,3,1,2,0,Madison,2022-07-08
0,4,1,3,0,Madison,2022-07-12
0,4,1,3,0,Madison,2022-07-21
0,2,1,1,0,Madison,2022-07-30
0,4,1,3,0,Madison,2022-08-02
0,3,1,2,0,Madison,2022-08-09
0,1,1,0,0,Madison,2022-08-16
0,4,1,3,0,Madison,2022-08-18
0,3,1,2,0,Madison,2022-08-20
0,4,1,3,0,Madison,2022-09-15
0,2,1,1,0,Madison,2022-09-16
0,3,1,2,0,Madison,2022-09-17
0,6,1,5,0,Madison,2022-09-19
0,3,1,2,0,Madison,2022-09-29
0,1,1,0,0,Madison,2022-10-16
0,2,1,1,0,Madison,2022-10-20
0,1,1,0,0,Madison,2022-10-25
0,3,2,1,0,Madison,2022-05-08
0,8,2,6,0,Madison,2022-05-09
0,6,2,4,0,Madison,2022-05-24
0,6,2,4,0,Madison,2022-06-02
0,5,2,3,0,Madison,2022-06-13
0,5,2,3,0,Madison,2022-06-15
0,3,2,1,0,Madison,2022-06-23
0,3,2,1,0,Madison,2022-07-03
0,4,2,2,0,Madison,2022-08-25
0,3,2,1,0,Madison,2022-08-26
0,3,2,1,0,Madison,2022-08-27
0,4,3,1,0,Madison,2022-05-04
0,4,3,1,0,Madison,2022-05-05
0,3,3,0,0,Madison,2022-06-05
0,5,3,2,0,Madison,2022-06-10
0,6,3,3,0,Madison,2022-06-17
0,3,3,0,0,Madison,2022-09-02
0,3,3,0,0,Madison,2022-09-03
0,3,3,0,0,Madison,2022-09-09
0,6,3,3,0,Madison,2022-09-23
0,5,3,2,0,Madison,2022-10-07
0,4,3,1,0,Madison,2022-10-11
0,6,4,2,0,Madison,2022-05-06
0,6,4,2,0,Madison,2022-05-21
0,9,4,5,0,Madison,2022-06-29
0,7,4,3,0,Madison,2022-07-29
0,7,5,2,0,Madison,2022-08-11
0,7,6,1,0,Madison,2022-05-10
0,9,6,3,0,Madison,2022-05-12
0,11,6,5,0,Madison,2022-05-13
0,13,6,7,0,Madison,2022-05-31
0,14,9,5,0,Madison,2022-06-27
0,3,0,3,0,Martin,2022-05-03
0,1,0,1,0,Martin,2022-05-08
0,5,0,5,0,Martin,2022-05-13
0,1,0,1,0,Martin,2022-05-15
0,1,0,1,0,Martin,2022-06-05
0,2,0,2,0,Martin,2022-06-10
0,2,0,2,0,Martin,2022-06-12
0,3,0,3,0,Martin,2022-06-17
0,2,0,2,0,Martin,2022-06-19
0,3,0,3,0,Martin,2022-07-10
0,3,0,3,0,Martin,2022-07-31
0,3,0,3,0,Martin,2022-08-14
0,2,0,2,0,Martin,2022-08-25
0,2,0,2,0,Martin,2022-08-26
0,3,0,3,0,Martin,2022-08-27
0,3,0,3,0,Martin,2022-09-04
0,2,0,2,0,Martin,2022-09-22
0,1,0,1,0,Martin,2022-09-24
0,2,0,2,0,Martin,2022-09-25
0,1,0,1,0,Martin,2022-09-30
0,2,0,2,0,Martin,2022-10-04
0,2,0,2,0,Martin,2022-10-06
0,1,0,1,0,Martin,2022-10-07
0,2,0,2,0,Martin,2022-10-11
0,2,0,2,0,Martin,2022-10-12
0,1,0,1,0,Martin,2022-10-14
0,1,0,1,0,Martin,2022-10-16
0,1,0,1,0,Martin,2022-10-18
0,1,0,1,0,Martin,2022-10-23
0,1,0,1,0,Martin,2022-10-26
0,1,0,1,0,Martin,2022-10-28
0,2,1,1,0,Martin,2022-05-10
0,1,1,0,0,Martin,2022-05-11
0,4,1,3,0,Martin,2022-05-12
0,4,1,3,0,Martin,2022-05-14
0,5,1,4,0,Martin,2022-05-17
0,4,1,3,0,Martin,2022-06-04
0,1,1,0,0,Martin,2022-07-03
0,2,1,1,0,Martin,2022-07-16
0,3,1,2,0,Martin,2022-07-17
0,3,1,2,0,Martin,2022-08-07
0,6,1,5,0,Martin,2022-08-30
0,8,1,7,0,Martin,2022-09-06
0,9,1,8,0,Martin,2022-09-07
0,4,1,3,0,Martin,2022-09-29
0,2,1,1,0,Martin,2022-10-01
0,1,1,0,0,Martin,2022-10-08
0,2,1,1,0,Martin,2022-10-09
0,3,1,2,0,Martin,2022-10-24
0,3,2,1,0,Martin,2022-05-05
0,9,2,7,0,Martin,2022-05-18
0,3,2,1,0,Martin,2022-05-21
0,4,2,2,0,Martin,2022-05-25
0,9,2,7,0,Martin,2022-06-09
0,9,2,7,0,Martin,2022-06-22
0,8,2,6,0,Martin,2022-07-06
0,15,2,13,0,Martin,2022-07-21
0,12,3,9,0,Martin,2022-09-13
0,15,4,11,0,Martin,2022-05-31
0,12,4,8,0,Martin,2022-06-21
0,11,4,7,0,Martin,2022-08-10
0,8,5,3,0,Martin,2022-09-18
0,7,0,7,0,McDowell,2022-05-03
0,3,0,3,0,McDowell,2022-05-07
0,9,0,9,0,McDowell,2022-05-13
0,7,0,7,0,McDowell,2022-05-14
0,8,0,8,0,McDowell,2022-06-25
0,1,0,1,0,McDowell,2022-09-24
0,8,0,8,0,McDowell,2022-10-07
0,4,0,4,0,McDowell,2022-10-15
0,5,1,4,0,McDowell,2022-05-08
0,8,1,7,0,McDowell,2022-05-22
0,15,1,14,0,McDowell,2022-07-23
0,18,1,17,0,McDowell,2022-08-10
0,11,1,10,0,McDowell,2022-09-02
0,6,1,5,0,McDowell,2022-09-21
0,3,1,2,0,McDowell,2022-10-20
0,9,2,7,0,McDowell,2022-05-04
0,4,2,2,0,McDowell,2022-05-12
0,9,2,7,0,McDowell,2022-09-04
0,8,2,6,0,McDowell,2022-10-14
0,4,2,2,0,McDowell,2022-10-25
0,19,3,16,0,McDowell,2022-06-15
0,1,0,1,0,Mitchell,2022-05-10
0,1,0,1,0,Mitchell,2022-05-13
0,2,0,2,0,Mitchell,2022-05-21
0,3,0,3,0,Mitchell,2022-05-22
0,5,0,5,0,Mitchell,2022-05-29
0,1,0,1,0,Mitchell,2022-06-05
0,1,0,1,0,Mitchell,2022-07-02
0,1,0,1,0,Mitchell,2022-07-03
0,4,0,4,0,Mitchell,2022-07-06
0,2,0,2,0,Mitchell,2022-07-13
0,3,0,3,0,Mitchell,2022-07-14
0,4,0,4,0,Mitchell,2022-08-13
0,4,0,4,0,Mitchell,2022-08-16
0,3,0,3,0,Mitchell,2022-08-27
0,2,0,2,0,Mitchell,2022-08-28
0,2,0,2,0,Mitchell,2022-09-01
0,1,0,1,0,Mitchell,2022-09-03
0,2,0,2,0,Mitchell,2022-09-11
0,1,0,1,0,Mitchell,2022-09-15
0,1,0,1,0,Mitchell,2022-09-21
0,1,0,1,0,Mitchell,2022-10-29
0,1,1,0,0,Mitchell,2022-05-06
0,5,1,4,0,Mitchell,2022-05-20
0,5,1,4,0,Mitchell,2022-05-27
0,5,1,4,0,Mitchell,2022-06-23
0,6,1,5,0,Mitchell,2022-06-26
0,3,1,2,0,Mitchell,2022-06-29
0,2,1,1,0,Mitchell,2022-07-16
0,5,1,4,0,Mitchell,2022-07-21
0,2,1,1,0,Mitchell,2022-07-31
0,2,1,1,0,Mitchell,2022-08-20
0,3,1,2,0,Mitchell,2022-08-21
0,1,1,0,0,Mitchell,2022-08-26
0,1,1,0,0,Mitchell,2022-08-31
0,4,1,3,0,Mitchell,2022-09-07
0,2,1,1,0,Mitchell,2022-09-14
0,1,1,0,0,Mitchell,2022-09-19
0,1,1,0,0,Mitchell,2022-10-04
0,1,1,0,0,Mitchell,2022-10-05
0,1,1,0,0,Mitchell,2022-10-10
0,1,1,0,0,Mitchell,2022-10-15
0,1,1,0,0,Mitchell,2022-10-25
0,3,2,1,0,Mitchell,2022-05-04
0,3,2,1,0,Mitchell,2022-05-19
0,4,2,2,0,Mitchell,2022-05-25
0,3,2,1,0,Mitchell,2022-06-11
0,8,2,6,0,Mitchell,2022-06-15
0,4,2,2,0,Mitchell,2022-06-16
0,6,2,4,0,Mitchell,2022-06-18
0,3,2,1,0,Mitchell,2022-06-25
0,4,2,2,0,Mitchell,2022-06-30
0,8,2,6,0,Mitchell,2022-07-01
0,3,2,1,0,Mitchell,2022-07-07
0,5,2,3,0,Mitchell,2022-07-25
0,5,2,3,0,Mitchell,2022-08-14
0,7,2,5,0,Mitchell,2022-08-30
0,4,2,2,0,Mitchell,2022-09-08
0,3,2,1,0,Mitchell,2022-09-17
0,2,2,0,0,Mitchell,2022-10-14
0,2,2,0,0,Mitchell,2022-10-19
0,2,2,0,0,Mitchell,2022-10-22
0,3,3,0,0,Mitchell,2022-05-18
0,9,3,6,0,Mitchell,2022-05-31
0,7,3,4,0,Mitchell,2022-06-09
0,7,3,4,0,Mitchell,2022-07-11
0,8,3,5,0,Mitchell,2022-07-29
0,5,3,2,0,Mitchell,2022-08-03
0,3,3,0,0,Mitchell,2022-10-11
0,8,4,4,0,Mitchell,2022-08-29
0,8,5,3,0,Mitchell,2022-07-05
0,12,7,5,0,Mitchell,2022-07-26
0,1,0,1,0,Montgomery,2022-05-06
0,1,0,1,0,Montgomery,2022-05-08
0,1,0,1,0,Montgomery,2022-05-11
0,4,0,4,0,Montgomery,2022-05-13
0,6,0,6,0,Montgomery,2022-05-15
0,2,0,2,0,Montgomery,2022-05-18
0,3,0,3,0,Montgomery,2022-05-21
0,1,0,1,0,Montgomery,2022-05-29
0,2,0,2,0,Montgomery,2022-06-02
0,2,0,2,0,Montgomery,2022-06-03
0,2,0,2,0,Montgomery,2022-06-12
0,3,0,3,0,Montgomery,2022-06-28
0,6,0,6,0,Montgomery,2022-06-29
0,1,0,1,0,Montgomery,2022-07-01
0,5,0,5,0,Montgomery,2022-08-11
0,4,0,4,0,Montgomery,2022-08-14
0,7,0,7,0,Montgomery,2022-09-10
0,2,0,2,0,Montgomery,2022-09-18
0,5,0,5,0,Montgomery,2022-09-30
0,2,0,2,0,Montgomery,2022-10-02
0,3,0,3,0,Montgomery,2022-10-06
0,1,0,1,0,Montgomery,2022-10-08
0,3,0,3,0,Montgomery,2022-10-12
0,1,0,1,0,Montgomery,2022-10-16
0,3,0,3,0,Montgomery,2022-10-18
0,1,0,1,0,Montgomery,2022-10-20
0,1,0,1,0,Montgomery,2022-10-21
0,4,0,4,0,Montgomery,2022-10-26
0,5,1,4,0,Montgomery,2022-05-03
0,4,1,3,0,Montgomery,2022-05-05
0,4,1,3,0,Montgomery,2022-05-12
0,2,1,1,0,Montgomery,2022-05-17
0,7,1,6,0,Montgomery,2022-06-01
0,3,1,2,0,Montgomery,2022-07-02
0,3,1,2,0,Montgomery,2022-07-10
0,6,1,5,0,Montgomery,2022-07-30
0,2,1,1,0,Montgomery,2022-07-31
0,5,1,4,0,Montgomery,2022-08-15
0,3,1,2,0,Montgomery,2022-08-18
0,6,1,5,0,Montgomery,2022-09-28
0,5,2,3,0,Montgomery,2022-05-20
0,10,2,8,0,Montgomery,2022-05-23
0,5,2,3,0,Montgomery,2022-05-31
0,4,2,2,0,Montgomery,2022-06-09
0,8,2,6,0,Montgomery,2022-07-08
0,4,2,2,0,Montgomery,2022-08-19
0,2,2,0,0,Montgomery,2022-09-17
0,4,2,2,0,Montgomery,2022-09-24
0,3,2,1,0,Montgomery,2022-10-05
0,3,2,1,0,Montgomery,2022-10-13
0,2,2,0,0,Montgomery,2022-10-17
0,4,2,2,0,Montgomery,2022-10-27
0,4,3,1,0,Montgomery,2022-05-19
0,8,3,5,0,Montgomery,2022-06-08
0,6,4,2,0,Montgomery,2022-07-23
0,10,0,10,0,Moore,2022-06-11
0,6,1,5,0,Moore,2022-10-29
0,6,2,4,0,Moore,2022-10-22
0,18,5,13,0,Moore,2022-08-28
0,11,6,5,0,Moore,2022-10-09
0,11,6,5,0,Moore,2022-10-23
0,34,9,25,0,Moore,2022-07-07
0,23,10,13,0,Moore,2022-05-06
0,29,10,19,0,Moore,2022-05-29
0,2,0,2,0,Nash,2022-10-29
0,4,1,3,0,Nash,2022-10-28
0,10,2,8,0,Nash,2022-10-11
0,7,3,4,0,Nash,2022-05-06
0,10,3,7,0,Nash,2022-06-19
0,7,3,4,0,Nash,2022-10-09
0,8,1,7,0,New Hanover,2022-10-15
0,5,1,4,0,New Hanover,2022-10-23
0,20,2,18,0,New Hanover,2022-05-08
0,12,2,10,0,New Hanover,2022-10-20
0,12,4,8,0,New Hanover,2022-10-28
0,3,0,3,0,Northampton,2022-05-03
0,1,0,1,0,Northampton,2022-05-07
0,4,0,4,0,Northampton,2022-05-09
0,1,0,1,0,Northampton,2022-05-13
0,1,0,1,0,Northampton,2022-05-14
0,4,0,4,0,Northampton,2022-06-04
0,3,0,3,0,Northampton,2022-06-05
0,4,0,4,0,Northampton,2022-06-25
0,1,0,1,0,Northampton,2022-07-04
0,3,0,3,0,Northampton,2022-07-10
0,3,0,3,0,Northampton,2022-07-30
0,1,0,1,0,Northampton,2022-07-31
0,5,0,5,0,Northampton,2022-08-15
0,3,0,3,0,Northampton,2022-09-03
0,1,0,1,0,Northampton,2022-09-04
0,1,0,1,0,Northampton,2022-09-05
0,1,0,1,0,Northampton,2022-09-17
0,1,0,1,0,Northampton,2022-09-18
0,2,0,2,0,Northampton,2022-09-30
0,1,0,1,0,Northampton,2022-10-09
0,1,0,1,0,Northampton,2022-10-13
0,1,0,1,0,Northampton,2022-10-15
0,3,0,3,0,Northampton,2022-10-17
0,2,0,2,0,Northampton,2022-10-21
0,3,0,3,0,Northampton,2022-10-25
0,1,0,1,0,Northampton,2022-10-29
0,2,1,1,0,Northampton,2022-05-05
0,1,1,0,0,Northampton,2022-05-08
0,2,1,1,0,Northampton,2022-05-21
0,3,1,2,0,Northampton,2022-05-22
0,4,1,3,0,Northampton,2022-05-23
0,2,1,1,0,Northampton,2022-05-28
0,3,1,2,0,Northampton,2022-05-29
0,2,1,1,0,Northampton,2022-05-30
0,5,1,4,0,Northampton,2022-06-12
0,6,1,5,0,Northampton,2022-07-08
0,3,1,2,0,Northampton,2022-07-17
0,4,1,3,0,Northampton,2022-08-26
0,2,1,1,0,Northampton,2022-08-27
0,3,1,2,0,Northampton,2022-08-28
0,3,1,2,0,Northampton,2022-09-01
0,1,1,0,0,Northampton,2022-10-01
0,3,1,2,0,Northampton,2022-10-18
0,1,1,0,0,Northampton,2022-10-20
0,5,2,3,0,Northampton,2022-05-04
0,4,2,2,0,Northampton,2022-08-14
0,7,2,5,0,Northampton,2022-09-16
0,4,2,2,0,Northampton,2022-09-27
0,5,2,3,0,Northampton,2022-09-28
0,14,3,11,0,Northampton,2022-06-06
0,11,3,8,0,Northampton,2022-06-13
0,4,3,1,0,Northampton,2022-10-03
0,3,3,0,0,Northampton,2022-10-12
0,10,5,5,0,Northampton,2022-06-07
0,19,6,13,0,Northampton,2022-07-11
0,7,0,7,0,Onslow,2022-09-24
0,7,0,7,0,Onslow,2022-10-16
0,7,0,7,0,Onslow,2022-10-29
0,5,1,4,0,Onslow,2022-10-09
0,16,2,14,0,Onslow,2022-10-07
0,22,4,18,0,Onslow,2022-05-29
0,16,7,9,0,Onslow,2022-10-18
0,14,8,6,0,Onslow,2022-10-21
0,9,0,9,0,Orange,2022-10-15
0,14,0,14,0,Orange,2022-10-20
0,6,0,6,0,Orange,2022-10-22
0,14,1,13,0,Orange,2022-09-04
0,12,1,11,0,Orange,2022-10-02
0,4,1,3,0,Orange,2022-10-09
0,41,2,39,0,Orange,2022-05-30
0,51,2,49,0,Orange,2022-07-13
0,16,2,14,0,Orange,2022-08-21
0,42,6,36,0,Orange,2022-05-15
0,1,0,1,0,Pamlico,2022-05-15
0,2,0,2,0,Pamlico,2022-05-17
0,2,0,2,0,Pamlico,2022-05-21
0,1,0,1,0,Pamlico,2022-05-29
0,1,0,1,0,Pamlico,2022-06-05
0,1,0,1,0,Pamlico,2022-06-11
0,7,0,7,0,Pamlico,2022-06-12
0,1,0,1,0,Pamlico,2022-06-18
0,2,0,2,0,Pamlico,2022-06-19
0,1,0,1,0,Pamlico,2022-06-25
0,1,0,1,0,Pamlico,2022-07-03
0,3,0,3,0,Pamlico,2022-07-09
0,3,0,3,0,Pamlico,2022-07-16
0,1,0,1,0,Pamlico,2022-07-30
0,2,0,2,0,Pamlico,2022-08-10
0,1,0,1,0,Pamlico,2022-08-20
0,1,0,1,0,Pamlico,2022-08-22
0,1,0,1,0,Pamlico,2022-08-30
0,3,0,3,0,Pamlico,2022-09-02
0,1,0,1,0,Pamlico,2022-09-03
0,1,0,1,0,Pamlico,2022-09-10
0,2,0,2,0,Pamlico,2022-09-13
0,3,0,3,0,Pamlico,2022-09-15
0,1,0,1,0,Pamlico,2022-09-16
0,1,0,1,0,Pamlico,2022-09-17
0,1,0,1,0,Pamlico,2022-09-21
0,1,0,1,0,Pamlico,2022-09-22
0,2,0,2,0,Pamlico,2022-09-27
0,1,0,1,0,Pamlico,2022-09-29
0,2,0,2,0,Pamlico,2022-10-01
0,1,0,1,0,Pamlico,2022-10-09
0,2,0,2,0,Pamlico,2022-10-12
0,2,0,2,0,Pamlico,2022-10-13
0,1,0,1,0,Pamlico,2022-10-16
0,1,0,1,0,Pamlico,2022-10-19
0,1,0,1,0,Pamlico,2022-10-27
0,2,1,1,0,Pamlico,2022-05-06
0,2,1,1,0,Pamlico,2022-05-07
0,3,1,2,0,Pamlico,2022-06-03
0,2,1,1,0,Pamlico,2022-06-04
0,2,1,1,0,Pamlico,2022-06-13
0,2,1,1,0,Pamlico,2022-06-15
0,4,1,3,0,Pamlico,2022-06-22
0,4,1,3,0,Pamlico,2022-06-23
0,3,1,2,0,Pamlico,2022-06-26
0,4,1,3,0,Pamlico,2022-06-30
0,5,1,4,0,Pamlico,2022-07-01
0,2,1,1,0,Pamlico,2022-07-12
0,2,1,1,0,Pamlico,2022-07-17
0,1,1,0,0,Pamlico,2022-08-23
0,2,1,1,0,Pamlico,2022-08-25
0,4,1,3,0,Pamlico,2022-08-29
0,1,1,0,0,Pamlico,2022-08-31
0,4,1,3,0,Pamlico,2022-09-04
0,1,1,0,0,Pamlico,2022-09-09
0,1,1,0,0,Pamlico,2022-09-11
0,2,1,1,0,Pamlico,2022-09-28
0,2,1,1,0,Pamlico,2022-10-03
0,2,1,1,0,Pamlico,2022-10-06
0,2,1,1,0,Pamlico,2022-10-11
0,3,1,2,0,Pamlico,2022-10-18
0,3,2,1,0,Pamlico,2022-05-05
0,5,2,3,0,Pamlico,2022-05-10
0,4,2,2,0,Pamlico,2022-05-13
0,5,2,3,0,Pamlico,2022-05-26
0,4,2,2,0,Pamlico,2022-05-28
0,4,2,2,0,Pamlico,2022-06-02
0,3,2,1,0,Pamlico,2022-06-08
0,5,2,3,0,Pamlico,2022-06-09
0,3,2,1,0,Pamlico,2022-07-02
0,8,2,6,0,Pamlico,2022-07-05
0,4,2,2,0,Pamlico,2022-07-27
0,6,2,4,0,Pamlico,2022-08-02
0,3,2,1,0,Pamlico,2022-08-09
0,5,2,3,0,Pamlico,2022-08-12
0,7,2,5,0,Pamlico,2022-08-14
0,5,2,3,0,Pamlico,2022-08-16
0,3,2,1,0,Pamlico,2022-09-06
0,2,2,0,0,Pamlico,2022-10-25
0,3,3,0,0,Pamlico,2022-05-04
0,5,3,2,0,Pamlico,2022-06-06
0,4,3,1,0,Pamlico,2022-07-13
0,5,3,2,0,Pamlico,2022-07-19
0,4,3,1,0,Pamlico,2022-07-24
0,7,3,4,0,Pamlico,2022-07-29
0,5,3,2,0,Pamlico,2022-09-08
0,3,3,0,0,Pamlico,2022-10-05
0,6,4,2,0,Pamlico,2022-05-20
0,6,6,0,0,Pamlico,2022-07-22
0,8,7,1,0,Pamlico,2022-07-23
0,11,8,3,0,Pamlico,2022-07-25
0,2,0,2,0,Pasquotank,2022-05-08
0,3,0,3,0,Pasquotank,2022-05-15
0,6,0,6,0,Pasquotank,2022-06-05
0,2,0,2,0,Pasquotank,2022-07-02
0,1,0,1,0,Pasquotank,2022-07-03
0,5,0,5,0,Pasquotank,2022-08-12
0,3,0,3,0,Pasquotank,2022-09-03
0,1,0,1,0,Pasquotank,2022-09-30
0,3,0,3,0,Pasquotank,2022-10-14
0,5,1,4,0,Pasquotank,2022-05-05
0,5,1,4,0,Pasquotank,2022-05-14
0,4,1,3,0,Pasquotank,2022-05-27
0,4,1,3,0,Pasquotank,2022-05-28
0,2,1,1,0,Pasquotank,2022-05-29
0,6,1,5,0,Pasquotank,2022-06-25
0,2,1,1,0,Pasquotank,2022-08-14
0,5,1,4,0,Pasquotank,2022-08-25
0,4,1,3,0,Pasquotank,2022-09-11
0,3,1,2,0,Pasquotank,2022-09-22
0,4,1,3,0,Pasquotank,2022-09-27
0,1,1,0,0,Pasquotank,2022-10-02
0,2,1,1,0,Pasquotank,2022-10-06
0,2,1,1,0,Pasquotank,2022-10-18
0,3,1,2,0,Pasquotank,2022-10-28
0,8,2,6,0,Pasquotank,2022-05-06
0,4,2,2,0,Pasquotank,2022-05-07
0,5,2,3,0,Pasquotank,2022-05-21
0,6,2,4,0,Pasquotank,2022-07-15
0,7,2,5,0,Pasquotank,2022-08-05
0,5,2,3,0,Pasquotank,2022-08-21
0,4,2,2,0,Pasquotank,2022-08-28
0,4,2,2,0,Pasquotank,2022-09-24
0,6,2,4,0,Pasquotank,2022-09-26
0,4,2,2,0,Pasquotank,2022-09-28
0,6,2,4,0,Pasquotank,2022-09-29
0,3,2,1,0,Pasquotank,2022-10-05
0,2,2,0,0,Pasquotank,2022-10-07
0,3,2,1,0,Pasquotank,2022-10-10
0,2,2,0,0,Pasquotank,2022-10-16
0,8,3,5,0,Pasquotank,2022-05-10
0,3,3,0,0,Pasquotank,2022-05-22
0,6,3,3,0,Pasquotank,2022-06-28
0,10,3,7,0,Pasquotank,2022-07-07
0,8,3,5,0,Pasquotank,2022-07-16
0,4,3,1,0,Pasquotank,2022-07-31
0,4,3,1,0,Pasquotank,2022-08-29
0,10,3,7,0,Pasquotank,2022-09-05
0,6,3,3,0,Pasquotank,2022-09-14
0,5,3,2,0,Pasquotank,2022-09-17
0,4,3,1,0,Pasquotank,2022-09-20
0,4,3,1,0,Pasquotank,2022-09-25
0,6,3,3,0,Pasquotank,2022-10-03
0,5,3,2,0,Pasquotank,2022-10-15
0,4,3,1,0,Pasquotank,2022-10-21
0,5,3,2,0,Pasquotank,2022-10-23
0,8,4,4,0,Pasquotank,2022-06-10
0,8,4,4,0,Pasquotank,2022-06-11
0,8,4,4,0,Pasquotank,2022-08-22
0,9,4,5,0,Pasquotank,2022-09-16
0,4,4,0,0,Pasquotank,2022-10-25
0,10,5,5,0,Pasquotank,2022-05-18
0,8,5,3,0,Pasquotank,2022-05-24
0,13,5,8,0,Pasquotank,2022-08-10
0,6,5,1,0,Pasquotank,2022-08-31
0,6,5,1,0,Pasquotank,2022-09-09
0,8,5,3,0,Pasquotank,2022-10-26
0,8,6,2,0,Pasquotank,2022-05-23
0,13,6,7,0,Pasquotank,2022-05-26
0,10,6,4,0,Pasquotank,2022-06-08
0,10,6,4,0,Pasquotank,2022-08-04
0,7,6,1,0,Pasquotank,2022-09-13
0,17,7,10,0,Pasquotank,2022-06-02
0,12,7,5,0,Pasquotank,2022-08-03
0,9,7,2,0,Pasquotank,2022-09-12
0,9,7,2,0,Pasquotank,2022-10-24
0,6,0,6,0,Pender,2022-05-08
0,7,0,7,0,Pender,2022-05-15
0,9,0,9,0,Pender,2022-06-09
0,2,0,2,0,Pender,2022-06-26
0,15,0,15,0,Pender,2022-08-18
0,3,0,3,0,Pender,2022-09-10
0,3,0,3,0,Pender,2022-09-11
0,8,0,8,0,Pender,2022-09-18
0,11,0,11,0,Pender,2022-09-21
0,6,0,6,0,Pender,2022-10-01
0,4,0,4,0,Pender,2022-10-05
0,3,0,3,0,Pender,2022-10-09
0,1,0,1,0,Pender,2022-10-11
0,1,0,1,0,Pender,2022-10-14
0,2,0,2,0,Pender,2022-10-15
0,1,0,1,0,Pender,2022-10-23
0,3,0,3,0,Pender,2022-10-25
0,2,0,2,0,Pender,2022-10-28
0,5,1,4,0,Pender,2022-05-06
0,6,1,5,0,Pender,2022-05-30
0,13,1,12,0,Pender,2022-06-03
0,18,1,17,0,Pender,2022-06-07
0,8,1,7,0,Pender,2022-06-18
0,19,1,18,0,Pender,2022-07-29
0,7,1,6,0,Pender,2022-08-26
0,8,1,7,0,Pender,2022-08-27
0,7,1,6,0,Pender,2022-09-03
0,2,1,1,0,Pender,2022-09-25
0,7,1,6,0,Pender,2022-09-28
0,6,1,5,0,Pender,2022-10-03
0,6,1,5,0,Pender,2022-10-06
0,4,1,3,0,Pender,2022-10-08
0,5,1,4,0,Pender,2022-10-16
0,13,2,11,0,Pender,2022-06-02
0,8,2,6,0,Pender,2022-08-21
0,6,2,4,0,Pender,2022-09-23
0,4,2,2,0,Pender,2022-10-19
0,12,3,9,0,Pender,2022-05-11
0,26,3,23,0,Pender,2022-05-16
0,5,3,2,0,Pender,2022-10-07
0,12,4,8,0,Pender,2022-06-15
0,10,5,5,0,Pender,2022-08-14
0,1,0,1,0,Perquimans,2022-05-03
0,5,0,5,0,Perquimans,2022-05-04
0,3,0,3,0,Perquimans,2022-05-09
0,2,0,2,0,Perquimans,2022-05-15
0,2,0,2,0,Perquimans,2022-05-18
0,4,0,4,0,Perquimans,2022-05-25
0,2,0,2,0,Perquimans,2022-05-29
0,2,0,2,0,Perquimans,2022-06-03
0,2,0,2,0,Perquimans,2022-06-04
0,2,0,2,0,Perquimans,2022-06-08
0,3,0,3,0,Perquimans,2022-06-11
0,3,0,3,0,Perquimans,2022-06-16
0,2,0,2,0,Perquimans,2022-06-22
0,2,0,2,0,Perquimans,2022-06-27
0,2,0,2,0,Perquimans,2022-07-02
0,1,0,1,0,Perquimans,2022-07-03
0,1,0,1,0,Perquimans,2022-07-04
0,1,0,1,0,Perquimans,2022-07-05
0,3,0,3,0,Perquimans,2022-07-06
0,1,0,1,0,Perquimans,2022-07-10
0,3,0,3,0,Perquimans,2022-07-13
0,2,0,2,0,Perquimans,2022-07-17
0,4,0,4,0,Perquimans,2022-07-22
0,3,0,3,0,Perquimans,2022-08-05
0,3,0,3,0,Perquimans,2022-08-12
0,1,0,1,0,Perquimans,2022-08-16
0,3,0,3,0,Perquimans,2022-08-29
0,1,0,1,0,Perquimans,2022-09-01
0,1,0,1,0,Perquimans,2022-09-16
0,1,0,1,0,Perquimans,2022-09-20
0,2,0,2,0,Perquimans,2022-09-21
0,1,0,1,0,Perquimans,2022-09-22
0,1,0,1,0,Perquimans,2022-09-26
0,2,0,2,0,Perquimans,2022-09-29
0,1,0,1,0,Perquimans,2022-09-30
0,2,0,2,0,Perquimans,2022-10-04
0,2,0,2,0,Perquimans,2022-10-09
0,1,0,1,0,Perquimans,2022-10-10
0,2,0,2,0,Perquimans,2022-10-17
0,2,0,2,0,Perquimans,2022-10-19
0,3,1,2,0,Perquimans,2022-05-06
0,2,1,1,0,Perquimans,2022-05-11
0,2,1,1,0,Perquimans,2022-05-16
0,4,1,3,0,Perquimans,2022-05-20
0,2,1,1,0,Perquimans,2022-05-30
0,3,1,2,0,Perquimans,2022-06-02
0,4,1,3,0,Perquimans,2022-06-07
0,2,1,1,0,Perquimans,2022-06-10
0,1,1,0,0,Perquimans,2022-06-12
0,4,1,3,0,Perquimans,2022-06-21
0,3,1,2,0,Perquimans,2022-06-25
0,3,1,2,0,Perquimans,2022-06-29
0,2,1,1,0,Perquimans,2022-07-01
0,2,1,1,0,Perquimans,2022-07-09
0,2,1,1,0,Perquimans,2022-07-16
0,3,1,2,0,Perquimans,2022-07-30
0,5,1,4,0,Perquimans,2022-08-02
0,1,1,0,0,Perquimans,2022-09-10
0,3,1,2,0,Perquimans,2022-09-14
0,1,1,0,0,Perquimans,2022-09-18
0,3,1,2,0,Perquimans,2022-09-25
0,2,1,1,0,Perquimans,2022-09-27
0,1,1,0,0,Perquimans,2022-10-15
0,3,1,2,0,Perquimans,2022-10-21
0,2,1,1,0,Perquimans,2022-10-29
0,4,2,2,0,Perquimans,2022-05-17
0,5,2,3,0,Perquimans,2022-05-19
0,2,2,0,0,Perquimans,2022-05-21
0,4,2,2,0,Perquimans,2022-05-23
0,6,2,4,0,Perquimans,2022-05-24
0,3,2,1,0,Perquimans,2022-05-28
0,9,2,7,0,Perquimans,2022-06-14
0,5,2,3,0,Perquimans,2022-06-17
0,5,2,3,0,Perquimans,2022-07-14
0,9,2,7,0,Perquimans,2022-08-04
0,5,2,3,0,Perquimans,2022-08-06
0,5,2,3,0,Perquimans,2022-08-10
0,4,2,2,0,Perquimans,2022-08-22
0,3,2,1,0,Perquimans,2022-09-02
0,3,2,1,0,Perquimans,2022-09-05
0,2,2,0,0,Perquimans,2022-10-11
0,3,2,1,0,Perquimans,2022-10-27
0,4,3,1,0,Perquimans,2022-06-24
0,4,3,1,0,Perquimans,2022-09-24
0,6,5,1,0,Perquimans,2022-05-05
0,10,6,4,0,Perquimans,2022-08-17
0,10,8,2,0,Perquimans,2022-07-15
0,3,0,3,0,Person,2022-06-18
0,4,0,4,0,Person,2022-08-21
0,3,0,3,0,Person,2022-09-04
0,1,0,1,0,Person,2022-10-01
0,4,0,4,0,Person,2022-10-04
0,3,0,3,0,Person,2022-10-09
0,4,0,4,0,Person,2022-10-11
0,1,0,1,0,Person,2022-10-15
0,3,0,3,0,Person,2022-10-20
0,1,0,1,0,Person,2022-10-23
0,2,0,2,0,Person,2022-10-24
0,1,0,1,0,Person,2022-10-27
0,3,1,2,0,Person,2022-05-07
0,9,1,8,0,Person,2022-05-10
0,7,1,6,0,Person,2022-05-22
0,11,1,10,0,Person,2022-06-30
0,7,1,6,0,Person,2022-07-31
0,5,1,4,0,Person,2022-09-09
0,2,1,1,0,Person,2022-09-17
0,1,1,0,0,Person,2022-10-02
0,4,1,3,0,Person,2022-10-03
0,1,1,0,0,Person,2022-10-08
0,2,1,1,0,Person,2022-10-12
0,2,1,1,0,Person,2022-10-26
0,6,2,4,0,Person,2022-05-03
0,10,2,8,0,Person,2022-05-06
0,4,2,2,0,Person,2022-06-11
0,8,2,6,0,Person,2022-06-26
0,3,2,1,0,Person,2022-07-04
0,10,2,8,0,Person,2022-08-05
0,13,2,11,0,Person,2022-08-18
0,3,2,1,0,Person,2022-09-03
0,8,2,6,0,Person,2022-09-07
0,10,2,8,0,Person,2022-09-27
0,5,2,3,0,Person,2022-10-25
0,13,3,10,0,Person,2022-05-09
0,18,3,15,0,Person,2022-05-14
0,14,3,11,0,Person,2022-05-28
0,7,3,4,0,Person,2022-07-16
0,3,3,0,0,Person,2022-09-05
0,8,3,5,0,Person,2022-09-22
0,5,3,2,0,Person,2022-10-07
0,20,4,16,0,Person,2022-05-13
0,16,4,12,0,Person,2022-05-26
0,11,4,7,0,Person,2022-06-13
0,8,5,3,0,Person,2022-05-15
0,12,5,7,0,Person,2022-05-25
0,10,5,5,0,Person,2022-06-19
0,11,6,5,0,Person,2022-06-22
0,13,8,5,0,Person,2022-09-19
0,11,1,10,0,Pitt,2022-10-09
0,15,3,12,0,Pitt,2022-05-07
0,1,0,1,0,Polk,2022-05-07
0,2,0,2,0,Polk,2022-05-10
0,2,0,2,0,Polk,2022-05-13
0,1,0,1,0,Polk,2022-06-12
0,3,0,3,0,Polk,2022-06-14
0,3,0,3,0,Polk,2022-08-25
0,3,0,3,0,Polk,2022-09-09
0,2,0,2,0,Polk,2022-09-16
0,1,0,1,0,Polk,2022-09-30
0,1,0,1,0,Polk,2022-10-09
0,2,0,2,0,Polk,2022-10-14
0,1,1,0,0,Polk,2022-05-08
0,2,1,1,0,Polk,2022-05-09
0,1,1,0,0,Polk,2022-05-11
0,3,1,2,0,Polk,2022-05-12
0,2,1,1,0,Polk,2022-05-14
0,2,1,1,0,Polk,2022-05-18
0,3,1,2,0,Polk,2022-05-19
0,2,1,1,0,Polk,2022-05-20
0,2,1,1,0,Polk,2022-05-21
0,2,1,1,0,Polk,2022-05-22
0,1,1,0,0,Polk,2022-05-23
0,2,1,1,0,Polk,2022-05-30
0,2,1,1,0,Polk,2022-06-04
0,1,1,0,0,Polk,2022-06-05
0,5,1,4,0,Polk,2022-06-10
0,1,1,0,0,Polk,2022-06-11
0,4,1,3,0,Polk,2022-06-13
0,2,1,1,0,Polk,2022-06-17
0,4,1,3,0,Polk,2022-06-26
0,3,1,2,0,Polk,2022-08-04
0,3,1,2,0,Polk,2022-08-13
0,1,1,0,0,Polk,2022-08-20
0,3,1,2,0,Polk,2022-08-26
0,1,1,0,0,Polk,2022-09-05
0,2,1,1,0,Polk,2022-09-12
0,3,1,2,0,Polk,2022-09-24
0,2,1,1,0,Polk,2022-09-25
0,2,1,1,0,Polk,2022-09-28
0,1,1,0,0,Polk,2022-10-01
0,1,1,0,0,Polk,2022-10-03
0,1,1,0,0,Polk,2022-10-07
0,1,1,0,0,Polk,2022-10-08
0,2,1,1,0,Polk,2022-10-10
0,2,1,1,0,Polk,2022-10-15
0,2,1,1,0,Polk,2022-10-22
0,1,1,0,0,Polk,2022-10-29
0,2,2,0,0,Polk,2022-05-05
0,5,2,3,0,Polk,2022-05-25
0,4,2,2,0,Polk,2022-05-31
0,4,2,2,0,Polk,2022-06-01
0,2,2,0,0,Polk,2022-06-03
0,2,2,0,0,Polk,2022-06-15
0,3,2,1,0,Polk,2022-06-19
0,4,2,2,0,Polk,2022-07-07
0,3,2,1,0,Polk,2022-07-22
0,3,2,1,0,Polk,2022-07-27
0,4,2,2,0,Polk,2022-07-29
0,4,2,2,0,Polk,2022-07-31
0,4,2,2,0,Polk,2022-08-09
0,2,2,0,0,Polk,2022-08-31
0,3,2,1,0,Polk,2022-09-02
0,2,2,0,0,Polk,2022-09-03
0,3,2,1,0,Polk,2022-09-17
0,3,2,1,0,Polk,2022-09-19
0,3,2,1,0,Polk,2022-09-23
0,2,2,0,0,Polk,2022-10-02
0,2,2,0,0,Polk,2022-10-05
0,2,2,0,0,Polk,2022-10-06
0,2,2,0,0,Polk,2022-10-17
0,2,2,0,0,Polk,2022-10-21
0,2,2,0,0,Polk,2022-10-28
0,5,3,2,0,Polk,2022-06-06
0,4,3,1,0,Polk,2022-06-18
0,5,3,2,0,Polk,2022-06-22
0,6,3,3,0,Polk,2022-08-05
0,9,3,6,0,Polk,2022-08-10
0,3,3,0,0,Polk,2022-08-14
0,4,3,1,0,Polk,2022-08-22
0,4,3,1,0,Polk,2022-09-22
0,4,3,1,0,Polk,2022-09-27
0,4,3,1,0,Polk,2022-10-18
0,4,4,0,0,Polk,2022-05-17
0,8,4,4,0,Polk,2022-06-21
0,5,4,1,0,Polk,2022-07-06
0,6,4,2,0,Polk,2022-07-17
0,7,4,3,0,Polk,2022-08-12
0,6,4,2,0,Polk,2022-10-26
0,5,5,0,0,Polk,2022-07-03
0,10,5,5,0,Polk,2022-07-21
0,5,5,0,0,Polk,2022-08-17
0,7,6,1,0,Polk,2022-07-04
0,6,6,0,0,Polk,2022-09-13
0,9,3,6,0,Randolph,2022-10-08
0,8,4,4,0,Randolph,2022-10-09
0,14,5,9,0,Randolph,2022-05-06
0,14,5,9,0,Randolph,2022-05-14
0,13,6,7,0,Randolph,2022-10-18
0,15,6,9,0,Randolph,2022-10-28
0,21,8,13,0,Randolph,2022-08-06
0,20,10,10,0,Randolph,2022-09-10
0,23,12,11,0,Randolph,2022-06-11
0,2,0,2,0,Richmond,2022-05-07
0,2,0,2,0,Richmond,2022-05-08
0,5,0,5,0,Richmond,2022-09-09
0,8,0,8,0,Richmond,2022-09-17
0,3,0,3,0,Richmond,2022-10-01
0,5,0,5,0,Richmond,2022-10-09
0,1,0,1,0,Richmond,2022-10-12
0,1,0,1,0,Richmond,2022-10-15
0,1,0,1,0,Richmond,2022-10-16
0,2,0,2,0,Richmond,2022-10-20
0,3,0,3,0,Richmond,2022-10-28
0,5,1,4,0,Richmond,2022-05-03
0,7,1,6,0,Richmond,2022-05-21
0,7,1,6,0,Richmond,2022-05-30
0,10,1,9,0,Richmond,2022-06-26
0,7,1,6,0,Richmond,2022-09-27
0,3,1,2,0,Richmond,2022-09-29
0,7,1,6,0,Richmond,2022-10-07
0,3,1,2,0,Richmond,2022-10-18
0,2,1,1,0,Richmond,2022-10-21
0,3,1,2,0,Richmond,2022-10-25
0,2,1,1,0,Richmond,2022-10-26
0,5,1,4,0,Richmond,2022-10-27
0,5,1,4,0,Richmond,2022-10-29
0,6,2,4,0,Richmond,2022-05-14
0,4,2,2,0,Richmond,2022-05-28
0,8,2,6,0,Richmond,2022-07-03
0,8,2,6,0,Richmond,2022-08-07
0,5,3,2,0,Richmond,2022-05-04
0,9,3,6,0,Richmond,2022-10-10
0,11,5,6,0,Richmond,2022-05-20
0,6,5,1,0,Richmond,2022-10-06
0,12,6,6,0,Richmond,2022-05-06
0,15,7,8,0,Richmond,2022-08-25
0,3,2,1,0,Robeson,2022-10-16
0,2,2,0,0,Robeson,2022-10-22
0,3,0,3,0,Rockingham,2022-10-23
0,7,1,6,0,Rockingham,2022-08-07
0,15,1,14,0,Rockingham,2022-10-15
0,7,1,6,0,Rockingham,2022-10-26
0,5,1,4,0,Rockingham,2022-10-28
0,7,2,5,0,Rockingham,2022-10-22
0,11,3,8,0,Rockingham,2022-10-02
0,12,4,8,0,Rockingham,2022-05-28
0,20,4,16,0,Rockingham,2022-08-28
0,11,5,6,0,Rockingham,2022-05-15
0,24,5,19,0,Rockingham,2022-06-15
0,21,5,16,0,Rockingham,2022-09-27
0,15,6,9,0,Rockingham,2022-10-24
0,23,8,15,0,Rockingham,2022-05-24
0,7,0,7,0,Rowan,2022-10-23
0,5,1,4,0,Rowan,2022-10-15
0,9,3,6,0,Rowan,2022-10-06
0,3,0,3,0,Rutherford,2022-05-03
0,1,0,1,0,Rutherford,2022-10-08
0,3,0,3,0,Rutherford,2022-10-21
0,5,1,4,0,Rutherford,2022-05-05
0,6,1,5,0,Rutherford,2022-05-14
0,5,1,4,0,Rutherford,2022-09-11
0,6,1,5,0,Rutherford,2022-09-27
0,4,1,3,0,Rutherford,2022-10-01
0,2,1,1,0,Rutherford,2022-10-27
0,4,2,2,0,Rutherford,2022-05-15
0,7,2,5,0,Rutherford,2022-10-24
0,11,3,8,0,Rutherford,2022-09-10
0,14,4,10,0,Rutherford,2022-06-25
0,10,4,6,0,Rutherford,2022-10-04
0,1,0,1,0,Sampson,2022-05-06
0,2,0,2,0,Sampson,2022-10-12
0,1,0,1,0,Sampson,2022-10-23
0,4,1,3,0,Sampson,2022-05-10
0,3,1,2,0,Sampson,2022-05-11
0,5,1,4,0,Sampson,2022-06-19
0,1,1,0,0,Sampson,2022-10-16
0,2,2,0,0,Sampson,2022-05-15
0,7,2,5,0,Sampson,2022-09-17
0,4,2,2,0,Sampson,2022-09-30
0,2,2,0,0,Sampson,2022-10-08
0,4,2,2,0,Sampson,2022-10-09
0,4,3,1,0,Sampson,2022-05-08
0,5,3,2,0,Sampson,2022-06-11
0,9,3,6,0,Sampson,2022-10-07
0,4,3,1,0,Sampson,2022-10-21
0,6,4,2,0,Sampson,2022-05-22
0,4,4,0,0,Sampson,2022-06-25
0,8,4,4,0,Sampson,2022-08-28
0,7,4,3,0,Sampson,2022-09-04
0,8,4,4,0,Sampson,2022-09-24
0,8,5,3,0,Sampson,2022-05-04
0,9,5,4,0,Sampson,2022-05-13
0,9,5,4,0,Sampson,2022-10-11
0,6,5,1,0,Sampson,2022-10-17
0,8,5,3,0,Sampson,2022-10-25
0,9,6,3,0,Sampson,2022-06-05
0,8,6,2,0,Sampson,2022-09-25
0,13,7,6,0,Sampson,2022-05-19
0,11,7,4,0,Sampson,2022-05-29
0,11,7,4,0,Sampson,2022-06-26
0,10,8,2,0,Sampson,2022-05-26
0,11,8,3,0,Sampson,2022-06-18
0,11,8,3,0,Sampson,2022-07-04
0,25,13,12,0,Sampson,2022-06-06
0,23,13,10,0,Sampson,2022-06-22
0,20,13,7,0,Sampson,2022-07-24
0,24,14,10,0,Sampson,2022-09-15
0,30,18,12,0,Sampson,2022-06-20
0,1,0,1,0,Scotland,2022-07-03
0,2,0,2,0,Scotland,2022-09-30
0,2,0,2,0,Scotland,2022-10-06
0,1,0,1,0,Scotland,2022-10-09
0,3,0,3,0,Scotland,2022-10-18
0,5,1,4,0,Scotland,2022-05-05
0,4,1,3,0,Scotland,2022-05-10
0,3,1,2,0,Scotland,2022-09-22
0,2,1,1,0,Scotland,2022-10-08
0,1,1,0,0,Scotland,2022-10-10
0,1,1,0,0,Scotland,2022-10-11
0,4,1,3,0,Scotland,2022-10-17
0,3,1,2,0,Scotland,2022-10-20
0,1,1,0,0,Scotland,2022-10-23
0,8,2,6,0,Scotland,2022-05-09
0,5,2,3,0,Scotland,2022-05-18
0,5,2,3,0,Scotland,2022-09-27
0,2,2,0,0,Scotland,2022-10-02
0,3,2,1,0,Scotland,2022-10-15
0,4,2,2,0,Scotland,2022-10-16
0,3,2,1,0,Scotland,2022-10-29
0,8,3,5,0,Scotland,2022-05-04
0,6,3,3,0,Scotland,2022-05-21
0,6,3,3,0,Scotland,2022-09-17
0,5,3,2,0,Scotland,2022-10-27
0,10,4,6,0,Scotland,2022-05-06
0,15,4,11,0,Scotland,2022-05-13
0,4,4,0,0,Scotland,2022-05-15
0,4,4,0,0,Scotland,2022-10-25
0,9,5,4,0,Scotland,2022-05-08
0,6,5,1,0,Scotland,2022-09-10
0,14,6,8,0,Scotland,2022-05-03
0,8,6,2,0,Scotland,2022-08-25
0,9,7,2,0,Scotland,2022-05-29
0,9,7,2,0,Scotland,2022-05-30
0,11,7,4,0,Scotland,2022-08-26
0,8,7,1,0,Scotland,2022-08-28
0,13,9,4,0,Scotland,2022-07-15
0,6,0,6,0,Stanly,2022-05-03
0,8,0,8,0,Stanly,2022-05-04
0,2,0,2,0,Stanly,2022-05-06
0,11,0,11,0,Stanly,2022-10-12
0,2,0,2,0,Stanly,2022-10-15
0,5,0,5,0,Stanly,2022-10-18
0,7,0,7,0,Stanly,2022-10-19
0,5,1,4,0,Stanly,2022-05-05
0,8,1,7,0,Stanly,2022-06-10
0,11,1,10,0,Stanly,2022-06-12
0,14,2,12,0,Stanly,2022-06-11
0,16,2,14,0,Stanly,2022-07-23
0,9,2,7,0,Stanly,2022-10-22
0,7,4,3,0,Stanly,2022-10-25
0,4,0,4,0,Stokes,2022-05-03
0,8,0,8,0,Stokes,2022-05-04
0,2,0,2,0,Stokes,2022-10-01
0,2,0,2,0,Stokes,2022-10-09
0,4,0,4,0,Stokes,2022-10-21
0,3,1,2,0,Stokes,2022-05-30
0,9,1,8,0,Stokes,2022-06-10
0,7,1,6,0,Stokes,2022-09-04
0,4,2,2,0,Stokes,2022-05-08
0,8,2,6,0,Stokes,2022-05-15
0,7,2,5,0,Stokes,2022-06-07
0,8,2,6,0,Stokes,2022-07-04
0,5,2,3,0,Stokes,2022-10-22
0,4,2,2,0,Stokes,2022-10-23
0,11,3,8,0,Stokes,2022-05-12
0,11,3,8,0,Stokes,2022-05-25
0,6,3,3,0,Stokes,2022-05-29
0,6,3,3,0,Stokes,2022-06-05
0,8,3,5,0,Stokes,2022-06-26
0,13,4,9,0,Stokes,2022-06-08
0,12,5,7,0,Stokes,2022-09-28
0,7,0,7,0,Surry,2022-10-22
0,3,0,3,0,Surry,2022-10-29
0,5,1,4,0,Surry,2022-09-18
0,3,1,2,0,Surry,2022-10-16
0,9,2,7,0,Surry,2022-10-18
0,7,3,4,0,Surry,2022-05-08
0,19,3,16,0,Surry,2022-09-04
0,16,4,12,0,Surry,2022-05-03
0,18,5,13,0,Surry,2022-05-30
0,11,5,6,0,Surry,2022-06-19
0,33,10,23,0,Surry,2022-06-16
0,16,10,6,0,Surry,2022-07-03
0,2,0,2,0,Swain,2022-05-03
0,3,0,3,0,Swain,2022-05-14
0,2,0,2,0,Swain,2022-05-15
0,1,0,1,0,Swain,2022-05-21
0,4,0,4,0,Swain,2022-05-22
0,4,0,4,0,Swain,2022-05-25
0,2,0,2,0,Swain,2022-05-26
0,3,0,3,0,Swain,2022-06-05
0,8,0,8,0,Swain,2022-06-07
0,3,0,3,0,Swain,2022-06-08
0,1,0,1,0,Swain,2022-06-12
0,1,0,1,0,Swain,2022-06-24
0,7,0,7,0,Swain,2022-07-05
0,1,0,1,0,Swain,2022-08-28
0,3,0,3,0,Swain,2022-09-01
0,1,0,1,0,Swain,2022-09-04
0,1,0,1,0,Swain,2022-09-08
0,3,0,3,0,Swain,2022-09-14
0,1,0,1,0,Swain,2022-09-21
0,2,0,2,0,Swain,2022-09-30
0,2,0,2,0,Swain,2022-10-06
0,1,0,1,0,Swain,2022-10-16
0,1,0,1,0,Swain,2022-10-18
0,3,0,3,0,Swain,2022-10-21
0,2,0,2,0,Swain,2022-10-23
0,2,1,1,0,Swain,2022-05-05
0,3,1,2,0,Swain,2022-05-08
0,3,1,2,0,Swain,2022-05-09
0,2,1,1,0,Swain,2022-05-12
0,1,1,0,0,Swain,2022-05-13
0,1,1,0,0,Swain,2022-05-17
0,1,1,0,0,Swain,2022-05-30
0,1,1,0,0,Swain,2022-06-01
0,2,1,1,0,Swain,2022-06-10
0,2,1,1,0,Swain,2022-06-11
0,3,1,2,0,Swain,2022-07-01
0,1,1,0,0,Swain,2022-07-04
0,4,1,3,0,Swain,2022-07-16
0,10,1,9,0,Swain,2022-07-18
0,3,1,2,0,Swain,2022-07-30
0,3,1,2,0,Swain,2022-08-06
0,2,1,1,0,Swain,2022-08-16
0,3,1,2,0,Swain,2022-08-19
0,2,1,1,0,Swain,2022-08-20
0,2,1,1,0,Swain,2022-08-21
0,4,1,3,0,Swain,2022-08-25
0,6,1,5,0,Swain,2022-08-26
0,2,1,1,0,Swain,2022-09-19
0,1,1,0,0,Swain,2022-09-23
0,3,1,2,0,Swain,2022-09-29
0,1,1,0,0,Swain,2022-10-02
0,1,1,0,0,Swain,2022-10-12
0,1,1,0,0,Swain,2022-10-17
0,1,1,0,0,Swain,2022-10-19
0,4,1,3,0,Swain,2022-10-20
0,1,1,0,0,Swain,2022-10-22
0,2,1,1,0,Swain,2022-10-25
0,3,2,1,0,Swain,2022-05-04
0,2,2,0,0,Swain,2022-05-06
0,5,2,3,0,Swain,2022-05-11
0,4,2,2,0,Swain,2022-05-18
0,10,2,8,0,Swain,2022-05-19
0,4,2,2,0,Swain,2022-05-23
0,7,2,5,0,Swain,2022-06-02
0,7,2,5,0,Swain,2022-06-20
0,4,2,2,0,Swain,2022-06-26
0,6,2,4,0,Swain,2022-07-07
0,6,2,4,0,Swain,2022-07-23
0,5,2,3,0,Swain,2022-09-03
0,5,2,3,0,Swain,2022-09-07
0,2,2,0,0,Swain,2022-09-09
0,4,2,2,0,Swain,2022-10-05
0,3,2,1,0,Swain,2022-10-11
0,2,2,0,0,Swain,2022-10-14
0,4,2,2,0,Swain,2022-10-24
0,5,2,3,0,Swain,2022-10-26
0,3,2,1,0,Swain,2022-10-27
0,5,3,2,0,Swain,2022-05-10
0,7,3,4,0,Swain,2022-06-25
0,5,3,2,0,Swain,2022-06-28
0,4,3,1,0,Swain,2022-08-11
0,4,3,1,0,Swain,2022-08-27
0,4,3,1,0,Swain,2022-09-10
0,3,3,0,0,Swain,2022-09-17
0,3,3,0,0,Swain,2022-10-07
0,3,3,0,0,Swain,2022-10-28
0,8,4,4,0,Swain,2022-06-13
0,8,4,4,0,Swain,2022-06-14
0,4,4,0,0,Swain,2022-06-19
0,8,4,4,0,Swain,2022-06-22
0,7,4,3,0,Swain,2022-07-02
0,8,4,4,0,Swain,2022-07-21
0,4,4,0,0,Swain,2022-09-22
0,6,4,2,0,Swain,2022-09-26
0,10,5,5,0,Swain,2022-08-04
0,8,5,3,0,Swain,2022-09-13
0,8,6,2,0,Swain,2022-08-15
0,14,7,7,0,Swain,2022-08-08
0,12,8,4,0,Swain,2022-08-22
0,17,11,6,0,Swain,2022-08-05
0,3,0,3,0,Transylvania,2022-05-08
0,1,0,1,0,Transylvania,2022-06-05
0,2,0,2,0,Transylvania,2022-06-11
0,9,0,9,0,Transylvania,2022-07-24
0,6,0,6,0,Transylvania,2022-09-15
0,2,0,2,0,Transylvania,2022-09-29
0,3,0,3,0,Transylvania,2022-10-13
0,3,0,3,0,Transylvania,2022-10-14
0,6,0,6,0,Transylvania,2022-10-18
0,2,0,2,0,Transylvania,2022-10-29
0,1,1,0,0,Transylvania,2022-05-04
0,4,1,3,0,Transylvania,2022-05-05
0,2,1,1,0,Transylvania,2022-05-09
0,10,1,9,0,Transylvania,2022-05-23
0,4,1,3,0,Transylvania,2022-06-26
0,10,1,9,0,Transylvania,2022-07-28
0,7,1,6,0,Transylvania,2022-08-06
0,7,1,6,0,Transylvania,2022-08-07
0,7,1,6,0,Transylvania,2022-08-10
0,4,1,3,0,Transylvania,2022-08-14
0,9,1,8,0,Transylvania,2022-08-16
0,4,1,3,0,Transylvania,2022-08-21
0,2,1,1,0,Transylvania,2022-10-07
0,3,1,2,0,Transylvania,2022-10-09
0,4,1,3,0,Transylvania,2022-10-17
0,3,1,2,0,Transylvania,2022-10-22
0,4,1,3,0,Transylvania,2022-10-23
0,5,1,4,0,Transylvania,2022-10-25
0,3,1,2,0,Transylvania,2022-10-26
0,5,1,4,0,Transylvania,2022-10-27
0,3,2,1,0,Transylvania,2022-05-03
0,5,2,3,0,Transylvania,2022-05-14
0,3,2,1,0,Transylvania,2022-05-15
0,2,2,0,0,Transylvania,2022-05-18
0,6,2,4,0,Transylvania,2022-05-20
0,6,2,4,0,Transylvania,2022-05-27
0,3,2,1,0,Transylvania,2022-06-04
0,7,2,5,0,Transylvania,2022-06-10
0,3,2,1,0,Transylvania,2022-06-18
0,4,2,2,0,Transylvania,2022-06-19
0,8,2,6,0,Transylvania,2022-07-01
0,4,2,2,0,Transylvania,2022-07-03
0,6,2,4,0,Transylvania,2022-08-20
0,6,2,4,0,Transylvania,2022-08-27
0,5,2,3,0,Transylvania,2022-09-18
0,3,2,1,0,Transylvania,2022-09-26
0,6,2,4,0,Transylvania,2022-10-01
0,4,2,2,0,Transylvania,2022-10-03
0,5,2,3,0,Transylvania,2022-10-11
0,6,2,4,0,Transylvania,2022-10-12
0,4,2,2,0,Transylvania,2022-10-19
0,5,2,3,0,Transylvania,2022-10-28
0,3,3,0,0,Transylvania,2022-05-07
0,7,3,4,0,Transylvania,2022-05-10
0,6,3,3,0,Transylvania,2022-05-13
0,6,3,3,0,Transylvania,2022-05-21
0,6,3,3,0,Transylvania,2022-05-22
0,7,3,4,0,Transylvania,2022-06-01
0,4,3,1,0,Transylvania,2022-07-02
0,6,3,3,0,Transylvania,2022-07-16
0,5,3,2,0,Transylvania,2022-09-03
0,7,4,3,0,Transylvania,2022-06-12
0,10,4,6,0,Transylvania,2022-07-22
0,11,4,7,0,Transylvania,2022-09-01
0,12,4,8,0,Transylvania,2022-09-20
0,9,5,4,0,Transylvania,2022-05-16
0,11,5,6,0,Transylvania,2022-08-08
0,8,5,3,0,Transylvania,2022-09-10
0,9,6,3,0,Transylvania,2022-05-12
0,8,6,2,0,Transylvania,2022-05-17
0,7,6,1,0,Transylvania,2022-07-04
0,11,6,5,0,Transylvania,2022-08-02
0,16,7,9,0,Transylvania,2022-07-18
0,13,8,5,0,Transylvania,2022-06-16
0,10,8,2,0,Transylvania,2022-07-10
0,12,9,3,0,Transylvania,2022-07-08
0,1,0,1,0,Tyrrell,2022-05-10
0,1,0,1,0,Tyrrell,2022-05-14
0,2,0,2,0,Tyrrell,2022-05-20
0,1,0,1,0,Tyrrell,2022-05-23
0,2,0,2,0,Tyrrell,2022-05-27
0,1,0,1,0,Tyrrell,2022-05-30
0,1,0,1,0,Tyrrell,2022-06-03
0,1,0,1,0,Tyrrell,2022-06-07
0,2,0,2,0,Tyrrell,2022-06-08
0,1,0,1,0,Tyrrell,2022-06-17
0,1,0,1,0,Tyrrell,2022-06-22
0,1,0,1,0,Tyrrell,2022-06-24
0,1,0,1,0,Tyrrell,2022-06-25
0,1,0,1,0,Tyrrell,2022-06-28
0,1,0,1,0,Tyrrell,2022-06-29
0,4,0,4,0,Tyrrell,2022-07-01
0,1,0,1,0,Tyrrell,2022-07-08
0,1,0,1,0,Tyrrell,2022-07-11
0,2,0,2,0,Tyrrell,2022-07-12
0,1,0,1,0,Tyrrell,2022-07-14
0,1,0,1,0,Tyrrell,2022-07-16
0,1,0,1,0,Tyrrell,2022-07-17
0,1,0,1,0,Tyrrell,2022-07-21
0,1,0,1,0,Tyrrell,2022-07-22
0,2,0,2,0,Tyrrell,2022-07-25
0,6,0,6,0,Tyrrell,2022-07-26
0,2,0,2,0,Tyrrell,2022-08-01
0,1,0,1,0,Tyrrell,2022-08-11
0,1,0,1,0,Tyrrell,2022-08-12
0,1,0,1,0,Tyrrell,2022-08-15
0,1,0,1,0,Tyrrell,2022-08-20
0,2,0,2,0,Tyrrell,2022-09-02
0,2,0,2,0,Tyrrell,2022-09-05
0,1,0,1,0,Tyrrell,2022-09-06
0,1,0,1,0,Tyrrell,2022-09-07
0,2,0,2,0,Tyrrell,2022-09-19
0,1,0,1,0,Tyrrell,2022-09-22
0,1,0,1,0,Tyrrell,2022-09-28
0,1,0,1,0,Tyrrell,2022-10-08
0,1,0,1,0,Tyrrell,2022-10-18
0,1,0,1,0,Tyrrell,2022-10-26
0,2,1,1,0,Tyrrell,2022-05-09
0,1,1,0,0,Tyrrell,2022-05-11
0,1,1,0,0,Tyrrell,2022-05-15
0,1,1,0,0,Tyrrell,2022-06-13
0,1,1,0,0,Tyrrell,2022-06-16
0,2,1,1,0,Tyrrell,2022-07-18
0,1,1,0,0,Tyrrell,2022-08-03
0,2,1,1,0,Tyrrell,2022-08-08
0,2,1,1,0,Tyrrell,2022-08-09
0,2,1,1,0,Tyrrell,2022-08-16
0,1,1,0,0,Tyrrell,2022-08-21
0,2,1,1,0,Tyrrell,2022-08-25
0,1,1,0,0,Tyrrell,2022-08-27
0,1,1,0,0,Tyrrell,2022-09-01
0,4,1,3,0,Tyrrell,2022-09-21
0,1,1,0,0,Tyrrell,2022-09-26
0,2,1,1,0,Tyrrell,2022-09-27
0,1,1,0,0,Tyrrell,2022-10-04
0,1,1,0,0,Tyrrell,2022-10-12
0,2,1,1,0,Tyrrell,2022-10-24
0,4,2,2,0,Tyrrell,2022-05-12
0,3,2,1,0,Tyrrell,2022-06-10
0,3,2,1,0,Tyrrell,2022-07-27
0,2,2,0,0,Tyrrell,2022-08-04
0,2,2,0,0,Tyrrell,2022-08-05
0,3,3,0,0,Tyrrell,2022-07-06
0,19,2,17,0,Union,2022-09-30
0,3,0,3,0,Vance,2022-09-11
0,9,0,9,0,Vance,2022-09-25
0,6,0,6,0,Vance,2022-09-29
0,1,0,1,0,Vance,2022-10-11
0,5,0,5,0,Vance,2022-10-12
0,1,0,1,0,Vance,2022-10-15
0,3,0,3,0,Vance,2022-10-28
0,9,1,8,0,Vance,2022-05-04
0,7,1,6,0,Vance,2022-05-06
0,4,1,3,0,Vance,2022-05-08
0,9,1,8,0,Vance,2022-06-18
0,2,1,1,0,Vance,2022-06-19
0,2,1,1,0,Vance,2022-09-24
0,8,1,7,0,Vance,2022-10-06
0,11,2,9,0,Vance,2022-05-26
0,14,2,12,0,Vance,2022-08-13
0,9,2,7,0,Vance,2022-09-26
0,3,2,1,0,Vance,2022-09-30
0,3,2,1,0,Vance,2022-10-14
0,8,3,5,0,Vance,2022-05-05
0,8,3,5,0,Vance,2022-05-11
0,9,3,6,0,Vance,2022-05-14
0,12,3,9,0,Vance,2022-05-28
0,7,4,3,0,Vance,2022-05-07
0,7,4,3,0,Vance,2022-06-10
0,5,4,1,0,Vance,2022-09-16
0,19,5,14,0,Vance,2022-05-19
0,8,5,3,0,Vance,2022-05-22
0,22,5,17,0,Vance,2022-07-06
0,7,6,1,0,Vance,2022-05-30
0,22,6,16,0,Vance,2022-06-13
0,20,6,14,0,Vance,2022-07-29
0,2,0,2,0,Warren,2022-05-14
0,1,0,1,0,Warren,2022-05-15
0,2,0,2,0,Warren,2022-05-24
0,3,0,3,0,Warren,2022-06-11
0,1,0,1,0,Warren,2022-06-12
0,13,0,13,0,Warren,2022-06-30
0,3,0,3,0,Warren,2022-07-09
0,5,0,5,0,Warren,2022-07-12
0,4,0,4,0,Warren,2022-07-28
0,3,0,3,0,Warren,2022-08-14
0,3,0,3,0,Warren,2022-08-18
0,2,0,2,0,Warren,2022-08-21
0,1,0,1,0,Warren,2022-08-24
0,4,0,4,0,Warren,2022-08-28
0,1,0,1,0,Warren,2022-08-31
0,3,0,3,0,Warren,2022-09-02
0,7,0,7,0,Warren,2022-09-15
0,2,0,2,0,Warren,2022-09-20
0,3,0,3,0,Warren,2022-09-29
0,1,0,1,0,Warren,2022-09-30
0,4,0,4,0,Warren,2022-10-02
0,4,0,4,0,Warren,2022-10-03
0,1,0,1,0,Warren,2022-10-06
0,5,0,5,0,Warren,2022-10-13
0,2,0,2,0,Warren,2022-10-18
0,3,0,3,0,Warren,2022-10-21
0,1,0,1,0,Warren,2022-10-27
0,5,1,4,0,Warren,2022-05-04
0,3,1,2,0,Warren,2022-05-07
0,2,1,1,0,Warren,2022-05-11
0,4,1,3,0,Warren,2022-06-05
0,4,1,3,0,Warren,2022-06-09
0,4,1,3,0,Warren,2022-06-10
0,3,1,2,0,Warren,2022-06-14
0,7,1,6,0,Warren,2022-06-15
0,6,1,5,0,Warren,2022-06-21
0,2,1,1,0,Warren,2022-06-24
0,2,1,1,0,Warren,2022-07-04
0,4,1,3,0,Warren,2022-07-24
0,4,1,3,0,Warren,2022-07-30
0,4,1,3,0,Warren,2022-08-06
0,8,1,7,0,Warren,2022-08-16
0,8,1,7,0,Warren,2022-08-17
0,3,1,2,0,Warren,2022-08-19
0,3,1,2,0,Warren,2022-08-20
0,5,1,4,0,Warren,2022-08-25
0,3,1,2,0,Warren,2022-09-04
0,2,1,1,0,Warren,2022-09-07
0,6,1,5,0,Warren,2022-09-08
0,2,1,1,0,Warren,2022-09-11
0,6,1,5,0,Warren,2022-09-19
0,8,1,7,0,Warren,2022-09-27
0,1,1,0,0,Warren,2022-09-28
0,4,1,3,0,Warren,2022-10-17
0,7,2,5,0,Warren,2022-05-25
0,10,2,8,0,Warren,2022-05-28
0,6,2,4,0,Warren,2022-06-06
0,8,2,6,0,Warren,2022-06-28
0,6,2,4,0,Warren,2022-07-10
0,5,2,3,0,Warren,2022-07-17
0,7,2,5,0,Warren,2022-07-27
0,6,2,4,0,Warren,2022-09-09
0,2,2,0,0,Warren,2022-10-05
0,3,2,1,0,Warren,2022-10-26
0,5,3,2,0,Warren,2022-05-03
0,6,3,3,0,Warren,2022-05-19
0,4,3,1,0,Warren,2022-05-30
0,12,3,9,0,Warren,2022-06-02
0,4,3,1,0,Warren,2022-07-02
0,5,3,2,0,Warren,2022-07-23
0,13,4,9,0,Warren,2022-05-16
0,9,4,5,0,Warren,2022-06-29
0,11,4,7,0,Warren,2022-07-07
0,6,4,2,0,Warren,2022-09-26
0,6,5,1,0,Warren,2022-10-10
0,2,0,2,0,Washington,2022-05-17
0,1,0,1,0,Washington,2022-05-20
0,1,0,1,0,Washington,2022-05-25
0,2,0,2,0,Washington,2022-05-26
0,1,0,1,0,Washington,2022-05-30
0,1,0,1,0,Washington,2022-05-31
0,3,0,3,0,Washington,2022-06-01
0,1,0,1,0,Washington,2022-06-11
0,1,0,1,0,Washington,2022-06-12
0,5,0,5,0,Washington,2022-06-17
0,5,0,5,0,Washington,2022-06-23
0,5,0,5,0,Washington,2022-06-29
0,3,0,3,0,Washington,2022-06-30
0,1,0,1,0,Washington,2022-07-03
0,5,0,5,0,Washington,2022-07-16
0,3,0,3,0,Washington,2022-07-18
0,2,0,2,0,Washington,2022-07-21
0,2,0,2,0,Washington,2022-07-23
0,1,0,1,0,Washington,2022-07-30
0,2,0,2,0,Washington,2022-08-01
0,1,0,1,0,Washington,2022-08-14
0,1,0,1,0,Washington,2022-08-20
0,2,0,2,0,Washington,2022-08-21
0,4,0,4,0,Washington,2022-08-23
0,2,0,2,0,Washington,2022-09-02
0,2,0,2,0,Washington,2022-09-03
0,1,0,1,0,Washington,2022-09-04
0,2,0,2,0,Washington,2022-09-11
0,1,0,1,0,Washington,2022-09-15
0,1,0,1,0,Washington,2022-09-18
0,5,0,5,0,Washington,2022-09-19
0,3,0,3,0,Washington,2022-09-22
0,1,0,1,0,Washington,2022-09-26
0,2,0,2,0,Washington,2022-09-27
0,1,0,1,0,Washington,2022-09-30
0,1,0,1,0,Washington,2022-10-03
0,1,0,1,0,Washington,2022-10-05
0,2,0,2,0,Washington,2022-10-13
0,2,0,2,0,Washington,2022-10-14
0,1,0,1,0,Washington,2022-10-15
0,1,0,1,0,Washington,2022-10-23
0,1,0,1,0,Washington,2022-10-26
0,1,0,1,0,Washington,2022-10-27
0,2,1,1,0,Washington,2022-05-09
0,1,1,0,0,Washington,2022-05-12
0,3,1,2,0,Washington,2022-05-13
0,3,1,2,0,Washington,2022-05-15
0,2,1,1,0,Washington,2022-05-24
0,1,1,0,0,Washington,2022-05-27
0,4,1,3,0,Washington,2022-06-03
0,4,1,3,0,Washington,2022-06-14
0,2,1,1,0,Washington,2022-06-18
0,6,1,5,0,Washington,2022-06-19
0,2,1,1,0,Washington,2022-06-21
0,3,1,2,0,Washington,2022-07-07
0,2,1,1,0,Washington,2022-07-08
0,2,1,1,0,Washington,2022-07-10
0,5,1,4,0,Washington,2022-07-15
0,6,1,5,0,Washington,2022-08-02
0,5,1,4,0,Washington,2022-08-15
0,1,1,0,0,Washington,2022-08-27
0,3,1,2,0,Washington,2022-09-08
0,3,1,2,0,Washington,2022-09-14
0,3,1,2,0,Washington,2022-09-16
0,3,1,2,0,Washington,2022-09-23
0,3,1,2,0,Washington,2022-09-24
0,2,1,1,0,Washington,2022-10-06
0,3,1,2,0,Washington,2022-10-08
0,4,1,3,0,Washington,2022-10-11
0,1,1,0,0,Washington,2022-10-22
0,1,1,0,0,Washington,2022-10-25
0,4,2,2,0,Washington,2022-06-02
0,3,2,1,0,Washington,2022-06-10
0,4,2,2,0,Washington,2022-07-02
0,9,2,7,0,Washington,2022-07-20
0,2,2,0,0,Washington,2022-10-29
0,7,3,4,0,Washington,2022-08-22
0,3,3,0,0,Washington,2022-09-21
0,12,7,5,0,Washington,2022-06-22
0,10,0,10,0,Watauga,2022-06-05
0,2,0,2,0,Watauga,2022-08-21
0,3,0,3,0,Watauga,2022-09-17
0,2,0,2,0,Watauga,2022-09-24
0,8,0,8,0,Watauga,2022-10-06
0,4,0,4,0,Watauga,2022-10-09
0,5,0,5,0,Watauga,2022-10-13
0,2,0,2,0,Watauga,2022-10-16
0,2,0,2,0,Watauga,2022-10-22
0,1,0,1,0,Watauga,2022-10-23
0,4,0,4,0,Watauga,2022-10-27
0,1,0,1,0,Watauga,2022-10-29
0,7,1,6,0,Watauga,2022-05-29
0,7,1,6,0,Watauga,2022-06-16
0,8,1,7,0,Watauga,2022-06-17
0,11,1,10,0,Watauga,2022-06-21
0,8,1,7,0,Watauga,2022-06-28
0,13,1,12,0,Watauga,2022-07-14
0,14,1,13,0,Watauga,2022-07-18
0,10,1,9,0,Watauga,2022-07-20
0,6,1,5,0,Watauga,2022-07-30
0,10,1,9,0,Watauga,2022-08-03
0,5,1,4,0,Watauga,2022-08-28
0,6,1,5,0,Watauga,2022-09-10
0,12,1,11,0,Watauga,2022-09-16
0,3,1,2,0,Watauga,2022-10-08
0,6,1,5,0,Watauga,2022-10-10
0,6,1,5,0,Watauga,2022-10-24
0,4,1,3,0,Watauga,2022-10-28
0,9,2,7,0,Watauga,2022-05-10
0,8,2,6,0,Watauga,2022-05-11
0,4,2,2,0,Watauga,2022-07-09
0,4,2,2,0,Watauga,2022-07-10
0,15,2,13,0,Watauga,2022-07-27
0,9,2,7,0,Watauga,2022-08-17
0,5,2,3,0,Watauga,2022-08-18
0,5,2,3,0,Watauga,2022-09-04
0,7,2,5,0,Watauga,2022-09-11
0,4,2,2,0,Watauga,2022-09-25
0,4,3,1,0,Watauga,2022-05-08
0,14,3,11,0,Watauga,2022-05-12
0,9,3,6,0,Watauga,2022-05-30
0,9,3,6,0,Watauga,2022-06-06
0,4,3,1,0,Watauga,2022-08-07
0,7,4,3,0,Watauga,2022-05-07
0,7,4,3,0,Watauga,2022-10-20
0,7,4,3,0,Watauga,2022-10-21
0,10,5,5,0,Watauga,2022-10-17
0,15,6,9,0,Watauga,2022-05-26
0,14,8,6,0,Watauga,2022-07-01
0,8,3,5,0,Wayne,2022-10-23
0,14,4,10,0,Wayne,2022-06-18
0,12,5,7,0,Wayne,2022-05-29
0,7,6,1,0,Wayne,2022-10-29
0,18,9,9,0,Wayne,2022-05-30
0,25,13,12,0,Wayne,2022-05-17
0,30,19,11,0,Wayne,2022-05-16
0,4,1,3,0,Wilkes,2022-05-08
0,7,2,5,0,Wilkes,2022-09-30
0,6,2,4,0,Wilkes,2022-10-14
0,6,2,4,0,Wilkes,2022-10-28
0,9,3,6,0,Wilkes,2022-05-07
0,10,3,7,0,Wilkes,2022-10-10
0,9,3,6,0,Wilkes,2022-10-15
0,10,4,6,0,Wilkes,2022-05-24
0,8,4,4,0,Wilkes,2022-06-11
0,9,4,5,0,Wilkes,2022-10-08
0,8,5,3,0,Wilkes,2022-10-12
0,9,6,3,0,Wilkes,2022-06-12
0,9,6,3,0,Wilkes,2022-10-07
0,5,0,5,0,Wilson,2022-10-19
0,1,0,1,0,Wilson,2022-10-23
0,3,0,3,0,Wilson,2022-10-29
0,7,1,6,0,Wilson,2022-05-07
0,4,1,3,0,Wilson,2022-10-02
0,4,1,3,0,Wilson,2022-10-15
0,4,1,3,0,Wilson,2022-10-20
0,1,1,0,0,Wilson,2022-10-22
0,3,2,1,0,Wilson,2022-10-21
0,5,2,3,0,Wilson,2022-10-25
0,7,3,4,0,Wilson,2022-06-05
0,11,4,7,0,Wilson,2022-05-06
0,7,4,3,0,Wilson,2022-05-28
0,10,4,6,0,Wilson,2022-06-04
0,6,4,2,0,Wilson,2022-06-18
0,9,4,5,0,Wilson,2022-10-18
0,14,5,9,0,Wilson,2022-05-04
0,14,12,2,0,Wilson,2022-09-05
0,9,0,9,0,Yadkin,2022-05-22
0,2,0,2,0,Yadkin,2022-10-09
0,8,0,8,0,Yadkin,2022-10-22
0,1,0,1,0,Yadkin,2022-10-23
0,3,0,3,0,Yadkin,2022-10-27
0,1,0,1,0,Yadkin,2022-10-28
0,5,1,4,0,Yadkin,2022-05-07
0,16,1,15,0,Yadkin,2022-10-03
0,6,1,5,0,Yadkin,2022-10-07
0,9,2,7,0,Yadkin,2022-05-11
0,5,2,3,0,Yadkin,2022-10-18
0,6,3,3,0,Yadkin,2022-05-26
0,8,3,5,0,Yadkin,2022-06-24
0,7,3,4,0,Yadkin,2022-10-20
0,7,4,3,0,Yadkin,2022-07-30
0,14,4,10,0,Yadkin,2022-10-06
0,18,6,12,0,Yadkin,2022-06-17
0,18,7,11,0,Yadkin,2022-07-15
0,2,0,2,0,Yancey,2022-05-06
0,1,0,1,0,Yancey,2022-05-07
0,1,0,1,0,Yancey,2022-05-28
0,1,0,1,0,Yancey,2022-05-30
0,2,0,2,0,Yancey,2022-06-19
0,3,0,3,0,Yancey,2022-07-01
0,5,0,5,0,Yancey,2022-07-04
0,1,0,1,0,Yancey,2022-07-21
0,2,0,2,0,Yancey,2022-08-06
0,5,0,5,0,Yancey,2022-08-11
0,3,0,3,0,Yancey,2022-08-12
0,1,0,1,0,Yancey,2022-08-13
0,2,0,2,0,Yancey,2022-08-19
0,4,0,4,0,Yancey,2022-08-23
0,1,0,1,0,Yancey,2022-09-04
0,5,0,5,0,Yancey,2022-09-07
0,6,0,6,0,Yancey,2022-09-21
0,2,0,2,0,Yancey,2022-10-03
0,1,0,1,0,Yancey,2022-10-04
0,4,0,4,0,Yancey,2022-10-05
0,1,0,1,0,Yancey,2022-10-07
0,3,0,3,0,Yancey,2022-10-10
0,3,0,3,0,Yancey,2022-10-11
0,2,0,2,0,Yancey,2022-10-12
0,1,0,1,0,Yancey,2022-10-15
0,2,0,2,0,Yancey,2022-10-16
0,2,0,2,0,Yancey,2022-10-21
0,1,0,1,0,Yancey,2022-10-24
0,1,0,1,0,Yancey,2022-10-29
0,1,1,0,0,Yancey,2022-05-15
0,2,1,1,0,Yancey,2022-06-07
0,2,1,1,0,Yancey,2022-06-28
0,1,1,0,0,Yancey,2022-07-09
0,1,1,0,0,Yancey,2022-07-17
0,4,1,3,0,Yancey,2022-07-19
0,3,1,2,0,Yancey,2022-08-31
0,1,1,0,0,Yancey,2022-09-03
0,2,1,1,0,Yancey,2022-09-25
0,1,1,0,0,Yancey,2022-10-26
0,1,1,0,0,Yancey,2022-10-27
0,2,2,0,0,Yancey,2022-05-04
0,5,2,3,0,Yancey,2022-05-11
0,5,2,3,0,Yancey,2022-05-21
0,4,2,2,0,Yancey,2022-06-02
0,4,2,2,0,Yancey,2022-06-16
0,2,2,0,0,Yancey,2022-06-26
0,2,2,0,0,Yancey,2022-07-03
0,3,2,1,0,Yancey,2022-07-14
0,4,2,2,0,Yancey,2022-08-07
0,9,2,7,0,Yancey,2022-08-09
0,5,2,3,0,Yancey,2022-08-30
0,4,2,2,0,Yancey,2022-09-05
0,4,2,2,0,Yancey,2022-09-09
0,2,2,0,0,Yancey,2022-09-11
0,5,2,3,0,Yancey,2022-09-12
0,3,2,1,0,Yancey,2022-10-01
0,3,3,0,0,Yancey,2022-05-29
0,9,3,6,0,Yancey,2022-06-29
0,7,3,4,0,Yancey,2022-08-14
0,5,4,1,0,Yancey,2022-05-10
0,7,4,3,0,Yancey,2022-05-13
0,7,4,3,0,Yancey,2022-06-08
0,6,4,2,0,Yancey,2022-06-11
0,5,4,1,0,Yancey,2022-09-02
0,4,4,0,0,Yancey,2022-09-23
0,12,5,7,0,Yancey,2022-06-01
0,11,5,6,0,Yancey,2022-06-27
1,9,0,9,0,Alamance,2022-09-24
1,21,1,20,0,Alamance,2022-09-25
1,14,1,13,0,Alamance,2022-10-01
1,9,1,8,0,Alamance,2022-10-15
1,16,1,15,0,Alamance,2022-10-21
1,27,2,25,0,Alamance,2022-06-05
1,23,3,20,0,Alamance,2022-06-18
1,39,7,32,0,Alamance,2022-09-11
1,14,9,5,0,Alamance,2022-10-16
1,3,0,3,0,Alexander,2022-05-04
1,3,0,3,0,Alexander,2022-05-05
1,3,0,3,0,Alexander,2022-05-12
1,5,0,5,0,Alexander,2022-05-27
1,1,0,1,0,Alexander,2022-06-17
1,11,0,11,0,Alexander,2022-08-07
1,2,0,2,0,Alexander,2022-10-04
1,5,0,5,0,Alexander,2022-10-15
1,2,0,2,0,Alexander,2022-10-23
1,2,0,2,0,Alexander,2022-10-28
1,4,0,4,0,Alexander,2022-10-29
1,6,1,5,0,Alexander,2022-06-03
1,8,1,7,0,Alexander,2022-06-09
1,9,1,8,0,Alexander,2022-06-13
1,4,1,3,0,Alexander,2022-06-15
1,8,1,7,0,Alexander,2022-06-20
1,1,1,0,0,Alexander,2022-06-26
1,7,1,6,0,Alexander,2022-07-01
1,7,1,6,0,Alexander,2022-08-20
1,7,1,6,0,Alexander,2022-08-31
1,19,1,18,0,Alexander,2022-09-02
1,9,1,8,0,Alexander,2022-09-04
1,3,1,2,0,Alexander,2022-09-25
1,5,1,4,0,Alexander,2022-10-01
1,4,1,3,0,Alexander,2022-10-22
1,8,1,7,0,Alexander,2022-10-26
1,9,2,7,0,Alexander,2022-07-07
1,13,2,11,0,Alexander,2022-09-08
1,4,2,2,0,Alexander,2022-10-09
1,4,2,2,0,Alexander,2022-10-10
1,4,2,2,0,Alexander,2022-10-17
1,6,3,3,0,Alexander,2022-05-03
1,6,3,3,0,Alexander,2022-06-02
1,10,3,7,0,Alexander,2022-06-07
1,5,3,2,0,Alexander,2022-10-25
1,8,4,4,0,Alexander,2022-06-10
1,6,4,2,0,Alexander,2022-09-24
1,17,5,12,0,Alexander,2022-08-16
1,3,0,3,0,Alleghany,2022-06-14
1,3,0,3,0,Alleghany,2022-06-15
1,2,0,2,0,Alleghany,2022-06-20
1,2,0,2,0,Alleghany,2022-07-10
1,4,0,4,0,Alleghany,2022-07-31
1,3,0,3,0,Alleghany,2022-08-06
1,3,0,3,0,Alleghany,2022-08-10
1,1,1,0,0,Alleghany,2022-06-19
1,2,1,1,0,Alleghany,2022-06-22
1,5,1,4,0,Alleghany,2022-07-19
1,2,1,1,0,Alleghany,2022-07-27
1,3,1,2,0,Alleghany,2022-08-14
1,3,1,2,0,Alleghany,2022-09-11
1,1,1,0,0,Alleghany,2022-09-15
1,1,1,0,0,Alleghany,2022-09-26
1,3,1,2,0,Alleghany,2022-10-11
1,1,1,0,0,Alleghany,2022-10-20
1,2,2,0,0,Alleghany,2022-05-22
1,3,2,1,0,Alleghany,2022-05-27
1,2,2,0,0,Alleghany,2022-07-12
1,8,2,6,0,Alleghany,2022-07-18
1,2,2,0,0,Alleghany,2022-07-23
1,5,2,3,0,Alleghany,2022-08-16
1,2,2,0,0,Alleghany,2022-10-01
1,5,3,2,0,Alleghany,2022-06-07
1,3,3,0,0,Alleghany,2022-08-19
1,6,4,2,0,Alleghany,2022-05-23
1,8,4,4,0,Alleghany,2022-08-11
1,9,4,5,0,Alleghany,2022-08-28
1,3,0,3,0,Anson,2022-05-14
1,4,0,4,0,Anson,2022-06-03
1,10,0,10,0,Anson,2022-06-08
1,8,0,8,0,Anson,2022-06-09
1,11,0,11,0,Anson,2022-06-17
1,5,0,5,0,Anson,2022-06-18
1,7,0,7,0,Anson,2022-06-26
1,2,0,2,0,Anson,2022-07-01
1,3,0,3,0,Anson,2022-07-03
1,7,0,7,0,Anson,2022-07-10
1,7,0,7,0,Anson,2022-07-16
1,5,0,5,0,Anson,2022-07-30
1,10,0,10,0,Anson,2022-08-05
1,8,0,8,0,Anson,2022-08-06
1,7,0,7,0,Anson,2022-08-10
1,4,0,4,0,Anson,2022-08-12
1,10,0,10,0,Anson,2022-08-13
1,7,0,7,0,Anson,2022-09-03
1,4,0,4,0,Anson,2022-09-08
1,3,0,3,0,Anson,2022-09-26
1,3,0,3,0,Anson,2022-10-13
1,1,0,1,0,Anson,2022-10-14
1,2,0,2,0,Anson,2022-10-24
1,1,0,1,0,Anson,2022-10-25
1,3,1,2,0,Anson,2022-05-17
1,7,1,6,0,Anson,2022-05-24
1,4,1,3,0,Anson,2022-05-28
1,5,1,4,0,Anson,2022-05-29
1,6,1,5,0,Anson,2022-06-01
1,14,1,13,0,Anson,2022-06-21
1,11,1,10,0,Anson,2022-08-19
1,6,1,5,0,Anson,2022-09-10
1,7,1,6,0,Anson,2022-09-15
1,3,1,2,0,Anson,2022-09-29
1,7,1,6,0,Anson,2022-10-06
1,4,2,2,0,Anson,2022-06-05
1,5,2,3,0,Anson,2022-06-11
1,4,2,2,0,Anson,2022-06-30
1,8,2,6,0,Anson,2022-07-14
1,7,3,4,0,Anson,2022-05-16
1,9,3,6,0,Anson,2022-05-26
1,5,3,2,0,Anson,2022-06-23
1,3,0,3,0,Ashe,2022-05-17
1,4,0,4,0,Ashe,2022-07-20
1,1,0,1,0,Ashe,2022-08-19
1,6,0,6,0,Ashe,2022-09-20
1,2,0,2,0,Ashe,2022-10-19
1,1,1,0,0,Ashe,2022-06-10
1,5,1,4,0,Ashe,2022-07-01
1,7,1,6,0,Ashe,2022-07-14
1,2,1,1,0,Ashe,2022-09-16
1,2,1,1,0,Ashe,2022-10-26
1,6,2,4,0,Ashe,2022-05-03
1,5,2,3,0,Ashe,2022-05-13
1,5,2,3,0,Ashe,2022-05-27
1,3,2,1,0,Ashe,2022-05-29
1,8,2,6,0,Ashe,2022-06-07
1,5,2,3,0,Ashe,2022-07-06
1,7,2,5,0,Ashe,2022-07-08
1,4,2,2,0,Ashe,2022-08-20
1,2,2,0,0,Ashe,2022-08-21
1,10,2,8,0,Ashe,2022-08-31
1,2,2,0,0,Ashe,2022-09-03
1,7,2,5,0,Ashe,2022-09-09
1,5,2,3,0,Ashe,2022-09-11
1,6,2,4,0,Ashe,2022-10-21
1,6,3,3,0,Ashe,2022-06-04
1,4,3,1,0,Ashe,2022-06-15
1,7,3,4,0,Ashe,2022-06-21
1,9,3,6,0,Ashe,2022-06-24
1,8,3,5,0,Ashe,2022-07-27
1,11,3,8,0,Ashe,2022-08-16
1,4,3,1,0,Ashe,2022-09-19
1,4,4,0,0,Ashe,2022-05-19
1,8,4,4,0,Ashe,2022-05-31
1,10,4,6,0,Ashe,2022-07-05
1,8,4,4,0,Ashe,2022-07-13
1,11,5,6,0,Ashe,2022-08-03
1,8,5,3,0,Ashe,2022-08-22
1,7,6,1,0,Ashe,2022-10-10
1,12,8,4,0,Ashe,2022-08-10
1,3,0,3,0,Avery,2022-05-16
1,2,0,2,0,Avery,2022-06-04
1,4,0,4,0,Avery,2022-07-02
1,2,0,2,0,Avery,2022-07-06
1,2,0,2,0,Avery,2022-08-12
1,3,0,3,0,Avery,2022-08-13
1,4,0,4,0,Avery,2022-08-21
1,1,0,1,0,Avery,2022-09-04
1,4,0,4,0,Avery,2022-09-10
1,2,0,2,0,Avery,2022-09-15
1,3,0,3,0,Avery,2022-10-09
1,3,1,2,0,Avery,2022-05-14
1,6,1,5,0,Avery,2022-06-12
1,3,1,2,0,Avery,2022-06-16
1,5,1,4,0,Avery,2022-07-17
1,2,1,1,0,Avery,2022-07-24
1,3,1,2,0,Avery,2022-09-08
1,8,2,6,0,Avery,2022-05-24
1,2,2,0,0,Avery,2022-05-26
1,5,2,3,0,Avery,2022-06-02
1,7,2,5,0,Avery,2022-06-14
1,3,2,1,0,Avery,2022-06-22
1,9,2,7,0,Avery,2022-07-05
1,13,2,11,0,Avery,2022-07-15
1,7,2,5,0,Avery,2022-07-26
1,4,2,2,0,Avery,2022-07-29
1,11,2,9,0,Avery,2022-08-08
1,4,2,2,0,Avery,2022-08-16
1,6,2,4,0,Avery,2022-09-02
1,2,2,0,0,Avery,2022-10-25
1,8,3,5,0,Avery,2022-07-18
1,5,3,2,0,Avery,2022-08-24
1,14,4,10,0,Avery,2022-06-10
1,7,4,3,0,Avery,2022-06-18
1,6,4,2,0,Avery,2022-07-19
1,10,4,6,0,Avery,2022-07-22
1,6,0,6,0,Beaufort,2022-05-22
1,5,0,5,0,Beaufort,2022-06-19
1,5,0,5,0,Beaufort,2022-07-03
1,10,0,10,0,Beaufort,2022-10-01
1,1,0,1,0,Beaufort,2022-10-15
1,4,0,4,0,Beaufort,2022-10-28
1,8,1,7,0,Beaufort,2022-05-04
1,14,1,13,0,Beaufort,2022-05-16
1,11,1,10,0,Beaufort,2022-06-20
1,6,1,5,0,Beaufort,2022-07-04
1,5,1,4,0,Beaufort,2022-08-14
1,15,1,14,0,Beaufort,2022-08-19
1,6,1,5,0,Beaufort,2022-08-27
1,11,1,10,0,Beaufort,2022-08-30
1,4,1,3,0,Beaufort,2022-09-10
1,5,1,4,0,Beaufort,2022-10-08
1,4,1,3,0,Beaufort,2022-10-22
1,4,1,3,0,Beaufort,2022-10-27
1,8,2,6,0,Beaufort,2022-05-12
1,9,2,7,0,Beaufort,2022-05-25
1,9,2,7,0,Beaufort,2022-06-11
1,16,2,14,0,Beaufort,2022-06-22
1,9,2,7,0,Beaufort,2022-08-25
1,12,3,9,0,Beaufort,2022-05-17
1,19,3,16,0,Beaufort,2022-05-23
1,15,3,12,0,Beaufort,2022-05-24
1,6,3,3,0,Beaufort,2022-06-04
1,9,3,6,0,Beaufort,2022-08-06
1,10,3,7,0,Beaufort,2022-08-20
1,10,3,7,0,Beaufort,2022-08-26
1,8,3,5,0,Beaufort,2022-09-23
1,13,4,9,0,Beaufort,2022-05-19
1,17,4,13,0,Beaufort,2022-09-21
1,9,4,5,0,Beaufort,2022-10-24
1,18,5,13,0,Beaufort,2022-06-01
1,12,5,7,0,Beaufort,2022-09-15
1,12,5,7,0,Beaufort,2022-10-17
1,29,6,23,0,Beaufort,2022-06-06
1,3,0,3,0,Bertie,2022-05-10
1,5,0,5,0,Bertie,2022-05-12
1,4,0,4,0,Bertie,2022-05-21
1,6,0,6,0,Bertie,2022-05-24
1,3,0,3,0,Bertie,2022-06-18
1,1,0,1,0,Bertie,2022-06-20
1,5,0,5,0,Bertie,2022-07-01
1,3,0,3,0,Bertie,2022-07-02
1,2,0,2,0,Bertie,2022-07-03
1,2,0,2,0,Bertie,2022-07-04
1,6,0,6,0,Bertie,2022-07-08
1,3,0,3,0,Bertie,2022-07-13
1,3,0,3,0,Bertie,2022-07-16
1,6,0,6,0,Bertie,2022-07-22
1,9,0,9,0,Bertie,2022-07-27
1,10,0,10,0,Bertie,2022-08-09
1,2,0,2,0,Bertie,2022-08-14
1,4,0,4,0,Bertie,2022-08-20
1,2,0,2,0,Bertie,2022-08-23
1,3,0,3,0,Bertie,2022-09-01
1,4,0,4,0,Bertie,2022-09-02
1,5,0,5,0,Bertie,2022-09-07
1,4,0,4,0,Bertie,2022-09-23
1,5,0,5,0,Bertie,2022-09-29
1,2,0,2,0,Bertie,2022-10-02
1,1,0,1,0,Bertie,2022-10-14
1,7,1,6,0,Bertie,2022-05-30
1,10,1,9,0,Bertie,2022-05-31
1,4,1,3,0,Bertie,2022-07-06
1,10,1,9,0,Bertie,2022-07-28
1,4,1,3,0,Bertie,2022-07-29
1,9,1,8,0,Bertie,2022-08-03
1,3,1,2,0,Bertie,2022-08-29
1,7,1,6,0,Bertie,2022-09-15
1,5,1,4,0,Bertie,2022-10-03
1,2,1,1,0,Bertie,2022-10-18
1,4,2,2,0,Bertie,2022-05-25
1,7,2,5,0,Bertie,2022-06-13
1,8,2,6,0,Bertie,2022-06-15
1,9,2,7,0,Bertie,2022-06-16
1,9,2,7,0,Bertie,2022-07-14
1,14,2,12,0,Bertie,2022-07-19
1,8,2,6,0,Bertie,2022-07-25
1,7,2,5,0,Bertie,2022-08-06
1,4,2,2,0,Bertie,2022-09-21
1,11,3,8,0,Bertie,2022-08-02
1,4,0,4,0,Bladen,2022-05-04
1,3,0,3,0,Bladen,2022-06-25
1,4,0,4,0,Bladen,2022-07-30
1,4,0,4,0,Bladen,2022-07-31
1,6,0,6,0,Bladen,2022-08-06
1,6,0,6,0,Bladen,2022-08-07
1,5,0,5,0,Bladen,2022-09-04
1,3,0,3,0,Bladen,2022-09-24
1,4,0,4,0,Bladen,2022-10-03
1,6,0,6,0,Bladen,2022-10-07
1,2,0,2,0,Bladen,2022-10-09
1,4,0,4,0,Bladen,2022-10-15
1,5,0,5,0,Bladen,2022-10-24
1,5,1,4,0,Bladen,2022-05-22
1,12,1,11,0,Bladen,2022-06-02
1,9,1,8,0,Bladen,2022-07-16
1,5,1,4,0,Bladen,2022-07-17
1,20,1,19,0,Bladen,2022-08-04
1,9,1,8,0,Bladen,2022-08-14
1,8,1,7,0,Bladen,2022-09-26
1,5,1,4,0,Bladen,2022-10-10
1,3,1,2,0,Bladen,2022-10-12
1,10,2,8,0,Bladen,2022-05-09
1,11,2,9,0,Bladen,2022-06-03
1,14,2,12,0,Bladen,2022-06-08
1,12,2,10,0,Bladen,2022-06-28
1,8,2,6,0,Bladen,2022-07-09
1,25,2,23,0,Bladen,2022-07-21
1,9,2,7,0,Bladen,2022-07-23
1,12,2,10,0,Bladen,2022-08-12
1,3,2,1,0,Bladen,2022-10-26
1,21,3,18,0,Bladen,2022-07-01
1,17,4,13,0,Bladen,2022-06-09
1,34,6,28,0,Bladen,2022-07-06
1,12,7,5,0,Bladen,2022-08-29
1,19,8,11,0,Bladen,2022-06-06
1,21,10,11,0,Bladen,2022-08-01
1,7,0,7,0,Brunswick,2022-10-22
1,8,1,7,0,Brunswick,2022-08-27
1,17,2,15,0,Brunswick,2022-10-26
1,4,2,2,0,Brunswick,2022-10-29
1,33,4,29,0,Brunswick,2022-05-14
1,32,4,28,0,Brunswick,2022-06-18
1,22,4,18,0,Brunswick,2022-09-24
1,22,4,18,0,Brunswick,2022-10-11
1,14,4,10,0,Brunswick,2022-10-15
1,35,5,30,0,Brunswick,2022-09-27
1,17,5,12,0,Brunswick,2022-10-08
1,21,6,15,0,Brunswick,2022-10-12
1,31,7,24,0,Brunswick,2022-06-12
1,26,8,18,0,Brunswick,2022-05-21
1,14,1,13,0,Buncombe,2022-10-08
1,10,2,8,0,Buncombe,2022-10-22
1,41,12,29,0,Buncombe,2022-06-19
1,111,43,68,0,Buncombe,2022-05-13
1,6,0,6,0,Burke,2022-05-04
1,6,0,6,0,Burke,2022-05-21
1,4,0,4,0,Burke,2022-06-11
1,15,0,15,0,Burke,2022-06-19
1,9,1,8,0,Burke,2022-05-07
1,16,1,15,0,Burke,2022-05-12
1,18,1,17,0,Burke,2022-05-22
1,15,1,14,0,Burke,2022-06-03
1,16,1,15,0,Burke,2022-08-26
1,17,1,16,0,Burke,2022-09-24
1,3,1,2,0,Burke,2022-10-29
1,16,2,14,0,Burke,2022-06-17
1,29,2,27,0,Burke,2022-06-22
1,16,2,14,0,Burke,2022-08-20
1,13,3,10,0,Burke,2022-05-05
1,11,3,8,0,Burke,2022-05-06
1,17,3,14,0,Burke,2022-07-03
1,8,3,5,0,Burke,2022-10-18
1,4,3,1,0,Burke,2022-10-21
1,5,3,2,0,Burke,2022-10-25
1,16,4,12,0,Burke,2022-05-29
1,26,4,22,0,Burke,2022-05-31
1,18,4,14,0,Burke,2022-09-04
1,22,5,17,0,Burke,2022-05-17
1,23,5,18,0,Burke,2022-10-11
1,12,6,6,0,Burke,2022-10-13
1,27,7,20,0,Burke,2022-05-18
1,22,9,13,0,Burke,2022-05-13
1,19,9,10,0,Burke,2022-05-27
1,10,2,8,0,Cabarrus,2022-10-23
1,24,4,20,0,Cabarrus,2022-10-12
1,5,0,5,0,Caldwell,2022-05-08
1,14,0,14,0,Caldwell,2022-05-26
1,14,0,14,0,Caldwell,2022-06-05
1,12,0,12,0,Caldwell,2022-09-25
1,4,1,3,0,Caldwell,2022-05-03
1,4,1,3,0,Caldwell,2022-05-04
1,11,1,10,0,Caldwell,2022-05-05
1,8,1,7,0,Caldwell,2022-05-06
1,13,1,12,0,Caldwell,2022-05-09
1,12,1,11,0,Caldwell,2022-05-13
1,9,1,8,0,Caldwell,2022-05-30
1,12,1,11,0,Caldwell,2022-10-02
1,9,1,8,0,Caldwell,2022-10-21
1,5,1,4,0,Caldwell,2022-10-22
1,8,2,6,0,Caldwell,2022-05-21
1,21,2,19,0,Caldwell,2022-05-27
1,15,3,12,0,Caldwell,2022-05-23
1,2,0,2,0,Camden,2022-05-16
1,3,0,3,0,Camden,2022-05-31
1,2,0,2,0,Camden,2022-06-10
1,1,0,1,0,Camden,2022-06-21
1,6,0,6,0,Camden,2022-06-30
1,1,0,1,0,Camden,2022-07-13
1,1,0,1,0,Camden,2022-07-14
1,2,0,2,0,Camden,2022-07-24
1,1,0,1,0,Camden,2022-09-27
1,4,1,3,0,Camden,2022-07-27
1,1,1,0,0,Camden,2022-09-07
1,2,1,1,0,Camden,2022-09-12
1,1,1,0,0,Camden,2022-10-03
1,1,1,0,0,Camden,2022-10-07
1,4,2,2,0,Camden,2022-05-23
1,5,2,3,0,Camden,2022-06-27
1,4,2,2,0,Camden,2022-06-29
1,4,2,2,0,Camden,2022-08-08
1,3,3,0,0,Camden,2022-08-19
1,7,3,4,0,Camden,2022-09-06
1,6,4,2,0,Camden,2022-07-25
1,1,0,1,0,Carteret,2022-10-29
1,12,1,11,0,Carteret,2022-06-12
1,4,1,3,0,Carteret,2022-09-11
1,5,1,4,0,Carteret,2022-10-02
1,8,2,6,0,Carteret,2022-05-30
1,11,2,9,0,Carteret,2022-08-31
1,6,2,4,0,Carteret,2022-10-06
1,16,3,13,0,Carteret,2022-05-12
1,15,3,12,0,Carteret,2022-08-07
1,13,4,9,0,Carteret,2022-05-22
1,18,4,14,0,Carteret,2022-06-14
1,14,4,10,0,Carteret,2022-08-26
1,11,4,7,0,Carteret,2022-09-07
1,8,4,4,0,Carteret,2022-10-01
1,12,4,8,0,Carteret,2022-10-11
1,9,4,5,0,Carteret,2022-10-13
1,10,4,6,0,Carteret,2022-10-14
1,5,4,1,0,Carteret,2022-10-18
1,5,4,1,0,Carteret,2022-10-20
1,5,4,1,0,Carteret,2022-10-24
1,13,5,8,0,Carteret,2022-06-19
1,11,5,6,0,Carteret,2022-10-07
1,13,5,8,0,Carteret,2022-10-25
1,18,6,12,0,Carteret,2022-07-10
1,13,6,7,0,Carteret,2022-08-28
1,16,6,10,0,Carteret,2022-08-30
1,9,6,3,0,Carteret,2022-09-10
1,11,6,5,0,Carteret,2022-09-21
1,9,6,3,0,Carteret,2022-10-12
1,18,7,11,0,Carteret,2022-09-20
1,20,8,12,0,Carteret,2022-06-10
1,11,8,3,0,Carteret,2022-09-29
1,17,9,8,0,Carteret,2022-09-19
1,17,9,8,0,Carteret,2022-09-23
1,11,9,2,0,Carteret,2022-09-24
1,19,10,9,0,Carteret,2022-09-14
1,15,12,3,0,Carteret,2022-08-20
1,28,19,9,0,Carteret,2022-08-22
1,2,0,2,0,Caswell,2022-05-20
1,8,0,8,0,Caswell,2022-05-26
1,9,0,9,0,Caswell,2022-05-27
1,7,0,7,0,Caswell,2022-05-29
1,7,0,7,0,Caswell,2022-06-03
1,4,0,4,0,Caswell,2022-06-26
1,4,0,4,0,Caswell,2022-07-15
1,9,0,9,0,Caswell,2022-07-17
1,8,0,8,0,Caswell,2022-07-25
1,5,0,5,0,Caswell,2022-07-30
1,4,0,4,0,Caswell,2022-07-31
1,4,0,4,0,Caswell,2022-08-11
1,8,0,8,0,Caswell,2022-08-24
1,4,0,4,0,Caswell,2022-08-25
1,2,0,2,0,Caswell,2022-09-21
1,1,0,1,0,Caswell,2022-10-08
1,2,0,2,0,Caswell,2022-10-10
1,1,0,1,0,Caswell,2022-10-21
1,4,0,4,0,Caswell,2022-10-27
1,7,1,6,0,Caswell,2022-05-13
1,9,1,8,0,Caswell,2022-05-18
1,5,1,4,0,Caswell,2022-05-19
1,8,1,7,0,Caswell,2022-05-25
1,4,1,3,0,Caswell,2022-06-12
1,7,1,6,0,Caswell,2022-06-21
1,6,1,5,0,Caswell,2022-06-23
1,5,1,4,0,Caswell,2022-07-19
1,7,1,6,0,Caswell,2022-07-23
1,10,1,9,0,Caswell,2022-07-27
1,6,1,5,0,Caswell,2022-08-04
1,3,1,2,0,Caswell,2022-09-27
1,6,2,4,0,Caswell,2022-05-05
1,9,2,7,0,Caswell,2022-05-10
1,4,2,2,0,Caswell,2022-05-30
1,8,2,6,0,Caswell,2022-06-16
1,6,2,4,0,Caswell,2022-07-07
1,7,2,5,0,Caswell,2022-07-22
1,13,2,11,0,Caswell,2022-08-15
1,11,2,9,0,Caswell,2022-08-23
1,6,2,4,0,Caswell,2022-09-02
1,6,2,4,0,Caswell,2022-09-09
1,13,3,10,0,Caswell,2022-05-09
1,8,3,5,0,Caswell,2022-09-19
1,9,4,5,0,Caswell,2022-07-26
1,14,3,11,0,Catawba,2022-10-22
1,22,4,18,0,Catawba,2022-06-04
1,13,7,6,0,Catawba,2022-09-29
1,16,8,8,0,Catawba,2022-05-30
1,28,10,18,0,Catawba,2022-05-06
1,41,16,25,0,Catawba,2022-05-09
1,13,0,13,0,Chatham,2022-07-16
1,13,0,13,0,Chatham,2022-09-18
1,5,0,5,0,Chatham,2022-10-06
1,6,0,6,0,Chatham,2022-10-21
1,16,1,15,0,Chatham,2022-05-14
1,15,1,14,0,Chatham,2022-05-21
1,8,1,7,0,Chatham,2022-05-29
1,13,1,12,0,Chatham,2022-05-30
1,10,1,9,0,Chatham,2022-06-05
1,29,1,28,0,Chatham,2022-06-21
1,4,1,3,0,Chatham,2022-07-04
1,5,1,4,0,Chatham,2022-10-09
1,16,2,14,0,Chatham,2022-06-04
1,10,2,8,0,Chatham,2022-06-26
1,22,2,20,0,Chatham,2022-08-03
1,12,2,10,0,Chatham,2022-08-08
1,18,2,16,0,Chatham,2022-09-02
1,9,2,7,0,Chatham,2022-09-09
1,8,2,6,0,Chatham,2022-09-27
1,3,2,1,0,Chatham,2022-10-02
1,6,2,4,0,Chatham,2022-10-18
1,13,2,11,0,Chatham,2022-10-23
1,23,3,20,0,Chatham,2022-05-12
1,17,3,14,0,Chatham,2022-06-09
1,21,3,18,0,Chatham,2022-07-13
1,11,3,8,0,Chatham,2022-08-07
1,20,3,17,0,Chatham,2022-09-14
1,8,3,5,0,Chatham,2022-09-25
1,14,3,11,0,Chatham,2022-09-28
1,33,4,29,0,Chatham,2022-05-17
1,35,4,31,0,Chatham,2022-05-20
1,25,4,21,0,Chatham,2022-06-06
1,14,4,10,0,Chatham,2022-07-09
1,25,4,21,0,Chatham,2022-07-12
1,16,4,12,0,Chatham,2022-08-26
1,28,5,23,0,Chatham,2022-05-09
1,24,5,19,0,Chatham,2022-05-25
1,24,5,19,0,Chatham,2022-06-13
1,31,5,26,0,Chatham,2022-07-27
1,14,5,9,0,Chatham,2022-10-03
1,28,6,22,0,Chatham,2022-05-05
1,24,6,18,0,Chatham,2022-07-23
1,3,0,3,0,Cherokee,2022-05-17
1,2,0,2,0,Cherokee,2022-05-19
1,5,0,5,0,Cherokee,2022-05-22
1,1,0,1,0,Cherokee,2022-05-24
1,6,0,6,0,Cherokee,2022-05-27
1,5,0,5,0,Cherokee,2022-06-12
1,2,0,2,0,Cherokee,2022-06-25
1,3,0,3,0,Cherokee,2022-07-10
1,7,0,7,0,Cherokee,2022-07-23
1,8,0,8,0,Cherokee,2022-08-07
1,5,0,5,0,Cherokee,2022-08-19
1,3,0,3,0,Cherokee,2022-08-20
1,6,0,6,0,Cherokee,2022-08-27
1,9,0,9,0,Cherokee,2022-08-31
1,2,0,2,0,Cherokee,2022-09-18
1,3,0,3,0,Cherokee,2022-09-19
1,6,0,6,0,Cherokee,2022-09-20
1,2,0,2,0,Cherokee,2022-10-23
1,4,0,4,0,Cherokee,2022-10-24
1,4,1,3,0,Cherokee,2022-05-31
1,5,1,4,0,Cherokee,2022-06-03
1,6,1,5,0,Cherokee,2022-06-08
1,7,1,6,0,Cherokee,2022-06-23
1,5,1,4,0,Cherokee,2022-06-30
1,8,1,7,0,Cherokee,2022-07-09
1,6,1,5,0,Cherokee,2022-08-06
1,12,1,11,0,Cherokee,2022-08-08
1,1,1,0,0,Cherokee,2022-09-23
1,1,1,0,0,Cherokee,2022-09-25
1,1,1,0,0,Cherokee,2022-10-02
1,4,1,3,0,Cherokee,2022-10-07
1,3,1,2,0,Cherokee,2022-10-16
1,3,1,2,0,Cherokee,2022-10-19
1,4,1,3,0,Cherokee,2022-10-20
1,2,1,1,0,Cherokee,2022-10-29
1,11,2,9,0,Cherokee,2022-06-21
1,7,2,5,0,Cherokee,2022-06-22
1,10,2,8,0,Cherokee,2022-07-06
1,7,2,5,0,Cherokee,2022-07-07
1,7,2,5,0,Cherokee,2022-08-12
1,7,2,5,0,Cherokee,2022-08-30
1,9,2,7,0,Cherokee,2022-09-09
1,3,2,1,0,Cherokee,2022-09-26
1,3,2,1,0,Cherokee,2022-10-04
1,4,2,2,0,Cherokee,2022-10-11
1,3,2,1,0,Cherokee,2022-10-25
1,2,2,0,0,Cherokee,2022-10-26
1,7,3,4,0,Cherokee,2022-06-01
1,8,3,5,0,Cherokee,2022-06-19
1,10,3,7,0,Cherokee,2022-06-27
1,12,3,9,0,Cherokee,2022-08-11
1,9,4,5,0,Cherokee,2022-07-29
1,4,4,0,0,Cherokee,2022-10-05
1,13,5,8,0,Cherokee,2022-07-01
1,4,0,4,0,Chowan,2022-05-03
1,3,0,3,0,Chowan,2022-05-05
1,4,0,4,0,Chowan,2022-05-11
1,6,0,6,0,Chowan,2022-05-17
1,1,0,1,0,Chowan,2022-05-21
1,1,0,1,0,Chowan,2022-05-30
1,4,0,4,0,Chowan,2022-06-01
1,4,0,4,0,Chowan,2022-06-06
1,2,0,2,0,Chowan,2022-06-07
1,5,0,5,0,Chowan,2022-06-08
1,6,0,6,0,Chowan,2022-06-10
1,5,0,5,0,Chowan,2022-06-13
1,5,0,5,0,Chowan,2022-06-16
1,3,0,3,0,Chowan,2022-06-20
1,5,0,5,0,Chowan,2022-06-23
1,10,0,10,0,Chowan,2022-06-27
1,2,0,2,0,Chowan,2022-06-30
1,4,0,4,0,Chowan,2022-07-01
1,2,0,2,0,Chowan,2022-07-03
1,9,0,9,0,Chowan,2022-07-08
1,5,0,5,0,Chowan,2022-07-15
1,2,0,2,0,Chowan,2022-07-17
1,24,0,24,0,Chowan,2022-07-18
1,10,0,10,0,Chowan,2022-07-21
1,7,0,7,0,Chowan,2022-08-02
1,6,0,6,0,Chowan,2022-08-03
1,8,0,8,0,Chowan,2022-08-05
1,3,0,3,0,Chowan,2022-08-07
1,7,0,7,0,Chowan,2022-08-10
1,4,0,4,0,Chowan,2022-08-12
1,1,0,1,0,Chowan,2022-08-13
1,2,0,2,0,Chowan,2022-08-22
1,3,0,3,0,Chowan,2022-08-24
1,6,0,6,0,Chowan,2022-08-26
1,3,0,3,0,Chowan,2022-08-31
1,4,0,4,0,Chowan,2022-09-13
1,6,0,6,0,Chowan,2022-09-14
1,4,0,4,0,Chowan,2022-09-22
1,4,0,4,0,Chowan,2022-09-26
1,2,0,2,0,Chowan,2022-09-28
1,3,0,3,0,Chowan,2022-10-02
1,2,0,2,0,Chowan,2022-10-07
1,2,0,2,0,Chowan,2022-10-12
1,1,0,1,0,Chowan,2022-10-16
1,1,0,1,0,Chowan,2022-10-21
1,1,0,1,0,Chowan,2022-10-24
1,5,1,4,0,Chowan,2022-05-10
1,6,1,5,0,Chowan,2022-05-24
1,2,1,1,0,Chowan,2022-05-28
1,4,1,3,0,Chowan,2022-06-02
1,3,1,2,0,Chowan,2022-06-29
1,5,1,4,0,Chowan,2022-07-07
1,4,1,3,0,Chowan,2022-07-31
1,10,1,9,0,Chowan,2022-08-09
1,6,1,5,0,Chowan,2022-08-29
1,2,1,1,0,Chowan,2022-09-05
1,2,1,1,0,Chowan,2022-09-21
1,3,1,2,0,Chowan,2022-09-29
1,6,2,4,0,Chowan,2022-08-17
1,6,2,4,0,Chowan,2022-09-18
1,7,3,4,0,Chowan,2022-06-26
1,6,4,2,0,Chowan,2022-09-16
1,2,0,2,0,Clay,2022-05-08
1,3,0,3,0,Clay,2022-06-05
1,1,0,1,0,Clay,2022-06-13
1,2,0,2,0,Clay,2022-06-16
1,2,0,2,0,Clay,2022-06-25
1,6,0,6,0,Clay,2022-07-07
1,2,0,2,0,Clay,2022-07-09
1,4,0,4,0,Clay,2022-07-15
1,5,0,5,0,Clay,2022-07-29
1,7,0,7,0,Clay,2022-08-04
1,7,0,7,0,Clay,2022-08-13
1,2,0,2,0,Clay,2022-08-14
1,2,0,2,0,Clay,2022-08-22
1,6,0,6,0,Clay,2022-08-24
1,4,0,4,0,Clay,2022-08-30
1,6,0,6,0,Clay,2022-09-06
1,2,0,2,0,Clay,2022-09-09
1,1,0,1,0,Clay,2022-09-18
1,1,0,1,0,Clay,2022-10-11
1,5,1,4,0,Clay,2022-05-27
1,6,1,5,0,Clay,2022-06-09
1,5,1,4,0,Clay,2022-06-21
1,6,1,5,0,Clay,2022-07-14
1,8,1,7,0,Clay,2022-07-22
1,4,1,3,0,Clay,2022-07-27
1,5,1,4,0,Clay,2022-08-12
1,3,1,2,0,Clay,2022-09-13
1,2,1,1,0,Clay,2022-09-19
1,1,1,0,0,Clay,2022-09-25
1,1,1,0,0,Clay,2022-10-24
1,6,2,4,0,Clay,2022-06-23
1,7,2,5,0,Clay,2022-07-05
1,4,2,2,0,Clay,2022-07-16
1,4,2,2,0,Clay,2022-08-11
1,8,2,6,0,Clay,2022-09-07
1,5,3,2,0,Clay,2022-06-10
1,9,3,6,0,Clay,2022-06-20
1,13,3,10,0,Clay,2022-08-08
1,4,4,0,0,Clay,2022-10-20
1,5,4,1,0,Clay,2022-10-26
1,4,4,0,0,Clay,2022-10-27
1,9,7,2,0,Clay,2022-07-25
1,5,0,5,0,Cleveland,2022-09-25
1,2,0,2,0,Cleveland,2022-10-15
1,5,0,5,0,Cleveland,2022-10-28
1,10,1,9,0,Cleveland,2022-05-04
1,18,1,17,0,Cleveland,2022-06-04
1,7,1,6,0,Cleveland,2022-09-17
1,17,1,16,0,Cleveland,2022-09-28
1,3,1,2,0,Cleveland,2022-10-09
1,6,1,5,0,Cleveland,2022-10-17
1,15,2,13,0,Cleveland,2022-05-13
1,28,2,26,0,Cleveland,2022-08-07
1,23,3,20,0,Cleveland,2022-05-25
1,19,4,15,0,Cleveland,2022-05-27
1,9,4,5,0,Cleveland,2022-10-11
1,2,0,2,0,Columbus,2022-09-30
1,2,0,2,0,Columbus,2022-10-11
1,1,0,1,0,Columbus,2022-10-29
1,7,1,6,0,Columbus,2022-05-11
1,2,1,1,0,Columbus,2022-05-14
1,9,1,8,0,Columbus,2022-05-27
1,2,1,1,0,Columbus,2022-06-04
1,7,1,6,0,Columbus,2022-07-30
1,4,1,3,0,Columbus,2022-08-06
1,4,1,3,0,Columbus,2022-09-11
1,3,1,2,0,Columbus,2022-10-02
1,4,1,3,0,Columbus,2022-10-22
1,3,1,2,0,Columbus,2022-10-24
1,2,1,1,0,Columbus,2022-10-28
1,5,2,3,0,Columbus,2022-05-04
1,6,2,4,0,Columbus,2022-05-06
1,5,2,3,0,Columbus,2022-05-30
1,7,2,5,0,Columbus,2022-07-02
1,5,2,3,0,Columbus,2022-09-04
1,6,2,4,0,Columbus,2022-09-10
1,5,2,3,0,Columbus,2022-09-23
1,3,2,1,0,Columbus,2022-10-06
1,3,2,1,0,Columbus,2022-10-14
1,11,3,8,0,Columbus,2022-07-08
1,6,4,2,0,Columbus,2022-09-09
1,7,5,2,0,Columbus,2022-05-03
1,14,5,9,0,Columbus,2022-06-07
1,12,5,7,0,Columbus,2022-06-08
1,12,5,7,0,Columbus,2022-06-26
1,11,5,6,0,Columbus,2022-08-27
1,10,5,5,0,Columbus,2022-09-21
1,6,5,1,0,Columbus,2022-09-26
1,14,7,7,0,Columbus,2022-06-16
1,16,7,9,0,Columbus,2022-09-20
1,16,10,6,0,Columbus,2022-06-02
1,17,10,7,0,Columbus,2022-08-16
1,15,12,3,0,Columbus,2022-06-01
1,4,0,4,0,Craven,2022-10-15
1,20,1,19,0,Craven,2022-08-25
1,7,1,6,0,Craven,2022-10-20
1,2,1,1,0,Craven,2022-10-22
1,4,2,2,0,Craven,2022-09-03
1,8,2,6,0,Craven,2022-10-01
1,3,2,1,0,Craven,2022-10-08
1,15,2,13,0,Craven,2022-10-26
1,8,3,5,0,Craven,2022-10-28
1,6,4,2,0,Craven,2022-09-24
1,15,4,11,0,Craven,2022-10-07
1,21,5,16,0,Craven,2022-06-18
1,16,5,11,0,Craven,2022-08-14
1,16,5,11,0,Craven,2022-09-28
1,12,5,7,0,Craven,2022-09-29
1,20,6,14,0,Craven,2022-08-06
1,15,7,8,0,Craven,2022-05-07
1,21,7,14,0,Craven,2022-06-11
1,16,8,8,0,Craven,2022-06-04
1,25,8,17,0,Craven,2022-07-02
1,23,9,14,0,Craven,2022-08-31
1,18,9,9,0,Craven,2022-09-05
1,18,9,9,0,Craven,2022-09-15
1,14,10,4,0,Craven,2022-09-04
1,41,14,27,0,Craven,2022-05-20
1,30,15,15,0,Craven,2022-05-05
1,39,24,15,0,Craven,2022-05-13
1,18,4,14,0,Cumberland,2022-10-23
1,40,5,35,0,Cumberland,2022-10-06
1,30,5,25,0,Cumberland,2022-10-26
1,40,6,34,0,Cumberland,2022-10-13
1,39,6,33,0,Cumberland,2022-10-28
1,25,9,16,0,Cumberland,2022-05-07
1,60,15,45,0,Cumberland,2022-05-06
1,7,0,7,0,Currituck,2022-05-22
1,6,0,6,0,Currituck,2022-06-02
1,5,0,5,0,Currituck,2022-06-13
1,6,0,6,0,Currituck,2022-06-14
1,5,0,5,0,Currituck,2022-06-24
1,10,0,10,0,Currituck,2022-07-05
1,6,0,6,0,Currituck,2022-07-21
1,5,0,5,0,Currituck,2022-07-27
1,2,0,2,0,Currituck,2022-08-02
1,3,0,3,0,Currituck,2022-08-19
1,4,0,4,0,Currituck,2022-08-20
1,3,0,3,0,Currituck,2022-08-30
1,3,0,3,0,Currituck,2022-09-09
1,1,0,1,0,Currituck,2022-09-20
1,2,0,2,0,Currituck,2022-09-22
1,4,0,4,0,Currituck,2022-09-23
1,4,0,4,0,Currituck,2022-10-20
1,9,1,8,0,Currituck,2022-05-27
1,5,1,4,0,Currituck,2022-05-29
1,4,1,3,0,Currituck,2022-06-03
1,4,1,3,0,Currituck,2022-06-15
1,6,1,5,0,Currituck,2022-06-20
1,6,1,5,0,Currituck,2022-06-27
1,7,1,6,0,Currituck,2022-06-29
1,3,1,2,0,Currituck,2022-07-03
1,2,1,1,0,Currituck,2022-09-04
1,5,1,4,0,Currituck,2022-09-17
1,2,1,1,0,Currituck,2022-09-27
1,3,1,2,0,Currituck,2022-10-05
1,4,1,3,0,Currituck,2022-10-18
1,8,2,6,0,Currituck,2022-06-26
1,11,2,9,0,Currituck,2022-06-30
1,11,2,9,0,Currituck,2022-07-11
1,16,2,14,0,Currituck,2022-08-01
1,7,2,5,0,Currituck,2022-08-06
1,8,2,6,0,Currituck,2022-08-15
1,6,2,4,0,Currituck,2022-08-31
1,5,2,3,0,Currituck,2022-10-16
1,5,2,3,0,Currituck,2022-10-25
1,5,3,2,0,Currituck,2022-05-08
1,11,3,8,0,Currituck,2022-05-16
1,7,3,4,0,Currituck,2022-06-08
1,6,3,3,0,Currituck,2022-07-10
1,11,3,8,0,Currituck,2022-07-18
1,8,3,5,0,Currituck,2022-09-15
1,5,3,2,0,Currituck,2022-09-26
1,5,3,2,0,Currituck,2022-10-23
1,8,4,4,0,Currituck,2022-08-29
1,7,4,3,0,Currituck,2022-10-11
1,5,4,1,0,Currituck,2022-10-21
1,7,4,3,0,Currituck,2022-10-24
1,11,0,11,0,Dare,2022-05-04
1,9,0,9,0,Dare,2022-05-21
1,15,0,15,0,Dare,2022-05-29
1,12,0,12,0,Dare,2022-06-05
1,23,0,23,0,Dare,2022-06-08
1,8,0,8,0,Dare,2022-06-09
1,7,0,7,0,Dare,2022-06-12
1,15,0,15,0,Dare,2022-06-17
1,6,0,6,0,Dare,2022-06-18
1,5,0,5,0,Dare,2022-06-23
1,5,0,5,0,Dare,2022-06-24
1,13,0,13,0,Dare,2022-06-26
1,17,0,17,0,Dare,2022-06-28
1,14,0,14,0,Dare,2022-07-03
1,9,0,9,0,Dare,2022-07-04
1,11,0,11,0,Dare,2022-07-14
1,13,0,13,0,Dare,2022-07-20
1,11,0,11,0,Dare,2022-07-28
1,11,0,11,0,Dare,2022-07-30
1,7,0,7,0,Dare,2022-08-02
1,5,0,5,0,Dare,2022-08-07
1,7,0,7,0,Dare,2022-08-09
1,7,0,7,0,Dare,2022-08-17
1,5,0,5,0,Dare,2022-08-21
1,12,0,12,0,Dare,2022-08-29
1,6,0,6,0,Dare,2022-09-01
1,8,0,8,0,Dare,2022-09-12
1,4,0,4,0,Dare,2022-09-13
1,4,0,4,0,Dare,2022-09-19
1,2,0,2,0,Dare,2022-09-23
1,5,0,5,0,Dare,2022-09-27
1,2,0,2,0,Dare,2022-10-02
1,7,0,7,0,Dare,2022-10-05
1,2,0,2,0,Dare,2022-10-09
1,3,0,3,0,Dare,2022-10-13
1,6,0,6,0,Dare,2022-10-20
1,2,0,2,0,Dare,2022-10-23
1,10,0,10,0,Dare,2022-10-27
1,19,1,18,0,Dare,2022-05-13
1,7,1,6,0,Dare,2022-06-22
1,12,1,11,0,Dare,2022-07-22
1,6,1,5,0,Dare,2022-07-26
1,11,1,10,0,Dare,2022-08-08
1,7,1,6,0,Dare,2022-10-11
1,9,2,7,0,Dare,2022-07-13
1,14,0,14,0,Davidson,2022-10-29
1,14,1,13,0,Davidson,2022-10-22
1,21,2,19,0,Davidson,2022-07-03
1,23,3,20,0,Davidson,2022-05-06
1,9,0,9,0,Davie,2022-05-29
1,4,0,4,0,Davie,2022-06-11
1,3,0,3,0,Davie,2022-09-30
1,3,0,3,0,Davie,2022-10-15
1,1,0,1,0,Davie,2022-10-26
1,8,1,7,0,Davie,2022-05-30
1,11,1,10,0,Davie,2022-07-10
1,14,1,13,0,Davie,2022-08-18
1,11,1,10,0,Davie,2022-08-23
1,6,1,5,0,Davie,2022-08-27
1,5,1,4,0,Davie,2022-09-10
1,6,1,5,0,Davie,2022-09-17
1,8,1,7,0,Davie,2022-09-18
1,6,1,5,0,Davie,2022-09-25
1,7,1,6,0,Davie,2022-10-06
1,1,1,0,0,Davie,2022-10-27
1,7,2,5,0,Davie,2022-05-21
1,7,2,5,0,Davie,2022-07-30
1,13,2,11,0,Davie,2022-09-23
1,11,2,9,0,Davie,2022-10-03
1,6,2,4,0,Davie,2022-10-10
1,2,2,0,0,Davie,2022-10-23
1,13,3,10,0,Davie,2022-06-21
1,10,3,7,0,Davie,2022-07-15
1,9,3,6,0,Davie,2022-07-16
1,13,4,9,0,Davie,2022-06-28
1,22,4,18,0,Davie,2022-08-11
1,14,4,10,0,Davie,2022-08-25
1,16,4,12,0,Davie,2022-09-08
1,17,4,13,0,Davie,2022-09-21
1,10,4,6,0,Davie,2022-10-21
1,10,5,5,0,Davie,2022-07-23
1,11,5,6,0,Davie,2022-07-24
1,11,6,5,0,Davie,2022-05-03
1,17,6,11,0,Davie,2022-05-06
1,15,6,9,0,Davie,2022-05-26
1,17,6,11,0,Davie,2022-06-09
1,14,6,8,0,Davie,2022-06-30
1,24,6,18,0,Davie,2022-08-22
1,23,7,16,0,Davie,2022-06-01
1,25,7,18,0,Davie,2022-09-06
1,9,7,2,0,Davie,2022-10-17
1,23,10,13,0,Davie,2022-05-23
1,23,10,13,0,Davie,2022-08-15
1,27,11,16,0,Davie,2022-05-10
1,23,13,10,0,Davie,2022-09-13
1,5,0,5,0,Duplin,2022-06-19
1,8,0,8,0,Duplin,2022-09-10
1,3,0,3,0,Duplin,2022-10-02
1,4,0,4,0,Duplin,2022-10-09
1,2,0,2,0,Duplin,2022-10-16
1,2,0,2,0,Duplin,2022-10-22
1,3,1,2,0,Duplin,2022-05-04
1,10,1,9,0,Duplin,2022-05-13
1,7,1,6,0,Duplin,2022-05-22
1,6,1,5,0,Duplin,2022-06-05
1,3,1,2,0,Duplin,2022-09-24
1,4,1,3,0,Duplin,2022-10-28
1,4,2,2,0,Duplin,2022-05-07
1,10,2,8,0,Duplin,2022-06-09
1,13,2,11,0,Duplin,2022-06-11
1,6,2,4,0,Duplin,2022-06-24
1,7,2,5,0,Duplin,2022-09-03
1,6,2,4,0,Duplin,2022-10-01
1,9,3,6,0,Duplin,2022-10-12
1,5,3,2,0,Duplin,2022-10-26
1,8,4,4,0,Duplin,2022-05-05
1,9,4,5,0,Duplin,2022-06-02
1,11,4,7,0,Duplin,2022-09-23
1,6,4,2,0,Duplin,2022-09-30
1,6,4,2,0,Duplin,2022-10-27
1,5,5,0,0,Duplin,2022-05-27
1,17,5,12,0,Duplin,2022-07-16
1,11,6,5,0,Duplin,2022-09-22
1,12,6,6,0,Duplin,2022-10-18
1,16,7,9,0,Duplin,2022-05-16
1,16,10,6,0,Duplin,2022-05-23
1,20,10,10,0,Duplin,2022-05-31
1,15,10,5,0,Duplin,2022-08-17
1,23,16,7,0,Duplin,2022-06-14
1,18,1,17,0,Durham,2022-10-09
1,22,1,21,0,Durham,2022-10-15
1,45,4,41,0,Durham,2022-10-25
1,1,0,1,0,Edgecombe,2022-05-05
1,8,0,8,0,Edgecombe,2022-05-10
1,14,0,14,0,Edgecombe,2022-05-24
1,6,0,6,0,Edgecombe,2022-08-21
1,9,0,9,0,Edgecombe,2022-09-18
1,6,0,6,0,Edgecombe,2022-09-25
1,1,0,1,0,Edgecombe,2022-10-15
1,5,0,5,0,Edgecombe,2022-10-20
1,4,0,4,0,Edgecombe,2022-10-21
1,7,1,6,0,Edgecombe,2022-05-28
1,12,1,11,0,Edgecombe,2022-05-30
1,12,1,11,0,Edgecombe,2022-06-16
1,2,1,1,0,Edgecombe,2022-10-24
1,7,2,5,0,Edgecombe,2022-05-04
1,8,2,6,0,Edgecombe,2022-05-21
1,11,2,9,0,Edgecombe,2022-05-22
1,13,2,11,0,Edgecombe,2022-06-03
1,10,2,8,0,Edgecombe,2022-09-23
1,7,3,4,0,Edgecombe,2022-05-03
1,20,3,17,0,Edgecombe,2022-06-07
1,16,3,13,0,Edgecombe,2022-08-06
1,15,4,11,0,Edgecombe,2022-05-12
1,13,4,9,0,Edgecombe,2022-09-16
1,10,5,5,0,Edgecombe,2022-10-05
1,9,0,9,0,Franklin,2022-05-08
1,19,0,19,0,Franklin,2022-05-22
1,5,0,5,0,Franklin,2022-06-05
1,7,0,7,0,Franklin,2022-09-30
1,8,0,8,0,Franklin,2022-10-27
1,13,1,12,0,Franklin,2022-06-18
1,5,1,4,0,Franklin,2022-10-08
1,3,1,2,0,Franklin,2022-10-21
1,11,1,10,0,Franklin,2022-10-24
1,17,2,15,0,Franklin,2022-05-07
1,21,2,19,0,Franklin,2022-09-20
1,10,2,8,0,Franklin,2022-10-02
1,9,2,7,0,Franklin,2022-10-07
1,7,2,5,0,Franklin,2022-10-15
1,4,2,2,0,Franklin,2022-10-18
1,6,2,4,0,Franklin,2022-10-25
1,10,3,7,0,Franklin,2022-09-18
1,22,4,18,0,Franklin,2022-05-27
1,17,4,13,0,Franklin,2022-09-21
1,27,5,22,0,Franklin,2022-06-07
1,9,5,4,0,Franklin,2022-07-04
1,20,6,14,0,Franklin,2022-10-03
1,14,1,13,0,Gaston,2022-10-01
1,19,1,18,0,Gaston,2022-10-18
1,24,2,22,0,Gaston,2022-10-17
1,12,3,9,0,Gaston,2022-10-20
1,33,5,28,0,Gaston,2022-05-03
1,20,5,15,0,Gaston,2022-05-07
1,4,0,4,0,Gates,2022-06-12
1,2,0,2,0,Gates,2022-06-15
1,2,0,2,0,Gates,2022-07-09
1,2,0,2,0,Gates,2022-07-20
1,3,0,3,0,Gates,2022-07-25
1,3,0,3,0,Gates,2022-07-30
1,4,0,4,0,Gates,2022-08-01
1,1,0,1,0,Gates,2022-09-19
1,2,0,2,0,Gates,2022-09-20
1,2,0,2,0,Gates,2022-10-24
1,2,1,1,0,Gates,2022-05-24
1,2,1,1,0,Gates,2022-06-11
1,1,1,0,0,Gates,2022-06-23
1,3,1,2,0,Gates,2022-08-02
1,3,1,2,0,Gates,2022-08-05
1,1,1,0,0,Gates,2022-08-18
1,6,1,5,0,Gates,2022-09-07
1,4,1,3,0,Gates,2022-10-13
1,2,2,0,0,Gates,2022-06-09
1,2,2,0,0,Gates,2022-07-06
1,3,2,1,0,Gates,2022-07-22
1,7,2,5,0,Gates,2022-07-28
1,4,2,2,0,Gates,2022-08-08
1,5,2,3,0,Gates,2022-10-10
1,3,3,0,0,Gates,2022-06-04
1,4,3,1,0,Gates,2022-06-10
1,8,3,5,0,Gates,2022-07-18
1,4,3,1,0,Gates,2022-09-05
1,1,0,1,0,Graham,2022-06-11
1,3,0,3,0,Graham,2022-07-02
1,9,0,9,0,Graham,2022-07-06
1,3,0,3,0,Graham,2022-07-09
1,3,0,3,0,Graham,2022-07-17
1,2,0,2,0,Graham,2022-08-19
1,1,0,1,0,Graham,2022-08-20
1,1,0,1,0,Graham,2022-09-03
1,1,0,1,0,Graham,2022-10-09
1,1,1,0,0,Graham,2022-06-14
1,2,1,1,0,Graham,2022-06-16
1,3,1,2,0,Graham,2022-06-27
1,2,1,1,0,Graham,2022-08-09
1,3,1,2,0,Graham,2022-08-12
1,2,1,1,0,Graham,2022-08-14
1,4,1,3,0,Graham,2022-08-17
1,4,1,3,0,Graham,2022-08-26
1,2,1,1,0,Graham,2022-09-13
1,1,1,0,0,Graham,2022-10-08
1,1,1,0,0,Graham,2022-10-13
1,1,1,0,0,Graham,2022-10-28
1,4,2,2,0,Graham,2022-05-09
1,2,2,0,0,Graham,2022-05-24
1,2,2,0,0,Graham,2022-06-02
1,2,2,0,0,Graham,2022-06-20
1,5,2,3,0,Graham,2022-08-11
1,3,2,1,0,Graham,2022-08-23
1,2,2,0,0,Graham,2022-09-24
1,2,2,0,0,Graham,2022-09-28
1,3,2,1,0,Graham,2022-10-10
1,7,3,4,0,Graham,2022-07-14
1,5,3,2,0,Graham,2022-07-25
1,6,3,3,0,Graham,2022-08-04
1,3,3,0,0,Graham,2022-10-19
1,3,3,0,0,Graham,2022-10-20
1,3,3,0,0,Graham,2022-10-26
1,4,4,0,0,Graham,2022-07-29
1,7,5,2,0,Graham,2022-07-18
1,7,5,2,0,Graham,2022-08-10
1,8,5,3,0,Graham,2022-09-08
1,8,6,2,0,Graham,2022-08-05
1,9,0,9,0,Granville,2022-07-16
1,12,0,12,0,Granville,2022-09-28
1,3,0,3,0,Granville,2022-10-08
1,9,0,9,0,Granville,2022-10-14
1,8,1,7,0,Granville,2022-06-19
1,20,1,19,0,Granville,2022-07-30
1,12,1,11,0,Granville,2022-09-10
1,18,1,17,0,Granville,2022-09-16
1,10,1,9,0,Granville,2022-09-26
1,4,1,3,0,Granville,2022-10-07
1,7,1,6,0,Granville,2022-10-10
1,18,2,16,0,Granville,2022-06-15
1,21,2,19,0,Granville,2022-08-19
1,9,2,7,0,Granville,2022-09-04
1,8,2,6,0,Granville,2022-10-24
1,9,2,7,0,Granville,2022-10-28
1,12,3,9,0,Granville,2022-05-29
1,12,3,9,0,Granville,2022-09-11
1,19,3,16,0,Granville,2022-09-15
1,12,3,9,0,Granville,2022-10-04
1,18,4,14,0,Granville,2022-07-23
1,6,4,2,0,Granville,2022-09-05
1,10,5,5,0,Granville,2022-05-28
1,28,5,23,0,Granville,2022-09-09
1,24,7,17,0,Granville,2022-05-20
1,14,7,7,0,Granville,2022-10-03
1,20,9,11,0,Granville,2022-09-23
1,5,0,5,0,Greene,2022-05-27
1,2,0,2,0,Greene,2022-06-12
1,1,0,1,0,Greene,2022-07-10
1,1,0,1,0,Greene,2022-07-16
1,7,0,7,0,Greene,2022-08-07
1,8,0,8,0,Greene,2022-08-10
1,4,0,4,0,Greene,2022-08-16
1,8,0,8,0,Greene,2022-08-25
1,3,0,3,0,Greene,2022-09-05
1,2,0,2,0,Greene,2022-09-11
1,3,0,3,0,Greene,2022-10-05
1,6,0,6,0,Greene,2022-10-13
1,1,0,1,0,Greene,2022-10-21
1,3,0,3,0,Greene,2022-10-26
1,2,0,2,0,Greene,2022-10-27
1,6,1,5,0,Greene,2022-06-02
1,2,1,1,0,Greene,2022-06-05
1,2,1,1,0,Greene,2022-07-04
1,3,1,2,0,Greene,2022-07-09
1,5,1,4,0,Greene,2022-07-23
1,7,1,6,0,Greene,2022-08-22
1,9,1,8,0,Greene,2022-10-17
1,4,1,3,0,Greene,2022-10-19
1,8,2,6,0,Greene,2022-05-17
1,2,2,0,0,Greene,2022-05-19
1,9,2,7,0,Greene,2022-06-17
1,5,2,3,0,Greene,2022-08-03
1,4,2,2,0,Greene,2022-08-19
1,9,2,7,0,Greene,2022-09-16
1,4,2,2,0,Greene,2022-09-18
1,7,3,4,0,Greene,2022-05-20
1,8,3,5,0,Greene,2022-05-31
1,16,3,13,0,Greene,2022-07-22
1,10,3,7,0,Greene,2022-08-29
1,9,3,6,0,Greene,2022-09-08
1,6,3,3,0,Greene,2022-10-07
1,5,4,1,0,Greene,2022-06-01
1,7,4,3,0,Greene,2022-07-01
1,11,5,6,0,Greene,2022-05-09
1,18,8,10,0,Greene,2022-06-13
1,7,0,7,0,Halifax,2022-05-21
1,4,0,4,0,Halifax,2022-09-18
1,5,0,5,0,Halifax,2022-10-02
1,12,0,12,0,Halifax,2022-10-19
1,11,1,10,0,Halifax,2022-05-03
1,8,1,7,0,Halifax,2022-06-11
1,7,1,6,0,Halifax,2022-07-03
1,5,1,4,0,Halifax,2022-07-04
1,28,1,27,0,Halifax,2022-08-05
1,16,1,15,0,Halifax,2022-09-04
1,3,1,2,0,Halifax,2022-09-25
1,5,1,4,0,Halifax,2022-10-01
1,7,1,6,0,Halifax,2022-10-09
1,6,1,5,0,Halifax,2022-10-13
1,7,1,6,0,Halifax,2022-10-20
1,8,1,7,0,Halifax,2022-10-28
1,7,2,5,0,Halifax,2022-05-07
1,5,2,3,0,Halifax,2022-05-28
1,7,2,5,0,Halifax,2022-06-05
1,7,2,5,0,Halifax,2022-06-18
1,13,2,11,0,Halifax,2022-09-03
1,7,2,5,0,Halifax,2022-09-20
1,3,3,0,0,Halifax,2022-05-08
1,8,3,5,0,Halifax,2022-05-22
1,14,3,11,0,Halifax,2022-06-10
1,23,3,20,0,Halifax,2022-06-16
1,17,3,14,0,Halifax,2022-07-09
1,16,3,13,0,Halifax,2022-07-30
1,23,4,19,0,Halifax,2022-05-19
1,19,4,15,0,Halifax,2022-06-23
1,12,5,7,0,Halifax,2022-09-15
1,18,6,12,0,Halifax,2022-05-10
1,22,8,14,0,Halifax,2022-05-17
1,23,8,15,0,Halifax,2022-10-10
1,3,0,3,0,Harnett,2022-10-15
1,16,1,15,0,Harnett,2022-06-04
1,4,1,3,0,Harnett,2022-10-29
1,16,2,14,0,Harnett,2022-10-03
1,11,2,9,0,Harnett,2022-10-08
1,12,2,10,0,Harnett,2022-10-18
1,20,3,17,0,Harnett,2022-05-15
1,12,3,9,0,Harnett,2022-10-19
1,24,4,20,0,Harnett,2022-08-13
1,15,4,11,0,Harnett,2022-10-21
1,27,5,22,0,Harnett,2022-05-04
1,19,5,14,0,Harnett,2022-06-26
1,21,7,14,0,Harnett,2022-09-03
1,6,1,5,0,Haywood,2022-09-11
1,9,2,7,0,Haywood,2022-07-15
1,7,2,5,0,Haywood,2022-09-03
1,6,2,4,0,Haywood,2022-10-01
1,7,3,4,0,Haywood,2022-10-05
1,7,4,3,0,Haywood,2022-10-09
1,18,5,13,0,Haywood,2022-05-19
1,6,5,1,0,Haywood,2022-05-28
1,24,5,19,0,Haywood,2022-06-06
1,9,5,4,0,Haywood,2022-08-13
1,10,5,5,0,Haywood,2022-10-04
1,6,5,1,0,Haywood,2022-10-15
1,10,5,5,0,Haywood,2022-10-23
1,9,6,3,0,Haywood,2022-05-21
1,18,6,12,0,Haywood,2022-06-17
1,15,6,9,0,Haywood,2022-06-19
1,10,6,4,0,Haywood,2022-09-18
1,15,7,8,0,Haywood,2022-06-10
1,16,7,9,0,Haywood,2022-06-24
1,12,7,5,0,Haywood,2022-07-19
1,14,7,7,0,Haywood,2022-09-14
1,12,8,4,0,Haywood,2022-05-22
1,14,8,6,0,Haywood,2022-06-30
1,12,8,4,0,Haywood,2022-07-23
1,15,8,7,0,Haywood,2022-07-31
1,14,8,6,0,Haywood,2022-08-17
1,13,8,5,0,Haywood,2022-10-13
1,14,9,5,0,Haywood,2022-06-05
1,19,9,10,0,Haywood,2022-06-23
1,15,9,6,0,Haywood,2022-07-17
1,12,9,3,0,Haywood,2022-07-24
1,24,9,15,0,Haywood,2022-08-08
1,25,9,16,0,Haywood,2022-08-31
1,17,9,8,0,Haywood,2022-10-10
1,14,10,4,0,Haywood,2022-10-28
1,20,11,9,0,Haywood,2022-05-12
1,20,11,9,0,Haywood,2022-06-07
1,23,11,12,0,Haywood,2022-07-28
1,25,14,11,0,Haywood,2022-05-25
1,22,14,8,0,Haywood,2022-07-14
1,14,2,12,0,Henderson,2022-05-21
1,8,2,6,0,Henderson,2022-10-29
1,8,3,5,0,Henderson,2022-10-09
1,21,5,16,0,Henderson,2022-08-20
1,14,5,9,0,Henderson,2022-10-28
1,23,6,17,0,Henderson,2022-09-17
1,12,6,6,0,Henderson,2022-10-02
1,19,7,12,0,Henderson,2022-09-21
1,26,8,18,0,Henderson,2022-06-05
1,24,8,16,0,Henderson,2022-08-22
1,23,9,14,0,Henderson,2022-06-07
1,18,10,8,0,Henderson,2022-05-08
1,39,10,29,0,Henderson,2022-08-14
1,21,10,11,0,Henderson,2022-09-05
1,17,10,7,0,Henderson,2022-10-15
1,25,11,14,0,Henderson,2022-05-26
1,24,11,13,0,Henderson,2022-06-04
1,41,13,28,0,Henderson,2022-07-31
1,26,13,13,0,Henderson,2022-08-13
1,23,15,8,0,Henderson,2022-07-04
1,30,18,12,0,Henderson,2022-07-03
1,1,0,1,0,Hertford,2022-05-03
1,1,0,1,0,Hertford,2022-05-07
1,2,0,2,0,Hertford,2022-05-08
1,3,0,3,0,Hertford,2022-05-10
1,6,0,6,0,Hertford,2022-05-23
1,8,0,8,0,Hertford,2022-06-14
1,5,0,5,0,Hertford,2022-07-01
1,6,0,6,0,Hertford,2022-08-13
1,4,0,4,0,Hertford,2022-09-16
1,3,0,3,0,Hertford,2022-10-10
1,7,1,6,0,Hertford,2022-05-05
1,4,1,3,0,Hertford,2022-05-13
1,8,1,7,0,Hertford,2022-06-02
1,4,1,3,0,Hertford,2022-06-04
1,11,1,10,0,Hertford,2022-06-13
1,7,1,6,0,Hertford,2022-06-16
1,7,1,6,0,Hertford,2022-08-06
1,2,1,1,0,Hertford,2022-08-15
1,4,1,3,0,Hertford,2022-08-23
1,4,1,3,0,Hertford,2022-08-24
1,2,1,1,0,Hertford,2022-10-18
1,8,2,6,0,Hertford,2022-05-12
1,8,2,6,0,Hertford,2022-05-25
1,3,2,1,0,Hertford,2022-05-29
1,5,2,3,0,Hertford,2022-06-08
1,12,2,10,0,Hertford,2022-07-16
1,9,2,7,0,Hertford,2022-08-05
1,7,2,5,0,Hertford,2022-08-10
1,3,2,1,0,Hertford,2022-08-12
1,6,2,4,0,Hertford,2022-08-26
1,4,2,2,0,Hertford,2022-09-15
1,4,2,2,0,Hertford,2022-10-06
1,2,2,0,0,Hertford,2022-10-27
1,5,3,2,0,Hertford,2022-05-09
1,7,3,4,0,Hertford,2022-06-07
1,4,3,1,0,Hertford,2022-06-25
1,9,3,6,0,Hertford,2022-06-29
1,10,3,7,0,Hertford,2022-07-13
1,10,3,7,0,Hertford,2022-08-03
1,4,3,1,0,Hertford,2022-09-05
1,7,3,4,0,Hertford,2022-09-14
1,3,3,0,0,Hertford,2022-09-22
1,4,3,1,0,Hertford,2022-10-03
1,8,4,4,0,Hertford,2022-06-21
1,16,4,12,0,Hertford,2022-08-02
1,10,4,6,0,Hertford,2022-08-09
1,6,4,2,0,Hertford,2022-09-19
1,15,5,10,0,Hertford,2022-07-18
1,8,5,3,0,Hertford,2022-09-21
1,18,7,11,0,Hertford,2022-07-14
1,13,7,6,0,Hertford,2022-08-31
1,8,0,8,0,Hoke,2022-09-24
1,5,0,5,0,Hoke,2022-09-25
1,9,0,9,0,Hoke,2022-10-11
1,1,0,1,0,Hoke,2022-10-29
1,13,1,12,0,Hoke,2022-07-09
1,5,1,4,0,Hoke,2022-09-27
1,7,1,6,0,Hoke,2022-10-07
1,7,1,6,0,Hoke,2022-10-10
1,6,1,5,0,Hoke,2022-10-15
1,4,1,3,0,Hoke,2022-10-25
1,13,2,11,0,Hoke,2022-05-20
1,11,2,9,0,Hoke,2022-06-05
1,11,2,9,0,Hoke,2022-06-11
1,11,2,9,0,Hoke,2022-07-03
1,9,2,7,0,Hoke,2022-07-16
1,9,2,7,0,Hoke,2022-09-30
1,7,2,5,0,Hoke,2022-10-12
1,5,2,3,0,Hoke,2022-10-21
1,12,3,9,0,Hoke,2022-05-06
1,7,3,4,0,Hoke,2022-05-08
1,13,3,10,0,Hoke,2022-05-21
1,16,3,13,0,Hoke,2022-07-08
1,20,3,17,0,Hoke,2022-08-15
1,7,3,4,0,Hoke,2022-08-20
1,8,3,5,0,Hoke,2022-09-13
1,8,3,5,0,Hoke,2022-10-04
1,20,4,16,0,Hoke,2022-06-27
1,14,4,10,0,Hoke,2022-09-21
1,8,4,4,0,Hoke,2022-10-02
1,12,4,8,0,Hoke,2022-10-08
1,5,4,1,0,Hoke,2022-10-22
1,20,5,15,0,Hoke,2022-06-17
1,24,7,17,0,Hoke,2022-05-12
1,25,7,18,0,Hoke,2022-06-01
1,18,7,11,0,Hoke,2022-09-14
1,16,8,8,0,Hoke,2022-05-15
1,20,8,12,0,Hoke,2022-06-15
1,6,0,6,0,Hyde,2022-05-10
1,3,0,3,0,Hyde,2022-05-11
1,15,0,15,0,Hyde,2022-05-16
1,4,0,4,0,Hyde,2022-05-19
1,5,0,5,0,Hyde,2022-05-20
1,5,0,5,0,Hyde,2022-05-23
1,8,0,8,0,Hyde,2022-05-26
1,4,0,4,0,Hyde,2022-06-01
1,3,0,3,0,Hyde,2022-06-07
1,6,0,6,0,Hyde,2022-06-13
1,2,0,2,0,Hyde,2022-06-21
1,3,0,3,0,Hyde,2022-06-22
1,2,0,2,0,Hyde,2022-06-30
1,2,0,2,0,Hyde,2022-07-06
1,5,0,5,0,Hyde,2022-07-11
1,3,0,3,0,Hyde,2022-07-13
1,4,0,4,0,Hyde,2022-07-28
1,3,0,3,0,Hyde,2022-08-09
1,4,0,4,0,Hyde,2022-08-12
1,2,0,2,0,Hyde,2022-08-14
1,7,0,7,0,Hyde,2022-08-29
1,5,0,5,0,Hyde,2022-09-02
1,2,0,2,0,Hyde,2022-09-15
1,2,0,2,0,Hyde,2022-10-24
1,1,0,1,0,Hyde,2022-10-28
1,3,1,2,0,Hyde,2022-06-16
1,2,1,1,0,Hyde,2022-07-14
1,2,1,1,0,Hyde,2022-08-10
1,2,1,1,0,Hyde,2022-09-13
1,6,2,4,0,Hyde,2022-08-04
1,11,2,9,0,Iredell,2022-10-22
1,22,10,12,0,Iredell,2022-10-09
1,20,11,9,0,Iredell,2022-05-08
1,19,11,8,0,Iredell,2022-10-02
1,26,13,13,0,Iredell,2022-05-05
1,5,0,5,0,Jackson,2022-05-14
1,8,0,8,0,Jackson,2022-05-17
1,4,0,4,0,Jackson,2022-05-30
1,10,0,10,0,Jackson,2022-07-02
1,3,0,3,0,Jackson,2022-10-18
1,5,1,4,0,Jackson,2022-05-21
1,5,1,4,0,Jackson,2022-06-04
1,10,1,9,0,Jackson,2022-07-26
1,7,1,6,0,Jackson,2022-08-14
1,4,1,3,0,Jackson,2022-09-04
1,5,1,4,0,Jackson,2022-10-04
1,3,1,2,0,Jackson,2022-10-13
1,4,1,3,0,Jackson,2022-10-20
1,2,1,1,0,Jackson,2022-10-21
1,5,1,4,0,Jackson,2022-10-27
1,7,1,6,0,Jackson,2022-10-28
1,7,2,5,0,Jackson,2022-05-20
1,7,2,5,0,Jackson,2022-06-10
1,12,2,10,0,Jackson,2022-06-16
1,9,2,7,0,Jackson,2022-06-19
1,4,2,2,0,Jackson,2022-07-09
1,13,2,11,0,Jackson,2022-07-16
1,9,2,7,0,Jackson,2022-07-30
1,4,2,2,0,Jackson,2022-08-06
1,12,2,10,0,Jackson,2022-08-09
1,7,2,5,0,Jackson,2022-09-03
1,7,2,5,0,Jackson,2022-09-16
1,9,2,7,0,Jackson,2022-09-23
1,5,2,3,0,Jackson,2022-09-24
1,11,3,8,0,Jackson,2022-06-15
1,6,3,3,0,Jackson,2022-08-11
1,5,3,2,0,Jackson,2022-08-20
1,9,3,6,0,Jackson,2022-08-28
1,10,3,7,0,Jackson,2022-09-30
1,9,3,6,0,Jackson,2022-10-24
1,7,4,3,0,Jackson,2022-05-06
1,11,4,7,0,Jackson,2022-06-07
1,23,4,19,0,Jackson,2022-07-19
1,6,4,2,0,Jackson,2022-07-23
1,16,4,12,0,Jackson,2022-07-27
1,19,4,15,0,Jackson,2022-08-04
1,7,4,3,0,Jackson,2022-08-16
1,13,4,9,0,Jackson,2022-08-19
1,11,4,7,0,Jackson,2022-08-25
1,8,4,4,0,Jackson,2022-10-07
1,8,5,3,0,Jackson,2022-09-02
1,12,5,7,0,Jackson,2022-09-19
1,13,5,8,0,Jackson,2022-09-20
1,11,5,6,0,Jackson,2022-09-26
1,16,6,10,0,Jackson,2022-06-13
1,12,6,6,0,Jackson,2022-07-08
1,17,6,11,0,Jackson,2022-07-18
1,13,6,7,0,Jackson,2022-07-29
1,10,6,4,0,Jackson,2022-08-15
1,18,6,12,0,Jackson,2022-09-09
1,12,9,3,0,Jackson,2022-08-31
1,17,9,8,0,Jackson,2022-09-01
1,29,17,12,0,Jackson,2022-08-01
1,24,17,7,0,Jackson,2022-08-29
1,12,0,12,0,Johnston,2022-10-22
1,14,1,13,0,Johnston,2022-10-09
1,21,5,16,0,Johnston,2022-10-08
1,42,6,36,0,Johnston,2022-05-14
1,45,9,36,0,Johnston,2022-08-21
1,29,10,19,0,Johnston,2022-05-07
1,39,12,27,0,Johnston,2022-05-30
1,2,0,2,0,Jones,2022-05-04
1,2,0,2,0,Jones,2022-05-31
1,4,0,4,0,Jones,2022-06-11
1,3,0,3,0,Jones,2022-08-06
1,5,0,5,0,Jones,2022-08-11
1,2,0,2,0,Jones,2022-08-21
1,1,0,1,0,Jones,2022-09-12
1,5,0,5,0,Jones,2022-09-15
1,3,0,3,0,Jones,2022-09-17
1,4,0,4,0,Jones,2022-09-27
1,2,1,1,0,Jones,2022-05-06
1,2,1,1,0,Jones,2022-05-07
1,2,1,1,0,Jones,2022-05-11
1,2,1,1,0,Jones,2022-05-27
1,4,1,3,0,Jones,2022-07-18
1,3,1,2,0,Jones,2022-07-25
1,5,1,4,0,Jones,2022-08-03
1,4,1,3,0,Jones,2022-08-05
1,4,1,3,0,Jones,2022-08-08
1,2,1,1,0,Jones,2022-08-23
1,1,1,0,0,Jones,2022-09-02
1,1,1,0,0,Jones,2022-09-25
1,2,1,1,0,Jones,2022-09-29
1,1,1,0,0,Jones,2022-10-17
1,2,2,0,0,Jones,2022-05-30
1,3,2,1,0,Jones,2022-06-23
1,6,2,4,0,Jones,2022-07-01
1,7,2,5,0,Jones,2022-07-16
1,5,2,3,0,Jones,2022-07-26
1,3,2,1,0,Jones,2022-08-10
1,7,2,5,0,Jones,2022-08-18
1,6,3,3,0,Jones,2022-06-27
1,7,3,4,0,Jones,2022-07-27
1,8,3,5,0,Jones,2022-08-12
1,5,3,2,0,Jones,2022-08-17
1,7,3,4,0,Jones,2022-09-22
1,5,4,1,0,Jones,2022-06-08
1,4,4,0,0,Jones,2022-09-13
1,6,5,1,0,Jones,2022-09-21
1,15,0,15,0,Lee,2022-05-12
1,12,0,12,0,Lee,2022-06-10
1,4,0,4,0,Lee,2022-10-13
1,11,1,10,0,Lee,2022-05-08
1,17,1,16,0,Lee,2022-05-09
1,14,1,13,0,Lee,2022-05-11
1,8,1,7,0,Lee,2022-06-11
1,10,1,9,0,Lee,2022-07-03
1,3,1,2,0,Lee,2022-10-16
1,9,2,7,0,Lee,2022-06-12
1,8,2,6,0,Lee,2022-06-18
1,7,2,5,0,Lee,2022-09-30
1,8,2,6,0,Lee,2022-10-06
1,10,2,8,0,Lee,2022-10-19
1,5,2,3,0,Lee,2022-10-22
1,14,3,11,0,Lee,2022-05-03
1,14,3,11,0,Lee,2022-05-04
1,4,3,1,0,Lee,2022-10-20
1,16,4,12,0,Lee,2022-05-13
1,6,4,2,0,Lee,2022-10-21
1,13,4,9,0,Lee,2022-10-24
1,7,4,3,0,Lee,2022-10-27
1,16,5,11,0,Lee,2022-06-16
1,10,5,5,0,Lee,2022-09-18
1,11,5,6,0,Lee,2022-09-23
1,26,6,20,0,Lee,2022-05-25
1,14,6,8,0,Lee,2022-05-30
1,22,8,14,0,Lee,2022-06-20
1,13,8,5,0,Lee,2022-06-25
1,15,9,6,0,Lee,2022-07-30
1,23,12,11,0,Lee,2022-08-31
1,7,0,7,0,Lenoir,2022-05-05
1,1,0,1,0,Lenoir,2022-10-09
1,1,0,1,0,Lenoir,2022-10-22
1,4,0,4,0,Lenoir,2022-10-26
1,3,0,3,0,Lenoir,2022-10-29
1,11,1,10,0,Lenoir,2022-05-17
1,3,1,2,0,Lenoir,2022-05-29
1,3,1,2,0,Lenoir,2022-08-27
1,5,1,4,0,Lenoir,2022-10-21
1,7,2,5,0,Lenoir,2022-05-10
1,4,2,2,0,Lenoir,2022-05-11
1,3,2,1,0,Lenoir,2022-05-30
1,10,2,8,0,Lenoir,2022-06-17
1,9,2,7,0,Lenoir,2022-08-21
1,13,2,11,0,Lenoir,2022-09-05
1,6,2,4,0,Lenoir,2022-09-18
1,5,2,3,0,Lenoir,2022-09-27
1,7,2,5,0,Lenoir,2022-10-03
1,8,2,6,0,Lenoir,2022-10-12
1,5,2,3,0,Lenoir,2022-10-15
1,6,2,4,0,Lenoir,2022-10-20
1,5,2,3,0,Lenoir,2022-10-25
1,4,2,2,0,Lenoir,2022-10-28
1,9,3,6,0,Lenoir,2022-05-13
1,9,3,6,0,Lenoir,2022-05-15
1,10,3,7,0,Lenoir,2022-05-24
1,12,3,9,0,Lenoir,2022-07-16
1,14,3,11,0,Lenoir,2022-07-23
1,9,3,6,0,Lenoir,2022-09-08
1,11,4,7,0,Lenoir,2022-07-09
1,8,4,4,0,Lenoir,2022-08-20
1,9,4,5,0,Lenoir,2022-09-22
1,19,5,14,0,Lenoir,2022-05-16
1,13,5,8,0,Lenoir,2022-05-20
1,6,5,1,0,Lenoir,2022-05-22
1,9,5,4,0,Lenoir,2022-06-19
1,12,5,7,0,Lenoir,2022-10-24
1,9,6,3,0,Lenoir,2022-06-03
1,7,6,1,0,Lenoir,2022-09-04
1,19,7,12,0,Lenoir,2022-06-07
1,11,7,4,0,Lenoir,2022-10-05
1,17,8,9,0,Lenoir,2022-06-01
1,9,0,9,0,Lincoln,2022-08-25
1,2,0,2,0,Lincoln,2022-10-16
1,7,1,6,0,Lincoln,2022-05-08
1,4,1,3,0,Lincoln,2022-10-29
1,14,2,12,0,Lincoln,2022-05-05
1,5,2,3,0,Lincoln,2022-05-15
1,8,2,6,0,Lincoln,2022-05-21
1,15,2,13,0,Lincoln,2022-06-10
1,23,2,21,0,Lincoln,2022-08-06
1,7,2,5,0,Lincoln,2022-08-28
1,9,2,7,0,Lincoln,2022-09-24
1,7,2,5,0,Lincoln,2022-09-25
1,8,2,6,0,Lincoln,2022-10-04
1,14,3,11,0,Lincoln,2022-06-19
1,19,3,16,0,Lincoln,2022-09-03
1,6,3,3,0,Lincoln,2022-10-15
1,11,3,8,0,Lincoln,2022-10-21
1,13,3,10,0,Lincoln,2022-10-26
1,16,4,12,0,Lincoln,2022-05-30
1,15,5,10,0,Lincoln,2022-06-03
1,11,5,6,0,Lincoln,2022-06-25
1,20,6,14,0,Lincoln,2022-08-31
1,1,0,1,0,Macon,2022-05-05
1,7,0,7,0,Macon,2022-06-16
1,6,0,6,0,Macon,2022-06-18
1,12,0,12,0,Macon,2022-06-20
1,3,0,3,0,Macon,2022-07-03
1,8,0,8,0,Macon,2022-08-05
1,6,0,6,0,Macon,2022-08-12
1,2,0,2,0,Macon,2022-08-26
1,3,0,3,0,Macon,2022-10-27
1,2,1,1,0,Macon,2022-05-03
1,7,1,6,0,Macon,2022-06-25
1,7,1,6,0,Macon,2022-06-29
1,15,1,14,0,Macon,2022-07-08
1,9,1,8,0,Macon,2022-08-03
1,10,1,9,0,Macon,2022-08-09
1,6,1,5,0,Macon,2022-08-13
1,6,1,5,0,Macon,2022-08-16
1,7,1,6,0,Macon,2022-08-30
1,3,1,2,0,Macon,2022-09-07
1,6,1,5,0,Macon,2022-09-13
1,3,1,2,0,Macon,2022-10-06
1,3,1,2,0,Macon,2022-10-17
1,2,1,1,0,Macon,2022-10-21
1,3,2,1,0,Macon,2022-05-06
1,8,2,6,0,Macon,2022-05-26
1,15,2,13,0,Macon,2022-07-11
1,9,2,7,0,Macon,2022-08-11
1,11,2,9,0,Macon,2022-08-25
1,3,2,1,0,Macon,2022-09-29
1,7,3,4,0,Macon,2022-07-01
1,14,3,11,0,Macon,2022-07-06
1,7,3,4,0,Macon,2022-09-16
1,6,3,3,0,Macon,2022-10-03
1,21,4,17,0,Macon,2022-07-05
1,25,4,21,0,Macon,2022-07-18
1,10,4,6,0,Macon,2022-07-20
1,10,4,6,0,Macon,2022-09-09
1,15,5,10,0,Macon,2022-06-06
1,16,5,11,0,Macon,2022-07-22
1,10,5,5,0,Macon,2022-07-29
1,13,5,8,0,Macon,2022-08-15
1,12,6,6,0,Macon,2022-07-09
1,26,6,20,0,Macon,2022-07-19
1,13,8,5,0,Macon,2022-06-28
1,15,9,6,0,Macon,2022-06-01
1,3,0,3,0,Madison,2022-05-27
1,2,0,2,0,Madison,2022-06-24
1,4,0,4,0,Madison,2022-07-10
1,2,0,2,0,Madison,2022-09-25
1,4,0,4,0,Madison,2022-09-26
1,4,0,4,0,Madison,2022-09-28
1,6,0,6,0,Madison,2022-09-30
1,3,0,3,0,Madison,2022-10-17
1,4,1,3,0,Madison,2022-06-04
1,7,1,6,0,Madison,2022-06-08
1,3,1,2,0,Madison,2022-06-30
1,8,1,7,0,Madison,2022-07-05
1,3,1,2,0,Madison,2022-07-15
1,4,1,3,0,Madison,2022-07-26
1,2,1,1,0,Madison,2022-08-14
1,2,1,1,0,Madison,2022-10-15
1,3,1,2,0,Madison,2022-10-21
1,2,1,1,0,Madison,2022-10-26
1,4,2,2,0,Madison,2022-07-20
1,7,2,5,0,Madison,2022-07-27
1,9,2,7,0,Madison,2022-08-08
1,6,2,4,0,Madison,2022-08-10
1,5,2,3,0,Madison,2022-08-15
1,3,2,1,0,Madison,2022-08-21
1,5,2,3,0,Madison,2022-08-23
1,4,2,2,0,Madison,2022-09-08
1,4,2,2,0,Madison,2022-09-20
1,3,2,1,0,Madison,2022-09-21
1,6,3,3,0,Madison,2022-05-20
1,5,3,2,0,Madison,2022-05-30
1,9,3,6,0,Madison,2022-08-22
1,9,3,6,0,Madison,2022-08-31
1,8,3,5,0,Madison,2022-09-07
1,4,3,1,0,Madison,2022-09-27
1,6,3,3,0,Madison,2022-10-18
1,13,4,9,0,Madison,2022-05-17
1,5,4,1,0,Madison,2022-05-26
1,7,4,3,0,Madison,2022-06-06
1,11,4,7,0,Madison,2022-06-20
1,8,4,4,0,Madison,2022-06-21
1,6,4,2,0,Madison,2022-07-22
1,6,4,2,0,Madison,2022-07-28
1,5,4,1,0,Madison,2022-08-04
1,5,4,1,0,Madison,2022-08-07
1,5,4,1,0,Madison,2022-08-30
1,10,5,5,0,Madison,2022-06-14
1,9,5,4,0,Madison,2022-06-22
1,8,5,3,0,Madison,2022-06-28
1,9,5,4,0,Madison,2022-07-11
1,7,5,2,0,Madison,2022-07-23
1,2,0,2,0,Martin,2022-06-11
1,3,0,3,0,Martin,2022-06-26
1,3,0,3,0,Martin,2022-07-02
1,9,0,9,0,Martin,2022-07-22
1,6,0,6,0,Martin,2022-08-05
1,4,0,4,0,Martin,2022-08-13
1,5,0,5,0,Martin,2022-08-21
1,3,0,3,0,Martin,2022-09-05
1,2,0,2,0,Martin,2022-09-10
1,2,0,2,0,Martin,2022-09-11
1,3,0,3,0,Martin,2022-09-12
1,5,0,5,0,Martin,2022-09-21
1,3,0,3,0,Martin,2022-10-03
1,1,0,1,0,Martin,2022-10-10
1,2,0,2,0,Martin,2022-10-13
1,2,0,2,0,Martin,2022-10-15
1,5,0,5,0,Martin,2022-10-19
1,1,0,1,0,Martin,2022-10-22
1,2,1,1,0,Martin,2022-05-06
1,5,1,4,0,Martin,2022-05-22
1,2,1,1,0,Martin,2022-05-30
1,4,1,3,0,Martin,2022-07-23
1,9,1,8,0,Martin,2022-08-16
1,9,1,8,0,Martin,2022-09-26
1,7,1,6,0,Martin,2022-09-28
1,5,2,3,0,Martin,2022-05-04
1,9,2,7,0,Martin,2022-05-16
1,7,2,5,0,Martin,2022-05-26
1,4,2,2,0,Martin,2022-05-28
1,8,2,6,0,Martin,2022-06-01
1,6,2,4,0,Martin,2022-06-03
1,15,2,13,0,Martin,2022-06-14
1,12,2,10,0,Martin,2022-06-30
1,4,2,2,0,Martin,2022-07-30
1,5,2,3,0,Martin,2022-08-06
1,4,2,2,0,Martin,2022-09-09
1,3,2,1,0,Martin,2022-09-17
1,6,2,4,0,Martin,2022-10-05
1,7,2,5,0,Martin,2022-10-20
1,7,3,4,0,Martin,2022-05-27
1,12,3,9,0,Martin,2022-07-15
1,13,3,10,0,Martin,2022-08-24
1,8,3,5,0,Martin,2022-09-08
1,6,3,3,0,Martin,2022-09-27
1,9,4,5,0,Martin,2022-06-02
1,14,4,10,0,Martin,2022-06-28
1,8,4,4,0,Martin,2022-06-29
1,9,4,5,0,Martin,2022-07-20
1,8,4,4,0,Martin,2022-09-14
1,18,6,12,0,Martin,2022-07-26
1,9,0,9,0,McDowell,2022-05-06
1,6,0,6,0,McDowell,2022-05-15
1,5,0,5,0,McDowell,2022-06-26
1,8,0,8,0,McDowell,2022-08-20
1,7,0,7,0,McDowell,2022-08-28
1,11,0,11,0,McDowell,2022-09-09
1,5,0,5,0,McDowell,2022-09-28
1,5,0,5,0,McDowell,2022-10-02
1,4,0,4,0,McDowell,2022-10-10
1,2,0,2,0,McDowell,2022-10-21
1,4,0,4,0,McDowell,2022-10-26
1,5,0,5,0,McDowell,2022-10-29
1,8,1,7,0,McDowell,2022-06-07
1,13,1,12,0,McDowell,2022-06-08
1,14,1,13,0,McDowell,2022-08-01
1,19,1,18,0,McDowell,2022-08-23
1,8,1,7,0,McDowell,2022-09-22
1,9,1,8,0,McDowell,2022-10-17
1,5,1,4,0,McDowell,2022-10-28
1,8,2,6,0,McDowell,2022-05-05
1,13,2,11,0,McDowell,2022-05-25
1,14,2,12,0,McDowell,2022-06-14
1,18,2,16,0,McDowell,2022-06-29
1,13,2,11,0,McDowell,2022-09-08
1,7,2,5,0,McDowell,2022-10-11
1,4,2,2,0,McDowell,2022-10-13
1,8,3,5,0,McDowell,2022-06-09
1,19,3,16,0,McDowell,2022-06-17
1,8,4,4,0,McDowell,2022-06-19
1,19,7,12,0,McDowell,2022-06-20
1,3,0,3,0,Mitchell,2022-05-24
1,5,0,5,0,Mitchell,2022-05-30
1,5,0,5,0,Mitchell,2022-06-04
1,5,0,5,0,Mitchell,2022-07-27
1,4,0,4,0,Mitchell,2022-08-17
1,3,0,3,0,Mitchell,2022-09-02
1,1,0,1,0,Mitchell,2022-10-01
1,1,0,1,0,Mitchell,2022-10-09
1,2,0,2,0,Mitchell,2022-10-16
1,2,1,1,0,Mitchell,2022-05-09
1,1,1,0,0,Mitchell,2022-05-11
1,2,1,1,0,Mitchell,2022-05-12
1,3,1,2,0,Mitchell,2022-06-01
1,3,1,2,0,Mitchell,2022-07-10
1,2,1,1,0,Mitchell,2022-07-17
1,5,1,4,0,Mitchell,2022-08-05
1,5,1,4,0,Mitchell,2022-08-06
1,4,1,3,0,Mitchell,2022-08-19
1,4,1,3,0,Mitchell,2022-08-23
1,7,1,6,0,Mitchell,2022-08-24
1,4,1,3,0,Mitchell,2022-08-25
1,7,1,6,0,Mitchell,2022-09-06
1,3,1,2,0,Mitchell,2022-09-13
1,2,1,1,0,Mitchell,2022-09-16
1,2,1,1,0,Mitchell,2022-10-02
1,2,1,1,0,Mitchell,2022-10-03
1,1,1,0,0,Mitchell,2022-10-17
1,1,1,0,0,Mitchell,2022-10-18
1,1,1,0,0,Mitchell,2022-10-20
1,3,2,1,0,Mitchell,2022-05-03
1,8,2,6,0,Mitchell,2022-07-28
1,5,2,3,0,Mitchell,2022-08-12
1,7,2,5,0,Mitchell,2022-09-12
1,2,2,0,0,Mitchell,2022-10-13
1,5,3,2,0,Mitchell,2022-06-10
1,7,3,4,0,Mitchell,2022-08-02
1,5,3,2,0,Mitchell,2022-08-11
1,4,4,0,0,Mitchell,2022-05-17
1,6,4,2,0,Mitchell,2022-05-26
1,9,4,5,0,Mitchell,2022-06-21
1,7,4,3,0,Mitchell,2022-07-08
1,7,5,2,0,Mitchell,2022-06-24
1,12,5,7,0,Mitchell,2022-06-27
1,10,6,4,0,Mitchell,2022-06-13
1,11,6,5,0,Mitchell,2022-06-14
1,8,6,2,0,Mitchell,2022-06-17
1,11,7,4,0,Mitchell,2022-08-04
1,16,11,5,0,Mitchell,2022-06-06
1,2,0,2,0,Montgomery,2022-05-09
1,2,0,2,0,Montgomery,2022-05-22
1,6,0,6,0,Montgomery,2022-05-25
1,3,0,3,0,Montgomery,2022-06-11
1,4,0,4,0,Montgomery,2022-06-27
1,1,0,1,0,Montgomery,2022-07-03
1,6,0,6,0,Montgomery,2022-07-16
1,3,0,3,0,Montgomery,2022-10-09
1,3,0,3,0,Montgomery,2022-10-19
1,1,0,1,0,Montgomery,2022-10-22
1,6,1,5,0,Montgomery,2022-05-10
1,2,1,1,0,Montgomery,2022-05-24
1,9,1,8,0,Montgomery,2022-06-07
1,3,1,2,0,Montgomery,2022-06-10
1,6,1,5,0,Montgomery,2022-06-13
1,4,1,3,0,Montgomery,2022-08-13
1,3,1,2,0,Montgomery,2022-08-28
1,5,1,4,0,Montgomery,2022-09-29
1,4,1,3,0,Montgomery,2022-10-01
1,3,1,2,0,Montgomery,2022-10-07
1,3,1,2,0,Montgomery,2022-10-11
1,2,1,1,0,Montgomery,2022-10-14
1,6,2,4,0,Montgomery,2022-06-15
1,2,2,0,0,Montgomery,2022-06-19
1,7,2,5,0,Montgomery,2022-06-24
1,4,2,2,0,Montgomery,2022-07-17
1,13,2,11,0,Montgomery,2022-07-19
1,2,2,0,0,Montgomery,2022-09-05
1,6,2,4,0,Montgomery,2022-09-11
1,4,2,2,0,Montgomery,2022-09-22
1,5,3,2,0,Montgomery,2022-06-04
1,10,3,7,0,Montgomery,2022-06-14
1,8,3,5,0,Montgomery,2022-07-24
1,10,3,7,0,Montgomery,2022-07-26
1,11,3,8,0,Montgomery,2022-07-27
1,10,3,7,0,Montgomery,2022-08-10
1,5,3,2,0,Montgomery,2022-08-25
1,8,3,5,0,Montgomery,2022-09-08
1,13,3,10,0,Montgomery,2022-09-12
1,6,3,3,0,Montgomery,2022-09-25
1,8,3,5,0,Montgomery,2022-10-24
1,4,3,1,0,Montgomery,2022-10-25
1,15,4,11,0,Montgomery,2022-07-13
1,12,4,8,0,Montgomery,2022-07-28
1,8,4,4,0,Montgomery,2022-09-20
1,13,5,8,0,Montgomery,2022-07-06
1,10,5,5,0,Montgomery,2022-08-12
1,16,6,10,0,Montgomery,2022-08-01
1,7,6,1,0,Montgomery,2022-08-27
1,19,9,10,0,Montgomery,2022-08-02
1,15,1,14,0,Moore,2022-05-10
1,4,2,2,0,Moore,2022-10-16
1,8,3,5,0,Moore,2022-10-13
1,25,6,19,0,Moore,2022-07-30
1,15,6,9,0,Moore,2022-09-24
1,11,6,5,0,Moore,2022-10-19
1,19,7,12,0,Moore,2022-06-05
1,30,7,23,0,Moore,2022-08-02
1,36,9,27,0,Moore,2022-05-28
1,10,9,1,0,Moore,2022-08-20
1,36,10,26,0,Moore,2022-05-18
1,19,10,9,0,Moore,2022-05-30
1,26,10,16,0,Moore,2022-06-08
1,23,10,13,0,Moore,2022-07-04
1,32,10,22,0,Moore,2022-07-06
1,31,11,20,0,Moore,2022-05-22
1,33,12,21,0,Moore,2022-06-17
1,35,12,23,0,Moore,2022-07-29
1,32,14,18,0,Moore,2022-05-27
1,10,0,10,0,Nash,2022-05-03
1,8,0,8,0,Nash,2022-10-14
1,2,0,2,0,Nash,2022-10-16
1,6,0,6,0,Nash,2022-10-23
1,3,0,3,0,Nash,2022-10-25
1,7,1,6,0,Nash,2022-05-08
1,8,1,7,0,Nash,2022-10-26
1,6,1,5,0,Nash,2022-10-27
1,9,2,7,0,Nash,2022-09-24
1,15,2,13,0,Nash,2022-09-28
1,9,2,7,0,Nash,2022-09-30
1,14,2,12,0,Nash,2022-10-18
1,7,2,5,0,Nash,2022-10-20
1,16,3,13,0,Nash,2022-05-14
1,14,4,10,0,Nash,2022-05-04
1,22,4,18,0,Nash,2022-05-21
1,11,5,6,0,Nash,2022-05-13
1,22,5,17,0,Nash,2022-06-03
1,27,5,22,0,Nash,2022-07-16
1,19,5,14,0,Nash,2022-07-30
1,25,6,19,0,Nash,2022-06-18
1,32,6,26,0,Nash,2022-06-22
1,18,6,12,0,Nash,2022-09-10
1,24,7,17,0,Nash,2022-06-08
1,21,9,12,0,Nash,2022-10-06
1,5,1,4,0,New Hanover,2022-10-16
1,11,1,10,0,New Hanover,2022-10-22
1,6,1,5,0,New Hanover,2022-10-25
1,11,2,9,0,New Hanover,2022-10-02
1,17,2,15,0,New Hanover,2022-10-24
1,15,2,13,0,New Hanover,2022-10-26
1,13,4,9,0,New Hanover,2022-10-01
1,9,4,5,0,New Hanover,2022-10-08
1,22,8,14,0,New Hanover,2022-05-07
1,26,10,16,0,New Hanover,2022-09-16
1,29,13,16,0,New Hanover,2022-08-14
1,3,0,3,0,Northampton,2022-05-11
1,3,0,3,0,Northampton,2022-05-17
1,8,0,8,0,Northampton,2022-05-19
1,7,0,7,0,Northampton,2022-06-21
1,4,0,4,0,Northampton,2022-07-24
1,3,0,3,0,Northampton,2022-08-06
1,2,0,2,0,Northampton,2022-08-19
1,3,0,3,0,Northampton,2022-08-24
1,1,0,1,0,Northampton,2022-10-04
1,5,0,5,0,Northampton,2022-10-16
1,2,0,2,0,Northampton,2022-10-24
1,9,0,9,0,Northampton,2022-10-26
1,11,1,10,0,Northampton,2022-06-03
1,6,1,5,0,Northampton,2022-06-22
1,4,1,3,0,Northampton,2022-06-26
1,3,1,2,0,Northampton,2022-06-29
1,3,1,2,0,Northampton,2022-07-02
1,3,1,2,0,Northampton,2022-07-09
1,3,1,2,0,Northampton,2022-08-07
1,5,1,4,0,Northampton,2022-08-13
1,2,1,1,0,Northampton,2022-08-20
1,2,1,1,0,Northampton,2022-08-21
1,13,1,12,0,Northampton,2022-08-25
1,1,1,0,0,Northampton,2022-09-02
1,5,1,4,0,Northampton,2022-09-09
1,2,1,1,0,Northampton,2022-09-15
1,4,1,3,0,Northampton,2022-10-11
1,4,1,3,0,Northampton,2022-10-27
1,2,1,1,0,Northampton,2022-10-28
1,3,2,1,0,Northampton,2022-05-26
1,8,2,6,0,Northampton,2022-05-27
1,6,2,4,0,Northampton,2022-06-02
1,5,2,3,0,Northampton,2022-06-15
1,9,2,7,0,Northampton,2022-06-18
1,5,2,3,0,Northampton,2022-06-19
1,11,2,9,0,Northampton,2022-07-03
1,6,2,4,0,Northampton,2022-07-06
1,7,2,5,0,Northampton,2022-07-07
1,7,2,5,0,Northampton,2022-07-16
1,15,2,13,0,Northampton,2022-07-18
1,5,2,3,0,Northampton,2022-07-28
1,6,2,4,0,Northampton,2022-08-16
1,3,2,1,0,Northampton,2022-09-10
1,3,2,1,0,Northampton,2022-10-05
1,3,2,1,0,Northampton,2022-10-06
1,4,2,2,0,Northampton,2022-10-07
1,4,3,1,0,Northampton,2022-05-18
1,8,3,5,0,Northampton,2022-06-08
1,6,3,3,0,Northampton,2022-06-10
1,7,3,4,0,Northampton,2022-07-27
1,17,3,14,0,Northampton,2022-08-12
1,17,3,14,0,Northampton,2022-08-22
1,7,3,4,0,Northampton,2022-09-21
1,5,4,1,0,Northampton,2022-05-10
1,13,4,9,0,Northampton,2022-06-01
1,7,4,3,0,Northampton,2022-06-28
1,9,4,5,0,Northampton,2022-08-09
1,12,4,8,0,Northampton,2022-09-26
1,10,5,5,0,Northampton,2022-06-11
1,12,5,7,0,Northampton,2022-07-15
1,12,5,7,0,Northampton,2022-08-17
1,6,5,1,0,Northampton,2022-09-20
1,9,6,3,0,Northampton,2022-06-16
1,15,6,9,0,Northampton,2022-07-05
1,8,0,8,0,Onslow,2022-10-08
1,24,1,23,0,Onslow,2022-07-02
1,22,1,21,0,Onslow,2022-09-04
1,10,1,9,0,Onslow,2022-10-23
1,12,1,11,0,Onslow,2022-10-25
1,7,2,5,0,Onslow,2022-10-22
1,31,3,28,0,Onslow,2022-05-03
1,16,3,13,0,Onslow,2022-09-10
1,12,3,9,0,Onslow,2022-10-01
1,17,3,14,0,Onslow,2022-10-14
1,35,4,31,0,Onslow,2022-07-10
1,16,4,12,0,Onslow,2022-10-19
1,55,5,50,0,Onslow,2022-06-09
1,24,5,19,0,Onslow,2022-07-03
1,17,10,7,0,Onslow,2022-05-30
1,33,13,20,0,Onslow,2022-07-17
1,29,0,29,0,Orange,2022-08-06
1,47,0,47,0,Orange,2022-08-19
1,20,0,20,0,Orange,2022-09-03
1,14,0,14,0,Orange,2022-09-11
1,18,0,18,0,Orange,2022-10-24
1,11,0,11,0,Orange,2022-10-26
1,37,1,36,0,Orange,2022-05-22
1,20,1,19,0,Orange,2022-08-14
1,14,1,13,0,Orange,2022-08-27
1,20,1,19,0,Orange,2022-09-24
1,5,1,4,0,Orange,2022-10-08
1,15,1,14,0,Orange,2022-10-11
1,15,1,14,0,Orange,2022-10-21
1,18,1,17,0,Orange,2022-10-25
1,11,1,10,0,Orange,2022-10-28
1,8,1,7,0,Orange,2022-10-29
1,56,2,54,0,Orange,2022-08-05
1,16,2,14,0,Orange,2022-08-20
1,29,2,27,0,Orange,2022-08-28
1,29,2,27,0,Orange,2022-09-09
1,13,2,11,0,Orange,2022-09-10
1,11,2,9,0,Orange,2022-10-12
1,45,3,42,0,Orange,2022-05-29
1,40,3,37,0,Orange,2022-09-02
1,31,4,27,0,Orange,2022-10-10
1,55,5,50,0,Orange,2022-05-27
1,34,5,29,0,Orange,2022-06-25
1,43,5,38,0,Orange,2022-08-31
1,44,6,38,0,Orange,2022-07-29
1,2,0,2,0,Pamlico,2022-05-18
1,8,0,8,0,Pamlico,2022-05-22
1,5,0,5,0,Pamlico,2022-06-29
1,2,0,2,0,Pamlico,2022-07-31
1,4,0,4,0,Pamlico,2022-08-06
1,3,0,3,0,Pamlico,2022-09-18
1,4,0,4,0,Pamlico,2022-09-19
1,1,0,1,0,Pamlico,2022-09-20
1,1,0,1,0,Pamlico,2022-10-14
1,4,0,4,0,Pamlico,2022-10-20
1,1,0,1,0,Pamlico,2022-10-23
1,1,0,1,0,Pamlico,2022-10-28
1,7,1,6,0,Pamlico,2022-05-11
1,3,1,2,0,Pamlico,2022-06-01
1,3,1,2,0,Pamlico,2022-06-10
1,4,1,3,0,Pamlico,2022-06-14
1,5,1,4,0,Pamlico,2022-06-17
1,5,1,4,0,Pamlico,2022-06-27
1,5,1,4,0,Pamlico,2022-07-07
1,2,1,1,0,Pamlico,2022-08-13
1,2,1,1,0,Pamlico,2022-08-26
1,4,1,3,0,Pamlico,2022-09-07
1,3,1,2,0,Pamlico,2022-09-26
1,6,2,4,0,Pamlico,2022-05-09
1,8,2,6,0,Pamlico,2022-05-24
1,3,2,1,0,Pamlico,2022-05-25
1,4,2,2,0,Pamlico,2022-05-31
1,3,2,1,0,Pamlico,2022-07-14
1,2,2,0,0,Pamlico,2022-07-28
1,5,2,3,0,Pamlico,2022-08-21
1,4,2,2,0,Pamlico,2022-10-04
1,3,2,1,0,Pamlico,2022-10-10
1,5,3,2,0,Pamlico,2022-05-16
1,5,3,2,0,Pamlico,2022-06-07
1,7,3,4,0,Pamlico,2022-06-24
1,7,3,4,0,Pamlico,2022-07-15
1,14,3,11,0,Pamlico,2022-07-20
1,8,3,5,0,Pamlico,2022-08-01
1,6,3,3,0,Pamlico,2022-08-07
1,6,3,3,0,Pamlico,2022-10-07
1,11,4,7,0,Pamlico,2022-07-06
1,6,4,2,0,Pamlico,2022-08-05
1,7,4,3,0,Pamlico,2022-08-15
1,9,5,4,0,Pamlico,2022-07-18
1,9,6,3,0,Pamlico,2022-05-19
1,18,7,11,0,Pamlico,2022-07-26
1,11,7,4,0,Pamlico,2022-08-04
1,2,0,2,0,Pasquotank,2022-06-19
1,5,0,5,0,Pasquotank,2022-09-15
1,3,0,3,0,Pasquotank,2022-10-01
1,8,1,7,0,Pasquotank,2022-05-04
1,3,1,2,0,Pasquotank,2022-07-04
1,2,1,1,0,Pasquotank,2022-08-27
1,7,2,5,0,Pasquotank,2022-06-04
1,9,2,7,0,Pasquotank,2022-06-14
1,3,2,1,0,Pasquotank,2022-06-29
1,12,2,10,0,Pasquotank,2022-06-30
1,6,2,4,0,Pasquotank,2022-07-09
1,4,2,2,0,Pasquotank,2022-09-02
1,5,2,3,0,Pasquotank,2022-09-04
1,6,2,4,0,Pasquotank,2022-09-21
1,6,2,4,0,Pasquotank,2022-10-11
1,4,3,1,0,Pasquotank,2022-07-17
1,16,3,13,0,Pasquotank,2022-07-30
1,10,3,7,0,Pasquotank,2022-09-23
1,4,3,1,0,Pasquotank,2022-10-27
1,8,4,4,0,Pasquotank,2022-05-12
1,11,4,7,0,Pasquotank,2022-06-21
1,10,4,6,0,Pasquotank,2022-06-24
1,12,4,8,0,Pasquotank,2022-07-05
1,10,4,6,0,Pasquotank,2022-07-23
1,7,4,3,0,Pasquotank,2022-08-26
1,5,4,1,0,Pasquotank,2022-10-04
1,7,4,3,0,Pasquotank,2022-10-17
1,11,4,7,0,Pasquotank,2022-10-19
1,4,4,0,0,Pasquotank,2022-10-29
1,10,5,5,0,Pasquotank,2022-06-12
1,9,5,4,0,Pasquotank,2022-07-19
1,6,5,1,0,Pasquotank,2022-09-08
1,8,6,2,0,Pasquotank,2022-08-07
1,7,6,1,0,Pasquotank,2022-08-18
1,7,6,1,0,Pasquotank,2022-09-18
1,12,7,5,0,Pasquotank,2022-05-20
1,16,7,9,0,Pasquotank,2022-05-31
1,14,7,7,0,Pasquotank,2022-07-08
1,14,9,5,0,Pasquotank,2022-07-25
1,13,9,4,0,Pasquotank,2022-07-26
1,13,10,3,0,Pasquotank,2022-10-22
1,18,12,6,0,Pasquotank,2022-07-21
1,3,0,3,0,Pender,2022-05-07
1,12,0,12,0,Pender,2022-05-21
1,6,0,6,0,Pender,2022-06-05
1,13,0,13,0,Pender,2022-06-11
1,6,0,6,0,Pender,2022-06-12
1,19,0,19,0,Pender,2022-09-08
1,4,0,4,0,Pender,2022-10-26
1,3,0,3,0,Pender,2022-10-27
1,2,0,2,0,Pender,2022-10-29
1,10,1,9,0,Pender,2022-05-03
1,10,1,9,0,Pender,2022-05-05
1,17,1,16,0,Pender,2022-05-24
1,26,1,25,0,Pender,2022-08-01
1,2,1,1,0,Pender,2022-09-04
1,8,1,7,0,Pender,2022-09-22
1,6,1,5,0,Pender,2022-09-29
1,5,1,4,0,Pender,2022-09-30
1,8,1,7,0,Pender,2022-10-12
1,3,1,2,0,Pender,2022-10-21
1,3,1,2,0,Pender,2022-10-22
1,11,2,9,0,Pender,2022-05-04
1,12,2,10,0,Pender,2022-05-28
1,7,2,5,0,Pender,2022-06-08
1,10,2,8,0,Pender,2022-06-25
1,15,2,13,0,Pender,2022-07-01
1,8,2,6,0,Pender,2022-07-09
1,11,2,9,0,Pender,2022-07-16
1,11,2,9,0,Pender,2022-09-05
1,15,2,13,0,Pender,2022-09-16
1,13,2,11,0,Pender,2022-09-19
1,7,2,5,0,Pender,2022-09-24
1,14,3,11,0,Pender,2022-09-13
1,14,4,10,0,Pender,2022-06-20
1,23,6,17,0,Pender,2022-07-07
1,2,0,2,0,Perquimans,2022-05-22
1,3,0,3,0,Perquimans,2022-06-13
1,1,0,1,0,Perquimans,2022-06-26
1,3,0,3,0,Perquimans,2022-07-07
1,1,0,1,0,Perquimans,2022-07-23
1,5,0,5,0,Perquimans,2022-07-24
1,1,0,1,0,Perquimans,2022-08-11
1,1,0,1,0,Perquimans,2022-08-20
1,2,0,2,0,Perquimans,2022-08-30
1,3,0,3,0,Perquimans,2022-09-28
1,1,0,1,0,Perquimans,2022-10-07
1,1,0,1,0,Perquimans,2022-10-18
1,1,0,1,0,Perquimans,2022-10-24
1,4,1,3,0,Perquimans,2022-05-14
1,4,1,3,0,Perquimans,2022-05-27
1,1,1,0,0,Perquimans,2022-06-09
1,3,1,2,0,Perquimans,2022-06-18
1,1,1,0,0,Perquimans,2022-06-28
1,3,1,2,0,Perquimans,2022-06-30
1,5,1,4,0,Perquimans,2022-07-25
1,3,1,2,0,Perquimans,2022-07-26
1,9,1,8,0,Perquimans,2022-07-27
1,1,1,0,0,Perquimans,2022-08-13
1,3,1,2,0,Perquimans,2022-08-14
1,2,1,1,0,Perquimans,2022-08-19
1,2,1,1,0,Perquimans,2022-08-25
1,1,1,0,0,Perquimans,2022-09-04
1,4,1,3,0,Perquimans,2022-09-12
1,5,1,4,0,Perquimans,2022-09-15
1,5,2,3,0,Perquimans,2022-05-26
1,3,2,1,0,Perquimans,2022-06-23
1,8,2,6,0,Perquimans,2022-07-18
1,2,2,0,0,Perquimans,2022-09-08
1,5,2,3,0,Perquimans,2022-09-11
1,3,2,1,0,Perquimans,2022-10-25
1,4,3,1,0,Perquimans,2022-07-19
1,5,3,2,0,Perquimans,2022-08-07
1,6,3,3,0,Perquimans,2022-08-09
1,3,3,0,0,Perquimans,2022-10-02
1,11,4,7,0,Perquimans,2022-07-28
1,7,4,3,0,Perquimans,2022-08-03
1,7,5,2,0,Perquimans,2022-07-20
1,9,0,9,0,Person,2022-07-29
1,8,0,8,0,Person,2022-08-14
1,15,0,15,0,Person,2022-08-22
1,15,0,15,0,Person,2022-08-23
1,3,0,3,0,Person,2022-10-06
1,7,0,7,0,Person,2022-10-17
1,4,0,4,0,Person,2022-10-19
1,5,0,5,0,Person,2022-10-21
1,2,0,2,0,Person,2022-10-22
1,3,0,3,0,Person,2022-10-28
1,13,1,12,0,Person,2022-05-31
1,6,1,5,0,Person,2022-06-09
1,6,1,5,0,Person,2022-06-12
1,5,1,4,0,Person,2022-07-10
1,6,1,5,0,Person,2022-08-15
1,11,1,10,0,Person,2022-08-16
1,5,1,4,0,Person,2022-08-20
1,3,1,2,0,Person,2022-09-25
1,3,1,2,0,Person,2022-10-10
1,4,1,3,0,Person,2022-10-13
1,3,1,2,0,Person,2022-10-16
1,3,1,2,0,Person,2022-10-18
1,9,2,7,0,Person,2022-06-05
1,11,2,9,0,Person,2022-08-10
1,13,2,11,0,Person,2022-08-17
1,9,2,7,0,Person,2022-09-26
1,8,3,5,0,Person,2022-05-05
1,14,3,11,0,Person,2022-05-20
1,12,3,9,0,Person,2022-05-21
1,12,3,9,0,Person,2022-05-27
1,16,3,13,0,Person,2022-06-10
1,21,3,18,0,Person,2022-07-07
1,11,3,8,0,Person,2022-09-20
1,14,4,10,0,Person,2022-05-18
1,8,4,4,0,Person,2022-05-30
1,19,4,15,0,Person,2022-06-08
1,9,4,5,0,Person,2022-06-16
1,11,4,7,0,Person,2022-06-24
1,7,4,3,0,Person,2022-06-25
1,14,4,10,0,Person,2022-08-25
1,12,5,7,0,Person,2022-07-17
1,16,5,11,0,Person,2022-07-23
1,34,5,29,0,Person,2022-07-26
1,13,5,8,0,Person,2022-07-27
1,15,6,9,0,Person,2022-05-16
1,15,7,8,0,Person,2022-07-14
1,16,8,8,0,Person,2022-06-20
1,17,8,9,0,Person,2022-06-28
1,6,1,5,0,Pitt,2022-10-15
1,4,1,3,0,Pitt,2022-10-16
1,34,2,32,0,Pitt,2022-05-15
1,16,3,13,0,Pitt,2022-05-30
1,19,3,16,0,Pitt,2022-10-26
1,24,4,20,0,Pitt,2022-05-21
1,33,6,27,0,Pitt,2022-09-04
1,2,0,2,0,Polk,2022-06-09
1,2,0,2,0,Polk,2022-08-08
1,3,0,3,0,Polk,2022-08-27
1,1,0,1,0,Polk,2022-10-13
1,3,1,2,0,Polk,2022-06-16
1,2,1,1,0,Polk,2022-06-23
1,3,1,2,0,Polk,2022-08-06
1,3,1,2,0,Polk,2022-08-07
1,1,1,0,0,Polk,2022-08-30
1,3,1,2,0,Polk,2022-09-01
1,2,1,1,0,Polk,2022-09-10
1,5,1,4,0,Polk,2022-09-14
1,3,1,2,0,Polk,2022-09-26
1,2,1,1,0,Polk,2022-10-04
1,1,1,0,0,Polk,2022-10-24
1,7,2,5,0,Polk,2022-05-27
1,4,2,2,0,Polk,2022-06-07
1,4,2,2,0,Polk,2022-06-24
1,6,2,4,0,Polk,2022-07-25
1,3,2,1,0,Polk,2022-08-11
1,3,2,1,0,Polk,2022-08-29
1,4,2,2,0,Polk,2022-10-20
1,3,3,0,0,Polk,2022-06-20
1,3,3,0,0,Polk,2022-06-25
1,5,3,2,0,Polk,2022-07-13
1,3,3,0,0,Polk,2022-09-15
1,6,3,3,0,Polk,2022-09-20
1,3,3,0,0,Polk,2022-10-23
1,8,4,4,0,Polk,2022-06-02
1,5,4,1,0,Polk,2022-07-16
1,8,4,4,0,Polk,2022-07-28
1,8,4,4,0,Polk,2022-07-30
1,4,4,0,0,Polk,2022-08-03
1,7,4,3,0,Polk,2022-08-15
1,5,4,1,0,Polk,2022-08-18
1,6,4,2,0,Polk,2022-08-19
1,4,4,0,0,Polk,2022-10-11
1,5,4,1,0,Polk,2022-10-19
1,8,5,3,0,Polk,2022-07-26
1,6,5,1,0,Polk,2022-08-16
1,5,5,0,0,Polk,2022-09-21
1,4,2,2,0,Randolph,2022-10-29
1,16,8,8,0,Randolph,2022-06-18
1,22,11,11,0,Randolph,2022-06-17
1,42,18,24,0,Randolph,2022-06-14
1,6,0,6,0,Richmond,2022-05-22
1,4,0,4,0,Richmond,2022-06-12
1,5,0,5,0,Richmond,2022-09-11
1,4,0,4,0,Richmond,2022-10-03
1,5,0,5,0,Richmond,2022-10-19
1,6,1,5,0,Richmond,2022-06-05
1,4,1,3,0,Richmond,2022-08-06
1,7,1,6,0,Richmond,2022-08-31
1,10,2,8,0,Richmond,2022-07-02
1,8,2,6,0,Richmond,2022-07-31
1,18,2,16,0,Richmond,2022-08-05
1,3,2,1,0,Richmond,2022-10-08
1,6,2,4,0,Richmond,2022-10-11
1,5,2,3,0,Richmond,2022-10-13
1,6,2,4,0,Richmond,2022-10-14
1,9,3,6,0,Richmond,2022-05-15
1,16,3,13,0,Richmond,2022-06-09
1,7,3,4,0,Richmond,2022-08-21
1,9,3,6,0,Richmond,2022-09-03
1,17,3,14,0,Richmond,2022-09-16
1,6,3,3,0,Richmond,2022-10-17
1,7,4,3,0,Richmond,2022-06-04
1,15,5,10,0,Richmond,2022-06-16
1,13,5,8,0,Richmond,2022-09-19
1,12,6,6,0,Richmond,2022-05-09
1,15,6,9,0,Richmond,2022-05-18
1,17,6,11,0,Richmond,2022-06-01
1,10,6,4,0,Richmond,2022-06-10
1,21,6,15,0,Richmond,2022-08-11
1,14,7,7,0,Richmond,2022-06-23
1,12,9,3,0,Richmond,2022-05-17
1,18,10,8,0,Richmond,2022-05-26
1,13,4,9,0,Robeson,2022-10-21
1,11,5,6,0,Robeson,2022-05-08
1,9,5,4,0,Robeson,2022-10-15
1,22,11,11,0,Robeson,2022-05-22
1,9,0,9,0,Rockingham,2022-05-03
1,17,0,17,0,Rockingham,2022-07-14
1,10,0,10,0,Rockingham,2022-07-17
1,9,0,9,0,Rockingham,2022-10-14
1,5,0,5,0,Rockingham,2022-10-16
1,7,0,7,0,Rockingham,2022-10-20
1,10,1,9,0,Rockingham,2022-06-11
1,14,1,13,0,Rockingham,2022-07-03
1,11,1,10,0,Rockingham,2022-08-14
1,10,1,9,0,Rockingham,2022-10-06
1,9,1,8,0,Rockingham,2022-10-12
1,6,1,5,0,Rockingham,2022-10-19
1,9,2,7,0,Rockingham,2022-05-08
1,18,2,16,0,Rockingham,2022-05-14
1,14,2,12,0,Rockingham,2022-05-21
1,15,2,13,0,Rockingham,2022-06-03
1,9,2,7,0,Rockingham,2022-06-04
1,13,2,11,0,Rockingham,2022-06-19
1,22,3,19,0,Rockingham,2022-08-19
1,17,3,14,0,Rockingham,2022-09-17
1,6,3,3,0,Rockingham,2022-10-13
1,16,4,12,0,Rockingham,2022-05-06
1,33,4,29,0,Rockingham,2022-05-23
1,12,4,8,0,Rockingham,2022-06-05
1,11,4,7,0,Rockingham,2022-06-10
1,22,4,18,0,Rockingham,2022-10-03
1,7,4,3,0,Rockingham,2022-10-29
1,14,5,9,0,Rockingham,2022-05-04
1,21,5,16,0,Rockingham,2022-05-11
1,28,5,23,0,Rockingham,2022-05-19
1,23,5,18,0,Rockingham,2022-06-16
1,15,7,8,0,Rockingham,2022-05-13
1,4,0,4,0,Rowan,2022-10-29
1,23,1,22,0,Rowan,2022-10-07
1,23,2,21,0,Rowan,2022-06-11
1,12,3,9,0,Rowan,2022-05-22
1,18,3,15,0,Rowan,2022-06-12
1,13,4,9,0,Rowan,2022-10-20
1,13,0,13,0,Rutherford,2022-07-17
1,15,0,15,0,Rutherford,2022-08-27
1,10,0,10,0,Rutherford,2022-09-28
1,6,0,6,0,Rutherford,2022-10-28
1,5,1,4,0,Rutherford,2022-05-08
1,20,1,19,0,Rutherford,2022-07-31
1,8,1,7,0,Rutherford,2022-09-05
1,7,1,6,0,Rutherford,2022-09-17
1,4,1,3,0,Rutherford,2022-10-11
1,9,1,8,0,Rutherford,2022-10-13
1,5,1,4,0,Rutherford,2022-10-23
1,8,1,7,0,Rutherford,2022-10-26
1,9,2,7,0,Rutherford,2022-06-04
1,6,2,4,0,Rutherford,2022-06-05
1,12,2,10,0,Rutherford,2022-08-20
1,6,2,4,0,Rutherford,2022-09-24
1,3,2,1,0,Rutherford,2022-10-18
1,11,3,8,0,Rutherford,2022-05-27
1,7,3,4,0,Rutherford,2022-05-28
1,19,3,16,0,Rutherford,2022-06-09
1,10,4,6,0,Rutherford,2022-05-20
1,8,4,4,0,Rutherford,2022-05-21
1,10,4,6,0,Rutherford,2022-06-15
1,7,4,3,0,Rutherford,2022-10-07
1,11,5,6,0,Rutherford,2022-05-12
1,10,6,4,0,Rutherford,2022-05-26
1,9,6,3,0,Rutherford,2022-06-19
1,19,6,13,0,Rutherford,2022-08-12
1,25,8,17,0,Rutherford,2022-05-18
1,5,1,4,0,Sampson,2022-05-07
1,4,1,3,0,Sampson,2022-05-28
1,11,2,9,0,Sampson,2022-08-13
1,4,2,2,0,Sampson,2022-10-02
1,6,2,4,0,Sampson,2022-10-13
1,5,3,2,0,Sampson,2022-05-14
1,4,3,1,0,Sampson,2022-10-29
1,13,4,9,0,Sampson,2022-06-08
1,6,4,2,0,Sampson,2022-08-14
1,8,4,4,0,Sampson,2022-10-01
1,5,4,1,0,Sampson,2022-10-18
1,12,5,7,0,Sampson,2022-05-12
1,8,5,3,0,Sampson,2022-06-04
1,8,5,3,0,Sampson,2022-07-02
1,10,5,5,0,Sampson,2022-10-05
1,8,5,3,0,Sampson,2022-10-22
1,6,6,0,0,Sampson,2022-05-30
1,9,6,3,0,Sampson,2022-06-17
1,8,7,1,0,Sampson,2022-05-21
1,11,7,4,0,Sampson,2022-05-27
1,11,7,4,0,Sampson,2022-06-09
1,10,7,3,0,Sampson,2022-09-03
1,7,7,0,0,Sampson,2022-09-05
1,13,8,5,0,Sampson,2022-08-27
1,14,8,6,0,Sampson,2022-09-11
1,13,9,4,0,Sampson,2022-05-05
1,15,9,6,0,Sampson,2022-05-17
1,13,9,4,0,Sampson,2022-06-03
1,14,9,5,0,Sampson,2022-06-10
1,14,9,5,0,Sampson,2022-07-01
1,14,9,5,0,Sampson,2022-08-20
1,17,10,7,0,Sampson,2022-06-15
1,13,10,3,0,Sampson,2022-06-16
1,22,11,11,0,Sampson,2022-08-12
1,18,12,6,0,Sampson,2022-08-17
1,22,14,8,0,Sampson,2022-09-16
1,21,16,5,0,Sampson,2022-06-02
1,28,16,12,0,Sampson,2022-07-08
1,36,22,14,0,Sampson,2022-07-05
1,47,22,25,0,Sampson,2022-07-26
1,53,40,13,0,Sampson,2022-07-18
1,6,1,5,0,Scotland,2022-05-14
1,3,1,2,0,Scotland,2022-10-21
1,1,1,0,0,Scotland,2022-10-22
1,4,2,2,0,Scotland,2022-08-27
1,6,2,4,0,Scotland,2022-09-21
1,3,2,1,0,Scotland,2022-09-29
1,4,2,2,0,Scotland,2022-10-12
1,4,2,2,0,Scotland,2022-10-14
1,7,3,4,0,Scotland,2022-05-07
1,5,3,2,0,Scotland,2022-06-05
1,7,3,4,0,Scotland,2022-07-28
1,4,3,1,0,Scotland,2022-08-13
1,7,3,4,0,Scotland,2022-09-16
1,3,3,0,0,Scotland,2022-10-01
1,17,4,13,0,Scotland,2022-05-16
1,13,4,9,0,Scotland,2022-07-19
1,4,4,0,0,Scotland,2022-08-14
1,6,4,2,0,Scotland,2022-08-20
1,8,4,4,0,Scotland,2022-09-04
1,5,4,1,0,Scotland,2022-09-25
1,4,4,0,0,Scotland,2022-10-07
1,13,5,8,0,Scotland,2022-05-22
1,11,5,6,0,Scotland,2022-06-24
1,11,5,6,0,Scotland,2022-07-06
1,10,5,5,0,Scotland,2022-08-16
1,8,5,3,0,Scotland,2022-09-03
1,11,5,6,0,Scotland,2022-09-05
1,9,6,3,0,Scotland,2022-06-11
1,13,6,7,0,Scotland,2022-06-15
1,7,6,1,0,Scotland,2022-06-19
1,9,6,3,0,Scotland,2022-07-09
1,15,6,9,0,Scotland,2022-07-18
1,7,6,1,0,Scotland,2022-08-21
1,11,6,5,0,Scotland,2022-08-22
1,8,6,2,0,Scotland,2022-10-03
1,7,6,1,0,Scotland,2022-10-26
1,10,7,3,0,Scotland,2022-06-18
1,10,7,3,0,Scotland,2022-06-27
1,10,7,3,0,Scotland,2022-07-16
1,11,8,3,0,Scotland,2022-06-09
1,14,9,5,0,Scotland,2022-05-17
1,16,9,7,0,Scotland,2022-06-07
1,15,9,6,0,Scotland,2022-06-23
1,14,9,5,0,Scotland,2022-08-08
1,12,11,1,0,Scotland,2022-08-07
1,20,13,7,0,Scotland,2022-06-03
1,14,13,1,0,Scotland,2022-06-04
1,2,0,2,0,Stanly,2022-05-07
1,16,0,16,0,Stanly,2022-05-17
1,12,0,12,0,Stanly,2022-05-28
1,12,0,12,0,Stanly,2022-05-29
1,12,0,12,0,Stanly,2022-06-04
1,6,0,6,0,Stanly,2022-06-18
1,15,0,15,0,Stanly,2022-06-19
1,5,0,5,0,Stanly,2022-08-14
1,13,0,13,0,Stanly,2022-08-21
1,4,0,4,0,Stanly,2022-09-30
1,4,0,4,0,Stanly,2022-10-21
1,10,1,9,0,Stanly,2022-07-03
1,23,1,22,0,Stanly,2022-07-07
1,12,1,11,0,Stanly,2022-08-19
1,14,1,13,0,Stanly,2022-08-24
1,7,1,6,0,Stanly,2022-10-04
1,6,1,5,0,Stanly,2022-10-07
1,7,1,6,0,Stanly,2022-10-08
1,3,2,1,0,Stanly,2022-05-08
1,12,2,10,0,Stanly,2022-05-14
1,12,2,10,0,Stanly,2022-10-03
1,6,2,4,0,Stanly,2022-10-28
1,23,3,20,0,Stanly,2022-07-13
1,15,4,11,0,Stanly,2022-05-26
1,27,4,23,0,Stanly,2022-05-31
1,10,5,5,0,Stanly,2022-05-15
1,9,0,9,0,Stokes,2022-07-10
1,4,0,4,0,Stokes,2022-10-20
1,5,0,5,0,Stokes,2022-10-28
1,5,0,5,0,Stokes,2022-10-29
1,6,1,5,0,Stokes,2022-05-07
1,7,1,6,0,Stokes,2022-05-28
1,6,1,5,0,Stokes,2022-06-11
1,8,1,7,0,Stokes,2022-06-15
1,9,1,8,0,Stokes,2022-06-16
1,6,1,5,0,Stokes,2022-08-21
1,7,1,6,0,Stokes,2022-09-18
1,7,1,6,0,Stokes,2022-10-04
1,11,1,10,0,Stokes,2022-10-26
1,8,2,6,0,Stokes,2022-05-06
1,10,2,8,0,Stokes,2022-05-14
1,14,2,12,0,Stokes,2022-05-21
1,5,2,3,0,Stokes,2022-05-22
1,13,2,11,0,Stokes,2022-05-26
1,17,2,15,0,Stokes,2022-05-31
1,12,2,10,0,Stokes,2022-06-18
1,7,2,5,0,Stokes,2022-10-07
1,5,2,3,0,Stokes,2022-10-16
1,9,2,7,0,Stokes,2022-10-18
1,9,3,6,0,Stokes,2022-06-03
1,5,3,2,0,Stokes,2022-06-12
1,14,3,11,0,Stokes,2022-07-15
1,10,3,7,0,Stokes,2022-08-14
1,15,3,12,0,Stokes,2022-09-26
1,3,3,0,0,Stokes,2022-10-02
1,14,4,10,0,Stokes,2022-06-02
1,8,4,4,0,Stokes,2022-07-17
1,11,4,7,0,Stokes,2022-09-17
1,12,4,8,0,Stokes,2022-09-21
1,10,4,6,0,Stokes,2022-10-27
1,20,5,15,0,Stokes,2022-05-19
1,17,6,11,0,Stokes,2022-05-05
1,14,6,8,0,Stokes,2022-06-28
1,14,8,6,0,Stokes,2022-09-05
1,17,13,4,0,Stokes,2022-10-08
1,4,0,4,0,Surry,2022-05-14
1,5,0,5,0,Surry,2022-10-02
1,7,0,7,0,Surry,2022-10-23
1,13,1,12,0,Surry,2022-05-13
1,14,1,13,0,Surry,2022-06-25
1,5,1,4,0,Surry,2022-10-09
1,7,2,5,0,Surry,2022-05-05
1,11,2,9,0,Surry,2022-05-21
1,6,2,4,0,Surry,2022-10-07
1,6,2,4,0,Surry,2022-10-21
1,9,3,6,0,Surry,2022-05-04
1,10,3,7,0,Surry,2022-09-29
1,10,4,6,0,Surry,2022-05-06
1,20,4,16,0,Surry,2022-06-17
1,24,7,17,0,Surry,2022-05-26
1,16,8,8,0,Surry,2022-05-29
1,24,11,13,0,Surry,2022-06-26
1,2,0,2,0,Swain,2022-05-07
1,10,0,10,0,Swain,2022-05-31
1,4,0,4,0,Swain,2022-06-09
1,2,0,2,0,Swain,2022-09-02
1,6,0,6,0,Swain,2022-09-06
1,2,0,2,0,Swain,2022-09-11
1,2,0,2,0,Swain,2022-09-27
1,1,0,1,0,Swain,2022-09-28
1,3,0,3,0,Swain,2022-10-01
1,9,1,8,0,Swain,2022-05-27
1,2,1,1,0,Swain,2022-05-28
1,5,1,4,0,Swain,2022-06-18
1,4,1,3,0,Swain,2022-06-29
1,6,1,5,0,Swain,2022-07-15
1,4,1,3,0,Swain,2022-07-31
1,3,1,2,0,Swain,2022-09-15
1,4,1,3,0,Swain,2022-09-16
1,2,1,1,0,Swain,2022-09-25
1,1,1,0,0,Swain,2022-10-04
1,2,1,1,0,Swain,2022-10-29
1,10,2,8,0,Swain,2022-06-03
1,6,2,4,0,Swain,2022-06-04
1,7,2,5,0,Swain,2022-06-27
1,9,2,7,0,Swain,2022-06-30
1,3,2,1,0,Swain,2022-07-03
1,10,2,8,0,Swain,2022-07-17
1,4,2,2,0,Swain,2022-09-05
1,4,2,2,0,Swain,2022-10-10
1,8,3,5,0,Swain,2022-06-15
1,5,3,2,0,Swain,2022-07-11
1,5,3,2,0,Swain,2022-08-10
1,3,3,0,0,Swain,2022-08-12
1,10,4,6,0,Swain,2022-08-17
1,11,5,6,0,Swain,2022-07-28
1,7,5,2,0,Swain,2022-08-30
1,12,6,6,0,Swain,2022-07-22
1,10,6,4,0,Swain,2022-07-25
1,6,6,0,0,Swain,2022-07-29
1,17,8,9,0,Swain,2022-07-27
1,10,0,10,0,Transylvania,2022-08-24
1,4,0,4,0,Transylvania,2022-10-24
1,6,1,5,0,Transylvania,2022-05-25
1,10,1,9,0,Transylvania,2022-08-05
1,9,1,8,0,Transylvania,2022-08-26
1,6,1,5,0,Transylvania,2022-09-17
1,4,1,3,0,Transylvania,2022-09-23
1,4,1,3,0,Transylvania,2022-09-25
1,5,1,4,0,Transylvania,2022-10-10
1,5,2,3,0,Transylvania,2022-05-11
1,11,2,9,0,Transylvania,2022-05-19
1,11,2,9,0,Transylvania,2022-08-11
1,10,2,8,0,Transylvania,2022-08-29
1,6,2,4,0,Transylvania,2022-09-27
1,7,2,5,0,Transylvania,2022-10-04
1,7,2,5,0,Transylvania,2022-10-15
1,4,3,1,0,Transylvania,2022-05-06
1,9,3,6,0,Transylvania,2022-05-28
1,7,3,4,0,Transylvania,2022-06-09
1,8,3,5,0,Transylvania,2022-06-22
1,7,3,4,0,Transylvania,2022-07-09
1,11,3,8,0,Transylvania,2022-08-13
1,11,3,8,0,Transylvania,2022-08-19
1,9,3,6,0,Transylvania,2022-08-25
1,11,4,7,0,Transylvania,2022-06-07
1,10,4,6,0,Transylvania,2022-06-25
1,11,4,7,0,Transylvania,2022-06-29
1,7,4,3,0,Transylvania,2022-09-30
1,10,5,5,0,Transylvania,2022-07-14
1,12,5,7,0,Transylvania,2022-08-17
1,14,6,8,0,Transylvania,2022-07-06
1,12,6,6,0,Transylvania,2022-07-19
1,16,6,10,0,Transylvania,2022-09-22
1,11,7,4,0,Transylvania,2022-06-02
1,10,7,3,0,Transylvania,2022-06-13
1,10,7,3,0,Transylvania,2022-06-14
1,8,7,1,0,Transylvania,2022-06-15
1,15,7,8,0,Transylvania,2022-07-13
1,9,7,2,0,Transylvania,2022-07-30
1,14,8,6,0,Transylvania,2022-07-29
1,18,8,10,0,Transylvania,2022-08-22
1,11,9,2,0,Transylvania,2022-06-03
1,21,9,12,0,Transylvania,2022-07-07
1,17,10,7,0,Transylvania,2022-07-05
1,16,13,3,0,Transylvania,2022-06-28
1,4,0,4,0,Tyrrell,2022-05-31
1,1,0,1,0,Tyrrell,2022-06-01
1,1,0,1,0,Tyrrell,2022-06-11
1,2,0,2,0,Tyrrell,2022-06-21
1,1,0,1,0,Tyrrell,2022-07-09
1,3,0,3,0,Tyrrell,2022-07-19
1,2,0,2,0,Tyrrell,2022-07-20
1,2,0,2,0,Tyrrell,2022-08-17
1,3,0,3,0,Tyrrell,2022-08-29
1,2,0,2,0,Tyrrell,2022-08-30
1,3,0,3,0,Tyrrell,2022-09-09
1,1,0,1,0,Tyrrell,2022-09-12
1,4,0,4,0,Tyrrell,2022-09-14
1,1,0,1,0,Tyrrell,2022-10-13
1,1,0,1,0,Tyrrell,2022-10-20
1,2,1,1,0,Tyrrell,2022-05-17
1,1,1,0,0,Tyrrell,2022-05-26
1,2,1,1,0,Tyrrell,2022-07-07
1,3,1,2,0,Tyrrell,2022-08-02
1,5,1,4,0,Tyrrell,2022-08-19
1,5,2,3,0,Tyrrell,2022-08-24
1,6,3,3,0,Tyrrell,2022-07-13
1,18,1,17,0,Union,2022-10-21
1,32,4,28,0,Union,2022-06-19
1,38,5,33,0,Union,2022-05-07
1,16,0,16,0,Vance,2022-06-05
1,3,0,3,0,Vance,2022-10-01
1,6,0,6,0,Vance,2022-10-02
1,4,0,4,0,Vance,2022-10-13
1,5,0,5,0,Vance,2022-10-17
1,5,0,5,0,Vance,2022-10-20
1,4,0,4,0,Vance,2022-10-22
1,5,0,5,0,Vance,2022-10-29
1,5,1,4,0,Vance,2022-08-28
1,6,1,5,0,Vance,2022-09-14
1,5,1,4,0,Vance,2022-09-17
1,8,2,6,0,Vance,2022-05-03
1,9,2,7,0,Vance,2022-05-13
1,13,2,11,0,Vance,2022-06-04
1,5,2,3,0,Vance,2022-06-12
1,11,2,9,0,Vance,2022-08-19
1,13,2,11,0,Vance,2022-08-31
1,8,2,6,0,Vance,2022-09-18
1,9,2,7,0,Vance,2022-09-23
1,4,2,2,0,Vance,2022-10-08
1,8,2,6,0,Vance,2022-10-10
1,4,2,2,0,Vance,2022-10-18
1,12,3,9,0,Vance,2022-05-21
1,18,3,15,0,Vance,2022-07-01
1,7,3,4,0,Vance,2022-07-04
1,11,3,8,0,Vance,2022-09-27
1,17,4,13,0,Vance,2022-05-09
1,15,4,11,0,Vance,2022-06-30
1,16,4,12,0,Vance,2022-10-03
1,19,5,14,0,Vance,2022-05-17
1,10,5,5,0,Vance,2022-05-27
1,11,5,6,0,Vance,2022-09-20
1,15,6,9,0,Vance,2022-05-25
1,25,6,19,0,Vance,2022-06-28
1,8,6,2,0,Vance,2022-09-05
1,14,6,8,0,Vance,2022-09-08
1,17,7,10,0,Vance,2022-07-23
1,27,14,13,0,Vance,2022-08-12
1,2,0,2,0,Warren,2022-05-08
1,4,0,4,0,Warren,2022-05-10
1,3,0,3,0,Warren,2022-05-22
1,11,0,11,0,Warren,2022-05-23
1,1,0,1,0,Warren,2022-05-29
1,3,0,3,0,Warren,2022-06-16
1,2,0,2,0,Warren,2022-06-25
1,3,0,3,0,Warren,2022-07-03
1,3,0,3,0,Warren,2022-08-13
1,3,0,3,0,Warren,2022-08-23
1,7,0,7,0,Warren,2022-08-29
1,2,0,2,0,Warren,2022-09-03
1,2,0,2,0,Warren,2022-09-25
1,3,0,3,0,Warren,2022-10-08
1,1,0,1,0,Warren,2022-10-22
1,3,0,3,0,Warren,2022-10-25
1,3,0,3,0,Warren,2022-10-28
1,6,1,5,0,Warren,2022-05-05
1,9,1,8,0,Warren,2022-05-06
1,9,1,8,0,Warren,2022-05-09
1,4,1,3,0,Warren,2022-05-21
1,5,1,4,0,Warren,2022-05-27
1,7,1,6,0,Warren,2022-05-31
1,3,1,2,0,Warren,2022-06-04
1,3,1,2,0,Warren,2022-06-19
1,5,1,4,0,Warren,2022-06-20
1,3,1,2,0,Warren,2022-06-22
1,13,1,12,0,Warren,2022-06-23
1,3,1,2,0,Warren,2022-06-26
1,14,1,13,0,Warren,2022-07-06
1,10,1,9,0,Warren,2022-07-08
1,13,1,12,0,Warren,2022-07-22
1,6,1,5,0,Warren,2022-07-31
1,9,1,8,0,Warren,2022-08-03
1,10,1,9,0,Warren,2022-08-04
1,4,1,3,0,Warren,2022-08-27
1,4,1,3,0,Warren,2022-09-10
1,7,1,6,0,Warren,2022-09-12
1,6,1,5,0,Warren,2022-09-13
1,2,1,1,0,Warren,2022-09-17
1,6,1,5,0,Warren,2022-09-21
1,2,1,1,0,Warren,2022-10-07
1,3,1,2,0,Warren,2022-10-11
1,3,1,2,0,Warren,2022-10-16
1,6,1,5,0,Warren,2022-10-19
1,2,1,1,0,Warren,2022-10-29
1,7,2,5,0,Warren,2022-05-17
1,9,2,7,0,Warren,2022-07-18
1,9,2,7,0,Warren,2022-07-20
1,5,2,3,0,Warren,2022-08-05
1,6,2,4,0,Warren,2022-08-09
1,4,2,2,0,Warren,2022-10-01
1,7,3,4,0,Warren,2022-06-03
1,4,3,1,0,Warren,2022-06-18
1,13,4,9,0,Warren,2022-09-06
1,6,5,1,0,Warren,2022-07-01
1,13,5,8,0,Warren,2022-07-21
1,1,0,1,0,Washington,2022-05-28
1,4,0,4,0,Washington,2022-06-06
1,3,0,3,0,Washington,2022-07-01
1,7,0,7,0,Washington,2022-07-06
1,1,0,1,0,Washington,2022-07-09
1,6,0,6,0,Washington,2022-07-19
1,4,0,4,0,Washington,2022-07-31
1,2,0,2,0,Washington,2022-08-08
1,4,0,4,0,Washington,2022-08-16
1,5,0,5,0,Washington,2022-08-30
1,2,0,2,0,Washington,2022-09-09
1,3,0,3,0,Washington,2022-09-10
1,1,0,1,0,Washington,2022-10-10
1,2,0,2,0,Washington,2022-10-12
1,2,0,2,0,Washington,2022-10-24
1,4,1,3,0,Washington,2022-05-14
1,3,1,2,0,Washington,2022-05-23
1,5,1,4,0,Washington,2022-06-16
1,5,1,4,0,Washington,2022-07-12
1,4,1,3,0,Washington,2022-07-25
1,7,1,6,0,Washington,2022-07-29
1,7,1,6,0,Washington,2022-08-18
1,10,1,9,0,Washington,2022-08-25
1,2,1,1,0,Washington,2022-09-05
1,8,1,7,0,Washington,2022-09-07
1,7,1,6,0,Washington,2022-09-13
1,7,2,5,0,Washington,2022-06-09
1,6,2,4,0,Washington,2022-06-13
1,6,2,4,0,Washington,2022-07-05
1,6,2,4,0,Washington,2022-08-12
1,8,2,6,0,Washington,2022-08-17
1,5,2,3,0,Washington,2022-08-31
1,4,2,2,0,Washington,2022-09-12
1,4,3,1,0,Washington,2022-06-07
1,6,3,3,0,Washington,2022-06-24
1,4,3,1,0,Washington,2022-08-05
1,7,4,3,0,Washington,2022-06-20
1,9,4,5,0,Washington,2022-06-28
1,6,0,6,0,Watauga,2022-07-03
1,10,0,10,0,Watauga,2022-07-13
1,4,0,4,0,Watauga,2022-10-02
1,4,0,4,0,Watauga,2022-10-15
1,15,1,14,0,Watauga,2022-05-04
1,5,1,4,0,Watauga,2022-05-15
1,11,1,10,0,Watauga,2022-05-21
1,15,1,14,0,Watauga,2022-06-09
1,8,1,7,0,Watauga,2022-06-11
1,4,1,3,0,Watauga,2022-07-04
1,13,1,12,0,Watauga,2022-07-11
1,7,1,6,0,Watauga,2022-10-05
1,9,1,8,0,Watauga,2022-10-11
1,21,2,19,0,Watauga,2022-06-02
1,12,2,10,0,Watauga,2022-06-08
1,12,2,10,0,Watauga,2022-06-10
1,12,2,10,0,Watauga,2022-06-29
1,8,2,6,0,Watauga,2022-07-31
1,15,2,13,0,Watauga,2022-09-09
1,9,2,7,0,Watauga,2022-10-07
1,6,2,4,0,Watauga,2022-10-19
1,15,3,12,0,Watauga,2022-05-23
1,8,3,5,0,Watauga,2022-06-04
1,8,3,5,0,Watauga,2022-06-19
1,7,3,4,0,Watauga,2022-07-17
1,15,3,12,0,Watauga,2022-08-04
1,12,3,9,0,Watauga,2022-08-08
1,7,3,4,0,Watauga,2022-08-12
1,6,3,3,0,Watauga,2022-08-27
1,4,3,1,0,Watauga,2022-09-03
1,10,3,7,0,Watauga,2022-10-03
1,7,3,4,0,Watauga,2022-10-25
1,4,3,1,0,Watauga,2022-10-26
1,13,4,9,0,Watauga,2022-06-15
1,5,4,1,0,Watauga,2022-08-14
1,19,4,15,0,Watauga,2022-09-19
1,15,4,11,0,Watauga,2022-09-22
1,11,4,7,0,Watauga,2022-09-26
1,19,5,14,0,Watauga,2022-06-01
1,9,5,4,0,Watauga,2022-09-05
1,17,6,11,0,Watauga,2022-05-31
1,12,6,6,0,Watauga,2022-07-29
1,28,6,22,0,Watauga,2022-09-15
1,17,7,10,0,Watauga,2022-05-20
1,17,7,10,0,Watauga,2022-06-20
1,20,7,13,0,Watauga,2022-06-27
1,17,7,10,0,Watauga,2022-08-22
1,17,9,8,0,Watauga,2022-05-09
1,21,10,11,0,Watauga,2022-05-03
1,25,15,10,0,Watauga,2022-05-16
1,11,2,9,0,Wayne,2022-05-15
1,7,2,5,0,Wayne,2022-09-25
1,10,2,8,0,Wayne,2022-10-22
1,13,3,10,0,Wayne,2022-05-28
1,13,4,9,0,Wayne,2022-05-14
1,21,4,17,0,Wayne,2022-08-20
1,11,4,7,0,Wayne,2022-10-14
1,11,5,6,0,Wayne,2022-05-21
1,16,5,11,0,Wayne,2022-09-17
1,17,6,11,0,Wayne,2022-06-05
1,15,6,9,0,Wayne,2022-06-11
1,10,6,4,0,Wayne,2022-10-26
1,16,7,9,0,Wayne,2022-10-27
1,12,8,4,0,Wayne,2022-06-04
1,16,9,7,0,Wayne,2022-10-11
1,16,9,7,0,Wayne,2022-10-12
1,23,10,13,0,Wayne,2022-05-20
1,22,12,10,0,Wayne,2022-05-12
1,44,23,21,0,Wayne,2022-09-26
1,8,1,7,0,Wilkes,2022-10-02
1,4,1,3,0,Wilkes,2022-10-16
1,12,2,10,0,Wilkes,2022-05-05
1,9,3,6,0,Wilkes,2022-10-17
1,15,4,11,0,Wilkes,2022-05-16
1,14,4,10,0,Wilkes,2022-06-03
1,10,4,6,0,Wilkes,2022-09-24
1,9,4,5,0,Wilkes,2022-10-18
1,5,4,1,0,Wilkes,2022-10-22
1,16,5,11,0,Wilkes,2022-05-04
1,14,6,8,0,Wilkes,2022-05-15
1,11,7,4,0,Wilkes,2022-10-26
1,17,8,9,0,Wilkes,2022-05-14
1,11,8,3,0,Wilkes,2022-06-18
1,11,8,3,0,Wilkes,2022-07-16
1,21,10,11,0,Wilkes,2022-06-22
1,15,11,4,0,Wilkes,2022-05-06
1,20,13,7,0,Wilkes,2022-09-21
1,23,15,8,0,Wilkes,2022-05-25
1,25,19,6,0,Wilkes,2022-07-07
1,5,1,4,0,Wilson,2022-10-08
1,6,2,4,0,Wilson,2022-05-08
1,11,2,9,0,Wilson,2022-09-17
1,15,3,12,0,Wilson,2022-06-10
1,13,3,10,0,Wilson,2022-09-02
1,6,3,3,0,Wilson,2022-10-13
1,14,4,10,0,Wilson,2022-05-14
1,8,4,4,0,Wilson,2022-10-07
1,16,5,11,0,Wilson,2022-05-27
1,14,6,8,0,Wilson,2022-09-11
1,17,7,10,0,Wilson,2022-07-03
1,12,7,5,0,Wilson,2022-09-03
1,12,7,5,0,Wilson,2022-10-11
1,22,8,14,0,Wilson,2022-06-03
1,12,8,4,0,Wilson,2022-10-09
1,19,9,10,0,Wilson,2022-05-12
1,17,11,6,0,Wilson,2022-05-13
1,26,11,15,0,Wilson,2022-06-21
1,19,11,8,0,Wilson,2022-09-07
1,21,12,9,0,Wilson,2022-05-10
1,24,14,10,0,Wilson,2022-06-24
1,5,0,5,0,Yadkin,2022-05-08
1,6,0,6,0,Yadkin,2022-06-12
1,6,0,6,0,Yadkin,2022-09-17
1,3,0,3,0,Yadkin,2022-09-30
1,4,0,4,0,Yadkin,2022-10-12
1,12,0,12,0,Yadkin,2022-10-25
1,6,0,6,0,Yadkin,2022-10-29
1,4,1,3,0,Yadkin,2022-05-03
1,4,1,3,0,Yadkin,2022-07-04
1,8,1,7,0,Yadkin,2022-10-14
1,8,2,6,0,Yadkin,2022-05-04
1,6,2,4,0,Yadkin,2022-05-05
1,10,2,8,0,Yadkin,2022-05-20
1,12,2,10,0,Yadkin,2022-06-09
1,8,2,6,0,Yadkin,2022-09-04
1,6,2,4,0,Yadkin,2022-10-01
1,7,2,5,0,Yadkin,2022-10-15
1,8,3,5,0,Yadkin,2022-05-06
1,6,3,3,0,Yadkin,2022-05-12
1,9,3,6,0,Yadkin,2022-05-14
1,12,3,9,0,Yadkin,2022-06-03
1,12,3,9,0,Yadkin,2022-06-21
1,11,3,8,0,Yadkin,2022-07-03
1,18,3,15,0,Yadkin,2022-08-13
1,14,3,11,0,Yadkin,2022-08-20
1,6,3,3,0,Yadkin,2022-10-16
1,13,4,9,0,Yadkin,2022-05-13
1,10,4,6,0,Yadkin,2022-06-19
1,14,4,10,0,Yadkin,2022-07-09
1,9,4,5,0,Yadkin,2022-09-03
1,8,4,4,0,Yadkin,2022-10-21
1,20,5,15,0,Yadkin,2022-05-17
1,22,5,17,0,Yadkin,2022-06-10
1,8,5,3,0,Yadkin,2022-07-17
1,22,5,17,0,Yadkin,2022-08-24
1,10,5,5,0,Yadkin,2022-09-24
1,15,5,10,0,Yadkin,2022-09-26
1,16,6,10,0,Yadkin,2022-05-25
1,13,6,7,0,Yadkin,2022-06-04
1,14,6,8,0,Yadkin,2022-06-26
1,13,8,5,0,Yadkin,2022-05-28
1,4,0,4,0,Yancey,2022-07-07
1,5,0,5,0,Yancey,2022-07-16
1,2,0,2,0,Yancey,2022-08-21
1,4,0,4,0,Yancey,2022-08-24
1,4,0,4,0,Yancey,2022-09-26
1,2,0,2,0,Yancey,2022-10-17
1,3,0,3,0,Yancey,2022-10-18
1,4,0,4,0,Yancey,2022-10-19
1,1,1,0,0,Yancey,2022-05-05
1,3,1,2,0,Yancey,2022-05-24
1,2,1,1,0,Yancey,2022-06-10
1,2,1,1,0,Yancey,2022-07-02
1,8,1,7,0,Yancey,2022-07-13
1,7,1,6,0,Yancey,2022-07-23
1,4,1,3,0,Yancey,2022-07-24
1,2,1,1,0,Yancey,2022-07-31
1,9,1,8,0,Yancey,2022-08-10
1,2,1,1,0,Yancey,2022-08-16
1,1,1,0,0,Yancey,2022-08-28
1,3,1,2,0,Yancey,2022-09-20
1,2,1,1,0,Yancey,2022-09-27
1,1,1,0,0,Yancey,2022-09-29
1,2,1,1,0,Yancey,2022-10-14
1,3,2,1,0,Yancey,2022-05-03
1,5,2,3,0,Yancey,2022-05-08
1,3,2,1,0,Yancey,2022-06-14
1,4,2,2,0,Yancey,2022-06-18
1,6,2,4,0,Yancey,2022-08-22
1,4,2,2,0,Yancey,2022-09-06
1,5,2,3,0,Yancey,2022-09-16
1,6,3,3,0,Yancey,2022-05-17
1,4,3,1,0,Yancey,2022-06-13
1,7,3,4,0,Yancey,2022-06-21
1,5,3,2,0,Yancey,2022-06-22
1,7,3,4,0,Yancey,2022-07-06
1,5,3,2,0,Yancey,2022-07-25
1,6,3,3,0,Yancey,2022-07-26
1,5,3,2,0,Yancey,2022-08-02
1,5,3,2,0,Yancey,2022-08-20
1,6,3,3,0,Yancey,2022-09-08
1,7,4,3,0,Yancey,2022-05-19
1,9,4,5,0,Yancey,2022-08-03
1,8,4,4,0,Yancey,2022-08-15
1,5,5,0,0,Yancey,2022-06-03
1,10,5,5,0,Yancey,2022-06-24
1,10,5,5,0,Yancey,2022-08-05
1,8,6,2,0,Yancey,2022-05-25
1,9,6,3,0,Yancey,2022-09-19
1,12,8,4,0,Yancey,2022-06-17
1,14,9,5,0,Yancey,2022-07-20
2,11,1,10,0,Alamance,2022-10-23
2,26,1,25,0,Alamance,2022-10-27
2,27,2,25,0,Alamance,2022-06-11
2,40,3,37,0,Alamance,2022-05-28
2,29,4,25,0,Alamance,2022-10-02
2,32,6,26,0,Alamance,2022-05-08
2,22,6,16,0,Alamance,2022-07-03
2,15,7,8,0,Alamance,2022-07-04
2,70,18,52,0,Alamance,2022-05-05
2,4,1,3,0,Alexander,2022-06-25
2,14,1,13,0,Alexander,2022-09-06
2,7,1,6,0,Alexander,2022-09-11
2,6,1,5,0,Alexander,2022-09-20
2,19,2,17,0,Alexander,2022-08-11
2,13,2,11,0,Alexander,2022-08-14
2,11,2,9,0,Alexander,2022-09-09
2,13,2,11,0,Alexander,2022-09-15
2,8,3,5,0,Alexander,2022-05-26
2,9,3,6,0,Alexander,2022-07-05
2,12,4,8,0,Alexander,2022-06-22
2,9,4,5,0,Alexander,2022-06-30
2,13,4,9,0,Alexander,2022-07-15
2,13,4,9,0,Alexander,2022-08-23
2,11,5,6,0,Alexander,2022-05-17
2,14,5,9,0,Alexander,2022-08-25
2,17,5,12,0,Alexander,2022-08-29
2,10,5,5,0,Alexander,2022-10-11
2,25,10,15,0,Alexander,2022-07-11
2,3,0,3,0,Alleghany,2022-08-22
2,5,1,4,0,Alleghany,2022-08-25
2,5,2,3,0,Alleghany,2022-08-17
2,5,2,3,0,Alleghany,2022-09-01
2,5,2,3,0,Alleghany,2022-09-02
2,5,3,2,0,Alleghany,2022-06-28
2,8,3,5,0,Alleghany,2022-08-15
2,5,4,1,0,Alleghany,2022-05-20
2,7,4,3,0,Alleghany,2022-08-01
2,7,4,3,0,Alleghany,2022-09-06
2,7,4,3,0,Alleghany,2022-09-13
2,5,5,0,0,Alleghany,2022-08-31
2,7,6,1,0,Alleghany,2022-06-08
2,8,6,2,0,Alleghany,2022-08-03
2,11,7,4,0,Alleghany,2022-08-02
2,8,0,8,0,Anson,2022-05-23
2,6,0,6,0,Anson,2022-05-27
2,8,0,8,0,Anson,2022-06-13
2,5,0,5,0,Anson,2022-06-25
2,7,0,7,0,Anson,2022-07-09
2,9,0,9,0,Anson,2022-07-31
2,5,0,5,0,Anson,2022-08-04
2,11,0,11,0,Anson,2022-08-08
2,12,0,12,0,Anson,2022-08-16
2,6,0,6,0,Anson,2022-08-20
2,6,0,6,0,Anson,2022-08-27
2,7,1,6,0,Anson,2022-05-09
2,4,1,3,0,Anson,2022-05-11
2,8,1,7,0,Anson,2022-06-07
2,6,1,5,0,Anson,2022-06-14
2,6,1,5,0,Anson,2022-06-29
2,12,1,11,0,Anson,2022-08-01
2,9,1,8,0,Anson,2022-08-09
2,10,1,9,0,Anson,2022-09-09
2,7,1,6,0,Anson,2022-09-28
2,10,2,8,0,Anson,2022-08-14
2,11,3,8,0,Anson,2022-07-22
2,8,3,5,0,Anson,2022-07-23
2,18,3,15,0,Anson,2022-07-27
2,11,3,8,0,Anson,2022-09-04
2,3,0,3,0,Ashe,2022-07-09
2,3,1,2,0,Ashe,2022-08-18
2,10,2,8,0,Ashe,2022-06-22
2,10,2,8,0,Ashe,2022-07-11
2,6,2,4,0,Ashe,2022-07-29
2,4,2,2,0,Ashe,2022-10-03
2,5,3,2,0,Ashe,2022-05-21
2,10,3,7,0,Ashe,2022-06-01
2,13,3,10,0,Ashe,2022-06-13
2,11,3,8,0,Ashe,2022-06-14
2,9,3,6,0,Ashe,2022-08-04
2,8,3,5,0,Ashe,2022-08-26
2,12,5,7,0,Ashe,2022-06-09
2,6,5,1,0,Ashe,2022-06-23
2,12,5,7,0,Ashe,2022-06-27
2,7,5,2,0,Ashe,2022-07-07
2,9,5,4,0,Ashe,2022-08-23
2,17,5,12,0,Ashe,2022-08-30
2,10,6,4,0,Ashe,2022-07-17
2,10,6,4,0,Ashe,2022-09-08
2,8,7,1,0,Ashe,2022-08-05
2,11,7,4,0,Ashe,2022-08-29
2,11,8,3,0,Ashe,2022-08-15
2,12,10,2,0,Ashe,2022-08-12
2,3,0,3,0,Avery,2022-08-15
2,4,0,4,0,Avery,2022-09-12
2,4,1,3,0,Avery,2022-05-30
2,5,1,4,0,Avery,2022-06-28
2,7,1,6,0,Avery,2022-06-30
2,11,1,10,0,Avery,2022-07-12
2,8,1,7,0,Avery,2022-07-27
2,4,1,3,0,Avery,2022-08-05
2,6,1,5,0,Avery,2022-09-01
2,12,2,10,0,Avery,2022-06-17
2,4,2,2,0,Avery,2022-08-29
2,7,3,4,0,Avery,2022-05-31
2,13,4,9,0,Avery,2022-05-17
2,8,6,2,0,Avery,2022-06-07
2,15,7,8,0,Avery,2022-07-11
2,7,0,7,0,Beaufort,2022-05-03
2,5,0,5,0,Beaufort,2022-06-05
2,9,0,9,0,Beaufort,2022-09-18
2,6,0,6,0,Beaufort,2022-10-23
2,5,1,4,0,Beaufort,2022-05-30
2,10,1,9,0,Beaufort,2022-06-12
2,12,1,11,0,Beaufort,2022-07-29
2,15,2,13,0,Beaufort,2022-06-10
2,8,2,6,0,Beaufort,2022-06-26
2,11,2,9,0,Beaufort,2022-07-02
2,9,2,7,0,Beaufort,2022-07-09
2,19,2,17,0,Beaufort,2022-08-10
2,8,2,6,0,Beaufort,2022-10-20
2,13,3,10,0,Beaufort,2022-05-11
2,23,3,20,0,Beaufort,2022-05-26
2,13,3,10,0,Beaufort,2022-06-21
2,10,3,7,0,Beaufort,2022-09-03
2,15,3,12,0,Beaufort,2022-09-08
2,13,3,10,0,Beaufort,2022-09-16
2,6,3,3,0,Beaufort,2022-10-04
2,10,4,6,0,Beaufort,2022-05-14
2,18,4,14,0,Beaufort,2022-06-23
2,14,4,10,0,Beaufort,2022-10-11
2,8,4,4,0,Beaufort,2022-10-25
2,9,5,4,0,Beaufort,2022-06-25
2,16,7,9,0,Beaufort,2022-06-03
2,16,7,9,0,Beaufort,2022-06-09
2,3,0,3,0,Bertie,2022-05-28
2,11,0,11,0,Bertie,2022-06-06
2,5,0,5,0,Bertie,2022-06-14
2,11,0,11,0,Bertie,2022-07-18
2,6,0,6,0,Bertie,2022-08-07
2,4,0,4,0,Bertie,2022-08-16
2,3,0,3,0,Bertie,2022-09-09
2,8,0,8,0,Bertie,2022-09-14
2,3,0,3,0,Bertie,2022-09-16
2,4,0,4,0,Bertie,2022-09-17
2,5,0,5,0,Bertie,2022-09-26
2,3,0,3,0,Bertie,2022-09-30
2,4,1,3,0,Bertie,2022-05-22
2,10,1,9,0,Bertie,2022-05-26
2,7,1,6,0,Bertie,2022-05-27
2,9,1,8,0,Bertie,2022-06-07
2,4,1,3,0,Bertie,2022-06-26
2,6,1,5,0,Bertie,2022-09-19
2,4,1,3,0,Bertie,2022-09-22
2,6,2,4,0,Bertie,2022-08-18
2,11,2,9,0,Bertie,2022-08-22
2,6,3,3,0,Bertie,2022-06-02
2,8,3,5,0,Bertie,2022-07-26
2,4,0,4,0,Bladen,2022-05-03
2,8,0,8,0,Bladen,2022-08-26
2,5,0,5,0,Bladen,2022-09-10
2,5,0,5,0,Bladen,2022-10-19
2,5,0,5,0,Bladen,2022-10-28
2,6,1,5,0,Bladen,2022-07-03
2,12,1,11,0,Bladen,2022-07-24
2,18,1,17,0,Bladen,2022-08-09
2,9,1,8,0,Bladen,2022-09-02
2,7,1,6,0,Bladen,2022-09-05
2,7,1,6,0,Bladen,2022-09-15
2,4,1,3,0,Bladen,2022-09-20
2,11,1,10,0,Bladen,2022-09-28
2,5,1,4,0,Bladen,2022-10-13
2,15,2,13,0,Bladen,2022-06-16
2,18,2,16,0,Bladen,2022-06-21
2,22,2,20,0,Bladen,2022-08-03
2,12,2,10,0,Bladen,2022-08-30
2,10,2,8,0,Bladen,2022-09-19
2,13,2,11,0,Bladen,2022-09-22
2,8,3,5,0,Bladen,2022-08-19
2,16,5,11,0,Bladen,2022-07-05
2,12,6,6,0,Bladen,2022-06-27
2,19,9,10,0,Bladen,2022-08-10
2,14,0,14,0,Brunswick,2022-08-20
2,11,0,11,0,Brunswick,2022-10-23
2,17,1,16,0,Brunswick,2022-05-07
2,14,1,13,0,Brunswick,2022-10-28
2,33,2,31,0,Brunswick,2022-09-20
2,9,2,7,0,Brunswick,2022-10-16
2,41,3,38,0,Brunswick,2022-05-06
2,32,3,29,0,Brunswick,2022-08-31
2,18,4,14,0,Brunswick,2022-08-21
2,17,4,13,0,Brunswick,2022-09-04
2,41,5,36,0,Brunswick,2022-07-10
2,31,6,25,0,Brunswick,2022-05-15
2,36,6,30,0,Brunswick,2022-05-22
2,24,6,18,0,Brunswick,2022-08-26
2,20,6,14,0,Brunswick,2022-09-03
2,19,6,13,0,Brunswick,2022-10-02
2,43,8,35,0,Brunswick,2022-07-03
2,17,8,9,0,Brunswick,2022-09-05
2,30,9,21,0,Brunswick,2022-06-11
2,26,10,16,0,Brunswick,2022-09-09
2,44,11,33,0,Brunswick,2022-05-03
2,10,6,4,0,Buncombe,2022-10-29
2,43,8,35,0,Buncombe,2022-10-11
2,49,9,40,0,Buncombe,2022-06-18
2,36,11,25,0,Buncombe,2022-08-20
2,46,18,28,0,Buncombe,2022-07-23
2,43,19,24,0,Buncombe,2022-06-11
2,58,21,37,0,Buncombe,2022-05-28
2,79,32,47,0,Buncombe,2022-07-30
2,14,0,14,0,Burke,2022-06-26
2,23,0,23,0,Burke,2022-07-09
2,15,0,15,0,Burke,2022-08-28
2,9,1,8,0,Burke,2022-05-03
2,10,1,9,0,Burke,2022-05-15
2,17,1,16,0,Burke,2022-07-16
2,27,1,26,0,Burke,2022-08-14
2,8,1,7,0,Burke,2022-10-12
2,20,2,18,0,Burke,2022-09-17
2,10,2,8,0,Burke,2022-09-30
2,29,4,25,0,Burke,2022-06-16
2,17,4,13,0,Burke,2022-09-28
2,15,5,10,0,Burke,2022-09-27
2,14,5,9,0,Burke,2022-10-17
2,21,6,15,0,Burke,2022-05-25
2,14,6,8,0,Burke,2022-06-02
2,22,7,15,0,Burke,2022-06-30
2,33,7,26,0,Burke,2022-07-05
2,24,7,17,0,Burke,2022-09-20
2,16,7,9,0,Burke,2022-10-10
2,37,9,28,0,Burke,2022-07-22
2,21,13,8,0,Burke,2022-05-28
2,14,1,13,0,Cabarrus,2022-10-29
2,13,2,11,0,Cabarrus,2022-09-24
2,15,2,13,0,Cabarrus,2022-09-29
2,23,3,20,0,Cabarrus,2022-10-14
2,20,3,17,0,Cabarrus,2022-10-20
2,16,4,12,0,Cabarrus,2022-10-01
2,29,5,24,0,Cabarrus,2022-05-28
2,34,6,28,0,Cabarrus,2022-05-08
2,34,6,28,0,Cabarrus,2022-05-30
2,22,7,15,0,Cabarrus,2022-10-10
2,48,11,37,0,Cabarrus,2022-05-14
2,18,0,18,0,Caldwell,2022-06-11
2,10,0,10,0,Caldwell,2022-10-09
2,6,1,5,0,Caldwell,2022-05-12
2,10,1,9,0,Caldwell,2022-05-14
2,12,1,11,0,Caldwell,2022-05-22
2,22,1,21,0,Caldwell,2022-06-06
2,11,1,10,0,Caldwell,2022-10-01
2,9,1,8,0,Caldwell,2022-10-17
2,14,1,13,0,Caldwell,2022-10-20
2,12,2,10,0,Caldwell,2022-10-05
2,9,2,7,0,Caldwell,2022-10-29
2,12,3,9,0,Caldwell,2022-05-15
2,16,3,13,0,Caldwell,2022-05-20
2,22,3,19,0,Caldwell,2022-05-25
2,25,3,22,0,Caldwell,2022-06-01
2,28,5,23,0,Caldwell,2022-07-09
2,32,6,26,0,Caldwell,2022-07-14
2,22,6,16,0,Caldwell,2022-10-24
2,11,6,5,0,Caldwell,2022-10-25
2,4,4,0,0,Camden,2022-08-04
2,3,0,3,0,Carteret,2022-10-19
2,9,1,8,0,Carteret,2022-09-25
2,6,3,3,0,Carteret,2022-09-18
2,12,3,9,0,Carteret,2022-10-04
2,16,4,12,0,Carteret,2022-05-03
2,17,4,13,0,Carteret,2022-06-18
2,6,4,2,0,Carteret,2022-10-10
2,10,5,5,0,Carteret,2022-05-06
2,13,5,8,0,Carteret,2022-08-06
2,16,6,10,0,Carteret,2022-07-03
2,26,6,20,0,Carteret,2022-08-05
2,12,6,6,0,Carteret,2022-08-25
2,9,6,3,0,Carteret,2022-10-03
2,10,6,4,0,Carteret,2022-10-05
2,19,7,12,0,Carteret,2022-06-08
2,22,7,15,0,Carteret,2022-06-20
2,22,8,14,0,Carteret,2022-05-25
2,24,8,16,0,Carteret,2022-07-15
2,17,8,9,0,Carteret,2022-09-09
2,22,9,13,0,Carteret,2022-06-11
2,19,9,10,0,Carteret,2022-09-26
2,24,10,14,0,Carteret,2022-06-30
2,26,10,16,0,Carteret,2022-07-27
2,22,11,11,0,Carteret,2022-06-15
2,32,14,18,0,Carteret,2022-06-03
2,35,15,20,0,Carteret,2022-06-24
2,26,16,10,0,Carteret,2022-09-12
2,29,19,10,0,Carteret,2022-06-07
2,40,20,20,0,Carteret,2022-06-21
2,31,20,11,0,Carteret,2022-08-11
2,14,0,14,0,Caswell,2022-06-07
2,5,0,5,0,Caswell,2022-07-13
2,8,0,8,0,Caswell,2022-08-18
2,3,0,3,0,Caswell,2022-09-05
2,4,0,4,0,Caswell,2022-09-22
2,7,0,7,0,Caswell,2022-09-26
2,12,1,11,0,Caswell,2022-05-11
2,9,1,8,0,Caswell,2022-05-16
2,18,1,17,0,Caswell,2022-06-02
2,6,1,5,0,Caswell,2022-06-27
2,10,1,9,0,Caswell,2022-08-01
2,8,1,7,0,Caswell,2022-08-26
2,5,1,4,0,Caswell,2022-09-16
2,9,2,7,0,Caswell,2022-06-01
2,7,2,5,0,Caswell,2022-06-20
2,9,2,7,0,Caswell,2022-07-21
2,8,2,6,0,Caswell,2022-08-03
2,10,2,8,0,Caswell,2022-08-31
2,10,3,7,0,Caswell,2022-06-09
2,11,3,8,0,Caswell,2022-07-18
2,11,3,8,0,Caswell,2022-08-30
2,12,4,8,0,Caswell,2022-07-05
2,28,9,19,0,Catawba,2022-05-14
2,32,9,23,0,Catawba,2022-09-04
2,23,12,11,0,Catawba,2022-05-21
2,26,12,14,0,Catawba,2022-10-11
2,32,16,16,0,Catawba,2022-05-12
2,42,24,18,0,Catawba,2022-06-03
2,12,1,11,0,Chatham,2022-08-14
2,13,1,12,0,Chatham,2022-08-25
2,9,1,8,0,Chatham,2022-09-04
2,6,1,5,0,Chatham,2022-10-10
2,12,1,11,0,Chatham,2022-10-19
2,11,2,9,0,Chatham,2022-08-06
2,21,2,19,0,Chatham,2022-08-12
2,22,2,20,0,Chatham,2022-08-17
2,10,2,8,0,Chatham,2022-08-20
2,7,2,5,0,Chatham,2022-09-23
2,11,2,9,0,Chatham,2022-10-26
2,22,3,19,0,Chatham,2022-06-07
2,25,3,22,0,Chatham,2022-06-08
2,25,3,22,0,Chatham,2022-06-27
2,20,3,17,0,Chatham,2022-06-29
2,19,3,16,0,Chatham,2022-07-10
2,18,3,15,0,Chatham,2022-07-24
2,19,3,16,0,Chatham,2022-08-23
2,18,3,15,0,Chatham,2022-09-07
2,12,3,9,0,Chatham,2022-09-16
2,23,4,19,0,Chatham,2022-05-24
2,26,4,22,0,Chatham,2022-06-20
2,31,4,27,0,Chatham,2022-06-28
2,33,4,29,0,Chatham,2022-08-01
2,18,4,14,0,Chatham,2022-08-04
2,26,5,21,0,Chatham,2022-05-06
2,32,5,27,0,Chatham,2022-05-13
2,21,5,16,0,Chatham,2022-06-16
2,39,5,34,0,Chatham,2022-07-18
2,29,5,24,0,Chatham,2022-08-24
2,16,5,11,0,Chatham,2022-09-01
2,33,6,27,0,Chatham,2022-07-21
2,17,6,11,0,Chatham,2022-09-08
2,21,7,14,0,Chatham,2022-05-11
2,31,8,23,0,Chatham,2022-05-27
2,8,0,8,0,Cherokee,2022-06-29
2,15,0,15,0,Cherokee,2022-07-27
2,10,0,10,0,Cherokee,2022-07-31
2,4,0,4,0,Cherokee,2022-09-17
2,10,1,9,0,Cherokee,2022-06-10
2,11,1,10,0,Cherokee,2022-07-30
2,8,1,7,0,Cherokee,2022-08-24
2,7,1,6,0,Cherokee,2022-09-15
2,3,1,2,0,Cherokee,2022-10-18
2,5,1,4,0,Cherokee,2022-10-28
2,8,2,6,0,Cherokee,2022-06-09
2,9,2,7,0,Cherokee,2022-09-05
2,10,2,8,0,Cherokee,2022-09-06
2,5,2,3,0,Cherokee,2022-09-14
2,3,2,1,0,Cherokee,2022-10-03
2,12,3,9,0,Cherokee,2022-06-06
2,11,3,8,0,Cherokee,2022-06-13
2,15,3,12,0,Cherokee,2022-07-05
2,10,3,7,0,Cherokee,2022-07-15
2,4,3,1,0,Cherokee,2022-09-30
2,25,4,21,0,Cherokee,2022-07-22
2,6,4,2,0,Cherokee,2022-08-28
2,16,5,11,0,Cherokee,2022-08-02
2,9,5,4,0,Cherokee,2022-09-12
2,19,6,13,0,Cherokee,2022-06-20
2,7,0,7,0,Chowan,2022-05-12
2,11,0,11,0,Chowan,2022-05-26
2,7,0,7,0,Chowan,2022-05-29
2,21,0,21,0,Chowan,2022-07-20
2,4,0,4,0,Chowan,2022-07-26
2,3,0,3,0,Chowan,2022-07-29
2,4,0,4,0,Chowan,2022-09-23
2,5,0,5,0,Chowan,2022-09-27
2,3,0,3,0,Chowan,2022-10-14
2,7,1,6,0,Chowan,2022-06-14
2,3,1,2,0,Chowan,2022-10-03
2,7,2,5,0,Chowan,2022-05-15
2,12,2,10,0,Chowan,2022-07-13
2,4,0,4,0,Clay,2022-05-28
2,12,0,12,0,Clay,2022-07-21
2,4,0,4,0,Clay,2022-08-16
2,6,1,5,0,Clay,2022-05-18
2,5,1,4,0,Clay,2022-06-24
2,4,1,3,0,Clay,2022-07-11
2,7,1,6,0,Clay,2022-07-19
2,4,1,3,0,Clay,2022-08-19
2,7,1,6,0,Clay,2022-08-27
2,9,2,7,0,Clay,2022-07-20
2,9,2,7,0,Clay,2022-07-28
2,5,2,3,0,Clay,2022-08-18
2,4,3,1,0,Clay,2022-09-12
2,9,5,4,0,Clay,2022-09-08
2,18,0,18,0,Cleveland,2022-07-09
2,10,1,9,0,Cleveland,2022-05-06
2,12,1,11,0,Cleveland,2022-09-29
2,7,1,6,0,Cleveland,2022-10-08
2,6,1,5,0,Cleveland,2022-10-22
2,15,2,13,0,Cleveland,2022-05-08
2,7,2,5,0,Cleveland,2022-09-24
2,18,2,16,0,Cleveland,2022-09-26
2,13,2,11,0,Cleveland,2022-10-06
2,23,3,20,0,Cleveland,2022-06-05
2,23,3,20,0,Cleveland,2022-09-04
2,13,4,9,0,Cleveland,2022-05-03
2,23,4,19,0,Cleveland,2022-06-22
2,40,4,36,0,Cleveland,2022-07-15
2,9,4,5,0,Cleveland,2022-10-12
2,28,5,23,0,Cleveland,2022-06-17
2,21,5,16,0,Cleveland,2022-07-02
2,13,5,8,0,Cleveland,2022-09-05
2,24,6,18,0,Cleveland,2022-06-07
2,5,1,4,0,Columbus,2022-06-10
2,4,1,3,0,Columbus,2022-10-07
2,11,2,9,0,Columbus,2022-08-19
2,4,2,2,0,Columbus,2022-08-28
2,10,3,7,0,Columbus,2022-07-31
2,7,3,4,0,Columbus,2022-09-24
2,8,4,4,0,Columbus,2022-05-12
2,7,4,3,0,Columbus,2022-09-02
2,10,5,5,0,Columbus,2022-10-05
2,11,6,5,0,Columbus,2022-05-24
2,9,6,3,0,Columbus,2022-06-25
2,15,7,8,0,Columbus,2022-06-20
2,15,7,8,0,Columbus,2022-06-29
2,22,7,15,0,Columbus,2022-08-05
2,14,7,7,0,Columbus,2022-08-13
2,23,8,15,0,Columbus,2022-05-16
2,14,8,6,0,Columbus,2022-06-14
2,16,8,8,0,Columbus,2022-06-15
2,16,8,8,0,Columbus,2022-06-30
2,11,8,3,0,Columbus,2022-07-04
2,22,9,13,0,Columbus,2022-08-03
2,36,22,14,0,Columbus,2022-08-22
2,12,0,12,0,Craven,2022-08-27
2,19,2,17,0,Craven,2022-08-20
2,14,3,11,0,Craven,2022-10-18
2,12,3,9,0,Craven,2022-10-25
2,19,4,15,0,Craven,2022-06-25
2,18,4,14,0,Craven,2022-10-02
2,18,5,13,0,Craven,2022-08-21
2,18,5,13,0,Craven,2022-10-13
2,19,6,13,0,Craven,2022-05-08
2,22,6,16,0,Craven,2022-08-28
2,24,8,16,0,Craven,2022-05-04
2,20,8,12,0,Craven,2022-05-29
2,34,9,25,0,Craven,2022-05-22
2,35,10,25,0,Craven,2022-05-12
2,34,12,22,0,Craven,2022-08-12
2,28,13,15,0,Craven,2022-09-16
2,39,14,25,0,Craven,2022-06-15
2,24,14,10,0,Craven,2022-09-02
2,39,15,24,0,Craven,2022-05-19
2,32,16,16,0,Craven,2022-07-29
2,30,17,13,0,Craven,2022-05-06
2,60,17,43,0,Craven,2022-07-08
2,43,19,24,0,Craven,2022-05-27
2,14,1,13,0,Cumberland,2022-10-16
2,20,3,17,0,Cumberland,2022-10-15
2,21,4,17,0,Cumberland,2022-10-22
2,17,5,12,0,Cumberland,2022-10-09
2,8,0,8,0,Currituck,2022-06-17
2,9,0,9,0,Currituck,2022-07-06
2,2,0,2,0,Currituck,2022-08-13
2,4,0,4,0,Currituck,2022-09-03
2,9,1,8,0,Currituck,2022-06-28
2,7,1,6,0,Currituck,2022-08-09
2,4,1,3,0,Currituck,2022-10-01
2,3,1,2,0,Currituck,2022-10-27
2,8,2,6,0,Currituck,2022-06-09
2,14,3,11,0,Currituck,2022-05-28
2,5,3,2,0,Currituck,2022-10-12
2,11,4,7,0,Currituck,2022-06-06
2,7,6,1,0,Currituck,2022-10-09
2,9,7,2,0,Currituck,2022-10-15
2,10,0,10,0,Dare,2022-05-08
2,22,0,22,0,Dare,2022-05-17
2,19,0,19,0,Dare,2022-05-18
2,20,0,20,0,Dare,2022-05-27
2,21,0,21,0,Dare,2022-06-01
2,25,0,25,0,Dare,2022-06-02
2,17,0,17,0,Dare,2022-06-06
2,11,0,11,0,Dare,2022-06-10
2,15,0,15,0,Dare,2022-06-15
2,10,0,10,0,Dare,2022-06-19
2,10,0,10,0,Dare,2022-06-25
2,13,0,13,0,Dare,2022-06-29
2,14,0,14,0,Dare,2022-07-01
2,13,0,13,0,Dare,2022-07-07
2,10,0,10,0,Dare,2022-07-21
2,11,0,11,0,Dare,2022-07-24
2,11,0,11,0,Dare,2022-08-03
2,14,0,14,0,Dare,2022-08-04
2,17,0,17,0,Dare,2022-08-10
2,12,0,12,0,Dare,2022-08-11
2,19,0,19,0,Dare,2022-08-12
2,13,0,13,0,Dare,2022-08-16
2,7,0,7,0,Dare,2022-09-11
2,6,0,6,0,Dare,2022-09-14
2,4,0,4,0,Dare,2022-10-21
2,12,1,11,0,Dare,2022-05-06
2,11,1,10,0,Dare,2022-05-30
2,14,1,13,0,Dare,2022-07-23
2,12,1,11,0,Dare,2022-09-06
2,8,1,7,0,Dare,2022-09-16
2,7,1,6,0,Dare,2022-10-17
2,23,0,23,0,Davidson,2022-05-08
2,29,1,28,0,Davidson,2022-05-03
2,19,2,17,0,Davidson,2022-06-18
2,14,2,12,0,Davidson,2022-10-27
2,18,3,15,0,Davidson,2022-05-07
2,25,3,22,0,Davidson,2022-08-27
2,12,3,9,0,Davidson,2022-10-15
2,24,4,20,0,Davidson,2022-06-04
2,15,0,15,0,Davie,2022-06-08
2,16,1,15,0,Davie,2022-05-27
2,8,1,7,0,Davie,2022-06-19
2,10,1,9,0,Davie,2022-09-02
2,8,1,7,0,Davie,2022-10-11
2,12,2,10,0,Davie,2022-07-12
2,6,2,4,0,Davie,2022-08-28
2,11,3,8,0,Davie,2022-05-05
2,12,3,9,0,Davie,2022-06-29
2,14,3,11,0,Davie,2022-07-17
2,8,3,5,0,Davie,2022-10-07
2,8,3,5,0,Davie,2022-10-25
2,16,4,12,0,Davie,2022-05-16
2,9,4,5,0,Davie,2022-08-24
2,13,5,8,0,Davie,2022-07-29
2,13,5,8,0,Davie,2022-08-29
2,19,5,14,0,Davie,2022-09-28
2,15,5,10,0,Davie,2022-09-29
2,21,6,15,0,Davie,2022-05-17
2,16,6,10,0,Davie,2022-09-01
2,10,6,4,0,Davie,2022-10-12
2,20,7,13,0,Davie,2022-05-19
2,14,7,7,0,Davie,2022-09-15
2,19,8,11,0,Davie,2022-05-11
2,15,9,6,0,Davie,2022-05-12
2,18,10,8,0,Davie,2022-06-24
2,9,0,9,0,Duplin,2022-06-25
2,10,0,10,0,Duplin,2022-07-17
2,9,0,9,0,Duplin,2022-08-21
2,13,1,12,0,Duplin,2022-07-10
2,7,1,6,0,Duplin,2022-08-20
2,6,1,5,0,Duplin,2022-09-11
2,4,1,3,0,Duplin,2022-10-07
2,11,1,10,0,Duplin,2022-10-11
2,6,2,4,0,Duplin,2022-06-08
2,6,2,4,0,Duplin,2022-08-28
2,7,2,5,0,Duplin,2022-09-27
2,4,2,2,0,Duplin,2022-10-25
2,8,4,4,0,Duplin,2022-05-11
2,13,4,9,0,Duplin,2022-06-21
2,6,4,2,0,Duplin,2022-10-13
2,9,5,4,0,Duplin,2022-05-19
2,10,5,5,0,Duplin,2022-06-03
2,12,5,7,0,Duplin,2022-07-04
2,10,5,5,0,Duplin,2022-07-09
2,16,5,11,0,Duplin,2022-08-06
2,11,5,6,0,Duplin,2022-09-16
2,8,5,3,0,Duplin,2022-09-28
2,10,5,5,0,Duplin,2022-09-29
2,6,5,1,0,Duplin,2022-10-19
2,9,5,4,0,Duplin,2022-10-24
2,14,6,8,0,Duplin,2022-06-13
2,16,7,9,0,Duplin,2022-05-24
2,16,7,9,0,Duplin,2022-09-02
2,15,8,7,0,Duplin,2022-08-27
2,15,9,6,0,Duplin,2022-09-09
2,12,9,3,0,Duplin,2022-09-21
2,21,14,7,0,Duplin,2022-09-06
2,26,20,6,0,Duplin,2022-06-16
2,41,29,12,0,Duplin,2022-07-06
2,21,1,20,0,Durham,2022-10-08
2,15,1,14,0,Durham,2022-10-16
2,21,2,19,0,Durham,2022-10-01
2,38,20,18,0,Durham,2022-10-23
2,16,0,16,0,Edgecombe,2022-05-16
2,14,0,14,0,Edgecombe,2022-07-01
2,8,0,8,0,Edgecombe,2022-07-02
2,11,0,11,0,Edgecombe,2022-07-06
2,4,0,4,0,Edgecombe,2022-10-17
2,3,0,3,0,Edgecombe,2022-10-22
2,12,1,11,0,Edgecombe,2022-05-09
2,10,1,9,0,Edgecombe,2022-05-18
2,19,1,18,0,Edgecombe,2022-05-23
2,11,1,10,0,Edgecombe,2022-06-25
2,17,1,16,0,Edgecombe,2022-08-18
2,9,1,8,0,Edgecombe,2022-08-27
2,10,1,9,0,Edgecombe,2022-08-28
2,15,1,14,0,Edgecombe,2022-09-04
2,10,1,9,0,Edgecombe,2022-10-11
2,7,1,6,0,Edgecombe,2022-10-13
2,5,1,4,0,Edgecombe,2022-10-14
2,5,1,4,0,Edgecombe,2022-10-25
2,9,2,7,0,Edgecombe,2022-05-11
2,11,2,9,0,Edgecombe,2022-06-26
2,18,2,16,0,Edgecombe,2022-07-08
2,15,2,13,0,Edgecombe,2022-07-31
2,15,2,13,0,Edgecombe,2022-08-07
2,18,2,16,0,Edgecombe,2022-08-15
2,8,2,6,0,Edgecombe,2022-09-05
2,14,2,12,0,Edgecombe,2022-09-10
2,20,3,17,0,Edgecombe,2022-05-25
2,18,3,15,0,Edgecombe,2022-08-26
2,22,3,19,0,Edgecombe,2022-09-07
2,19,3,16,0,Edgecombe,2022-09-21
2,15,3,12,0,Edgecombe,2022-09-22
2,10,4,6,0,Edgecombe,2022-10-10
2,31,6,25,0,Edgecombe,2022-07-05
2,18,7,11,0,Edgecombe,2022-09-08
2,24,10,14,0,Edgecombe,2022-09-12
2,24,21,3,0,Edgecombe,2022-10-03
2,52,4,48,0,Forsyth,2022-05-08
2,32,4,28,0,Forsyth,2022-10-29
2,11,0,11,0,Franklin,2022-09-28
2,8,0,8,0,Franklin,2022-10-28
2,19,1,18,0,Franklin,2022-05-06
2,14,1,13,0,Franklin,2022-05-21
2,22,1,21,0,Franklin,2022-05-28
2,17,1,16,0,Franklin,2022-06-04
2,26,1,25,0,Franklin,2022-06-08
2,13,1,12,0,Franklin,2022-06-25
2,10,1,9,0,Franklin,2022-07-03
2,15,1,14,0,Franklin,2022-08-20
2,8,1,7,0,Franklin,2022-09-17
2,8,1,7,0,Franklin,2022-10-10
2,11,1,10,0,Franklin,2022-10-11
2,5,1,4,0,Franklin,2022-10-19
2,23,2,21,0,Franklin,2022-08-12
2,18,2,16,0,Franklin,2022-09-11
2,12,2,10,0,Franklin,2022-10-17
2,6,2,4,0,Franklin,2022-10-29
2,12,3,9,0,Franklin,2022-09-04
2,33,4,29,0,Franklin,2022-05-14
2,9,4,5,0,Franklin,2022-08-27
2,31,6,25,0,Franklin,2022-07-28
2,18,2,16,0,Gaston,2022-10-12
2,23,3,20,0,Gaston,2022-05-08
2,34,3,31,0,Gaston,2022-05-14
2,18,3,15,0,Gaston,2022-10-06
2,32,3,29,0,Gaston,2022-10-26
2,24,5,19,0,Gaston,2022-10-19
2,24,6,18,0,Gaston,2022-10-08
2,40,7,33,0,Gaston,2022-07-04
2,25,7,18,0,Gaston,2022-09-30
2,2,0,2,0,Gates,2022-07-31
2,3,0,3,0,Gates,2022-08-09
2,3,1,2,0,Gates,2022-06-27
2,5,1,4,0,Gates,2022-08-15
2,5,2,3,0,Gates,2022-06-14
2,7,2,5,0,Gates,2022-09-13
2,4,2,2,0,Gates,2022-09-21
2,5,4,1,0,Gates,2022-07-11
2,6,4,2,0,Gates,2022-09-06
2,3,0,3,0,Graham,2022-07-03
2,3,1,2,0,Graham,2022-06-10
2,9,2,7,0,Graham,2022-07-05
2,5,3,2,0,Graham,2022-07-23
2,5,4,1,0,Graham,2022-09-06
2,6,5,1,0,Graham,2022-07-19
2,10,7,3,0,Graham,2022-08-29
2,11,9,2,0,Graham,2022-09-05
2,8,0,8,0,Granville,2022-08-13
2,10,0,10,0,Granville,2022-08-21
2,15,0,15,0,Granville,2022-09-01
2,11,0,11,0,Granville,2022-09-30
2,6,0,6,0,Granville,2022-10-05
2,7,0,7,0,Granville,2022-10-20
2,12,1,11,0,Granville,2022-06-12
2,15,1,14,0,Granville,2022-06-18
2,13,1,12,0,Granville,2022-08-27
2,9,1,8,0,Granville,2022-10-17
2,11,2,9,0,Granville,2022-07-17
2,18,2,16,0,Granville,2022-09-27
2,15,3,12,0,Granville,2022-05-21
2,21,3,18,0,Granville,2022-06-03
2,25,3,22,0,Granville,2022-08-09
2,18,3,15,0,Granville,2022-08-30
2,26,4,22,0,Granville,2022-08-23
2,21,4,17,0,Granville,2022-10-06
2,11,5,6,0,Granville,2022-06-26
2,12,5,7,0,Granville,2022-08-25
2,32,5,27,0,Granville,2022-09-08
2,25,6,19,0,Granville,2022-07-01
2,25,7,18,0,Granville,2022-05-12
2,43,7,36,0,Granville,2022-05-31
2,26,7,19,0,Granville,2022-06-09
2,21,7,14,0,Granville,2022-08-24
2,29,7,22,0,Granville,2022-09-06
2,29,8,21,0,Granville,2022-06-10
2,27,9,18,0,Granville,2022-06-23
2,23,9,14,0,Granville,2022-06-30
2,22,10,12,0,Granville,2022-06-28
2,37,17,20,0,Granville,2022-05-17
2,48,17,31,0,Granville,2022-05-23
2,66,20,46,0,Granville,2022-07-25
2,12,0,12,0,Greene,2022-06-14
2,3,0,3,0,Greene,2022-06-18
2,5,0,5,0,Greene,2022-06-22
2,13,0,13,0,Greene,2022-08-01
2,4,0,4,0,Greene,2022-08-12
2,7,0,7,0,Greene,2022-08-30
2,7,1,6,0,Greene,2022-06-16
2,4,1,3,0,Greene,2022-08-05
2,6,1,5,0,Greene,2022-08-11
2,6,1,5,0,Greene,2022-09-13
2,5,2,3,0,Greene,2022-05-03
2,4,2,2,0,Greene,2022-05-16
2,5,2,3,0,Greene,2022-05-25
2,10,2,8,0,Greene,2022-07-21
2,5,2,3,0,Greene,2022-07-29
2,12,2,10,0,Greene,2022-08-04
2,6,2,4,0,Greene,2022-08-06
2,5,2,3,0,Greene,2022-09-21
2,8,3,5,0,Greene,2022-06-06
2,8,4,4,0,Greene,2022-09-19
2,14,5,9,0,Greene,2022-06-08
2,21,8,13,0,Greene,2022-07-25
2,4,0,4,0,Halifax,2022-05-14
2,11,0,11,0,Halifax,2022-10-06
2,4,0,4,0,Halifax,2022-10-18
2,2,0,2,0,Halifax,2022-10-22
2,7,1,6,0,Halifax,2022-05-06
2,5,1,4,0,Halifax,2022-05-30
2,7,1,6,0,Halifax,2022-07-02
2,5,1,4,0,Halifax,2022-09-17
2,14,1,13,0,Halifax,2022-09-27
2,15,2,13,0,Halifax,2022-09-26
2,9,2,7,0,Halifax,2022-10-05
2,12,3,9,0,Halifax,2022-05-26
2,23,3,20,0,Halifax,2022-05-31
2,10,3,7,0,Halifax,2022-06-12
2,17,3,14,0,Halifax,2022-06-15
2,13,3,10,0,Halifax,2022-10-25
2,15,4,11,0,Halifax,2022-06-03
2,22,4,18,0,Halifax,2022-06-22
2,36,4,32,0,Halifax,2022-07-19
2,15,4,11,0,Halifax,2022-07-31
2,11,4,7,0,Halifax,2022-08-14
2,23,5,18,0,Halifax,2022-08-12
2,24,6,18,0,Halifax,2022-07-01
2,12,6,6,0,Halifax,2022-08-20
2,18,6,12,0,Halifax,2022-10-07
2,18,7,11,0,Halifax,2022-05-11
2,9,1,8,0,Harnett,2022-10-20
2,22,1,21,0,Harnett,2022-10-24
2,19,2,17,0,Harnett,2022-05-22
2,21,2,19,0,Harnett,2022-06-11
2,19,2,17,0,Harnett,2022-09-18
2,8,2,6,0,Harnett,2022-10-09
2,9,2,7,0,Harnett,2022-10-12
2,12,3,9,0,Harnett,2022-05-07
2,12,3,9,0,Harnett,2022-09-24
2,13,3,10,0,Harnett,2022-10-02
2,22,3,19,0,Harnett,2022-10-26
2,16,4,12,0,Harnett,2022-07-04
2,20,4,16,0,Harnett,2022-09-17
2,20,4,16,0,Harnett,2022-10-05
2,24,5,19,0,Harnett,2022-05-14
2,18,5,13,0,Harnett,2022-08-27
2,33,6,27,0,Harnett,2022-06-02
2,24,6,18,0,Harnett,2022-06-19
2,37,8,29,0,Harnett,2022-05-17
2,33,8,25,0,Harnett,2022-06-10
2,37,9,28,0,Harnett,2022-06-07
2,49,15,34,0,Harnett,2022-05-25
2,32,15,17,0,Harnett,2022-08-06
2,12,4,8,0,Haywood,2022-05-14
2,11,4,7,0,Haywood,2022-06-11
2,6,4,2,0,Haywood,2022-09-23
2,11,5,6,0,Haywood,2022-05-30
2,14,5,9,0,Haywood,2022-08-21
2,11,5,6,0,Haywood,2022-09-15
2,10,5,5,0,Haywood,2022-10-20
2,25,6,19,0,Haywood,2022-06-09
2,11,6,5,0,Haywood,2022-07-10
2,10,6,4,0,Haywood,2022-08-27
2,12,7,5,0,Haywood,2022-07-20
2,16,7,9,0,Haywood,2022-08-28
2,16,8,8,0,Haywood,2022-05-05
2,16,9,7,0,Haywood,2022-06-08
2,17,9,8,0,Haywood,2022-08-05
2,11,9,2,0,Haywood,2022-09-27
2,21,10,11,0,Haywood,2022-07-29
2,15,10,5,0,Haywood,2022-08-18
2,31,11,20,0,Haywood,2022-06-13
2,17,11,6,0,Haywood,2022-07-06
2,15,11,4,0,Haywood,2022-07-13
2,25,12,13,0,Haywood,2022-06-27
2,20,13,7,0,Haywood,2022-06-15
2,27,13,14,0,Haywood,2022-08-22
2,16,13,3,0,Haywood,2022-09-16
2,18,14,4,0,Haywood,2022-05-24
2,34,15,19,0,Haywood,2022-07-26
2,27,15,12,0,Haywood,2022-07-27
2,19,16,3,0,Haywood,2022-07-02
2,39,18,21,0,Haywood,2022-05-16
2,28,22,6,0,Haywood,2022-08-07
2,12,2,10,0,Henderson,2022-10-27
2,14,4,10,0,Henderson,2022-09-24
2,12,4,8,0,Henderson,2022-10-08
2,12,4,8,0,Henderson,2022-10-18
2,10,4,6,0,Henderson,2022-10-22
2,17,5,12,0,Henderson,2022-05-03
2,17,5,12,0,Henderson,2022-05-14
2,19,5,14,0,Henderson,2022-06-25
2,19,5,14,0,Henderson,2022-09-16
2,24,6,18,0,Henderson,2022-06-17
2,29,7,22,0,Henderson,2022-10-11
2,21,7,14,0,Henderson,2022-10-26
2,17,8,9,0,Henderson,2022-05-28
2,17,8,9,0,Henderson,2022-06-19
2,26,8,18,0,Henderson,2022-09-02
2,22,8,14,0,Henderson,2022-09-04
2,23,9,14,0,Henderson,2022-05-22
2,17,9,8,0,Henderson,2022-05-29
2,27,9,18,0,Henderson,2022-08-12
2,22,9,13,0,Henderson,2022-10-14
2,23,10,13,0,Henderson,2022-05-12
2,26,10,16,0,Henderson,2022-06-08
2,33,10,23,0,Henderson,2022-08-07
2,23,10,13,0,Henderson,2022-10-07
2,22,11,11,0,Henderson,2022-05-04
2,39,12,27,0,Henderson,2022-05-20
2,34,12,22,0,Henderson,2022-08-28
2,24,16,8,0,Henderson,2022-06-11
2,31,17,14,0,Henderson,2022-05-27
2,31,19,12,0,Henderson,2022-06-26
2,41,21,20,0,Henderson,2022-06-28
2,47,22,25,0,Henderson,2022-05-19
2,16,0,16,0,Hertford,2022-07-15
2,6,0,6,0,Hertford,2022-07-30
2,8,0,8,0,Hertford,2022-08-19
2,5,0,5,0,Hertford,2022-08-25
2,6,0,6,0,Hertford,2022-09-01
2,5,1,4,0,Hertford,2022-07-03
2,8,1,7,0,Hertford,2022-07-04
2,11,1,10,0,Hertford,2022-07-06
2,9,1,8,0,Hertford,2022-08-29
2,11,2,9,0,Hertford,2022-06-06
2,4,2,2,0,Hertford,2022-06-23
2,4,3,1,0,Hertford,2022-06-15
2,8,3,5,0,Hertford,2022-06-24
2,13,3,10,0,Hertford,2022-07-08
2,8,3,5,0,Hertford,2022-07-17
2,9,3,6,0,Hertford,2022-08-17
2,10,3,7,0,Hertford,2022-09-13
2,11,3,8,0,Hertford,2022-09-26
2,5,3,2,0,Hertford,2022-09-29
2,9,4,5,0,Hertford,2022-05-19
2,21,4,17,0,Hertford,2022-07-20
2,11,4,7,0,Hertford,2022-08-11
2,10,4,6,0,Hertford,2022-09-02
2,14,5,9,0,Hertford,2022-07-22
2,15,5,10,0,Hertford,2022-07-28
2,21,6,15,0,Hertford,2022-05-31
2,6,0,6,0,Hoke,2022-05-22
2,8,0,8,0,Hoke,2022-10-06
2,5,0,5,0,Hoke,2022-10-14
2,6,1,5,0,Hoke,2022-06-18
2,17,1,16,0,Hoke,2022-07-23
2,20,1,19,0,Hoke,2022-08-06
2,5,1,4,0,Hoke,2022-10-16
2,9,2,7,0,Hoke,2022-06-03
2,9,2,7,0,Hoke,2022-06-26
2,6,2,4,0,Hoke,2022-10-18
2,19,3,16,0,Hoke,2022-07-17
2,25,3,22,0,Hoke,2022-08-22
2,21,4,17,0,Hoke,2022-05-04
2,11,4,7,0,Hoke,2022-06-19
2,20,4,16,0,Hoke,2022-07-11
2,18,4,14,0,Hoke,2022-07-30
2,24,4,20,0,Hoke,2022-08-17
2,17,5,12,0,Hoke,2022-06-28
2,17,5,12,0,Hoke,2022-07-01
2,8,5,3,0,Hoke,2022-10-20
2,30,6,24,0,Hoke,2022-05-17
2,19,6,13,0,Hoke,2022-07-31
2,18,6,12,0,Hoke,2022-08-23
2,16,6,10,0,Hoke,2022-09-02
2,18,6,12,0,Hoke,2022-09-15
2,15,7,8,0,Hoke,2022-05-05
2,16,7,9,0,Hoke,2022-05-11
2,28,7,21,0,Hoke,2022-05-24
2,15,7,8,0,Hoke,2022-08-07
2,31,8,23,0,Hoke,2022-06-20
2,23,13,10,0,Hoke,2022-07-28
2,5,0,5,0,Hyde,2022-08-03
2,7,1,6,0,Hyde,2022-08-02
2,11,1,10,0,Iredell,2022-10-29
2,22,8,14,0,Iredell,2022-05-07
2,33,9,24,0,Iredell,2022-05-14
2,34,12,22,0,Iredell,2022-10-05
2,27,15,12,0,Iredell,2022-10-04
2,54,17,37,0,Iredell,2022-06-07
2,45,21,24,0,Iredell,2022-05-03
2,8,0,8,0,Jackson,2022-06-12
2,10,0,10,0,Jackson,2022-06-22
2,6,0,6,0,Jackson,2022-08-13
2,5,0,5,0,Jackson,2022-10-16
2,7,1,6,0,Jackson,2022-05-04
2,9,1,8,0,Jackson,2022-06-29
2,12,2,10,0,Jackson,2022-06-23
2,11,3,8,0,Jackson,2022-06-08
2,12,3,9,0,Jackson,2022-07-25
2,6,3,3,0,Jackson,2022-09-15
2,12,4,8,0,Jackson,2022-06-20
2,9,5,4,0,Jackson,2022-06-09
2,13,5,8,0,Jackson,2022-07-15
2,7,5,2,0,Jackson,2022-08-12
2,17,5,12,0,Jackson,2022-09-21
2,13,6,7,0,Jackson,2022-08-05
2,19,6,13,0,Jackson,2022-08-17
2,11,6,5,0,Jackson,2022-09-29
2,14,7,7,0,Jackson,2022-09-06
2,32,1,31,0,Johnston,2022-06-04
2,13,1,12,0,Johnston,2022-10-20
2,19,1,18,0,Johnston,2022-10-28
2,42,2,40,0,Johnston,2022-06-05
2,18,2,16,0,Johnston,2022-10-21
2,29,3,26,0,Johnston,2022-10-11
2,21,4,17,0,Johnston,2022-10-04
2,23,5,18,0,Johnston,2022-09-30
2,22,5,17,0,Johnston,2022-10-01
2,13,6,7,0,Johnston,2022-10-16
2,39,11,28,0,Johnston,2022-09-03
2,6,1,5,0,Jones,2022-06-07
2,4,1,3,0,Jones,2022-06-24
2,7,1,6,0,Jones,2022-07-22
2,4,2,2,0,Jones,2022-06-15
2,10,2,8,0,Jones,2022-07-06
2,10,3,7,0,Jones,2022-06-09
2,6,3,3,0,Jones,2022-07-28
2,4,3,1,0,Jones,2022-09-16
2,6,3,3,0,Jones,2022-10-04
2,6,4,2,0,Jones,2022-06-13
2,7,6,1,0,Jones,2022-09-14
2,7,0,7,0,Lee,2022-09-14
2,6,1,5,0,Lee,2022-09-05
2,13,1,12,0,Lee,2022-09-15
2,11,1,10,0,Lee,2022-09-17
2,15,1,14,0,Lee,2022-10-02
2,3,1,2,0,Lee,2022-10-09
2,4,1,3,0,Lee,2022-10-12
2,12,2,10,0,Lee,2022-05-22
2,9,2,7,0,Lee,2022-06-03
2,7,2,5,0,Lee,2022-10-08
2,8,2,6,0,Lee,2022-10-25
2,19,3,16,0,Lee,2022-05-26
2,13,3,10,0,Lee,2022-06-08
2,11,3,8,0,Lee,2022-09-10
2,5,3,2,0,Lee,2022-09-24
2,9,3,6,0,Lee,2022-10-04
2,4,3,1,0,Lee,2022-10-11
2,17,4,13,0,Lee,2022-08-09
2,6,4,2,0,Lee,2022-10-18
2,26,5,21,0,Lee,2022-05-16
2,23,5,18,0,Lee,2022-05-20
2,21,5,16,0,Lee,2022-06-13
2,23,5,18,0,Lee,2022-06-29
2,16,5,11,0,Lee,2022-07-11
2,12,5,7,0,Lee,2022-08-20
2,8,5,3,0,Lee,2022-08-21
2,12,5,7,0,Lee,2022-09-11
2,15,5,10,0,Lee,2022-09-20
2,13,6,7,0,Lee,2022-05-15
2,24,6,18,0,Lee,2022-06-02
2,22,6,16,0,Lee,2022-08-24
2,25,6,19,0,Lee,2022-09-19
2,11,6,5,0,Lee,2022-10-01
2,32,7,25,0,Lee,2022-05-31
2,13,7,6,0,Lee,2022-07-10
2,21,7,14,0,Lee,2022-08-16
2,28,8,20,0,Lee,2022-07-26
2,21,8,13,0,Lee,2022-07-31
2,21,9,12,0,Lee,2022-06-06
2,24,9,15,0,Lee,2022-07-06
2,17,9,8,0,Lee,2022-07-17
2,21,11,10,0,Lee,2022-07-23
2,13,11,2,0,Lee,2022-09-03
2,12,0,12,0,Lenoir,2022-09-26
2,7,1,6,0,Lenoir,2022-05-03
2,5,1,4,0,Lenoir,2022-10-18
2,5,2,3,0,Lenoir,2022-05-09
2,5,2,3,0,Lenoir,2022-06-12
2,6,2,4,0,Lenoir,2022-09-17
2,13,2,11,0,Lenoir,2022-09-28
2,6,2,4,0,Lenoir,2022-10-04
2,6,2,4,0,Lenoir,2022-10-27
2,8,3,5,0,Lenoir,2022-05-04
2,17,3,14,0,Lenoir,2022-06-06
2,11,3,8,0,Lenoir,2022-08-30
2,15,3,12,0,Lenoir,2022-09-13
2,7,3,4,0,Lenoir,2022-10-16
2,13,4,9,0,Lenoir,2022-05-12
2,13,4,9,0,Lenoir,2022-07-02
2,23,5,18,0,Lenoir,2022-08-31
2,21,6,15,0,Lenoir,2022-06-02
2,11,6,5,0,Lenoir,2022-07-03
2,19,7,12,0,Lenoir,2022-09-14
2,24,8,16,0,Lenoir,2022-07-07
2,19,9,10,0,Lenoir,2022-06-08
2,18,11,7,0,Lenoir,2022-06-26
2,18,11,7,0,Lenoir,2022-07-30
2,38,16,22,0,Lenoir,2022-07-15
2,10,0,10,0,Lincoln,2022-05-22
2,9,1,8,0,Lincoln,2022-08-14
2,16,1,15,0,Lincoln,2022-10-06
2,17,2,15,0,Lincoln,2022-06-11
2,25,2,23,0,Lincoln,2022-08-07
2,9,2,7,0,Lincoln,2022-10-02
2,13,2,11,0,Lincoln,2022-10-20
2,31,3,28,0,Lincoln,2022-06-18
2,23,4,19,0,Lincoln,2022-05-25
2,17,4,13,0,Lincoln,2022-05-27
2,24,4,20,0,Lincoln,2022-06-17
2,19,4,15,0,Lincoln,2022-08-27
2,18,4,14,0,Lincoln,2022-08-29
2,27,5,22,0,Lincoln,2022-05-18
2,27,5,22,0,Lincoln,2022-06-21
2,12,6,6,0,Lincoln,2022-10-13
2,26,7,19,0,Lincoln,2022-05-12
2,17,7,10,0,Lincoln,2022-05-14
2,26,7,19,0,Lincoln,2022-09-02
2,27,8,19,0,Lincoln,2022-05-26
2,26,8,18,0,Lincoln,2022-06-02
2,35,9,26,0,Lincoln,2022-05-19
2,33,9,24,0,Lincoln,2022-06-28
2,24,10,14,0,Lincoln,2022-08-05
2,9,0,9,0,Macon,2022-06-21
2,9,1,8,0,Macon,2022-06-02
2,7,1,6,0,Macon,2022-08-28
2,7,1,6,0,Macon,2022-09-05
2,6,1,5,0,Macon,2022-10-10
2,10,2,8,0,Macon,2022-06-17
2,11,2,9,0,Macon,2022-07-04
2,3,2,1,0,Macon,2022-09-28
2,10,3,7,0,Macon,2022-05-31
2,12,3,9,0,Macon,2022-08-01
2,9,3,6,0,Macon,2022-08-17
2,14,4,10,0,Macon,2022-07-10
2,11,4,7,0,Macon,2022-08-04
2,8,5,3,0,Macon,2022-05-16
2,13,5,8,0,Macon,2022-09-06
2,19,8,11,0,Macon,2022-06-15
2,19,8,11,0,Macon,2022-07-28
2,4,0,4,0,Madison,2022-08-05
2,2,1,1,0,Madison,2022-05-28
2,8,1,7,0,Madison,2022-08-01
2,7,2,5,0,Madison,2022-05-25
2,7,2,5,0,Madison,2022-07-14
2,5,3,2,0,Madison,2022-05-14
2,9,3,6,0,Madison,2022-06-01
2,5,3,2,0,Madison,2022-08-17
2,10,3,7,0,Madison,2022-08-29
2,4,3,1,0,Madison,2022-10-04
2,7,3,4,0,Madison,2022-10-05
2,6,4,2,0,Madison,2022-05-11
2,7,4,3,0,Madison,2022-05-22
2,5,4,1,0,Madison,2022-07-06
2,7,4,3,0,Madison,2022-07-19
2,8,5,3,0,Madison,2022-05-18
2,13,9,4,0,Madison,2022-05-23
2,6,0,6,0,Martin,2022-08-29
2,4,0,4,0,Martin,2022-10-17
2,16,1,15,0,Martin,2022-07-07
2,11,1,10,0,Martin,2022-08-23
2,4,1,3,0,Martin,2022-09-02
2,7,1,6,0,Martin,2022-09-23
2,9,2,7,0,Martin,2022-05-23
2,11,2,9,0,Martin,2022-06-13
2,11,2,9,0,Martin,2022-06-23
2,4,2,2,0,Martin,2022-07-04
2,8,2,6,0,Martin,2022-07-09
2,6,2,4,0,Martin,2022-08-18
2,13,3,10,0,Martin,2022-06-15
2,7,3,4,0,Martin,2022-06-24
2,10,3,7,0,Martin,2022-06-27
2,16,3,13,0,Martin,2022-08-09
2,13,4,9,0,Martin,2022-06-08
2,14,5,9,0,Martin,2022-05-24
2,14,5,9,0,Martin,2022-06-07
2,17,5,12,0,Martin,2022-08-04
2,13,0,13,0,McDowell,2022-05-11
2,9,0,9,0,McDowell,2022-05-29
2,10,0,10,0,McDowell,2022-06-10
2,9,0,9,0,McDowell,2022-06-11
2,9,0,9,0,McDowell,2022-08-06
2,18,0,18,0,McDowell,2022-08-26
2,10,0,10,0,McDowell,2022-09-23
2,8,0,8,0,McDowell,2022-10-05
2,8,1,7,0,McDowell,2022-05-19
2,11,1,10,0,McDowell,2022-05-21
2,14,1,13,0,McDowell,2022-05-27
2,15,1,14,0,McDowell,2022-06-22
2,12,1,11,0,McDowell,2022-08-21
2,14,1,13,0,McDowell,2022-09-01
2,12,1,11,0,McDowell,2022-09-25
2,5,1,4,0,McDowell,2022-10-23
2,17,2,15,0,McDowell,2022-05-31
2,19,2,17,0,McDowell,2022-06-04
2,10,2,8,0,McDowell,2022-08-02
2,9,2,7,0,McDowell,2022-10-04
2,4,2,2,0,McDowell,2022-10-22
2,15,3,12,0,McDowell,2022-05-17
2,19,3,16,0,McDowell,2022-06-23
2,12,3,9,0,McDowell,2022-09-10
2,17,4,13,0,McDowell,2022-05-09
2,9,4,5,0,McDowell,2022-06-18
2,22,4,18,0,McDowell,2022-09-15
2,25,6,19,0,McDowell,2022-08-12
2,71,9,62,0,Mecklenburg,2022-10-29
2,4,0,4,0,Mitchell,2022-06-12
2,2,0,2,0,Mitchell,2022-09-18
2,7,3,4,0,Mitchell,2022-06-28
2,5,4,1,0,Mitchell,2022-08-07
2,7,4,3,0,Mitchell,2022-08-10
2,6,5,1,0,Mitchell,2022-05-14
2,7,5,2,0,Mitchell,2022-06-08
2,8,5,3,0,Mitchell,2022-07-15
2,6,5,1,0,Mitchell,2022-07-19
2,9,7,2,0,Mitchell,2022-06-02
2,11,10,1,0,Mitchell,2022-06-20
2,3,0,3,0,Montgomery,2022-06-06
2,6,0,6,0,Montgomery,2022-06-18
2,7,0,7,0,Montgomery,2022-06-20
2,5,0,5,0,Montgomery,2022-08-21
2,9,0,9,0,Montgomery,2022-09-21
2,7,1,6,0,Montgomery,2022-05-27
2,8,1,7,0,Montgomery,2022-06-17
2,11,1,10,0,Montgomery,2022-09-07
2,5,1,4,0,Montgomery,2022-10-04
2,4,2,2,0,Montgomery,2022-05-04
2,5,2,3,0,Montgomery,2022-05-14
2,6,2,4,0,Montgomery,2022-05-26
2,10,2,8,0,Montgomery,2022-06-16
2,12,2,10,0,Montgomery,2022-06-22
2,3,2,1,0,Montgomery,2022-07-04
2,8,2,6,0,Montgomery,2022-07-15
2,13,2,11,0,Montgomery,2022-07-22
2,9,2,7,0,Montgomery,2022-08-09
2,4,2,2,0,Montgomery,2022-08-20
2,8,2,6,0,Montgomery,2022-09-23
2,14,3,11,0,Montgomery,2022-08-26
2,7,3,4,0,Montgomery,2022-09-02
2,6,3,3,0,Montgomery,2022-09-14
2,6,4,2,0,Montgomery,2022-05-28
2,7,4,3,0,Montgomery,2022-06-23
2,13,4,9,0,Montgomery,2022-08-30
2,8,4,4,0,Montgomery,2022-09-03
2,9,4,5,0,Montgomery,2022-09-13
2,15,5,10,0,Montgomery,2022-07-21
2,15,5,10,0,Montgomery,2022-08-08
2,12,6,6,0,Montgomery,2022-09-01
2,24,7,17,0,Montgomery,2022-07-20
2,17,8,9,0,Montgomery,2022-07-29
2,14,2,12,0,Moore,2022-05-05
2,13,2,11,0,Moore,2022-05-08
2,18,3,15,0,Moore,2022-06-12
2,13,5,8,0,Moore,2022-06-04
2,23,5,18,0,Moore,2022-08-14
2,17,9,8,0,Moore,2022-10-02
2,17,9,8,0,Moore,2022-10-26
2,25,11,14,0,Moore,2022-07-15
2,27,11,16,0,Moore,2022-08-18
2,21,11,10,0,Moore,2022-10-05
2,34,12,22,0,Moore,2022-05-17
2,40,12,28,0,Moore,2022-06-01
2,16,12,4,0,Moore,2022-10-07
2,21,13,8,0,Moore,2022-06-19
2,24,14,10,0,Moore,2022-06-25
2,39,15,24,0,Moore,2022-08-16
2,9,0,9,0,Nash,2022-09-11
2,9,0,9,0,Nash,2022-10-21
2,9,1,8,0,Nash,2022-05-05
2,22,1,21,0,Nash,2022-07-31
2,15,1,14,0,Nash,2022-09-23
2,8,1,7,0,Nash,2022-10-07
2,16,2,14,0,Nash,2022-06-05
2,7,2,5,0,Nash,2022-09-21
2,14,2,12,0,Nash,2022-10-24
2,19,4,15,0,Nash,2022-08-14
2,18,5,13,0,Nash,2022-06-26
2,22,7,15,0,Nash,2022-05-11
2,27,7,20,0,Nash,2022-06-23
2,21,7,14,0,Nash,2022-08-20
2,17,8,9,0,Nash,2022-06-04
2,10,0,10,0,New Hanover,2022-09-30
2,22,2,20,0,New Hanover,2022-09-28
2,9,2,7,0,New Hanover,2022-10-29
2,29,3,26,0,New Hanover,2022-05-29
2,7,3,4,0,New Hanover,2022-09-25
2,32,5,27,0,New Hanover,2022-06-19
2,17,5,12,0,New Hanover,2022-10-21
2,23,6,17,0,New Hanover,2022-09-03
2,35,7,28,0,New Hanover,2022-05-21
2,69,11,58,0,New Hanover,2022-05-09
2,55,11,44,0,New Hanover,2022-07-30
2,64,14,50,0,New Hanover,2022-05-11
2,45,14,31,0,New Hanover,2022-08-26
2,58,15,43,0,New Hanover,2022-07-24
2,45,18,27,0,New Hanover,2022-06-26
2,4,0,4,0,Northampton,2022-09-19
2,5,0,5,0,Northampton,2022-09-29
2,7,1,6,0,Northampton,2022-06-24
2,4,1,3,0,Northampton,2022-09-23
2,9,2,7,0,Northampton,2022-05-16
2,10,2,8,0,Northampton,2022-07-01
2,9,2,7,0,Northampton,2022-07-23
2,9,2,7,0,Northampton,2022-08-10
2,7,2,5,0,Northampton,2022-08-11
2,9,2,7,0,Northampton,2022-08-18
2,7,2,5,0,Northampton,2022-08-31
2,3,2,1,0,Northampton,2022-10-19
2,6,3,3,0,Northampton,2022-06-23
2,12,3,9,0,Northampton,2022-07-19
2,10,3,7,0,Northampton,2022-08-04
2,11,3,8,0,Northampton,2022-08-23
2,8,3,5,0,Northampton,2022-08-29
2,5,3,2,0,Northampton,2022-09-22
2,10,4,6,0,Northampton,2022-05-20
2,9,4,5,0,Northampton,2022-05-25
2,15,4,11,0,Northampton,2022-08-02
2,14,4,10,0,Northampton,2022-09-12
2,10,4,6,0,Northampton,2022-09-13
2,11,5,6,0,Northampton,2022-06-27
2,12,5,7,0,Northampton,2022-07-13
2,12,5,7,0,Northampton,2022-07-14
2,6,6,0,0,Northampton,2022-05-12
2,14,6,8,0,Northampton,2022-05-31
2,12,6,6,0,Northampton,2022-07-12
2,11,6,5,0,Northampton,2022-09-06
2,10,8,2,0,Northampton,2022-06-20
2,14,1,13,0,Onslow,2022-10-06
2,14,1,13,0,Onslow,2022-10-27
2,20,5,15,0,Onslow,2022-05-28
2,44,5,39,0,Onslow,2022-07-31
2,32,6,26,0,Onslow,2022-06-12
2,34,6,28,0,Onslow,2022-06-18
2,48,9,39,0,Onslow,2022-05-04
2,24,0,24,0,Orange,2022-09-27
2,29,1,28,0,Orange,2022-07-30
2,35,1,34,0,Orange,2022-08-07
2,47,1,46,0,Orange,2022-08-25
2,40,1,39,0,Orange,2022-08-26
2,46,1,45,0,Orange,2022-09-14
2,30,1,29,0,Orange,2022-09-20
2,29,1,28,0,Orange,2022-09-28
2,13,1,12,0,Orange,2022-10-01
2,45,2,43,0,Orange,2022-06-04
2,21,2,19,0,Orange,2022-06-19
2,61,2,59,0,Orange,2022-06-21
2,28,2,26,0,Orange,2022-07-24
2,20,2,18,0,Orange,2022-09-18
2,33,2,31,0,Orange,2022-09-26
2,15,2,13,0,Orange,2022-10-06
2,17,2,15,0,Orange,2022-10-07
2,31,2,29,0,Orange,2022-10-13
2,22,2,20,0,Orange,2022-10-17
2,28,3,25,0,Orange,2022-06-12
2,68,3,65,0,Orange,2022-06-15
2,44,3,41,0,Orange,2022-07-01
2,20,3,17,0,Orange,2022-09-05
2,73,4,69,0,Orange,2022-05-04
2,64,4,60,0,Orange,2022-05-06
2,46,4,42,0,Orange,2022-05-21
2,42,4,38,0,Orange,2022-09-21
2,31,5,26,0,Orange,2022-05-08
2,66,5,61,0,Orange,2022-06-14
2,34,5,29,0,Orange,2022-06-26
2,66,6,60,0,Orange,2022-06-20
2,74,7,67,0,Orange,2022-06-03
2,86,9,77,0,Orange,2022-06-07
2,4,0,4,0,Pamlico,2022-05-27
2,3,1,2,0,Pamlico,2022-09-12
2,5,3,2,0,Pamlico,2022-06-16
2,6,3,3,0,Pamlico,2022-07-10
2,7,3,4,0,Pamlico,2022-08-18
2,12,7,5,0,Pamlico,2022-08-08
2,12,8,4,0,Pamlico,2022-07-11
2,9,1,8,0,Pasquotank,2022-06-27
2,7,1,6,0,Pasquotank,2022-07-06
2,9,2,7,0,Pasquotank,2022-06-22
2,12,2,10,0,Pasquotank,2022-07-12
2,4,2,2,0,Pasquotank,2022-08-20
2,4,2,2,0,Pasquotank,2022-08-30
2,7,3,4,0,Pasquotank,2022-06-15
2,7,3,4,0,Pasquotank,2022-06-17
2,4,3,1,0,Pasquotank,2022-10-12
2,6,4,2,0,Pasquotank,2022-05-30
2,7,4,3,0,Pasquotank,2022-06-07
2,13,4,9,0,Pasquotank,2022-08-17
2,8,4,4,0,Pasquotank,2022-09-10
2,9,5,4,0,Pasquotank,2022-05-13
2,14,5,9,0,Pasquotank,2022-05-17
2,8,5,3,0,Pasquotank,2022-06-16
2,7,5,2,0,Pasquotank,2022-06-18
2,16,5,11,0,Pasquotank,2022-06-20
2,13,5,8,0,Pasquotank,2022-07-01
2,10,5,5,0,Pasquotank,2022-07-14
2,9,5,4,0,Pasquotank,2022-08-15
2,7,5,2,0,Pasquotank,2022-09-07
2,14,6,8,0,Pasquotank,2022-06-03
2,10,6,4,0,Pasquotank,2022-06-13
2,9,6,3,0,Pasquotank,2022-06-23
2,10,6,4,0,Pasquotank,2022-06-26
2,10,7,3,0,Pasquotank,2022-06-09
2,12,8,4,0,Pasquotank,2022-07-18
2,15,8,7,0,Pasquotank,2022-08-01
2,10,8,2,0,Pasquotank,2022-09-06
2,21,17,4,0,Pasquotank,2022-07-27
2,11,0,11,0,Pender,2022-06-16
2,5,0,5,0,Pender,2022-10-20
2,6,1,5,0,Pender,2022-05-22
2,11,1,10,0,Pender,2022-06-04
2,18,1,17,0,Pender,2022-06-13
2,9,1,8,0,Pender,2022-06-19
2,12,1,11,0,Pender,2022-06-24
2,18,1,17,0,Pender,2022-09-01
2,9,1,8,0,Pender,2022-09-02
2,13,1,12,0,Pender,2022-09-20
2,7,1,6,0,Pender,2022-10-13
2,6,1,5,0,Pender,2022-10-18
2,22,2,20,0,Pender,2022-05-10
2,14,2,12,0,Pender,2022-05-13
2,10,2,8,0,Pender,2022-05-14
2,19,2,17,0,Pender,2022-07-30
2,21,2,19,0,Pender,2022-07-31
2,16,2,14,0,Pender,2022-08-29
2,7,2,5,0,Pender,2022-10-04
2,15,3,12,0,Pender,2022-06-10
2,17,3,14,0,Pender,2022-06-28
2,18,3,15,0,Pender,2022-08-05
2,16,4,12,0,Pender,2022-05-12
2,21,4,17,0,Pender,2022-06-06
2,18,4,14,0,Pender,2022-08-07
2,22,4,18,0,Pender,2022-09-06
2,23,5,18,0,Pender,2022-08-10
2,17,5,12,0,Pender,2022-09-14
2,27,6,21,0,Pender,2022-07-25
2,6,0,6,0,Perquimans,2022-06-15
2,5,0,5,0,Perquimans,2022-06-20
2,4,0,4,0,Perquimans,2022-07-12
2,6,1,5,0,Perquimans,2022-06-01
2,4,1,3,0,Perquimans,2022-07-29
2,3,1,2,0,Perquimans,2022-07-31
2,5,1,4,0,Perquimans,2022-08-15
2,4,1,3,0,Perquimans,2022-08-24
2,3,1,2,0,Perquimans,2022-09-13
2,5,2,3,0,Perquimans,2022-06-06
2,5,2,3,0,Perquimans,2022-08-08
2,4,2,2,0,Perquimans,2022-08-31
2,10,2,8,0,Perquimans,2022-09-06
2,9,4,5,0,Perquimans,2022-08-01
2,8,5,3,0,Perquimans,2022-05-31
2,9,0,9,0,Person,2022-09-16
2,7,1,6,0,Person,2022-07-02
2,13,1,12,0,Person,2022-08-11
2,9,1,8,0,Person,2022-08-19
2,4,1,3,0,Person,2022-09-30
2,8,1,7,0,Person,2022-10-05
2,3,1,2,0,Person,2022-10-14
2,14,2,12,0,Person,2022-05-04
2,11,2,9,0,Person,2022-09-01
2,12,3,9,0,Person,2022-07-09
2,15,3,12,0,Person,2022-07-15
2,7,4,3,0,Person,2022-05-08
2,16,4,12,0,Person,2022-05-11
2,11,4,7,0,Person,2022-06-02
2,11,4,7,0,Person,2022-07-03
2,7,4,3,0,Person,2022-09-10
2,7,4,3,0,Person,2022-09-11
2,15,5,10,0,Person,2022-05-19
2,13,5,8,0,Person,2022-05-29
2,18,5,13,0,Person,2022-06-01
2,7,5,2,0,Person,2022-06-17
2,15,5,10,0,Person,2022-06-23
2,22,6,16,0,Person,2022-07-20
2,10,6,4,0,Person,2022-08-28
2,16,7,9,0,Person,2022-06-14
2,18,7,11,0,Person,2022-06-29
2,25,0,25,0,Pitt,2022-09-11
2,8,1,7,0,Pitt,2022-10-22
2,26,2,24,0,Pitt,2022-06-04
2,21,4,17,0,Pitt,2022-10-06
2,18,4,14,0,Pitt,2022-10-07
2,18,5,13,0,Pitt,2022-09-03
2,16,5,11,0,Pitt,2022-10-14
2,22,6,16,0,Pitt,2022-09-25
2,31,7,24,0,Pitt,2022-06-18
2,27,7,20,0,Pitt,2022-09-10
2,26,7,19,0,Pitt,2022-10-05
2,6,1,5,0,Polk,2022-07-18
2,6,1,5,0,Polk,2022-08-24
2,3,2,1,0,Polk,2022-05-29
2,6,2,4,0,Polk,2022-08-02
2,3,2,1,0,Polk,2022-10-12
2,3,3,0,0,Polk,2022-05-03
2,4,3,1,0,Polk,2022-06-08
2,9,4,5,0,Polk,2022-07-20
2,6,4,2,0,Polk,2022-07-23
2,5,5,0,0,Polk,2022-09-07
2,10,6,4,0,Polk,2022-07-19
2,12,8,4,0,Polk,2022-06-27
2,12,10,2,0,Polk,2022-06-29
2,21,5,16,0,Randolph,2022-07-17
2,15,5,10,0,Randolph,2022-10-23
2,13,5,8,0,Randolph,2022-10-24
2,9,5,4,0,Randolph,2022-10-26
2,15,9,6,0,Randolph,2022-10-01
2,22,9,13,0,Randolph,2022-10-14
2,15,9,6,0,Randolph,2022-10-19
2,16,10,6,0,Randolph,2022-05-08
2,29,12,17,0,Randolph,2022-05-17
2,16,12,4,0,Randolph,2022-05-30
2,22,12,10,0,Randolph,2022-09-04
2,24,13,11,0,Randolph,2022-05-22
2,29,13,16,0,Randolph,2022-06-30
2,22,13,9,0,Randolph,2022-09-30
2,22,13,9,0,Randolph,2022-10-07
2,28,14,14,0,Randolph,2022-05-21
2,8,0,8,0,Richmond,2022-06-11
2,4,0,4,0,Richmond,2022-09-30
2,4,0,4,0,Richmond,2022-10-02
2,13,1,12,0,Richmond,2022-08-14
2,5,1,4,0,Richmond,2022-08-26
2,10,1,9,0,Richmond,2022-09-04
2,7,2,5,0,Richmond,2022-08-12
2,15,2,13,0,Richmond,2022-08-15
2,13,2,11,0,Richmond,2022-08-28
2,6,2,4,0,Richmond,2022-09-24
2,8,2,6,0,Richmond,2022-09-28
2,12,3,9,0,Richmond,2022-05-13
2,17,3,14,0,Richmond,2022-08-02
2,8,3,5,0,Richmond,2022-09-05
2,9,3,6,0,Richmond,2022-10-05
2,5,3,2,0,Richmond,2022-10-24
2,10,4,6,0,Richmond,2022-05-05
2,12,4,8,0,Richmond,2022-06-02
2,15,4,11,0,Richmond,2022-07-17
2,15,5,10,0,Richmond,2022-06-25
2,14,5,9,0,Richmond,2022-08-29
2,12,6,6,0,Richmond,2022-05-29
2,15,6,9,0,Richmond,2022-08-04
2,15,6,9,0,Richmond,2022-09-15
2,11,7,4,0,Richmond,2022-05-12
2,26,7,19,0,Richmond,2022-06-20
2,27,7,20,0,Richmond,2022-08-17
2,26,8,18,0,Richmond,2022-06-13
2,6,3,3,0,Robeson,2022-10-23
2,9,3,6,0,Robeson,2022-10-28
2,10,4,6,0,Robeson,2022-09-30
2,11,4,7,0,Robeson,2022-10-01
2,10,4,6,0,Robeson,2022-10-02
2,9,5,4,0,Robeson,2022-09-24
2,8,7,1,0,Robeson,2022-10-29
2,19,0,19,0,Rockingham,2022-05-22
2,7,1,6,0,Rockingham,2022-05-07
2,16,1,15,0,Rockingham,2022-07-30
2,15,1,14,0,Rockingham,2022-08-20
2,17,1,16,0,Rockingham,2022-09-11
2,3,1,2,0,Rockingham,2022-10-08
2,11,2,9,0,Rockingham,2022-06-26
2,8,2,6,0,Rockingham,2022-09-03
2,15,2,13,0,Rockingham,2022-09-10
2,12,2,10,0,Rockingham,2022-09-29
2,13,2,11,0,Rockingham,2022-10-05
2,9,2,7,0,Rockingham,2022-10-18
2,24,3,21,0,Rockingham,2022-07-23
2,18,3,15,0,Rockingham,2022-09-23
2,20,4,16,0,Rockingham,2022-06-30
2,20,4,16,0,Rockingham,2022-07-24
2,22,4,18,0,Rockingham,2022-08-26
2,17,4,13,0,Rockingham,2022-08-27
2,26,5,21,0,Rockingham,2022-07-11
2,15,5,10,0,Rockingham,2022-10-27
2,31,6,25,0,Rockingham,2022-05-10
2,34,6,28,0,Rockingham,2022-06-06
2,35,7,28,0,Rockingham,2022-06-07
2,24,7,17,0,Rockingham,2022-08-22
2,17,7,10,0,Rockingham,2022-10-04
2,34,8,26,0,Rockingham,2022-06-20
2,20,0,20,0,Rowan,2022-05-14
2,9,0,9,0,Rowan,2022-05-21
2,10,0,10,0,Rowan,2022-10-02
2,10,0,10,0,Rowan,2022-10-26
2,16,0,16,0,Rowan,2022-10-27
2,15,1,14,0,Rowan,2022-06-19
2,19,1,18,0,Rowan,2022-09-23
2,23,1,22,0,Rowan,2022-10-05
2,27,2,25,0,Rowan,2022-05-12
2,19,2,17,0,Rowan,2022-09-11
2,10,2,8,0,Rowan,2022-09-18
2,17,2,15,0,Rowan,2022-10-12
2,11,2,9,0,Rowan,2022-10-18
2,14,3,11,0,Rowan,2022-05-07
2,13,3,10,0,Rowan,2022-10-21
2,16,4,12,0,Rowan,2022-06-18
2,19,4,15,0,Rowan,2022-07-09
2,13,5,8,0,Rowan,2022-09-30
2,13,5,8,0,Rowan,2022-10-09
2,4,0,4,0,Rutherford,2022-09-30
2,5,0,5,0,Rutherford,2022-10-02
2,12,1,11,0,Rutherford,2022-05-04
2,20,1,19,0,Rutherford,2022-06-16
2,14,1,13,0,Rutherford,2022-06-24
2,12,1,11,0,Rutherford,2022-06-26
2,3,1,2,0,Rutherford,2022-10-19
2,4,1,3,0,Rutherford,2022-10-22
2,11,2,9,0,Rutherford,2022-05-06
2,6,2,4,0,Rutherford,2022-05-07
2,16,2,14,0,Rutherford,2022-05-16
2,10,2,8,0,Rutherford,2022-05-29
2,24,2,22,0,Rutherford,2022-07-01
2,14,2,12,0,Rutherford,2022-07-29
2,7,2,5,0,Rutherford,2022-10-03
2,13,3,10,0,Rutherford,2022-05-13
2,8,3,5,0,Rutherford,2022-10-05
2,7,3,4,0,Rutherford,2022-10-14
2,8,3,5,0,Rutherford,2022-10-25
2,17,4,13,0,Rutherford,2022-08-03
2,9,5,4,0,Rutherford,2022-05-30
2,11,5,6,0,Rutherford,2022-06-18
2,19,5,14,0,Rutherford,2022-06-27
2,13,5,8,0,Rutherford,2022-07-10
2,10,5,5,0,Rutherford,2022-09-29
2,8,5,3,0,Rutherford,2022-10-29
2,10,7,3,0,Rutherford,2022-05-22
2,19,10,9,0,Rutherford,2022-08-26
2,17,10,7,0,Rutherford,2022-09-21
2,8,3,5,0,Sampson,2022-10-28
2,5,4,1,0,Sampson,2022-05-09
2,15,4,11,0,Sampson,2022-09-22
2,8,5,3,0,Sampson,2022-06-14
2,11,5,6,0,Sampson,2022-07-30
2,9,5,4,0,Sampson,2022-10-20
2,10,6,4,0,Sampson,2022-05-03
2,11,6,5,0,Sampson,2022-07-03
2,9,6,3,0,Sampson,2022-09-10
2,17,8,9,0,Sampson,2022-05-18
2,17,8,9,0,Sampson,2022-06-24
2,15,8,7,0,Sampson,2022-07-31
2,20,8,12,0,Sampson,2022-10-24
2,12,9,3,0,Sampson,2022-08-21
2,15,9,6,0,Sampson,2022-10-03
2,15,10,5,0,Sampson,2022-09-23
2,20,11,9,0,Sampson,2022-08-25
2,17,12,5,0,Sampson,2022-05-20
2,22,13,9,0,Sampson,2022-05-23
2,22,14,8,0,Sampson,2022-06-23
2,28,15,13,0,Sampson,2022-09-13
2,25,17,8,0,Sampson,2022-09-19
2,26,18,8,0,Sampson,2022-06-28
2,31,18,13,0,Sampson,2022-07-29
2,41,24,17,0,Sampson,2022-07-14
2,39,28,11,0,Sampson,2022-09-14
2,33,29,4,0,Sampson,2022-08-24
2,9,2,7,0,Scotland,2022-05-11
2,7,2,5,0,Scotland,2022-10-05
2,4,3,1,0,Scotland,2022-10-28
2,8,4,4,0,Scotland,2022-05-12
2,10,4,6,0,Scotland,2022-06-17
2,6,4,2,0,Scotland,2022-07-04
2,7,4,3,0,Scotland,2022-09-18
2,4,4,0,0,Scotland,2022-09-24
2,7,5,2,0,Scotland,2022-09-02
2,10,6,4,0,Scotland,2022-06-26
2,10,6,4,0,Scotland,2022-08-29
2,9,6,3,0,Scotland,2022-08-30
2,14,7,7,0,Scotland,2022-05-27
2,12,7,5,0,Scotland,2022-06-28
2,13,7,6,0,Scotland,2022-07-20
2,20,8,12,0,Scotland,2022-07-05
2,11,8,3,0,Scotland,2022-07-23
2,11,8,3,0,Scotland,2022-07-30
2,12,8,4,0,Scotland,2022-08-09
2,10,8,2,0,Scotland,2022-08-19
2,11,8,3,0,Scotland,2022-09-13
2,15,9,6,0,Scotland,2022-07-14
2,14,10,4,0,Scotland,2022-08-18
2,21,12,9,0,Scotland,2022-05-23
2,20,12,8,0,Scotland,2022-08-03
2,24,12,12,0,Scotland,2022-08-04
2,20,14,6,0,Scotland,2022-09-06
2,22,15,7,0,Scotland,2022-06-13
2,28,20,8,0,Scotland,2022-06-02
2,4,0,4,0,Stanly,2022-05-21
2,15,0,15,0,Stanly,2022-07-10
2,8,0,8,0,Stanly,2022-09-18
2,11,0,11,0,Stanly,2022-09-24
2,8,0,8,0,Stanly,2022-10-01
2,14,0,14,0,Stanly,2022-10-11
2,6,0,6,0,Stanly,2022-10-13
2,10,0,10,0,Stanly,2022-10-20
2,6,1,5,0,Stanly,2022-05-10
2,15,1,14,0,Stanly,2022-06-15
2,20,1,19,0,Stanly,2022-07-06
2,8,1,7,0,Stanly,2022-10-14
2,15,2,13,0,Stanly,2022-06-01
2,15,2,13,0,Stanly,2022-06-14
2,12,2,10,0,Stanly,2022-08-25
2,18,2,16,0,Stanly,2022-09-04
2,16,2,14,0,Stanly,2022-10-17
2,8,2,6,0,Stanly,2022-10-23
2,16,3,13,0,Stanly,2022-05-19
2,24,3,21,0,Stanly,2022-05-27
2,27,3,24,0,Stanly,2022-07-22
2,6,3,3,0,Stanly,2022-10-29
2,20,5,15,0,Stanly,2022-06-02
2,32,5,27,0,Stanly,2022-07-19
2,18,6,12,0,Stanly,2022-06-16
2,15,0,15,0,Stokes,2022-09-24
2,6,1,5,0,Stokes,2022-07-31
2,10,1,9,0,Stokes,2022-10-11
2,13,2,11,0,Stokes,2022-07-08
2,16,2,14,0,Stokes,2022-09-15
2,9,2,7,0,Stokes,2022-10-25
2,15,3,12,0,Stokes,2022-06-29
2,15,3,12,0,Stokes,2022-07-13
2,13,3,10,0,Stokes,2022-07-16
2,13,3,10,0,Stokes,2022-07-30
2,10,3,7,0,Stokes,2022-09-30
2,12,4,8,0,Stokes,2022-05-13
2,17,4,13,0,Stokes,2022-05-20
2,7,4,3,0,Stokes,2022-06-19
2,12,4,8,0,Stokes,2022-06-23
2,13,4,9,0,Stokes,2022-08-26
2,10,4,6,0,Stokes,2022-09-03
2,15,4,11,0,Stokes,2022-09-23
2,7,4,3,0,Stokes,2022-09-29
2,17,4,13,0,Stokes,2022-10-05
2,9,4,5,0,Stokes,2022-10-15
2,16,5,11,0,Stokes,2022-06-06
2,11,5,6,0,Stokes,2022-08-20
2,18,5,13,0,Stokes,2022-10-24
2,5,0,5,0,Surry,2022-09-30
2,11,1,10,0,Surry,2022-09-11
2,14,1,13,0,Surry,2022-10-10
2,8,1,7,0,Surry,2022-10-28
2,6,3,3,0,Surry,2022-09-24
2,12,3,9,0,Surry,2022-09-25
2,8,4,4,0,Surry,2022-05-07
2,11,4,7,0,Surry,2022-10-06
2,8,4,4,0,Surry,2022-10-15
2,18,5,13,0,Surry,2022-05-15
2,18,5,13,0,Surry,2022-06-22
2,26,5,21,0,Surry,2022-07-16
2,18,7,11,0,Surry,2022-06-08
2,18,8,10,0,Surry,2022-06-05
2,17,8,9,0,Surry,2022-09-14
2,26,10,16,0,Surry,2022-08-07
2,26,11,15,0,Surry,2022-06-09
2,35,14,21,0,Surry,2022-06-29
2,9,0,9,0,Swain,2022-07-06
2,6,1,5,0,Swain,2022-06-16
2,5,1,4,0,Swain,2022-07-09
2,4,1,3,0,Swain,2022-09-24
2,9,2,7,0,Swain,2022-07-24
2,7,2,5,0,Swain,2022-08-02
2,5,2,3,0,Swain,2022-08-31
2,2,2,0,0,Swain,2022-10-13
2,13,3,10,0,Swain,2022-06-21
2,9,3,6,0,Swain,2022-07-26
2,10,3,7,0,Swain,2022-08-07
2,7,3,4,0,Swain,2022-08-29
2,6,4,2,0,Swain,2022-08-13
2,12,4,8,0,Swain,2022-09-20
2,7,5,2,0,Swain,2022-08-09
2,14,6,8,0,Swain,2022-07-13
2,15,7,8,0,Swain,2022-08-03
2,9,1,8,0,Transylvania,2022-05-31
2,10,1,9,0,Transylvania,2022-06-27
2,6,2,4,0,Transylvania,2022-10-02
2,4,2,2,0,Transylvania,2022-10-21
2,9,3,6,0,Transylvania,2022-06-08
2,7,3,4,0,Transylvania,2022-10-06
2,4,3,1,0,Transylvania,2022-10-20
2,8,4,4,0,Transylvania,2022-05-26
2,7,4,3,0,Transylvania,2022-06-24
2,14,4,10,0,Transylvania,2022-07-12
2,14,4,10,0,Transylvania,2022-08-03
2,14,4,10,0,Transylvania,2022-08-18
2,8,4,4,0,Transylvania,2022-08-23
2,19,4,15,0,Transylvania,2022-09-08
2,10,5,5,0,Transylvania,2022-06-20
2,16,5,11,0,Transylvania,2022-08-04
2,15,5,10,0,Transylvania,2022-09-05
2,12,6,6,0,Transylvania,2022-07-20
2,15,8,7,0,Transylvania,2022-06-23
2,11,8,3,0,Transylvania,2022-06-30
2,16,8,8,0,Transylvania,2022-07-27
2,18,9,9,0,Transylvania,2022-08-01
2,13,11,2,0,Transylvania,2022-09-19
2,24,14,10,0,Transylvania,2022-07-25
2,2,0,2,0,Tyrrell,2022-09-16
2,4,1,3,0,Tyrrell,2022-07-05
2,18,2,16,0,Union,2022-10-01
2,40,6,34,0,Union,2022-05-08
2,53,7,46,0,Union,2022-05-14
2,23,7,16,0,Union,2022-10-14
2,3,0,3,0,Vance,2022-05-15
2,5,0,5,0,Vance,2022-05-29
2,7,0,7,0,Vance,2022-10-23
2,8,1,7,0,Vance,2022-06-11
2,10,2,8,0,Vance,2022-07-16
2,5,2,3,0,Vance,2022-10-05
2,4,2,2,0,Vance,2022-10-07
2,3,2,1,0,Vance,2022-10-21
2,6,2,4,0,Vance,2022-10-26
2,15,3,12,0,Vance,2022-06-02
2,17,3,14,0,Vance,2022-06-23
2,9,3,6,0,Vance,2022-08-21
2,18,3,15,0,Vance,2022-09-13
2,15,4,11,0,Vance,2022-05-12
2,12,4,8,0,Vance,2022-06-26
2,30,4,26,0,Vance,2022-08-15
2,12,5,7,0,Vance,2022-08-14
2,9,5,4,0,Vance,2022-10-04
2,19,6,13,0,Vance,2022-06-15
2,12,6,6,0,Vance,2022-06-25
2,20,6,14,0,Vance,2022-07-09
2,22,7,15,0,Vance,2022-06-01
2,16,7,9,0,Vance,2022-09-21
2,30,8,22,0,Vance,2022-08-01
2,21,9,12,0,Vance,2022-06-20
2,21,9,12,0,Vance,2022-08-22
2,26,11,15,0,Vance,2022-08-04
2,7,0,7,0,Warren,2022-05-12
2,6,0,6,0,Warren,2022-06-17
2,5,0,5,0,Warren,2022-07-16
2,10,0,10,0,Warren,2022-07-19
2,9,0,9,0,Warren,2022-09-23
2,2,0,2,0,Warren,2022-10-04
2,6,0,6,0,Warren,2022-10-20
2,6,1,5,0,Warren,2022-06-07
2,7,1,6,0,Warren,2022-08-30
2,5,1,4,0,Warren,2022-09-01
2,15,2,13,0,Warren,2022-05-26
2,8,2,6,0,Warren,2022-06-27
2,6,2,4,0,Warren,2022-07-13
2,7,2,5,0,Warren,2022-08-12
2,6,3,3,0,Warren,2022-05-13
2,14,3,11,0,Warren,2022-07-11
2,18,3,15,0,Warren,2022-07-25
2,8,3,5,0,Warren,2022-07-29
2,15,4,11,0,Warren,2022-08-01
2,9,5,4,0,Warren,2022-07-15
2,11,6,5,0,Warren,2022-06-13
2,3,0,3,0,Washington,2022-07-28
2,5,0,5,0,Washington,2022-08-03
2,4,0,4,0,Washington,2022-08-11
2,2,1,1,0,Washington,2022-08-07
2,5,1,4,0,Washington,2022-09-20
2,8,2,6,0,Washington,2022-06-08
2,11,2,9,0,Washington,2022-07-22
2,10,2,8,0,Washington,2022-07-26
2,6,3,3,0,Washington,2022-06-15
2,10,3,7,0,Washington,2022-07-14
2,6,0,6,0,Watauga,2022-06-12
2,10,0,10,0,Watauga,2022-07-22
2,12,1,11,0,Watauga,2022-05-05
2,8,1,7,0,Watauga,2022-05-22
2,8,1,7,0,Watauga,2022-07-08
2,5,1,4,0,Watauga,2022-07-21
2,8,1,7,0,Watauga,2022-09-30
2,6,1,5,0,Watauga,2022-10-18
2,7,2,5,0,Watauga,2022-05-06
2,14,2,12,0,Watauga,2022-07-15
2,10,2,8,0,Watauga,2022-07-26
2,13,2,11,0,Watauga,2022-09-23
2,10,2,8,0,Watauga,2022-10-04
2,10,3,7,0,Watauga,2022-05-13
2,14,3,11,0,Watauga,2022-06-13
2,10,3,7,0,Watauga,2022-06-14
2,15,3,12,0,Watauga,2022-07-05
2,6,3,3,0,Watauga,2022-09-18
2,11,3,8,0,Watauga,2022-09-20
2,12,4,8,0,Watauga,2022-06-24
2,14,4,10,0,Watauga,2022-07-19
2,17,4,13,0,Watauga,2022-08-11
2,29,4,25,0,Watauga,2022-09-02
2,10,4,6,0,Watauga,2022-10-12
2,8,5,3,0,Watauga,2022-06-25
2,17,5,12,0,Watauga,2022-07-06
2,9,5,4,0,Watauga,2022-07-07
2,8,6,2,0,Watauga,2022-05-24
2,16,6,10,0,Watauga,2022-07-25
2,11,6,5,0,Watauga,2022-07-28
2,14,6,8,0,Watauga,2022-09-27
2,14,7,7,0,Watauga,2022-05-18
2,13,10,3,0,Watauga,2022-08-06
2,18,12,6,0,Watauga,2022-05-25
2,13,4,9,0,Wayne,2022-06-26
2,12,5,7,0,Wayne,2022-05-07
2,22,5,17,0,Wayne,2022-07-03
2,23,6,17,0,Wayne,2022-06-19
2,11,6,5,0,Wayne,2022-10-20
2,34,10,24,0,Wayne,2022-07-24
2,15,10,5,0,Wayne,2022-09-30
2,18,12,6,0,Wayne,2022-05-09
2,17,12,5,0,Wayne,2022-05-11
2,24,13,11,0,Wayne,2022-09-27
2,32,17,15,0,Wayne,2022-07-10
2,37,27,10,0,Wayne,2022-05-26
2,5,0,5,0,Wilkes,2022-10-23
2,9,1,8,0,Wilkes,2022-10-11
2,9,2,7,0,Wilkes,2022-05-12
2,15,3,12,0,Wilkes,2022-08-21
2,10,4,6,0,Wilkes,2022-08-20
2,10,4,6,0,Wilkes,2022-09-28
2,10,4,6,0,Wilkes,2022-10-20
2,13,5,8,0,Wilkes,2022-06-15
2,13,6,7,0,Wilkes,2022-08-13
2,14,7,7,0,Wilkes,2022-05-13
2,13,7,6,0,Wilkes,2022-06-05
2,10,7,3,0,Wilkes,2022-06-19
2,15,7,8,0,Wilkes,2022-08-30
2,10,8,2,0,Wilkes,2022-05-21
2,29,8,21,0,Wilkes,2022-05-26
2,15,11,4,0,Wilkes,2022-05-22
2,23,12,11,0,Wilkes,2022-06-20
2,16,0,16,0,Wilson,2022-09-25
2,6,0,6,0,Wilson,2022-10-28
2,10,1,9,0,Wilson,2022-10-12
2,11,2,9,0,Wilson,2022-08-28
2,13,3,10,0,Wilson,2022-08-31
2,9,4,5,0,Wilson,2022-10-17
2,7,4,3,0,Wilson,2022-10-26
2,10,5,5,0,Wilson,2022-05-30
2,16,5,11,0,Wilson,2022-08-20
2,13,6,7,0,Wilson,2022-06-12
2,13,6,7,0,Wilson,2022-09-20
2,16,7,9,0,Wilson,2022-07-31
2,9,7,2,0,Wilson,2022-09-30
2,18,9,9,0,Wilson,2022-10-06
2,23,10,13,0,Wilson,2022-05-26
2,14,0,14,0,Yadkin,2022-08-28
2,10,0,10,0,Yadkin,2022-09-29
2,9,1,8,0,Yadkin,2022-05-21
2,4,1,3,0,Yadkin,2022-10-19
2,15,1,14,0,Yadkin,2022-10-24
2,14,2,12,0,Yadkin,2022-07-16
2,13,2,11,0,Yadkin,2022-08-25
2,14,2,12,0,Yadkin,2022-08-27
2,9,2,7,0,Yadkin,2022-10-13
2,7,2,5,0,Yadkin,2022-10-26
2,12,3,9,0,Yadkin,2022-05-09
2,15,3,12,0,Yadkin,2022-06-16
2,13,3,10,0,Yadkin,2022-06-18
2,29,4,25,0,Yadkin,2022-08-16
2,10,4,6,0,Yadkin,2022-10-10
2,15,5,10,0,Yadkin,2022-06-23
2,23,7,16,0,Yadkin,2022-08-03
2,14,8,6,0,Yadkin,2022-10-05
2,23,9,14,0,Yadkin,2022-09-10
2,25,10,15,0,Yadkin,2022-09-02
2,3,0,3,0,Yancey,2022-08-27
2,6,1,5,0,Yancey,2022-06-30
2,5,1,4,0,Yancey,2022-07-30
2,3,2,1,0,Yancey,2022-06-25
2,5,2,3,0,Yancey,2022-10-25
2,3,3,0,0,Yancey,2022-05-14
2,9,3,6,0,Yancey,2022-07-29
2,10,3,7,0,Yancey,2022-08-04
2,5,3,2,0,Yancey,2022-08-17
2,11,3,8,0,Yancey,2022-09-01
2,4,3,1,0,Yancey,2022-09-10
2,9,3,6,0,Yancey,2022-09-14
2,3,3,0,0,Yancey,2022-09-17
2,10,4,6,0,Yancey,2022-07-12
2,7,4,3,0,Yancey,2022-07-15
2,15,4,11,0,Yancey,2022-08-29
2,6,5,1,0,Yancey,2022-06-04
2,7,5,2,0,Yancey,2022-06-09
2,6,5,1,0,Yancey,2022-10-20
2,11,6,5,0,Yancey,2022-06-20
2,13,7,6,0,Yancey,2022-07-18
2,11,7,4,0,Yancey,2022-07-28
2,10,8,2,0,Yancey,2022-05-20
2,10,9,1,0,Yancey,2022-09-15
3,15,1,14,0,Alamance,2022-10-08
3,28,2,26,0,Alamance,2022-10-18
3,16,3,13,0,Alamance,2022-10-28
3,30,4,26,0,Alamance,2022-07-09
3,38,4,34,0,Alamance,2022-08-06
3,37,5,32,0,Alamance,2022-05-14
3,52,5,47,0,Alamance,2022-09-15
3,77,15,62,0,Alamance,2022-05-10
3,39,18,21,0,Alamance,2022-09-05
3,13,1,12,0,Alexander,2022-05-20
3,8,1,7,0,Alexander,2022-08-13
3,7,1,6,0,Alexander,2022-10-13
3,7,2,5,0,Alexander,2022-06-16
3,19,2,17,0,Alexander,2022-07-03
3,13,2,11,0,Alexander,2022-07-16
3,15,2,13,0,Alexander,2022-07-19
3,18,3,15,0,Alexander,2022-06-24
3,18,3,15,0,Alexander,2022-07-20
3,17,3,14,0,Alexander,2022-08-05
3,20,3,17,0,Alexander,2022-09-13
3,17,4,13,0,Alexander,2022-08-18
3,15,4,11,0,Alexander,2022-09-21
3,21,9,12,0,Alexander,2022-07-21
3,29,9,20,0,Alexander,2022-07-25
3,23,9,14,0,Alexander,2022-07-26
3,18,9,9,0,Alexander,2022-08-19
3,23,11,12,0,Alexander,2022-07-28
3,21,12,9,0,Alexander,2022-07-18
3,6,3,3,0,Alleghany,2022-06-01
3,6,3,3,0,Alleghany,2022-06-02
3,7,3,4,0,Alleghany,2022-07-26
3,4,3,1,0,Alleghany,2022-08-26
3,9,3,6,0,Alleghany,2022-08-29
3,8,4,4,0,Alleghany,2022-09-05
3,5,5,0,0,Alleghany,2022-05-25
3,10,5,5,0,Alleghany,2022-08-30
3,5,5,0,0,Alleghany,2022-10-02
3,8,8,0,0,Alleghany,2022-09-30
3,8,0,8,0,Anson,2022-05-31
3,9,0,9,0,Anson,2022-06-15
3,10,0,10,0,Anson,2022-09-13
3,15,1,14,0,Anson,2022-06-22
3,24,1,23,0,Anson,2022-07-26
3,12,1,11,0,Anson,2022-08-24
3,17,1,16,0,Anson,2022-09-06
3,10,1,9,0,Anson,2022-09-14
3,15,2,13,0,Anson,2022-07-29
3,19,2,17,0,Anson,2022-08-25
3,7,3,4,0,Anson,2022-07-07
3,12,3,9,0,Anson,2022-07-19
3,11,4,7,0,Anson,2022-07-08
3,18,4,14,0,Anson,2022-07-20
3,19,4,15,0,Anson,2022-08-30
3,7,2,5,0,Ashe,2022-06-30
3,9,4,5,0,Ashe,2022-08-08
3,10,5,5,0,Ashe,2022-07-24
3,9,5,4,0,Ashe,2022-08-25
3,7,6,1,0,Ashe,2022-06-08
3,12,7,5,0,Ashe,2022-08-02
3,11,9,2,0,Ashe,2022-05-23
3,18,10,8,0,Ashe,2022-09-06
3,7,5,2,0,Avery,2022-08-23
3,27,21,6,0,Avery,2022-07-20
3,14,1,13,0,Beaufort,2022-07-08
3,11,1,10,0,Beaufort,2022-07-10
3,12,1,11,0,Beaufort,2022-08-24
3,11,1,10,0,Beaufort,2022-10-02
3,10,1,9,0,Beaufort,2022-10-14
3,10,2,8,0,Beaufort,2022-05-20
3,12,2,10,0,Beaufort,2022-07-16
3,10,2,8,0,Beaufort,2022-08-07
3,20,2,18,0,Beaufort,2022-08-11
3,11,2,9,0,Beaufort,2022-08-17
3,8,2,6,0,Beaufort,2022-10-07
3,11,2,9,0,Beaufort,2022-10-18
3,20,3,17,0,Beaufort,2022-08-16
3,13,3,10,0,Beaufort,2022-09-28
3,15,4,11,0,Beaufort,2022-06-15
3,13,4,9,0,Beaufort,2022-08-31
3,42,6,36,0,Beaufort,2022-07-05
3,17,6,11,0,Beaufort,2022-08-15
3,21,16,5,0,Beaufort,2022-09-13
3,12,0,12,0,Bertie,2022-07-21
3,10,2,8,0,Bertie,2022-09-06
3,8,3,5,0,Bertie,2022-08-12
3,10,5,5,0,Bertie,2022-08-15
3,7,0,7,0,Bladen,2022-06-05
3,5,1,4,0,Bladen,2022-05-06
3,9,1,8,0,Bladen,2022-05-10
3,17,1,16,0,Bladen,2022-07-07
3,9,1,8,0,Bladen,2022-09-16
3,18,2,16,0,Bladen,2022-06-14
3,28,2,26,0,Bladen,2022-07-25
3,4,2,2,0,Bladen,2022-09-29
3,11,3,8,0,Bladen,2022-05-21
3,24,3,21,0,Bladen,2022-05-31
3,19,3,16,0,Bladen,2022-06-13
3,17,3,14,0,Bladen,2022-06-15
3,18,3,15,0,Bladen,2022-07-13
3,20,3,17,0,Bladen,2022-07-27
3,19,3,16,0,Bladen,2022-07-28
3,14,3,11,0,Bladen,2022-08-31
3,12,4,8,0,Bladen,2022-06-20
3,14,4,10,0,Bladen,2022-08-18
3,23,5,18,0,Bladen,2022-07-26
3,16,6,10,0,Bladen,2022-05-17
3,19,0,19,0,Brunswick,2022-10-25
3,9,1,8,0,Brunswick,2022-10-09
3,31,2,29,0,Brunswick,2022-06-05
3,21,3,18,0,Brunswick,2022-09-30
3,20,3,17,0,Brunswick,2022-10-18
3,18,3,15,0,Brunswick,2022-10-20
3,20,3,17,0,Brunswick,2022-10-24
3,52,4,48,0,Brunswick,2022-05-17
3,24,4,20,0,Brunswick,2022-10-13
3,29,5,24,0,Brunswick,2022-06-25
3,24,5,19,0,Brunswick,2022-09-23
3,31,5,26,0,Brunswick,2022-10-10
3,67,6,61,0,Brunswick,2022-05-13
3,31,6,25,0,Brunswick,2022-05-30
3,35,6,29,0,Brunswick,2022-08-30
3,29,7,22,0,Brunswick,2022-05-08
3,49,7,42,0,Brunswick,2022-05-27
3,56,7,49,0,Brunswick,2022-08-04
3,36,8,28,0,Brunswick,2022-06-19
3,35,8,27,0,Brunswick,2022-07-16
3,27,8,19,0,Brunswick,2022-10-04
3,44,9,35,0,Brunswick,2022-06-03
3,53,10,43,0,Brunswick,2022-06-17
3,76,11,65,0,Brunswick,2022-05-18
3,65,12,53,0,Brunswick,2022-05-04
3,61,13,48,0,Brunswick,2022-06-13
3,50,16,34,0,Brunswick,2022-08-16
3,30,10,20,0,Buncombe,2022-10-21
3,43,13,30,0,Buncombe,2022-10-07
3,35,17,18,0,Buncombe,2022-09-29
3,50,18,32,0,Buncombe,2022-07-03
3,39,19,20,0,Buncombe,2022-05-08
3,48,19,29,0,Buncombe,2022-08-25
3,77,20,57,0,Buncombe,2022-08-05
3,49,22,27,0,Buncombe,2022-05-07
3,11,0,11,0,Burke,2022-09-23
3,31,1,30,0,Burke,2022-09-10
3,20,3,17,0,Burke,2022-06-10
3,21,3,18,0,Burke,2022-06-21
3,27,3,24,0,Burke,2022-08-30
3,27,3,24,0,Burke,2022-09-05
3,28,4,24,0,Burke,2022-06-01
3,26,5,21,0,Burke,2022-05-20
3,32,6,26,0,Burke,2022-05-19
3,35,6,29,0,Burke,2022-06-06
3,30,6,24,0,Burke,2022-06-29
3,33,7,26,0,Burke,2022-07-15
3,28,7,21,0,Burke,2022-09-22
3,43,8,35,0,Burke,2022-09-01
3,31,9,22,0,Burke,2022-07-11
3,20,2,18,0,Cabarrus,2022-10-18
3,12,2,10,0,Cabarrus,2022-10-19
3,11,3,8,0,Cabarrus,2022-10-08
3,26,3,23,0,Cabarrus,2022-10-27
3,25,4,21,0,Cabarrus,2022-10-26
3,19,5,14,0,Cabarrus,2022-10-21
3,37,6,31,0,Cabarrus,2022-05-07
3,25,6,19,0,Cabarrus,2022-10-11
3,21,6,15,0,Cabarrus,2022-10-25
3,31,7,24,0,Cabarrus,2022-09-23
3,38,8,30,0,Cabarrus,2022-05-21
3,61,9,52,0,Cabarrus,2022-05-11
3,75,9,66,0,Cabarrus,2022-05-12
3,26,10,16,0,Cabarrus,2022-10-06
3,59,11,48,0,Cabarrus,2022-05-24
3,71,17,54,0,Cabarrus,2022-05-04
3,21,0,21,0,Caldwell,2022-09-17
3,10,1,9,0,Caldwell,2022-10-18
3,15,2,13,0,Caldwell,2022-06-03
3,18,2,16,0,Caldwell,2022-06-19
3,26,3,23,0,Caldwell,2022-06-09
3,15,3,12,0,Caldwell,2022-06-18
3,32,3,29,0,Caldwell,2022-08-28
3,20,4,16,0,Caldwell,2022-05-18
3,22,4,18,0,Caldwell,2022-06-22
3,24,4,20,0,Caldwell,2022-09-03
3,16,4,12,0,Caldwell,2022-10-06
3,28,5,23,0,Caldwell,2022-06-08
3,16,2,14,0,Carteret,2022-08-24
3,12,5,7,0,Carteret,2022-07-31
3,14,6,8,0,Carteret,2022-05-05
3,11,6,5,0,Carteret,2022-05-09
3,22,6,16,0,Carteret,2022-06-01
3,23,7,16,0,Carteret,2022-05-26
3,22,8,14,0,Carteret,2022-05-23
3,19,8,11,0,Carteret,2022-08-09
3,36,9,27,0,Carteret,2022-05-27
3,25,10,15,0,Carteret,2022-08-29
3,15,10,5,0,Carteret,2022-09-13
3,27,11,16,0,Carteret,2022-07-09
3,22,12,10,0,Carteret,2022-05-11
3,21,12,9,0,Carteret,2022-08-12
3,26,13,13,0,Carteret,2022-07-21
3,28,15,13,0,Carteret,2022-06-28
3,31,15,16,0,Carteret,2022-07-06
3,31,17,14,0,Carteret,2022-06-13
3,38,24,14,0,Carteret,2022-07-19
3,8,0,8,0,Caswell,2022-06-22
3,8,1,7,0,Caswell,2022-05-23
3,9,1,8,0,Caswell,2022-08-16
3,4,2,2,0,Caswell,2022-05-12
3,6,3,3,0,Caswell,2022-10-13
3,10,5,5,0,Caswell,2022-07-20
3,12,4,8,0,Catawba,2022-10-09
3,9,4,5,0,Catawba,2022-10-23
3,13,5,8,0,Catawba,2022-05-08
3,45,10,35,0,Catawba,2022-05-22
3,41,20,21,0,Catawba,2022-05-27
3,50,22,28,0,Catawba,2022-05-19
3,10,0,10,0,Chatham,2022-10-27
3,11,1,10,0,Chatham,2022-05-07
3,21,1,20,0,Chatham,2022-08-29
3,16,2,14,0,Chatham,2022-07-31
3,19,2,17,0,Chatham,2022-08-09
3,12,2,10,0,Chatham,2022-09-11
3,10,2,8,0,Chatham,2022-10-14
3,25,3,22,0,Chatham,2022-08-15
3,22,3,19,0,Chatham,2022-08-31
3,11,4,7,0,Chatham,2022-09-24
3,27,5,22,0,Chatham,2022-06-15
3,27,5,22,0,Chatham,2022-07-01
3,32,5,27,0,Chatham,2022-07-14
3,27,6,21,0,Chatham,2022-06-03
3,27,6,21,0,Chatham,2022-07-26
3,21,6,15,0,Chatham,2022-08-11
3,13,6,7,0,Chatham,2022-10-04
3,59,7,52,0,Chatham,2022-05-31
3,27,10,17,0,Chatham,2022-08-02
3,33,10,23,0,Chatham,2022-08-22
3,16,2,14,0,Cherokee,2022-07-14
3,15,2,13,0,Cherokee,2022-07-21
3,12,3,9,0,Cherokee,2022-08-04
3,10,3,7,0,Cherokee,2022-08-17
3,15,4,11,0,Cherokee,2022-06-14
3,10,4,6,0,Cherokee,2022-06-28
3,14,4,10,0,Cherokee,2022-07-28
3,26,5,21,0,Cherokee,2022-07-18
3,5,0,5,0,Chowan,2022-05-09
3,7,1,6,0,Chowan,2022-07-14
3,13,1,12,0,Chowan,2022-08-01
3,6,1,5,0,Chowan,2022-08-08
3,9,2,7,0,Chowan,2022-08-04
3,8,1,7,0,Clay,2022-08-01
3,7,3,4,0,Clay,2022-07-18
3,9,3,6,0,Clay,2022-08-02
3,17,0,17,0,Cleveland,2022-06-11
3,14,0,14,0,Cleveland,2022-06-18
3,18,1,17,0,Cleveland,2022-05-15
3,18,1,17,0,Cleveland,2022-06-02
3,15,1,14,0,Cleveland,2022-06-25
3,14,1,13,0,Cleveland,2022-09-22
3,8,1,7,0,Cleveland,2022-09-30
3,20,1,19,0,Cleveland,2022-10-13
3,26,2,24,0,Cleveland,2022-05-12
3,8,2,6,0,Cleveland,2022-10-07
3,9,3,6,0,Cleveland,2022-05-21
3,20,3,17,0,Cleveland,2022-09-20
3,21,3,18,0,Cleveland,2022-09-27
3,19,4,15,0,Cleveland,2022-09-14
3,13,4,9,0,Cleveland,2022-10-03
3,25,5,20,0,Cleveland,2022-08-06
3,31,6,25,0,Cleveland,2022-06-27
3,5,2,3,0,Columbus,2022-06-18
3,9,2,7,0,Columbus,2022-07-03
3,8,3,5,0,Columbus,2022-05-26
3,10,4,6,0,Columbus,2022-05-10
3,11,4,7,0,Columbus,2022-05-13
3,8,4,4,0,Columbus,2022-06-06
3,8,4,4,0,Columbus,2022-06-24
3,14,5,9,0,Columbus,2022-05-19
3,9,5,4,0,Columbus,2022-09-28
3,5,5,0,0,Columbus,2022-10-10
3,14,6,8,0,Columbus,2022-06-09
3,13,6,7,0,Columbus,2022-09-14
3,12,7,5,0,Columbus,2022-07-17
3,11,7,4,0,Columbus,2022-09-01
3,8,7,1,0,Columbus,2022-10-13
3,27,8,19,0,Columbus,2022-07-07
3,20,8,12,0,Columbus,2022-07-29
3,9,8,1,0,Columbus,2022-09-27
3,12,9,3,0,Columbus,2022-06-23
3,21,11,10,0,Columbus,2022-07-20
3,16,13,3,0,Columbus,2022-08-12
3,18,1,17,0,Craven,2022-07-23
3,19,1,18,0,Craven,2022-08-19
3,15,4,11,0,Craven,2022-05-15
3,23,4,19,0,Craven,2022-08-24
3,12,5,7,0,Craven,2022-09-11
3,15,5,10,0,Craven,2022-10-05
3,20,7,13,0,Craven,2022-05-30
3,19,7,12,0,Craven,2022-07-24
3,18,7,11,0,Craven,2022-09-17
3,21,7,14,0,Craven,2022-09-27
3,17,7,10,0,Craven,2022-10-03
3,28,9,19,0,Craven,2022-06-24
3,29,9,20,0,Craven,2022-07-09
3,28,10,18,0,Craven,2022-05-21
3,27,10,17,0,Craven,2022-08-29
3,34,11,23,0,Craven,2022-08-05
3,39,15,24,0,Craven,2022-05-03
3,43,16,27,0,Craven,2022-08-16
3,28,16,12,0,Craven,2022-09-01
3,44,17,27,0,Craven,2022-09-22
3,46,18,28,0,Craven,2022-05-11
3,32,7,25,0,Cumberland,2022-10-02
3,31,11,20,0,Cumberland,2022-10-01
3,41,11,30,0,Cumberland,2022-10-10
3,5,0,5,0,Currituck,2022-07-17
3,7,0,7,0,Currituck,2022-07-19
3,12,1,11,0,Currituck,2022-05-23
3,16,2,14,0,Currituck,2022-07-25
3,9,4,5,0,Currituck,2022-10-13
3,12,0,12,0,Dare,2022-05-03
3,19,0,19,0,Dare,2022-05-11
3,27,0,27,0,Dare,2022-05-19
3,28,0,28,0,Dare,2022-05-31
3,21,0,21,0,Dare,2022-06-16
3,20,0,20,0,Dare,2022-06-21
3,9,0,9,0,Dare,2022-07-09
3,10,0,10,0,Dare,2022-07-12
3,22,0,22,0,Dare,2022-07-18
3,11,0,11,0,Dare,2022-08-01
3,12,0,12,0,Dare,2022-08-31
3,14,1,13,0,Dare,2022-06-07
3,18,1,17,0,Dare,2022-06-27
3,21,1,20,0,Dare,2022-07-05
3,18,1,17,0,Dare,2022-07-11
3,13,1,12,0,Dare,2022-07-27
3,14,2,12,0,Dare,2022-07-06
3,21,0,21,0,Davidson,2022-06-11
3,16,0,16,0,Davidson,2022-06-12
3,24,1,23,0,Davidson,2022-06-05
3,23,2,21,0,Davidson,2022-05-21
3,30,3,27,0,Davidson,2022-06-26
3,23,4,19,0,Davidson,2022-10-26
3,27,5,22,0,Davidson,2022-05-15
3,26,5,21,0,Davidson,2022-09-10
3,31,7,24,0,Davidson,2022-05-11
3,29,7,22,0,Davidson,2022-10-11
3,34,8,26,0,Davidson,2022-05-13
3,44,10,34,0,Davidson,2022-06-07
3,12,0,12,0,Davie,2022-06-18
3,8,0,8,0,Davie,2022-08-07
3,13,1,12,0,Davie,2022-06-17
3,6,1,5,0,Davie,2022-09-09
3,12,1,11,0,Davie,2022-09-11
3,5,1,4,0,Davie,2022-10-02
3,7,1,6,0,Davie,2022-10-14
3,10,2,8,0,Davie,2022-10-13
3,10,3,7,0,Davie,2022-05-22
3,18,4,14,0,Davie,2022-07-13
3,16,4,12,0,Davie,2022-07-14
3,16,4,12,0,Davie,2022-08-16
3,8,4,4,0,Davie,2022-10-19
3,17,5,12,0,Davie,2022-06-10
3,15,5,10,0,Davie,2022-08-26
3,14,6,8,0,Davie,2022-06-23
3,19,6,13,0,Davie,2022-07-06
3,21,6,15,0,Davie,2022-08-05
3,10,6,4,0,Davie,2022-08-14
3,19,7,12,0,Davie,2022-07-28
3,10,7,3,0,Davie,2022-10-24
3,28,8,20,0,Davie,2022-05-18
3,32,10,22,0,Davie,2022-06-20
3,23,12,11,0,Davie,2022-07-26
3,8,0,8,0,Duplin,2022-09-04
3,6,0,6,0,Duplin,2022-09-17
3,9,2,7,0,Duplin,2022-08-14
3,12,2,10,0,Duplin,2022-10-04
3,15,3,12,0,Duplin,2022-06-26
3,14,5,9,0,Duplin,2022-07-23
3,22,6,16,0,Duplin,2022-07-30
3,12,7,5,0,Duplin,2022-06-15
3,15,7,8,0,Duplin,2022-08-19
3,13,7,6,0,Duplin,2022-08-25
3,14,8,6,0,Duplin,2022-06-01
3,16,10,6,0,Duplin,2022-09-15
3,22,11,11,0,Duplin,2022-06-20
3,21,11,10,0,Duplin,2022-06-30
3,39,20,19,0,Duplin,2022-07-12
3,17,0,17,0,Durham,2022-10-29
3,35,2,33,0,Durham,2022-10-21
3,51,4,47,0,Durham,2022-09-10
3,74,6,68,0,Durham,2022-09-26
3,43,6,37,0,Durham,2022-10-14
3,15,0,15,0,Edgecombe,2022-09-03
3,11,0,11,0,Edgecombe,2022-09-26
3,8,0,8,0,Edgecombe,2022-10-01
3,11,1,10,0,Edgecombe,2022-06-04
3,19,1,18,0,Edgecombe,2022-06-08
3,12,2,10,0,Edgecombe,2022-06-10
3,10,2,8,0,Edgecombe,2022-07-04
3,17,2,15,0,Edgecombe,2022-08-29
3,12,2,10,0,Edgecombe,2022-10-04
3,11,3,8,0,Edgecombe,2022-08-14
3,13,3,10,0,Edgecombe,2022-08-25
3,14,3,11,0,Edgecombe,2022-09-02
3,17,3,14,0,Edgecombe,2022-09-14
3,21,4,17,0,Edgecombe,2022-06-22
3,17,4,13,0,Edgecombe,2022-06-29
3,29,4,25,0,Edgecombe,2022-08-04
3,14,5,9,0,Edgecombe,2022-06-20
3,22,4,18,0,Forsyth,2022-10-22
3,46,6,40,0,Forsyth,2022-09-25
3,75,8,67,0,Forsyth,2022-06-18
3,21,0,21,0,Franklin,2022-05-05
3,19,1,18,0,Franklin,2022-05-04
3,25,1,24,0,Franklin,2022-07-06
3,14,2,12,0,Franklin,2022-06-19
3,23,2,21,0,Franklin,2022-08-17
3,15,2,13,0,Franklin,2022-08-18
3,32,2,30,0,Franklin,2022-08-26
3,16,3,13,0,Franklin,2022-09-10
3,29,4,25,0,Franklin,2022-06-16
3,44,5,39,0,Franklin,2022-06-01
3,27,5,22,0,Franklin,2022-07-12
3,39,6,33,0,Franklin,2022-06-02
3,28,6,22,0,Franklin,2022-06-03
3,31,6,25,0,Franklin,2022-06-10
3,17,6,11,0,Franklin,2022-06-26
3,22,6,16,0,Franklin,2022-08-14
3,12,6,6,0,Franklin,2022-09-27
3,49,7,42,0,Franklin,2022-07-18
3,19,7,12,0,Franklin,2022-08-21
3,12,7,5,0,Franklin,2022-09-05
3,18,9,9,0,Franklin,2022-07-09
3,41,16,25,0,Franklin,2022-07-14
3,20,2,18,0,Gaston,2022-09-29
3,26,4,22,0,Gaston,2022-05-30
3,10,4,6,0,Gaston,2022-10-15
3,21,5,16,0,Gaston,2022-10-14
3,23,5,18,0,Gaston,2022-10-21
3,33,7,26,0,Gaston,2022-05-04
3,27,7,20,0,Gaston,2022-10-04
3,6,4,2,0,Gates,2022-07-05
3,4,3,1,0,Graham,2022-05-25
3,6,4,2,0,Graham,2022-08-22
3,9,8,1,0,Graham,2022-08-15
3,14,12,2,0,Graham,2022-09-01
3,7,0,7,0,Granville,2022-10-25
3,6,1,5,0,Granville,2022-10-21
3,17,2,15,0,Granville,2022-05-04
3,9,2,7,0,Granville,2022-08-18
3,11,2,9,0,Granville,2022-08-28
3,22,3,19,0,Granville,2022-06-07
3,17,3,14,0,Granville,2022-06-17
3,7,3,4,0,Granville,2022-07-09
3,17,3,14,0,Granville,2022-07-24
3,19,3,16,0,Granville,2022-08-12
3,24,3,21,0,Granville,2022-09-07
3,11,3,8,0,Granville,2022-10-12
3,13,4,9,0,Granville,2022-06-11
3,23,4,19,0,Granville,2022-08-03
3,26,4,22,0,Granville,2022-08-06
3,19,4,15,0,Granville,2022-09-12
3,10,4,6,0,Granville,2022-09-29
3,29,5,24,0,Granville,2022-05-26
3,11,5,6,0,Granville,2022-06-20
3,28,7,21,0,Granville,2022-06-08
3,20,7,13,0,Granville,2022-08-15
3,23,8,15,0,Granville,2022-05-05
3,32,8,24,0,Granville,2022-05-18
3,27,9,18,0,Granville,2022-07-19
3,42,11,31,0,Granville,2022-07-26
3,32,13,19,0,Granville,2022-06-21
3,9,0,9,0,Greene,2022-06-24
3,12,0,12,0,Greene,2022-08-15
3,12,1,11,0,Greene,2022-08-09
3,9,2,7,0,Greene,2022-07-26
3,8,2,6,0,Greene,2022-09-15
3,10,3,7,0,Greene,2022-06-30
3,6,3,3,0,Greene,2022-07-31
3,10,3,7,0,Greene,2022-08-08
3,16,4,12,0,Greene,2022-07-13
3,12,5,7,0,Greene,2022-07-20
3,12,5,7,0,Greene,2022-08-02
3,14,1,13,0,Halifax,2022-09-16
3,14,1,13,0,Halifax,2022-09-19
3,8,1,7,0,Halifax,2022-10-21
3,15,1,14,0,Halifax,2022-10-26
3,12,2,10,0,Halifax,2022-05-13
3,21,2,19,0,Halifax,2022-07-29
3,18,2,16,0,Halifax,2022-08-30
3,14,2,12,0,Halifax,2022-10-12
3,13,3,10,0,Halifax,2022-08-06
3,32,3,29,0,Halifax,2022-08-10
3,13,3,10,0,Halifax,2022-08-13
3,9,3,6,0,Halifax,2022-08-27
3,9,3,6,0,Halifax,2022-08-28
3,19,4,15,0,Halifax,2022-06-01
3,18,4,14,0,Halifax,2022-06-09
3,29,4,25,0,Halifax,2022-08-11
3,20,4,16,0,Halifax,2022-08-24
3,10,4,6,0,Halifax,2022-09-05
3,25,4,21,0,Halifax,2022-09-12
3,10,5,5,0,Halifax,2022-06-26
3,19,5,14,0,Halifax,2022-09-02
3,16,7,9,0,Halifax,2022-05-16
3,16,8,8,0,Halifax,2022-05-09
3,15,8,7,0,Halifax,2022-06-30
3,14,8,6,0,Halifax,2022-09-29
3,31,10,21,0,Halifax,2022-07-06
3,26,10,16,0,Halifax,2022-09-09
3,8,0,8,0,Harnett,2022-10-23
3,6,0,6,0,Harnett,2022-10-28
3,23,1,22,0,Harnett,2022-08-14
3,24,2,22,0,Harnett,2022-05-10
3,12,2,10,0,Harnett,2022-10-17
3,19,4,15,0,Harnett,2022-09-04
3,14,4,10,0,Harnett,2022-10-07
3,15,4,11,0,Harnett,2022-10-10
3,41,6,35,0,Harnett,2022-06-24
3,29,6,23,0,Harnett,2022-07-10
3,33,6,27,0,Harnett,2022-07-16
3,43,7,36,0,Harnett,2022-06-01
3,19,7,12,0,Harnett,2022-09-05
3,35,8,27,0,Harnett,2022-05-11
3,18,8,10,0,Harnett,2022-05-30
3,33,8,25,0,Harnett,2022-06-21
3,32,9,23,0,Harnett,2022-06-29
3,50,11,39,0,Harnett,2022-06-13
3,55,15,40,0,Harnett,2022-08-09
3,57,20,37,0,Harnett,2022-05-26
3,17,7,10,0,Haywood,2022-05-03
3,18,7,11,0,Haywood,2022-08-12
3,12,7,5,0,Haywood,2022-08-14
3,21,8,13,0,Haywood,2022-08-02
3,21,8,13,0,Haywood,2022-09-02
3,10,8,2,0,Haywood,2022-09-29
3,22,9,13,0,Haywood,2022-05-11
3,13,9,4,0,Haywood,2022-06-21
3,10,9,1,0,Haywood,2022-06-26
3,11,9,2,0,Haywood,2022-10-24
3,13,10,3,0,Haywood,2022-05-26
3,20,10,10,0,Haywood,2022-06-03
3,13,10,3,0,Haywood,2022-10-25
3,12,10,2,0,Haywood,2022-10-27
3,28,11,17,0,Haywood,2022-05-31
3,17,11,6,0,Haywood,2022-08-06
3,24,12,12,0,Haywood,2022-05-23
3,22,12,10,0,Haywood,2022-06-14
3,28,12,16,0,Haywood,2022-07-21
3,19,12,7,0,Haywood,2022-08-23
3,22,13,9,0,Haywood,2022-07-12
3,17,15,2,0,Haywood,2022-07-04
3,31,16,15,0,Haywood,2022-06-28
3,27,18,9,0,Haywood,2022-09-01
3,30,25,5,0,Haywood,2022-07-18
3,21,3,18,0,Henderson,2022-08-06
3,11,3,8,0,Henderson,2022-09-25
3,15,4,11,0,Henderson,2022-10-20
3,29,7,22,0,Henderson,2022-05-31
3,30,8,22,0,Henderson,2022-06-16
3,40,8,32,0,Henderson,2022-08-29
3,21,9,12,0,Henderson,2022-06-23
3,29,10,19,0,Henderson,2022-07-17
3,31,10,21,0,Henderson,2022-09-01
3,19,11,8,0,Henderson,2022-05-30
3,27,11,16,0,Henderson,2022-09-03
3,22,11,11,0,Henderson,2022-10-10
3,25,12,13,0,Henderson,2022-09-22
3,21,12,9,0,Henderson,2022-10-05
3,40,13,27,0,Henderson,2022-07-19
3,28,13,15,0,Henderson,2022-08-26
3,32,14,18,0,Henderson,2022-05-09
3,35,14,21,0,Henderson,2022-06-21
3,44,16,28,0,Henderson,2022-07-29
3,33,16,17,0,Henderson,2022-08-03
3,47,21,26,0,Henderson,2022-07-24
3,57,32,25,0,Henderson,2022-05-16
3,7,1,6,0,Hertford,2022-09-07
3,9,3,6,0,Hertford,2022-06-01
3,16,3,13,0,Hertford,2022-07-19
3,9,3,6,0,Hertford,2022-08-04
3,6,3,3,0,Hertford,2022-08-18
3,8,3,5,0,Hertford,2022-08-30
3,9,3,6,0,Hertford,2022-09-08
3,12,3,9,0,Hertford,2022-09-12
3,10,4,6,0,Hertford,2022-07-12
3,10,4,6,0,Hertford,2022-09-09
3,16,5,11,0,Hertford,2022-08-01
3,20,10,10,0,Hertford,2022-07-27
3,17,1,16,0,Hoke,2022-09-19
3,13,1,12,0,Hoke,2022-09-23
3,11,2,9,0,Hoke,2022-07-04
3,16,2,14,0,Hoke,2022-09-26
3,8,2,6,0,Hoke,2022-10-13
3,12,3,9,0,Hoke,2022-05-13
3,18,3,15,0,Hoke,2022-07-27
3,16,3,13,0,Hoke,2022-09-16
3,30,4,26,0,Hoke,2022-06-16
3,29,4,25,0,Hoke,2022-07-22
3,24,4,20,0,Hoke,2022-08-05
3,17,4,13,0,Hoke,2022-08-19
3,10,4,6,0,Hoke,2022-09-03
3,22,4,18,0,Hoke,2022-09-20
3,15,5,10,0,Hoke,2022-08-18
3,25,5,20,0,Hoke,2022-09-07
3,13,5,8,0,Hoke,2022-09-22
3,12,5,7,0,Hoke,2022-10-03
3,27,7,20,0,Hoke,2022-07-29
3,14,9,5,0,Hoke,2022-05-03
3,26,9,17,0,Hoke,2022-06-23
3,32,9,23,0,Hoke,2022-07-05
3,29,10,19,0,Hoke,2022-09-06
3,26,11,15,0,Hoke,2022-06-07
3,36,15,21,0,Hoke,2022-07-21
3,7,0,7,0,Hyde,2022-09-06
3,4,0,4,0,Hyde,2022-09-19
3,33,6,27,0,Iredell,2022-06-18
3,21,6,15,0,Iredell,2022-09-30
3,19,6,13,0,Iredell,2022-10-23
3,19,7,12,0,Iredell,2022-09-23
3,32,8,24,0,Iredell,2022-10-24
3,35,9,26,0,Iredell,2022-05-06
3,22,9,13,0,Iredell,2022-10-20
3,30,10,20,0,Iredell,2022-08-06
3,28,14,14,0,Iredell,2022-10-25
3,29,15,14,0,Iredell,2022-10-06
3,40,17,23,0,Iredell,2022-09-04
3,33,18,15,0,Iredell,2022-06-04
3,46,21,25,0,Iredell,2022-09-20
3,59,26,33,0,Iredell,2022-06-09
3,10,0,10,0,Jackson,2022-05-26
3,6,1,5,0,Jackson,2022-10-03
3,14,2,12,0,Jackson,2022-06-01
3,12,2,10,0,Jackson,2022-06-27
3,13,2,11,0,Jackson,2022-07-21
3,10,3,7,0,Jackson,2022-07-17
3,13,4,9,0,Jackson,2022-07-13
3,20,5,15,0,Jackson,2022-07-20
3,15,7,8,0,Jackson,2022-07-06
3,14,7,7,0,Jackson,2022-07-28
3,17,7,10,0,Jackson,2022-08-08
3,15,3,12,0,Johnston,2022-10-19
3,41,6,35,0,Johnston,2022-06-26
3,31,6,25,0,Johnston,2022-10-07
3,49,10,39,0,Johnston,2022-06-18
3,55,16,39,0,Johnston,2022-05-13
3,43,19,24,0,Johnston,2022-09-05
3,3,1,2,0,Jones,2022-10-10
3,15,1,14,0,Lee,2022-10-03
3,17,2,15,0,Lee,2022-08-05
3,8,2,6,0,Lee,2022-10-10
3,12,3,9,0,Lee,2022-09-09
3,15,4,11,0,Lee,2022-09-26
3,18,5,13,0,Lee,2022-05-19
3,21,5,16,0,Lee,2022-09-01
3,13,5,8,0,Lee,2022-09-13
3,22,5,17,0,Lee,2022-09-21
3,23,6,17,0,Lee,2022-05-17
3,25,6,19,0,Lee,2022-06-28
3,13,6,7,0,Lee,2022-07-04
3,21,6,15,0,Lee,2022-07-07
3,18,7,11,0,Lee,2022-06-05
3,23,7,16,0,Lee,2022-07-01
3,26,8,18,0,Lee,2022-05-24
3,19,8,11,0,Lee,2022-09-12
3,18,9,9,0,Lee,2022-08-06
3,17,9,8,0,Lee,2022-08-07
3,21,9,12,0,Lee,2022-08-08
3,25,9,16,0,Lee,2022-08-23
3,23,11,12,0,Lee,2022-07-05
3,27,11,16,0,Lee,2022-07-12
3,34,11,23,0,Lee,2022-07-24
3,30,20,10,0,Lee,2022-08-28
3,4,0,4,0,Lenoir,2022-06-04
3,4,0,4,0,Lenoir,2022-09-25
3,10,0,10,0,Lenoir,2022-10-10
3,8,2,6,0,Lenoir,2022-05-18
3,20,3,17,0,Lenoir,2022-08-23
3,15,4,11,0,Lenoir,2022-08-26
3,19,6,13,0,Lenoir,2022-06-09
3,16,6,10,0,Lenoir,2022-09-12
3,15,8,7,0,Lenoir,2022-09-16
3,20,9,11,0,Lenoir,2022-06-30
3,16,9,7,0,Lenoir,2022-07-17
3,16,9,7,0,Lenoir,2022-07-31
3,23,9,14,0,Lenoir,2022-09-06
3,37,19,18,0,Lenoir,2022-07-08
3,29,1,28,0,Lincoln,2022-07-09
3,16,1,15,0,Lincoln,2022-08-21
3,17,1,16,0,Lincoln,2022-09-05
3,21,1,20,0,Lincoln,2022-10-05
3,6,1,5,0,Lincoln,2022-10-22
3,5,1,4,0,Lincoln,2022-10-23
3,18,2,16,0,Lincoln,2022-06-04
3,21,2,19,0,Lincoln,2022-06-05
3,21,2,19,0,Lincoln,2022-06-09
3,6,2,4,0,Lincoln,2022-10-01
3,14,2,12,0,Lincoln,2022-10-28
3,19,3,16,0,Lincoln,2022-05-20
3,11,3,8,0,Lincoln,2022-09-04
3,18,3,15,0,Lincoln,2022-09-21
3,17,3,14,0,Lincoln,2022-09-23
3,12,3,9,0,Lincoln,2022-10-25
3,19,4,15,0,Lincoln,2022-07-15
3,18,5,13,0,Lincoln,2022-05-03
3,23,5,18,0,Lincoln,2022-05-17
3,27,5,22,0,Lincoln,2022-08-24
3,13,5,8,0,Lincoln,2022-10-24
3,23,6,17,0,Lincoln,2022-07-03
3,33,7,26,0,Lincoln,2022-06-24
3,26,7,19,0,Lincoln,2022-06-30
3,19,10,9,0,Lincoln,2022-09-26
3,16,10,6,0,Lincoln,2022-10-07
3,19,11,8,0,Lincoln,2022-10-11
3,32,15,17,0,Lincoln,2022-07-06
3,7,1,6,0,Macon,2022-08-22
3,6,2,4,0,Macon,2022-06-03
3,12,2,10,0,Macon,2022-06-22
3,25,2,23,0,Macon,2022-07-12
3,22,3,19,0,Macon,2022-07-26
3,16,4,12,0,Macon,2022-07-07
3,20,4,16,0,Macon,2022-07-15
3,17,5,12,0,Macon,2022-06-27
3,16,6,10,0,Macon,2022-06-14
3,6,1,5,0,Madison,2022-08-19
3,7,3,4,0,Madison,2022-09-06
3,16,8,8,0,Madison,2022-07-25
3,12,1,11,0,Martin,2022-08-03
3,12,2,10,0,Martin,2022-07-14
3,16,2,14,0,Martin,2022-07-19
3,12,3,9,0,Martin,2022-06-16
3,12,3,9,0,Martin,2022-06-20
3,9,3,6,0,Martin,2022-07-12
3,14,3,11,0,Martin,2022-08-11
3,7,3,4,0,Martin,2022-08-20
3,4,3,1,0,Martin,2022-09-03
3,8,4,4,0,Martin,2022-06-18
3,10,4,6,0,Martin,2022-07-01
3,14,5,9,0,Martin,2022-08-02
3,14,6,8,0,Martin,2022-06-06
3,17,6,11,0,Martin,2022-07-27
3,17,8,9,0,Martin,2022-07-05
3,12,0,12,0,McDowell,2022-05-20
3,17,0,17,0,McDowell,2022-07-30
3,9,0,9,0,McDowell,2022-08-19
3,8,0,8,0,McDowell,2022-09-03
3,14,0,14,0,McDowell,2022-09-20
3,7,0,7,0,McDowell,2022-10-16
3,13,1,12,0,McDowell,2022-05-26
3,21,1,20,0,McDowell,2022-06-02
3,11,1,10,0,McDowell,2022-07-17
3,14,1,13,0,McDowell,2022-09-16
3,6,1,5,0,McDowell,2022-09-17
3,10,1,9,0,McDowell,2022-09-27
3,23,2,21,0,McDowell,2022-06-01
3,8,2,6,0,McDowell,2022-06-03
3,18,2,16,0,McDowell,2022-06-28
3,24,2,22,0,McDowell,2022-07-13
3,21,2,19,0,McDowell,2022-07-15
3,16,2,14,0,McDowell,2022-07-19
3,16,2,14,0,McDowell,2022-07-29
3,15,2,13,0,McDowell,2022-08-05
3,32,2,30,0,McDowell,2022-09-06
3,10,2,8,0,McDowell,2022-09-30
3,17,3,14,0,McDowell,2022-09-11
3,9,3,6,0,McDowell,2022-10-18
3,20,4,16,0,McDowell,2022-05-18
3,14,4,10,0,McDowell,2022-06-13
3,9,4,5,0,McDowell,2022-10-06
3,18,5,13,0,McDowell,2022-07-22
3,18,6,12,0,McDowell,2022-09-26
3,5,0,5,0,Mitchell,2022-07-30
3,11,1,10,0,Mitchell,2022-07-20
3,11,6,5,0,Mitchell,2022-06-07
3,7,6,1,0,Mitchell,2022-07-22
3,13,8,5,0,Mitchell,2022-07-18
3,9,8,1,0,Mitchell,2022-08-01
3,18,13,5,0,Mitchell,2022-08-08
3,5,0,5,0,Montgomery,2022-06-30
3,9,0,9,0,Montgomery,2022-07-09
3,7,1,6,0,Montgomery,2022-07-05
3,8,1,7,0,Montgomery,2022-08-24
3,7,2,5,0,Montgomery,2022-08-16
3,7,2,5,0,Montgomery,2022-09-15
3,12,2,10,0,Montgomery,2022-09-26
3,11,2,9,0,Montgomery,2022-09-27
3,9,3,6,0,Montgomery,2022-09-09
3,9,4,5,0,Montgomery,2022-07-14
3,14,5,9,0,Montgomery,2022-08-31
3,17,7,10,0,Montgomery,2022-07-07
3,16,9,7,0,Montgomery,2022-08-03
3,15,2,13,0,Moore,2022-05-07
3,10,2,8,0,Moore,2022-10-08
3,26,5,21,0,Moore,2022-05-24
3,27,6,21,0,Moore,2022-05-20
3,12,6,6,0,Moore,2022-06-10
3,31,6,25,0,Moore,2022-07-13
3,17,7,10,0,Moore,2022-05-15
3,23,7,16,0,Moore,2022-08-11
3,15,7,8,0,Moore,2022-08-26
3,17,7,10,0,Moore,2022-09-13
3,20,8,12,0,Moore,2022-08-27
3,20,8,12,0,Moore,2022-10-03
3,20,8,12,0,Moore,2022-10-24
3,18,9,9,0,Moore,2022-07-03
3,31,9,22,0,Moore,2022-08-08
3,25,10,15,0,Moore,2022-06-09
3,23,10,13,0,Moore,2022-06-18
3,24,11,13,0,Moore,2022-05-04
3,31,11,20,0,Moore,2022-06-07
3,27,11,16,0,Moore,2022-07-14
3,26,12,14,0,Moore,2022-09-18
3,42,14,28,0,Moore,2022-05-16
3,42,17,25,0,Moore,2022-06-27
3,26,1,25,0,Nash,2022-08-06
3,13,2,11,0,Nash,2022-09-25
3,8,3,5,0,Nash,2022-05-15
3,21,4,17,0,Nash,2022-08-07
3,33,5,28,0,Nash,2022-05-20
3,16,5,11,0,Nash,2022-06-25
3,31,5,26,0,Nash,2022-08-05
3,14,5,9,0,Nash,2022-08-27
3,12,5,7,0,Nash,2022-10-02
3,25,6,19,0,Nash,2022-05-22
3,26,6,20,0,Nash,2022-05-25
3,27,6,21,0,Nash,2022-07-23
3,34,7,27,0,Nash,2022-05-26
3,23,11,12,0,Nash,2022-09-03
3,18,11,7,0,Nash,2022-09-05
3,20,1,19,0,New Hanover,2022-09-22
3,13,2,11,0,New Hanover,2022-10-07
3,22,4,18,0,New Hanover,2022-08-27
3,21,4,17,0,New Hanover,2022-09-29
3,18,4,14,0,New Hanover,2022-10-11
3,32,6,26,0,New Hanover,2022-05-14
3,23,6,17,0,New Hanover,2022-08-21
3,34,6,28,0,New Hanover,2022-09-09
3,16,6,10,0,New Hanover,2022-10-09
3,52,7,45,0,New Hanover,2022-05-12
3,51,8,43,0,New Hanover,2022-05-05
3,32,8,24,0,New Hanover,2022-05-30
3,41,11,30,0,New Hanover,2022-05-03
3,69,12,57,0,New Hanover,2022-05-18
3,28,12,16,0,New Hanover,2022-09-23
3,74,16,58,0,New Hanover,2022-05-16
3,60,19,41,0,New Hanover,2022-06-03
3,76,21,55,0,New Hanover,2022-05-20
3,16,1,15,0,Northampton,2022-07-29
3,9,2,7,0,Northampton,2022-08-03
3,8,2,6,0,Northampton,2022-09-14
3,15,3,12,0,Northampton,2022-08-08
3,7,3,4,0,Northampton,2022-08-30
3,17,4,13,0,Northampton,2022-07-20
3,9,5,4,0,Northampton,2022-05-24
3,9,5,4,0,Northampton,2022-09-08
3,13,0,13,0,Onslow,2022-05-07
3,24,1,23,0,Onslow,2022-09-28
3,22,2,20,0,Onslow,2022-05-14
3,18,2,16,0,Onslow,2022-06-04
3,14,2,12,0,Onslow,2022-10-26
3,19,3,16,0,Onslow,2022-09-17
3,19,4,15,0,Onslow,2022-09-03
3,21,5,16,0,Onslow,2022-08-21
3,11,5,6,0,Onslow,2022-10-10
3,22,6,16,0,Onslow,2022-09-02
3,22,6,16,0,Onslow,2022-10-12
3,10,6,4,0,Onslow,2022-10-15
3,25,7,18,0,Onslow,2022-10-05
3,34,8,26,0,Onslow,2022-06-11
3,10,0,10,0,Orange,2022-09-30
3,28,1,27,0,Orange,2022-09-23
3,19,1,18,0,Orange,2022-10-18
3,31,2,29,0,Orange,2022-06-18
3,28,2,26,0,Orange,2022-07-17
3,47,2,45,0,Orange,2022-07-23
3,35,2,33,0,Orange,2022-07-31
3,36,2,34,0,Orange,2022-09-13
3,26,2,24,0,Orange,2022-09-16
3,13,2,11,0,Orange,2022-10-04
3,38,3,35,0,Orange,2022-07-16
3,42,4,38,0,Orange,2022-07-03
3,47,4,43,0,Orange,2022-07-09
3,43,4,39,0,Orange,2022-08-11
3,40,4,36,0,Orange,2022-09-01
3,50,5,45,0,Orange,2022-06-30
3,28,5,23,0,Orange,2022-07-10
3,76,7,69,0,Orange,2022-06-02
3,75,7,68,0,Orange,2022-06-09
3,80,8,72,0,Orange,2022-05-20
3,74,12,62,0,Orange,2022-07-14
3,4,0,4,0,Pamlico,2022-06-28
3,6,1,5,0,Pamlico,2022-05-23
3,9,3,6,0,Pamlico,2022-05-12
3,9,3,6,0,Pamlico,2022-06-20
3,7,4,3,0,Pamlico,2022-06-21
3,11,4,7,0,Pamlico,2022-08-11
3,7,5,2,0,Pamlico,2022-08-03
3,4,2,2,0,Pasquotank,2022-05-03
3,3,2,1,0,Pasquotank,2022-05-09
3,10,3,7,0,Pasquotank,2022-05-16
3,8,3,5,0,Pasquotank,2022-08-24
3,7,4,3,0,Pasquotank,2022-05-11
3,12,4,8,0,Pasquotank,2022-07-24
3,10,5,5,0,Pasquotank,2022-09-19
3,13,6,7,0,Pasquotank,2022-08-11
3,17,9,8,0,Pasquotank,2022-05-25
3,27,10,17,0,Pasquotank,2022-06-01
3,7,0,7,0,Pender,2022-07-15
3,9,1,8,0,Pender,2022-08-20
3,12,2,10,0,Pender,2022-05-20
3,21,2,19,0,Pender,2022-06-01
3,19,2,17,0,Pender,2022-06-30
3,10,2,8,0,Pender,2022-08-25
3,11,2,9,0,Pender,2022-10-10
3,17,3,14,0,Pender,2022-06-29
3,11,3,8,0,Pender,2022-07-04
3,16,3,13,0,Pender,2022-08-17
3,18,3,15,0,Pender,2022-09-26
3,16,4,12,0,Pender,2022-07-08
3,14,4,10,0,Pender,2022-07-22
3,17,4,13,0,Pender,2022-08-31
3,22,5,17,0,Pender,2022-06-14
3,27,5,22,0,Pender,2022-07-20
3,23,5,18,0,Pender,2022-07-21
3,23,5,18,0,Pender,2022-07-26
3,16,5,11,0,Pender,2022-08-16
3,19,5,14,0,Pender,2022-09-15
3,18,7,11,0,Pender,2022-08-15
3,19,8,11,0,Pender,2022-08-12
3,33,9,24,0,Pender,2022-08-02
3,6,1,5,0,Perquimans,2022-09-19
3,8,2,6,0,Perquimans,2022-07-11
3,14,0,14,0,Person,2022-09-15
3,7,1,6,0,Person,2022-08-07
3,11,1,10,0,Person,2022-08-08
3,13,1,12,0,Person,2022-08-12
3,16,1,15,0,Person,2022-08-30
3,11,2,9,0,Person,2022-07-30
3,15,2,13,0,Person,2022-09-06
3,11,2,9,0,Person,2022-09-08
3,10,2,8,0,Person,2022-09-28
3,12,3,9,0,Person,2022-08-04
3,9,3,6,0,Person,2022-09-23
3,20,4,16,0,Person,2022-07-08
3,17,5,12,0,Person,2022-06-06
3,18,5,13,0,Person,2022-06-15
3,18,5,13,0,Person,2022-07-28
3,10,5,5,0,Person,2022-09-18
3,8,5,3,0,Person,2022-09-24
3,23,6,17,0,Person,2022-07-11
3,18,6,12,0,Person,2022-07-13
3,10,6,4,0,Person,2022-07-24
3,12,6,6,0,Person,2022-09-02
3,20,7,13,0,Person,2022-05-12
3,24,7,17,0,Person,2022-05-24
3,24,7,17,0,Person,2022-07-06
3,26,7,19,0,Person,2022-07-21
3,24,9,15,0,Person,2022-05-23
3,25,9,16,0,Person,2022-06-27
3,17,10,7,0,Person,2022-09-12
3,25,0,25,0,Pitt,2022-08-27
3,18,0,18,0,Pitt,2022-08-28
3,14,0,14,0,Pitt,2022-09-18
3,7,0,7,0,Pitt,2022-10-29
3,33,1,32,0,Pitt,2022-06-05
3,21,2,19,0,Pitt,2022-10-28
3,20,3,17,0,Pitt,2022-05-08
3,12,3,9,0,Pitt,2022-10-02
3,24,5,19,0,Pitt,2022-05-28
3,35,5,30,0,Pitt,2022-08-06
3,21,5,16,0,Pitt,2022-10-03
3,36,10,26,0,Pitt,2022-10-10
3,7,3,4,0,Polk,2022-09-08
3,9,4,5,0,Polk,2022-07-14
3,19,3,16,0,Randolph,2022-06-05
3,11,4,7,0,Randolph,2022-05-04
3,10,4,6,0,Randolph,2022-10-27
3,12,5,7,0,Randolph,2022-10-21
3,9,5,4,0,Randolph,2022-10-22
3,17,7,10,0,Randolph,2022-05-28
3,19,7,12,0,Randolph,2022-06-26
3,15,7,8,0,Randolph,2022-09-24
3,18,8,10,0,Randolph,2022-05-03
3,14,8,6,0,Randolph,2022-05-07
3,19,8,11,0,Randolph,2022-06-19
3,15,8,7,0,Randolph,2022-09-03
3,23,9,14,0,Randolph,2022-05-11
3,17,9,8,0,Randolph,2022-09-29
3,24,11,13,0,Randolph,2022-08-14
3,24,11,13,0,Randolph,2022-08-21
3,20,11,9,0,Randolph,2022-10-02
3,22,12,10,0,Randolph,2022-05-20
3,31,13,18,0,Randolph,2022-06-29
3,26,13,13,0,Randolph,2022-07-10
3,28,14,14,0,Randolph,2022-05-13
3,33,14,19,0,Randolph,2022-05-24
3,30,15,15,0,Randolph,2022-06-06
3,28,16,12,0,Randolph,2022-05-12
3,40,16,24,0,Randolph,2022-08-12
3,31,19,12,0,Randolph,2022-05-26
3,9,0,9,0,Richmond,2022-07-30
3,9,1,8,0,Richmond,2022-06-15
3,7,1,6,0,Richmond,2022-07-04
3,12,1,11,0,Richmond,2022-08-30
3,14,3,11,0,Richmond,2022-05-11
3,21,4,17,0,Richmond,2022-06-28
3,12,5,7,0,Richmond,2022-06-03
3,14,5,9,0,Richmond,2022-06-08
3,22,5,17,0,Richmond,2022-07-24
3,15,5,10,0,Richmond,2022-08-16
3,11,6,5,0,Richmond,2022-06-17
3,16,6,10,0,Richmond,2022-06-22
3,23,6,17,0,Richmond,2022-06-29
3,11,6,5,0,Richmond,2022-07-16
3,21,6,15,0,Richmond,2022-08-10
3,14,7,7,0,Richmond,2022-05-19
3,12,7,5,0,Richmond,2022-06-18
3,21,7,14,0,Richmond,2022-06-24
3,15,7,8,0,Richmond,2022-07-07
3,17,8,9,0,Richmond,2022-09-26
3,23,10,13,0,Richmond,2022-06-07
3,17,10,7,0,Richmond,2022-09-01
3,37,11,26,0,Richmond,2022-07-21
3,29,11,18,0,Richmond,2022-08-01
3,29,11,18,0,Richmond,2022-09-12
3,32,16,16,0,Richmond,2022-06-21
3,17,7,10,0,Robeson,2022-10-18
3,25,10,15,0,Robeson,2022-05-21
3,22,11,11,0,Robeson,2022-10-26
3,21,13,8,0,Robeson,2022-09-18
3,27,14,13,0,Robeson,2022-06-05
3,26,14,12,0,Robeson,2022-09-11
3,21,15,6,0,Robeson,2022-08-20
3,38,17,21,0,Robeson,2022-06-12
3,17,0,17,0,Rockingham,2022-08-13
3,7,0,7,0,Rockingham,2022-10-11
3,16,1,15,0,Rockingham,2022-06-09
3,13,1,12,0,Rockingham,2022-06-12
3,17,1,16,0,Rockingham,2022-07-01
3,14,1,13,0,Rockingham,2022-09-02
3,6,1,5,0,Rockingham,2022-09-25
3,21,2,19,0,Rockingham,2022-06-27
3,19,2,17,0,Rockingham,2022-07-12
3,16,2,14,0,Rockingham,2022-09-28
3,15,3,12,0,Rockingham,2022-07-02
3,17,3,14,0,Rockingham,2022-07-09
3,15,3,12,0,Rockingham,2022-08-21
3,12,3,9,0,Rockingham,2022-10-25
3,15,4,11,0,Rockingham,2022-05-30
3,19,4,15,0,Rockingham,2022-06-24
3,21,4,17,0,Rockingham,2022-08-12
3,25,5,20,0,Rockingham,2022-09-09
3,12,6,6,0,Rockingham,2022-05-29
3,25,6,19,0,Rockingham,2022-07-07
3,32,6,26,0,Rockingham,2022-08-11
3,29,7,22,0,Rockingham,2022-06-14
3,22,7,15,0,Rockingham,2022-07-04
3,38,7,31,0,Rockingham,2022-08-17
3,28,8,20,0,Rockingham,2022-05-12
3,26,8,18,0,Rockingham,2022-06-25
3,13,0,13,0,Rowan,2022-10-28
3,16,1,15,0,Rowan,2022-09-05
3,9,1,8,0,Rowan,2022-09-25
3,6,1,5,0,Rowan,2022-10-01
3,9,1,8,0,Rowan,2022-10-22
3,17,4,13,0,Rowan,2022-10-24
3,28,5,23,0,Rowan,2022-05-04
3,35,5,30,0,Rowan,2022-05-20
3,18,5,13,0,Rowan,2022-06-04
3,8,5,3,0,Rowan,2022-10-16
3,19,6,13,0,Rowan,2022-05-06
3,31,6,25,0,Rowan,2022-05-09
3,26,6,20,0,Rowan,2022-07-03
3,27,7,20,0,Rowan,2022-05-15
3,18,1,17,0,Rutherford,2022-08-28
3,5,1,4,0,Rutherford,2022-10-12
3,11,2,9,0,Rutherford,2022-06-29
3,19,3,16,0,Rutherford,2022-06-10
3,15,3,12,0,Rutherford,2022-06-23
3,14,3,11,0,Rutherford,2022-07-09
3,13,3,10,0,Rutherford,2022-07-16
3,13,3,10,0,Rutherford,2022-08-07
3,13,3,10,0,Rutherford,2022-09-09
3,15,3,12,0,Rutherford,2022-09-15
3,4,3,1,0,Rutherford,2022-10-10
3,13,3,10,0,Rutherford,2022-10-17
3,9,3,6,0,Rutherford,2022-10-20
3,13,4,9,0,Rutherford,2022-05-25
3,14,4,10,0,Rutherford,2022-06-21
3,15,4,11,0,Rutherford,2022-07-02
3,28,4,24,0,Rutherford,2022-08-10
3,20,4,16,0,Rutherford,2022-09-02
3,17,4,13,0,Rutherford,2022-09-12
3,9,4,5,0,Rutherford,2022-09-22
3,12,4,8,0,Rutherford,2022-09-26
3,14,5,9,0,Rutherford,2022-06-03
3,21,5,16,0,Rutherford,2022-08-02
3,19,5,14,0,Rutherford,2022-08-11
3,32,6,26,0,Rutherford,2022-08-05
3,32,9,23,0,Rutherford,2022-08-16
3,10,6,4,0,Sampson,2022-10-10
3,12,7,5,0,Sampson,2022-10-04
3,16,9,7,0,Sampson,2022-08-07
3,17,10,7,0,Sampson,2022-08-18
3,12,10,2,0,Sampson,2022-10-19
3,20,12,8,0,Sampson,2022-08-19
3,19,12,7,0,Sampson,2022-08-31
3,21,13,8,0,Sampson,2022-07-09
3,21,14,7,0,Sampson,2022-06-30
3,25,14,11,0,Sampson,2022-09-20
3,22,15,7,0,Sampson,2022-06-13
3,30,17,13,0,Sampson,2022-09-21
3,26,18,8,0,Sampson,2022-05-16
3,31,19,12,0,Sampson,2022-07-22
3,24,20,4,0,Sampson,2022-08-22
3,36,23,13,0,Sampson,2022-06-27
3,38,24,14,0,Sampson,2022-07-11
3,35,27,8,0,Sampson,2022-05-31
3,7,3,4,0,Scotland,2022-09-26
3,5,4,1,0,Scotland,2022-07-02
3,7,4,3,0,Scotland,2022-09-20
3,14,5,9,0,Scotland,2022-07-12
3,16,6,10,0,Scotland,2022-06-10
3,10,6,4,0,Scotland,2022-06-12
3,11,6,5,0,Scotland,2022-07-10
3,12,6,6,0,Scotland,2022-07-29
3,15,6,9,0,Scotland,2022-08-05
3,11,6,5,0,Scotland,2022-10-04
3,12,7,5,0,Scotland,2022-06-21
3,12,7,5,0,Scotland,2022-07-01
3,17,8,9,0,Scotland,2022-05-20
3,9,8,1,0,Scotland,2022-06-25
3,13,8,5,0,Scotland,2022-07-21
3,16,9,7,0,Scotland,2022-06-16
3,13,9,4,0,Scotland,2022-06-22
3,13,9,4,0,Scotland,2022-06-29
3,10,9,1,0,Scotland,2022-06-30
3,15,9,6,0,Scotland,2022-07-08
3,14,9,5,0,Scotland,2022-08-17
3,15,10,5,0,Scotland,2022-09-19
3,20,11,9,0,Scotland,2022-06-08
3,15,0,15,0,Stanly,2022-06-22
3,12,0,12,0,Stanly,2022-06-26
3,15,0,15,0,Stanly,2022-07-02
3,12,0,12,0,Stanly,2022-07-04
3,25,0,25,0,Stanly,2022-07-05
3,16,0,16,0,Stanly,2022-07-16
3,8,0,8,0,Stanly,2022-09-25
3,11,0,11,0,Stanly,2022-10-27
3,10,1,9,0,Stanly,2022-05-09
3,20,1,19,0,Stanly,2022-08-17
3,11,1,10,0,Stanly,2022-08-27
3,9,1,8,0,Stanly,2022-10-26
3,17,2,15,0,Stanly,2022-05-12
3,32,2,30,0,Stanly,2022-05-24
3,26,2,24,0,Stanly,2022-07-29
3,31,2,29,0,Stanly,2022-08-03
3,9,2,7,0,Stanly,2022-09-17
3,17,3,14,0,Stanly,2022-09-10
3,10,4,6,0,Stanly,2022-05-30
3,19,4,15,0,Stanly,2022-06-05
3,19,5,14,0,Stanly,2022-06-17
3,21,6,15,0,Stanly,2022-05-25
3,17,7,10,0,Stanly,2022-05-13
3,9,0,9,0,Stokes,2022-06-04
3,9,2,7,0,Stokes,2022-06-14
3,9,2,7,0,Stokes,2022-06-25
3,7,2,5,0,Stokes,2022-07-09
3,7,2,5,0,Stokes,2022-08-07
3,27,2,25,0,Stokes,2022-08-16
3,10,2,8,0,Stokes,2022-10-06
3,15,3,12,0,Stokes,2022-05-11
3,21,3,18,0,Stokes,2022-08-10
3,17,4,13,0,Stokes,2022-05-24
3,16,4,12,0,Stokes,2022-06-21
3,16,4,12,0,Stokes,2022-08-25
3,13,4,9,0,Stokes,2022-10-17
3,15,5,10,0,Stokes,2022-08-28
3,23,5,18,0,Stokes,2022-09-09
3,16,5,11,0,Stokes,2022-10-03
3,18,6,12,0,Stokes,2022-07-14
3,19,7,12,0,Stokes,2022-08-12
3,18,7,11,0,Stokes,2022-08-18
3,17,7,10,0,Stokes,2022-09-01
3,23,8,15,0,Stokes,2022-05-09
3,13,9,4,0,Stokes,2022-07-27
3,30,10,20,0,Stokes,2022-07-18
3,24,12,12,0,Stokes,2022-08-03
3,30,15,15,0,Stokes,2022-06-27
3,16,0,16,0,Surry,2022-10-26
3,13,3,10,0,Surry,2022-09-03
3,23,3,20,0,Surry,2022-09-05
3,19,3,16,0,Surry,2022-10-24
3,18,4,14,0,Surry,2022-06-11
3,18,4,14,0,Surry,2022-08-06
3,22,4,18,0,Surry,2022-08-14
3,12,4,8,0,Surry,2022-10-20
3,13,6,7,0,Surry,2022-10-13
3,21,8,13,0,Surry,2022-05-20
3,24,8,16,0,Surry,2022-06-03
3,16,9,7,0,Surry,2022-05-11
3,21,9,12,0,Surry,2022-09-15
3,18,10,8,0,Surry,2022-05-12
3,30,11,19,0,Surry,2022-05-19
3,26,11,15,0,Surry,2022-06-04
3,20,11,9,0,Surry,2022-06-21
3,30,11,19,0,Surry,2022-09-19
3,25,13,12,0,Surry,2022-06-06
3,29,13,16,0,Surry,2022-06-20
3,30,19,11,0,Surry,2022-06-23
3,8,4,4,0,Swain,2022-07-12
3,10,5,5,0,Swain,2022-06-23
3,13,1,12,0,Transylvania,2022-08-31
3,17,2,15,0,Transylvania,2022-07-21
3,11,2,9,0,Transylvania,2022-08-30
3,7,2,5,0,Transylvania,2022-10-05
3,12,3,9,0,Transylvania,2022-06-17
3,12,3,9,0,Transylvania,2022-09-04
3,5,3,2,0,Transylvania,2022-09-24
3,11,4,7,0,Transylvania,2022-08-28
3,14,5,9,0,Transylvania,2022-07-26
3,11,5,6,0,Transylvania,2022-08-12
3,10,6,4,0,Transylvania,2022-09-14
3,26,7,19,0,Transylvania,2022-09-06
3,16,8,8,0,Transylvania,2022-09-13
3,12,8,4,0,Transylvania,2022-09-16
3,22,9,13,0,Transylvania,2022-06-21
3,4,1,3,0,Tyrrell,2022-07-15
3,21,1,20,0,Union,2022-09-24
3,16,1,15,0,Union,2022-10-29
3,17,3,14,0,Union,2022-10-18
3,11,3,8,0,Union,2022-10-23
3,17,4,13,0,Union,2022-10-22
3,30,7,23,0,Union,2022-10-07
3,63,12,51,0,Union,2022-05-11
3,52,17,35,0,Union,2022-06-12
3,12,1,11,0,Vance,2022-09-15
3,13,2,11,0,Vance,2022-08-27
3,6,2,4,0,Vance,2022-10-25
3,18,3,15,0,Vance,2022-05-10
3,17,3,14,0,Vance,2022-06-17
3,12,3,9,0,Vance,2022-08-20
3,17,3,14,0,Vance,2022-08-26
3,9,3,6,0,Vance,2022-09-04
3,15,4,11,0,Vance,2022-06-03
3,26,4,22,0,Vance,2022-06-14
3,18,4,14,0,Vance,2022-06-21
3,17,4,13,0,Vance,2022-09-19
3,16,5,11,0,Vance,2022-05-16
3,29,5,24,0,Vance,2022-07-20
3,24,5,19,0,Vance,2022-08-05
3,13,5,8,0,Vance,2022-08-07
3,15,6,9,0,Vance,2022-06-16
3,21,6,15,0,Vance,2022-07-30
3,18,6,12,0,Vance,2022-07-31
3,15,6,9,0,Vance,2022-09-03
3,22,7,15,0,Vance,2022-05-18
3,23,7,16,0,Vance,2022-05-31
3,12,7,5,0,Vance,2022-07-17
3,33,10,23,0,Vance,2022-07-19
3,25,14,11,0,Vance,2022-09-09
3,4,0,4,0,Warren,2022-07-26
3,7,0,7,0,Warren,2022-08-15
3,15,1,14,0,Warren,2022-06-01
3,3,1,2,0,Warren,2022-09-16
3,15,2,13,0,Warren,2022-08-02
3,15,2,13,0,Warren,2022-08-22
3,12,3,9,0,Warren,2022-08-10
3,14,5,9,0,Warren,2022-08-08
3,6,1,5,0,Washington,2022-08-06
3,18,1,17,0,Washington,2022-08-19
3,16,2,14,0,Washington,2022-08-09
3,6,0,6,0,Watauga,2022-06-26
3,7,2,5,0,Watauga,2022-08-09
3,17,3,14,0,Watauga,2022-08-16
3,18,3,15,0,Watauga,2022-09-21
3,14,4,10,0,Watauga,2022-05-14
3,10,4,6,0,Watauga,2022-06-30
3,18,6,12,0,Watauga,2022-08-10
3,16,6,10,0,Watauga,2022-08-15
3,14,7,7,0,Watauga,2022-06-22
3,20,8,12,0,Watauga,2022-05-27
3,22,8,14,0,Watauga,2022-08-24
3,16,10,6,0,Watauga,2022-05-17
3,24,10,14,0,Watauga,2022-08-25
3,12,3,9,0,Wayne,2022-10-02
3,18,6,12,0,Wayne,2022-09-24
3,13,7,6,0,Wayne,2022-10-28
3,14,8,6,0,Wayne,2022-05-03
3,18,10,8,0,Wayne,2022-09-04
3,17,10,7,0,Wayne,2022-10-24
3,17,11,6,0,Wayne,2022-10-18
3,22,13,9,0,Wayne,2022-05-04
3,20,17,3,0,Wayne,2022-10-07
3,36,20,16,0,Wayne,2022-06-16
3,46,21,25,0,Wayne,2022-06-23
3,30,22,8,0,Wayne,2022-06-03
3,8,1,7,0,Wilkes,2022-10-29
3,11,3,8,0,Wilkes,2022-10-04
3,12,3,9,0,Wilkes,2022-10-13
3,19,4,15,0,Wilkes,2022-07-06
3,13,5,8,0,Wilkes,2022-06-09
3,9,5,4,0,Wilkes,2022-09-29
3,13,5,8,0,Wilkes,2022-10-21
3,17,5,12,0,Wilkes,2022-10-24
3,12,6,6,0,Wilkes,2022-09-27
3,15,8,7,0,Wilkes,2022-05-11
3,22,10,12,0,Wilkes,2022-08-26
3,19,11,8,0,Wilkes,2022-06-14
3,14,11,3,0,Wilkes,2022-06-25
3,18,11,7,0,Wilkes,2022-07-09
3,18,12,6,0,Wilkes,2022-05-20
3,16,12,4,0,Wilkes,2022-09-10
3,18,13,5,0,Wilkes,2022-05-27
3,36,15,21,0,Wilkes,2022-07-08
3,23,16,7,0,Wilkes,2022-06-17
3,26,18,8,0,Wilkes,2022-09-20
3,6,2,4,0,Wilson,2022-06-11
3,16,2,14,0,Wilson,2022-08-21
3,15,2,13,0,Wilson,2022-10-24
3,15,3,12,0,Wilson,2022-06-25
3,4,3,1,0,Wilson,2022-10-27
3,10,4,6,0,Wilson,2022-05-05
3,10,4,6,0,Wilson,2022-07-02
3,31,5,26,0,Wilson,2022-05-18
3,25,8,17,0,Wilson,2022-09-21
3,31,9,22,0,Wilson,2022-07-15
3,27,9,18,0,Wilson,2022-08-13
3,27,10,17,0,Wilson,2022-05-20
3,28,11,17,0,Wilson,2022-05-25
3,25,12,13,0,Wilson,2022-06-09
3,27,12,15,0,Wilson,2022-06-28
3,31,13,18,0,Wilson,2022-05-17
3,39,16,23,0,Wilson,2022-05-31
3,13,2,11,0,Yadkin,2022-06-25
3,5,2,3,0,Yadkin,2022-07-02
3,10,2,8,0,Yadkin,2022-10-02
3,9,2,7,0,Yadkin,2022-10-04
3,8,3,5,0,Yadkin,2022-05-29
3,12,3,9,0,Yadkin,2022-06-05
3,12,3,9,0,Yadkin,2022-09-28
3,7,3,4,0,Yadkin,2022-10-08
3,17,4,13,0,Yadkin,2022-07-06
3,19,4,15,0,Yadkin,2022-08-04
3,14,5,9,0,Yadkin,2022-06-08
3,17,5,12,0,Yadkin,2022-07-24
3,24,5,19,0,Yadkin,2022-08-12
3,17,6,11,0,Yadkin,2022-07-01
3,16,6,10,0,Yadkin,2022-07-23
3,18,7,11,0,Yadkin,2022-05-19
3,23,7,16,0,Yadkin,2022-06-29
3,15,7,8,0,Yadkin,2022-07-07
3,18,7,11,0,Yadkin,2022-08-09
3,22,11,11,0,Yadkin,2022-05-27
3,26,11,15,0,Yadkin,2022-06-27
3,11,2,9,0,Yancey,2022-06-15
3,11,4,7,0,Yancey,2022-08-08
3,10,5,5,0,Yancey,2022-05-27
3,10,6,4,0,Yancey,2022-09-13
3,20,7,13,0,Yancey,2022-08-01
3,13,8,5,0,Yancey,2022-07-27
3,10,9,1,0,Yancey,2022-05-26
3,22,10,12,0,Yancey,2022-07-11
4,23,2,21,0,Alamance,2022-06-19
4,11,2,9,0,Alamance,2022-10-29
4,24,3,21,0,Alamance,2022-10-25
4,34,4,30,0,Alamance,2022-08-20
4,30,5,25,0,Alamance,2022-07-02
4,19,5,14,0,Alamance,2022-10-20
4,33,6,27,0,Alamance,2022-06-12
4,75,7,68,0,Alamance,2022-05-19
4,46,7,39,0,Alamance,2022-07-24
4,51,9,42,0,Alamance,2022-06-17
4,11,0,11,0,Alexander,2022-06-28
4,15,0,15,0,Alexander,2022-07-30
4,15,1,14,0,Alexander,2022-08-10
4,17,2,15,0,Alexander,2022-08-09
4,13,2,11,0,Alexander,2022-08-24
4,5,2,3,0,Alexander,2022-09-22
4,9,3,6,0,Alexander,2022-05-31
4,17,3,14,0,Alexander,2022-08-04
4,18,3,15,0,Alexander,2022-08-06
4,7,3,4,0,Alexander,2022-09-26
4,10,4,6,0,Alexander,2022-08-30
4,9,4,5,0,Alexander,2022-09-19
4,22,5,17,0,Alexander,2022-08-03
4,25,6,19,0,Alexander,2022-08-02
4,12,6,6,0,Alexander,2022-10-18
4,15,7,8,0,Alexander,2022-06-27
4,13,7,6,0,Alexander,2022-08-12
4,14,0,14,0,Anson,2022-06-24
4,11,1,10,0,Anson,2022-08-11
4,16,2,14,0,Anson,2022-07-18
4,12,3,9,0,Anson,2022-07-06
4,18,3,15,0,Anson,2022-08-26
4,18,3,15,0,Anson,2022-09-12
4,19,7,12,0,Anson,2022-07-05
4,8,6,2,0,Ashe,2022-08-06
4,9,6,3,0,Ashe,2022-09-13
4,13,7,6,0,Ashe,2022-07-25
4,8,7,1,0,Ashe,2022-09-02
4,14,8,6,0,Ashe,2022-08-01
4,17,14,3,0,Ashe,2022-09-01
4,20,17,3,0,Avery,2022-08-22
4,21,2,19,0,Beaufort,2022-06-13
4,14,2,12,0,Beaufort,2022-06-17
4,12,2,10,0,Beaufort,2022-07-24
4,11,2,9,0,Beaufort,2022-09-30
4,15,3,12,0,Beaufort,2022-07-01
4,13,4,9,0,Beaufort,2022-05-09
4,27,4,23,0,Beaufort,2022-07-06
4,26,4,22,0,Beaufort,2022-07-07
4,26,4,22,0,Beaufort,2022-07-22
4,17,4,13,0,Beaufort,2022-09-02
4,10,4,6,0,Beaufort,2022-09-27
4,8,4,4,0,Beaufort,2022-10-12
4,21,5,16,0,Beaufort,2022-06-14
4,23,5,18,0,Beaufort,2022-06-29
4,18,5,13,0,Beaufort,2022-07-23
4,17,6,11,0,Beaufort,2022-08-29
4,18,7,11,0,Beaufort,2022-06-02
4,15,8,7,0,Beaufort,2022-09-17
4,26,9,17,0,Beaufort,2022-07-15
4,13,1,12,0,Bertie,2022-08-01
4,9,3,6,0,Bertie,2022-08-04
4,11,0,11,0,Bladen,2022-06-29
4,24,1,23,0,Bladen,2022-07-19
4,12,1,11,0,Bladen,2022-09-07
4,14,2,12,0,Bladen,2022-05-19
4,11,2,9,0,Bladen,2022-06-11
4,8,2,6,0,Bladen,2022-07-10
4,19,2,17,0,Bladen,2022-07-11
4,14,2,12,0,Bladen,2022-07-29
4,16,2,14,0,Bladen,2022-09-21
4,13,3,10,0,Bladen,2022-07-12
4,17,3,14,0,Bladen,2022-08-05
4,23,3,20,0,Bladen,2022-08-08
4,22,4,18,0,Bladen,2022-05-18
4,12,4,8,0,Bladen,2022-05-26
4,14,4,10,0,Bladen,2022-08-17
4,12,4,8,0,Bladen,2022-08-23
4,16,5,11,0,Bladen,2022-05-20
4,21,5,16,0,Bladen,2022-06-01
4,17,5,12,0,Bladen,2022-08-16
4,16,5,11,0,Brunswick,2022-09-11
4,55,6,49,0,Brunswick,2022-06-06
4,47,6,41,0,Brunswick,2022-06-30
4,25,6,19,0,Brunswick,2022-10-06
4,42,7,35,0,Brunswick,2022-06-10
4,40,7,33,0,Brunswick,2022-10-03
4,50,8,42,0,Brunswick,2022-05-05
4,57,9,48,0,Brunswick,2022-06-01
4,68,10,58,0,Brunswick,2022-05-31
4,41,11,30,0,Brunswick,2022-07-09
4,79,11,68,0,Brunswick,2022-07-27
4,64,14,50,0,Brunswick,2022-05-10
4,37,14,23,0,Brunswick,2022-09-08
4,21,5,16,0,Buncombe,2022-09-24
4,30,6,24,0,Buncombe,2022-09-11
4,30,7,23,0,Buncombe,2022-09-03
4,35,7,28,0,Buncombe,2022-09-04
4,21,8,13,0,Buncombe,2022-10-23
4,27,11,16,0,Buncombe,2022-08-27
4,46,17,29,0,Buncombe,2022-07-17
4,59,20,39,0,Buncombe,2022-08-30
4,61,24,37,0,Buncombe,2022-06-05
4,22,2,20,0,Burke,2022-10-06
4,11,3,8,0,Burke,2022-10-24
4,24,4,20,0,Burke,2022-06-20
4,26,4,22,0,Burke,2022-06-28
4,24,4,20,0,Burke,2022-09-11
4,20,5,15,0,Burke,2022-07-24
4,33,5,28,0,Burke,2022-08-07
4,22,5,17,0,Burke,2022-10-26
4,30,6,24,0,Burke,2022-05-24
4,41,6,35,0,Burke,2022-06-27
4,53,6,47,0,Burke,2022-08-10
4,42,8,34,0,Burke,2022-09-15
4,27,10,17,0,Burke,2022-05-26
4,20,4,16,0,Cabarrus,2022-10-15
4,18,5,13,0,Cabarrus,2022-09-18
4,34,6,28,0,Cabarrus,2022-08-20
4,25,6,19,0,Cabarrus,2022-10-05
4,43,8,35,0,Cabarrus,2022-06-11
4,31,8,23,0,Cabarrus,2022-09-27
4,64,9,55,0,Cabarrus,2022-07-09
4,41,10,31,0,Cabarrus,2022-10-04
4,58,12,46,0,Cabarrus,2022-05-10
4,58,21,37,0,Cabarrus,2022-05-03
4,36,0,36,0,Caldwell,2022-09-15
4,14,1,13,0,Caldwell,2022-05-24
4,18,1,17,0,Caldwell,2022-08-27
4,37,2,35,0,Caldwell,2022-07-30
4,16,2,14,0,Caldwell,2022-10-28
4,15,3,12,0,Caldwell,2022-05-16
4,17,3,14,0,Caldwell,2022-06-02
4,23,3,20,0,Caldwell,2022-07-16
4,11,3,8,0,Caldwell,2022-10-11
4,26,4,22,0,Caldwell,2022-06-12
4,19,5,14,0,Caldwell,2022-09-05
4,27,7,20,0,Caldwell,2022-06-30
4,36,8,28,0,Caldwell,2022-06-21
4,12,6,6,0,Carteret,2022-05-21
4,8,6,2,0,Carteret,2022-09-02
4,21,10,11,0,Carteret,2022-06-09
4,30,10,20,0,Carteret,2022-07-26
4,29,11,18,0,Carteret,2022-06-02
4,26,13,13,0,Carteret,2022-07-28
4,24,13,11,0,Carteret,2022-09-06
4,31,16,15,0,Carteret,2022-05-18
4,51,24,27,0,Carteret,2022-07-05
4,40,26,14,0,Carteret,2022-07-20
4,8,1,7,0,Caswell,2022-07-06
4,10,1,9,0,Caswell,2022-08-29
4,17,3,14,0,Catawba,2022-05-07
4,16,3,13,0,Catawba,2022-10-02
4,9,5,4,0,Catawba,2022-10-29
4,36,6,30,0,Catawba,2022-07-02
4,14,6,8,0,Catawba,2022-10-16
4,29,8,21,0,Catawba,2022-06-11
4,37,8,29,0,Catawba,2022-08-20
4,28,8,20,0,Catawba,2022-10-06
4,28,9,19,0,Catawba,2022-10-07
4,45,13,32,0,Catawba,2022-10-24
4,30,14,16,0,Catawba,2022-05-11
4,31,14,17,0,Catawba,2022-05-13
4,42,16,26,0,Catawba,2022-07-09
4,36,16,20,0,Catawba,2022-10-25
4,48,17,31,0,Catawba,2022-07-30
4,34,18,16,0,Catawba,2022-05-04
4,46,19,27,0,Catawba,2022-09-22
4,28,21,7,0,Catawba,2022-10-20
4,44,24,20,0,Catawba,2022-06-09
4,50,25,25,0,Catawba,2022-07-01
4,51,26,25,0,Catawba,2022-05-18
4,60,29,31,0,Catawba,2022-05-31
4,44,0,44,0,Chatham,2022-07-11
4,23,0,23,0,Chatham,2022-09-12
4,13,1,12,0,Chatham,2022-08-21
4,20,3,17,0,Chatham,2022-05-22
4,17,3,14,0,Chatham,2022-08-13
4,22,4,18,0,Chatham,2022-05-08
4,32,4,28,0,Chatham,2022-07-08
4,16,4,12,0,Chatham,2022-09-15
4,7,4,3,0,Chatham,2022-09-26
4,29,5,24,0,Chatham,2022-08-05
4,30,6,24,0,Chatham,2022-06-01
4,27,6,21,0,Chatham,2022-07-20
4,36,7,29,0,Chatham,2022-05-04
4,24,7,17,0,Chatham,2022-09-20
4,27,8,19,0,Chatham,2022-05-03
4,33,8,25,0,Chatham,2022-05-19
4,51,13,38,0,Chatham,2022-07-05
4,13,1,12,0,Cherokee,2022-07-11
4,15,4,11,0,Cherokee,2022-08-01
4,19,6,13,0,Cherokee,2022-07-25
4,11,7,4,0,Cherokee,2022-10-10
4,11,8,3,0,Cherokee,2022-10-06
4,8,0,8,0,Chowan,2022-05-31
4,11,0,11,0,Chowan,2022-07-12
4,11,6,5,0,Clay,2022-07-26
4,17,2,15,0,Cleveland,2022-05-05
4,15,2,13,0,Cleveland,2022-05-11
4,9,2,7,0,Cleveland,2022-10-25
4,24,3,21,0,Cleveland,2022-06-23
4,13,3,10,0,Cleveland,2022-10-02
4,27,4,23,0,Cleveland,2022-06-08
4,12,4,8,0,Cleveland,2022-10-21
4,29,5,24,0,Cleveland,2022-05-17
4,33,5,28,0,Cleveland,2022-07-03
4,42,6,36,0,Cleveland,2022-06-28
4,26,7,19,0,Cleveland,2022-08-14
4,24,8,16,0,Cleveland,2022-05-20
4,40,11,29,0,Cleveland,2022-06-06
4,26,12,14,0,Cleveland,2022-06-03
4,18,5,13,0,Columbus,2022-06-13
4,9,5,4,0,Columbus,2022-09-17
4,12,5,7,0,Columbus,2022-09-19
4,14,6,8,0,Columbus,2022-08-07
4,13,7,6,0,Columbus,2022-05-25
4,17,8,9,0,Columbus,2022-07-13
4,15,8,7,0,Columbus,2022-08-24
4,14,8,6,0,Columbus,2022-09-15
4,23,9,14,0,Columbus,2022-08-30
4,21,10,11,0,Columbus,2022-05-23
4,19,12,7,0,Columbus,2022-06-21
4,16,12,4,0,Columbus,2022-09-07
4,15,13,2,0,Columbus,2022-08-11
4,25,17,8,0,Columbus,2022-09-06
4,13,3,10,0,Craven,2022-10-17
4,29,4,25,0,Craven,2022-06-05
4,25,7,18,0,Craven,2022-07-30
4,25,7,18,0,Craven,2022-08-26
4,19,8,11,0,Craven,2022-08-13
4,16,8,8,0,Craven,2022-10-06
4,22,9,13,0,Craven,2022-08-07
4,31,12,19,0,Craven,2022-07-31
4,30,13,17,0,Craven,2022-06-23
4,39,13,26,0,Craven,2022-08-11
4,42,18,24,0,Craven,2022-08-03
4,41,20,21,0,Craven,2022-09-14
4,45,22,23,0,Craven,2022-07-14
4,46,23,23,0,Craven,2022-08-10
4,53,26,27,0,Craven,2022-09-20
4,56,30,26,0,Craven,2022-06-08
4,25,7,18,0,Cumberland,2022-09-30
4,29,7,22,0,Cumberland,2022-10-21
4,24,9,15,0,Cumberland,2022-10-08
4,43,12,31,0,Cumberland,2022-10-27
4,54,15,39,0,Cumberland,2022-09-11
4,98,19,79,0,Cumberland,2022-05-03
4,48,20,28,0,Cumberland,2022-05-14
4,14,8,6,0,Currituck,2022-08-08
4,17,0,17,0,Dare,2022-07-19
4,8,0,8,0,Dare,2022-09-07
4,26,1,25,0,Dare,2022-05-20
4,21,1,20,0,Dare,2022-06-20
4,16,1,15,0,Davidson,2022-05-14
4,22,2,20,0,Davidson,2022-08-20
4,23,3,20,0,Davidson,2022-10-02
4,46,4,42,0,Davidson,2022-08-13
4,23,4,19,0,Davidson,2022-10-01
4,14,4,10,0,Davidson,2022-10-09
4,22,5,17,0,Davidson,2022-09-30
4,17,6,11,0,Davidson,2022-10-20
4,17,6,11,0,Davidson,2022-10-23
4,44,9,35,0,Davidson,2022-06-09
4,54,12,42,0,Davidson,2022-09-21
4,47,23,24,0,Davidson,2022-05-10
4,69,25,44,0,Davidson,2022-05-26
4,19,3,16,0,Davie,2022-07-18
4,15,4,11,0,Davie,2022-08-06
4,16,4,12,0,Davie,2022-08-19
4,11,4,7,0,Davie,2022-10-05
4,26,5,21,0,Davie,2022-07-07
4,26,5,21,0,Davie,2022-08-09
4,15,5,10,0,Davie,2022-09-20
4,12,6,6,0,Davie,2022-08-13
4,18,6,12,0,Davie,2022-09-14
4,23,7,16,0,Davie,2022-05-25
4,26,7,19,0,Davie,2022-09-07
4,19,8,11,0,Davie,2022-06-14
4,26,8,18,0,Davie,2022-07-21
4,20,8,12,0,Davie,2022-07-22
4,17,9,8,0,Davie,2022-06-12
4,22,9,13,0,Davie,2022-06-15
4,34,9,25,0,Davie,2022-08-08
4,9,3,6,0,Duplin,2022-05-03
4,18,4,14,0,Duplin,2022-08-07
4,20,8,12,0,Duplin,2022-08-23
4,15,8,7,0,Duplin,2022-09-20
4,16,9,7,0,Duplin,2022-10-03
4,25,11,14,0,Duplin,2022-06-22
4,21,12,9,0,Duplin,2022-06-29
4,25,14,11,0,Duplin,2022-08-30
4,28,16,12,0,Duplin,2022-07-08
4,43,2,41,0,Durham,2022-10-28
4,53,4,49,0,Durham,2022-10-12
4,30,6,24,0,Durham,2022-09-30
4,90,8,82,0,Durham,2022-05-08
4,117,8,109,0,Durham,2022-05-14
4,79,11,68,0,Durham,2022-05-30
4,18,0,18,0,Edgecombe,2022-08-19
4,17,1,16,0,Edgecombe,2022-08-23
4,17,1,16,0,Edgecombe,2022-09-28
4,12,2,10,0,Edgecombe,2022-05-26
4,10,2,8,0,Edgecombe,2022-06-11
4,10,2,8,0,Edgecombe,2022-06-18
4,19,2,17,0,Edgecombe,2022-07-24
4,22,2,20,0,Edgecombe,2022-08-11
4,25,2,23,0,Edgecombe,2022-08-22
4,16,3,13,0,Edgecombe,2022-05-19
4,26,4,22,0,Edgecombe,2022-07-29
4,27,5,22,0,Edgecombe,2022-05-31
4,31,6,25,0,Edgecombe,2022-06-02
4,29,7,22,0,Edgecombe,2022-06-28
4,13,7,6,0,Edgecombe,2022-09-11
4,26,7,19,0,Edgecombe,2022-09-20
4,29,8,21,0,Edgecombe,2022-06-09
4,54,10,44,0,Forsyth,2022-10-13
4,83,12,71,0,Forsyth,2022-05-22
4,23,0,23,0,Franklin,2022-08-19
4,34,1,33,0,Franklin,2022-05-20
4,27,1,26,0,Franklin,2022-09-08
4,27,2,25,0,Franklin,2022-06-22
4,22,2,20,0,Franklin,2022-09-23
4,27,3,24,0,Franklin,2022-05-03
4,40,3,37,0,Franklin,2022-06-14
4,25,4,21,0,Franklin,2022-06-20
4,24,4,20,0,Franklin,2022-07-17
4,35,5,30,0,Franklin,2022-06-09
4,41,5,36,0,Franklin,2022-06-27
4,22,5,17,0,Franklin,2022-08-05
4,16,5,11,0,Franklin,2022-09-15
4,34,7,27,0,Franklin,2022-07-11
4,36,9,27,0,Franklin,2022-08-22
4,26,9,17,0,Franklin,2022-08-30
4,31,10,21,0,Franklin,2022-07-15
4,32,11,21,0,Franklin,2022-08-15
4,13,3,10,0,Gaston,2022-10-16
4,35,4,31,0,Gaston,2022-10-05
4,29,4,25,0,Gaston,2022-10-07
4,50,8,42,0,Gaston,2022-05-06
4,38,8,30,0,Gaston,2022-09-16
4,8,2,6,0,Graham,2022-07-21
4,8,4,4,0,Graham,2022-07-13
4,7,5,2,0,Graham,2022-08-03
4,16,15,1,0,Graham,2022-08-30
4,15,0,15,0,Granville,2022-08-31
4,20,0,20,0,Granville,2022-10-26
4,21,2,19,0,Granville,2022-06-25
4,21,3,18,0,Granville,2022-05-11
4,16,3,13,0,Granville,2022-07-31
4,27,3,24,0,Granville,2022-08-04
4,14,4,10,0,Granville,2022-08-07
4,22,4,18,0,Granville,2022-08-10
4,19,5,14,0,Granville,2022-07-03
4,14,5,9,0,Granville,2022-07-04
4,30,5,25,0,Granville,2022-08-01
4,26,6,20,0,Granville,2022-06-24
4,21,6,15,0,Granville,2022-07-10
4,26,7,19,0,Granville,2022-05-24
4,15,7,8,0,Granville,2022-05-27
4,35,7,28,0,Granville,2022-07-13
4,38,7,31,0,Granville,2022-07-14
4,23,7,16,0,Granville,2022-09-20
4,28,12,16,0,Granville,2022-07-15
4,27,12,15,0,Granville,2022-09-02
4,28,13,15,0,Granville,2022-06-29
4,10,0,10,0,Greene,2022-07-12
4,16,1,15,0,Greene,2022-07-11
4,10,1,9,0,Greene,2022-07-15
4,18,1,17,0,Greene,2022-07-19
4,9,1,8,0,Greene,2022-08-31
4,43,5,38,0,Guilford,2022-10-08
4,83,14,69,0,Guilford,2022-10-07
4,91,15,76,0,Guilford,2022-05-07
4,14,1,13,0,Halifax,2022-07-24
4,17,3,14,0,Halifax,2022-07-23
4,28,4,24,0,Halifax,2022-06-02
4,14,4,10,0,Halifax,2022-09-22
4,16,4,12,0,Halifax,2022-09-23
4,17,6,11,0,Halifax,2022-05-12
4,30,9,21,0,Halifax,2022-05-27
4,25,12,13,0,Halifax,2022-08-31
4,24,13,11,0,Halifax,2022-07-16
4,46,14,32,0,Halifax,2022-07-11
4,12,1,11,0,Harnett,2022-10-11
4,14,1,13,0,Harnett,2022-10-27
4,13,2,11,0,Harnett,2022-10-13
4,26,3,23,0,Harnett,2022-06-25
4,22,3,19,0,Harnett,2022-09-10
4,23,4,19,0,Harnett,2022-07-23
4,31,5,26,0,Harnett,2022-08-18
4,23,6,17,0,Harnett,2022-05-08
4,29,6,23,0,Harnett,2022-05-12
4,32,6,26,0,Harnett,2022-05-13
4,17,6,11,0,Harnett,2022-10-25
4,19,7,12,0,Harnett,2022-07-03
4,34,7,27,0,Harnett,2022-09-02
4,13,7,6,0,Harnett,2022-09-25
4,30,8,22,0,Harnett,2022-08-07
4,24,8,16,0,Harnett,2022-10-04
4,31,9,22,0,Harnett,2022-09-09
4,33,9,24,0,Harnett,2022-09-11
4,46,11,35,0,Harnett,2022-09-22
4,43,13,30,0,Harnett,2022-08-30
4,41,14,27,0,Harnett,2022-06-15
4,16,8,8,0,Haywood,2022-05-04
4,13,8,5,0,Haywood,2022-08-16
4,14,11,3,0,Haywood,2022-09-05
4,22,12,10,0,Haywood,2022-06-20
4,17,13,4,0,Haywood,2022-08-25
4,23,14,9,0,Haywood,2022-08-10
4,21,15,6,0,Haywood,2022-09-04
4,30,16,14,0,Haywood,2022-07-01
4,29,20,9,0,Haywood,2022-06-16
4,34,20,14,0,Haywood,2022-08-01
4,36,20,16,0,Haywood,2022-08-29
4,26,20,6,0,Haywood,2022-09-19
4,15,2,13,0,Henderson,2022-10-25
4,31,5,26,0,Henderson,2022-08-17
4,13,5,8,0,Henderson,2022-09-10
4,20,5,15,0,Henderson,2022-10-24
4,27,6,21,0,Henderson,2022-08-25
4,29,8,21,0,Henderson,2022-05-17
4,29,9,20,0,Henderson,2022-06-10
4,30,9,21,0,Henderson,2022-08-31
4,26,10,16,0,Henderson,2022-05-10
4,27,10,17,0,Henderson,2022-08-19
4,23,12,11,0,Henderson,2022-06-03
4,28,13,15,0,Henderson,2022-06-14
4,33,13,20,0,Henderson,2022-07-30
4,50,14,36,0,Henderson,2022-07-18
4,48,14,34,0,Henderson,2022-08-09
4,33,15,18,0,Henderson,2022-06-01
4,32,15,17,0,Henderson,2022-07-09
4,26,16,10,0,Henderson,2022-07-02
4,33,19,14,0,Henderson,2022-06-22
4,21,4,17,0,Hertford,2022-07-05
4,19,6,13,0,Hertford,2022-07-26
4,9,2,7,0,Hoke,2022-05-07
4,30,2,28,0,Hoke,2022-08-08
4,20,4,16,0,Hoke,2022-06-10
4,20,5,15,0,Hoke,2022-07-02
4,15,5,10,0,Hoke,2022-08-12
4,18,6,12,0,Hoke,2022-06-29
4,20,9,11,0,Hoke,2022-08-25
4,26,9,17,0,Hoke,2022-08-29
4,41,10,31,0,Hoke,2022-07-18
4,36,12,24,0,Hoke,2022-08-02
4,38,14,24,0,Hoke,2022-06-21
4,40,14,26,0,Hoke,2022-07-07
4,13,3,10,0,Iredell,2022-10-15
4,25,7,18,0,Iredell,2022-09-29
4,40,8,32,0,Iredell,2022-06-13
4,33,8,25,0,Iredell,2022-08-20
4,37,10,27,0,Iredell,2022-05-13
4,24,10,14,0,Iredell,2022-10-07
4,41,12,29,0,Iredell,2022-05-12
4,37,15,22,0,Iredell,2022-07-02
4,37,17,20,0,Iredell,2022-05-30
4,50,19,31,0,Iredell,2022-07-16
4,42,19,23,0,Iredell,2022-09-16
4,41,22,19,0,Iredell,2022-09-05
4,60,23,37,0,Iredell,2022-06-02
4,68,27,41,0,Iredell,2022-08-30
4,60,30,30,0,Iredell,2022-06-14
4,14,2,12,0,Jackson,2022-06-06
4,17,3,14,0,Jackson,2022-05-27
4,22,8,14,0,Jackson,2022-08-03
4,21,11,10,0,Jackson,2022-08-30
4,16,1,15,0,Johnston,2022-10-14
4,14,2,12,0,Johnston,2022-10-23
4,26,3,23,0,Johnston,2022-10-05
4,22,4,18,0,Johnston,2022-10-06
4,50,7,43,0,Johnston,2022-05-21
4,28,8,20,0,Johnston,2022-06-12
4,28,8,20,0,Johnston,2022-09-25
4,41,10,31,0,Johnston,2022-05-06
4,30,10,20,0,Johnston,2022-07-04
4,41,12,29,0,Johnston,2022-07-03
4,49,13,36,0,Johnston,2022-05-05
4,9,6,3,0,Jones,2022-08-01
4,25,5,20,0,Lee,2022-08-04
4,21,5,16,0,Lee,2022-08-12
4,21,5,16,0,Lee,2022-08-15
4,24,6,18,0,Lee,2022-06-09
4,16,6,10,0,Lee,2022-06-30
4,22,6,16,0,Lee,2022-07-28
4,19,6,13,0,Lee,2022-09-02
4,28,7,21,0,Lee,2022-08-03
4,27,7,20,0,Lee,2022-08-25
4,23,8,15,0,Lee,2022-06-07
4,24,8,16,0,Lee,2022-06-21
4,14,8,6,0,Lee,2022-07-02
4,13,9,4,0,Lee,2022-08-14
4,16,11,5,0,Lee,2022-09-27
4,15,2,13,0,Lenoir,2022-08-19
4,20,2,18,0,Lenoir,2022-08-25
4,14,2,12,0,Lenoir,2022-09-20
4,18,3,15,0,Lenoir,2022-06-10
4,29,4,25,0,Lenoir,2022-08-11
4,19,5,14,0,Lenoir,2022-06-22
4,19,5,14,0,Lenoir,2022-08-17
4,11,5,6,0,Lenoir,2022-10-07
4,19,6,13,0,Lenoir,2022-06-14
4,16,6,10,0,Lenoir,2022-06-15
4,9,6,3,0,Lenoir,2022-09-10
4,15,6,9,0,Lenoir,2022-09-15
4,20,7,13,0,Lenoir,2022-08-06
4,20,8,12,0,Lenoir,2022-09-21
4,21,9,12,0,Lenoir,2022-08-24
4,18,10,8,0,Lenoir,2022-07-10
4,19,11,8,0,Lenoir,2022-05-25
4,28,13,15,0,Lenoir,2022-09-01
4,17,16,1,0,Lenoir,2022-08-14
4,46,17,29,0,Lenoir,2022-07-13
4,32,18,14,0,Lenoir,2022-06-24
4,16,1,15,0,Lincoln,2022-09-28
4,15,2,13,0,Lincoln,2022-06-12
4,12,2,10,0,Lincoln,2022-08-20
4,15,2,13,0,Lincoln,2022-09-17
4,22,3,19,0,Lincoln,2022-06-08
4,17,4,13,0,Lincoln,2022-05-06
4,25,4,21,0,Lincoln,2022-07-29
4,11,4,7,0,Lincoln,2022-10-12
4,26,6,20,0,Lincoln,2022-06-13
4,25,6,19,0,Lincoln,2022-07-01
4,22,6,16,0,Lincoln,2022-07-31
4,19,7,12,0,Lincoln,2022-05-04
4,38,8,30,0,Lincoln,2022-08-04
4,33,9,24,0,Lincoln,2022-05-24
4,44,10,34,0,Lincoln,2022-07-26
4,44,12,32,0,Lincoln,2022-08-09
4,9,1,8,0,Macon,2022-08-10
4,12,2,10,0,Macon,2022-08-18
4,17,8,9,0,Macon,2022-07-25
4,8,0,8,0,Madison,2022-10-10
4,8,1,7,0,Madison,2022-09-14
4,12,3,9,0,Martin,2022-09-19
4,11,4,7,0,Martin,2022-05-20
4,13,5,8,0,Martin,2022-07-08
4,23,6,17,0,Martin,2022-07-28
4,12,6,6,0,Martin,2022-08-19
4,19,9,10,0,Martin,2022-08-15
4,13,10,3,0,Martin,2022-09-15
4,27,13,14,0,Martin,2022-08-08
4,19,0,19,0,McDowell,2022-06-05
4,15,0,15,0,McDowell,2022-06-12
4,16,0,16,0,McDowell,2022-08-17
4,12,0,12,0,McDowell,2022-08-27
4,14,0,14,0,McDowell,2022-09-05
4,5,0,5,0,McDowell,2022-10-09
4,29,1,28,0,McDowell,2022-07-16
4,32,1,31,0,McDowell,2022-08-11
4,13,1,12,0,McDowell,2022-08-24
4,10,1,9,0,McDowell,2022-09-29
4,12,1,11,0,McDowell,2022-10-12
4,18,2,16,0,McDowell,2022-06-24
4,24,2,22,0,McDowell,2022-07-06
4,22,2,20,0,McDowell,2022-08-04
4,24,2,22,0,McDowell,2022-08-08
4,24,2,22,0,McDowell,2022-08-15
4,15,2,13,0,McDowell,2022-08-31
4,18,4,14,0,McDowell,2022-08-03
4,24,4,20,0,McDowell,2022-09-14
4,24,5,19,0,McDowell,2022-07-26
4,29,6,23,0,McDowell,2022-07-21
4,17,8,9,0,McDowell,2022-07-03
4,26,9,17,0,McDowell,2022-06-27
4,19,10,9,0,McDowell,2022-06-16
4,6,0,6,0,Montgomery,2022-08-17
4,8,1,7,0,Montgomery,2022-08-04
4,9,4,5,0,Montgomery,2022-08-07
4,15,4,11,0,Montgomery,2022-08-23
4,20,5,15,0,Montgomery,2022-07-25
4,15,6,9,0,Montgomery,2022-07-11
4,14,8,6,0,Montgomery,2022-08-05
4,12,9,3,0,Montgomery,2022-09-04
4,17,5,12,0,Moore,2022-08-07
4,23,5,18,0,Moore,2022-08-10
4,27,5,22,0,Moore,2022-09-15
4,8,5,3,0,Moore,2022-10-15
4,31,6,25,0,Moore,2022-07-11
4,17,6,11,0,Moore,2022-09-30
4,26,7,19,0,Moore,2022-08-05
4,19,7,12,0,Moore,2022-10-25
4,38,8,30,0,Moore,2022-06-20
4,14,8,6,0,Moore,2022-10-21
4,14,9,5,0,Moore,2022-10-28
4,25,10,15,0,Moore,2022-06-13
4,29,11,18,0,Moore,2022-08-09
4,42,12,30,0,Moore,2022-05-25
4,43,12,31,0,Moore,2022-08-22
4,29,12,17,0,Moore,2022-09-27
4,30,15,15,0,Moore,2022-07-01
4,36,16,20,0,Moore,2022-09-11
4,42,18,24,0,Moore,2022-06-23
4,37,1,36,0,Nash,2022-06-01
4,6,1,5,0,Nash,2022-10-22
4,16,3,13,0,Nash,2022-06-12
4,21,3,18,0,Nash,2022-09-26
4,35,4,31,0,Nash,2022-06-07
4,18,4,14,0,Nash,2022-07-03
4,22,5,17,0,Nash,2022-06-16
4,38,5,33,0,Nash,2022-08-11
4,16,5,11,0,Nash,2022-08-13
4,12,5,7,0,Nash,2022-10-10
4,20,6,14,0,Nash,2022-09-09
4,29,7,22,0,Nash,2022-05-18
4,23,8,15,0,Nash,2022-06-11
4,40,8,32,0,Nash,2022-08-09
4,43,12,31,0,Nash,2022-08-02
4,41,13,28,0,Nash,2022-08-25
4,53,18,35,0,Nash,2022-07-12
4,21,3,18,0,New Hanover,2022-09-17
4,34,6,28,0,New Hanover,2022-08-19
4,47,8,39,0,New Hanover,2022-06-04
4,61,10,51,0,New Hanover,2022-05-04
4,72,10,62,0,New Hanover,2022-06-21
4,54,10,44,0,New Hanover,2022-08-18
4,50,11,39,0,New Hanover,2022-06-11
4,40,11,29,0,New Hanover,2022-09-19
4,47,15,32,0,New Hanover,2022-05-06
4,77,16,61,0,New Hanover,2022-06-08
4,83,18,65,0,New Hanover,2022-06-28
4,44,19,25,0,New Hanover,2022-05-15
4,11,3,8,0,Northampton,2022-08-05
4,12,7,5,0,Northampton,2022-06-17
4,18,0,18,0,Onslow,2022-10-28
4,24,1,23,0,Onslow,2022-05-15
4,25,3,22,0,Onslow,2022-05-06
4,27,3,24,0,Onslow,2022-06-05
4,29,3,26,0,Onslow,2022-06-19
4,19,5,14,0,Onslow,2022-10-13
4,63,6,57,0,Onslow,2022-05-12
4,48,7,41,0,Onslow,2022-06-25
4,74,8,66,0,Onslow,2022-06-10
4,43,9,34,0,Onslow,2022-05-27
4,44,0,44,0,Orange,2022-09-07
4,23,1,22,0,Orange,2022-10-05
4,56,2,54,0,Orange,2022-06-13
4,42,2,40,0,Orange,2022-08-02
4,41,2,39,0,Orange,2022-09-08
4,42,3,39,0,Orange,2022-08-16
4,41,4,37,0,Orange,2022-07-02
4,74,5,69,0,Orange,2022-08-22
4,81,6,75,0,Orange,2022-05-05
4,92,6,86,0,Orange,2022-06-08
4,35,7,28,0,Orange,2022-05-07
4,46,7,39,0,Orange,2022-06-17
4,69,7,62,0,Orange,2022-07-11
4,54,7,47,0,Orange,2022-08-03
4,103,8,95,0,Orange,2022-06-01
4,81,8,73,0,Orange,2022-06-28
4,104,12,92,0,Orange,2022-05-17
4,18,5,13,0,Pasquotank,2022-07-29
4,12,5,7,0,Pasquotank,2022-08-06
4,20,8,12,0,Pasquotank,2022-08-08
4,18,10,8,0,Pasquotank,2022-08-02
4,17,1,16,0,Pender,2022-05-23
4,16,1,15,0,Pender,2022-08-30
4,25,3,22,0,Pender,2022-07-27
4,25,4,21,0,Pender,2022-06-27
4,24,5,19,0,Pender,2022-05-31
4,28,5,23,0,Pender,2022-07-18
4,21,6,15,0,Pender,2022-06-22
4,9,0,9,0,Person,2022-08-13
4,21,3,18,0,Person,2022-05-17
4,22,4,18,0,Person,2022-08-01
4,11,4,7,0,Person,2022-08-27
4,15,4,11,0,Person,2022-09-13
4,10,4,6,0,Person,2022-09-14
4,12,4,8,0,Person,2022-09-21
4,18,6,12,0,Person,2022-06-07
4,31,7,24,0,Person,2022-07-12
4,11,10,1,0,Person,2022-06-04
4,26,11,15,0,Person,2022-06-21
4,38,11,27,0,Person,2022-07-19
4,6,1,5,0,Pitt,2022-10-23
4,34,2,32,0,Pitt,2022-07-16
4,13,2,11,0,Pitt,2022-10-18
4,33,5,28,0,Pitt,2022-05-03
4,19,5,14,0,Pitt,2022-10-20
4,17,5,12,0,Pitt,2022-10-21
4,59,18,41,0,Pitt,2022-09-15
4,12,6,6,0,Polk,2022-08-01
4,13,7,6,0,Polk,2022-07-01
4,11,8,3,0,Polk,2022-07-05
4,14,9,5,0,Polk,2022-07-12
4,12,4,8,0,Randolph,2022-10-20
4,22,7,15,0,Randolph,2022-06-04
4,23,7,16,0,Randolph,2022-07-16
4,18,7,11,0,Randolph,2022-09-25
4,17,9,8,0,Randolph,2022-10-06
4,27,11,16,0,Randolph,2022-06-09
4,19,11,8,0,Randolph,2022-06-20
4,23,11,12,0,Randolph,2022-07-03
4,18,11,7,0,Randolph,2022-07-09
4,22,11,11,0,Randolph,2022-09-18
4,32,13,19,0,Randolph,2022-07-01
4,27,13,14,0,Randolph,2022-10-03
4,34,14,20,0,Randolph,2022-06-07
4,37,16,21,0,Randolph,2022-06-16
4,26,17,9,0,Randolph,2022-06-25
4,33,17,16,0,Randolph,2022-07-23
4,22,18,4,0,Randolph,2022-10-12
4,34,21,13,0,Randolph,2022-09-01
4,42,24,18,0,Randolph,2022-07-07
4,44,24,20,0,Randolph,2022-08-05
4,18,0,18,0,Richmond,2022-07-09
4,17,2,15,0,Richmond,2022-09-20
4,9,3,6,0,Richmond,2022-09-10
4,15,5,10,0,Richmond,2022-09-06
4,13,6,7,0,Richmond,2022-09-14
4,23,8,15,0,Richmond,2022-07-13
4,43,11,32,0,Richmond,2022-07-19
4,29,12,17,0,Richmond,2022-07-12
4,20,12,8,0,Richmond,2022-09-13
4,38,16,22,0,Richmond,2022-07-26
4,11,3,8,0,Robeson,2022-10-06
4,17,6,11,0,Robeson,2022-10-11
4,25,7,18,0,Robeson,2022-10-03
4,20,8,12,0,Robeson,2022-10-04
4,19,8,11,0,Robeson,2022-10-14
4,26,11,15,0,Robeson,2022-05-04
4,22,13,9,0,Robeson,2022-05-03
4,17,13,4,0,Robeson,2022-10-20
4,23,15,8,0,Robeson,2022-05-29
4,31,16,15,0,Robeson,2022-07-30
4,33,19,14,0,Robeson,2022-06-19
4,27,21,6,0,Robeson,2022-07-04
4,18,1,17,0,Rockingham,2022-05-05
4,21,1,20,0,Rockingham,2022-09-04
4,17,1,16,0,Rockingham,2022-09-15
4,29,2,27,0,Rockingham,2022-07-05
4,17,3,14,0,Rockingham,2022-06-23
4,21,3,18,0,Rockingham,2022-08-18
4,18,3,15,0,Rockingham,2022-09-18
4,18,3,15,0,Rockingham,2022-09-24
4,35,4,31,0,Rockingham,2022-05-31
4,28,4,24,0,Rockingham,2022-09-13
4,20,4,16,0,Rockingham,2022-10-10
4,9,5,4,0,Rockingham,2022-05-27
4,27,5,22,0,Rockingham,2022-06-21
4,25,5,20,0,Rockingham,2022-08-31
4,20,6,14,0,Rockingham,2022-05-09
4,43,6,37,0,Rockingham,2022-07-19
4,12,6,6,0,Rockingham,2022-10-21
4,9,2,7,0,Rowan,2022-09-24
4,12,4,8,0,Rowan,2022-09-16
4,35,5,30,0,Rowan,2022-06-16
4,18,6,12,0,Rowan,2022-06-25
4,24,7,17,0,Rowan,2022-06-05
4,21,7,14,0,Rowan,2022-07-30
4,17,7,10,0,Rowan,2022-10-10
4,23,8,15,0,Rowan,2022-05-05
4,32,8,24,0,Rowan,2022-05-13
4,43,9,34,0,Rowan,2022-05-19
4,22,12,10,0,Rowan,2022-10-08
4,19,1,18,0,Rutherford,2022-06-17
4,16,1,15,0,Rutherford,2022-06-28
4,16,2,14,0,Rutherford,2022-06-07
4,17,2,15,0,Rutherford,2022-08-14
4,10,2,8,0,Rutherford,2022-09-08
4,16,3,13,0,Rutherford,2022-09-14
4,17,3,14,0,Rutherford,2022-09-20
4,11,4,7,0,Rutherford,2022-10-09
4,16,5,11,0,Rutherford,2022-06-01
4,22,5,17,0,Rutherford,2022-06-02
4,29,5,24,0,Rutherford,2022-07-23
4,19,5,14,0,Rutherford,2022-09-13
4,31,6,25,0,Rutherford,2022-07-08
4,23,6,17,0,Rutherford,2022-07-12
4,13,7,6,0,Rutherford,2022-08-13
4,12,5,7,0,Sampson,2022-09-18
4,16,8,8,0,Sampson,2022-05-25
4,12,8,4,0,Sampson,2022-09-29
4,22,10,12,0,Sampson,2022-08-16
4,15,11,4,0,Sampson,2022-07-17
4,28,11,17,0,Sampson,2022-08-11
4,18,12,6,0,Sampson,2022-05-24
4,23,12,11,0,Sampson,2022-06-01
4,20,13,7,0,Sampson,2022-08-06
4,32,17,15,0,Sampson,2022-09-12
4,45,25,20,0,Sampson,2022-08-04
4,15,3,12,0,Scotland,2022-07-07
4,11,6,5,0,Scotland,2022-09-23
4,14,7,7,0,Scotland,2022-06-14
4,12,7,5,0,Scotland,2022-08-12
4,11,7,4,0,Scotland,2022-09-28
4,21,8,13,0,Scotland,2022-05-25
4,13,8,5,0,Scotland,2022-05-31
4,19,8,11,0,Scotland,2022-06-20
4,13,8,5,0,Scotland,2022-08-31
4,13,10,3,0,Scotland,2022-08-06
4,18,13,5,0,Scotland,2022-08-11
4,8,0,8,0,Stanly,2022-07-09
4,30,0,30,0,Stanly,2022-07-24
4,5,0,5,0,Stanly,2022-10-02
4,27,1,26,0,Stanly,2022-06-20
4,12,1,11,0,Stanly,2022-06-25
4,18,1,17,0,Stanly,2022-06-27
4,18,1,17,0,Stanly,2022-07-01
4,13,1,12,0,Stanly,2022-08-07
4,24,1,23,0,Stanly,2022-08-22
4,10,1,9,0,Stanly,2022-09-23
4,22,2,20,0,Stanly,2022-05-20
4,19,2,17,0,Stanly,2022-06-07
4,23,2,21,0,Stanly,2022-07-12
4,12,2,10,0,Stanly,2022-08-20
4,19,2,17,0,Stanly,2022-09-27
4,16,3,13,0,Stanly,2022-08-23
4,17,3,14,0,Stanly,2022-09-26
4,16,3,13,0,Stanly,2022-09-29
4,27,4,23,0,Stanly,2022-08-09
4,17,2,15,0,Stokes,2022-05-27
4,14,2,12,0,Stokes,2022-07-02
4,19,2,17,0,Stokes,2022-09-07
4,13,2,11,0,Stokes,2022-10-12
4,24,3,21,0,Stokes,2022-08-09
4,25,4,21,0,Stokes,2022-05-18
4,19,4,15,0,Stokes,2022-06-17
4,12,4,8,0,Stokes,2022-07-06
4,12,4,8,0,Stokes,2022-09-11
4,20,5,15,0,Stokes,2022-05-17
4,12,5,7,0,Stokes,2022-06-22
4,23,7,16,0,Stokes,2022-08-05
4,20,9,11,0,Stokes,2022-09-14
4,23,11,12,0,Stokes,2022-07-23
4,28,11,17,0,Stokes,2022-08-31
4,38,20,18,0,Stokes,2022-07-28
4,18,3,15,0,Surry,2022-09-16
4,15,4,11,0,Surry,2022-06-18
4,30,6,24,0,Surry,2022-08-20
4,28,6,22,0,Surry,2022-08-27
4,24,6,18,0,Surry,2022-09-09
4,18,6,12,0,Surry,2022-09-21
4,31,7,24,0,Surry,2022-07-23
4,21,9,12,0,Surry,2022-05-25
4,38,10,28,0,Surry,2022-06-01
4,40,13,27,0,Surry,2022-07-27
4,39,16,23,0,Surry,2022-09-02
4,52,19,33,0,Surry,2022-08-31
4,18,2,16,0,Swain,2022-08-01
4,6,1,5,0,Transylvania,2022-07-31
4,16,15,1,0,Transylvania,2022-09-11
4,53,3,50,0,Union,2022-06-26
4,15,3,12,0,Union,2022-10-15
4,21,3,18,0,Union,2022-10-19
4,29,6,23,0,Union,2022-10-13
4,66,11,55,0,Union,2022-06-24
4,20,1,19,0,Vance,2022-06-08
4,8,2,6,0,Vance,2022-09-28
4,12,2,10,0,Vance,2022-10-24
4,14,3,11,0,Vance,2022-07-03
4,16,5,11,0,Vance,2022-09-12
4,32,6,26,0,Vance,2022-06-07
4,26,6,20,0,Vance,2022-07-26
4,22,6,16,0,Vance,2022-08-17
4,34,8,26,0,Vance,2022-07-27
4,34,9,25,0,Vance,2022-07-28
4,31,10,21,0,Vance,2022-06-06
4,38,11,27,0,Vance,2022-07-14
4,25,12,13,0,Vance,2022-08-24
4,30,13,17,0,Vance,2022-07-07
4,14,2,12,0,Warren,2022-08-11
4,10,3,7,0,Warren,2022-09-14
4,15,4,11,0,Warren,2022-07-05
4,12,1,11,0,Washington,2022-07-27
4,7,1,6,0,Washington,2022-08-04
4,8,1,7,0,Washington,2022-08-26
4,14,2,12,0,Washington,2022-09-06
4,8,4,4,0,Washington,2022-08-29
4,6,5,1,0,Washington,2022-06-27
4,15,4,11,0,Watauga,2022-08-05
4,26,5,21,0,Watauga,2022-08-02
4,13,5,8,0,Watauga,2022-08-19
4,18,7,11,0,Watauga,2022-05-19
4,22,7,15,0,Watauga,2022-06-07
4,19,7,12,0,Watauga,2022-08-01
4,20,12,8,0,Watauga,2022-06-03
4,10,2,8,0,Wayne,2022-06-12
4,19,9,10,0,Wayne,2022-07-02
4,15,9,6,0,Wayne,2022-10-21
4,17,11,6,0,Wayne,2022-10-13
4,20,14,6,0,Wayne,2022-10-06
4,28,15,13,0,Wayne,2022-06-10
4,22,17,5,0,Wayne,2022-10-19
4,31,18,13,0,Wayne,2022-10-25
4,11,2,9,0,Wilkes,2022-09-23
4,10,3,7,0,Wilkes,2022-09-25
4,11,4,7,0,Wilkes,2022-10-05
4,15,5,10,0,Wilkes,2022-08-14
4,16,6,10,0,Wilkes,2022-07-03
4,17,6,11,0,Wilkes,2022-09-16
4,18,7,11,0,Wilkes,2022-09-11
4,18,10,8,0,Wilkes,2022-09-26
4,18,11,7,0,Wilkes,2022-06-16
4,23,13,10,0,Wilkes,2022-05-18
4,20,13,7,0,Wilkes,2022-05-30
4,25,13,12,0,Wilkes,2022-07-31
4,18,14,4,0,Wilkes,2022-06-04
4,21,14,7,0,Wilkes,2022-07-05
4,20,14,6,0,Wilkes,2022-07-11
4,23,16,7,0,Wilkes,2022-06-01
4,25,17,8,0,Wilkes,2022-09-14
4,41,21,20,0,Wilkes,2022-08-03
4,35,24,11,0,Wilkes,2022-06-29
4,13,5,8,0,Wilson,2022-05-03
4,24,5,19,0,Wilson,2022-08-05
4,13,5,8,0,Wilson,2022-08-27
4,17,6,11,0,Wilson,2022-07-10
4,24,7,17,0,Wilson,2022-07-16
4,20,8,12,0,Wilson,2022-08-07
4,27,10,17,0,Wilson,2022-07-30
4,20,10,10,0,Wilson,2022-08-06
4,27,10,17,0,Wilson,2022-09-14
4,31,11,20,0,Wilson,2022-06-16
4,23,11,12,0,Wilson,2022-09-06
4,21,3,18,0,Yadkin,2022-08-19
4,18,4,14,0,Yadkin,2022-08-14
4,23,5,18,0,Yadkin,2022-08-17
4,23,6,17,0,Yadkin,2022-06-13
4,24,6,18,0,Yadkin,2022-08-30
4,24,7,17,0,Yadkin,2022-06-07
4,17,7,10,0,Yadkin,2022-06-20
4,19,7,12,0,Yadkin,2022-09-15
4,21,9,12,0,Yadkin,2022-09-20
4,16,10,6,0,Yadkin,2022-05-30
4,22,10,12,0,Yadkin,2022-06-01
4,27,10,17,0,Yadkin,2022-06-14
4,25,13,12,0,Yadkin,2022-07-20
4,33,17,16,0,Yadkin,2022-07-19
5,27,1,26,0,Alamance,2022-09-10
5,60,2,58,0,Alamance,2022-07-01
5,25,3,22,0,Alamance,2022-09-17
5,22,3,19,0,Alamance,2022-10-26
5,48,5,43,0,Alamance,2022-07-30
5,29,6,23,0,Alamance,2022-06-26
5,31,7,24,0,Alamance,2022-05-07
5,58,8,50,0,Alamance,2022-08-26
5,48,9,39,0,Alamance,2022-09-03
5,64,10,54,0,Alamance,2022-05-04
5,38,10,28,0,Alamance,2022-05-15
5,88,16,72,0,Alamance,2022-05-24
5,71,19,52,0,Alamance,2022-06-07
5,9,3,6,0,Alexander,2022-07-06
5,11,3,8,0,Alexander,2022-08-17
5,15,3,12,0,Alexander,2022-09-16
5,17,4,13,0,Alexander,2022-09-14
5,9,8,1,0,Alleghany,2022-08-05
5,7,0,7,0,Anson,2022-08-03
5,17,3,14,0,Anson,2022-06-27
5,17,4,13,0,Anson,2022-07-28
5,32,6,26,0,Anson,2022-07-25
5,25,3,22,0,Avery,2022-08-01
5,17,1,16,0,Beaufort,2022-06-30
5,18,1,17,0,Beaufort,2022-08-23
5,14,1,13,0,Beaufort,2022-09-09
5,20,2,18,0,Beaufort,2022-06-24
5,10,2,8,0,Beaufort,2022-10-26
5,18,3,15,0,Beaufort,2022-06-08
5,12,3,9,0,Beaufort,2022-09-24
5,10,3,7,0,Beaufort,2022-10-06
5,22,4,18,0,Beaufort,2022-10-03
5,20,5,15,0,Beaufort,2022-06-27
5,14,5,9,0,Beaufort,2022-07-31
5,26,6,20,0,Beaufort,2022-07-28
5,20,7,13,0,Beaufort,2022-08-03
5,29,8,21,0,Beaufort,2022-08-05
5,27,11,16,0,Beaufort,2022-09-06
5,22,13,9,0,Beaufort,2022-09-12
5,15,6,9,0,Bertie,2022-08-10
5,20,1,19,0,Bladen,2022-06-07
5,23,2,21,0,Bladen,2022-07-22
5,9,5,4,0,Bladen,2022-05-05
5,20,8,12,0,Bladen,2022-09-06
5,51,7,44,0,Brunswick,2022-08-10
5,63,8,55,0,Brunswick,2022-06-20
5,28,8,20,0,Brunswick,2022-09-10
5,44,8,36,0,Brunswick,2022-09-19
5,38,9,29,0,Brunswick,2022-08-09
5,56,13,43,0,Brunswick,2022-06-15
5,89,19,70,0,Brunswick,2022-07-07
5,31,6,25,0,Buncombe,2022-09-10
5,42,12,30,0,Buncombe,2022-10-28
5,41,15,26,0,Buncombe,2022-07-09
5,50,17,33,0,Buncombe,2022-09-01
5,42,18,24,0,Buncombe,2022-09-16
5,59,25,34,0,Buncombe,2022-06-12
5,72,25,47,0,Buncombe,2022-06-17
5,108,47,61,0,Buncombe,2022-06-08
5,23,0,23,0,Burke,2022-07-10
5,34,0,34,0,Burke,2022-07-30
5,24,3,21,0,Burke,2022-06-13
5,20,3,17,0,Burke,2022-07-07
5,21,5,16,0,Burke,2022-06-24
5,43,5,38,0,Burke,2022-07-14
5,36,5,31,0,Burke,2022-08-24
5,28,5,23,0,Burke,2022-09-02
5,62,6,56,0,Burke,2022-08-09
5,42,7,35,0,Burke,2022-07-19
5,47,7,40,0,Burke,2022-08-12
5,54,9,45,0,Burke,2022-09-19
5,46,11,35,0,Burke,2022-07-27
5,51,11,40,0,Burke,2022-07-28
5,60,12,48,0,Burke,2022-07-18
5,28,1,27,0,Cabarrus,2022-10-28
5,27,3,24,0,Cabarrus,2022-10-24
5,28,7,21,0,Cabarrus,2022-09-05
5,30,8,22,0,Cabarrus,2022-09-25
5,51,9,42,0,Cabarrus,2022-08-13
5,40,11,29,0,Cabarrus,2022-08-06
5,72,13,59,0,Cabarrus,2022-05-20
5,65,14,51,0,Cabarrus,2022-05-26
5,68,15,53,0,Cabarrus,2022-06-14
5,57,15,42,0,Cabarrus,2022-08-07
5,99,26,73,0,Cabarrus,2022-05-23
5,21,3,18,0,Caldwell,2022-05-19
5,19,3,16,0,Caldwell,2022-06-24
5,38,3,35,0,Caldwell,2022-08-20
5,21,4,17,0,Caldwell,2022-10-04
5,25,5,20,0,Caldwell,2022-05-31
5,49,5,44,0,Caldwell,2022-08-17
5,40,12,28,0,Caldwell,2022-08-23
5,24,5,19,0,Carteret,2022-06-17
5,29,10,19,0,Carteret,2022-08-15
5,17,13,4,0,Carteret,2022-09-15
5,28,15,13,0,Carteret,2022-08-03
5,38,17,21,0,Carteret,2022-07-01
5,25,4,21,0,Catawba,2022-08-27
5,27,7,20,0,Catawba,2022-05-15
5,29,7,22,0,Catawba,2022-07-17
5,30,8,22,0,Catawba,2022-10-05
5,21,11,10,0,Catawba,2022-10-28
5,25,12,13,0,Catawba,2022-09-24
5,56,15,41,0,Catawba,2022-08-17
5,37,18,19,0,Catawba,2022-09-27
5,47,19,28,0,Catawba,2022-09-05
5,54,21,33,0,Catawba,2022-06-01
5,43,27,16,0,Catawba,2022-05-20
5,31,3,28,0,Chatham,2022-07-28
5,10,3,7,0,Chatham,2022-09-03
5,38,4,34,0,Chatham,2022-07-06
5,32,6,26,0,Chatham,2022-07-19
5,23,7,16,0,Chatham,2022-07-29
5,21,7,14,0,Chatham,2022-09-13
5,23,8,15,0,Chatham,2022-09-21
5,26,8,18,0,Chatham,2022-09-22
5,14,3,11,0,Cherokee,2022-08-29
5,31,6,25,0,Cherokee,2022-07-26
5,10,0,10,0,Chowan,2022-07-25
5,7,1,6,0,Chowan,2022-09-06
5,22,0,22,0,Cleveland,2022-08-28
5,26,3,23,0,Cleveland,2022-06-15
5,27,3,24,0,Cleveland,2022-07-08
5,31,3,28,0,Cleveland,2022-09-15
5,35,4,31,0,Cleveland,2022-09-02
5,9,4,5,0,Cleveland,2022-10-18
5,26,5,21,0,Cleveland,2022-09-09
5,17,5,12,0,Cleveland,2022-09-19
5,21,7,14,0,Cleveland,2022-05-26
5,18,2,16,0,Columbus,2022-07-23
5,11,3,8,0,Columbus,2022-09-16
5,13,5,8,0,Columbus,2022-08-23
5,22,6,16,0,Columbus,2022-05-17
5,23,7,16,0,Columbus,2022-07-01
5,28,8,20,0,Columbus,2022-07-22
5,21,8,13,0,Columbus,2022-09-08
5,28,11,17,0,Columbus,2022-07-06
5,21,11,10,0,Columbus,2022-08-18
5,28,11,17,0,Columbus,2022-09-13
5,16,13,3,0,Columbus,2022-07-16
5,19,13,6,0,Columbus,2022-08-17
5,22,14,8,0,Columbus,2022-08-04
5,27,16,11,0,Columbus,2022-09-12
5,29,9,20,0,Craven,2022-08-18
5,30,12,18,0,Craven,2022-07-10
5,40,13,27,0,Craven,2022-06-30
5,35,14,21,0,Craven,2022-09-21
5,45,15,30,0,Craven,2022-06-13
5,49,16,33,0,Craven,2022-06-28
5,56,18,38,0,Craven,2022-05-16
5,54,19,35,0,Craven,2022-06-29
5,50,20,30,0,Craven,2022-06-07
5,38,20,18,0,Craven,2022-07-15
5,38,23,15,0,Craven,2022-09-12
5,53,27,26,0,Craven,2022-05-25
5,58,29,29,0,Craven,2022-05-26
5,55,31,24,0,Craven,2022-05-24
5,23,3,20,0,Cumberland,2022-10-29
5,50,7,43,0,Cumberland,2022-10-04
5,64,12,52,0,Cumberland,2022-06-12
5,88,14,74,0,Cumberland,2022-07-10
5,64,15,49,0,Cumberland,2022-05-21
5,65,16,49,0,Cumberland,2022-06-26
5,65,16,49,0,Cumberland,2022-09-04
5,61,18,43,0,Cumberland,2022-08-21
5,12,7,5,0,Currituck,2022-10-19
5,19,0,19,0,Dare,2022-05-25
5,14,0,14,0,Dare,2022-07-29
5,11,1,10,0,Davidson,2022-10-28
5,31,3,28,0,Davidson,2022-09-03
5,33,4,29,0,Davidson,2022-09-05
5,19,4,15,0,Davidson,2022-09-25
5,18,7,11,0,Davidson,2022-10-21
5,47,8,39,0,Davidson,2022-06-15
5,28,9,19,0,Davidson,2022-05-05
5,44,9,35,0,Davidson,2022-06-03
5,49,9,40,0,Davidson,2022-07-24
5,51,10,41,0,Davidson,2022-06-21
5,48,11,37,0,Davidson,2022-08-12
5,32,11,21,0,Davidson,2022-09-23
5,34,11,23,0,Davidson,2022-10-10
5,49,12,37,0,Davidson,2022-06-16
5,47,12,35,0,Davidson,2022-08-07
5,19,3,16,0,Davie,2022-07-01
5,23,5,18,0,Davie,2022-08-10
5,21,6,15,0,Davie,2022-09-26
5,26,7,19,0,Davie,2022-07-19
5,25,10,15,0,Davie,2022-05-09
5,24,10,14,0,Davie,2022-06-13
5,26,11,15,0,Davie,2022-07-11
5,25,12,13,0,Davie,2022-08-03
5,16,6,10,0,Duplin,2022-08-26
5,23,9,14,0,Duplin,2022-08-10
5,11,10,1,0,Duplin,2022-09-13
5,35,15,20,0,Duplin,2022-07-29
5,36,17,19,0,Duplin,2022-08-11
5,33,19,14,0,Duplin,2022-06-28
5,57,2,55,0,Durham,2022-10-04
5,81,3,78,0,Durham,2022-09-02
5,103,5,98,0,Durham,2022-07-16
5,101,7,94,0,Durham,2022-06-25
5,83,8,75,0,Durham,2022-07-10
5,131,11,120,0,Durham,2022-06-04
5,11,0,11,0,Edgecombe,2022-05-13
5,23,0,23,0,Edgecombe,2022-07-09
5,21,1,20,0,Edgecombe,2022-08-16
5,12,2,10,0,Edgecombe,2022-09-17
5,14,3,11,0,Edgecombe,2022-05-27
5,20,3,17,0,Edgecombe,2022-07-26
5,21,5,16,0,Edgecombe,2022-09-13
5,20,6,14,0,Edgecombe,2022-07-23
5,32,4,28,0,Forsyth,2022-10-16
5,50,7,43,0,Forsyth,2022-06-19
5,92,8,84,0,Forsyth,2022-08-28
5,71,12,59,0,Forsyth,2022-06-04
5,28,0,28,0,Franklin,2022-06-17
5,16,1,15,0,Franklin,2022-09-16
5,25,2,23,0,Franklin,2022-05-13
5,27,2,25,0,Franklin,2022-08-08
5,34,2,32,0,Franklin,2022-08-11
5,16,2,14,0,Franklin,2022-10-04
5,49,4,45,0,Franklin,2022-05-10
5,20,4,16,0,Franklin,2022-07-16
5,14,4,10,0,Franklin,2022-09-02
5,44,5,39,0,Franklin,2022-06-29
5,19,5,14,0,Franklin,2022-08-07
5,28,5,23,0,Franklin,2022-08-10
5,37,6,31,0,Franklin,2022-05-19
5,37,6,31,0,Franklin,2022-06-13
5,42,7,35,0,Franklin,2022-06-21
5,37,7,30,0,Franklin,2022-07-25
5,26,8,18,0,Franklin,2022-08-23
5,38,8,30,0,Franklin,2022-08-29
5,35,9,26,0,Franklin,2022-07-01
5,12,0,12,0,Gaston,2022-10-29
5,39,2,37,0,Gaston,2022-05-15
5,38,2,36,0,Gaston,2022-06-05
5,43,3,40,0,Gaston,2022-05-22
5,47,3,44,0,Gaston,2022-06-11
5,26,3,23,0,Gaston,2022-09-10
5,19,3,16,0,Gaston,2022-10-03
5,34,3,31,0,Gaston,2022-10-24
5,39,5,34,0,Gaston,2022-05-05
5,43,6,37,0,Gaston,2022-05-21
5,33,6,27,0,Gaston,2022-10-25
5,60,9,51,0,Gaston,2022-05-12
5,45,10,35,0,Gaston,2022-09-21
5,23,2,21,0,Granville,2022-08-29
5,14,2,12,0,Granville,2022-09-21
5,28,4,24,0,Granville,2022-08-17
5,31,6,25,0,Granville,2022-06-16
5,29,7,22,0,Granville,2022-06-22
5,25,7,18,0,Granville,2022-09-19
5,32,8,24,0,Granville,2022-06-27
5,45,8,37,0,Granville,2022-07-11
5,29,9,20,0,Granville,2022-07-12
5,36,13,23,0,Granville,2022-05-16
5,36,16,20,0,Granville,2022-07-27
5,53,23,30,0,Granville,2022-07-05
5,23,2,21,0,Greene,2022-07-18
5,9,2,7,0,Greene,2022-08-18
5,16,3,13,0,Greene,2022-07-05
5,37,9,28,0,Guilford,2022-10-09
5,66,11,55,0,Guilford,2022-09-24
5,12,0,12,0,Halifax,2022-10-14
5,24,1,23,0,Halifax,2022-06-24
5,30,3,27,0,Halifax,2022-09-08
5,16,3,13,0,Halifax,2022-10-11
5,18,3,15,0,Halifax,2022-10-24
5,12,4,8,0,Halifax,2022-05-04
5,12,4,8,0,Halifax,2022-10-03
5,28,5,23,0,Halifax,2022-06-29
5,42,5,37,0,Halifax,2022-08-01
5,17,5,12,0,Halifax,2022-09-28
5,27,6,21,0,Halifax,2022-05-23
5,23,6,17,0,Halifax,2022-06-14
5,30,6,24,0,Halifax,2022-06-17
5,28,6,22,0,Halifax,2022-06-27
5,28,6,22,0,Halifax,2022-07-13
5,22,7,15,0,Halifax,2022-05-25
5,29,7,22,0,Halifax,2022-08-19
5,26,8,18,0,Halifax,2022-08-23
5,33,8,25,0,Halifax,2022-09-06
5,29,11,18,0,Halifax,2022-07-07
5,19,1,18,0,Harnett,2022-09-29
5,30,4,26,0,Harnett,2022-06-12
5,55,4,51,0,Harnett,2022-08-02
5,27,6,21,0,Harnett,2022-07-17
5,32,6,26,0,Harnett,2022-08-28
5,55,7,48,0,Harnett,2022-05-18
5,34,7,27,0,Harnett,2022-09-27
5,24,8,16,0,Harnett,2022-05-05
5,32,8,24,0,Harnett,2022-05-06
5,47,9,38,0,Harnett,2022-07-28
5,35,9,26,0,Harnett,2022-08-31
5,31,9,22,0,Harnett,2022-09-28
5,31,10,21,0,Harnett,2022-06-16
5,36,10,26,0,Harnett,2022-06-22
5,50,11,39,0,Harnett,2022-07-15
5,57,13,44,0,Harnett,2022-05-16
5,52,15,37,0,Harnett,2022-06-06
5,17,12,5,0,Haywood,2022-10-11
5,29,14,15,0,Haywood,2022-09-06
5,22,14,8,0,Haywood,2022-09-07
5,22,15,7,0,Haywood,2022-07-30
5,25,15,10,0,Haywood,2022-09-12
5,22,16,6,0,Haywood,2022-07-07
5,22,19,3,0,Haywood,2022-09-13
5,33,20,13,0,Haywood,2022-08-30
5,39,23,16,0,Haywood,2022-07-25
5,33,7,26,0,Henderson,2022-08-10
5,23,9,14,0,Henderson,2022-09-26
5,27,9,18,0,Henderson,2022-10-12
5,38,11,27,0,Henderson,2022-05-23
5,38,12,26,0,Henderson,2022-09-13
5,35,13,22,0,Henderson,2022-06-24
5,34,13,21,0,Henderson,2022-09-07
5,30,13,17,0,Henderson,2022-10-06
5,29,14,15,0,Henderson,2022-08-27
5,38,16,22,0,Henderson,2022-06-06
5,39,18,21,0,Henderson,2022-09-06
5,17,2,15,0,Hertford,2022-07-21
5,22,5,17,0,Hertford,2022-08-08
5,24,6,18,0,Hertford,2022-07-11
5,11,2,9,0,Hoke,2022-10-24
5,22,5,17,0,Hoke,2022-05-26
5,19,5,14,0,Hoke,2022-06-25
5,23,7,16,0,Hoke,2022-08-30
5,29,8,21,0,Hoke,2022-07-15
5,36,8,28,0,Hoke,2022-07-26
5,15,3,12,0,Iredell,2022-10-21
5,42,9,33,0,Iredell,2022-07-09
5,48,10,38,0,Iredell,2022-06-05
5,54,11,43,0,Iredell,2022-05-27
5,35,13,22,0,Iredell,2022-09-10
5,26,14,12,0,Iredell,2022-10-26
5,44,16,28,0,Iredell,2022-05-29
5,46,16,30,0,Iredell,2022-06-19
5,56,16,40,0,Iredell,2022-08-12
5,40,16,24,0,Iredell,2022-09-27
5,42,20,22,0,Iredell,2022-05-04
5,61,33,28,0,Iredell,2022-05-26
5,12,4,8,0,Jackson,2022-07-07
5,14,4,10,0,Jackson,2022-07-31
5,22,3,19,0,Johnston,2022-10-02
5,23,3,20,0,Johnston,2022-10-17
5,17,4,13,0,Johnston,2022-10-15
5,19,6,13,0,Johnston,2022-10-25
5,46,7,39,0,Johnston,2022-08-14
5,39,8,31,0,Johnston,2022-06-25
5,44,9,35,0,Johnston,2022-06-11
5,50,10,40,0,Johnston,2022-05-15
5,68,10,58,0,Johnston,2022-07-17
5,70,13,57,0,Johnston,2022-06-07
5,8,6,2,0,Jones,2022-09-24
5,19,3,16,0,Lee,2022-09-28
5,28,4,24,0,Lee,2022-06-01
5,20,6,14,0,Lee,2022-09-07
5,13,7,6,0,Lee,2022-09-29
5,24,11,13,0,Lee,2022-08-11
5,14,5,9,0,Lenoir,2022-05-19
5,25,5,20,0,Lenoir,2022-06-21
5,24,5,19,0,Lenoir,2022-09-07
5,27,9,18,0,Lenoir,2022-08-05
5,20,11,9,0,Lenoir,2022-09-23
5,29,13,16,0,Lenoir,2022-06-16
5,44,14,30,0,Lenoir,2022-08-04
5,21,3,18,0,Lincoln,2022-05-13
5,27,3,24,0,Lincoln,2022-06-07
5,24,3,21,0,Lincoln,2022-08-12
5,23,6,17,0,Lincoln,2022-06-14
5,18,6,12,0,Lincoln,2022-06-15
5,14,6,8,0,Lincoln,2022-10-18
5,26,8,18,0,Lincoln,2022-05-11
5,41,8,33,0,Lincoln,2022-07-21
5,32,9,23,0,Lincoln,2022-07-08
5,30,9,21,0,Lincoln,2022-09-14
5,22,10,12,0,Lincoln,2022-09-22
5,23,11,12,0,Lincoln,2022-10-03
5,32,16,16,0,Lincoln,2022-08-15
5,18,8,10,0,Macon,2022-07-21
5,12,1,11,0,Martin,2022-08-17
5,10,8,2,0,Martin,2022-09-16
5,23,12,11,0,Martin,2022-07-18
5,20,1,19,0,McDowell,2022-07-27
5,18,1,17,0,McDowell,2022-08-14
5,14,2,12,0,McDowell,2022-07-24
5,24,2,22,0,McDowell,2022-08-29
5,19,5,14,0,McDowell,2022-07-09
5,31,9,22,0,McDowell,2022-07-25
5,32,12,20,0,McDowell,2022-07-08
5,12,8,4,0,Mitchell,2022-06-03
5,17,1,16,0,Montgomery,2022-09-06
5,15,3,12,0,Montgomery,2022-08-29
5,10,3,7,0,Montgomery,2022-09-16
5,31,6,25,0,Moore,2022-08-17
5,34,7,27,0,Moore,2022-06-24
5,29,8,21,0,Moore,2022-06-22
5,34,8,26,0,Moore,2022-07-28
5,17,8,9,0,Moore,2022-09-03
5,18,8,10,0,Moore,2022-10-27
5,29,9,20,0,Moore,2022-05-26
5,24,10,14,0,Moore,2022-09-04
5,19,10,9,0,Moore,2022-09-25
5,24,11,13,0,Moore,2022-05-13
5,26,12,14,0,Moore,2022-07-17
5,33,14,19,0,Moore,2022-09-16
5,40,15,25,0,Moore,2022-06-02
5,43,15,28,0,Moore,2022-06-28
5,28,15,13,0,Moore,2022-10-11
5,44,19,25,0,Moore,2022-05-12
5,59,40,19,0,Moore,2022-06-30
5,30,1,29,0,Nash,2022-08-12
5,13,2,11,0,Nash,2022-10-05
5,12,4,8,0,Nash,2022-10-04
5,52,6,46,0,Nash,2022-07-29
5,16,6,10,0,Nash,2022-09-14
5,28,7,21,0,Nash,2022-05-12
5,34,7,27,0,Nash,2022-08-24
5,24,8,16,0,Nash,2022-07-01
5,25,8,17,0,Nash,2022-09-16
5,24,8,16,0,Nash,2022-09-27
5,32,9,23,0,Nash,2022-08-16
5,32,11,21,0,Nash,2022-07-09
5,32,13,19,0,Nash,2022-05-23
5,44,16,28,0,Nash,2022-07-14
5,35,17,18,0,Nash,2022-08-19
5,36,6,30,0,New Hanover,2022-06-05
5,29,7,22,0,New Hanover,2022-10-03
5,38,8,30,0,New Hanover,2022-06-18
5,35,9,26,0,New Hanover,2022-09-05
5,22,9,13,0,New Hanover,2022-10-10
5,58,13,45,0,New Hanover,2022-06-09
5,86,14,72,0,New Hanover,2022-06-02
5,83,16,67,0,New Hanover,2022-06-01
5,92,19,73,0,New Hanover,2022-07-22
5,72,20,52,0,New Hanover,2022-05-23
5,46,20,26,0,New Hanover,2022-06-25
5,74,22,52,0,New Hanover,2022-07-09
5,12,3,9,0,Northampton,2022-07-26
5,13,5,8,0,Northampton,2022-07-25
5,27,1,26,0,Onslow,2022-08-27
5,18,1,17,0,Onslow,2022-09-29
5,25,2,23,0,Onslow,2022-10-11
5,18,2,16,0,Onslow,2022-10-24
5,23,3,20,0,Onslow,2022-08-28
5,11,3,8,0,Onslow,2022-10-20
5,34,4,30,0,Onslow,2022-06-26
5,39,4,35,0,Onslow,2022-07-09
5,42,4,38,0,Onslow,2022-09-16
5,32,6,26,0,Onslow,2022-05-22
5,42,6,36,0,Onslow,2022-09-21
5,41,7,34,0,Onslow,2022-05-05
5,66,7,59,0,Onslow,2022-05-26
5,48,12,36,0,Onslow,2022-07-16
5,39,2,37,0,Orange,2022-09-19
5,70,4,66,0,Orange,2022-06-22
5,56,4,52,0,Orange,2022-07-08
5,35,5,30,0,Orange,2022-09-15
5,63,6,57,0,Orange,2022-05-28
5,43,6,37,0,Orange,2022-06-05
5,47,6,41,0,Orange,2022-06-24
5,60,6,54,0,Orange,2022-06-29
5,57,7,50,0,Orange,2022-08-24
5,106,8,98,0,Orange,2022-05-09
5,84,8,76,0,Orange,2022-05-12
5,82,9,73,0,Orange,2022-06-27
5,149,13,136,0,Orange,2022-05-31
5,61,14,47,0,Orange,2022-05-14
5,113,17,96,0,Orange,2022-05-25
5,14,8,6,0,Pasquotank,2022-07-20
5,21,10,11,0,Pasquotank,2022-07-28
5,19,0,19,0,Pender,2022-08-11
5,16,2,14,0,Pender,2022-07-03
5,28,4,24,0,Pender,2022-07-06
5,24,4,20,0,Pender,2022-07-12
5,23,5,18,0,Pender,2022-06-21
5,26,8,18,0,Pender,2022-07-28
5,12,7,5,0,Perquimans,2022-07-21
5,15,2,13,0,Person,2022-08-02
5,18,5,13,0,Person,2022-08-26
5,17,5,12,0,Person,2022-08-31
5,33,7,26,0,Person,2022-07-22
5,30,10,20,0,Person,2022-07-05
5,37,1,36,0,Pitt,2022-05-05
5,41,1,40,0,Pitt,2022-05-22
5,38,2,36,0,Pitt,2022-05-04
5,23,2,21,0,Pitt,2022-05-14
5,22,3,19,0,Pitt,2022-10-11
5,29,5,24,0,Pitt,2022-05-06
5,28,6,22,0,Pitt,2022-10-04
5,22,6,16,0,Pitt,2022-10-13
5,34,8,26,0,Pitt,2022-09-29
5,27,8,19,0,Pitt,2022-10-12
5,51,9,42,0,Pitt,2022-07-09
5,63,13,50,0,Pitt,2022-05-10
5,10,6,4,0,Polk,2022-06-28
5,20,14,6,0,Polk,2022-06-30
5,13,3,10,0,Randolph,2022-10-25
5,33,8,25,0,Randolph,2022-06-08
5,20,8,12,0,Randolph,2022-08-27
5,27,13,14,0,Randolph,2022-08-26
5,35,13,22,0,Randolph,2022-09-14
5,45,19,26,0,Randolph,2022-06-27
5,39,20,19,0,Randolph,2022-07-30
5,45,21,24,0,Randolph,2022-07-31
5,41,25,16,0,Randolph,2022-06-13
5,62,27,35,0,Randolph,2022-08-02
5,14,0,14,0,Richmond,2022-05-27
5,18,1,17,0,Richmond,2022-08-19
5,15,3,12,0,Richmond,2022-08-09
5,24,6,18,0,Richmond,2022-05-31
5,23,6,17,0,Richmond,2022-08-03
5,23,7,16,0,Richmond,2022-07-08
5,17,8,9,0,Richmond,2022-06-14
5,27,8,19,0,Richmond,2022-07-29
5,35,12,23,0,Richmond,2022-07-14
5,32,13,19,0,Richmond,2022-07-28
5,18,6,12,0,Robeson,2022-09-17
5,24,11,13,0,Robeson,2022-05-06
5,26,12,14,0,Robeson,2022-05-15
5,28,13,15,0,Robeson,2022-06-04
5,28,13,15,0,Robeson,2022-09-04
5,25,14,11,0,Robeson,2022-06-25
5,22,17,5,0,Robeson,2022-09-29
5,29,18,11,0,Robeson,2022-05-30
5,38,20,18,0,Robeson,2022-05-12
5,39,20,19,0,Robeson,2022-08-26
5,33,23,10,0,Robeson,2022-05-05
5,25,2,23,0,Rockingham,2022-05-25
5,29,2,27,0,Rockingham,2022-06-28
5,19,4,15,0,Rockingham,2022-08-06
5,29,4,25,0,Rockingham,2022-08-23
5,30,5,25,0,Rockingham,2022-05-16
5,30,5,25,0,Rockingham,2022-05-17
5,25,7,18,0,Rockingham,2022-05-20
5,30,8,22,0,Rockingham,2022-09-26
5,31,11,20,0,Rockingham,2022-05-26
5,33,12,21,0,Rockingham,2022-07-06
5,23,0,23,0,Rowan,2022-09-04
5,32,4,28,0,Rowan,2022-09-14
5,40,5,35,0,Rowan,2022-06-15
5,20,5,15,0,Rowan,2022-10-14
5,17,6,11,0,Rowan,2022-09-15
5,28,8,20,0,Rowan,2022-06-10
5,50,9,41,0,Rowan,2022-05-26
5,41,9,32,0,Rowan,2022-09-02
5,26,11,15,0,Rowan,2022-05-30
5,28,11,17,0,Rowan,2022-10-03
5,25,1,24,0,Rutherford,2022-07-30
5,13,3,10,0,Rutherford,2022-05-17
5,21,3,18,0,Rutherford,2022-07-14
5,15,4,11,0,Rutherford,2022-06-14
5,26,4,22,0,Rutherford,2022-06-30
5,12,5,7,0,Rutherford,2022-10-06
5,25,6,19,0,Rutherford,2022-06-22
5,32,6,26,0,Rutherford,2022-08-01
5,21,6,15,0,Rutherford,2022-08-24
5,19,8,11,0,Rutherford,2022-09-19
5,13,3,10,0,Sampson,2022-10-26
5,24,14,10,0,Sampson,2022-07-16
5,21,14,7,0,Sampson,2022-09-07
5,30,16,14,0,Sampson,2022-09-08
5,33,17,16,0,Sampson,2022-06-07
5,34,20,14,0,Sampson,2022-08-29
5,38,22,16,0,Sampson,2022-08-08
5,40,29,11,0,Sampson,2022-07-07
5,11,6,5,0,Scotland,2022-09-08
5,11,9,2,0,Scotland,2022-09-15
5,23,13,10,0,Scotland,2022-07-26
5,20,13,7,0,Scotland,2022-07-31
5,15,13,2,0,Scotland,2022-09-09
5,33,14,19,0,Scotland,2022-07-25
5,24,17,7,0,Scotland,2022-07-27
5,27,23,4,0,Scotland,2022-08-02
5,18,0,18,0,Stanly,2022-08-18
5,21,1,20,0,Stanly,2022-06-29
5,22,1,21,0,Stanly,2022-07-11
5,17,1,16,0,Stanly,2022-08-13
5,12,1,11,0,Stanly,2022-10-10
5,22,2,20,0,Stanly,2022-06-28
5,22,2,20,0,Stanly,2022-09-02
5,17,3,14,0,Stanly,2022-10-06
5,21,4,17,0,Stanly,2022-08-12
5,26,4,22,0,Stanly,2022-08-30
5,15,4,11,0,Stanly,2022-09-03
5,22,5,17,0,Stanly,2022-06-30
5,20,5,15,0,Stanly,2022-08-26
5,27,6,21,0,Stanly,2022-07-14
5,25,7,18,0,Stanly,2022-06-08
5,17,2,15,0,Stokes,2022-07-12
5,16,4,12,0,Stokes,2022-09-27
5,9,4,5,0,Stokes,2022-10-14
5,23,6,17,0,Stokes,2022-08-19
5,16,6,10,0,Stokes,2022-08-30
5,23,6,17,0,Stokes,2022-09-13
5,21,8,13,0,Stokes,2022-07-07
5,31,8,23,0,Stokes,2022-07-26
5,27,8,19,0,Stokes,2022-07-29
5,30,12,18,0,Stokes,2022-08-04
5,32,17,15,0,Stokes,2022-09-12
5,20,2,18,0,Surry,2022-08-21
5,16,5,11,0,Surry,2022-09-20
5,15,7,8,0,Surry,2022-09-23
5,23,10,13,0,Surry,2022-06-02
5,41,13,28,0,Surry,2022-05-31
5,12,2,10,0,Transylvania,2022-09-02
5,26,9,17,0,Transylvania,2022-09-12
5,25,11,14,0,Transylvania,2022-08-15
5,44,2,42,0,Union,2022-06-18
5,24,2,22,0,Union,2022-10-02
5,30,3,27,0,Union,2022-10-12
5,31,3,28,0,Union,2022-10-27
5,38,6,32,0,Union,2022-06-11
5,32,8,24,0,Union,2022-10-06
5,63,9,54,0,Union,2022-06-17
5,54,10,44,0,Union,2022-05-05
5,50,12,38,0,Union,2022-09-10
5,33,13,20,0,Union,2022-10-20
5,14,4,10,0,Vance,2022-06-24
5,21,4,17,0,Vance,2022-06-27
5,28,5,23,0,Vance,2022-08-16
5,22,8,14,0,Vance,2022-05-20
5,33,8,25,0,Vance,2022-07-08
5,27,8,19,0,Vance,2022-08-25
5,19,9,10,0,Vance,2022-08-30
5,28,12,16,0,Vance,2022-07-13
5,15,1,14,0,Warren,2022-06-08
5,20,5,15,0,Warren,2022-07-14
5,11,2,9,0,Washington,2022-08-10
5,39,3,36,0,Watauga,2022-08-30
5,23,3,20,0,Watauga,2022-09-13
5,19,4,15,0,Watauga,2022-08-26
5,14,6,8,0,Watauga,2022-09-28
5,22,8,14,0,Watauga,2022-09-14
5,39,9,30,0,Watauga,2022-08-29
5,20,11,9,0,Wayne,2022-05-13
5,35,11,24,0,Wayne,2022-08-21
5,24,15,9,0,Wayne,2022-05-10
5,30,17,13,0,Wayne,2022-09-23
5,50,18,32,0,Wayne,2022-06-17
5,36,21,15,0,Wayne,2022-09-21
5,40,22,18,0,Wayne,2022-05-23
5,38,22,16,0,Wayne,2022-06-21
5,36,24,12,0,Wayne,2022-06-02
5,53,27,26,0,Wayne,2022-08-16
5,18,7,11,0,Wilkes,2022-08-06
5,23,10,13,0,Wilkes,2022-06-08
5,24,10,14,0,Wilkes,2022-08-07
5,22,11,11,0,Wilkes,2022-07-29
5,22,11,11,0,Wilkes,2022-09-22
5,33,13,20,0,Wilkes,2022-06-30
5,21,13,8,0,Wilkes,2022-07-30
5,29,14,15,0,Wilkes,2022-08-17
5,27,16,11,0,Wilkes,2022-07-20
5,28,16,12,0,Wilkes,2022-09-09
5,32,17,15,0,Wilkes,2022-07-01
5,29,19,10,0,Wilkes,2022-07-26
5,25,20,5,0,Wilkes,2022-06-26
5,39,20,19,0,Wilkes,2022-07-27
5,44,23,21,0,Wilkes,2022-08-01
5,15,2,13,0,Wilson,2022-08-14
5,16,5,11,0,Wilson,2022-07-09
5,23,6,17,0,Wilson,2022-06-30
5,25,8,17,0,Wilson,2022-06-02
5,19,8,11,0,Wilson,2022-09-09
5,19,8,11,0,Wilson,2022-09-22
5,29,10,19,0,Wilson,2022-08-30
5,16,10,6,0,Wilson,2022-09-04
5,28,12,16,0,Wilson,2022-07-07
5,20,14,6,0,Wilson,2022-10-04
5,28,16,12,0,Wilson,2022-05-11
5,52,18,34,0,Wilson,2022-08-10
5,42,21,21,0,Wilson,2022-06-13
5,14,1,13,0,Yadkin,2022-07-29
5,22,2,20,0,Yadkin,2022-07-31
5,13,4,9,0,Yadkin,2022-06-30
5,21,5,16,0,Yadkin,2022-08-07
5,13,6,7,0,Yadkin,2022-05-15
5,14,6,8,0,Yadkin,2022-07-11
5,21,6,15,0,Yadkin,2022-09-16
5,13,7,6,0,Yadkin,2022-07-08
5,19,8,11,0,Yadkin,2022-09-14
5,29,12,17,0,Yadkin,2022-07-21
5,9,5,4,0,Yancey,2022-06-05
5,11,7,4,0,Yancey,2022-07-08
6,34,4,30,0,Alamance,2022-09-23
6,32,4,28,0,Alamance,2022-10-05
6,37,9,28,0,Alamance,2022-05-30
6,43,9,34,0,Alamance,2022-07-16
6,55,10,45,0,Alamance,2022-06-16
6,69,12,57,0,Alamance,2022-05-20
6,16,5,11,0,Alexander,2022-06-29
6,28,5,23,0,Alexander,2022-07-27
6,11,6,5,0,Alexander,2022-09-27
6,23,7,16,0,Alexander,2022-08-08
6,24,1,23,0,Anson,2022-08-29
6,17,2,15,0,Anson,2022-07-21
6,21,4,17,0,Anson,2022-08-17
6,18,5,13,0,Avery,2022-07-25
6,9,4,5,0,Beaufort,2022-08-12
6,24,4,20,0,Beaufort,2022-09-26
6,21,4,17,0,Beaufort,2022-10-10
6,13,5,8,0,Beaufort,2022-06-16
6,19,3,16,0,Bladen,2022-08-02
6,19,5,14,0,Bladen,2022-05-23
6,42,5,37,0,Brunswick,2022-08-07
6,34,6,28,0,Brunswick,2022-08-12
6,42,7,35,0,Brunswick,2022-07-01
6,44,7,37,0,Brunswick,2022-08-17
6,36,7,29,0,Brunswick,2022-09-22
6,63,9,54,0,Brunswick,2022-06-16
6,31,9,22,0,Brunswick,2022-10-05
6,61,10,51,0,Brunswick,2022-06-14
6,69,13,56,0,Brunswick,2022-05-20
6,59,14,45,0,Brunswick,2022-06-29
6,24,10,14,0,Buncombe,2022-09-05
6,36,13,23,0,Buncombe,2022-10-25
6,66,18,48,0,Buncombe,2022-05-14
6,62,18,44,0,Buncombe,2022-09-13
6,53,21,32,0,Buncombe,2022-09-09
6,81,22,59,0,Buncombe,2022-08-15
6,70,23,47,0,Buncombe,2022-07-31
6,79,29,50,0,Buncombe,2022-05-27
6,95,29,66,0,Buncombe,2022-06-22
6,96,31,65,0,Buncombe,2022-06-03
6,97,37,60,0,Buncombe,2022-05-10
6,115,45,70,0,Buncombe,2022-05-20
6,37,3,34,0,Burke,2022-08-23
6,35,3,32,0,Burke,2022-08-31
6,33,4,29,0,Burke,2022-08-06
6,29,4,25,0,Burke,2022-09-03
6,52,5,47,0,Burke,2022-07-26
6,33,6,27,0,Burke,2022-08-16
6,29,6,23,0,Burke,2022-09-21
6,32,7,25,0,Burke,2022-09-18
6,32,8,24,0,Burke,2022-07-21
6,47,8,39,0,Burke,2022-09-14
6,36,10,26,0,Burke,2022-07-06
6,55,10,45,0,Burke,2022-08-17
6,31,4,27,0,Cabarrus,2022-08-28
6,31,5,26,0,Cabarrus,2022-09-17
6,37,6,31,0,Cabarrus,2022-09-15
6,43,7,36,0,Cabarrus,2022-06-18
6,47,9,38,0,Cabarrus,2022-05-06
6,69,9,60,0,Cabarrus,2022-06-22
6,39,9,30,0,Cabarrus,2022-09-21
6,79,11,68,0,Cabarrus,2022-06-10
6,67,12,55,0,Cabarrus,2022-09-13
6,75,13,62,0,Cabarrus,2022-05-09
6,23,2,21,0,Caldwell,2022-06-07
6,30,2,28,0,Caldwell,2022-06-14
6,28,2,26,0,Caldwell,2022-08-21
6,27,3,24,0,Caldwell,2022-06-13
6,35,3,32,0,Caldwell,2022-06-27
6,35,3,32,0,Caldwell,2022-07-01
6,31,3,28,0,Caldwell,2022-08-06
6,26,3,23,0,Caldwell,2022-08-14
6,31,5,26,0,Caldwell,2022-07-07
6,29,6,23,0,Caldwell,2022-06-16
6,32,6,26,0,Caldwell,2022-09-22
6,22,7,15,0,Caldwell,2022-10-03
6,40,9,31,0,Caldwell,2022-09-23
6,32,11,21,0,Carteret,2022-06-23
6,20,13,7,0,Carteret,2022-07-29
6,34,15,19,0,Carteret,2022-08-08
6,40,16,24,0,Carteret,2022-06-27
6,42,25,17,0,Carteret,2022-06-22
6,37,26,11,0,Carteret,2022-07-25
6,30,7,23,0,Catawba,2022-05-29
6,28,7,21,0,Catawba,2022-06-18
6,32,11,21,0,Catawba,2022-06-25
6,38,12,26,0,Catawba,2022-08-21
6,26,14,12,0,Catawba,2022-10-18
6,48,17,31,0,Catawba,2022-08-06
6,54,21,33,0,Catawba,2022-06-08
6,37,21,16,0,Catawba,2022-10-26
6,38,23,15,0,Catawba,2022-09-26
6,52,24,28,0,Catawba,2022-06-16
6,70,32,38,0,Catawba,2022-09-02
6,15,1,14,0,Chatham,2022-10-28
6,20,4,16,0,Chatham,2022-10-25
6,31,7,24,0,Chatham,2022-07-07
6,27,7,20,0,Chatham,2022-08-10
6,16,2,14,0,Cleveland,2022-09-21
6,21,3,18,0,Cleveland,2022-06-09
6,26,4,22,0,Cleveland,2022-06-26
6,31,4,27,0,Cleveland,2022-08-20
6,27,4,23,0,Cleveland,2022-08-21
6,34,7,27,0,Cleveland,2022-06-20
6,36,15,21,0,Cleveland,2022-05-31
6,18,8,10,0,Columbus,2022-08-29
6,20,11,9,0,Columbus,2022-06-19
6,16,11,5,0,Columbus,2022-08-10
6,13,11,2,0,Columbus,2022-08-25
6,29,13,16,0,Columbus,2022-07-21
6,27,16,11,0,Columbus,2022-07-14
6,32,22,10,0,Columbus,2022-08-15
6,33,25,8,0,Columbus,2022-07-26
6,42,26,16,0,Columbus,2022-08-01
6,24,7,17,0,Craven,2022-10-10
6,41,11,30,0,Craven,2022-08-17
6,44,12,32,0,Craven,2022-09-26
6,50,13,37,0,Craven,2022-08-15
6,32,14,18,0,Craven,2022-06-17
6,38,15,23,0,Craven,2022-07-16
6,43,16,27,0,Craven,2022-07-28
6,36,16,20,0,Craven,2022-08-30
6,34,16,18,0,Craven,2022-09-07
6,61,17,44,0,Craven,2022-06-02
6,35,17,18,0,Craven,2022-06-03
6,32,17,15,0,Craven,2022-09-13
6,78,21,57,0,Craven,2022-06-27
6,43,21,22,0,Craven,2022-09-06
6,53,22,31,0,Craven,2022-06-09
6,50,22,28,0,Craven,2022-06-14
6,69,23,46,0,Craven,2022-07-07
6,65,27,38,0,Craven,2022-05-31
6,62,27,35,0,Craven,2022-08-02
6,55,9,46,0,Cumberland,2022-06-05
6,50,10,40,0,Cumberland,2022-06-11
6,76,13,63,0,Cumberland,2022-08-19
6,61,16,45,0,Cumberland,2022-07-04
6,21,3,18,0,Davidson,2022-06-25
6,30,7,23,0,Davidson,2022-05-22
6,55,10,45,0,Davidson,2022-05-12
6,46,12,34,0,Davidson,2022-06-14
6,74,26,48,0,Davidson,2022-05-16
6,35,8,27,0,Davie,2022-05-31
6,28,11,17,0,Davie,2022-06-16
6,36,9,27,0,Duplin,2022-08-05
6,15,9,6,0,Duplin,2022-10-10
6,29,11,18,0,Duplin,2022-08-12
6,24,11,13,0,Duplin,2022-08-31
6,28,12,16,0,Duplin,2022-08-15
6,26,12,14,0,Duplin,2022-09-07
6,27,13,14,0,Duplin,2022-07-15
6,32,14,18,0,Duplin,2022-09-08
6,33,16,17,0,Duplin,2022-08-16
6,45,25,20,0,Duplin,2022-07-21
6,45,2,43,0,Durham,2022-09-24
6,32,2,30,0,Durham,2022-10-20
6,46,3,43,0,Durham,2022-10-07
6,39,3,36,0,Durham,2022-10-11
6,44,4,40,0,Durham,2022-07-04
6,66,4,62,0,Durham,2022-09-11
6,87,6,81,0,Durham,2022-05-21
6,84,9,75,0,Durham,2022-06-19
6,109,10,99,0,Durham,2022-05-22
6,27,2,25,0,Edgecombe,2022-06-01
6,19,2,17,0,Edgecombe,2022-06-30
6,27,2,25,0,Edgecombe,2022-08-10
6,28,2,26,0,Edgecombe,2022-08-31
6,18,3,15,0,Edgecombe,2022-06-14
6,23,4,19,0,Edgecombe,2022-09-09
6,43,5,38,0,Edgecombe,2022-08-01
6,17,6,11,0,Edgecombe,2022-06-13
6,26,7,19,0,Edgecombe,2022-08-09
6,26,10,16,0,Edgecombe,2022-06-27
6,50,3,47,0,Forsyth,2022-10-06
6,56,9,47,0,Forsyth,2022-05-30
6,57,1,56,0,Franklin,2022-05-18
6,19,1,18,0,Franklin,2022-08-06
6,57,2,55,0,Franklin,2022-05-24
6,29,2,27,0,Franklin,2022-08-31
6,26,3,23,0,Franklin,2022-06-24
6,22,3,19,0,Franklin,2022-08-25
6,30,4,26,0,Franklin,2022-06-28
6,31,4,27,0,Franklin,2022-09-09
6,19,5,14,0,Franklin,2022-08-16
6,42,6,36,0,Franklin,2022-06-30
6,32,6,26,0,Franklin,2022-07-26
6,37,7,30,0,Franklin,2022-05-16
6,33,9,24,0,Franklin,2022-07-07
6,19,3,16,0,Gaston,2022-10-02
6,17,3,14,0,Gaston,2022-10-22
6,60,6,54,0,Gaston,2022-05-13
6,42,7,35,0,Gaston,2022-09-28
6,34,8,26,0,Gaston,2022-10-28
6,59,13,46,0,Gaston,2022-05-27
6,56,14,42,0,Gaston,2022-05-20
6,19,4,15,0,Granville,2022-09-22
6,32,5,27,0,Granville,2022-07-18
6,28,7,21,0,Granville,2022-09-14
6,47,9,38,0,Granville,2022-07-07
6,43,10,33,0,Granville,2022-06-06
6,29,10,19,0,Granville,2022-08-11
6,14,1,13,0,Greene,2022-09-06
6,16,3,13,0,Greene,2022-06-27
6,49,10,39,0,Guilford,2022-10-20
6,81,12,69,0,Guilford,2022-10-13
6,88,14,74,0,Guilford,2022-05-08
6,70,19,51,0,Guilford,2022-10-11
6,63,20,43,0,Guilford,2022-07-04
6,22,2,20,0,Halifax,2022-06-21
6,22,3,19,0,Halifax,2022-05-24
6,23,3,20,0,Halifax,2022-08-26
6,21,3,18,0,Halifax,2022-10-04
6,30,4,26,0,Halifax,2022-07-15
6,26,5,21,0,Halifax,2022-06-28
6,33,6,27,0,Halifax,2022-07-14
6,27,6,21,0,Halifax,2022-08-25
6,18,7,11,0,Halifax,2022-08-07
6,43,10,33,0,Halifax,2022-08-22
6,26,1,25,0,Harnett,2022-06-18
6,15,2,13,0,Harnett,2022-10-06
6,38,5,33,0,Harnett,2022-06-03
6,31,5,26,0,Harnett,2022-06-17
6,30,5,25,0,Harnett,2022-07-09
6,29,7,22,0,Harnett,2022-08-12
6,32,8,24,0,Harnett,2022-07-02
6,35,8,27,0,Harnett,2022-08-17
6,29,8,21,0,Harnett,2022-08-26
6,26,9,17,0,Harnett,2022-05-03
6,46,9,37,0,Harnett,2022-05-27
6,42,10,32,0,Harnett,2022-08-25
6,35,10,25,0,Harnett,2022-09-23
6,59,12,47,0,Harnett,2022-05-23
6,51,13,38,0,Harnett,2022-05-20
6,21,10,11,0,Haywood,2022-08-26
6,20,12,8,0,Haywood,2022-10-08
6,27,13,14,0,Haywood,2022-06-29
6,28,20,8,0,Haywood,2022-08-19
6,26,4,22,0,Henderson,2022-09-09
6,16,5,11,0,Henderson,2022-05-05
6,27,7,20,0,Henderson,2022-05-11
6,37,10,27,0,Henderson,2022-08-16
6,36,10,26,0,Henderson,2022-09-15
6,36,11,25,0,Henderson,2022-09-08
6,36,13,23,0,Henderson,2022-06-29
6,28,13,15,0,Henderson,2022-10-17
6,27,14,13,0,Henderson,2022-07-10
6,47,14,33,0,Henderson,2022-08-05
6,32,15,17,0,Henderson,2022-06-20
6,59,16,43,0,Henderson,2022-08-04
6,11,5,6,0,Hertford,2022-09-06
6,18,4,14,0,Hoke,2022-08-11
6,15,5,10,0,Hoke,2022-09-11
6,30,8,22,0,Hoke,2022-06-14
6,27,9,18,0,Hoke,2022-08-04
6,22,5,17,0,Iredell,2022-10-28
6,22,9,13,0,Iredell,2022-10-18
6,21,10,11,0,Iredell,2022-10-16
6,40,12,28,0,Iredell,2022-06-24
6,41,12,29,0,Iredell,2022-07-30
6,42,14,28,0,Iredell,2022-09-28
6,34,16,18,0,Iredell,2022-06-11
6,46,18,28,0,Iredell,2022-08-28
6,52,25,27,0,Iredell,2022-08-07
6,13,5,8,0,Jackson,2022-08-10
6,37,5,32,0,Johnston,2022-10-26
6,46,6,40,0,Johnston,2022-09-28
6,18,6,12,0,Johnston,2022-10-18
6,62,7,55,0,Johnston,2022-06-08
6,43,10,33,0,Johnston,2022-07-10
6,59,10,49,0,Johnston,2022-07-30
6,35,10,25,0,Johnston,2022-10-13
6,44,15,29,0,Johnston,2022-07-02
6,76,17,59,0,Johnston,2022-05-28
6,71,23,48,0,Johnston,2022-06-13
6,23,5,18,0,Lee,2022-06-27
6,16,7,9,0,Lee,2022-07-15
6,28,8,20,0,Lee,2022-08-10
6,32,9,23,0,Lee,2022-07-21
6,21,10,11,0,Lee,2022-06-23
6,28,12,16,0,Lee,2022-07-29
6,39,14,25,0,Lee,2022-07-25
6,34,16,18,0,Lee,2022-07-22
6,14,3,11,0,Lenoir,2022-10-17
6,24,5,19,0,Lenoir,2022-09-19
6,33,6,27,0,Lenoir,2022-08-15
6,28,8,20,0,Lenoir,2022-06-29
6,16,8,8,0,Lenoir,2022-09-09
6,46,9,37,0,Lenoir,2022-08-08
6,27,11,16,0,Lenoir,2022-06-13
6,34,15,19,0,Lenoir,2022-07-06
6,13,1,12,0,Lincoln,2022-09-11
6,22,3,19,0,Lincoln,2022-06-26
6,27,4,23,0,Lincoln,2022-06-22
6,31,8,23,0,Lincoln,2022-09-15
6,21,8,13,0,Lincoln,2022-09-27
6,30,9,21,0,Lincoln,2022-06-23
6,57,9,48,0,Lincoln,2022-07-27
6,40,16,24,0,Lincoln,2022-07-19
6,16,5,11,0,Martin,2022-08-01
6,15,5,10,0,Martin,2022-08-12
6,23,7,16,0,Martin,2022-07-29
6,23,3,20,0,McDowell,2022-08-16
6,25,5,20,0,McDowell,2022-08-09
6,22,7,15,0,McDowell,2022-07-14
6,28,9,19,0,McDowell,2022-07-07
6,13,9,4,0,Mitchell,2022-08-09
6,22,5,17,0,Montgomery,2022-08-22
6,16,2,14,0,Moore,2022-09-10
6,33,8,25,0,Moore,2022-09-26
6,30,11,19,0,Moore,2022-09-08
6,33,11,22,0,Moore,2022-09-20
6,25,12,13,0,Moore,2022-09-05
6,19,12,7,0,Moore,2022-10-17
6,21,13,8,0,Moore,2022-10-04
6,20,15,5,0,Moore,2022-10-10
6,41,16,25,0,Moore,2022-08-25
6,32,16,16,0,Moore,2022-09-14
6,49,20,29,0,Moore,2022-05-31
6,17,3,14,0,Nash,2022-10-13
6,37,5,32,0,Nash,2022-08-08
6,14,6,8,0,Nash,2022-08-21
6,18,8,10,0,Nash,2022-10-12
6,22,11,11,0,Nash,2022-09-15
6,51,18,33,0,Nash,2022-07-05
6,55,19,36,0,Nash,2022-05-31
6,37,6,31,0,New Hanover,2022-09-20
6,28,8,20,0,New Hanover,2022-10-05
6,35,10,25,0,New Hanover,2022-09-21
6,41,12,29,0,New Hanover,2022-09-15
6,79,15,64,0,New Hanover,2022-05-17
6,56,17,39,0,New Hanover,2022-08-25
6,62,17,45,0,New Hanover,2022-08-29
6,89,21,68,0,New Hanover,2022-07-29
6,83,22,61,0,New Hanover,2022-07-15
6,94,27,67,0,New Hanover,2022-06-15
6,104,36,68,0,New Hanover,2022-07-08
6,10,5,5,0,Northampton,2022-10-10
6,42,4,38,0,Onslow,2022-08-26
6,55,6,49,0,Onslow,2022-06-30
6,34,6,28,0,Onslow,2022-08-20
6,54,8,46,0,Onslow,2022-09-26
6,71,10,61,0,Onslow,2022-06-08
6,70,12,58,0,Onslow,2022-05-19
6,48,1,47,0,Orange,2022-06-16
6,58,1,57,0,Orange,2022-07-27
6,66,3,63,0,Orange,2022-08-01
6,72,4,68,0,Orange,2022-07-07
6,55,5,50,0,Orange,2022-08-08
6,56,5,51,0,Orange,2022-08-30
6,69,7,62,0,Orange,2022-07-12
6,60,9,51,0,Orange,2022-06-23
6,72,9,63,0,Orange,2022-08-15
6,93,12,81,0,Orange,2022-05-18
6,11,9,2,0,Pasquotank,2022-08-13
6,26,1,25,0,Pender,2022-07-05
6,23,6,17,0,Pender,2022-08-03
6,13,3,10,0,Person,2022-06-03
6,27,8,19,0,Person,2022-08-09
6,38,11,27,0,Person,2022-07-18
6,22,1,21,0,Pitt,2022-10-25
6,24,3,21,0,Pitt,2022-06-11
6,41,4,37,0,Pitt,2022-06-12
6,21,5,16,0,Pitt,2022-09-24
6,35,7,28,0,Pitt,2022-07-02
6,38,7,31,0,Pitt,2022-09-23
6,29,7,22,0,Pitt,2022-10-17
6,65,8,57,0,Pitt,2022-05-27
6,42,10,32,0,Pitt,2022-09-20
6,36,10,26,0,Pitt,2022-09-22
6,58,11,47,0,Pitt,2022-05-13
6,35,11,24,0,Pitt,2022-09-05
6,52,13,39,0,Pitt,2022-09-13
6,84,15,69,0,Pitt,2022-06-22
6,17,7,10,0,Randolph,2022-10-16
6,19,8,11,0,Randolph,2022-05-05
6,21,9,12,0,Randolph,2022-07-04
6,21,9,12,0,Randolph,2022-10-13
6,21,10,11,0,Randolph,2022-10-04
6,32,12,20,0,Randolph,2022-08-31
6,30,13,17,0,Randolph,2022-09-02
6,34,16,18,0,Randolph,2022-06-24
6,29,20,9,0,Randolph,2022-06-15
6,41,21,20,0,Randolph,2022-05-19
6,43,22,21,0,Randolph,2022-07-06
6,47,25,22,0,Randolph,2022-09-19
6,49,27,22,0,Randolph,2022-07-22
6,28,3,25,0,Richmond,2022-07-23
6,17,6,11,0,Richmond,2022-08-08
6,25,9,16,0,Richmond,2022-07-01
6,30,10,20,0,Richmond,2022-06-27
6,23,10,13,0,Richmond,2022-07-15
6,21,12,9,0,Richmond,2022-05-25
6,17,6,11,0,Robeson,2022-10-07
6,26,10,16,0,Robeson,2022-06-11
6,29,10,19,0,Robeson,2022-09-10
6,26,10,16,0,Robeson,2022-10-13
6,23,12,11,0,Robeson,2022-10-12
6,32,13,19,0,Robeson,2022-05-10
6,29,15,14,0,Robeson,2022-05-14
6,36,17,19,0,Robeson,2022-09-27
6,39,23,16,0,Robeson,2022-06-26
6,41,23,18,0,Robeson,2022-07-16
6,43,25,18,0,Robeson,2022-06-10
6,18,1,17,0,Rockingham,2022-07-31
6,39,2,37,0,Rockingham,2022-08-09
6,8,2,6,0,Rockingham,2022-10-01
6,16,3,13,0,Rockingham,2022-09-20
6,26,4,22,0,Rockingham,2022-06-01
6,21,4,17,0,Rockingham,2022-06-17
6,24,4,20,0,Rockingham,2022-09-16
6,31,6,25,0,Rockingham,2022-07-21
6,40,6,34,0,Rockingham,2022-08-01
6,48,6,42,0,Rockingham,2022-08-10
6,28,6,22,0,Rockingham,2022-09-01
6,16,6,10,0,Rockingham,2022-09-30
6,36,7,29,0,Rockingham,2022-07-15
6,35,7,28,0,Rockingham,2022-08-02
6,36,11,25,0,Rockingham,2022-07-20
6,41,14,27,0,Rockingham,2022-08-08
6,23,3,20,0,Rowan,2022-08-28
6,35,3,32,0,Rowan,2022-09-20
6,33,4,29,0,Rowan,2022-07-23
6,15,4,11,0,Rowan,2022-09-10
6,26,7,19,0,Rowan,2022-05-27
6,25,7,18,0,Rowan,2022-06-26
6,28,8,20,0,Rowan,2022-05-29
6,41,8,33,0,Rowan,2022-06-09
6,39,8,31,0,Rowan,2022-06-24
6,39,9,30,0,Rowan,2022-09-27
6,51,10,41,0,Rowan,2022-05-23
6,42,11,31,0,Rowan,2022-05-25
6,18,1,17,0,Rutherford,2022-06-08
6,19,2,17,0,Rutherford,2022-07-28
6,13,3,10,0,Rutherford,2022-06-13
6,30,4,26,0,Rutherford,2022-07-19
6,19,6,13,0,Rutherford,2022-05-31
6,19,6,13,0,Rutherford,2022-07-25
6,28,6,22,0,Rutherford,2022-07-26
6,30,6,24,0,Rutherford,2022-08-25
6,37,7,30,0,Rutherford,2022-07-05
6,30,9,21,0,Rutherford,2022-08-08
6,31,9,22,0,Rutherford,2022-08-15
6,27,10,17,0,Rutherford,2022-08-09
6,27,11,16,0,Rutherford,2022-08-30
6,30,15,15,0,Rutherford,2022-08-31
6,24,15,9,0,Sampson,2022-08-05
6,23,20,3,0,Sampson,2022-06-29
6,42,25,17,0,Sampson,2022-08-09
6,41,27,14,0,Sampson,2022-07-15
6,45,34,11,0,Sampson,2022-07-13
6,49,34,15,0,Sampson,2022-07-27
6,51,34,17,0,Sampson,2022-08-03
6,17,13,4,0,Scotland,2022-09-11
6,28,17,11,0,Scotland,2022-08-01
6,21,0,21,0,Stanly,2022-08-04
6,36,2,34,0,Stanly,2022-07-27
6,38,2,36,0,Stanly,2022-07-28
6,19,2,17,0,Stanly,2022-07-31
6,22,2,20,0,Stanly,2022-08-15
6,23,2,21,0,Stanly,2022-08-16
6,29,2,27,0,Stanly,2022-09-13
6,21,3,18,0,Stanly,2022-06-09
6,17,5,12,0,Stokes,2022-06-01
6,20,5,15,0,Stokes,2022-07-19
6,22,5,17,0,Stokes,2022-09-02
6,30,6,24,0,Stokes,2022-07-11
6,24,7,17,0,Stokes,2022-06-20
6,24,8,16,0,Stokes,2022-07-21
6,23,8,15,0,Stokes,2022-09-16
6,31,9,22,0,Stokes,2022-07-05
6,15,9,6,0,Stokes,2022-10-10
6,44,10,34,0,Stokes,2022-09-06
6,38,11,27,0,Stokes,2022-07-25
6,23,5,18,0,Surry,2022-07-09
6,18,8,10,0,Surry,2022-10-05
6,31,15,16,0,Surry,2022-07-15
6,21,16,5,0,Surry,2022-06-12
6,54,17,37,0,Surry,2022-07-19
6,47,17,30,0,Surry,2022-08-19
6,21,11,10,0,Transylvania,2022-07-23
6,26,11,15,0,Transylvania,2022-09-07
6,40,3,37,0,Union,2022-05-30
6,47,4,43,0,Union,2022-06-04
6,32,4,28,0,Union,2022-10-25
6,71,8,63,0,Union,2022-06-07
6,46,10,36,0,Union,2022-09-26
6,56,11,45,0,Union,2022-09-14
6,67,13,54,0,Union,2022-06-03
6,30,5,25,0,Vance,2022-07-18
6,27,5,22,0,Vance,2022-07-22
6,20,6,14,0,Vance,2022-08-18
6,31,11,20,0,Vance,2022-08-09
6,26,12,14,0,Vance,2022-07-15
6,59,3,56,0,Wake,2022-10-23
6,67,6,61,0,Wake,2022-10-22
6,37,6,31,0,Watauga,2022-08-31
6,45,11,34,0,Wayne,2022-07-31
6,38,12,26,0,Wayne,2022-06-25
6,29,13,16,0,Wayne,2022-06-14
6,32,13,19,0,Wayne,2022-08-06
6,36,15,21,0,Wayne,2022-07-23
6,34,15,19,0,Wayne,2022-09-29
6,39,17,22,0,Wayne,2022-06-15
6,55,19,36,0,Wayne,2022-07-17
6,32,20,12,0,Wayne,2022-09-13
6,36,24,12,0,Wayne,2022-09-08
6,51,26,25,0,Wayne,2022-06-22
6,20,6,14,0,Wilkes,2022-09-03
6,19,10,9,0,Wilkes,2022-07-15
6,24,13,11,0,Wilkes,2022-08-04
6,31,15,16,0,Wilkes,2022-06-21
6,36,15,21,0,Wilkes,2022-08-09
6,40,17,23,0,Wilkes,2022-08-19
6,34,19,15,0,Wilkes,2022-06-28
6,35,21,14,0,Wilkes,2022-06-02
6,35,21,14,0,Wilkes,2022-08-18
6,36,24,12,0,Wilkes,2022-07-21
6,40,25,15,0,Wilkes,2022-09-15
6,30,7,23,0,Wilson,2022-06-15
6,25,11,14,0,Wilson,2022-06-17
6,32,12,20,0,Wilson,2022-08-04
6,24,12,12,0,Wilson,2022-08-29
6,26,12,14,0,Wilson,2022-09-13
6,33,14,19,0,Wilson,2022-09-15
6,27,15,12,0,Wilson,2022-06-01
6,43,17,26,0,Wilson,2022-07-14
6,49,19,30,0,Wilson,2022-08-03
6,37,22,15,0,Wilson,2022-06-20
6,28,2,26,0,Yadkin,2022-08-26
6,14,4,10,0,Yadkin,2022-06-11
6,29,4,25,0,Yadkin,2022-08-11
6,24,5,19,0,Yadkin,2022-09-01
6,23,7,16,0,Yadkin,2022-07-12
6,27,7,20,0,Yadkin,2022-07-18
6,20,8,12,0,Yadkin,2022-08-31
6,24,10,14,0,Yadkin,2022-07-13
6,23,11,12,0,Yadkin,2022-06-28
6,41,13,28,0,Yadkin,2022-09-06
6,33,14,19,0,Yadkin,2022-07-05
6,28,14,14,0,Yadkin,2022-08-08
6,23,17,6,0,Yadkin,2022-09-05
7,27,2,25,0,Alamance,2022-10-24
7,26,3,23,0,Alamance,2022-10-11
7,43,4,39,0,Alamance,2022-07-23
7,75,5,70,0,Alamance,2022-06-13
7,37,6,31,0,Alamance,2022-09-28
7,34,8,26,0,Alamance,2022-09-04
7,53,9,44,0,Alamance,2022-06-03
7,51,11,40,0,Alamance,2022-06-04
7,71,13,58,0,Alamance,2022-06-30
7,37,15,22,0,Alamance,2022-10-17
7,10,3,7,0,Alexander,2022-10-03
7,34,10,24,0,Alexander,2022-08-01
7,28,27,1,0,Avery,2022-07-31
7,34,5,29,0,Beaufort,2022-05-31
7,31,5,26,0,Beaufort,2022-08-02
7,24,7,17,0,Beaufort,2022-09-19
7,20,3,17,0,Bladen,2022-07-14
7,59,6,53,0,Brunswick,2022-07-15
7,46,8,38,0,Brunswick,2022-08-25
7,57,8,49,0,Brunswick,2022-08-29
7,29,9,20,0,Brunswick,2022-09-17
7,71,11,60,0,Brunswick,2022-07-19
7,38,12,26,0,Brunswick,2022-05-28
7,43,12,31,0,Brunswick,2022-08-05
7,67,13,54,0,Brunswick,2022-05-11
7,68,13,55,0,Brunswick,2022-07-06
7,58,14,44,0,Brunswick,2022-08-11
7,55,17,38,0,Brunswick,2022-06-24
7,26,8,18,0,Buncombe,2022-09-30
7,31,11,20,0,Buncombe,2022-10-20
7,35,14,21,0,Buncombe,2022-10-19
7,37,15,22,0,Buncombe,2022-09-17
7,51,19,32,0,Buncombe,2022-09-26
7,36,20,16,0,Buncombe,2022-05-30
7,48,23,25,0,Buncombe,2022-10-03
7,87,27,60,0,Buncombe,2022-05-15
7,73,31,42,0,Buncombe,2022-08-02
7,41,2,39,0,Burke,2022-08-29
7,54,7,47,0,Burke,2022-08-04
7,46,4,42,0,Cabarrus,2022-06-25
7,57,6,51,0,Cabarrus,2022-08-25
7,28,8,20,0,Cabarrus,2022-09-11
7,46,9,37,0,Cabarrus,2022-05-05
7,35,9,26,0,Cabarrus,2022-09-28
7,57,10,47,0,Cabarrus,2022-06-04
7,65,10,55,0,Cabarrus,2022-07-01
7,34,13,21,0,Cabarrus,2022-10-03
7,86,14,72,0,Cabarrus,2022-05-25
7,70,14,56,0,Cabarrus,2022-06-23
7,54,14,40,0,Cabarrus,2022-09-20
7,94,16,78,0,Cabarrus,2022-06-02
7,26,0,26,0,Caldwell,2022-09-30
7,36,3,33,0,Caldwell,2022-08-24
7,27,6,21,0,Caldwell,2022-06-26
7,32,7,25,0,Caldwell,2022-08-26
7,43,8,35,0,Caldwell,2022-08-25
7,41,8,33,0,Caldwell,2022-09-02
7,41,24,17,0,Carteret,2022-07-08
7,21,11,10,0,Catawba,2022-06-19
7,37,11,26,0,Catawba,2022-06-26
7,37,13,24,0,Catawba,2022-06-10
7,40,15,25,0,Catawba,2022-05-10
7,34,15,19,0,Catawba,2022-09-23
7,61,16,45,0,Catawba,2022-06-02
7,27,16,11,0,Catawba,2022-10-21
7,36,19,17,0,Catawba,2022-09-16
7,38,20,18,0,Catawba,2022-10-04
7,37,21,16,0,Catawba,2022-10-17
7,54,26,28,0,Catawba,2022-08-25
7,14,1,13,0,Cleveland,2022-10-26
7,31,4,27,0,Cleveland,2022-06-14
7,33,4,29,0,Cleveland,2022-07-01
7,41,4,37,0,Cleveland,2022-07-22
7,38,5,33,0,Cleveland,2022-06-16
7,47,5,42,0,Cleveland,2022-08-24
7,26,5,21,0,Cleveland,2022-09-03
7,26,17,9,0,Cleveland,2022-10-04
7,28,16,12,0,Columbus,2022-06-27
7,47,12,35,0,Craven,2022-08-04
7,40,13,27,0,Craven,2022-06-16
7,65,16,49,0,Craven,2022-07-06
7,83,20,63,0,Craven,2022-06-21
7,59,24,35,0,Craven,2022-06-01
7,57,8,49,0,Cumberland,2022-08-27
7,58,9,49,0,Cumberland,2022-10-05
7,31,9,22,0,Cumberland,2022-10-18
7,48,9,39,0,Cumberland,2022-10-24
7,55,14,41,0,Cumberland,2022-10-11
7,62,15,47,0,Cumberland,2022-05-05
7,70,16,54,0,Cumberland,2022-07-03
7,84,17,67,0,Cumberland,2022-09-23
7,57,23,34,0,Cumberland,2022-05-30
7,51,25,26,0,Cumberland,2022-09-05
7,80,26,54,0,Cumberland,2022-06-18
7,37,6,31,0,Davidson,2022-05-30
7,44,6,38,0,Davidson,2022-06-24
7,37,6,31,0,Davidson,2022-08-06
7,38,9,29,0,Davidson,2022-05-09
7,46,9,37,0,Davidson,2022-05-18
7,35,9,26,0,Davidson,2022-09-27
7,48,12,36,0,Davidson,2022-09-16
7,73,16,57,0,Davidson,2022-05-17
7,46,17,29,0,Davidson,2022-05-19
7,59,17,42,0,Davidson,2022-06-02
7,54,18,36,0,Davidson,2022-05-20
7,67,18,49,0,Davidson,2022-06-13
7,21,3,18,0,Davie,2022-08-04
7,15,6,9,0,Davie,2022-08-31
7,32,10,22,0,Davie,2022-07-25
7,23,11,12,0,Davie,2022-08-12
7,29,13,16,0,Davie,2022-07-05
7,26,9,17,0,Duplin,2022-08-13
7,22,10,12,0,Duplin,2022-08-18
7,18,12,6,0,Duplin,2022-08-24
7,26,17,9,0,Duplin,2022-07-07
7,26,17,9,0,Duplin,2022-08-22
7,42,24,18,0,Duplin,2022-07-13
7,55,2,53,0,Durham,2022-09-03
7,60,2,58,0,Durham,2022-09-29
7,24,2,22,0,Durham,2022-10-22
7,52,4,48,0,Durham,2022-09-17
7,92,8,84,0,Durham,2022-05-07
7,129,9,120,0,Durham,2022-05-29
7,145,11,134,0,Durham,2022-05-06
7,66,11,55,0,Durham,2022-08-20
7,52,13,39,0,Durham,2022-10-17
7,55,16,39,0,Durham,2022-10-26
7,30,1,29,0,Edgecombe,2022-08-05
7,27,4,23,0,Edgecombe,2022-08-30
7,40,4,36,0,Forsyth,2022-10-20
7,73,6,67,0,Forsyth,2022-06-05
7,92,10,82,0,Forsyth,2022-05-21
7,38,10,28,0,Forsyth,2022-10-21
7,77,11,66,0,Forsyth,2022-06-11
7,59,14,45,0,Forsyth,2022-05-07
7,35,4,31,0,Franklin,2022-07-05
7,38,4,34,0,Franklin,2022-07-08
7,23,4,19,0,Franklin,2022-07-10
7,28,4,24,0,Franklin,2022-09-19
7,42,5,37,0,Franklin,2022-06-15
7,34,5,29,0,Franklin,2022-07-29
7,21,5,16,0,Franklin,2022-08-13
7,40,6,34,0,Franklin,2022-07-21
7,36,6,30,0,Franklin,2022-08-02
7,33,12,21,0,Franklin,2022-07-19
7,26,2,24,0,Gaston,2022-10-11
7,14,2,12,0,Gaston,2022-10-23
7,34,4,30,0,Gaston,2022-09-17
7,50,6,44,0,Gaston,2022-06-04
7,35,6,29,0,Gaston,2022-10-27
7,56,7,49,0,Gaston,2022-08-20
7,37,7,30,0,Gaston,2022-09-26
7,86,15,71,0,Gaston,2022-05-18
7,34,2,32,0,Granville,2022-08-16
7,23,3,20,0,Granville,2022-06-14
7,29,4,25,0,Granville,2022-08-02
7,23,8,15,0,Granville,2022-09-13
7,53,17,36,0,Granville,2022-07-06
7,38,2,36,0,Greene,2022-05-24
7,18,6,12,0,Greene,2022-07-28
7,34,4,30,0,Guilford,2022-10-23
7,31,6,25,0,Guilford,2022-10-16
7,41,9,32,0,Guilford,2022-10-28
7,85,11,74,0,Guilford,2022-09-29
7,71,14,57,0,Guilford,2022-10-05
7,18,2,16,0,Halifax,2022-06-07
7,25,4,21,0,Halifax,2022-08-29
7,17,7,10,0,Halifax,2022-07-17
7,36,7,29,0,Halifax,2022-08-02
7,33,7,26,0,Halifax,2022-08-04
7,45,7,38,0,Halifax,2022-08-08
7,37,12,25,0,Halifax,2022-06-13
7,44,12,32,0,Halifax,2022-07-22
7,27,4,23,0,Harnett,2022-05-21
7,37,4,33,0,Harnett,2022-09-21
7,52,5,47,0,Harnett,2022-06-28
7,36,5,31,0,Harnett,2022-07-24
7,32,6,26,0,Harnett,2022-07-30
7,34,9,25,0,Harnett,2022-06-08
7,47,9,38,0,Harnett,2022-06-09
7,41,10,31,0,Harnett,2022-05-24
7,40,11,29,0,Harnett,2022-09-26
7,44,13,31,0,Harnett,2022-08-24
7,42,15,27,0,Harnett,2022-08-22
7,55,17,38,0,Harnett,2022-07-12
7,44,19,25,0,Harnett,2022-07-08
7,30,18,12,0,Haywood,2022-07-22
7,18,7,11,0,Henderson,2022-09-30
7,30,8,22,0,Henderson,2022-09-19
7,24,11,13,0,Henderson,2022-06-09
7,41,14,27,0,Henderson,2022-07-13
7,47,17,30,0,Henderson,2022-06-30
7,47,18,29,0,Henderson,2022-06-27
7,30,6,24,0,Hoke,2022-08-10
7,25,6,19,0,Hoke,2022-09-04
7,36,8,28,0,Hoke,2022-07-20
7,46,9,37,0,Hoke,2022-08-03
7,40,13,27,0,Hoke,2022-05-31
7,38,14,24,0,Hoke,2022-06-13
7,39,14,25,0,Hoke,2022-08-01
7,49,11,38,0,Iredell,2022-06-03
7,28,15,13,0,Iredell,2022-09-11
7,45,16,29,0,Iredell,2022-06-12
7,43,18,25,0,Iredell,2022-06-16
7,52,19,33,0,Iredell,2022-07-24
7,35,19,16,0,Iredell,2022-10-12
7,65,29,36,0,Iredell,2022-06-23
7,25,4,21,0,Johnston,2022-10-10
7,29,6,23,0,Johnston,2022-08-27
7,33,6,27,0,Johnston,2022-10-12
7,40,8,32,0,Johnston,2022-08-20
7,60,11,49,0,Johnston,2022-05-04
7,73,11,62,0,Johnston,2022-05-11
7,66,12,54,0,Johnston,2022-08-06
7,57,12,45,0,Johnston,2022-09-09
7,61,13,48,0,Johnston,2022-05-03
7,82,16,66,0,Johnston,2022-05-19
7,25,4,21,0,Lee,2022-09-06
7,24,6,18,0,Lee,2022-08-30
7,20,9,11,0,Lee,2022-08-19
7,35,10,25,0,Lee,2022-08-01
7,33,8,25,0,Lenoir,2022-08-29
7,47,12,35,0,Lenoir,2022-06-27
7,47,16,31,0,Lenoir,2022-07-21
7,48,18,30,0,Lenoir,2022-07-20
7,51,22,29,0,Lenoir,2022-07-28
7,28,4,24,0,Lincoln,2022-07-14
7,24,4,20,0,Lincoln,2022-07-16
7,21,7,14,0,Lincoln,2022-09-16
7,30,9,21,0,Lincoln,2022-08-17
7,26,9,17,0,Lincoln,2022-09-20
7,45,10,35,0,Lincoln,2022-07-11
7,35,2,33,0,McDowell,2022-07-18
7,25,4,21,0,McDowell,2022-07-28
7,23,8,15,0,Moore,2022-09-23
7,38,9,29,0,Moore,2022-07-31
7,39,9,30,0,Moore,2022-09-01
7,53,11,42,0,Moore,2022-07-22
7,36,11,25,0,Moore,2022-09-07
7,34,12,22,0,Moore,2022-06-14
7,44,13,31,0,Moore,2022-05-23
7,42,17,25,0,Moore,2022-06-29
7,45,17,28,0,Moore,2022-07-12
7,50,19,31,0,Moore,2022-07-25
7,53,23,30,0,Moore,2022-07-05
7,32,3,29,0,Nash,2022-07-28
7,22,4,18,0,Nash,2022-10-03
7,27,5,22,0,Nash,2022-08-31
7,33,6,27,0,Nash,2022-05-17
7,27,8,19,0,Nash,2022-05-27
7,26,10,16,0,Nash,2022-09-20
7,36,12,24,0,Nash,2022-09-19
7,36,14,22,0,Nash,2022-06-14
7,77,24,53,0,Nash,2022-07-18
7,20,8,12,0,New Hanover,2022-10-06
7,37,9,28,0,New Hanover,2022-08-28
7,87,13,74,0,New Hanover,2022-07-28
7,81,16,65,0,New Hanover,2022-05-26
7,57,16,41,0,New Hanover,2022-05-27
7,74,17,57,0,New Hanover,2022-09-06
7,50,17,33,0,New Hanover,2022-09-08
7,102,23,79,0,New Hanover,2022-06-30
7,85,25,60,0,New Hanover,2022-06-24
7,47,25,22,0,New Hanover,2022-07-04
7,84,29,55,0,New Hanover,2022-07-13
7,18,6,12,0,Northampton,2022-07-22
7,25,1,24,0,Onslow,2022-09-23
7,83,5,78,0,Onslow,2022-05-17
7,58,7,51,0,Onslow,2022-05-10
7,50,12,38,0,Onslow,2022-06-17
7,51,12,39,0,Onslow,2022-07-24
7,89,13,76,0,Onslow,2022-06-07
7,98,17,81,0,Onslow,2022-07-08
7,50,2,48,0,Orange,2022-08-17
7,49,2,47,0,Orange,2022-08-23
7,52,2,50,0,Orange,2022-09-06
7,58,3,55,0,Orange,2022-08-29
7,30,4,26,0,Orange,2022-10-03
7,94,10,84,0,Orange,2022-05-03
7,85,11,74,0,Orange,2022-05-13
7,89,13,76,0,Orange,2022-05-19
7,89,14,75,0,Orange,2022-05-26
7,33,4,29,0,Pender,2022-07-14
7,19,11,8,0,Pender,2022-08-13
7,37,9,28,0,Person,2022-07-25
7,22,14,8,0,Person,2022-08-29
7,19,3,16,0,Pitt,2022-07-04
7,37,5,32,0,Pitt,2022-09-28
7,17,5,12,0,Pitt,2022-10-19
7,55,7,48,0,Pitt,2022-05-09
7,33,7,26,0,Pitt,2022-06-25
7,60,8,52,0,Pitt,2022-05-12
7,72,13,59,0,Pitt,2022-05-17
7,54,14,40,0,Pitt,2022-08-26
7,23,8,15,0,Randolph,2022-05-09
7,40,13,27,0,Randolph,2022-09-12
7,29,13,16,0,Randolph,2022-09-27
7,23,14,9,0,Randolph,2022-08-28
7,28,15,13,0,Randolph,2022-09-05
7,41,17,24,0,Randolph,2022-08-23
7,44,17,27,0,Randolph,2022-09-15
7,36,18,18,0,Randolph,2022-07-24
7,35,20,15,0,Randolph,2022-05-10
7,49,20,29,0,Randolph,2022-08-17
7,44,21,23,0,Randolph,2022-05-27
7,38,21,17,0,Randolph,2022-08-30
7,52,25,27,0,Randolph,2022-08-22
7,53,27,26,0,Randolph,2022-08-15
7,42,27,15,0,Randolph,2022-09-09
7,24,7,17,0,Richmond,2022-07-20
7,23,12,11,0,Richmond,2022-06-30
7,31,12,19,0,Richmond,2022-07-06
7,19,6,13,0,Robeson,2022-10-27
7,29,13,16,0,Robeson,2022-10-10
7,40,16,24,0,Robeson,2022-05-09
7,30,16,14,0,Robeson,2022-09-16
7,47,18,29,0,Robeson,2022-09-15
7,44,24,20,0,Robeson,2022-07-31
7,51,29,22,0,Robeson,2022-08-30
7,26,4,22,0,Rockingham,2022-09-07
7,30,5,25,0,Rockingham,2022-08-16
7,39,6,33,0,Rockingham,2022-07-26
7,46,9,37,0,Rockingham,2022-07-27
7,26,11,15,0,Rockingham,2022-08-15
7,34,15,19,0,Rockingham,2022-08-04
7,61,4,57,0,Rowan,2022-07-08
7,32,6,26,0,Rowan,2022-08-14
7,27,6,21,0,Rowan,2022-09-21
7,48,7,41,0,Rowan,2022-06-29
7,37,8,29,0,Rowan,2022-08-07
7,28,10,18,0,Rowan,2022-07-04
7,15,1,14,0,Rutherford,2022-09-06
7,23,3,20,0,Rutherford,2022-07-27
7,36,5,31,0,Rutherford,2022-07-21
7,19,5,14,0,Rutherford,2022-08-04
7,20,5,15,0,Rutherford,2022-08-21
7,34,6,28,0,Rutherford,2022-07-13
7,33,7,26,0,Rutherford,2022-07-18
7,26,8,18,0,Rutherford,2022-08-29
7,39,18,21,0,Sampson,2022-08-10
7,39,27,12,0,Sampson,2022-07-06
7,40,27,13,0,Sampson,2022-07-23
7,40,27,13,0,Sampson,2022-09-06
7,50,33,17,0,Sampson,2022-07-21
7,16,8,8,0,Scotland,2022-06-01
7,19,12,7,0,Scotland,2022-08-10
7,24,0,24,0,Stanly,2022-06-13
7,17,0,17,0,Stanly,2022-09-11
7,20,1,19,0,Stanly,2022-06-03
7,22,1,21,0,Stanly,2022-08-29
7,29,2,27,0,Stanly,2022-08-31
7,23,6,17,0,Stanly,2022-07-17
7,34,8,26,0,Stanly,2022-09-16
7,31,9,22,0,Stanly,2022-06-06
7,14,1,13,0,Stokes,2022-06-09
7,30,6,24,0,Stokes,2022-08-02
7,25,10,15,0,Stokes,2022-08-11
7,39,16,23,0,Stokes,2022-08-08
7,13,3,10,0,Surry,2022-10-14
7,31,8,23,0,Surry,2022-07-17
7,25,10,15,0,Surry,2022-05-09
7,43,16,27,0,Surry,2022-07-29
7,40,16,24,0,Surry,2022-07-31
7,44,19,25,0,Surry,2022-07-24
7,54,5,49,0,Union,2022-08-13
7,35,5,30,0,Union,2022-09-25
7,76,6,70,0,Union,2022-06-20
7,61,7,54,0,Union,2022-05-29
7,64,7,57,0,Union,2022-07-09
7,61,13,48,0,Union,2022-05-06
7,23,4,19,0,Vance,2022-06-09
7,21,11,10,0,Vance,2022-07-21
7,40,11,29,0,Vance,2022-08-02
7,36,19,17,0,Vance,2022-08-03
7,71,12,59,0,Wake,2022-10-15
7,23,10,13,0,Wayne,2022-10-10
7,37,19,18,0,Wayne,2022-07-04
7,29,20,9,0,Wayne,2022-05-25
7,47,21,26,0,Wayne,2022-09-09
7,40,23,17,0,Wayne,2022-09-16
7,54,32,22,0,Wayne,2022-08-19
7,55,37,18,0,Wayne,2022-06-13
7,51,41,10,0,Wayne,2022-08-24
7,37,12,25,0,Wilkes,2022-09-13
7,19,14,5,0,Wilkes,2022-06-24
7,28,16,12,0,Wilkes,2022-08-25
7,40,22,18,0,Wilkes,2022-08-29
7,41,29,12,0,Wilkes,2022-06-27
7,22,9,13,0,Wilson,2022-08-25
7,21,9,12,0,Wilson,2022-09-23
7,45,10,35,0,Wilson,2022-08-09
7,24,12,12,0,Wilson,2022-09-16
7,29,16,13,0,Wilson,2022-09-08
7,39,20,19,0,Wilson,2022-06-27
7,56,27,29,0,Wilson,2022-07-06
7,29,3,26,0,Yadkin,2022-10-17
7,26,4,22,0,Yadkin,2022-09-11
7,20,5,15,0,Yadkin,2022-07-27
7,27,6,21,0,Yadkin,2022-08-02
7,25,7,18,0,Yadkin,2022-05-31
7,20,10,10,0,Yadkin,2022-07-28
7,24,11,13,0,Yadkin,2022-06-02
7,34,14,20,0,Yadkin,2022-09-21
7,33,15,18,0,Yadkin,2022-07-26
7,37,20,17,0,Yadkin,2022-09-12
8,69,2,67,0,Alamance,2022-06-29
8,65,6,59,0,Alamance,2022-08-15
8,25,6,19,0,Alamance,2022-10-12
8,48,7,41,0,Alamance,2022-10-03
8,54,8,46,0,Alamance,2022-08-05
8,47,9,38,0,Alamance,2022-09-16
8,60,10,50,0,Alamance,2022-05-03
8,57,11,46,0,Alamance,2022-06-24
8,69,16,53,0,Alamance,2022-05-06
8,27,10,17,0,Anson,2022-06-16
8,18,2,16,0,Beaufort,2022-06-28
8,25,6,19,0,Beaufort,2022-08-08
8,34,7,27,0,Beaufort,2022-08-01
8,41,8,33,0,Beaufort,2022-07-21
8,25,13,12,0,Beaufort,2022-07-30
8,10,9,1,0,Bertie,2022-05-29
8,41,2,39,0,Brunswick,2022-09-29
8,24,3,21,0,Brunswick,2022-10-07
8,59,10,49,0,Brunswick,2022-09-06
8,71,11,60,0,Brunswick,2022-05-25
8,57,11,46,0,Brunswick,2022-06-09
8,62,14,48,0,Brunswick,2022-07-29
8,86,19,67,0,Brunswick,2022-08-03
8,49,14,35,0,Buncombe,2022-07-10
8,54,17,37,0,Buncombe,2022-09-14
8,56,20,36,0,Buncombe,2022-08-31
8,42,20,22,0,Buncombe,2022-09-28
8,77,24,53,0,Buncombe,2022-06-15
8,60,26,34,0,Buncombe,2022-08-19
8,88,29,59,0,Buncombe,2022-06-24
8,107,37,70,0,Buncombe,2022-07-19
8,117,40,77,0,Buncombe,2022-05-26
8,127,60,67,0,Buncombe,2022-05-11
8,58,3,55,0,Burke,2022-08-02
8,46,6,40,0,Burke,2022-08-22
8,44,9,35,0,Burke,2022-07-29
8,61,11,50,0,Burke,2022-07-25
8,60,13,47,0,Burke,2022-09-07
8,38,5,33,0,Cabarrus,2022-08-14
8,41,7,34,0,Cabarrus,2022-09-26
8,35,8,27,0,Cabarrus,2022-10-17
8,64,10,54,0,Cabarrus,2022-08-19
8,75,11,64,0,Cabarrus,2022-05-27
8,57,11,46,0,Cabarrus,2022-07-03
8,65,14,51,0,Cabarrus,2022-06-21
8,73,16,57,0,Cabarrus,2022-06-16
8,25,4,21,0,Caldwell,2022-06-10
8,42,5,37,0,Caldwell,2022-06-20
8,25,6,19,0,Caldwell,2022-06-15
8,25,10,15,0,Caldwell,2022-10-26
8,52,11,41,0,Caldwell,2022-08-07
8,38,12,26,0,Caldwell,2022-09-21
8,42,13,29,0,Caldwell,2022-07-11
8,42,13,29,0,Caldwell,2022-09-20
8,51,16,35,0,Caldwell,2022-09-19
8,39,16,23,0,Carteret,2022-06-29
8,45,23,22,0,Carteret,2022-08-01
8,33,9,24,0,Catawba,2022-09-10
8,41,12,29,0,Catawba,2022-08-07
8,33,2,31,0,Cleveland,2022-08-10
8,34,3,31,0,Cleveland,2022-06-30
8,40,3,37,0,Cleveland,2022-07-16
8,52,7,45,0,Cleveland,2022-07-05
8,39,8,31,0,Cleveland,2022-06-24
8,19,8,11,0,Columbus,2022-07-28
8,40,12,28,0,Craven,2022-07-01
8,41,16,25,0,Craven,2022-09-19
8,44,19,25,0,Craven,2022-07-21
8,68,26,42,0,Craven,2022-07-19
8,77,34,43,0,Craven,2022-05-23
8,52,6,46,0,Cumberland,2022-09-17
8,47,9,38,0,Cumberland,2022-10-25
8,44,15,29,0,Cumberland,2022-10-19
8,74,18,56,0,Cumberland,2022-05-15
8,58,18,40,0,Cumberland,2022-06-04
8,89,23,66,0,Cumberland,2022-05-04
8,34,1,33,0,Davidson,2022-05-28
8,37,5,32,0,Davidson,2022-07-16
8,42,5,37,0,Davidson,2022-10-05
8,26,6,20,0,Davidson,2022-10-13
8,53,10,43,0,Davidson,2022-07-08
8,57,12,45,0,Davidson,2022-07-07
8,62,13,49,0,Davidson,2022-08-24
8,67,17,50,0,Davidson,2022-05-23
8,69,18,51,0,Davidson,2022-06-08
8,63,19,44,0,Davidson,2022-07-15
8,19,12,7,0,Duplin,2022-09-19
8,27,18,9,0,Duplin,2022-09-12
8,45,20,25,0,Duplin,2022-08-08
8,30,21,9,0,Duplin,2022-08-29
8,37,25,12,0,Duplin,2022-07-05
8,43,26,17,0,Duplin,2022-07-27
8,47,1,46,0,Durham,2022-10-19
8,78,2,76,0,Durham,2022-06-12
8,59,4,55,0,Durham,2022-08-21
8,57,6,51,0,Durham,2022-10-03
8,74,8,66,0,Durham,2022-08-14
8,55,8,47,0,Durham,2022-10-13
8,20,2,18,0,Edgecombe,2022-06-06
8,41,3,38,0,Edgecombe,2022-07-15
8,47,4,43,0,Edgecombe,2022-07-11
8,38,4,34,0,Edgecombe,2022-07-21
8,42,5,37,0,Edgecombe,2022-07-27
8,40,5,35,0,Forsyth,2022-09-24
8,53,9,44,0,Forsyth,2022-10-28
8,92,17,75,0,Forsyth,2022-07-03
8,26,1,25,0,Franklin,2022-09-26
8,43,2,41,0,Franklin,2022-05-11
8,24,5,19,0,Franklin,2022-09-22
8,49,10,39,0,Franklin,2022-08-04
8,55,4,51,0,Gaston,2022-08-21
8,46,8,38,0,Gaston,2022-06-19
8,55,11,44,0,Gaston,2022-08-13
8,68,12,56,0,Gaston,2022-06-10
8,51,13,38,0,Gaston,2022-09-05
8,45,5,40,0,Granville,2022-08-08
8,32,8,24,0,Granville,2022-07-28
8,42,13,29,0,Granville,2022-07-22
8,77,17,60,0,Guilford,2022-10-10
8,111,19,92,0,Guilford,2022-05-21
8,91,21,70,0,Guilford,2022-06-19
8,117,23,94,0,Guilford,2022-05-29
8,20,4,16,0,Halifax,2022-09-13
8,40,6,34,0,Halifax,2022-06-20
8,34,11,23,0,Halifax,2022-07-12
8,53,5,48,0,Harnett,2022-09-07
8,46,8,38,0,Harnett,2022-06-20
8,51,10,41,0,Harnett,2022-07-01
8,55,10,45,0,Harnett,2022-08-03
8,50,11,39,0,Harnett,2022-08-15
8,64,12,52,0,Harnett,2022-06-27
8,37,8,29,0,Henderson,2022-10-03
8,28,11,17,0,Henderson,2022-09-28
8,41,14,27,0,Henderson,2022-07-23
8,46,19,27,0,Henderson,2022-08-11
8,27,12,15,0,Hertford,2022-07-25
8,18,8,10,0,Hoke,2022-06-09
8,37,11,26,0,Iredell,2022-09-21
8,40,12,28,0,Iredell,2022-06-25
8,41,13,28,0,Iredell,2022-07-03
8,55,22,33,0,Iredell,2022-05-11
8,57,24,33,0,Iredell,2022-06-15
8,44,24,20,0,Iredell,2022-08-21
8,69,29,40,0,Iredell,2022-05-18
8,73,33,40,0,Iredell,2022-07-21
8,67,36,31,0,Iredell,2022-09-19
8,36,6,30,0,Johnston,2022-09-17
8,47,9,38,0,Johnston,2022-07-31
8,72,10,62,0,Johnston,2022-07-24
8,42,11,31,0,Johnston,2022-10-24
8,94,17,77,0,Johnston,2022-07-26
8,78,19,59,0,Johnston,2022-07-21
8,70,21,49,0,Johnston,2022-05-12
8,62,21,41,0,Johnston,2022-09-02
8,88,22,66,0,Johnston,2022-07-15
8,96,23,73,0,Johnston,2022-05-26
8,36,6,30,0,Lee,2022-08-02
8,15,6,9,0,Lee,2022-08-17
8,23,7,16,0,Lee,2022-08-18
8,36,10,26,0,Lee,2022-07-27
8,35,13,22,0,Lee,2022-07-20
8,37,9,28,0,Lenoir,2022-08-02
8,64,16,48,0,Lenoir,2022-07-19
8,33,7,26,0,Lincoln,2022-07-30
8,35,7,28,0,Lincoln,2022-08-10
8,22,8,14,0,Lincoln,2022-09-09
8,28,9,19,0,Lincoln,2022-06-16
8,33,9,24,0,Lincoln,2022-06-29
8,33,10,23,0,Lincoln,2022-08-08
8,23,10,13,0,Lincoln,2022-08-19
8,26,17,9,0,Madison,2022-05-16
8,26,11,15,0,Martin,2022-07-25
8,25,2,23,0,McDowell,2022-09-13
8,32,10,22,0,Moore,2022-07-16
8,42,12,30,0,Moore,2022-07-27
8,62,14,48,0,Moore,2022-08-01
8,39,15,24,0,Moore,2022-08-03
8,26,3,23,0,Nash,2022-08-15
8,34,9,25,0,Nash,2022-06-28
8,29,10,19,0,Nash,2022-06-15
8,22,10,12,0,Nash,2022-06-21
8,30,10,20,0,Nash,2022-09-22
8,33,15,18,0,Nash,2022-09-08
8,54,10,44,0,New Hanover,2022-05-13
8,82,16,66,0,New Hanover,2022-06-27
8,93,16,77,0,New Hanover,2022-08-01
8,88,23,65,0,New Hanover,2022-06-23
8,60,2,58,0,Onslow,2022-08-18
8,56,4,52,0,Onslow,2022-05-20
8,45,8,37,0,Onslow,2022-07-30
8,56,11,45,0,Onslow,2022-05-13
8,62,11,51,0,Onslow,2022-08-31
8,65,15,50,0,Onslow,2022-05-09
8,120,21,99,0,Onslow,2022-07-11
8,54,2,52,0,Orange,2022-07-28
8,57,4,53,0,Orange,2022-08-04
8,93,8,85,0,Orange,2022-05-11
8,92,12,80,0,Orange,2022-07-19
8,34,5,29,0,Pender,2022-07-19
8,27,3,24,0,Pitt,2022-10-24
8,52,5,47,0,Pitt,2022-09-27
8,65,7,58,0,Pitt,2022-08-12
8,65,9,56,0,Pitt,2022-06-09
8,88,13,75,0,Pitt,2022-05-24
8,65,14,51,0,Pitt,2022-06-02
8,64,15,49,0,Pitt,2022-07-01
8,26,11,15,0,Randolph,2022-09-17
8,39,15,24,0,Randolph,2022-08-13
8,32,16,16,0,Randolph,2022-09-16
8,29,18,11,0,Randolph,2022-06-10
8,35,18,17,0,Randolph,2022-09-23
8,41,21,20,0,Randolph,2022-08-16
8,40,21,19,0,Randolph,2022-09-20
8,36,21,15,0,Randolph,2022-09-26
8,48,23,25,0,Randolph,2022-08-11
8,40,24,16,0,Randolph,2022-07-14
8,58,25,33,0,Randolph,2022-07-05
8,54,29,25,0,Randolph,2022-07-11
8,47,32,15,0,Randolph,2022-05-25
8,57,32,25,0,Randolph,2022-07-18
8,27,7,20,0,Richmond,2022-07-27
8,31,17,14,0,Richmond,2022-07-05
8,36,17,19,0,Robeson,2022-09-09
8,27,18,9,0,Robeson,2022-05-28
8,39,21,18,0,Robeson,2022-05-20
8,48,24,24,0,Robeson,2022-08-19
8,51,25,26,0,Robeson,2022-07-24
8,63,35,28,0,Robeson,2022-06-28
8,36,7,29,0,Rockingham,2022-08-30
8,33,8,25,0,Rockingham,2022-07-28
8,39,8,31,0,Rockingham,2022-08-29
8,24,0,24,0,Rowan,2022-10-25
8,18,1,17,0,Rowan,2022-09-03
8,25,3,22,0,Rowan,2022-08-27
8,38,4,34,0,Rowan,2022-05-03
8,21,4,17,0,Rowan,2022-09-28
8,45,5,40,0,Rowan,2022-07-16
8,36,7,29,0,Rowan,2022-09-22
8,23,10,13,0,Rowan,2022-10-13
8,62,13,49,0,Rowan,2022-07-20
8,60,15,45,0,Rowan,2022-06-07
8,56,24,32,0,Rowan,2022-06-06
8,25,5,20,0,Rutherford,2022-07-15
8,32,7,25,0,Rutherford,2022-07-22
8,25,9,16,0,Rutherford,2022-08-19
8,23,11,12,0,Rutherford,2022-08-23
8,52,31,21,0,Sampson,2022-07-25
8,55,36,19,0,Sampson,2022-08-01
8,30,0,30,0,Stanly,2022-09-01
8,21,0,21,0,Stanly,2022-09-21
8,25,1,24,0,Stanly,2022-09-28
8,32,2,30,0,Stanly,2022-09-06
8,17,2,15,0,Stanly,2022-09-22
8,26,6,20,0,Stanly,2022-09-20
8,21,10,11,0,Stanly,2022-10-24
8,23,6,17,0,Stokes,2022-09-20
8,34,9,25,0,Stokes,2022-08-29
8,31,16,15,0,Stokes,2022-06-24
8,32,11,21,0,Surry,2022-06-13
8,60,14,46,0,Surry,2022-08-26
8,49,19,30,0,Surry,2022-07-08
8,46,21,25,0,Surry,2022-09-01
8,34,3,31,0,Union,2022-10-10
8,66,6,60,0,Union,2022-06-10
8,32,6,26,0,Union,2022-09-23
8,37,6,31,0,Union,2022-10-26
8,52,8,44,0,Union,2022-06-16
8,60,9,51,0,Union,2022-07-03
8,52,9,43,0,Union,2022-09-03
8,41,9,32,0,Union,2022-10-24
8,78,12,66,0,Union,2022-05-27
8,65,12,53,0,Union,2022-07-10
8,63,12,51,0,Union,2022-09-20
8,72,13,59,0,Union,2022-05-03
8,85,13,72,0,Union,2022-05-20
8,66,14,52,0,Union,2022-05-21
8,22,9,13,0,Vance,2022-08-06
8,33,5,28,0,Watauga,2022-09-01
8,32,11,21,0,Watauga,2022-09-06
8,29,6,23,0,Wayne,2022-07-09
8,17,8,9,0,Wayne,2022-09-03
8,27,10,17,0,Wayne,2022-08-13
8,25,13,12,0,Wayne,2022-10-05
8,33,15,18,0,Wayne,2022-07-16
8,38,20,18,0,Wayne,2022-09-20
8,38,21,17,0,Wayne,2022-06-07
8,38,22,16,0,Wayne,2022-09-15
8,49,26,23,0,Wayne,2022-08-25
8,51,30,21,0,Wayne,2022-06-08
8,55,35,20,0,Wayne,2022-07-08
8,24,8,16,0,Wilkes,2022-08-05
8,21,8,13,0,Wilkes,2022-09-19
8,21,9,12,0,Wilkes,2022-10-03
8,22,12,10,0,Wilkes,2022-09-05
8,37,14,23,0,Wilkes,2022-08-15
8,30,15,15,0,Wilkes,2022-06-07
8,34,15,19,0,Wilkes,2022-09-07
8,39,19,20,0,Wilkes,2022-07-19
8,35,19,16,0,Wilkes,2022-08-10
8,37,19,18,0,Wilkes,2022-08-16
8,36,22,14,0,Wilkes,2022-09-08
8,36,24,12,0,Wilkes,2022-09-06
8,15,6,9,0,Wilson,2022-10-10
8,29,12,17,0,Wilson,2022-06-14
8,37,15,22,0,Wilson,2022-08-24
8,42,21,21,0,Wilson,2022-07-12
8,57,27,30,0,Wilson,2022-07-05
8,22,8,14,0,Yadkin,2022-08-15
9,32,1,31,0,Alamance,2022-08-14
9,38,4,34,0,Alamance,2022-09-29
9,70,8,62,0,Alamance,2022-07-14
9,68,8,60,0,Alamance,2022-09-20
9,43,12,31,0,Alamance,2022-08-21
9,69,16,53,0,Alamance,2022-07-22
9,40,19,21,0,Alamance,2022-10-13
9,61,24,37,0,Alamance,2022-09-02
9,30,3,27,0,Beaufort,2022-07-27
9,26,3,23,0,Beaufort,2022-08-09
9,31,6,25,0,Beaufort,2022-07-26
9,29,7,22,0,Bladen,2022-07-18
9,30,4,26,0,Brunswick,2022-09-28
9,66,8,58,0,Brunswick,2022-05-24
9,41,8,33,0,Brunswick,2022-08-06
9,74,9,65,0,Brunswick,2022-05-23
9,62,12,50,0,Brunswick,2022-06-07
9,69,12,57,0,Brunswick,2022-06-22
9,47,13,34,0,Brunswick,2022-06-04
9,87,14,73,0,Brunswick,2022-05-16
9,65,18,47,0,Brunswick,2022-07-08
9,36,11,25,0,Buncombe,2022-10-06
9,49,15,34,0,Buncombe,2022-06-25
9,53,15,38,0,Buncombe,2022-08-06
9,69,25,44,0,Buncombe,2022-09-07
9,93,26,67,0,Buncombe,2022-08-08
9,82,27,55,0,Buncombe,2022-08-11
9,92,28,64,0,Buncombe,2022-07-06
9,94,44,50,0,Buncombe,2022-07-01
9,103,48,55,0,Buncombe,2022-05-04
9,124,48,76,0,Buncombe,2022-05-17
9,30,4,26,0,Burke,2022-08-18
9,40,6,34,0,Cabarrus,2022-09-03
9,40,9,31,0,Cabarrus,2022-08-21
9,48,9,39,0,Cabarrus,2022-09-04
9,63,11,52,0,Cabarrus,2022-06-03
9,29,11,18,0,Cabarrus,2022-09-30
9,65,13,52,0,Cabarrus,2022-08-30
9,120,22,98,0,Cabarrus,2022-06-01
9,98,24,74,0,Cabarrus,2022-05-18
9,91,28,63,0,Cabarrus,2022-05-16
9,26,2,24,0,Caldwell,2022-09-04
9,49,3,46,0,Caldwell,2022-08-16
9,39,5,34,0,Caldwell,2022-06-29
9,47,5,42,0,Caldwell,2022-08-12
9,27,5,22,0,Caldwell,2022-09-28
9,41,6,35,0,Caldwell,2022-07-05
9,29,6,23,0,Caldwell,2022-07-15
9,50,6,44,0,Caldwell,2022-07-23
9,32,7,25,0,Caldwell,2022-07-10
9,40,7,33,0,Caldwell,2022-09-26
9,43,8,35,0,Caldwell,2022-07-08
9,59,8,51,0,Caldwell,2022-08-03
9,49,8,41,0,Caldwell,2022-09-01
9,57,10,47,0,Caldwell,2022-07-29
9,50,11,39,0,Caldwell,2022-07-21
9,49,11,38,0,Caldwell,2022-08-05
9,57,29,28,0,Carteret,2022-07-18
9,46,11,35,0,Catawba,2022-07-31
9,41,14,27,0,Catawba,2022-06-07
9,36,15,21,0,Catawba,2022-06-17
9,52,17,35,0,Catawba,2022-07-23
9,63,22,41,0,Catawba,2022-05-17
9,53,23,30,0,Catawba,2022-07-16
9,67,32,35,0,Catawba,2022-05-23
9,86,53,33,0,Catawba,2022-06-13
9,50,8,42,0,Chatham,2022-07-25
9,27,4,23,0,Cleveland,2022-06-01
9,45,6,39,0,Cleveland,2022-07-07
9,42,7,35,0,Cleveland,2022-08-17
9,34,8,26,0,Cleveland,2022-06-29
9,56,11,45,0,Cleveland,2022-07-06
9,35,18,17,0,Columbus,2022-07-11
9,38,25,13,0,Columbus,2022-07-25
9,87,19,68,0,Craven,2022-07-05
9,83,30,53,0,Craven,2022-07-18
9,39,8,31,0,Cumberland,2022-10-14
9,60,10,50,0,Cumberland,2022-09-29
9,67,12,55,0,Cumberland,2022-08-14
9,59,12,47,0,Cumberland,2022-10-17
9,79,16,63,0,Cumberland,2022-07-02
9,108,23,85,0,Cumberland,2022-05-25
9,158,36,122,0,Cumberland,2022-06-20
9,60,3,57,0,Davidson,2022-07-31
9,33,11,22,0,Davidson,2022-10-24
9,68,15,53,0,Davidson,2022-05-24
9,53,15,38,0,Davidson,2022-09-02
9,53,16,37,0,Davidson,2022-06-20
9,65,16,49,0,Davidson,2022-08-02
9,64,16,48,0,Davidson,2022-09-15
9,35,19,16,0,Davidson,2022-10-12
9,67,21,46,0,Davidson,2022-08-18
9,38,14,24,0,Davie,2022-08-01
9,27,12,15,0,Duplin,2022-07-14
9,43,23,20,0,Duplin,2022-08-02
9,48,34,14,0,Duplin,2022-07-11
9,50,2,48,0,Durham,2022-10-27
9,96,4,92,0,Durham,2022-07-17
9,39,4,35,0,Durham,2022-10-18
9,42,5,37,0,Durham,2022-09-05
9,48,6,42,0,Durham,2022-10-10
9,108,7,101,0,Durham,2022-06-18
9,99,10,89,0,Durham,2022-07-30
9,145,12,133,0,Durham,2022-05-28
9,184,14,170,0,Durham,2022-05-04
9,117,18,99,0,Durham,2022-06-11
9,158,19,139,0,Durham,2022-06-14
9,49,2,47,0,Edgecombe,2022-07-25
9,38,2,36,0,Edgecombe,2022-08-08
9,29,3,26,0,Edgecombe,2022-07-07
9,35,4,31,0,Edgecombe,2022-07-14
9,38,5,33,0,Edgecombe,2022-07-20
9,49,7,42,0,Edgecombe,2022-08-02
9,87,5,82,0,Forsyth,2022-05-14
9,44,7,37,0,Forsyth,2022-10-14
9,58,10,48,0,Forsyth,2022-09-18
9,60,10,50,0,Forsyth,2022-10-25
9,55,15,40,0,Forsyth,2022-10-18
9,139,16,123,0,Forsyth,2022-06-15
9,83,16,67,0,Forsyth,2022-07-16
9,141,28,113,0,Forsyth,2022-05-12
9,47,2,45,0,Franklin,2022-05-25
9,23,3,20,0,Franklin,2022-07-31
9,30,3,27,0,Franklin,2022-08-09
9,29,4,25,0,Franklin,2022-09-14
9,42,5,37,0,Franklin,2022-08-01
9,40,6,34,0,Franklin,2022-05-12
9,30,6,24,0,Franklin,2022-09-13
9,62,4,58,0,Gaston,2022-07-30
9,57,8,49,0,Gaston,2022-06-12
9,73,9,64,0,Gaston,2022-07-09
9,53,12,41,0,Gaston,2022-05-26
9,77,15,62,0,Gaston,2022-05-24
9,28,1,27,0,Granville,2022-10-27
9,33,9,24,0,Granville,2022-08-05
9,26,12,14,0,Granville,2022-07-21
9,52,9,43,0,Guilford,2022-10-27
9,46,11,35,0,Guilford,2022-10-22
9,81,29,52,0,Guilford,2022-09-30
9,21,2,19,0,Halifax,2022-05-20
9,42,5,37,0,Halifax,2022-07-27
9,43,9,34,0,Halifax,2022-07-05
9,40,9,31,0,Halifax,2022-07-28
9,47,6,41,0,Harnett,2022-09-19
9,40,7,33,0,Harnett,2022-06-14
9,38,8,30,0,Harnett,2022-07-31
9,33,10,23,0,Harnett,2022-09-01
9,48,11,37,0,Harnett,2022-06-30
9,59,11,48,0,Harnett,2022-07-06
9,54,15,39,0,Harnett,2022-07-26
9,74,16,58,0,Harnett,2022-07-19
9,68,28,40,0,Harnett,2022-07-05
9,50,18,32,0,Henderson,2022-07-15
9,69,21,48,0,Henderson,2022-07-26
9,26,5,21,0,Hoke,2022-06-30
9,20,10,10,0,Hoke,2022-09-05
9,47,12,35,0,Hoke,2022-07-25
9,43,13,30,0,Iredell,2022-08-26
9,32,17,15,0,Iredell,2022-10-17
9,41,22,19,0,Iredell,2022-09-15
9,40,23,17,0,Iredell,2022-09-26
9,77,31,46,0,Iredell,2022-05-17
9,69,31,38,0,Iredell,2022-09-07
9,75,32,43,0,Iredell,2022-06-01
9,34,4,30,0,Johnston,2022-10-27
9,51,10,41,0,Johnston,2022-06-19
9,49,11,38,0,Johnston,2022-09-27
9,66,12,54,0,Johnston,2022-06-03
9,65,14,51,0,Johnston,2022-06-23
9,53,16,37,0,Johnston,2022-09-16
9,75,18,57,0,Johnston,2022-07-01
9,99,22,77,0,Johnston,2022-05-27
9,112,29,83,0,Johnston,2022-06-02
9,23,5,18,0,Lenoir,2022-08-16
9,31,8,23,0,Lenoir,2022-07-12
9,48,25,23,0,Lenoir,2022-06-20
9,20,4,16,0,Lincoln,2022-08-11
9,41,6,35,0,Lincoln,2022-05-31
9,29,7,22,0,Lincoln,2022-09-13
9,43,9,34,0,Lincoln,2022-08-02
9,37,10,27,0,Lincoln,2022-08-16
9,40,12,28,0,Lincoln,2022-06-20
9,30,14,16,0,Lincoln,2022-10-10
9,21,4,17,0,Macon,2022-08-08
9,25,3,22,0,McDowell,2022-08-30
9,301,46,255,0,Mecklenburg,2022-05-15
9,24,10,14,0,Moore,2022-08-30
9,27,11,16,0,Moore,2022-07-08
9,37,14,23,0,Moore,2022-06-15
9,35,17,18,0,Moore,2022-09-22
9,65,23,42,0,Moore,2022-07-21
9,36,6,30,0,Nash,2022-06-02
9,27,6,21,0,Nash,2022-06-29
9,25,6,19,0,Nash,2022-07-10
9,48,7,41,0,Nash,2022-07-25
9,40,16,24,0,Nash,2022-06-30
9,41,17,24,0,Nash,2022-06-20
9,50,17,33,0,Nash,2022-08-30
9,80,11,69,0,New Hanover,2022-06-20
9,70,17,53,0,New Hanover,2022-07-16
9,75,18,57,0,New Hanover,2022-07-01
9,84,24,60,0,New Hanover,2022-08-03
9,80,24,56,0,New Hanover,2022-08-09
9,62,8,54,0,Onslow,2022-09-19
9,65,11,54,0,Onslow,2022-06-20
9,71,14,57,0,Onslow,2022-05-11
9,87,15,72,0,Onslow,2022-07-14
9,55,0,55,0,Orange,2022-08-10
9,41,2,39,0,Orange,2022-08-09
9,17,3,14,0,Pitt,2022-09-30
9,78,5,73,0,Pitt,2022-07-07
9,82,7,75,0,Pitt,2022-08-22
9,113,11,102,0,Pitt,2022-06-13
9,95,15,80,0,Pitt,2022-05-16
9,46,13,33,0,Randolph,2022-09-13
9,40,16,24,0,Randolph,2022-06-23
9,44,24,20,0,Randolph,2022-07-08
9,50,27,23,0,Randolph,2022-05-16
9,45,17,28,0,Richmond,2022-07-11
9,23,14,9,0,Robeson,2022-07-09
9,35,15,20,0,Robeson,2022-09-03
9,48,17,31,0,Robeson,2022-05-13
9,35,17,18,0,Robeson,2022-09-05
9,37,24,13,0,Robeson,2022-07-03
9,82,34,48,0,Robeson,2022-08-03
9,33,6,27,0,Rockingham,2022-06-29
9,37,10,27,0,Rockingham,2022-09-06
9,33,3,30,0,Rowan,2022-08-20
9,39,11,28,0,Rowan,2022-09-19
9,40,12,28,0,Rowan,2022-09-13
9,59,14,45,0,Rowan,2022-06-28
9,32,8,24,0,Rutherford,2022-07-06
9,25,9,16,0,Rutherford,2022-07-07
9,31,15,16,0,Rutherford,2022-08-18
9,44,31,13,0,Sampson,2022-07-19
9,47,2,45,0,Stanly,2022-07-21
9,41,8,33,0,Stanly,2022-08-08
9,29,11,18,0,Stokes,2022-08-15
9,35,10,25,0,Surry,2022-08-28
9,34,11,23,0,Surry,2022-05-17
9,43,13,30,0,Surry,2022-08-17
9,55,14,41,0,Surry,2022-08-04
9,49,14,35,0,Surry,2022-08-05
9,37,16,21,0,Surry,2022-05-23
9,61,20,41,0,Surry,2022-08-03
9,56,25,31,0,Surry,2022-07-21
9,34,2,32,0,Union,2022-10-11
9,41,5,36,0,Union,2022-08-28
9,34,5,29,0,Union,2022-10-28
9,48,6,42,0,Union,2022-09-04
9,52,7,45,0,Union,2022-05-22
9,50,7,43,0,Union,2022-09-15
9,71,8,63,0,Union,2022-05-12
9,52,9,43,0,Union,2022-06-25
9,42,9,33,0,Union,2022-09-27
9,85,10,75,0,Union,2022-05-13
9,37,10,27,0,Union,2022-09-05
9,102,12,90,0,Union,2022-05-16
9,108,12,96,0,Union,2022-05-31
9,80,14,66,0,Union,2022-08-29
9,98,15,83,0,Union,2022-07-23
9,20,7,13,0,Vance,2022-08-11
9,34,9,25,0,Vance,2022-06-29
9,29,9,20,0,Vance,2022-08-10
9,60,9,51,0,Wake,2022-10-09
9,84,10,74,0,Wake,2022-10-21
9,94,12,82,0,Wake,2022-10-01
9,111,13,98,0,Wake,2022-10-18
9,105,18,87,0,Wake,2022-10-02
9,27,7,20,0,Watauga,2022-09-08
9,31,7,24,0,Wayne,2022-08-07
9,27,10,17,0,Wayne,2022-09-10
9,50,21,29,0,Wayne,2022-06-20
9,33,21,12,0,Wayne,2022-10-04
9,42,22,20,0,Wayne,2022-09-02
9,101,47,54,0,Wayne,2022-08-02
9,35,14,21,0,Wilkes,2022-07-14
9,31,19,12,0,Wilkes,2022-08-27
9,39,23,16,0,Wilkes,2022-07-18
9,45,24,21,0,Wilkes,2022-08-02
9,40,14,26,0,Wilson,2022-08-16
9,35,16,19,0,Wilson,2022-06-23
9,42,16,26,0,Wilson,2022-07-29
9,35,18,17,0,Wilson,2022-08-22
9,25,10,15,0,Yadkin,2022-09-13
9,28,13,15,0,Yadkin,2022-06-15
9,39,14,25,0,Yadkin,2022-07-25
10,35,2,33,0,Alamance,2022-10-10
10,76,7,69,0,Alamance,2022-08-02
10,34,7,27,0,Alamance,2022-10-04
10,55,8,47,0,Alamance,2022-07-29
10,51,8,43,0,Alamance,2022-08-19
10,61,13,48,0,Alamance,2022-06-15
10,60,13,47,0,Alamance,2022-08-24
10,58,14,44,0,Alamance,2022-06-09
10,90,15,75,0,Alamance,2022-05-13
10,59,19,40,0,Alamance,2022-07-15
10,31,5,26,0,Alexander,2022-08-22
10,31,6,25,0,Alexander,2022-07-29
10,30,5,25,0,Beaufort,2022-07-14
10,50,7,43,0,Beaufort,2022-07-18
10,44,15,29,0,Beaufort,2022-07-25
10,42,16,26,0,Beaufort,2022-08-04
10,56,4,52,0,Brunswick,2022-06-23
10,56,9,47,0,Brunswick,2022-07-23
10,66,9,57,0,Brunswick,2022-07-26
10,80,21,59,0,Brunswick,2022-06-27
10,58,17,41,0,Buncombe,2022-07-16
10,85,25,60,0,Buncombe,2022-09-06
10,84,28,56,0,Buncombe,2022-06-16
10,101,47,54,0,Buncombe,2022-06-07
10,32,5,27,0,Burke,2022-09-16
10,70,9,61,0,Burke,2022-08-01
10,58,10,48,0,Cabarrus,2022-06-26
10,79,14,65,0,Cabarrus,2022-06-17
10,73,14,59,0,Cabarrus,2022-06-20
10,75,15,60,0,Cabarrus,2022-08-05
10,110,22,88,0,Cabarrus,2022-06-06
10,107,24,83,0,Cabarrus,2022-05-13
10,58,5,53,0,Caldwell,2022-07-22
10,60,6,54,0,Caldwell,2022-08-10
10,54,9,45,0,Caldwell,2022-08-22
10,39,10,29,0,Caldwell,2022-07-24
10,48,10,38,0,Caldwell,2022-08-31
10,41,14,27,0,Catawba,2022-07-04
10,47,17,30,0,Catawba,2022-09-14
10,54,23,31,0,Catawba,2022-06-22
10,62,28,34,0,Catawba,2022-05-26
10,57,31,26,0,Catawba,2022-06-06
10,53,4,49,0,Cleveland,2022-07-14
10,63,6,57,0,Cleveland,2022-07-21
10,52,8,44,0,Cleveland,2022-07-13
10,51,11,40,0,Cleveland,2022-08-09
10,49,13,36,0,Cleveland,2022-08-25
10,48,15,33,0,Cleveland,2022-09-08
10,37,21,16,0,Columbus,2022-07-05
10,43,20,23,0,Craven,2022-07-22
10,128,10,118,0,Cumberland,2022-08-16
10,72,16,56,0,Cumberland,2022-08-20
10,89,17,72,0,Cumberland,2022-09-26
10,94,19,75,0,Cumberland,2022-07-16
10,107,20,87,0,Cumberland,2022-06-15
10,134,24,110,0,Cumberland,2022-06-09
10,41,6,35,0,Davidson,2022-09-28
10,48,9,39,0,Davidson,2022-06-30
10,53,12,41,0,Davidson,2022-07-01
10,66,14,52,0,Davidson,2022-06-01
10,46,16,30,0,Davidson,2022-06-23
10,39,18,21,0,Davidson,2022-10-06
10,65,19,46,0,Davidson,2022-06-27
10,52,19,33,0,Davidson,2022-06-28
10,39,16,23,0,Duplin,2022-08-04
10,31,21,10,0,Duplin,2022-06-23
10,88,4,84,0,Durham,2022-09-20
10,64,4,60,0,Durham,2022-09-23
10,59,5,54,0,Durham,2022-08-28
10,72,9,63,0,Durham,2022-09-28
10,58,11,47,0,Durham,2022-10-24
10,104,13,91,0,Durham,2022-06-05
10,205,18,187,0,Durham,2022-05-12
10,54,4,50,0,Edgecombe,2022-07-18
10,59,3,56,0,Forsyth,2022-08-20
10,49,4,45,0,Forsyth,2022-09-30
10,68,11,57,0,Forsyth,2022-10-27
10,139,24,115,0,Forsyth,2022-05-11
10,126,29,97,0,Forsyth,2022-05-04
10,49,6,43,0,Franklin,2022-05-17
10,77,11,66,0,Gaston,2022-06-17
10,50,11,39,0,Gaston,2022-06-25
10,90,12,78,0,Gaston,2022-07-01
10,42,8,34,0,Granville,2022-07-20
10,72,13,59,0,Guilford,2022-10-12
10,64,15,49,0,Guilford,2022-10-14
10,29,5,24,0,Halifax,2022-08-17
10,39,6,33,0,Halifax,2022-08-09
10,38,12,26,0,Halifax,2022-08-16
10,54,9,45,0,Harnett,2022-07-22
10,46,12,34,0,Harnett,2022-05-09
10,61,12,49,0,Harnett,2022-07-13
10,54,12,42,0,Harnett,2022-07-29
10,65,18,47,0,Harnett,2022-07-27
10,44,18,26,0,Henderson,2022-07-11
10,49,27,22,0,Henderson,2022-07-14
10,30,6,24,0,Hoke,2022-08-09
10,58,15,43,0,Iredell,2022-08-19
10,61,20,41,0,Iredell,2022-06-08
10,55,22,33,0,Iredell,2022-05-20
10,66,27,39,0,Iredell,2022-06-30
10,78,31,47,0,Iredell,2022-07-06
10,60,33,27,0,Iredell,2022-07-17
10,53,8,45,0,Johnston,2022-07-09
10,47,8,39,0,Johnston,2022-10-03
10,60,12,48,0,Johnston,2022-06-16
10,55,12,43,0,Johnston,2022-09-01
10,64,14,50,0,Johnston,2022-06-10
10,57,14,43,0,Johnston,2022-08-13
10,101,19,82,0,Johnston,2022-08-03
10,26,6,20,0,Lee,2022-07-14
10,31,7,24,0,Lee,2022-06-14
10,24,11,13,0,Lenoir,2022-08-12
10,58,19,39,0,Lenoir,2022-07-27
10,32,6,26,0,Lincoln,2022-08-03
10,34,4,30,0,McDowell,2022-08-25
10,97,26,71,0,Mecklenburg,2022-10-08
10,42,8,34,0,Nash,2022-07-19
10,48,8,40,0,Nash,2022-08-10
10,47,9,38,0,Nash,2022-07-08
10,41,13,28,0,Nash,2022-08-29
10,38,14,24,0,Nash,2022-09-12
10,51,16,35,0,Nash,2022-07-26
10,79,9,70,0,New Hanover,2022-06-13
10,87,12,75,0,New Hanover,2022-05-19
10,82,13,69,0,New Hanover,2022-08-15
10,112,15,97,0,New Hanover,2022-07-21
10,79,16,63,0,New Hanover,2022-06-06
10,109,30,79,0,New Hanover,2022-06-29
10,43,4,39,0,Onslow,2022-09-14
10,38,5,33,0,Onslow,2022-10-04
10,65,6,59,0,Onslow,2022-06-03
10,49,6,43,0,Onslow,2022-09-09
10,81,10,71,0,Onslow,2022-07-05
10,65,10,55,0,Onslow,2022-08-23
10,126,11,115,0,Onslow,2022-06-06
10,68,14,54,0,Onslow,2022-07-01
10,80,15,65,0,Onslow,2022-06-14
10,80,15,65,0,Onslow,2022-09-12
10,56,5,51,0,Orange,2022-08-18
10,73,6,67,0,Orange,2022-07-25
10,57,6,51,0,Orange,2022-07-26
10,103,10,93,0,Orange,2022-07-05
10,123,15,108,0,Orange,2022-05-23
10,79,8,71,0,Pitt,2022-06-23
10,63,8,55,0,Pitt,2022-09-19
10,63,11,52,0,Pitt,2022-05-11
10,46,12,34,0,Pitt,2022-09-26
10,50,13,37,0,Pitt,2022-09-02
10,73,17,56,0,Pitt,2022-08-24
10,91,19,72,0,Pitt,2022-08-29
10,48,27,21,0,Randolph,2022-08-19
10,47,28,19,0,Randolph,2022-08-24
10,69,29,40,0,Randolph,2022-08-01
10,33,17,16,0,Richmond,2022-09-07
10,75,27,48,0,Richmond,2022-07-18
10,32,19,13,0,Robeson,2022-10-24
10,42,21,21,0,Robeson,2022-09-02
10,52,27,25,0,Robeson,2022-06-03
10,78,40,38,0,Robeson,2022-06-15
10,32,4,28,0,Rockingham,2022-09-19
10,40,8,32,0,Rockingham,2022-07-18
10,40,8,32,0,Rockingham,2022-09-12
10,42,10,32,0,Rockingham,2022-08-05
10,41,14,27,0,Rockingham,2022-08-03
10,28,4,24,0,Rowan,2022-07-10
10,32,7,25,0,Rowan,2022-06-23
10,53,7,46,0,Rowan,2022-07-01
10,45,12,33,0,Rowan,2022-06-14
10,54,13,41,0,Rowan,2022-09-01
10,64,22,42,0,Rowan,2022-06-02
10,20,5,15,0,Rutherford,2022-08-17
10,49,26,23,0,Sampson,2022-08-02
10,48,29,19,0,Sampson,2022-07-12
10,31,2,29,0,Stanly,2022-08-11
10,26,2,24,0,Stanly,2022-09-14
10,28,3,25,0,Stanly,2022-09-09
10,55,21,34,0,Surry,2022-09-06
10,54,3,51,0,Union,2022-08-07
10,46,4,42,0,Union,2022-08-27
10,46,7,39,0,Union,2022-08-06
10,55,7,48,0,Union,2022-08-20
10,59,9,50,0,Union,2022-06-05
10,60,9,51,0,Union,2022-08-31
10,52,9,43,0,Union,2022-09-01
10,78,10,68,0,Union,2022-07-31
10,67,10,57,0,Union,2022-08-23
10,52,15,37,0,Union,2022-10-03
10,98,17,81,0,Union,2022-05-10
10,95,17,78,0,Union,2022-05-25
10,31,12,19,0,Vance,2022-07-05
10,37,13,24,0,Vance,2022-07-11
10,81,15,66,0,Wake,2022-09-25
10,93,15,78,0,Wake,2022-10-20
10,43,24,19,0,Wayne,2022-09-19
10,53,27,26,0,Wayne,2022-08-17
10,43,29,14,0,Wayne,2022-05-27
10,71,34,37,0,Wayne,2022-07-14
10,52,38,14,0,Wayne,2022-05-31
10,63,39,24,0,Wayne,2022-07-15
10,36,10,26,0,Wilkes,2022-08-11
10,28,18,10,0,Wilkes,2022-06-13
10,38,23,15,0,Wilkes,2022-08-31
10,37,24,13,0,Wilkes,2022-07-22
10,24,13,11,0,Wilson,2022-09-19
10,31,14,17,0,Wilson,2022-08-23
10,47,19,28,0,Wilson,2022-07-28
10,27,18,9,0,Yancey,2022-06-06
11,47,4,43,0,Alamance,2022-09-27
11,57,5,52,0,Alamance,2022-06-14
11,40,5,35,0,Alamance,2022-08-07
11,47,5,42,0,Alamance,2022-09-21
11,89,6,83,0,Alamance,2022-05-26
11,78,12,66,0,Alamance,2022-05-11
11,73,14,59,0,Alamance,2022-05-12
11,72,15,57,0,Alamance,2022-09-13
11,73,17,56,0,Alamance,2022-08-23
11,37,6,31,0,Beaufort,2022-07-20
11,20,11,9,0,Beaufort,2022-09-20
11,51,8,43,0,Brunswick,2022-06-26
11,100,12,88,0,Brunswick,2022-07-05
11,71,14,57,0,Brunswick,2022-07-28
11,85,18,67,0,Brunswick,2022-08-01
11,48,16,32,0,Buncombe,2022-10-17
11,63,20,43,0,Buncombe,2022-08-16
11,59,23,36,0,Buncombe,2022-09-02
11,73,26,47,0,Buncombe,2022-09-15
11,113,32,81,0,Buncombe,2022-06-30
11,104,37,67,0,Buncombe,2022-07-28
11,92,37,55,0,Buncombe,2022-08-10
11,47,4,43,0,Burke,2022-09-13
11,70,7,63,0,Cabarrus,2022-06-29
11,70,11,59,0,Cabarrus,2022-08-09
11,74,16,58,0,Cabarrus,2022-09-09
11,50,8,42,0,Caldwell,2022-08-04
11,66,9,57,0,Caldwell,2022-09-13
11,59,13,46,0,Caldwell,2022-09-08
11,50,16,34,0,Catawba,2022-08-26
11,55,20,35,0,Catawba,2022-08-31
11,51,21,30,0,Catawba,2022-06-23
11,43,26,17,0,Catawba,2022-10-03
11,66,28,38,0,Catawba,2022-05-16
11,69,28,41,0,Catawba,2022-07-13
11,87,29,58,0,Catawba,2022-06-29
11,62,33,29,0,Catawba,2022-06-24
11,62,5,57,0,Cleveland,2022-07-19
11,62,5,57,0,Cleveland,2022-08-31
11,52,8,44,0,Cleveland,2022-08-11
11,53,9,44,0,Cleveland,2022-08-19
11,48,31,17,0,Columbus,2022-07-18
11,53,26,27,0,Craven,2022-08-08
11,55,29,26,0,Craven,2022-05-09
11,89,41,48,0,Craven,2022-07-26
11,26,5,21,0,Davidson,2022-09-04
11,58,11,47,0,Davidson,2022-07-05
11,84,13,71,0,Davidson,2022-08-03
11,38,24,14,0,Davidson,2022-10-14
11,33,16,17,0,Davie,2022-06-27
11,108,3,105,0,Durham,2022-05-15
11,92,3,89,0,Durham,2022-07-31
11,105,5,100,0,Durham,2022-07-03
11,103,5,98,0,Durham,2022-07-09
11,56,5,51,0,Durham,2022-09-04
11,110,5,105,0,Durham,2022-09-19
11,97,6,91,0,Durham,2022-07-24
11,78,7,71,0,Durham,2022-09-16
11,151,11,140,0,Durham,2022-06-17
11,152,23,129,0,Durham,2022-06-09
11,192,25,167,0,Durham,2022-06-21
11,50,2,48,0,Edgecombe,2022-08-03
11,38,3,35,0,Edgecombe,2022-07-28
11,32,3,29,0,Edgecombe,2022-08-17
11,43,4,39,0,Edgecombe,2022-07-22
11,35,8,27,0,Edgecombe,2022-09-06
11,104,10,94,0,Forsyth,2022-07-23
11,99,17,82,0,Forsyth,2022-05-29
11,102,18,84,0,Forsyth,2022-06-17
11,99,20,79,0,Forsyth,2022-07-24
11,74,22,52,0,Forsyth,2022-10-24
11,44,5,39,0,Franklin,2022-08-03
11,48,7,41,0,Franklin,2022-07-27
11,40,12,28,0,Franklin,2022-06-23
11,52,10,42,0,Gaston,2022-08-28
11,75,11,64,0,Gaston,2022-06-08
11,64,11,53,0,Gaston,2022-08-07
11,54,11,43,0,Gaston,2022-09-14
11,75,16,59,0,Gaston,2022-06-15
11,82,16,66,0,Gaston,2022-07-15
11,76,18,58,0,Gaston,2022-09-02
11,54,10,44,0,Guilford,2022-10-17
11,84,17,67,0,Guilford,2022-06-26
11,130,18,112,0,Guilford,2022-05-15
11,145,26,119,0,Guilford,2022-09-02
11,157,34,123,0,Guilford,2022-05-22
11,49,10,39,0,Harnett,2022-08-16
11,61,10,51,0,Harnett,2022-09-08
11,51,14,37,0,Henderson,2022-08-02
11,34,7,27,0,Hoke,2022-09-12
11,59,14,45,0,Iredell,2022-07-15
11,45,26,19,0,Iredell,2022-10-11
11,62,30,32,0,Iredell,2022-08-31
11,78,37,41,0,Iredell,2022-07-05
11,89,41,48,0,Iredell,2022-09-06
11,88,49,39,0,Iredell,2022-08-02
11,79,6,73,0,Johnston,2022-07-23
11,72,14,58,0,Johnston,2022-06-20
11,73,15,58,0,Johnston,2022-06-30
11,87,17,70,0,Johnston,2022-07-07
11,69,17,52,0,Johnston,2022-07-22
11,92,19,73,0,Johnston,2022-08-04
11,81,21,60,0,Johnston,2022-08-16
11,61,22,39,0,Johnston,2022-09-21
11,85,27,58,0,Johnston,2022-09-13
11,41,14,27,0,Lenoir,2022-07-29
11,45,17,28,0,Lenoir,2022-07-05
11,48,20,28,0,Lenoir,2022-08-01
11,39,9,30,0,Lincoln,2022-08-30
11,121,20,101,0,Mecklenburg,2022-10-18
11,36,11,25,0,Moore,2022-09-21
11,52,18,34,0,Moore,2022-09-06
11,43,9,34,0,Nash,2022-07-20
11,64,16,48,0,Nash,2022-07-07
11,67,14,53,0,New Hanover,2022-07-23
11,60,15,45,0,New Hanover,2022-09-01
11,139,28,111,0,New Hanover,2022-07-18
11,76,29,47,0,New Hanover,2022-08-30
11,69,3,66,0,Onslow,2022-08-17
11,43,10,33,0,Onslow,2022-08-13
11,88,12,76,0,Onslow,2022-05-18
11,84,12,72,0,Onslow,2022-07-15
11,97,14,83,0,Onslow,2022-06-27
11,56,6,50,0,Pitt,2022-05-20
11,66,7,59,0,Pitt,2022-06-03
11,100,7,93,0,Pitt,2022-06-29
11,50,8,42,0,Pitt,2022-07-23
11,72,10,62,0,Pitt,2022-06-07
11,91,15,76,0,Pitt,2022-05-18
11,40,17,23,0,Randolph,2022-08-18
11,38,19,19,0,Randolph,2022-08-25
11,38,23,15,0,Randolph,2022-08-29
11,57,26,31,0,Randolph,2022-07-13
11,53,30,23,0,Randolph,2022-09-06
11,45,18,27,0,Robeson,2022-08-07
11,53,22,31,0,Robeson,2022-09-14
11,63,34,29,0,Robeson,2022-05-24
11,48,34,14,0,Robeson,2022-07-17
11,62,35,27,0,Robeson,2022-06-27
11,84,43,41,0,Robeson,2022-05-17
11,69,44,25,0,Robeson,2022-05-25
11,40,6,34,0,Rockingham,2022-05-18
11,36,5,31,0,Rowan,2022-09-09
11,39,11,28,0,Rowan,2022-06-13
11,68,13,55,0,Rowan,2022-08-25
11,57,16,41,0,Rowan,2022-07-14
11,79,16,63,0,Rowan,2022-08-23
11,81,26,55,0,Rowan,2022-05-31
11,37,3,34,0,Stanly,2022-08-10
11,43,10,33,0,Stanly,2022-09-07
11,45,16,29,0,Surry,2022-07-12
11,63,20,43,0,Surry,2022-07-26
11,80,3,77,0,Union,2022-08-17
11,48,4,44,0,Union,2022-09-16
11,85,8,77,0,Union,2022-06-02
11,72,8,64,0,Union,2022-08-19
11,56,9,47,0,Union,2022-08-14
11,53,9,44,0,Union,2022-08-21
11,96,10,86,0,Union,2022-07-07
11,67,12,55,0,Union,2022-09-21
11,99,14,85,0,Union,2022-06-06
11,69,16,53,0,Union,2022-07-16
11,64,16,48,0,Union,2022-09-19
11,82,18,64,0,Union,2022-09-07
11,110,20,90,0,Union,2022-06-29
11,36,8,28,0,Vance,2022-09-06
11,40,14,26,0,Vance,2022-07-25
11,53,32,21,0,Wayne,2022-08-12
11,62,35,27,0,Wayne,2022-08-18
11,64,37,27,0,Wayne,2022-08-10
11,83,40,43,0,Wayne,2022-08-04
11,78,46,32,0,Wayne,2022-07-12
11,29,17,12,0,Wilkes,2022-08-22
11,31,21,10,0,Wilkes,2022-06-23
11,19,8,11,0,Wilson,2022-10-03
11,50,19,31,0,Wilson,2022-07-11
11,45,25,20,0,Wilson,2022-07-22
11,29,10,19,0,Yadkin,2022-08-05
12,51,10,41,0,Alamance,2022-09-09
12,62,11,51,0,Alamance,2022-08-11
12,79,20,59,0,Alamance,2022-07-20
12,33,2,31,0,Anson,2022-06-20
12,43,9,34,0,Beaufort,2022-07-19
12,51,7,44,0,Brunswick,2022-09-14
12,83,17,66,0,Brunswick,2022-07-20
12,56,17,39,0,Brunswick,2022-08-15
12,78,25,53,0,Buncombe,2022-08-22
12,104,33,71,0,Buncombe,2022-06-28
12,86,33,53,0,Buncombe,2022-08-29
12,98,36,62,0,Buncombe,2022-08-04
12,97,41,56,0,Buncombe,2022-07-12
12,121,46,75,0,Buncombe,2022-06-01
12,129,48,81,0,Buncombe,2022-07-05
12,153,58,95,0,Buncombe,2022-05-25
12,66,15,51,0,Burke,2022-09-06
12,70,7,63,0,Cabarrus,2022-08-23
12,58,9,49,0,Cabarrus,2022-09-02
12,75,11,64,0,Cabarrus,2022-06-08
12,81,11,70,0,Cabarrus,2022-07-30
12,69,13,56,0,Cabarrus,2022-08-26
12,68,15,53,0,Cabarrus,2022-07-23
12,79,19,60,0,Cabarrus,2022-06-15
12,39,6,33,0,Caldwell,2022-07-06
12,41,7,34,0,Caldwell,2022-07-13
12,45,7,38,0,Caldwell,2022-08-18
12,68,7,61,0,Caldwell,2022-09-07
12,48,8,40,0,Caldwell,2022-08-02
12,41,10,31,0,Caldwell,2022-09-10
12,75,17,58,0,Caldwell,2022-09-06
12,57,19,38,0,Catawba,2022-06-21
12,56,28,28,0,Catawba,2022-06-15
12,61,30,31,0,Catawba,2022-05-24
12,68,32,36,0,Catawba,2022-09-01
12,71,35,36,0,Catawba,2022-07-14
12,93,43,50,0,Catawba,2022-08-04
12,57,5,52,0,Cleveland,2022-08-15
12,88,35,53,0,Craven,2022-07-25
12,111,10,101,0,Cumberland,2022-06-10
12,93,12,81,0,Cumberland,2022-09-14
12,74,13,61,0,Cumberland,2022-10-03
12,72,14,58,0,Cumberland,2022-09-10
12,70,16,54,0,Cumberland,2022-05-28
12,145,20,125,0,Cumberland,2022-08-04
12,142,27,115,0,Cumberland,2022-06-07
12,55,14,41,0,Davidson,2022-08-25
12,86,17,69,0,Davidson,2022-05-31
12,76,17,59,0,Davidson,2022-07-20
12,80,19,61,0,Davidson,2022-06-06
12,74,19,55,0,Davidson,2022-07-22
12,55,29,26,0,Duplin,2022-08-01
12,60,30,30,0,Duplin,2022-07-19
12,148,8,140,0,Durham,2022-05-13
12,166,9,157,0,Durham,2022-05-20
12,151,12,139,0,Durham,2022-06-10
12,220,15,205,0,Durham,2022-05-17
12,37,0,37,0,Edgecombe,2022-08-24
12,71,4,67,0,Forsyth,2022-06-26
12,76,7,69,0,Forsyth,2022-08-27
12,65,10,55,0,Forsyth,2022-10-07
12,82,12,70,0,Forsyth,2022-06-12
12,84,14,70,0,Forsyth,2022-05-15
12,112,26,86,0,Forsyth,2022-05-03
12,167,36,131,0,Forsyth,2022-05-13
12,42,7,35,0,Franklin,2022-09-12
12,52,7,45,0,Gaston,2022-09-13
12,65,8,57,0,Gaston,2022-06-18
12,45,8,37,0,Gaston,2022-09-19
12,80,11,69,0,Gaston,2022-05-19
12,87,13,74,0,Gaston,2022-06-02
12,113,14,99,0,Gaston,2022-07-12
12,80,13,67,0,Guilford,2022-09-18
12,161,34,127,0,Guilford,2022-07-01
12,39,3,36,0,Halifax,2022-06-06
12,42,6,36,0,Halifax,2022-07-26
12,57,7,50,0,Halifax,2022-07-18
12,49,13,36,0,Halifax,2022-07-21
12,62,10,52,0,Harnett,2022-08-04
12,64,17,47,0,Harnett,2022-07-07
12,55,17,38,0,Iredell,2022-09-09
12,34,19,15,0,Iredell,2022-10-03
12,61,22,39,0,Iredell,2022-07-22
12,76,31,45,0,Iredell,2022-07-11
12,65,32,33,0,Iredell,2022-09-13
12,91,51,40,0,Iredell,2022-08-04
12,76,16,60,0,Johnston,2022-08-09
12,50,16,34,0,Johnston,2022-09-10
12,78,19,59,0,Johnston,2022-07-08
12,88,27,61,0,Johnston,2022-08-02
12,52,12,40,0,Lenoir,2022-08-03
12,43,14,29,0,Lenoir,2022-08-10
12,76,10,66,0,Mecklenburg,2022-10-22
12,45,13,32,0,Moore,2022-07-26
12,59,22,37,0,Moore,2022-09-12
12,26,3,23,0,Nash,2022-07-17
12,39,9,30,0,Nash,2022-07-13
12,45,12,33,0,Nash,2022-06-06
12,97,17,80,0,New Hanover,2022-06-22
12,66,18,48,0,New Hanover,2022-08-16
12,99,21,78,0,New Hanover,2022-07-07
12,118,34,84,0,New Hanover,2022-07-19
12,100,35,65,0,New Hanover,2022-07-11
12,53,4,49,0,Onslow,2022-09-15
12,80,5,75,0,Onslow,2022-08-29
12,51,7,44,0,Onslow,2022-09-27
12,106,9,97,0,Onslow,2022-05-23
12,110,9,101,0,Onslow,2022-06-01
12,68,9,59,0,Onslow,2022-06-23
12,100,11,89,0,Pitt,2022-06-01
12,69,13,56,0,Pitt,2022-08-18
12,99,21,78,0,Pitt,2022-08-31
12,50,23,27,0,Randolph,2022-09-07
12,43,29,14,0,Randolph,2022-07-12
12,73,37,36,0,Randolph,2022-08-09
12,49,17,32,0,Richmond,2022-07-25
12,46,16,30,0,Robeson,2022-09-22
12,35,18,17,0,Robeson,2022-06-17
12,38,22,16,0,Robeson,2022-09-26
12,43,24,19,0,Robeson,2022-09-21
12,56,25,31,0,Robeson,2022-09-20
12,66,28,38,0,Robeson,2022-05-16
12,53,31,22,0,Robeson,2022-05-11
12,62,35,27,0,Robeson,2022-08-10
12,81,45,36,0,Robeson,2022-05-19
12,37,6,31,0,Rowan,2022-09-26
12,43,9,34,0,Rowan,2022-05-17
12,34,1,33,0,Stanly,2022-08-02
12,40,4,36,0,Stanly,2022-07-25
12,27,4,23,0,Stanly,2022-09-19
12,31,6,25,0,Stokes,2022-09-19
12,40,6,34,0,Surry,2022-09-13
12,49,9,40,0,Surry,2022-08-11
12,44,17,27,0,Surry,2022-08-24
12,31,5,26,0,Union,2022-10-05
12,77,7,70,0,Union,2022-08-16
12,84,10,74,0,Union,2022-05-26
12,79,12,67,0,Union,2022-06-23
12,65,12,53,0,Union,2022-09-08
12,84,13,71,0,Union,2022-06-09
12,80,17,63,0,Union,2022-06-13
12,108,19,89,0,Union,2022-08-08
12,72,5,67,0,Wake,2022-10-29
12,119,22,97,0,Wake,2022-10-04
12,69,34,35,0,Wayne,2022-06-30
12,34,9,25,0,Wilson,2022-06-22
12,54,27,27,0,Wilson,2022-07-26
12,63,28,35,0,Wilson,2022-07-19
12,51,32,19,0,Wilson,2022-07-21
12,15,7,8,0,Yadkin,2022-09-19
13,53,6,47,0,Alamance,2022-08-16
13,80,7,73,0,Alamance,2022-05-25
13,64,7,57,0,Alamance,2022-09-19
13,93,12,81,0,Alamance,2022-06-01
13,88,13,75,0,Alamance,2022-08-08
13,93,18,75,0,Alamance,2022-06-06
13,74,18,56,0,Alamance,2022-08-25
13,104,44,60,0,Alamance,2022-08-29
13,63,15,48,0,Brunswick,2022-08-02
13,82,21,61,0,Buncombe,2022-07-08
13,74,26,48,0,Buncombe,2022-08-12
13,100,32,68,0,Buncombe,2022-06-02
13,105,35,70,0,Buncombe,2022-07-21
13,98,44,54,0,Buncombe,2022-07-07
13,184,51,133,0,Buncombe,2022-05-31
13,61,8,53,0,Cabarrus,2022-06-19
13,60,8,52,0,Cabarrus,2022-09-14
13,57,10,47,0,Cabarrus,2022-09-16
13,116,20,96,0,Cabarrus,2022-07-25
13,77,10,67,0,Caldwell,2022-08-01
13,58,16,42,0,Catawba,2022-09-20
13,82,24,58,0,Catawba,2022-07-27
13,63,29,34,0,Catawba,2022-08-19
13,70,35,35,0,Catawba,2022-08-29
13,100,52,48,0,Catawba,2022-07-21
13,52,9,43,0,Cleveland,2022-09-01
13,47,10,37,0,Cleveland,2022-09-06
13,55,11,44,0,Cleveland,2022-08-29
13,106,15,91,0,Cumberland,2022-08-25
13,85,16,69,0,Cumberland,2022-07-24
13,107,17,90,0,Cumberland,2022-06-17
13,132,17,115,0,Cumberland,2022-08-05
13,124,19,105,0,Cumberland,2022-05-11
13,122,22,100,0,Cumberland,2022-05-12
13,140,22,118,0,Cumberland,2022-06-08
13,115,22,93,0,Cumberland,2022-07-09
13,118,25,93,0,Cumberland,2022-08-30
13,150,26,124,0,Cumberland,2022-05-26
13,141,32,109,0,Cumberland,2022-06-13
13,101,34,67,0,Cumberland,2022-07-17
13,62,8,54,0,Davidson,2022-07-23
13,56,11,45,0,Davidson,2022-08-23
13,72,23,49,0,Davidson,2022-07-29
13,74,25,49,0,Davidson,2022-09-08
13,46,26,20,0,Davidson,2022-10-18
13,102,29,73,0,Davidson,2022-08-08
13,41,17,24,0,Duplin,2022-08-09
13,86,55,31,0,Duplin,2022-07-25
13,93,4,89,0,Durham,2022-08-19
13,95,7,88,0,Durham,2022-08-13
13,94,8,86,0,Durham,2022-08-26
13,85,8,77,0,Durham,2022-09-09
13,128,10,118,0,Durham,2022-08-18
13,92,11,81,0,Durham,2022-09-22
13,183,14,169,0,Durham,2022-05-05
13,93,15,78,0,Forsyth,2022-07-10
13,144,31,113,0,Forsyth,2022-06-20
13,48,8,40,0,Franklin,2022-05-26
13,61,15,46,0,Franklin,2022-09-06
13,83,12,71,0,Gaston,2022-09-06
13,102,22,80,0,Gaston,2022-05-31
13,121,19,102,0,Guilford,2022-09-16
13,155,23,132,0,Guilford,2022-06-15
13,172,45,127,0,Guilford,2022-05-04
13,43,11,32,0,Harnett,2022-09-15
13,51,16,35,0,Harnett,2022-08-29
13,84,25,59,0,Harnett,2022-07-18
13,69,25,44,0,Henderson,2022-08-01
13,44,20,24,0,Iredell,2022-09-01
13,80,31,49,0,Iredell,2022-07-14
13,75,33,42,0,Iredell,2022-06-28
13,77,36,41,0,Iredell,2022-08-29
13,75,39,36,0,Iredell,2022-08-11
13,81,42,39,0,Iredell,2022-07-07
13,63,10,53,0,Johnston,2022-08-31
13,70,14,56,0,Johnston,2022-08-11
13,89,15,74,0,Johnston,2022-07-28
13,47,18,29,0,Johnston,2022-09-11
13,97,20,77,0,Johnston,2022-06-27
13,77,21,56,0,Johnston,2022-06-24
13,88,25,63,0,Johnston,2022-06-29
13,96,25,71,0,Johnston,2022-08-15
13,88,27,61,0,Johnston,2022-05-20
13,29,7,22,0,Lee,2022-08-22
13,66,16,50,0,Lenoir,2022-07-26
13,54,17,37,0,Lincoln,2022-07-25
13,52,23,29,0,Lincoln,2022-07-18
13,118,21,97,0,Mecklenburg,2022-10-12
13,130,25,105,0,Mecklenburg,2022-10-17
13,64,14,50,0,Moore,2022-07-19
13,45,13,32,0,Nash,2022-07-06
13,102,15,87,0,New Hanover,2022-08-08
13,133,45,88,0,New Hanover,2022-07-06
13,67,7,60,0,Onslow,2022-09-13
13,107,10,97,0,Onslow,2022-06-02
13,82,10,72,0,Onslow,2022-08-11
13,133,12,121,0,Onslow,2022-07-06
13,105,18,87,0,Onslow,2022-06-21
13,128,20,108,0,Onslow,2022-08-03
13,93,25,68,0,Onslow,2022-06-13
13,37,6,31,0,Pender,2022-08-04
13,69,6,63,0,Pitt,2022-06-10
13,87,9,78,0,Pitt,2022-05-26
13,68,12,56,0,Pitt,2022-09-09
13,99,16,83,0,Pitt,2022-05-23
13,62,19,43,0,Pitt,2022-08-30
13,55,25,30,0,Randolph,2022-07-15
13,45,24,21,0,Robeson,2022-07-23
13,67,24,43,0,Robeson,2022-08-05
13,62,30,32,0,Robeson,2022-06-21
13,76,35,41,0,Robeson,2022-05-23
13,63,35,28,0,Robeson,2022-06-24
13,76,35,41,0,Robeson,2022-07-13
13,81,40,41,0,Robeson,2022-07-20
13,44,5,39,0,Rowan,2022-06-08
13,54,7,47,0,Rowan,2022-08-26
13,55,10,45,0,Rowan,2022-08-17
13,82,11,71,0,Rowan,2022-07-29
13,46,13,33,0,Rowan,2022-07-24
13,39,16,23,0,Surry,2022-07-07
13,58,24,34,0,Surry,2022-08-02
13,54,27,27,0,Surry,2022-07-05
13,53,3,50,0,Union,2022-08-25
13,54,5,49,0,Union,2022-08-26
13,67,5,62,0,Union,2022-09-02
13,67,8,59,0,Union,2022-07-30
13,80,9,71,0,Union,2022-07-01
13,111,12,99,0,Union,2022-07-28
13,83,13,70,0,Union,2022-05-24
13,69,13,56,0,Union,2022-06-14
13,76,13,63,0,Union,2022-09-13
13,90,14,76,0,Union,2022-06-15
13,82,16,66,0,Union,2022-06-21
13,101,21,80,0,Union,2022-06-30
13,96,4,92,0,Wake,2022-10-28
13,110,11,99,0,Wake,2022-10-07
13,40,24,16,0,Wayne,2022-08-31
13,49,28,21,0,Wayne,2022-05-05
13,58,28,30,0,Wayne,2022-08-26
13,50,31,19,0,Wayne,2022-09-07
13,61,32,29,0,Wayne,2022-08-05
13,48,13,35,0,Wilson,2022-07-27
13,54,16,38,0,Wilson,2022-08-15
14,79,13,66,0,Alamance,2022-06-28
14,86,15,71,0,Alamance,2022-07-07
14,68,27,41,0,Buncombe,2022-08-23
14,81,34,47,0,Buncombe,2022-07-29
14,82,7,75,0,Cabarrus,2022-08-03
14,56,11,45,0,Cabarrus,2022-09-19
14,88,16,72,0,Cabarrus,2022-06-30
14,83,16,67,0,Cabarrus,2022-09-06
14,43,6,37,0,Caldwell,2022-07-31
14,44,25,19,0,Catawba,2022-09-15
14,106,44,62,0,Catawba,2022-07-18
14,44,6,38,0,Cleveland,2022-07-27
14,50,6,44,0,Cleveland,2022-08-04
14,41,7,34,0,Cleveland,2022-07-17
14,52,9,43,0,Cleveland,2022-08-05
14,44,11,33,0,Cleveland,2022-07-29
14,61,21,40,0,Columbus,2022-07-19
14,84,15,69,0,Cumberland,2022-07-30
14,95,15,80,0,Cumberland,2022-08-12
14,126,25,101,0,Cumberland,2022-05-10
14,179,33,146,0,Cumberland,2022-07-07
14,62,7,55,0,Davidson,2022-09-20
14,62,12,50,0,Davidson,2022-08-30
14,60,14,46,0,Davidson,2022-08-05
14,87,15,72,0,Davidson,2022-08-04
14,59,24,35,0,Duplin,2022-08-03
14,161,8,153,0,Durham,2022-05-03
14,72,8,64,0,Durham,2022-08-27
14,135,9,126,0,Durham,2022-06-24
14,120,11,109,0,Durham,2022-08-17
14,232,13,219,0,Durham,2022-05-10
14,187,18,169,0,Durham,2022-06-07
14,175,19,156,0,Durham,2022-06-27
14,190,20,170,0,Durham,2022-06-22
14,92,17,75,0,Forsyth,2022-09-10
14,124,18,106,0,Forsyth,2022-07-15
14,99,18,81,0,Forsyth,2022-08-07
14,85,19,66,0,Forsyth,2022-09-11
14,118,22,96,0,Forsyth,2022-06-14
14,141,29,112,0,Forsyth,2022-05-09
14,62,5,57,0,Franklin,2022-05-31
14,51,2,49,0,Gaston,2022-07-03
14,94,14,80,0,Gaston,2022-08-11
14,85,16,69,0,Gaston,2022-06-23
14,90,14,76,0,Guilford,2022-06-12
14,69,15,54,0,Harnett,2022-07-25
14,81,22,59,0,Harnett,2022-07-11
14,77,37,40,0,Henderson,2022-07-21
14,50,13,37,0,Iredell,2022-07-01
14,90,32,58,0,Iredell,2022-07-27
14,92,37,55,0,Iredell,2022-07-19
14,99,42,57,0,Iredell,2022-07-20
14,88,46,42,0,Iredell,2022-08-01
14,52,7,45,0,Johnston,2022-08-07
14,64,17,47,0,Johnston,2022-09-20
14,100,19,81,0,Johnston,2022-06-01
14,81,19,62,0,Johnston,2022-09-14
14,129,21,108,0,Johnston,2022-05-31
14,98,21,77,0,Johnston,2022-06-06
14,86,26,60,0,Johnston,2022-08-29
14,48,13,35,0,Lincoln,2022-09-06
14,117,17,100,0,Mecklenburg,2022-10-07
14,94,20,74,0,Mecklenburg,2022-10-09
14,77,14,63,0,New Hanover,2022-08-11
14,92,9,83,0,Onslow,2022-08-16
14,98,10,88,0,Onslow,2022-07-12
14,96,14,82,0,Onslow,2022-05-25
14,148,27,121,0,Onslow,2022-05-31
14,92,3,89,0,Pitt,2022-07-15
14,85,10,75,0,Pitt,2022-06-14
14,56,11,45,0,Pitt,2022-09-16
14,62,27,35,0,Randolph,2022-07-26
14,69,43,26,0,Randolph,2022-05-23
14,68,43,25,0,Randolph,2022-07-25
14,36,20,16,0,Robeson,2022-08-28
14,33,22,11,0,Robeson,2022-07-10
14,59,30,29,0,Robeson,2022-08-17
14,81,31,50,0,Robeson,2022-06-20
14,73,44,29,0,Robeson,2022-07-22
14,53,8,45,0,Rowan,2022-06-30
14,69,11,58,0,Rowan,2022-08-10
14,63,16,47,0,Rowan,2022-08-09
14,68,16,52,0,Rowan,2022-08-15
14,76,17,59,0,Rowan,2022-08-30
14,73,38,35,0,Rowan,2022-06-20
14,38,15,23,0,Rutherford,2022-08-22
14,100,9,91,0,Union,2022-07-12
14,93,11,82,0,Union,2022-07-11
14,105,17,88,0,Union,2022-05-17
14,108,19,89,0,Union,2022-08-02
14,81,12,69,0,Wake,2022-10-08
14,126,25,101,0,Wake,2022-10-11
14,44,23,21,0,Wayne,2022-09-14
14,60,30,30,0,Wayne,2022-07-01
14,88,51,37,0,Wayne,2022-08-09
14,92,57,35,0,Wayne,2022-06-27
14,99,61,38,0,Wayne,2022-07-29
15,72,7,65,0,Alamance,2022-07-08
15,59,9,50,0,Alamance,2022-06-21
15,80,11,69,0,Alamance,2022-07-19
15,89,19,70,0,Alamance,2022-07-11
15,92,20,72,0,Alamance,2022-07-25
15,91,16,75,0,Brunswick,2022-07-18
15,118,34,84,0,Buncombe,2022-07-26
15,108,42,66,0,Buncombe,2022-07-27
15,166,68,98,0,Buncombe,2022-05-16
15,59,8,51,0,Burke,2022-08-15
15,70,10,60,0,Cabarrus,2022-07-16
15,79,12,67,0,Cabarrus,2022-09-07
15,93,13,80,0,Cabarrus,2022-08-24
15,57,29,28,0,Catawba,2022-06-28
15,68,29,39,0,Catawba,2022-06-30
15,78,35,43,0,Catawba,2022-08-24
15,85,47,38,0,Catawba,2022-07-15
15,63,14,49,0,Cleveland,2022-08-02
15,69,17,52,0,Cleveland,2022-07-25
15,43,18,25,0,Columbus,2022-07-27
15,78,14,64,0,Cumberland,2022-08-13
15,101,23,78,0,Cumberland,2022-06-03
15,56,19,37,0,Davidson,2022-08-19
15,86,25,61,0,Davidson,2022-08-29
15,92,9,83,0,Durham,2022-09-15
15,221,12,209,0,Durham,2022-05-11
15,165,13,152,0,Durham,2022-06-08
15,185,15,170,0,Durham,2022-06-23
15,183,19,164,0,Durham,2022-06-15
15,39,1,38,0,Edgecombe,2022-07-19
15,90,12,78,0,Forsyth,2022-08-14
15,87,19,68,0,Forsyth,2022-09-04
15,148,22,126,0,Forsyth,2022-05-10
15,160,25,135,0,Forsyth,2022-07-12
15,99,28,71,0,Forsyth,2022-10-26
15,76,11,65,0,Gaston,2022-08-05
15,76,14,62,0,Gaston,2022-06-20
15,99,13,86,0,Guilford,2022-09-10
15,118,19,99,0,Guilford,2022-06-05
15,168,37,131,0,Guilford,2022-05-27
15,53,12,41,0,Halifax,2022-07-25
15,57,23,34,0,Iredell,2022-07-31
15,83,36,47,0,Iredell,2022-08-08
15,77,37,40,0,Iredell,2022-06-20
15,84,40,44,0,Iredell,2022-08-15
15,88,14,74,0,Johnston,2022-07-19
15,92,15,77,0,Johnston,2022-08-01
15,146,19,127,0,Mecklenburg,2022-10-04
15,92,30,62,0,Mecklenburg,2022-10-23
15,55,13,42,0,Nash,2022-07-11
15,57,23,34,0,Nash,2022-08-01
15,81,9,72,0,Onslow,2022-06-29
15,91,9,82,0,Onslow,2022-09-07
15,84,18,66,0,Onslow,2022-06-28
15,80,3,77,0,Pitt,2022-07-08
15,71,5,66,0,Pitt,2022-06-08
15,92,5,87,0,Pitt,2022-08-16
15,110,13,97,0,Pitt,2022-07-29
15,75,15,60,0,Pitt,2022-08-19
15,74,15,59,0,Pitt,2022-09-14
15,102,16,86,0,Pitt,2022-06-21
15,98,16,82,0,Pitt,2022-06-30
15,84,16,68,0,Pitt,2022-08-17
15,90,19,71,0,Pitt,2022-08-10
15,92,22,70,0,Pitt,2022-06-06
15,59,30,29,0,Randolph,2022-07-28
15,45,22,23,0,Robeson,2022-08-06
15,59,31,28,0,Robeson,2022-07-29
15,65,34,31,0,Robeson,2022-08-08
15,62,34,28,0,Robeson,2022-08-11
15,59,35,24,0,Robeson,2022-06-02
15,88,52,36,0,Robeson,2022-07-14
15,79,13,66,0,Rowan,2022-08-02
15,98,14,84,0,Rowan,2022-07-19
15,75,14,61,0,Rowan,2022-07-27
15,70,14,56,0,Rowan,2022-08-08
15,69,16,53,0,Rowan,2022-07-11
15,65,17,48,0,Rowan,2022-07-07
15,37,8,29,0,Stanly,2022-05-23
15,63,24,39,0,Surry,2022-08-23
15,81,10,71,0,Union,2022-08-09
15,121,16,105,0,Union,2022-07-21
15,89,20,69,0,Union,2022-07-29
15,126,21,105,0,Union,2022-05-18
15,118,13,105,0,Wake,2022-10-06
15,43,21,22,0,Wayne,2022-08-30
15,72,45,27,0,Wayne,2022-08-22
15,80,56,24,0,Wayne,2022-07-28
15,94,60,34,0,Wayne,2022-07-22
15,58,29,29,0,Wilson,2022-08-01
16,72,7,65,0,Alamance,2022-08-22
16,60,14,46,0,Alamance,2022-08-12
16,76,16,60,0,Alamance,2022-08-09
16,86,17,69,0,Alamance,2022-08-03
16,76,39,37,0,Alamance,2022-08-30
16,92,33,59,0,Buncombe,2022-07-22
16,117,35,82,0,Buncombe,2022-08-01
16,97,48,49,0,Buncombe,2022-06-10
16,82,17,65,0,Burke,2022-08-08
16,53,6,47,0,Cabarrus,2022-09-10
16,76,10,66,0,Cabarrus,2022-06-24
16,90,13,77,0,Cabarrus,2022-07-28
16,95,14,81,0,Cabarrus,2022-07-06
16,104,14,90,0,Cabarrus,2022-07-22
16,108,14,94,0,Cabarrus,2022-08-02
16,57,20,37,0,Catawba,2022-09-09
16,61,34,27,0,Catawba,2022-06-20
16,45,5,40,0,Cleveland,2022-08-16
16,67,14,53,0,Cleveland,2022-08-01
16,103,15,88,0,Cumberland,2022-05-13
16,100,20,80,0,Cumberland,2022-08-24
16,142,25,117,0,Cumberland,2022-05-18
16,131,25,106,0,Cumberland,2022-05-27
16,146,25,121,0,Cumberland,2022-08-22
16,122,27,95,0,Cumberland,2022-06-24
16,167,30,137,0,Cumberland,2022-07-22
16,68,11,57,0,Davidson,2022-09-14
16,53,30,23,0,Duplin,2022-07-26
16,118,8,110,0,Durham,2022-08-12
16,142,12,130,0,Durham,2022-05-27
16,148,13,135,0,Durham,2022-06-30
16,146,17,129,0,Durham,2022-08-10
16,125,24,101,0,Forsyth,2022-05-06
16,134,26,108,0,Forsyth,2022-09-02
16,181,27,154,0,Forsyth,2022-05-27
16,148,33,115,0,Forsyth,2022-05-20
16,75,15,60,0,Gaston,2022-08-31
16,74,17,57,0,Guilford,2022-10-24
16,149,25,124,0,Guilford,2022-05-06
16,105,31,74,0,Guilford,2022-09-05
16,60,13,47,0,Harnett,2022-09-06
16,66,20,46,0,Harnett,2022-08-08
16,77,27,50,0,Iredell,2022-06-29
16,87,14,73,0,Johnston,2022-08-24
16,85,17,68,0,Johnston,2022-07-29
16,63,18,45,0,Johnston,2022-08-26
16,50,14,36,0,Lincoln,2022-08-01
16,107,7,100,0,Mecklenburg,2022-09-25
16,231,26,205,0,Mecklenburg,2022-05-07
16,101,21,80,0,New Hanover,2022-07-14
16,113,17,96,0,Onslow,2022-08-02
16,81,6,75,0,Pitt,2022-06-24
16,54,10,44,0,Pitt,2022-07-24
16,96,13,83,0,Pitt,2022-07-14
16,67,16,51,0,Pitt,2022-09-08
16,111,22,89,0,Pitt,2022-09-06
16,66,29,37,0,Robeson,2022-08-12
16,82,33,49,0,Robeson,2022-07-12
16,67,34,33,0,Robeson,2022-06-08
16,46,5,41,0,Rowan,2022-07-17
16,66,9,57,0,Rowan,2022-08-29
16,61,10,51,0,Rowan,2022-08-11
16,51,7,44,0,Stanly,2022-07-26
16,53,15,38,0,Surry,2022-08-09
16,55,18,37,0,Surry,2022-08-08
16,85,25,60,0,Surry,2022-07-28
16,90,8,82,0,Union,2022-08-12
16,78,14,64,0,Union,2022-09-09
16,67,31,36,0,Wayne,2022-08-29
16,72,40,32,0,Wayne,2022-06-29
16,77,41,36,0,Wayne,2022-07-27
16,67,41,26,0,Wayne,2022-08-11
17,91,20,71,0,Alamance,2022-09-12
17,105,34,71,0,Buncombe,2022-08-03
17,121,37,84,0,Buncombe,2022-06-27
17,125,16,109,0,Cabarrus,2022-07-27
17,71,18,53,0,Cabarrus,2022-08-17
17,131,25,106,0,Cabarrus,2022-05-31
17,118,34,84,0,Cabarrus,2022-07-05
17,75,13,62,0,Caldwell,2022-07-26
17,70,21,49,0,Catawba,2022-08-23
17,71,33,38,0,Catawba,2022-08-30
17,67,33,34,0,Catawba,2022-09-19
17,93,37,56,0,Catawba,2022-08-03
17,121,64,57,0,Catawba,2022-08-15
17,63,12,51,0,Cleveland,2022-08-08
17,41,31,10,0,Columbus,2022-08-08
17,92,16,76,0,Cumberland,2022-09-28
17,157,27,130,0,Cumberland,2022-06-06
17,139,29,110,0,Cumberland,2022-06-21
17,174,32,142,0,Cumberland,2022-06-29
17,70,19,51,0,Davidson,2022-07-14
17,86,23,63,0,Davidson,2022-07-26
17,160,4,156,0,Durham,2022-07-01
17,139,6,133,0,Durham,2022-07-08
17,81,8,73,0,Durham,2022-09-01
17,113,11,102,0,Durham,2022-08-11
17,119,11,108,0,Durham,2022-08-31
17,226,12,214,0,Durham,2022-05-16
17,102,12,90,0,Durham,2022-09-08
17,137,13,124,0,Durham,2022-08-30
17,126,13,113,0,Durham,2022-09-12
17,227,15,212,0,Durham,2022-05-25
17,216,17,199,0,Durham,2022-05-24
17,189,20,169,0,Durham,2022-08-01
17,136,24,112,0,Durham,2022-08-22
17,182,21,161,0,Forsyth,2022-05-17
17,161,25,136,0,Forsyth,2022-08-17
17,155,28,127,0,Forsyth,2022-06-03
17,196,31,165,0,Forsyth,2022-06-01
17,178,42,136,0,Forsyth,2022-05-26
17,61,7,54,0,Gaston,2022-06-26
17,59,7,52,0,Gaston,2022-09-01
17,108,12,96,0,Gaston,2022-08-30
17,75,16,59,0,Gaston,2022-07-16
17,106,18,88,0,Gaston,2022-08-10
17,95,22,73,0,Gaston,2022-08-15
17,121,14,107,0,Guilford,2022-07-24
17,114,15,99,0,Guilford,2022-08-27
17,154,33,121,0,Guilford,2022-06-03
17,262,54,208,0,Guilford,2022-05-23
17,92,38,54,0,Henderson,2022-07-25
17,97,45,52,0,Iredell,2022-07-25
17,86,18,68,0,Johnston,2022-08-05
17,99,10,89,0,Onslow,2022-08-10
17,127,19,108,0,Onslow,2022-08-05
17,101,12,89,0,Pitt,2022-08-03
17,96,21,75,0,Pitt,2022-09-07
17,63,33,30,0,Robeson,2022-08-31
17,85,43,42,0,Robeson,2022-07-07
17,72,44,28,0,Robeson,2022-08-23
17,64,18,46,0,Rowan,2022-08-04
17,90,11,79,0,Union,2022-07-08
17,102,11,91,0,Union,2022-08-11
17,105,22,83,0,Union,2022-09-06
17,107,47,60,0,Wayne,2022-07-21
17,84,55,29,0,Wayne,2022-06-28
17,77,31,46,0,Wilson,2022-07-25
18,96,10,86,0,Alamance,2022-08-01
18,73,14,59,0,Alamance,2022-07-26
18,116,28,88,0,Cabarrus,2022-07-13
18,78,8,70,0,Caldwell,2022-07-25
18,63,17,46,0,Caldwell,2022-07-28
18,67,19,48,0,Caldwell,2022-08-15
18,67,20,47,0,Catawba,2022-09-08
18,90,44,46,0,Catawba,2022-08-08
18,111,49,62,0,Catawba,2022-09-06
18,52,13,39,0,Cleveland,2022-08-30
18,105,13,92,0,Cumberland,2022-09-16
18,120,15,105,0,Cumberland,2022-05-20
18,119,21,98,0,Cumberland,2022-08-31
18,199,25,174,0,Cumberland,2022-07-21
18,121,27,94,0,Cumberland,2022-06-23
18,156,35,121,0,Cumberland,2022-06-28
18,197,11,186,0,Durham,2022-06-28
18,230,12,218,0,Durham,2022-05-18
18,213,14,199,0,Durham,2022-05-09
18,172,33,139,0,Durham,2022-09-07
18,208,55,153,0,Forsyth,2022-05-23
18,91,9,82,0,Gaston,2022-08-09
18,98,13,85,0,Gaston,2022-07-29
18,109,17,92,0,Gaston,2022-08-26
18,120,20,100,0,Gaston,2022-07-13
18,127,20,107,0,Gaston,2022-07-22
18,52,27,25,0,Gaston,2022-10-10
18,103,14,89,0,Guilford,2022-07-16
18,163,14,149,0,Guilford,2022-07-23
18,133,20,113,0,Guilford,2022-06-17
18,163,36,127,0,Guilford,2022-05-05
18,61,16,45,0,Johnston,2022-09-26
18,122,27,95,0,Johnston,2022-07-05
18,77,29,48,0,Johnston,2022-06-15
18,134,30,104,0,Johnston,2022-05-16
18,77,21,56,0,Lenoir,2022-07-18
18,117,25,92,0,Mecklenburg,2022-10-21
18,110,16,94,0,New Hanover,2022-08-02
18,103,8,95,0,Onslow,2022-07-13
18,125,13,112,0,Onslow,2022-07-19
18,84,16,68,0,Onslow,2022-09-06
18,93,24,69,0,Onslow,2022-07-07
18,68,36,32,0,Robeson,2022-08-29
18,75,36,39,0,Robeson,2022-09-13
18,70,39,31,0,Robeson,2022-06-07
18,73,39,34,0,Robeson,2022-06-23
18,93,20,73,0,Rowan,2022-07-26
18,37,7,30,0,Stanly,2022-09-12
18,51,14,37,0,Stokes,2022-08-01
18,71,11,60,0,Union,2022-08-30
18,102,14,88,0,Union,2022-06-28
18,103,21,82,0,Union,2022-06-27
18,112,22,90,0,Union,2022-07-26
18,141,15,126,0,Wake,2022-10-24
18,193,24,169,0,Wake,2022-09-10
18,94,45,49,0,Wayne,2022-08-03
18,76,28,48,0,Wilson,2022-07-18
19,51,6,45,0,Alamance,2022-09-26
19,97,8,89,0,Cabarrus,2022-08-10
19,81,12,69,0,Cabarrus,2022-06-07
19,80,17,63,0,Cabarrus,2022-08-04
19,93,19,74,0,Cabarrus,2022-07-21
19,104,20,84,0,Cabarrus,2022-06-27
19,118,21,97,0,Cabarrus,2022-07-15
19,79,13,66,0,Caldwell,2022-08-09
19,94,30,64,0,Catawba,2022-08-16
19,82,38,44,0,Catawba,2022-08-12
19,85,41,44,0,Catawba,2022-07-26
19,183,38,145,0,Cumberland,2022-07-14
19,79,26,53,0,Davidson,2022-07-28
19,121,5,116,0,Durham,2022-08-05
19,224,16,208,0,Durham,2022-05-23
19,144,21,123,0,Durham,2022-08-15
19,162,31,131,0,Durham,2022-06-20
19,180,34,146,0,Durham,2022-06-13
19,96,7,89,0,Forsyth,2022-08-13
19,127,15,112,0,Forsyth,2022-07-01
19,151,31,120,0,Forsyth,2022-06-08
19,150,48,102,0,Forsyth,2022-09-15
19,80,13,67,0,Gaston,2022-06-24
19,94,13,81,0,Gaston,2022-07-08
19,111,15,96,0,Gaston,2022-07-11
19,107,15,92,0,Gaston,2022-08-22
19,153,16,137,0,Guilford,2022-06-13
19,99,22,77,0,Guilford,2022-10-03
19,145,33,112,0,Guilford,2022-09-21
19,87,41,46,0,Iredell,2022-08-09
19,76,18,58,0,Johnston,2022-09-15
19,72,22,50,0,Johnston,2022-08-18
19,120,23,97,0,Johnston,2022-07-20
19,99,24,75,0,Johnston,2022-07-13
19,92,24,68,0,Johnston,2022-08-08
19,107,11,96,0,Mecklenburg,2022-09-30
19,62,29,33,0,Nash,2022-06-27
19,96,6,90,0,Pitt,2022-08-09
19,119,17,102,0,Pitt,2022-07-06
19,78,19,59,0,Pitt,2022-05-19
19,113,20,93,0,Pitt,2022-06-20
19,92,20,72,0,Pitt,2022-09-12
19,62,26,36,0,Robeson,2022-06-30
19,88,28,60,0,Robeson,2022-08-04
19,75,38,37,0,Robeson,2022-05-26
19,85,45,40,0,Robeson,2022-06-06
19,89,49,40,0,Robeson,2022-06-13
19,85,20,65,0,Rowan,2022-08-01
19,83,35,48,0,Surry,2022-08-29
19,101,17,84,0,Union,2022-08-22
19,140,18,122,0,Wake,2022-10-25
19,309,41,268,0,Wake,2022-06-18
20,89,14,75,0,Alamance,2022-07-28
20,105,11,94,0,Brunswick,2022-07-25
20,95,28,67,0,Cabarrus,2022-08-22
20,95,39,56,0,Catawba,2022-07-12
20,102,41,61,0,Catawba,2022-07-05
20,166,21,145,0,Cumberland,2022-08-03
20,153,33,120,0,Cumberland,2022-08-11
20,190,7,183,0,Durham,2022-07-26
20,174,14,160,0,Durham,2022-07-11
20,188,14,174,0,Durham,2022-08-08
20,174,26,148,0,Durham,2022-06-16
20,133,27,106,0,Forsyth,2022-06-10
20,144,32,112,0,Forsyth,2022-09-09
20,170,36,134,0,Forsyth,2022-06-02
20,93,11,82,0,Gaston,2022-06-21
20,79,11,68,0,Gaston,2022-08-12
20,106,14,92,0,Gaston,2022-06-13
20,104,17,87,0,Gaston,2022-08-08
20,181,25,156,0,Guilford,2022-06-06
20,212,31,181,0,Guilford,2022-05-25
20,102,46,56,0,Iredell,2022-08-10
20,97,50,47,0,Iredell,2022-07-18
20,112,36,76,0,Johnston,2022-09-07
20,76,16,60,0,Lenoir,2022-07-25
20,99,7,92,0,Pitt,2022-06-15
20,86,7,79,0,Pitt,2022-06-16
20,99,9,90,0,Pitt,2022-07-28
20,76,11,65,0,Pitt,2022-08-05
20,129,12,117,0,Pitt,2022-07-20
20,81,13,68,0,Pitt,2022-06-28
20,76,38,38,0,Robeson,2022-08-22
20,79,40,39,0,Robeson,2022-06-01
20,85,41,44,0,Robeson,2022-07-06
20,75,7,68,0,Rowan,2022-08-24
20,111,16,95,0,Union,2022-07-27
20,124,17,107,0,Union,2022-07-25
20,108,8,100,0,Wake,2022-09-24
20,130,13,117,0,Wake,2022-10-17
20,126,15,111,0,Wake,2022-10-12
20,119,20,99,0,Wake,2022-10-13
20,100,47,53,0,Wayne,2022-07-19
20,147,80,67,0,Wayne,2022-07-25
21,114,22,92,0,Alamance,2022-07-27
21,126,20,106,0,Cabarrus,2022-07-18
21,98,43,55,0,Catawba,2022-07-20
21,98,23,75,0,Davidson,2022-09-13
21,101,24,77,0,Davidson,2022-07-18
21,170,9,161,0,Durham,2022-07-12
21,151,10,141,0,Durham,2022-07-13
21,152,11,141,0,Durham,2022-07-15
21,162,15,147,0,Durham,2022-07-14
21,195,15,180,0,Durham,2022-07-27
21,142,16,126,0,Forsyth,2022-08-18
21,128,18,110,0,Forsyth,2022-08-19
21,109,27,82,0,Forsyth,2022-09-26
21,184,29,155,0,Forsyth,2022-07-28
21,187,34,153,0,Forsyth,2022-05-24
21,102,15,87,0,Gaston,2022-07-21
21,95,19,76,0,Gaston,2022-06-30
21,184,44,140,0,Guilford,2022-06-28
21,83,18,65,0,Johnston,2022-08-10
21,144,14,130,0,Onslow,2022-07-27
21,86,46,40,0,Robeson,2022-08-01
21,67,16,51,0,Rowan,2022-06-27
21,103,22,81,0,Rowan,2022-07-18
21,102,13,89,0,Union,2022-07-15
21,162,9,153,0,Wake,2022-10-05
21,130,12,118,0,Wake,2022-10-26
21,104,58,46,0,Wayne,2022-07-06
22,104,16,88,0,Cabarrus,2022-07-08
22,104,18,86,0,Cabarrus,2022-07-29
22,128,21,107,0,Cabarrus,2022-07-12
22,81,34,47,0,Catawba,2022-08-11
22,111,48,63,0,Catawba,2022-07-11
22,88,15,73,0,Cumberland,2022-08-18
22,189,26,163,0,Cumberland,2022-09-06
22,188,43,145,0,Cumberland,2022-07-15
22,174,9,165,0,Durham,2022-07-20
22,130,14,116,0,Durham,2022-08-24
22,162,17,145,0,Durham,2022-07-28
22,149,30,119,0,Forsyth,2022-08-24
22,147,45,102,0,Forsyth,2022-08-25
22,190,26,164,0,Guilford,2022-07-07
22,184,44,140,0,Guilford,2022-09-12
22,84,9,75,0,Johnston,2022-08-17
22,104,25,79,0,Johnston,2022-09-06
22,118,32,86,0,Johnston,2022-07-18
22,116,28,88,0,Mecklenburg,2022-10-20
22,128,29,99,0,Mecklenburg,2022-10-06
22,280,42,238,0,Mecklenburg,2022-05-28
22,88,10,78,0,Pitt,2022-07-12
22,120,15,105,0,Pitt,2022-08-08
22,82,19,63,0,Rowan,2022-07-05
22,98,14,84,0,Union,2022-07-14
22,132,24,108,0,Union,2022-08-01
22,169,20,149,0,Wake,2022-09-11
22,189,54,135,0,Wake,2022-07-04
22,106,60,46,0,Wayne,2022-08-08
22,127,77,50,0,Wayne,2022-07-18
23,126,19,107,0,Cabarrus,2022-08-01
23,92,42,50,0,Catawba,2022-07-19
23,78,46,32,0,Catawba,2022-07-29
23,115,58,57,0,Catawba,2022-08-01
23,88,16,72,0,Davidson,2022-08-15
23,92,24,68,0,Davidson,2022-08-01
23,97,30,67,0,Davidson,2022-07-19
23,194,9,185,0,Durham,2022-06-29
23,219,10,209,0,Durham,2022-06-02
23,194,10,184,0,Durham,2022-08-03
23,108,11,97,0,Forsyth,2022-08-06
23,149,23,126,0,Forsyth,2022-08-11
23,146,25,121,0,Forsyth,2022-07-13
23,138,26,112,0,Forsyth,2022-09-14
23,184,33,151,0,Forsyth,2022-06-27
23,225,36,189,0,Forsyth,2022-05-31
23,84,15,69,0,Gaston,2022-08-17
23,242,38,204,0,Guilford,2022-05-11
23,177,38,139,0,Guilford,2022-08-18
23,134,36,98,0,Johnston,2022-07-25
23,197,25,172,0,Mecklenburg,2022-09-27
23,126,18,108,0,Onslow,2022-07-26
23,89,14,75,0,Pitt,2022-08-15
23,132,18,114,0,Pitt,2022-07-26
23,96,42,54,0,Robeson,2022-07-26
23,87,47,40,0,Robeson,2022-08-16
23,201,34,167,0,Wake,2022-08-14
24,68,15,53,0,Cleveland,2022-07-18
24,200,23,177,0,Cumberland,2022-08-09
24,151,35,116,0,Cumberland,2022-06-30
24,212,41,171,0,Cumberland,2022-07-19
24,164,42,122,0,Cumberland,2022-05-17
24,68,12,56,0,Davidson,2022-09-09
24,125,17,108,0,Durham,2022-08-23
24,226,19,207,0,Durham,2022-08-09
24,160,25,135,0,Forsyth,2022-08-12
24,226,38,188,0,Guilford,2022-08-11
24,172,40,132,0,Guilford,2022-09-19
24,237,45,192,0,Guilford,2022-05-17
24,211,50,161,0,Guilford,2022-06-02
24,102,49,53,0,Iredell,2022-08-03
24,90,28,62,0,Johnston,2022-08-19
24,291,44,247,0,Mecklenburg,2022-05-21
24,81,8,73,0,Onslow,2022-06-15
24,90,9,81,0,Pitt,2022-06-17
24,123,12,111,0,Pitt,2022-07-05
24,102,15,87,0,Pitt,2022-08-02
24,87,54,33,0,Robeson,2022-07-21
24,91,22,69,0,Rowan,2022-07-21
24,76,24,52,0,Surry,2022-07-25
24,80,37,43,0,Surry,2022-07-06
24,117,16,101,0,Union,2022-07-19
24,113,19,94,0,Union,2022-08-04
24,130,20,110,0,Union,2022-07-18
24,234,39,195,0,Wake,2022-09-21
24,273,43,230,0,Wake,2022-06-19
24,138,85,53,0,Wayne,2022-08-01
25,128,22,106,0,Cabarrus,2022-07-11
25,189,24,165,0,Cumberland,2022-07-28
25,234,34,200,0,Cumberland,2022-07-25
25,99,13,86,0,Gaston,2022-08-25
25,219,35,184,0,Guilford,2022-05-20
25,172,36,136,0,Guilford,2022-06-27
25,92,12,80,0,Pitt,2022-08-04
25,83,38,45,0,Robeson,2022-09-07
25,116,68,48,0,Robeson,2022-07-25
25,78,14,64,0,Rowan,2022-07-25
26,133,31,102,0,Cabarrus,2022-07-07
26,175,20,155,0,Cumberland,2022-09-12
26,172,22,150,0,Cumberland,2022-07-08
26,178,32,146,0,Cumberland,2022-07-06
26,211,40,171,0,Cumberland,2022-07-20
26,124,16,108,0,Gaston,2022-07-20
26,115,26,89,0,Gaston,2022-08-03
26,181,28,153,0,Guilford,2022-08-31
26,107,24,83,0,Johnston,2022-09-12
26,199,24,175,0,Mecklenburg,2022-09-10
26,260,28,232,0,Mecklenburg,2022-06-05
26,242,32,210,0,Mecklenburg,2022-06-11
26,123,9,114,0,Pitt,2022-07-22
26,115,14,101,0,Pitt,2022-06-27
26,103,46,57,0,Robeson,2022-08-02
26,91,52,39,0,Robeson,2022-05-31
26,81,8,73,0,Union,2022-08-15
27,146,15,131,0,Cumberland,2022-08-17
27,233,46,187,0,Cumberland,2022-07-12
27,171,8,163,0,Durham,2022-07-25
27,167,13,154,0,Durham,2022-09-06
27,154,25,129,0,Guilford,2022-07-31
27,267,43,224,0,Guilford,2022-05-18
27,92,24,68,0,Harnett,2022-08-01
27,135,15,120,0,Pitt,2022-08-01
27,129,16,113,0,Pitt,2022-07-21
27,151,24,127,0,Pitt,2022-05-31
27,86,38,48,0,Robeson,2022-06-29
27,194,22,172,0,Wake,2022-09-23
27,257,58,199,0,Wake,2022-05-30
28,182,34,148,0,Cumberland,2022-08-08
28,169,13,156,0,Durham,2022-08-04
28,157,30,127,0,Forsyth,2022-08-31
28,257,51,206,0,Guilford,2022-07-22
28,229,42,187,0,Mecklenburg,2022-09-21
28,316,60,256,0,Mecklenburg,2022-05-06
28,148,17,131,0,Onslow,2022-07-18
28,148,25,123,0,Onslow,2022-08-01
28,133,10,123,0,Pitt,2022-07-19
28,117,60,57,0,Robeson,2022-09-06
28,205,26,179,0,Wake,2022-09-16
29,172,15,157,0,Forsyth,2022-08-05
29,165,29,136,0,Forsyth,2022-08-23
29,182,34,148,0,Forsyth,2022-07-05
29,131,24,107,0,Gaston,2022-08-29
29,174,29,145,0,Guilford,2022-08-12
29,221,33,188,0,Guilford,2022-07-18
29,153,33,120,0,Guilford,2022-09-15
29,80,31,49,0,Rowan,2022-07-28
29,185,23,162,0,Wake,2022-10-03
29,333,41,292,0,Wake,2022-07-09
30,140,66,74,0,Catawba,2022-07-25
30,197,24,173,0,Forsyth,2022-07-29
30,169,35,134,0,Forsyth,2022-07-06
30,308,26,282,0,Mecklenburg,2022-05-14
30,228,29,199,0,Mecklenburg,2022-08-14
30,98,38,60,0,Robeson,2022-07-18
30,202,33,169,0,Wake,2022-09-03
31,169,43,126,0,Cumberland,2022-06-27
31,176,17,159,0,Forsyth,2022-07-19
31,204,49,155,0,Forsyth,2022-06-06
31,145,30,115,0,Guilford,2022-09-20
31,397,62,335,0,Mecklenburg,2022-05-03
31,159,13,146,0,Onslow,2022-08-08
31,106,59,47,0,Robeson,2022-07-11
31,245,34,211,0,Wake,2022-09-20
32,124,35,89,0,Davidson,2022-09-12
32,204,17,187,0,Forsyth,2022-08-01
32,174,21,153,0,Forsyth,2022-08-10
32,179,44,135,0,Forsyth,2022-08-29
32,215,35,180,0,Wake,2022-09-22
33,241,57,184,0,Cumberland,2022-07-11
33,135,48,87,0,Johnston,2022-07-11
33,625,79,546,0,Wake,2022-05-04
34,213,36,177,0,Forsyth,2022-07-21
34,217,48,169,0,Forsyth,2022-07-20
34,198,38,160,0,Guilford,2022-07-06
34,249,41,208,0,Guilford,2022-05-19
34,335,50,285,0,Mecklenburg,2022-06-25
34,150,13,137,0,Pitt,2022-07-27
34,176,21,155,0,Pitt,2022-07-25
34,135,76,59,0,Robeson,2022-07-05
35,194,7,187,0,Durham,2022-07-19
35,167,13,154,0,Pitt,2022-07-18
35,298,43,255,0,Wake,2022-08-25
36,226,24,202,0,Cumberland,2022-07-27
36,200,40,160,0,Guilford,2022-08-15
36,244,54,190,0,Guilford,2022-07-19
36,236,54,182,0,Guilford,2022-08-22
36,249,30,219,0,Wake,2022-09-26
36,285,37,248,0,Wake,2022-09-08
37,138,31,107,0,Cumberland,2022-09-08
37,208,27,181,0,Forsyth,2022-08-09
37,249,49,200,0,Mecklenburg,2022-09-19
37,275,40,235,0,Wake,2022-09-14
37,629,66,563,0,Wake,2022-05-03
38,187,28,159,0,Forsyth,2022-08-04
38,237,32,205,0,Forsyth,2022-07-26
38,236,46,190,0,Forsyth,2022-07-25
38,383,33,350,0,Mecklenburg,2022-06-17
38,456,47,409,0,Mecklenburg,2022-06-09
38,454,64,390,0,Mecklenburg,2022-05-13
38,460,74,386,0,Mecklenburg,2022-05-26
39,286,18,268,0,Mecklenburg,2022-08-07
39,297,23,274,0,Mecklenburg,2022-08-06
39,269,26,243,0,Wake,2022-07-31
39,320,40,280,0,Wake,2022-08-30
40,270,53,217,0,Mecklenburg,2022-09-02
40,274,41,233,0,Wake,2022-09-02
41,333,31,302,0,Durham,2022-05-31
41,514,39,475,0,Wake,2022-05-06
41,299,65,234,0,Wake,2022-09-01
42,225,48,177,0,Guilford,2022-08-25
42,514,64,450,0,Wake,2022-06-10
43,356,49,307,0,Mecklenburg,2022-07-16
43,417,68,349,0,Mecklenburg,2022-05-20
43,631,56,575,0,Wake,2022-05-21
44,286,48,238,0,Mecklenburg,2022-09-20
44,494,56,438,0,Mecklenburg,2022-05-24
45,468,90,378,0,Mecklenburg,2022-05-16
45,473,64,409,0,Wake,2022-08-05
46,468,53,415,0,Mecklenburg,2022-06-22
46,516,43,473,0,Wake,2022-06-16
47,430,49,381,0,Mecklenburg,2022-06-15
48,355,44,311,0,Mecklenburg,2022-08-29
48,325,42,283,0,Wake,2022-07-16
48,394,51,343,0,Wake,2022-08-17
50,249,43,206,0,Forsyth,2022-08-08
50,333,46,287,0,Mecklenburg,2022-08-25
50,458,66,392,0,Mecklenburg,2022-06-06
50,466,68,398,0,Mecklenburg,2022-05-09
50,509,75,434,0,Mecklenburg,2022-05-25
51,465,63,402,0,Mecklenburg,2022-06-21
52,471,61,410,0,Wake,2022-07-14
53,352,49,303,0,Wake,2022-08-31
54,366,33,333,0,Mecklenburg,2022-08-24
54,447,81,366,0,Mecklenburg,2022-09-06
55,368,52,316,0,Wake,2022-08-29
56,314,45,269,0,Mecklenburg,2022-09-14
56,645,70,575,0,Wake,2022-06-27
57,439,47,392,0,Mecklenburg,2022-08-05
58,527,78,449,0,Mecklenburg,2022-05-18
60,412,46,366,0,Mecklenburg,2022-06-16
60,470,49,421,0,Mecklenburg,2022-06-20
60,348,58,290,0,Wake,2022-09-07
61,430,45,385,0,Mecklenburg,2022-06-14
61,554,79,475,0,Mecklenburg,2022-05-17
61,601,92,509,0,Mecklenburg,2022-07-21
61,851,83,768,0,Wake,2022-05-13
61,854,94,760,0,Wake,2022-05-12
62,419,71,348,0,Mecklenburg,2022-08-22
64,572,66,506,0,Mecklenburg,2022-06-01
64,462,61,401,0,Wake,2022-08-09
64,635,65,570,0,Wake,2022-06-28
65,497,72,425,0,Wake,2022-07-28
66,543,61,482,0,Wake,2022-08-02
67,504,73,431,0,Wake,2022-07-08
69,410,55,355,0,Mecklenburg,2022-06-24
69,714,79,635,0,Wake,2022-06-03
70,606,51,555,0,Wake,2022-06-22
70,699,63,636,0,Wake,2022-06-07
70,525,81,444,0,Wake,2022-08-03
72,427,64,363,0,Wake,2022-08-22
73,500,53,447,0,Mecklenburg,2022-08-09
73,525,65,460,0,Mecklenburg,2022-07-14
73,469,54,415,0,Wake,2022-07-29
76,481,61,420,0,Mecklenburg,2022-07-08
76,541,66,475,0,Mecklenburg,2022-06-28
79,630,58,572,0,Wake,2022-07-27
83,646,97,549,0,Mecklenburg,2022-07-05
84,551,58,493,0,Wake,2022-07-19
84,1118,119,999,0,Wake,2022-05-18
85,1069,94,975,0,Wake,2022-05-23
91,1056,119,937,0,Wake,2022-05-24
92,631,78,553,0,Mecklenburg,2022-08-01
93,1238,114,1124,0,Wake,2022-05-31
96,613,73,540,0,Mecklenburg,2022-08-02
116,762,82,680,0,Wake,2022-07-25
,0,0,0,1,Anson,2022-06-04
,0,0,0,1,Anson,2022-10-15
,0,0,0,1,Cherokee,2022-09-27
,0,0,0,1,Chowan,2022-09-30
,0,0,0,1,Clay,2022-05-04
,0,0,0,1,Greene,2022-07-02
,0,0,0,1,Jones,2022-10-16
,0,0,0,1,Northampton,2022-09-25
,0,0,0,1,Pamlico,2022-05-08
,0,0,0,1,Polk,2022-09-29
,0,0,0,1,Richmond,2022-10-23
0,5,0,5,1,Alexander,2022-06-01
0,11,0,11,1,Alexander,2022-07-09
0,6,0,6,1,Alexander,2022-10-16
0,5,1,4,1,Alexander,2022-10-06
0,2,1,1,1,Alleghany,2022-05-31
0,5,0,5,1,Anson,2022-09-22
0,1,0,1,1,Anson,2022-10-11
0,2,1,1,1,Ashe,2022-05-16
0,1,1,0,1,Ashe,2022-10-24
0,6,5,1,1,Ashe,2022-07-31
0,5,2,3,1,Avery,2022-09-09
0,5,0,5,1,Bertie,2022-06-24
0,2,0,2,1,Bladen,2022-10-04
0,5,1,4,1,Bladen,2022-09-27
0,12,4,8,1,Brunswick,2022-09-25
0,16,0,16,1,Burke,2022-06-12
0,10,0,10,1,Burke,2022-08-21
0,7,1,6,1,Burke,2022-06-18
0,25,3,22,1,Caldwell,2022-06-25
0,2,2,0,1,Camden,2022-09-10
0,12,5,7,1,Carteret,2022-06-04
0,9,6,3,1,Carteret,2022-09-22
0,7,0,7,1,Chatham,2022-09-05
0,1,0,1,1,Cherokee,2022-09-04
0,2,0,2,1,Cherokee,2022-09-28
0,6,4,2,1,Columbus,2022-06-03
0,6,0,6,1,Craven,2022-10-29
0,8,2,6,1,Craven,2022-09-25
0,21,4,17,1,Craven,2022-09-23
0,1,0,1,1,Currituck,2022-08-25
0,3,1,2,1,Currituck,2022-07-13
0,8,2,6,1,Currituck,2022-08-17
0,2,1,1,1,Dare,2022-10-18
0,3,0,3,1,Davie,2022-09-04
0,11,4,7,1,Davie,2022-05-15
0,16,6,10,1,Davie,2022-09-16
0,25,12,13,1,Davie,2022-08-02
0,6,1,5,1,Duplin,2022-10-05
0,3,2,1,1,Duplin,2022-05-09
0,9,3,6,1,Duplin,2022-05-17
0,2,0,2,1,Edgecombe,2022-10-28
0,22,3,19,1,Franklin,2022-07-30
0,14,0,14,1,Granville,2022-05-15
0,9,4,5,1,Granville,2022-09-03
0,9,0,9,1,Greene,2022-06-07
0,5,2,3,1,Greene,2022-09-14
0,30,8,22,1,Guilford,2022-10-15
0,10,4,6,1,Haywood,2022-09-21
0,8,6,2,1,Haywood,2022-07-16
0,12,10,2,1,Haywood,2022-09-30
0,12,11,1,1,Haywood,2022-06-25
0,7,0,7,1,Hertford,2022-07-07
0,2,0,2,1,Hertford,2022-10-05
0,3,0,3,1,Hertford,2022-10-11
0,12,4,8,1,Hoke,2022-05-30
0,16,5,11,1,Hoke,2022-09-10
0,9,3,6,1,Iredell,2022-10-01
0,3,1,2,1,Jackson,2022-10-11
0,6,4,2,1,Jackson,2022-09-28
0,10,5,5,1,Jackson,2022-06-14
0,4,1,3,1,Jones,2022-08-31
0,2,1,1,1,Jones,2022-09-23
0,7,3,4,1,Lee,2022-06-26
0,19,4,15,1,Lee,2022-06-17
0,2,2,0,1,Lenoir,2022-09-24
0,7,3,4,1,Lenoir,2022-09-29
0,2,0,2,1,Macon,2022-05-30
0,3,2,1,1,Macon,2022-05-10
0,6,2,4,1,Macon,2022-06-11
0,4,1,3,1,Madison,2022-09-13
0,4,2,2,1,Madison,2022-08-06
0,4,0,4,1,Martin,2022-08-31
0,1,0,1,1,Mitchell,2022-07-23
0,5,0,5,1,Montgomery,2022-05-16
0,3,0,3,1,Montgomery,2022-06-05
0,8,0,8,1,Montgomery,2022-06-21
0,3,0,3,1,Montgomery,2022-08-06
0,15,4,11,1,Montgomery,2022-07-18
0,8,5,3,1,Moore,2022-10-20
0,23,9,14,1,Moore,2022-06-03
0,5,0,5,1,Nash,2022-10-01
0,7,1,6,1,Nash,2022-05-07
0,6,3,3,1,Northampton,2022-06-09
0,14,3,11,1,Northampton,2022-07-21
0,12,0,12,1,Onslow,2022-09-30
0,5,0,5,1,Onslow,2022-10-02
0,1,0,1,1,Pamlico,2022-09-14
0,15,1,14,1,Pender,2022-08-06
0,14,3,11,1,Person,2022-08-03
0,9,8,1,1,Polk,2022-07-15
0,4,2,2,1,Richmond,2022-09-25
0,5,4,1,1,Richmond,2022-10-04
0,9,5,4,1,Robeson,2022-05-07
0,7,2,5,1,Rockingham,2022-10-07
0,2,0,2,1,Sampson,2022-10-14
0,5,1,4,1,Sampson,2022-06-12
0,9,3,6,1,Sampson,2022-10-06
0,7,1,6,1,Stokes,2022-07-03
0,7,4,3,1,Stokes,2022-07-24
0,9,4,5,1,Stokes,2022-08-06
0,10,1,9,1,Surry,2022-10-11
0,9,1,8,1,Swain,2022-05-20
0,4,1,3,1,Swain,2022-07-08
0,1,1,0,1,Swain,2022-10-03
0,4,2,2,1,Swain,2022-08-14
0,5,2,3,1,Transylvania,2022-05-24
0,8,2,6,1,Transylvania,2022-09-28
0,4,3,1,1,Transylvania,2022-06-06
0,10,3,7,1,Transylvania,2022-09-21
0,13,2,11,1,Vance,2022-06-22
0,5,2,3,1,Vance,2022-09-02
0,5,0,5,1,Warren,2022-08-26
0,1,0,1,1,Warren,2022-09-18
0,4,3,1,1,Washington,2022-05-16
0,7,1,6,1,Watauga,2022-07-23
0,5,3,2,1,Wilson,2022-09-24
0,11,1,10,1,Yadkin,2022-09-25
0,2,0,2,1,Yancey,2022-07-05
0,7,4,3,1,Yancey,2022-06-23
1,16,0,16,1,Alamance,2022-10-07
1,5,1,4,1,Alexander,2022-08-27
1,7,1,6,1,Alexander,2022-09-03
1,25,8,17,1,Alexander,2022-08-15
1,3,0,3,1,Anson,2022-09-18
1,8,3,5,1,Ashe,2022-09-14
1,12,9,3,1,Ashe,2022-08-11
1,8,2,6,1,Bertie,2022-06-01
1,8,0,8,1,Bladen,2022-09-09
1,12,1,11,1,Bladen,2022-08-24
1,53,11,42,1,Brunswick,2022-05-26
1,51,12,39,1,Brunswick,2022-08-24
1,35,13,22,1,Buncombe,2022-09-23
1,53,14,39,1,Buncombe,2022-06-04
1,7,0,7,1,Burke,2022-10-03
1,19,3,16,1,Cabarrus,2022-10-02
1,7,0,7,1,Caldwell,2022-10-12
1,19,4,15,1,Caldwell,2022-09-24
1,12,3,9,1,Carteret,2022-07-02
1,20,4,16,1,Carteret,2022-06-25
1,13,6,7,1,Carteret,2022-08-27
1,39,12,27,1,Carteret,2022-07-12
1,24,19,5,1,Catawba,2022-05-05
1,15,3,12,1,Chatham,2022-10-13
1,29,5,24,1,Chatham,2022-06-02
1,37,7,30,1,Chatham,2022-05-26
1,3,0,3,1,Cherokee,2022-09-21
1,7,4,3,1,Clay,2022-08-09
1,19,2,17,1,Cleveland,2022-05-18
1,18,2,16,1,Cleveland,2022-09-10
1,5,3,2,1,Columbus,2022-09-18
1,9,5,4,1,Columbus,2022-10-03
1,16,5,11,1,Craven,2022-10-24
1,23,10,13,1,Craven,2022-09-10
1,8,0,8,1,Dare,2022-06-11
1,21,0,21,1,Dare,2022-07-25
1,8,2,6,1,Davie,2022-07-31
1,17,9,8,1,Davie,2022-07-27
1,14,3,11,1,Duplin,2022-06-17
1,12,8,4,1,Duplin,2022-09-14
1,9,2,7,1,Edgecombe,2022-08-13
1,14,6,8,1,Granville,2022-05-03
1,5,0,5,1,Greene,2022-08-17
1,14,1,13,1,Halifax,2022-07-10
1,18,1,17,1,Harnett,2022-08-21
1,27,3,24,1,Harnett,2022-05-28
1,8,3,5,1,Haywood,2022-10-07
1,6,4,2,1,Haywood,2022-10-06
1,26,11,15,1,Haywood,2022-08-09
1,6,0,6,1,Hertford,2022-06-11
1,16,7,9,1,Hertford,2022-07-29
1,12,3,9,1,Hoke,2022-08-26
1,6,1,5,1,Jackson,2022-06-30
1,10,3,7,1,Jackson,2022-08-07
1,5,4,1,1,Jones,2022-07-13
1,19,8,11,1,Lee,2022-07-13
1,5,2,3,1,Lenoir,2022-06-18
1,14,3,11,1,Lenoir,2022-06-23
1,18,9,9,1,Lenoir,2022-07-01
1,3,0,3,1,Macon,2022-08-31
1,12,3,9,1,Macon,2022-08-02
1,9,7,2,1,Macon,2022-06-30
1,8,3,5,1,Madison,2022-09-22
1,15,10,5,1,Madison,2022-07-18
1,10,1,9,1,McDowell,2022-06-21
1,8,5,3,1,McDowell,2022-10-08
1,5,3,2,1,Mitchell,2022-07-09
1,4,3,1,1,Mitchell,2022-08-15
1,3,0,3,1,Montgomery,2022-06-25
1,1,0,1,1,Montgomery,2022-10-10
1,21,4,17,1,Moore,2022-05-03
1,17,7,10,1,Moore,2022-08-13
1,22,8,14,1,Moore,2022-08-06
1,26,10,16,1,Moore,2022-07-23
1,14,10,4,1,Moore,2022-08-21
1,19,12,7,1,Moore,2022-10-18
1,31,15,16,1,Moore,2022-09-02
1,43,20,23,1,Moore,2022-06-21
1,7,1,6,1,Nash,2022-10-08
1,8,3,5,1,Nash,2022-10-15
1,12,4,8,1,New Hanover,2022-10-13
1,24,7,17,1,New Hanover,2022-10-17
1,31,10,21,1,New Hanover,2022-05-22
1,4,0,4,1,Pamlico,2022-07-04
1,5,2,3,1,Pamlico,2022-07-08
1,4,0,4,1,Pender,2022-09-27
1,15,1,14,1,Pender,2022-05-26
1,5,1,4,1,Pender,2022-10-24
1,7,2,5,1,Pender,2022-07-23
1,17,3,14,1,Pender,2022-05-25
1,9,4,5,1,Pender,2022-09-09
1,16,4,12,1,Person,2022-08-24
1,9,6,3,1,Person,2022-08-06
1,4,4,0,1,Polk,2022-07-08
1,17,10,7,1,Randolph,2022-10-10
1,19,11,8,1,Randolph,2022-06-12
1,7,2,5,1,Richmond,2022-06-19
1,11,1,10,1,Robeson,2022-10-09
1,20,2,18,1,Rockingham,2022-09-21
1,20,3,17,1,Rockingham,2022-06-08
1,25,5,20,1,Rockingham,2022-07-08
1,21,3,18,1,Rowan,2022-10-04
1,2,0,2,1,Rutherford,2022-10-15
1,14,1,13,1,Rutherford,2022-06-11
1,15,8,7,1,Sampson,2022-09-02
1,14,9,5,1,Sampson,2022-09-26
1,8,5,3,1,Scotland,2022-10-13
1,17,7,10,1,Scotland,2022-08-15
1,10,0,10,1,Stanly,2022-05-11
1,15,0,15,1,Stanly,2022-06-24
1,13,2,11,1,Stanly,2022-06-23
1,14,1,13,1,Stokes,2022-09-10
1,20,4,16,1,Stokes,2022-08-23
1,3,0,3,1,Swain,2022-05-29
1,11,3,8,1,Swain,2022-07-19
1,7,4,3,1,Swain,2022-07-14
1,10,4,6,1,Swain,2022-07-20
1,5,1,4,1,Transylvania,2022-08-09
1,5,3,2,1,Transylvania,2022-05-30
1,5,1,4,1,Watauga,2022-08-13
1,11,2,9,1,Watauga,2022-06-23
1,7,2,5,1,Wayne,2022-10-08
1,6,2,4,1,Wayne,2022-10-09
1,12,4,8,1,Wayne,2022-10-01
1,11,6,5,1,Wayne,2022-05-08
1,13,9,4,1,Wayne,2022-05-06
1,13,4,9,1,Wilkes,2022-10-06
1,11,4,7,1,Wilkes,2022-10-09
1,18,6,12,1,Wilkes,2022-05-17
1,9,3,6,1,Wilson,2022-05-15
1,9,3,6,1,Wilson,2022-10-05
1,10,4,6,1,Wilson,2022-09-10
1,12,6,6,1,Wilson,2022-06-26
1,6,0,6,1,Yadkin,2022-10-11
1,23,5,18,1,Yadkin,2022-08-21
1,5,1,4,1,Yancey,2022-08-25
1,2,1,1,1,Yancey,2022-08-26
2,12,2,10,1,Alamance,2022-10-09
2,5,0,5,1,Alexander,2022-09-10
2,7,2,5,1,Alexander,2022-05-18
2,7,2,5,1,Anson,2022-08-21
2,13,3,10,1,Anson,2022-09-02
2,5,1,4,1,Beaufort,2022-09-29
2,6,2,4,1,Bertie,2022-07-15
2,16,4,12,1,Bladen,2022-06-23
2,14,5,9,1,Bladen,2022-08-15
2,31,6,25,1,Brunswick,2022-09-21
2,34,7,27,1,Brunswick,2022-07-31
2,25,7,18,1,Brunswick,2022-08-14
2,12,2,10,1,Buncombe,2022-10-15
2,32,9,23,1,Buncombe,2022-10-10
2,19,11,8,1,Buncombe,2022-10-02
2,59,19,40,1,Buncombe,2022-06-26
2,11,5,6,1,Burke,2022-09-25
2,17,8,9,1,Burke,2022-05-10
2,30,3,27,1,Cabarrus,2022-06-12
2,12,0,12,1,Caldwell,2022-10-15
2,22,4,18,1,Caldwell,2022-05-17
2,27,6,21,1,Caldwell,2022-07-03
2,18,4,14,1,Carteret,2022-08-17
2,25,7,18,1,Carteret,2022-08-02
2,30,20,10,1,Carteret,2022-07-14
2,15,1,14,1,Caswell,2022-06-17
2,29,11,18,1,Catawba,2022-05-03
2,8,3,5,1,Cherokee,2022-06-02
2,13,2,11,1,Cleveland,2022-09-16
2,17,3,14,1,Cleveland,2022-05-29
2,9,1,8,1,Columbus,2022-07-09
2,8,1,7,1,Columbus,2022-07-10
2,16,1,15,1,Craven,2022-06-26
2,12,4,8,1,Craven,2022-07-03
2,19,9,10,1,Craven,2022-07-04
2,20,10,10,1,Craven,2022-09-09
2,35,14,21,1,Craven,2022-06-22
2,39,8,31,1,Cumberland,2022-05-08
2,20,0,20,1,Davidson,2022-09-24
2,17,4,13,1,Davidson,2022-10-08
2,26,6,20,1,Davidson,2022-05-04
2,6,1,5,1,Davie,2022-07-09
2,11,3,8,1,Davie,2022-06-26
2,14,4,10,1,Duplin,2022-07-31
2,5,0,5,1,Edgecombe,2022-09-30
2,15,1,14,1,Edgecombe,2022-06-15
2,14,1,13,1,Edgecombe,2022-06-23
2,11,3,8,1,Franklin,2022-08-28
2,21,6,15,1,Gaston,2022-10-13
2,30,4,26,1,Granville,2022-06-02
2,36,7,29,1,Guilford,2022-10-21
2,18,2,16,1,Halifax,2022-09-01
2,12,2,10,1,Halifax,2022-09-10
2,17,2,15,1,Halifax,2022-09-14
2,13,4,9,1,Halifax,2022-09-21
2,21,5,16,1,Halifax,2022-08-03
2,8,1,7,1,Harnett,2022-09-30
2,22,3,19,1,Harnett,2022-08-20
2,32,4,28,1,Harnett,2022-08-05
2,14,8,6,1,Haywood,2022-06-12
2,22,15,7,1,Haywood,2022-08-15
2,16,3,13,1,Henderson,2022-05-15
2,35,11,24,1,Henderson,2022-05-13
2,39,12,27,1,Henderson,2022-07-01
2,3,1,2,1,Hertford,2022-09-17
2,9,5,4,1,Hertford,2022-06-22
2,14,4,10,1,Hoke,2022-06-12
2,11,5,6,1,Iredell,2022-09-24
2,28,8,20,1,Iredell,2022-05-15
2,30,11,19,1,Iredell,2022-05-21
2,5,1,4,1,Jackson,2022-10-10
2,7,2,5,1,Jackson,2022-10-02
2,9,4,5,1,Jackson,2022-09-12
2,33,3,30,1,Johnston,2022-05-08
2,4,1,3,1,Jones,2022-10-03
2,17,2,15,1,Lee,2022-06-15
2,12,3,9,1,Lee,2022-08-26
2,4,1,3,1,Lenoir,2022-08-13
2,9,3,6,1,Lenoir,2022-09-03
2,41,7,34,1,Lenoir,2022-08-09
2,13,2,11,1,Lincoln,2022-10-17
2,22,3,19,1,Lincoln,2022-07-23
2,37,7,30,1,Lincoln,2022-07-05
2,13,2,11,1,Macon,2022-07-17
2,21,4,17,1,Macon,2022-07-14
2,8,3,5,1,Madison,2022-06-07
2,9,3,6,1,McDowell,2022-07-02
2,5,2,3,1,Montgomery,2022-10-03
2,9,3,6,1,Montgomery,2022-09-19
2,14,6,8,1,Moore,2022-05-14
2,16,7,9,1,Moore,2022-08-12
2,29,9,20,1,Moore,2022-06-26
2,20,6,14,1,Nash,2022-06-17
2,35,9,26,1,Nash,2022-06-24
2,18,3,15,1,New Hanover,2022-10-18
2,22,7,15,1,New Hanover,2022-10-04
2,58,8,50,1,New Hanover,2022-05-25
2,48,12,36,1,New Hanover,2022-05-10
2,6,5,1,1,Northampton,2022-06-30
2,17,7,10,1,Northampton,2022-08-01
2,22,4,18,1,Onslow,2022-09-05
2,14,5,9,1,Onslow,2022-05-08
2,28,5,23,1,Onslow,2022-09-11
2,8,0,8,1,Orange,2022-10-23
2,16,1,15,1,Orange,2022-09-25
2,26,2,24,1,Orange,2022-09-22
2,33,4,29,1,Orange,2022-06-11
2,14,5,9,1,Pasquotank,2022-07-22
2,12,5,7,1,Pasquotank,2022-08-16
2,16,1,15,1,Pender,2022-09-12
2,15,2,13,1,Pender,2022-05-27
2,4,2,2,1,Pender,2022-10-02
2,17,4,13,1,Pender,2022-05-17
2,19,4,15,1,Pender,2022-06-23
2,5,0,5,1,Person,2022-09-29
2,16,6,10,1,Randolph,2022-05-29
2,16,9,7,1,Randolph,2022-10-15
2,20,10,10,1,Randolph,2022-05-15
2,25,15,10,1,Randolph,2022-08-20
2,12,4,8,1,Rockingham,2022-09-05
2,24,7,17,1,Rockingham,2022-09-14
2,8,1,7,1,Rutherford,2022-05-11
2,13,1,12,1,Rutherford,2022-07-03
2,11,1,10,1,Rutherford,2022-09-23
2,10,2,8,1,Rutherford,2022-09-04
2,15,5,10,1,Sampson,2022-09-27
2,16,9,7,1,Sampson,2022-09-28
2,6,3,3,1,Scotland,2022-08-24
2,10,6,4,1,Scotland,2022-09-14
2,24,1,23,1,Stanly,2022-07-30
2,7,3,4,1,Stanly,2022-10-09
2,17,4,13,1,Stanly,2022-06-21
2,13,1,12,1,Stokes,2022-07-01
2,4,4,0,1,Stokes,2022-10-19
2,12,5,7,1,Stokes,2022-08-17
2,14,1,13,1,Surry,2022-10-25
2,27,12,15,1,Surry,2022-06-28
2,33,13,20,1,Surry,2022-06-24
2,12,7,5,1,Transylvania,2022-07-15
2,7,3,4,1,Vance,2022-09-10
2,5,2,3,1,Watauga,2022-06-18
2,14,4,10,1,Watauga,2022-07-16
2,5,1,4,1,Wayne,2022-10-15
2,32,12,20,1,Wilkes,2022-07-28
2,15,6,9,1,Wilson,2022-05-21
2,13,8,5,1,Wilson,2022-06-08
2,32,8,24,1,Wilson,2022-08-12
2,16,8,8,1,Wilson,2022-09-27
2,10,6,4,1,Yancey,2022-05-31
3,38,2,36,1,Alamance,2022-05-21
3,36,3,33,1,Alamance,2022-06-10
3,9,0,9,1,Alexander,2022-08-26
3,6,0,6,1,Bertie,2022-06-09
3,10,3,7,1,Brunswick,2022-10-21
3,39,9,30,1,Brunswick,2022-09-16
3,62,16,46,1,Brunswick,2022-07-14
3,14,5,9,1,Buncombe,2022-10-09
3,37,12,25,1,Buncombe,2022-10-27
3,37,14,23,1,Buncombe,2022-08-26
3,50,15,35,1,Buncombe,2022-09-20
3,44,16,28,1,Buncombe,2022-05-22
3,13,0,13,1,Burke,2022-10-19
3,28,2,26,1,Burke,2022-05-16
3,24,2,22,1,Burke,2022-07-17
3,32,2,30,1,Burke,2022-07-31
3,26,8,18,1,Burke,2022-07-01
3,42,12,30,1,Cabarrus,2022-09-22
3,12,3,9,1,Caldwell,2022-10-10
3,29,7,22,1,Caldwell,2022-06-17
3,22,7,15,1,Carteret,2022-08-16
3,13,2,11,1,Catawba,2022-10-01
3,23,2,21,1,Chatham,2022-06-14
3,17,7,10,1,Chatham,2022-09-19
3,17,0,17,1,Cherokee,2022-08-10
3,8,0,8,1,Cleveland,2022-10-27
3,14,4,10,1,Cleveland,2022-09-11
3,27,5,22,1,Cleveland,2022-06-12
3,27,5,22,1,Cleveland,2022-08-27
3,14,8,6,1,Cleveland,2022-10-20
3,7,1,6,1,Columbus,2022-07-24
3,11,2,9,1,Columbus,2022-06-17
3,26,13,13,1,Columbus,2022-08-09
3,57,24,33,1,Craven,2022-05-17
3,51,10,41,1,Cumberland,2022-09-03
3,75,11,64,1,Cumberland,2022-08-07
3,33,4,29,1,Davidson,2022-08-21
3,19,6,13,1,Davidson,2022-10-16
3,30,7,23,1,Davidson,2022-09-29
3,42,8,34,1,Davidson,2022-08-16
3,15,1,14,1,Davie,2022-06-07
3,12,4,8,1,Duplin,2022-05-25
3,10,5,5,1,Duplin,2022-09-05
3,39,1,38,1,Durham,2022-10-02
3,17,0,17,1,Edgecombe,2022-07-16
3,22,1,21,1,Forsyth,2022-10-02
3,19,3,16,1,Granville,2022-08-22
3,32,12,20,1,Granville,2022-06-13
3,14,2,12,1,Halifax,2022-10-17
3,37,7,30,1,Harnett,2022-08-19
3,40,13,27,1,Harnett,2022-06-23
3,11,2,9,1,Haywood,2022-10-02
3,14,9,5,1,Haywood,2022-07-09
3,16,9,7,1,Haywood,2022-08-20
3,24,11,13,1,Haywood,2022-06-01
3,19,14,5,1,Haywood,2022-09-26
3,31,22,9,1,Haywood,2022-07-11
3,25,10,15,1,Henderson,2022-08-30
3,30,11,19,1,Henderson,2022-07-16
3,34,11,23,1,Henderson,2022-08-23
3,24,5,19,1,Hoke,2022-09-09
3,29,7,22,1,Hoke,2022-06-08
3,18,7,11,1,Hoke,2022-06-24
3,24,7,17,1,Hoke,2022-07-14
3,34,11,23,1,Iredell,2022-06-17
3,62,16,46,1,Iredell,2022-06-06
3,21,4,17,1,Johnston,2022-09-24
3,21,5,16,1,Lee,2022-05-23
3,18,8,10,1,Lenoir,2022-07-24
3,7,4,3,1,Martin,2022-09-20
3,14,1,13,1,McDowell,2022-10-03
3,9,2,7,1,McDowell,2022-05-30
3,23,2,21,1,McDowell,2022-08-07
3,16,7,9,1,McDowell,2022-07-01
3,30,8,22,1,Moore,2022-07-09
3,25,8,17,1,Moore,2022-09-29
3,20,9,11,1,Moore,2022-09-09
3,27,10,17,1,Moore,2022-08-29
3,24,7,17,1,Nash,2022-05-24
3,31,8,23,1,Nash,2022-06-13
3,28,9,19,1,Nash,2022-09-07
3,30,3,27,1,New Hanover,2022-09-27
3,32,13,19,1,New Hanover,2022-07-03
3,54,19,35,1,New Hanover,2022-08-06
3,29,3,26,1,Onslow,2022-09-22
3,28,5,23,1,Onslow,2022-07-04
3,22,5,17,1,Onslow,2022-09-18
3,26,6,20,1,Onslow,2022-08-14
3,82,11,71,1,Onslow,2022-05-16
3,12,2,10,1,Orange,2022-09-17
3,18,8,10,1,Pasquotank,2022-08-09
3,17,0,17,1,Pender,2022-06-17
3,33,6,27,1,Pender,2022-08-08
3,26,10,16,1,Pender,2022-08-19
3,33,3,30,1,Pitt,2022-06-19
3,30,4,26,1,Pitt,2022-08-20
3,10,7,3,1,Polk,2022-07-11
3,17,8,9,1,Randolph,2022-10-11
3,32,11,21,1,Randolph,2022-06-28
3,36,16,20,1,Randolph,2022-06-21
3,8,1,7,1,Richmond,2022-08-27
3,10,2,8,1,Richmond,2022-09-23
3,17,3,14,1,Richmond,2022-09-02
3,14,5,9,1,Richmond,2022-08-23
3,10,9,1,1,Richmond,2022-08-20
3,10,4,6,1,Robeson,2022-10-08
3,21,9,12,1,Robeson,2022-10-25
3,31,16,15,1,Robeson,2022-09-28
3,15,1,14,1,Rockingham,2022-07-13
3,8,1,7,1,Rockingham,2022-10-09
3,13,2,11,1,Rockingham,2022-07-10
3,17,7,10,1,Rockingham,2022-06-02
3,34,11,23,1,Rockingham,2022-07-25
3,32,3,29,1,Rowan,2022-08-21
3,13,0,13,1,Rutherford,2022-06-12
3,9,1,8,1,Rutherford,2022-09-03
3,12,3,9,1,Rutherford,2022-09-16
3,18,12,6,1,Sampson,2022-09-09
3,20,14,6,1,Sampson,2022-08-30
3,22,15,7,1,Sampson,2022-08-26
3,12,8,4,1,Scotland,2022-05-26
3,26,0,26,1,Stanly,2022-07-15
3,14,2,12,1,Stokes,2022-08-27
3,17,9,8,1,Stokes,2022-06-13
3,15,2,13,1,Surry,2022-09-27
3,16,6,10,1,Surry,2022-06-10
3,21,10,11,1,Transylvania,2022-09-09
3,25,2,23,1,Union,2022-10-04
3,21,4,17,1,Union,2022-10-09
3,23,8,15,1,Union,2022-10-16
3,7,0,7,1,Washington,2022-08-24
3,22,8,14,1,Wayne,2022-08-27
3,55,26,29,1,Wayne,2022-06-09
3,9,1,8,1,Wilkes,2022-05-03
3,21,6,15,1,Wilkes,2022-08-12
3,25,7,18,1,Wilson,2022-09-26
3,17,8,9,1,Wilson,2022-06-19
3,15,8,7,1,Wilson,2022-08-26
3,24,3,21,1,Yadkin,2022-07-14
3,12,3,9,1,Yadkin,2022-08-06
3,16,4,12,1,Yadkin,2022-09-23
4,17,3,14,1,Alamance,2022-10-14
4,66,10,56,1,Alamance,2022-06-02
4,41,3,38,1,Brunswick,2022-09-26
4,36,4,32,1,Brunswick,2022-09-13
4,34,7,27,1,Brunswick,2022-09-15
4,44,15,29,1,Buncombe,2022-10-24
4,28,10,18,1,Burke,2022-05-23
4,44,15,29,1,Burke,2022-09-09
4,13,1,12,1,Cabarrus,2022-10-09
4,51,8,43,1,Cabarrus,2022-07-10
4,26,2,24,1,Caldwell,2022-08-13
4,40,3,37,1,Caldwell,2022-08-19
4,12,5,7,1,Carteret,2022-07-04
4,23,8,15,1,Carteret,2022-08-10
4,19,3,16,1,Catawba,2022-10-15
4,19,12,7,1,Catawba,2022-10-08
4,32,6,26,1,Cleveland,2022-07-31
4,34,17,17,1,Columbus,2022-07-12
4,37,9,28,1,Craven,2022-08-09
4,35,6,29,1,Cumberland,2022-09-24
4,37,11,26,1,Cumberland,2022-09-25
4,34,7,27,1,Davidson,2022-07-10
4,27,10,17,1,Davidson,2022-10-04
4,51,1,50,1,Durham,2022-09-18
4,29,1,28,1,Durham,2022-09-25
4,23,2,21,1,Edgecombe,2022-09-19
4,17,3,14,1,Edgecombe,2022-06-17
4,54,4,50,1,Franklin,2022-05-23
4,31,5,26,1,Gaston,2022-09-11
4,27,5,22,1,Gaston,2022-09-27
4,51,8,43,1,Gaston,2022-05-29
4,23,5,18,1,Henderson,2022-09-27
4,40,8,32,1,Henderson,2022-06-13
4,24,9,15,1,Henderson,2022-10-04
4,38,14,24,1,Henderson,2022-08-18
4,34,15,19,1,Henderson,2022-09-14
4,30,20,10,1,Iredell,2022-10-13
4,12,4,8,1,Lee,2022-09-25
4,18,5,13,1,Lee,2022-07-08
4,29,7,22,1,Lee,2022-07-19
4,35,18,17,1,Lee,2022-07-18
4,25,9,16,1,Lenoir,2022-05-31
4,30,10,20,1,Lenoir,2022-07-14
4,42,4,38,1,Lincoln,2022-07-28
4,31,5,26,1,Lincoln,2022-07-07
4,13,3,10,1,Macon,2022-09-20
4,23,4,19,1,McDowell,2022-09-19
4,20,6,14,1,McDowell,2022-06-30
4,23,6,17,1,Moore,2022-08-24
4,22,6,16,1,Moore,2022-09-28
4,30,6,24,1,Moore,2022-10-06
4,23,9,14,1,Moore,2022-05-21
4,30,10,20,1,Moore,2022-05-11
4,34,17,17,1,Moore,2022-06-16
4,14,5,9,1,Nash,2022-05-30
4,24,5,19,1,New Hanover,2022-08-20
4,24,8,16,1,New Hanover,2022-09-04
4,62,15,47,1,New Hanover,2022-08-12
4,56,25,31,1,New Hanover,2022-09-02
4,13,9,4,1,Northampton,2022-06-14
4,29,6,23,1,Onslow,2022-10-03
4,38,13,25,1,Onslow,2022-05-21
4,39,0,39,1,Orange,2022-08-12
4,64,4,60,1,Orange,2022-07-22
4,8,2,6,1,Person,2022-07-01
4,35,10,25,1,Pitt,2022-09-17
4,26,16,10,1,Randolph,2022-07-02
4,24,19,5,1,Randolph,2022-10-05
4,14,4,10,1,Robeson,2022-10-19
4,31,15,16,1,Robeson,2022-06-18
4,12,1,11,1,Rutherford,2022-09-07
4,10,3,7,1,Rutherford,2022-05-10
4,8,3,5,1,Rutherford,2022-09-25
4,24,6,18,1,Rutherford,2022-06-20
4,22,11,11,1,Sampson,2022-08-15
4,15,0,15,1,Stanly,2022-08-06
4,15,2,13,1,Stanly,2022-09-05
4,24,3,21,1,Stanly,2022-05-16
4,13,3,10,1,Stokes,2022-10-13
4,12,2,10,1,Surry,2022-10-04
4,18,7,11,1,Surry,2022-05-27
4,35,10,25,1,Surry,2022-06-14
4,34,11,23,1,Surry,2022-07-14
4,22,12,10,1,Surry,2022-10-03
4,23,13,10,1,Surry,2022-09-26
4,41,24,17,1,Surry,2022-07-01
4,48,5,43,1,Union,2022-09-11
4,73,20,53,1,Union,2022-05-04
4,26,10,16,1,Wayne,2022-08-28
4,14,5,9,1,Wilkes,2022-09-04
4,9,5,4,1,Wilkes,2022-10-25
4,25,15,10,1,Wilkes,2022-09-02
4,18,7,11,1,Wilson,2022-09-28
4,24,16,8,1,Wilson,2022-06-07
4,20,9,11,1,Yadkin,2022-08-01
5,51,3,48,1,Alamance,2022-07-31
5,32,4,28,1,Alamance,2022-06-25
5,36,6,30,1,Alamance,2022-08-27
5,21,5,16,1,Beaufort,2022-09-14
5,7,0,7,1,Bertie,2022-08-26
5,18,2,16,1,Bladen,2022-05-27
5,53,9,44,1,Brunswick,2022-06-28
5,38,10,28,1,Buncombe,2022-08-21
5,83,35,48,1,Buncombe,2022-05-06
5,22,1,21,1,Burke,2022-06-08
5,43,4,39,1,Burke,2022-09-08
5,31,5,26,1,Burke,2022-08-19
5,24,5,19,1,Cabarrus,2022-10-07
5,50,9,41,1,Cabarrus,2022-06-05
5,53,9,44,1,Cabarrus,2022-07-02
5,36,9,27,1,Cabarrus,2022-08-27
5,30,10,20,1,Carteret,2022-07-07
5,29,8,21,1,Catawba,2022-06-05
5,38,10,28,1,Catawba,2022-09-11
5,27,3,24,1,Cleveland,2022-07-24
5,15,4,11,1,Columbus,2022-08-31
5,16,7,9,1,Craven,2022-10-04
5,48,22,26,1,Craven,2022-07-12
5,37,6,31,1,Cumberland,2022-10-07
5,32,6,26,1,Cumberland,2022-10-20
5,35,6,29,1,Davidson,2022-06-17
5,18,7,11,1,Davidson,2022-07-09
5,26,8,18,1,Davidson,2022-10-25
5,48,13,35,1,Davidson,2022-05-27
5,25,15,10,1,Davie,2022-09-12
5,47,1,46,1,Durham,2022-10-05
5,18,1,17,1,Edgecombe,2022-06-21
5,17,1,16,1,Edgecombe,2022-08-12
5,33,4,29,1,Forsyth,2022-10-09
5,30,9,21,1,Forsyth,2022-10-01
5,19,3,16,1,Franklin,2022-06-11
5,58,11,47,1,Gaston,2022-05-11
5,76,13,63,1,Gaston,2022-05-25
5,31,4,27,1,Guilford,2022-10-29
5,20,3,17,1,Halifax,2022-06-08
5,27,6,21,1,Halifax,2022-08-18
5,13,6,7,1,Haywood,2022-08-11
5,31,9,22,1,Henderson,2022-05-25
5,17,4,13,1,Hoke,2022-08-31
5,40,10,30,1,Hoke,2022-07-19
5,41,8,33,1,Johnston,2022-09-04
5,32,9,23,1,Johnston,2022-09-29
5,22,7,15,1,Lee,2022-07-09
5,29,8,21,1,Lenoir,2022-06-28
5,22,12,10,1,Lenoir,2022-09-02
5,13,4,9,1,Lincoln,2022-09-30
5,28,9,19,1,Lincoln,2022-09-08
5,59,6,53,1,Mecklenburg,2022-10-15
5,26,6,20,1,Nash,2022-06-09
5,19,6,13,1,Nash,2022-09-04
5,40,7,33,1,Nash,2022-07-15
5,23,7,16,1,Nash,2022-09-13
5,20,9,11,1,Nash,2022-10-17
5,42,5,37,1,New Hanover,2022-09-26
5,34,7,27,1,New Hanover,2022-06-12
5,64,15,49,1,New Hanover,2022-06-17
5,82,23,59,1,New Hanover,2022-06-10
5,35,5,30,1,Onslow,2022-08-19
5,40,8,32,1,Onslow,2022-09-20
5,58,3,55,1,Orange,2022-06-10
5,62,4,58,1,Orange,2022-07-06
5,54,10,44,1,Orange,2022-07-21
5,28,4,24,1,Pitt,2022-08-14
5,30,10,20,1,Randolph,2022-06-01
5,35,12,23,1,Randolph,2022-06-03
5,38,17,21,1,Randolph,2022-05-31
5,41,17,24,1,Randolph,2022-07-29
5,27,17,10,1,Randolph,2022-08-07
5,38,20,18,1,Randolph,2022-09-21
5,24,9,15,1,Robeson,2022-08-27
5,34,9,25,1,Rowan,2022-06-17
5,50,29,21,1,Sampson,2022-07-28
5,26,5,21,1,Stokes,2022-07-20
5,13,4,9,1,Surry,2022-09-10
5,51,10,41,1,Surry,2022-08-10
5,37,14,23,1,Surry,2022-05-24
5,47,18,29,1,Surry,2022-07-30
5,53,4,49,1,Union,2022-05-15
5,19,6,13,1,Wayne,2022-09-05
5,14,9,5,1,Wayne,2022-10-17
5,23,10,13,1,Wayne,2022-08-14
5,23,13,10,1,Wilkes,2022-07-23
5,30,14,16,1,Wilkes,2022-08-24
5,29,18,11,1,Wilkes,2022-06-06
5,40,19,21,1,Wilkes,2022-07-25
5,21,3,18,1,Yadkin,2022-09-27
6,52,8,44,1,Alamance,2022-07-10
6,18,2,16,1,Bladen,2022-07-15
6,19,2,17,1,Brunswick,2022-10-17
6,60,9,51,1,Brunswick,2022-05-09
6,44,9,35,1,Brunswick,2022-09-02
6,54,14,40,1,Brunswick,2022-07-30
6,43,12,31,1,Buncombe,2022-10-05
6,34,15,19,1,Buncombe,2022-07-02
6,30,15,15,1,Buncombe,2022-09-27
6,50,17,33,1,Buncombe,2022-08-07
6,67,20,47,1,Buncombe,2022-05-21
6,65,22,43,1,Buncombe,2022-09-19
6,33,1,32,1,Caldwell,2022-06-23
6,27,2,25,1,Caldwell,2022-09-18
6,37,5,32,1,Caldwell,2022-09-27
6,52,33,19,1,Carteret,2022-05-31
6,18,9,9,1,Catawba,2022-09-25
6,34,11,23,1,Catawba,2022-06-12
6,30,15,15,1,Catawba,2022-10-13
6,60,22,38,1,Catawba,2022-07-06
6,17,3,14,1,Chatham,2022-06-24
6,34,14,20,1,Chatham,2022-09-06
6,33,5,28,1,Cleveland,2022-07-23
6,32,8,24,1,Cleveland,2022-06-10
6,27,10,17,1,Craven,2022-05-28
6,28,11,17,1,Craven,2022-08-22
6,51,20,31,1,Craven,2022-06-20
6,46,8,38,1,Cumberland,2022-06-19
6,82,10,72,1,Cumberland,2022-08-06
6,77,14,63,1,Cumberland,2022-07-31
6,42,16,26,1,Cumberland,2022-10-12
6,69,20,49,1,Cumberland,2022-06-25
6,48,5,43,1,Davidson,2022-07-06
6,40,8,32,1,Davidson,2022-07-30
6,66,22,44,1,Davidson,2022-05-25
6,37,4,33,1,Forsyth,2022-10-23
6,32,5,27,1,Gaston,2022-09-23
6,48,16,32,1,Guilford,2022-10-19
6,33,4,29,1,Harnett,2022-08-10
6,54,6,48,1,Harnett,2022-07-14
6,38,9,29,1,Harnett,2022-09-20
6,42,12,30,1,Harnett,2022-09-16
6,44,13,31,1,Harnett,2022-09-13
6,30,6,24,1,Henderson,2022-06-02
6,41,14,27,1,Henderson,2022-08-15
6,72,15,57,1,Henderson,2022-07-12
6,40,4,36,1,Hoke,2022-06-06
6,38,10,28,1,Hoke,2022-07-06
6,43,10,33,1,Iredell,2022-06-10
6,38,14,24,1,Iredell,2022-09-02
6,41,21,20,1,Iredell,2022-06-26
6,100,18,82,1,Johnston,2022-05-24
6,22,2,20,1,Lee,2022-08-29
6,37,8,29,1,Lincoln,2022-06-27
6,33,10,23,1,Lincoln,2022-09-19
6,35,6,29,1,Moore,2022-08-04
6,34,12,22,1,Moore,2022-08-15
6,45,17,28,1,Moore,2022-07-18
6,20,5,15,1,Nash,2022-09-02
6,25,6,19,1,Nash,2022-08-26
6,20,3,17,1,New Hanover,2022-09-11
6,50,3,47,1,Onslow,2022-08-07
6,45,7,38,1,Pitt,2022-06-26
6,45,23,22,1,Robeson,2022-05-27
6,23,3,20,1,Rockingham,2022-07-16
6,28,7,21,1,Rockingham,2022-06-13
6,39,10,29,1,Rockingham,2022-07-22
6,27,12,15,1,Rockingham,2022-08-25
6,17,1,16,1,Rowan,2022-10-11
6,33,6,27,1,Rowan,2022-06-03
6,26,7,19,1,Rowan,2022-05-08
6,30,10,20,1,Rowan,2022-08-06
6,21,4,17,1,Sampson,2022-09-01
6,13,0,13,1,Stanly,2022-10-05
6,22,1,21,1,Stanly,2022-08-05
6,27,10,17,1,Stanly,2022-09-15
6,27,4,23,1,Surry,2022-06-15
6,48,14,34,1,Surry,2022-07-20
6,45,20,25,1,Surry,2022-06-30
6,70,15,55,1,Union,2022-06-08
6,25,10,15,1,Vance,2022-08-08
6,71,37,34,1,Wayne,2022-07-13
6,35,21,14,1,Wilkes,2022-05-31
6,34,12,22,1,Wilson,2022-08-11
6,31,13,18,1,Wilson,2022-06-29
7,29,5,24,1,Alamance,2022-09-30
7,63,15,48,1,Brunswick,2022-08-08
7,34,17,17,1,Buncombe,2022-10-18
7,54,20,34,1,Buncombe,2022-09-21
7,90,28,62,1,Buncombe,2022-06-20
7,74,28,46,1,Buncombe,2022-08-17
7,106,39,67,1,Buncombe,2022-06-09
7,61,11,50,1,Cabarrus,2022-08-18
7,41,2,39,1,Caldwell,2022-06-28
7,43,10,33,1,Caldwell,2022-09-11
7,46,11,35,1,Caldwell,2022-08-29
7,38,8,30,1,Catawba,2022-07-03
7,43,26,17,1,Catawba,2022-10-10
7,34,1,33,1,Cleveland,2022-07-30
7,32,4,28,1,Cleveland,2022-09-13
7,51,16,35,1,Cumberland,2022-08-28
7,36,11,25,1,Davidson,2022-10-03
7,88,5,83,1,Durham,2022-06-26
7,30,2,28,1,Forsyth,2022-10-15
7,60,9,51,1,Forsyth,2022-10-11
7,29,2,27,1,Franklin,2022-05-15
7,30,3,27,1,Franklin,2022-07-20
7,46,4,42,1,Gaston,2022-09-03
7,101,12,89,1,Guilford,2022-07-02
7,83,20,63,1,Guilford,2022-09-03
7,40,10,30,1,Halifax,2022-08-15
7,25,10,15,1,Henderson,2022-09-11
7,27,10,17,1,Henderson,2022-09-23
7,33,16,17,1,Henderson,2022-07-06
7,44,16,28,1,Henderson,2022-08-08
7,54,26,28,1,Henderson,2022-07-27
7,66,42,24,1,Henderson,2022-07-07
7,32,7,25,1,Iredell,2022-08-27
7,40,18,22,1,Iredell,2022-08-14
7,60,36,24,1,Iredell,2022-09-14
7,38,13,25,1,Nash,2022-08-17
7,25,6,19,1,New Hanover,2022-09-10
7,65,19,46,1,New Hanover,2022-07-02
7,38,3,35,1,Onslow,2022-08-30
7,80,12,68,1,Onslow,2022-05-24
7,43,3,40,1,Orange,2022-07-15
7,49,5,44,1,Pitt,2022-07-31
7,29,12,17,1,Randolph,2022-09-28
7,49,32,17,1,Randolph,2022-07-21
7,29,14,15,1,Robeson,2022-08-21
7,37,15,22,1,Robeson,2022-09-23
7,35,19,16,1,Robeson,2022-08-14
7,45,3,42,1,Rowan,2022-08-12
7,30,2,28,1,Stanly,2022-07-18
7,32,9,23,1,Surry,2022-06-27
7,44,12,32,1,Surry,2022-07-13
7,22,7,15,1,Wayne,2022-09-11
7,42,25,17,1,Wayne,2022-09-22
7,79,48,31,1,Wayne,2022-07-26
7,24,11,13,1,Wilson,2022-07-23
7,23,7,16,1,Yadkin,2022-08-29
8,72,6,66,1,Alamance,2022-05-27
8,49,6,43,1,Brunswick,2022-05-12
8,73,24,49,1,Brunswick,2022-06-21
8,92,28,64,1,Buncombe,2022-08-09
8,106,32,74,1,Buncombe,2022-07-18
8,61,11,50,1,Burke,2022-08-05
8,74,17,57,1,Cabarrus,2022-09-08
8,32,4,28,1,Caldwell,2022-07-17
8,48,4,44,1,Caldwell,2022-09-09
8,37,8,29,1,Caldwell,2022-08-30
8,35,10,25,1,Catawba,2022-08-28
8,28,12,16,1,Catawba,2022-09-03
8,69,18,51,1,Catawba,2022-08-05
8,55,19,36,1,Catawba,2022-09-21
8,43,13,30,1,Craven,2022-05-18
8,35,15,20,1,Craven,2022-07-27
8,52,21,31,1,Craven,2022-07-13
8,95,14,81,1,Cumberland,2022-09-01
8,91,20,71,1,Cumberland,2022-09-27
8,30,11,19,1,Duplin,2022-06-27
8,44,29,15,1,Duplin,2022-07-18
8,76,8,68,1,Durham,2022-09-27
8,75,20,55,1,Forsyth,2022-10-10
8,10,1,9,1,Franklin,2022-09-03
8,83,7,76,1,Gaston,2022-05-17
8,58,11,47,1,Gaston,2022-08-27
8,68,12,56,1,Gaston,2022-06-03
8,79,12,67,1,Gaston,2022-06-09
8,57,10,47,1,Guilford,2022-10-25
8,73,21,52,1,Guilford,2022-10-04
8,52,28,24,1,Henderson,2022-07-28
8,63,26,37,1,Iredell,2022-08-16
8,97,13,84,1,Johnston,2022-05-25
8,47,16,31,1,McDowell,2022-07-05
8,51,20,31,1,Moore,2022-09-19
8,46,8,38,1,New Hanover,2022-09-14
8,49,11,38,1,New Hanover,2022-07-31
8,56,12,44,1,New Hanover,2022-09-13
8,76,13,63,1,New Hanover,2022-06-07
8,44,15,29,1,New Hanover,2022-08-31
8,81,16,65,1,New Hanover,2022-06-14
8,50,18,32,1,New Hanover,2022-08-07
8,65,8,57,1,Onslow,2022-06-16
8,54,10,44,1,Onslow,2022-06-24
8,54,11,43,1,Onslow,2022-08-06
8,48,4,44,1,Pitt,2022-07-03
8,26,5,21,1,Pitt,2022-08-13
8,31,6,25,1,Rockingham,2022-07-29
8,32,3,29,1,Rowan,2022-05-11
8,53,13,40,1,Rowan,2022-05-24
8,70,14,56,1,Rowan,2022-07-06
8,27,9,18,1,Stokes,2022-06-30
8,45,15,30,1,Surry,2022-08-16
8,46,20,26,1,Surry,2022-08-12
8,51,20,31,1,Surry,2022-08-15
8,109,18,91,1,Union,2022-06-01
8,39,12,27,1,Vance,2022-08-29
8,92,16,76,1,Wake,2022-09-30
8,47,30,17,1,Wayne,2022-09-06
8,39,32,7,1,Wayne,2022-09-28
8,37,16,21,1,Wilkes,2022-08-08
8,29,7,22,1,Wilson,2022-07-01
8,43,27,16,1,Wilson,2022-07-08
8,20,6,14,1,Yadkin,2022-08-10
9,29,4,25,1,Alamance,2022-10-06
9,70,14,56,1,Alamance,2022-07-06
9,74,19,55,1,Alamance,2022-05-09
9,46,4,42,1,Brunswick,2022-08-19
9,60,12,48,1,Brunswick,2022-07-22
9,38,11,27,1,Buncombe,2022-08-14
9,44,19,25,1,Buncombe,2022-10-04
9,110,25,85,1,Buncombe,2022-06-13
9,57,13,44,1,Burke,2022-08-03
9,31,7,24,1,Cabarrus,2022-07-04
9,61,17,44,1,Cabarrus,2022-07-17
9,137,21,116,1,Cumberland,2022-06-22
9,39,0,39,1,Davidson,2022-09-11
9,40,4,36,1,Davidson,2022-07-02
9,75,8,67,1,Durham,2022-08-07
9,119,22,97,1,Forsyth,2022-06-16
9,53,6,47,1,Gaston,2022-09-04
9,54,8,46,1,Gaston,2022-06-16
9,88,18,70,1,Gaston,2022-09-12
9,80,12,68,1,Guilford,2022-08-21
9,82,13,69,1,Guilford,2022-06-18
9,57,9,48,1,Harnett,2022-09-12
9,51,12,39,1,Harnett,2022-09-14
9,82,31,51,1,Iredell,2022-05-25
9,57,4,53,1,Johnston,2022-07-16
9,61,14,47,1,Johnston,2022-06-17
9,72,14,58,1,Johnston,2022-06-21
9,70,15,55,1,Johnston,2022-08-22
9,65,17,48,1,Johnston,2022-06-09
9,70,23,47,1,Johnston,2022-08-30
9,38,15,23,1,Moore,2022-08-31
9,33,6,27,1,Nash,2022-09-06
9,53,11,42,1,Nash,2022-08-03
9,106,15,91,1,New Hanover,2022-05-31
9,81,17,64,1,New Hanover,2022-06-16
9,86,27,59,1,New Hanover,2022-08-10
9,48,7,41,1,Onslow,2022-07-23
9,34,15,19,1,Randolph,2022-06-02
9,36,22,14,1,Randolph,2022-09-11
9,49,26,23,1,Randolph,2022-08-03
9,40,19,21,1,Robeson,2022-08-13
9,49,31,18,1,Robeson,2022-06-16
9,44,31,13,1,Wayne,2022-10-03
9,40,15,25,1,Yadkin,2022-09-09
10,41,6,35,1,Alamance,2022-07-17
10,84,12,72,1,Alamance,2022-06-27
10,82,13,69,1,Alamance,2022-07-21
10,73,13,60,1,Brunswick,2022-07-21
10,85,34,51,1,Buncombe,2022-06-23
10,122,49,73,1,Buncombe,2022-05-05
10,80,10,70,1,Cabarrus,2022-08-12
10,101,22,79,1,Cabarrus,2022-08-29
10,53,9,44,1,Caldwell,2022-07-19
10,38,10,28,1,Caldwell,2022-07-12
10,68,20,48,1,Catawba,2022-09-13
10,54,33,21,1,Catawba,2022-07-08
10,31,16,15,1,Columbus,2022-08-02
10,86,17,69,1,Cumberland,2022-09-21
10,101,19,82,1,Cumberland,2022-06-16
10,38,4,34,1,Davidson,2022-08-14
10,53,11,42,1,Davidson,2022-06-22
10,48,15,33,1,Davidson,2022-06-10
10,56,18,38,1,Davidson,2022-09-26
10,63,20,43,1,Davidson,2022-07-21
10,88,4,84,1,Durham,2022-09-21
10,203,33,170,1,Durham,2022-06-06
10,89,15,74,1,Forsyth,2022-09-03
10,106,16,90,1,Forsyth,2022-05-28
10,90,18,72,1,Gaston,2022-08-04
10,48,7,41,1,Guilford,2022-10-26
10,188,32,156,1,Guilford,2022-07-15
10,53,10,43,1,Harnett,2022-07-21
10,36,11,25,1,Henderson,2022-09-20
10,56,21,35,1,Iredell,2022-07-13
10,66,24,42,1,Iredell,2022-06-21
10,52,11,41,1,Johnston,2022-08-25
10,59,11,48,1,Johnston,2022-09-23
10,75,13,62,1,Johnston,2022-05-29
10,70,15,55,1,Johnston,2022-09-19
10,73,23,50,1,Johnston,2022-05-10
10,55,10,45,1,New Hanover,2022-08-17
10,38,1,37,1,Pitt,2022-08-07
10,58,12,46,1,Pitt,2022-09-21
10,38,19,19,1,Randolph,2022-09-22
10,54,24,30,1,Randolph,2022-08-04
10,71,6,65,1,Rowan,2022-08-16
10,39,11,28,1,Surry,2022-06-07
10,86,16,70,1,Union,2022-06-22
10,42,21,21,1,Wayne,2022-08-23
10,48,32,16,1,Wayne,2022-06-01
11,95,35,60,1,Buncombe,2022-06-21
11,95,18,77,1,Cabarrus,2022-05-17
11,66,9,57,1,Caldwell,2022-08-11
11,66,14,52,1,Caldwell,2022-07-27
11,98,44,54,1,Catawba,2022-06-27
11,49,4,45,1,Cleveland,2022-06-21
11,32,5,27,1,Cleveland,2022-06-13
11,42,9,33,1,Cleveland,2022-08-26
11,90,15,75,1,Cumberland,2022-09-09
11,113,25,88,1,Cumberland,2022-09-13
11,32,6,26,1,Davidson,2022-10-07
11,48,12,36,1,Davidson,2022-08-26
11,93,3,90,1,Durham,2022-08-06
11,81,19,62,1,Forsyth,2022-10-03
11,69,4,65,1,Gaston,2022-06-14
11,58,13,45,1,Gaston,2022-08-06
11,101,15,86,1,Guilford,2022-07-09
11,109,30,79,1,Guilford,2022-09-27
11,65,9,56,1,Harnett,2022-08-11
11,73,26,47,1,Harnett,2022-05-31
11,65,22,43,1,Henderson,2022-07-05
11,45,26,19,1,Henderson,2022-09-12
11,45,20,25,1,Iredell,2022-10-10
11,85,16,69,1,Johnston,2022-05-09
11,86,10,76,1,Onslow,2022-07-29
11,100,14,86,1,Onslow,2022-07-20
11,152,17,135,1,Orange,2022-05-16
11,55,24,31,1,Randolph,2022-08-10
11,65,44,21,1,Randolph,2022-07-19
11,59,10,49,1,Rowan,2022-07-13
11,47,15,32,1,Rowan,2022-07-31
11,58,17,41,1,Rowan,2022-06-01
11,75,20,55,1,Rowan,2022-08-03
11,131,15,116,1,Wake,2022-09-18
11,125,27,98,1,Wake,2022-09-05
11,52,24,28,1,Wayne,2022-07-30
11,48,23,25,1,Wilson,2022-08-02
11,62,24,38,1,Wilson,2022-08-08
12,66,6,60,1,Alamance,2022-06-08
12,46,7,39,1,Buncombe,2022-10-13
12,147,56,91,1,Buncombe,2022-05-12
12,67,13,54,1,Cabarrus,2022-08-15
12,87,19,68,1,Cabarrus,2022-06-28
12,73,22,51,1,Cabarrus,2022-06-13
12,66,22,44,1,Catawba,2022-07-24
12,61,26,35,1,Catawba,2022-05-25
12,48,7,41,1,Cleveland,2022-07-28
12,65,14,51,1,Davidson,2022-08-09
12,76,10,66,1,Forsyth,2022-06-25
12,73,10,63,1,Forsyth,2022-09-17
12,77,16,61,1,Forsyth,2022-10-17
12,111,17,94,1,Forsyth,2022-07-30
12,84,21,63,1,Forsyth,2022-07-04
12,86,13,73,1,Guilford,2022-09-04
12,89,25,64,1,Guilford,2022-05-30
12,181,25,156,1,Guilford,2022-06-07
12,158,37,121,1,Guilford,2022-05-03
12,63,14,49,1,Iredell,2022-07-23
12,79,31,48,1,Iredell,2022-05-31
12,75,39,36,1,Iredell,2022-07-26
12,62,15,47,1,Johnston,2022-08-23
12,52,17,35,1,Nash,2022-08-04
12,105,17,88,1,Onslow,2022-08-15
12,69,8,61,1,Orange,2022-07-18
12,81,10,71,1,Pitt,2022-08-23
12,52,20,32,1,Robeson,2022-09-19
12,68,29,39,1,Robeson,2022-09-12
12,52,5,47,1,Rowan,2022-08-19
12,48,14,34,1,Rowan,2022-06-21
12,37,16,21,1,Stokes,2022-08-22
12,60,21,39,1,Surry,2022-07-18
12,62,33,29,1,Wayne,2022-08-15
12,63,35,28,1,Wayne,2022-06-24
12,75,49,26,1,Wayne,2022-07-07
13,56,14,42,1,Buncombe,2022-08-13
13,74,10,64,1,Cabarrus,2022-09-01
13,66,12,54,1,Caldwell,2022-08-08
13,67,14,53,1,Caldwell,2022-07-18
13,48,13,35,1,Catawba,2022-08-14
13,54,27,27,1,Catawba,2022-06-14
13,75,32,43,1,Catawba,2022-07-07
13,119,18,101,1,Cumberland,2022-07-01
13,126,20,106,1,Cumberland,2022-09-20
13,127,23,104,1,Cumberland,2022-09-07
13,50,26,24,1,Duplin,2022-07-28
13,112,17,95,1,Durham,2022-09-13
13,73,9,64,1,Forsyth,2022-07-02
13,105,19,86,1,Forsyth,2022-07-09
13,38,9,29,1,Gaston,2022-09-20
13,68,11,57,1,Gaston,2022-06-01
13,76,13,63,1,Gaston,2022-06-07
13,62,6,56,1,Guilford,2022-09-25
13,90,17,73,1,Guilford,2022-06-25
13,105,23,82,1,Guilford,2022-09-28
13,66,30,36,1,Iredell,2022-08-25
13,222,35,187,1,Mecklenburg,2022-05-08
13,58,16,42,1,Onslow,2022-09-01
13,67,44,23,1,Randolph,2022-07-27
13,46,25,21,1,Robeson,2022-08-18
13,76,26,50,1,Surry,2022-08-01
13,43,1,42,1,Union,2022-09-28
13,103,15,88,1,Union,2022-07-06
14,66,16,50,1,Alamance,2022-06-20
14,76,22,54,1,Buncombe,2022-07-14
14,71,25,46,1,Buncombe,2022-07-15
14,150,60,90,1,Buncombe,2022-05-18
14,85,18,67,1,Cabarrus,2022-08-11
14,58,10,48,1,Caldwell,2022-09-14
14,55,14,41,1,Caldwell,2022-09-16
14,69,8,61,1,Cleveland,2022-07-20
14,88,15,73,1,Cumberland,2022-09-02
14,101,19,82,1,Cumberland,2022-08-26
14,157,21,136,1,Cumberland,2022-06-02
14,58,9,49,1,Davidson,2022-06-29
14,219,9,210,1,Durham,2022-05-19
14,113,10,103,1,Durham,2022-08-16
14,84,12,72,1,Forsyth,2022-10-04
14,107,19,88,1,Forsyth,2022-09-27
14,130,37,93,1,Forsyth,2022-06-09
14,78,6,72,1,Gaston,2022-07-24
14,64,9,55,1,Gaston,2022-08-19
14,99,20,79,1,Gaston,2022-08-01
14,88,11,77,1,Guilford,2022-06-04
14,161,31,130,1,Guilford,2022-08-26
14,134,23,111,1,Mecklenburg,2022-09-17
14,83,24,59,1,New Hanover,2022-08-04
14,109,27,82,1,Onslow,2022-07-28
14,94,19,75,1,Pitt,2022-08-25
14,56,29,27,1,Robeson,2022-09-01
14,67,39,28,1,Robeson,2022-07-15
14,65,17,48,1,Rowan,2022-07-15
14,120,70,50,1,Wayne,2022-07-11
15,89,11,78,1,Alamance,2022-07-05
15,92,34,58,1,Buncombe,2022-09-12
15,56,6,50,1,Cleveland,2022-08-03
15,114,12,102,1,Cumberland,2022-09-15
15,90,13,77,1,Cumberland,2022-07-23
15,179,37,142,1,Cumberland,2022-05-23
15,69,14,55,1,Davidson,2022-08-17
15,112,7,105,1,Durham,2022-09-14
15,109,18,91,1,Forsyth,2022-07-31
15,60,6,54,1,Gaston,2022-09-15
15,91,10,81,1,Gaston,2022-06-28
15,91,30,61,1,Gaston,2022-06-27
15,97,11,86,1,Guilford,2022-08-13
15,123,17,106,1,Guilford,2022-08-06
15,106,30,76,1,Guilford,2022-09-23
15,182,42,140,1,Guilford,2022-06-20
15,81,30,51,1,Iredell,2022-05-19
15,79,15,64,1,Johnston,2022-08-12
15,76,24,52,1,Johnston,2022-06-28
15,106,16,90,1,Mecklenburg,2022-10-02
15,92,9,83,1,Onslow,2022-08-22
15,65,30,35,1,Randolph,2022-08-08
15,61,35,26,1,Robeson,2022-07-01
15,56,35,21,1,Robeson,2022-08-25
15,100,10,90,1,Union,2022-08-05
15,358,56,302,1,Wake,2022-05-08
15,96,55,41,1,Wayne,2022-07-05
16,96,10,86,1,Cabarrus,2022-07-14
16,90,18,72,1,Cabarrus,2022-08-16
16,76,15,61,1,Caldwell,2022-09-12
16,75,31,44,1,Catawba,2022-08-10
16,72,15,57,1,Cleveland,2022-07-26
16,88,17,71,1,Davidson,2022-07-27
16,87,31,56,1,Davidson,2022-09-19
16,187,9,178,1,Durham,2022-07-05
16,157,9,148,1,Durham,2022-07-29
16,163,11,152,1,Durham,2022-07-18
16,88,10,78,1,Forsyth,2022-08-21
16,77,11,66,1,Forsyth,2022-10-05
16,95,17,78,1,Forsyth,2022-09-23
16,128,29,99,1,Forsyth,2022-05-05
16,83,14,69,1,Gaston,2022-08-16
16,116,19,97,1,Gaston,2022-07-06
16,157,32,125,1,Guilford,2022-09-09
16,95,21,74,1,Johnston,2022-07-12
16,125,11,114,1,Mecklenburg,2022-09-24
16,121,24,97,1,New Hanover,2022-07-25
16,103,34,69,1,New Hanover,2022-07-27
16,101,9,92,1,Onslow,2022-08-04
16,53,11,42,1,Onslow,2022-08-25
16,74,24,50,1,Surry,2022-08-25
16,119,21,98,1,Union,2022-05-19
17,96,17,79,1,Cumberland,2022-09-22
17,159,23,136,1,Cumberland,2022-06-14
17,79,19,60,1,Davidson,2022-08-10
17,78,21,57,1,Davidson,2022-08-11
17,283,16,267,1,Durham,2022-06-01
17,166,26,140,1,Forsyth,2022-06-07
17,102,16,86,1,Johnston,2022-07-27
17,115,34,81,1,Johnston,2022-07-06
17,135,21,114,1,Mecklenburg,2022-10-28
17,142,44,98,1,New Hanover,2022-07-05
17,77,13,64,1,Onslow,2022-08-12
17,100,29,71,1,Onslow,2022-07-21
17,57,33,24,1,Robeson,2022-07-08
17,164,22,142,1,Wake,2022-09-04
18,115,41,74,1,Buncombe,2022-07-25
18,74,19,55,1,Cabarrus,2022-09-12
18,155,28,127,1,Cumberland,2022-05-24
18,171,8,163,1,Durham,2022-07-06
18,123,9,114,1,Durham,2022-08-29
18,217,17,200,1,Durham,2022-06-03
18,98,13,85,1,Gaston,2022-07-07
18,121,22,99,1,Gaston,2022-07-05
18,187,26,161,1,Guilford,2022-07-13
18,211,45,166,1,Guilford,2022-05-13
18,251,47,204,1,Guilford,2022-05-10
18,86,25,61,1,Iredell,2022-07-29
18,95,16,79,1,Onslow,2022-07-22
18,44,27,17,1,Pender,2022-08-09
18,72,34,38,1,Robeson,2022-06-09
18,83,40,43,1,Robeson,2022-07-27
18,90,44,46,1,Robeson,2022-08-09
18,68,10,58,1,Rowan,2022-08-05
18,131,21,110,1,Union,2022-07-05
19,109,22,87,1,Cabarrus,2022-07-26
19,116,37,79,1,Catawba,2022-08-02
19,133,24,109,1,Cumberland,2022-08-10
19,174,33,141,1,Forsyth,2022-05-25
19,159,24,135,1,Guilford,2022-08-19
19,138,26,112,1,Guilford,2022-09-26
19,189,34,155,1,Guilford,2022-07-12
19,177,42,135,1,Guilford,2022-06-21
19,80,38,42,1,Robeson,2022-07-19
19,116,19,97,1,Union,2022-07-20
19,242,21,221,1,Wake,2022-09-19
20,80,5,75,1,Alamance,2022-08-10
20,98,15,83,1,Alamance,2022-09-06
20,110,45,65,1,Alamance,2022-08-31
20,185,25,160,1,Cumberland,2022-07-26
20,174,27,147,1,Cumberland,2022-08-02
20,75,13,62,1,Davidson,2022-08-31
20,158,8,150,1,Durham,2022-07-21
20,167,24,143,1,Forsyth,2022-06-24
20,136,36,100,1,Forsyth,2022-09-16
20,74,12,62,1,Gaston,2022-06-22
20,129,20,109,1,Gaston,2022-07-14
20,205,27,178,1,Wake,2022-08-21
21,86,10,76,1,Alamance,2022-08-17
21,103,19,84,1,Alamance,2022-07-18
21,125,24,101,1,Cabarrus,2022-07-19
21,91,37,54,1,Catawba,2022-07-28
21,83,31,52,1,Craven,2022-08-01
21,157,26,131,1,Cumberland,2022-08-15
21,195,33,162,1,Cumberland,2022-06-01
21,184,45,139,1,Cumberland,2022-05-16
21,105,25,80,1,Davidson,2022-07-25
21,113,8,105,1,Durham,2022-08-25
21,155,21,134,1,Forsyth,2022-06-21
21,156,24,132,1,Forsyth,2022-06-29
21,177,30,147,1,Forsyth,2022-05-16
21,83,8,75,1,Gaston,2022-06-29
21,74,26,48,1,Robeson,2022-06-14
21,88,49,39,1,Robeson,2022-07-28
21,96,16,80,1,Union,2022-08-10
21,111,12,99,1,Wake,2022-10-10
21,182,25,157,1,Wake,2022-09-28
22,89,38,51,1,Catawba,2022-09-07
22,120,27,93,1,Cumberland,2022-08-29
22,213,31,182,1,Cumberland,2022-07-05
22,93,21,72,1,Forsyth,2022-09-28
22,126,28,98,1,Forsyth,2022-07-14
22,169,36,133,1,Forsyth,2022-07-22
22,195,38,157,1,Forsyth,2022-05-19
22,137,40,97,1,Forsyth,2022-09-01
22,190,29,161,1,Guilford,2022-06-30
22,159,29,130,1,Guilford,2022-09-14
22,197,41,156,1,Guilford,2022-08-16
22,149,26,123,1,Mecklenburg,2022-10-10
22,162,31,131,1,Mecklenburg,2022-10-25
23,105,25,80,1,Davidson,2022-09-06
23,162,8,154,1,Durham,2022-08-02
23,172,22,150,1,Forsyth,2022-08-03
23,91,14,77,1,Gaston,2022-07-27
23,207,21,186,1,Guilford,2022-06-01
23,184,23,161,1,Guilford,2022-08-05
24,91,16,75,1,Alamance,2022-09-14
24,216,33,183,1,Cumberland,2022-05-31
24,158,29,129,1,Forsyth,2022-07-07
24,184,34,150,1,Forsyth,2022-07-27
24,195,27,168,1,Guilford,2022-06-08
24,101,20,81,1,Johnston,2022-07-14
24,174,18,156,1,Mecklenburg,2022-10-05
24,291,32,259,1,Mecklenburg,2022-07-03
24,78,42,36,1,Robeson,2022-08-15
24,224,25,199,1,Wake,2022-08-20
24,260,43,217,1,Wake,2022-06-12
24,373,50,323,1,Wake,2022-05-29
25,141,27,114,1,Cumberland,2022-09-19
25,127,22,105,1,Gaston,2022-07-26
25,196,37,159,1,Guilford,2022-07-11
25,268,54,214,1,Guilford,2022-05-16
25,220,36,184,1,Mecklenburg,2022-05-30
25,316,42,274,1,Mecklenburg,2022-05-22
25,281,42,239,1,Wake,2022-06-25
26,214,50,164,1,Guilford,2022-07-20
26,188,35,153,1,Mecklenburg,2022-09-26
26,225,41,184,1,Wake,2022-09-15
26,241,51,190,1,Wake,2022-07-03
26,398,62,336,1,Wake,2022-05-22
27,102,36,66,1,Catawba,2022-08-09
27,169,28,141,1,Guilford,2022-06-16
27,173,16,157,1,Mecklenburg,2022-09-11
27,160,27,133,1,Mecklenburg,2022-10-24
27,203,27,176,1,Wake,2022-08-28
27,283,51,232,1,Wake,2022-06-26
28,181,49,132,1,Forsyth,2022-09-19
28,147,16,131,1,Guilford,2022-09-01
28,181,19,162,1,Mecklenburg,2022-09-03
29,186,41,145,1,Forsyth,2022-08-22
29,204,20,184,1,Guilford,2022-06-09
29,372,67,305,1,Mecklenburg,2022-05-05
29,218,41,177,1,Wake,2022-08-27
30,126,29,97,1,Forsyth,2022-07-17
30,167,42,125,1,Forsyth,2022-06-13
30,254,16,238,1,Mecklenburg,2022-06-12
30,167,27,140,1,Onslow,2022-07-25
31,193,48,145,1,Cumberland,2022-07-13
31,208,32,176,1,Guilford,2022-05-26
31,172,44,128,1,Guilford,2022-09-13
31,274,52,222,1,Guilford,2022-07-05
31,293,63,230,1,Guilford,2022-05-09
31,282,44,238,1,Wake,2022-09-09
32,286,34,252,1,Mecklenburg,2022-06-19
32,87,6,81,1,Pitt,2022-08-11
32,234,23,211,1,Wake,2022-09-27
33,156,25,131,1,Forsyth,2022-06-23
33,221,43,178,1,Forsyth,2022-09-06
33,201,45,156,1,Guilford,2022-07-21
33,226,46,180,1,Guilford,2022-09-06
34,267,40,227,1,Mecklenburg,2022-06-18
34,328,49,279,1,Mecklenburg,2022-09-13
35,219,45,174,1,Forsyth,2022-07-18
35,249,40,209,1,Guilford,2022-07-27
35,250,47,203,1,Guilford,2022-05-12
35,263,57,206,1,Guilford,2022-07-28
35,240,24,216,1,Mecklenburg,2022-09-16
35,319,37,282,1,Wake,2022-07-23
36,241,45,196,1,Guilford,2022-07-26
36,532,39,493,1,Wake,2022-05-07
37,157,41,116,1,Forsyth,2022-09-13
37,284,51,233,1,Guilford,2022-07-25
37,178,30,148,1,Mecklenburg,2022-10-26
37,222,41,181,1,Mecklenburg,2022-09-22
37,452,58,394,1,Mecklenburg,2022-05-11
39,250,40,210,1,Guilford,2022-08-03
39,275,47,228,1,Guilford,2022-08-08
40,177,19,158,1,Forsyth,2022-08-16
40,458,69,389,1,Mecklenburg,2022-05-12
41,265,38,227,1,Mecklenburg,2022-09-15
42,275,38,237,1,Guilford,2022-08-02
42,299,37,262,1,Mecklenburg,2022-08-26
43,255,51,204,1,Guilford,2022-08-01
44,477,50,427,1,Mecklenburg,2022-06-08
44,503,61,442,1,Mecklenburg,2022-06-02
44,584,69,515,1,Wake,2022-05-05
45,422,69,353,1,Mecklenburg,2022-06-03
45,445,74,371,1,Mecklenburg,2022-06-13
45,323,49,274,1,Wake,2022-07-30
46,380,60,320,1,Wake,2022-08-15
49,390,39,351,1,Mecklenburg,2022-06-10
49,435,65,370,1,Mecklenburg,2022-05-27
49,339,49,290,1,Wake,2022-08-16
50,415,29,386,1,Mecklenburg,2022-07-23
50,419,52,367,1,Mecklenburg,2022-06-07
50,483,55,428,1,Mecklenburg,2022-05-10
51,372,30,342,1,Mecklenburg,2022-07-31
51,534,52,482,1,Wake,2022-06-14
51,524,57,467,1,Wake,2022-07-01
51,533,72,461,1,Wake,2022-06-20
51,487,77,410,1,Wake,2022-06-09
52,363,64,299,1,Mecklenburg,2022-08-30
52,500,78,422,1,Mecklenburg,2022-06-27
54,381,42,339,1,Mecklenburg,2022-08-16
54,451,62,389,1,Wake,2022-07-15
55,331,42,289,1,Mecklenburg,2022-08-18
55,324,57,267,1,Mecklenburg,2022-09-08
56,446,57,389,1,Mecklenburg,2022-08-11
57,557,79,478,1,Wake,2022-07-07
58,541,73,468,1,Wake,2022-06-30
58,876,98,778,1,Wake,2022-05-26
59,435,61,374,1,Mecklenburg,2022-07-01
59,640,79,561,1,Wake,2022-06-08
60,602,73,529,1,Mecklenburg,2022-05-31
60,487,53,434,1,Wake,2022-06-24
60,467,55,412,1,Wake,2022-07-26
60,629,76,553,1,Wake,2022-06-15
61,539,70,469,1,Mecklenburg,2022-06-30
61,428,61,367,1,Wake,2022-09-06
61,462,84,378,1,Wake,2022-07-21
63,395,53,342,1,Mecklenburg,2022-08-17
64,475,46,429,1,Mecklenburg,2022-08-10
65,479,61,418,1,Mecklenburg,2022-07-15
65,524,40,484,1,Wake,2022-06-23
65,454,62,392,1,Wake,2022-08-10
66,736,95,641,1,Wake,2022-05-27
67,595,85,510,1,Wake,2022-08-08
69,395,76,319,1,Mecklenburg,2022-08-15
69,793,73,720,1,Wake,2022-06-06
72,829,73,756,1,Wake,2022-05-20
75,690,97,593,1,Wake,2022-07-18
76,532,70,462,1,Wake,2022-07-13
77,579,72,507,1,Mecklenburg,2022-06-29
79,672,74,598,1,Wake,2022-07-20
81,505,51,454,1,Wake,2022-08-04
81,554,87,467,1,Wake,2022-08-01
82,594,67,527,1,Mecklenburg,2022-07-07
82,1073,119,954,1,Wake,2022-05-17
83,510,56,454,1,Mecklenburg,2022-08-04
83,584,73,511,1,Mecklenburg,2022-07-22
84,888,72,816,1,Wake,2022-05-25
89,597,54,543,1,Mecklenburg,2022-08-03
92,645,60,585,1,Mecklenburg,2022-07-27
96,593,89,504,1,Mecklenburg,2022-07-29
97,670,96,574,1,Mecklenburg,2022-07-25
104,680,76,604,1,Mecklenburg,2022-07-26
112,670,79,591,1,Mecklenburg,2022-07-18
0,20,8,12,2,Henderson,2022-06-12
0,9,5,4,2,Pasquotank,2022-08-19
0,12,3,9,2,Rockingham,2022-06-18
0,6,2,4,2,Watauga,2022-08-20
1,7,1,6,2,Avery,2022-08-11
1,9,1,8,2,Cherokee,2022-07-16
1,35,10,25,2,Craven,2022-06-10
1,7,0,7,2,Edgecombe,2022-10-02
1,25,12,13,2,Haywood,2022-08-03
1,21,5,16,2,Henderson,2022-08-21
1,19,8,11,2,Lincoln,2022-08-26
1,5,4,1,2,Pamlico,2022-07-21
1,16,1,15,2,Rutherford,2022-08-06
1,21,18,3,2,Sampson,2022-06-21
1,12,3,9,2,Surry,2022-09-17
2,64,18,46,2,Buncombe,2022-06-14
2,24,1,23,2,Davidson,2022-09-17
2,6,0,6,2,Edgecombe,2022-10-12
2,5,2,3,2,Montgomery,2022-05-30
2,15,4,11,2,New Hanover,2022-09-24
2,13,7,6,2,Wilkes,2022-10-01
2,30,15,15,2,Wilson,2022-08-19
3,53,7,46,2,Brunswick,2022-06-02
3,40,17,23,2,Buncombe,2022-08-28
3,14,4,10,2,Gaston,2022-10-09
3,23,6,17,2,Robeson,2022-10-05
4,17,8,9,2,Craven,2022-10-11
4,18,1,17,2,Edgecombe,2022-09-15
4,38,10,28,2,Henderson,2022-08-24
4,30,16,14,2,Henderson,2022-09-18
4,9,0,9,2,McDowell,2022-07-31
4,28,5,23,2,Nash,2022-06-10
4,26,3,23,2,Pitt,2022-08-21
4,8,1,7,2,Richmond,2022-09-21
4,27,12,15,2,Wilkes,2022-06-10
5,47,12,35,2,Buncombe,2022-10-26
5,23,6,17,2,Burke,2022-09-26
5,45,8,37,2,Burke,2022-07-13
5,33,7,26,2,Cleveland,2022-08-12
5,46,24,22,2,Craven,2022-09-08
5,32,4,28,2,Davidson,2022-07-04
5,48,2,46,2,Guilford,2022-10-01
5,42,5,37,2,Guilford,2022-10-02
5,35,14,21,2,Surry,2022-07-10
6,33,12,21,2,Catawba,2022-09-28
6,37,17,20,2,Craven,2022-08-23
6,32,1,31,2,Davidson,2022-06-19
6,41,6,35,2,Forsyth,2022-10-19
6,30,7,23,2,Iredell,2022-09-03
6,47,8,39,2,Rowan,2022-09-06
6,31,14,17,2,Wilson,2022-08-17
7,64,8,56,2,Alamance,2022-08-04
7,71,12,59,2,Forsyth,2022-09-29
7,64,24,40,2,Henderson,2022-07-22
7,96,28,68,2,Johnston,2022-05-17
7,28,17,11,2,Moore,2022-08-19
7,42,10,32,2,Nash,2022-07-21
8,44,10,34,2,Cumberland,2022-09-18
8,46,10,36,2,Gaston,2022-09-09
8,91,33,58,2,Iredell,2022-06-27
8,51,9,42,2,Nash,2022-07-27
8,55,9,46,2,Pitt,2022-07-30
8,37,23,14,2,Robeson,2022-07-02
9,15,1,14,2,Catawba,2022-09-30
9,53,4,49,2,Durham,2022-10-06
9,89,17,72,2,Guilford,2022-07-03
9,47,16,31,2,Iredell,2022-08-05
9,77,21,56,2,New Hanover,2022-08-05
10,86,22,64,2,Buncombe,2022-07-13
10,66,6,60,2,Cabarrus,2022-07-31
10,164,8,156,2,Durham,2022-05-26
10,69,17,52,2,Forsyth,2022-09-05
10,71,14,57,2,Gaston,2022-07-23
11,78,11,67,2,Gaston,2022-07-31
11,59,16,43,2,Gaston,2022-08-14
11,90,17,73,2,Gaston,2022-08-23
11,80,33,47,2,Iredell,2022-07-28
11,67,16,51,2,Johnston,2022-06-14
12,111,19,92,2,Cumberland,2022-05-09
12,82,13,69,2,Guilford,2022-09-11
12,74,13,61,2,Guilford,2022-10-06
12,144,18,126,2,Guilford,2022-07-17
13,81,13,68,2,Cabarrus,2022-06-09
13,65,14,51,2,Guilford,2022-10-18
13,141,25,116,2,Guilford,2022-05-14
13,50,25,25,2,Surry,2022-09-12
14,96,23,73,2,Alamance,2022-05-17
14,147,4,143,2,Durham,2022-07-22
14,111,4,107,2,Durham,2022-07-23
14,98,12,86,2,Guilford,2022-06-11
14,147,20,127,2,Guilford,2022-06-14
14,43,4,39,2,Stanly,2022-08-01
15,117,48,69,2,Buncombe,2022-06-29
15,75,8,67,2,Gaston,2022-07-17
15,82,15,67,2,Pitt,2022-05-25
16,103,18,85,2,Gaston,2022-07-28
16,189,31,158,2,Guilford,2022-06-29
16,61,4,57,2,Rowan,2022-08-31
18,128,14,114,2,Alamance,2022-05-31
18,97,10,87,2,Union,2022-08-03
19,159,27,132,2,Mecklenburg,2022-10-03
19,145,13,132,2,Onslow,2022-08-09
20,162,17,145,2,Durham,2022-07-07
20,189,29,160,2,Guilford,2022-07-14
21,156,31,125,2,Forsyth,2022-06-30
21,125,19,106,2,Gaston,2022-07-25
21,157,21,136,2,Guilford,2022-06-24
22,119,15,104,2,Gaston,2022-08-02
23,116,24,92,2,Gaston,2022-07-19
23,151,22,129,2,Guilford,2022-08-30
25,129,22,107,2,Forsyth,2022-09-08
26,189,27,162,2,Forsyth,2022-08-02
26,144,30,114,2,Forsyth,2022-09-21
26,270,48,222,2,Mecklenburg,2022-06-04
27,185,20,165,2,Mecklenburg,2022-09-23
27,351,75,276,2,Wake,2022-06-05
28,151,37,114,2,Forsyth,2022-09-20
28,259,28,231,2,Mecklenburg,2022-06-26
29,212,62,150,2,Forsyth,2022-09-12
29,233,43,190,2,Guilford,2022-08-10
30,178,48,130,2,Forsyth,2022-09-07
31,260,41,219,2,Cumberland,2022-07-18
31,236,35,201,2,Guilford,2022-08-09
31,279,42,237,2,Wake,2022-08-07
32,170,25,145,2,Forsyth,2022-08-15
32,337,61,276,2,Wake,2022-07-17
33,156,43,113,2,Forsyth,2022-08-30
33,298,42,256,2,Wake,2022-08-19
34,226,45,181,2,Guilford,2022-07-29
34,333,46,287,2,Wake,2022-06-11
37,286,45,241,2,Guilford,2022-05-31
37,187,32,155,2,Mecklenburg,2022-09-28
37,447,66,381,2,Wake,2022-05-15
40,328,40,288,2,Wake,2022-08-12
41,486,67,419,2,Wake,2022-06-04
42,180,32,148,2,Mecklenburg,2022-09-05
42,302,33,269,2,Mecklenburg,2022-07-09
42,336,51,285,2,Wake,2022-08-06
43,643,46,597,2,Wake,2022-05-14
48,500,81,419,2,Mecklenburg,2022-05-23
48,327,55,272,2,Wake,2022-09-13
49,368,33,335,2,Mecklenburg,2022-07-10
51,350,55,295,2,Mecklenburg,2022-08-31
51,348,39,309,2,Wake,2022-08-11
51,614,64,550,2,Wake,2022-06-13
52,489,50,439,2,Wake,2022-06-17
54,368,40,328,2,Wake,2022-08-24
59,649,87,562,2,Wake,2022-07-05
65,587,64,523,2,Wake,2022-06-29
66,377,42,335,2,Mecklenburg,2022-07-30
80,605,82,523,2,Mecklenburg,2022-07-06
84,664,76,588,2,Mecklenburg,2022-07-19
94,937,104,833,2,Wake,2022-06-01
95,612,58,554,2,Mecklenburg,2022-07-28
2,19,6,13,3,Surry,2022-09-28
7,62,7,55,3,Wake,2022-10-16
8,63,19,44,3,Buncombe,2022-07-24
9,68,6,62,3,Alamance,2022-06-23
9,116,57,59,3,Buncombe,2022-05-03
10,104,10,94,3,New Hanover,2022-07-26
11,95,17,78,3,Cabarrus,2022-08-08
14,67,30,37,3,Iredell,2022-08-17
15,151,26,125,3,Guilford,2022-06-23
16,163,28,135,3,Guilford,2022-06-10
17,122,19,103,3,Forsyth,2022-08-26
18,155,26,129,3,Guilford,2022-07-30
18,124,22,102,3,Mecklenburg,2022-10-11
19,165,21,144,3,Mecklenburg,2022-09-18
20,208,31,177,3,Guilford,2022-05-24
24,171,22,149,3,Cumberland,2022-07-29
24,198,16,182,3,Mecklenburg,2022-08-27
25,175,22,153,3,Mecklenburg,2022-09-04
26,164,28,136,3,Forsyth,2022-06-28
26,222,53,169,3,Guilford,2022-08-24
28,150,36,114,3,Gaston,2022-07-18
32,236,31,205,3,Mecklenburg,2022-08-21
32,305,32,273,3,Mecklenburg,2022-08-19
33,252,28,224,3,Wake,2022-08-26
35,223,42,181,3,Cumberland,2022-08-01
35,199,18,181,3,Mecklenburg,2022-08-28
42,400,52,348,3,Mecklenburg,2022-05-04
53,307,46,261,3,Mecklenburg,2022-09-09
70,371,50,321,3,Mecklenburg,2022-08-12
70,568,56,512,3,Wake,2022-06-21
71,581,55,526,3,Wake,2022-07-06
84,515,101,414,3,Mecklenburg,2022-08-08
6,74,18,56,4,Cabarrus,2022-08-31
11,56,17,39,4,Surry,2022-08-30
16,104,15,89,4,Guilford,2022-08-20
20,122,17,105,4,Guilford,2022-08-14
24,115,27,88,4,Mecklenburg,2022-10-13
27,193,33,160,4,Guilford,2022-08-17
34,253,52,201,4,Guilford,2022-08-04
35,188,31,157,4,Guilford,2022-08-29
52,447,54,393,4,Mecklenburg,2022-06-23
77,810,77,733,4,Wake,2022-06-02
17,132,18,114,5,Guilford,2022-08-07
23,219,30,189,5,Mecklenburg,2022-08-20
74,911,73,838,5,Wake,2022-05-11
