Total Cases That Were Reinfections,Total Cases by Date of Specimen collection,Total Antigen Cases by Date of Specimen Collection,Total Molecular Cases by Date of Specimen Collection,Death by Date of Death,County,Date
9,15,1,14,2,Catawba,2022-09-30
19,108,11,97,0,Mecklenburg,2022-09-30
2,10,4,6,0,Robeson,2022-09-30
0,3,2,1,0,Vance,2022-09-30
15,106,16,90,1,Mecklenburg,2022-10-02
0,1,0,1,0,Granville,2022-10-02
11,19,8,11,0,Wilson,2022-10-03
9,44,31,13,1,Wayne,2022-10-03
9,57,6,51,0,Durham,2022-10-03
20,160,27,133,2,Mecklenburg,2022-10-03
2,11,0,11,0,Granville,2022-09-30
9,17,3,14,0,Pitt,2022-09-30
3,8,8,0,0,Alleghany,2022-09-30
4,29,5,24,0,Durham,2022-09-30
1,6,0,6,0,Madison,2022-09-30
8,22,10,12,0,Wilkes,2022-10-03
12,74,13,61,0,Cumberland,2022-10-03
3,5,1,4,0,Davie,2022-10-02
3,20,6,14,0,Brunswick,2022-10-02
2,13,3,10,0,Harnett,2022-10-02
8,23,5,18,0,Nash,2022-10-03
3,42,11,31,1,Cumberland,2022-10-10
10,76,21,55,1,Forsyth,2022-10-10
1,17,9,8,1,Haywood,2022-10-10
10,33,17,16,0,Robeson,2022-10-10
9,77,17,60,0,Guilford,2022-10-10
7,35,13,22,0,Cabarrus,2022-10-03
0,3,0,3,0,Currituck,2022-10-10
6,35,10,25,1,Davidson,2022-10-03
19,124,20,104,3,Mecklenburg,2022-10-11
1,25,4,21,0,Burke,2022-10-11
2,8,1,7,1,Davie,2022-10-11
2,43,9,34,0,Buncombe,2022-10-11
6,39,3,36,0,Durham,2022-10-11
4,40,7,33,0,Brunswick,2022-10-03
2,3,2,1,0,Cherokee,2022-10-03
0,1,1,0,0,Polk,2022-10-03
4,21,11,10,0,Henderson,2022-10-10
3,14,3,11,1,Caldwell,2022-10-10
1,23,8,15,0,Halifax,2022-10-10
3,30,4,26,0,Johnston,2022-10-11
5,22,3,19,0,Pitt,2022-10-11
2,9,5,4,0,Sampson,2022-10-20
3,25,6,19,0,Cabarrus,2022-10-11
4,21,5,16,0,Pitt,2022-10-20
24,134,30,104,0,Mecklenburg,2022-10-20
0,1,0,1,0,Montgomery,2022-10-20
2,38,18,20,0,Durham,2022-10-23
1,5,1,4,0,Rutherford,2022-10-23
16,103,32,71,0,Mecklenburg,2022-10-23
3,13,3,10,0,Union,2022-10-23
3,10,4,6,0,Halifax,2022-10-20
1,4,1,3,1,Person,2022-10-20
2,11,5,6,0,Haywood,2022-10-20
2,6,0,6,0,Warren,2022-10-20
3,16,6,10,0,Cabarrus,2022-10-23
4,16,10,6,0,Wayne,2022-10-28
7,47,15,32,0,Buncombe,2022-10-28
2,21,12,9,0,Randolph,2022-09-30
2,4,1,3,0,Person,2022-09-30
4,26,16,10,0,Wayne,2022-11-03
4,28,23,5,0,Henderson,2022-11-03
0,1,0,1,0,Person,2022-11-03
4,41,2,39,0,Durham,2022-10-28
9,32,5,27,0,Union,2022-10-28
4,29,3,26,0,Cabarrus,2022-10-28
3,12,3,9,0,Pitt,2022-10-02
1,7,0,7,2,Edgecombe,2022-10-02
1,24,2,22,0,Durham,2022-11-11
4,40,9,31,1,Forsyth,2022-11-11
8,35,2,33,0,Durham,2022-11-03
8,25,7,18,0,Johnston,2022-11-03
2,16,4,12,0,Caldwell,2022-11-15
4,29,2,27,0,Durham,2022-11-15
0,11,4,7,0,Moore,2022-11-15
2,18,7,11,0,Catawba,2022-11-15
1,13,3,10,0,Onslow,2022-11-15
1,24,6,18,0,Durham,2022-11-16
1,10,1,9,0,Orange,2022-11-16
1,4,0,4,0,Bladen,2022-10-03
1,8,6,2,0,Scotland,2022-10-03
2,24,21,3,0,Edgecombe,2022-10-03
4,13,3,10,0,Cleveland,2022-10-02
2,5,0,5,0,Rutherford,2022-10-02
2,6,2,4,0,Transylvania,2022-10-02
3,15,4,11,0,Harnett,2022-10-10
0,6,5,1,0,Warren,2022-10-10
1,9,0,9,0,Chatham,2022-11-11
4,16,4,12,0,Johnston,2022-11-11
2,7,3,4,0,Onslow,2022-11-11
1,16,9,7,0,Wayne,2022-10-11
0,4,0,4,0,Person,2022-10-11
5,22,4,18,0,Beaufort,2022-10-03
4,17,8,9,2,Craven,2022-10-11
0,7,0,7,0,Granville,2022-10-11
4,16,6,10,0,Harnett,2022-11-25
10,60,13,47,0,Guilford,2022-11-25
3,6,1,5,0,Lincoln,2022-11-15
18,95,13,82,0,Wake,2022-11-15
7,25,8,17,0,Pitt,2022-11-15
3,10,1,9,0,Rockingham,2022-11-25
7,22,13,9,1,Harnett,2022-11-16
3,21,5,16,0,Pitt,2022-10-03
1,11,4,7,0,Brunswick,2022-11-16
1,7,3,4,0,Nash,2022-11-16
0,2,1,1,0,Greene,2022-11-16
5,33,10,23,1,Cumberland,2022-11-25
0,4,2,2,0,Sampson,2022-11-25
5,12,1,11,0,Stanly,2022-10-10
6,10,5,5,0,Northampton,2022-10-10
0,3,3,0,0,Polk,2022-10-11
1,5,0,5,0,Edgecombe,2022-10-20
1,12,7,5,0,Wilson,2022-10-11
3,11,3,8,0,Harnett,2022-10-20
10,74,5,69,0,Durham,2022-12-07
2,7,0,7,0,Granville,2022-10-20
3,12,6,6,0,Vance,2022-12-07
19,89,32,57,0,Guilford,2022-12-07
1,10,4,6,0,Columbus,2022-12-07
2,24,9,15,0,Randolph,2022-12-07
13,84,24,60,0,Cumberland,2022-12-07
3,12,6,6,0,Haywood,2022-12-07
4,15,8,7,0,Catawba,2022-10-23
7,47,16,31,0,New Hanover,2022-12-07
3,27,6,21,0,Harnett,2022-12-07
1,11,6,5,0,Burke,2022-10-20
1,5,3,2,0,Currituck,2022-10-23
0,1,1,0,0,Davie,2022-10-23
1,6,0,6,0,Nash,2022-10-23
0,6,1,5,0,Watauga,2022-10-28
1,2,1,1,0,Polk,2022-11-03
1,10,0,10,0,Stanly,2022-11-03
1,12,5,7,0,Craven,2022-11-03
1,8,3,5,0,Halifax,2022-12-15
15,43,24,19,0,Robeson,2022-12-15
5,16,1,15,0,Stanly,2022-12-15
3,15,5,10,0,Burke,2022-10-28
2,5,3,2,0,Alleghany,2022-12-15
12,69,9,60,1,Durham,2022-12-15
6,20,6,14,0,Henderson,2022-12-15
48,308,60,248,1,Mecklenburg,2022-12-16
15,37,26,11,0,Robeson,2022-12-16
3,29,6,23,0,Cabarrus,2022-11-03
2,7,4,3,0,Alexander,2022-11-15
1,8,1,7,0,Burke,2022-11-16
0,6,2,4,0,Watauga,2022-11-16
17,114,31,83,0,Cumberland,2022-12-16
10,35,20,15,0,Randolph,2022-12-16
15,56,11,45,0,Johnston,2022-12-16
0,7,5,2,0,Columbus,2022-12-16
24,84,18,66,0,Forsyth,2022-12-18
2,23,8,15,2,Nash,2022-12-18
4,15,10,5,0,Wilkes,2022-12-18
5,30,14,16,0,Randolph,2022-12-18
14,72,30,42,1,Cumberland,2022-12-18
1,11,4,7,0,Robeson,2022-11-11
3,9,5,4,2,Randolph,2022-11-11
3,7,1,6,0,Harnett,2022-11-11
0,10,5,5,1,Randolph,2022-11-25
0,12,4,8,0,New Hanover,2022-11-15
1,9,4,5,0,Craven,2022-11-15
3,35,1,34,1,Durham,2022-11-25
14,44,19,25,0,Wayne,2022-12-15
0,6,2,4,0,McDowell,2022-11-15
6,36,6,30,0,Cabarrus,2022-11-16
21,80,7,73,0,Durham,2022-12-16
6,46,8,38,0,Cumberland,2022-11-16
8,54,1,53,0,Durham,2022-12-18
2,17,7,10,0,Craven,2022-12-18
15,77,50,27,0,Randolph,2022-12-22
4,16,1,15,0,Edgecombe,2022-12-22
70,384,81,303,1,Mecklenburg,2022-12-22
18,51,34,17,0,Robeson,2022-12-22
12,64,14,50,0,Johnston,2022-12-22
26,149,62,87,0,Cumberland,2022-12-22
23,106,11,95,1,Durham,2022-12-22
3,7,2,5,0,Stokes,2022-11-25
10,68,20,48,1,Catawba,2022-09-13
8,56,12,44,1,New Hanover,2022-09-13
0,12,2,10,0,Martin,2022-09-13
21,99,24,75,0,Davidson,2022-09-13
14,111,17,94,0,Durham,2022-09-13
32,172,44,128,1,Guilford,2022-09-13
6,44,13,31,1,Harnett,2022-09-13
11,29,5,24,0,Pitt,2022-12-07
6,19,10,9,0,Davie,2022-12-22
10,23,2,21,0,Bladen,2023-01-09
6,51,5,46,0,Orange,2022-12-22
7,19,5,14,1,Brunswick,2022-12-07
3,28,8,20,0,Caldwell,2022-12-22
11,54,11,43,0,Pitt,2022-12-22
10,67,28,39,2,Buncombe,2023-01-09
6,17,3,14,0,Vance,2022-12-22
17,109,9,100,0,Durham,2023-01-09
5,31,15,16,0,Randolph,2023-01-09
12,65,32,33,0,Iredell,2022-09-13
5,28,11,17,0,Columbus,2022-09-13
4,18,14,4,0,Scotland,2023-01-09
7,23,4,19,0,Caldwell,2022-12-07
3,13,5,8,0,Lee,2022-09-13
2,17,8,9,0,Burke,2022-12-07
5,17,3,14,0,Rockingham,2022-12-07
22,64,13,51,0,Pitt,2023-01-09
7,23,13,10,0,Wilson,2023-01-09
5,28,2,26,0,Onslow,2022-12-07
3,21,16,5,0,Beaufort,2022-09-13
15,103,32,71,0,Cumberland,2023-01-10
21,64,27,37,0,Robeson,2023-01-10
7,38,13,25,0,Stokes,2022-12-29
1,8,3,5,0,Pasquotank,2023-01-09
17,98,20,78,0,Forsyth,2023-01-10
6,32,8,24,0,Vance,2023-01-09
1,16,6,10,0,Transylvania,2023-01-10
31,137,38,99,1,Guilford,2023-01-10
4,18,3,15,0,Person,2022-12-29
12,38,18,20,0,Randolph,2023-01-10
46,191,42,149,1,Forsyth,2022-12-29
19,61,19,42,0,Cabarrus,2023-01-10
29,153,49,104,0,Cumberland,2022-12-29
9,27,7,20,0,Columbus,2023-01-09
2,16,7,9,0,Montgomery,2022-12-29
13,56,30,26,0,Randolph,2022-12-29
5,15,6,9,0,Davie,2022-12-15
4,28,3,25,0,Onslow,2022-12-15
5,31,8,23,0,Pitt,2022-12-16
4,31,10,21,0,Harnett,2023-01-10
32,69,39,30,0,Robeson,2022-12-29
4,26,12,14,0,Henderson,2023-01-10
4,24,6,18,0,Harnett,2022-12-16
8,47,8,39,1,Durham,2023-01-14
1,1,1,0,0,Jones,2023-01-14
9,15,1,14,0,Stanly,2023-01-14
2,13,2,11,0,Lee,2022-12-16
2,5,0,5,0,Dare,2023-01-10
3,11,7,4,0,Jackson,2023-01-10
7,23,7,16,0,Lee,2022-12-29
17,50,11,39,0,Pitt,2023-01-10
0,6,3,3,1,Caswell,2022-12-29
2,12,4,8,0,Granville,2022-12-18
6,28,12,16,0,Robeson,2022-12-18
78,371,91,280,0,Wake,2023-01-02
8,21,10,11,0,Wilson,2023-01-02
16,52,25,27,0,Harnett,2023-01-02
24,132,26,106,0,Durham,2023-01-02
1,9,6,3,0,Pasquotank,2023-01-02
6,26,13,13,0,Wilkes,2023-01-02
17,70,23,47,0,Cabarrus,2023-01-02
0,3,1,2,0,Camden,2022-12-18
8,34,24,10,0,Burke,2023-01-02
24,137,48,89,0,Cumberland,2023-01-02
9,36,3,33,0,Granville,2023-01-02
14,54,12,42,0,Cabarrus,2022-12-15
0,1,1,0,0,Jones,2022-12-15
0,3,0,3,0,Bladen,2023-01-14
0,6,2,4,0,Transylvania,2023-01-14
9,26,7,19,0,Cabarrus,2023-01-14
4,10,2,8,0,Burke,2023-01-14
1,2,1,1,0,Mitchell,2023-01-21
2,18,3,15,0,Harnett,2023-01-21
3,7,1,6,0,Halifax,2023-01-21
10,51,12,39,0,Guilford,2023-01-21
9,30,8,22,0,Cabarrus,2022-12-18
2,15,5,10,0,Henderson,2022-12-18
3,12,2,10,0,Caldwell,2022-12-18
12,35,16,19,0,Nash,2023-01-02
13,83,53,30,0,Buncombe,2023-01-02
2,14,1,13,0,Rockingham,2022-12-18
11,44,10,34,0,Caldwell,2023-01-02
1,4,1,3,0,Haywood,2022-12-18
7,42,19,23,0,Wayne,2023-01-02
3,11,9,2,0,Sampson,2023-01-29
2,13,4,9,0,Iredell,2023-02-04
2,5,0,5,0,Stanly,2023-02-04
4,24,3,21,0,Alamance,2023-02-04
2,10,2,8,0,Randolph,2023-02-04
0,2,1,1,0,Graham,2023-02-04
15,36,2,34,0,Durham,2023-02-04
5,27,6,21,0,Craven,2023-02-06
15,44,14,30,0,Cabarrus,2023-02-06
48,231,68,163,1,Mecklenburg,2023-02-06
9,39,10,29,0,Union,2023-02-06
12,47,21,26,0,Pitt,2023-02-06
4,16,2,14,0,Vance,2023-02-06
9,29,7,22,0,Granville,2023-02-06
3,7,5,2,0,Carteret,2023-02-06
3,17,8,9,0,Lee,2022-12-22
1,13,7,6,0,Pasquotank,2023-02-09
29,178,46,132,2,Mecklenburg,2023-02-09
0,5,0,5,0,Person,2023-02-09
1,19,4,15,0,Craven,2023-02-09
22,45,22,23,0,Robeson,2023-02-13
2,21,9,12,0,Harnett,2023-02-13
46,183,57,126,0,Mecklenburg,2023-02-13
21,77,18,59,0,Forsyth,2023-02-13
11,75,16,59,0,Cumberland,2023-02-13
3,27,4,23,1,Onslow,2023-02-13
6,26,10,16,0,Cabarrus,2023-01-29
3,16,10,6,1,Robeson,2023-01-29
14,45,17,28,1,Gaston,2023-01-09
6,29,2,27,0,Stanly,2022-09-13
12,61,30,31,0,Wayne,2023-01-09
8,35,13,22,0,Craven,2022-12-22
3,11,2,9,0,Harnett,2023-02-18
2,3,0,3,0,Ashe,2023-02-04
1,3,3,0,0,Columbus,2023-02-18
2,6,1,5,0,Orange,2023-02-04
3,27,11,16,0,Harnett,2023-01-09
6,24,10,14,0,Duplin,2023-02-06
7,65,2,63,0,Durham,2023-02-06
8,19,10,9,0,Wilson,2023-02-06
5,25,2,23,0,Orange,2023-02-06
2,6,1,5,0,Montgomery,2023-02-20
2,15,1,14,1,New Hanover,2023-02-20
13,44,8,36,0,Alamance,2023-02-20
16,60,11,49,0,Durham,2023-02-09
0,4,0,4,0,Alleghany,2023-02-09
5,21,6,15,0,Moore,2023-02-09
4,11,1,10,0,Stanly,2023-02-13
5,20,3,17,0,Burke,2023-02-13
6,21,4,17,0,Granville,2023-02-13
1,13,7,6,2,Craven,2023-02-13
4,19,5,14,0,Cabarrus,2023-03-06
2,11,1,10,0,Onslow,2023-03-06
0,5,0,5,0,Burke,2023-03-10
0,3,0,3,0,Person,2023-03-10
2,5,2,3,0,Person,2023-02-20
12,72,26,46,1,Guilford,2023-02-20
4,28,4,24,0,Rockingham,2022-09-13
6,22,19,3,0,Haywood,2022-09-13
4,15,2,13,0,Edgecombe,2023-01-10
3,18,6,12,0,Caldwell,2023-01-10
0,8,4,4,0,Warren,2022-12-29
11,35,11,24,0,Halifax,2022-12-29
3,10,3,7,0,Rockingham,2023-03-06
7,17,11,6,0,Catawba,2023-03-06
2,31,9,22,0,Guilford,2023-03-10
1,4,2,2,0,Sampson,2023-03-10
0,4,2,2,0,Columbus,2023-03-10
0,2,0,2,0,Washington,2023-01-14
1,12,1,11,0,Orange,2023-01-14
0,5,0,5,0,Cherokee,2023-01-14
1,7,1,6,0,Montgomery,2023-01-10
1,8,5,3,1,Bertie,2022-12-29
3,15,5,10,0,Northampton,2022-12-29
1,7,3,4,0,Pamlico,2022-12-29
13,63,11,52,0,Brunswick,2023-01-02
4,18,1,17,0,Duplin,2023-01-02
0,3,0,3,0,Camden,2023-01-02
3,11,1,10,0,Richmond,2023-01-21
1,14,4,10,0,Onslow,2023-01-29
6,10,4,6,0,Robeson,2023-02-04
6,21,11,10,0,Nash,2023-02-06
3,15,3,12,2,Rockingham,2023-01-21
1,3,1,2,0,Person,2023-01-21
3,7,4,3,0,Scotland,2023-02-09
1,8,2,6,0,Granville,2023-02-09
10,29,5,24,0,Pitt,2023-02-09
1,8,6,2,0,Warren,2023-02-09
3,7,2,5,0,Warren,2023-02-13
1,10,1,9,0,Pitt,2023-01-29
0,8,1,7,0,Rockingham,2023-01-29
4,10,0,10,0,Rowan,2023-02-18
6,29,8,21,0,Brunswick,2023-02-06
1,13,10,3,0,Scotland,2023-02-06
0,7,5,2,0,Haywood,2023-02-20
0,4,2,2,0,Jones,2023-02-09
3,19,9,10,0,Randolph,2023-02-09
2,24,3,21,0,Orange,2023-02-09
9,25,15,10,0,Wilkes,2023-02-13
0,6,4,2,0,Pasquotank,2023-02-13
0,1,0,1,0,Currituck,2023-03-06
2,3,2,1,0,Transylvania,2023-03-06
1,11,0,11,0,Burke,2023-03-06
1,5,1,4,0,Wilson,2023-02-18
1,15,6,9,0,Cabarrus,2023-02-18
2,12,1,11,0,Brunswick,2023-03-10
3,10,1,9,0,Rockingham,2023-03-10
0,7,3,4,0,Carteret,2022-09-30
0,2,0,2,0,Bladen,2022-09-30
4,25,7,18,0,Cumberland,2022-09-30
2,17,9,8,0,Moore,2022-10-02
5,24,12,12,0,Lincoln,2022-10-03
4,16,9,7,0,Duplin,2022-10-03
0,6,3,3,0,Pasquotank,2022-10-03
1,17,10,7,1,Randolph,2022-10-10
1,6,2,4,0,Bladen,2022-10-10
1,3,1,2,0,Person,2022-10-10
2,10,1,9,0,Edgecombe,2022-10-11
1,16,1,15,0,Orange,2022-10-11
3,15,4,11,0,Henderson,2022-10-20
1,4,0,4,0,Stokes,2022-10-20
5,15,3,12,0,Alexander,2022-09-16
36,241,25,216,2,Mecklenburg,2022-09-16
5,25,8,17,0,Nash,2022-09-16
27,206,26,180,0,Wake,2022-09-16
1,7,3,4,0,Scotland,2022-09-16
2,4,3,1,0,Jones,2022-09-16
44,286,48,238,0,Mecklenburg,2022-09-20
12,21,11,10,0,Beaufort,2022-09-20
4,53,26,27,0,Craven,2022-09-20
4,15,8,7,0,Duplin,2022-09-20
2,6,1,5,0,Alexander,2022-09-20
4,26,7,19,0,Edgecombe,2022-09-20
6,41,10,31,0,Pitt,2022-09-20
14,62,7,55,0,Davidson,2022-09-20
7,34,14,20,0,Yadkin,2022-09-21
25,144,30,114,2,Forsyth,2022-09-21
20,151,34,117,0,Guilford,2022-09-21
1,20,2,18,1,Rockingham,2022-09-21
6,45,10,35,0,Gaston,2022-09-21
3,26,18,8,0,Wilkes,2022-09-20
6,35,10,25,0,New Hanover,2022-09-21
3,19,4,15,0,Lincoln,2022-09-21
3,17,5,12,0,Jackson,2022-09-21
3,7,4,3,0,Scotland,2022-09-20
1,11,5,6,0,Vance,2022-09-20
0,1,0,1,0,Perquimans,2022-09-16
3,26,2,24,0,Orange,2022-09-16
3,31,7,24,0,Cabarrus,2022-09-23
26,193,22,171,0,Wake,2022-09-23
1,35,13,22,1,Buncombe,2022-09-23
5,30,17,13,0,Wayne,2022-09-23
28,186,20,166,2,Mecklenburg,2022-09-23
7,21,9,12,0,Wilson,2022-09-23
0,3,1,2,0,Graham,2022-09-23
4,20,8,12,0,Lenoir,2022-09-21
2,17,4,13,0,Franklin,2022-09-21
8,55,19,36,1,Catawba,2022-09-21
1,13,2,11,0,Davie,2022-09-23
4,11,6,5,0,Scotland,2022-09-23
2,13,2,11,1,Cleveland,2022-09-16
4,7,4,3,0,Chatham,2022-09-26
18,105,13,92,0,Cumberland,2022-09-16
2,45,24,21,0,Wayne,2022-09-26
0,1,1,0,0,Camden,2022-09-26
3,73,6,67,0,Durham,2022-09-26
2,7,1,6,0,Martin,2022-09-23
5,23,6,17,2,Burke,2022-09-26
6,54,8,46,0,Onslow,2022-09-26
9,40,7,33,0,Caldwell,2022-09-26
9,75,8,67,1,Durham,2022-09-27
2,10,0,10,0,McDowell,2022-09-23
1,20,9,11,0,Granville,2022-09-23
7,84,17,67,0,Cumberland,2022-09-23
6,35,10,25,0,Harnett,2022-09-23
3,15,2,13,1,Surry,2022-09-27
4,27,5,22,1,Gaston,2022-09-27
3,10,1,9,0,McDowell,2022-09-27
2,33,2,31,0,Orange,2022-09-26
4,15,4,11,0,Lee,2022-09-26
5,33,14,19,0,Moore,2022-09-16
9,42,9,33,0,Union,2022-09-27
0,7,1,6,0,Richmond,2022-09-27
3,30,3,27,1,New Hanover,2022-09-27
0,4,3,1,0,Polk,2022-09-27
4,20,8,12,0,Robeson,2022-10-04
5,25,9,16,1,Henderson,2022-10-04
0,8,0,8,0,Dare,2022-10-04
11,39,6,33,0,Onslow,2022-10-04
23,170,11,159,0,Wake,2022-10-05
2,21,11,10,1,Moore,2022-10-05
3,21,12,9,0,Henderson,2022-10-05
3,14,0,14,0,McDowell,2022-09-20
0,11,6,5,0,Moore,2022-10-09
2,6,2,4,0,Chatham,2022-10-09
1,10,3,7,0,Person,2022-09-20
8,63,12,51,0,Union,2022-09-20
10,34,7,27,0,Alamance,2022-10-04
2,27,15,12,0,Iredell,2022-10-04
4,42,10,32,0,Cabarrus,2022-10-04
3,14,3,11,0,Orange,2022-10-04
1,14,8,6,1,Henderson,2022-10-13
11,88,4,84,0,Durham,2022-09-20
4,13,3,10,1,Macon,2022-09-20
1,10,5,5,0,Columbus,2022-09-21
0,10,4,6,1,Haywood,2022-09-21
9,55,15,40,0,Forsyth,2022-10-18
2,11,2,9,0,Rowan,2022-10-18
13,65,14,51,2,Guilford,2022-10-18
0,12,4,8,0,Transylvania,2022-09-20
3,7,4,3,1,Martin,2022-09-20
6,20,8,12,0,Randolph,2022-10-13
0,3,0,3,0,Jones,2022-10-21
0,5,0,5,0,Rutherford,2022-10-21
2,15,0,15,0,Caldwell,2022-10-13
5,32,10,22,0,Davidson,2022-09-23
6,35,10,25,0,Johnston,2022-10-13
5,34,13,21,0,Buncombe,2022-10-21
2,44,14,30,0,Orange,2022-10-13
2,15,1,14,0,Nash,2022-09-23
2,7,5,2,0,Lee,2022-10-18
5,20,10,10,0,Robeson,2022-10-18
4,17,4,13,0,Henderson,2022-10-25
0,7,5,2,0,Sampson,2022-10-25
8,36,21,15,0,Randolph,2022-09-26
0,5,5,0,0,Pasquotank,2022-10-25
1,10,1,9,0,Granville,2022-09-26
2,44,5,39,0,Durham,2022-10-25
4,25,12,13,0,Robeson,2022-10-26
0,2,0,2,0,Currituck,2022-10-26
1,30,5,25,0,Cumberland,2022-10-26
1,11,1,10,0,Stokes,2022-10-26
3,22,3,19,0,Gaston,2022-10-18
5,22,6,16,0,Davie,2022-09-26
0,3,0,3,0,Avery,2022-09-26
3,15,3,12,0,Onslow,2022-10-26
4,25,7,18,1,Wilson,2022-09-26
5,23,9,14,0,Henderson,2022-09-26
1,10,2,8,0,Vance,2022-09-27
7,21,5,16,0,Iredell,2022-10-21
0,14,5,9,0,Onslow,2022-10-21
5,36,8,28,2,Guilford,2022-10-29
1,5,0,5,0,Lenoir,2022-10-29
2,15,2,13,0,Halifax,2022-09-26
6,50,19,31,0,Buncombe,2022-09-26
4,11,3,8,0,Pitt,2022-10-29
1,3,0,3,0,Edgecombe,2022-10-31
4,7,0,7,0,Yadkin,2022-10-31
24,146,27,119,0,Mecklenburg,2022-10-31
8,27,13,14,1,Catawba,2022-10-31
7,36,7,29,0,Union,2022-10-31
2,4,0,4,0,Warren,2022-10-25
0,6,2,4,0,Transylvania,2022-10-31
6,30,15,15,1,Buncombe,2022-09-27
11,41,7,34,0,Buncombe,2022-11-02
4,10,2,8,0,Franklin,2022-11-02
8,21,9,12,0,Wayne,2022-11-02
1,4,3,1,0,Avery,2022-11-02
3,13,6,7,0,Moore,2022-11-02
4,49,10,39,0,Durham,2022-11-02
0,12,7,5,1,Henderson,2022-11-02
2,12,10,2,0,Wilson,2022-11-02
6,38,19,19,0,Catawba,2022-09-27
0,2,0,2,0,Washington,2022-09-27
0,5,0,5,0,Macon,2022-09-27
0,16,9,7,0,Haywood,2022-10-26
0,21,5,16,0,Rockingham,2022-09-27
1,7,1,6,0,Franklin,2022-11-07
14,52,15,37,2,Forsyth,2022-11-07
5,18,3,15,0,Rockingham,2022-11-07
2,3,1,2,0,Pender,2022-10-29
4,37,10,27,0,Buncombe,2022-11-07
5,22,5,17,1,Union,2022-11-07
2,17,7,10,0,Wayne,2022-10-31
1,10,5,5,0,Duplin,2022-10-31
0,3,1,2,0,Macon,2022-10-31
2,9,6,3,0,Sampson,2022-10-31
18,86,6,80,1,Wake,2022-11-10
13,87,14,73,0,Mecklenburg,2022-11-10
2,5,1,4,0,Rutherford,2022-11-10
2,14,10,4,0,Henderson,2022-11-10
3,24,6,18,0,Brunswick,2022-11-10
1,9,3,6,0,Watauga,2022-11-02
2,7,3,4,1,Currituck,2022-11-02
0,9,3,6,0,Davie,2022-10-04
0,3,3,0,0,Hertford,2022-10-04
1,13,9,4,0,Carteret,2022-11-07
5,22,12,10,0,Davidson,2022-11-07
0,4,2,2,0,Hertford,2022-11-19
0,5,1,4,0,Orange,2022-10-09
3,13,1,12,1,Caldwell,2022-11-10
4,15,5,10,2,Gaston,2022-10-09
5,37,9,28,1,Guilford,2022-10-09
0,3,1,2,0,Nash,2022-11-10
5,13,2,11,0,Nash,2022-10-05
48,269,54,215,0,Mecklenburg,2022-11-29
8,64,16,48,0,Cabarrus,2022-11-29
9,19,1,18,0,Franklin,2022-11-29
15,78,7,71,0,Durham,2022-11-29
4,9,6,3,0,Columbus,2022-11-29
9,31,16,15,0,Wayne,2022-11-29
4,19,4,15,0,Onslow,2022-10-13
0,1,0,1,0,Alleghany,2022-10-13
6,21,12,9,0,Buncombe,2022-12-03
0,5,1,4,0,Wayne,2022-12-03
2,7,0,7,0,Harnett,2022-12-03
14,91,15,76,1,Wake,2022-12-03
5,37,3,34,2,Durham,2022-12-03
3,19,5,14,0,Cabarrus,2022-12-03
17,134,30,104,1,Mecklenburg,2022-12-03
3,13,4,9,0,Wilson,2022-11-29
1,8,0,8,0,Alexander,2022-11-29
3,6,2,4,0,Lenoir,2022-10-18
3,15,4,11,0,Craven,2022-10-18
1,14,6,8,0,Burke,2022-10-13
32,235,52,183,0,Wake,2022-12-08
5,31,13,18,0,Wilkes,2022-12-08
2,7,6,1,0,Madison,2022-12-08
0,13,4,9,0,Chatham,2022-12-03
8,18,4,14,0,Rutherford,2022-12-08
4,40,24,16,0,Buncombe,2022-12-08
1,10,4,6,0,Vance,2022-12-08
11,29,2,27,0,Brunswick,2022-12-08
0,8,4,4,0,Cherokee,2022-12-08
1,5,2,3,0,Currituck,2022-10-25
3,13,10,3,0,Haywood,2022-10-25
1,9,5,4,0,Franklin,2022-10-25
8,15,2,13,0,Stanly,2022-12-12
57,335,58,277,0,Mecklenburg,2022-12-12
3,18,8,10,0,Davie,2022-12-12
5,8,1,7,0,Edgecombe,2022-12-08
25,106,32,74,0,Cumberland,2022-12-12
2,10,3,7,0,Watauga,2022-12-08
4,24,14,10,0,Moore,2022-12-08
2,18,8,10,0,Granville,2022-12-08
2,8,2,6,1,Ashe,2022-10-21
4,15,9,6,0,Wayne,2022-10-21
3,6,1,5,0,Granville,2022-10-21
5,21,13,8,0,Wilson,2022-12-08
3,16,1,15,0,Durham,2022-10-29
1,12,0,12,0,Davidson,2022-10-29
1,10,6,4,1,Lee,2022-10-29
3,11,7,4,0,Alexander,2022-10-31
2,20,8,12,0,Pitt,2022-10-31
3,6,2,4,0,Davie,2022-11-02
1,5,1,4,0,Columbus,2022-11-02
54,275,50,225,0,Wake,2022-12-14
2,14,0,14,0,Granville,2022-10-26
9,28,20,8,0,Wilson,2022-12-14
1,11,3,8,0,Duplin,2022-12-14
6,40,8,32,0,Johnston,2022-10-26
6,55,24,31,0,Buncombe,2022-12-14
1,10,6,4,0,Jackson,2022-12-14
6,38,3,35,1,Orange,2022-12-14
72,360,62,298,0,Mecklenburg,2022-12-14
6,28,17,11,0,Moore,2022-12-14
7,21,4,17,0,Rutherford,2022-12-14
1,5,0,5,0,Stokes,2022-10-29
5,27,15,12,0,Catawba,2022-11-07
1,9,3,6,0,Cleveland,2022-10-31
1,5,2,3,0,Carteret,2022-10-31
0,7,1,6,0,Watauga,2022-11-10
31,136,40,96,0,Forsyth,2022-12-12
6,30,14,16,0,Henderson,2022-12-12
0,2,1,1,0,Polk,2022-11-02
1,8,0,8,0,Avery,2022-12-12
2,13,2,11,0,Cleveland,2022-11-07
6,55,5,50,0,Wake,2022-11-19
0,6,2,4,0,Caldwell,2022-11-19
1,8,1,7,0,Brunswick,2022-11-19
2,4,2,2,0,Wilkes,2022-11-19
4,8,5,3,0,Moore,2022-11-10
2,17,3,14,0,Burke,2022-11-10
33,137,30,107,0,Forsyth,2023-01-06
13,73,16,57,1,Johnston,2023-01-06
3,7,0,7,0,Chowan,2023-01-06
65,364,68,296,0,Mecklenburg,2022-12-19
14,47,17,30,0,New Hanover,2023-01-06
19,76,38,38,0,Buncombe,2022-12-19
7,26,3,23,0,Franklin,2023-01-06
5,39,7,32,0,Orange,2022-12-19
10,42,8,34,1,Alamance,2023-01-06
2,10,3,7,0,Richmond,2022-12-14
59,262,78,184,2,Guilford,2022-12-19
3,10,3,7,0,Cherokee,2022-12-14
14,54,35,19,0,Catawba,2023-01-06
10,51,11,40,1,Gaston,2023-01-06
2,8,1,7,0,Chowan,2022-12-19
17,80,55,25,0,Catawba,2022-12-19
4,18,1,17,1,Franklin,2022-12-19
10,48,14,34,0,New Hanover,2022-12-19
9,41,11,30,0,Cleveland,2022-12-19
13,52,19,33,0,Craven,2022-12-19
11,61,30,31,1,New Hanover,2022-12-20
2,5,0,5,0,Avery,2022-12-20
3,24,2,22,0,Granville,2022-12-20
4,7,4,3,0,Hertford,2022-12-20
83,402,80,322,3,Mecklenburg,2022-12-20
19,82,38,44,1,Buncombe,2022-12-20
6,45,24,21,0,Burke,2022-12-20
14,53,15,38,0,Pitt,2022-12-20
10,49,21,28,0,Moore,2022-12-20
3,21,10,11,0,Wilson,2023-01-07
1,8,1,7,0,Stanly,2023-01-07
1,4,2,2,0,Duplin,2023-01-07
9,25,11,14,0,Lenoir,2022-12-19
5,16,6,10,0,Yadkin,2022-12-19
9,48,25,23,0,Moore,2022-12-19
9,32,10,22,0,Stokes,2022-12-19
65,317,71,246,0,Mecklenburg,2022-12-23
5,15,12,3,0,Pasquotank,2022-12-23
5,11,6,5,0,Swain,2023-01-06
15,107,12,95,1,Durham,2022-12-23
19,104,45,59,1,Cumberland,2022-12-23
3,7,6,1,0,Burke,2022-12-03
3,8,6,2,0,Pasquotank,2022-12-20
20,73,23,50,0,Cabarrus,2022-12-20
1,15,3,12,0,Columbus,2023-01-06
6,40,5,35,0,Orange,2022-12-23
3,13,5,8,0,Vance,2022-12-23
3,24,8,16,0,Moore,2022-12-23
10,33,6,27,0,Craven,2022-12-20
7,51,19,32,0,Cumberland,2023-01-07
10,58,22,36,0,New Hanover,2022-12-23
6,22,5,17,0,Henderson,2022-11-29
2,13,7,6,0,McDowell,2022-12-23
2,15,3,12,0,Orange,2023-01-07
1,9,1,8,0,Watauga,2022-11-29
4,39,20,19,0,Buncombe,2022-11-29
5,12,2,10,0,Edgecombe,2022-12-23
2,17,2,15,0,Craven,2023-01-07
18,75,30,45,2,Gaston,2022-12-26
12,67,30,37,1,Catawba,2022-12-26
49,305,78,227,0,Wake,2022-12-26
27,107,69,38,2,Buncombe,2022-12-26
2,10,7,3,0,Halifax,2022-12-03
9,48,24,24,0,Moore,2022-12-26
4,38,21,17,0,Wayne,2022-12-26
3,26,10,16,0,Rowan,2022-12-03
3,16,15,1,0,Scotland,2022-12-26
2,20,6,14,0,Burke,2022-12-23
10,61,13,48,1,Pitt,2022-12-27
11,37,11,26,0,Pitt,2022-12-08
12,42,6,36,0,Cleveland,2022-12-27
30,109,35,74,0,Davidson,2022-12-27
42,184,58,126,0,Guilford,2022-12-27
5,28,16,12,0,Wilson,2022-12-27
29,113,19,94,1,Union,2022-12-27
13,33,14,19,0,Pitt,2022-12-23
13,39,31,8,0,Robeson,2022-12-23
10,48,21,27,1,Craven,2022-12-27
9,41,9,32,0,Lenoir,2022-12-27
20,89,25,64,0,New Hanover,2022-12-27
5,36,0,36,0,Caldwell,2022-09-15
6,42,8,34,0,Burke,2022-09-15
2,22,4,18,0,McDowell,2022-09-15
7,27,10,17,1,Stanly,2022-09-15
16,114,12,102,1,Cumberland,2022-09-15
6,34,8,26,0,Burke,2022-12-12
1,28,6,22,0,Watauga,2022-09-15
7,44,17,27,0,Randolph,2022-09-15
13,57,10,47,0,Cabarrus,2022-09-16
8,29,14,15,0,Wilson,2022-12-26
2,19,3,16,0,Caldwell,2022-12-08
5,73,38,35,0,New Hanover,2022-12-26
25,97,59,38,0,Catawba,2022-12-27
17,83,23,60,0,Johnston,2022-12-27
76,307,90,217,0,Mecklenburg,2023-01-11
10,30,7,23,0,Caldwell,2022-12-14
2,9,1,8,0,McDowell,2023-01-11
10,26,6,20,0,Franklin,2023-01-11
3,10,5,5,1,Vance,2023-01-11
7,17,5,12,0,Richmond,2022-12-27
9,33,12,21,1,Randolph,2023-01-11
6,25,1,24,0,Orange,2023-01-11
14,45,27,18,0,Robeson,2023-01-11
1,19,5,14,1,Craven,2023-01-11
5,26,10,16,1,Moore,2023-01-11
3,23,3,20,0,Hoke,2022-12-27
2,20,3,17,0,Pender,2022-12-27
5,31,17,14,0,Moore,2022-12-27
4,27,5,22,0,Moore,2022-09-15
7,46,17,29,0,Robeson,2022-09-15
1,18,9,9,0,Craven,2022-09-15
5,21,6,15,0,Yadkin,2022-09-16
2,11,2,9,1,Rutherford,2022-12-12
10,50,13,37,0,Cabarrus,2023-01-11
6,30,9,21,1,New Hanover,2023-01-11
15,48,31,17,1,Wayne,2023-01-11
10,33,9,24,0,Lenoir,2023-01-06
1,10,5,5,1,Duplin,2023-01-11
1,2,0,2,0,Washington,2022-12-19
8,23,15,8,0,Randolph,2023-01-17
5,23,9,14,0,Wilson,2023-01-17
4,17,2,15,0,Stanly,2023-01-17
4,21,12,9,0,Davie,2023-01-17
0,7,2,5,0,Anson,2022-12-14
6,25,11,14,0,Granville,2023-01-17
3,20,11,9,0,Henderson,2023-01-17
19,74,22,52,0,Gaston,2023-01-03
6,38,5,33,0,Orange,2023-01-17
7,58,26,32,1,Buncombe,2023-01-17
7,24,13,11,0,Duplin,2023-01-17
7,21,11,10,2,Wilkes,2023-01-03
33,188,54,134,0,Guilford,2023-01-03
10,33,7,26,0,Lenoir,2023-01-03
3,25,18,7,1,Scotland,2023-01-03
1,24,5,19,0,Chatham,2023-01-06
5,16,6,10,0,Beaufort,2022-12-19
5,27,11,16,0,Yadkin,2023-01-03
6,29,15,14,0,Carteret,2023-01-03
27,104,24,80,1,Forsyth,2023-01-19
8,45,22,23,0,Craven,2023-01-03
0,6,0,6,0,Chowan,2023-01-19
5,12,3,9,0,Franklin,2023-01-19
10,60,17,43,0,Rowan,2023-01-04
20,61,30,31,0,Robeson,2023-01-04
44,215,54,161,0,Guilford,2023-01-04
4,16,1,15,0,Cleveland,2023-01-19
27,89,16,73,0,Union,2023-01-04
3,20,1,19,0,Stokes,2023-01-04
15,79,13,66,1,Gaston,2023-01-04
3,20,7,13,0,Harnett,2023-01-07
32,167,34,133,1,Forsyth,2023-01-04
8,35,10,25,0,Cabarrus,2023-01-07
5,25,6,19,0,Chatham,2023-01-04
0,3,0,3,0,Macon,2023-01-07
6,29,3,26,0,Cleveland,2023-01-06
12,43,31,12,0,Wayne,2023-01-17
6,41,9,32,0,Caldwell,2023-01-17
17,70,13,57,2,Davidson,2023-01-03
3,9,2,7,0,Anson,2023-01-19
48,198,30,168,0,Wake,2023-01-30
4,17,2,15,0,Yadkin,2023-01-30
2,15,2,13,0,Pender,2023-01-30
1,13,4,9,0,Hoke,2023-01-19
3,18,3,15,0,Lee,2023-01-04
28,124,46,78,1,Guilford,2023-01-30
14,43,8,35,0,Union,2023-01-19
0,9,3,6,0,Alexander,2023-01-30
11,32,4,28,0,Caldwell,2023-01-30
7,31,4,27,0,Cleveland,2023-01-04
1,6,3,3,0,Mitchell,2023-01-04
1,5,1,4,0,Washington,2023-02-02
3,29,1,28,0,Orange,2023-02-02
6,33,7,26,0,Cabarrus,2023-02-02
10,40,15,25,0,Union,2023-02-02
7,17,1,16,0,Brunswick,2023-02-02
43,171,42,129,0,Wake,2023-02-02
5,23,5,18,0,Pender,2023-01-04
7,24,9,15,0,Richmond,2022-12-19
6,24,6,18,0,Stokes,2023-01-06
3,28,18,10,1,Carteret,2023-01-04
6,36,8,28,0,Lenoir,2023-01-04
3,16,9,7,0,Wilkes,2022-12-23
0,6,5,1,0,Clay,2022-12-23
4,19,4,15,0,Burke,2023-01-07
2,31,14,17,0,Craven,2022-12-23
0,6,0,6,0,Dare,2023-01-28
6,14,10,4,0,Scotland,2022-12-23
5,21,17,4,0,Rutherford,2023-01-28
6,12,4,8,0,Cleveland,2023-01-30
14,40,26,14,1,Catawba,2023-01-30
8,23,7,16,0,Moore,2023-01-30
7,39,3,36,0,Davidson,2023-01-30
6,30,4,26,0,Johnston,2023-01-07
1,3,1,2,0,Washington,2022-12-26
11,28,16,12,0,Catawba,2023-02-02
4,12,8,4,0,Richmond,2023-02-02
7,19,5,14,0,Franklin,2023-02-02
2,13,6,7,0,Moore,2023-02-02
0,3,2,1,0,Madison,2023-02-02
4,14,6,8,0,Richmond,2022-12-26
1,7,5,2,0,Alexander,2022-12-26
0,4,3,1,0,Swain,2022-12-27
14,33,20,13,0,Robeson,2023-02-21
0,7,1,6,0,Transylvania,2023-02-21
21,135,35,100,0,Mecklenburg,2023-02-21
8,28,8,20,0,Pitt,2023-02-21
1,3,2,1,0,Carteret,2023-02-21
6,21,2,19,0,Onslow,2023-02-21
31,150,34,116,1,Mecklenburg,2023-02-22
1,3,1,2,0,Vance,2023-02-22
2,7,1,6,0,Bladen,2022-09-15
6,37,6,31,0,Cabarrus,2022-09-15
5,11,10,1,1,Polk,2022-12-27
3,10,4,6,0,Moore,2023-02-22
0,21,2,19,0,Orange,2023-02-22
3,10,2,8,2,Craven,2023-02-22
6,19,13,6,1,Robeson,2023-02-22
8,30,9,21,0,Cabarrus,2023-02-23
6,21,2,19,0,Orange,2023-02-23
15,43,20,23,0,Wayne,2023-02-23
9,23,11,12,0,Pitt,2023-02-24
3,13,2,11,0,New Hanover,2023-02-24
0,6,6,0,0,Sampson,2023-02-24
6,19,3,16,0,Durham,2023-02-25
17,72,16,56,0,Mecklenburg,2023-02-25
8,41,5,36,0,Wake,2023-03-05
0,2,0,2,0,Macon,2023-03-05
1,10,2,8,0,Granville,2023-02-21
1,11,3,8,0,Lenoir,2023-02-21
3,5,2,3,0,Alexander,2023-02-21
9,30,9,21,0,Pitt,2023-02-23
5,15,10,5,0,Wilkes,2023-02-23
0,4,2,2,0,Richmond,2023-02-24
0,5,3,2,0,Pasquotank,2023-02-24
19,53,2,51,0,Lenoir,2023-02-24
0,8,0,8,0,Orange,2023-02-24
3,17,6,11,0,Union,2023-02-24
3,13,5,8,0,Hoke,2022-12-26
20,78,30,48,0,Union,2022-12-26
2,6,5,1,0,Pasquotank,2023-01-11
8,28,10,18,0,Yadkin,2022-12-27
4,21,10,11,0,Davie,2023-01-11
0,7,1,6,0,Moore,2023-03-05
2,8,3,5,0,Cabarrus,2023-03-05
2,5,0,5,0,Carteret,2023-03-05
1,9,5,4,0,Wayne,2023-03-07
0,4,1,3,0,Alexander,2023-03-07
1,5,1,4,0,Moore,2023-03-07
0,2,0,2,0,Columbus,2023-03-07
3,8,3,5,0,Craven,2023-03-07
1,19,3,16,0,Granville,2022-09-15
8,32,16,16,0,Randolph,2022-09-16
2,9,4,5,0,Scotland,2023-01-11
13,50,15,35,0,Cabarrus,2023-01-17
8,36,11,25,0,Richmond,2023-01-03
10,43,4,39,0,Franklin,2023-01-03
4,8,3,5,1,Jackson,2023-01-04
11,46,22,24,1,Randolph,2023-01-04
2,5,2,3,0,Chowan,2023-01-04
5,19,11,8,0,Haywood,2023-01-03
1,5,1,4,0,Burke,2023-01-28
2,5,1,4,0,Pasquotank,2023-01-28
6,26,13,13,0,Catawba,2023-01-19
1,7,4,3,0,Carteret,2023-01-19
7,22,4,18,0,Surry,2023-01-19
2,31,8,23,0,New Hanover,2023-01-19
3,10,3,7,0,Carteret,2023-02-02
6,26,9,17,1,New Hanover,2023-02-02
5,27,8,19,0,Gaston,2023-02-02
5,8,3,5,0,Moore,2023-01-28
5,14,0,14,0,Alamance,2023-01-28
3,7,1,6,0,Franklin,2023-01-28
1,5,3,2,0,Watauga,2023-01-28
1,2,0,2,0,Madison,2023-01-28
6,24,3,21,0,Hoke,2023-01-30
2,6,4,2,0,Hertford,2023-02-02
0,5,3,2,0,Clay,2023-02-02
2,16,2,14,0,Orange,2023-02-21
7,33,8,25,0,Pitt,2023-02-22
8,44,7,37,0,Durham,2023-02-22
4,16,2,14,0,Granville,2023-02-22
7,22,8,14,0,Johnston,2023-02-23
3,17,6,11,0,Catawba,2023-02-24
9,54,19,35,0,Guilford,2023-02-24
8,29,3,26,0,Randolph,2023-02-25
3,14,5,9,0,Cumberland,2023-02-25
1,8,4,4,0,Union,2023-03-05
12,56,9,47,0,Mecklenburg,2023-03-05
0,1,0,1,0,Avery,2023-03-07
2,11,6,5,0,Sampson,2023-02-21
0,7,3,4,0,Wilson,2023-02-23
5,32,9,23,0,Buncombe,2023-02-23
1,7,4,3,0,Carteret,2023-02-24
5,18,5,13,0,Gaston,2023-02-24
3,8,7,1,0,Beaufort,2023-02-24
1,8,3,5,0,Catawba,2023-03-05
0,5,4,1,0,Wayne,2023-03-05
0,10,1,9,0,Pitt,2023-03-07
4,10,4,6,0,Davidson,2023-03-09
0,3,0,3,1,Craven,2023-03-09
2,28,13,15,0,Craven,2022-09-16
7,30,16,14,0,Robeson,2022-09-16
1,26,10,16,0,New Hanover,2022-09-16
2,13,1,12,0,Pender,2022-09-20
5,16,5,11,0,Surry,2022-09-20
1,4,1,3,0,Washington,2022-09-20
1,13,5,8,0,Jackson,2022-09-20
4,17,3,14,0,Rutherford,2022-09-20
0,5,4,1,0,Clay,2022-09-20
0,4,0,4,0,Hyde,2022-09-21
2,15,10,5,0,Sampson,2022-09-23
4,13,2,11,0,Wilkes,2022-09-23
0,20,3,17,1,Craven,2022-09-23
1,4,2,2,0,Madison,2022-09-20
14,38,6,32,0,Rowan,2022-09-26
4,17,3,14,0,Stanly,2022-09-26
3,12,2,10,0,Montgomery,2022-09-26
1,5,2,3,0,Lenoir,2022-09-27
3,21,7,14,0,Craven,2022-09-27
4,12,6,6,0,Franklin,2022-09-27
1,5,3,2,0,Madison,2022-09-27
1,11,4,7,0,Duplin,2022-09-23
0,6,2,4,0,Pender,2022-09-23
2,23,4,19,0,Brunswick,2022-09-23
0,6,3,3,0,Madison,2022-09-23
2,21,4,17,0,Johnston,2022-10-04
6,24,4,20,0,Caldwell,2022-10-04
6,21,3,18,0,Halifax,2022-10-04
2,9,2,7,0,Halifax,2022-10-05
0,1,1,0,0,Camden,2022-10-05
2,26,7,19,0,Pitt,2022-10-05
2,20,4,16,0,Harnett,2022-10-05
5,16,4,12,0,Stokes,2022-09-27
2,24,0,24,0,Orange,2022-09-27
1,6,3,3,0,Martin,2022-09-27
0,5,2,3,0,Scotland,2022-09-27
0,6,0,6,0,Craven,2022-10-09
1,12,8,4,0,Wilson,2022-10-09
8,23,10,13,0,Rowan,2022-10-13
2,18,5,13,0,Craven,2022-10-13
2,9,2,7,0,Rockingham,2022-10-18
0,5,2,3,0,Yadkin,2022-10-18
0,3,0,3,0,Warren,2022-10-21
2,4,0,4,0,Dare,2022-10-21
1,10,4,6,0,Davie,2022-10-21
0,7,3,4,0,Jackson,2022-10-05
0,6,1,5,1,Duplin,2022-10-05
1,11,6,5,0,Edgecombe,2022-10-05
3,7,2,5,0,Transylvania,2022-10-05
4,26,11,15,1,Robeson,2022-10-25
0,13,3,10,0,Burke,2022-10-05
2,8,3,5,0,Davie,2022-10-25
3,14,5,9,1,Buncombe,2022-10-09
1,9,6,3,0,Lee,2022-10-26
3,16,1,15,0,Union,2022-10-29
0,10,2,8,0,Cleveland,2022-10-29
0,3,0,3,0,Surry,2022-10-29
,0,0,0,0,Alexander,2022-11-12
,0,0,0,0,Alexander,2022-11-13
,0,0,0,0,Alexander,2023-02-03
,0,0,0,0,Alexander,2023-02-26
,0,0,0,0,Alleghany,2022-09-17
,0,0,0,0,Alleghany,2022-09-25
,0,0,0,0,Alleghany,2022-09-28
,0,0,0,0,Alleghany,2022-10-06
,0,0,0,0,Alleghany,2022-10-07
,0,0,0,0,Alleghany,2022-10-08
,0,0,0,0,Alleghany,2022-10-09
,0,0,0,0,Alleghany,2022-10-14
,0,0,0,0,Alleghany,2022-10-16
,0,0,0,0,Alleghany,2022-10-22
,0,0,0,0,Alleghany,2022-10-25
,0,0,0,0,Alleghany,2022-10-27
,0,0,0,0,Alleghany,2022-10-29
,0,0,0,0,Alleghany,2022-11-04
,0,0,0,0,Alleghany,2022-11-05
,0,0,0,0,Alleghany,2022-11-15
,0,0,0,0,Alleghany,2022-11-19
,0,0,0,0,Alleghany,2022-11-20
,0,0,0,0,Alleghany,2022-11-21
,0,0,0,0,Alleghany,2022-11-27
,0,0,0,0,Alleghany,2022-12-05
,0,0,0,0,Alleghany,2022-12-07
,0,0,0,0,Alleghany,2022-12-11
,0,0,0,0,Alleghany,2022-12-31
,0,0,0,0,Alleghany,2023-01-11
,0,0,0,0,Alleghany,2023-01-15
,0,0,0,0,Alleghany,2023-01-21
,0,0,0,0,Alleghany,2023-01-22
,0,0,0,0,Alleghany,2023-01-24
,0,0,0,0,Alleghany,2023-02-04
,0,0,0,0,Alleghany,2023-02-07
,0,0,0,0,Alleghany,2023-02-17
,0,0,0,0,Alleghany,2023-02-20
,0,0,0,0,Alleghany,2023-02-23
,0,0,0,0,Alleghany,2023-02-25
,0,0,0,0,Alleghany,2023-02-26
,0,0,0,0,Alleghany,2023-03-01
,0,0,0,0,Alleghany,2023-03-05
,0,0,0,0,Alleghany,2023-03-08
,0,0,0,0,Alleghany,2023-03-09
,0,0,0,0,Alleghany,2023-03-10
,0,0,0,0,Alleghany,2023-03-11
,0,0,0,0,Anson,2022-10-01
,0,0,0,0,Anson,2022-10-09
,0,0,0,0,Anson,2022-10-23
,0,0,0,0,Anson,2022-10-29
,0,0,0,0,Anson,2022-10-30
,0,0,0,0,Anson,2022-11-05
,0,0,0,0,Anson,2022-11-06
,0,0,0,0,Anson,2022-11-12
,0,0,0,0,Anson,2022-11-20
,0,0,0,0,Anson,2022-11-22
,0,0,0,0,Anson,2022-11-26
,0,0,0,0,Anson,2022-11-28
,0,0,0,0,Anson,2023-01-08
,0,0,0,0,Anson,2023-02-23
,0,0,0,0,Anson,2023-02-25
,0,0,0,0,Anson,2023-02-27
,0,0,0,0,Anson,2023-03-01
,0,0,0,0,Anson,2023-03-05
,0,0,0,0,Ashe,2022-09-29
,0,0,0,0,Ashe,2022-10-01
,0,0,0,0,Ashe,2022-10-22
,0,0,0,0,Ashe,2022-11-23
,0,0,0,0,Ashe,2022-11-26
,0,0,0,0,Ashe,2022-12-25
,0,0,0,0,Ashe,2023-01-27
,0,0,0,0,Ashe,2023-02-17
,0,0,0,0,Ashe,2023-02-22
,0,0,0,0,Ashe,2023-02-27
,0,0,0,0,Ashe,2023-03-05
,0,0,0,0,Ashe,2023-03-11
,0,0,0,0,Avery,2022-09-14
,0,0,0,0,Avery,2022-09-25
,0,0,0,0,Avery,2022-09-27
,0,0,0,0,Avery,2022-09-28
,0,0,0,0,Avery,2022-09-29
,0,0,0,0,Avery,2022-10-08
,0,0,0,0,Avery,2022-10-12
,0,0,0,0,Avery,2022-10-14
,0,0,0,0,Avery,2022-10-16
,0,0,0,0,Avery,2022-10-18
,0,0,0,0,Avery,2022-10-19
,0,0,0,0,Avery,2022-10-21
,0,0,0,0,Avery,2022-10-22
,0,0,0,0,Avery,2022-11-06
,0,0,0,0,Avery,2022-11-11
,0,0,0,0,Avery,2022-11-15
,0,0,0,0,Avery,2022-11-17
,0,0,0,0,Avery,2022-11-19
,0,0,0,0,Avery,2022-11-20
,0,0,0,0,Avery,2022-11-24
,0,0,0,0,Avery,2022-11-27
,0,0,0,0,Avery,2022-11-28
,0,0,0,0,Avery,2022-11-30
,0,0,0,0,Avery,2022-12-02
,0,0,0,0,Avery,2022-12-04
,0,0,0,0,Avery,2022-12-16
,0,0,0,0,Avery,2023-01-03
,0,0,0,0,Avery,2023-01-06
,0,0,0,0,Avery,2023-01-11
,0,0,0,0,Avery,2023-01-12
,0,0,0,0,Avery,2023-01-14
,0,0,0,0,Avery,2023-01-16
,0,0,0,0,Avery,2023-01-18
,0,0,0,0,Avery,2023-01-21
,0,0,0,0,Avery,2023-01-22
,0,0,0,0,Avery,2023-01-29
,0,0,0,0,Avery,2023-01-30
,0,0,0,0,Avery,2023-01-31
,0,0,0,0,Avery,2023-02-03
,0,0,0,0,Avery,2023-02-04
,0,0,0,0,Avery,2023-02-06
,0,0,0,0,Avery,2023-02-07
,0,0,0,0,Avery,2023-02-08
,0,0,0,0,Avery,2023-02-10
,0,0,0,0,Avery,2023-02-12
,0,0,0,0,Avery,2023-02-13
,0,0,0,0,Avery,2023-02-14
,0,0,0,0,Avery,2023-02-15
,0,0,0,0,Avery,2023-02-16
,0,0,0,0,Avery,2023-02-19
,0,0,0,0,Avery,2023-02-23
,0,0,0,0,Avery,2023-02-25
,0,0,0,0,Avery,2023-02-26
,0,0,0,0,Avery,2023-02-27
,0,0,0,0,Avery,2023-02-28
,0,0,0,0,Avery,2023-03-02
,0,0,0,0,Avery,2023-03-03
,0,0,0,0,Avery,2023-03-04
,0,0,0,0,Avery,2023-03-08
,0,0,0,0,Avery,2023-03-09
,0,0,0,0,Avery,2023-03-10
,0,0,0,0,Avery,2023-03-11
,0,0,0,0,Beaufort,2022-11-15
,0,0,0,0,Beaufort,2022-11-24
,0,0,0,0,Beaufort,2023-02-11
,0,0,0,0,Beaufort,2023-03-11
,0,0,0,0,Bertie,2022-10-07
,0,0,0,0,Bertie,2022-10-08
,0,0,0,0,Bertie,2022-10-09
,0,0,0,0,Bertie,2022-10-10
,0,0,0,0,Bertie,2022-10-12
,0,0,0,0,Bertie,2022-10-13
,0,0,0,0,Bertie,2022-10-19
,0,0,0,0,Bertie,2022-10-26
,0,0,0,0,Bertie,2022-10-28
,0,0,0,0,Bertie,2022-11-05
,0,0,0,0,Bertie,2022-11-11
,0,0,0,0,Bertie,2022-11-13
,0,0,0,0,Bertie,2022-11-18
,0,0,0,0,Bertie,2022-11-19
,0,0,0,0,Bertie,2022-11-20
,0,0,0,0,Bertie,2022-11-24
,0,0,0,0,Bertie,2022-11-25
,0,0,0,0,Bertie,2022-11-30
,0,0,0,0,Bertie,2023-01-14
,0,0,0,0,Bertie,2023-02-18
,0,0,0,0,Bertie,2023-02-20
,0,0,0,0,Bertie,2023-02-23
,0,0,0,0,Bertie,2023-03-02
,0,0,0,0,Bertie,2023-03-03
,0,0,0,0,Bladen,2022-10-11
,0,0,0,0,Bladen,2022-10-16
,0,0,0,0,Bladen,2022-10-17
,0,0,0,0,Bladen,2022-10-20
,0,0,0,0,Bladen,2022-10-23
,0,0,0,0,Bladen,2022-10-29
,0,0,0,0,Bladen,2022-11-02
,0,0,0,0,Bladen,2022-11-06
,0,0,0,0,Bladen,2022-11-13
,0,0,0,0,Bladen,2022-11-18
,0,0,0,0,Bladen,2022-11-20
,0,0,0,0,Bladen,2023-02-25
,0,0,0,0,Bladen,2023-03-10
,0,0,0,0,Bladen,2023-03-11
,0,0,0,0,Burke,2023-03-11
,0,0,0,0,Camden,2022-09-18
,0,0,0,0,Camden,2022-09-19
,0,0,0,0,Camden,2022-09-22
,0,0,0,0,Camden,2022-09-25
,0,0,0,0,Camden,2022-09-28
,0,0,0,0,Camden,2022-09-30
,0,0,0,0,Camden,2022-10-01
,0,0,0,0,Camden,2022-10-02
,0,0,0,0,Camden,2022-10-06
,0,0,0,0,Camden,2022-10-08
,0,0,0,0,Camden,2022-10-09
,0,0,0,0,Camden,2022-10-10
,0,0,0,0,Camden,2022-10-11
,0,0,0,0,Camden,2022-10-20
,0,0,0,0,Camden,2022-10-22
,0,0,0,0,Camden,2022-10-23
,0,0,0,0,Camden,2022-10-28
,0,0,0,0,Camden,2022-10-29
,0,0,0,0,Camden,2022-11-03
,0,0,0,0,Camden,2022-11-04
,0,0,0,0,Camden,2022-11-05
,0,0,0,0,Camden,2022-11-06
,0,0,0,0,Camden,2022-11-09
,0,0,0,0,Camden,2022-11-11
,0,0,0,0,Camden,2022-11-14
,0,0,0,0,Camden,2022-11-17
,0,0,0,0,Camden,2022-11-19
,0,0,0,0,Camden,2022-11-20
,0,0,0,0,Camden,2022-11-22
,0,0,0,0,Camden,2022-11-23
,0,0,0,0,Camden,2022-11-24
,0,0,0,0,Camden,2022-11-26
,0,0,0,0,Camden,2022-11-27
,0,0,0,0,Camden,2022-11-28
,0,0,0,0,Camden,2022-12-02
,0,0,0,0,Camden,2022-12-03
,0,0,0,0,Camden,2022-12-08
,0,0,0,0,Camden,2022-12-10
,0,0,0,0,Camden,2022-12-13
,0,0,0,0,Camden,2022-12-15
,0,0,0,0,Camden,2022-12-16
,0,0,0,0,Camden,2022-12-19
,0,0,0,0,Camden,2022-12-20
,0,0,0,0,Camden,2022-12-21
,0,0,0,0,Camden,2022-12-23
,0,0,0,0,Camden,2022-12-29
,0,0,0,0,Camden,2022-12-31
,0,0,0,0,Camden,2023-01-08
,0,0,0,0,Camden,2023-01-09
,0,0,0,0,Camden,2023-01-10
,0,0,0,0,Camden,2023-01-12
,0,0,0,0,Camden,2023-01-14
,0,0,0,0,Camden,2023-01-15
,0,0,0,0,Camden,2023-01-16
,0,0,0,0,Camden,2023-01-21
,0,0,0,0,Camden,2023-01-24
,0,0,0,0,Camden,2023-01-25
,0,0,0,0,Camden,2023-01-29
,0,0,0,0,Camden,2023-01-30
,0,0,0,0,Camden,2023-02-05
,0,0,0,0,Camden,2023-02-07
,0,0,0,0,Camden,2023-02-08
,0,0,0,0,Camden,2023-02-09
,0,0,0,0,Camden,2023-02-10
,0,0,0,0,Camden,2023-02-12
,0,0,0,0,Camden,2023-02-13
,0,0,0,0,Camden,2023-02-18
,0,0,0,0,Camden,2023-02-19
,0,0,0,0,Camden,2023-02-22
,0,0,0,0,Camden,2023-02-24
,0,0,0,0,Camden,2023-02-25
,0,0,0,0,Camden,2023-02-26
,0,0,0,0,Camden,2023-03-01
,0,0,0,0,Camden,2023-03-02
,0,0,0,0,Camden,2023-03-05
,0,0,0,0,Camden,2023-03-06
,0,0,0,0,Camden,2023-03-08
,0,0,0,0,Camden,2023-03-10
,0,0,0,0,Camden,2023-03-11
,0,0,0,0,Carteret,2022-10-16
,0,0,0,0,Carteret,2022-11-13
,0,0,0,0,Carteret,2023-02-19
,0,0,0,0,Caswell,2022-09-20
,0,0,0,0,Caswell,2022-09-24
,0,0,0,0,Caswell,2022-10-03
,0,0,0,0,Caswell,2022-10-12
,0,0,0,0,Caswell,2022-10-14
,0,0,0,0,Caswell,2022-10-16
,0,0,0,0,Caswell,2022-10-18
,0,0,0,0,Caswell,2022-10-22
,0,0,0,0,Caswell,2022-10-23
,0,0,0,0,Caswell,2022-10-29
,0,0,0,0,Caswell,2022-10-30
,0,0,0,0,Caswell,2022-11-04
,0,0,0,0,Caswell,2022-11-05
,0,0,0,0,Caswell,2022-11-07
,0,0,0,0,Caswell,2022-11-10
,0,0,0,0,Caswell,2022-11-16
,0,0,0,0,Caswell,2022-11-18
,0,0,0,0,Caswell,2022-11-20
,0,0,0,0,Caswell,2022-11-22
,0,0,0,0,Caswell,2022-11-24
,0,0,0,0,Caswell,2022-11-25
,0,0,0,0,Caswell,2022-12-02
,0,0,0,0,Caswell,2022-12-25
,0,0,0,0,Caswell,2023-01-24
,0,0,0,0,Caswell,2023-02-12
,0,0,0,0,Caswell,2023-02-19
,0,0,0,0,Caswell,2023-02-24
,0,0,0,0,Caswell,2023-02-25
,0,0,0,0,Caswell,2023-02-28
,0,0,0,0,Caswell,2023-03-01
,0,0,0,0,Caswell,2023-03-04
,0,0,0,0,Caswell,2023-03-06
,0,0,0,0,Caswell,2023-03-07
,0,0,0,0,Caswell,2023-03-08
,0,0,0,0,Caswell,2023-03-09
,0,0,0,0,Caswell,2023-03-11
,0,0,0,0,Chatham,2023-03-05
,0,0,0,0,Cherokee,2022-11-09
,0,0,0,0,Cherokee,2022-11-13
,0,0,0,0,Cherokee,2022-12-24
,0,0,0,0,Cherokee,2023-01-01
,0,0,0,0,Cherokee,2023-02-05
,0,0,0,0,Cherokee,2023-02-15
,0,0,0,0,Cherokee,2023-02-25
,0,0,0,0,Cherokee,2023-03-04
,0,0,0,0,Cherokee,2023-03-05
,0,0,0,0,Cherokee,2023-03-06
,0,0,0,0,Cherokee,2023-03-07
,0,0,0,0,Cherokee,2023-03-10
,0,0,0,0,Cherokee,2023-03-11
,0,0,0,0,Chowan,2022-10-01
,0,0,0,0,Chowan,2022-10-04
,0,0,0,0,Chowan,2022-10-06
,0,0,0,0,Chowan,2022-10-15
,0,0,0,0,Chowan,2022-10-18
,0,0,0,0,Chowan,2022-10-19
,0,0,0,0,Chowan,2022-10-22
,0,0,0,0,Chowan,2022-10-23
,0,0,0,0,Chowan,2022-10-25
,0,0,0,0,Chowan,2022-10-27
,0,0,0,0,Chowan,2022-10-29
,0,0,0,0,Chowan,2022-11-04
,0,0,0,0,Chowan,2022-11-05
,0,0,0,0,Chowan,2022-11-06
,0,0,0,0,Chowan,2022-11-08
,0,0,0,0,Chowan,2022-11-10
,0,0,0,0,Chowan,2022-11-12
,0,0,0,0,Chowan,2022-11-13
,0,0,0,0,Chowan,2022-11-15
,0,0,0,0,Chowan,2022-11-17
,0,0,0,0,Chowan,2022-11-18
,0,0,0,0,Chowan,2022-11-22
,0,0,0,0,Chowan,2022-11-24
,0,0,0,0,Chowan,2022-12-04
,0,0,0,0,Chowan,2022-12-11
,0,0,0,0,Chowan,2022-12-24
,0,0,0,0,Chowan,2023-01-07
,0,0,0,0,Chowan,2023-02-19
,0,0,0,0,Chowan,2023-02-21
,0,0,0,0,Chowan,2023-02-28
,0,0,0,0,Chowan,2023-03-05
,0,0,0,0,Chowan,2023-03-07
,0,0,0,0,Chowan,2023-03-08
,0,0,0,0,Chowan,2023-03-11
,0,0,0,0,Clay,2022-09-15
,0,0,0,0,Clay,2022-09-16
,0,0,0,0,Clay,2022-09-21
,0,0,0,0,Clay,2022-09-23
,0,0,0,0,Clay,2022-09-24
,0,0,0,0,Clay,2022-09-27
,0,0,0,0,Clay,2022-09-28
,0,0,0,0,Clay,2022-09-30
,0,0,0,0,Clay,2022-10-02
,0,0,0,0,Clay,2022-10-06
,0,0,0,0,Clay,2022-10-09
,0,0,0,0,Clay,2022-10-15
,0,0,0,0,Clay,2022-10-16
,0,0,0,0,Clay,2022-10-18
,0,0,0,0,Clay,2022-11-08
,0,0,0,0,Clay,2022-11-13
,0,0,0,0,Clay,2022-11-15
,0,0,0,0,Clay,2022-11-17
,0,0,0,0,Clay,2022-11-18
,0,0,0,0,Clay,2022-11-19
,0,0,0,0,Clay,2022-11-20
,0,0,0,0,Clay,2022-11-24
,0,0,0,0,Clay,2022-11-25
,0,0,0,0,Clay,2022-11-26
,0,0,0,0,Clay,2022-11-29
,0,0,0,0,Clay,2022-11-30
,0,0,0,0,Clay,2022-12-04
,0,0,0,0,Clay,2022-12-08
,0,0,0,0,Clay,2022-12-11
,0,0,0,0,Clay,2022-12-18
,0,0,0,0,Clay,2022-12-24
,0,0,0,0,Clay,2023-01-14
,0,0,0,0,Clay,2023-01-27
,0,0,0,0,Clay,2023-01-29
,0,0,0,0,Clay,2023-02-03
,0,0,0,0,Clay,2023-02-04
,0,0,0,0,Clay,2023-02-08
,0,0,0,0,Clay,2023-02-13
,0,0,0,0,Clay,2023-02-18
,0,0,0,0,Clay,2023-02-19
,0,0,0,0,Clay,2023-02-20
,0,0,0,0,Clay,2023-02-23
,0,0,0,0,Clay,2023-03-02
,0,0,0,0,Clay,2023-03-03
,0,0,0,0,Clay,2023-03-04
,0,0,0,0,Clay,2023-03-05
,0,0,0,0,Clay,2023-03-06
,0,0,0,0,Clay,2023-03-07
,0,0,0,0,Clay,2023-03-08
,0,0,0,0,Clay,2023-03-09
,0,0,0,0,Clay,2023-03-10
,0,0,0,0,Clay,2023-03-11
,0,0,0,0,Columbus,2022-10-21
,0,0,0,0,Columbus,2022-11-06
,0,0,0,0,Columbus,2022-12-03
,0,0,0,0,Columbus,2023-02-19
,0,0,0,0,Columbus,2023-02-26
,0,0,0,0,Columbus,2023-02-27
,0,0,0,0,Columbus,2023-02-28
,0,0,0,0,Currituck,2022-10-02
,0,0,0,0,Currituck,2022-11-08
,0,0,0,0,Currituck,2022-11-11
,0,0,0,0,Currituck,2022-11-16
,0,0,0,0,Currituck,2022-11-24
,0,0,0,0,Currituck,2022-11-25
,0,0,0,0,Currituck,2022-11-29
,0,0,0,0,Currituck,2023-01-29
,0,0,0,0,Currituck,2023-02-08
,0,0,0,0,Currituck,2023-02-16
,0,0,0,0,Currituck,2023-02-20
,0,0,0,0,Currituck,2023-03-07
,0,0,0,0,Currituck,2023-03-08
,0,0,0,0,Currituck,2023-03-09
,0,0,0,0,Dare,2022-11-24
,0,0,0,0,Dare,2022-12-03
,0,0,0,0,Dare,2022-12-07
,0,0,0,0,Dare,2023-02-20
,0,0,0,0,Dare,2023-03-05
,0,0,0,0,Dare,2023-03-10
,0,0,0,0,Davie,2022-10-22
,0,0,0,0,Davie,2022-11-06
,0,0,0,0,Davie,2022-11-13
,0,0,0,0,Davie,2022-11-19
,0,0,0,0,Davie,2022-11-20
,0,0,0,0,Duplin,2022-11-12
,0,0,0,0,Duplin,2022-11-23
,0,0,0,0,Duplin,2023-03-11
,0,0,0,0,Edgecombe,2022-11-19
,0,0,0,0,Franklin,2023-02-26
,0,0,0,0,Gates,2022-09-16
,0,0,0,0,Gates,2022-09-18
,0,0,0,0,Gates,2022-09-24
,0,0,0,0,Gates,2022-09-25
,0,0,0,0,Gates,2022-09-28
,0,0,0,0,Gates,2022-09-29
,0,0,0,0,Gates,2022-09-30
,0,0,0,0,Gates,2022-10-01
,0,0,0,0,Gates,2022-10-02
,0,0,0,0,Gates,2022-10-04
,0,0,0,0,Gates,2022-10-07
,0,0,0,0,Gates,2022-10-08
,0,0,0,0,Gates,2022-10-12
,0,0,0,0,Gates,2022-10-14
,0,0,0,0,Gates,2022-10-16
,0,0,0,0,Gates,2022-10-19
,0,0,0,0,Gates,2022-10-20
,0,0,0,0,Gates,2022-10-23
,0,0,0,0,Gates,2022-10-25
,0,0,0,0,Gates,2022-10-27
,0,0,0,0,Gates,2022-10-28
,0,0,0,0,Gates,2022-10-29
,0,0,0,0,Gates,2022-10-30
,0,0,0,0,Gates,2022-11-02
,0,0,0,0,Gates,2022-11-06
,0,0,0,0,Gates,2022-11-07
,0,0,0,0,Gates,2022-11-09
,0,0,0,0,Gates,2022-11-10
,0,0,0,0,Gates,2022-11-11
,0,0,0,0,Gates,2022-11-12
,0,0,0,0,Gates,2022-11-14
,0,0,0,0,Gates,2022-11-16
,0,0,0,0,Gates,2022-11-18
,0,0,0,0,Gates,2022-11-19
,0,0,0,0,Gates,2022-11-22
,0,0,0,0,Gates,2022-11-23
,0,0,0,0,Gates,2022-11-24
,0,0,0,0,Gates,2022-11-25
,0,0,0,0,Gates,2022-11-27
,0,0,0,0,Gates,2022-11-29
,0,0,0,0,Gates,2022-11-30
,0,0,0,0,Gates,2022-12-01
,0,0,0,0,Gates,2022-12-02
,0,0,0,0,Gates,2022-12-03
,0,0,0,0,Gates,2022-12-08
,0,0,0,0,Gates,2022-12-10
,0,0,0,0,Gates,2022-12-13
,0,0,0,0,Gates,2022-12-14
,0,0,0,0,Gates,2022-12-17
,0,0,0,0,Gates,2022-12-20
,0,0,0,0,Gates,2022-12-21
,0,0,0,0,Gates,2022-12-25
,0,0,0,0,Gates,2023-01-01
,0,0,0,0,Gates,2023-01-08
,0,0,0,0,Gates,2023-01-19
,0,0,0,0,Gates,2023-01-21
,0,0,0,0,Gates,2023-01-22
,0,0,0,0,Gates,2023-01-28
,0,0,0,0,Gates,2023-02-05
,0,0,0,0,Gates,2023-02-07
,0,0,0,0,Gates,2023-02-09
,0,0,0,0,Gates,2023-02-16
,0,0,0,0,Gates,2023-02-17
,0,0,0,0,Gates,2023-02-19
,0,0,0,0,Gates,2023-02-21
,0,0,0,0,Gates,2023-02-23
,0,0,0,0,Gates,2023-02-24
,0,0,0,0,Gates,2023-02-26
,0,0,0,0,Gates,2023-02-27
,0,0,0,0,Gates,2023-03-02
,0,0,0,0,Gates,2023-03-03
,0,0,0,0,Gates,2023-03-04
,0,0,0,0,Gates,2023-03-05
,0,0,0,0,Gates,2023-03-06
,0,0,0,0,Gates,2023-03-07
,0,0,0,0,Gates,2023-03-08
,0,0,0,0,Gates,2023-03-09
,0,0,0,0,Gates,2023-03-11
,0,0,0,0,Graham,2022-09-15
,0,0,0,0,Graham,2022-09-17
,0,0,0,0,Graham,2022-09-27
,0,0,0,0,Graham,2022-10-02
,0,0,0,0,Graham,2022-10-05
,0,0,0,0,Graham,2022-10-06
,0,0,0,0,Graham,2022-10-11
,0,0,0,0,Graham,2022-10-15
,0,0,0,0,Graham,2022-10-16
,0,0,0,0,Graham,2022-10-17
,0,0,0,0,Graham,2022-10-18
,0,0,0,0,Graham,2022-10-21
,0,0,0,0,Graham,2022-10-23
,0,0,0,0,Graham,2022-11-05
,0,0,0,0,Graham,2022-11-09
,0,0,0,0,Graham,2022-11-11
,0,0,0,0,Graham,2022-11-12
,0,0,0,0,Graham,2022-11-14
,0,0,0,0,Graham,2022-11-19
,0,0,0,0,Graham,2022-11-20
,0,0,0,0,Graham,2022-11-21
,0,0,0,0,Graham,2022-11-24
,0,0,0,0,Graham,2022-11-25
,0,0,0,0,Graham,2022-11-26
,0,0,0,0,Graham,2022-12-01
,0,0,0,0,Graham,2022-12-03
,0,0,0,0,Graham,2022-12-04
,0,0,0,0,Graham,2022-12-05
,0,0,0,0,Graham,2022-12-08
,0,0,0,0,Graham,2022-12-10
,0,0,0,0,Graham,2022-12-13
,0,0,0,0,Graham,2022-12-15
,0,0,0,0,Graham,2022-12-16
,0,0,0,0,Graham,2022-12-17
,0,0,0,0,Graham,2022-12-18
,0,0,0,0,Graham,2022-12-22
,0,0,0,0,Graham,2022-12-23
,0,0,0,0,Graham,2023-01-06
,0,0,0,0,Graham,2023-01-08
,0,0,0,0,Graham,2023-01-13
,0,0,0,0,Graham,2023-01-14
,0,0,0,0,Graham,2023-01-15
,0,0,0,0,Graham,2023-01-19
,0,0,0,0,Graham,2023-01-24
,0,0,0,0,Graham,2023-01-28
,0,0,0,0,Graham,2023-01-29
,0,0,0,0,Graham,2023-02-09
,0,0,0,0,Graham,2023-02-11
,0,0,0,0,Graham,2023-02-12
,0,0,0,0,Graham,2023-02-16
,0,0,0,0,Graham,2023-02-17
,0,0,0,0,Graham,2023-02-18
,0,0,0,0,Graham,2023-02-19
,0,0,0,0,Graham,2023-02-22
,0,0,0,0,Graham,2023-02-24
,0,0,0,0,Graham,2023-02-25
,0,0,0,0,Graham,2023-02-26
,0,0,0,0,Graham,2023-02-27
,0,0,0,0,Graham,2023-03-02
,0,0,0,0,Graham,2023-03-03
,0,0,0,0,Graham,2023-03-04
,0,0,0,0,Graham,2023-03-06
,0,0,0,0,Graham,2023-03-07
,0,0,0,0,Graham,2023-03-08
,0,0,0,0,Graham,2023-03-09
,0,0,0,0,Granville,2023-02-12
,0,0,0,0,Greene,2022-09-22
,0,0,0,0,Greene,2022-09-25
,0,0,0,0,Greene,2022-09-28
,0,0,0,0,Greene,2022-10-09
,0,0,0,0,Greene,2022-10-14
,0,0,0,0,Greene,2022-10-15
,0,0,0,0,Greene,2022-10-16
,0,0,0,0,Greene,2022-10-22
,0,0,0,0,Greene,2022-10-29
,0,0,0,0,Greene,2022-10-30
,0,0,0,0,Greene,2022-11-12
,0,0,0,0,Greene,2022-11-15
,0,0,0,0,Greene,2022-11-19
,0,0,0,0,Greene,2022-11-20
,0,0,0,0,Greene,2022-11-23
,0,0,0,0,Greene,2022-11-24
,0,0,0,0,Greene,2022-11-25
,0,0,0,0,Greene,2022-11-26
,0,0,0,0,Greene,2022-11-27
,0,0,0,0,Greene,2022-12-01
,0,0,0,0,Greene,2022-12-04
,0,0,0,0,Greene,2022-12-17
,0,0,0,0,Greene,2022-12-18
,0,0,0,0,Greene,2023-01-08
,0,0,0,0,Greene,2023-01-28
,0,0,0,0,Greene,2023-01-29
,0,0,0,0,Greene,2023-02-03
,0,0,0,0,Greene,2023-02-04
,0,0,0,0,Greene,2023-02-17
,0,0,0,0,Greene,2023-02-18
,0,0,0,0,Greene,2023-02-19
,0,0,0,0,Greene,2023-02-21
,0,0,0,0,Greene,2023-02-26
,0,0,0,0,Greene,2023-03-04
,0,0,0,0,Greene,2023-03-05
,0,0,0,0,Greene,2023-03-08
,0,0,0,0,Greene,2023-03-10
,0,0,0,0,Greene,2023-03-11
,0,0,0,0,Halifax,2023-02-25
,0,0,0,0,Haywood,2022-11-06
,0,0,0,0,Haywood,2023-03-04
,0,0,0,0,Haywood,2023-03-07
,0,0,0,0,Hertford,2022-09-23
,0,0,0,0,Hertford,2022-09-24
,0,0,0,0,Hertford,2022-09-25
,0,0,0,0,Hertford,2022-10-02
,0,0,0,0,Hertford,2022-10-16
,0,0,0,0,Hertford,2022-10-23
,0,0,0,0,Hertford,2022-10-28
,0,0,0,0,Hertford,2022-11-05
,0,0,0,0,Hertford,2022-11-06
,0,0,0,0,Hertford,2022-11-13
,0,0,0,0,Hertford,2022-11-15
,0,0,0,0,Hertford,2022-11-17
,0,0,0,0,Hertford,2022-11-24
,0,0,0,0,Hertford,2022-11-26
,0,0,0,0,Hertford,2023-01-08
,0,0,0,0,Hertford,2023-01-16
,0,0,0,0,Hertford,2023-01-29
,0,0,0,0,Hertford,2023-02-04
,0,0,0,0,Hertford,2023-02-12
,0,0,0,0,Hertford,2023-02-19
,0,0,0,0,Hertford,2023-02-25
,0,0,0,0,Hertford,2023-03-04
,0,0,0,0,Hertford,2023-03-05
,0,0,0,0,Hertford,2023-03-06
,0,0,0,0,Hoke,2022-11-25
,0,0,0,0,Hoke,2023-02-28
,0,0,0,0,Hyde,2022-09-14
,0,0,0,0,Hyde,2022-09-17
,0,0,0,0,Hyde,2022-09-18
,0,0,0,0,Hyde,2022-09-23
,0,0,0,0,Hyde,2022-09-30
,0,0,0,0,Hyde,2022-10-03
,0,0,0,0,Hyde,2022-10-04
,0,0,0,0,Hyde,2022-10-06
,0,0,0,0,Hyde,2022-10-08
,0,0,0,0,Hyde,2022-10-09
,0,0,0,0,Hyde,2022-10-11
,0,0,0,0,Hyde,2022-10-13
,0,0,0,0,Hyde,2022-10-14
,0,0,0,0,Hyde,2022-10-16
,0,0,0,0,Hyde,2022-10-18
,0,0,0,0,Hyde,2022-10-19
,0,0,0,0,Hyde,2022-10-20
,0,0,0,0,Hyde,2022-10-21
,0,0,0,0,Hyde,2022-10-22
,0,0,0,0,Hyde,2022-10-25
,0,0,0,0,Hyde,2022-10-29
,0,0,0,0,Hyde,2022-10-31
,0,0,0,0,Hyde,2022-11-03
,0,0,0,0,Hyde,2022-11-06
,0,0,0,0,Hyde,2022-11-08
,0,0,0,0,Hyde,2022-11-09
,0,0,0,0,Hyde,2022-11-10
,0,0,0,0,Hyde,2022-11-11
,0,0,0,0,Hyde,2022-11-12
,0,0,0,0,Hyde,2022-11-13
,0,0,0,0,Hyde,2022-11-14
,0,0,0,0,Hyde,2022-11-15
,0,0,0,0,Hyde,2022-11-16
,0,0,0,0,Hyde,2022-11-17
,0,0,0,0,Hyde,2022-11-18
,0,0,0,0,Hyde,2022-11-19
,0,0,0,0,Hyde,2022-11-20
,0,0,0,0,Hyde,2022-11-22
,0,0,0,0,Hyde,2022-11-23
,0,0,0,0,Hyde,2022-11-25
,0,0,0,0,Hyde,2022-11-26
,0,0,0,0,Hyde,2022-11-27
,0,0,0,0,Hyde,2022-11-28
,0,0,0,0,Hyde,2022-11-29
,0,0,0,0,Hyde,2022-11-30
,0,0,0,0,Hyde,2022-12-01
,0,0,0,0,Hyde,2022-12-03
,0,0,0,0,Hyde,2022-12-04
,0,0,0,0,Hyde,2022-12-05
,0,0,0,0,Hyde,2022-12-07
,0,0,0,0,Hyde,2022-12-08
,0,0,0,0,Hyde,2022-12-10
,0,0,0,0,Hyde,2022-12-11
,0,0,0,0,Hyde,2022-12-13
,0,0,0,0,Hyde,2022-12-14
,0,0,0,0,Hyde,2022-12-16
,0,0,0,0,Hyde,2022-12-17
,0,0,0,0,Hyde,2022-12-18
,0,0,0,0,Hyde,2022-12-21
,0,0,0,0,Hyde,2022-12-22
,0,0,0,0,Hyde,2022-12-23
,0,0,0,0,Hyde,2022-12-25
,0,0,0,0,Hyde,2022-12-26
,0,0,0,0,Hyde,2022-12-27
,0,0,0,0,Hyde,2022-12-28
,0,0,0,0,Hyde,2023-01-01
,0,0,0,0,Hyde,2023-01-02
,0,0,0,0,Hyde,2023-01-12
,0,0,0,0,Hyde,2023-01-15
,0,0,0,0,Hyde,2023-01-20
,0,0,0,0,Hyde,2023-01-21
,0,0,0,0,Hyde,2023-01-26
,0,0,0,0,Hyde,2023-01-28
,0,0,0,0,Hyde,2023-02-03
,0,0,0,0,Hyde,2023-02-04
,0,0,0,0,Hyde,2023-02-06
,0,0,0,0,Hyde,2023-02-07
,0,0,0,0,Hyde,2023-02-09
,0,0,0,0,Hyde,2023-02-10
,0,0,0,0,Hyde,2023-02-11
,0,0,0,0,Hyde,2023-02-12
,0,0,0,0,Hyde,2023-02-13
,0,0,0,0,Hyde,2023-02-16
,0,0,0,0,Hyde,2023-02-18
,0,0,0,0,Hyde,2023-02-19
,0,0,0,0,Hyde,2023-02-20
,0,0,0,0,Hyde,2023-02-21
,0,0,0,0,Hyde,2023-02-22
,0,0,0,0,Hyde,2023-02-23
,0,0,0,0,Hyde,2023-02-24
,0,0,0,0,Hyde,2023-02-27
,0,0,0,0,Hyde,2023-02-28
,0,0,0,0,Hyde,2023-03-01
,0,0,0,0,Hyde,2023-03-02
,0,0,0,0,Hyde,2023-03-03
,0,0,0,0,Hyde,2023-03-05
,0,0,0,0,Hyde,2023-03-06
,0,0,0,0,Hyde,2023-03-07
,0,0,0,0,Hyde,2023-03-08
,0,0,0,0,Hyde,2023-03-09
,0,0,0,0,Hyde,2023-03-10
,0,0,0,0,Hyde,2023-03-11
,0,0,0,0,Jackson,2022-11-05
,0,0,0,0,Jackson,2023-01-21
,0,0,0,0,Jackson,2023-02-26
,0,0,0,0,Jackson,2023-03-09
,0,0,0,0,Jackson,2023-03-11
,0,0,0,0,Jones,2022-09-20
,0,0,0,0,Jones,2022-10-02
,0,0,0,0,Jones,2022-10-07
,0,0,0,0,Jones,2022-10-09
,0,0,0,0,Jones,2022-10-11
,0,0,0,0,Jones,2022-10-12
,0,0,0,0,Jones,2022-10-14
,0,0,0,0,Jones,2022-10-15
,0,0,0,0,Jones,2022-10-23
,0,0,0,0,Jones,2022-10-24
,0,0,0,0,Jones,2022-10-27
,0,0,0,0,Jones,2022-10-28
,0,0,0,0,Jones,2022-11-01
,0,0,0,0,Jones,2022-11-04
,0,0,0,0,Jones,2022-11-05
,0,0,0,0,Jones,2022-11-06
,0,0,0,0,Jones,2022-11-10
,0,0,0,0,Jones,2022-11-13
,0,0,0,0,Jones,2022-11-14
,0,0,0,0,Jones,2022-11-15
,0,0,0,0,Jones,2022-11-16
,0,0,0,0,Jones,2022-11-17
,0,0,0,0,Jones,2022-11-19
,0,0,0,0,Jones,2022-11-20
,0,0,0,0,Jones,2022-11-23
,0,0,0,0,Jones,2022-11-24
,0,0,0,0,Jones,2022-11-25
,0,0,0,0,Jones,2022-11-26
,0,0,0,0,Jones,2022-11-27
,0,0,0,0,Jones,2022-11-28
,0,0,0,0,Jones,2022-11-29
,0,0,0,0,Jones,2022-12-02
,0,0,0,0,Jones,2022-12-03
,0,0,0,0,Jones,2022-12-04
,0,0,0,0,Jones,2022-12-09
,0,0,0,0,Jones,2022-12-13
,0,0,0,0,Jones,2022-12-23
,0,0,0,0,Jones,2023-01-08
,0,0,0,0,Jones,2023-01-15
,0,0,0,0,Jones,2023-01-22
,0,0,0,0,Jones,2023-01-26
,0,0,0,0,Jones,2023-01-27
,0,0,0,0,Jones,2023-02-01
,0,0,0,0,Jones,2023-02-07
,0,0,0,0,Jones,2023-02-12
,0,0,0,0,Jones,2023-02-14
,0,0,0,0,Jones,2023-02-18
,0,0,0,0,Jones,2023-02-19
,0,0,0,0,Jones,2023-02-20
,0,0,0,0,Jones,2023-02-21
,0,0,0,0,Jones,2023-02-25
,0,0,0,0,Jones,2023-02-26
,0,0,0,0,Jones,2023-02-27
,0,0,0,0,Jones,2023-02-28
,0,0,0,0,Jones,2023-03-02
,0,0,0,0,Jones,2023-03-03
,0,0,0,0,Jones,2023-03-04
,0,0,0,0,Jones,2023-03-05
,0,0,0,0,Jones,2023-03-09
,0,0,0,0,Jones,2023-03-10
,0,0,0,0,Jones,2023-03-11
,0,0,0,0,Lee,2022-10-15
,0,0,0,0,Lee,2023-03-04
,0,0,0,0,Lee,2023-03-06
,0,0,0,0,Lee,2023-03-11
,0,0,0,0,Lenoir,2022-11-05
,0,0,0,0,Lenoir,2022-11-20
,0,0,0,0,Lenoir,2023-03-05
,0,0,0,0,Lincoln,2022-10-09
,0,0,0,0,Lincoln,2022-11-13
,0,0,0,0,Macon,2022-10-02
,0,0,0,0,Macon,2022-10-12
,0,0,0,0,Macon,2022-10-15
,0,0,0,0,Macon,2022-10-22
,0,0,0,0,Macon,2022-10-23
,0,0,0,0,Macon,2022-10-29
,0,0,0,0,Macon,2022-11-11
,0,0,0,0,Macon,2022-11-20
,0,0,0,0,Macon,2022-11-21
,0,0,0,0,Macon,2022-11-25
,0,0,0,0,Macon,2022-12-17
,0,0,0,0,Macon,2023-02-05
,0,0,0,0,Macon,2023-02-18
,0,0,0,0,Macon,2023-02-19
,0,0,0,0,Macon,2023-02-20
,0,0,0,0,Macon,2023-02-22
,0,0,0,0,Macon,2023-03-06
,0,0,0,0,Macon,2023-03-10
,0,0,0,0,Macon,2023-03-11
,0,0,0,0,Madison,2022-09-24
,0,0,0,0,Madison,2022-10-01
,0,0,0,0,Madison,2022-10-02
,0,0,0,0,Madison,2022-10-06
,0,0,0,0,Madison,2022-10-13
,0,0,0,0,Madison,2022-10-22
,0,0,0,0,Madison,2022-10-24
,0,0,0,0,Madison,2022-10-27
,0,0,0,0,Madison,2022-10-28
,0,0,0,0,Madison,2022-10-30
,0,0,0,0,Madison,2022-11-02
,0,0,0,0,Madison,2022-11-05
,0,0,0,0,Madison,2022-11-08
,0,0,0,0,Madison,2022-11-10
,0,0,0,0,Madison,2022-11-11
,0,0,0,0,Madison,2022-11-12
,0,0,0,0,Madison,2022-11-13
,0,0,0,0,Madison,2022-11-14
,0,0,0,0,Madison,2022-11-22
,0,0,0,0,Madison,2022-11-24
,0,0,0,0,Madison,2022-12-07
,0,0,0,0,Madison,2022-12-10
,0,0,0,0,Madison,2022-12-25
,0,0,0,0,Madison,2023-01-07
,0,0,0,0,Madison,2023-01-15
,0,0,0,0,Madison,2023-01-18
,0,0,0,0,Madison,2023-01-20
,0,0,0,0,Madison,2023-01-21
,0,0,0,0,Madison,2023-02-04
,0,0,0,0,Madison,2023-02-06
,0,0,0,0,Madison,2023-02-24
,0,0,0,0,Madison,2023-02-25
,0,0,0,0,Madison,2023-02-26
,0,0,0,0,Madison,2023-03-01
,0,0,0,0,Madison,2023-03-03
,0,0,0,0,Madison,2023-03-05
,0,0,0,0,Madison,2023-03-10
,0,0,0,0,Madison,2023-03-11
,0,0,0,0,Martin,2022-10-02
,0,0,0,0,Martin,2022-10-21
,0,0,0,0,Martin,2022-10-25
,0,0,0,0,Martin,2022-10-27
,0,0,0,0,Martin,2022-10-29
,0,0,0,0,Martin,2022-11-06
,0,0,0,0,Martin,2022-11-11
,0,0,0,0,Martin,2022-11-12
,0,0,0,0,Martin,2022-11-13
,0,0,0,0,Martin,2022-11-20
,0,0,0,0,Martin,2022-11-22
,0,0,0,0,Martin,2022-11-24
,0,0,0,0,Martin,2022-11-26
,0,0,0,0,Martin,2022-11-27
,0,0,0,0,Martin,2022-11-30
,0,0,0,0,Martin,2022-12-01
,0,0,0,0,Martin,2022-12-11
,0,0,0,0,Martin,2022-12-25
,0,0,0,0,Martin,2022-12-28
,0,0,0,0,Martin,2023-01-21
,0,0,0,0,Martin,2023-02-11
,0,0,0,0,Martin,2023-02-12
,0,0,0,0,Martin,2023-02-14
,0,0,0,0,Martin,2023-02-21
,0,0,0,0,Martin,2023-02-25
,0,0,0,0,Martin,2023-02-26
,0,0,0,0,Martin,2023-03-01
,0,0,0,0,Martin,2023-03-03
,0,0,0,0,Martin,2023-03-04
,0,0,0,0,Martin,2023-03-08
,0,0,0,0,Martin,2023-03-09
,0,0,0,0,Martin,2023-03-10
,0,0,0,0,Martin,2023-03-11
,0,0,0,0,McDowell,2022-11-24
,0,0,0,0,McDowell,2023-02-26
,0,0,0,0,McDowell,2023-03-04
,0,0,0,0,McDowell,2023-03-11
,0,0,0,0,Mitchell,2022-09-20
,0,0,0,0,Mitchell,2022-09-23
,0,0,0,0,Mitchell,2022-09-24
,0,0,0,0,Mitchell,2022-09-25
,0,0,0,0,Mitchell,2022-09-26
,0,0,0,0,Mitchell,2022-09-27
,0,0,0,0,Mitchell,2022-09-28
,0,0,0,0,Mitchell,2022-09-29
,0,0,0,0,Mitchell,2022-09-30
,0,0,0,0,Mitchell,2022-10-06
,0,0,0,0,Mitchell,2022-10-07
,0,0,0,0,Mitchell,2022-10-08
,0,0,0,0,Mitchell,2022-10-21
,0,0,0,0,Mitchell,2022-10-23
,0,0,0,0,Mitchell,2022-10-24
,0,0,0,0,Mitchell,2022-10-26
,0,0,0,0,Mitchell,2022-10-27
,0,0,0,0,Mitchell,2022-10-28
,0,0,0,0,Mitchell,2022-11-02
,0,0,0,0,Mitchell,2022-11-05
,0,0,0,0,Mitchell,2022-11-06
,0,0,0,0,Mitchell,2022-11-13
,0,0,0,0,Mitchell,2022-11-19
,0,0,0,0,Mitchell,2022-11-24
,0,0,0,0,Mitchell,2022-11-27
,0,0,0,0,Mitchell,2022-12-07
,0,0,0,0,Mitchell,2022-12-11
,0,0,0,0,Mitchell,2022-12-12
,0,0,0,0,Mitchell,2023-01-18
,0,0,0,0,Mitchell,2023-01-29
,0,0,0,0,Mitchell,2023-02-03
,0,0,0,0,Mitchell,2023-02-04
,0,0,0,0,Mitchell,2023-02-10
,0,0,0,0,Mitchell,2023-02-11
,0,0,0,0,Mitchell,2023-02-12
,0,0,0,0,Mitchell,2023-02-17
,0,0,0,0,Mitchell,2023-02-19
,0,0,0,0,Mitchell,2023-02-25
,0,0,0,0,Mitchell,2023-02-26
,0,0,0,0,Mitchell,2023-03-04
,0,0,0,0,Mitchell,2023-03-07
,0,0,0,0,Mitchell,2023-03-08
,0,0,0,0,Mitchell,2023-03-10
,0,0,0,0,Mitchell,2023-03-11
,0,0,0,0,Montgomery,2022-10-15
,0,0,0,0,Montgomery,2022-10-23
,0,0,0,0,Montgomery,2022-10-28
,0,0,0,0,Montgomery,2022-10-29
,0,0,0,0,Montgomery,2022-11-12
,0,0,0,0,Montgomery,2022-11-19
,0,0,0,0,Montgomery,2022-11-21
,0,0,0,0,Montgomery,2022-11-24
,0,0,0,0,Montgomery,2022-11-25
,0,0,0,0,Montgomery,2022-11-27
,0,0,0,0,Montgomery,2022-12-03
,0,0,0,0,Montgomery,2022-12-04
,0,0,0,0,Montgomery,2023-03-04
,0,0,0,0,Montgomery,2023-03-08
,0,0,0,0,Montgomery,2023-03-10
,0,0,0,0,Montgomery,2023-03-11
,0,0,0,0,Nash,2022-11-11
,0,0,0,0,Northampton,2022-09-24
,0,0,0,0,Northampton,2022-10-02
,0,0,0,0,Northampton,2022-10-14
,0,0,0,0,Northampton,2022-10-22
,0,0,0,0,Northampton,2022-10-23
,0,0,0,0,Northampton,2022-11-01
,0,0,0,0,Northampton,2022-11-05
,0,0,0,0,Northampton,2022-11-11
,0,0,0,0,Northampton,2022-11-13
,0,0,0,0,Northampton,2022-11-20
,0,0,0,0,Northampton,2022-11-24
,0,0,0,0,Northampton,2022-12-03
,0,0,0,0,Northampton,2022-12-04
,0,0,0,0,Northampton,2022-12-10
,0,0,0,0,Northampton,2022-12-18
,0,0,0,0,Northampton,2022-12-25
,0,0,0,0,Northampton,2023-01-14
,0,0,0,0,Northampton,2023-02-04
,0,0,0,0,Northampton,2023-02-25
,0,0,0,0,Northampton,2023-03-05
,0,0,0,0,Northampton,2023-03-06
,0,0,0,0,Pamlico,2022-09-23
,0,0,0,0,Pamlico,2022-09-24
,0,0,0,0,Pamlico,2022-09-25
,0,0,0,0,Pamlico,2022-09-30
,0,0,0,0,Pamlico,2022-10-02
,0,0,0,0,Pamlico,2022-10-08
,0,0,0,0,Pamlico,2022-10-15
,0,0,0,0,Pamlico,2022-10-17
,0,0,0,0,Pamlico,2022-10-21
,0,0,0,0,Pamlico,2022-10-22
,0,0,0,0,Pamlico,2022-10-24
,0,0,0,0,Pamlico,2022-10-26
,0,0,0,0,Pamlico,2022-10-29
,0,0,0,0,Pamlico,2022-10-30
,0,0,0,0,Pamlico,2022-11-05
,0,0,0,0,Pamlico,2022-11-06
,0,0,0,0,Pamlico,2022-11-08
,0,0,0,0,Pamlico,2022-11-09
,0,0,0,0,Pamlico,2022-11-11
,0,0,0,0,Pamlico,2022-11-12
,0,0,0,0,Pamlico,2022-11-15
,0,0,0,0,Pamlico,2022-11-18
,0,0,0,0,Pamlico,2022-11-20
,0,0,0,0,Pamlico,2022-11-23
,0,0,0,0,Pamlico,2022-11-24
,0,0,0,0,Pamlico,2022-11-25
,0,0,0,0,Pamlico,2022-11-26
,0,0,0,0,Pamlico,2022-11-27
,0,0,0,0,Pamlico,2022-11-29
,0,0,0,0,Pamlico,2022-12-01
,0,0,0,0,Pamlico,2022-12-03
,0,0,0,0,Pamlico,2022-12-04
,0,0,0,0,Pamlico,2022-12-07
,0,0,0,0,Pamlico,2022-12-16
,0,0,0,0,Pamlico,2022-12-31
,0,0,0,0,Pamlico,2023-01-11
,0,0,0,0,Pamlico,2023-01-20
,0,0,0,0,Pamlico,2023-01-21
,0,0,0,0,Pamlico,2023-01-22
,0,0,0,0,Pamlico,2023-01-23
,0,0,0,0,Pamlico,2023-01-25
,0,0,0,0,Pamlico,2023-01-28
,0,0,0,0,Pamlico,2023-02-04
,0,0,0,0,Pamlico,2023-02-05
,0,0,0,0,Pamlico,2023-02-18
,0,0,0,0,Pamlico,2023-02-19
,0,0,0,0,Pamlico,2023-02-24
,0,0,0,0,Pamlico,2023-02-25
,0,0,0,0,Pamlico,2023-02-26
,0,0,0,0,Pamlico,2023-03-01
,0,0,0,0,Pamlico,2023-03-03
,0,0,0,0,Pamlico,2023-03-04
,0,0,0,0,Pamlico,2023-03-05
,0,0,0,0,Pamlico,2023-03-06
,0,0,0,0,Pamlico,2023-03-08
,0,0,0,0,Pamlico,2023-03-09
,0,0,0,0,Pamlico,2023-03-10
,0,0,0,0,Pamlico,2023-03-11
,0,0,0,0,Pasquotank,2022-10-08
,0,0,0,0,Pasquotank,2022-10-09
,0,0,0,0,Pasquotank,2022-10-20
,0,0,0,0,Pasquotank,2022-11-10
,0,0,0,0,Pasquotank,2022-11-19
,0,0,0,0,Pasquotank,2023-03-09
,0,0,0,0,Pender,2022-11-05
,0,0,0,0,Pender,2022-12-04
,0,0,0,0,Perquimans,2022-09-17
,0,0,0,0,Perquimans,2022-09-23
,0,0,0,0,Perquimans,2022-10-01
,0,0,0,0,Perquimans,2022-10-03
,0,0,0,0,Perquimans,2022-10-05
,0,0,0,0,Perquimans,2022-10-06
,0,0,0,0,Perquimans,2022-10-12
,0,0,0,0,Perquimans,2022-10-13
,0,0,0,0,Perquimans,2022-10-14
,0,0,0,0,Perquimans,2022-10-16
,0,0,0,0,Perquimans,2022-10-22
,0,0,0,0,Perquimans,2022-10-23
,0,0,0,0,Perquimans,2022-10-26
,0,0,0,0,Perquimans,2022-10-28
,0,0,0,0,Perquimans,2022-11-04
,0,0,0,0,Perquimans,2022-11-06
,0,0,0,0,Perquimans,2022-11-09
,0,0,0,0,Perquimans,2022-11-12
,0,0,0,0,Perquimans,2022-11-18
,0,0,0,0,Perquimans,2022-11-19
,0,0,0,0,Perquimans,2022-11-20
,0,0,0,0,Perquimans,2022-11-23
,0,0,0,0,Perquimans,2022-11-27
,0,0,0,0,Perquimans,2022-12-01
,0,0,0,0,Perquimans,2022-12-04
,0,0,0,0,Perquimans,2022-12-05
,0,0,0,0,Perquimans,2022-12-09
,0,0,0,0,Perquimans,2022-12-10
,0,0,0,0,Perquimans,2022-12-11
,0,0,0,0,Perquimans,2022-12-14
,0,0,0,0,Perquimans,2023-01-08
,0,0,0,0,Perquimans,2023-01-12
,0,0,0,0,Perquimans,2023-01-21
,0,0,0,0,Perquimans,2023-02-02
,0,0,0,0,Perquimans,2023-02-03
,0,0,0,0,Perquimans,2023-02-11
,0,0,0,0,Perquimans,2023-02-17
,0,0,0,0,Perquimans,2023-02-20
,0,0,0,0,Perquimans,2023-02-25
,0,0,0,0,Perquimans,2023-03-01
,0,0,0,0,Perquimans,2023-03-02
,0,0,0,0,Perquimans,2023-03-06
,0,0,0,0,Perquimans,2023-03-10
,0,0,0,0,Person,2022-10-29
,0,0,0,0,Person,2022-11-24
,0,0,0,0,Person,2023-01-31
,0,0,0,0,Person,2023-03-01
,0,0,0,0,Person,2023-03-11
,0,0,0,0,Polk,2022-10-16
,0,0,0,0,Polk,2022-10-25
,0,0,0,0,Polk,2022-11-04
,0,0,0,0,Polk,2022-11-13
,0,0,0,0,Polk,2023-01-07
,0,0,0,0,Polk,2023-02-05
,0,0,0,0,Polk,2023-02-17
,0,0,0,0,Polk,2023-02-21
,0,0,0,0,Polk,2023-02-22
,0,0,0,0,Polk,2023-02-23
,0,0,0,0,Polk,2023-02-25
,0,0,0,0,Polk,2023-02-27
,0,0,0,0,Polk,2023-03-05
,0,0,0,0,Polk,2023-03-06
,0,0,0,0,Polk,2023-03-07
,0,0,0,0,Polk,2023-03-08
,0,0,0,0,Polk,2023-03-09
,0,0,0,0,Richmond,2022-11-12
,0,0,0,0,Richmond,2022-11-20
,0,0,0,0,Richmond,2022-11-25
,0,0,0,0,Rutherford,2022-10-16
,0,0,0,0,Rutherford,2023-02-22
,0,0,0,0,Rutherford,2023-02-25
,0,0,0,0,Rutherford,2023-03-04
,0,0,0,0,Rutherford,2023-03-10
,0,0,0,0,Sampson,2022-10-15
,0,0,0,0,Sampson,2022-11-05
,0,0,0,0,Sampson,2023-03-09
,0,0,0,0,Scotland,2022-10-19
,0,0,0,0,Scotland,2022-10-24
,0,0,0,0,Scotland,2022-10-30
,0,0,0,0,Scotland,2022-11-12
,0,0,0,0,Scotland,2022-11-18
,0,0,0,0,Scotland,2022-11-26
,0,0,0,0,Scotland,2023-03-10
,0,0,0,0,Stokes,2023-02-25
,0,0,0,0,Swain,2022-10-08
,0,0,0,0,Swain,2022-10-09
,0,0,0,0,Swain,2022-10-15
,0,0,0,0,Swain,2022-11-20
,0,0,0,0,Swain,2022-11-24
,0,0,0,0,Swain,2022-12-17
,0,0,0,0,Swain,2023-01-26
,0,0,0,0,Swain,2023-01-29
,0,0,0,0,Swain,2023-02-08
,0,0,0,0,Swain,2023-02-10
,0,0,0,0,Swain,2023-02-18
,0,0,0,0,Swain,2023-02-20
,0,0,0,0,Swain,2023-02-25
,0,0,0,0,Swain,2023-02-26
,0,0,0,0,Swain,2023-03-07
,0,0,0,0,Transylvania,2022-11-15
,0,0,0,0,Transylvania,2023-01-28
,0,0,0,0,Transylvania,2023-02-14
,0,0,0,0,Transylvania,2023-02-15
,0,0,0,0,Transylvania,2023-03-02
,0,0,0,0,Transylvania,2023-03-09
,0,0,0,0,Tyrrell,2022-09-13
,0,0,0,0,Tyrrell,2022-09-15
,0,0,0,0,Tyrrell,2022-09-17
,0,0,0,0,Tyrrell,2022-09-18
,0,0,0,0,Tyrrell,2022-09-20
,0,0,0,0,Tyrrell,2022-09-23
,0,0,0,0,Tyrrell,2022-09-24
,0,0,0,0,Tyrrell,2022-09-25
,0,0,0,0,Tyrrell,2022-09-29
,0,0,0,0,Tyrrell,2022-09-30
,0,0,0,0,Tyrrell,2022-10-01
,0,0,0,0,Tyrrell,2022-10-02
,0,0,0,0,Tyrrell,2022-10-03
,0,0,0,0,Tyrrell,2022-10-05
,0,0,0,0,Tyrrell,2022-10-06
,0,0,0,0,Tyrrell,2022-10-07
,0,0,0,0,Tyrrell,2022-10-09
,0,0,0,0,Tyrrell,2022-10-10
,0,0,0,0,Tyrrell,2022-10-11
,0,0,0,0,Tyrrell,2022-10-14
,0,0,0,0,Tyrrell,2022-10-15
,0,0,0,0,Tyrrell,2022-10-16
,0,0,0,0,Tyrrell,2022-10-17
,0,0,0,0,Tyrrell,2022-10-19
,0,0,0,0,Tyrrell,2022-10-22
,0,0,0,0,Tyrrell,2022-10-23
,0,0,0,0,Tyrrell,2022-10-25
,0,0,0,0,Tyrrell,2022-10-27
,0,0,0,0,Tyrrell,2022-10-28
,0,0,0,0,Tyrrell,2022-10-29
,0,0,0,0,Tyrrell,2022-10-30
,0,0,0,0,Tyrrell,2022-10-31
,0,0,0,0,Tyrrell,2022-11-03
,0,0,0,0,Tyrrell,2022-11-06
,0,0,0,0,Tyrrell,2022-11-08
,0,0,0,0,Tyrrell,2022-11-09
,0,0,0,0,Tyrrell,2022-11-10
,0,0,0,0,Tyrrell,2022-11-11
,0,0,0,0,Tyrrell,2022-11-12
,0,0,0,0,Tyrrell,2022-11-14
,0,0,0,0,Tyrrell,2022-11-15
,0,0,0,0,Tyrrell,2022-11-16
,0,0,0,0,Tyrrell,2022-11-17
,0,0,0,0,Tyrrell,2022-11-18
,0,0,0,0,Tyrrell,2022-11-19
,0,0,0,0,Tyrrell,2022-11-21
,0,0,0,0,Tyrrell,2022-11-22
,0,0,0,0,Tyrrell,2022-11-23
,0,0,0,0,Tyrrell,2022-11-24
,0,0,0,0,Tyrrell,2022-11-25
,0,0,0,0,Tyrrell,2022-11-26
,0,0,0,0,Tyrrell,2022-11-27
,0,0,0,0,Tyrrell,2022-11-28
,0,0,0,0,Tyrrell,2022-11-29
,0,0,0,0,Tyrrell,2022-11-30
,0,0,0,0,Tyrrell,2022-12-01
,0,0,0,0,Tyrrell,2022-12-02
,0,0,0,0,Tyrrell,2022-12-03
,0,0,0,0,Tyrrell,2022-12-04
,0,0,0,0,Tyrrell,2022-12-05
,0,0,0,0,Tyrrell,2022-12-06
,0,0,0,0,Tyrrell,2022-12-07
,0,0,0,0,Tyrrell,2022-12-08
,0,0,0,0,Tyrrell,2022-12-09
,0,0,0,0,Tyrrell,2022-12-11
,0,0,0,0,Tyrrell,2022-12-12
,0,0,0,0,Tyrrell,2022-12-14
,0,0,0,0,Tyrrell,2022-12-16
,0,0,0,0,Tyrrell,2022-12-17
,0,0,0,0,Tyrrell,2022-12-18
,0,0,0,0,Tyrrell,2022-12-20
,0,0,0,0,Tyrrell,2022-12-22
,0,0,0,0,Tyrrell,2022-12-23
,0,0,0,0,Tyrrell,2022-12-24
,0,0,0,0,Tyrrell,2022-12-25
,0,0,0,0,Tyrrell,2022-12-26
,0,0,0,0,Tyrrell,2023-01-01
,0,0,0,0,Tyrrell,2023-01-02
,0,0,0,0,Tyrrell,2023-01-04
,0,0,0,0,Tyrrell,2023-01-05
,0,0,0,0,Tyrrell,2023-01-07
,0,0,0,0,Tyrrell,2023-01-08
,0,0,0,0,Tyrrell,2023-01-10
,0,0,0,0,Tyrrell,2023-01-12
,0,0,0,0,Tyrrell,2023-01-13
,0,0,0,0,Tyrrell,2023-01-14
,0,0,0,0,Tyrrell,2023-01-15
,0,0,0,0,Tyrrell,2023-01-16
,0,0,0,0,Tyrrell,2023-01-18
,0,0,0,0,Tyrrell,2023-01-19
,0,0,0,0,Tyrrell,2023-01-20
,0,0,0,0,Tyrrell,2023-01-21
,0,0,0,0,Tyrrell,2023-01-22
,0,0,0,0,Tyrrell,2023-01-23
,0,0,0,0,Tyrrell,2023-01-26
,0,0,0,0,Tyrrell,2023-01-27
,0,0,0,0,Tyrrell,2023-01-29
,0,0,0,0,Tyrrell,2023-02-01
,0,0,0,0,Tyrrell,2023-02-03
,0,0,0,0,Tyrrell,2023-02-05
,0,0,0,0,Tyrrell,2023-02-08
,0,0,0,0,Tyrrell,2023-02-12
,0,0,0,0,Tyrrell,2023-02-13
,0,0,0,0,Tyrrell,2023-02-15
,0,0,0,0,Tyrrell,2023-02-17
,0,0,0,0,Tyrrell,2023-02-18
,0,0,0,0,Tyrrell,2023-02-19
,0,0,0,0,Tyrrell,2023-02-21
,0,0,0,0,Tyrrell,2023-02-22
,0,0,0,0,Tyrrell,2023-02-24
,0,0,0,0,Tyrrell,2023-02-25
,0,0,0,0,Tyrrell,2023-02-26
,0,0,0,0,Tyrrell,2023-02-27
,0,0,0,0,Tyrrell,2023-02-28
,0,0,0,0,Tyrrell,2023-03-01
,0,0,0,0,Tyrrell,2023-03-03
,0,0,0,0,Tyrrell,2023-03-04
,0,0,0,0,Tyrrell,2023-03-05
,0,0,0,0,Tyrrell,2023-03-06
,0,0,0,0,Tyrrell,2023-03-07
,0,0,0,0,Tyrrell,2023-03-08
,0,0,0,0,Tyrrell,2023-03-09
,0,0,0,0,Tyrrell,2023-03-10
,0,0,0,0,Tyrrell,2023-03-11
,0,0,0,0,Vance,2022-10-09
,0,0,0,0,Vance,2022-10-16
,0,0,0,0,Vance,2022-11-11
,0,0,0,0,Vance,2022-11-13
,0,0,0,0,Vance,2022-11-16
,0,0,0,0,Vance,2022-11-24
,0,0,0,0,Vance,2023-03-05
,0,0,0,0,Vance,2023-03-10
,0,0,0,0,Warren,2022-09-24
,0,0,0,0,Warren,2022-10-09
,0,0,0,0,Warren,2022-10-12
,0,0,0,0,Warren,2022-10-14
,0,0,0,0,Warren,2022-10-15
,0,0,0,0,Warren,2022-10-23
,0,0,0,0,Warren,2022-10-24
,0,0,0,0,Warren,2022-11-05
,0,0,0,0,Warren,2022-11-10
,0,0,0,0,Warren,2022-11-12
,0,0,0,0,Warren,2022-11-13
,0,0,0,0,Warren,2022-11-26
,0,0,0,0,Warren,2022-12-03
,0,0,0,0,Warren,2022-12-04
,0,0,0,0,Warren,2023-02-04
,0,0,0,0,Warren,2023-02-24
,0,0,0,0,Warren,2023-03-04
,0,0,0,0,Warren,2023-03-09
,0,0,0,0,Warren,2023-03-11
,0,0,0,0,Washington,2022-09-17
,0,0,0,0,Washington,2022-09-25
,0,0,0,0,Washington,2022-09-28
,0,0,0,0,Washington,2022-09-29
,0,0,0,0,Washington,2022-10-01
,0,0,0,0,Washington,2022-10-02
,0,0,0,0,Washington,2022-10-04
,0,0,0,0,Washington,2022-10-07
,0,0,0,0,Washington,2022-10-09
,0,0,0,0,Washington,2022-10-16
,0,0,0,0,Washington,2022-10-17
,0,0,0,0,Washington,2022-10-18
,0,0,0,0,Washington,2022-10-20
,0,0,0,0,Washington,2022-10-21
,0,0,0,0,Washington,2022-10-28
,0,0,0,0,Washington,2022-10-30
,0,0,0,0,Washington,2022-11-02
,0,0,0,0,Washington,2022-11-04
,0,0,0,0,Washington,2022-11-05
,0,0,0,0,Washington,2022-11-07
,0,0,0,0,Washington,2022-11-11
,0,0,0,0,Washington,2022-11-12
,0,0,0,0,Washington,2022-11-13
,0,0,0,0,Washington,2022-11-14
,0,0,0,0,Washington,2022-11-15
,0,0,0,0,Washington,2022-11-16
,0,0,0,0,Washington,2022-11-18
,0,0,0,0,Washington,2022-11-19
,0,0,0,0,Washington,2022-11-21
,0,0,0,0,Washington,2022-11-22
,0,0,0,0,Washington,2022-11-24
,0,0,0,0,Washington,2022-11-25
,0,0,0,0,Washington,2022-11-28
,0,0,0,0,Washington,2022-12-02
,0,0,0,0,Washington,2022-12-04
,0,0,0,0,Washington,2022-12-05
,0,0,0,0,Washington,2022-12-18
,0,0,0,0,Washington,2023-01-01
,0,0,0,0,Washington,2023-01-12
,0,0,0,0,Washington,2023-01-15
,0,0,0,0,Washington,2023-01-19
,0,0,0,0,Washington,2023-01-29
,0,0,0,0,Washington,2023-02-05
,0,0,0,0,Washington,2023-02-11
,0,0,0,0,Washington,2023-02-16
,0,0,0,0,Washington,2023-02-19
,0,0,0,0,Washington,2023-02-22
,0,0,0,0,Washington,2023-02-23
,0,0,0,0,Washington,2023-02-26
,0,0,0,0,Washington,2023-02-27
,0,0,0,0,Washington,2023-03-02
,0,0,0,0,Washington,2023-03-03
,0,0,0,0,Washington,2023-03-04
,0,0,0,0,Washington,2023-03-05
,0,0,0,0,Washington,2023-03-08
,0,0,0,0,Washington,2023-03-10
,0,0,0,0,Washington,2023-03-11
,0,0,0,0,Watauga,2022-11-19
,0,0,0,0,Watauga,2022-12-23
,0,0,0,0,Watauga,2023-02-12
,0,0,0,0,Watauga,2023-03-03
,0,0,0,0,Watauga,2023-03-11
,0,0,0,0,Wilson,2023-03-05
,0,0,0,0,Yadkin,2023-03-11
,0,0,0,0,Yancey,2022-09-18
,0,0,0,0,Yancey,2022-09-24
,0,0,0,0,Yancey,2022-09-28
,0,0,0,0,Yancey,2022-09-30
,0,0,0,0,Yancey,2022-10-02
,0,0,0,0,Yancey,2022-10-06
,0,0,0,0,Yancey,2022-10-08
,0,0,0,0,Yancey,2022-10-09
,0,0,0,0,Yancey,2022-10-13
,0,0,0,0,Yancey,2022-10-22
,0,0,0,0,Yancey,2022-10-23
,0,0,0,0,Yancey,2022-10-28
,0,0,0,0,Yancey,2022-11-10
,0,0,0,0,Yancey,2022-11-11
,0,0,0,0,Yancey,2022-11-13
,0,0,0,0,Yancey,2022-11-14
,0,0,0,0,Yancey,2022-11-15
,0,0,0,0,Yancey,2022-11-16
,0,0,0,0,Yancey,2022-11-20
,0,0,0,0,Yancey,2022-11-23
,0,0,0,0,Yancey,2022-11-27
,0,0,0,0,Yancey,2022-12-02
,0,0,0,0,Yancey,2022-12-04
,0,0,0,0,Yancey,2022-12-11
,0,0,0,0,Yancey,2022-12-22
,0,0,0,0,Yancey,2022-12-24
,0,0,0,0,Yancey,2023-01-07
,0,0,0,0,Yancey,2023-01-22
,0,0,0,0,Yancey,2023-01-26
,0,0,0,0,Yancey,2023-01-31
,0,0,0,0,Yancey,2023-02-11
,0,0,0,0,Yancey,2023-02-14
,0,0,0,0,Yancey,2023-02-15
,0,0,0,0,Yancey,2023-02-17
,0,0,0,0,Yancey,2023-02-18
,0,0,0,0,Yancey,2023-02-22
,0,0,0,0,Yancey,2023-02-25
,0,0,0,0,Yancey,2023-02-26
,0,0,0,0,Yancey,2023-02-27
,0,0,0,0,Yancey,2023-03-02
,0,0,0,0,Yancey,2023-03-03
,0,0,0,0,Yancey,2023-03-04
,0,0,0,0,Yancey,2023-03-07
,0,0,0,0,Yancey,2023-03-09
0,6,0,6,0,Alexander,2022-09-28
0,2,0,2,0,Alexander,2022-10-02
0,3,0,3,0,Alexander,2022-10-05
0,1,0,1,0,Alexander,2022-10-08
0,2,0,2,0,Alexander,2022-10-24
0,3,0,3,0,Alexander,2022-10-27
0,2,0,2,0,Alexander,2022-10-30
0,1,0,1,0,Alexander,2022-11-18
0,2,0,2,0,Alexander,2022-11-19
0,1,0,1,0,Alexander,2022-11-24
0,2,0,2,0,Alexander,2022-12-04
0,2,0,2,0,Alexander,2022-12-25
0,4,0,4,0,Alexander,2023-01-14
0,1,0,1,0,Alexander,2023-01-21
0,2,0,2,0,Alexander,2023-01-22
0,1,0,1,0,Alexander,2023-02-05
0,4,0,4,0,Alexander,2023-02-16
0,1,0,1,0,Alexander,2023-02-18
0,1,0,1,0,Alexander,2023-02-25
0,1,0,1,0,Alexander,2023-02-27
0,1,0,1,0,Alexander,2023-03-01
0,3,0,3,0,Alexander,2023-03-02
0,1,0,1,0,Alexander,2023-03-03
0,3,0,3,0,Alexander,2023-03-06
0,1,0,1,0,Alexander,2023-03-08
0,1,0,1,0,Alexander,2023-03-11
0,1,0,1,0,Alleghany,2022-09-14
0,2,0,2,0,Alleghany,2022-09-16
0,2,0,2,0,Alleghany,2022-09-18
0,6,0,6,0,Alleghany,2022-09-19
0,3,0,3,0,Alleghany,2022-09-21
0,1,0,1,0,Alleghany,2022-09-24
0,1,0,1,0,Alleghany,2022-09-29
0,1,0,1,0,Alleghany,2022-10-12
0,1,0,1,0,Alleghany,2022-10-15
0,1,0,1,0,Alleghany,2022-10-17
0,1,0,1,0,Alleghany,2022-10-19
0,1,0,1,0,Alleghany,2022-10-23
0,1,0,1,0,Alleghany,2022-10-24
0,1,0,1,0,Alleghany,2022-10-26
0,2,0,2,0,Alleghany,2022-10-30
0,1,0,1,0,Alleghany,2022-11-06
0,1,0,1,0,Alleghany,2022-11-16
0,1,0,1,0,Alleghany,2022-11-17
0,1,0,1,0,Alleghany,2022-12-06
0,1,0,1,0,Alleghany,2022-12-08
0,4,0,4,0,Alleghany,2022-12-19
0,1,0,1,0,Alleghany,2023-01-05
0,1,0,1,0,Alleghany,2023-01-17
0,2,0,2,0,Alleghany,2023-01-28
0,2,0,2,0,Alleghany,2023-01-29
0,1,0,1,0,Alleghany,2023-02-05
0,2,0,2,0,Alleghany,2023-02-12
0,1,0,1,0,Alleghany,2023-02-18
0,2,0,2,0,Alleghany,2023-02-28
0,1,0,1,0,Alleghany,2023-03-02
0,2,0,2,0,Alleghany,2023-03-04
0,1,0,1,0,Alleghany,2023-03-06
0,3,0,3,0,Alleghany,2023-03-07
0,5,0,5,0,Anson,2022-09-23
0,1,0,1,0,Anson,2022-09-24
0,1,0,1,0,Anson,2022-09-25
0,4,0,4,0,Anson,2022-09-27
0,1,0,1,0,Anson,2022-09-30
0,1,0,1,0,Anson,2022-10-02
0,2,0,2,0,Anson,2022-10-03
0,2,0,2,0,Anson,2022-10-04
0,4,0,4,0,Anson,2022-10-05
0,3,0,3,0,Anson,2022-10-07
0,3,0,3,0,Anson,2022-10-10
0,2,0,2,0,Anson,2022-10-12
0,3,0,3,0,Anson,2022-10-17
0,2,0,2,0,Anson,2022-10-18
0,1,0,1,0,Anson,2022-10-19
0,1,0,1,0,Anson,2022-10-20
0,1,0,1,0,Anson,2022-10-22
0,1,0,1,0,Anson,2022-10-26
0,1,0,1,0,Anson,2022-10-28
0,3,0,3,0,Anson,2022-11-11
0,4,0,4,0,Anson,2022-11-13
0,1,0,1,0,Anson,2022-11-14
0,1,0,1,0,Anson,2022-11-16
0,3,0,3,0,Anson,2022-11-27
0,2,0,2,0,Anson,2022-12-01
0,2,0,2,0,Anson,2022-12-02
0,1,0,1,0,Anson,2022-12-04
0,3,0,3,0,Anson,2022-12-06
0,5,0,5,0,Anson,2023-01-01
0,3,0,3,0,Anson,2023-01-07
0,1,0,1,0,Anson,2023-01-14
0,2,0,2,0,Anson,2023-01-15
0,1,0,1,0,Anson,2023-01-28
0,1,0,1,0,Anson,2023-02-15
0,3,0,3,0,Anson,2023-02-17
0,3,0,3,0,Anson,2023-02-19
0,1,0,1,0,Anson,2023-02-28
0,2,0,2,0,Anson,2023-03-03
0,3,0,3,0,Anson,2023-03-04
0,1,0,1,0,Anson,2023-03-07
0,1,0,1,0,Anson,2023-03-11
0,2,0,2,0,Ashe,2022-09-17
0,3,0,3,0,Ashe,2022-09-18
0,1,0,1,0,Ashe,2022-09-24
0,1,0,1,0,Ashe,2022-10-04
0,1,0,1,0,Ashe,2022-10-09
0,1,0,1,0,Ashe,2022-10-16
0,2,0,2,0,Ashe,2022-10-18
0,1,0,1,0,Ashe,2022-10-25
0,2,0,2,0,Ashe,2022-10-27
0,1,0,1,0,Ashe,2022-11-13
0,2,0,2,0,Ashe,2022-11-14
0,2,0,2,0,Ashe,2022-11-16
0,1,0,1,0,Ashe,2022-11-17
0,1,0,1,0,Ashe,2022-11-18
0,1,0,1,0,Ashe,2022-11-19
0,2,0,2,0,Ashe,2022-11-24
0,2,0,2,0,Ashe,2022-11-27
0,1,0,1,0,Ashe,2022-12-01
0,4,0,4,0,Ashe,2022-12-02
0,2,0,2,0,Ashe,2022-12-03
0,2,0,2,0,Ashe,2022-12-14
0,3,0,3,0,Ashe,2022-12-17
0,3,0,3,0,Ashe,2023-01-01
0,1,0,1,0,Ashe,2023-01-08
0,1,0,1,0,Ashe,2023-01-14
0,1,0,1,0,Ashe,2023-01-15
0,2,0,2,0,Ashe,2023-02-09
0,4,0,4,0,Ashe,2023-02-15
0,3,0,3,0,Ashe,2023-02-16
0,2,0,2,0,Ashe,2023-02-18
0,1,0,1,0,Ashe,2023-02-19
0,1,0,1,0,Ashe,2023-02-25
0,1,0,1,0,Ashe,2023-02-26
0,2,0,2,0,Ashe,2023-03-03
0,1,0,1,0,Ashe,2023-03-04
0,1,0,1,0,Ashe,2023-03-06
0,1,0,1,0,Ashe,2023-03-09
0,2,0,2,0,Avery,2022-09-13
0,3,0,3,0,Avery,2022-09-16
0,1,0,1,0,Avery,2022-09-17
0,1,0,1,0,Avery,2022-09-19
0,1,0,1,0,Avery,2022-09-20
0,2,0,2,0,Avery,2022-09-21
0,1,0,1,0,Avery,2022-09-22
0,4,0,4,0,Avery,2022-09-23
0,1,0,1,0,Avery,2022-09-24
0,1,0,1,0,Avery,2022-09-30
0,2,0,2,0,Avery,2022-10-01
0,1,0,1,0,Avery,2022-10-02
0,2,0,2,0,Avery,2022-10-03
0,1,0,1,0,Avery,2022-10-05
0,2,0,2,0,Avery,2022-10-06
0,1,0,1,0,Avery,2022-10-10
0,1,0,1,0,Avery,2022-10-11
0,2,0,2,0,Avery,2022-10-13
0,3,0,3,0,Avery,2022-10-15
0,5,0,5,0,Avery,2022-10-17
0,1,0,1,0,Avery,2022-10-23
0,3,0,3,0,Avery,2022-10-24
0,1,0,1,0,Avery,2022-11-04
0,1,0,1,0,Avery,2022-11-05
0,2,0,2,0,Avery,2022-11-09
0,1,0,1,0,Avery,2022-11-16
0,2,0,2,0,Avery,2022-11-21
0,1,0,1,0,Avery,2022-11-23
0,1,0,1,0,Avery,2022-11-25
0,1,0,1,0,Avery,2022-11-26
0,1,0,1,0,Avery,2022-12-01
0,2,0,2,0,Avery,2022-12-05
0,1,0,1,0,Avery,2022-12-13
0,1,0,1,0,Avery,2022-12-15
0,1,0,1,0,Avery,2022-12-17
0,6,0,6,0,Avery,2022-12-18
0,2,0,2,0,Avery,2022-12-21
0,3,0,3,0,Avery,2022-12-25
0,1,0,1,0,Avery,2022-12-30
0,1,0,1,0,Avery,2022-12-31
0,3,0,3,0,Avery,2023-01-05
0,1,0,1,0,Avery,2023-01-08
0,1,0,1,0,Avery,2023-01-13
0,1,0,1,0,Avery,2023-01-15
0,1,0,1,0,Avery,2023-01-20
0,1,0,1,0,Avery,2023-01-24
0,1,0,1,0,Avery,2023-01-26
0,1,0,1,0,Avery,2023-01-28
0,1,0,1,0,Avery,2023-02-02
0,1,0,1,0,Avery,2023-02-05
0,1,0,1,0,Avery,2023-02-11
0,3,0,3,0,Avery,2023-02-17
0,1,0,1,0,Avery,2023-02-20
0,1,0,1,0,Avery,2023-02-21
0,1,0,1,0,Avery,2023-03-01
0,1,0,1,0,Avery,2023-03-06
0,5,0,5,0,Beaufort,2022-09-25
0,4,0,4,0,Beaufort,2022-10-09
0,2,0,2,0,Beaufort,2022-10-16
0,4,0,4,0,Beaufort,2022-11-01
0,1,0,1,0,Beaufort,2022-11-02
0,3,0,3,0,Beaufort,2022-11-04
0,5,0,5,0,Beaufort,2022-11-12
0,3,0,3,0,Beaufort,2022-11-17
0,1,0,1,0,Beaufort,2022-11-18
0,5,0,5,0,Beaufort,2022-11-22
0,1,0,1,0,Beaufort,2022-11-23
0,4,0,4,0,Beaufort,2022-11-29
0,3,0,3,0,Beaufort,2022-11-30
0,5,0,5,0,Beaufort,2022-12-01
0,3,0,3,0,Beaufort,2022-12-06
0,8,0,8,0,Beaufort,2022-12-31
0,2,0,2,0,Beaufort,2023-01-25
0,5,0,5,0,Beaufort,2023-01-29
0,2,0,2,0,Beaufort,2023-02-04
0,4,0,4,0,Beaufort,2023-02-12
0,1,0,1,0,Beaufort,2023-02-25
0,2,0,2,0,Beaufort,2023-02-26
0,2,0,2,0,Beaufort,2023-03-02
0,3,0,3,0,Beaufort,2023-03-04
0,3,0,3,0,Bertie,2022-09-13
0,1,0,1,0,Bertie,2022-09-18
0,2,0,2,0,Bertie,2022-09-24
0,1,0,1,0,Bertie,2022-09-25
0,1,0,1,0,Bertie,2022-09-28
0,1,0,1,0,Bertie,2022-10-01
0,2,0,2,0,Bertie,2022-10-06
0,4,0,4,0,Bertie,2022-10-11
0,1,0,1,0,Bertie,2022-10-15
0,2,0,2,0,Bertie,2022-10-16
0,2,0,2,0,Bertie,2022-10-17
0,3,0,3,0,Bertie,2022-10-20
0,2,0,2,0,Bertie,2022-10-21
0,1,0,1,0,Bertie,2022-10-22
0,1,0,1,0,Bertie,2022-10-23
0,3,0,3,0,Bertie,2022-10-27
0,1,0,1,0,Bertie,2022-10-29
0,2,0,2,0,Bertie,2022-10-30
0,3,0,3,0,Bertie,2022-10-31
0,1,0,1,0,Bertie,2022-11-04
0,2,0,2,0,Bertie,2022-11-06
0,2,0,2,0,Bertie,2022-11-08
0,3,0,3,0,Bertie,2022-11-12
0,2,0,2,0,Bertie,2022-11-15
0,3,0,3,0,Bertie,2022-12-01
0,1,0,1,0,Bertie,2022-12-03
0,3,0,3,0,Bertie,2022-12-10
0,1,0,1,0,Bertie,2022-12-16
0,1,0,1,0,Bertie,2022-12-17
0,4,0,4,0,Bertie,2022-12-19
0,3,0,3,0,Bertie,2022-12-21
0,5,0,5,0,Bertie,2022-12-23
0,1,0,1,0,Bertie,2022-12-25
0,3,0,3,0,Bertie,2023-01-01
0,5,0,5,0,Bertie,2023-01-06
0,1,0,1,0,Bertie,2023-01-07
0,1,0,1,0,Bertie,2023-01-08
0,1,0,1,0,Bertie,2023-01-21
0,1,0,1,0,Bertie,2023-01-23
0,3,0,3,0,Bertie,2023-01-24
0,1,0,1,0,Bertie,2023-01-25
0,1,0,1,0,Bertie,2023-01-28
0,1,0,1,0,Bertie,2023-02-05
0,2,0,2,0,Bertie,2023-02-07
0,1,0,1,0,Bertie,2023-02-12
0,2,0,2,0,Bertie,2023-02-14
0,3,0,3,0,Bertie,2023-02-16
0,1,0,1,0,Bertie,2023-02-19
0,1,0,1,0,Bertie,2023-02-21
0,1,0,1,0,Bertie,2023-02-22
0,2,0,2,0,Bertie,2023-02-26
0,1,0,1,0,Bertie,2023-02-27
0,3,0,3,0,Bertie,2023-03-01
0,1,0,1,0,Bertie,2023-03-04
0,1,0,1,0,Bertie,2023-03-05
0,1,0,1,0,Bertie,2023-03-09
0,3,0,3,0,Bladen,2022-09-17
0,7,0,7,0,Bladen,2022-09-23
0,1,0,1,0,Bladen,2022-09-25
0,3,0,3,0,Bladen,2022-10-05
0,1,0,1,0,Bladen,2022-10-06
0,2,0,2,0,Bladen,2022-10-08
0,2,0,2,0,Bladen,2022-10-18
0,3,0,3,0,Bladen,2022-10-21
0,1,0,1,0,Bladen,2022-10-25
0,1,0,1,0,Bladen,2022-10-30
0,1,0,1,0,Bladen,2022-11-04
0,2,0,2,0,Bladen,2022-11-12
0,2,0,2,0,Bladen,2022-11-14
0,2,0,2,0,Bladen,2022-11-19
0,1,0,1,0,Bladen,2022-11-23
0,1,0,1,0,Bladen,2022-11-24
0,4,0,4,0,Bladen,2022-12-02
0,2,0,2,0,Bladen,2022-12-03
0,2,0,2,0,Bladen,2022-12-10
0,3,0,3,0,Bladen,2022-12-31
0,2,0,2,0,Bladen,2023-02-05
0,1,0,1,0,Bladen,2023-02-26
0,3,0,3,0,Bladen,2023-03-01
0,1,0,1,0,Bladen,2023-03-03
0,1,0,1,0,Bladen,2023-03-04
0,1,0,1,0,Bladen,2023-03-05
0,1,0,1,0,Bladen,2023-03-08
0,9,0,9,0,Brunswick,2022-11-20
0,2,0,2,0,Brunswick,2023-02-11
0,4,0,4,0,Brunswick,2023-02-22
0,2,0,2,0,Brunswick,2023-03-05
0,4,0,4,0,Brunswick,2023-03-09
0,2,0,2,0,Brunswick,2023-03-11
0,7,0,7,0,Burke,2022-10-02
0,13,0,13,0,Burke,2022-10-07
0,7,0,7,0,Burke,2022-10-09
0,5,0,5,0,Burke,2022-10-15
0,5,0,5,0,Burke,2022-10-22
0,5,0,5,0,Burke,2022-11-17
0,3,0,3,0,Burke,2022-11-20
0,2,0,2,0,Burke,2022-11-24
0,3,0,3,0,Burke,2023-01-29
0,2,0,2,0,Burke,2023-03-01
0,4,0,4,0,Burke,2023-03-04
0,5,0,5,0,Cabarrus,2023-03-11
0,6,0,6,0,Caldwell,2022-11-18
0,4,0,4,0,Caldwell,2022-11-24
0,2,0,2,0,Caldwell,2023-03-07
0,2,0,2,0,Camden,2022-09-13
0,1,0,1,0,Camden,2022-09-14
0,1,0,1,0,Camden,2022-09-15
0,1,0,1,0,Camden,2022-09-17
0,1,0,1,0,Camden,2022-09-21
0,1,0,1,0,Camden,2022-09-24
0,1,0,1,0,Camden,2022-10-12
0,2,0,2,0,Camden,2022-10-13
0,1,0,1,0,Camden,2022-10-14
0,1,0,1,0,Camden,2022-10-24
0,1,0,1,0,Camden,2022-10-25
0,1,0,1,0,Camden,2022-10-31
0,1,0,1,0,Camden,2022-11-12
0,1,0,1,0,Camden,2022-12-11
0,2,0,2,0,Camden,2022-12-25
0,2,0,2,0,Camden,2022-12-26
0,3,0,3,0,Camden,2022-12-30
0,1,0,1,0,Camden,2023-01-03
0,1,0,1,0,Camden,2023-01-06
0,1,0,1,0,Camden,2023-01-11
0,1,0,1,0,Camden,2023-01-22
0,1,0,1,0,Camden,2023-02-03
0,1,0,1,0,Camden,2023-02-04
0,1,0,1,0,Camden,2023-02-06
0,1,0,1,0,Camden,2023-03-04
0,1,0,1,0,Camden,2023-03-07
0,1,0,1,0,Camden,2023-03-09
0,4,0,4,0,Carteret,2022-10-28
0,3,0,3,0,Carteret,2022-11-19
0,1,0,1,0,Carteret,2022-11-20
0,1,0,1,0,Carteret,2022-11-24
0,2,0,2,0,Carteret,2022-11-26
0,3,0,3,0,Carteret,2023-01-07
0,4,0,4,0,Carteret,2023-02-23
0,1,0,1,0,Carteret,2023-03-08
0,2,0,2,0,Carteret,2023-03-09
0,1,0,1,0,Carteret,2023-03-11
0,2,0,2,0,Caswell,2022-09-14
0,2,0,2,0,Caswell,2022-09-18
0,9,0,9,0,Caswell,2022-09-23
0,1,0,1,0,Caswell,2022-09-25
0,2,0,2,0,Caswell,2022-09-28
0,3,0,3,0,Caswell,2022-09-29
0,1,0,1,0,Caswell,2022-09-30
0,3,0,3,0,Caswell,2022-10-01
0,1,0,1,0,Caswell,2022-10-02
0,1,0,1,0,Caswell,2022-10-04
0,2,0,2,0,Caswell,2022-10-06
0,2,0,2,0,Caswell,2022-10-09
0,3,0,3,0,Caswell,2022-10-17
0,3,0,3,0,Caswell,2022-10-19
0,1,0,1,0,Caswell,2022-10-20
0,4,0,4,0,Caswell,2022-10-25
0,3,0,3,0,Caswell,2022-10-26
0,5,0,5,0,Caswell,2022-11-01
0,2,0,2,0,Caswell,2022-11-06
0,1,0,1,0,Caswell,2022-11-11
0,2,0,2,0,Caswell,2022-11-15
0,1,0,1,0,Caswell,2022-11-19
0,4,0,4,0,Caswell,2022-11-27
0,1,0,1,0,Caswell,2022-12-01
0,1,0,1,0,Caswell,2022-12-03
0,2,0,2,0,Caswell,2022-12-04
0,4,0,4,0,Caswell,2022-12-09
0,1,0,1,0,Caswell,2022-12-11
0,3,0,3,0,Caswell,2022-12-13
0,2,0,2,0,Caswell,2022-12-16
0,2,0,2,0,Caswell,2022-12-17
0,1,0,1,0,Caswell,2022-12-18
0,2,0,2,0,Caswell,2022-12-31
0,1,0,1,0,Caswell,2023-01-07
0,1,0,1,0,Caswell,2023-01-08
0,3,0,3,0,Caswell,2023-01-12
0,1,0,1,0,Caswell,2023-01-14
0,1,0,1,0,Caswell,2023-01-15
0,1,0,1,0,Caswell,2023-01-21
0,1,0,1,0,Caswell,2023-01-22
0,3,0,3,0,Caswell,2023-01-30
0,2,0,2,0,Caswell,2023-02-01
0,2,0,2,0,Caswell,2023-02-04
0,1,0,1,0,Caswell,2023-02-21
0,2,0,2,0,Caswell,2023-02-22
0,1,0,1,0,Caswell,2023-02-23
0,1,0,1,0,Caswell,2023-02-26
0,1,0,1,0,Caswell,2023-03-02
0,2,0,2,0,Caswell,2023-03-10
0,6,0,6,0,Chatham,2022-09-29
0,2,0,2,0,Chatham,2022-10-01
0,6,0,6,0,Chatham,2022-10-11
0,6,0,6,0,Chatham,2022-10-15
0,5,0,5,0,Chatham,2022-10-16
0,3,0,3,0,Chatham,2022-10-29
0,2,0,2,0,Chatham,2022-11-06
0,7,0,7,0,Chatham,2022-11-12
0,2,0,2,0,Chatham,2022-11-20
0,7,0,7,0,Chatham,2022-11-23
0,1,0,1,0,Chatham,2022-11-24
0,6,0,6,0,Chatham,2022-11-25
0,4,0,4,0,Chatham,2023-02-04
0,2,0,2,0,Chatham,2023-03-03
0,1,0,1,0,Chatham,2023-03-04
0,2,0,2,0,Chatham,2023-03-07
0,7,0,7,0,Chatham,2023-03-09
0,3,0,3,0,Chatham,2023-03-11
0,1,0,1,0,Cherokee,2022-09-24
0,1,0,1,0,Cherokee,2022-10-01
0,3,0,3,0,Cherokee,2022-10-07
0,1,0,1,0,Cherokee,2022-10-14
0,1,0,1,0,Cherokee,2022-10-15
0,2,0,2,0,Cherokee,2022-10-17
0,3,0,3,0,Cherokee,2022-10-21
0,4,0,4,0,Cherokee,2022-10-22
0,1,0,1,0,Cherokee,2022-10-30
0,1,0,1,0,Cherokee,2022-11-04
0,2,0,2,0,Cherokee,2022-11-05
0,1,0,1,0,Cherokee,2022-11-10
0,2,0,2,0,Cherokee,2022-11-12
0,5,0,5,0,Cherokee,2022-11-15
0,1,0,1,0,Cherokee,2022-11-19
0,4,0,4,0,Cherokee,2022-11-21
0,3,0,3,0,Cherokee,2022-11-23
0,2,0,2,0,Cherokee,2022-11-24
0,3,0,3,0,Cherokee,2022-11-26
0,1,0,1,0,Cherokee,2022-12-02
0,1,0,1,0,Cherokee,2022-12-03
0,4,0,4,0,Cherokee,2022-12-05
0,2,0,2,0,Cherokee,2022-12-09
0,2,0,2,0,Cherokee,2022-12-17
0,1,0,1,0,Cherokee,2022-12-27
0,9,0,9,0,Cherokee,2023-01-06
0,3,0,3,0,Cherokee,2023-01-28
0,3,0,3,0,Cherokee,2023-02-21
0,2,0,2,0,Cherokee,2023-02-23
0,1,0,1,0,Cherokee,2023-02-24
0,1,0,1,0,Cherokee,2023-03-01
0,1,0,1,0,Cherokee,2023-03-03
0,3,0,3,0,Cherokee,2023-03-08
0,2,0,2,0,Cherokee,2023-03-09
0,2,0,2,0,Chowan,2022-09-15
0,1,0,1,0,Chowan,2022-09-17
0,4,0,4,0,Chowan,2022-09-19
0,1,0,1,0,Chowan,2022-09-24
0,2,0,2,0,Chowan,2022-09-25
0,1,0,1,0,Chowan,2022-10-05
0,2,0,2,0,Chowan,2022-10-10
0,1,0,1,0,Chowan,2022-10-11
0,1,0,1,0,Chowan,2022-10-13
0,4,0,4,0,Chowan,2022-10-17
0,2,0,2,0,Chowan,2022-10-20
0,1,0,1,0,Chowan,2022-11-02
0,4,0,4,0,Chowan,2022-11-03
0,2,0,2,0,Chowan,2022-11-09
0,1,0,1,0,Chowan,2022-11-16
0,1,0,1,0,Chowan,2022-11-19
0,1,0,1,0,Chowan,2022-11-20
0,2,0,2,0,Chowan,2022-11-25
0,1,0,1,0,Chowan,2022-11-27
0,2,0,2,0,Chowan,2022-12-01
0,1,0,1,0,Chowan,2022-12-03
0,1,0,1,0,Chowan,2022-12-06
0,1,0,1,0,Chowan,2022-12-09
0,1,0,1,0,Chowan,2022-12-10
0,1,0,1,0,Chowan,2022-12-12
0,4,0,4,0,Chowan,2022-12-15
0,1,0,1,0,Chowan,2022-12-17
0,1,0,1,0,Chowan,2023-01-01
0,10,0,10,0,Chowan,2023-01-10
0,8,0,8,0,Chowan,2023-01-12
0,3,0,3,0,Chowan,2023-01-16
0,5,0,5,0,Chowan,2023-01-25
0,1,0,1,0,Chowan,2023-02-09
0,2,0,2,0,Chowan,2023-02-11
0,3,0,3,0,Chowan,2023-02-14
0,3,0,3,0,Chowan,2023-02-15
0,2,0,2,0,Chowan,2023-02-17
0,1,0,1,0,Chowan,2023-02-18
0,1,0,1,0,Chowan,2023-02-23
0,1,0,1,0,Chowan,2023-02-26
0,1,0,1,0,Chowan,2023-03-01
0,2,0,2,0,Chowan,2023-03-02
0,1,0,1,0,Chowan,2023-03-09
0,1,0,1,0,Chowan,2023-03-10
0,1,0,1,0,Clay,2022-09-14
0,1,0,1,0,Clay,2022-09-17
0,1,0,1,0,Clay,2022-09-29
0,1,0,1,0,Clay,2022-10-01
0,1,0,1,0,Clay,2022-10-04
0,3,0,3,0,Clay,2022-10-07
0,1,0,1,0,Clay,2022-10-08
0,3,0,3,0,Clay,2022-10-12
0,1,0,1,0,Clay,2022-10-13
0,1,0,1,0,Clay,2022-10-14
0,2,0,2,0,Clay,2022-10-22
0,2,0,2,0,Clay,2022-10-23
0,1,0,1,0,Clay,2022-10-25
0,1,0,1,0,Clay,2022-10-28
0,1,0,1,0,Clay,2022-10-29
0,1,0,1,0,Clay,2022-11-04
0,1,0,1,0,Clay,2022-11-05
0,2,0,2,0,Clay,2022-11-06
0,1,0,1,0,Clay,2022-11-09
0,1,0,1,0,Clay,2022-11-11
0,1,0,1,0,Clay,2022-11-21
0,4,0,4,0,Clay,2022-11-27
0,1,0,1,0,Clay,2022-12-01
0,1,0,1,0,Clay,2022-12-02
0,1,0,1,0,Clay,2022-12-03
0,3,0,3,0,Clay,2022-12-06
0,2,0,2,0,Clay,2022-12-07
0,1,0,1,0,Clay,2022-12-09
0,1,0,1,0,Clay,2022-12-10
0,1,0,1,0,Clay,2022-12-12
0,5,0,5,0,Clay,2022-12-14
0,2,0,2,0,Clay,2022-12-17
0,4,0,4,0,Clay,2022-12-22
0,2,0,2,0,Clay,2023-01-01
0,2,0,2,0,Clay,2023-01-03
0,3,0,3,0,Clay,2023-01-06
0,1,0,1,0,Clay,2023-01-07
0,1,0,1,0,Clay,2023-01-09
0,3,0,3,0,Clay,2023-01-12
0,1,0,1,0,Clay,2023-01-21
0,1,0,1,0,Clay,2023-01-22
0,1,0,1,0,Clay,2023-02-07
0,1,0,1,0,Clay,2023-02-09
0,3,0,3,0,Clay,2023-02-11
0,2,0,2,0,Clay,2023-02-12
0,1,0,1,0,Clay,2023-02-14
0,1,0,1,0,Clay,2023-02-15
0,1,0,1,0,Clay,2023-02-22
0,1,0,1,0,Clay,2023-02-26
0,1,0,1,0,Clay,2023-02-28
0,2,0,2,0,Cleveland,2022-10-16
0,8,0,8,0,Cleveland,2022-11-11
0,4,0,4,0,Cleveland,2022-11-12
0,1,0,1,0,Cleveland,2022-11-13
0,1,0,1,0,Cleveland,2022-11-24
0,3,0,3,0,Cleveland,2023-02-12
0,1,0,1,0,Cleveland,2023-02-18
0,2,0,2,0,Columbus,2022-09-25
0,5,0,5,0,Columbus,2022-10-08
0,1,0,1,0,Columbus,2022-10-15
0,2,0,2,0,Columbus,2022-10-16
0,2,0,2,0,Columbus,2022-10-19
0,1,0,1,0,Columbus,2022-10-23
0,5,0,5,0,Columbus,2022-11-01
0,2,0,2,0,Columbus,2022-11-13
0,4,0,4,0,Columbus,2022-11-20
0,2,0,2,0,Columbus,2022-11-22
0,2,0,2,0,Columbus,2022-12-24
0,2,0,2,0,Columbus,2023-01-21
0,2,0,2,0,Columbus,2023-01-29
0,2,0,2,0,Columbus,2023-02-05
0,1,0,1,0,Columbus,2023-02-24
0,3,0,3,0,Columbus,2023-03-02
0,2,0,2,0,Columbus,2023-03-06
0,2,0,2,0,Columbus,2023-03-08
0,5,0,5,0,Craven,2022-11-18
0,3,0,3,0,Craven,2022-11-24
0,7,0,7,0,Craven,2022-11-27
0,5,0,5,0,Craven,2023-02-19
0,3,0,3,0,Craven,2023-02-27
0,1,0,1,0,Craven,2023-03-04
0,4,0,4,0,Currituck,2022-09-16
0,3,0,3,0,Currituck,2022-09-18
0,1,0,1,0,Currituck,2022-09-19
0,1,0,1,0,Currituck,2022-09-25
0,4,0,4,0,Currituck,2022-09-28
0,5,0,5,0,Currituck,2022-09-29
0,3,0,3,0,Currituck,2022-10-03
0,1,0,1,0,Currituck,2022-10-04
0,1,0,1,0,Currituck,2022-10-06
0,2,0,2,0,Currituck,2022-10-07
0,2,0,2,0,Currituck,2022-10-28
0,2,0,2,0,Currituck,2022-10-31
0,2,0,2,0,Currituck,2022-11-10
0,2,0,2,0,Currituck,2022-11-13
0,1,0,1,0,Currituck,2022-11-14
0,1,0,1,0,Currituck,2022-11-17
0,1,0,1,0,Currituck,2022-11-20
0,1,0,1,0,Currituck,2022-11-21
0,1,0,1,0,Currituck,2022-11-23
0,4,0,4,0,Currituck,2022-11-30
0,1,0,1,0,Currituck,2022-12-01
0,1,0,1,0,Currituck,2022-12-03
0,2,0,2,0,Currituck,2022-12-04
0,1,0,1,0,Currituck,2022-12-06
0,3,0,3,0,Currituck,2022-12-07
0,1,0,1,0,Currituck,2022-12-10
0,1,0,1,0,Currituck,2022-12-11
0,1,0,1,0,Currituck,2022-12-13
0,3,0,3,0,Currituck,2022-12-14
0,3,0,3,0,Currituck,2022-12-16
0,4,0,4,0,Currituck,2022-12-17
0,1,0,1,0,Currituck,2022-12-23
0,1,0,1,0,Currituck,2022-12-24
0,2,0,2,0,Currituck,2022-12-25
0,7,0,7,0,Currituck,2022-12-26
0,2,0,2,0,Currituck,2022-12-28
0,4,0,4,0,Currituck,2022-12-31
0,1,0,1,0,Currituck,2023-01-03
0,2,0,2,0,Currituck,2023-01-07
0,1,0,1,0,Currituck,2023-01-08
0,3,0,3,0,Currituck,2023-01-10
0,1,0,1,0,Currituck,2023-01-11
0,2,0,2,0,Currituck,2023-01-16
0,1,0,1,0,Currituck,2023-01-22
0,2,0,2,0,Currituck,2023-01-30
0,2,0,2,0,Currituck,2023-01-31
0,2,0,2,0,Currituck,2023-02-05
0,2,0,2,0,Currituck,2023-02-14
0,1,0,1,0,Currituck,2023-02-19
0,2,0,2,0,Currituck,2023-02-21
0,1,0,1,0,Currituck,2023-02-22
0,3,0,3,0,Currituck,2023-02-28
0,4,0,4,0,Dare,2022-09-15
0,3,0,3,0,Dare,2022-09-20
0,4,0,4,0,Dare,2022-09-22
0,1,0,1,0,Dare,2022-09-24
0,6,0,6,0,Dare,2022-09-25
0,7,0,7,0,Dare,2022-09-26
0,7,0,7,0,Dare,2022-09-28
0,3,0,3,0,Dare,2022-09-29
0,2,0,2,0,Dare,2022-09-30
0,8,0,8,0,Dare,2022-10-01
0,4,0,4,0,Dare,2022-10-06
0,5,0,5,0,Dare,2022-10-07
0,5,0,5,0,Dare,2022-10-08
0,3,0,3,0,Dare,2022-10-10
0,2,0,2,0,Dare,2022-10-12
0,6,0,6,0,Dare,2022-10-14
0,4,0,4,0,Dare,2022-10-15
0,3,0,3,0,Dare,2022-10-19
0,4,0,4,0,Dare,2022-10-22
0,7,0,7,0,Dare,2022-10-24
0,6,0,6,0,Dare,2022-10-26
0,1,0,1,0,Dare,2022-10-28
0,6,0,6,0,Dare,2022-10-29
0,3,0,3,0,Dare,2022-10-30
0,8,0,8,0,Dare,2022-11-01
0,2,0,2,0,Dare,2022-11-03
0,1,0,1,0,Dare,2022-11-05
0,1,0,1,0,Dare,2022-11-06
0,3,0,3,0,Dare,2022-11-10
0,3,0,3,0,Dare,2022-11-12
0,2,0,2,0,Dare,2022-11-13
0,1,0,1,0,Dare,2022-11-14
0,1,0,1,0,Dare,2022-11-15
0,4,0,4,0,Dare,2022-11-17
0,5,0,5,0,Dare,2022-11-22
0,3,0,3,0,Dare,2022-11-25
0,2,0,2,0,Dare,2022-11-26
0,4,0,4,0,Dare,2022-11-29
0,2,0,2,0,Dare,2022-12-02
0,3,0,3,0,Dare,2022-12-05
0,2,0,2,0,Dare,2022-12-06
0,4,0,4,0,Dare,2022-12-08
0,8,0,8,0,Dare,2022-12-11
0,5,0,5,0,Dare,2023-01-08
0,4,0,4,0,Dare,2023-01-11
0,4,0,4,0,Dare,2023-01-12
0,1,0,1,0,Dare,2023-01-14
0,5,0,5,0,Dare,2023-01-15
0,4,0,4,0,Dare,2023-01-22
0,11,0,11,0,Dare,2023-01-27
0,5,0,5,0,Dare,2023-01-29
0,5,0,5,0,Dare,2023-01-31
0,4,0,4,0,Dare,2023-02-05
0,7,0,7,0,Dare,2023-02-06
0,7,0,7,0,Dare,2023-02-09
0,6,0,6,0,Dare,2023-02-11
0,2,0,2,0,Dare,2023-02-17
0,3,0,3,0,Dare,2023-02-23
0,2,0,2,0,Dare,2023-02-25
0,2,0,2,0,Dare,2023-02-28
0,4,0,4,0,Dare,2023-03-02
0,4,0,4,0,Dare,2023-03-04
0,1,0,1,0,Dare,2023-03-09
0,1,0,1,0,Dare,2023-03-11
0,4,0,4,0,Davidson,2022-11-06
0,2,0,2,0,Davidson,2023-02-26
0,5,0,5,0,Davidson,2023-03-11
0,2,0,2,0,Davie,2022-09-24
0,4,0,4,0,Davie,2022-10-01
0,3,0,3,0,Davie,2022-10-09
0,4,0,4,0,Davie,2022-10-29
0,1,0,1,0,Davie,2022-10-30
0,3,0,3,0,Davie,2022-11-15
0,2,0,2,0,Davie,2022-11-16
0,1,0,1,0,Davie,2022-11-18
0,4,0,4,0,Davie,2022-11-26
0,2,0,2,0,Davie,2023-02-03
0,1,0,1,0,Davie,2023-02-18
0,5,0,5,0,Davie,2023-03-09
0,3,0,3,0,Duplin,2022-09-18
0,3,0,3,0,Duplin,2022-09-25
0,2,0,2,0,Duplin,2022-10-08
0,1,0,1,0,Duplin,2022-10-15
0,3,0,3,0,Duplin,2022-10-17
0,1,0,1,0,Duplin,2022-10-23
0,3,0,3,0,Duplin,2022-10-29
0,3,0,3,0,Duplin,2022-10-30
0,1,0,1,0,Duplin,2022-11-05
0,1,0,1,0,Duplin,2022-11-06
0,1,0,1,0,Duplin,2022-11-13
0,2,0,2,0,Duplin,2022-11-15
0,2,0,2,0,Duplin,2022-11-19
0,1,0,1,0,Duplin,2022-11-20
0,1,0,1,0,Duplin,2022-11-24
0,2,0,2,0,Duplin,2022-11-27
0,1,0,1,0,Duplin,2022-12-03
0,1,0,1,0,Duplin,2022-12-04
0,1,0,1,0,Duplin,2022-12-10
0,2,0,2,0,Duplin,2022-12-11
0,3,0,3,0,Duplin,2023-01-22
0,7,0,7,0,Duplin,2023-01-29
0,4,0,4,0,Duplin,2023-02-19
0,1,0,1,0,Duplin,2023-02-26
0,1,0,1,0,Duplin,2023-03-03
0,3,0,3,0,Duplin,2023-03-04
0,1,0,1,0,Duplin,2023-03-05
0,1,0,1,0,Duplin,2023-03-08
0,2,0,2,0,Duplin,2023-03-09
0,3,0,3,0,Edgecombe,2022-09-24
0,6,0,6,0,Edgecombe,2022-10-07
0,2,0,2,0,Edgecombe,2022-10-16
0,6,0,6,0,Edgecombe,2022-10-18
0,6,0,6,0,Edgecombe,2022-10-19
0,2,0,2,0,Edgecombe,2022-10-23
0,2,0,2,0,Edgecombe,2022-10-28
0,2,0,2,0,Edgecombe,2022-10-29
0,3,0,3,0,Edgecombe,2022-10-30
0,3,0,3,0,Edgecombe,2022-11-02
0,3,0,3,0,Edgecombe,2022-11-03
0,2,0,2,0,Edgecombe,2022-11-05
0,1,0,1,0,Edgecombe,2022-11-06
0,1,0,1,0,Edgecombe,2022-11-12
0,1,0,1,0,Edgecombe,2022-11-15
0,2,0,2,0,Edgecombe,2022-11-17
0,1,0,1,0,Edgecombe,2022-11-18
0,2,0,2,0,Edgecombe,2022-11-25
0,1,0,1,0,Edgecombe,2022-11-27
0,7,0,7,0,Edgecombe,2022-12-09
0,4,0,4,0,Edgecombe,2022-12-10
0,4,0,4,0,Edgecombe,2023-01-22
0,3,0,3,0,Edgecombe,2023-02-11
0,10,0,10,0,Edgecombe,2023-02-16
0,4,0,4,0,Edgecombe,2023-02-17
0,3,0,3,0,Edgecombe,2023-02-18
0,5,0,5,0,Edgecombe,2023-02-27
0,2,0,2,0,Edgecombe,2023-03-02
0,4,0,4,0,Edgecombe,2023-03-03
0,1,0,1,0,Edgecombe,2023-03-06
0,1,0,1,0,Edgecombe,2023-03-09
0,1,0,1,0,Edgecombe,2023-03-10
0,13,0,13,0,Franklin,2022-10-06
0,4,0,4,0,Franklin,2022-10-08
0,5,0,5,0,Franklin,2022-10-30
0,2,0,2,0,Franklin,2022-11-17
0,1,0,1,0,Franklin,2022-11-24
0,4,0,4,0,Franklin,2023-02-24
0,3,0,3,0,Franklin,2023-03-01
0,2,0,2,0,Franklin,2023-03-03
0,1,0,1,0,Franklin,2023-03-04
0,1,0,1,0,Franklin,2023-03-05
0,1,0,1,0,Gates,2022-09-19
0,1,0,1,0,Gates,2022-09-22
0,1,0,1,0,Gates,2022-09-23
0,2,0,2,0,Gates,2022-09-26
0,1,0,1,0,Gates,2022-09-27
0,1,0,1,0,Gates,2022-10-03
0,1,0,1,0,Gates,2022-10-05
0,2,0,2,0,Gates,2022-10-06
0,1,0,1,0,Gates,2022-10-09
0,1,0,1,0,Gates,2022-10-15
0,1,0,1,0,Gates,2022-10-18
0,2,0,2,0,Gates,2022-10-22
0,1,0,1,0,Gates,2022-10-26
0,1,0,1,0,Gates,2022-10-31
0,2,0,2,0,Gates,2022-11-01
0,1,0,1,0,Gates,2022-11-03
0,1,0,1,0,Gates,2022-11-04
0,2,0,2,0,Gates,2022-11-05
0,1,0,1,0,Gates,2022-11-08
0,1,0,1,0,Gates,2022-11-13
0,2,0,2,0,Gates,2022-11-15
0,1,0,1,0,Gates,2022-11-17
0,1,0,1,0,Gates,2022-11-20
0,1,0,1,0,Gates,2022-11-21
0,1,0,1,0,Gates,2022-12-04
0,2,0,2,0,Gates,2022-12-11
0,2,0,2,0,Gates,2022-12-12
0,2,0,2,0,Gates,2022-12-16
0,1,0,1,0,Gates,2022-12-22
0,2,0,2,0,Gates,2022-12-24
0,1,0,1,0,Gates,2022-12-26
0,1,0,1,0,Gates,2023-01-02
0,3,0,3,0,Gates,2023-01-11
0,1,0,1,0,Gates,2023-01-13
0,1,0,1,0,Gates,2023-01-15
0,1,0,1,0,Gates,2023-01-17
0,2,0,2,0,Gates,2023-02-10
0,2,0,2,0,Gates,2023-02-11
0,1,0,1,0,Gates,2023-02-12
0,1,0,1,0,Gates,2023-02-14
0,1,0,1,0,Gates,2023-02-15
0,1,0,1,0,Gates,2023-02-18
0,1,0,1,0,Gates,2023-02-22
0,1,0,1,0,Gates,2023-02-25
0,1,0,1,0,Graham,2022-09-25
0,1,0,1,0,Graham,2022-10-01
0,1,0,1,0,Graham,2022-10-07
0,2,0,2,0,Graham,2022-10-22
0,1,0,1,0,Graham,2022-10-24
0,2,0,2,0,Graham,2022-10-29
0,2,0,2,0,Graham,2022-10-30
0,1,0,1,0,Graham,2022-11-17
0,1,0,1,0,Graham,2022-11-18
0,1,0,1,0,Graham,2022-12-24
0,1,0,1,0,Graham,2023-01-07
0,1,0,1,0,Graham,2023-01-18
0,1,0,1,0,Graham,2023-01-27
0,1,0,1,0,Graham,2023-01-31
0,1,0,1,0,Graham,2023-02-05
0,1,0,1,0,Graham,2023-02-13
0,1,0,1,0,Graham,2023-02-14
0,2,0,2,0,Graham,2023-02-15
0,1,0,1,0,Graham,2023-03-01
0,12,0,12,0,Granville,2022-09-17
0,4,0,4,0,Granville,2022-10-15
0,2,0,2,0,Granville,2022-11-05
0,5,0,5,0,Granville,2022-11-08
0,2,0,2,0,Granville,2022-11-13
0,8,0,8,0,Granville,2022-11-17
0,1,0,1,0,Granville,2022-11-24
0,2,0,2,0,Granville,2022-12-06
0,1,0,1,0,Greene,2022-09-24
0,5,0,5,0,Greene,2022-09-29
0,2,0,2,0,Greene,2022-09-30
0,1,0,1,0,Greene,2022-10-01
0,1,0,1,0,Greene,2022-10-02
0,3,0,3,0,Greene,2022-10-04
0,1,0,1,0,Greene,2022-10-08
0,1,0,1,0,Greene,2022-10-11
0,1,0,1,0,Greene,2022-10-18
0,2,0,2,0,Greene,2022-10-20
0,1,0,1,0,Greene,2022-10-23
0,1,0,1,0,Greene,2022-10-24
0,2,0,2,0,Greene,2022-11-02
0,1,0,1,0,Greene,2022-11-11
0,1,0,1,0,Greene,2022-11-13
0,1,0,1,0,Greene,2022-11-17
0,2,0,2,0,Greene,2022-11-22
0,1,0,1,0,Greene,2022-12-02
0,1,0,1,0,Greene,2022-12-03
0,2,0,2,0,Greene,2022-12-10
0,1,0,1,0,Greene,2022-12-25
0,4,0,4,0,Greene,2023-01-20
0,2,0,2,0,Greene,2023-01-25
0,2,0,2,0,Greene,2023-01-26
0,1,0,1,0,Greene,2023-01-27
0,8,0,8,0,Greene,2023-01-30
0,1,0,1,0,Greene,2023-02-05
0,1,0,1,0,Greene,2023-02-15
0,1,0,1,0,Greene,2023-02-25
0,2,0,2,0,Greene,2023-02-27
0,2,0,2,0,Greene,2023-03-01
0,1,0,1,0,Greene,2023-03-07
0,1,0,1,0,Greene,2023-03-09
0,1,0,1,0,Halifax,2022-10-23
0,4,0,4,0,Halifax,2022-10-29
0,5,0,5,0,Halifax,2022-10-30
0,3,0,3,0,Halifax,2022-11-06
0,6,0,6,0,Halifax,2022-11-08
0,1,0,1,0,Halifax,2022-11-17
0,2,0,2,0,Halifax,2022-11-19
0,1,0,1,0,Halifax,2022-11-24
0,1,0,1,0,Halifax,2022-11-27
0,1,0,1,0,Halifax,2023-01-15
0,3,0,3,0,Halifax,2023-03-05
0,2,0,2,0,Halifax,2023-03-08
0,2,0,2,0,Halifax,2023-03-11
0,5,0,5,0,Harnett,2022-10-16
0,4,0,4,0,Harnett,2022-10-22
0,3,0,3,0,Haywood,2022-10-21
0,2,0,2,0,Haywood,2022-10-22
0,5,0,5,0,Haywood,2022-11-18
0,4,0,4,0,Haywood,2022-11-19
0,3,0,3,0,Haywood,2023-01-14
0,3,0,3,0,Haywood,2023-02-04
0,2,0,2,0,Haywood,2023-02-12
0,1,0,1,0,Haywood,2023-02-19
0,4,0,4,0,Haywood,2023-03-05
0,1,0,1,0,Haywood,2023-03-06
0,2,0,2,0,Henderson,2023-02-25
0,3,0,3,0,Hertford,2022-09-18
0,4,0,4,0,Hertford,2022-10-08
0,2,0,2,0,Hertford,2022-10-09
0,2,0,2,0,Hertford,2022-10-12
0,2,0,2,0,Hertford,2022-10-14
0,1,0,1,0,Hertford,2022-10-19
0,1,0,1,0,Hertford,2022-10-20
0,2,0,2,0,Hertford,2022-10-22
0,1,0,1,0,Hertford,2022-10-25
0,2,0,2,0,Hertford,2022-10-29
0,2,0,2,0,Hertford,2022-11-01
0,1,0,1,0,Hertford,2022-11-04
0,2,0,2,0,Hertford,2022-11-11
0,2,0,2,0,Hertford,2022-11-12
0,1,0,1,0,Hertford,2022-11-18
0,2,0,2,0,Hertford,2022-11-25
0,1,0,1,0,Hertford,2022-11-27
0,1,0,1,0,Hertford,2022-12-11
0,1,0,1,0,Hertford,2022-12-18
0,3,0,3,0,Hertford,2023-01-19
0,1,0,1,0,Hertford,2023-01-21
0,1,0,1,0,Hertford,2023-01-27
0,1,0,1,0,Hertford,2023-02-05
0,3,0,3,0,Hertford,2023-02-16
0,1,0,1,0,Hertford,2023-02-21
0,1,0,1,0,Hertford,2023-02-24
0,1,0,1,0,Hertford,2023-02-28
0,1,0,1,0,Hertford,2023-03-03
0,2,0,2,0,Hertford,2023-03-08
0,1,0,1,0,Hertford,2023-03-10
0,5,0,5,0,Hoke,2022-10-23
0,6,0,6,0,Hoke,2022-11-08
0,4,0,4,0,Hoke,2022-11-14
0,2,0,2,0,Hoke,2022-11-18
0,2,0,2,0,Hoke,2022-11-24
0,7,0,7,0,Hoke,2022-12-11
0,4,0,4,0,Hoke,2023-01-18
0,4,0,4,0,Hoke,2023-03-03
0,2,0,2,0,Hoke,2023-03-04
0,3,0,3,0,Hoke,2023-03-07
0,3,0,3,0,Hoke,2023-03-09
0,3,0,3,0,Hoke,2023-03-11
0,1,0,1,0,Hyde,2022-09-16
0,1,0,1,0,Hyde,2022-09-22
0,1,0,1,0,Hyde,2022-09-24
0,1,0,1,0,Hyde,2022-09-25
0,4,0,4,0,Hyde,2022-09-26
0,2,0,2,0,Hyde,2022-09-27
0,2,0,2,0,Hyde,2022-09-28
0,1,0,1,0,Hyde,2022-09-29
0,1,0,1,0,Hyde,2022-10-01
0,1,0,1,0,Hyde,2022-10-02
0,1,0,1,0,Hyde,2022-10-05
0,1,0,1,0,Hyde,2022-10-07
0,1,0,1,0,Hyde,2022-10-10
0,1,0,1,0,Hyde,2022-10-17
0,2,0,2,0,Hyde,2022-10-26
0,1,0,1,0,Hyde,2022-10-27
0,1,0,1,0,Hyde,2022-10-30
0,1,0,1,0,Hyde,2022-11-02
0,1,0,1,0,Hyde,2022-11-04
0,1,0,1,0,Hyde,2022-11-07
0,1,0,1,0,Hyde,2022-11-21
0,1,0,1,0,Hyde,2022-11-24
0,2,0,2,0,Hyde,2022-12-09
0,1,0,1,0,Hyde,2022-12-19
0,1,0,1,0,Hyde,2022-12-24
0,2,0,2,0,Hyde,2022-12-29
0,1,0,1,0,Hyde,2022-12-30
0,2,0,2,0,Hyde,2022-12-31
0,1,0,1,0,Hyde,2023-01-03
0,1,0,1,0,Hyde,2023-01-05
0,1,0,1,0,Hyde,2023-01-07
0,3,0,3,0,Hyde,2023-01-09
0,1,0,1,0,Hyde,2023-01-16
0,2,0,2,0,Hyde,2023-01-17
0,1,0,1,0,Hyde,2023-01-19
0,1,0,1,0,Hyde,2023-01-22
0,2,0,2,0,Hyde,2023-01-23
0,1,0,1,0,Hyde,2023-01-24
0,1,0,1,0,Hyde,2023-01-25
0,1,0,1,0,Hyde,2023-01-27
0,2,0,2,0,Hyde,2023-01-31
0,1,0,1,0,Hyde,2023-02-01
0,2,0,2,0,Hyde,2023-02-02
0,1,0,1,0,Hyde,2023-02-05
0,1,0,1,0,Hyde,2023-02-08
0,1,0,1,0,Hyde,2023-02-15
0,1,0,1,0,Hyde,2023-02-17
0,5,0,5,0,Jackson,2022-09-17
0,1,0,1,0,Jackson,2022-10-14
0,3,0,3,0,Jackson,2022-10-15
0,3,0,3,0,Jackson,2022-10-22
0,2,0,2,0,Jackson,2022-10-26
0,4,0,4,0,Jackson,2022-10-30
0,2,0,2,0,Jackson,2022-11-14
0,1,0,1,0,Jackson,2022-11-16
0,2,0,2,0,Jackson,2022-11-17
0,1,0,1,0,Jackson,2022-11-24
0,2,0,2,0,Jackson,2022-11-26
0,3,0,3,0,Jackson,2022-11-28
0,4,0,4,0,Jackson,2022-12-01
0,3,0,3,0,Jackson,2022-12-03
0,5,0,5,0,Jackson,2022-12-31
0,4,0,4,0,Jackson,2023-01-07
0,5,0,5,0,Jackson,2023-01-16
0,2,0,2,0,Jackson,2023-01-28
0,2,0,2,0,Jackson,2023-01-29
0,1,0,1,0,Jackson,2023-02-12
0,2,0,2,0,Jackson,2023-02-18
0,2,0,2,0,Jackson,2023-02-28
0,1,0,1,0,Jackson,2023-03-08
0,2,0,2,0,Jones,2022-09-28
0,1,0,1,0,Jones,2022-09-30
0,1,0,1,0,Jones,2022-10-05
0,1,0,1,0,Jones,2022-10-06
0,3,0,3,0,Jones,2022-10-08
0,3,0,3,0,Jones,2022-10-18
0,1,0,1,0,Jones,2022-10-20
0,1,0,1,0,Jones,2022-10-22
0,1,0,1,0,Jones,2022-10-25
0,1,0,1,0,Jones,2022-10-26
0,1,0,1,0,Jones,2022-10-30
0,1,0,1,0,Jones,2022-11-02
0,1,0,1,0,Jones,2022-11-12
0,1,0,1,0,Jones,2022-11-18
0,2,0,2,0,Jones,2022-12-05
0,1,0,1,0,Jones,2022-12-08
0,1,0,1,0,Jones,2022-12-10
0,2,0,2,0,Jones,2022-12-11
0,1,0,1,0,Jones,2022-12-17
0,2,0,2,0,Jones,2022-12-18
0,1,0,1,0,Jones,2023-01-02
0,3,0,3,0,Jones,2023-01-09
0,1,0,1,0,Jones,2023-01-13
0,1,0,1,0,Jones,2023-01-20
0,1,0,1,0,Jones,2023-01-21
0,1,0,1,0,Jones,2023-01-28
0,1,0,1,0,Jones,2023-01-29
0,1,0,1,0,Jones,2023-02-05
0,4,0,4,0,Jones,2023-02-08
0,1,0,1,0,Jones,2023-02-10
0,2,0,2,0,Jones,2023-02-22
0,1,0,1,0,Jones,2023-02-24
0,1,0,1,0,Jones,2023-03-08
0,1,0,1,0,Lee,2022-11-09
0,3,0,3,0,Lee,2022-11-14
0,2,0,2,0,Lee,2022-11-15
0,1,0,1,0,Lee,2022-11-20
0,5,0,5,0,Lee,2023-03-07
0,1,0,1,0,Lenoir,2022-10-08
0,4,0,4,0,Lenoir,2022-10-13
0,2,0,2,0,Lenoir,2022-10-23
0,3,0,3,0,Lenoir,2022-11-12
0,2,0,2,0,Lenoir,2022-11-17
0,1,0,1,0,Lenoir,2022-11-25
0,3,0,3,0,Lenoir,2023-01-28
0,3,0,3,0,Lenoir,2023-02-18
0,3,0,3,0,Lenoir,2023-02-19
0,1,0,1,0,Lenoir,2023-02-25
0,3,0,3,0,Lenoir,2023-03-01
0,5,0,5,0,Lenoir,2023-03-10
0,2,0,2,0,Lenoir,2023-03-11
0,5,0,5,0,Lincoln,2022-10-08
0,2,0,2,0,Lincoln,2022-10-30
0,10,0,10,0,Lincoln,2022-11-02
0,5,0,5,0,Lincoln,2022-11-12
0,4,0,4,0,Lincoln,2022-11-19
0,4,0,4,0,Lincoln,2022-12-25
0,4,0,4,0,Lincoln,2023-03-09
0,3,0,3,0,Macon,2022-09-18
0,5,0,5,0,Macon,2022-09-23
0,3,0,3,0,Macon,2022-09-25
0,1,0,1,0,Macon,2022-10-01
0,2,0,2,0,Macon,2022-10-07
0,1,0,1,0,Macon,2022-10-09
0,1,0,1,0,Macon,2022-10-11
0,4,0,4,0,Macon,2022-10-13
0,1,0,1,0,Macon,2022-10-16
0,4,0,4,0,Macon,2022-10-18
0,7,0,7,0,Macon,2022-10-20
0,4,0,4,0,Macon,2022-10-24
0,1,0,1,0,Macon,2022-10-25
0,2,0,2,0,Macon,2022-10-30
0,3,0,3,0,Macon,2022-11-03
0,2,0,2,0,Macon,2022-11-05
0,2,0,2,0,Macon,2022-11-06
0,2,0,2,0,Macon,2022-11-08
0,2,0,2,0,Macon,2022-11-09
0,1,0,1,0,Macon,2022-11-13
0,2,0,2,0,Macon,2022-11-15
0,1,0,1,0,Macon,2022-11-19
0,2,0,2,0,Macon,2022-11-24
0,4,0,4,0,Macon,2022-11-26
0,1,0,1,0,Macon,2022-11-27
0,2,0,2,0,Macon,2022-11-28
0,2,0,2,0,Macon,2022-11-29
0,2,0,2,0,Macon,2022-11-30
0,1,0,1,0,Macon,2022-12-04
0,3,0,3,0,Macon,2022-12-11
0,7,0,7,0,Macon,2022-12-18
0,3,0,3,0,Macon,2022-12-24
0,1,0,1,0,Macon,2022-12-25
0,4,0,4,0,Macon,2023-01-08
0,1,0,1,0,Macon,2023-01-14
0,1,0,1,0,Macon,2023-01-15
0,2,0,2,0,Macon,2023-01-19
0,2,0,2,0,Macon,2023-01-28
0,2,0,2,0,Macon,2023-01-29
0,2,0,2,0,Macon,2023-01-30
0,1,0,1,0,Macon,2023-01-31
0,2,0,2,0,Macon,2023-02-04
0,1,0,1,0,Macon,2023-02-07
0,2,0,2,0,Macon,2023-02-08
0,1,0,1,0,Macon,2023-02-09
0,1,0,1,0,Macon,2023-02-11
0,1,0,1,0,Macon,2023-02-13
0,3,0,3,0,Macon,2023-02-15
0,2,0,2,0,Macon,2023-02-16
0,1,0,1,0,Macon,2023-02-17
0,5,0,5,0,Macon,2023-02-24
0,2,0,2,0,Macon,2023-02-25
0,1,0,1,0,Macon,2023-03-01
0,3,0,3,0,Macon,2023-03-02
0,2,0,2,0,Macon,2023-03-09
0,1,0,1,0,Madison,2022-09-18
0,5,0,5,0,Madison,2022-10-03
0,3,0,3,0,Madison,2022-10-08
0,2,0,2,0,Madison,2022-10-09
0,1,0,1,0,Madison,2022-10-12
0,6,0,6,0,Madison,2022-10-19
0,1,0,1,0,Madison,2022-10-23
0,1,0,1,0,Madison,2022-10-29
0,1,0,1,0,Madison,2022-11-06
0,2,0,2,0,Madison,2022-11-07
0,2,0,2,0,Madison,2022-11-16
0,1,0,1,0,Madison,2022-11-27
0,1,0,1,0,Madison,2022-12-04
0,1,0,1,0,Madison,2022-12-18
0,1,0,1,0,Madison,2022-12-24
0,1,0,1,0,Madison,2023-01-05
0,1,0,1,0,Madison,2023-01-16
0,2,0,2,0,Madison,2023-01-22
0,2,0,2,0,Madison,2023-01-23
0,1,0,1,0,Madison,2023-01-24
0,1,0,1,0,Madison,2023-01-25
0,1,0,1,0,Madison,2023-01-31
0,1,0,1,0,Madison,2023-02-08
0,2,0,2,0,Madison,2023-02-10
0,1,0,1,0,Madison,2023-02-18
0,1,0,1,0,Madison,2023-03-06
0,2,0,2,0,Martin,2022-09-22
0,1,0,1,0,Martin,2022-09-24
0,2,0,2,0,Martin,2022-09-25
0,1,0,1,0,Martin,2022-09-30
0,2,0,2,0,Martin,2022-10-04
0,2,0,2,0,Martin,2022-10-06
0,1,0,1,0,Martin,2022-10-07
0,2,0,2,0,Martin,2022-10-11
0,2,0,2,0,Martin,2022-10-12
0,1,0,1,0,Martin,2022-10-14
0,1,0,1,0,Martin,2022-10-16
0,1,0,1,0,Martin,2022-10-18
0,1,0,1,0,Martin,2022-10-23
0,1,0,1,0,Martin,2022-10-26
0,1,0,1,0,Martin,2022-10-30
0,1,0,1,0,Martin,2022-11-01
0,2,0,2,0,Martin,2022-11-07
0,3,0,3,0,Martin,2022-11-08
0,1,0,1,0,Martin,2022-11-10
0,2,0,2,0,Martin,2022-11-14
0,3,0,3,0,Martin,2022-11-17
0,1,0,1,0,Martin,2022-11-18
0,1,0,1,0,Martin,2022-11-19
0,1,0,1,0,Martin,2022-11-23
0,1,0,1,0,Martin,2022-11-25
0,1,0,1,0,Martin,2022-11-28
0,2,0,2,0,Martin,2022-12-02
0,2,0,2,0,Martin,2022-12-03
0,1,0,1,0,Martin,2022-12-04
0,1,0,1,0,Martin,2022-12-06
0,2,0,2,0,Martin,2022-12-08
0,1,0,1,0,Martin,2022-12-10
0,2,0,2,0,Martin,2022-12-13
0,2,0,2,0,Martin,2022-12-15
0,1,0,1,0,Martin,2022-12-18
0,2,0,2,0,Martin,2022-12-19
0,4,0,4,0,Martin,2022-12-20
0,4,0,4,0,Martin,2022-12-21
0,1,0,1,0,Martin,2022-12-24
0,2,0,2,0,Martin,2022-12-30
0,1,0,1,0,Martin,2023-01-01
0,3,0,3,0,Martin,2023-01-06
0,1,0,1,0,Martin,2023-01-07
0,1,0,1,0,Martin,2023-01-08
0,1,0,1,0,Martin,2023-01-09
0,1,0,1,0,Martin,2023-01-11
0,3,0,3,0,Martin,2023-01-12
0,2,0,2,0,Martin,2023-01-22
0,2,0,2,0,Martin,2023-01-23
0,3,0,3,0,Martin,2023-01-24
0,1,0,1,0,Martin,2023-02-04
0,1,0,1,0,Martin,2023-02-05
0,1,0,1,0,Martin,2023-02-09
0,2,0,2,0,Martin,2023-02-13
0,2,0,2,0,Martin,2023-02-15
0,1,0,1,0,Martin,2023-02-18
0,1,0,1,0,Martin,2023-02-19
0,1,0,1,0,Martin,2023-02-20
0,1,0,1,0,Martin,2023-02-24
0,1,0,1,0,Martin,2023-03-05
0,1,0,1,0,Martin,2023-03-06
0,1,0,1,0,Martin,2023-03-07
0,1,0,1,0,McDowell,2022-09-24
0,8,0,8,0,McDowell,2022-10-07
0,4,0,4,0,McDowell,2022-10-15
0,3,0,3,0,McDowell,2022-10-24
0,3,0,3,0,McDowell,2022-10-30
0,7,0,7,0,McDowell,2022-11-05
0,2,0,2,0,McDowell,2022-11-07
0,1,0,1,0,McDowell,2022-11-16
0,1,0,1,0,McDowell,2022-11-20
0,7,0,7,0,McDowell,2022-12-04
0,4,0,4,0,McDowell,2022-12-13
0,2,0,2,0,McDowell,2023-02-12
0,3,0,3,0,McDowell,2023-02-19
0,4,0,4,0,McDowell,2023-02-20
0,3,0,3,0,McDowell,2023-02-22
0,3,0,3,0,McDowell,2023-02-25
0,2,0,2,0,McDowell,2023-03-01
0,1,0,1,0,McDowell,2023-03-06
0,1,0,1,0,Mitchell,2022-09-15
0,1,0,1,0,Mitchell,2022-09-21
0,1,0,1,0,Mitchell,2022-10-29
0,1,0,1,0,Mitchell,2022-10-30
0,1,0,1,0,Mitchell,2022-11-04
0,2,0,2,0,Mitchell,2022-11-07
0,1,0,1,0,Mitchell,2022-11-12
0,3,0,3,0,Mitchell,2022-11-15
0,2,0,2,0,Mitchell,2022-11-17
0,1,0,1,0,Mitchell,2022-11-18
0,1,0,1,0,Mitchell,2022-11-20
0,1,0,1,0,Mitchell,2022-11-21
0,1,0,1,0,Mitchell,2022-11-22
0,2,0,2,0,Mitchell,2022-11-25
0,1,0,1,0,Mitchell,2022-11-30
0,1,0,1,0,Mitchell,2022-12-03
0,1,0,1,0,Mitchell,2022-12-04
0,1,0,1,0,Mitchell,2022-12-09
0,2,0,2,0,Mitchell,2022-12-10
0,1,0,1,0,Mitchell,2022-12-18
0,2,0,2,0,Mitchell,2022-12-25
0,3,0,3,0,Mitchell,2022-12-31
0,1,0,1,0,Mitchell,2023-01-01
0,2,0,2,0,Mitchell,2023-01-02
0,1,0,1,0,Mitchell,2023-01-06
0,1,0,1,0,Mitchell,2023-01-10
0,2,0,2,0,Mitchell,2023-01-22
0,1,0,1,0,Mitchell,2023-02-01
0,1,0,1,0,Mitchell,2023-02-02
0,2,0,2,0,Mitchell,2023-02-05
0,2,0,2,0,Mitchell,2023-02-06
0,1,0,1,0,Mitchell,2023-02-07
0,1,0,1,0,Mitchell,2023-02-13
0,1,0,1,0,Mitchell,2023-02-14
0,2,0,2,0,Mitchell,2023-02-15
0,2,0,2,0,Mitchell,2023-02-18
0,1,0,1,0,Mitchell,2023-02-20
0,1,0,1,0,Mitchell,2023-02-22
0,1,0,1,0,Mitchell,2023-02-24
0,1,0,1,0,Mitchell,2023-02-28
0,1,0,1,0,Mitchell,2023-03-01
0,1,0,1,0,Mitchell,2023-03-03
0,1,0,1,0,Mitchell,2023-03-05
0,2,0,2,0,Montgomery,2022-09-18
0,5,0,5,0,Montgomery,2022-09-30
0,2,0,2,0,Montgomery,2022-10-02
0,1,0,1,0,Montgomery,2022-10-08
0,3,0,3,0,Montgomery,2022-10-12
0,1,0,1,0,Montgomery,2022-10-16
0,3,0,3,0,Montgomery,2022-10-18
0,1,0,1,0,Montgomery,2022-10-21
0,4,0,4,0,Montgomery,2022-10-26
0,2,0,2,0,Montgomery,2022-11-02
0,5,0,5,0,Montgomery,2022-11-04
0,1,0,1,0,Montgomery,2022-11-14
0,1,0,1,0,Montgomery,2022-11-18
0,1,0,1,0,Montgomery,2022-11-20
0,2,0,2,0,Montgomery,2022-11-26
0,2,0,2,0,Montgomery,2022-12-01
0,1,0,1,0,Montgomery,2022-12-06
0,3,0,3,0,Montgomery,2022-12-10
0,3,0,3,0,Montgomery,2022-12-15
0,3,0,3,0,Montgomery,2022-12-16
0,6,0,6,0,Montgomery,2023-01-17
0,5,0,5,0,Montgomery,2023-01-21
0,2,0,2,0,Montgomery,2023-01-25
0,3,0,3,0,Montgomery,2023-01-27
0,3,0,3,0,Montgomery,2023-01-28
0,4,0,4,0,Montgomery,2023-02-10
0,2,0,2,0,Montgomery,2023-02-15
0,2,0,2,0,Montgomery,2023-02-22
0,2,0,2,0,Montgomery,2023-02-24
0,1,0,1,0,Montgomery,2023-02-25
0,1,0,1,0,Montgomery,2023-02-26
0,1,0,1,0,Montgomery,2023-03-06
0,1,0,1,0,Moore,2022-11-24
0,2,0,2,0,Nash,2022-10-29
0,5,0,5,0,Nash,2022-11-01
0,4,0,4,0,Nash,2022-11-08
0,3,0,3,0,Nash,2022-11-12
0,2,0,2,0,Nash,2022-11-13
0,3,0,3,0,Nash,2022-11-20
0,9,0,9,0,Nash,2022-12-04
0,2,0,2,0,Nash,2023-03-03
0,2,0,2,0,Nash,2023-03-08
0,2,0,2,0,New Hanover,2023-03-09
0,1,0,1,0,Northampton,2022-09-17
0,1,0,1,0,Northampton,2022-09-18
0,2,0,2,0,Northampton,2022-09-30
0,1,0,1,0,Northampton,2022-10-08
0,1,0,1,0,Northampton,2022-10-09
0,1,0,1,0,Northampton,2022-10-13
0,1,0,1,0,Northampton,2022-10-15
0,3,0,3,0,Northampton,2022-10-17
0,2,0,2,0,Northampton,2022-10-21
0,1,0,1,0,Northampton,2022-10-28
0,1,0,1,0,Northampton,2022-11-03
0,1,0,1,0,Northampton,2022-11-04
0,1,0,1,0,Northampton,2022-11-10
0,1,0,1,0,Northampton,2022-11-14
0,1,0,1,0,Northampton,2022-11-19
0,2,0,2,0,Northampton,2022-11-26
0,2,0,2,0,Northampton,2022-12-08
0,1,0,1,0,Northampton,2022-12-17
0,6,0,6,0,Northampton,2023-01-07
0,1,0,1,0,Northampton,2023-01-15
0,1,0,1,0,Northampton,2023-02-18
0,1,0,1,0,Northampton,2023-02-26
0,7,0,7,0,Onslow,2022-09-24
0,7,0,7,0,Onslow,2022-10-16
0,2,0,2,0,Onslow,2022-11-13
0,2,0,2,0,Onslow,2022-11-19
0,6,0,6,0,Onslow,2022-11-24
0,8,0,8,0,Onslow,2022-11-26
0,2,0,2,0,Onslow,2023-02-26
0,1,0,1,0,Onslow,2023-03-05
0,5,0,5,0,Onslow,2023-03-08
0,14,0,14,0,Orange,2022-10-20
0,7,0,7,0,Orange,2022-10-22
0,8,0,8,0,Orange,2022-11-18
0,5,0,5,0,Orange,2022-11-19
0,7,0,7,0,Orange,2022-11-20
0,23,0,23,0,Orange,2022-12-11
0,6,0,6,0,Orange,2023-02-11
0,3,0,3,0,Orange,2023-03-04
0,2,0,2,0,Pamlico,2022-09-13
0,3,0,3,0,Pamlico,2022-09-15
0,1,0,1,0,Pamlico,2022-09-16
0,1,0,1,0,Pamlico,2022-09-17
0,1,0,1,0,Pamlico,2022-09-21
0,1,0,1,0,Pamlico,2022-09-22
0,2,0,2,0,Pamlico,2022-09-27
0,1,0,1,0,Pamlico,2022-09-29
0,2,0,2,0,Pamlico,2022-10-01
0,1,0,1,0,Pamlico,2022-10-09
0,2,0,2,0,Pamlico,2022-10-12
0,2,0,2,0,Pamlico,2022-10-13
0,1,0,1,0,Pamlico,2022-10-16
0,1,0,1,0,Pamlico,2022-10-19
0,1,0,1,0,Pamlico,2022-10-27
0,1,0,1,0,Pamlico,2022-11-10
0,1,0,1,0,Pamlico,2022-11-13
0,2,0,2,0,Pamlico,2022-11-19
0,1,0,1,0,Pamlico,2022-11-21
0,1,0,1,0,Pamlico,2022-11-22
0,2,0,2,0,Pamlico,2022-11-28
0,2,0,2,0,Pamlico,2022-12-02
0,1,0,1,0,Pamlico,2022-12-10
0,2,0,2,0,Pamlico,2022-12-11
0,1,0,1,0,Pamlico,2022-12-13
0,2,0,2,0,Pamlico,2022-12-14
0,1,0,1,0,Pamlico,2022-12-15
0,1,0,1,0,Pamlico,2022-12-17
0,2,0,2,0,Pamlico,2022-12-19
0,1,0,1,0,Pamlico,2022-12-21
0,3,0,3,0,Pamlico,2022-12-22
0,1,0,1,0,Pamlico,2022-12-24
0,1,0,1,0,Pamlico,2022-12-25
0,2,0,2,0,Pamlico,2023-01-08
0,2,0,2,0,Pamlico,2023-01-10
0,2,0,2,0,Pamlico,2023-01-13
0,1,0,1,0,Pamlico,2023-01-15
0,1,0,1,0,Pamlico,2023-01-17
0,1,0,1,0,Pamlico,2023-01-24
0,2,0,2,0,Pamlico,2023-02-03
0,2,0,2,0,Pamlico,2023-02-09
0,1,0,1,0,Pamlico,2023-02-17
0,1,0,1,0,Pamlico,2023-02-20
0,1,0,1,0,Pamlico,2023-02-21
0,1,0,1,0,Pamlico,2023-02-22
0,2,0,2,0,Pamlico,2023-03-02
0,3,0,3,0,Pasquotank,2022-09-30
0,3,0,3,0,Pasquotank,2022-10-14
0,1,0,1,0,Pasquotank,2022-11-12
0,2,0,2,0,Pasquotank,2022-11-14
0,1,0,1,0,Pasquotank,2022-11-24
0,1,0,1,0,Pasquotank,2022-12-10
0,2,0,2,0,Pasquotank,2022-12-17
0,3,0,3,0,Pasquotank,2023-01-22
0,2,0,2,0,Pasquotank,2023-02-11
0,2,0,2,0,Pasquotank,2023-03-01
0,1,0,1,0,Pasquotank,2023-03-03
0,3,0,3,0,Pasquotank,2023-03-05
0,3,0,3,0,Pender,2022-09-17
0,8,0,8,0,Pender,2022-09-18
0,11,0,11,0,Pender,2022-09-21
0,6,0,6,0,Pender,2022-10-01
0,4,0,4,0,Pender,2022-10-05
0,3,0,3,0,Pender,2022-10-09
0,1,0,1,0,Pender,2022-10-14
0,2,0,2,0,Pender,2022-10-15
0,1,0,1,0,Pender,2022-10-23
0,3,0,3,0,Pender,2022-10-25
0,4,0,4,0,Pender,2022-11-02
0,1,0,1,0,Pender,2022-11-04
0,1,0,1,0,Pender,2022-11-09
0,2,0,2,0,Pender,2022-11-10
0,1,0,1,0,Pender,2022-11-11
0,2,0,2,0,Pender,2022-11-12
0,1,0,1,0,Pender,2022-11-18
0,3,0,3,0,Pender,2022-11-25
0,1,0,1,0,Pender,2022-11-26
0,5,0,5,0,Pender,2023-01-01
0,5,0,5,0,Pender,2023-01-15
0,3,0,3,0,Pender,2023-02-04
0,2,0,2,0,Pender,2023-02-05
0,2,0,2,0,Pender,2023-02-08
0,5,0,5,0,Pender,2023-02-10
0,1,0,1,0,Pender,2023-02-17
0,2,0,2,0,Pender,2023-02-21
0,4,0,4,0,Pender,2023-02-25
0,1,0,1,0,Pender,2023-02-27
0,4,0,4,0,Pender,2023-02-28
0,3,0,3,0,Pender,2023-03-02
0,1,0,1,0,Pender,2023-03-03
0,1,0,1,0,Pender,2023-03-04
0,1,0,1,0,Pender,2023-03-08
0,1,0,1,0,Pender,2023-03-11
0,1,0,1,0,Perquimans,2022-09-20
0,2,0,2,0,Perquimans,2022-09-21
0,1,0,1,0,Perquimans,2022-09-22
0,1,0,1,0,Perquimans,2022-09-26
0,2,0,2,0,Perquimans,2022-09-29
0,1,0,1,0,Perquimans,2022-09-30
0,2,0,2,0,Perquimans,2022-10-04
0,2,0,2,0,Perquimans,2022-10-09
0,1,0,1,0,Perquimans,2022-10-10
0,2,0,2,0,Perquimans,2022-10-17
0,2,0,2,0,Perquimans,2022-10-19
0,1,0,1,0,Perquimans,2022-10-30
0,1,0,1,0,Perquimans,2022-11-03
0,2,0,2,0,Perquimans,2022-11-07
0,2,0,2,0,Perquimans,2022-11-11
0,1,0,1,0,Perquimans,2022-11-14
0,1,0,1,0,Perquimans,2022-11-15
0,1,0,1,0,Perquimans,2022-11-17
0,1,0,1,0,Perquimans,2022-11-22
0,1,0,1,0,Perquimans,2022-11-24
0,1,0,1,0,Perquimans,2022-11-25
0,1,0,1,0,Perquimans,2022-11-26
0,2,0,2,0,Perquimans,2022-11-29
0,1,0,1,0,Perquimans,2022-11-30
0,1,0,1,0,Perquimans,2022-12-02
0,1,0,1,0,Perquimans,2022-12-03
0,1,0,1,0,Perquimans,2022-12-07
0,1,0,1,0,Perquimans,2022-12-13
0,1,0,1,0,Perquimans,2022-12-15
0,3,0,3,0,Perquimans,2022-12-19
0,1,0,1,0,Perquimans,2022-12-25
0,2,0,2,0,Perquimans,2022-12-31
0,1,0,1,0,Perquimans,2023-01-06
0,1,0,1,0,Perquimans,2023-01-07
0,5,0,5,0,Perquimans,2023-01-09
0,3,0,3,0,Perquimans,2023-01-10
0,2,0,2,0,Perquimans,2023-01-16
0,1,0,1,0,Perquimans,2023-01-17
0,1,0,1,0,Perquimans,2023-01-19
0,2,0,2,0,Perquimans,2023-01-22
0,1,0,1,0,Perquimans,2023-01-25
0,2,0,2,0,Perquimans,2023-01-29
0,1,0,1,0,Perquimans,2023-02-13
0,2,0,2,0,Perquimans,2023-02-14
0,1,0,1,0,Perquimans,2023-02-19
0,1,0,1,0,Perquimans,2023-02-27
0,2,0,2,0,Perquimans,2023-03-03
0,2,0,2,0,Perquimans,2023-03-04
0,1,0,1,0,Perquimans,2023-03-08
0,1,0,1,0,Perquimans,2023-03-11
0,1,0,1,0,Person,2022-10-01
0,4,0,4,0,Person,2022-10-04
0,3,0,3,0,Person,2022-10-09
0,1,0,1,0,Person,2022-10-15
0,2,0,2,0,Person,2022-10-23
0,2,0,2,0,Person,2022-10-24
0,1,0,1,0,Person,2022-11-02
0,3,0,3,0,Person,2022-11-06
0,5,0,5,0,Person,2022-11-10
0,1,0,1,0,Person,2022-11-11
0,2,0,2,0,Person,2022-11-26
0,2,0,2,0,Person,2022-11-27
0,6,0,6,0,Person,2022-11-29
0,2,0,2,0,Person,2022-12-04
0,1,0,1,0,Person,2022-12-15
0,4,0,4,0,Person,2022-12-18
0,2,0,2,0,Person,2022-12-25
0,2,0,2,0,Person,2023-01-10
0,1,0,1,0,Person,2023-01-15
0,1,0,1,0,Person,2023-02-04
0,4,0,4,0,Person,2023-02-06
0,2,0,2,0,Person,2023-02-11
0,1,0,1,0,Person,2023-02-21
0,1,0,1,0,Person,2023-02-23
0,2,0,2,0,Person,2023-02-26
0,1,0,1,0,Person,2023-03-02
0,2,0,2,0,Person,2023-03-08
0,8,0,8,0,Pitt,2022-10-30
0,7,0,7,0,Pitt,2022-11-13
0,2,0,2,0,Polk,2022-09-16
0,1,0,1,0,Polk,2022-09-30
0,1,0,1,0,Polk,2022-10-09
0,2,0,2,0,Polk,2022-10-14
0,2,0,2,0,Polk,2022-10-30
0,3,0,3,0,Polk,2022-12-15
0,1,0,1,0,Polk,2022-12-20
0,2,0,2,0,Polk,2023-01-12
0,1,0,1,0,Polk,2023-01-14
0,1,0,1,0,Polk,2023-01-20
0,1,0,1,0,Polk,2023-01-21
0,2,0,2,0,Polk,2023-01-28
0,1,0,1,0,Polk,2023-02-07
0,2,0,2,0,Polk,2023-02-18
0,1,0,1,0,Polk,2023-02-19
0,1,0,1,0,Polk,2023-02-26
0,1,0,1,0,Polk,2023-03-02
0,1,0,1,0,Polk,2023-03-03
0,1,0,1,0,Polk,2023-03-04
0,1,0,1,0,Randolph,2023-03-04
0,8,0,8,0,Richmond,2022-09-17
0,3,0,3,0,Richmond,2022-10-01
0,5,0,5,0,Richmond,2022-10-09
0,1,0,1,0,Richmond,2022-10-12
0,1,0,1,0,Richmond,2022-10-15
0,1,0,1,0,Richmond,2022-10-16
0,2,0,2,0,Richmond,2022-10-20
0,3,0,3,0,Richmond,2022-10-28
0,1,0,1,0,Richmond,2022-10-30
0,2,0,2,0,Richmond,2022-11-06
0,4,0,4,0,Richmond,2022-11-11
0,3,0,3,0,Richmond,2022-11-13
0,4,0,4,0,Richmond,2022-11-21
0,1,0,1,0,Richmond,2022-11-24
0,4,0,4,0,Richmond,2023-01-15
0,2,0,2,0,Richmond,2023-01-28
0,4,0,4,0,Richmond,2023-02-12
0,3,0,3,0,Richmond,2023-02-18
0,2,0,2,0,Richmond,2023-02-25
0,3,0,3,0,Richmond,2023-02-26
0,2,0,2,0,Richmond,2023-03-05
0,2,0,2,0,Richmond,2023-03-09
0,3,0,3,0,Richmond,2023-03-11
0,3,0,3,0,Rockingham,2022-10-23
0,9,0,9,0,Rockingham,2022-10-30
0,5,0,5,0,Rockingham,2022-12-25
0,6,0,6,0,Rockingham,2023-02-06
0,2,0,2,0,Rockingham,2023-02-25
0,2,0,2,0,Rockingham,2023-03-03
0,3,0,3,0,Rockingham,2023-03-04
0,1,0,1,0,Rockingham,2023-03-11
0,11,0,11,0,Rowan,2023-01-29
0,6,0,6,0,Rowan,2023-02-12
0,2,0,2,0,Rowan,2023-03-11
0,1,0,1,0,Rutherford,2022-10-08
0,3,0,3,0,Rutherford,2022-11-17
0,1,0,1,0,Rutherford,2022-11-18
0,7,0,7,0,Rutherford,2022-12-11
0,5,0,5,0,Rutherford,2023-02-10
0,5,0,5,0,Rutherford,2023-02-12
0,3,0,3,0,Rutherford,2023-02-15
0,2,0,2,0,Rutherford,2023-02-19
0,1,0,1,0,Rutherford,2023-02-24
0,1,0,1,0,Rutherford,2023-02-26
0,3,0,3,0,Rutherford,2023-03-05
0,2,0,2,0,Rutherford,2023-03-06
0,2,0,2,0,Rutherford,2023-03-11
0,2,0,2,0,Sampson,2022-10-12
0,1,0,1,0,Sampson,2022-10-23
0,3,0,3,0,Sampson,2022-11-19
0,1,0,1,0,Sampson,2022-11-24
0,2,0,2,0,Sampson,2023-02-18
0,4,0,4,0,Sampson,2023-03-02
0,2,0,2,0,Scotland,2022-09-30
0,2,0,2,0,Scotland,2022-10-06
0,1,0,1,0,Scotland,2022-10-09
0,1,0,1,0,Scotland,2022-11-20
0,1,0,1,0,Scotland,2022-11-25
0,1,0,1,0,Scotland,2022-12-03
0,11,0,11,0,Stanly,2022-10-12
0,2,0,2,0,Stanly,2022-10-15
0,5,0,5,0,Stanly,2022-10-18
0,3,0,3,0,Stanly,2022-11-05
0,5,0,5,0,Stanly,2022-11-10
0,4,0,4,0,Stanly,2022-11-16
0,8,0,8,0,Stanly,2022-11-22
0,4,0,4,0,Stanly,2022-11-24
0,4,0,4,0,Stanly,2022-11-26
0,4,0,4,0,Stanly,2022-11-27
0,6,0,6,0,Stanly,2022-11-28
0,4,0,4,0,Stanly,2022-12-04
0,8,0,8,0,Stanly,2022-12-10
0,3,0,3,0,Stanly,2022-12-25
0,3,0,3,0,Stanly,2023-01-29
0,7,0,7,0,Stanly,2023-02-03
0,7,0,7,0,Stanly,2023-02-09
0,5,0,5,0,Stanly,2023-02-18
0,2,0,2,0,Stanly,2023-02-24
0,1,0,1,0,Stanly,2023-02-26
0,2,0,2,0,Stanly,2023-03-01
0,2,0,2,0,Stanly,2023-03-03
0,4,0,4,0,Stanly,2023-03-04
0,2,0,2,0,Stanly,2023-03-05
0,4,0,4,0,Stanly,2023-03-06
0,4,0,4,0,Stanly,2023-03-07
0,1,0,1,0,Stanly,2023-03-10
0,2,0,2,0,Stanly,2023-03-11
0,2,0,2,0,Stokes,2022-10-01
0,2,0,2,0,Stokes,2022-10-09
0,4,0,4,0,Stokes,2022-10-21
0,3,0,3,0,Stokes,2022-11-10
0,12,0,12,0,Stokes,2023-02-14
0,2,0,2,0,Stokes,2023-03-04
0,4,0,4,0,Stokes,2023-03-07
0,7,0,7,0,Surry,2022-10-22
0,6,0,6,0,Surry,2023-03-04
0,3,0,3,0,Surry,2023-03-11
0,3,0,3,0,Swain,2022-09-14
0,1,0,1,0,Swain,2022-09-21
0,2,0,2,0,Swain,2022-09-29
0,2,0,2,0,Swain,2022-09-30
0,2,0,2,0,Swain,2022-10-06
0,1,0,1,0,Swain,2022-10-16
0,1,0,1,0,Swain,2022-10-18
0,2,0,2,0,Swain,2022-10-23
0,1,0,1,0,Swain,2022-10-30
0,1,0,1,0,Swain,2022-11-11
0,1,0,1,0,Swain,2022-11-13
0,1,0,1,0,Swain,2022-11-15
0,2,0,2,0,Swain,2022-11-17
0,1,0,1,0,Swain,2022-11-18
0,3,0,3,0,Swain,2022-11-19
0,3,0,3,0,Swain,2022-11-22
0,1,0,1,0,Swain,2022-11-23
0,1,0,1,0,Swain,2022-11-27
0,1,0,1,0,Swain,2022-12-15
0,2,0,2,0,Swain,2022-12-25
0,2,0,2,0,Swain,2023-01-23
0,1,0,1,0,Swain,2023-02-04
0,2,0,2,0,Swain,2023-02-13
0,2,0,2,0,Swain,2023-02-23
0,1,0,1,0,Swain,2023-03-06
0,1,0,1,0,Swain,2023-03-08
0,3,0,3,0,Swain,2023-03-09
0,2,0,2,0,Swain,2023-03-10
0,6,0,6,0,Transylvania,2022-09-15
0,2,0,2,0,Transylvania,2022-09-29
0,5,0,5,0,Transylvania,2022-10-13
0,3,0,3,0,Transylvania,2022-10-14
0,6,0,6,0,Transylvania,2022-10-18
0,2,0,2,0,Transylvania,2022-10-29
0,3,0,3,0,Transylvania,2022-10-30
0,3,0,3,0,Transylvania,2022-11-08
0,3,0,3,0,Transylvania,2022-11-09
0,2,0,2,0,Transylvania,2022-11-11
0,2,0,2,0,Transylvania,2022-11-17
0,2,0,2,0,Transylvania,2022-11-18
0,2,0,2,0,Transylvania,2022-11-19
0,1,0,1,0,Transylvania,2022-11-21
0,1,0,1,0,Transylvania,2022-11-23
0,1,0,1,0,Transylvania,2022-11-24
0,5,0,5,0,Transylvania,2022-12-05
0,4,0,4,0,Transylvania,2022-12-07
0,3,0,3,0,Transylvania,2022-12-08
0,3,0,3,0,Transylvania,2022-12-16
0,5,0,5,0,Transylvania,2022-12-17
0,4,0,4,0,Transylvania,2022-12-27
0,4,0,4,0,Transylvania,2023-01-01
0,2,0,2,0,Transylvania,2023-01-06
0,4,0,4,0,Transylvania,2023-01-16
0,1,0,1,0,Transylvania,2023-02-04
0,1,0,1,0,Transylvania,2023-02-06
0,7,0,7,0,Transylvania,2023-02-08
0,1,0,1,0,Transylvania,2023-02-10
0,1,0,1,0,Transylvania,2023-02-22
0,2,0,2,0,Transylvania,2023-02-24
0,2,0,2,0,Transylvania,2023-03-03
0,1,0,1,0,Transylvania,2023-03-04
0,2,0,2,0,Transylvania,2023-03-08
0,1,0,1,0,Transylvania,2023-03-11
0,2,0,2,0,Tyrrell,2022-09-19
0,1,0,1,0,Tyrrell,2022-09-22
0,1,0,1,0,Tyrrell,2022-09-28
0,1,0,1,0,Tyrrell,2022-10-08
0,1,0,1,0,Tyrrell,2022-10-18
0,1,0,1,0,Tyrrell,2022-10-26
0,1,0,1,0,Tyrrell,2022-11-01
0,1,0,1,0,Tyrrell,2022-11-04
0,2,0,2,0,Tyrrell,2022-11-05
0,1,0,1,0,Tyrrell,2022-11-07
0,1,0,1,0,Tyrrell,2022-11-13
0,1,0,1,0,Tyrrell,2022-11-20
0,1,0,1,0,Tyrrell,2022-12-10
0,1,0,1,0,Tyrrell,2022-12-19
0,1,0,1,0,Tyrrell,2022-12-29
0,1,0,1,0,Tyrrell,2022-12-31
0,1,0,1,0,Tyrrell,2023-01-09
0,1,0,1,0,Tyrrell,2023-01-28
0,1,0,1,0,Tyrrell,2023-01-30
0,1,0,1,0,Tyrrell,2023-02-16
0,10,0,10,0,Union,2022-12-25
0,1,0,1,0,Union,2023-03-11
0,9,0,9,0,Vance,2022-09-25
0,6,0,6,0,Vance,2022-09-29
0,5,0,5,0,Vance,2022-10-12
0,1,0,1,0,Vance,2022-10-15
0,6,0,6,0,Vance,2022-10-27
0,3,0,3,0,Vance,2022-10-28
0,1,0,1,0,Vance,2022-11-05
0,3,0,3,0,Vance,2022-11-06
0,3,0,3,0,Vance,2022-11-07
0,1,0,1,0,Vance,2022-11-19
0,3,0,3,0,Vance,2022-11-20
0,2,0,2,0,Vance,2022-11-25
0,4,0,4,0,Vance,2022-12-04
0,1,0,1,0,Vance,2022-12-24
0,4,0,4,0,Vance,2023-02-21
0,3,0,3,0,Vance,2023-03-01
0,1,0,1,0,Vance,2023-03-03
0,7,0,7,0,Warren,2022-09-15
0,3,0,3,0,Warren,2022-09-29
0,1,0,1,0,Warren,2022-09-30
0,4,0,4,0,Warren,2022-10-02
0,4,0,4,0,Warren,2022-10-03
0,1,0,1,0,Warren,2022-10-06
0,5,0,5,0,Warren,2022-10-13
0,2,0,2,0,Warren,2022-10-18
0,1,0,1,0,Warren,2022-10-27
0,1,0,1,0,Warren,2022-10-30
0,2,0,2,0,Warren,2022-11-04
0,1,0,1,0,Warren,2022-11-06
0,2,0,2,0,Warren,2022-11-11
0,2,0,2,0,Warren,2022-11-25
0,2,0,2,0,Warren,2022-11-27
0,2,0,2,0,Warren,2022-11-29
0,2,0,2,0,Warren,2022-11-30
0,1,0,1,0,Warren,2022-12-17
0,6,0,6,0,Warren,2022-12-18
0,3,0,3,0,Warren,2022-12-21
0,3,0,3,0,Warren,2022-12-24
0,1,0,1,0,Warren,2023-01-01
0,1,0,1,0,Warren,2023-01-15
0,2,0,2,0,Warren,2023-01-16
0,5,0,5,0,Warren,2023-01-17
0,1,0,1,0,Warren,2023-01-20
0,3,0,3,0,Warren,2023-01-21
0,3,0,3,0,Warren,2023-01-27
0,3,0,3,0,Warren,2023-02-05
0,1,0,1,0,Warren,2023-02-08
0,2,0,2,0,Warren,2023-02-14
0,2,0,2,0,Warren,2023-02-21
0,2,0,2,0,Warren,2023-03-06
0,1,0,1,0,Washington,2022-09-15
0,1,0,1,0,Washington,2022-09-18
0,5,0,5,0,Washington,2022-09-19
0,3,0,3,0,Washington,2022-09-22
0,1,0,1,0,Washington,2022-09-26
0,1,0,1,0,Washington,2022-09-30
0,1,0,1,0,Washington,2022-10-03
0,1,0,1,0,Washington,2022-10-05
0,2,0,2,0,Washington,2022-10-06
0,2,0,2,0,Washington,2022-10-13
0,2,0,2,0,Washington,2022-10-14
0,1,0,1,0,Washington,2022-10-15
0,2,0,2,0,Washington,2022-10-19
0,1,0,1,0,Washington,2022-10-23
0,1,0,1,0,Washington,2022-10-26
0,1,0,1,0,Washington,2022-10-27
0,1,0,1,0,Washington,2022-11-08
0,1,0,1,0,Washington,2022-11-10
0,1,0,1,0,Washington,2022-11-17
0,1,0,1,0,Washington,2022-11-20
0,1,0,1,0,Washington,2022-11-29
0,2,0,2,0,Washington,2022-12-01
0,4,0,4,0,Washington,2022-12-08
0,1,0,1,0,Washington,2022-12-09
0,2,0,2,0,Washington,2022-12-10
0,1,0,1,0,Washington,2022-12-11
0,3,0,3,0,Washington,2022-12-13
0,5,0,5,0,Washington,2022-12-20
0,3,0,3,0,Washington,2022-12-29
0,3,0,3,0,Washington,2023-01-04
0,2,0,2,0,Washington,2023-01-07
0,2,0,2,0,Washington,2023-01-08
0,1,0,1,0,Washington,2023-01-10
0,3,0,3,0,Washington,2023-01-16
0,3,0,3,0,Washington,2023-01-17
0,1,0,1,0,Washington,2023-01-21
0,3,0,3,0,Washington,2023-01-24
0,1,0,1,0,Washington,2023-01-28
0,6,0,6,0,Washington,2023-02-01
0,5,0,5,0,Washington,2023-02-08
0,1,0,1,0,Washington,2023-02-09
0,1,0,1,0,Washington,2023-02-14
0,1,0,1,0,Washington,2023-02-18
0,1,0,1,0,Washington,2023-02-20
0,1,0,1,0,Washington,2023-02-21
0,1,0,1,0,Washington,2023-02-24
0,1,0,1,0,Washington,2023-02-25
0,1,0,1,0,Washington,2023-02-28
0,1,0,1,0,Washington,2023-03-06
0,1,0,1,0,Washington,2023-03-07
0,2,0,2,0,Washington,2023-03-09
0,3,0,3,0,Watauga,2022-09-17
0,2,0,2,0,Watauga,2022-09-24
0,8,0,8,0,Watauga,2022-10-06
0,4,0,4,0,Watauga,2022-10-09
0,5,0,5,0,Watauga,2022-10-13
0,2,0,2,0,Watauga,2022-10-16
0,3,0,3,0,Watauga,2022-10-22
0,3,0,3,0,Watauga,2022-10-23
0,1,0,1,0,Watauga,2022-10-29
0,4,0,4,0,Watauga,2022-11-18
0,3,0,3,0,Watauga,2022-11-23
0,1,0,1,0,Watauga,2022-11-24
0,2,0,2,0,Watauga,2022-11-26
0,2,0,2,0,Watauga,2022-11-27
0,7,0,7,0,Watauga,2023-01-01
0,3,0,3,0,Watauga,2023-01-05
0,2,0,2,0,Watauga,2023-01-14
0,5,0,5,0,Watauga,2023-02-10
0,1,0,1,0,Watauga,2023-03-02
0,2,0,2,0,Watauga,2023-03-05
0,3,0,3,0,Watauga,2023-03-07
0,3,0,3,0,Wilkes,2022-11-20
0,2,0,2,0,Wilkes,2023-03-10
0,5,0,5,0,Wilson,2022-10-19
0,2,0,2,0,Wilson,2022-10-30
0,1,0,1,0,Wilson,2022-11-06
0,1,0,1,0,Wilson,2022-11-24
0,2,0,2,0,Yadkin,2022-10-09
0,8,0,8,0,Yadkin,2022-10-22
0,1,0,1,0,Yadkin,2022-10-23
0,1,0,1,0,Yadkin,2022-10-30
0,2,0,2,0,Yadkin,2022-11-08
0,1,0,1,0,Yadkin,2022-11-20
0,1,0,1,0,Yadkin,2022-11-26
0,8,0,8,0,Yadkin,2023-01-13
0,4,0,4,0,Yadkin,2023-01-22
0,1,0,1,0,Yadkin,2023-03-04
0,2,0,2,0,Yadkin,2023-03-07
0,2,0,2,0,Yadkin,2023-03-08
0,1,0,1,0,Yadkin,2023-03-10
0,6,0,6,0,Yancey,2022-09-21
0,6,0,6,0,Yancey,2022-09-22
0,2,0,2,0,Yancey,2022-10-03
0,1,0,1,0,Yancey,2022-10-04
0,4,0,4,0,Yancey,2022-10-05
0,1,0,1,0,Yancey,2022-10-07
0,3,0,3,0,Yancey,2022-10-10
0,3,0,3,0,Yancey,2022-10-11
0,2,0,2,0,Yancey,2022-10-12
0,1,0,1,0,Yancey,2022-10-15
0,2,0,2,0,Yancey,2022-10-16
0,2,0,2,0,Yancey,2022-10-21
0,1,0,1,0,Yancey,2022-10-24
0,1,0,1,0,Yancey,2022-10-29
0,1,0,1,0,Yancey,2022-11-03
0,1,0,1,0,Yancey,2022-11-06
0,2,0,2,0,Yancey,2022-11-08
0,1,0,1,0,Yancey,2022-11-09
0,1,0,1,0,Yancey,2022-11-12
0,1,0,1,0,Yancey,2022-11-19
0,2,0,2,0,Yancey,2022-11-25
0,1,0,1,0,Yancey,2022-12-06
0,1,0,1,0,Yancey,2022-12-17
0,1,0,1,0,Yancey,2022-12-25
0,1,0,1,0,Yancey,2023-01-01
0,1,0,1,0,Yancey,2023-01-08
0,1,0,1,0,Yancey,2023-01-11
0,1,0,1,0,Yancey,2023-01-13
0,1,0,1,0,Yancey,2023-01-14
0,1,0,1,0,Yancey,2023-01-15
0,1,0,1,0,Yancey,2023-01-21
0,1,0,1,0,Yancey,2023-01-25
0,1,0,1,0,Yancey,2023-01-29
0,2,0,2,0,Yancey,2023-01-30
0,1,0,1,0,Yancey,2023-02-03
0,1,0,1,0,Yancey,2023-02-05
0,4,0,4,0,Yancey,2023-02-08
0,1,0,1,0,Yancey,2023-02-10
0,1,0,1,0,Yancey,2023-02-19
0,1,0,1,0,Yancey,2023-02-23
0,1,0,1,0,Yancey,2023-03-11
0,12,1,11,0,Alamance,2022-11-12
0,2,1,1,0,Alexander,2022-09-17
0,8,1,7,0,Alexander,2022-09-23
0,4,1,3,0,Alexander,2022-09-30
0,4,1,3,0,Alexander,2022-10-07
0,2,1,1,0,Alexander,2022-10-20
0,4,1,3,0,Alexander,2022-10-21
0,3,1,2,0,Alexander,2022-11-09
0,2,1,1,0,Alexander,2022-11-26
0,4,1,3,0,Alexander,2022-11-27
0,1,1,0,0,Alexander,2023-01-15
0,5,1,4,0,Alexander,2023-01-28
0,3,1,2,0,Alexander,2023-02-11
0,1,1,0,0,Alexander,2023-02-12
0,2,1,1,0,Alexander,2023-02-19
0,1,1,0,0,Alexander,2023-03-05
0,3,1,2,0,Alleghany,2022-09-20
0,1,1,0,0,Alleghany,2022-10-04
0,1,1,0,0,Alleghany,2022-10-18
0,1,1,0,0,Alleghany,2022-10-21
0,1,1,0,0,Alleghany,2022-11-07
0,1,1,0,0,Alleghany,2022-11-08
0,1,1,0,0,Alleghany,2022-11-11
0,1,1,0,0,Alleghany,2022-11-13
0,1,1,0,0,Alleghany,2022-11-14
0,2,1,1,0,Alleghany,2022-11-24
0,1,1,0,0,Alleghany,2022-11-26
0,2,1,1,0,Alleghany,2022-11-29
0,5,1,4,0,Alleghany,2022-12-09
0,1,1,0,0,Alleghany,2022-12-10
0,1,1,0,0,Alleghany,2022-12-18
0,1,1,0,0,Alleghany,2022-12-23
0,1,1,0,0,Alleghany,2022-12-24
0,3,1,2,0,Alleghany,2022-12-25
0,2,1,1,0,Alleghany,2022-12-26
0,1,1,0,0,Alleghany,2023-01-07
0,2,1,1,0,Alleghany,2023-02-08
0,2,1,1,0,Alleghany,2023-03-03
0,7,1,6,0,Anson,2022-09-21
0,1,1,0,0,Anson,2022-10-16
0,1,1,0,0,Anson,2022-10-21
0,1,1,0,0,Anson,2022-10-27
0,3,1,2,0,Anson,2022-11-25
0,3,1,2,0,Anson,2022-11-29
0,7,1,6,0,Anson,2022-12-23
0,2,1,1,0,Anson,2023-01-20
0,2,1,1,0,Anson,2023-01-22
0,6,1,5,0,Anson,2023-01-25
0,5,1,4,0,Anson,2023-02-11
0,2,1,1,0,Anson,2023-02-16
0,6,1,5,0,Anson,2023-02-20
0,2,1,1,0,Anson,2023-02-26
0,1,1,0,0,Anson,2023-03-02
0,1,1,0,0,Anson,2023-03-09
0,3,1,2,0,Ashe,2022-09-22
0,3,1,2,0,Ashe,2022-09-25
0,2,1,1,0,Ashe,2022-10-02
0,2,1,1,0,Ashe,2022-10-06
0,1,1,0,0,Ashe,2022-10-08
0,1,1,0,0,Ashe,2022-10-20
0,2,1,1,0,Ashe,2022-10-31
0,1,1,0,0,Ashe,2022-11-05
0,1,1,0,0,Ashe,2022-11-10
0,3,1,2,0,Ashe,2022-11-20
0,1,1,0,0,Ashe,2022-11-22
0,3,1,2,0,Ashe,2022-11-25
0,1,1,0,0,Ashe,2022-12-04
0,3,1,2,0,Ashe,2022-12-13
0,1,1,0,0,Ashe,2023-01-09
0,1,1,0,0,Ashe,2023-01-17
0,3,1,2,0,Ashe,2023-01-21
0,8,1,7,0,Ashe,2023-01-23
0,4,1,3,0,Ashe,2023-01-26
0,2,1,1,0,Ashe,2023-02-02
0,2,1,1,0,Ashe,2023-02-08
0,2,1,1,0,Ashe,2023-02-10
0,3,1,2,0,Ashe,2023-02-11
0,1,1,0,0,Ashe,2023-02-28
0,1,1,0,0,Ashe,2023-03-01
0,1,1,0,0,Ashe,2023-03-02
0,2,1,1,0,Ashe,2023-03-08
0,3,1,2,0,Avery,2022-10-04
0,3,1,2,0,Avery,2022-10-07
0,1,1,0,0,Avery,2022-10-20
0,2,1,1,0,Avery,2022-10-27
0,1,1,0,0,Avery,2022-10-29
0,3,1,2,0,Avery,2022-10-30
0,1,1,0,0,Avery,2022-11-13
0,1,1,0,0,Avery,2022-11-18
0,1,1,0,0,Avery,2022-11-22
0,3,1,2,0,Avery,2022-12-07
0,3,1,2,0,Avery,2022-12-10
0,9,1,8,0,Avery,2022-12-19
0,3,1,2,0,Avery,2022-12-22
0,5,1,4,0,Avery,2022-12-28
0,2,1,1,0,Avery,2023-01-01
0,4,1,3,0,Avery,2023-01-02
0,1,1,0,0,Avery,2023-01-17
0,1,1,0,0,Avery,2023-01-27
0,3,1,2,0,Avery,2023-02-22
0,6,1,5,0,Beaufort,2022-10-21
0,1,1,0,0,Beaufort,2022-11-05
0,1,1,0,0,Beaufort,2022-11-08
0,2,1,1,0,Beaufort,2022-11-16
0,3,1,2,0,Beaufort,2022-11-19
0,4,1,3,0,Beaufort,2022-12-08
0,1,1,0,0,Beaufort,2022-12-25
0,4,1,3,0,Beaufort,2023-01-15
0,3,1,2,0,Bertie,2022-09-20
0,1,1,0,0,Bertie,2022-09-27
0,3,1,2,0,Bertie,2022-10-04
0,5,1,4,0,Bertie,2022-10-24
0,2,1,1,0,Bertie,2022-10-25
0,4,1,3,0,Bertie,2022-11-03
0,5,1,4,0,Bertie,2022-11-07
0,1,1,0,0,Bertie,2022-11-10
0,1,1,0,0,Bertie,2022-12-07
0,1,1,0,0,Bertie,2022-12-13
0,3,1,2,0,Bertie,2022-12-14
0,3,1,2,0,Bertie,2022-12-20
0,7,1,6,0,Bertie,2022-12-31
0,3,1,2,0,Bertie,2023-01-20
0,2,1,1,0,Bertie,2023-01-27
0,5,1,4,0,Bertie,2023-02-08
0,3,1,2,0,Bertie,2023-02-25
0,4,1,3,0,Bertie,2023-03-07
0,7,1,6,0,Bladen,2022-09-13
0,2,1,1,0,Bladen,2022-09-18
0,4,1,3,0,Bladen,2022-10-02
0,2,1,1,0,Bladen,2022-10-22
0,3,1,2,0,Bladen,2022-10-27
0,6,1,5,0,Bladen,2022-11-01
0,3,1,2,0,Bladen,2022-11-15
0,3,1,2,0,Bladen,2022-11-16
0,3,1,2,0,Bladen,2023-01-01
0,5,1,4,0,Bladen,2023-01-29
0,2,1,1,0,Bladen,2023-02-28
0,10,1,9,0,Brunswick,2023-02-10
0,9,1,8,0,Burke,2023-02-01
0,5,1,4,0,Burke,2023-03-02
0,1,1,0,0,Burke,2023-03-03
0,8,1,7,0,Burke,2023-03-07
0,4,1,3,0,Burke,2023-03-09
0,8,1,7,0,Caldwell,2023-02-18
0,5,1,4,0,Caldwell,2023-03-09
0,4,1,3,0,Caldwell,2023-03-11
0,1,1,0,0,Camden,2022-09-16
0,1,1,0,0,Camden,2022-09-20
0,1,1,0,0,Camden,2022-09-23
0,1,1,0,0,Camden,2022-10-16
0,1,1,0,0,Camden,2022-10-18
0,1,1,0,0,Camden,2022-10-19
0,1,1,0,0,Camden,2022-10-21
0,1,1,0,0,Camden,2022-10-27
0,1,1,0,0,Camden,2022-10-30
0,2,1,1,0,Camden,2022-11-01
0,1,1,0,0,Camden,2022-11-07
0,1,1,0,0,Camden,2022-11-08
0,1,1,0,0,Camden,2022-11-10
0,1,1,0,0,Camden,2022-11-15
0,2,1,1,0,Camden,2022-11-18
0,1,1,0,0,Camden,2022-11-21
0,1,1,0,0,Camden,2022-11-25
0,1,1,0,0,Camden,2022-12-01
0,1,1,0,0,Camden,2022-12-04
0,1,1,0,0,Camden,2022-12-07
0,2,1,1,0,Camden,2022-12-09
0,1,1,0,0,Camden,2022-12-12
0,1,1,0,0,Camden,2022-12-17
0,1,1,0,0,Camden,2022-12-22
0,2,1,1,0,Camden,2023-01-07
0,2,1,1,0,Camden,2023-01-19
0,1,1,0,0,Camden,2023-01-20
0,3,1,2,0,Camden,2023-01-28
0,1,1,0,0,Camden,2023-02-01
0,1,1,0,0,Camden,2023-02-02
0,2,1,1,0,Camden,2023-02-14
0,1,1,0,0,Camden,2023-02-16
0,1,1,0,0,Camden,2023-02-20
0,1,1,0,0,Camden,2023-02-23
0,1,1,0,0,Camden,2023-02-27
0,1,1,0,0,Camden,2023-03-03
0,2,1,1,0,Carteret,2022-10-08
0,4,1,3,0,Carteret,2022-10-15
0,3,1,2,0,Carteret,2022-10-27
0,3,1,2,0,Carteret,2022-10-30
0,4,1,3,0,Carteret,2022-11-05
0,1,1,0,0,Carteret,2022-11-08
0,1,1,0,0,Carteret,2022-11-10
0,2,1,1,0,Carteret,2022-11-11
0,1,1,0,0,Carteret,2022-11-12
0,3,1,2,0,Carteret,2022-11-16
0,2,1,1,0,Carteret,2022-11-18
0,7,1,6,0,Carteret,2022-11-29
0,1,1,0,0,Carteret,2023-01-21
0,5,1,4,0,Carteret,2023-02-22
0,5,1,4,0,Carteret,2023-02-25
0,5,1,4,0,Carteret,2023-02-27
0,7,1,6,0,Carteret,2023-02-28
0,2,1,1,0,Carteret,2023-03-07
0,1,1,0,0,Carteret,2023-03-10
0,3,1,2,0,Caswell,2022-09-15
0,2,1,1,0,Caswell,2022-10-05
0,3,1,2,0,Caswell,2022-10-07
0,1,1,0,0,Caswell,2022-10-11
0,2,1,1,0,Caswell,2022-10-24
0,4,1,3,0,Caswell,2022-11-12
0,1,1,0,0,Caswell,2022-11-13
0,4,1,3,0,Caswell,2022-11-29
0,6,1,5,0,Caswell,2022-12-12
0,3,1,2,0,Caswell,2022-12-20
0,4,1,3,0,Caswell,2023-01-06
0,9,1,8,0,Caswell,2023-01-10
0,2,1,1,0,Caswell,2023-01-17
0,4,1,3,0,Caswell,2023-01-25
0,2,1,1,0,Caswell,2023-01-27
0,4,1,3,0,Caswell,2023-01-29
0,1,1,0,0,Caswell,2023-02-08
0,3,1,2,0,Caswell,2023-02-27
0,8,1,7,0,Catawba,2022-11-13
0,6,1,5,0,Chatham,2022-10-08
0,7,1,6,0,Chatham,2022-10-12
0,8,1,7,0,Chatham,2022-10-20
0,6,1,5,0,Chatham,2022-10-22
0,13,1,12,0,Chatham,2022-10-24
0,12,1,11,0,Chatham,2022-10-31
0,9,1,8,0,Chatham,2022-11-26
0,6,1,5,0,Chatham,2022-12-01
0,13,1,12,0,Chatham,2022-12-06
0,7,1,6,0,Chatham,2022-12-18
0,7,1,6,0,Chatham,2022-12-24
0,8,1,7,0,Chatham,2023-03-02
0,10,1,9,0,Cherokee,2022-09-13
0,1,1,0,0,Cherokee,2022-09-16
0,2,1,1,0,Cherokee,2022-10-09
0,3,1,2,0,Cherokee,2022-10-12
0,3,1,2,0,Cherokee,2022-10-13
0,8,1,7,0,Cherokee,2022-10-31
0,3,1,2,0,Cherokee,2022-11-17
0,6,1,5,0,Cherokee,2022-11-27
0,3,1,2,0,Cherokee,2022-11-28
0,6,1,5,0,Cherokee,2022-12-01
0,5,1,4,0,Cherokee,2022-12-13
0,1,1,0,0,Cherokee,2022-12-25
0,1,1,0,0,Cherokee,2023-01-08
0,7,1,6,0,Cherokee,2023-01-10
0,1,1,0,0,Cherokee,2023-02-01
0,4,1,3,0,Cherokee,2023-02-19
0,1,1,0,0,Cherokee,2023-02-22
0,1,1,0,0,Cherokee,2023-02-26
0,1,1,0,0,Cherokee,2023-02-27
0,2,1,1,0,Cherokee,2023-02-28
0,4,1,3,0,Cherokee,2023-03-02
0,2,1,1,0,Chowan,2022-09-20
0,1,1,0,0,Chowan,2022-10-08
0,1,1,0,0,Chowan,2022-10-09
0,1,1,0,0,Chowan,2022-10-26
0,2,1,1,0,Chowan,2022-10-28
0,1,1,0,0,Chowan,2022-10-31
0,4,1,3,0,Chowan,2022-11-14
0,2,1,1,0,Chowan,2022-12-05
0,7,1,6,0,Chowan,2022-12-23
0,1,1,0,0,Chowan,2023-02-12
0,6,1,5,0,Clay,2022-09-22
0,1,1,0,0,Clay,2022-09-26
0,1,1,0,0,Clay,2022-10-03
0,1,1,0,0,Clay,2022-10-05
0,2,1,1,0,Clay,2022-10-10
0,2,1,1,0,Clay,2022-10-17
0,3,1,2,0,Clay,2022-10-19
0,3,1,2,0,Clay,2022-11-02
0,2,1,1,0,Clay,2022-11-03
0,3,1,2,0,Clay,2022-11-07
0,4,1,3,0,Clay,2022-11-10
0,1,1,0,0,Clay,2022-11-12
0,2,1,1,0,Clay,2022-11-23
0,3,1,2,0,Clay,2022-12-05
0,6,1,5,0,Clay,2022-12-21
0,2,1,1,0,Clay,2023-01-13
0,5,1,4,0,Clay,2023-01-17
0,1,1,0,0,Clay,2023-01-25
0,2,1,1,0,Clay,2023-01-31
0,4,1,3,0,Clay,2023-02-10
0,2,1,1,0,Clay,2023-02-17
0,2,1,1,0,Clay,2023-02-21
0,1,1,0,0,Clay,2023-02-24
0,2,1,1,0,Clay,2023-02-27
0,1,1,0,0,Clay,2023-03-01
0,6,1,5,0,Cleveland,2022-10-05
0,4,1,3,0,Cleveland,2022-10-10
0,4,1,3,0,Cleveland,2022-11-05
0,8,1,7,0,Cleveland,2022-11-10
0,2,1,1,0,Cleveland,2023-03-06
0,3,1,2,0,Cleveland,2023-03-09
0,6,1,5,0,Cleveland,2023-03-10
0,2,1,1,0,Columbus,2022-10-01
0,2,1,1,0,Columbus,2022-10-18
0,5,1,4,0,Columbus,2022-10-25
0,5,1,4,0,Columbus,2022-11-08
0,7,1,6,0,Columbus,2022-11-15
0,2,1,1,0,Columbus,2023-02-12
0,6,1,5,0,Columbus,2023-02-14
0,2,1,1,0,Columbus,2023-02-21
0,3,1,2,0,Columbus,2023-03-03
0,3,1,2,0,Craven,2022-11-10
0,7,1,6,0,Craven,2022-12-10
0,5,1,4,0,Craven,2023-02-25
0,8,1,7,0,Craven,2023-03-06
0,2,1,1,0,Craven,2023-03-11
0,15,1,14,0,Cumberland,2022-11-24
0,5,1,4,0,Currituck,2022-09-13
0,3,1,2,0,Currituck,2022-09-14
0,1,1,0,0,Currituck,2022-09-24
0,1,1,0,0,Currituck,2022-10-08
0,3,1,2,0,Currituck,2022-10-22
0,3,1,2,0,Currituck,2022-11-03
0,2,1,1,0,Currituck,2022-11-04
0,4,1,3,0,Currituck,2022-11-06
0,2,1,1,0,Currituck,2022-11-09
0,1,1,0,0,Currituck,2022-11-15
0,2,1,1,0,Currituck,2022-11-19
0,2,1,1,0,Currituck,2022-11-28
0,5,1,4,0,Currituck,2022-12-19
0,4,1,3,0,Currituck,2022-12-21
0,4,1,3,0,Currituck,2023-01-01
0,7,1,6,0,Currituck,2023-01-02
0,4,1,3,0,Currituck,2023-01-23
0,1,1,0,0,Currituck,2023-01-27
0,3,1,2,0,Currituck,2023-01-28
0,1,1,0,0,Currituck,2023-02-02
0,2,1,1,0,Currituck,2023-02-06
0,3,1,2,0,Currituck,2023-02-18
0,3,1,2,0,Currituck,2023-02-25
0,1,1,0,0,Currituck,2023-03-04
0,1,1,0,0,Currituck,2023-03-05
0,1,1,0,0,Currituck,2023-03-11
0,5,1,4,0,Dare,2022-09-21
0,4,1,3,0,Dare,2022-10-03
0,6,1,5,0,Dare,2022-10-16
0,5,1,4,0,Dare,2022-10-25
0,5,1,4,0,Dare,2022-12-13
0,7,1,6,0,Dare,2022-12-24
0,4,1,3,0,Dare,2023-03-08
0,6,1,5,0,Davie,2022-10-18
0,3,1,2,0,Davie,2022-10-20
0,7,1,6,0,Davie,2022-10-28
0,2,1,1,0,Davie,2022-11-03
0,3,1,2,0,Davie,2022-11-05
0,2,1,1,0,Davie,2022-11-25
0,4,1,3,0,Davie,2022-11-27
0,3,1,2,0,Davie,2023-02-11
0,4,1,3,0,Davie,2023-03-03
0,2,1,1,0,Davie,2023-03-05
0,1,1,0,0,Duplin,2022-10-21
0,3,1,2,0,Duplin,2022-11-25
0,5,1,4,0,Duplin,2022-11-26
0,6,1,5,0,Duplin,2022-12-25
0,5,1,4,0,Duplin,2023-01-01
0,6,1,5,0,Duplin,2023-02-25
0,17,1,16,0,Durham,2022-11-19
0,2,1,1,0,Edgecombe,2022-10-08
0,5,1,4,0,Edgecombe,2022-10-26
0,3,1,2,0,Edgecombe,2022-11-09
0,2,1,1,0,Edgecombe,2022-11-23
0,6,1,5,0,Edgecombe,2022-11-26
0,5,1,4,0,Edgecombe,2022-12-07
0,9,1,8,0,Edgecombe,2022-12-24
0,3,1,2,0,Edgecombe,2023-02-12
0,9,1,8,0,Franklin,2022-09-24
0,6,1,5,0,Franklin,2022-10-13
0,5,1,4,0,Franklin,2022-10-14
0,1,1,0,0,Franklin,2022-10-22
0,4,1,3,0,Franklin,2022-10-23
0,5,1,4,0,Franklin,2022-11-06
0,5,1,4,0,Franklin,2022-11-11
0,8,1,7,0,Franklin,2022-12-08
0,11,1,10,0,Franklin,2023-01-24
0,9,1,8,0,Franklin,2023-01-26
0,6,1,5,0,Franklin,2023-02-05
0,5,1,4,0,Franklin,2023-02-19
0,11,1,10,0,Gaston,2022-09-24
0,10,1,9,0,Gaston,2022-11-19
0,1,1,0,0,Gates,2022-09-14
0,4,1,3,0,Gates,2022-09-15
0,1,1,0,0,Gates,2022-09-17
0,2,1,1,0,Gates,2022-10-11
0,3,1,2,0,Gates,2022-10-17
0,1,1,0,0,Gates,2022-10-21
0,1,1,0,0,Gates,2022-11-26
0,2,1,1,0,Gates,2022-11-28
0,2,1,1,0,Gates,2022-12-05
0,1,1,0,0,Gates,2022-12-09
0,1,1,0,0,Gates,2022-12-15
0,1,1,0,0,Gates,2022-12-18
0,3,1,2,0,Gates,2022-12-19
0,1,1,0,0,Gates,2022-12-27
0,6,1,5,0,Gates,2022-12-28
0,2,1,1,0,Gates,2022-12-29
0,1,1,0,0,Gates,2022-12-30
0,4,1,3,0,Gates,2023-01-05
0,1,1,0,0,Gates,2023-01-06
0,5,1,4,0,Gates,2023-01-12
0,1,1,0,0,Gates,2023-01-14
0,1,1,0,0,Gates,2023-02-06
0,2,1,1,0,Gates,2023-03-01
0,1,1,0,0,Gates,2023-03-10
0,1,1,0,0,Graham,2022-09-18
0,1,1,0,0,Graham,2022-09-20
0,3,1,2,0,Graham,2022-09-26
0,1,1,0,0,Graham,2022-09-29
0,1,1,0,0,Graham,2022-10-12
0,1,1,0,0,Graham,2022-10-27
0,1,1,0,0,Graham,2022-11-02
0,2,1,1,0,Graham,2022-11-04
0,1,1,0,0,Graham,2022-11-06
0,1,1,0,0,Graham,2022-11-13
0,1,1,0,0,Graham,2022-11-22
0,1,1,0,0,Graham,2022-12-02
0,1,1,0,0,Graham,2022-12-09
0,1,1,0,0,Graham,2022-12-11
0,1,1,0,0,Graham,2022-12-14
0,2,1,1,0,Graham,2022-12-20
0,2,1,1,0,Graham,2022-12-31
0,1,1,0,0,Graham,2023-01-05
0,1,1,0,0,Graham,2023-01-12
0,1,1,0,0,Graham,2023-01-20
0,1,1,0,0,Graham,2023-01-25
0,2,1,1,0,Graham,2023-01-30
0,5,1,4,0,Graham,2023-02-03
0,1,1,0,0,Graham,2023-02-10
0,1,1,0,0,Graham,2023-02-20
0,2,1,1,0,Graham,2023-02-21
0,1,1,0,0,Graham,2023-03-10
0,1,1,0,0,Graham,2023-03-11
0,7,1,6,0,Granville,2022-09-18
0,6,1,5,0,Granville,2022-09-24
0,6,1,5,0,Granville,2022-09-25
0,5,1,4,0,Granville,2022-10-18
0,2,1,1,0,Granville,2022-10-22
0,4,1,3,0,Granville,2022-10-23
0,1,1,0,0,Granville,2022-10-29
0,4,1,3,0,Granville,2022-11-11
0,10,1,9,0,Granville,2022-11-12
0,4,1,3,0,Granville,2022-11-19
0,8,1,7,0,Granville,2022-11-25
0,4,1,3,0,Granville,2022-11-26
0,5,1,4,0,Granville,2023-02-27
0,8,1,7,0,Granville,2023-03-02
0,1,1,0,0,Granville,2023-03-05
0,4,1,3,0,Greene,2022-09-17
0,3,1,2,0,Greene,2022-09-20
0,3,1,2,0,Greene,2022-09-26
0,1,1,0,0,Greene,2022-10-06
0,5,1,4,0,Greene,2022-10-25
0,2,1,1,0,Greene,2022-10-27
0,3,1,2,0,Greene,2022-10-28
0,5,1,4,0,Greene,2022-11-03
0,3,1,2,0,Greene,2022-11-08
0,2,1,1,0,Greene,2022-11-10
0,2,1,1,0,Greene,2022-11-14
0,3,1,2,0,Greene,2022-11-18
0,5,1,4,0,Greene,2022-12-06
0,4,1,3,0,Greene,2022-12-07
0,2,1,1,0,Greene,2022-12-09
0,1,1,0,0,Greene,2022-12-11
0,2,1,1,0,Greene,2022-12-14
0,2,1,1,0,Greene,2022-12-31
0,1,1,0,0,Greene,2023-01-04
0,2,1,1,0,Greene,2023-01-16
0,1,1,0,0,Greene,2023-01-21
0,2,1,1,0,Greene,2023-01-22
0,1,1,0,0,Greene,2023-02-11
0,2,1,1,0,Greene,2023-02-22
0,1,1,0,0,Greene,2023-02-23
0,1,1,0,0,Greene,2023-03-06
0,3,1,2,0,Halifax,2022-09-24
0,6,1,5,0,Halifax,2022-09-30
0,4,1,3,0,Halifax,2022-10-08
0,4,1,3,0,Halifax,2022-10-15
0,3,1,2,0,Halifax,2022-10-27
0,8,1,7,0,Halifax,2022-11-10
0,4,1,3,0,Halifax,2022-11-15
0,4,1,3,0,Halifax,2023-01-22
0,2,1,1,0,Halifax,2023-02-26
0,9,1,8,0,Halifax,2023-03-01
0,5,1,4,0,Halifax,2023-03-02
0,5,1,4,0,Harnett,2022-10-30
0,8,1,7,0,Harnett,2022-11-18
0,2,1,1,0,Harnett,2023-03-11
0,7,1,6,0,Haywood,2022-09-20
0,3,1,2,0,Haywood,2022-11-26
0,1,1,0,0,Haywood,2022-12-01
0,3,1,2,0,Haywood,2022-12-10
0,3,1,2,0,Haywood,2022-12-24
0,3,1,2,0,Haywood,2023-03-08
0,4,1,3,0,Henderson,2022-11-20
0,5,1,4,0,Henderson,2023-02-24
0,4,1,3,0,Henderson,2023-03-01
0,2,1,1,0,Hertford,2022-09-20
0,3,1,2,0,Hertford,2022-09-27
0,3,1,2,0,Hertford,2022-09-28
0,2,1,1,0,Hertford,2022-10-07
0,1,1,0,0,Hertford,2022-10-15
0,1,1,0,0,Hertford,2022-10-21
0,3,1,2,0,Hertford,2022-10-26
0,4,1,3,0,Hertford,2022-10-31
0,3,1,2,0,Hertford,2022-11-09
0,1,1,0,0,Hertford,2022-11-16
0,6,1,5,0,Hertford,2022-12-07
0,3,1,2,0,Hertford,2022-12-10
0,3,1,2,0,Hertford,2022-12-16
0,6,1,5,0,Hertford,2022-12-23
0,4,1,3,0,Hertford,2022-12-25
0,1,1,0,0,Hertford,2022-12-30
0,2,1,1,0,Hertford,2022-12-31
0,2,1,1,0,Hertford,2023-01-15
0,3,1,2,0,Hertford,2023-02-11
0,2,1,1,0,Hertford,2023-02-13
0,2,1,1,0,Hertford,2023-02-15
0,1,1,0,0,Hertford,2023-02-18
0,1,1,0,0,Hertford,2023-02-20
0,1,1,0,0,Hertford,2023-03-09
0,3,1,2,0,Hoke,2022-09-29
0,2,1,1,0,Hoke,2022-10-01
0,4,1,3,0,Hoke,2022-10-19
0,3,1,2,0,Hoke,2022-10-26
0,1,1,0,0,Hoke,2022-10-30
0,5,1,4,0,Hoke,2022-10-31
0,3,1,2,0,Hoke,2022-11-15
0,1,1,0,0,Hoke,2022-11-20
0,4,1,3,0,Hoke,2022-11-22
0,5,1,4,0,Hoke,2022-12-02
0,8,1,7,0,Hoke,2023-01-16
0,6,1,5,0,Hoke,2023-02-11
0,2,1,1,0,Hyde,2022-09-20
0,1,1,0,0,Hyde,2022-10-15
0,1,1,0,0,Hyde,2022-12-06
0,2,1,1,0,Hyde,2022-12-20
0,1,1,0,0,Hyde,2023-01-10
0,11,1,10,0,Iredell,2022-10-30
0,13,1,12,0,Iredell,2022-11-05
0,2,1,1,0,Iredell,2023-02-25
0,7,1,6,0,Jackson,2022-09-14
0,3,1,2,0,Jackson,2022-09-18
0,4,1,3,0,Jackson,2022-10-01
0,4,1,3,0,Jackson,2022-10-06
0,2,1,1,0,Jackson,2022-10-09
0,1,1,0,0,Jackson,2022-10-12
0,1,1,0,0,Jackson,2022-10-19
0,1,1,0,0,Jackson,2022-10-23
0,3,1,2,0,Jackson,2022-10-25
0,5,1,4,0,Jackson,2022-11-04
0,3,1,2,0,Jackson,2022-11-06
0,6,1,5,0,Jackson,2022-11-07
0,5,1,4,0,Jackson,2022-11-08
0,1,1,0,0,Jackson,2022-11-10
0,3,1,2,0,Jackson,2022-11-13
0,1,1,0,0,Jackson,2022-11-15
0,3,1,2,0,Jackson,2022-11-25
0,4,1,3,0,Jackson,2022-12-05
0,3,1,2,0,Jackson,2022-12-07
0,2,1,1,0,Jackson,2022-12-08
0,1,1,0,0,Jackson,2022-12-15
0,6,1,5,0,Jackson,2022-12-17
0,4,1,3,0,Jackson,2022-12-23
0,6,1,5,0,Jackson,2023-01-14
0,4,1,3,0,Jackson,2023-01-19
0,6,1,5,0,Jackson,2023-01-23
0,7,1,6,0,Jackson,2023-01-27
0,2,1,1,0,Jackson,2023-02-04
0,1,1,0,0,Jackson,2023-03-03
0,4,1,3,0,Jackson,2023-03-04
0,3,1,2,0,Jackson,2023-03-10
0,8,1,7,0,Johnston,2022-10-29
0,11,1,10,0,Johnston,2022-11-20
0,5,1,4,0,Jones,2022-09-19
0,1,1,0,0,Jones,2022-10-13
0,1,1,0,0,Jones,2022-10-19
0,1,1,0,0,Jones,2022-10-29
0,1,1,0,0,Jones,2022-10-31
0,1,1,0,0,Jones,2022-11-03
0,1,1,0,0,Jones,2022-11-08
0,1,1,0,0,Jones,2022-11-11
0,1,1,0,0,Jones,2022-11-22
0,1,1,0,0,Jones,2022-12-01
0,3,1,2,0,Jones,2022-12-06
0,2,1,1,0,Jones,2022-12-07
0,4,1,3,0,Jones,2022-12-21
0,2,1,1,0,Jones,2022-12-24
0,2,1,1,0,Jones,2023-01-19
0,1,1,0,0,Jones,2023-01-31
0,2,1,1,0,Jones,2023-02-03
0,3,1,2,0,Jones,2023-02-06
0,3,1,2,0,Jones,2023-02-15
0,2,1,1,0,Lee,2022-10-14
0,3,1,2,0,Lee,2022-11-02
0,1,1,0,0,Lee,2022-11-13
0,3,1,2,0,Lee,2022-11-23
0,4,1,3,0,Lee,2022-11-26
0,3,1,2,0,Lee,2022-12-24
0,6,1,5,0,Lee,2023-01-20
0,2,1,1,0,Lee,2023-02-01
0,5,1,4,0,Lee,2023-02-03
0,7,1,6,0,Lee,2023-02-05
0,2,1,1,0,Lee,2023-03-03
0,3,1,2,0,Lee,2023-03-10
0,3,1,2,0,Lenoir,2022-09-30
0,6,1,5,0,Lenoir,2022-10-06
0,4,1,3,0,Lenoir,2022-10-14
0,5,1,4,0,Lenoir,2022-10-31
0,3,1,2,0,Lenoir,2022-11-13
0,2,1,1,0,Lenoir,2022-11-22
0,2,1,1,0,Lenoir,2022-12-03
0,5,1,4,0,Lenoir,2022-12-11
0,5,1,4,0,Lincoln,2022-11-05
0,4,1,3,0,Lincoln,2023-03-11
0,1,1,0,0,Macon,2022-09-24
0,7,1,6,0,Macon,2022-09-30
0,2,1,1,0,Macon,2022-10-04
0,3,1,2,0,Macon,2022-10-05
0,2,1,1,0,Macon,2022-10-08
0,1,1,0,0,Macon,2022-10-14
0,1,1,0,0,Macon,2022-10-19
0,2,1,1,0,Macon,2022-10-28
0,6,1,5,0,Macon,2022-11-01
0,3,1,2,0,Macon,2022-11-04
0,6,1,5,0,Macon,2022-11-07
0,4,1,3,0,Macon,2022-11-22
0,3,1,2,0,Macon,2022-11-23
0,8,1,7,0,Macon,2022-12-19
0,3,1,2,0,Macon,2022-12-31
0,4,1,3,0,Macon,2023-01-05
0,2,1,1,0,Macon,2023-01-12
0,3,1,2,0,Macon,2023-01-21
0,1,1,0,0,Macon,2023-01-27
0,2,1,1,0,Macon,2023-02-01
0,1,1,0,0,Macon,2023-02-28
0,3,1,2,0,Macon,2023-03-03
0,4,1,3,0,Madison,2022-09-15
0,2,1,1,0,Madison,2022-09-16
0,3,1,2,0,Madison,2022-09-17
0,6,1,5,0,Madison,2022-09-19
0,3,1,2,0,Madison,2022-09-29
0,2,1,1,0,Madison,2022-10-14
0,1,1,0,0,Madison,2022-10-16
0,2,1,1,0,Madison,2022-10-20
0,1,1,0,0,Madison,2022-10-25
0,4,1,3,0,Madison,2022-11-01
0,2,1,1,0,Madison,2022-11-03
0,2,1,1,0,Madison,2022-11-04
0,1,1,0,0,Madison,2022-11-15
0,2,1,1,0,Madison,2022-11-17
0,3,1,2,0,Madison,2022-12-06
0,2,1,1,0,Madison,2022-12-09
0,1,1,0,0,Madison,2022-12-23
0,1,1,0,0,Madison,2023-01-01
0,2,1,1,0,Madison,2023-01-04
0,2,1,1,0,Madison,2023-01-06
0,1,1,0,0,Madison,2023-01-26
0,2,1,1,0,Madison,2023-02-01
0,2,1,1,0,Madison,2023-02-05
0,1,1,0,0,Madison,2023-02-12
0,1,1,0,0,Madison,2023-02-23
0,2,1,1,0,Madison,2023-02-27
0,3,1,2,0,Madison,2023-03-02
0,4,1,3,0,Martin,2022-09-29
0,2,1,1,0,Martin,2022-10-01
0,1,1,0,0,Martin,2022-10-08
0,2,1,1,0,Martin,2022-10-09
0,3,1,2,0,Martin,2022-10-24
0,6,1,5,0,McDowell,2022-09-21
0,5,1,4,0,McDowell,2022-10-25
0,6,1,5,0,McDowell,2022-11-19
0,1,1,0,0,McDowell,2022-12-25
0,3,1,2,0,McDowell,2023-01-15
0,5,1,4,0,McDowell,2023-01-22
0,2,1,1,0,McDowell,2023-02-27
0,5,1,4,0,McDowell,2023-03-03
0,2,1,1,0,Mitchell,2022-09-14
0,1,1,0,0,Mitchell,2022-09-19
0,1,1,0,0,Mitchell,2022-09-22
0,1,1,0,0,Mitchell,2022-10-04
0,1,1,0,0,Mitchell,2022-10-05
0,1,1,0,0,Mitchell,2022-10-10
0,1,1,0,0,Mitchell,2022-10-15
0,1,1,0,0,Mitchell,2022-10-25
0,2,1,1,0,Mitchell,2022-10-31
0,2,1,1,0,Mitchell,2022-11-09
0,1,1,0,0,Mitchell,2022-11-10
0,2,1,1,0,Mitchell,2022-11-11
0,1,1,0,0,Mitchell,2022-11-14
0,1,1,0,0,Mitchell,2022-11-28
0,2,1,1,0,Mitchell,2022-11-29
0,3,1,2,0,Mitchell,2022-12-02
0,1,1,0,0,Mitchell,2022-12-13
0,2,1,1,0,Mitchell,2022-12-14
0,2,1,1,0,Mitchell,2022-12-17
0,1,1,0,0,Mitchell,2022-12-30
0,3,1,2,0,Mitchell,2023-01-08
0,3,1,2,0,Mitchell,2023-01-12
0,1,1,0,0,Mitchell,2023-01-28
0,3,1,2,0,Mitchell,2023-02-09
0,1,1,0,0,Mitchell,2023-02-27
0,1,1,0,0,Mitchell,2023-03-02
0,1,1,0,0,Mitchell,2023-03-09
0,6,1,5,0,Montgomery,2022-09-28
0,4,1,3,0,Montgomery,2022-10-06
0,2,1,1,0,Montgomery,2022-10-31
0,2,1,1,0,Montgomery,2022-11-06
0,2,1,1,0,Montgomery,2022-11-29
0,1,1,0,0,Montgomery,2022-11-30
0,5,1,4,0,Montgomery,2022-12-05
0,1,1,0,0,Montgomery,2022-12-09
0,3,1,2,0,Montgomery,2022-12-25
0,5,1,4,0,Montgomery,2023-01-13
0,4,1,3,0,Montgomery,2023-02-02
0,2,1,1,0,Montgomery,2023-02-05
0,6,1,5,0,Montgomery,2023-02-07
0,3,1,2,0,Montgomery,2023-02-08
0,1,1,0,0,Montgomery,2023-02-11
0,4,1,3,0,Montgomery,2023-02-23
0,2,1,1,0,Montgomery,2023-03-05
0,2,1,1,0,Montgomery,2023-03-07
0,1,1,0,0,Montgomery,2023-03-09
0,9,1,8,0,Moore,2022-11-22
0,11,1,10,0,Moore,2022-12-06
0,12,1,11,0,Moore,2023-02-12
0,4,1,3,0,Moore,2023-02-26
0,3,1,2,0,Moore,2023-03-08
0,3,1,2,0,Moore,2023-03-09
0,4,1,3,0,Nash,2022-11-14
0,3,1,2,0,Nash,2022-11-19
0,3,1,2,0,Nash,2022-11-23
0,7,1,6,0,Nash,2023-01-28
0,3,1,2,0,Nash,2023-02-26
0,2,1,1,0,Nash,2023-03-04
0,8,1,7,0,New Hanover,2022-10-15
0,6,1,5,0,New Hanover,2022-10-23
0,8,1,7,0,New Hanover,2023-03-03
0,8,1,7,0,New Hanover,2023-03-05
0,1,1,0,0,Northampton,2022-10-01
0,4,1,3,0,Northampton,2022-10-25
0,1,1,0,0,Northampton,2022-11-08
0,2,1,1,0,Northampton,2022-11-16
0,2,1,1,0,Northampton,2022-11-18
0,2,1,1,0,Northampton,2022-11-27
0,4,1,3,0,Northampton,2022-12-12
0,1,1,0,0,Northampton,2022-12-14
0,1,1,0,0,Northampton,2023-01-22
0,2,1,1,0,Northampton,2023-01-31
0,2,1,1,0,Northampton,2023-02-11
0,1,1,0,0,Northampton,2023-02-12
0,5,1,4,0,Northampton,2023-02-27
0,3,1,2,0,Northampton,2023-03-07
0,5,1,4,0,Onslow,2022-10-09
0,2,1,1,0,Onslow,2022-11-20
0,8,1,7,0,Onslow,2023-02-18
0,2,1,1,0,Onslow,2023-03-11
0,12,1,11,0,Orange,2022-10-02
0,10,1,9,0,Orange,2022-11-15
0,15,1,14,0,Orange,2022-11-26
0,10,1,9,0,Orange,2023-03-01
0,2,1,1,0,Pamlico,2022-09-28
0,2,1,1,0,Pamlico,2022-10-03
0,2,1,1,0,Pamlico,2022-10-06
0,2,1,1,0,Pamlico,2022-10-11
0,3,1,2,0,Pamlico,2022-10-18
0,2,1,1,0,Pamlico,2022-11-03
0,3,1,2,0,Pamlico,2022-11-04
0,3,1,2,0,Pamlico,2022-11-14
0,1,1,0,0,Pamlico,2022-11-30
0,2,1,1,0,Pamlico,2022-12-05
0,4,1,3,0,Pamlico,2022-12-20
0,1,1,0,0,Pamlico,2022-12-23
0,2,1,1,0,Pamlico,2023-01-12
0,1,1,0,0,Pamlico,2023-01-14
0,2,1,1,0,Pamlico,2023-01-26
0,6,1,5,0,Pamlico,2023-01-27
0,2,1,1,0,Pamlico,2023-01-29
0,3,1,2,0,Pamlico,2023-01-31
0,1,1,0,0,Pamlico,2023-02-11
0,1,1,0,0,Pamlico,2023-02-14
0,1,1,0,0,Pamlico,2023-02-16
0,1,1,0,0,Pamlico,2023-02-23
0,3,1,2,0,Pasquotank,2022-09-22
0,4,1,3,0,Pasquotank,2022-09-27
0,1,1,0,0,Pasquotank,2022-10-02
0,2,1,1,0,Pasquotank,2022-10-06
0,1,1,0,0,Pasquotank,2022-10-13
0,2,1,1,0,Pasquotank,2022-10-18
0,4,1,3,0,Pasquotank,2022-10-28
0,6,1,5,0,Pasquotank,2022-11-05
0,1,1,0,0,Pasquotank,2022-11-16
0,2,1,1,0,Pasquotank,2022-11-17
0,4,1,3,0,Pasquotank,2022-11-21
0,3,1,2,0,Pasquotank,2022-11-22
0,3,1,2,0,Pasquotank,2022-11-25
0,2,1,1,0,Pasquotank,2022-12-04
0,1,1,0,0,Pasquotank,2022-12-07
0,3,1,2,0,Pasquotank,2022-12-11
0,3,1,2,0,Pasquotank,2022-12-18
0,5,1,4,0,Pasquotank,2023-01-10
0,3,1,2,0,Pasquotank,2023-01-15
0,3,1,2,0,Pasquotank,2023-01-29
0,2,1,1,0,Pasquotank,2023-01-31
0,3,1,2,0,Pasquotank,2023-02-04
0,7,1,6,0,Pasquotank,2023-02-14
0,1,1,0,0,Pasquotank,2023-02-15
0,3,1,2,0,Pasquotank,2023-02-25
0,2,1,1,0,Pasquotank,2023-02-28
0,1,1,0,0,Pasquotank,2023-03-02
0,3,1,2,0,Pasquotank,2023-03-04
0,1,1,0,0,Pasquotank,2023-03-08
0,2,1,1,0,Pender,2022-09-25
0,6,1,5,0,Pender,2022-10-03
0,6,1,5,0,Pender,2022-10-06
0,4,1,3,0,Pender,2022-10-08
0,5,1,4,0,Pender,2022-10-16
0,2,1,1,0,Pender,2022-10-30
0,3,1,2,0,Pender,2022-10-31
0,3,1,2,0,Pender,2022-11-08
0,6,1,5,0,Pender,2022-11-16
0,3,1,2,0,Pender,2022-11-20
0,1,1,0,0,Pender,2022-12-07
0,6,1,5,0,Pender,2022-12-17
0,10,1,9,0,Pender,2022-12-18
0,6,1,5,0,Pender,2023-01-18
0,7,1,6,0,Pender,2023-01-19
0,8,1,7,0,Pender,2023-02-07
0,5,1,4,0,Pender,2023-02-11
0,1,1,0,0,Pender,2023-02-18
0,3,1,2,0,Perquimans,2022-09-14
0,1,1,0,0,Perquimans,2022-09-18
0,2,1,1,0,Perquimans,2022-09-27
0,1,1,0,0,Perquimans,2022-10-08
0,1,1,0,0,Perquimans,2022-10-15
0,1,1,0,0,Perquimans,2022-10-20
0,3,1,2,0,Perquimans,2022-10-21
0,2,1,1,0,Perquimans,2022-10-29
0,2,1,1,0,Perquimans,2022-10-31
0,1,1,0,0,Perquimans,2022-11-01
0,3,1,2,0,Perquimans,2022-11-02
0,1,1,0,0,Perquimans,2022-11-08
0,1,1,0,0,Perquimans,2022-11-13
0,2,1,1,0,Perquimans,2022-11-16
0,1,1,0,0,Perquimans,2022-12-08
0,2,1,1,0,Perquimans,2022-12-16
0,2,1,1,0,Perquimans,2022-12-17
0,1,1,0,0,Perquimans,2023-01-01
0,1,1,0,0,Perquimans,2023-01-11
0,1,1,0,0,Perquimans,2023-01-15
0,2,1,1,0,Perquimans,2023-01-23
0,1,1,0,0,Perquimans,2023-01-28
0,3,1,2,0,Perquimans,2023-02-07
0,1,1,0,0,Perquimans,2023-02-26
0,2,1,1,0,Perquimans,2023-02-28
0,1,1,0,0,Perquimans,2023-03-05
0,1,1,0,0,Perquimans,2023-03-07
0,2,1,1,0,Person,2022-09-17
0,1,1,0,0,Person,2022-10-02
0,4,1,3,0,Person,2022-10-03
0,1,1,0,0,Person,2022-10-08
0,2,1,1,0,Person,2022-10-12
0,8,1,7,0,Person,2022-11-01
0,3,1,2,0,Person,2022-11-05
0,7,1,6,0,Person,2022-11-07
0,4,1,3,0,Person,2022-11-13
0,3,1,2,0,Person,2022-11-18
0,9,1,8,0,Person,2022-11-28
0,2,1,1,0,Person,2022-12-01
0,6,1,5,0,Person,2022-12-02
0,3,1,2,0,Person,2022-12-03
0,8,1,7,0,Person,2022-12-14
0,5,1,4,0,Person,2022-12-31
0,2,1,1,0,Person,2023-01-08
0,3,1,2,0,Person,2023-01-12
0,4,1,3,0,Person,2023-01-13
0,2,1,1,0,Person,2023-01-14
0,4,1,3,0,Person,2023-01-16
0,4,1,3,0,Person,2023-01-25
0,3,1,2,0,Person,2023-02-07
0,5,1,4,0,Person,2023-02-24
0,2,1,1,0,Person,2023-03-03
0,1,1,0,0,Person,2023-03-04
0,4,1,3,0,Person,2023-03-05
0,11,1,10,0,Pitt,2022-10-09
0,3,1,2,0,Polk,2022-09-24
0,2,1,1,0,Polk,2022-09-25
0,2,1,1,0,Polk,2022-09-28
0,1,1,0,0,Polk,2022-10-01
0,1,1,0,0,Polk,2022-10-07
0,1,1,0,0,Polk,2022-10-08
0,2,1,1,0,Polk,2022-10-10
0,2,1,1,0,Polk,2022-10-15
0,2,1,1,0,Polk,2022-10-22
0,1,1,0,0,Polk,2022-11-08
0,1,1,0,0,Polk,2022-11-09
0,2,1,1,0,Polk,2022-11-11
0,2,1,1,0,Polk,2022-11-20
0,1,1,0,0,Polk,2022-11-25
0,1,1,0,0,Polk,2022-11-26
0,1,1,0,0,Polk,2022-11-27
0,1,1,0,0,Polk,2022-12-02
0,1,1,0,0,Polk,2022-12-03
0,4,1,3,0,Polk,2022-12-11
0,1,1,0,0,Polk,2022-12-13
0,2,1,1,0,Polk,2022-12-17
0,2,1,1,0,Polk,2022-12-21
0,5,1,4,0,Polk,2022-12-30
0,1,1,0,0,Polk,2023-01-11
0,3,1,2,0,Polk,2023-01-15
0,3,1,2,0,Polk,2023-01-17
0,1,1,0,0,Polk,2023-02-04
0,3,1,2,0,Polk,2023-02-10
0,2,1,1,0,Polk,2023-02-11
0,1,1,0,0,Polk,2023-02-14
0,2,1,1,0,Polk,2023-02-24
0,1,1,0,0,Polk,2023-03-11
0,3,1,2,0,Richmond,2022-09-29
0,7,1,6,0,Richmond,2022-10-07
0,3,1,2,0,Richmond,2022-10-25
0,4,1,3,0,Richmond,2022-11-01
0,1,1,0,0,Richmond,2022-11-09
0,3,1,2,0,Richmond,2022-11-22
0,3,1,2,0,Richmond,2022-11-23
0,1,1,0,0,Richmond,2022-11-27
0,5,1,4,0,Robeson,2022-11-12
0,3,1,2,0,Robeson,2023-03-05
0,6,1,5,0,Rockingham,2022-10-17
0,7,1,6,0,Rockingham,2022-10-26
0,5,1,4,0,Rockingham,2022-10-28
0,11,1,10,0,Rockingham,2022-10-31
0,6,1,5,0,Rockingham,2022-11-15
0,8,1,7,0,Rockingham,2022-11-18
0,1,1,0,0,Rockingham,2022-11-24
0,2,1,1,0,Rockingham,2023-02-05
0,7,1,6,0,Rockingham,2023-02-12
0,5,1,4,0,Rockingham,2023-02-18
0,8,1,7,0,Rockingham,2023-02-24
0,5,1,4,0,Rockingham,2023-03-07
0,3,1,2,0,Rockingham,2023-03-08
0,5,1,4,0,Rowan,2022-10-15
0,4,1,3,0,Rowan,2022-11-13
0,12,1,11,0,Rowan,2023-02-24
0,6,1,5,0,Rutherford,2022-09-27
0,4,1,3,0,Rutherford,2022-10-01
0,6,1,5,0,Rutherford,2022-10-24
0,4,1,3,0,Rutherford,2022-11-16
0,6,1,5,0,Rutherford,2022-11-20
0,3,1,2,0,Rutherford,2023-01-29
0,3,1,2,0,Rutherford,2023-03-01
0,1,1,0,0,Rutherford,2023-03-09
0,3,1,2,0,Sampson,2022-10-30
0,2,1,1,0,Sampson,2022-11-10
0,3,1,2,0,Sampson,2022-11-23
0,3,1,2,0,Sampson,2022-12-25
0,1,1,0,0,Sampson,2023-02-25
0,3,1,2,0,Scotland,2022-09-22
0,2,1,1,0,Scotland,2022-10-08
0,1,1,0,0,Scotland,2022-10-10
0,1,1,0,0,Scotland,2022-10-11
0,4,1,3,0,Scotland,2022-10-17
0,4,1,3,0,Scotland,2022-10-18
0,4,1,3,0,Scotland,2022-10-20
0,1,1,0,0,Scotland,2022-10-23
0,1,1,0,0,Scotland,2022-11-02
0,1,1,0,0,Scotland,2022-11-06
0,1,1,0,0,Scotland,2022-11-13
0,1,1,0,0,Scotland,2022-11-15
0,2,1,1,0,Scotland,2022-11-27
0,2,1,1,0,Scotland,2022-12-05
0,3,1,2,0,Scotland,2022-12-07
0,6,1,5,0,Scotland,2023-01-22
0,1,1,0,0,Scotland,2023-02-11
0,1,1,0,0,Scotland,2023-02-25
0,1,1,0,0,Scotland,2023-03-11
0,6,1,5,0,Stanly,2022-11-08
0,5,1,4,0,Stanly,2022-11-09
0,4,1,3,0,Stokes,2022-11-24
0,2,1,1,0,Stokes,2023-01-22
0,1,1,0,0,Stokes,2023-02-05
0,1,1,0,0,Stokes,2023-02-19
0,1,1,0,0,Stokes,2023-03-05
0,3,1,2,0,Stokes,2023-03-08
0,5,1,4,0,Surry,2022-09-18
0,3,1,2,0,Surry,2022-10-16
0,4,1,3,0,Surry,2022-11-06
0,3,1,2,0,Surry,2023-02-25
0,5,1,4,0,Surry,2023-03-08
0,5,1,4,0,Swain,2022-09-18
0,2,1,1,0,Swain,2022-09-19
0,1,1,0,0,Swain,2022-10-02
0,1,1,0,0,Swain,2022-10-12
0,2,1,1,0,Swain,2022-10-17
0,4,1,3,0,Swain,2022-10-20
0,1,1,0,0,Swain,2022-10-22
0,2,1,1,0,Swain,2022-10-25
0,6,1,5,0,Swain,2022-11-03
0,3,1,2,0,Swain,2022-11-05
0,2,1,1,0,Swain,2022-11-06
0,1,1,0,0,Swain,2022-11-14
0,1,1,0,0,Swain,2022-11-16
0,1,1,0,0,Swain,2022-11-28
0,1,1,0,0,Swain,2022-12-01
0,1,1,0,0,Swain,2022-12-03
0,2,1,1,0,Swain,2022-12-16
0,1,1,0,0,Swain,2022-12-21
0,3,1,2,0,Swain,2022-12-22
0,1,1,0,0,Swain,2022-12-23
0,4,1,3,0,Swain,2023-01-05
0,2,1,1,0,Swain,2023-01-28
0,2,1,1,0,Swain,2023-01-31
0,3,1,2,0,Swain,2023-02-02
0,3,1,2,0,Swain,2023-02-16
0,1,1,0,0,Swain,2023-02-17
0,1,1,0,0,Swain,2023-02-21
0,2,1,1,0,Swain,2023-02-22
0,2,1,1,0,Swain,2023-03-01
0,2,1,1,0,Swain,2023-03-02
0,2,1,1,0,Swain,2023-03-03
0,1,1,0,0,Swain,2023-03-04
0,5,1,4,0,Transylvania,2022-10-03
0,4,1,3,0,Transylvania,2022-10-07
0,3,1,2,0,Transylvania,2022-10-09
0,5,1,4,0,Transylvania,2022-10-16
0,6,1,5,0,Transylvania,2022-10-17
0,3,1,2,0,Transylvania,2022-10-22
0,4,1,3,0,Transylvania,2022-10-23
0,5,1,4,0,Transylvania,2022-10-25
0,5,1,4,0,Transylvania,2022-10-27
0,4,1,3,0,Transylvania,2022-10-28
0,2,1,1,0,Transylvania,2022-11-06
0,4,1,3,0,Transylvania,2022-11-07
0,1,1,0,0,Transylvania,2022-11-10
0,4,1,3,0,Transylvania,2022-11-12
0,1,1,0,0,Transylvania,2022-11-13
0,3,1,2,0,Transylvania,2022-11-14
0,1,1,0,0,Transylvania,2022-11-16
0,4,1,3,0,Transylvania,2022-11-20
0,1,1,0,0,Transylvania,2022-11-26
0,3,1,2,0,Transylvania,2022-11-30
0,3,1,2,0,Transylvania,2022-12-01
0,6,1,5,0,Transylvania,2022-12-12
0,8,1,7,0,Transylvania,2023-01-02
0,6,1,5,0,Transylvania,2023-01-18
0,8,1,7,0,Transylvania,2023-01-20
0,1,1,0,0,Transylvania,2023-02-07
0,2,1,1,0,Transylvania,2023-02-20
0,2,1,1,0,Transylvania,2023-02-23
0,2,1,1,0,Transylvania,2023-02-26
0,2,1,1,0,Transylvania,2023-02-28
0,1,1,0,0,Transylvania,2023-03-10
0,4,1,3,0,Tyrrell,2022-09-21
0,1,1,0,0,Tyrrell,2022-09-26
0,2,1,1,0,Tyrrell,2022-09-27
0,1,1,0,0,Tyrrell,2022-10-04
0,1,1,0,0,Tyrrell,2022-10-12
0,1,1,0,0,Tyrrell,2022-10-21
0,2,1,1,0,Tyrrell,2022-10-24
0,2,1,1,0,Tyrrell,2022-12-15
0,1,1,0,0,Tyrrell,2022-12-27
0,1,1,0,0,Tyrrell,2022-12-30
0,1,1,0,0,Tyrrell,2023-01-03
0,1,1,0,0,Tyrrell,2023-01-06
0,1,1,0,0,Tyrrell,2023-01-17
0,1,1,0,0,Tyrrell,2023-02-02
0,1,1,0,0,Tyrrell,2023-03-02
0,9,1,8,0,Union,2022-11-12
0,11,1,10,0,Union,2023-03-03
0,6,1,5,0,Union,2023-03-04
0,2,1,1,0,Vance,2022-09-24
0,8,1,7,0,Vance,2022-10-06
0,2,1,1,0,Vance,2022-10-11
0,6,1,5,0,Vance,2022-11-03
0,2,1,1,0,Vance,2022-11-18
0,4,1,3,0,Vance,2022-11-21
0,2,1,1,0,Vance,2022-11-26
0,4,1,3,0,Vance,2022-12-01
0,6,1,5,0,Vance,2022-12-03
0,2,1,1,0,Vance,2023-02-18
0,3,1,2,0,Vance,2023-02-19
0,6,1,5,0,Vance,2023-02-23
0,1,1,0,0,Vance,2023-02-26
0,4,1,3,0,Vance,2023-03-07
0,6,1,5,0,Warren,2022-09-19
0,8,1,7,0,Warren,2022-09-27
0,1,1,0,0,Warren,2022-09-28
0,3,1,2,0,Warren,2022-11-01
0,3,1,2,0,Warren,2022-11-03
0,1,1,0,0,Warren,2022-11-15
0,1,1,0,0,Warren,2022-11-16
0,1,1,0,0,Warren,2022-11-18
0,3,1,2,0,Warren,2022-12-02
0,1,1,0,0,Warren,2022-12-05
0,1,1,0,0,Warren,2022-12-10
0,1,1,0,0,Warren,2022-12-23
0,4,1,3,0,Warren,2022-12-30
0,6,1,5,0,Warren,2023-01-02
0,4,1,3,0,Warren,2023-01-12
0,3,1,2,0,Warren,2023-01-19
0,1,1,0,0,Warren,2023-02-12
0,7,1,6,0,Warren,2023-02-16
0,2,1,1,0,Warren,2023-02-23
0,3,1,2,0,Washington,2022-09-14
0,3,1,2,0,Washington,2022-09-16
0,3,1,2,0,Washington,2022-09-23
0,3,1,2,0,Washington,2022-09-24
0,4,1,3,0,Washington,2022-10-11
0,1,1,0,0,Washington,2022-10-22
0,1,1,0,0,Washington,2022-10-25
0,1,1,0,0,Washington,2022-10-31
0,1,1,0,0,Washington,2022-11-01
0,1,1,0,0,Washington,2022-11-03
0,2,1,1,0,Washington,2022-12-15
0,2,1,1,0,Washington,2023-01-23
0,4,1,3,0,Washington,2023-01-25
0,6,1,5,0,Washington,2023-01-26
0,2,1,1,0,Washington,2023-02-10
0,2,1,1,0,Washington,2023-03-01
0,12,1,11,0,Watauga,2022-09-16
0,2,1,1,0,Watauga,2022-10-08
0,6,1,5,0,Watauga,2022-10-10
0,6,1,5,0,Watauga,2022-11-09
0,6,1,5,0,Watauga,2022-11-11
0,3,1,2,0,Watauga,2022-11-12
0,4,1,3,0,Watauga,2022-11-13
0,4,1,3,0,Watauga,2022-12-02
0,8,1,7,0,Watauga,2022-12-25
0,9,1,8,0,Watauga,2022-12-27
0,4,1,3,0,Watauga,2023-01-10
0,7,1,6,0,Watauga,2023-01-18
0,2,1,1,0,Watauga,2023-01-21
0,9,1,8,0,Watauga,2023-02-06
0,1,1,0,0,Watauga,2023-02-11
0,5,1,4,0,Watauga,2023-02-15
0,1,1,0,0,Watauga,2023-02-18
0,3,1,2,0,Watauga,2023-02-19
0,4,1,3,0,Watauga,2023-02-20
0,3,1,2,0,Watauga,2023-03-06
0,9,1,8,0,Wayne,2022-10-30
0,6,1,5,0,Wayne,2023-02-26
0,7,1,6,0,Wilkes,2022-11-05
0,4,1,3,0,Wilkes,2022-11-10
0,1,1,0,0,Wilkes,2022-11-17
0,2,1,1,0,Wilkes,2022-11-22
0,2,1,1,0,Wilkes,2023-03-06
0,1,1,0,0,Wilkes,2023-03-08
0,4,1,3,0,Wilson,2022-10-02
0,4,1,3,0,Wilson,2022-10-15
0,2,1,1,0,Wilson,2022-10-23
0,5,1,4,0,Wilson,2022-11-16
0,3,1,2,0,Wilson,2022-11-20
0,3,1,2,0,Wilson,2022-11-23
0,2,1,1,0,Wilson,2022-12-25
0,3,1,2,0,Wilson,2023-03-08
0,16,1,15,0,Yadkin,2022-10-03
0,6,1,5,0,Yadkin,2022-10-07
0,2,1,1,0,Yadkin,2022-10-28
0,6,1,5,0,Yadkin,2022-11-10
0,3,1,2,0,Yadkin,2022-11-14
0,2,1,1,0,Yadkin,2022-12-04
0,6,1,5,0,Yadkin,2022-12-07
0,5,1,4,0,Yadkin,2023-01-21
0,3,1,2,0,Yadkin,2023-03-02
0,2,1,1,0,Yancey,2022-09-25
0,1,1,0,0,Yancey,2022-10-26
0,1,1,0,0,Yancey,2022-10-27
0,2,1,1,0,Yancey,2022-11-02
0,1,1,0,0,Yancey,2022-11-05
0,2,1,1,0,Yancey,2022-11-22
0,2,1,1,0,Yancey,2022-11-26
0,4,1,3,0,Yancey,2022-11-29
0,2,1,1,0,Yancey,2022-12-01
0,1,1,0,0,Yancey,2022-12-10
0,2,1,1,0,Yancey,2022-12-12
0,2,1,1,0,Yancey,2022-12-16
0,3,1,2,0,Yancey,2022-12-20
0,1,1,0,0,Yancey,2022-12-23
0,2,1,1,0,Yancey,2022-12-31
0,2,1,1,0,Yancey,2023-01-24
0,3,1,2,0,Yancey,2023-02-01
0,1,1,0,0,Yancey,2023-02-02
0,3,1,2,0,Yancey,2023-02-06
0,1,1,0,0,Yancey,2023-02-24
0,1,1,0,0,Yancey,2023-03-05
0,11,2,9,0,Alamance,2022-10-22
0,5,2,3,0,Alexander,2022-10-12
0,4,2,2,0,Alexander,2022-10-19
0,6,2,4,0,Alexander,2022-11-22
0,2,2,0,0,Alexander,2023-01-07
0,3,2,1,0,Alexander,2023-01-20
0,4,2,2,0,Alleghany,2022-09-22
0,5,2,3,0,Alleghany,2022-10-05
0,4,2,2,0,Alleghany,2022-10-10
0,2,2,0,0,Alleghany,2022-11-09
0,2,2,0,0,Alleghany,2023-01-01
0,3,2,1,0,Alleghany,2023-01-02
0,2,2,0,0,Alleghany,2023-01-10
0,2,2,0,0,Alleghany,2023-01-23
0,2,2,0,0,Alleghany,2023-02-01
0,2,2,0,0,Alleghany,2023-02-14
0,3,2,1,0,Alleghany,2023-02-15
0,5,2,3,0,Anson,2022-09-19
0,7,2,5,0,Anson,2022-12-27
0,3,2,1,0,Ashe,2022-09-15
0,4,2,2,0,Ashe,2022-09-23
0,3,2,1,0,Ashe,2022-09-27
0,3,2,1,0,Ashe,2022-09-28
0,3,2,1,0,Ashe,2022-09-30
0,4,2,2,0,Ashe,2022-10-05
0,3,2,1,0,Ashe,2022-10-12
0,3,2,1,0,Ashe,2022-10-13
0,3,2,1,0,Ashe,2022-10-15
0,2,2,0,0,Ashe,2022-10-23
0,4,2,2,0,Ashe,2022-11-01
0,2,2,0,0,Ashe,2022-11-09
0,4,2,2,0,Ashe,2022-12-09
0,8,2,6,0,Ashe,2022-12-27
0,5,2,3,0,Ashe,2022-12-29
0,4,2,2,0,Ashe,2022-12-30
0,4,2,2,0,Ashe,2023-01-16
0,2,2,0,0,Ashe,2023-01-28
0,3,2,1,0,Ashe,2023-02-07
0,3,2,1,0,Ashe,2023-02-20
0,3,2,1,0,Avery,2022-11-12
0,2,2,0,0,Avery,2023-01-19
0,5,2,3,0,Beaufort,2022-10-05
0,5,2,3,0,Beaufort,2022-10-29
0,6,2,4,0,Beaufort,2022-12-07
0,4,2,2,0,Beaufort,2022-12-24
0,11,2,9,0,Beaufort,2022-12-29
0,6,2,4,0,Beaufort,2023-02-02
0,2,2,0,0,Beaufort,2023-03-10
0,2,2,0,0,Bertie,2022-10-05
0,17,2,15,0,Bladen,2022-09-14
0,12,2,10,0,Bladen,2022-12-23
0,16,2,14,0,Brunswick,2022-10-19
0,13,2,11,0,Buncombe,2022-10-08
0,15,2,13,0,Burke,2022-09-29
0,17,2,15,0,Burke,2022-10-04
0,15,2,13,0,Burke,2023-01-30
0,7,2,5,0,Caldwell,2022-10-08
0,7,2,5,0,Caldwell,2022-12-10
0,2,2,0,0,Camden,2022-09-29
0,2,2,0,0,Camden,2022-10-04
0,3,2,1,0,Camden,2022-10-15
0,4,2,2,0,Camden,2022-10-26
0,2,2,0,0,Camden,2022-12-05
0,2,2,0,0,Camden,2022-12-06
0,2,2,0,0,Camden,2023-01-13
0,5,2,3,0,Carteret,2022-10-22
0,3,2,1,0,Carteret,2022-11-17
0,2,2,0,0,Carteret,2023-03-03
0,2,2,0,0,Caswell,2022-10-31
0,3,2,1,0,Caswell,2022-12-26
0,4,2,2,0,Caswell,2023-01-20
0,3,2,1,0,Caswell,2023-02-13
0,11,2,9,0,Catawba,2023-02-19
0,4,2,2,0,Chatham,2022-09-30
0,2,2,0,0,Chatham,2022-11-19
0,9,2,7,0,Chatham,2023-02-28
0,4,2,2,0,Cherokee,2022-09-22
0,6,2,4,0,Cherokee,2022-09-29
0,4,2,2,0,Cherokee,2022-11-01
0,3,2,1,0,Cherokee,2022-11-02
0,4,2,2,0,Cherokee,2022-11-20
0,11,2,9,0,Cherokee,2022-12-29
0,3,2,1,0,Cherokee,2023-01-24
0,3,2,1,0,Cherokee,2023-01-26
0,6,2,4,0,Cherokee,2023-01-27
0,2,2,0,0,Cherokee,2023-02-02
0,4,2,2,0,Cherokee,2023-02-18
0,8,2,6,0,Chowan,2023-01-27
0,5,2,3,0,Chowan,2023-02-06
0,2,2,0,0,Clay,2022-10-21
0,3,2,1,0,Clay,2022-10-31
0,2,2,0,0,Clay,2022-12-13
0,6,2,4,0,Clay,2023-01-08
0,6,2,4,0,Clay,2023-01-10
0,3,2,1,0,Clay,2023-01-24
0,3,2,1,0,Clay,2023-02-01
0,15,2,13,0,Cleveland,2022-09-23
0,7,2,5,0,Cleveland,2022-11-18
0,5,2,3,0,Cleveland,2023-03-08
0,9,2,7,0,Columbus,2022-10-04
0,2,2,0,0,Columbus,2022-10-20
0,6,2,4,0,Columbus,2022-10-26
0,5,2,3,0,Columbus,2022-10-27
0,4,2,2,0,Columbus,2022-10-31
0,8,2,6,0,Craven,2022-10-23
0,5,2,3,0,Craven,2023-03-05
0,3,2,1,0,Currituck,2022-09-21
0,2,2,0,0,Currituck,2022-09-30
0,3,2,1,0,Currituck,2022-10-29
0,5,2,3,0,Currituck,2022-12-05
0,3,2,1,0,Currituck,2023-02-17
0,2,2,0,0,Currituck,2023-02-26
0,3,2,1,0,Davidson,2022-11-19
0,8,2,6,0,Davidson,2022-11-20
0,14,2,12,0,Davidson,2022-11-24
0,7,2,5,0,Davie,2022-10-08
0,5,2,3,0,Davie,2022-10-16
0,3,2,1,0,Davie,2023-01-29
0,7,2,5,0,Davie,2023-02-09
0,2,2,0,0,Davie,2023-02-10
0,2,2,0,0,Davie,2023-03-08
0,3,2,1,0,Duplin,2022-10-06
0,7,2,5,0,Duplin,2022-10-14
0,6,2,4,0,Duplin,2022-10-20
0,4,2,2,0,Duplin,2023-02-16
0,8,2,6,0,Edgecombe,2022-10-06
0,7,2,5,0,Franklin,2022-10-01
0,7,2,5,0,Franklin,2023-01-15
0,5,2,3,0,Franklin,2023-01-29
0,3,2,1,0,Gates,2023-01-03
0,2,2,0,0,Graham,2022-09-21
0,2,2,0,0,Graham,2022-10-25
0,2,2,0,0,Graham,2022-11-15
0,2,2,0,0,Graham,2022-11-23
0,2,2,0,0,Graham,2022-11-28
0,3,2,1,0,Graham,2022-12-06
0,2,2,0,0,Graham,2022-12-19
0,3,2,1,0,Graham,2023-01-10
0,2,2,0,0,Graham,2023-02-08
0,7,2,5,0,Granville,2022-10-09
0,6,2,4,0,Granville,2022-10-13
0,8,2,6,0,Granville,2022-10-19
0,5,2,3,0,Granville,2022-10-30
0,4,2,2,0,Granville,2023-02-05
0,8,2,6,0,Greene,2022-10-03
0,2,2,0,0,Greene,2022-11-04
0,2,2,0,0,Greene,2022-11-05
0,4,2,2,0,Greene,2022-12-15
0,7,2,5,0,Greene,2023-02-01
0,8,2,6,0,Halifax,2023-02-28
0,7,2,5,0,Harnett,2023-02-05
0,8,2,6,0,Haywood,2022-09-17
0,10,2,8,0,Haywood,2022-09-28
0,6,2,4,0,Haywood,2022-12-17
0,3,2,1,0,Haywood,2023-02-24
0,2,2,0,0,Haywood,2023-03-11
0,6,2,4,0,Henderson,2022-11-12
0,3,2,1,0,Hertford,2022-09-30
0,5,2,3,0,Hertford,2022-10-13
0,5,2,3,0,Hertford,2022-10-17
0,2,2,0,0,Hertford,2022-11-03
0,2,2,0,0,Hertford,2022-11-10
0,5,2,3,0,Hertford,2022-11-29
0,4,2,2,0,Hertford,2022-12-06
0,4,2,2,0,Hertford,2022-12-14
0,2,2,0,0,Hertford,2022-12-15
0,5,2,3,0,Hertford,2022-12-21
0,4,2,2,0,Hertford,2023-01-12
0,3,2,1,0,Hertford,2023-02-03
0,5,2,3,0,Hertford,2023-02-10
0,3,2,1,0,Hertford,2023-02-17
0,8,2,6,0,Hoke,2022-09-17
0,7,2,5,0,Hoke,2022-10-05
0,8,2,6,0,Hoke,2022-10-28
0,3,2,1,0,Hoke,2022-11-11
0,7,2,5,0,Hoke,2022-12-01
0,4,2,2,0,Hoke,2023-03-01
0,10,2,8,0,Iredell,2022-11-24
0,2,2,0,0,Jackson,2022-10-08
0,4,2,2,0,Jackson,2022-10-29
0,6,2,4,0,Jackson,2022-11-01
0,2,2,0,0,Jackson,2022-11-22
0,2,2,0,0,Jackson,2022-12-25
0,3,2,1,0,Jackson,2023-01-02
0,4,2,2,0,Jackson,2023-01-15
0,3,2,1,0,Jackson,2023-02-25
0,9,2,7,0,Johnston,2023-03-09
0,3,2,1,0,Jones,2022-09-18
0,3,2,1,0,Jones,2022-11-09
0,2,2,0,0,Jones,2022-11-21
0,3,2,1,0,Jones,2022-12-14
0,2,2,0,0,Jones,2022-12-25
0,3,2,1,0,Jones,2023-02-02
0,2,2,0,0,Jones,2023-02-16
0,3,2,1,0,Lee,2022-10-07
0,7,2,5,0,Lee,2022-11-04
0,3,2,1,0,Lee,2022-11-24
0,5,2,3,0,Lee,2022-12-01
0,8,2,6,0,Lee,2022-12-09
0,6,2,4,0,Lee,2023-01-13
0,7,2,5,0,Lee,2023-01-27
0,9,2,7,0,Lee,2023-01-28
0,4,2,2,0,Lee,2023-02-08
0,2,2,0,0,Lee,2023-02-26
0,6,2,4,0,Lee,2023-02-27
0,2,2,0,0,Lenoir,2022-10-02
0,4,2,2,0,Lenoir,2022-11-07
0,4,2,2,0,Lenoir,2022-12-17
0,4,2,2,0,Lenoir,2023-03-02
0,5,2,3,0,Lincoln,2022-11-11
0,5,2,3,0,Lincoln,2023-03-07
0,4,2,2,0,Macon,2022-09-14
0,6,2,4,0,Macon,2022-09-15
0,7,2,5,0,Macon,2022-09-21
0,3,2,1,0,Macon,2022-09-22
0,6,2,4,0,Macon,2022-09-26
0,3,2,1,0,Macon,2022-11-02
0,4,2,2,0,Macon,2023-01-06
0,3,2,1,0,Macon,2023-01-20
0,2,2,0,0,Macon,2023-01-24
0,5,2,3,0,Macon,2023-02-06
0,2,2,0,0,Madison,2022-10-31
0,3,2,1,0,Madison,2022-11-21
0,2,2,0,0,Madison,2022-12-02
0,3,2,1,0,Madison,2022-12-17
0,3,2,1,0,Madison,2022-12-22
0,4,2,2,0,Madison,2022-12-26
0,2,2,0,0,Madison,2023-01-08
0,5,2,3,0,Madison,2023-01-10
0,5,2,3,0,Madison,2023-01-11
0,2,2,0,0,Madison,2023-01-12
0,3,2,1,0,Madison,2023-02-09
0,4,2,2,0,Madison,2023-02-13
0,8,2,6,0,McDowell,2022-10-14
0,6,2,4,0,McDowell,2022-10-27
0,3,2,1,0,Mitchell,2022-09-17
0,2,2,0,0,Mitchell,2022-10-12
0,2,2,0,0,Mitchell,2022-10-14
0,2,2,0,0,Mitchell,2022-10-19
0,2,2,0,0,Mitchell,2022-10-22
0,3,2,1,0,Mitchell,2022-11-01
0,4,2,2,0,Mitchell,2022-12-15
0,3,2,1,0,Mitchell,2022-12-21
0,3,2,1,0,Mitchell,2023-01-09
0,2,2,0,0,Montgomery,2022-09-17
0,4,2,2,0,Montgomery,2022-09-24
0,3,2,1,0,Montgomery,2022-10-05
0,3,2,1,0,Montgomery,2022-10-13
0,2,2,0,0,Montgomery,2022-10-17
0,4,2,2,0,Montgomery,2022-10-27
0,4,2,2,0,Montgomery,2023-01-20
0,4,2,2,0,Montgomery,2023-03-01
0,6,2,4,0,Moore,2022-10-22
0,8,2,6,0,Moore,2022-10-29
0,4,2,2,0,Moore,2022-11-17
0,11,2,9,0,Nash,2022-10-11
0,4,2,2,0,Nash,2022-11-05
0,7,2,5,0,Nash,2022-11-07
0,4,2,2,0,Nash,2022-12-03
0,5,2,3,0,Nash,2023-01-21
0,4,2,2,0,Nash,2023-02-28
0,7,2,5,0,Northampton,2022-09-16
0,4,2,2,0,Northampton,2022-09-27
0,5,2,3,0,Northampton,2022-09-28
0,4,2,2,0,Northampton,2022-12-02
0,2,2,0,0,Northampton,2022-12-26
0,6,2,4,0,Northampton,2022-12-28
0,3,2,1,0,Northampton,2023-01-11
0,3,2,1,0,Northampton,2023-01-24
0,4,2,2,0,Northampton,2023-02-22
0,16,2,14,0,Onslow,2022-10-07
0,13,2,11,0,Onslow,2022-11-22
0,12,2,10,0,Orange,2022-10-15
0,20,2,18,0,Orange,2022-11-03
0,12,2,10,0,Orange,2022-11-05
0,11,2,9,0,Orange,2023-03-09
0,2,2,0,0,Pamlico,2022-10-25
0,6,2,4,0,Pamlico,2022-12-27
0,3,2,1,0,Pamlico,2023-01-06
0,3,2,1,0,Pamlico,2023-02-08
0,4,2,2,0,Pamlico,2023-02-28
0,4,2,2,0,Pasquotank,2022-09-24
0,6,2,4,0,Pasquotank,2022-09-26
0,4,2,2,0,Pasquotank,2022-09-28
0,6,2,4,0,Pasquotank,2022-09-29
0,3,2,1,0,Pasquotank,2022-10-07
0,3,2,1,0,Pasquotank,2022-10-10
0,2,2,0,0,Pasquotank,2022-10-16
0,4,2,2,0,Pasquotank,2022-11-15
0,4,2,2,0,Pasquotank,2022-11-18
0,3,2,1,0,Pasquotank,2022-11-23
0,7,2,5,0,Pasquotank,2022-11-30
0,6,2,4,0,Pasquotank,2022-12-01
0,2,2,0,0,Pasquotank,2022-12-03
0,4,2,2,0,Pasquotank,2022-12-25
0,3,2,1,0,Pasquotank,2023-01-16
0,2,2,0,0,Pasquotank,2023-02-18
0,3,2,1,0,Pasquotank,2023-02-19
0,3,2,1,0,Pasquotank,2023-02-22
0,4,2,2,0,Pender,2022-10-19
0,2,2,0,0,Pender,2022-11-13
0,8,2,6,0,Pender,2022-12-08
0,10,2,8,0,Pender,2023-01-14
0,10,2,8,0,Pender,2023-02-01
0,3,2,1,0,Pender,2023-03-10
0,2,2,0,0,Perquimans,2022-10-11
0,3,2,1,0,Perquimans,2022-10-27
0,3,2,1,0,Perquimans,2023-01-04
0,2,2,0,0,Perquimans,2023-01-14
0,4,2,2,0,Perquimans,2023-02-04
0,2,2,0,0,Perquimans,2023-02-05
0,6,2,4,0,Perquimans,2023-02-21
0,10,2,8,0,Person,2022-09-27
0,3,2,1,0,Person,2022-10-26
0,5,2,3,0,Person,2022-11-30
0,6,2,4,0,Person,2023-02-10
0,3,2,1,0,Person,2023-02-18
0,2,2,0,0,Person,2023-02-25
0,3,2,1,0,Person,2023-03-07
0,12,2,10,0,Pitt,2023-01-15
0,12,2,10,0,Pitt,2023-02-05
0,5,2,3,0,Pitt,2023-02-12
0,3,2,1,0,Polk,2022-09-17
0,2,2,0,0,Polk,2022-09-18
0,3,2,1,0,Polk,2022-09-19
0,2,2,0,0,Polk,2022-10-02
0,2,2,0,0,Polk,2022-10-05
0,2,2,0,0,Polk,2022-10-06
0,2,2,0,0,Polk,2022-10-17
0,2,2,0,0,Polk,2022-10-21
0,2,2,0,0,Polk,2022-10-28
0,3,2,1,0,Polk,2022-11-01
0,2,2,0,0,Polk,2022-11-12
0,2,2,0,0,Polk,2022-11-24
0,3,2,1,0,Polk,2022-11-28
0,6,2,4,0,Polk,2022-11-29
0,2,2,0,0,Polk,2022-12-01
0,2,2,0,0,Polk,2022-12-04
0,3,2,1,0,Polk,2023-02-06
0,3,2,1,0,Polk,2023-02-16
0,3,2,1,0,Polk,2023-02-20
0,2,2,0,0,Polk,2023-03-01
0,10,2,8,0,Randolph,2022-11-07
0,8,2,6,0,Randolph,2022-11-12
0,4,2,2,0,Richmond,2022-10-18
0,2,2,0,0,Richmond,2022-10-22
0,3,2,1,0,Richmond,2022-10-26
0,2,2,0,0,Richmond,2022-11-26
0,2,2,0,0,Robeson,2022-10-22
0,7,2,5,0,Rockingham,2022-10-22
0,8,2,6,0,Rockingham,2022-11-17
0,8,2,6,0,Rockingham,2022-12-10
0,10,2,8,0,Rockingham,2023-02-28
0,4,2,2,0,Rowan,2022-11-11
0,5,2,3,0,Rutherford,2022-11-08
0,5,2,3,0,Rutherford,2023-02-06
0,3,2,1,0,Rutherford,2023-02-23
0,2,2,0,0,Rutherford,2023-03-03
0,7,2,5,0,Sampson,2022-09-17
0,5,2,3,0,Sampson,2022-09-30
0,2,2,0,0,Sampson,2022-10-08
0,4,2,2,0,Sampson,2022-10-09
0,3,2,1,0,Sampson,2022-11-04
0,2,2,0,0,Sampson,2022-11-06
0,5,2,3,0,Sampson,2022-11-12
0,2,2,0,0,Sampson,2023-03-04
0,2,2,0,0,Sampson,2023-03-05
0,3,2,1,0,Sampson,2023-03-06
0,2,2,0,0,Scotland,2022-10-02
0,3,2,1,0,Scotland,2022-10-15
0,4,2,2,0,Scotland,2022-10-16
0,3,2,1,0,Scotland,2022-11-01
0,2,2,0,0,Scotland,2022-11-04
0,2,2,0,0,Scotland,2022-11-23
0,2,2,0,0,Scotland,2022-11-24
0,5,2,3,0,Scotland,2023-01-07
0,4,2,2,0,Scotland,2023-02-26
0,2,2,0,0,Scotland,2023-03-01
0,4,2,2,0,Stokes,2022-10-23
0,3,2,1,0,Stokes,2022-10-30
0,8,2,6,0,Stokes,2022-11-18
0,9,2,7,0,Surry,2022-10-18
0,9,2,7,0,Surry,2022-11-04
0,7,2,5,0,Surry,2023-02-18
0,7,2,5,0,Surry,2023-03-03
0,4,2,2,0,Swain,2022-10-05
0,3,2,1,0,Swain,2022-10-11
0,4,2,2,0,Swain,2022-10-24
0,5,2,3,0,Swain,2022-10-26
0,3,2,1,0,Swain,2022-10-27
0,2,2,0,0,Swain,2022-11-08
0,3,2,1,0,Swain,2022-11-12
0,2,2,0,0,Swain,2022-11-29
0,6,2,4,0,Swain,2022-12-04
0,2,2,0,0,Swain,2022-12-09
0,2,2,0,0,Swain,2022-12-14
0,3,2,1,0,Swain,2022-12-19
0,5,2,3,0,Swain,2022-12-24
0,2,2,0,0,Swain,2023-01-21
0,2,2,0,0,Swain,2023-01-22
0,4,2,2,0,Swain,2023-01-30
0,2,2,0,0,Swain,2023-03-11
0,5,2,3,0,Transylvania,2022-09-18
0,3,2,1,0,Transylvania,2022-09-26
0,6,2,4,0,Transylvania,2022-10-01
0,5,2,3,0,Transylvania,2022-10-11
0,7,2,5,0,Transylvania,2022-10-12
0,5,2,3,0,Transylvania,2022-10-19
0,4,2,2,0,Transylvania,2022-12-02
0,13,2,11,0,Transylvania,2022-12-19
0,7,2,5,0,Transylvania,2022-12-22
0,3,2,1,0,Transylvania,2023-01-12
0,2,2,0,0,Transylvania,2023-01-17
0,8,2,6,0,Transylvania,2023-01-21
0,4,2,2,0,Transylvania,2023-01-27
0,7,2,5,0,Transylvania,2023-02-03
0,5,2,3,0,Transylvania,2023-02-19
0,3,2,1,0,Transylvania,2023-02-27
0,2,2,0,0,Tyrrell,2023-01-11
0,19,2,17,0,Union,2022-09-30
0,9,2,7,0,Vance,2022-09-26
0,3,2,1,0,Vance,2022-10-14
0,5,2,3,0,Vance,2022-10-30
0,6,2,4,0,Vance,2022-11-23
0,9,2,7,0,Vance,2022-12-12
0,9,2,7,0,Vance,2022-12-18
0,8,2,6,0,Vance,2023-02-04
0,3,2,1,0,Vance,2023-03-09
0,2,2,0,0,Warren,2022-10-05
0,3,2,1,0,Warren,2022-10-26
0,3,2,1,0,Warren,2022-11-09
0,2,2,0,0,Warren,2022-11-24
0,2,2,0,0,Warren,2023-03-07
0,2,2,0,0,Washington,2022-10-29
0,3,2,1,0,Washington,2022-12-17
0,3,2,1,0,Washington,2022-12-24
0,4,2,2,0,Watauga,2022-09-25
0,4,2,2,0,Watauga,2022-11-05
0,3,2,1,0,Watauga,2022-11-20
0,4,2,2,0,Watauga,2022-11-25
0,4,2,2,0,Watauga,2022-12-31
0,6,2,4,0,Watauga,2023-01-15
0,7,2,5,0,Watauga,2023-01-17
0,12,2,10,0,Watauga,2023-01-23
0,4,2,2,0,Watauga,2023-02-24
0,4,2,2,0,Wayne,2022-11-19
0,6,2,4,0,Wayne,2023-02-19
0,7,2,5,0,Wilkes,2022-09-30
0,6,2,4,0,Wilkes,2022-10-14
0,6,2,4,0,Wilkes,2022-10-28
0,4,2,2,0,Wilkes,2022-11-15
0,2,2,0,0,Wilkes,2022-11-24
0,7,2,5,0,Wilkes,2023-01-24
0,4,2,2,0,Wilkes,2023-02-26
0,2,2,0,0,Wilson,2022-10-22
0,7,2,5,0,Wilson,2023-02-25
0,7,2,5,0,Wilson,2023-02-26
0,6,2,4,0,Yadkin,2022-10-20
0,7,2,5,0,Yadkin,2022-11-05
0,4,2,2,0,Yadkin,2022-11-07
0,6,2,4,0,Yadkin,2022-11-23
0,7,2,5,0,Yadkin,2022-12-02
0,9,2,7,0,Yadkin,2022-12-03
0,4,2,2,0,Yadkin,2023-02-28
0,3,2,1,0,Yancey,2022-10-01
0,4,2,2,0,Yancey,2022-12-15
0,3,2,1,0,Yancey,2023-01-03
0,3,2,1,0,Yancey,2023-01-06
0,2,2,0,0,Yancey,2023-01-10
0,3,2,1,0,Yancey,2023-01-27
0,6,2,4,0,Yancey,2023-02-07
0,2,2,0,0,Yancey,2023-03-01
0,4,3,1,0,Alexander,2022-11-04
0,4,3,1,0,Alexander,2023-02-22
0,3,3,0,0,Alleghany,2022-09-23
0,3,3,0,0,Alleghany,2022-10-03
0,4,3,1,0,Alleghany,2022-12-20
0,4,3,1,0,Alleghany,2022-12-22
0,5,3,2,0,Alleghany,2023-01-06
0,4,3,1,0,Anson,2022-10-08
0,5,3,2,0,Ashe,2022-09-26
0,5,3,2,0,Ashe,2022-10-07
0,4,3,1,0,Ashe,2022-10-14
0,6,3,3,0,Ashe,2022-12-08
0,4,3,1,0,Avery,2023-01-04
0,8,3,5,0,Beaufort,2022-10-13
0,5,3,2,0,Beaufort,2022-11-07
0,10,3,7,0,Beaufort,2023-02-03
0,7,3,4,0,Beaufort,2023-03-09
0,7,3,4,0,Brunswick,2023-02-12
0,9,3,6,0,Brunswick,2023-02-28
0,12,3,9,0,Buncombe,2023-02-05
0,10,3,7,0,Burke,2022-11-27
0,4,3,1,0,Burke,2023-03-05
0,5,3,2,0,Burke,2023-03-08
0,6,3,3,0,Caldwell,2023-03-02
0,3,3,0,0,Camden,2022-10-17
0,4,3,1,0,Camden,2022-12-28
0,3,3,0,0,Camden,2023-01-31
0,3,3,0,0,Camden,2023-02-11
0,4,3,1,0,Camden,2023-02-17
0,7,3,4,0,Carteret,2022-09-17
0,8,3,5,0,Carteret,2022-09-27
0,6,3,3,0,Carteret,2022-09-28
0,5,3,2,0,Carteret,2022-11-22
0,4,3,1,0,Carteret,2022-11-23
0,6,3,3,0,Carteret,2022-12-14
0,3,3,0,0,Carteret,2023-01-29
0,6,3,3,0,Carteret,2023-02-10
0,6,3,3,0,Carteret,2023-02-13
0,4,3,1,0,Carteret,2023-02-26
0,13,3,10,0,Chatham,2022-11-14
0,13,3,10,0,Chatham,2022-12-31
0,5,3,2,0,Chatham,2023-02-19
0,3,3,0,0,Cherokee,2023-01-29
0,9,3,6,0,Cherokee,2023-02-08
0,5,3,2,0,Cherokee,2023-02-16
0,9,3,6,0,Chowan,2023-01-23
0,8,3,5,0,Columbus,2022-09-29
0,6,3,3,0,Columbus,2022-11-17
0,4,3,1,0,Columbus,2023-03-09
0,6,3,3,0,Craven,2023-01-21
0,5,3,2,0,Currituck,2022-10-14
0,5,3,2,0,Currituck,2022-11-01
0,17,3,14,0,Davie,2022-09-19
0,8,3,5,0,Davie,2022-09-27
0,6,3,3,0,Davie,2022-11-08
0,3,3,0,0,Davie,2023-02-12
0,4,3,1,0,Davie,2023-03-04
0,5,3,2,0,Duplin,2022-11-10
0,3,3,0,0,Duplin,2022-11-16
0,10,3,7,0,Duplin,2022-12-08
0,6,3,3,0,Duplin,2022-12-18
0,9,3,6,0,Duplin,2022-12-24
0,9,3,6,0,Edgecombe,2022-09-27
0,7,3,4,0,Franklin,2022-10-09
0,9,3,6,0,Franklin,2022-10-26
0,3,3,0,0,Franklin,2022-12-25
0,5,3,2,0,Graham,2022-09-14
0,4,3,1,0,Graham,2022-09-16
0,4,3,1,0,Graham,2022-09-19
0,3,3,0,0,Graham,2022-09-30
0,3,3,0,0,Graham,2022-10-03
0,3,3,0,0,Graham,2022-10-04
0,3,3,0,0,Graham,2022-11-30
0,5,3,2,0,Granville,2023-01-15
0,7,3,4,0,Greene,2022-09-27
0,9,3,6,0,Greene,2022-10-10
0,4,3,1,0,Greene,2022-10-12
0,9,3,6,0,Greene,2022-12-27
0,6,3,3,0,Haywood,2022-10-14
0,4,3,1,0,Haywood,2022-10-18
0,3,3,0,0,Haywood,2022-10-29
0,6,3,3,0,Haywood,2022-11-25
0,8,3,5,0,Haywood,2022-11-30
0,7,3,4,0,Haywood,2022-12-05
0,5,3,2,0,Haywood,2023-01-22
0,7,3,4,0,Haywood,2023-02-10
0,9,3,6,0,Henderson,2023-02-05
0,4,3,1,0,Hertford,2022-10-01
0,9,3,6,0,Hertford,2022-12-02
0,7,3,4,0,Hertford,2022-12-05
0,15,3,12,0,Hoke,2022-09-28
0,7,3,4,0,Jackson,2022-09-27
0,4,3,1,0,Jackson,2022-11-11
0,8,3,5,0,Jackson,2023-02-10
0,4,3,1,0,Jones,2022-10-01
0,5,3,2,0,Jones,2022-12-26
0,5,3,2,0,Jones,2023-01-05
0,5,3,2,0,Jones,2023-01-06
0,11,3,8,0,Lee,2022-10-05
0,5,3,2,0,Lee,2022-12-03
0,5,3,2,0,Lee,2022-12-10
0,6,3,3,0,Lenoir,2022-10-11
0,10,3,7,0,Lenoir,2022-11-02
0,7,3,4,0,Lenoir,2022-12-02
0,7,3,4,0,Macon,2022-09-19
0,8,3,5,0,Macon,2022-12-05
0,5,3,2,0,Macon,2023-01-02
0,5,3,2,0,Madison,2022-10-07
0,3,3,0,0,Madison,2022-11-29
0,3,3,0,0,Madison,2023-03-07
0,6,3,3,0,McDowell,2022-11-03
0,10,3,7,0,McDowell,2022-11-27
0,6,3,3,0,McDowell,2022-12-24
0,8,3,5,0,McDowell,2023-02-28
0,3,3,0,0,Mitchell,2022-10-11
0,3,3,0,0,Mitchell,2022-11-08
0,4,3,1,0,Mitchell,2022-12-08
0,3,3,0,0,Mitchell,2022-12-16
0,3,3,0,0,Mitchell,2022-12-24
0,4,3,1,0,Mitchell,2022-12-29
0,3,3,0,0,Mitchell,2023-01-15
0,4,3,1,0,Montgomery,2022-12-17
0,14,3,11,0,Nash,2022-09-17
0,7,3,4,0,Nash,2022-10-09
0,14,3,11,0,New Hanover,2023-02-25
0,4,3,1,0,Northampton,2022-10-03
0,3,3,0,0,Northampton,2022-10-12
0,3,3,0,0,Northampton,2023-02-19
0,3,3,0,0,Northampton,2023-03-03
0,16,3,13,0,Orange,2022-10-19
0,20,3,17,0,Orange,2022-12-18
0,3,3,0,0,Pamlico,2022-10-05
0,5,3,2,0,Pamlico,2022-12-30
0,5,3,2,0,Pamlico,2023-02-02
0,3,3,0,0,Pamlico,2023-02-06
0,6,3,3,0,Pamlico,2023-02-10
0,3,3,0,0,Pamlico,2023-02-27
0,6,3,3,0,Pasquotank,2022-09-14
0,5,3,2,0,Pasquotank,2022-09-17
0,4,3,1,0,Pasquotank,2022-09-20
0,4,3,1,0,Pasquotank,2022-09-25
0,5,3,2,0,Pasquotank,2022-10-15
0,4,3,1,0,Pasquotank,2022-10-21
0,5,3,2,0,Pasquotank,2022-10-23
0,6,3,3,0,Pasquotank,2022-12-19
0,5,3,2,0,Pasquotank,2023-01-20
0,5,3,2,0,Pasquotank,2023-02-02
0,3,3,0,0,Pasquotank,2023-02-27
0,5,3,2,0,Pender,2022-10-07
0,9,3,6,0,Pender,2023-01-12
0,4,3,1,0,Perquimans,2022-09-24
0,8,3,5,0,Person,2022-09-22
0,5,3,2,0,Person,2022-10-07
0,6,3,3,0,Person,2022-10-25
0,10,3,7,0,Pitt,2022-10-01
0,4,3,1,0,Polk,2022-09-22
0,4,3,1,0,Polk,2022-09-23
0,4,3,1,0,Polk,2022-10-18
0,3,3,0,0,Polk,2022-11-06
0,3,3,0,0,Polk,2022-12-07
0,3,3,0,0,Polk,2022-12-24
0,4,3,1,0,Polk,2023-01-05
0,5,3,2,0,Polk,2023-01-06
0,4,3,1,0,Polk,2023-01-10
0,6,3,3,0,Polk,2023-01-18
0,3,3,0,0,Polk,2023-02-02
0,9,3,6,0,Randolph,2022-10-08
0,3,3,0,0,Randolph,2023-03-05
0,9,3,6,0,Richmond,2022-10-10
0,3,3,0,0,Richmond,2022-11-10
0,6,3,3,0,Richmond,2022-12-08
0,4,3,1,0,Robeson,2022-10-16
0,7,3,4,0,Robeson,2023-03-07
0,11,3,8,0,Rockingham,2022-10-02
0,7,3,4,0,Rockingham,2022-11-12
0,9,3,6,0,Rowan,2022-10-06
0,5,3,2,0,Rutherford,2022-10-27
0,13,3,10,0,Rutherford,2023-01-10
0,10,3,7,0,Rutherford,2023-01-27
0,9,3,6,0,Sampson,2022-10-07
0,4,3,1,0,Sampson,2022-11-13
0,4,3,1,0,Sampson,2022-11-27
0,3,3,0,0,Sampson,2022-12-23
0,7,3,4,0,Sampson,2023-01-14
0,6,3,3,0,Sampson,2023-01-28
0,3,3,0,0,Sampson,2023-02-11
0,3,3,0,0,Sampson,2023-02-26
0,7,3,4,0,Sampson,2023-02-27
0,6,3,3,0,Scotland,2022-09-17
0,5,3,2,0,Scotland,2022-10-27
0,4,3,1,0,Scotland,2022-10-29
0,3,3,0,0,Scotland,2022-11-05
0,6,3,3,0,Scotland,2022-12-09
0,5,3,2,0,Scotland,2023-01-08
0,4,3,1,0,Scotland,2023-02-17
0,5,3,2,0,Scotland,2023-03-02
0,6,3,3,0,Stokes,2022-10-22
0,4,3,1,0,Stokes,2023-02-26
0,12,3,9,0,Surry,2022-11-07
0,3,3,0,0,Swain,2022-09-17
0,3,3,0,0,Swain,2022-10-07
0,3,3,0,0,Swain,2022-10-14
0,4,3,1,0,Swain,2022-11-04
0,5,3,2,0,Swain,2022-12-26
0,8,3,5,0,Swain,2023-01-03
0,5,3,2,0,Swain,2023-01-07
0,5,3,2,0,Swain,2023-01-13
0,3,3,0,0,Swain,2023-02-19
0,4,3,1,0,Swain,2023-02-24
0,4,3,1,0,Transylvania,2023-02-17
0,9,3,6,0,Vance,2022-11-17
0,6,3,3,0,Warren,2023-01-31
0,3,3,0,0,Washington,2022-09-21
0,7,3,4,0,Watauga,2022-10-21
0,11,3,8,0,Watauga,2022-11-14
0,7,3,4,0,Watauga,2022-12-18
0,10,3,7,0,Watauga,2022-12-30
0,10,3,7,0,Watauga,2023-01-03
0,6,3,3,0,Watauga,2023-01-07
0,4,3,1,0,Watauga,2023-01-16
0,12,3,9,0,Watauga,2023-02-07
0,9,3,6,0,Wayne,2022-10-23
0,7,3,4,0,Wayne,2022-11-26
0,7,3,4,0,Wayne,2022-11-27
0,7,3,4,0,Wayne,2023-02-25
0,10,3,7,0,Wilkes,2022-10-10
0,9,3,6,0,Wilkes,2022-10-15
0,8,3,5,0,Wilkes,2022-11-07
0,9,3,6,0,Wilkes,2023-01-25
0,6,3,3,0,Wilkes,2023-03-01
0,4,3,1,0,Wilkes,2023-03-07
0,5,3,2,0,Wilson,2022-10-25
0,4,3,1,0,Wilson,2023-03-07
0,5,3,2,0,Yadkin,2022-11-17
0,12,3,9,0,Yadkin,2022-12-05
0,5,3,2,0,Yadkin,2022-12-09
0,4,3,1,0,Yancey,2023-01-04
0,3,3,0,0,Yancey,2023-02-20
0,15,4,11,0,Alamance,2022-11-06
0,7,4,3,0,Alexander,2022-12-12
0,5,4,1,0,Alexander,2023-02-14
0,6,4,2,0,Alleghany,2022-09-27
0,5,4,1,0,Alleghany,2023-01-04
0,5,4,1,0,Ashe,2022-12-06
0,9,4,5,0,Cabarrus,2022-10-16
0,14,4,10,0,Cabarrus,2022-10-22
0,4,4,0,0,Camden,2023-02-28
0,7,4,3,0,Carteret,2023-02-14
0,5,4,1,0,Catawba,2023-03-04
0,10,4,6,0,Chatham,2022-10-05
0,8,4,4,0,Chatham,2022-10-07
0,6,4,2,0,Cleveland,2022-10-24
0,11,4,7,0,Craven,2022-09-30
0,5,4,1,0,Craven,2022-11-17
0,15,4,11,0,Craven,2023-01-20
0,17,4,13,0,Cumberland,2022-10-30
0,15,4,11,0,Davie,2022-12-23
0,6,4,2,0,Davie,2023-02-16
0,6,4,2,0,Franklin,2022-12-24
0,10,4,6,0,Gaston,2023-03-04
0,4,4,0,0,Graham,2022-10-31
0,5,4,1,0,Graham,2023-01-09
0,7,4,3,0,Granville,2022-11-29
0,15,4,11,0,Harnett,2022-10-01
0,7,4,3,0,Harnett,2022-11-05
0,6,4,2,0,Haywood,2022-09-24
0,6,4,2,0,Haywood,2022-10-16
0,9,4,5,0,Haywood,2022-10-31
0,7,4,3,0,Haywood,2022-11-05
0,5,4,1,0,Haywood,2022-11-12
0,7,4,3,0,Henderson,2022-10-23
0,6,4,2,0,Henderson,2023-03-11
0,5,4,1,0,Hertford,2022-11-02
0,14,4,10,0,Iredell,2022-11-18
0,12,4,8,0,Jackson,2022-09-13
0,6,4,2,0,Jackson,2022-12-10
0,13,4,9,0,Johnston,2023-03-10
0,5,4,1,0,Jones,2022-09-26
0,4,4,0,0,Jones,2023-01-04
0,6,4,2,0,Macon,2022-12-08
0,8,4,4,0,Macon,2022-12-23
0,13,4,9,0,Macon,2022-12-28
0,4,4,0,0,Madison,2022-12-30
0,5,4,1,0,Madison,2023-02-15
0,4,4,0,0,McDowell,2023-03-09
0,7,4,3,0,Montgomery,2023-01-29
0,10,4,6,0,Moore,2023-02-27
0,7,4,3,0,Nash,2022-10-28
0,6,4,2,0,Nash,2023-02-21
0,17,4,13,0,New Hanover,2023-02-23
0,5,4,1,0,Pamlico,2022-12-06
0,5,4,1,0,Pasquotank,2022-10-05
0,8,4,4,0,Pasquotank,2022-12-12
0,4,4,0,0,Pasquotank,2023-03-06
0,6,4,2,0,Polk,2022-10-26
0,6,4,2,0,Polk,2023-01-27
0,8,4,4,0,Randolph,2022-10-09
0,10,4,6,0,Randolph,2022-11-09
0,12,4,8,0,Richmond,2023-01-10
0,7,4,3,0,Rockingham,2022-12-03
0,22,4,18,0,Rockingham,2022-12-05
0,10,4,6,0,Rutherford,2022-10-04
0,8,4,4,0,Sampson,2022-09-24
0,4,4,0,0,Sampson,2022-11-22
0,9,4,5,0,Sampson,2022-12-14
0,5,4,1,0,Sampson,2023-03-07
0,4,4,0,0,Scotland,2022-10-25
0,4,4,0,0,Scotland,2022-11-28
0,7,4,3,0,Stanly,2022-10-25
0,6,4,2,0,Stokes,2022-12-04
0,4,4,0,0,Swain,2022-09-22
0,6,4,2,0,Swain,2022-09-26
0,4,4,0,0,Swain,2022-10-28
0,4,4,0,0,Swain,2022-12-06
0,4,4,0,0,Swain,2023-02-09
0,6,4,2,0,Transylvania,2022-11-25
0,11,4,7,0,Transylvania,2022-12-26
0,8,4,4,0,Transylvania,2023-01-04
0,4,4,0,0,Transylvania,2023-02-13
0,5,4,1,0,Tyrrell,2023-02-10
0,14,4,10,0,Union,2022-11-20
0,5,4,1,0,Vance,2022-09-16
0,6,4,2,0,Warren,2022-09-26
0,4,4,0,0,Warren,2023-02-17
0,6,4,2,0,Watauga,2022-10-31
0,7,4,3,0,Watauga,2022-12-04
0,7,4,3,0,Watauga,2022-12-21
0,13,4,9,0,Watauga,2023-02-01
0,8,4,4,0,Wayne,2022-11-17
0,8,4,4,0,Wayne,2023-02-11
0,9,4,5,0,Wilkes,2022-10-08
0,13,4,9,0,Wilkes,2023-01-12
0,10,4,6,0,Wilson,2022-10-18
0,14,4,10,0,Yadkin,2022-10-06
0,4,4,0,0,Yancey,2022-09-23
0,7,5,2,0,Alleghany,2022-12-21
0,5,5,0,0,Alleghany,2023-01-18
0,8,5,3,0,Ashe,2022-10-11
0,19,5,14,0,Brunswick,2022-10-01
0,8,5,3,0,Burke,2022-10-23
0,9,5,4,0,Caldwell,2023-03-03
0,7,5,2,0,Carteret,2022-12-08
0,7,5,2,0,Columbus,2022-11-25
0,17,5,12,0,Craven,2022-09-18
0,13,5,8,0,Craven,2022-10-14
0,9,5,4,0,Craven,2022-11-21
0,25,5,20,0,Davidson,2022-12-02
0,12,5,7,0,Davie,2022-12-16
0,9,5,4,0,Harnett,2022-11-06
0,9,5,4,0,Haywood,2022-12-15
0,6,5,1,0,Haywood,2023-02-28
0,12,5,7,0,Henderson,2023-01-22
0,11,5,6,0,Henderson,2023-02-17
0,12,5,7,0,Henderson,2023-02-21
0,8,5,3,0,Henderson,2023-03-03
0,7,5,2,0,Hoke,2022-10-09
0,10,5,5,0,Jackson,2022-09-26
0,7,5,2,0,Jackson,2022-12-19
0,10,5,5,0,Lee,2022-10-28
0,9,5,4,0,Macon,2022-12-13
0,8,5,3,0,Martin,2022-09-18
0,7,5,2,0,McDowell,2022-11-18
0,5,5,0,0,Mitchell,2022-12-06
0,13,5,8,0,New Hanover,2022-10-28
0,12,5,7,0,Onslow,2022-10-17
0,15,5,10,0,Orange,2022-10-14
0,12,5,7,0,Orange,2022-10-16
0,8,5,3,0,Pasquotank,2022-10-26
0,8,5,3,0,Pasquotank,2023-02-05
0,7,5,2,0,Polk,2022-11-19
0,6,5,1,0,Richmond,2022-10-06
0,6,5,1,0,Sampson,2022-10-17
0,6,5,1,0,Sampson,2023-01-15
0,7,5,2,0,Scotland,2022-12-18
0,8,5,3,0,Scotland,2023-01-15
0,12,5,7,0,Stokes,2022-09-28
0,8,5,3,0,Swain,2022-09-13
0,8,5,3,0,Transylvania,2022-12-18
0,9,5,4,0,Vance,2022-11-04
0,13,5,8,0,Watauga,2022-10-24
0,12,5,7,0,Watauga,2022-12-07
0,9,5,4,0,Watauga,2023-03-01
0,11,5,6,0,Wayne,2023-03-09
0,6,5,1,0,Wilson,2022-11-22
0,13,6,7,0,Craven,2022-10-19
0,13,6,7,0,Davie,2023-01-13
0,9,6,3,0,Haywood,2022-10-19
0,10,6,4,0,Haywood,2022-11-10
0,14,6,8,0,Henderson,2022-10-01
0,12,6,6,0,Henderson,2022-10-02
0,7,6,1,0,Jackson,2022-12-02
0,11,6,5,0,Jackson,2023-01-03
0,10,6,4,0,Lenoir,2022-10-05
0,10,6,4,0,Northampton,2022-12-16
0,7,6,1,0,Pasquotank,2022-09-13
0,8,6,2,0,Pasquotank,2023-01-27
0,6,6,0,0,Polk,2022-09-13
0,6,6,0,0,Polk,2023-01-29
0,13,6,7,0,Randolph,2022-10-18
0,11,6,5,0,Randolph,2022-11-17
0,16,6,10,0,Randolph,2023-01-28
0,15,6,9,0,Rockingham,2022-10-24
0,13,6,7,0,Rockingham,2023-01-20
0,8,6,2,0,Sampson,2022-09-25
0,8,6,2,0,Sampson,2022-11-29
0,9,6,3,0,Sampson,2023-01-24
0,6,6,0,0,Tyrrell,2023-02-09
0,9,6,3,0,Wilkes,2022-10-07
0,11,6,5,0,Wilson,2022-10-14
0,13,6,7,0,Wilson,2023-02-03
0,11,7,4,0,Alexander,2023-01-06
0,7,7,0,0,Alleghany,2023-01-12
0,11,7,4,0,Buncombe,2023-03-06
0,19,7,12,0,Burke,2022-12-26
0,10,7,3,0,Carteret,2022-09-16
0,12,7,5,0,Catawba,2022-12-04
0,7,7,0,0,Graham,2022-11-07
0,8,7,1,0,Haywood,2023-01-27
0,16,7,9,0,Henderson,2022-11-30
0,7,7,0,0,Madison,2022-11-30
0,12,7,5,0,Moore,2022-10-23
0,10,7,3,0,Pasquotank,2022-10-24
0,16,7,9,0,Randolph,2022-10-28
0,9,7,2,0,Sampson,2022-12-18
0,8,7,1,0,Swain,2022-11-02
0,14,7,7,0,Vance,2023-01-16
0,12,7,5,0,Watauga,2022-10-17
0,12,7,5,0,Watauga,2023-01-22
0,13,8,5,0,Carteret,2022-10-26
0,19,8,11,0,Iredell,2022-11-03
0,13,8,5,0,Iredell,2023-02-18
0,17,8,9,0,Onslow,2022-10-18
0,13,8,5,0,Person,2022-09-19
0,18,8,10,0,Surry,2023-01-12
0,19,9,10,0,Moore,2022-09-17
0,11,9,2,0,Sampson,2022-12-05
0,11,9,2,0,Scotland,2023-01-30
0,16,9,7,0,Watauga,2022-12-20
0,14,10,4,0,Catawba,2023-02-18
0,15,10,5,0,Duplin,2022-09-26
0,11,10,1,0,Jackson,2023-02-17
0,14,10,4,0,Lee,2022-10-31
0,17,10,7,0,Watauga,2022-12-19
0,20,11,9,0,Haywood,2022-10-03
0,21,15,6,0,Sampson,2022-12-15
1,9,0,9,0,Alamance,2022-09-24
1,6,0,6,0,Alamance,2023-03-11
1,2,0,2,0,Alexander,2022-10-04
1,5,0,5,0,Alexander,2022-10-15
1,2,0,2,0,Alexander,2022-10-23
1,4,0,4,0,Alexander,2022-10-29
1,1,0,1,0,Alexander,2022-11-05
1,1,0,1,0,Alexander,2022-11-20
1,2,0,2,0,Alexander,2022-12-02
1,2,0,2,0,Alexander,2022-12-10
1,1,0,1,0,Alexander,2022-12-11
1,7,0,7,0,Alexander,2023-02-17
1,1,0,1,0,Alexander,2023-03-04
1,2,0,2,0,Alleghany,2022-12-17
1,1,0,1,0,Alleghany,2023-01-08
1,2,0,2,0,Alleghany,2023-01-26
1,1,0,1,0,Alleghany,2023-02-19
1,2,0,2,0,Alleghany,2023-02-22
1,3,0,3,0,Anson,2022-09-16
1,5,0,5,0,Anson,2022-09-20
1,3,0,3,0,Anson,2022-09-26
1,3,0,3,0,Anson,2022-10-13
1,1,0,1,0,Anson,2022-10-14
1,2,0,2,0,Anson,2022-10-24
1,1,0,1,0,Anson,2022-10-25
1,1,0,1,0,Anson,2022-11-02
1,2,0,2,0,Anson,2022-11-15
1,3,0,3,0,Anson,2022-11-17
1,1,0,1,0,Anson,2022-11-19
1,2,0,2,0,Anson,2022-11-23
1,1,0,1,0,Anson,2022-11-24
1,4,0,4,0,Anson,2022-11-30
1,1,0,1,0,Anson,2022-12-03
1,2,0,2,0,Anson,2022-12-10
1,2,0,2,0,Anson,2022-12-15
1,4,0,4,0,Anson,2023-01-09
1,4,0,4,0,Anson,2023-01-21
1,5,0,5,0,Anson,2023-01-29
1,2,0,2,0,Anson,2023-02-01
1,4,0,4,0,Anson,2023-02-03
1,4,0,4,0,Anson,2023-02-07
1,4,0,4,0,Anson,2023-02-08
1,2,0,2,0,Anson,2023-02-13
1,4,0,4,0,Anson,2023-02-14
1,3,0,3,0,Anson,2023-02-18
1,2,0,2,0,Anson,2023-02-21
1,2,0,2,0,Anson,2023-02-22
1,6,0,6,0,Ashe,2022-09-20
1,2,0,2,0,Ashe,2022-10-19
1,2,0,2,0,Ashe,2022-11-15
1,3,0,3,0,Ashe,2022-11-28
1,7,0,7,0,Ashe,2022-12-10
1,2,0,2,0,Ashe,2022-12-21
1,4,0,4,0,Ashe,2023-01-11
1,5,0,5,0,Ashe,2023-01-24
1,3,0,3,0,Ashe,2023-01-25
1,4,0,4,0,Ashe,2023-01-29
1,3,0,3,0,Ashe,2023-02-05
1,1,0,1,0,Ashe,2023-02-12
1,3,0,3,0,Ashe,2023-02-23
1,1,0,1,0,Ashe,2023-02-24
1,2,0,2,0,Avery,2022-09-15
1,3,0,3,0,Avery,2022-10-09
1,4,0,4,0,Avery,2022-10-26
1,3,0,3,0,Avery,2022-12-26
1,3,0,3,0,Avery,2022-12-27
1,1,0,1,0,Avery,2023-01-09
1,1,0,1,0,Avery,2023-01-25
1,3,0,3,0,Avery,2023-02-01
1,1,0,1,0,Avery,2023-02-09
1,1,0,1,0,Avery,2023-02-18
1,3,0,3,0,Avery,2023-02-24
1,3,0,3,0,Avery,2023-03-05
1,10,0,10,0,Beaufort,2022-10-01
1,1,0,1,0,Beaufort,2022-10-15
1,5,0,5,0,Beaufort,2022-10-30
1,1,0,1,0,Beaufort,2022-11-06
1,2,0,2,0,Beaufort,2022-11-11
1,2,0,2,0,Beaufort,2022-11-13
1,3,0,3,0,Beaufort,2022-11-25
1,3,0,3,0,Beaufort,2022-11-27
1,4,0,4,0,Beaufort,2022-12-02
1,5,0,5,0,Beaufort,2022-12-05
1,9,0,9,0,Beaufort,2022-12-30
1,2,0,2,0,Beaufort,2023-01-01
1,5,0,5,0,Beaufort,2023-01-07
1,5,0,5,0,Beaufort,2023-01-08
1,3,0,3,0,Beaufort,2023-01-14
1,4,0,4,0,Beaufort,2023-01-21
1,4,0,4,0,Beaufort,2023-01-22
1,5,0,5,0,Beaufort,2023-01-27
1,4,0,4,0,Beaufort,2023-02-18
1,3,0,3,0,Beaufort,2023-02-19
1,3,0,3,0,Beaufort,2023-02-20
1,2,0,2,0,Beaufort,2023-03-05
1,4,0,4,0,Bertie,2022-09-23
1,5,0,5,0,Bertie,2022-09-29
1,2,0,2,0,Bertie,2022-10-02
1,1,0,1,0,Bertie,2022-10-14
1,1,0,1,0,Bertie,2022-11-17
1,3,0,3,0,Bertie,2022-11-22
1,3,0,3,0,Bertie,2022-11-23
1,2,0,2,0,Bertie,2022-11-27
1,2,0,2,0,Bertie,2022-11-28
1,3,0,3,0,Bertie,2022-12-02
1,1,0,1,0,Bertie,2022-12-04
1,3,0,3,0,Bertie,2022-12-18
1,3,0,3,0,Bertie,2022-12-24
1,5,0,5,0,Bertie,2022-12-28
1,5,0,5,0,Bertie,2023-01-09
1,4,0,4,0,Bertie,2023-01-12
1,1,0,1,0,Bertie,2023-01-15
1,2,0,2,0,Bertie,2023-01-16
1,2,0,2,0,Bertie,2023-01-22
1,2,0,2,0,Bertie,2023-01-26
1,2,0,2,0,Bertie,2023-01-31
1,7,0,7,0,Bertie,2023-02-01
1,2,0,2,0,Bertie,2023-02-03
1,3,0,3,0,Bertie,2023-02-04
1,4,0,4,0,Bertie,2023-02-09
1,5,0,5,0,Bertie,2023-02-10
1,4,0,4,0,Bertie,2023-02-15
1,3,0,3,0,Bertie,2023-02-28
1,2,0,2,0,Bertie,2023-03-06
1,2,0,2,0,Bertie,2023-03-08
1,1,0,1,0,Bertie,2023-03-10
1,1,0,1,0,Bertie,2023-03-11
1,3,0,3,0,Bladen,2022-09-24
1,3,0,3,0,Bladen,2022-10-01
1,6,0,6,0,Bladen,2022-10-07
1,2,0,2,0,Bladen,2022-10-09
1,1,0,1,0,Bladen,2022-10-14
1,4,0,4,0,Bladen,2022-10-15
1,5,0,5,0,Bladen,2022-10-24
1,4,0,4,0,Bladen,2022-10-31
1,1,0,1,0,Bladen,2022-11-03
1,3,0,3,0,Bladen,2022-11-05
1,5,0,5,0,Bladen,2022-11-09
1,5,0,5,0,Bladen,2022-11-17
1,3,0,3,0,Bladen,2022-11-21
1,4,0,4,0,Bladen,2022-12-04
1,3,0,3,0,Bladen,2022-12-24
1,4,0,4,0,Bladen,2023-01-15
1,4,0,4,0,Bladen,2023-02-04
1,3,0,3,0,Bladen,2023-02-08
1,4,0,4,0,Bladen,2023-02-19
1,5,0,5,0,Bladen,2023-02-21
1,6,0,6,0,Bladen,2023-03-02
1,2,0,2,0,Bladen,2023-03-07
1,6,0,6,0,Burke,2022-11-11
1,9,0,9,0,Burke,2022-11-19
1,3,0,3,0,Burke,2023-02-19
1,9,0,9,0,Burke,2023-02-24
1,7,0,7,0,Burke,2023-02-27
1,12,0,12,0,Caldwell,2022-09-25
1,4,0,4,0,Caldwell,2022-11-13
1,4,0,4,0,Caldwell,2022-11-22
1,3,0,3,0,Caldwell,2023-03-08
1,1,0,1,0,Camden,2022-09-27
1,1,0,1,0,Camden,2022-11-02
1,1,0,1,0,Camden,2022-11-13
1,1,0,1,0,Camden,2022-11-16
1,1,0,1,0,Camden,2023-01-18
1,2,0,2,0,Camden,2023-02-15
1,1,0,1,0,Carteret,2022-10-29
1,4,0,4,0,Carteret,2022-11-09
1,2,0,2,0,Carteret,2022-11-14
1,3,0,3,0,Carteret,2023-01-26
1,3,0,3,0,Carteret,2023-02-16
1,1,0,1,0,Carteret,2023-03-01
1,1,0,1,0,Carteret,2023-03-06
1,2,0,2,0,Caswell,2022-09-21
1,1,0,1,0,Caswell,2022-10-08
1,2,0,2,0,Caswell,2022-10-10
1,1,0,1,0,Caswell,2022-10-21
1,1,0,1,0,Caswell,2022-11-08
1,4,0,4,0,Caswell,2022-11-09
1,4,0,4,0,Caswell,2022-11-17
1,3,0,3,0,Caswell,2022-11-21
1,3,0,3,0,Caswell,2022-11-26
1,5,0,5,0,Caswell,2022-12-05
1,1,0,1,0,Caswell,2022-12-06
1,3,0,3,0,Caswell,2022-12-07
1,5,0,5,0,Caswell,2022-12-10
1,4,0,4,0,Caswell,2022-12-15
1,6,0,6,0,Caswell,2022-12-22
1,4,0,4,0,Caswell,2023-01-11
1,4,0,4,0,Caswell,2023-01-16
1,4,0,4,0,Caswell,2023-01-28
1,2,0,2,0,Caswell,2023-01-31
1,8,0,8,0,Caswell,2023-02-03
1,3,0,3,0,Caswell,2023-02-05
1,2,0,2,0,Caswell,2023-02-09
1,2,0,2,0,Caswell,2023-02-11
1,2,0,2,0,Caswell,2023-02-14
1,1,0,1,0,Caswell,2023-02-15
1,2,0,2,0,Caswell,2023-02-18
1,6,0,6,0,Catawba,2022-11-12
1,6,0,6,0,Chatham,2022-09-17
1,13,0,13,0,Chatham,2022-09-18
1,5,0,5,0,Chatham,2022-10-06
1,6,0,6,0,Chatham,2022-10-21
1,10,0,10,0,Chatham,2022-11-05
1,8,0,8,0,Chatham,2022-11-16
1,6,0,6,0,Chatham,2022-12-04
1,10,0,10,0,Chatham,2022-12-09
1,4,0,4,0,Chatham,2022-12-25
1,7,0,7,0,Chatham,2023-01-29
1,4,0,4,0,Chatham,2023-03-10
1,2,0,2,0,Cherokee,2022-09-18
1,3,0,3,0,Cherokee,2022-09-19
1,6,0,6,0,Cherokee,2022-09-20
1,3,0,3,0,Cherokee,2022-10-23
1,4,0,4,0,Cherokee,2022-10-24
1,1,0,1,0,Cherokee,2022-11-06
1,2,0,2,0,Cherokee,2022-11-18
1,2,0,2,0,Cherokee,2022-12-04
1,1,0,1,0,Cherokee,2022-12-11
1,4,0,4,0,Cherokee,2022-12-22
1,5,0,5,0,Cherokee,2023-01-13
1,6,0,6,0,Cherokee,2023-01-15
1,2,0,2,0,Cherokee,2023-02-11
1,4,0,4,0,Chowan,2022-09-13
1,6,0,6,0,Chowan,2022-09-14
1,4,0,4,0,Chowan,2022-09-22
1,4,0,4,0,Chowan,2022-09-26
1,2,0,2,0,Chowan,2022-09-28
1,3,0,3,0,Chowan,2022-10-02
1,2,0,2,0,Chowan,2022-10-07
1,2,0,2,0,Chowan,2022-10-12
1,1,0,1,0,Chowan,2022-10-16
1,1,0,1,0,Chowan,2022-10-21
1,1,0,1,0,Chowan,2022-10-24
1,2,0,2,0,Chowan,2022-11-07
1,5,0,5,0,Chowan,2022-11-11
1,2,0,2,0,Chowan,2022-11-21
1,1,0,1,0,Chowan,2022-11-23
1,5,0,5,0,Chowan,2022-11-28
1,4,0,4,0,Chowan,2022-11-29
1,1,0,1,0,Chowan,2022-12-02
1,6,0,6,0,Chowan,2022-12-13
1,3,0,3,0,Chowan,2022-12-14
1,7,0,7,0,Chowan,2022-12-16
1,1,0,1,0,Chowan,2022-12-18
1,4,0,4,0,Chowan,2022-12-22
1,3,0,3,0,Chowan,2022-12-25
1,4,0,4,0,Chowan,2023-01-02
1,1,0,1,0,Chowan,2023-01-15
1,9,0,9,0,Chowan,2023-01-17
1,2,0,2,0,Chowan,2023-01-28
1,1,0,1,0,Chowan,2023-02-05
1,6,0,6,0,Chowan,2023-02-08
1,1,0,1,0,Chowan,2023-02-13
1,2,0,2,0,Chowan,2023-02-16
1,3,0,3,0,Chowan,2023-02-24
1,1,0,1,0,Chowan,2023-02-25
1,2,0,2,0,Chowan,2023-03-03
1,2,0,2,0,Chowan,2023-03-06
1,1,0,1,0,Clay,2022-09-18
1,1,0,1,0,Clay,2022-10-11
1,1,0,1,0,Clay,2022-10-30
1,2,0,2,0,Clay,2022-11-14
1,8,0,8,0,Clay,2022-12-15
1,6,0,6,0,Clay,2022-12-16
1,4,0,4,0,Clay,2022-12-20
1,2,0,2,0,Clay,2023-01-15
1,2,0,2,0,Clay,2023-01-28
1,5,0,5,0,Cleveland,2022-09-25
1,2,0,2,0,Cleveland,2022-10-15
1,6,0,6,0,Cleveland,2022-10-28
1,10,0,10,0,Cleveland,2022-12-25
1,3,0,3,0,Cleveland,2023-03-03
1,2,0,2,0,Columbus,2022-09-30
1,2,0,2,0,Columbus,2022-10-11
1,1,0,1,0,Columbus,2022-10-29
1,5,0,5,0,Columbus,2022-11-12
1,5,0,5,0,Columbus,2022-11-18
1,2,0,2,0,Columbus,2022-11-23
1,2,0,2,0,Columbus,2022-11-24
1,6,0,6,0,Columbus,2022-11-27
1,6,0,6,0,Columbus,2022-12-17
1,4,0,4,0,Columbus,2022-12-18
1,7,0,7,0,Columbus,2023-02-04
1,4,0,4,0,Columbus,2023-02-07
1,6,0,6,0,Columbus,2023-02-17
1,3,0,3,0,Columbus,2023-02-25
1,5,0,5,0,Columbus,2023-03-04
1,2,0,2,0,Columbus,2023-03-05
1,2,0,2,0,Columbus,2023-03-11
1,4,0,4,0,Craven,2022-10-15
1,3,0,3,0,Craven,2022-11-26
1,1,0,1,0,Currituck,2022-09-20
1,2,0,2,0,Currituck,2022-09-22
1,4,0,4,0,Currituck,2022-09-23
1,4,0,4,0,Currituck,2022-10-20
1,4,0,4,0,Currituck,2022-11-07
1,1,0,1,0,Currituck,2022-11-12
1,5,0,5,0,Currituck,2022-11-18
1,1,0,1,0,Currituck,2022-11-22
1,1,0,1,0,Currituck,2022-11-26
1,4,0,4,0,Currituck,2022-11-27
1,3,0,3,0,Currituck,2022-12-09
1,3,0,3,0,Currituck,2022-12-15
1,3,0,3,0,Currituck,2022-12-22
1,4,0,4,0,Currituck,2022-12-29
1,6,0,6,0,Currituck,2023-01-05
1,3,0,3,0,Currituck,2023-01-14
1,1,0,1,0,Currituck,2023-01-15
1,4,0,4,0,Currituck,2023-01-20
1,5,0,5,0,Currituck,2023-01-24
1,2,0,2,0,Currituck,2023-01-26
1,2,0,2,0,Currituck,2023-02-11
1,3,0,3,0,Currituck,2023-02-12
1,1,0,1,0,Currituck,2023-02-23
1,4,0,4,0,Dare,2022-09-13
1,4,0,4,0,Dare,2022-09-17
1,9,0,9,0,Dare,2022-09-18
1,4,0,4,0,Dare,2022-09-19
1,2,0,2,0,Dare,2022-09-23
1,5,0,5,0,Dare,2022-09-27
1,2,0,2,0,Dare,2022-10-02
1,7,0,7,0,Dare,2022-10-05
1,2,0,2,0,Dare,2022-10-09
1,3,0,3,0,Dare,2022-10-13
1,7,0,7,0,Dare,2022-10-20
1,2,0,2,0,Dare,2022-10-23
1,12,0,12,0,Dare,2022-10-27
1,7,0,7,0,Dare,2022-10-31
1,5,0,5,0,Dare,2022-11-02
1,5,0,5,0,Dare,2022-11-07
1,4,0,4,0,Dare,2022-11-09
1,4,0,4,0,Dare,2022-11-11
1,4,0,4,0,Dare,2022-11-16
1,5,0,5,0,Dare,2022-11-19
1,2,0,2,0,Dare,2022-11-20
1,1,0,1,0,Dare,2022-11-23
1,8,0,8,0,Dare,2022-11-27
1,7,0,7,0,Dare,2022-11-28
1,2,0,2,0,Dare,2022-12-01
1,2,0,2,0,Dare,2022-12-09
1,7,0,7,0,Dare,2022-12-23
1,1,0,1,0,Dare,2022-12-25
1,7,0,7,0,Dare,2022-12-26
1,7,0,7,0,Dare,2022-12-28
1,5,0,5,0,Dare,2023-01-07
1,2,0,2,0,Dare,2023-01-13
1,3,0,3,0,Dare,2023-01-16
1,6,0,6,0,Dare,2023-01-17
1,8,0,8,0,Dare,2023-01-25
1,3,0,3,0,Dare,2023-02-02
1,5,0,5,0,Dare,2023-02-04
1,3,0,3,0,Dare,2023-02-07
1,5,0,5,0,Dare,2023-02-13
1,5,0,5,0,Dare,2023-02-18
1,1,0,1,0,Dare,2023-02-19
1,5,0,5,0,Dare,2023-03-03
1,2,0,2,0,Dare,2023-03-07
1,7,0,7,0,Davidson,2022-11-13
1,3,0,3,0,Davie,2022-09-30
1,3,0,3,0,Davie,2022-10-15
1,1,0,1,0,Davie,2022-10-26
1,2,0,2,0,Davie,2022-11-10
1,2,0,2,0,Davie,2022-11-12
1,2,0,2,0,Davie,2022-11-24
1,8,0,8,0,Davie,2022-12-31
1,4,0,4,0,Davie,2023-01-01
1,3,0,3,0,Duplin,2022-10-02
1,4,0,4,0,Duplin,2022-10-09
1,2,0,2,0,Duplin,2022-10-16
1,2,0,2,0,Duplin,2022-10-22
1,5,0,5,0,Duplin,2022-11-09
1,4,0,4,0,Duplin,2022-12-17
1,3,0,3,0,Duplin,2023-02-18
1,17,0,17,0,Durham,2022-10-09
1,19,0,19,0,Durham,2022-10-30
1,9,0,9,0,Edgecombe,2022-09-18
1,6,0,6,0,Edgecombe,2022-09-25
1,4,0,4,0,Edgecombe,2022-10-21
1,3,0,3,0,Edgecombe,2022-10-27
1,5,0,5,0,Edgecombe,2022-11-04
1,1,0,1,0,Edgecombe,2022-11-07
1,3,0,3,0,Edgecombe,2022-11-10
1,2,0,2,0,Edgecombe,2022-11-11
1,1,0,1,0,Edgecombe,2022-11-16
1,1,0,1,0,Edgecombe,2022-11-20
1,4,0,4,0,Edgecombe,2022-11-21
1,1,0,1,0,Edgecombe,2022-11-24
1,4,0,4,0,Edgecombe,2022-11-30
1,2,0,2,0,Edgecombe,2022-12-03
1,5,0,5,0,Edgecombe,2022-12-17
1,7,0,7,0,Edgecombe,2022-12-25
1,10,0,10,0,Edgecombe,2023-01-28
1,3,0,3,0,Edgecombe,2023-02-22
1,3,0,3,0,Edgecombe,2023-02-25
1,3,0,3,0,Edgecombe,2023-02-28
1,1,0,1,0,Edgecombe,2023-03-04
1,3,0,3,0,Edgecombe,2023-03-05
1,3,0,3,0,Edgecombe,2023-03-07
1,1,0,1,0,Edgecombe,2023-03-11
1,7,0,7,0,Franklin,2022-09-30
1,7,0,7,0,Franklin,2022-11-20
1,4,0,4,0,Franklin,2023-02-11
1,9,0,9,0,Franklin,2023-02-17
1,2,0,2,0,Gates,2022-09-20
1,2,0,2,0,Gates,2022-10-24
1,1,0,1,0,Gates,2022-12-06
1,2,0,2,0,Gates,2022-12-23
1,1,0,1,0,Gates,2023-01-18
1,2,0,2,0,Gates,2023-01-20
1,4,0,4,0,Gates,2023-02-03
1,2,0,2,0,Gates,2023-02-08
1,2,0,2,0,Gates,2023-02-20
1,1,0,1,0,Graham,2022-10-09
1,1,0,1,0,Graham,2022-11-16
1,2,0,2,0,Graham,2022-12-25
1,1,0,1,0,Graham,2023-01-01
1,1,0,1,0,Graham,2023-02-28
1,12,0,12,0,Granville,2022-09-28
1,3,0,3,0,Granville,2022-10-08
1,13,0,13,0,Granville,2022-11-03
1,4,0,4,0,Granville,2022-11-04
1,5,0,5,0,Granville,2022-11-10
1,6,0,6,0,Granville,2022-11-15
1,2,0,2,0,Granville,2023-02-18
1,4,0,4,0,Granville,2023-02-19
1,6,0,6,0,Granville,2023-02-26
1,4,0,4,0,Granville,2023-03-03
1,7,0,7,0,Granville,2023-03-09
1,2,0,2,0,Granville,2023-03-11
1,3,0,3,0,Greene,2022-10-05
1,6,0,6,0,Greene,2022-10-13
1,1,0,1,0,Greene,2022-10-21
1,3,0,3,0,Greene,2022-10-26
1,6,0,6,0,Greene,2022-10-31
1,3,0,3,0,Greene,2022-11-21
1,3,0,3,0,Greene,2022-11-28
1,1,0,1,0,Greene,2022-11-29
1,3,0,3,0,Greene,2022-11-30
1,3,0,3,0,Greene,2022-12-24
1,5,0,5,0,Greene,2022-12-26
1,3,0,3,0,Greene,2023-01-01
1,8,0,8,0,Greene,2023-01-05
1,1,0,1,0,Greene,2023-01-07
1,8,0,8,0,Greene,2023-01-10
1,2,0,2,0,Greene,2023-01-15
1,4,0,4,0,Greene,2023-02-06
1,1,0,1,0,Greene,2023-02-10
1,3,0,3,0,Greene,2023-02-12
1,3,0,3,0,Greene,2023-02-16
1,5,0,5,0,Greene,2023-02-20
1,2,0,2,0,Greene,2023-02-28
1,3,0,3,0,Greene,2023-03-02
1,1,0,1,0,Greene,2023-03-03
1,4,0,4,0,Halifax,2022-09-18
1,5,0,5,0,Halifax,2022-10-02
1,3,0,3,0,Halifax,2022-10-16
1,9,0,9,0,Halifax,2022-11-05
1,5,0,5,0,Halifax,2022-11-16
1,2,0,2,0,Halifax,2023-02-08
1,3,0,3,0,Halifax,2023-02-17
1,2,0,2,0,Halifax,2023-02-18
1,2,0,2,0,Halifax,2023-02-19
1,2,0,2,0,Halifax,2023-02-24
1,3,0,3,0,Harnett,2022-10-15
1,3,0,3,0,Harnett,2022-11-12
1,7,0,7,0,Harnett,2023-02-12
1,4,0,4,0,Harnett,2023-03-05
1,3,0,3,0,Haywood,2022-12-02
1,7,0,7,0,Haywood,2023-02-05
1,2,0,2,0,Haywood,2023-02-25
1,4,0,4,0,Henderson,2023-03-06
1,4,0,4,0,Hertford,2022-09-16
1,3,0,3,0,Hertford,2022-10-10
1,3,0,3,0,Hertford,2022-10-24
1,1,0,1,0,Hertford,2022-10-30
1,2,0,2,0,Hertford,2022-11-20
1,1,0,1,0,Hertford,2022-11-30
1,1,0,1,0,Hertford,2022-12-04
1,3,0,3,0,Hertford,2023-01-07
1,1,0,1,0,Hertford,2023-01-14
1,2,0,2,0,Hertford,2023-01-22
1,4,0,4,0,Hertford,2023-01-26
1,3,0,3,0,Hertford,2023-01-28
1,3,0,3,0,Hertford,2023-02-08
1,1,0,1,0,Hertford,2023-02-14
1,1,0,1,0,Hertford,2023-02-26
1,8,0,8,0,Hoke,2022-09-24
1,5,0,5,0,Hoke,2022-09-25
1,9,0,9,0,Hoke,2022-10-11
1,1,0,1,0,Hoke,2022-10-29
1,2,0,2,0,Hoke,2022-11-05
1,3,0,3,0,Hoke,2022-11-06
1,2,0,2,0,Hoke,2022-11-19
1,3,0,3,0,Hoke,2022-11-27
1,4,0,4,0,Hoke,2022-12-04
1,6,0,6,0,Hoke,2023-01-22
1,9,0,9,0,Hoke,2023-01-25
1,2,0,2,0,Hoke,2023-02-23
1,6,0,6,0,Hoke,2023-02-24
1,3,0,3,0,Hoke,2023-02-25
1,2,0,2,0,Hoke,2023-03-10
1,2,0,2,0,Hyde,2022-09-15
1,2,0,2,0,Hyde,2022-10-12
1,2,0,2,0,Hyde,2022-10-24
1,2,0,2,0,Hyde,2022-10-28
1,1,0,1,0,Hyde,2022-11-01
1,1,0,1,0,Hyde,2022-11-05
1,1,0,1,0,Hyde,2022-12-02
1,3,0,3,0,Hyde,2022-12-12
1,1,0,1,0,Hyde,2022-12-15
1,3,0,3,0,Hyde,2023-01-06
1,2,0,2,0,Hyde,2023-01-08
1,2,0,2,0,Hyde,2023-01-11
1,1,0,1,0,Hyde,2023-01-14
1,2,0,2,0,Hyde,2023-01-18
1,4,0,4,0,Hyde,2023-01-29
1,3,0,3,0,Hyde,2023-01-30
1,1,0,1,0,Hyde,2023-02-25
1,1,0,1,0,Hyde,2023-02-26
1,2,0,2,0,Hyde,2023-03-04
1,4,0,4,0,Jackson,2022-10-17
1,3,0,3,0,Jackson,2022-10-18
1,3,0,3,0,Jackson,2022-11-12
1,3,0,3,0,Jackson,2022-11-19
1,4,0,4,0,Jackson,2022-11-27
1,2,0,2,0,Jackson,2022-12-04
1,2,0,2,0,Jackson,2022-12-09
1,2,0,2,0,Jackson,2023-01-22
1,2,0,2,0,Jackson,2023-02-19
1,12,0,12,0,Johnston,2022-10-22
1,5,0,5,0,Jones,2022-09-15
1,3,0,3,0,Jones,2022-09-17
1,4,0,4,0,Jones,2022-09-27
1,2,0,2,0,Jones,2022-12-31
1,3,0,3,0,Jones,2023-01-01
1,1,0,1,0,Jones,2023-01-07
1,1,0,1,0,Jones,2023-01-10
1,1,0,1,0,Jones,2023-01-11
1,1,0,1,0,Jones,2023-01-16
1,1,0,1,0,Jones,2023-01-18
1,3,0,3,0,Jones,2023-01-24
1,1,0,1,0,Jones,2023-01-25
1,1,0,1,0,Jones,2023-02-04
1,1,0,1,0,Jones,2023-02-11
1,1,0,1,0,Jones,2023-02-13
1,1,0,1,0,Jones,2023-02-17
1,1,0,1,0,Jones,2023-03-06
1,4,0,4,0,Lee,2022-10-13
1,4,0,4,0,Lee,2022-11-03
1,3,0,3,0,Lee,2022-11-12
1,5,0,5,0,Lee,2022-11-18
1,2,0,2,0,Lee,2022-11-22
1,2,0,2,0,Lee,2023-01-14
1,5,0,5,0,Lee,2023-01-19
1,4,0,4,0,Lee,2023-03-02
1,3,0,3,0,Lee,2023-03-08
1,1,0,1,0,Lenoir,2022-10-09
1,1,0,1,0,Lenoir,2022-10-22
1,4,0,4,0,Lenoir,2022-10-26
1,2,0,2,0,Lenoir,2022-11-06
1,4,0,4,0,Lenoir,2022-11-08
1,2,0,2,0,Lenoir,2022-11-19
1,3,0,3,0,Lenoir,2022-11-23
1,5,0,5,0,Lenoir,2022-11-26
1,3,0,3,0,Lenoir,2022-12-25
1,2,0,2,0,Lenoir,2023-01-07
1,2,0,2,0,Lenoir,2023-02-26
1,4,0,4,0,Lenoir,2023-03-08
1,2,0,2,0,Lincoln,2022-10-16
1,10,0,10,0,Lincoln,2022-11-08
1,4,0,4,0,Lincoln,2022-11-09
1,3,0,3,0,Lincoln,2022-11-16
1,8,0,8,0,Lincoln,2022-11-27
1,5,0,5,0,Lincoln,2023-01-08
1,5,0,5,0,Lincoln,2023-02-18
1,5,0,5,0,Lincoln,2023-03-10
1,2,0,2,0,Macon,2022-09-17
1,4,0,4,0,Macon,2022-10-27
1,3,0,3,0,Macon,2022-11-10
1,1,0,1,0,Macon,2022-11-12
1,5,0,5,0,Macon,2022-11-14
1,3,0,3,0,Macon,2022-12-01
1,4,0,4,0,Macon,2022-12-02
1,6,0,6,0,Macon,2022-12-10
1,9,0,9,0,Macon,2022-12-26
1,2,0,2,0,Macon,2023-01-13
1,1,0,1,0,Macon,2023-01-22
1,2,0,2,0,Macon,2023-02-03
1,4,0,4,0,Macon,2023-02-12
1,4,0,4,0,Macon,2023-02-26
1,3,0,3,0,Macon,2023-02-27
1,1,0,1,0,Macon,2023-03-04
1,2,0,2,0,Macon,2023-03-07
1,2,0,2,0,Macon,2023-03-08
1,2,0,2,0,Madison,2022-09-25
1,4,0,4,0,Madison,2022-09-26
1,4,0,4,0,Madison,2022-09-28
1,3,0,3,0,Madison,2022-10-17
1,2,0,2,0,Madison,2022-11-19
1,1,0,1,0,Madison,2022-11-23
1,2,0,2,0,Madison,2022-12-14
1,2,0,2,0,Madison,2022-12-29
1,3,0,3,0,Madison,2023-02-07
1,3,0,3,0,Madison,2023-02-17
1,2,0,2,0,Madison,2023-02-22
1,1,0,1,0,Madison,2023-02-28
1,2,0,2,0,Madison,2023-03-04
1,1,0,1,0,Madison,2023-03-08
1,5,0,5,0,Martin,2022-09-21
1,3,0,3,0,Martin,2022-10-03
1,1,0,1,0,Martin,2022-10-10
1,2,0,2,0,Martin,2022-10-13
1,2,0,2,0,Martin,2022-10-15
1,5,0,5,0,Martin,2022-10-19
1,1,0,1,0,Martin,2022-10-22
1,1,0,1,0,Martin,2022-10-28
1,7,0,7,0,Martin,2022-11-02
1,3,0,3,0,Martin,2022-11-04
1,3,0,3,0,Martin,2022-11-05
1,2,0,2,0,Martin,2022-11-15
1,1,0,1,0,Martin,2022-11-16
1,3,0,3,0,Martin,2022-11-29
1,1,0,1,0,Martin,2022-12-09
1,1,0,1,0,Martin,2022-12-12
1,3,0,3,0,Martin,2022-12-14
1,1,0,1,0,Martin,2022-12-16
1,4,0,4,0,Martin,2022-12-22
1,1,0,1,0,Martin,2022-12-23
1,2,0,2,0,Martin,2022-12-29
1,2,0,2,0,Martin,2023-01-03
1,3,0,3,0,Martin,2023-01-14
1,1,0,1,0,Martin,2023-01-15
1,5,0,5,0,Martin,2023-01-17
1,5,0,5,0,Martin,2023-01-18
1,3,0,3,0,Martin,2023-01-26
1,1,0,1,0,Martin,2023-01-27
1,2,0,2,0,Martin,2023-02-01
1,2,0,2,0,Martin,2023-02-02
1,4,0,4,0,Martin,2023-02-03
1,3,0,3,0,Martin,2023-02-07
1,3,0,3,0,Martin,2023-02-08
1,1,0,1,0,Martin,2023-02-10
1,1,0,1,0,Martin,2023-02-16
1,1,0,1,0,Martin,2023-02-22
1,2,0,2,0,Martin,2023-02-23
1,2,0,2,0,Martin,2023-02-28
1,5,0,5,0,McDowell,2022-09-28
1,5,0,5,0,McDowell,2022-10-02
1,4,0,4,0,McDowell,2022-10-10
1,5,0,5,0,McDowell,2022-10-21
1,4,0,4,0,McDowell,2022-10-26
1,6,0,6,0,McDowell,2022-10-29
1,3,0,3,0,McDowell,2022-11-11
1,6,0,6,0,McDowell,2022-11-26
1,6,0,6,0,McDowell,2023-01-14
1,5,0,5,0,McDowell,2023-02-04
1,1,0,1,0,Mitchell,2022-10-01
1,1,0,1,0,Mitchell,2022-10-09
1,2,0,2,0,Mitchell,2022-10-16
1,1,0,1,0,Mitchell,2023-01-07
1,2,0,2,0,Mitchell,2023-01-19
1,1,0,1,0,Mitchell,2023-03-06
1,3,0,3,0,Montgomery,2022-10-09
1,3,0,3,0,Montgomery,2022-10-19
1,1,0,1,0,Montgomery,2022-10-22
1,2,0,2,0,Montgomery,2022-11-07
1,3,0,3,0,Montgomery,2022-11-28
1,2,0,2,0,Montgomery,2022-12-11
1,3,0,3,0,Montgomery,2023-02-19
1,4,0,4,0,Moore,2022-11-13
1,6,0,6,0,Moore,2023-02-04
1,5,0,5,0,Moore,2023-03-04
1,5,0,5,0,Moore,2023-03-06
1,2,0,2,0,Nash,2022-10-16
1,8,0,8,0,Nash,2022-11-27
1,10,0,10,0,Nash,2022-11-29
1,2,0,2,0,Nash,2023-02-12
1,6,0,6,0,Nash,2023-03-11
1,4,0,4,0,New Hanover,2022-11-13
1,10,0,10,0,New Hanover,2022-11-18
1,1,0,1,0,Northampton,2022-10-04
1,5,0,5,0,Northampton,2022-10-16
1,2,0,2,0,Northampton,2022-10-24
1,3,0,3,0,Northampton,2022-10-30
1,2,0,2,0,Northampton,2022-11-06
1,2,0,2,0,Northampton,2022-11-09
1,2,0,2,0,Northampton,2022-11-15
1,2,0,2,0,Northampton,2022-11-17
1,2,0,2,0,Northampton,2022-11-25
1,5,0,5,0,Northampton,2022-12-19
1,3,0,3,0,Northampton,2022-12-23
1,2,0,2,0,Northampton,2022-12-24
1,3,0,3,0,Northampton,2022-12-31
1,1,0,1,0,Northampton,2023-01-01
1,5,0,5,0,Northampton,2023-01-16
1,1,0,1,0,Northampton,2023-01-26
1,3,0,3,0,Northampton,2023-01-28
1,3,0,3,0,Northampton,2023-01-29
1,3,0,3,0,Northampton,2023-02-20
1,5,0,5,0,Northampton,2023-02-21
1,2,0,2,0,Northampton,2023-02-23
1,2,0,2,0,Northampton,2023-03-02
1,1,0,1,0,Northampton,2023-03-10
1,1,0,1,0,Northampton,2023-03-11
1,8,0,8,0,Onslow,2022-10-08
1,5,0,5,0,Onslow,2022-11-17
1,6,0,6,0,Onslow,2023-02-05
1,5,0,5,0,Onslow,2023-02-12
1,2,0,2,0,Onslow,2023-03-04
1,7,0,7,0,Onslow,2023-03-09
1,20,0,20,0,Orange,2022-10-24
1,18,0,18,0,Orange,2022-10-25
1,12,0,12,0,Orange,2022-11-11
1,8,0,8,0,Orange,2022-11-17
1,16,0,16,0,Orange,2022-11-22
1,4,0,4,0,Orange,2023-02-26
1,3,0,3,0,Pamlico,2022-09-18
1,4,0,4,0,Pamlico,2022-09-19
1,1,0,1,0,Pamlico,2022-09-20
1,1,0,1,0,Pamlico,2022-10-14
1,4,0,4,0,Pamlico,2022-10-20
1,1,0,1,0,Pamlico,2022-10-23
1,1,0,1,0,Pamlico,2022-10-28
1,2,0,2,0,Pamlico,2022-11-07
1,1,0,1,0,Pamlico,2022-11-16
1,2,0,2,0,Pamlico,2022-11-17
1,1,0,1,0,Pamlico,2022-12-09
1,2,0,2,0,Pamlico,2023-01-01
1,8,0,8,0,Pamlico,2023-01-02
1,2,0,2,0,Pamlico,2023-01-18
1,3,0,3,0,Pasquotank,2022-10-01
1,3,0,3,0,Pasquotank,2022-11-08
1,4,0,4,0,Pasquotank,2022-11-11
1,3,0,3,0,Pasquotank,2023-01-12
1,1,0,1,0,Pasquotank,2023-02-16
1,1,0,1,0,Pasquotank,2023-03-10
1,1,0,1,0,Pasquotank,2023-03-11
1,2,0,2,0,Pender,2022-10-11
1,4,0,4,0,Pender,2022-10-26
1,3,0,3,0,Pender,2022-10-27
1,5,0,5,0,Pender,2022-11-14
1,1,0,1,0,Pender,2022-11-17
1,2,0,2,0,Pender,2022-11-19
1,4,0,4,0,Pender,2022-11-22
1,1,0,1,0,Pender,2022-11-24
1,3,0,3,0,Pender,2022-11-27
1,4,0,4,0,Pender,2022-11-28
1,6,0,6,0,Pender,2022-11-29
1,8,0,8,0,Pender,2022-12-21
1,12,0,12,0,Pender,2022-12-26
1,4,0,4,0,Pender,2023-01-07
1,2,0,2,0,Pender,2023-02-03
1,1,0,1,0,Pender,2023-02-22
1,3,0,3,0,Pender,2023-02-23
1,2,0,2,0,Pender,2023-02-24
1,1,0,1,0,Pender,2023-03-05
1,4,0,4,0,Pender,2023-03-06
1,4,0,4,0,Pender,2023-03-09
1,3,0,3,0,Perquimans,2022-09-28
1,1,0,1,0,Perquimans,2022-10-07
1,1,0,1,0,Perquimans,2022-10-18
1,1,0,1,0,Perquimans,2022-10-24
1,3,0,3,0,Perquimans,2022-11-05
1,2,0,2,0,Perquimans,2022-11-10
1,1,0,1,0,Perquimans,2022-11-21
1,3,0,3,0,Perquimans,2022-11-28
1,3,0,3,0,Perquimans,2022-12-06
1,2,0,2,0,Perquimans,2022-12-12
1,3,0,3,0,Perquimans,2023-01-13
1,3,0,3,0,Perquimans,2023-01-18
1,3,0,3,0,Perquimans,2023-01-20
1,2,0,2,0,Perquimans,2023-01-30
1,1,0,1,0,Perquimans,2023-02-08
1,2,0,2,0,Perquimans,2023-02-24
1,2,0,2,0,Perquimans,2023-03-09
1,3,0,3,0,Person,2022-10-06
1,8,0,8,0,Person,2022-10-17
1,4,0,4,0,Person,2022-10-19
1,2,0,2,0,Person,2022-10-22
1,4,0,4,0,Person,2022-10-31
1,1,0,1,0,Person,2022-11-08
1,1,0,1,0,Person,2022-11-12
1,2,0,2,0,Person,2022-11-15
1,3,0,3,0,Person,2022-11-22
1,2,0,2,0,Person,2022-12-08
1,2,0,2,0,Person,2022-12-17
1,5,0,5,0,Person,2023-01-05
1,5,0,5,0,Person,2023-01-19
1,2,0,2,0,Person,2023-02-02
1,4,0,4,0,Person,2023-02-08
1,4,0,4,0,Person,2023-02-14
1,1,0,1,0,Person,2023-02-19
1,5,0,5,0,Person,2023-02-28
1,3,0,3,0,Pitt,2022-11-24
1,4,0,4,0,Pitt,2023-03-11
1,1,0,1,0,Polk,2022-10-13
1,1,0,1,0,Polk,2022-11-07
1,1,0,1,0,Polk,2023-02-15
1,4,0,4,0,Randolph,2022-11-06
1,6,0,6,0,Randolph,2022-11-24
1,4,0,4,0,Richmond,2022-10-03
1,5,0,5,0,Richmond,2022-10-19
1,5,0,5,0,Richmond,2022-11-02
1,1,0,1,0,Richmond,2022-11-19
1,2,0,2,0,Richmond,2022-12-01
1,9,0,9,0,Richmond,2022-12-30
1,9,0,9,0,Richmond,2023-02-17
1,8,0,8,0,Richmond,2023-02-20
1,2,0,2,0,Richmond,2023-02-23
1,4,0,4,0,Richmond,2023-03-02
1,5,0,5,0,Richmond,2023-03-03
1,6,0,6,0,Richmond,2023-03-10
1,6,0,6,0,Robeson,2022-11-13
1,2,0,2,0,Robeson,2022-11-24
1,9,0,9,0,Rockingham,2022-10-14
1,5,0,5,0,Rockingham,2022-10-16
1,8,0,8,0,Rockingham,2022-10-20
1,3,0,3,0,Rockingham,2022-11-20
1,8,0,8,0,Rowan,2022-10-23
1,6,0,6,0,Rowan,2022-11-19
1,5,0,5,0,Rowan,2023-03-10
1,6,0,6,0,Rutherford,2022-10-28
1,3,0,3,0,Rutherford,2023-02-07
1,1,0,1,0,Rutherford,2023-02-20
1,2,0,2,0,Rutherford,2023-03-02
1,2,0,2,0,Scotland,2022-11-07
1,2,0,2,0,Scotland,2022-11-09
1,1,0,1,0,Scotland,2022-11-11
1,1,0,1,0,Scotland,2023-03-07
1,4,0,4,0,Stanly,2022-09-30
1,4,0,4,0,Stanly,2022-10-16
1,4,0,4,0,Stanly,2022-10-21
1,6,0,6,0,Stanly,2022-11-06
1,4,0,4,0,Stanly,2022-11-12
1,6,0,6,0,Stanly,2022-11-17
1,8,0,8,0,Stanly,2022-11-25
1,6,0,6,0,Stanly,2022-11-29
1,16,0,16,0,Stanly,2022-11-30
1,11,0,11,0,Stanly,2022-12-14
1,11,0,11,0,Stanly,2023-02-19
1,5,0,5,0,Stanly,2023-02-25
1,3,0,3,0,Stanly,2023-03-02
1,3,0,3,0,Stanly,2023-03-08
1,5,0,5,0,Stokes,2022-09-25
1,5,0,5,0,Stokes,2022-10-28
1,3,0,3,0,Stokes,2023-03-06
1,4,0,4,0,Stokes,2023-03-09
1,3,0,3,0,Stokes,2023-03-11
1,5,0,5,0,Surry,2022-10-02
1,7,0,7,0,Surry,2022-10-23
1,5,0,5,0,Surry,2022-11-05
1,4,0,4,0,Surry,2022-11-12
1,9,0,9,0,Surry,2022-11-13
1,4,0,4,0,Surry,2023-02-19
1,3,0,3,0,Surry,2023-02-26
1,2,0,2,0,Swain,2022-09-27
1,1,0,1,0,Swain,2022-09-28
1,3,0,3,0,Swain,2022-10-01
1,3,0,3,0,Swain,2022-11-25
1,4,0,4,0,Swain,2022-11-26
1,6,0,6,0,Transylvania,2022-10-24
1,3,0,3,0,Transylvania,2022-11-01
1,2,0,2,0,Transylvania,2022-11-22
1,4,0,4,0,Transylvania,2022-12-03
1,7,0,7,0,Transylvania,2022-12-30
1,4,0,4,0,Transylvania,2023-01-15
1,2,0,2,0,Transylvania,2023-01-22
1,4,0,4,0,Transylvania,2023-01-23
1,4,0,4,0,Transylvania,2023-01-24
1,4,0,4,0,Transylvania,2023-02-01
1,1,0,1,0,Transylvania,2023-02-12
1,2,0,2,0,Transylvania,2023-02-16
1,1,0,1,0,Transylvania,2023-02-18
1,1,0,1,0,Transylvania,2023-02-25
1,3,0,3,0,Transylvania,2023-03-05
1,1,0,1,0,Transylvania,2023-03-07
1,4,0,4,0,Tyrrell,2022-09-14
1,1,0,1,0,Tyrrell,2022-10-13
1,1,0,1,0,Tyrrell,2022-10-20
1,1,0,1,0,Tyrrell,2022-11-02
1,3,0,3,0,Tyrrell,2022-12-13
1,1,0,1,0,Tyrrell,2022-12-21
1,1,0,1,0,Tyrrell,2023-02-06
1,3,0,3,0,Vance,2022-10-01
1,6,0,6,0,Vance,2022-10-02
1,4,0,4,0,Vance,2022-10-13
1,4,0,4,0,Vance,2022-10-22
1,5,0,5,0,Vance,2022-10-29
1,2,0,2,0,Vance,2022-11-15
1,4,0,4,0,Vance,2022-11-28
1,6,0,6,0,Vance,2023-01-29
1,2,0,2,0,Vance,2023-03-04
1,3,0,3,0,Vance,2023-03-06
1,2,0,2,0,Vance,2023-03-11
1,2,0,2,0,Warren,2022-09-20
1,2,0,2,0,Warren,2022-09-25
1,3,0,3,0,Warren,2022-10-08
1,1,0,1,0,Warren,2022-10-22
1,3,0,3,0,Warren,2022-10-28
1,2,0,2,0,Warren,2022-10-31
1,3,0,3,0,Warren,2022-11-02
1,1,0,1,0,Warren,2022-11-07
1,5,0,5,0,Warren,2022-11-14
1,1,0,1,0,Warren,2022-11-19
1,5,0,5,0,Warren,2022-12-09
1,2,0,2,0,Warren,2022-12-16
1,3,0,3,0,Warren,2023-01-22
1,1,0,1,0,Warren,2023-01-29
1,1,0,1,0,Warren,2023-02-11
1,1,0,1,0,Warren,2023-02-19
1,1,0,1,0,Warren,2023-03-05
1,1,0,1,0,Warren,2023-03-10
1,1,0,1,0,Washington,2022-10-10
1,2,0,2,0,Washington,2022-10-12
1,2,0,2,0,Washington,2022-10-24
1,1,0,1,0,Washington,2022-11-06
1,1,0,1,0,Washington,2022-11-23
1,1,0,1,0,Washington,2022-11-26
1,2,0,2,0,Washington,2022-11-27
1,1,0,1,0,Washington,2022-12-03
1,2,0,2,0,Washington,2022-12-06
1,2,0,2,0,Washington,2022-12-07
1,2,0,2,0,Washington,2022-12-16
1,3,0,3,0,Washington,2022-12-23
1,3,0,3,0,Washington,2023-01-09
1,7,0,7,0,Washington,2023-01-11
1,2,0,2,0,Washington,2023-01-27
1,1,0,1,0,Washington,2023-02-12
1,4,0,4,0,Watauga,2022-10-02
1,4,0,4,0,Watauga,2022-10-14
1,4,0,4,0,Watauga,2022-10-15
1,7,0,7,0,Watauga,2022-11-07
1,10,0,10,0,Watauga,2022-11-30
1,1,0,1,0,Watauga,2023-01-13
1,4,0,4,0,Watauga,2023-01-29
1,10,0,10,0,Watauga,2023-01-31
1,4,0,4,0,Watauga,2023-02-05
1,6,0,6,0,Watauga,2023-02-16
1,2,0,2,0,Wayne,2023-03-11
1,10,0,10,0,Wilson,2023-01-21
1,7,0,7,0,Wilson,2023-02-12
1,3,0,3,0,Wilson,2023-03-09
1,4,0,4,0,Yadkin,2022-10-12
1,12,0,12,0,Yadkin,2022-10-25
1,3,0,3,0,Yadkin,2022-11-02
1,3,0,3,0,Yadkin,2022-11-04
1,4,0,4,0,Yadkin,2022-11-12
1,10,0,10,0,Yadkin,2023-01-01
1,4,0,4,0,Yadkin,2023-01-20
1,5,0,5,0,Yadkin,2023-01-27
1,4,0,4,0,Yadkin,2023-01-28
1,3,0,3,0,Yadkin,2023-01-29
1,2,0,2,0,Yadkin,2023-02-24
1,2,0,2,0,Yadkin,2023-02-25
1,1,0,1,0,Yadkin,2023-02-26
1,5,0,5,0,Yadkin,2023-03-01
1,1,0,1,0,Yadkin,2023-03-05
1,4,0,4,0,Yancey,2022-09-26
1,2,0,2,0,Yancey,2022-10-17
1,3,0,3,0,Yancey,2022-10-18
1,4,0,4,0,Yancey,2022-10-19
1,1,0,1,0,Yancey,2022-11-07
1,1,0,1,0,Yancey,2022-11-17
1,2,0,2,0,Yancey,2022-11-18
1,1,0,1,0,Yancey,2022-11-24
1,1,0,1,0,Yancey,2022-12-18
1,1,0,1,0,Yancey,2022-12-26
1,3,0,3,0,Yancey,2023-01-20
1,2,0,2,0,Yancey,2023-01-23
1,1,0,1,0,Yancey,2023-02-12
1,1,0,1,0,Yancey,2023-03-10
1,15,1,14,0,Alamance,2022-11-16
1,7,1,6,0,Alamance,2023-03-04
1,10,1,9,0,Alamance,2023-03-07
1,9,1,8,0,Alamance,2023-03-08
1,3,1,2,0,Alexander,2022-09-25
1,5,1,4,0,Alexander,2022-10-01
1,7,1,6,0,Alexander,2022-10-22
1,2,1,1,0,Alexander,2022-11-03
1,4,1,3,0,Alexander,2022-11-06
1,4,1,3,0,Alexander,2022-11-25
1,9,1,8,0,Alexander,2022-11-30
1,4,1,3,0,Alexander,2022-12-01
1,3,1,2,0,Alexander,2022-12-03
1,4,1,3,0,Alexander,2022-12-17
1,3,1,2,0,Alexander,2023-02-15
1,2,1,1,0,Alexander,2023-02-28
1,2,1,1,0,Alexander,2023-03-09
1,1,1,0,0,Alleghany,2022-09-15
1,1,1,0,0,Alleghany,2022-09-26
1,3,1,2,0,Alleghany,2022-10-11
1,1,1,0,0,Alleghany,2022-10-20
1,1,1,0,0,Alleghany,2022-11-10
1,1,1,0,0,Alleghany,2022-11-18
1,2,1,1,0,Alleghany,2022-12-03
1,2,1,1,0,Alleghany,2023-01-13
1,2,1,1,0,Alleghany,2023-01-16
1,3,1,2,0,Alleghany,2023-01-20
1,3,1,2,0,Alleghany,2023-02-02
1,4,1,3,0,Alleghany,2023-02-03
1,3,1,2,0,Alleghany,2023-02-21
1,4,1,3,0,Alleghany,2023-02-27
1,7,1,6,0,Anson,2022-09-15
1,3,1,2,0,Anson,2022-09-17
1,3,1,2,0,Anson,2022-09-29
1,7,1,6,0,Anson,2022-10-06
1,3,1,2,0,Anson,2022-10-31
1,2,1,1,0,Anson,2022-11-04
1,3,1,2,0,Anson,2022-11-07
1,3,1,2,0,Anson,2022-11-09
1,3,1,2,0,Anson,2022-11-18
1,4,1,3,0,Anson,2022-12-07
1,4,1,3,0,Anson,2022-12-18
1,5,1,4,0,Anson,2023-01-12
1,4,1,3,0,Anson,2023-01-13
1,10,1,9,0,Anson,2023-01-18
1,3,1,2,0,Anson,2023-02-24
1,1,1,0,0,Anson,2023-03-10
1,2,1,1,0,Ashe,2022-09-16
1,2,1,1,0,Ashe,2022-09-21
1,2,1,1,0,Ashe,2022-10-28
1,1,1,0,0,Ashe,2022-10-29
1,2,1,1,0,Ashe,2022-11-03
1,3,1,2,0,Ashe,2022-12-15
1,4,1,3,0,Ashe,2022-12-20
1,1,1,0,0,Ashe,2022-12-23
1,6,1,5,0,Ashe,2023-01-05
1,5,1,4,0,Ashe,2023-01-06
1,3,1,2,0,Ashe,2023-01-22
1,3,1,2,0,Ashe,2023-02-03
1,3,1,2,0,Ashe,2023-02-21
1,4,1,3,0,Ashe,2023-03-07
1,2,1,1,0,Avery,2022-09-18
1,1,1,0,0,Avery,2022-11-10
1,1,1,0,0,Avery,2022-11-14
1,2,1,1,0,Avery,2023-01-07
1,1,1,0,0,Avery,2023-01-23
1,5,1,4,0,Beaufort,2022-10-08
1,4,1,3,0,Beaufort,2022-11-21
1,6,1,5,0,Beaufort,2022-11-26
1,2,1,1,0,Beaufort,2022-12-03
1,4,1,3,0,Beaufort,2022-12-04
1,8,1,7,0,Beaufort,2022-12-10
1,6,1,5,0,Beaufort,2022-12-23
1,5,1,4,0,Beaufort,2023-02-08
1,3,1,2,0,Beaufort,2023-02-23
1,7,1,6,0,Bertie,2022-09-15
1,5,1,4,0,Bertie,2022-10-03
1,2,1,1,0,Bertie,2022-10-18
1,3,1,2,0,Bertie,2022-11-09
1,4,1,3,0,Bertie,2022-11-14
1,1,1,0,0,Bertie,2022-11-26
1,4,1,3,0,Bertie,2022-11-29
1,6,1,5,0,Bertie,2022-12-08
1,3,1,2,0,Bertie,2022-12-09
1,3,1,2,0,Bertie,2022-12-15
1,4,1,3,0,Bertie,2022-12-26
1,4,1,3,0,Bertie,2023-01-05
1,2,1,1,0,Bertie,2023-01-29
1,8,1,7,0,Bertie,2023-02-13
1,3,1,2,0,Bertie,2023-02-17
1,8,1,7,0,Bladen,2022-09-26
1,3,1,2,0,Bladen,2022-10-12
1,3,1,2,0,Bladen,2022-11-11
1,2,1,1,0,Bladen,2022-11-22
1,2,1,1,0,Bladen,2022-11-25
1,2,1,1,0,Bladen,2022-11-30
1,5,1,4,0,Bladen,2023-01-07
1,8,1,7,0,Bladen,2023-01-16
1,6,1,5,0,Bladen,2023-01-27
1,6,1,5,0,Bladen,2023-02-18
1,4,1,3,0,Bladen,2023-02-27
1,1,1,0,0,Bladen,2023-03-06
1,1,1,0,0,Bladen,2023-03-09
1,7,1,6,0,Brunswick,2022-11-12
1,9,1,8,0,Brunswick,2022-11-13
1,5,1,4,0,Brunswick,2022-11-17
1,5,1,4,0,Brunswick,2023-01-28
1,11,1,10,0,Brunswick,2023-02-24
1,17,1,16,0,Burke,2022-09-24
1,6,1,5,0,Burke,2022-11-12
1,3,1,2,0,Burke,2022-11-13
1,15,1,14,0,Burke,2022-11-21
1,6,1,5,0,Burke,2023-02-05
1,10,1,9,0,Burke,2023-02-11
1,12,1,11,0,Burke,2023-02-18
1,4,1,3,0,Burke,2023-02-26
1,15,1,14,0,Caldwell,2022-10-07
1,10,1,9,0,Caldwell,2022-10-21
1,16,1,15,0,Caldwell,2022-11-08
1,5,1,4,0,Caldwell,2022-11-12
1,14,1,13,0,Caldwell,2023-01-01
1,5,1,4,0,Caldwell,2023-03-10
1,1,1,0,0,Camden,2022-10-03
1,1,1,0,0,Camden,2022-10-07
1,2,1,1,0,Camden,2022-11-29
1,2,1,1,0,Camden,2022-12-14
1,2,1,1,0,Camden,2022-12-24
1,2,1,1,0,Camden,2022-12-27
1,2,1,1,0,Camden,2023-01-17
1,2,1,1,0,Camden,2023-01-26
1,2,1,1,0,Camden,2023-02-21
1,5,1,4,0,Carteret,2022-10-02
1,2,1,1,0,Carteret,2022-10-09
1,1,1,0,0,Carteret,2022-11-06
1,1,1,0,0,Carteret,2022-11-21
1,3,1,2,0,Carteret,2022-11-30
1,3,1,2,0,Carteret,2022-12-03
1,3,1,2,0,Carteret,2022-12-11
1,6,1,5,0,Carteret,2023-01-08
1,6,1,5,0,Carteret,2023-02-11
1,6,1,5,0,Carteret,2023-03-02
1,2,1,1,0,Carteret,2023-03-04
1,3,1,2,0,Caswell,2022-09-27
1,3,1,2,0,Caswell,2022-12-14
1,4,1,3,0,Caswell,2022-12-23
1,3,1,2,0,Caswell,2022-12-24
1,3,1,2,0,Caswell,2023-01-01
1,5,1,4,0,Caswell,2023-01-13
1,4,1,3,0,Caswell,2023-01-18
1,2,1,1,0,Caswell,2023-01-26
1,3,1,2,0,Caswell,2023-02-06
1,6,1,5,0,Caswell,2023-02-10
1,1,1,0,0,Caswell,2023-02-20
1,2,1,1,0,Caswell,2023-03-05
1,4,1,3,0,Chatham,2022-11-17
1,6,1,5,0,Chatham,2023-01-01
1,5,1,4,0,Chatham,2023-01-15
1,9,1,8,0,Chatham,2023-02-10
1,3,1,2,0,Chatham,2023-02-11
1,8,1,7,0,Chatham,2023-02-12
1,1,1,0,0,Cherokee,2022-09-23
1,1,1,0,0,Cherokee,2022-09-25
1,1,1,0,0,Cherokee,2022-10-02
1,6,1,5,0,Cherokee,2022-10-08
1,3,1,2,0,Cherokee,2022-10-19
1,4,1,3,0,Cherokee,2022-10-20
1,3,1,2,0,Cherokee,2022-10-29
1,2,1,1,0,Cherokee,2022-11-03
1,4,1,3,0,Cherokee,2022-11-07
1,5,1,4,0,Cherokee,2022-11-08
1,1,1,0,0,Cherokee,2022-11-11
1,5,1,4,0,Cherokee,2022-11-16
1,6,1,5,0,Cherokee,2022-11-22
1,2,1,1,0,Cherokee,2022-11-30
1,3,1,2,0,Cherokee,2022-12-10
1,9,1,8,0,Cherokee,2022-12-12
1,5,1,4,0,Cherokee,2022-12-19
1,7,1,6,0,Cherokee,2022-12-21
1,5,1,4,0,Cherokee,2022-12-23
1,8,1,7,0,Cherokee,2022-12-26
1,6,1,5,0,Cherokee,2022-12-31
1,6,1,5,0,Cherokee,2023-01-11
1,11,1,10,0,Cherokee,2023-01-17
1,7,1,6,0,Cherokee,2023-01-20
1,5,1,4,0,Cherokee,2023-01-23
1,2,1,1,0,Chowan,2022-09-21
1,3,1,2,0,Chowan,2022-09-29
1,1,1,0,0,Chowan,2022-10-30
1,2,1,1,0,Chowan,2022-11-01
1,3,1,2,0,Chowan,2022-12-07
1,6,1,5,0,Chowan,2022-12-26
1,3,1,2,0,Chowan,2022-12-27
1,3,1,2,0,Chowan,2023-01-08
1,7,1,6,0,Chowan,2023-01-11
1,12,1,11,0,Chowan,2023-01-13
1,3,1,2,0,Chowan,2023-01-14
1,5,1,4,0,Chowan,2023-02-10
1,1,1,0,0,Chowan,2023-03-04
1,3,1,2,0,Clay,2022-09-13
1,2,1,1,0,Clay,2022-09-19
1,1,1,0,0,Clay,2022-09-25
1,2,1,1,0,Clay,2022-10-24
1,1,1,0,0,Clay,2022-11-22
1,2,1,1,0,Clay,2022-11-28
1,2,1,1,0,Clay,2023-01-19
1,1,1,0,0,Clay,2023-02-05
1,2,1,1,0,Clay,2023-02-16
1,1,1,0,0,Clay,2023-02-25
1,7,1,6,0,Cleveland,2022-09-17
1,17,1,16,0,Cleveland,2022-09-28
1,3,1,2,0,Cleveland,2022-10-09
1,6,1,5,0,Cleveland,2022-10-17
1,3,1,2,0,Cleveland,2022-10-30
1,3,1,2,0,Columbus,2022-10-02
1,3,1,2,0,Columbus,2022-11-05
1,3,1,2,0,Columbus,2022-11-07
1,3,1,2,0,Columbus,2022-11-19
1,6,1,5,0,Columbus,2022-12-09
1,9,1,8,0,Columbus,2022-12-23
1,8,1,7,0,Columbus,2023-01-14
1,9,1,8,0,Columbus,2023-01-20
1,2,1,1,0,Columbus,2023-01-22
1,4,1,3,0,Columbus,2023-01-30
1,8,1,7,0,Craven,2022-10-20
1,2,1,1,0,Craven,2022-10-22
1,10,1,9,0,Craven,2022-11-06
1,3,1,2,0,Craven,2022-11-20
1,8,1,7,0,Craven,2023-01-29
1,8,1,7,0,Craven,2023-02-05
1,3,1,2,0,Craven,2023-02-24
1,3,1,2,0,Craven,2023-02-28
1,2,1,1,0,Craven,2023-03-10
1,13,1,12,0,Cumberland,2022-10-16
1,5,1,4,0,Currituck,2022-09-17
1,2,1,1,0,Currituck,2022-09-27
1,3,1,2,0,Currituck,2022-10-05
1,4,1,3,0,Currituck,2022-10-18
1,3,1,2,0,Currituck,2022-10-30
1,1,1,0,0,Currituck,2022-11-05
1,4,1,3,0,Currituck,2022-12-08
1,7,1,6,0,Currituck,2022-12-27
1,4,1,3,0,Currituck,2023-01-06
1,3,1,2,0,Currituck,2023-01-09
1,2,1,1,0,Currituck,2023-02-04
1,3,1,2,0,Currituck,2023-02-07
1,4,1,3,0,Currituck,2023-02-09
1,2,1,1,0,Currituck,2023-02-10
1,4,1,3,0,Currituck,2023-02-24
1,3,1,2,0,Currituck,2023-03-02
1,7,1,6,0,Dare,2022-10-11
1,4,1,3,0,Dare,2022-12-04
1,17,1,16,0,Dare,2022-12-27
1,10,1,9,0,Dare,2022-12-31
1,4,1,3,0,Dare,2023-01-21
1,4,1,3,0,Dare,2023-02-22
1,3,1,2,0,Dare,2023-03-06
1,14,1,13,0,Davidson,2022-10-22
1,6,1,5,0,Davie,2022-09-17
1,8,1,7,0,Davie,2022-09-18
1,6,1,5,0,Davie,2022-09-25
1,1,1,0,0,Davie,2022-10-27
1,3,1,2,0,Davie,2022-10-31
1,3,1,2,0,Davie,2023-01-15
1,2,1,1,0,Davie,2023-01-28
1,4,1,3,0,Davie,2023-02-01
1,6,1,5,0,Davie,2023-02-22
1,5,1,4,0,Davie,2023-02-26
1,3,1,2,0,Duplin,2022-09-24
1,2,1,1,0,Duplin,2022-11-03
1,2,1,1,0,Duplin,2022-11-11
1,3,1,2,0,Duplin,2022-11-18
1,5,1,4,0,Duplin,2023-01-14
1,4,1,3,0,Duplin,2023-02-21
1,23,1,22,0,Durham,2022-10-15
1,2,1,1,0,Edgecombe,2022-10-15
1,6,1,5,0,Edgecombe,2022-11-01
1,3,1,2,0,Edgecombe,2022-11-08
1,5,1,4,0,Edgecombe,2022-11-14
1,14,1,13,0,Edgecombe,2022-12-19
1,9,1,8,0,Edgecombe,2022-12-20
1,7,1,6,0,Edgecombe,2023-01-01
1,7,1,6,0,Edgecombe,2023-01-25
1,5,1,4,0,Edgecombe,2023-01-27
1,5,1,4,0,Edgecombe,2023-02-09
1,3,1,2,0,Edgecombe,2023-02-15
1,4,1,3,0,Edgecombe,2023-02-26
1,11,1,10,0,Franklin,2022-09-29
1,3,1,2,0,Franklin,2022-10-21
1,10,1,9,0,Franklin,2022-10-27
1,4,1,3,0,Franklin,2022-11-03
1,8,1,7,0,Franklin,2022-11-05
1,4,1,3,0,Franklin,2022-11-10
1,6,1,5,0,Franklin,2022-11-12
1,6,1,5,0,Franklin,2022-11-14
1,5,1,4,0,Franklin,2022-11-22
1,6,1,5,0,Franklin,2022-12-02
1,3,1,2,0,Franklin,2022-12-03
1,5,1,4,0,Franklin,2022-12-05
1,8,1,7,0,Franklin,2022-12-10
1,10,1,9,0,Franklin,2023-01-08
1,4,1,3,0,Franklin,2023-03-08
1,14,1,13,0,Gaston,2022-10-01
1,17,1,16,0,Gaston,2022-10-30
1,4,1,3,0,Gates,2022-10-13
1,2,1,1,0,Gates,2022-12-07
1,1,1,0,0,Gates,2023-01-04
1,1,1,0,0,Gates,2023-01-07
1,4,1,3,0,Gates,2023-01-09
1,1,1,0,0,Gates,2023-01-29
1,2,1,1,0,Gates,2023-02-02
1,2,1,1,0,Gates,2023-02-13
1,2,1,1,0,Gates,2023-02-28
1,2,1,1,0,Graham,2022-09-13
1,2,1,1,0,Graham,2022-09-22
1,1,1,0,0,Graham,2022-10-08
1,1,1,0,0,Graham,2022-10-13
1,1,1,0,0,Graham,2022-10-28
1,1,1,0,0,Graham,2022-11-08
1,1,1,0,0,Graham,2022-11-27
1,1,1,0,0,Graham,2022-12-07
1,1,1,0,0,Graham,2023-01-16
1,1,1,0,0,Graham,2023-01-17
1,1,1,0,0,Graham,2023-01-21
1,1,1,0,0,Graham,2023-01-26
1,1,1,0,0,Graham,2023-02-01
1,2,1,1,0,Graham,2023-02-02
1,1,1,0,0,Graham,2023-02-07
1,18,1,17,0,Granville,2022-09-16
1,3,1,2,0,Granville,2022-10-01
1,4,1,3,0,Granville,2022-10-07
1,7,1,6,0,Granville,2022-10-10
1,2,1,1,0,Granville,2022-11-02
1,13,1,12,0,Granville,2022-11-09
1,6,1,5,0,Granville,2022-11-22
1,2,1,1,0,Granville,2022-12-03
1,5,1,4,0,Granville,2022-12-17
1,3,1,2,0,Granville,2023-01-29
1,4,1,3,0,Granville,2023-03-08
1,9,1,8,0,Greene,2022-10-17
1,4,1,3,0,Greene,2022-10-19
1,3,1,2,0,Greene,2022-11-01
1,3,1,2,0,Greene,2022-11-06
1,4,1,3,0,Greene,2022-12-05
1,5,1,4,0,Greene,2022-12-08
1,4,1,3,0,Greene,2022-12-20
1,3,1,2,0,Greene,2022-12-23
1,2,1,1,0,Greene,2023-01-02
1,6,1,5,0,Greene,2023-01-31
1,6,1,5,0,Guilford,2023-03-11
1,3,1,2,0,Halifax,2022-09-25
1,5,1,4,0,Halifax,2022-10-01
1,7,1,6,0,Halifax,2022-10-09
1,6,1,5,0,Halifax,2022-10-13
1,1,1,0,0,Halifax,2022-11-20
1,4,1,3,0,Halifax,2022-11-21
1,4,1,3,0,Halifax,2022-12-17
1,2,1,1,0,Halifax,2022-12-18
1,2,1,1,0,Halifax,2023-01-28
1,4,1,3,0,Harnett,2022-10-29
1,18,1,17,0,Harnett,2022-11-03
1,3,1,2,0,Harnett,2022-11-19
1,4,1,3,0,Harnett,2022-11-24
1,6,1,5,0,Harnett,2023-02-04
1,4,1,3,0,Haywood,2022-11-16
1,3,1,2,0,Haywood,2022-11-20
1,5,1,4,0,Haywood,2022-11-23
1,3,1,2,0,Haywood,2022-11-24
1,9,1,8,0,Haywood,2022-12-25
1,2,1,1,0,Haywood,2023-02-26
1,4,1,3,0,Haywood,2023-03-03
1,3,1,2,0,Haywood,2023-03-10
1,6,1,5,0,Henderson,2022-11-24
1,9,1,8,0,Henderson,2023-03-08
1,2,1,1,0,Hertford,2022-10-18
1,2,1,1,0,Hertford,2022-11-08
1,4,1,3,0,Hertford,2022-11-22
1,2,1,1,0,Hertford,2022-12-03
1,6,1,5,0,Hertford,2022-12-12
1,2,1,1,0,Hertford,2022-12-17
1,3,1,2,0,Hertford,2023-03-01
1,5,1,4,0,Hertford,2023-03-11
1,4,1,3,0,Hoke,2022-09-27
1,7,1,6,0,Hoke,2022-10-07
1,7,1,6,0,Hoke,2022-10-10
1,6,1,5,0,Hoke,2022-10-15
1,4,1,3,0,Hoke,2022-10-25
1,7,1,6,0,Hoke,2022-11-01
1,5,1,4,0,Hoke,2022-11-03
1,4,1,3,0,Hoke,2022-11-12
1,6,1,5,0,Hoke,2022-11-29
1,11,1,10,0,Hoke,2023-02-20
1,4,1,3,0,Hoke,2023-03-05
1,2,1,1,0,Hyde,2022-09-13
1,1,1,0,0,Hyde,2023-01-04
1,4,1,3,0,Hyde,2023-01-13
1,7,1,6,0,Iredell,2022-11-12
1,6,1,5,0,Iredell,2023-03-04
1,4,1,3,0,Jackson,2022-09-24
1,5,1,4,0,Jackson,2022-10-04
1,3,1,2,0,Jackson,2022-10-13
1,4,1,3,0,Jackson,2022-10-20
1,2,1,1,0,Jackson,2022-10-21
1,5,1,4,0,Jackson,2022-10-27
1,7,1,6,0,Jackson,2022-10-28
1,4,1,3,0,Jackson,2022-11-18
1,3,1,2,0,Jackson,2022-11-20
1,5,1,4,0,Jackson,2022-12-12
1,6,1,5,0,Jackson,2023-01-01
1,5,1,4,0,Jackson,2023-02-02
1,13,1,12,0,Johnston,2022-10-09
1,7,1,6,0,Johnston,2022-11-19
1,10,1,9,0,Johnston,2023-03-03
1,1,1,0,0,Jones,2022-09-25
1,2,1,1,0,Jones,2022-09-29
1,1,1,0,0,Jones,2022-10-17
1,2,1,1,0,Jones,2022-11-07
1,1,1,0,0,Jones,2022-11-30
1,2,1,1,0,Jones,2022-12-16
1,4,1,3,0,Jones,2022-12-20
1,1,1,0,0,Jones,2022-12-22
1,1,1,0,0,Jones,2023-03-01
1,3,1,2,0,Lee,2022-10-16
1,8,1,7,0,Lee,2022-11-01
1,1,1,0,0,Lee,2022-11-06
1,7,1,6,0,Lee,2022-11-08
1,6,1,5,0,Lee,2022-11-17
1,3,1,2,0,Lee,2022-12-25
1,6,1,5,0,Lee,2023-01-06
1,10,1,9,0,Lee,2023-01-31
1,5,1,4,0,Lee,2023-02-04
1,2,1,1,0,Lee,2023-03-01
1,5,1,4,0,Lenoir,2022-10-21
1,4,1,3,0,Lenoir,2022-10-28
1,3,1,2,0,Lenoir,2022-10-30
1,7,1,6,0,Lenoir,2022-11-15
1,2,1,1,0,Lenoir,2022-12-04
1,4,1,3,0,Lenoir,2023-01-08
1,5,1,4,0,Lenoir,2023-01-14
1,4,1,3,0,Lenoir,2023-01-15
1,5,1,4,0,Lenoir,2023-01-29
1,6,1,5,0,Lenoir,2023-02-05
1,3,1,2,0,Lenoir,2023-03-04
1,3,1,2,0,Lenoir,2023-03-07
1,3,1,2,0,Lincoln,2022-11-20
1,5,1,4,0,Lincoln,2022-11-26
1,3,1,2,0,Lincoln,2023-01-15
1,6,1,5,0,Lincoln,2023-02-11
1,4,1,3,0,Lincoln,2023-03-02
1,5,1,4,0,Macon,2022-09-13
1,3,1,2,0,Macon,2022-10-06
1,2,1,1,0,Macon,2022-10-21
1,3,1,2,0,Macon,2023-02-21
1,2,1,1,0,Madison,2022-10-15
1,3,1,2,0,Madison,2022-10-21
1,2,1,1,0,Madison,2022-10-26
1,1,1,0,0,Madison,2022-11-20
1,2,1,1,0,Madison,2022-11-26
1,1,1,0,0,Madison,2022-12-03
1,3,1,2,0,Madison,2022-12-16
1,4,1,3,0,Madison,2022-12-31
1,3,1,2,0,Madison,2023-01-27
1,2,1,1,0,Madison,2023-01-29
1,3,1,2,0,Madison,2023-01-30
1,1,1,0,0,Madison,2023-02-03
1,2,1,1,0,Madison,2023-02-19
1,2,1,1,0,Madison,2023-02-21
1,1,1,0,0,Madison,2023-03-09
1,9,1,8,0,Martin,2022-09-26
1,7,1,6,0,Martin,2022-09-28
1,2,1,1,0,Martin,2022-10-31
1,1,1,0,0,Martin,2022-11-09
1,5,1,4,0,Martin,2022-12-07
1,2,1,1,0,Martin,2023-01-05
1,2,1,1,0,Martin,2023-01-13
1,3,1,2,0,Martin,2023-01-30
1,2,1,1,0,Martin,2023-01-31
1,8,1,7,0,McDowell,2022-09-22
1,3,1,2,0,McDowell,2022-10-19
1,4,1,3,0,McDowell,2022-10-20
1,6,1,5,0,McDowell,2022-11-10
1,9,1,8,0,McDowell,2022-12-14
1,8,1,7,0,McDowell,2023-01-24
1,6,1,5,0,McDowell,2023-01-27
1,3,1,2,0,McDowell,2023-02-05
1,4,1,3,0,McDowell,2023-02-18
1,4,1,3,0,McDowell,2023-03-07
1,2,1,1,0,McDowell,2023-03-10
1,3,1,2,0,Mitchell,2022-09-13
1,2,1,1,0,Mitchell,2022-09-16
1,2,1,1,0,Mitchell,2022-10-02
1,2,1,1,0,Mitchell,2022-10-03
1,1,1,0,0,Mitchell,2022-10-17
1,1,1,0,0,Mitchell,2022-10-18
1,1,1,0,0,Mitchell,2022-10-20
1,2,1,1,0,Mitchell,2022-11-23
1,1,1,0,0,Mitchell,2022-12-01
1,1,1,0,0,Mitchell,2022-12-23
1,2,1,1,0,Mitchell,2023-01-03
1,4,1,3,0,Mitchell,2023-01-13
1,4,1,3,0,Mitchell,2023-01-24
1,1,1,0,0,Mitchell,2023-02-16
1,5,1,4,0,Montgomery,2022-09-29
1,4,1,3,0,Montgomery,2022-10-01
1,3,1,2,0,Montgomery,2022-10-07
1,3,1,2,0,Montgomery,2022-10-11
1,2,1,1,0,Montgomery,2022-10-14
1,4,1,3,0,Montgomery,2022-10-30
1,2,1,1,0,Montgomery,2022-11-08
1,6,1,5,0,Montgomery,2022-11-15
1,3,1,2,0,Montgomery,2022-12-02
1,2,1,1,0,Montgomery,2022-12-08
1,4,1,3,0,Montgomery,2022-12-13
1,7,1,6,0,Montgomery,2023-01-26
1,3,1,2,0,Montgomery,2023-02-04
1,3,1,2,0,Montgomery,2023-02-06
1,3,1,2,0,Montgomery,2023-02-12
1,8,1,7,0,Montgomery,2023-02-16
1,2,1,1,0,Montgomery,2023-02-18
1,5,1,4,0,Montgomery,2023-02-27
1,6,1,5,0,Montgomery,2023-03-02
1,3,1,2,0,Montgomery,2023-03-03
1,8,1,7,0,Moore,2022-11-27
1,4,1,3,0,Moore,2022-12-03
1,6,1,5,0,Moore,2022-12-04
1,8,1,7,0,Moore,2023-02-10
1,3,1,2,0,Moore,2023-02-18
1,6,1,5,0,Moore,2023-03-02
1,9,1,8,0,Nash,2022-10-14
1,4,1,3,0,Nash,2022-10-25
1,8,1,7,0,Nash,2022-10-26
1,5,1,4,0,Nash,2022-11-03
1,8,1,7,0,Nash,2022-11-06
1,2,1,1,0,Nash,2023-02-04
1,5,1,4,0,Nash,2023-02-19
1,3,1,2,0,Nash,2023-03-02
1,3,1,2,0,Nash,2023-03-05
1,5,1,4,0,New Hanover,2022-10-16
1,4,1,3,0,New Hanover,2023-03-08
1,9,1,8,0,New Hanover,2023-03-11
1,2,1,1,0,Northampton,2022-09-15
1,4,1,3,0,Northampton,2022-10-11
1,2,1,1,0,Northampton,2022-10-29
1,5,1,4,0,Northampton,2022-11-29
1,2,1,1,0,Northampton,2022-12-09
1,1,1,0,0,Northampton,2022-12-11
1,7,1,6,0,Northampton,2022-12-20
1,3,1,2,0,Northampton,2023-02-10
1,3,1,2,0,Northampton,2023-02-15
1,2,1,1,0,Northampton,2023-02-16
1,4,1,3,0,Northampton,2023-02-17
1,3,1,2,0,Northampton,2023-02-24
1,4,1,3,0,Northampton,2023-03-01
1,3,1,2,0,Northampton,2023-03-08
1,10,1,9,0,Onslow,2022-10-23
1,13,1,12,0,Onslow,2022-11-04
1,5,1,4,0,Onslow,2022-11-05
1,11,1,10,0,Onslow,2022-11-25
1,12,1,11,0,Onslow,2022-12-18
1,13,1,12,0,Onslow,2022-12-24
1,10,1,9,0,Onslow,2023-02-24
1,4,1,3,0,Onslow,2023-03-10
1,20,1,19,0,Orange,2022-09-24
1,5,1,4,0,Orange,2022-10-08
1,15,1,14,0,Orange,2022-10-21
1,12,1,11,0,Orange,2022-10-26
1,9,1,8,0,Orange,2022-10-29
1,9,1,8,0,Orange,2023-01-29
1,8,1,7,0,Orange,2023-02-12
1,8,1,7,0,Orange,2023-02-18
1,5,1,4,0,Orange,2023-02-25
1,5,1,4,0,Orange,2023-03-05
1,13,1,12,0,Orange,2023-03-08
1,5,1,4,0,Orange,2023-03-11
1,3,1,2,0,Pamlico,2022-09-26
1,3,1,2,0,Pamlico,2022-10-31
1,4,1,3,0,Pamlico,2022-11-01
1,2,1,1,0,Pamlico,2022-11-02
1,2,1,1,0,Pamlico,2022-12-18
1,3,1,2,0,Pamlico,2023-01-05
1,1,1,0,0,Pamlico,2023-01-19
1,1,1,0,0,Pamlico,2023-03-07
1,6,1,5,0,Pasquotank,2022-09-15
1,4,1,3,0,Pasquotank,2022-10-31
1,7,1,6,0,Pasquotank,2022-11-03
1,4,1,3,0,Pasquotank,2022-11-07
1,3,1,2,0,Pasquotank,2022-11-26
1,2,1,1,0,Pasquotank,2022-11-27
1,5,1,4,0,Pasquotank,2022-11-28
1,4,1,3,0,Pasquotank,2022-12-24
1,5,1,4,0,Pasquotank,2023-01-13
1,2,1,1,0,Pasquotank,2023-02-26
1,3,1,2,0,Pasquotank,2023-03-07
1,8,1,7,0,Pender,2022-09-22
1,7,1,6,0,Pender,2022-09-28
1,6,1,5,0,Pender,2022-09-29
1,5,1,4,0,Pender,2022-09-30
1,8,1,7,0,Pender,2022-10-12
1,9,1,8,0,Pender,2022-10-17
1,3,1,2,0,Pender,2022-10-21
1,3,1,2,0,Pender,2022-10-28
1,3,1,2,0,Pender,2022-11-06
1,1,1,0,0,Pender,2022-11-15
1,4,1,3,0,Pender,2022-11-23
1,10,1,9,0,Pender,2022-12-06
1,7,1,6,0,Pender,2022-12-10
1,10,1,9,0,Pender,2022-12-25
1,5,1,4,0,Pender,2023-01-13
1,4,1,3,0,Pender,2023-02-12
1,7,1,6,0,Pender,2023-02-20
1,2,1,1,0,Pender,2023-02-26
1,5,1,4,0,Perquimans,2022-09-15
1,3,1,2,0,Perquimans,2022-09-25
1,3,1,2,0,Perquimans,2022-12-29
1,6,1,5,0,Perquimans,2023-01-02
1,5,1,4,0,Perquimans,2023-01-03
1,2,1,1,0,Perquimans,2023-01-31
1,3,1,2,0,Perquimans,2023-02-09
1,1,1,0,0,Perquimans,2023-02-12
1,4,1,3,0,Perquimans,2023-02-16
1,1,1,0,0,Perquimans,2023-02-18
1,2,1,1,0,Perquimans,2023-02-22
1,2,1,1,0,Perquimans,2023-02-23
1,3,1,2,0,Person,2022-09-25
1,5,1,4,0,Person,2022-10-13
1,3,1,2,0,Person,2022-10-16
1,4,1,3,0,Person,2022-11-21
1,5,1,4,0,Person,2022-12-05
1,2,1,1,0,Person,2022-12-10
1,4,1,3,0,Person,2022-12-11
1,4,1,3,0,Person,2023-01-07
1,2,1,1,0,Person,2023-01-22
1,2,1,1,0,Person,2023-01-28
1,4,1,3,0,Person,2023-01-29
1,4,1,3,0,Person,2023-02-15
1,3,1,2,0,Person,2023-02-27
1,6,1,5,0,Pitt,2022-10-15
1,4,1,3,0,Pitt,2022-10-16
1,5,1,4,0,Pitt,2022-11-06
1,11,1,10,0,Pitt,2022-11-27
1,9,1,8,0,Pitt,2022-12-03
1,4,1,3,0,Pitt,2023-03-04
1,5,1,4,0,Polk,2022-09-14
1,3,1,2,0,Polk,2022-09-26
1,2,1,1,0,Polk,2022-10-04
1,1,1,0,0,Polk,2022-10-24
1,1,1,0,0,Polk,2022-11-10
1,2,1,1,0,Polk,2022-11-23
1,5,1,4,0,Polk,2022-12-22
1,1,1,0,0,Polk,2022-12-25
1,4,1,3,0,Polk,2023-01-08
1,2,1,1,0,Polk,2023-01-19
1,7,1,6,0,Polk,2023-01-24
1,1,1,0,0,Polk,2023-02-08
1,2,1,1,0,Polk,2023-02-28
1,1,1,0,0,Polk,2023-03-10
1,4,1,3,0,Randolph,2022-10-30
1,4,1,3,0,Randolph,2022-11-13
1,4,1,3,0,Randolph,2023-03-10
1,10,1,9,0,Richmond,2022-09-18
1,2,1,1,0,Richmond,2022-10-21
1,5,1,4,0,Richmond,2022-11-05
1,6,1,5,0,Richmond,2022-11-14
1,2,1,1,0,Richmond,2022-11-17
1,1,1,0,0,Richmond,2022-12-03
1,2,1,1,0,Richmond,2022-12-11
1,5,1,4,0,Richmond,2023-01-20
1,6,1,5,0,Richmond,2023-02-05
1,6,1,5,0,Robeson,2023-03-09
1,10,1,9,0,Rockingham,2022-10-06
1,9,1,8,0,Rockingham,2022-10-12
1,6,1,5,0,Rockingham,2022-10-19
1,10,1,9,0,Rockingham,2022-11-02
1,9,1,8,0,Rockingham,2022-11-03
1,9,1,8,0,Rockingham,2022-11-16
1,9,1,8,0,Rockingham,2022-12-04
1,8,1,7,0,Rockingham,2023-03-09
1,23,1,22,0,Rowan,2022-10-07
1,7,1,6,0,Rowan,2022-10-30
1,7,1,6,0,Rutherford,2022-09-17
1,11,1,10,0,Rutherford,2022-09-28
1,4,1,3,0,Rutherford,2022-10-11
1,9,1,8,0,Rutherford,2022-10-13
1,8,1,7,0,Rutherford,2022-10-26
1,3,1,2,0,Rutherford,2022-11-13
1,3,1,2,0,Rutherford,2022-11-19
1,7,1,6,0,Rutherford,2022-11-22
1,7,1,6,0,Rutherford,2022-12-24
1,6,1,5,0,Rutherford,2023-02-04
1,4,1,3,0,Rutherford,2023-02-18
1,2,1,1,0,Rutherford,2023-03-07
1,3,1,2,0,Sampson,2022-11-09
1,1,1,0,0,Sampson,2023-03-11
1,3,1,2,0,Scotland,2022-10-21
1,1,1,0,0,Scotland,2022-11-14
1,2,1,1,0,Scotland,2022-11-17
1,4,1,3,0,Scotland,2022-11-29
1,2,1,1,0,Scotland,2022-12-02
1,2,1,1,0,Scotland,2022-12-17
1,2,1,1,0,Scotland,2023-02-22
1,7,1,6,0,Stanly,2022-10-04
1,6,1,5,0,Stanly,2022-10-07
1,7,1,6,0,Stanly,2022-10-08
1,9,1,8,0,Stanly,2022-11-02
1,6,1,5,0,Stanly,2022-11-15
1,2,1,1,0,Stanly,2022-11-18
1,12,1,11,0,Stanly,2022-12-02
1,19,1,18,0,Stanly,2022-12-26
1,11,1,10,0,Stanly,2023-01-24
1,10,1,9,0,Stanly,2023-02-22
1,7,1,6,0,Stokes,2022-09-18
1,7,1,6,0,Stokes,2022-10-04
1,6,1,5,0,Stokes,2022-11-05
1,7,1,6,0,Stokes,2023-01-25
1,10,1,9,0,Stokes,2023-02-01
1,4,1,3,0,Stokes,2023-03-03
1,3,1,2,0,Stokes,2023-03-10
1,5,1,4,0,Surry,2022-10-09
1,5,1,4,0,Surry,2022-11-09
1,4,1,3,0,Surry,2022-11-19
1,6,1,5,0,Surry,2022-11-26
1,3,1,2,0,Swain,2022-09-15
1,4,1,3,0,Swain,2022-09-16
1,1,1,0,0,Swain,2022-09-23
1,2,1,1,0,Swain,2022-09-25
1,1,1,0,0,Swain,2022-10-04
1,2,1,1,0,Swain,2022-10-19
1,4,1,3,0,Swain,2022-10-21
1,2,1,1,0,Swain,2022-10-29
1,3,1,2,0,Swain,2022-11-10
1,2,1,1,0,Swain,2022-12-02
1,3,1,2,0,Swain,2022-12-10
1,2,1,1,0,Swain,2022-12-11
1,1,1,0,0,Swain,2022-12-18
1,2,1,1,0,Swain,2023-01-16
1,3,1,2,0,Swain,2023-02-05
1,1,1,0,0,Swain,2023-02-12
1,1,1,0,0,Swain,2023-02-15
1,6,1,5,0,Transylvania,2022-09-17
1,4,1,3,0,Transylvania,2022-09-23
1,4,1,3,0,Transylvania,2022-09-25
1,5,1,4,0,Transylvania,2022-10-10
1,3,1,2,0,Transylvania,2022-10-21
1,3,1,2,0,Transylvania,2022-10-26
1,3,1,2,0,Transylvania,2022-11-05
1,2,1,1,0,Transylvania,2022-11-27
1,4,1,3,0,Transylvania,2022-11-28
1,6,1,5,0,Transylvania,2022-12-09
1,3,1,2,0,Transylvania,2022-12-24
1,2,1,1,0,Transylvania,2022-12-25
1,5,1,4,0,Transylvania,2023-01-11
1,3,1,2,0,Transylvania,2023-01-29
1,5,1,4,0,Transylvania,2023-01-31
1,3,1,2,0,Tyrrell,2023-01-25
1,1,1,0,0,Tyrrell,2023-02-04
1,2,1,1,0,Tyrrell,2023-02-07
1,19,1,18,0,Union,2022-10-21
1,8,1,7,0,Union,2022-10-30
1,12,1,11,0,Union,2022-11-05
1,6,1,5,0,Vance,2022-09-14
1,5,1,4,0,Vance,2022-09-17
1,6,1,5,0,Vance,2022-10-20
1,5,1,4,0,Vance,2022-11-27
1,13,1,12,0,Vance,2022-11-29
1,7,1,6,0,Vance,2023-01-13
1,6,1,5,0,Vance,2023-01-21
1,7,1,6,0,Vance,2023-02-27
1,5,1,4,0,Vance,2023-03-08
1,6,1,5,0,Warren,2022-09-13
1,2,1,1,0,Warren,2022-09-17
1,6,1,5,0,Warren,2022-09-21
1,2,1,1,0,Warren,2022-10-07
1,3,1,2,0,Warren,2022-10-11
1,3,1,2,0,Warren,2022-10-16
1,6,1,5,0,Warren,2022-10-19
1,2,1,1,0,Warren,2022-10-29
1,3,1,2,0,Warren,2022-11-08
1,1,1,0,0,Warren,2022-11-17
1,2,1,1,0,Warren,2022-11-20
1,5,1,4,0,Warren,2022-12-06
1,3,1,2,0,Warren,2022-12-08
1,2,1,1,0,Warren,2022-12-11
1,6,1,5,0,Warren,2022-12-12
1,5,1,4,0,Warren,2022-12-13
1,9,1,8,0,Warren,2022-12-20
1,4,1,3,0,Warren,2023-01-08
1,8,1,7,0,Warren,2023-01-10
1,2,1,1,0,Warren,2023-01-14
1,2,1,1,0,Warren,2023-01-26
1,3,1,2,0,Warren,2023-02-02
1,1,1,0,0,Warren,2023-02-25
1,3,1,2,0,Warren,2023-02-26
1,5,1,4,0,Warren,2023-02-27
1,7,1,6,0,Washington,2022-09-13
1,3,1,2,0,Washington,2022-10-08
1,4,1,3,0,Washington,2022-11-30
1,3,1,2,0,Washington,2022-12-28
1,1,1,0,0,Washington,2022-12-31
1,2,1,1,0,Washington,2023-01-02
1,1,1,0,0,Washington,2023-01-13
1,1,1,0,0,Washington,2023-01-20
1,4,1,3,0,Washington,2023-01-30
1,1,1,0,0,Washington,2023-02-04
1,3,1,2,0,Washington,2023-02-17
1,7,1,6,0,Watauga,2022-10-05
1,9,1,8,0,Watauga,2022-10-11
1,10,1,9,0,Watauga,2022-10-27
1,5,1,4,0,Watauga,2022-11-06
1,9,1,8,0,Watauga,2022-12-09
1,2,1,1,0,Watauga,2023-01-06
1,8,1,7,0,Watauga,2023-01-27
1,2,1,1,0,Watauga,2023-02-04
1,8,1,7,0,Watauga,2023-02-09
1,6,1,5,0,Watauga,2023-02-17
1,4,1,3,0,Watauga,2023-02-23
1,2,1,1,0,Watauga,2023-02-25
1,2,1,1,0,Watauga,2023-03-04
1,4,1,3,0,Watauga,2023-03-09
1,3,1,2,0,Watauga,2023-03-10
1,7,1,6,0,Wayne,2022-11-05
1,4,1,3,0,Wayne,2022-11-12
1,3,1,2,0,Wayne,2022-11-13
1,7,1,6,0,Wayne,2023-02-05
1,8,1,7,0,Wilkes,2022-10-02
1,4,1,3,0,Wilkes,2022-10-16
1,4,1,3,0,Wilkes,2022-11-23
1,6,1,5,0,Wilkes,2022-12-25
1,1,1,0,0,Wilkes,2023-03-05
1,3,1,2,0,Wilkes,2023-03-09
1,5,1,4,0,Wilson,2022-10-08
1,5,1,4,0,Wilson,2022-10-16
1,4,1,3,0,Wilson,2022-10-29
1,4,1,3,0,Wilson,2022-11-15
1,2,1,1,0,Wilson,2022-12-04
1,7,1,6,0,Wilson,2023-01-01
1,8,1,7,0,Yadkin,2022-10-14
1,7,1,6,0,Yadkin,2022-10-29
1,9,1,8,0,Yadkin,2022-11-01
1,4,1,3,0,Yadkin,2022-11-13
1,10,1,9,0,Yadkin,2022-12-08
1,8,1,7,0,Yadkin,2022-12-25
1,9,1,8,0,Yadkin,2023-01-16
1,7,1,6,0,Yadkin,2023-02-11
1,6,1,5,0,Yadkin,2023-02-14
1,6,1,5,0,Yadkin,2023-03-03
1,3,1,2,0,Yadkin,2023-03-09
1,3,1,2,0,Yancey,2022-09-20
1,2,1,1,0,Yancey,2022-09-27
1,1,1,0,0,Yancey,2022-09-29
1,2,1,1,0,Yancey,2022-10-14
1,3,1,2,0,Yancey,2022-10-31
1,2,1,1,0,Yancey,2022-12-09
1,1,1,0,0,Yancey,2022-12-13
1,5,1,4,0,Yancey,2022-12-28
1,3,1,2,0,Yancey,2023-01-16
1,2,1,1,0,Yancey,2023-01-19
1,1,1,0,0,Yancey,2023-02-16
1,22,2,20,0,Alamance,2022-09-25
1,4,2,2,0,Alexander,2022-10-09
1,4,2,2,0,Alexander,2022-10-10
1,6,2,4,0,Alexander,2022-10-14
1,2,2,0,0,Alexander,2022-11-14
1,5,2,3,0,Alexander,2022-11-17
1,4,2,2,0,Alexander,2022-12-09
1,4,2,2,0,Alexander,2023-01-13
1,5,2,3,0,Alexander,2023-02-13
1,2,2,0,0,Alexander,2023-02-24
1,2,2,0,0,Alexander,2023-03-10
1,2,2,0,0,Alleghany,2022-10-01
1,3,2,1,0,Alleghany,2022-11-02
1,2,2,0,0,Alleghany,2022-11-12
1,2,2,0,0,Alleghany,2022-11-22
1,2,2,0,0,Alleghany,2022-11-28
1,2,2,0,0,Alleghany,2022-12-16
1,4,2,2,0,Alleghany,2023-01-03
1,2,2,0,0,Alleghany,2023-01-27
1,5,2,3,0,Alleghany,2023-01-30
1,8,2,6,0,Anson,2022-12-09
1,8,2,6,0,Anson,2022-12-24
1,8,2,6,0,Anson,2023-01-10
1,11,2,9,0,Anson,2023-01-31
1,6,2,4,0,Ashe,2022-10-17
1,4,2,2,0,Ashe,2022-10-26
1,3,2,1,0,Ashe,2022-10-30
1,2,2,0,0,Ashe,2022-11-08
1,6,2,4,0,Ashe,2022-11-29
1,2,2,0,0,Ashe,2022-11-30
1,4,2,2,0,Ashe,2022-12-16
1,10,2,8,0,Ashe,2022-12-26
1,5,2,3,0,Ashe,2023-01-18
1,4,2,2,0,Ashe,2023-01-30
1,5,2,3,0,Ashe,2023-02-01
1,5,2,3,0,Ashe,2023-03-10
1,3,2,1,0,Avery,2022-11-08
1,5,2,3,0,Beaufort,2022-10-22
1,6,2,4,0,Beaufort,2022-12-13
1,6,2,4,0,Beaufort,2023-01-24
1,4,2,2,0,Beaufort,2023-02-01
1,4,2,2,0,Bertie,2022-09-21
1,5,2,3,0,Bertie,2022-11-01
1,10,2,8,0,Bertie,2023-01-03
1,8,2,6,0,Bertie,2023-01-04
1,6,2,4,0,Bertie,2023-01-10
1,5,2,3,0,Bertie,2023-01-11
1,5,2,3,0,Bertie,2023-01-19
1,3,2,1,0,Bladen,2022-10-26
1,9,2,7,0,Bladen,2023-02-06
1,13,2,11,0,Brunswick,2022-10-22
1,3,2,1,0,Brunswick,2022-11-24
1,6,2,4,0,Brunswick,2023-02-25
1,6,2,4,0,Brunswick,2023-02-26
1,6,2,4,0,Burke,2022-10-16
1,6,2,4,0,Burke,2022-11-06
1,11,2,9,0,Burke,2022-12-25
1,3,2,1,0,Burke,2023-01-13
1,10,2,8,0,Burke,2023-01-21
1,13,2,11,0,Burke,2023-01-23
1,20,2,18,0,Burke,2023-02-07
1,11,2,9,0,Caldwell,2022-11-04
1,9,2,7,0,Caldwell,2023-03-06
1,2,2,0,0,Camden,2023-01-01
1,2,2,0,0,Camden,2023-01-05
1,6,2,4,0,Carteret,2022-10-06
1,5,2,3,0,Carteret,2022-12-04
1,6,2,4,0,Carteret,2022-12-15
1,3,2,1,0,Carteret,2023-02-04
1,6,2,4,0,Carteret,2023-02-17
1,4,2,2,0,Caswell,2022-12-21
1,5,2,3,0,Caswell,2023-01-19
1,4,2,2,0,Caswell,2023-02-07
1,2,2,0,0,Caswell,2023-02-17
1,2,2,0,0,Caswell,2023-03-03
1,8,2,6,0,Catawba,2023-02-25
1,9,2,7,0,Chatham,2022-09-27
1,3,2,1,0,Chatham,2022-10-02
1,6,2,4,0,Chatham,2022-10-18
1,13,2,11,0,Chatham,2022-10-23
1,11,2,9,0,Chatham,2022-11-03
1,14,2,12,0,Chatham,2022-12-02
1,9,2,7,0,Chatham,2023-01-07
1,7,2,5,0,Chatham,2023-01-27
1,4,2,2,0,Chatham,2023-03-08
1,3,2,1,0,Cherokee,2022-09-26
1,3,2,1,0,Cherokee,2022-10-04
1,4,2,2,0,Cherokee,2022-10-11
1,4,2,2,0,Cherokee,2022-10-16
1,3,2,1,0,Cherokee,2022-10-25
1,2,2,0,0,Cherokee,2022-10-26
1,4,2,2,0,Cherokee,2022-11-29
1,4,2,2,0,Cherokee,2022-12-06
1,3,2,1,0,Cherokee,2022-12-07
1,7,2,5,0,Cherokee,2022-12-20
1,8,2,6,0,Cherokee,2022-12-30
1,3,2,1,0,Cherokee,2023-01-09
1,7,2,5,0,Cherokee,2023-01-25
1,2,2,0,0,Cherokee,2023-02-04
1,4,2,2,0,Cherokee,2023-02-07
1,6,2,4,0,Chowan,2022-09-18
1,8,2,6,0,Chowan,2022-12-20
1,3,2,1,0,Clay,2022-11-16
1,2,2,0,0,Clay,2022-12-25
1,5,2,3,0,Cleveland,2022-11-19
1,7,2,5,0,Cleveland,2023-03-07
1,5,2,3,0,Columbus,2022-09-23
1,6,2,4,0,Columbus,2022-10-12
1,3,2,1,0,Columbus,2022-10-14
1,2,2,0,0,Columbus,2022-10-17
1,4,2,2,0,Columbus,2022-10-28
1,5,2,3,0,Columbus,2022-10-30
1,6,2,4,0,Columbus,2022-12-01
1,5,2,3,0,Columbus,2022-12-11
1,8,2,6,0,Columbus,2022-12-26
1,12,2,10,0,Columbus,2023-01-07
1,6,2,4,0,Columbus,2023-02-01
1,4,2,2,0,Columbus,2023-02-22
1,8,2,6,0,Craven,2022-10-01
1,3,2,1,0,Craven,2022-10-08
1,6,2,4,0,Craven,2022-10-16
1,4,2,2,0,Craven,2022-11-19
1,8,2,6,0,Craven,2022-11-23
1,5,2,3,0,Craven,2022-12-04
1,11,2,9,0,Craven,2023-01-15
1,4,2,2,0,Craven,2023-02-11
1,18,2,16,0,Cumberland,2022-10-31
1,5,2,3,0,Currituck,2022-10-16
1,4,2,2,0,Currituck,2023-01-12
1,7,2,5,0,Currituck,2023-01-21
1,3,2,1,0,Currituck,2023-02-01
1,2,2,0,0,Currituck,2023-03-01
1,3,2,1,0,Currituck,2023-03-03
1,5,2,3,0,Currituck,2023-03-10
1,8,2,6,0,Dare,2023-01-20
1,15,2,13,0,Davidson,2022-10-30
1,15,2,13,0,Davidson,2022-12-03
1,11,2,9,0,Davie,2022-10-03
1,8,2,6,0,Davie,2022-10-06
1,6,2,4,0,Davie,2022-10-10
1,2,2,0,0,Davie,2022-11-14
1,4,2,2,0,Davie,2022-11-17
1,5,2,3,0,Davie,2022-12-10
1,5,2,3,0,Davie,2023-01-22
1,8,2,6,0,Davie,2023-01-27
1,5,2,3,0,Davie,2023-02-02
1,3,2,1,0,Davie,2023-02-05
1,3,2,1,0,Davie,2023-03-11
1,6,2,4,0,Duplin,2022-10-01
1,4,2,2,0,Duplin,2022-11-17
1,3,2,1,0,Duplin,2022-11-30
1,6,2,4,0,Duplin,2023-01-16
1,4,2,2,0,Duplin,2023-03-01
1,3,2,1,0,Duplin,2023-03-06
1,10,2,8,0,Edgecombe,2022-09-23
1,3,2,1,0,Edgecombe,2022-10-24
1,12,2,10,0,Edgecombe,2022-12-21
1,5,2,3,0,Edgecombe,2023-02-05
1,9,2,7,0,Edgecombe,2023-02-10
1,19,2,17,0,Forsyth,2022-11-12
1,10,2,8,0,Franklin,2022-10-02
1,10,2,8,0,Franklin,2022-10-05
1,7,2,5,0,Franklin,2022-10-15
1,4,2,2,0,Franklin,2022-10-18
1,6,2,4,0,Franklin,2022-10-20
1,8,2,6,0,Franklin,2022-11-09
1,7,2,5,0,Franklin,2022-11-25
1,4,2,2,0,Franklin,2022-11-26
1,5,2,3,0,Franklin,2022-12-04
1,19,2,17,0,Franklin,2022-12-16
1,19,2,17,0,Franklin,2023-01-13
1,5,2,3,0,Franklin,2023-02-12
1,7,2,5,0,Franklin,2023-03-09
1,5,2,3,0,Gates,2022-10-10
1,2,2,0,0,Gates,2023-01-31
1,4,2,2,0,Gates,2023-02-01
1,2,2,0,0,Graham,2022-09-24
1,2,2,0,0,Graham,2022-09-28
1,3,2,1,0,Graham,2022-10-10
1,2,2,0,0,Graham,2022-10-14
1,2,2,0,0,Graham,2022-11-01
1,2,2,0,0,Graham,2022-11-29
1,2,2,0,0,Graham,2023-01-22
1,2,2,0,0,Graham,2023-01-23
1,8,2,6,0,Granville,2022-10-24
1,10,2,8,0,Granville,2022-11-20
1,9,2,7,0,Granville,2022-12-16
1,8,2,6,0,Granville,2023-01-14
1,6,2,4,0,Granville,2023-01-21
1,8,2,6,0,Granville,2023-02-25
1,9,2,7,0,Greene,2022-09-16
1,4,2,2,0,Greene,2022-09-18
1,4,2,2,0,Greene,2023-02-08
1,7,2,5,0,Halifax,2022-09-20
1,14,2,12,0,Halifax,2022-11-09
1,3,2,1,0,Halifax,2022-12-04
1,7,2,5,0,Halifax,2022-12-10
1,4,2,2,0,Halifax,2022-12-11
1,6,2,4,0,Halifax,2023-03-09
1,16,2,14,0,Harnett,2022-10-03
1,11,2,9,0,Harnett,2022-10-08
1,2,2,0,0,Harnett,2022-11-13
1,17,2,15,0,Harnett,2023-02-15
1,9,2,7,0,Harnett,2023-02-19
1,3,2,1,0,Harnett,2023-03-04
1,9,2,7,0,Harnett,2023-03-06
1,6,2,4,0,Haywood,2022-10-01
1,7,2,5,0,Haywood,2022-12-04
1,4,2,2,0,Haywood,2023-02-15
1,9,2,7,0,Henderson,2022-12-03
1,4,2,2,0,Henderson,2023-02-18
1,11,2,9,0,Henderson,2023-02-26
1,7,2,5,0,Henderson,2023-03-04
1,4,2,2,0,Hertford,2022-09-15
1,4,2,2,0,Hertford,2022-10-06
1,2,2,0,0,Hertford,2022-10-27
1,4,2,2,0,Hertford,2022-11-14
1,5,2,3,0,Hertford,2022-11-21
1,4,2,2,0,Hertford,2022-11-23
1,3,2,1,0,Hertford,2022-12-24
1,4,2,2,0,Hertford,2023-01-25
1,9,2,7,0,Hoke,2022-09-30
1,7,2,5,0,Hoke,2022-10-12
1,6,2,4,0,Hoke,2022-10-21
1,4,2,2,0,Hoke,2022-11-02
1,5,2,3,0,Hoke,2022-11-21
1,4,2,2,0,Hoke,2022-11-26
1,7,2,5,0,Hoke,2022-12-10
1,6,2,4,0,Hoke,2023-01-07
1,7,2,5,0,Hoke,2023-01-28
1,5,2,3,0,Hoke,2023-01-29
1,9,2,7,0,Hoke,2023-02-21
1,3,2,1,0,Hyde,2023-02-14
1,11,2,9,0,Iredell,2022-10-22
1,9,2,7,0,Iredell,2022-11-06
1,7,2,5,0,Jackson,2022-09-16
1,9,2,7,0,Jackson,2022-09-23
1,4,2,2,0,Jackson,2022-11-23
1,7,2,5,0,Jackson,2022-12-06
1,7,2,5,0,Jackson,2022-12-11
1,6,2,4,0,Jackson,2022-12-24
1,4,2,2,0,Jackson,2023-01-06
1,3,2,1,0,Jackson,2023-01-26
1,5,2,3,0,Jackson,2023-02-03
1,5,2,3,0,Jackson,2023-02-11
1,2,2,0,0,Jackson,2023-02-24
1,3,2,1,0,Jackson,2023-03-07
1,13,2,11,0,Johnston,2023-03-04
1,4,2,2,0,Jones,2022-12-12
1,4,2,2,0,Jones,2022-12-28
1,3,2,1,0,Jones,2023-01-23
1,7,2,5,0,Lee,2022-09-30
1,8,2,6,0,Lee,2022-10-06
1,10,2,8,0,Lee,2022-10-19
1,5,2,3,0,Lee,2022-10-22
1,5,2,3,0,Lee,2022-11-05
1,3,2,1,0,Lee,2022-11-16
1,9,2,7,0,Lee,2023-01-08
1,6,2,4,0,Lee,2023-02-14
1,8,2,6,0,Lee,2023-02-28
1,6,2,4,0,Lenoir,2022-09-18
1,7,2,5,0,Lenoir,2022-10-03
1,8,2,6,0,Lenoir,2022-10-12
1,5,2,3,0,Lenoir,2022-10-15
1,6,2,4,0,Lenoir,2022-10-20
1,5,2,3,0,Lenoir,2022-10-25
1,5,2,3,0,Lenoir,2022-11-11
1,3,2,1,0,Lenoir,2022-11-27
1,8,2,6,0,Lenoir,2023-01-20
1,9,2,7,0,Lincoln,2022-09-24
1,7,2,5,0,Lincoln,2022-09-25
1,8,2,6,0,Lincoln,2022-10-04
1,16,2,14,0,Lincoln,2022-11-07
1,11,2,9,0,Lincoln,2022-11-14
1,8,2,6,0,Lincoln,2022-11-18
1,6,2,4,0,Lincoln,2022-12-03
1,8,2,6,0,Lincoln,2023-02-14
1,7,2,5,0,Lincoln,2023-02-20
1,6,2,4,0,Lincoln,2023-02-21
1,4,2,2,0,Macon,2022-11-17
1,3,2,1,0,Macon,2022-11-18
1,6,2,4,0,Macon,2022-12-16
1,8,2,6,0,Macon,2023-01-09
1,4,2,2,0,Macon,2023-01-18
1,7,2,5,0,Macon,2023-01-23
1,4,2,2,0,Macon,2023-01-26
1,3,2,1,0,Madison,2022-09-21
1,2,2,0,0,Madison,2022-12-13
1,3,2,1,0,Madison,2022-12-15
1,3,2,1,0,Madison,2023-01-09
1,4,2,2,0,Madison,2023-01-19
1,3,2,1,0,Madison,2023-02-11
1,3,2,1,0,Martin,2022-09-17
1,6,2,4,0,Martin,2022-10-05
1,7,2,5,0,Martin,2022-10-20
1,5,2,3,0,Martin,2023-01-02
1,6,2,4,0,Martin,2023-01-20
1,3,2,1,0,Martin,2023-01-29
1,5,2,3,0,McDowell,2022-10-13
1,4,2,2,0,McDowell,2022-11-14
1,5,2,3,0,McDowell,2023-01-08
1,4,2,2,0,McDowell,2023-02-24
1,3,2,1,0,McDowell,2023-03-05
1,2,2,0,0,Mitchell,2022-10-13
1,3,2,1,0,Mitchell,2022-11-03
1,2,2,0,0,Mitchell,2023-01-05
1,4,2,2,0,Mitchell,2023-01-27
1,3,2,1,0,Mitchell,2023-01-30
1,3,2,1,0,Mitchell,2023-01-31
1,2,2,0,0,Mitchell,2023-02-23
1,4,2,2,0,Montgomery,2022-09-22
1,4,2,2,0,Montgomery,2022-11-17
1,6,2,4,0,Montgomery,2022-12-12
1,5,2,3,0,Montgomery,2022-12-18
1,4,2,2,0,Montgomery,2022-12-24
1,3,2,1,0,Montgomery,2023-01-11
1,3,2,1,0,Montgomery,2023-01-15
1,3,2,1,0,Montgomery,2023-01-31
1,2,2,0,0,Montgomery,2023-02-28
1,4,2,2,0,Moore,2022-10-16
1,10,2,8,0,Moore,2023-02-11
1,13,2,11,0,Moore,2023-02-15
1,9,2,7,0,Nash,2022-09-24
1,14,2,12,0,Nash,2022-09-28
1,9,2,7,0,Nash,2022-09-30
1,14,2,12,0,Nash,2022-10-18
1,8,2,6,0,Nash,2022-10-20
1,7,2,5,0,Nash,2022-10-27
1,7,2,5,0,Nash,2022-11-22
1,7,2,5,0,Nash,2023-02-24
1,11,2,9,0,New Hanover,2022-10-02
1,10,2,8,0,New Hanover,2022-11-06
1,7,2,5,0,New Hanover,2023-02-19
1,15,2,13,0,New Hanover,2023-02-28
1,18,2,16,0,New Hanover,2023-03-01
1,3,2,1,0,Northampton,2022-10-05
1,3,2,1,0,Northampton,2022-10-06
1,4,2,2,0,Northampton,2022-10-07
1,4,2,2,0,Northampton,2022-10-18
1,5,2,3,0,Northampton,2022-10-27
1,4,2,2,0,Northampton,2022-11-07
1,5,2,3,0,Northampton,2022-11-12
1,7,2,5,0,Northampton,2022-12-22
1,4,2,2,0,Northampton,2023-01-08
1,9,2,7,0,Northampton,2023-01-20
1,3,2,1,0,Northampton,2023-02-02
1,2,2,0,0,Northampton,2023-02-05
1,3,2,1,0,Northampton,2023-02-06
1,7,2,5,0,Onslow,2022-10-22
1,8,2,6,0,Onslow,2022-10-30
1,13,2,11,0,Onslow,2022-11-01
1,12,2,10,0,Onslow,2022-12-03
1,7,2,5,0,Onslow,2023-02-04
1,7,2,5,0,Orange,2022-10-30
1,5,2,3,0,Orange,2022-11-24
1,23,2,21,0,Orange,2022-12-05
1,11,2,9,0,Orange,2023-02-19
1,17,2,15,0,Orange,2023-02-20
1,4,2,2,0,Pamlico,2022-10-04
1,3,2,1,0,Pamlico,2022-10-10
1,2,2,0,0,Pamlico,2022-12-12
1,2,2,0,0,Pamlico,2022-12-26
1,4,2,2,0,Pamlico,2023-01-04
1,2,2,0,0,Pamlico,2023-01-16
1,2,2,0,0,Pamlico,2023-01-30
1,6,2,4,0,Pasquotank,2022-09-21
1,6,2,4,0,Pasquotank,2022-10-11
1,2,2,0,0,Pasquotank,2022-10-30
1,6,2,4,0,Pasquotank,2022-11-01
1,2,2,0,0,Pasquotank,2022-11-20
1,6,2,4,0,Pasquotank,2022-12-08
1,6,2,4,0,Pasquotank,2022-12-16
1,5,2,3,0,Pasquotank,2022-12-31
1,7,2,5,0,Pasquotank,2023-01-08
1,4,2,2,0,Pasquotank,2023-01-14
1,9,2,7,0,Pasquotank,2023-01-30
1,2,2,0,0,Pasquotank,2023-02-03
1,6,2,4,0,Pasquotank,2023-02-12
1,15,2,13,0,Pender,2022-09-16
1,13,2,11,0,Pender,2022-09-19
1,7,2,5,0,Pender,2022-09-24
1,5,2,3,0,Pender,2022-12-03
1,14,2,12,0,Pender,2022-12-05
1,4,2,2,0,Pender,2022-12-11
1,9,2,7,0,Pender,2023-01-16
1,10,2,8,0,Pender,2023-01-31
1,3,2,1,0,Pender,2023-03-01
1,3,2,1,0,Perquimans,2022-10-25
1,4,2,2,0,Perquimans,2022-12-23
1,5,2,3,0,Perquimans,2022-12-28
1,2,2,0,0,Perquimans,2022-12-30
1,6,2,4,0,Perquimans,2023-02-01
1,4,2,2,0,Perquimans,2023-02-15
1,9,2,7,0,Person,2022-09-26
1,4,2,2,0,Person,2022-10-18
1,3,2,1,0,Person,2022-10-27
1,3,2,1,0,Person,2022-10-30
1,3,2,1,0,Person,2022-12-24
1,14,2,12,0,Person,2023-01-09
1,7,2,5,0,Person,2023-01-11
1,6,2,4,0,Person,2023-02-17
1,2,2,0,0,Person,2023-03-06
1,2,2,0,0,Person,2023-03-09
1,3,2,1,0,Pitt,2022-11-19
1,7,2,5,0,Pitt,2023-01-21
1,4,2,2,0,Polk,2022-10-20
1,7,2,5,0,Polk,2022-12-26
1,3,2,1,0,Polk,2023-01-02
1,5,2,3,0,Polk,2023-02-01
1,5,2,3,0,Randolph,2022-10-29
1,11,2,9,0,Randolph,2022-11-03
1,9,2,7,0,Randolph,2022-11-26
1,8,2,6,0,Randolph,2023-03-07
1,8,2,6,0,Richmond,2022-09-22
1,3,2,1,0,Richmond,2022-10-08
1,6,2,4,0,Richmond,2022-10-11
1,5,2,3,0,Richmond,2022-10-13
1,6,2,4,0,Richmond,2022-10-14
1,6,2,4,0,Richmond,2022-10-27
1,7,2,5,0,Richmond,2022-10-29
1,3,2,1,0,Richmond,2022-12-05
1,8,2,6,0,Richmond,2022-12-06
1,4,2,2,0,Richmond,2023-01-18
1,2,2,0,0,Richmond,2023-02-11
1,4,2,2,0,Richmond,2023-03-08
1,17,2,15,0,Rockingham,2022-10-15
1,7,2,5,0,Rockingham,2022-11-10
1,4,2,2,0,Rockingham,2022-11-13
1,11,2,9,0,Rockingham,2022-11-26
1,12,2,10,0,Rockingham,2022-12-17
1,3,2,1,0,Rockingham,2023-02-26
1,13,2,11,0,Rockingham,2023-02-27
1,17,2,15,0,Rowan,2022-10-19
1,7,2,5,0,Rowan,2023-02-04
1,6,2,4,0,Rutherford,2022-09-24
1,3,2,1,0,Rutherford,2022-10-18
1,6,2,4,0,Rutherford,2022-11-05
1,3,2,1,0,Rutherford,2022-11-12
1,7,2,5,0,Rutherford,2022-11-26
1,11,2,9,0,Rutherford,2022-12-09
1,13,2,11,0,Rutherford,2022-12-16
1,4,2,2,0,Rutherford,2023-01-30
1,10,2,8,0,Rutherford,2023-02-01
1,2,2,0,0,Rutherford,2023-02-17
1,4,2,2,0,Sampson,2022-10-02
1,6,2,4,0,Sampson,2022-10-13
1,2,2,0,0,Sampson,2022-11-18
1,3,2,1,0,Sampson,2022-11-20
1,4,2,2,0,Sampson,2022-11-26
1,4,2,2,0,Sampson,2022-12-03
1,6,2,4,0,Scotland,2022-09-21
1,3,2,1,0,Scotland,2022-09-29
1,4,2,2,0,Scotland,2022-10-12
1,4,2,2,0,Scotland,2022-10-14
1,2,2,0,0,Scotland,2022-11-08
1,3,2,1,0,Scotland,2022-11-16
1,2,2,0,0,Scotland,2022-11-19
1,4,2,2,0,Scotland,2022-11-30
1,3,2,1,0,Scotland,2022-12-06
1,5,2,3,0,Scotland,2023-02-16
1,5,2,3,0,Scotland,2023-02-23
1,12,2,10,0,Stanly,2022-10-03
1,10,2,8,0,Stanly,2022-10-22
1,6,2,4,0,Stanly,2022-10-28
1,7,2,5,0,Stokes,2022-10-07
1,5,2,3,0,Stokes,2022-10-16
1,9,2,7,0,Stokes,2022-10-18
1,9,2,7,0,Stokes,2022-11-03
1,2,2,0,0,Stokes,2022-11-13
1,5,2,3,0,Stokes,2022-11-19
1,6,2,4,0,Stokes,2022-12-03
1,6,2,4,0,Stokes,2022-12-10
1,7,2,5,0,Stokes,2023-01-28
1,4,2,2,0,Stokes,2023-02-12
1,10,2,8,0,Surry,2022-10-01
1,6,2,4,0,Surry,2022-10-07
1,6,2,4,0,Surry,2022-10-19
1,6,2,4,0,Surry,2022-10-21
1,7,2,5,0,Surry,2022-11-17
1,4,2,2,0,Surry,2022-11-20
1,23,2,21,0,Surry,2023-01-30
1,5,2,3,0,Surry,2023-03-07
1,3,2,1,0,Swain,2022-10-10
1,3,2,1,0,Swain,2022-12-05
1,3,2,1,0,Swain,2022-12-31
1,3,2,1,0,Swain,2023-01-02
1,2,2,0,0,Swain,2023-01-20
1,2,2,0,0,Swain,2023-01-24
1,2,2,0,0,Swain,2023-01-27
1,2,2,0,0,Swain,2023-02-27
1,6,2,4,0,Transylvania,2022-09-27
1,7,2,5,0,Transylvania,2022-10-15
1,8,2,6,0,Transylvania,2022-11-02
1,7,2,5,0,Transylvania,2022-12-04
1,9,2,7,0,Transylvania,2022-12-10
1,7,2,5,0,Transylvania,2022-12-11
1,10,2,8,0,Transylvania,2022-12-13
1,7,2,5,0,Transylvania,2022-12-23
1,8,2,6,0,Transylvania,2022-12-28
1,5,2,3,0,Transylvania,2023-01-08
1,3,2,1,0,Transylvania,2023-03-01
1,2,2,0,0,Tyrrell,2023-02-23
1,9,2,7,0,Vance,2022-09-23
1,4,2,2,0,Vance,2022-10-08
1,4,2,2,0,Vance,2022-10-18
1,4,2,2,0,Vance,2022-10-19
1,7,2,5,0,Vance,2022-11-01
1,5,2,3,0,Vance,2022-11-08
1,4,2,2,0,Vance,2022-11-12
1,6,2,4,0,Vance,2022-11-22
1,7,2,5,0,Vance,2022-12-10
1,13,2,11,0,Vance,2023-01-07
1,8,2,6,0,Vance,2023-01-19
1,7,2,5,0,Vance,2023-02-08
1,4,2,2,0,Warren,2022-10-01
1,6,2,4,0,Warren,2022-11-28
1,11,2,9,0,Warren,2022-12-26
1,3,2,1,0,Warren,2023-01-24
1,6,2,4,0,Warren,2023-02-03
1,4,2,2,0,Warren,2023-02-18
1,3,2,1,0,Warren,2023-02-28
1,3,2,1,0,Warren,2023-03-02
1,3,2,1,0,Washington,2023-01-06
1,7,2,5,0,Watauga,2022-09-29
1,9,2,7,0,Watauga,2022-10-07
1,6,2,4,0,Watauga,2022-10-19
1,2,2,0,0,Watauga,2022-10-30
1,6,2,4,0,Watauga,2022-11-03
1,4,2,2,0,Watauga,2022-11-17
1,4,2,2,0,Watauga,2022-12-03
1,9,2,7,0,Watauga,2022-12-11
1,8,2,6,0,Watauga,2022-12-28
1,9,2,7,0,Watauga,2023-02-08
1,5,2,3,0,Watauga,2023-02-13
1,7,2,5,0,Watauga,2023-02-21
1,11,2,9,0,Watauga,2023-02-22
1,2,2,0,0,Watauga,2023-02-26
1,7,2,5,0,Watauga,2023-02-28
1,7,2,5,0,Wayne,2022-09-25
1,10,2,8,0,Wayne,2022-10-22
1,5,2,3,0,Wayne,2023-03-04
1,3,2,1,0,Wilkes,2022-11-08
1,2,2,0,0,Wilkes,2022-11-16
1,10,2,8,0,Wilkes,2022-11-18
1,3,2,1,0,Wilkes,2023-01-26
1,5,2,3,0,Wilkes,2023-03-02
1,13,2,11,0,Wilson,2022-09-17
1,5,2,3,0,Wilson,2022-10-20
1,5,2,3,0,Wilson,2022-11-01
1,6,2,4,0,Wilson,2022-11-07
1,4,2,2,0,Wilson,2022-11-12
1,5,2,3,0,Wilson,2022-11-26
1,10,2,8,0,Wilson,2022-12-10
1,8,2,6,0,Wilson,2023-01-22
1,7,2,5,0,Wilson,2023-02-04
1,4,2,2,0,Wilson,2023-02-24
1,2,2,0,0,Wilson,2023-03-10
1,6,2,4,0,Yadkin,2022-10-01
1,7,2,5,0,Yadkin,2022-10-15
1,7,2,5,0,Yadkin,2022-11-06
1,5,2,3,0,Yadkin,2022-12-01
1,7,2,5,0,Yadkin,2023-01-08
1,10,2,8,0,Yadkin,2023-01-14
1,3,2,1,0,Yadkin,2023-03-06
1,5,2,3,0,Yancey,2022-09-16
1,5,2,3,0,Yancey,2022-11-04
1,3,2,1,0,Yancey,2022-12-03
1,2,2,0,0,Yancey,2022-12-07
1,3,2,1,0,Yancey,2022-12-14
1,4,2,2,0,Yancey,2022-12-30
1,4,2,2,0,Yancey,2023-01-17
1,3,2,1,0,Yancey,2023-01-18
1,3,2,1,0,Yancey,2023-01-28
1,2,2,0,0,Yancey,2023-02-13
1,2,2,0,0,Yancey,2023-02-21
1,2,2,0,0,Yancey,2023-02-28
1,2,2,0,0,Yancey,2023-03-06
1,3,2,1,0,Yancey,2023-03-08
1,20,3,17,0,Alamance,2022-11-27
1,12,3,9,0,Alamance,2023-03-03
1,5,3,2,0,Alexander,2022-10-25
1,6,3,3,0,Alexander,2022-11-08
1,4,3,1,0,Alexander,2022-12-07
1,4,3,1,0,Alexander,2023-01-01
1,5,3,2,0,Alexander,2023-01-08
1,5,3,2,0,Alexander,2023-01-25
1,4,3,1,0,Alleghany,2022-10-31
1,4,3,1,0,Alleghany,2022-11-03
1,4,3,1,0,Alleghany,2022-11-23
1,4,3,1,0,Alleghany,2022-12-29
1,6,3,3,0,Alleghany,2022-12-30
1,5,3,2,0,Alleghany,2023-01-19
1,4,3,1,0,Alleghany,2023-01-25
1,10,3,7,0,Anson,2022-12-21
1,8,3,5,0,Anson,2023-01-26
1,5,3,2,0,Anson,2023-02-09
1,3,3,0,0,Anson,2023-03-06
1,4,3,1,0,Ashe,2022-09-19
1,3,3,0,0,Ashe,2022-11-21
1,4,3,1,0,Ashe,2022-12-11
1,3,3,0,0,Ashe,2022-12-12
1,7,3,4,0,Ashe,2022-12-28
1,4,3,1,0,Ashe,2023-02-13
1,3,3,0,0,Avery,2022-11-03
1,9,3,6,0,Beaufort,2022-09-23
1,8,3,5,0,Beaufort,2022-10-24
1,7,3,4,0,Beaufort,2022-10-28
1,14,3,11,0,Beaufort,2022-12-26
1,5,3,2,0,Beaufort,2023-03-07
1,8,3,5,0,Bertie,2022-12-12
1,6,3,3,0,Bladen,2022-11-10
1,6,3,3,0,Bladen,2023-02-24
1,19,3,16,0,Brunswick,2022-10-26
1,10,3,7,0,Brunswick,2022-10-30
1,5,3,2,0,Buncombe,2023-03-04
1,15,3,12,0,Burke,2022-11-23
1,14,3,11,0,Burke,2022-12-01
1,9,3,6,0,Burke,2022-12-11
1,7,3,4,0,Caldwell,2022-10-22
1,5,3,2,0,Caldwell,2022-10-23
1,10,3,7,0,Caldwell,2022-11-16
1,13,3,10,0,Caldwell,2023-02-04
1,7,3,4,0,Caldwell,2023-03-05
1,3,3,0,0,Camden,2023-01-04
1,9,3,6,0,Carteret,2022-11-01
1,10,3,7,0,Carteret,2022-12-05
1,7,3,4,0,Carteret,2022-12-06
1,10,3,7,0,Carteret,2023-01-18
1,3,3,0,0,Carteret,2023-02-12
1,8,3,5,0,Caswell,2022-09-13
1,8,3,5,0,Caswell,2022-09-19
1,4,3,1,0,Caswell,2023-01-03
1,7,3,4,0,Catawba,2023-03-11
1,20,3,17,0,Chatham,2022-09-14
1,8,3,5,0,Chatham,2022-09-25
1,14,3,11,0,Chatham,2022-09-28
1,10,3,7,0,Chatham,2022-12-07
1,19,3,16,0,Chatham,2023-01-05
1,8,3,5,0,Chatham,2023-02-17
1,5,3,2,0,Chatham,2023-02-26
1,4,3,1,0,Cherokee,2023-01-19
1,7,3,4,0,Cherokee,2023-01-21
1,6,3,3,0,Cherokee,2023-02-20
1,5,3,2,0,Clay,2023-01-26
1,7,3,4,0,Cleveland,2023-02-14
1,11,3,8,0,Columbus,2022-09-22
1,4,3,1,0,Columbus,2022-10-06
1,7,3,4,0,Columbus,2023-01-15
1,11,3,8,0,Columbus,2023-01-31
1,5,3,2,0,Columbus,2023-03-01
1,9,3,6,0,Craven,2022-10-12
1,15,3,12,0,Craven,2022-10-26
1,11,3,8,0,Craven,2022-10-27
1,11,3,8,0,Craven,2022-12-15
1,11,3,8,0,Craven,2023-01-14
1,5,3,2,0,Craven,2023-01-28
1,8,3,5,0,Currituck,2022-09-15
1,5,3,2,0,Currituck,2022-09-26
1,8,3,5,0,Currituck,2023-02-13
1,18,3,15,0,Davidson,2022-11-23
1,16,3,13,0,Davidson,2023-01-29
1,7,3,4,0,Davie,2022-11-07
1,10,3,7,0,Davie,2023-01-23
1,5,3,2,0,Davie,2023-02-08
1,9,3,6,0,Davie,2023-03-01
1,7,3,4,0,Davie,2023-03-02
1,9,3,6,0,Duplin,2022-10-12
1,5,3,2,0,Duplin,2022-10-13
1,5,3,2,0,Duplin,2022-10-26
1,6,3,3,0,Duplin,2022-11-01
1,3,3,0,0,Duplin,2022-11-04
1,4,3,1,0,Duplin,2023-01-08
1,13,3,10,0,Duplin,2023-02-14
1,3,3,0,0,Duplin,2023-03-07
1,5,3,2,0,Edgecombe,2022-10-09
1,10,3,7,0,Franklin,2022-09-18
1,3,3,0,0,Franklin,2022-11-13
1,8,3,5,0,Franklin,2023-02-04
1,10,3,7,0,Franklin,2023-02-07
1,12,3,9,0,Gaston,2022-10-20
1,3,3,0,0,Gates,2023-01-26
1,6,3,3,0,Gates,2023-01-30
1,3,3,0,0,Graham,2022-10-19
1,3,3,0,0,Graham,2022-10-20
1,3,3,0,0,Graham,2022-10-26
1,3,3,0,0,Graham,2022-11-03
1,4,3,1,0,Graham,2023-01-11
1,12,3,9,0,Granville,2022-10-04
1,7,3,4,0,Granville,2022-10-16
1,5,3,2,0,Granville,2022-12-25
1,8,3,5,0,Granville,2023-02-03
1,3,3,0,0,Granville,2023-02-04
1,6,3,3,0,Greene,2022-10-07
1,10,3,7,0,Greene,2022-12-30
1,15,3,12,0,Halifax,2022-10-19
1,7,3,4,0,Halifax,2022-11-22
1,11,3,8,0,Halifax,2023-01-18
1,5,3,2,0,Halifax,2023-02-16
1,4,3,1,0,Halifax,2023-03-10
1,10,3,7,0,Harnett,2022-10-14
1,11,3,8,0,Harnett,2022-12-09
1,16,3,13,0,Harnett,2023-02-10
1,7,3,4,0,Harnett,2023-03-10
1,7,3,4,0,Haywood,2022-10-05
1,7,3,4,0,Haywood,2023-01-01
1,6,3,3,0,Haywood,2023-01-13
1,4,3,1,0,Haywood,2023-02-17
1,6,3,3,0,Haywood,2023-03-01
1,8,3,5,0,Henderson,2022-10-09
1,9,3,6,0,Henderson,2022-10-29
1,16,3,13,0,Henderson,2022-11-15
1,12,3,9,0,Henderson,2022-12-10
1,9,3,6,0,Henderson,2023-02-20
1,8,3,5,0,Henderson,2023-03-05
1,6,3,3,0,Henderson,2023-03-10
1,7,3,4,0,Hertford,2022-09-14
1,3,3,0,0,Hertford,2022-09-22
1,4,3,1,0,Hertford,2022-10-03
1,5,3,2,0,Hertford,2022-12-13
1,3,3,0,0,Hertford,2023-01-20
1,8,3,5,0,Hoke,2022-09-13
1,8,3,5,0,Hoke,2022-10-04
1,9,3,6,0,Hoke,2023-02-08
1,10,3,7,0,Jackson,2022-09-30
1,9,3,6,0,Jackson,2022-10-24
1,9,3,6,0,Jackson,2022-11-09
1,7,3,4,0,Jackson,2022-11-30
1,7,3,4,0,Jackson,2022-12-18
1,7,3,4,0,Jackson,2022-12-22
1,11,3,8,0,Jackson,2022-12-29
1,5,3,2,0,Jackson,2023-02-09
1,7,3,4,0,Jones,2022-09-22
1,9,3,6,0,Jones,2022-12-29
1,5,3,2,0,Lee,2022-10-20
1,6,3,3,0,Lee,2022-10-23
1,10,3,7,0,Lee,2022-12-23
1,10,3,7,0,Lee,2023-01-15
1,8,3,5,0,Lee,2023-01-25
1,8,3,5,0,Lenoir,2022-11-16
1,9,3,6,0,Lenoir,2023-01-18
1,6,3,3,0,Lincoln,2022-10-15
1,13,3,10,0,Lincoln,2022-10-21
1,12,3,9,0,Lincoln,2022-10-27
1,19,3,16,0,Lincoln,2022-12-15
1,4,3,1,0,Macon,2022-09-29
1,5,3,2,0,Macon,2022-10-03
1,6,3,3,0,Macon,2022-12-07
1,8,3,5,0,Macon,2022-12-21
1,6,3,3,0,Madison,2022-10-18
1,5,3,2,0,Madison,2022-11-09
1,4,3,1,0,Madison,2023-02-14
1,8,3,5,0,McDowell,2023-01-01
1,7,3,4,0,McDowell,2023-02-03
1,10,3,7,0,McDowell,2023-02-08
1,3,3,0,0,Mitchell,2022-11-26
1,3,3,0,0,Mitchell,2023-02-21
1,6,3,3,0,Montgomery,2022-09-25
1,8,3,5,0,Montgomery,2022-10-24
1,4,3,1,0,Montgomery,2022-10-25
1,3,3,0,0,Montgomery,2022-11-11
1,8,3,5,0,Moore,2022-10-13
1,6,3,3,0,Moore,2022-11-06
1,9,3,6,0,Moore,2023-02-14
1,7,3,4,0,New Hanover,2022-11-24
1,13,3,10,0,New Hanover,2023-02-11
1,7,3,4,0,Northampton,2022-09-21
1,4,3,1,0,Northampton,2022-11-22
1,7,3,4,0,Northampton,2023-01-13
1,4,3,1,0,Northampton,2023-02-28
1,12,3,9,0,Onslow,2022-10-01
1,17,3,14,0,Onslow,2022-10-14
1,6,3,3,0,Onslow,2022-11-27
1,10,3,7,0,Onslow,2023-02-28
1,23,3,20,0,Orange,2022-11-23
1,23,3,20,0,Orange,2022-12-17
1,19,3,16,0,Orange,2023-02-17
1,6,3,3,0,Pamlico,2022-10-07
1,9,3,6,0,Pamlico,2023-02-07
1,4,3,1,0,Pamlico,2023-02-15
1,10,3,7,0,Pasquotank,2022-09-23
1,4,3,1,0,Pasquotank,2022-10-27
1,5,3,2,0,Pasquotank,2022-11-09
1,4,3,1,0,Pasquotank,2022-12-15
1,6,3,3,0,Pasquotank,2023-01-06
1,5,3,2,0,Pasquotank,2023-01-24
1,11,3,8,0,Pender,2022-12-09
1,13,3,10,0,Pender,2022-12-31
1,9,3,6,0,Pender,2023-01-27
1,3,3,0,0,Perquimans,2022-10-02
1,3,3,0,0,Perquimans,2022-12-18
1,4,3,1,0,Perquimans,2022-12-22
1,3,3,0,0,Perquimans,2022-12-24
1,3,3,0,0,Perquimans,2023-01-24
1,4,3,1,0,Person,2023-02-16
1,5,3,2,0,Pitt,2022-12-10
1,3,3,0,0,Polk,2022-09-15
1,6,3,3,0,Polk,2022-09-20
1,3,3,0,0,Polk,2022-10-23
1,5,3,2,0,Polk,2022-12-06
1,4,3,1,0,Polk,2022-12-09
1,7,3,4,0,Polk,2022-12-23
1,6,3,3,0,Polk,2022-12-28
1,6,3,3,0,Polk,2023-01-16
1,9,3,6,0,Randolph,2023-02-21
1,8,3,5,0,Randolph,2023-03-06
1,17,3,14,0,Richmond,2022-09-16
1,6,3,3,0,Richmond,2022-10-17
1,5,3,2,0,Richmond,2022-11-15
1,10,3,7,0,Richmond,2022-12-12
1,9,3,6,0,Richmond,2022-12-24
1,9,3,6,0,Richmond,2023-01-07
1,6,3,3,0,Richmond,2023-01-13
1,4,3,1,0,Richmond,2023-01-19
1,5,3,2,0,Richmond,2023-02-19
1,8,3,5,0,Robeson,2023-03-06
1,8,3,5,0,Robeson,2023-03-08
1,17,3,14,0,Rockingham,2022-09-17
1,6,3,3,0,Rockingham,2022-10-13
1,9,3,6,0,Rockingham,2022-11-01
1,7,3,4,0,Rockingham,2022-11-06
1,10,3,7,0,Rockingham,2023-02-04
1,7,3,4,0,Rockingham,2023-02-11
1,11,3,8,0,Rockingham,2023-02-23
1,5,3,2,0,Rowan,2022-11-24
1,8,3,5,0,Rutherford,2022-12-25
1,11,3,8,0,Rutherford,2023-01-31
1,4,3,1,0,Sampson,2022-10-29
1,6,3,3,0,Sampson,2022-11-15
1,3,3,0,0,Sampson,2022-11-21
1,5,3,2,0,Sampson,2022-11-30
1,5,3,2,0,Sampson,2022-12-17
1,4,3,1,0,Sampson,2023-01-22
1,4,3,1,0,Sampson,2023-02-22
1,3,3,0,0,Scotland,2022-10-01
1,4,3,1,0,Scotland,2022-12-25
1,5,3,2,0,Scotland,2023-02-18
1,4,3,1,0,Scotland,2023-03-03
1,15,3,12,0,Stokes,2022-09-26
1,3,3,0,0,Stokes,2022-10-02
1,4,3,1,0,Stokes,2022-11-20
1,4,3,1,0,Stokes,2022-12-18
1,14,3,11,0,Stokes,2023-02-06
1,9,3,6,0,Stokes,2023-02-08
1,8,3,5,0,Stokes,2023-02-16
1,11,3,8,0,Stokes,2023-02-23
1,10,3,7,0,Surry,2022-09-29
1,7,3,4,0,Surry,2022-11-11
1,6,3,3,0,Swain,2022-10-31
1,5,3,2,0,Swain,2022-11-07
1,5,3,2,0,Swain,2022-12-13
1,4,3,1,0,Swain,2022-12-28
1,3,3,0,0,Swain,2022-12-29
1,7,3,4,0,Swain,2023-01-01
1,3,3,0,0,Swain,2023-02-03
1,5,3,2,0,Swain,2023-02-06
1,5,3,2,0,Swain,2023-02-07
1,4,3,1,0,Swain,2023-02-28
1,16,3,13,0,Transylvania,2022-12-14
1,8,3,5,0,Transylvania,2022-12-21
1,10,3,7,0,Transylvania,2023-01-07
1,3,3,0,0,Tyrrell,2023-01-24
1,5,3,2,0,Vance,2022-11-09
1,6,3,3,0,Vance,2022-11-10
1,7,3,4,0,Vance,2023-01-14
1,11,3,8,0,Vance,2023-01-15
1,6,3,3,0,Warren,2022-10-17
1,8,3,5,0,Warren,2022-12-07
1,8,3,5,0,Warren,2022-12-27
1,9,3,6,0,Warren,2023-01-11
1,6,3,3,0,Warren,2023-01-23
1,6,3,3,0,Warren,2023-01-30
1,6,3,3,0,Warren,2023-02-20
1,5,3,2,0,Warren,2023-03-01
1,4,3,1,0,Washington,2022-12-25
1,11,3,8,0,Watauga,2022-10-03
1,11,3,8,0,Watauga,2022-10-25
1,4,3,1,0,Watauga,2022-11-21
1,12,3,9,0,Watauga,2022-11-28
1,7,3,4,0,Watauga,2023-01-19
1,9,3,6,0,Watauga,2023-02-14
1,10,3,7,0,Wayne,2022-11-18
1,3,3,0,0,Wilkes,2022-11-06
1,4,3,1,0,Wilkes,2022-11-11
1,9,3,6,0,Wilkes,2023-01-19
1,9,3,6,0,Wilkes,2023-02-11
1,7,3,4,0,Wilkes,2023-02-18
1,5,3,2,0,Wilson,2022-10-01
1,7,3,4,0,Wilson,2022-10-13
1,10,3,7,0,Wilson,2022-12-11
1,6,3,3,0,Wilson,2023-02-19
1,6,3,3,0,Yadkin,2022-10-16
1,6,3,3,0,Yadkin,2022-10-27
1,6,3,3,0,Yadkin,2022-11-22
1,7,3,4,0,Yadkin,2022-12-18
1,3,3,0,0,Yancey,2022-12-05
1,6,4,2,0,Alexander,2022-09-24
1,5,4,1,0,Alexander,2023-01-02
1,7,4,3,0,Alexander,2023-01-18
1,4,4,0,0,Alleghany,2022-11-25
1,5,4,1,0,Alleghany,2022-12-28
1,5,4,1,0,Alleghany,2023-02-13
1,4,4,0,0,Ashe,2022-11-11
1,9,4,5,0,Avery,2022-10-28
1,12,4,8,0,Avery,2022-12-14
1,17,4,13,0,Beaufort,2022-09-21
1,5,4,1,0,Beaufort,2022-10-31
1,5,4,1,0,Beaufort,2023-01-13
1,6,4,2,0,Beaufort,2023-02-17
1,10,4,6,0,Beaufort,2023-03-03
1,22,4,18,0,Brunswick,2022-09-24
1,15,4,11,0,Brunswick,2022-10-15
1,17,4,13,0,Brunswick,2023-02-13
1,14,4,10,0,Buncombe,2022-10-22
1,8,4,4,0,Buncombe,2023-03-11
1,13,4,9,0,Burke,2022-10-14
1,6,4,2,0,Burke,2022-10-21
1,24,4,20,0,Cabarrus,2022-10-12
1,17,4,13,0,Cabarrus,2022-11-20
1,21,4,17,0,Caldwell,2022-11-28
1,22,4,18,0,Caldwell,2022-12-17
1,8,4,4,0,Carteret,2022-10-01
1,12,4,8,0,Carteret,2022-10-11
1,9,4,5,0,Carteret,2022-10-13
1,6,4,2,0,Carteret,2022-12-01
1,15,4,11,0,Chatham,2023-01-20
1,4,4,0,0,Cherokee,2022-10-05
1,6,4,2,0,Chowan,2022-09-16
1,4,4,0,0,Clay,2022-10-20
1,5,4,1,0,Clay,2022-10-26
1,4,4,0,0,Clay,2022-10-27
1,9,4,5,0,Clay,2022-12-31
1,5,4,1,0,Clay,2023-01-23
1,6,4,2,0,Cleveland,2022-10-14
1,8,4,4,0,Cleveland,2022-11-23
1,20,4,16,0,Columbus,2023-01-05
1,6,4,2,0,Craven,2022-09-24
1,15,4,11,0,Craven,2022-10-07
1,11,4,7,0,Craven,2022-10-30
1,9,4,5,0,Craven,2022-11-04
1,6,4,2,0,Craven,2022-12-03
1,10,4,6,0,Craven,2023-02-18
1,8,4,4,0,Craven,2023-03-01
1,18,4,14,0,Cumberland,2022-10-23
1,7,4,3,0,Currituck,2022-10-11
1,5,4,1,0,Currituck,2022-10-21
1,7,4,3,0,Currituck,2022-10-24
1,6,4,2,0,Currituck,2023-02-15
1,14,4,10,0,Davidson,2023-01-21
1,17,4,13,0,Davie,2022-09-21
1,6,4,2,0,Duplin,2022-09-30
1,6,4,2,0,Duplin,2022-10-27
1,5,4,1,0,Duplin,2022-11-14
1,5,4,1,0,Duplin,2022-12-02
1,9,4,5,0,Duplin,2022-12-15
1,11,4,7,0,Duplin,2023-01-13
1,6,4,2,0,Duplin,2023-02-23
1,22,4,18,0,Durham,2023-03-09
1,13,4,9,0,Edgecombe,2022-09-16
1,9,4,5,0,Edgecombe,2023-01-16
1,12,4,8,0,Franklin,2022-09-25
1,10,4,6,0,Franklin,2022-12-11
1,14,4,10,0,Franklin,2022-12-14
1,9,4,5,0,Franklin,2023-01-01
1,4,4,0,0,Graham,2022-12-21
1,4,4,0,0,Graham,2022-12-27
1,7,4,3,0,Greene,2022-12-21
1,17,4,13,0,Guilford,2022-11-24
1,11,4,7,0,Halifax,2023-02-01
1,10,4,6,0,Halifax,2023-02-05
1,14,4,10,0,Harnett,2022-10-18
1,20,4,16,0,Harnett,2022-11-07
1,11,4,7,0,Harnett,2022-11-09
1,11,4,7,0,Harnett,2022-12-04
1,7,4,3,0,Haywood,2022-10-09
1,7,4,3,0,Haywood,2022-11-13
1,9,4,5,0,Haywood,2023-02-08
1,17,4,13,0,Henderson,2022-11-27
1,12,4,8,0,Henderson,2023-02-23
1,6,4,2,0,Hertford,2022-09-19
1,14,4,10,0,Hoke,2022-09-21
1,8,4,4,0,Hoke,2022-10-02
1,12,4,8,0,Hoke,2022-10-08
1,5,4,1,0,Hoke,2022-10-22
1,13,4,9,0,Hoke,2022-12-06
1,10,4,6,0,Hoke,2023-01-15
1,16,4,12,0,Hoke,2023-02-03
1,8,4,4,0,Jackson,2022-10-07
1,10,4,6,0,Jackson,2022-10-31
1,8,4,4,0,Jackson,2022-11-29
1,6,4,2,0,Jackson,2023-01-08
1,5,4,1,0,Jackson,2023-02-13
1,25,4,21,0,Johnston,2023-02-17
1,4,4,0,0,Jones,2022-09-13
1,13,4,9,0,Lee,2022-10-24
1,11,4,7,0,Lee,2022-12-15
1,18,4,14,0,Lincoln,2022-11-30
1,22,4,18,0,Lincoln,2022-12-16
1,10,4,6,0,Lincoln,2023-02-23
1,5,4,1,0,Madison,2022-10-11
1,4,4,0,0,Madison,2022-12-19
1,8,4,4,0,Martin,2022-09-14
1,11,4,7,0,McDowell,2022-12-02
1,16,4,12,0,McDowell,2022-12-22
1,11,4,7,0,McDowell,2023-01-30
1,6,4,2,0,Mitchell,2022-12-05
1,8,4,4,0,Montgomery,2022-09-20
1,9,4,5,0,Montgomery,2022-12-21
1,11,4,7,0,Moore,2022-11-12
1,7,4,3,0,Moore,2022-11-20
1,14,4,10,0,Nash,2022-12-10
1,12,4,8,0,New Hanover,2022-10-01
1,9,4,5,0,New Hanover,2022-10-08
1,19,4,15,0,New Hanover,2022-10-24
1,16,4,12,0,New Hanover,2022-11-04
1,15,4,11,0,New Hanover,2022-11-14
1,10,4,6,0,New Hanover,2023-02-18
1,12,4,8,0,Northampton,2022-09-26
1,5,4,1,0,Northampton,2022-10-31
1,10,4,6,0,Northampton,2022-12-01
1,8,4,4,0,Northampton,2023-02-07
1,8,4,4,0,Northampton,2023-02-09
1,16,4,12,0,Onslow,2022-10-19
1,11,4,7,0,Onslow,2022-10-29
1,9,4,5,0,Onslow,2022-12-04
1,31,4,27,0,Orange,2022-10-10
1,5,4,1,0,Pamlico,2023-01-03
1,9,4,5,0,Pasquotank,2022-09-16
1,5,4,1,0,Pasquotank,2022-10-04
1,7,4,3,0,Pasquotank,2022-10-17
1,11,4,7,0,Pasquotank,2022-10-19
1,4,4,0,0,Pasquotank,2022-10-29
1,7,4,3,0,Pasquotank,2023-02-08
1,7,4,3,0,Pasquotank,2023-02-17
1,6,4,2,0,Pasquotank,2023-02-23
1,10,4,6,0,Person,2022-12-16
1,6,4,2,0,Person,2023-01-02
1,5,4,1,0,Polk,2022-10-19
1,6,4,2,0,Polk,2022-10-27
1,4,4,0,0,Polk,2022-12-08
1,4,4,0,0,Polk,2022-12-18
1,8,4,4,0,Polk,2023-01-04
1,6,4,2,0,Polk,2023-01-13
1,4,4,0,0,Polk,2023-01-22
1,5,4,1,0,Polk,2023-01-25
1,8,4,4,0,Polk,2023-02-03
1,4,4,0,0,Polk,2023-02-09
1,10,4,6,0,Robeson,2022-11-06
1,9,4,5,0,Robeson,2023-02-26
1,7,4,3,0,Robeson,2023-03-03
1,22,4,18,0,Rockingham,2022-10-03
1,7,4,3,0,Rockingham,2022-10-29
1,16,4,12,0,Rowan,2022-10-20
1,7,4,3,0,Rutherford,2022-10-07
1,6,4,2,0,Rutherford,2022-10-30
1,8,4,4,0,Sampson,2022-10-01
1,5,4,1,0,Sampson,2022-10-18
1,8,4,4,0,Sampson,2022-11-01
1,7,4,3,0,Sampson,2023-02-17
1,6,4,2,0,Sampson,2023-03-08
1,5,4,1,0,Scotland,2022-09-25
1,4,4,0,0,Scotland,2022-10-07
1,4,4,0,0,Scotland,2022-11-21
1,6,4,2,0,Scotland,2023-01-17
1,4,4,0,0,Scotland,2023-02-12
1,6,4,2,0,Scotland,2023-02-14
1,5,4,1,0,Scotland,2023-02-24
1,11,4,7,0,Stokes,2022-09-17
1,12,4,8,0,Stokes,2022-09-21
1,10,4,6,0,Stokes,2022-10-27
1,4,4,0,0,Stokes,2022-11-06
1,8,4,4,0,Stokes,2022-12-11
1,6,4,2,0,Stokes,2023-01-26
1,6,4,2,0,Swain,2022-12-20
1,7,4,3,0,Swain,2022-12-30
1,4,4,0,0,Swain,2023-03-05
1,7,4,3,0,Transylvania,2022-09-30
1,13,4,9,0,Union,2023-03-08
1,15,4,11,0,Vance,2022-10-03
1,5,4,1,0,Vance,2023-01-01
1,19,4,15,0,Watauga,2022-09-19
1,15,4,11,0,Watauga,2022-09-22
1,11,4,7,0,Watauga,2022-09-26
1,9,4,5,0,Watauga,2023-01-04
1,8,4,4,0,Watauga,2023-02-02
1,11,4,7,0,Wayne,2022-10-14
1,9,4,5,0,Wayne,2022-11-20
1,10,4,6,0,Wilkes,2022-09-24
1,7,4,3,0,Wilkes,2023-02-25
1,8,4,4,0,Wilson,2022-10-07
1,5,4,1,0,Wilson,2022-10-21
1,8,4,4,0,Yadkin,2022-10-21
1,15,4,11,0,Yadkin,2022-11-30
1,8,4,4,0,Yancey,2022-12-27
1,9,5,4,0,Alexander,2023-01-12
1,7,5,2,0,Ashe,2023-01-03
1,7,5,2,0,Avery,2022-10-31
1,12,5,7,0,Beaufort,2022-09-15
1,13,5,8,0,Beaufort,2022-10-17
1,35,5,30,0,Brunswick,2022-09-27
1,17,5,12,0,Brunswick,2022-10-08
1,8,5,3,0,Burke,2022-10-29
1,14,5,9,0,Burke,2022-11-22
1,13,5,8,0,Cabarrus,2023-03-02
1,11,5,6,0,Carteret,2022-10-07
1,11,5,6,0,Carteret,2022-10-14
1,6,5,1,0,Carteret,2022-10-18
1,6,5,1,0,Carteret,2022-10-20
1,8,5,3,0,Carteret,2022-12-17
1,8,5,3,0,Carteret,2023-01-24
1,6,5,1,0,Carteret,2023-02-09
1,14,5,9,0,Catawba,2022-11-05
1,14,5,9,0,Chatham,2022-10-03
1,13,5,8,0,Chatham,2023-02-15
1,9,5,4,0,Chatham,2023-02-22
1,13,5,8,0,Cleveland,2023-01-21
1,9,5,4,0,Columbus,2022-11-09
1,12,5,7,0,Columbus,2022-11-28
1,16,5,11,0,Craven,2022-09-28
1,12,5,7,0,Craven,2022-09-29
1,11,5,6,0,Craven,2022-10-28
1,8,5,3,0,Craven,2022-11-05
1,9,5,4,0,Craven,2022-11-11
1,15,5,10,0,Craven,2022-12-09
1,11,5,6,0,Craven,2023-02-10
1,8,5,3,0,Davie,2022-12-17
1,11,5,6,0,Edgecombe,2023-01-29
1,20,5,15,0,Franklin,2022-10-03
1,11,5,6,0,Granville,2022-10-31
1,12,5,7,0,Halifax,2022-09-15
1,10,5,5,0,Haywood,2022-10-04
1,6,5,1,0,Haywood,2022-10-15
1,10,5,5,0,Haywood,2022-10-23
1,9,5,4,0,Haywood,2022-10-30
1,9,5,4,0,Haywood,2022-12-06
1,6,5,1,0,Haywood,2022-12-09
1,6,5,1,0,Haywood,2023-01-26
1,9,5,4,0,Haywood,2023-01-29
1,13,5,8,0,Henderson,2022-11-08
1,10,5,5,0,Henderson,2022-11-13
1,9,5,4,0,Hertford,2022-09-21
1,8,5,3,0,Hertford,2023-01-11
1,12,5,7,0,Jackson,2022-09-19
1,9,5,4,0,Jackson,2022-12-20
1,9,5,4,0,Jackson,2023-01-13
1,7,5,2,0,Jackson,2023-02-15
1,6,5,1,0,Jones,2022-09-21
1,6,5,1,0,Jones,2023-01-30
1,10,5,5,0,Lee,2022-09-18
1,11,5,6,0,Lee,2022-09-23
1,8,5,3,0,Lee,2022-10-27
1,5,5,0,0,Lee,2023-02-25
1,8,5,3,0,Lenoir,2022-11-09
1,14,5,9,0,Lincoln,2023-01-27
1,6,5,1,0,Macon,2022-11-16
1,5,5,0,0,Mitchell,2022-12-20
1,6,5,1,0,Mitchell,2022-12-26
1,5,5,0,0,Mitchell,2022-12-27
1,13,5,8,0,Moore,2022-12-01
1,11,5,6,0,Moore,2022-12-10
1,8,5,3,0,Moore,2022-12-15
1,11,5,6,0,Moore,2023-01-01
1,7,5,2,0,Nash,2022-11-25
1,17,5,12,0,Nash,2023-01-07
1,12,5,7,0,New Hanover,2022-10-31
1,27,5,22,0,New Hanover,2022-11-03
1,6,5,1,0,Northampton,2022-09-20
1,8,5,3,0,Northampton,2022-11-28
1,10,5,5,0,Northampton,2023-01-06
1,15,5,10,0,Orange,2022-10-12
1,8,5,3,0,Pasquotank,2022-12-14
1,6,5,1,0,Pasquotank,2023-02-10
1,11,5,6,0,Pender,2022-12-12
1,8,5,3,0,Pitt,2022-11-05
1,5,5,0,0,Polk,2022-09-21
1,11,5,6,0,Randolph,2023-01-15
1,7,5,2,0,Randolph,2023-03-09
1,13,5,8,0,Richmond,2022-09-19
1,10,5,5,0,Richmond,2023-01-17
1,13,5,8,0,Richmond,2023-02-07
1,16,5,11,0,Robeson,2022-10-21
1,12,5,7,0,Robeson,2023-01-24
1,10,5,5,0,Rockingham,2023-02-10
1,12,5,7,0,Rowan,2023-02-11
1,10,5,5,0,Sampson,2022-10-05
1,9,5,4,0,Sampson,2022-10-11
1,8,5,3,0,Sampson,2022-10-22
1,6,5,1,0,Sampson,2022-11-14
1,9,5,4,0,Sampson,2023-02-28
1,7,5,2,0,Sampson,2023-03-01
1,5,5,0,0,Scotland,2022-11-03
1,6,5,1,0,Scotland,2022-12-08
1,6,5,1,0,Scotland,2023-01-16
1,8,5,3,0,Stokes,2022-11-04
1,6,5,1,0,Stokes,2022-12-25
1,10,5,5,0,Surry,2022-11-16
1,7,5,2,0,Swain,2023-01-14
1,6,5,1,0,Transylvania,2023-01-09
1,11,5,6,0,Transylvania,2023-01-13
1,10,5,5,0,Watauga,2022-12-17
1,8,5,3,0,Watauga,2022-12-24
1,14,5,9,0,Watauga,2023-01-26
1,16,5,11,0,Wayne,2022-09-17
1,10,5,5,0,Wayne,2022-11-10
1,15,5,10,0,Wayne,2023-01-29
1,10,5,5,0,Wilkes,2022-10-18
1,9,5,4,0,Wilkes,2023-01-14
1,9,5,4,0,Wilkes,2023-02-21
1,7,5,2,0,Wilson,2022-09-30
1,11,5,6,0,Wilson,2022-12-06
1,11,5,6,0,Yadkin,2022-09-22
1,10,5,5,0,Yadkin,2022-09-24
1,15,5,10,0,Yadkin,2022-09-26
1,6,5,1,0,Yancey,2023-01-12
1,7,6,1,0,Alexander,2023-01-10
1,6,6,0,0,Alleghany,2022-11-30
1,8,6,2,0,Ashe,2022-11-02
1,13,6,7,0,Ashe,2022-12-05
1,18,6,12,0,Brunswick,2023-02-14
1,14,6,8,0,Buncombe,2022-11-19
1,13,6,7,0,Burke,2022-11-07
1,10,6,4,0,Burke,2023-01-16
1,23,6,17,0,Cabarrus,2022-10-13
1,11,6,5,0,Carteret,2022-09-21
1,9,6,3,0,Carteret,2022-10-12
1,10,6,4,0,Carteret,2022-10-23
1,14,6,8,0,Carteret,2022-10-25
1,13,6,7,0,Carteret,2022-11-28
1,10,6,4,0,Carteret,2023-02-07
1,6,6,0,0,Cherokee,2023-01-31
1,7,6,1,0,Columbus,2022-09-26
1,10,6,4,0,Columbus,2022-12-13
1,8,6,2,0,Craven,2022-10-21
1,12,6,6,0,Craven,2023-01-30
1,39,6,33,0,Cumberland,2022-10-06
1,42,6,36,0,Cumberland,2022-10-13
1,39,6,33,0,Cumberland,2022-10-28
1,9,6,3,0,Davie,2022-12-08
1,11,6,5,0,Duplin,2022-09-22
1,12,6,6,0,Duplin,2022-10-18
1,8,6,2,0,Graham,2023-01-02
1,13,6,7,0,Granville,2023-01-30
1,10,6,4,0,Halifax,2022-12-08
1,10,6,4,0,Haywood,2022-09-18
1,8,6,2,0,Haywood,2022-11-02
1,12,6,6,0,Haywood,2022-12-27
1,23,6,17,0,Henderson,2022-09-17
1,13,6,7,0,Henderson,2022-10-19
1,16,6,10,0,Henderson,2022-10-28
1,16,6,10,0,Iredell,2022-12-25
1,11,6,5,0,Jackson,2022-09-22
1,12,6,6,0,Jackson,2022-12-27
1,9,6,3,0,Jackson,2023-01-24
1,7,6,1,0,Jackson,2023-01-30
1,6,6,0,0,Jones,2023-01-12
1,13,6,7,0,Lee,2022-09-16
1,8,6,2,0,Lee,2022-10-21
1,8,6,2,0,Lee,2022-12-02
1,13,6,7,0,Lenoir,2022-10-24
1,15,6,9,0,Lincoln,2022-12-26
1,10,6,4,0,Macon,2022-12-20
1,8,6,2,0,Macon,2023-01-10
1,7,6,1,0,Madison,2022-11-25
1,15,6,9,0,Moore,2022-09-24
1,11,6,5,0,Moore,2022-10-19
1,8,6,2,0,New Hanover,2023-03-04
1,7,6,1,0,Pamlico,2023-02-01
1,7,6,1,0,Pasquotank,2022-09-18
1,8,6,2,0,Pasquotank,2023-01-01
1,7,6,1,0,Pasquotank,2023-01-25
1,6,6,0,0,Pasquotank,2023-02-20
1,18,6,12,0,Person,2022-12-23
1,8,6,2,0,Polk,2022-11-18
1,7,6,1,0,Polk,2022-12-19
1,8,6,2,0,Sampson,2022-12-10
1,8,6,2,0,Sampson,2023-02-05
1,8,6,2,0,Sampson,2023-03-03
1,7,6,1,0,Scotland,2022-10-26
1,6,6,0,0,Scotland,2023-02-04
1,9,6,3,0,Swain,2022-11-01
1,6,6,0,0,Swain,2022-11-09
1,16,6,10,0,Transylvania,2022-09-22
1,9,6,3,0,Transylvania,2023-01-05
1,10,6,4,0,Watauga,2022-10-20
1,10,6,4,0,Watauga,2022-12-13
1,12,6,6,0,Wilkes,2022-10-19
1,8,6,2,0,Wilkes,2023-01-20
1,9,6,3,0,Wilson,2023-03-01
1,6,6,0,0,Yadkin,2022-11-24
1,9,6,3,0,Yancey,2022-09-19
1,8,7,1,0,Ashe,2022-10-10
1,16,7,9,0,Burke,2023-01-20
1,10,7,3,0,Carteret,2022-09-29
1,7,7,0,0,Carteret,2022-10-21
1,14,7,7,0,Carteret,2022-12-07
1,18,7,11,0,Catawba,2022-10-22
1,16,7,9,0,Columbus,2022-09-20
1,12,7,5,0,Columbus,2023-01-26
1,7,7,0,0,Currituck,2022-10-17
1,14,7,7,0,Granville,2022-10-03
1,17,7,10,0,Granville,2022-12-09
1,8,7,1,0,Halifax,2023-02-14
1,14,7,7,0,Haywood,2022-09-14
1,11,7,4,0,Haywood,2022-12-14
1,19,7,12,0,Henderson,2022-09-21
1,15,7,8,0,Lee,2023-02-07
1,12,7,5,0,McDowell,2023-01-02
1,27,7,20,0,Moore,2022-12-30
1,15,7,8,0,Nash,2022-12-11
1,8,7,1,0,Polk,2022-11-22
1,9,7,2,0,Polk,2023-01-09
1,8,7,1,0,Robeson,2022-10-29
1,14,7,7,0,Rutherford,2022-11-29
1,13,7,6,0,Sampson,2022-12-12
1,14,7,7,0,Scotland,2023-02-20
1,7,7,0,0,Swain,2022-12-08
1,7,7,0,0,Swain,2023-02-14
1,10,7,3,0,Watauga,2022-12-15
1,15,7,8,0,Watauga,2022-12-26
1,12,7,5,0,Watauga,2023-01-24
1,14,7,7,0,Wayne,2022-11-04
1,11,7,4,0,Wayne,2022-11-23
1,11,7,4,0,Wilkes,2022-10-26
1,11,7,4,0,Wilson,2022-12-24
1,16,8,8,0,Buncombe,2023-02-27
1,19,8,11,0,Carteret,2022-09-20
1,16,8,8,0,Carteret,2022-12-13
1,14,8,6,0,Catawba,2022-09-29
1,10,8,2,0,Davie,2022-10-17
1,9,8,1,0,Graham,2022-12-28
1,17,8,9,0,Greene,2023-01-12
1,37,8,29,0,Guilford,2022-11-13
1,13,8,5,0,Haywood,2022-10-13
1,14,8,6,0,Haywood,2022-11-04
1,10,8,2,0,Haywood,2023-01-24
1,13,8,5,0,Henderson,2023-02-11
1,13,8,5,0,Henderson,2023-02-12
1,20,8,12,0,Lee,2022-12-08
1,18,8,10,0,Lee,2022-12-28
1,12,8,4,0,Moore,2022-11-14
1,20,8,12,0,New Hanover,2022-11-08
1,10,8,2,0,Polk,2022-11-17
1,12,8,4,0,Randolph,2022-11-04
1,9,8,1,0,Robeson,2022-11-10
1,13,8,5,0,Scotland,2023-01-19
1,22,8,14,0,Yadkin,2023-01-06
1,11,9,2,0,Alleghany,2022-12-13
1,17,9,8,0,Carteret,2022-09-19
1,17,9,8,0,Carteret,2022-09-23
1,11,9,2,0,Carteret,2022-09-24
1,14,9,5,0,New Hanover,2022-11-20
1,11,9,2,0,Polk,2022-11-16
1,9,9,0,0,Polk,2023-01-30
1,22,9,13,0,Rockingham,2023-01-04
1,15,9,6,0,Vance,2023-01-31
1,16,9,7,0,Wayne,2022-10-12
1,9,9,0,0,Wayne,2022-11-14
1,15,10,5,0,Alamance,2022-10-16
1,27,10,17,0,Brunswick,2022-10-12
1,15,10,5,0,Carteret,2023-01-12
1,14,10,4,0,Haywood,2022-10-28
1,12,10,2,0,Haywood,2022-11-09
1,13,10,3,0,Haywood,2022-12-12
1,22,10,12,0,Iredell,2022-10-09
1,22,10,12,0,Nash,2022-10-06
1,13,10,3,0,Pasquotank,2022-10-22
1,12,10,2,0,Polk,2022-11-14
1,18,10,8,0,Sampson,2022-12-20
1,17,10,7,0,Sampson,2022-12-22
1,19,10,9,0,Watauga,2022-12-14
1,16,11,5,0,Catawba,2023-03-10
1,14,11,3,0,Davie,2023-02-19
1,18,11,7,0,Henderson,2022-10-15
1,19,11,8,0,Iredell,2022-10-02
1,12,11,1,0,Warren,2022-11-22
1,16,12,4,0,Carteret,2022-10-17
1,13,12,1,0,Haywood,2022-12-08
1,17,12,5,0,Sampson,2023-01-18
1,29,12,17,0,Surry,2022-12-06
1,40,13,27,0,Chatham,2022-12-28
1,24,13,11,0,Craven,2022-12-06
1,23,13,10,0,Davie,2022-09-13
1,14,13,1,0,Haywood,2023-01-20
1,23,13,10,0,Robeson,2022-11-01
1,17,13,4,0,Stokes,2022-10-08
1,18,13,5,0,Wayne,2022-11-22
1,20,13,7,0,Wilkes,2022-09-21
1,26,14,12,0,Iredell,2022-10-19
1,24,14,10,0,Sampson,2022-09-15
1,22,14,8,0,Sampson,2022-09-16
1,24,14,10,0,Watauga,2022-12-12
1,36,15,21,0,Buncombe,2022-11-09
1,40,24,16,0,Buncombe,2022-12-11
2,8,0,8,0,Alamance,2023-02-26
2,2,0,2,0,Alexander,2022-11-11
2,3,0,3,0,Alexander,2022-11-23
2,3,0,3,0,Alexander,2023-02-04
2,3,0,3,0,Anson,2022-11-01
2,4,0,4,0,Anson,2022-12-05
2,3,0,3,0,Anson,2022-12-11
2,6,0,6,0,Anson,2022-12-16
2,6,0,6,0,Anson,2022-12-22
2,11,0,11,0,Anson,2023-01-05
2,4,0,4,0,Anson,2023-01-11
2,4,0,4,0,Avery,2022-11-29
2,3,0,3,0,Avery,2022-12-24
2,2,0,2,0,Avery,2023-01-10
2,6,0,6,0,Beaufort,2022-10-23
2,3,0,3,0,Beaufort,2022-11-09
2,7,0,7,0,Beaufort,2023-01-02
2,6,0,6,0,Beaufort,2023-01-06
2,6,0,6,0,Beaufort,2023-01-26
2,3,0,3,0,Beaufort,2023-01-28
2,4,0,4,0,Beaufort,2023-02-05
2,6,0,6,0,Beaufort,2023-02-16
2,8,0,8,0,Bertie,2022-09-14
2,3,0,3,0,Bertie,2022-09-16
2,4,0,4,0,Bertie,2022-09-17
2,5,0,5,0,Bertie,2022-09-26
2,3,0,3,0,Bertie,2022-09-30
2,4,0,4,0,Bertie,2022-11-16
2,5,0,5,0,Bertie,2022-11-21
2,7,0,7,0,Bertie,2022-12-05
2,6,0,6,0,Bertie,2023-01-17
2,4,0,4,0,Bertie,2023-01-18
2,3,0,3,0,Bertie,2023-02-11
2,5,0,5,0,Bladen,2022-10-19
2,6,0,6,0,Bladen,2022-10-28
2,5,0,5,0,Bladen,2022-12-01
2,5,0,5,0,Bladen,2023-01-28
2,8,0,8,0,Bladen,2023-02-02
2,5,0,5,0,Bladen,2023-02-12
2,7,0,7,0,Bladen,2023-02-23
2,9,0,9,0,Brunswick,2022-11-06
2,11,0,11,0,Caldwell,2022-11-26
2,8,0,8,0,Caldwell,2022-12-03
2,8,0,8,0,Caldwell,2023-02-26
2,2,0,2,0,Camden,2023-01-27
2,4,0,4,0,Carteret,2023-02-18
2,4,0,4,0,Caswell,2022-11-03
2,3,0,3,0,Caswell,2022-11-23
2,5,0,5,0,Caswell,2022-11-28
2,4,0,4,0,Caswell,2022-11-30
2,6,0,6,0,Caswell,2022-12-08
2,5,0,5,0,Caswell,2022-12-30
2,4,0,4,0,Caswell,2023-02-16
2,5,0,5,0,Chatham,2023-02-05
2,4,0,4,0,Cherokee,2022-09-17
2,3,0,3,0,Cherokee,2022-11-25
2,4,0,4,0,Cherokee,2022-12-18
2,5,0,5,0,Cherokee,2023-01-07
2,6,0,6,0,Cherokee,2023-01-12
2,3,0,3,0,Cherokee,2023-01-18
2,4,0,4,0,Chowan,2022-09-23
2,5,0,5,0,Chowan,2022-09-27
2,3,0,3,0,Chowan,2022-10-14
2,2,0,2,0,Chowan,2022-11-26
2,6,0,6,0,Chowan,2022-11-30
2,12,0,12,0,Chowan,2023-01-09
2,3,0,3,0,Chowan,2023-01-29
2,5,0,5,0,Chowan,2023-02-07
2,4,0,4,0,Chowan,2023-02-22
2,2,0,2,0,Chowan,2023-02-27
2,8,0,8,0,Cleveland,2022-11-17
2,7,0,7,0,Cleveland,2023-02-25
2,3,0,3,0,Columbus,2022-12-04
2,5,0,5,0,Columbus,2022-12-25
2,7,0,7,0,Columbus,2023-01-13
2,4,0,4,0,Columbus,2023-01-27
2,5,0,5,0,Columbus,2023-02-03
2,9,0,9,0,Craven,2022-11-09
2,5,0,5,0,Currituck,2022-12-18
2,3,0,3,0,Currituck,2023-01-17
2,5,0,5,0,Currituck,2023-01-19
2,3,0,3,0,Currituck,2023-02-27
2,6,0,6,0,Dare,2022-09-14
2,7,0,7,0,Dare,2022-11-04
2,5,0,5,0,Dare,2022-11-08
2,3,0,3,0,Dare,2022-11-30
2,4,0,4,0,Dare,2022-12-10
2,8,0,8,0,Dare,2022-12-15
2,15,0,15,0,Dare,2022-12-30
2,12,0,12,0,Dare,2023-01-04
2,7,0,7,0,Dare,2023-01-06
2,8,0,8,0,Dare,2023-01-09
2,6,0,6,0,Dare,2023-01-18
2,9,0,9,0,Dare,2023-01-19
2,7,0,7,0,Dare,2023-01-24
2,6,0,6,0,Dare,2023-02-03
2,8,0,8,0,Dare,2023-02-16
2,3,0,3,0,Dare,2023-02-21
2,9,0,9,0,Dare,2023-02-24
2,4,0,4,0,Dare,2023-02-26
2,7,0,7,0,Dare,2023-02-27
2,3,0,3,0,Dare,2023-03-01
2,3,0,3,0,Davidson,2023-03-10
2,4,0,4,0,Davie,2022-11-11
2,2,0,2,0,Davie,2022-12-03
2,2,0,2,0,Davie,2022-12-25
2,4,0,4,0,Davie,2023-01-07
2,7,0,7,0,Davie,2023-01-08
2,7,0,7,0,Duplin,2023-01-28
2,6,0,6,0,Duplin,2023-02-05
2,15,0,15,0,Durham,2022-10-16
2,12,0,12,0,Durham,2022-11-06
2,4,0,4,0,Edgecombe,2022-10-17
2,3,0,3,0,Edgecombe,2022-10-22
2,5,0,5,0,Edgecombe,2022-11-22
2,4,0,4,0,Edgecombe,2022-12-01
2,7,0,7,0,Edgecombe,2022-12-11
2,8,0,8,0,Edgecombe,2023-01-07
2,15,0,15,0,Edgecombe,2023-01-17
2,8,0,8,0,Edgecombe,2023-02-04
2,7,0,7,0,Edgecombe,2023-02-07
2,7,0,7,0,Edgecombe,2023-02-14
2,8,0,8,0,Edgecombe,2023-02-19
2,6,0,6,0,Edgecombe,2023-02-23
2,9,0,9,0,Edgecombe,2023-03-08
2,11,0,11,0,Franklin,2022-09-28
2,5,0,5,0,Franklin,2023-01-21
2,9,0,9,0,Franklin,2023-02-21
2,2,0,2,0,Franklin,2023-03-02
2,5,0,5,0,Franklin,2023-03-06
2,2,0,2,0,Gates,2022-12-31
2,6,0,6,0,Granville,2022-10-05
2,10,0,10,0,Granville,2022-10-14
2,6,0,6,0,Granville,2022-11-07
2,4,0,4,0,Granville,2023-02-11
2,11,0,11,0,Granville,2023-02-14
2,4,0,4,0,Granville,2023-03-06
2,5,0,5,0,Granville,2023-03-07
2,4,0,4,0,Greene,2022-11-09
2,8,0,8,0,Greene,2022-12-12
2,7,0,7,0,Greene,2023-01-06
2,5,0,5,0,Greene,2023-01-11
2,4,0,4,0,Greene,2023-01-13
2,8,0,8,0,Greene,2023-01-19
2,5,0,5,0,Greene,2023-02-24
2,11,0,11,0,Halifax,2022-10-06
2,4,0,4,0,Halifax,2022-10-18
2,2,0,2,0,Halifax,2022-10-22
2,6,0,6,0,Halifax,2022-11-25
2,3,0,3,0,Halifax,2022-11-26
2,13,0,13,0,Harnett,2023-01-22
2,16,0,16,0,Harnett,2023-02-20
2,3,0,3,0,Harnett,2023-03-02
2,5,0,5,0,Haywood,2022-11-27
2,7,0,7,0,Henderson,2022-11-11
2,4,0,4,0,Hertford,2023-02-06
2,3,0,3,0,Hertford,2023-02-27
2,8,0,8,0,Hoke,2022-10-06
2,5,0,5,0,Hoke,2022-10-14
2,8,0,8,0,Hoke,2022-11-09
2,2,0,2,0,Hoke,2023-03-06
2,5,0,5,0,Jackson,2022-10-16
2,3,0,3,0,Jones,2023-02-23
2,2,0,2,0,Jones,2023-03-07
2,7,0,7,0,Lee,2022-09-14
2,6,0,6,0,Lee,2023-01-22
2,3,0,3,0,Lee,2023-03-09
2,12,0,12,0,Lenoir,2022-09-26
2,12,0,12,0,Lenoir,2022-12-10
2,7,0,7,0,Lenoir,2023-01-13
2,5,0,5,0,Lenoir,2023-02-04
2,5,0,5,0,Lenoir,2023-02-23
2,6,0,6,0,Lenoir,2023-03-03
2,8,0,8,0,Lenoir,2023-03-09
2,10,0,10,0,Lincoln,2023-02-09
2,10,0,10,0,Lincoln,2023-02-16
2,6,0,6,0,Macon,2022-12-03
2,10,0,10,0,Macon,2022-12-12
2,6,0,6,0,Macon,2023-01-01
2,5,0,5,0,Macon,2023-02-23
2,4,0,4,0,Madison,2022-12-28
2,4,0,4,0,Martin,2022-10-17
2,2,0,2,0,Martin,2022-11-21
2,5,0,5,0,Martin,2022-12-26
2,6,0,6,0,Martin,2022-12-27
2,9,0,9,0,Martin,2023-01-04
2,4,0,4,0,Martin,2023-01-28
2,4,0,4,0,Martin,2023-02-27
2,8,0,8,0,McDowell,2022-10-05
2,12,0,12,0,McDowell,2022-10-17
2,11,0,11,0,McDowell,2022-11-21
2,7,0,7,0,McDowell,2022-12-16
2,7,0,7,0,McDowell,2023-02-09
2,2,0,2,0,Mitchell,2022-09-18
2,9,0,9,0,Montgomery,2022-09-21
2,2,0,2,0,Montgomery,2022-11-23
2,4,0,4,0,Montgomery,2022-12-14
2,3,0,3,0,Montgomery,2023-01-19
2,8,0,8,0,Montgomery,2023-02-17
2,5,0,5,0,Moore,2023-03-11
2,3,0,3,0,Nash,2022-11-15
2,8,0,8,0,Nash,2023-01-14
2,10,0,10,0,New Hanover,2022-09-30
2,7,0,7,0,New Hanover,2022-11-12
2,4,0,4,0,Northampton,2022-09-19
2,5,0,5,0,Northampton,2022-09-29
2,9,0,9,0,Northampton,2022-10-26
2,5,0,5,0,Northampton,2023-01-23
2,4,0,4,0,Northampton,2023-01-27
2,10,0,10,0,Onslow,2022-11-06
2,6,0,6,0,Onslow,2023-02-19
2,7,0,7,0,Onslow,2023-02-25
2,13,0,13,0,Onslow,2023-02-27
2,11,0,11,0,Orange,2022-11-12
2,11,0,11,0,Orange,2022-11-14
2,11,0,11,0,Orange,2022-11-21
2,13,0,13,0,Orange,2023-02-15
2,10,0,10,0,Orange,2023-03-10
2,3,0,3,0,Pamlico,2023-01-07
2,2,0,2,0,Pamlico,2023-01-09
2,2,0,2,0,Pamlico,2023-02-12
2,2,0,2,0,Pamlico,2023-02-13
2,3,0,3,0,Pasquotank,2022-11-29
2,3,0,3,0,Pasquotank,2022-12-09
2,5,0,5,0,Pender,2022-10-20
2,15,0,15,0,Pender,2022-12-19
2,11,0,11,0,Pender,2022-12-24
2,12,0,12,0,Pender,2022-12-30
2,4,0,4,0,Pender,2023-02-19
2,5,0,5,0,Perquimans,2023-01-05
2,4,0,4,0,Perquimans,2023-01-27
2,5,0,5,0,Perquimans,2023-02-10
2,9,0,9,0,Person,2022-09-16
2,5,0,5,0,Person,2023-01-06
2,8,0,8,0,Person,2023-01-24
2,5,0,5,0,Person,2023-02-12
2,8,0,8,0,Pitt,2023-03-10
2,4,0,4,0,Richmond,2022-09-30
2,4,0,4,0,Richmond,2022-10-02
2,2,0,2,0,Richmond,2022-12-04
2,6,0,6,0,Richmond,2022-12-25
2,3,0,3,0,Richmond,2023-03-04
2,2,0,2,0,Richmond,2023-03-07
2,12,0,12,0,Rockingham,2022-12-06
2,5,0,5,0,Rockingham,2023-03-05
2,10,0,10,0,Rowan,2022-10-02
2,5,0,5,0,Rowan,2022-11-10
2,6,0,6,0,Rowan,2023-02-26
2,4,0,4,0,Rutherford,2022-09-30
2,2,0,2,0,Rutherford,2022-11-24
2,6,0,6,0,Rutherford,2022-11-27
2,9,0,9,0,Rutherford,2022-12-04
2,6,0,6,0,Rutherford,2023-02-03
2,5,0,5,0,Rutherford,2023-02-11
2,3,0,3,0,Rutherford,2023-02-16
2,3,0,3,0,Rutherford,2023-02-28
2,2,0,2,0,Scotland,2023-01-29
2,2,0,2,0,Scotland,2023-03-04
2,8,0,8,0,Stanly,2022-09-18
2,11,0,11,0,Stanly,2022-09-24
2,8,0,8,0,Stanly,2022-10-01
2,14,0,14,0,Stanly,2022-10-11
2,6,0,6,0,Stanly,2022-10-13
2,11,0,11,0,Stanly,2022-10-20
2,5,0,5,0,Stanly,2022-10-30
2,5,0,5,0,Stanly,2022-11-11
2,6,0,6,0,Stanly,2022-11-19
2,3,0,3,0,Stanly,2022-11-20
2,4,0,4,0,Stanly,2022-12-03
2,12,0,12,0,Stanly,2022-12-08
2,14,0,14,0,Stanly,2023-01-01
2,7,0,7,0,Stanly,2023-01-28
2,5,0,5,0,Stanly,2023-02-05
2,9,0,9,0,Stanly,2023-02-11
2,4,0,4,0,Stanly,2023-02-12
2,3,0,3,0,Stanly,2023-02-23
2,6,0,6,0,Stanly,2023-02-27
2,15,0,15,0,Stokes,2022-09-24
2,4,0,4,0,Stokes,2022-11-01
2,4,0,4,0,Stokes,2023-02-04
2,5,0,5,0,Stokes,2023-03-01
2,5,0,5,0,Surry,2022-09-30
2,10,0,10,0,Surry,2022-10-08
2,7,0,7,0,Surry,2022-10-30
2,3,0,3,0,Surry,2023-03-05
2,5,0,5,0,Transylvania,2022-11-29
2,4,0,4,0,Transylvania,2022-12-06
2,6,0,6,0,Transylvania,2023-01-26
2,9,0,9,0,Transylvania,2023-01-30
2,2,0,2,0,Tyrrell,2022-09-16
2,14,0,14,0,Union,2023-02-25
2,4,0,4,0,Vance,2022-11-14
2,6,0,6,0,Vance,2022-12-02
2,3,0,3,0,Vance,2023-02-12
2,4,0,4,0,Vance,2023-02-25
2,9,0,9,0,Warren,2022-09-23
2,2,0,2,0,Warren,2022-10-04
2,3,0,3,0,Warren,2023-03-08
2,4,0,4,0,Washington,2022-12-12
2,8,0,8,0,Washington,2022-12-21
2,4,0,4,0,Washington,2023-02-03
2,15,0,15,0,Watauga,2023-01-02
2,5,0,5,0,Wilkes,2022-10-23
2,17,0,17,0,Wilson,2022-09-25
2,6,0,6,0,Wilson,2022-10-28
2,6,0,6,0,Yadkin,2022-09-17
2,11,0,11,0,Yadkin,2022-09-29
2,3,0,3,0,Yadkin,2022-09-30
2,6,0,6,0,Yadkin,2023-02-05
2,3,0,3,0,Yadkin,2023-02-18
2,14,1,13,0,Alamance,2022-10-23
2,9,1,8,0,Alamance,2023-01-29
2,13,1,12,0,Alamance,2023-03-01
2,10,1,9,0,Alexander,2022-10-26
2,5,1,4,0,Alexander,2022-11-01
2,5,1,4,0,Alexander,2022-11-02
2,2,1,1,0,Alleghany,2022-12-02
2,2,1,1,0,Alleghany,2023-02-16
2,7,1,6,0,Anson,2022-09-28
2,2,1,1,0,Anson,2022-11-21
2,8,1,7,0,Anson,2022-12-12
2,9,1,8,0,Anson,2022-12-13
2,6,1,5,0,Anson,2023-01-06
2,5,1,4,0,Anson,2023-01-16
2,10,1,9,0,Ashe,2023-01-04
2,2,1,1,0,Ashe,2023-02-14
2,2,1,1,0,Avery,2022-12-03
2,4,1,3,0,Avery,2022-12-06
2,2,1,1,0,Avery,2022-12-11
2,3,1,2,0,Avery,2022-12-23
2,5,1,4,0,Avery,2022-12-29
2,10,1,9,0,Beaufort,2022-09-18
2,5,1,4,0,Beaufort,2022-11-10
2,3,1,2,0,Beaufort,2022-11-14
2,6,1,5,0,Beaufort,2022-12-16
2,6,1,5,0,Beaufort,2023-03-01
2,6,1,5,0,Bertie,2022-09-19
2,4,1,3,0,Bertie,2022-09-22
2,9,1,8,0,Bertie,2022-12-27
2,15,1,14,0,Bertie,2022-12-30
2,4,1,3,0,Bertie,2023-01-30
2,4,1,3,0,Bladen,2022-09-20
2,11,1,10,0,Bladen,2022-09-28
2,7,1,6,0,Bladen,2022-11-27
2,7,1,6,0,Bladen,2022-12-09
2,4,1,3,0,Bladen,2022-12-25
2,14,1,13,0,Bladen,2023-01-20
2,16,1,15,0,Bladen,2023-02-09
2,5,1,4,0,Bladen,2023-02-17
2,4,1,3,0,Bladen,2023-02-20
2,8,1,7,0,Brunswick,2022-10-09
2,5,1,4,0,Brunswick,2023-02-04
2,11,1,10,0,Brunswick,2023-02-17
2,5,1,4,0,Brunswick,2023-03-04
2,9,1,8,0,Burke,2022-10-08
2,10,1,9,0,Burke,2022-10-12
2,12,1,11,0,Burke,2022-11-09
2,4,1,3,0,Burke,2023-01-22
2,13,1,12,0,Cabarrus,2022-10-29
2,12,1,11,0,Caldwell,2022-10-01
2,14,1,13,0,Caldwell,2022-10-02
2,11,1,10,0,Caldwell,2023-01-21
2,3,1,2,0,Camden,2023-01-23
2,9,1,8,0,Carteret,2022-09-25
2,5,1,4,0,Caswell,2022-09-16
2,5,1,4,0,Caswell,2022-09-22
2,4,1,3,0,Caswell,2023-01-23
2,6,1,5,0,Chatham,2022-10-10
2,12,1,11,0,Chatham,2022-10-19
2,7,1,6,0,Chatham,2022-10-30
2,5,1,4,0,Chatham,2022-11-13
2,8,1,7,0,Chatham,2023-02-02
2,4,1,3,0,Chatham,2023-02-25
2,4,1,3,0,Chatham,2023-03-01
2,7,1,6,0,Cherokee,2022-09-15
2,3,1,2,0,Cherokee,2022-10-18
2,5,1,4,0,Cherokee,2022-10-28
2,4,1,3,0,Cherokee,2022-12-16
2,9,1,8,0,Cherokee,2023-01-16
2,6,1,5,0,Cherokee,2023-01-30
2,2,1,1,0,Cherokee,2023-02-03
2,3,1,2,0,Chowan,2022-10-03
2,7,1,6,0,Chowan,2023-01-18
2,5,1,4,0,Chowan,2023-01-24
2,3,1,2,0,Chowan,2023-02-04
2,4,1,3,0,Clay,2023-01-11
2,13,1,12,0,Cleveland,2022-09-29
2,7,1,6,0,Cleveland,2022-10-08
2,18,1,17,0,Cleveland,2023-01-26
2,6,1,5,0,Cleveland,2023-02-11
2,11,1,10,0,Cleveland,2023-02-17
2,7,1,6,0,Cleveland,2023-02-28
2,4,1,3,0,Columbus,2022-10-07
2,4,1,3,0,Columbus,2022-10-22
2,5,1,4,0,Columbus,2022-11-26
2,7,1,6,0,Columbus,2022-12-02
2,9,1,8,0,Columbus,2023-02-10
2,6,1,5,0,Columbus,2023-02-23
2,6,1,5,0,Craven,2022-10-31
2,17,1,16,0,Cumberland,2022-11-06
2,8,1,7,0,Cumberland,2022-11-13
2,4,1,3,0,Currituck,2022-10-01
2,3,1,2,0,Currituck,2022-10-27
2,3,1,2,0,Currituck,2022-12-02
2,9,1,8,0,Currituck,2022-12-30
2,5,1,4,0,Currituck,2023-01-04
2,5,1,4,0,Currituck,2023-01-13
2,4,1,3,0,Currituck,2023-02-03
2,8,1,7,0,Dare,2022-09-16
2,7,1,6,0,Dare,2022-10-17
2,10,1,9,0,Dare,2023-01-30
2,7,1,6,0,Dare,2023-02-10
2,8,1,7,0,Dare,2023-02-15
2,13,1,12,0,Davidson,2022-10-27
2,11,1,10,0,Davidson,2022-11-11
2,6,1,5,0,Davie,2022-12-04
2,7,1,6,0,Davie,2023-02-25
2,3,1,2,0,Davie,2023-03-10
2,11,1,10,0,Duplin,2022-10-11
2,5,1,4,0,Duplin,2022-10-28
2,7,1,6,0,Duplin,2023-02-04
2,21,1,20,0,Durham,2022-10-08
2,20,1,19,0,Durham,2022-11-05
2,5,1,4,0,Edgecombe,2022-10-25
2,5,1,4,0,Edgecombe,2022-12-02
2,3,1,2,0,Edgecombe,2022-12-04
2,10,1,9,0,Edgecombe,2022-12-06
2,4,1,3,0,Edgecombe,2023-01-21
2,7,1,6,0,Edgecombe,2023-01-26
2,11,1,10,0,Edgecombe,2023-02-02
2,8,1,7,0,Franklin,2022-09-17
2,13,1,12,0,Franklin,2022-10-11
2,8,1,7,0,Franklin,2022-10-31
2,13,1,12,0,Franklin,2022-11-08
2,6,1,5,0,Franklin,2022-11-27
2,11,1,10,0,Franklin,2022-12-01
2,11,1,10,0,Franklin,2022-12-13
2,17,1,16,0,Franklin,2023-01-20
2,10,1,9,0,Franklin,2023-02-03
2,6,1,5,0,Franklin,2023-02-10
2,7,1,6,0,Franklin,2023-02-25
2,3,1,2,0,Franklin,2023-02-27
2,3,1,2,0,Franklin,2023-03-10
2,2,1,1,0,Franklin,2023-03-11
2,11,1,10,0,Gaston,2022-11-06
2,19,1,18,0,Gaston,2022-11-15
2,12,1,11,0,Gaston,2023-03-02
2,6,1,5,0,Gaston,2023-03-05
2,5,1,4,0,Gates,2023-01-10
2,2,1,1,0,Gates,2023-01-16
2,2,1,1,0,Graham,2023-03-05
2,9,1,8,0,Granville,2022-10-17
2,12,1,11,0,Granville,2022-11-16
2,13,1,12,0,Granville,2022-11-23
2,3,1,2,0,Granville,2022-11-27
2,8,1,7,0,Granville,2023-01-10
2,8,1,7,0,Granville,2023-02-17
2,2,1,1,0,Granville,2023-03-10
2,6,1,5,0,Greene,2022-09-13
2,5,1,4,0,Greene,2022-12-16
2,5,1,4,0,Greene,2023-01-14
2,2,1,1,0,Greene,2023-01-18
2,6,1,5,0,Greene,2023-01-23
2,4,1,3,0,Greene,2023-01-24
2,3,1,2,0,Greene,2023-02-13
2,5,1,4,0,Halifax,2022-09-17
2,14,1,13,0,Halifax,2022-09-27
2,8,1,7,0,Halifax,2022-10-28
2,7,1,6,0,Halifax,2022-11-11
2,10,1,9,0,Halifax,2022-12-01
2,7,1,6,0,Halifax,2023-01-01
2,10,1,9,0,Harnett,2022-11-27
2,11,1,10,0,Harnett,2023-01-28
2,6,1,5,0,Haywood,2022-12-31
2,5,1,4,0,Haywood,2023-02-09
2,4,1,3,0,Henderson,2023-02-28
2,7,1,6,0,Hertford,2023-01-17
2,5,1,4,0,Hertford,2023-02-09
2,4,1,3,0,Hertford,2023-03-02
2,6,1,5,0,Hoke,2022-09-18
2,5,1,4,0,Hoke,2022-10-16
2,3,1,2,0,Hoke,2022-11-04
2,9,1,8,0,Hoke,2022-11-10
2,4,1,3,0,Hoke,2022-11-13
2,7,1,6,0,Hoke,2022-11-17
2,4,1,3,0,Hoke,2022-12-03
2,4,1,3,0,Hoke,2023-02-19
2,8,1,7,0,Hoke,2023-02-22
2,6,1,5,0,Hoke,2023-03-02
2,3,1,2,0,Hoke,2023-03-08
2,6,1,5,0,Jackson,2022-10-10
2,2,1,1,0,Jackson,2022-11-02
2,13,1,12,0,Lee,2022-09-15
2,15,1,14,0,Lee,2022-10-02
2,3,1,2,0,Lee,2022-10-09
2,4,1,3,0,Lee,2022-10-12
2,5,1,4,0,Lee,2022-10-17
2,12,1,11,0,Lee,2022-12-06
2,9,1,8,0,Lee,2023-02-13
2,3,1,2,0,Lee,2023-02-22
2,2,1,1,0,Lee,2023-02-24
2,5,1,4,0,Lenoir,2022-11-10
2,6,1,5,0,Lenoir,2022-12-24
2,14,1,13,0,Lenoir,2023-02-02
2,5,1,4,0,Lenoir,2023-03-06
2,21,1,20,0,Lincoln,2022-10-05
2,16,1,15,0,Lincoln,2022-10-06
2,7,1,6,0,Lincoln,2022-11-23
2,3,1,2,0,Lincoln,2023-02-26
2,6,1,5,0,Macon,2022-10-10
2,8,1,7,0,Macon,2022-12-09
2,4,1,3,0,Macon,2023-01-11
2,3,1,2,0,Macon,2023-02-02
2,4,1,3,0,Macon,2023-02-10
2,2,1,1,0,Madison,2022-12-11
2,3,1,2,0,Madison,2022-12-20
2,3,1,2,0,Madison,2023-01-02
2,7,1,6,0,Martin,2022-11-03
2,2,1,1,0,Martin,2022-12-05
2,8,1,7,0,Martin,2023-01-10
2,6,1,5,0,Martin,2023-01-16
2,5,1,4,0,Martin,2023-02-06
2,5,1,4,0,Martin,2023-02-17
2,15,1,14,0,McDowell,2022-09-18
2,12,1,11,0,McDowell,2022-09-25
2,4,1,3,0,McDowell,2022-10-22
2,14,1,13,0,McDowell,2022-11-28
2,7,1,6,0,McDowell,2022-12-10
2,5,1,4,0,McDowell,2023-01-07
2,5,1,4,0,McDowell,2023-01-20
2,6,1,5,0,McDowell,2023-02-02
2,9,1,8,0,McDowell,2023-02-16
2,2,1,1,0,Mitchell,2023-01-26
2,5,1,4,0,Montgomery,2022-10-04
2,4,1,3,0,Montgomery,2022-11-03
2,4,1,3,0,Montgomery,2022-11-05
2,7,1,6,0,Montgomery,2022-11-09
2,5,1,4,0,Montgomery,2023-01-24
2,7,1,6,0,Montgomery,2023-02-09
2,8,1,7,0,Montgomery,2023-02-13
2,7,1,6,0,Moore,2022-11-19
2,5,1,4,0,Moore,2023-02-23
2,10,1,9,0,Moore,2023-02-24
2,5,1,4,0,Moore,2023-02-25
2,10,1,9,0,Moore,2023-03-03
2,12,1,11,0,Nash,2022-09-18
2,3,1,2,0,Nash,2022-11-09
2,4,1,3,0,Northampton,2022-09-23
2,4,1,3,0,Northampton,2022-12-06
2,11,1,10,0,Northampton,2023-01-02
2,6,1,5,0,Northampton,2023-01-18
2,6,1,5,0,Northampton,2023-02-14
2,14,1,13,0,Onslow,2022-10-06
2,6,1,5,0,Onslow,2022-11-10
2,13,1,12,0,Onslow,2022-11-21
2,8,1,7,0,Onslow,2022-11-23
2,24,1,23,0,Onslow,2022-12-01
2,14,1,13,0,Onslow,2022-12-25
2,11,1,10,0,Onslow,2023-01-22
2,47,1,46,0,Orange,2022-09-14
2,30,1,29,0,Orange,2022-09-20
2,29,1,28,0,Orange,2022-09-28
2,14,1,13,0,Orange,2022-10-28
2,16,1,15,0,Orange,2022-11-08
2,4,1,3,0,Orange,2022-11-13
2,13,1,12,0,Orange,2022-12-03
2,7,1,6,0,Pamlico,2022-12-28
2,4,1,3,0,Pasquotank,2023-02-21
2,7,1,6,0,Pender,2022-10-13
2,7,1,6,0,Pender,2022-11-30
2,4,1,3,0,Pender,2022-12-01
2,12,1,11,0,Pender,2023-01-03
2,10,1,9,0,Pender,2023-01-22
2,5,1,4,0,Pender,2023-03-07
2,5,1,4,0,Perquimans,2022-12-21
2,2,1,1,0,Perquimans,2022-12-26
2,8,1,7,0,Person,2022-10-05
2,3,1,2,0,Person,2022-10-14
2,5,1,4,0,Person,2022-11-09
2,5,1,4,0,Person,2022-11-16
2,3,1,2,0,Person,2022-11-25
2,3,1,2,0,Person,2022-12-07
2,7,1,6,0,Person,2022-12-09
2,6,1,5,0,Person,2022-12-20
2,18,1,17,0,Person,2022-12-27
2,4,1,3,0,Person,2023-01-18
2,5,1,4,0,Person,2023-01-27
2,9,1,8,0,Pitt,2023-02-26
2,2,1,1,0,Polk,2022-11-05
2,2,1,1,0,Polk,2022-12-10
2,5,1,4,0,Randolph,2023-03-11
2,6,1,5,0,Richmond,2023-01-22
2,11,1,10,0,Richmond,2023-01-27
2,9,1,8,0,Richmond,2023-01-31
2,7,1,6,0,Richmond,2023-02-10
2,6,1,5,0,Richmond,2023-02-15
2,7,1,6,0,Richmond,2023-02-28
2,4,1,3,0,Richmond,2023-03-06
2,3,1,2,0,Rockingham,2022-10-08
2,6,1,5,0,Rockingham,2022-11-05
2,16,1,15,0,Rockingham,2022-12-24
2,11,1,10,0,Rockingham,2023-02-13
2,19,1,18,0,Rowan,2022-09-23
2,6,1,5,0,Rowan,2022-10-29
2,9,1,8,0,Rowan,2022-11-12
2,15,1,14,0,Rowan,2023-02-05
2,9,1,8,0,Rutherford,2022-11-23
2,12,1,11,0,Rutherford,2023-01-17
2,7,1,6,0,Rutherford,2023-01-22
2,8,1,7,0,Rutherford,2023-02-09
2,4,1,3,0,Rutherford,2023-03-08
2,6,1,5,0,Sampson,2022-11-08
2,8,1,7,0,Stanly,2022-10-14
2,10,1,9,0,Stanly,2022-11-07
2,11,1,10,0,Stanly,2022-12-06
2,9,1,8,0,Stanly,2022-12-11
2,20,1,19,0,Stanly,2022-12-23
2,10,1,9,0,Stanly,2023-01-08
2,7,1,6,0,Stanly,2023-01-22
2,8,1,7,0,Stanly,2023-01-30
2,5,1,4,0,Stanly,2023-02-16
2,6,1,5,0,Stanly,2023-02-28
2,10,1,9,0,Stokes,2022-10-11
2,5,1,4,0,Stokes,2022-11-15
2,9,1,8,0,Stokes,2023-01-21
2,7,1,6,0,Stokes,2023-02-28
2,14,1,13,0,Surry,2022-10-10
2,6,1,5,0,Surry,2022-10-12
2,8,1,7,0,Surry,2022-10-28
2,12,1,11,0,Surry,2022-11-22
2,5,1,4,0,Surry,2023-03-10
2,4,1,3,0,Swain,2022-09-24
2,3,1,2,0,Swain,2023-02-01
2,7,1,6,0,Transylvania,2023-02-02
2,3,1,2,0,Tyrrell,2023-01-31
2,8,1,7,0,Vance,2022-10-23
2,6,1,5,0,Vance,2022-12-05
2,9,1,8,0,Vance,2023-01-08
2,4,1,3,0,Vance,2023-02-13
2,8,1,7,0,Vance,2023-02-17
2,6,1,5,0,Vance,2023-02-20
2,5,1,4,0,Vance,2023-02-28
2,3,1,2,0,Warren,2022-11-23
2,6,1,5,0,Warren,2022-12-14
2,4,1,3,0,Warren,2023-01-07
2,5,1,4,0,Warren,2023-01-18
2,2,1,1,0,Warren,2023-02-22
2,8,1,7,0,Watauga,2022-09-30
2,6,1,5,0,Watauga,2022-10-18
2,5,1,4,0,Watauga,2022-11-22
2,5,1,4,0,Watauga,2023-01-08
2,7,1,6,0,Watauga,2023-01-12
2,5,1,4,0,Wayne,2022-11-24
2,10,1,9,0,Wilkes,2022-10-11
2,11,1,10,0,Wilson,2022-10-12
2,2,1,1,0,Wilson,2022-11-05
2,3,1,2,0,Wilson,2022-11-13
2,5,1,4,0,Wilson,2022-11-19
2,8,1,7,0,Wilson,2022-11-27
2,3,1,2,0,Wilson,2022-12-03
2,15,1,14,0,Yadkin,2022-09-18
2,4,1,3,0,Yadkin,2022-10-19
2,13,1,12,0,Yadkin,2023-02-02
2,4,1,3,0,Yadkin,2023-02-12
2,9,1,8,0,Yadkin,2023-02-17
2,9,1,8,0,Yadkin,2023-02-22
2,2,1,1,0,Yancey,2022-12-29
2,3,1,2,0,Yancey,2023-02-09
2,15,2,13,0,Alamance,2022-10-01
2,23,2,21,0,Alamance,2022-11-14
2,11,2,9,0,Alamance,2023-03-09
2,13,2,11,0,Alexander,2022-09-15
2,10,2,8,0,Alexander,2022-09-29
2,4,2,2,0,Alexander,2022-10-17
2,4,2,2,0,Alexander,2022-10-28
2,7,2,5,0,Alexander,2022-11-07
2,5,2,3,0,Alexander,2022-11-10
2,11,2,9,0,Alexander,2022-12-16
2,5,2,3,0,Alexander,2022-12-18
2,5,2,3,0,Alexander,2023-01-24
2,4,2,2,0,Alexander,2023-01-29
2,5,2,3,0,Alexander,2023-01-31
2,4,2,2,0,Alexander,2023-02-20
2,5,2,3,0,Alleghany,2022-12-04
2,2,2,0,0,Alleghany,2023-01-09
2,5,2,3,0,Alleghany,2023-02-10
2,3,2,1,0,Alleghany,2023-02-11
2,5,2,3,0,Anson,2022-11-10
2,8,2,6,0,Anson,2022-12-29
2,5,2,3,0,Anson,2022-12-31
2,2,2,0,0,Ashe,2022-11-12
2,5,2,3,0,Ashe,2022-12-18
2,5,2,3,0,Ashe,2023-01-02
2,5,2,3,0,Ashe,2023-01-19
2,4,2,2,0,Ashe,2023-01-20
2,4,2,2,0,Avery,2022-11-07
2,8,2,6,0,Beaufort,2022-10-20
2,6,2,4,0,Beaufort,2022-11-28
2,8,2,6,0,Beaufort,2022-12-22
2,8,2,6,0,Beaufort,2023-01-18
2,8,2,6,0,Beaufort,2023-02-09
2,4,2,2,0,Beaufort,2023-03-08
2,4,2,2,0,Bertie,2022-11-02
2,5,2,3,0,Bertie,2022-12-11
2,6,2,4,0,Bertie,2022-12-22
2,10,2,8,0,Bladen,2022-09-19
2,13,2,11,0,Bladen,2022-09-22
2,9,2,7,0,Bladen,2022-12-11
2,9,2,7,0,Bladen,2022-12-18
2,6,2,4,0,Bladen,2023-02-14
2,33,2,31,0,Brunswick,2022-09-20
2,9,2,7,0,Brunswick,2022-10-16
2,7,2,5,0,Brunswick,2022-10-29
2,14,2,12,0,Brunswick,2023-01-29
2,9,2,7,0,Brunswick,2023-03-06
2,8,2,6,0,Brunswick,2023-03-08
2,20,2,18,0,Burke,2022-09-17
2,10,2,8,0,Burke,2022-09-30
2,14,2,12,0,Burke,2022-11-30
2,10,2,8,0,Burke,2023-01-31
2,9,2,7,0,Burke,2023-02-12
2,14,2,12,0,Burke,2023-02-17
2,11,2,9,0,Burke,2023-02-22
2,13,2,11,0,Cabarrus,2022-09-24
2,15,2,13,0,Cabarrus,2022-09-29
2,6,2,4,0,Caldwell,2022-11-06
2,25,2,23,0,Caldwell,2022-11-07
2,14,2,12,0,Caldwell,2023-01-07
2,8,2,6,0,Caldwell,2023-02-19
2,3,2,1,0,Camden,2022-11-30
2,6,2,4,0,Carteret,2023-02-01
2,5,2,3,0,Carteret,2023-02-05
2,19,2,17,0,Catawba,2022-11-06
2,7,2,5,0,Chatham,2022-09-23
2,4,2,2,0,Chatham,2022-10-17
2,14,2,12,0,Chatham,2022-11-18
2,13,2,11,0,Chatham,2022-11-27
2,8,2,6,0,Chatham,2023-02-14
2,5,2,3,0,Cherokee,2022-09-14
2,7,2,5,0,Cherokee,2022-10-27
2,5,2,3,0,Cherokee,2022-12-15
2,4,2,2,0,Clay,2022-12-27
2,7,2,5,0,Clay,2022-12-28
2,4,2,2,0,Clay,2022-12-30
2,3,2,1,0,Clay,2023-02-06
2,7,2,5,0,Cleveland,2022-09-24
2,11,2,9,0,Cleveland,2022-11-22
2,8,2,6,0,Cleveland,2022-11-27
2,16,2,14,0,Cleveland,2022-12-11
2,8,2,6,0,Cleveland,2023-03-01
2,6,2,4,0,Cleveland,2023-03-04
2,4,2,2,0,Columbus,2022-10-24
2,4,2,2,0,Columbus,2022-11-11
2,5,2,3,0,Columbus,2023-02-06
2,10,2,8,0,Columbus,2023-02-20
2,8,2,6,0,Craven,2022-11-08
2,6,2,4,0,Craven,2022-11-12
2,3,2,1,0,Craven,2023-02-26
2,5,2,3,0,Currituck,2023-01-18
2,8,2,6,0,Currituck,2023-01-25
2,15,2,13,0,Davidson,2022-11-09
2,11,2,9,0,Davidson,2023-02-05
2,7,2,5,0,Davie,2023-01-21
2,4,2,2,0,Davie,2023-02-04
2,6,2,4,0,Davie,2023-03-06
2,7,2,5,0,Duplin,2022-09-27
2,4,2,2,0,Duplin,2022-10-25
2,20,2,18,0,Durham,2022-10-01
2,32,2,30,0,Durham,2022-11-07
2,16,2,14,0,Edgecombe,2022-12-31
2,8,2,6,0,Edgecombe,2023-01-20
2,21,2,19,0,Franklin,2022-09-20
2,10,2,8,0,Franklin,2022-10-07
2,7,2,5,0,Franklin,2022-10-29
2,9,2,7,0,Franklin,2022-11-15
2,11,2,9,0,Franklin,2022-11-23
2,15,2,13,0,Franklin,2022-12-21
2,17,2,15,0,Franklin,2022-12-31
2,9,2,7,0,Franklin,2023-01-07
2,9,2,7,0,Franklin,2023-01-27
2,5,2,3,0,Franklin,2023-02-28
2,7,2,5,0,Gates,2022-09-13
2,4,2,2,0,Gates,2022-09-21
2,2,2,0,0,Graham,2022-12-12
2,4,2,2,0,Graham,2023-01-04
2,2,2,0,0,Graham,2023-02-23
2,10,2,8,0,Granville,2022-10-28
2,8,2,6,0,Granville,2022-11-01
2,10,2,8,0,Granville,2022-12-04
2,5,2,3,0,Granville,2023-03-01
2,5,2,3,0,Greene,2022-09-21
2,5,2,3,0,Greene,2023-02-14
2,13,2,11,0,Halifax,2022-11-01
2,19,2,17,0,Harnett,2022-09-18
2,9,2,7,0,Harnett,2022-10-09
2,9,2,7,0,Harnett,2022-10-12
2,13,2,11,0,Harnett,2022-11-08
2,19,2,17,0,Harnett,2022-11-29
2,11,2,9,0,Harnett,2023-02-08
2,7,2,5,0,Harnett,2023-02-11
2,18,2,16,0,Harnett,2023-02-16
2,6,2,4,0,Haywood,2023-02-13
2,7,2,5,0,Haywood,2023-02-27
2,13,2,11,0,Henderson,2022-10-16
2,6,2,4,0,Henderson,2023-03-07
2,7,2,5,0,Hertford,2023-01-05
2,7,2,5,0,Hertford,2023-02-07
2,3,2,1,0,Hertford,2023-03-07
2,6,2,4,0,Hoke,2022-10-18
2,6,2,4,0,Hoke,2022-11-16
2,7,2,5,0,Hoke,2022-12-16
2,8,2,6,0,Hoke,2022-12-22
2,16,2,14,0,Hoke,2022-12-23
2,9,2,7,0,Hoke,2022-12-24
2,19,2,17,0,Hoke,2023-01-05
2,12,2,10,0,Hoke,2023-02-01
2,11,2,9,0,Hoke,2023-02-14
2,11,2,9,0,Hoke,2023-02-16
2,13,2,11,0,Iredell,2022-10-29
2,9,2,7,0,Jackson,2022-12-26
2,5,2,3,0,Jackson,2023-02-05
2,5,2,3,0,Jackson,2023-02-20
2,8,2,6,0,Jackson,2023-02-22
2,9,2,7,0,Johnston,2022-11-05
2,7,2,5,0,Lee,2022-10-08
2,8,2,6,0,Lee,2022-10-25
2,8,2,6,0,Lee,2022-11-10
2,10,2,8,0,Lee,2022-11-21
2,10,2,8,0,Lee,2022-11-29
2,5,2,3,0,Lee,2023-02-12
2,6,2,4,0,Lenoir,2022-09-17
2,13,2,11,0,Lenoir,2022-09-28
2,3,2,1,0,Lenoir,2022-10-01
2,6,2,4,0,Lenoir,2022-10-04
2,9,2,7,0,Lenoir,2022-11-21
2,8,2,6,0,Lenoir,2022-12-16
2,15,2,13,0,Lenoir,2023-01-12
2,8,2,6,0,Lenoir,2023-01-26
2,7,2,5,0,Lenoir,2023-02-11
2,9,2,7,0,Lincoln,2022-10-02
2,14,2,12,0,Lincoln,2022-10-20
2,11,2,9,0,Lincoln,2022-11-04
2,6,2,4,0,Lincoln,2022-11-24
2,9,2,7,0,Lincoln,2023-01-14
2,9,2,7,0,Lincoln,2023-02-22
2,9,2,7,0,Lincoln,2023-02-27
2,5,2,3,0,Lincoln,2023-03-06
2,3,2,1,0,Macon,2022-09-28
2,2,2,0,0,Macon,2023-02-14
2,3,2,1,0,Madison,2022-11-28
2,8,2,6,0,Madison,2022-12-27
2,2,2,0,0,Madison,2023-01-13
2,9,2,7,0,McDowell,2022-10-04
2,10,2,8,0,McDowell,2022-10-11
2,3,2,1,0,McDowell,2022-11-02
2,8,2,6,0,McDowell,2022-12-03
2,13,2,11,0,McDowell,2022-12-09
2,8,2,6,0,McDowell,2023-02-13
2,7,2,5,0,McDowell,2023-02-23
2,6,2,4,0,Mitchell,2023-02-08
2,8,2,6,0,Montgomery,2022-09-23
2,2,2,0,0,Montgomery,2022-11-13
2,11,2,9,0,Montgomery,2022-12-20
2,4,2,2,0,Montgomery,2023-01-06
2,2,2,0,0,Montgomery,2023-01-14
2,4,2,2,0,Montgomery,2023-02-03
2,5,2,3,0,Montgomery,2023-02-21
2,14,2,12,0,Moore,2022-10-01
2,7,2,5,0,Nash,2022-09-21
2,6,2,4,0,Nash,2022-11-24
2,5,2,3,0,Nash,2022-11-26
2,9,2,7,0,Nash,2022-12-01
2,9,2,7,0,Nash,2023-02-11
2,22,2,20,0,New Hanover,2022-09-28
2,14,2,12,0,New Hanover,2022-10-22
2,9,2,7,0,New Hanover,2022-10-29
2,6,2,4,0,New Hanover,2022-11-19
2,18,2,16,0,New Hanover,2023-01-01
2,13,2,11,0,New Hanover,2023-01-21
2,3,2,1,0,Northampton,2022-10-19
2,4,2,2,0,Northampton,2022-11-30
2,2,2,0,0,Northampton,2022-12-07
2,10,2,8,0,Northampton,2022-12-30
2,6,2,4,0,Northampton,2023-01-10
2,3,2,1,0,Northampton,2023-02-13
2,13,2,11,0,Onslow,2022-10-25
2,15,2,13,0,Onslow,2022-10-27
2,7,2,5,0,Onslow,2022-11-12
2,22,2,20,0,Onslow,2022-12-23
2,14,2,12,0,Onslow,2023-01-01
2,20,2,18,0,Orange,2022-09-18
2,15,2,13,0,Orange,2022-10-06
2,18,2,16,0,Orange,2022-10-07
2,15,2,13,0,Orange,2022-11-02
2,16,2,14,0,Orange,2022-11-09
2,21,2,19,0,Orange,2022-12-02
2,23,2,21,0,Orange,2022-12-10
2,32,2,30,0,Orange,2023-01-20
2,23,2,21,0,Orange,2023-02-14
2,7,2,5,0,Pasquotank,2022-12-05
2,7,2,5,0,Pender,2022-10-04
2,4,2,2,0,Pender,2022-10-22
2,7,2,5,0,Pender,2022-11-21
2,11,2,9,0,Pender,2022-12-20
2,12,2,10,0,Pender,2022-12-23
2,12,2,10,0,Pender,2023-01-10
2,11,2,9,0,Pender,2023-01-11
2,4,2,2,0,Perquimans,2022-09-13
2,5,2,3,0,Person,2022-10-28
2,7,2,5,0,Person,2022-11-14
2,9,2,7,0,Person,2023-01-23
2,5,2,3,0,Person,2023-01-26
2,4,2,2,0,Person,2023-02-05
2,5,2,3,0,Person,2023-02-13
2,4,2,2,0,Person,2023-02-22
2,16,2,14,0,Pitt,2022-10-27
2,9,2,7,0,Pitt,2022-11-12
2,10,2,8,0,Pitt,2022-11-20
2,6,2,4,0,Pitt,2023-02-04
2,8,2,6,0,Pitt,2023-03-05
2,11,2,9,0,Pitt,2023-03-08
2,4,2,2,0,Polk,2022-11-30
2,3,2,1,0,Polk,2023-02-12
2,5,2,3,0,Randolph,2022-11-20
2,9,2,7,0,Randolph,2023-02-05
2,6,2,4,0,Randolph,2023-03-08
2,6,2,4,0,Richmond,2022-09-24
2,8,2,6,0,Richmond,2022-09-28
2,6,2,4,0,Richmond,2022-11-04
2,5,2,3,0,Richmond,2022-11-08
2,6,2,4,0,Richmond,2022-11-16
2,5,2,3,0,Richmond,2023-01-14
2,6,2,4,0,Richmond,2023-02-22
2,12,2,10,0,Rockingham,2022-09-29
2,13,2,11,0,Rockingham,2022-10-05
2,7,2,5,0,Rockingham,2022-11-08
2,5,2,3,0,Rockingham,2022-11-19
2,7,2,5,0,Rockingham,2022-11-27
2,12,2,10,0,Rockingham,2022-12-08
2,11,2,9,0,Rockingham,2023-01-07
2,11,2,9,0,Rockingham,2023-01-26
2,10,2,8,0,Rowan,2022-09-18
2,17,2,15,0,Rowan,2022-10-12
2,13,2,11,0,Rowan,2022-11-17
2,9,2,7,0,Rowan,2022-11-26
2,9,2,7,0,Rowan,2022-12-11
2,6,2,4,0,Rowan,2023-03-05
2,13,2,11,0,Rowan,2023-03-07
2,7,2,5,0,Rutherford,2022-10-03
2,6,2,4,0,Rutherford,2022-11-06
2,10,2,8,0,Rutherford,2022-12-10
2,12,2,10,0,Rutherford,2023-01-07
2,7,2,5,0,Scotland,2022-10-05
2,6,2,4,0,Scotland,2023-01-13
2,22,2,20,0,Scotland,2023-01-25
2,8,2,6,0,Stanly,2022-10-23
2,8,2,6,0,Stanly,2023-02-10
2,16,2,14,0,Stokes,2022-09-15
2,7,2,5,0,Stokes,2022-11-08
2,8,2,6,0,Stokes,2022-11-22
2,9,2,7,0,Stokes,2022-11-23
2,11,2,9,0,Stokes,2022-11-29
2,8,2,6,0,Stokes,2023-01-08
2,13,2,11,0,Stokes,2023-01-16
2,13,2,11,0,Stokes,2023-01-30
2,8,2,6,0,Stokes,2023-02-02
2,6,2,4,0,Stokes,2023-02-24
2,11,2,9,0,Surry,2022-12-25
2,12,2,10,0,Surry,2023-01-21
2,12,2,10,0,Surry,2023-02-11
2,11,2,9,0,Surry,2023-02-17
2,2,2,0,0,Swain,2022-10-13
2,3,2,1,0,Swain,2022-11-21
2,3,2,1,0,Swain,2022-11-30
2,8,2,6,0,Transylvania,2022-10-04
2,4,2,2,0,Transylvania,2022-11-04
2,6,2,4,0,Transylvania,2022-12-31
2,8,2,6,0,Transylvania,2023-01-25
2,4,2,2,0,Transylvania,2023-02-09
2,4,2,2,0,Tyrrell,2023-02-14
2,19,2,17,0,Union,2022-10-01
2,13,2,11,0,Union,2023-02-12
2,5,2,3,0,Vance,2022-10-05
2,4,2,2,0,Vance,2022-10-07
2,9,2,7,0,Vance,2022-10-10
2,3,2,1,0,Vance,2022-10-21
2,6,2,4,0,Vance,2022-10-26
2,7,2,5,0,Vance,2022-11-02
2,8,2,6,0,Vance,2022-12-11
2,6,2,4,0,Vance,2023-01-22
2,5,2,3,0,Vance,2023-02-05
2,11,2,9,0,Vance,2023-02-11
2,6,2,4,0,Warren,2022-12-01
2,6,2,4,0,Warren,2022-12-15
2,7,2,5,0,Warren,2023-01-03
2,8,2,6,0,Warren,2023-01-04
2,9,2,7,0,Warren,2023-01-25
2,2,2,0,0,Warren,2023-01-28
2,2,2,0,0,Washington,2023-02-06
2,10,2,8,0,Watauga,2022-10-04
2,10,2,8,0,Watauga,2022-10-12
2,9,2,7,0,Watauga,2022-10-26
2,12,2,10,0,Watauga,2022-11-15
2,10,2,8,0,Watauga,2023-02-03
2,8,2,6,0,Wayne,2023-02-18
2,6,2,4,0,Wilkes,2022-11-04
2,9,2,7,0,Wilkes,2023-01-27
2,6,2,4,0,Wilson,2022-11-17
2,10,2,8,0,Wilson,2023-01-28
2,5,2,3,0,Yadkin,2022-11-03
2,5,2,3,0,Yadkin,2022-11-28
2,7,2,5,0,Yadkin,2023-01-23
2,10,2,8,0,Yadkin,2023-02-03
2,6,2,4,0,Yadkin,2023-02-19
2,9,2,7,0,Yadkin,2023-02-23
2,8,2,6,0,Yadkin,2023-02-27
2,5,2,3,0,Yancey,2022-10-25
2,5,2,3,0,Yancey,2022-11-28
2,4,2,2,0,Yancey,2022-12-08
2,4,2,2,0,Yancey,2022-12-19
2,4,2,2,0,Yancey,2023-01-02
2,3,2,1,0,Yancey,2023-02-04
2,12,3,9,0,Alamance,2023-02-23
2,9,3,6,0,Alexander,2022-12-05
2,6,3,3,0,Alexander,2022-12-23
2,9,3,6,0,Alexander,2023-01-04
2,5,3,2,0,Alexander,2023-01-27
2,8,3,5,0,Alleghany,2022-11-01
2,5,3,2,0,Alleghany,2022-12-14
2,4,3,1,0,Alleghany,2023-01-31
2,5,3,2,0,Alleghany,2023-02-06
2,6,3,3,0,Anson,2023-01-27
2,6,3,3,0,Anson,2023-02-04
2,5,3,2,0,Anson,2023-02-10
2,13,3,10,0,Beaufort,2022-09-16
2,6,3,3,0,Beaufort,2022-10-04
2,11,3,8,0,Beaufort,2022-12-21
2,11,3,8,0,Beaufort,2023-01-12
2,8,3,5,0,Beaufort,2023-02-10
2,6,3,3,0,Beaufort,2023-03-06
2,7,3,4,0,Bladen,2022-12-17
2,13,3,10,0,Bladen,2022-12-21
2,20,3,17,0,Bladen,2023-01-06
2,20,3,17,0,Bladen,2023-01-11
2,21,3,18,0,Bladen,2023-01-24
2,21,3,18,0,Brunswick,2022-10-11
2,23,3,20,0,Brunswick,2022-10-14
2,19,3,16,0,Brunswick,2022-10-18
2,17,3,14,0,Brunswick,2022-10-28
2,11,3,8,0,Brunswick,2022-11-11
2,8,3,5,0,Brunswick,2022-11-18
2,26,3,23,0,Brunswick,2022-11-28
2,14,3,11,0,Brunswick,2022-12-09
2,6,3,3,0,Burke,2022-10-25
2,11,3,8,0,Burke,2022-11-14
2,15,3,12,0,Cabarrus,2023-02-19
2,9,3,6,0,Cabarrus,2023-03-08
2,13,3,10,0,Caldwell,2022-11-25
2,19,3,16,0,Caldwell,2022-12-01
2,15,3,12,0,Caldwell,2023-01-14
2,11,3,8,0,Caldwell,2023-02-25
2,6,3,3,0,Carteret,2022-09-18
2,12,3,9,0,Carteret,2022-10-04
2,5,3,2,0,Carteret,2022-11-03
2,5,3,2,0,Carteret,2022-11-15
2,8,3,5,0,Carteret,2022-12-09
2,7,3,4,0,Caswell,2022-10-27
2,8,3,5,0,Caswell,2023-01-04
2,12,3,9,0,Chatham,2022-09-16
2,16,3,13,0,Chatham,2022-12-17
2,9,3,6,0,Chatham,2023-01-08
2,16,3,13,0,Chatham,2023-01-11
2,18,3,15,0,Chatham,2023-02-03
2,13,3,10,0,Chatham,2023-02-07
2,9,3,6,0,Chatham,2023-02-13
2,4,3,1,0,Cherokee,2022-09-30
2,9,3,6,0,Cherokee,2022-11-14
2,10,3,7,0,Cleveland,2022-11-01
2,8,3,5,0,Cleveland,2022-11-15
2,11,3,8,0,Cleveland,2022-12-04
2,9,3,6,0,Cleveland,2022-12-18
2,10,3,7,0,Cleveland,2023-02-13
2,12,3,9,0,Cleveland,2023-02-23
2,4,3,1,0,Cleveland,2023-03-11
2,7,3,4,0,Columbus,2022-09-24
2,9,3,6,0,Columbus,2022-12-06
2,8,3,5,0,Columbus,2023-02-13
2,24,3,21,0,Craven,2022-12-14
2,12,3,9,0,Craven,2023-02-15
2,5,3,2,0,Craven,2023-03-02
2,20,3,17,0,Cumberland,2022-10-15
2,15,3,12,0,Cumberland,2022-11-12
2,5,3,2,0,Currituck,2022-10-12
2,12,3,9,0,Davidson,2022-10-15
2,8,3,5,0,Davie,2022-10-07
2,8,3,5,0,Davie,2022-11-21
2,5,3,2,0,Davie,2022-12-11
2,11,3,8,0,Davie,2022-12-24
2,11,3,8,0,Davie,2023-01-20
2,7,3,4,0,Davie,2023-02-06
2,9,3,6,0,Davie,2023-02-27
2,9,3,6,0,Davie,2023-03-07
2,11,3,8,0,Duplin,2022-12-07
2,5,3,2,0,Duplin,2023-02-17
2,6,3,3,0,Duplin,2023-02-22
2,25,3,22,0,Durham,2022-11-20
2,19,3,16,0,Edgecombe,2022-09-21
2,15,3,12,0,Edgecombe,2022-09-22
2,18,3,15,0,Edgecombe,2022-12-29
2,8,3,5,0,Edgecombe,2023-01-24
2,11,3,8,0,Forsyth,2023-03-11
2,13,3,10,0,Franklin,2022-10-17
2,13,3,10,0,Franklin,2022-10-24
2,8,3,5,0,Franklin,2022-11-01
2,16,3,13,0,Franklin,2022-12-09
2,19,3,16,0,Franklin,2023-01-10
2,12,3,9,0,Franklin,2023-02-22
2,3,3,0,0,Graham,2022-11-10
2,10,3,7,0,Granville,2022-11-21
2,15,3,12,0,Granville,2022-12-05
2,5,3,2,0,Granville,2022-12-10
2,11,3,8,0,Granville,2023-01-28
2,8,3,5,0,Greene,2023-02-02
2,6,3,3,0,Greene,2023-02-07
2,6,3,3,0,Greene,2023-02-09
2,10,3,7,0,Halifax,2023-02-10
2,8,3,5,0,Halifax,2023-02-27
2,7,3,4,0,Halifax,2023-03-06
2,12,3,9,0,Harnett,2022-09-24
2,23,3,20,0,Harnett,2022-10-26
2,11,3,8,0,Harnett,2022-11-23
2,9,3,6,0,Harnett,2023-01-15
2,15,3,12,0,Harnett,2023-02-24
2,7,3,4,0,Harnett,2023-02-26
2,6,3,3,0,Haywood,2022-12-03
2,10,3,7,0,Haywood,2023-01-06
2,12,3,9,0,Haywood,2023-02-22
2,4,3,1,0,Haywood,2023-03-09
2,10,3,7,0,Hertford,2022-09-13
2,11,3,8,0,Hertford,2022-09-26
2,5,3,2,0,Hertford,2022-09-29
2,11,3,8,0,Hertford,2022-12-01
2,7,3,4,0,Hertford,2023-01-10
2,5,3,2,0,Hertford,2023-01-30
2,16,3,13,0,Hoke,2022-10-17
2,10,3,7,0,Hoke,2022-12-17
2,8,3,5,0,Hoke,2023-01-01
2,15,3,12,0,Hoke,2023-01-13
2,5,3,2,0,Iredell,2023-03-10
2,6,3,3,0,Jackson,2022-09-15
2,8,3,5,0,Jackson,2022-11-21
2,6,3,3,0,Jackson,2023-01-17
2,7,3,4,0,Jackson,2023-01-31
2,9,3,6,0,Jackson,2023-02-16
2,6,3,3,0,Jackson,2023-02-23
2,7,3,4,0,Jackson,2023-02-27
2,4,3,1,0,Jackson,2023-03-01
2,14,3,11,0,Johnston,2022-11-24
2,18,3,15,0,Johnston,2023-01-29
2,14,3,11,0,Johnston,2023-03-08
2,6,3,3,0,Jones,2022-10-04
2,5,3,2,0,Lee,2022-09-24
2,9,3,6,0,Lee,2022-10-04
2,4,3,1,0,Lee,2022-10-11
2,9,3,6,0,Lee,2022-11-28
2,8,3,5,0,Lee,2023-01-07
2,12,3,9,0,Lee,2023-01-12
2,13,3,10,0,Lee,2023-01-16
2,4,3,1,0,Lee,2023-01-29
2,7,3,4,0,Lee,2023-02-15
2,15,3,12,0,Lenoir,2022-09-13
2,7,3,4,0,Lenoir,2022-10-16
2,7,3,4,0,Lenoir,2022-10-27
2,8,3,5,0,Lenoir,2022-11-01
2,14,3,11,0,Lenoir,2022-12-09
2,15,3,12,0,Lenoir,2023-02-17
2,13,3,10,0,Lincoln,2022-09-18
2,15,3,12,0,Lincoln,2022-12-01
2,9,3,6,0,Lincoln,2022-12-11
2,16,3,13,0,Lincoln,2023-02-08
2,10,3,7,0,Lincoln,2023-02-17
2,6,3,3,0,Lincoln,2023-03-04
2,7,3,4,0,Macon,2022-09-16
2,10,3,7,0,Macon,2022-12-06
2,8,3,5,0,Macon,2022-12-27
2,4,3,1,0,Macon,2023-01-17
2,4,3,1,0,Madison,2022-10-04
2,7,3,4,0,Madison,2022-10-05
2,5,3,2,0,Madison,2022-12-21
2,7,3,4,0,McDowell,2023-01-12
2,8,3,5,0,McDowell,2023-01-29
2,7,3,4,0,McDowell,2023-02-11
2,11,3,8,0,McDowell,2023-02-15
2,6,3,3,0,Montgomery,2022-09-14
2,5,3,2,0,Montgomery,2022-11-01
2,8,3,5,0,Montgomery,2023-01-16
2,4,3,1,0,Montgomery,2023-01-22
2,6,3,3,0,Moore,2022-11-11
2,7,3,4,0,Moore,2022-11-23
2,9,3,6,0,Moore,2022-12-05
2,7,3,4,0,Nash,2023-01-29
2,7,3,4,0,New Hanover,2022-09-25
2,13,3,10,0,New Hanover,2022-11-11
2,5,3,2,0,Northampton,2022-09-22
2,6,3,3,0,Northampton,2022-11-21
2,9,3,6,0,Northampton,2022-12-21
2,8,3,5,0,Northampton,2023-01-30
2,14,3,11,0,Onslow,2022-11-18
2,29,3,26,0,Orange,2022-09-29
2,21,3,18,0,Orange,2022-10-31
2,13,3,10,0,Orange,2023-01-28
2,15,3,12,0,Orange,2023-02-01
2,8,3,5,0,Pasquotank,2022-11-04
2,7,3,4,0,Pasquotank,2022-12-06
2,9,3,6,0,Pasquotank,2022-12-29
2,8,3,5,0,Pasquotank,2023-01-05
2,5,3,2,0,Pasquotank,2023-01-17
2,14,3,11,0,Pender,2022-09-13
2,7,3,4,0,Perquimans,2022-12-27
2,4,3,1,0,Person,2023-01-01
2,9,3,6,0,Pitt,2022-12-18
2,11,3,8,0,Pitt,2023-03-09
2,5,3,2,0,Polk,2022-12-12
2,5,3,2,0,Polk,2022-12-14
2,6,3,3,0,Polk,2023-01-03
2,8,3,5,0,Randolph,2022-11-16
2,12,3,9,0,Randolph,2022-11-27
2,9,3,6,0,Richmond,2022-10-05
2,5,3,2,0,Richmond,2022-10-24
2,4,3,1,0,Richmond,2022-10-31
2,6,3,3,0,Richmond,2022-11-18
2,8,3,5,0,Richmond,2022-11-29
2,18,3,15,0,Richmond,2023-01-04
2,6,3,3,0,Richmond,2023-02-27
2,7,3,4,0,Robeson,2022-10-23
2,9,3,6,0,Robeson,2022-11-26
2,16,3,13,0,Robeson,2023-03-01
2,18,3,15,0,Rockingham,2022-09-23
2,9,3,6,0,Rockingham,2022-11-09
2,18,3,15,0,Rockingham,2022-12-01
2,15,3,12,0,Rockingham,2022-12-11
2,23,3,20,0,Rockingham,2022-12-20
2,18,3,15,0,Rockingham,2023-01-30
2,6,3,3,0,Rockingham,2023-02-20
2,15,3,12,0,Rowan,2022-10-21
2,13,3,10,0,Rowan,2022-11-03
2,16,3,13,0,Rowan,2022-11-23
2,14,3,11,0,Rowan,2022-12-04
2,11,3,8,0,Rowan,2023-02-23
2,8,3,5,0,Rutherford,2022-10-05
2,7,3,4,0,Rutherford,2022-10-14
2,8,3,5,0,Rutherford,2022-10-25
2,13,3,10,0,Rutherford,2022-11-03
2,9,3,6,0,Sampson,2022-10-28
2,5,3,2,0,Sampson,2022-11-17
2,6,3,3,0,Scotland,2022-11-10
2,5,3,2,0,Scotland,2022-12-04
2,4,3,1,0,Scotland,2022-12-11
2,17,3,14,0,Stanly,2022-10-17
2,6,3,3,0,Stanly,2022-10-29
2,12,3,9,0,Stanly,2022-12-17
2,10,3,7,0,Stokes,2022-09-30
2,5,3,2,0,Stokes,2022-11-11
2,12,3,9,0,Stokes,2022-11-12
2,6,3,3,0,Surry,2022-09-24
2,12,3,9,0,Surry,2022-09-25
2,7,3,4,0,Surry,2022-11-15
2,9,3,6,0,Surry,2022-11-23
2,15,3,12,0,Surry,2023-01-14
2,4,3,1,0,Swain,2023-02-11
2,10,3,7,0,Transylvania,2022-12-20
2,5,3,2,0,Tyrrell,2022-12-28
2,18,3,15,0,Vance,2022-09-13
2,6,3,3,0,Vance,2022-11-30
2,9,3,6,0,Vance,2023-02-14
2,10,3,7,0,Vance,2023-02-15
2,6,3,3,0,Warren,2023-01-13
2,5,3,2,0,Warren,2023-03-03
2,7,3,4,0,Washington,2023-02-15
2,6,3,3,0,Watauga,2022-09-18
2,11,3,8,0,Watauga,2022-09-20
2,14,3,11,0,Watauga,2022-09-23
2,6,3,3,0,Watauga,2023-01-11
2,5,3,2,0,Wayne,2022-11-06
2,8,3,5,0,Wayne,2022-12-10
2,5,3,2,0,Wayne,2023-02-04
2,5,3,2,0,Wilkes,2022-11-12
2,4,3,1,0,Wilkes,2022-11-21
2,4,3,1,0,Wilkes,2022-11-26
2,9,3,6,0,Wilkes,2023-02-28
2,6,3,3,0,Wilkes,2023-03-03
2,5,3,2,0,Wilkes,2023-03-11
2,14,3,11,0,Wilson,2022-09-18
2,7,3,4,0,Wilson,2022-11-03
2,7,3,4,0,Wilson,2022-11-11
2,3,3,0,0,Wilson,2023-03-11
2,8,3,5,0,Yadkin,2022-10-26
2,6,3,3,0,Yadkin,2022-11-19
2,9,3,6,0,Yancey,2022-09-14
2,3,3,0,0,Yancey,2022-09-17
2,29,4,25,0,Alamance,2022-10-02
2,8,4,4,0,Alexander,2022-12-20
2,4,4,0,0,Alexander,2023-01-19
2,5,4,1,0,Alexander,2023-02-07
2,7,4,3,0,Alleghany,2022-09-13
2,5,4,1,0,Ashe,2022-11-07
2,5,4,1,0,Ashe,2023-02-06
2,14,4,10,0,Beaufort,2022-10-11
2,10,4,6,0,Beaufort,2023-01-30
2,7,4,3,0,Bladen,2022-11-29
2,8,4,4,0,Brunswick,2023-03-01
2,18,4,14,0,Buncombe,2023-02-11
2,12,4,8,0,Buncombe,2023-03-10
2,17,4,13,0,Burke,2022-09-28
2,11,4,7,0,Burke,2022-10-18
2,8,4,4,0,Burke,2022-10-30
2,16,4,12,0,Burke,2022-11-08
2,18,4,14,0,Burke,2023-01-24
2,14,4,10,0,Burke,2023-02-06
2,17,4,13,0,Cabarrus,2023-02-11
2,17,4,13,0,Caldwell,2023-01-15
2,14,4,10,0,Caldwell,2023-02-11
2,7,4,3,0,Carteret,2022-10-19
2,5,4,1,0,Carteret,2022-12-02
2,15,4,11,0,Carteret,2022-12-12
2,10,4,6,0,Carteret,2023-01-01
2,16,4,12,0,Carteret,2023-01-23
2,7,4,3,0,Carteret,2023-02-08
2,12,4,8,0,Catawba,2023-02-23
2,13,4,9,0,Chatham,2022-10-26
2,9,4,5,0,Chatham,2022-11-07
2,18,4,14,0,Chatham,2022-12-23
2,12,4,8,0,Chatham,2023-02-06
2,9,4,5,0,Cleveland,2022-10-12
2,16,4,12,0,Cleveland,2023-01-27
2,12,4,8,0,Cleveland,2023-01-29
2,10,4,6,0,Columbus,2022-12-31
2,18,4,14,0,Craven,2022-10-02
2,14,4,10,0,Craven,2022-10-25
2,13,4,9,0,Craven,2022-11-16
2,14,4,10,0,Craven,2023-02-14
2,18,4,14,0,Craven,2023-02-21
2,6,4,2,0,Craven,2023-03-03
2,22,4,18,0,Cumberland,2022-10-22
2,33,4,29,0,Cumberland,2022-11-03
2,19,4,15,0,Davidson,2022-12-10
2,15,4,11,0,Davie,2022-11-28
2,7,4,3,0,Davie,2022-12-01
2,7,4,3,0,Davie,2023-02-23
2,10,4,6,0,Davie,2023-02-28
2,9,4,5,0,Duplin,2022-11-02
2,34,4,30,0,Forsyth,2022-11-18
2,18,4,14,0,Forsyth,2022-11-20
2,8,4,4,0,Franklin,2023-02-23
2,13,4,9,0,Gaston,2023-02-27
2,21,4,17,0,Granville,2022-10-06
2,12,4,8,0,Granville,2022-11-14
2,19,4,15,0,Granville,2022-12-23
2,8,4,4,0,Greene,2022-09-19
2,14,4,10,0,Halifax,2022-10-25
2,19,4,15,0,Harnett,2022-09-17
2,16,4,12,0,Harnett,2022-10-21
2,16,4,12,0,Harnett,2023-01-16
2,9,4,5,0,Harnett,2023-02-27
2,8,4,4,0,Harnett,2023-03-09
2,6,4,2,0,Haywood,2022-09-23
2,9,4,5,0,Haywood,2022-11-29
2,10,4,6,0,Haywood,2023-01-21
2,8,4,4,0,Haywood,2023-02-16
2,14,4,10,0,Henderson,2022-09-24
2,13,4,9,0,Henderson,2022-10-08
2,14,4,10,0,Henderson,2022-10-27
2,22,4,18,0,Henderson,2022-12-17
2,8,4,4,0,Hertford,2023-01-06
2,20,4,16,0,Hoke,2022-12-21
2,10,4,6,0,Jackson,2023-02-06
2,7,4,3,0,Jackson,2023-03-02
2,6,4,2,0,Jackson,2023-03-05
2,7,4,3,0,Jackson,2023-03-06
2,22,4,18,0,Johnston,2022-10-21
2,23,4,19,0,Johnston,2022-11-15
2,6,4,2,0,Lee,2022-11-27
2,13,4,9,0,Lee,2022-12-04
2,18,4,14,0,Lee,2022-12-30
2,9,4,5,0,Lee,2023-02-17
2,4,4,0,0,Lee,2023-02-18
2,9,4,5,0,Lenoir,2022-09-22
2,12,4,8,0,Lincoln,2022-11-03
2,13,4,9,0,Lincoln,2023-02-01
2,11,4,7,0,Lincoln,2023-03-08
2,10,4,6,0,Macon,2022-12-14
2,6,4,2,0,McDowell,2022-11-09
2,6,4,2,0,McDowell,2022-11-12
2,5,4,1,0,Mitchell,2022-11-16
2,5,4,1,0,Mitchell,2022-12-22
2,9,4,5,0,Montgomery,2022-09-13
2,7,4,3,0,Montgomery,2022-12-19
2,9,4,5,0,Moore,2022-11-18
2,12,4,8,0,Moore,2023-02-08
2,9,4,5,0,Nash,2022-10-31
2,13,4,9,0,Nash,2022-11-02
2,15,4,11,0,Nash,2022-12-09
2,21,4,17,0,New Hanover,2022-09-18
2,15,4,11,0,New Hanover,2022-11-16
2,14,4,10,0,New Hanover,2022-12-10
2,10,4,6,0,Northampton,2022-09-13
2,5,4,1,0,Northampton,2022-12-05
2,8,4,4,0,Northampton,2022-12-27
2,18,4,14,0,Orange,2023-01-01
2,17,4,13,0,Orange,2023-02-03
2,22,4,18,0,Orange,2023-02-08
2,6,4,2,0,Pasquotank,2022-10-12
2,6,4,2,0,Pasquotank,2023-01-21
2,14,4,10,0,Pender,2022-12-22
2,11,4,7,0,Pender,2023-01-20
2,12,4,8,0,Pender,2023-02-02
2,8,4,4,0,Pender,2023-02-16
2,8,4,4,0,Perquimans,2022-12-20
2,10,4,6,0,Person,2023-02-03
2,21,4,17,0,Pitt,2022-10-06
2,17,4,13,0,Pitt,2022-10-07
2,15,4,11,0,Pitt,2022-10-14
2,12,4,8,0,Pitt,2022-10-22
2,16,4,12,0,Pitt,2023-01-01
2,4,4,0,0,Polk,2022-10-29
2,6,4,2,0,Polk,2022-12-16
2,5,4,1,0,Polk,2022-12-29
2,5,4,1,0,Polk,2023-02-13
2,12,4,8,0,Richmond,2023-01-02
2,8,4,4,0,Robeson,2022-11-05
2,11,4,7,0,Rockingham,2022-11-21
2,12,4,8,0,Rowan,2022-09-30
2,23,4,19,0,Rowan,2022-10-17
2,15,4,11,0,Rowan,2022-12-17
2,7,4,3,0,Rutherford,2022-10-29
2,8,4,4,0,Rutherford,2022-11-09
2,15,4,11,0,Sampson,2022-09-22
2,8,4,4,0,Sampson,2022-11-02
2,5,4,1,0,Sampson,2022-11-11
2,6,4,2,0,Sampson,2023-02-12
2,7,4,3,0,Scotland,2022-09-18
2,4,4,0,0,Scotland,2022-09-24
2,7,4,3,0,Scotland,2022-12-10
2,7,4,3,0,Scotland,2023-02-13
2,6,4,2,0,Scotland,2023-02-28
2,5,4,1,0,Scotland,2023-03-06
2,5,4,1,0,Scotland,2023-03-09
2,15,4,11,0,Stokes,2022-09-23
2,7,4,3,0,Stokes,2022-09-29
2,17,4,13,0,Stokes,2022-10-05
2,9,4,5,0,Stokes,2022-10-15
2,7,4,3,0,Stokes,2022-11-16
2,6,4,2,0,Stokes,2023-01-29
2,11,4,7,0,Stokes,2023-01-31
2,11,4,7,0,Surry,2022-10-06
2,8,4,4,0,Surry,2022-10-15
2,9,4,5,0,Surry,2023-02-20
2,9,4,5,0,Surry,2023-03-02
2,12,4,8,0,Swain,2022-09-20
2,4,4,0,0,Swain,2022-12-07
2,7,4,3,0,Transylvania,2022-10-20
2,23,4,19,0,Union,2022-11-15
2,5,4,1,0,Vance,2022-12-25
2,18,4,14,0,Vance,2022-12-31
2,16,4,12,0,Vance,2023-01-20
2,4,4,0,0,Warren,2022-12-25
2,9,4,5,0,Washington,2022-12-27
2,10,4,6,0,Watauga,2022-11-01
2,12,4,8,0,Watauga,2022-11-04
2,12,4,8,0,Watauga,2022-12-10
2,12,4,8,0,Wayne,2022-09-18
2,12,4,8,0,Wayne,2022-12-04
2,11,4,7,0,Wilkes,2022-09-28
2,10,4,6,0,Wilkes,2022-10-20
2,6,4,2,0,Wilkes,2022-10-22
2,9,4,5,0,Wilkes,2022-10-30
2,7,4,3,0,Wilkes,2023-01-28
2,10,4,6,0,Wilkes,2023-01-31
2,9,4,5,0,Wilkes,2023-02-01
2,8,4,4,0,Wilkes,2023-02-22
2,7,4,3,0,Wilson,2022-10-26
2,7,4,3,0,Wilson,2022-11-08
2,10,4,6,0,Yadkin,2022-10-10
2,16,4,12,0,Yadkin,2022-12-06
2,7,4,3,0,Yadkin,2022-12-17
2,8,5,3,0,Alamance,2022-10-30
2,9,5,4,0,Alexander,2022-12-30
2,5,5,0,0,Ashe,2022-11-04
2,8,5,3,0,Ashe,2022-12-07
2,5,5,0,0,Avery,2022-11-01
2,14,5,9,0,Bladen,2022-12-08
2,12,5,7,0,Bladen,2022-12-13
2,15,5,10,0,Brunswick,2023-02-09
2,15,5,10,0,Buncombe,2023-02-18
2,15,5,10,0,Burke,2022-09-27
2,16,5,11,0,Burke,2023-01-17
2,14,5,9,0,Burke,2023-02-14
2,21,5,16,0,Cabarrus,2022-11-04
2,12,5,7,0,Cabarrus,2023-02-25
2,24,5,19,0,Caldwell,2022-10-24
2,6,5,1,0,Carteret,2023-01-22
2,20,5,15,0,Chatham,2022-11-30
2,11,5,6,0,Chatham,2023-02-08
2,12,5,7,0,Chatham,2023-02-27
2,6,5,1,0,Cherokee,2023-02-14
2,6,5,1,0,Cherokee,2023-02-17
2,15,5,10,0,Cleveland,2023-01-28
2,9,5,4,0,Cleveland,2023-02-05
2,10,5,5,0,Craven,2022-11-02
2,10,5,5,0,Craven,2022-12-01
2,18,5,13,0,Craven,2022-12-25
2,18,5,13,0,Craven,2023-01-01
2,11,5,6,0,Craven,2023-01-27
2,7,5,2,0,Craven,2023-03-08
2,17,5,12,0,Cumberland,2022-10-09
2,23,5,18,0,Davidson,2023-01-20
2,12,5,7,0,Davidson,2023-03-08
2,19,5,14,0,Davie,2022-09-28
2,15,5,10,0,Davie,2022-09-29
2,11,5,6,0,Duplin,2022-09-16
2,8,5,3,0,Duplin,2022-09-28
2,10,5,5,0,Duplin,2022-09-29
2,9,5,4,0,Duplin,2022-10-24
2,17,5,12,0,Duplin,2022-12-26
2,7,5,2,0,Duplin,2023-02-27
2,12,5,7,0,Halifax,2022-10-31
2,14,5,9,0,Harnett,2022-10-19
2,18,5,13,0,Harnett,2022-10-31
2,8,5,3,0,Harnett,2023-03-08
2,11,5,6,0,Haywood,2022-09-15
2,9,5,4,0,Haywood,2022-09-25
2,13,5,8,0,Haywood,2022-11-01
2,7,5,2,0,Haywood,2022-11-11
2,6,5,1,0,Haywood,2022-11-15
2,11,5,6,0,Haywood,2022-12-20
2,10,5,5,0,Haywood,2022-12-21
2,19,5,14,0,Henderson,2022-09-16
2,14,5,9,0,Henderson,2022-10-18
2,18,5,13,0,Henderson,2022-11-22
2,16,5,11,0,Henderson,2022-12-04
2,12,5,7,0,Henderson,2023-01-12
2,15,5,10,0,Henderson,2023-02-10
2,10,5,5,0,Hertford,2022-12-28
2,8,5,3,0,Hoke,2022-10-20
2,7,5,2,0,Hoke,2023-02-18
2,12,5,7,0,Jackson,2022-12-21
2,6,5,1,0,Jackson,2023-01-18
2,9,5,4,0,Jackson,2023-01-25
2,9,5,4,0,Jackson,2023-02-14
2,8,5,3,0,Jackson,2023-02-21
2,23,5,18,0,Johnston,2022-10-01
2,21,5,16,0,Johnston,2022-10-08
2,18,5,13,0,Johnston,2022-12-25
2,16,5,11,0,Johnston,2023-02-03
2,15,5,10,0,Lee,2022-09-20
2,9,5,4,0,Lee,2022-10-30
2,9,5,4,0,Lee,2022-11-25
2,18,5,13,0,Lee,2022-12-19
2,7,5,2,0,Lee,2023-02-23
2,21,5,16,0,Lincoln,2023-01-09
2,5,5,0,0,McDowell,2022-12-18
2,6,5,1,0,Montgomery,2022-12-31
2,9,5,4,0,Moore,2022-11-04
2,16,5,11,0,Moore,2022-11-30
2,13,5,8,0,Moore,2022-12-11
2,10,5,5,0,Moore,2023-03-01
2,9,5,4,0,Nash,2023-01-20
2,24,5,19,0,New Hanover,2022-11-01
2,22,5,17,0,New Hanover,2022-11-02
2,9,5,4,0,New Hanover,2022-12-03
2,14,5,9,0,New Hanover,2023-01-22
2,18,5,13,0,New Hanover,2023-02-27
2,10,5,5,0,New Hanover,2023-03-06
2,6,5,1,0,Northampton,2022-11-23
2,27,5,22,0,Onslow,2023-02-22
2,17,5,12,0,Orange,2022-11-27
2,27,5,22,0,Orange,2022-12-01
2,16,5,11,0,Orange,2023-01-16
2,18,5,13,0,Orange,2023-02-05
2,19,5,14,0,Orange,2023-03-07
2,7,5,2,0,Pasquotank,2022-12-26
2,9,5,4,0,Pasquotank,2023-01-07
2,9,5,4,0,Pasquotank,2023-01-18
2,17,5,12,0,Pender,2022-09-14
2,7,5,2,0,Pender,2023-01-08
2,5,5,0,0,Polk,2022-10-31
2,6,5,1,0,Polk,2023-01-01
2,13,5,8,0,Randolph,2022-10-24
2,9,5,4,0,Randolph,2023-02-26
2,11,5,6,0,Richmond,2023-02-16
2,9,5,4,0,Robeson,2022-09-24
2,8,5,3,0,Robeson,2023-02-25
2,15,5,10,0,Rockingham,2022-10-27
2,13,5,8,0,Rowan,2022-10-09
2,30,5,25,0,Rowan,2023-02-03
2,10,5,5,0,Rutherford,2022-09-29
2,12,5,7,0,Rutherford,2022-12-02
2,7,5,2,0,Sampson,2023-01-01
2,8,5,3,0,Sampson,2023-02-09
2,6,5,1,0,Scotland,2022-11-22
2,8,5,3,0,Scotland,2022-12-14
2,18,5,13,0,Stokes,2022-10-24
2,13,5,8,0,Stokes,2022-12-02
2,10,5,5,0,Stokes,2022-12-24
2,14,5,9,0,Surry,2023-01-28
2,7,5,2,0,Swain,2023-01-25
2,8,5,3,0,Transylvania,2023-02-05
2,9,5,4,0,Vance,2022-10-04
2,18,5,13,0,Warren,2022-12-28
2,11,5,6,0,Wayne,2023-01-21
2,10,5,5,0,Wilkes,2022-11-09
2,9,5,4,0,Wilkes,2022-12-03
2,11,5,6,0,Wilkes,2022-12-24
2,11,5,6,0,Wilson,2022-12-01
2,15,5,10,0,Wilson,2023-01-13
2,15,5,10,0,Wilson,2023-02-10
2,8,5,3,0,Wilson,2023-02-21
2,6,5,1,0,Yadkin,2022-11-18
2,21,5,16,0,Yadkin,2023-01-05
2,6,5,1,0,Yancey,2022-10-20
2,7,6,1,0,Alexander,2022-12-15
2,8,6,2,0,Alexander,2023-02-01
2,11,6,5,0,Beaufort,2023-01-31
2,17,6,11,0,Bladen,2022-12-30
2,27,6,21,0,Brunswick,2022-11-01
2,20,6,14,0,Brunswick,2022-11-22
2,28,6,22,0,Brunswick,2022-11-30
2,20,6,14,0,Brunswick,2022-12-01
2,18,6,12,0,Brunswick,2022-12-02
2,47,6,41,0,Brunswick,2022-12-14
2,15,6,9,0,Buncombe,2023-02-24
2,11,6,5,0,Buncombe,2023-03-07
2,14,6,8,0,Caldwell,2022-11-03
2,9,6,3,0,Carteret,2022-10-03
2,10,6,4,0,Carteret,2022-10-05
2,17,6,11,0,Carteret,2023-01-05
2,7,6,1,0,Carteret,2023-02-03
2,15,6,9,0,Catawba,2022-11-26
2,8,6,2,0,Catawba,2023-02-26
2,23,6,17,0,Chatham,2022-12-20
2,22,6,16,0,Chatham,2023-02-01
2,11,6,5,0,Cherokee,2023-01-02
2,15,6,9,0,Cleveland,2022-11-09
2,11,6,5,0,Columbus,2022-10-05
2,7,6,1,0,Currituck,2022-10-09
2,13,6,7,0,Davidson,2023-02-24
2,10,6,4,0,Davie,2022-10-12
2,11,6,5,0,Duplin,2022-12-23
2,13,6,7,0,Duplin,2023-01-24
2,12,6,6,0,Edgecombe,2022-10-10
2,29,6,23,0,Forsyth,2022-11-05
2,25,6,19,0,Gaston,2022-10-19
2,19,6,13,0,Gaston,2023-01-14
2,7,6,1,0,Graham,2022-12-26
2,6,6,0,0,Graham,2022-12-30
2,12,6,6,0,Greene,2022-12-22
2,18,6,12,0,Halifax,2022-10-07
2,12,6,6,0,Halifax,2022-11-29
2,23,6,17,0,Harnett,2022-12-24
2,7,6,1,0,Haywood,2022-11-22
2,13,6,7,0,Haywood,2023-02-02
2,18,6,12,0,Hoke,2022-09-15
2,11,6,5,0,Iredell,2022-11-13
2,17,6,11,0,Iredell,2023-02-11
2,11,6,5,0,Jackson,2022-09-29
2,10,6,4,0,Jackson,2022-12-13
2,12,6,6,0,Jackson,2023-01-11
2,13,6,7,0,Johnston,2022-10-16
2,26,6,20,0,Johnston,2022-10-28
2,7,6,1,0,Jones,2022-09-14
2,25,6,19,0,Lee,2022-09-19
2,11,6,5,0,Lee,2022-10-01
2,9,6,3,0,Lee,2022-12-07
2,8,6,2,0,Lee,2022-12-11
2,13,6,7,0,Lenoir,2023-02-10
2,16,6,10,0,Lenoir,2023-02-13
2,12,6,6,0,Lincoln,2022-10-13
2,13,6,7,0,Lincoln,2022-12-24
2,14,6,8,0,Lincoln,2023-01-16
2,12,6,6,0,McDowell,2023-01-31
2,12,6,6,0,Moore,2022-11-16
2,35,6,29,0,Moore,2023-01-03
2,16,6,10,0,Nash,2022-11-28
2,19,6,13,0,New Hanover,2022-10-26
2,15,6,9,0,New Hanover,2022-11-10
2,12,6,6,0,New Hanover,2022-12-11
2,10,6,4,0,New Hanover,2023-03-10
2,10,6,4,0,Pasquotank,2023-01-23
2,9,6,3,0,Pasquotank,2023-02-07
2,6,6,0,0,Polk,2022-12-05
2,11,6,5,0,Randolph,2022-10-26
2,18,6,12,0,Randolph,2023-02-18
2,15,6,9,0,Richmond,2022-09-15
2,8,6,2,0,Richmond,2022-12-15
2,14,6,8,0,Richmond,2022-12-16
2,10,6,4,0,Robeson,2022-11-23
2,8,6,2,0,Robeson,2023-03-11
2,10,6,4,0,Sampson,2023-01-07
2,6,6,0,0,Sampson,2023-02-04
2,10,6,4,0,Sampson,2023-02-20
2,7,6,1,0,Scotland,2022-12-12
2,9,6,3,0,Scotland,2023-01-28
2,11,6,5,0,Surry,2022-12-03
2,7,6,1,0,Tyrrell,2023-02-11
2,14,6,8,0,Vance,2022-12-30
2,14,6,8,0,Watauga,2022-09-27
2,7,6,1,0,Wayne,2022-10-16
2,13,6,7,0,Wayne,2023-02-28
2,12,6,6,0,Wilkes,2023-01-01
2,13,6,7,0,Wilson,2022-09-20
2,12,6,6,0,Wilson,2023-01-12
2,9,7,2,0,Alexander,2022-12-24
2,10,7,3,0,Alleghany,2022-12-27
2,17,7,10,0,Buncombe,2022-11-13
2,24,7,17,0,Burke,2022-09-20
2,22,7,15,0,Burke,2022-10-10
2,22,7,15,0,Cabarrus,2022-10-10
2,9,7,2,0,Carteret,2023-01-27
2,19,7,12,0,Craven,2023-02-08
2,9,7,2,0,Currituck,2022-10-15
2,14,7,7,0,Davie,2022-09-15
2,9,7,2,0,Davie,2022-11-09
2,12,7,5,0,Davie,2022-12-05
2,13,7,6,0,Davie,2023-01-24
2,18,7,11,0,Duplin,2022-12-21
2,10,7,3,0,Graham,2022-12-29
2,19,7,12,0,Harnett,2023-01-26
2,11,7,4,0,Haywood,2023-01-18
2,8,7,1,0,Haywood,2023-02-01
2,29,7,22,0,Henderson,2022-10-11
2,19,7,12,0,Henderson,2022-12-09
2,17,7,10,0,Henderson,2023-01-06
2,9,7,2,0,Hertford,2022-11-28
2,18,7,11,0,Hoke,2022-09-14
2,18,7,11,0,Iredell,2022-11-23
2,10,7,3,0,Jackson,2023-02-08
2,8,7,1,0,Jones,2022-12-30
2,19,7,12,0,Lenoir,2022-09-14
2,12,7,5,0,Lincoln,2023-01-31
2,8,7,1,0,Madison,2022-12-05
2,8,7,1,0,Mitchell,2022-12-19
2,29,7,22,0,Moore,2023-01-23
2,21,7,14,0,New Hanover,2022-12-25
2,9,7,2,0,Pasquotank,2022-11-06
2,11,7,4,0,Pasquotank,2023-01-04
2,17,7,10,0,Person,2022-12-30
2,22,7,15,0,Pitt,2022-11-08
2,7,7,0,0,Polk,2022-12-31
2,16,7,9,0,Randolph,2022-11-01
2,11,7,4,0,Randolph,2022-11-10
2,13,7,6,0,Randolph,2022-12-24
2,18,7,11,0,Randolph,2023-01-27
2,17,7,10,0,Randolph,2023-01-29
2,11,7,4,0,Robeson,2022-10-15
2,17,7,10,0,Rockingham,2022-10-04
2,10,7,3,0,Sampson,2022-11-07
2,7,7,0,0,Sampson,2022-12-11
2,11,7,4,0,Sampson,2023-02-03
2,9,7,2,0,Scotland,2023-02-07
2,8,7,1,0,Scotland,2023-02-10
2,8,7,1,0,Swain,2023-01-04
2,8,7,1,0,Swain,2023-01-09
2,23,7,16,0,Union,2022-10-14
2,16,7,9,0,Vance,2022-09-21
2,13,7,6,0,Watauga,2022-12-05
2,14,7,7,0,Wilkes,2022-11-29
2,13,7,6,0,Wilkes,2022-11-30
2,14,7,7,0,Wilkes,2023-01-16
2,11,7,4,0,Wilson,2022-11-14
2,15,7,8,0,Yadkin,2023-01-02
2,9,8,1,0,Alleghany,2022-12-12
2,11,8,3,0,Bladen,2022-12-05
2,33,8,25,0,Buncombe,2022-10-12
2,29,8,21,0,Buncombe,2022-11-11
2,9,8,1,0,Carteret,2022-10-24
2,14,8,6,0,Chatham,2023-01-12
2,17,8,9,0,Craven,2023-02-17
2,20,8,12,0,Davidson,2023-02-27
2,11,8,3,0,Duplin,2022-11-21
2,14,8,6,0,Duplin,2022-12-13
2,14,8,6,0,Duplin,2022-12-31
2,17,8,9,0,Duplin,2023-01-10
2,16,8,8,0,Halifax,2022-11-28
2,14,8,6,0,Halifax,2022-12-06
2,17,8,9,0,Haywood,2023-01-04
2,13,8,5,0,Haywood,2023-01-17
2,14,8,6,0,Henderson,2022-10-30
2,14,8,6,0,Henderson,2023-02-13
2,11,8,3,0,Hoke,2022-12-18
2,13,8,5,0,Jackson,2022-11-03
2,19,8,11,0,Johnston,2022-11-22
2,20,8,12,0,Lee,2022-09-22
2,10,8,2,0,Lincoln,2023-02-28
2,18,8,10,0,Nash,2023-02-10
2,18,8,10,0,New Hanover,2022-10-20
2,21,8,13,0,New Hanover,2022-11-21
2,18,8,10,0,New Hanover,2022-11-23
2,41,8,33,0,New Hanover,2023-01-18
2,30,8,22,0,Orange,2022-10-17
2,10,8,2,0,Pasquotank,2022-11-02
2,10,8,2,0,Pasquotank,2022-12-13
2,14,8,6,0,Person,2022-12-19
2,15,8,7,0,Randolph,2023-02-23
2,11,8,3,0,Robeson,2023-03-10
2,21,8,13,0,Rockingham,2022-12-22
2,20,8,12,0,Sampson,2022-10-24
2,11,8,3,0,Scotland,2022-09-13
2,11,8,3,0,Scotland,2023-01-01
2,8,8,0,0,Scotland,2023-01-14
2,10,8,2,0,Stokes,2022-11-26
2,17,8,9,0,Surry,2022-09-14
2,11,8,3,0,Surry,2023-02-27
2,9,8,1,0,Swain,2023-01-10
2,15,8,7,0,Transylvania,2023-01-03
2,15,8,7,0,Vance,2022-12-09
2,18,8,10,0,Wilson,2023-02-01
2,14,8,6,0,Yadkin,2022-10-05
2,34,9,25,0,Brunswick,2023-01-01
2,17,9,8,0,Buncombe,2023-01-29
2,16,9,7,0,Buncombe,2023-03-01
2,23,9,14,0,Burke,2022-10-31
2,20,9,11,0,Carteret,2022-12-30
2,18,9,9,0,Carteret,2023-01-06
2,19,9,10,0,Columbus,2022-12-14
2,19,9,10,0,Cumberland,2023-02-26
2,19,9,10,0,Davidson,2022-11-16
2,12,9,3,0,Duplin,2022-09-21
2,27,9,18,0,Gaston,2022-11-16
2,39,9,30,0,Guilford,2022-11-19
2,11,9,2,0,Haywood,2022-09-27
2,22,9,13,0,Henderson,2022-10-14
2,21,9,12,0,Henderson,2022-12-06
2,20,9,11,0,Henderson,2022-12-21
2,17,9,8,0,Henderson,2023-02-08
2,15,9,6,0,Montgomery,2022-12-28
2,15,9,6,0,Moore,2022-10-14
2,17,9,8,0,Moore,2022-10-26
2,17,9,8,0,Moore,2022-10-31
2,18,9,9,0,Moore,2022-11-03
2,22,9,13,0,Nash,2023-01-06
2,19,9,10,0,New Hanover,2022-11-27
2,12,9,3,0,Pasquotank,2023-01-03
2,12,9,3,0,Pasquotank,2023-02-01
2,15,9,6,0,Randolph,2022-10-01
2,22,9,13,0,Randolph,2022-10-14
2,15,9,6,0,Randolph,2022-10-19
2,19,9,10,0,Randolph,2023-02-02
2,15,9,6,0,Sampson,2022-10-03
2,16,9,7,0,Scotland,2022-12-29
2,14,9,5,0,Scotland,2023-01-10
2,14,9,5,0,Scotland,2023-02-01
2,19,9,10,0,Wayne,2022-10-27
2,20,9,11,0,Wilson,2022-10-06
2,12,9,3,0,Wilson,2022-10-31
2,19,9,10,0,Wilson,2022-12-13
2,10,9,1,0,Yancey,2022-09-15
2,22,10,12,0,Buncombe,2022-10-16
2,20,10,10,0,Carteret,2022-09-14
2,14,10,4,0,Craven,2023-02-16
2,10,10,0,0,Gates,2023-01-27
2,16,10,6,0,Haywood,2022-11-03
2,14,10,4,0,Haywood,2022-11-07
2,25,10,15,0,Henderson,2022-10-07
2,33,10,23,0,Henderson,2023-01-07
2,16,10,6,0,Henderson,2023-01-28
2,23,10,13,0,Henderson,2023-01-30
2,23,10,13,0,Iredell,2022-11-17
2,22,10,12,0,Iredell,2023-01-07
2,21,10,11,0,Moore,2022-12-09
2,17,10,7,0,Moore,2023-02-06
2,20,10,10,0,New Hanover,2022-10-14
2,12,10,2,0,Pasquotank,2022-12-22
2,17,10,7,0,Rutherford,2022-09-21
2,12,10,2,0,Sampson,2023-01-26
2,13,10,3,0,Scotland,2022-12-13
2,40,10,30,0,Union,2022-09-29
2,15,10,5,0,Wayne,2022-09-30
2,23,10,13,0,Wayne,2023-02-15
2,11,10,1,0,Yadkin,2022-11-11
2,15,10,5,0,Yadkin,2022-11-21
2,13,11,2,0,Cleveland,2023-02-04
2,22,11,11,0,Craven,2022-11-30
2,36,11,25,0,Cumberland,2022-11-01
2,12,11,1,0,Gates,2023-01-23
2,14,11,3,0,Haywood,2022-12-26
2,15,11,4,0,Haywood,2023-01-16
2,19,11,8,0,Henderson,2022-11-14
2,13,11,2,0,Hertford,2022-12-22
2,33,11,22,0,Iredell,2022-10-05
2,17,11,6,0,Lenoir,2023-02-12
2,27,11,16,0,Moore,2022-12-12
2,27,11,16,0,New Hanover,2022-10-12
2,28,11,17,0,Rockingham,2022-12-23
2,16,11,5,0,Sampson,2023-01-19
2,13,11,2,0,Transylvania,2022-09-19
2,16,11,5,0,Wilson,2023-01-31
2,26,12,14,0,Cabarrus,2023-01-22
2,22,12,10,0,Catawba,2022-11-03
2,18,12,6,0,Catawba,2023-01-27
2,17,12,5,0,Randolph,2022-11-21
2,15,12,3,0,Sampson,2022-12-08
2,19,12,7,0,Sampson,2023-01-13
2,23,12,11,0,Wayne,2022-09-27
2,32,13,19,0,Brunswick,2023-01-11
2,42,13,29,0,Buncombe,2022-10-07
2,21,13,8,0,Craven,2023-02-01
2,16,13,3,0,Haywood,2022-09-16
2,16,13,3,0,Haywood,2023-01-31
2,22,13,9,0,Randolph,2022-10-07
2,25,14,11,0,New Hanover,2022-12-06
2,22,14,8,0,Surry,2023-01-13
2,28,15,13,0,Sampson,2022-09-13
2,25,15,10,0,Wilson,2022-12-22
2,18,16,2,0,Catawba,2023-01-07
2,23,17,6,0,Carteret,2022-12-22
2,25,17,8,0,Sampson,2022-09-19
2,32,18,14,0,Buncombe,2022-11-25
2,31,18,13,0,Burke,2022-11-01
2,27,18,9,0,Moore,2022-11-01
2,23,20,3,0,Swain,2022-12-12
2,39,28,11,0,Sampson,2022-09-14
3,4,0,4,0,Alexander,2022-11-16
3,10,0,10,0,Anson,2022-09-13
3,7,0,7,0,Anson,2023-01-30
3,7,0,7,0,Bertie,2023-01-02
3,8,0,8,0,Bladen,2022-11-07
3,14,0,14,0,Bladen,2023-01-10
3,17,0,17,0,Bladen,2023-01-31
3,9,0,9,0,Bladen,2023-02-07
3,8,0,8,0,Bladen,2023-02-10
3,10,0,10,0,Burke,2022-09-23
3,18,0,18,0,Burke,2022-11-25
3,15,0,15,0,Burke,2023-02-23
3,20,0,20,0,Cabarrus,2022-11-05
3,21,0,21,0,Caldwell,2022-09-17
3,12,0,12,0,Caldwell,2022-10-09
3,7,0,7,0,Caldwell,2022-10-14
3,10,0,10,0,Caldwell,2023-01-22
3,11,0,11,0,Caldwell,2023-02-12
3,7,0,7,0,Caswell,2022-11-02
3,7,0,7,0,Caswell,2022-12-28
3,6,0,6,0,Catawba,2022-11-24
3,10,0,10,0,Chatham,2022-11-10
3,10,0,10,0,Chatham,2023-01-24
3,7,0,7,0,Chowan,2022-12-21
3,8,0,8,0,Chowan,2022-12-29
3,7,0,7,0,Chowan,2022-12-31
3,10,0,10,0,Chowan,2023-01-03
3,7,0,7,0,Chowan,2023-02-01
3,4,0,4,0,Chowan,2023-02-20
3,4,0,4,0,Clay,2022-12-19
3,5,0,5,0,Currituck,2022-12-12
3,9,0,9,0,Currituck,2022-12-20
3,6,0,6,0,Dare,2022-11-18
3,5,0,5,0,Dare,2022-11-21
3,10,0,10,0,Dare,2022-12-14
3,9,0,9,0,Dare,2022-12-16
3,6,0,6,0,Dare,2022-12-17
3,6,0,6,0,Dare,2022-12-18
3,19,0,19,0,Dare,2022-12-20
3,10,0,10,0,Dare,2022-12-21
3,14,0,14,0,Dare,2022-12-22
3,16,0,16,0,Dare,2022-12-29
3,9,0,9,0,Dare,2023-01-01
3,12,0,12,0,Dare,2023-01-02
3,12,0,12,0,Dare,2023-01-03
3,13,0,13,0,Dare,2023-01-05
3,14,0,14,0,Dare,2023-01-23
3,9,0,9,0,Dare,2023-02-14
3,6,0,6,0,Duplin,2022-09-17
3,17,0,17,0,Durham,2023-03-05
3,11,0,11,0,Edgecombe,2022-09-26
3,8,0,8,0,Edgecombe,2022-10-01
3,14,0,14,0,Edgecombe,2022-12-16
3,4,0,4,0,Edgecombe,2023-01-15
3,6,0,6,0,Edgecombe,2023-02-20
3,11,0,11,0,Franklin,2022-12-17
3,7,0,7,0,Granville,2022-10-25
3,17,0,17,0,Greene,2023-01-03
3,4,0,4,0,Halifax,2023-01-29
3,10,0,10,0,Harnett,2022-10-23
3,7,0,7,0,Hertford,2022-12-09
3,11,0,11,0,Hoke,2023-02-09
3,4,0,4,0,Hyde,2022-09-19
3,4,0,4,0,Lenoir,2022-09-25
3,10,0,10,0,Lenoir,2022-10-10
3,10,0,10,0,McDowell,2022-11-22
3,11,0,11,0,McDowell,2022-11-23
3,6,0,6,0,McDowell,2023-03-02
3,4,0,4,0,Nash,2022-10-30
3,7,0,7,0,Nash,2023-02-18
3,6,0,6,0,Northampton,2022-12-15
3,11,0,11,0,Onslow,2022-09-25
3,15,0,15,0,Onslow,2022-11-16
3,16,0,16,0,Onslow,2023-01-08
3,11,0,11,0,Onslow,2023-02-20
3,16,0,16,0,Onslow,2023-03-01
3,10,0,10,0,Orange,2022-09-30
3,15,0,15,0,Orange,2022-11-10
3,17,0,17,0,Orange,2023-01-22
3,24,0,24,0,Orange,2023-02-07
3,9,0,9,0,Pender,2023-02-06
3,8,0,8,0,Pender,2023-02-15
3,14,0,14,0,Person,2022-09-15
3,7,0,7,0,Person,2022-12-06
3,14,0,14,0,Pitt,2022-09-18
3,9,0,9,0,Pitt,2022-12-25
3,6,0,6,0,Richmond,2023-01-29
3,12,0,12,0,Rowan,2022-10-28
3,5,0,5,0,Rowan,2022-11-20
3,11,0,11,0,Rowan,2022-12-01
3,10,0,10,0,Rutherford,2023-01-15
3,8,0,8,0,Stanly,2022-09-25
3,11,0,11,0,Stanly,2022-10-27
3,8,0,8,0,Stanly,2022-11-13
3,9,0,9,0,Stanly,2022-11-21
3,12,0,12,0,Stanly,2022-12-16
3,7,0,7,0,Stanly,2023-01-21
3,8,0,8,0,Stanly,2023-02-01
3,6,0,6,0,Stanly,2023-02-15
3,13,0,13,0,Stanly,2023-02-17
3,11,0,11,0,Stanly,2023-02-20
3,8,0,8,0,Surry,2023-03-09
3,8,0,8,0,Vance,2022-10-31
3,5,0,5,0,Vance,2023-02-10
3,4,0,4,0,Washington,2022-11-09
3,7,0,7,0,Wilkes,2023-01-22
3,8,0,8,0,Yadkin,2023-02-15
3,15,1,14,0,Alamance,2022-10-08
3,9,1,8,0,Alexander,2022-09-18
3,9,1,8,0,Alexander,2022-10-13
3,11,1,10,0,Alexander,2023-01-23
3,7,1,6,0,Alexander,2023-02-08
3,5,1,4,0,Alexander,2023-02-10
3,10,1,9,0,Anson,2022-09-14
3,4,1,3,0,Anson,2022-11-03
3,5,1,4,0,Anson,2022-11-08
3,12,1,11,0,Anson,2023-01-02
3,11,1,10,0,Beaufort,2022-10-02
3,10,1,9,0,Beaufort,2022-10-14
3,6,1,5,0,Beaufort,2022-12-11
3,8,1,7,0,Beaufort,2023-01-20
3,15,1,14,0,Beaufort,2023-01-23
3,3,1,2,0,Bertie,2023-01-13
3,5,1,4,0,Bertie,2023-02-24
3,9,1,8,0,Bladen,2022-09-16
3,12,1,11,0,Bladen,2023-01-08
3,12,1,11,0,Bladen,2023-01-12
3,13,1,12,0,Bladen,2023-01-21
3,7,1,6,0,Bladen,2023-02-16
3,16,1,15,0,Brunswick,2022-10-23
3,9,1,8,0,Brunswick,2023-02-23
3,10,1,9,0,Brunswick,2023-02-27
3,7,1,6,0,Brunswick,2023-03-02
3,11,1,10,0,Buncombe,2023-03-03
3,12,1,11,0,Burke,2022-10-01
3,11,1,10,0,Burke,2023-01-27
3,11,1,10,0,Caldwell,2022-10-18
3,10,1,9,0,Caldwell,2022-11-27
3,14,1,13,0,Caldwell,2022-12-04
3,12,1,11,0,Caldwell,2023-02-24
3,4,1,3,0,Caldwell,2023-03-04
3,7,1,6,0,Caswell,2022-12-19
3,9,1,8,0,Caswell,2023-01-02
3,11,1,10,0,Chatham,2022-11-09
3,14,1,13,0,Chatham,2023-01-13
3,6,1,5,0,Chatham,2023-01-14
3,5,1,4,0,Cherokee,2023-02-10
3,6,1,5,0,Chowan,2022-12-08
3,7,1,6,0,Chowan,2022-12-30
3,15,1,14,0,Chowan,2023-01-31
3,14,1,13,0,Cleveland,2022-09-22
3,8,1,7,0,Cleveland,2022-09-30
3,20,1,19,0,Cleveland,2022-10-13
3,12,1,11,0,Cleveland,2022-11-02
3,8,1,7,0,Cleveland,2022-12-02
3,7,1,6,0,Columbus,2023-01-28
3,4,1,3,0,Duplin,2022-10-07
3,14,1,13,0,Duplin,2023-03-10
3,21,1,20,0,Durham,2022-11-12
3,15,1,14,0,Durham,2022-11-24
3,15,1,14,0,Durham,2023-03-10
3,11,1,10,0,Edgecombe,2022-10-04
3,5,1,4,0,Edgecombe,2022-12-18
3,6,1,5,0,Edgecombe,2023-01-19
3,6,1,5,0,Edgecombe,2023-02-24
3,5,1,4,0,Edgecombe,2023-03-01
3,9,1,8,0,Franklin,2022-10-10
3,5,1,4,0,Franklin,2022-11-18
3,13,1,12,0,Franklin,2022-11-21
3,19,1,18,0,Franklin,2022-11-28
3,7,1,6,0,Franklin,2023-02-13
3,9,1,8,0,Franklin,2023-02-14
3,19,1,18,0,Gaston,2022-09-29
3,14,1,13,0,Gaston,2023-02-11
3,4,1,3,0,Graham,2023-02-06
3,8,1,7,0,Granville,2022-12-01
3,12,1,11,0,Granville,2022-12-02
3,15,1,14,0,Granville,2023-02-01
3,12,1,11,0,Granville,2023-02-02
3,6,1,5,0,Greene,2022-11-07
3,8,1,7,0,Greene,2022-12-29
3,14,1,13,0,Halifax,2022-09-16
3,14,1,13,0,Halifax,2022-09-19
3,11,1,10,0,Harnett,2022-11-10
3,13,1,12,0,Harnett,2023-01-08
3,4,1,3,0,Harnett,2023-02-25
3,5,1,4,0,Harnett,2023-03-03
3,17,1,16,0,Hoke,2022-09-19
3,13,1,12,0,Hoke,2022-09-23
3,9,1,8,0,Hoke,2022-11-07
3,8,1,7,0,Hoke,2022-12-15
3,16,1,15,0,Hoke,2023-01-27
3,6,1,5,0,Jackson,2022-10-03
3,3,1,2,0,Jones,2022-10-10
3,11,1,10,0,Lee,2022-09-17
3,15,1,14,0,Lee,2022-10-03
3,9,1,8,0,Lee,2022-12-18
3,10,1,9,0,Lee,2023-01-17
3,9,1,8,0,Lee,2023-02-09
3,9,1,8,0,Lenoir,2022-11-03
3,12,1,11,0,Lenoir,2022-12-08
3,13,1,12,0,Lenoir,2023-02-15
3,5,1,4,0,Lincoln,2022-10-23
3,5,1,4,0,Lincoln,2022-11-06
3,12,1,11,0,Lincoln,2022-12-02
3,9,1,8,0,Lincoln,2022-12-04
3,6,1,5,0,Lincoln,2023-01-29
3,5,1,4,0,Martin,2022-12-17
3,14,1,13,0,McDowell,2022-09-16
3,6,1,5,0,McDowell,2022-10-23
3,6,1,5,0,McDowell,2022-11-25
3,9,1,8,0,McDowell,2022-12-08
3,7,1,6,0,McDowell,2023-01-28
3,7,1,6,0,Mitchell,2023-01-25
3,6,1,5,0,Montgomery,2022-12-30
3,8,1,7,0,Montgomery,2023-01-05
3,8,1,7,0,Moore,2023-01-22
3,10,1,9,0,Moore,2023-01-27
3,7,1,6,0,Moore,2023-02-19
3,11,1,10,0,Moore,2023-02-28
3,7,1,6,0,Nash,2022-11-04
3,9,1,8,0,Nash,2023-01-15
3,5,1,4,0,Nash,2023-02-25
3,6,1,5,0,Nash,2023-03-01
3,6,1,5,0,Nash,2023-03-09
3,20,1,19,0,New Hanover,2022-09-22
3,24,1,23,0,Onslow,2022-09-28
3,28,1,27,0,Orange,2022-09-23
3,20,1,19,0,Orange,2023-02-16
3,8,1,7,0,Pender,2022-11-03
3,10,1,9,0,Pender,2022-12-02
3,14,1,13,0,Pender,2022-12-13
3,6,1,5,0,Perquimans,2022-09-19
3,5,1,4,0,Person,2022-11-23
3,9,1,8,0,Person,2023-01-17
3,10,1,9,0,Pitt,2022-12-11
3,8,1,7,0,Pitt,2023-02-19
3,5,1,4,0,Richmond,2022-11-07
3,10,1,9,0,Richmond,2022-11-28
3,13,1,12,0,Richmond,2022-12-02
3,8,1,7,0,Richmond,2023-01-01
3,7,1,6,0,Richmond,2023-01-06
3,8,1,7,0,Richmond,2023-01-08
3,12,1,11,0,Richmond,2023-01-16
3,6,1,5,0,Richmond,2023-01-26
3,6,1,5,0,Rockingham,2022-09-25
3,11,1,10,0,Rockingham,2022-11-04
3,7,1,6,0,Rockingham,2022-11-23
3,13,1,12,0,Rockingham,2023-01-25
3,8,1,7,0,Rockingham,2023-01-28
3,9,1,8,0,Rowan,2022-09-25
3,15,1,14,0,Rowan,2022-10-27
3,15,1,14,0,Rowan,2022-11-09
3,15,1,14,0,Rowan,2023-01-08
3,5,1,4,0,Rutherford,2022-10-12
3,8,1,7,0,Rutherford,2022-12-01
3,11,1,10,0,Rutherford,2022-12-07
3,6,1,5,0,Rutherford,2023-02-13
3,5,1,4,0,Rutherford,2023-02-21
3,9,1,8,0,Sampson,2022-11-03
3,9,1,8,0,Stanly,2022-10-26
3,13,1,12,0,Stanly,2022-12-18
3,24,1,23,0,Stanly,2022-12-28
3,12,1,11,0,Stanly,2023-01-20
3,15,1,14,0,Stanly,2023-02-06
3,8,1,7,0,Stanly,2023-02-08
3,14,1,13,0,Stokes,2022-12-06
3,7,1,6,0,Stokes,2023-02-10
3,7,1,6,0,Surry,2023-01-15
3,10,1,9,0,Surry,2023-03-01
3,15,1,14,0,Transylvania,2022-12-29
3,5,1,4,0,Transylvania,2023-02-11
3,21,1,20,0,Union,2022-09-24
3,24,1,23,0,Union,2022-11-10
3,12,1,11,0,Vance,2022-09-15
3,5,1,4,0,Vance,2022-10-25
3,14,1,13,0,Vance,2022-12-19
3,8,1,7,0,Vance,2023-02-16
3,7,1,6,0,Vance,2023-02-24
3,3,1,2,0,Warren,2022-09-16
3,4,1,3,0,Warren,2022-11-21
3,12,1,11,0,Yadkin,2022-12-24
3,28,2,26,0,Alamance,2022-10-18
3,23,2,21,0,Alamance,2022-10-19
3,15,2,13,0,Alamance,2022-12-25
3,9,2,7,0,Alamance,2023-02-25
3,11,2,9,0,Alamance,2023-03-06
3,10,2,8,0,Alamance,2023-03-10
3,6,2,4,0,Alexander,2023-01-26
3,10,2,8,0,Anson,2023-01-24
3,8,2,6,0,Ashe,2023-01-31
3,8,2,6,0,Beaufort,2022-10-07
3,11,2,9,0,Beaufort,2022-10-18
3,8,2,6,0,Beaufort,2022-11-03
3,9,2,7,0,Beaufort,2023-02-13
3,4,2,2,0,Bladen,2022-09-29
3,15,2,13,0,Bladen,2023-01-02
3,10,2,8,0,Bladen,2023-02-15
3,11,2,9,0,Brunswick,2022-12-03
3,10,2,8,0,Brunswick,2023-03-07
3,9,2,7,0,Burke,2022-12-18
3,7,2,5,0,Burke,2023-01-15
3,13,2,11,0,Burke,2023-01-18
3,16,2,14,0,Burke,2023-01-19
3,8,2,6,0,Burke,2023-01-26
3,12,2,10,0,Burke,2023-02-09
3,10,2,8,0,Burke,2023-02-28
3,19,2,17,0,Cabarrus,2022-11-08
3,14,2,12,0,Cabarrus,2022-11-12
3,11,2,9,0,Caldwell,2022-11-02
3,15,2,13,0,Caldwell,2023-02-16
3,7,2,5,0,Catawba,2022-11-19
3,10,2,8,0,Chatham,2022-10-14
3,19,2,17,0,Chatham,2022-12-16
3,12,2,10,0,Chatham,2023-02-16
3,8,2,6,0,Cherokee,2023-01-05
3,5,2,3,0,Clay,2022-12-26
3,18,2,16,0,Cleveland,2022-09-26
3,8,2,6,0,Cleveland,2022-10-07
3,12,2,10,0,Cleveland,2022-11-25
3,18,2,16,0,Cleveland,2022-12-08
3,16,2,14,0,Cleveland,2023-02-20
3,8,2,6,0,Cleveland,2023-02-24
3,11,2,9,0,Cleveland,2023-02-26
3,8,2,6,0,Columbus,2023-01-08
3,8,2,6,0,Columbus,2023-01-12
3,6,2,4,0,Columbus,2023-02-02
3,8,2,6,0,Columbus,2023-02-09
3,12,2,10,0,Craven,2022-12-11
3,16,2,14,0,Craven,2023-01-08
3,30,2,28,0,Davidson,2022-09-18
3,11,2,9,0,Davidson,2022-11-05
3,10,2,8,0,Davie,2022-10-13
3,6,2,4,0,Davie,2022-12-09
3,11,2,9,0,Davie,2023-01-12
3,13,2,11,0,Davie,2023-01-26
3,7,2,5,0,Davie,2023-01-30
3,12,2,10,0,Duplin,2022-10-04
3,26,2,24,0,Durham,2023-02-18
3,13,2,11,0,Edgecombe,2022-12-05
3,14,2,12,0,Edgecombe,2023-01-08
3,7,2,5,0,Franklin,2022-11-16
3,20,2,18,0,Franklin,2022-12-07
3,10,2,8,0,Franklin,2022-12-18
3,17,2,15,0,Franklin,2023-01-17
3,18,2,16,0,Gaston,2022-10-12
3,15,2,13,0,Gaston,2022-11-24
3,15,2,13,0,Gaston,2022-12-25
3,18,2,16,0,Granville,2022-09-27
3,16,2,14,0,Granville,2022-11-30
3,19,2,17,0,Granville,2023-01-06
3,12,2,10,0,Granville,2023-01-07
3,16,2,14,0,Granville,2023-02-08
3,8,2,6,0,Greene,2022-09-15
3,11,2,9,0,Greene,2022-12-13
3,11,2,9,0,Greene,2023-01-17
3,15,2,13,0,Halifax,2022-10-12
3,5,2,3,0,Halifax,2022-11-12
3,6,2,4,0,Halifax,2023-02-21
3,11,2,9,0,Halifax,2023-02-22
3,12,2,10,0,Harnett,2022-10-17
3,23,2,21,0,Harnett,2022-10-24
3,14,2,12,0,Harnett,2022-11-22
3,24,2,22,0,Harnett,2022-12-02
3,11,2,9,0,Harnett,2023-02-28
3,6,2,4,0,Henderson,2023-03-02
3,8,2,6,0,Hertford,2023-01-24
3,16,2,14,0,Hoke,2022-09-26
3,8,2,6,0,Hoke,2022-10-13
3,5,2,3,0,Hoke,2023-02-26
3,9,2,7,0,Iredell,2023-03-07
3,8,2,6,0,Iredell,2023-03-08
3,11,2,9,0,Johnston,2023-02-26
3,8,2,6,0,Lee,2022-10-10
3,3,2,1,0,Lee,2022-11-19
3,15,2,13,0,Lee,2022-12-27
3,7,2,5,0,Lee,2023-01-18
3,6,2,4,0,Lenoir,2022-12-01
3,7,2,5,0,Lenoir,2022-12-18
3,16,2,14,0,Lenoir,2022-12-23
3,17,2,15,0,Lenoir,2023-02-20
3,6,2,4,0,Lincoln,2022-10-01
3,14,2,12,0,Lincoln,2022-10-28
3,10,2,8,0,Lincoln,2022-11-21
3,13,2,11,0,Lincoln,2022-12-31
3,4,2,2,0,Lincoln,2023-03-05
3,8,2,6,0,Macon,2023-01-03
3,7,2,5,0,Madison,2023-01-03
3,7,2,5,0,McDowell,2022-09-17
3,8,2,6,0,McDowell,2022-12-17
3,6,2,4,0,McDowell,2023-03-08
3,5,2,3,0,Mitchell,2023-01-11
3,7,2,5,0,Montgomery,2022-09-15
3,11,2,9,0,Montgomery,2022-09-27
3,10,2,8,0,Moore,2022-10-08
3,7,2,5,0,Moore,2023-02-05
3,13,2,11,0,Nash,2022-09-25
3,9,2,7,0,Nash,2022-11-18
3,7,2,5,0,Nash,2022-12-02
3,8,2,6,0,Nash,2023-02-16
3,13,2,11,0,New Hanover,2022-10-07
3,9,2,7,0,New Hanover,2022-10-25
3,8,2,6,0,Northampton,2022-09-14
3,8,2,6,0,Northampton,2022-11-02
3,6,2,4,0,Northampton,2022-12-13
3,5,2,3,0,Northampton,2023-02-01
3,11,2,9,0,Northampton,2023-02-08
3,18,2,16,0,Onslow,2022-11-09
3,11,2,9,0,Onslow,2023-01-14
3,16,2,14,0,Onslow,2023-01-15
3,17,2,15,0,Onslow,2023-02-17
3,36,2,34,0,Orange,2022-09-13
3,20,2,18,0,Orange,2022-11-06
3,9,2,7,0,Orange,2023-03-02
3,12,2,10,0,Pender,2022-10-10
3,11,2,9,0,Pender,2022-12-16
3,5,2,3,0,Perquimans,2023-01-26
3,10,2,8,0,Person,2022-09-28
3,4,2,2,0,Polk,2022-10-12
3,11,2,9,0,Randolph,2022-11-02
3,9,2,7,0,Richmond,2023-02-14
3,16,2,14,0,Rockingham,2022-09-28
3,6,2,4,0,Rockingham,2022-11-11
3,16,2,14,0,Rockingham,2022-12-16
3,15,2,13,0,Rockingham,2023-01-24
3,18,2,16,0,Rowan,2022-09-17
3,7,2,5,0,Rowan,2022-10-01
3,25,2,23,0,Rowan,2022-10-31
3,5,2,3,0,Rowan,2022-11-06
3,4,2,2,0,Rowan,2023-03-09
3,5,2,3,0,Rutherford,2022-11-11
3,8,2,6,0,Rutherford,2022-11-21
3,6,2,4,0,Scotland,2022-12-01
3,8,2,6,0,Stanly,2023-03-09
3,10,2,8,0,Stokes,2022-10-06
3,9,2,7,0,Stokes,2022-11-02
3,16,2,14,0,Stokes,2022-12-17
3,8,2,6,0,Stokes,2023-01-07
3,10,2,8,0,Stokes,2023-01-27
3,14,2,12,0,Stokes,2023-02-07
3,8,2,6,0,Stokes,2023-02-22
3,11,2,9,0,Surry,2022-11-18
3,6,2,4,0,Transylvania,2022-10-08
3,9,2,7,0,Transylvania,2023-01-19
3,27,2,25,0,Union,2022-11-14
3,24,2,22,0,Union,2023-01-08
3,24,2,22,0,Union,2023-02-11
3,14,2,12,0,Union,2023-02-23
3,4,2,2,0,Warren,2023-02-01
3,7,2,5,0,Warren,2023-02-10
3,4,2,2,0,Washington,2022-12-22
3,10,2,8,0,Watauga,2023-01-30
3,7,2,5,0,Watauga,2023-02-27
3,6,2,4,0,Watauga,2023-03-08
3,6,2,4,0,Wilson,2022-11-09
3,10,2,8,0,Yadkin,2022-10-02
3,9,2,7,0,Yadkin,2022-10-04
3,8,2,6,0,Yadkin,2022-11-09
3,11,2,9,0,Yadkin,2022-12-31
3,9,2,7,0,Yadkin,2023-01-07
3,6,3,3,0,Alamance,2022-11-24
3,25,3,22,0,Alamance,2023-02-17
3,20,3,17,0,Alexander,2022-09-13
3,9,3,6,0,Alexander,2022-12-13
3,9,3,6,0,Alexander,2022-12-21
3,5,3,2,0,Alexander,2022-12-31
3,8,3,5,0,Anson,2022-12-30
3,11,3,8,0,Anson,2023-01-23
3,5,3,2,0,Ashe,2022-10-03
3,5,3,2,0,Ashe,2022-12-22
3,13,3,10,0,Beaufort,2022-09-28
3,7,3,4,0,Beaufort,2023-01-05
3,10,3,7,0,Beaufort,2023-02-21
3,21,3,18,0,Bladen,2022-12-28
3,21,3,18,0,Brunswick,2022-09-30
3,20,3,17,0,Brunswick,2022-10-20
3,18,3,15,0,Brunswick,2022-11-03
3,18,3,15,0,Brunswick,2022-11-27
3,18,3,15,0,Brunswick,2023-01-22
3,21,3,18,0,Burke,2023-02-20
3,11,3,8,0,Burke,2023-02-21
3,11,3,8,0,Cabarrus,2022-10-08
3,14,3,11,0,Cabarrus,2022-10-19
3,21,3,18,0,Cabarrus,2022-11-21
3,14,3,11,0,Caldwell,2023-01-28
3,10,3,7,0,Carteret,2023-01-25
3,6,3,3,0,Caswell,2022-10-13
3,14,3,11,0,Chatham,2022-11-02
3,16,3,13,0,Chatham,2022-12-08
3,22,3,19,0,Chatham,2022-12-19
3,24,3,21,0,Chatham,2023-01-10
3,9,3,6,0,Chatham,2023-01-22
3,6,3,3,0,Chatham,2023-03-06
3,13,3,10,0,Cherokee,2023-01-03
3,12,3,9,0,Cherokee,2023-01-04
3,5,3,2,0,Clay,2023-01-18
3,20,3,17,0,Cleveland,2022-09-20
3,21,3,18,0,Cleveland,2022-09-27
3,15,3,12,0,Cleveland,2022-10-01
3,13,3,10,0,Cleveland,2022-11-03
3,14,3,11,0,Cleveland,2022-11-21
3,13,3,10,0,Cleveland,2023-01-15
3,14,3,11,0,Cleveland,2023-02-16
3,11,3,8,0,Cleveland,2023-02-22
3,10,3,7,0,Cleveland,2023-02-27
3,9,3,6,0,Columbus,2022-12-08
3,19,3,16,0,Craven,2023-01-13
3,14,3,11,0,Craven,2023-02-23
3,36,3,33,0,Cumberland,2022-11-09
3,14,3,11,0,Davidson,2023-02-19
3,8,3,5,0,Davidson,2023-03-04
3,10,3,7,0,Davie,2022-11-01
3,13,3,10,0,Davie,2022-12-07
3,15,3,12,0,Davie,2022-12-20
3,9,3,6,0,Duplin,2023-02-28
3,4,3,1,0,Duplin,2023-03-02
3,39,3,36,0,Durham,2022-10-21
3,38,3,35,0,Durham,2022-11-01
3,17,3,14,0,Edgecombe,2022-09-14
3,7,3,4,0,Edgecombe,2022-10-14
3,13,3,10,0,Edgecombe,2023-01-30
3,37,3,34,0,Forsyth,2022-10-08
3,26,3,23,0,Forsyth,2022-11-19
3,14,3,11,0,Franklin,2022-10-12
3,18,3,15,0,Franklin,2022-12-23
3,7,3,4,0,Franklin,2023-01-22
3,11,3,8,0,Franklin,2023-02-15
3,18,3,15,0,Gaston,2022-11-12
3,11,3,8,0,Granville,2022-10-12
3,11,3,8,0,Granville,2022-12-15
3,8,3,5,0,Halifax,2022-11-23
3,10,3,7,0,Halifax,2023-01-31
3,5,3,2,0,Halifax,2023-02-11
3,6,3,3,0,Halifax,2023-03-03
3,9,3,6,0,Harnett,2022-11-04
3,24,3,21,0,Harnett,2022-12-01
3,12,3,9,0,Harnett,2023-02-23
3,11,3,8,0,Henderson,2022-09-25
3,15,3,12,0,Henderson,2022-11-18
3,11,3,8,0,Henderson,2022-11-19
3,8,3,5,0,Hertford,2022-12-27
3,10,3,7,0,Hertford,2022-12-29
3,16,3,13,0,Hoke,2022-09-16
3,7,3,4,0,Hoke,2022-11-23
3,5,3,2,0,Hoke,2022-12-07
3,12,3,9,0,Hoke,2022-12-20
3,12,3,9,0,Hoke,2023-01-02
3,8,3,5,0,Hoke,2023-01-14
3,7,3,4,0,Hoke,2023-02-05
3,5,3,2,0,Jackson,2022-12-16
3,7,3,4,0,Jackson,2023-01-05
3,7,3,4,0,Jackson,2023-01-20
3,10,3,7,0,Johnston,2023-03-11
3,6,3,3,0,Jones,2022-12-19
3,4,3,1,0,Jones,2022-12-27
3,12,3,9,0,Lee,2023-01-23
3,8,3,5,0,Lee,2023-02-02
3,9,3,6,0,Lenoir,2022-11-04
3,12,3,9,0,Lenoir,2023-01-22
3,10,3,7,0,Lenoir,2023-02-22
3,17,3,14,0,Lincoln,2022-09-23
3,10,3,7,0,Lincoln,2022-12-10
3,14,3,11,0,Lincoln,2023-01-26
3,9,3,6,0,Lincoln,2023-01-28
3,8,3,5,0,Macon,2022-12-30
3,9,3,6,0,McDowell,2022-11-01
3,14,3,11,0,McDowell,2022-11-06
3,8,3,5,0,McDowell,2022-12-11
3,10,3,7,0,McDowell,2023-01-13
3,7,3,4,0,McDowell,2023-02-14
3,7,3,4,0,Mitchell,2023-01-23
3,5,3,2,0,Montgomery,2022-11-10
3,6,3,3,0,Montgomery,2023-01-18
3,16,3,13,0,Moore,2023-02-07
3,11,3,8,0,Moore,2023-02-21
3,11,3,8,0,Nash,2022-11-21
3,12,3,9,0,Nash,2022-12-25
3,17,3,14,0,Nash,2023-01-13
3,8,3,5,0,Nash,2023-01-26
3,13,3,10,0,New Hanover,2022-10-27
3,11,3,8,0,New Hanover,2022-11-05
3,9,3,6,0,Northampton,2023-01-05
3,8,3,5,0,Northampton,2023-01-12
3,19,3,16,0,Onslow,2022-09-17
3,15,3,12,0,Onslow,2022-11-08
3,36,3,33,0,Onslow,2023-01-19
3,33,3,30,0,Orange,2022-12-06
3,18,3,15,0,Pender,2022-09-26
3,14,3,11,0,Pender,2022-12-15
3,9,3,6,0,Pender,2023-01-28
3,9,3,6,0,Person,2022-09-23
3,11,3,8,0,Person,2023-01-20
3,5,3,2,0,Person,2023-02-01
3,13,3,10,0,Richmond,2022-12-28
3,15,3,12,0,Richmond,2023-01-12
3,14,3,11,0,Richmond,2023-01-25
3,12,3,9,0,Richmond,2023-02-06
3,7,3,4,0,Robeson,2023-02-18
3,8,3,5,0,Robeson,2023-02-28
3,12,3,9,0,Rockingham,2022-10-25
3,16,3,13,0,Rockingham,2022-11-30
3,16,3,13,0,Rockingham,2022-12-09
3,18,3,15,0,Rockingham,2023-02-08
3,21,3,18,0,Rowan,2022-11-04
3,8,3,5,0,Rowan,2023-02-25
3,4,3,1,0,Rutherford,2022-10-10
3,14,3,11,0,Rutherford,2022-10-17
3,9,3,6,0,Rutherford,2022-10-20
3,10,3,7,0,Rutherford,2022-12-15
3,7,3,4,0,Scotland,2022-09-26
3,4,3,1,0,Scotland,2022-10-28
3,6,3,3,0,Scotland,2023-02-15
3,5,3,2,0,Scotland,2023-02-19
3,12,3,9,0,Stokes,2022-11-30
3,19,3,16,0,Stokes,2023-01-19
3,14,3,11,0,Stokes,2023-02-20
3,16,3,13,0,Surry,2023-01-31
3,7,3,4,0,Swain,2023-01-08
3,5,3,2,0,Transylvania,2022-09-24
3,9,3,6,0,Transylvania,2022-10-06
3,18,3,15,0,Union,2022-10-08
3,17,3,14,0,Union,2022-10-18
3,16,3,13,0,Union,2022-10-22
3,26,3,23,0,Union,2022-11-03
3,11,3,8,0,Vance,2022-12-16
3,20,3,17,0,Vance,2023-01-05
3,10,3,7,0,Vance,2023-01-23
3,14,3,11,0,Warren,2022-12-19
3,10,3,7,0,Warren,2023-02-06
3,6,3,3,0,Washington,2023-02-13
3,18,3,15,0,Watauga,2022-09-21
3,6,3,3,0,Watauga,2022-10-01
3,7,3,4,0,Watauga,2022-12-01
3,7,3,4,0,Watauga,2023-01-09
3,12,3,9,0,Wayne,2022-10-02
3,7,3,4,0,Wayne,2022-11-25
3,11,3,8,0,Wilkes,2022-10-04
3,12,3,9,0,Wilkes,2022-10-13
3,10,3,7,0,Wilkes,2022-10-29
3,8,3,5,0,Wilkes,2023-02-19
3,6,3,3,0,Wilkes,2023-03-04
3,6,3,3,0,Wilson,2022-11-04
3,5,3,2,0,Wilson,2023-03-03
3,12,3,9,0,Yadkin,2022-09-28
3,7,3,4,0,Yadkin,2022-10-08
3,6,3,3,0,Yadkin,2023-01-24
3,11,3,8,0,Yadkin,2023-01-31
3,10,3,7,0,Yadkin,2023-02-07
3,6,3,3,0,Yancey,2022-11-30
3,8,3,5,0,Yancey,2023-01-05
3,6,3,3,0,Yancey,2023-01-09
3,13,4,9,0,Alamance,2022-11-11
3,15,4,11,0,Alexander,2022-09-21
3,16,4,12,0,Alexander,2022-11-28
3,6,4,2,0,Alexander,2022-12-19
3,10,4,6,0,Alexander,2022-12-27
3,17,4,13,0,Alexander,2022-12-28
3,8,4,4,0,Alexander,2023-02-09
3,7,4,3,0,Anson,2023-01-04
3,5,4,1,0,Anson,2023-03-08
3,6,4,2,0,Avery,2022-12-08
3,15,4,11,0,Beaufort,2022-12-09
3,11,4,7,0,Beaufort,2022-12-15
3,11,4,7,0,Beaufort,2023-01-09
3,11,4,7,0,Beaufort,2023-02-15
3,24,4,20,0,Brunswick,2022-10-13
3,18,4,14,0,Brunswick,2023-01-26
3,9,4,5,0,Brunswick,2023-03-03
3,15,4,11,0,Cabarrus,2022-11-11
3,27,4,23,0,Cabarrus,2022-11-15
3,15,4,11,0,Cabarrus,2023-03-03
3,7,4,3,0,Cabarrus,2023-03-09
3,18,4,14,0,Caldwell,2022-10-06
3,12,4,8,0,Caldwell,2022-10-29
3,13,4,9,0,Caldwell,2022-12-11
3,14,4,10,0,Catawba,2022-11-18
3,11,4,7,0,Catawba,2023-02-11
3,11,4,7,0,Chatham,2022-09-24
3,18,4,14,0,Chatham,2022-11-01
3,16,4,12,0,Chatham,2022-12-10
3,18,4,14,0,Chatham,2022-12-21
3,15,4,11,0,Chatham,2023-01-17
3,9,4,5,0,Chatham,2023-02-21
3,19,4,15,0,Cleveland,2022-09-14
3,13,4,9,0,Cleveland,2022-10-03
3,10,4,6,0,Columbus,2022-11-03
3,17,4,13,0,Columbus,2022-12-22
3,8,4,4,0,Columbus,2023-02-08
3,10,4,6,0,Craven,2023-02-03
3,16,4,12,0,Cumberland,2022-11-05
3,26,4,22,0,Cumberland,2022-11-10
3,12,4,8,0,Cumberland,2022-11-19
3,16,4,12,0,Cumberland,2023-03-09
3,9,4,5,0,Currituck,2022-10-13
3,8,4,4,0,Davie,2022-10-19
3,9,4,5,0,Davie,2023-01-31
3,10,4,6,0,Davie,2023-02-13
3,10,4,6,0,Duplin,2022-11-28
3,8,4,4,0,Duplin,2022-11-29
3,11,4,7,0,Duplin,2022-12-01
3,15,4,11,0,Duplin,2023-02-08
3,11,4,7,0,Duplin,2023-02-20
3,10,4,6,0,Duplin,2023-02-24
3,49,4,45,0,Durham,2022-12-01
3,12,4,8,0,Durham,2023-03-11
3,23,4,19,0,Forsyth,2022-10-22
3,12,4,8,0,Franklin,2022-10-28
3,15,4,11,0,Franklin,2022-12-06
3,10,4,6,0,Gaston,2022-10-15
3,23,4,19,0,Gaston,2022-10-21
3,13,4,9,0,Gaston,2022-11-13
3,10,4,6,0,Granville,2022-09-29
3,11,4,7,0,Granville,2022-11-18
3,11,4,7,0,Granville,2023-02-10
3,11,4,7,0,Granville,2023-02-16
3,11,4,7,0,Granville,2023-02-23
3,9,4,5,0,Halifax,2022-12-09
3,16,4,12,0,Halifax,2023-01-10
3,11,4,7,0,Halifax,2023-02-15
3,14,4,10,0,Harnett,2022-10-07
3,11,4,7,0,Harnett,2022-11-01
3,7,4,3,0,Haywood,2023-01-28
3,16,4,12,0,Henderson,2022-11-21
3,9,4,5,0,Hertford,2022-12-08
3,8,4,4,0,Hertford,2023-01-04
3,22,4,18,0,Hoke,2022-09-20
3,16,4,12,0,Hoke,2023-01-06
3,9,4,5,0,Iredell,2023-03-11
3,17,4,13,0,Johnston,2022-11-17
3,17,4,13,0,Lenoir,2023-01-10
3,14,4,10,0,Lenoir,2023-01-19
3,13,4,9,0,Lincoln,2022-09-29
3,7,4,3,0,Lincoln,2022-11-22
3,14,4,10,0,McDowell,2022-11-30
3,10,4,6,0,McDowell,2023-01-03
3,17,4,13,0,McDowell,2023-01-06
3,10,4,6,0,McDowell,2023-01-26
3,12,4,8,0,McDowell,2023-02-06
3,5,4,1,0,Mitchell,2023-01-20
3,10,4,6,0,Montgomery,2023-01-03
3,10,4,6,0,Montgomery,2023-01-23
3,13,4,9,0,Moore,2023-01-29
3,16,4,12,0,Moore,2023-02-13
3,15,4,11,0,Moore,2023-02-20
3,10,4,6,0,Nash,2022-12-07
3,14,4,10,0,Nash,2023-01-18
3,15,4,11,0,Nash,2023-01-19
3,17,4,13,0,Nash,2023-02-13
3,21,4,17,0,New Hanover,2022-09-29
3,18,4,14,0,New Hanover,2022-10-11
3,8,4,4,0,New Hanover,2022-10-30
3,24,4,20,0,New Hanover,2023-02-09
3,11,4,7,0,New Hanover,2023-03-02
3,7,4,3,0,Northampton,2023-01-09
3,10,4,6,0,Onslow,2022-10-10
3,13,4,9,0,Onslow,2022-12-10
3,43,4,39,0,Orange,2022-09-21
3,9,4,5,0,Person,2022-10-21
3,4,4,0,0,Polk,2023-01-26
3,8,4,4,0,Randolph,2022-10-22
3,19,4,15,0,Randolph,2023-01-21
3,7,4,3,0,Randolph,2023-02-27
3,8,4,4,0,Randolph,2023-03-02
3,13,4,9,0,Richmond,2022-12-22
3,16,4,12,0,Rockingham,2023-02-15
3,16,4,12,0,Rowan,2023-02-22
3,9,4,5,0,Rutherford,2022-09-22
3,12,4,8,0,Rutherford,2022-09-26
3,11,4,7,0,Rutherford,2022-11-28
3,7,4,3,0,Rutherford,2022-12-18
3,6,4,2,0,Sampson,2023-02-19
3,7,4,3,0,Scotland,2023-01-18
3,18,4,14,0,Stanly,2023-01-11
3,13,4,9,0,Stokes,2022-10-17
3,11,4,7,0,Stokes,2022-10-25
3,12,4,8,0,Stokes,2023-01-20
3,12,4,8,0,Surry,2022-10-20
3,13,4,9,0,Surry,2023-02-28
3,15,4,11,0,Transylvania,2022-12-15
3,21,4,17,0,Union,2022-11-11
3,17,4,13,0,Vance,2022-09-19
3,7,4,3,0,Vance,2022-12-17
3,8,4,4,0,Warren,2023-02-15
3,8,4,4,0,Watauga,2022-11-08
3,10,4,6,0,Wayne,2022-11-11
3,13,4,9,0,Wayne,2022-11-16
3,5,4,1,0,Wilkes,2022-11-13
3,11,4,7,0,Wilkes,2023-02-14
3,10,4,6,0,Yadkin,2022-12-10
3,12,4,8,0,Yadkin,2022-12-22
3,15,4,11,0,Yadkin,2022-12-23
3,13,4,9,0,Yadkin,2023-02-08
3,52,5,47,0,Alamance,2022-09-15
3,10,5,5,0,Alexander,2022-10-11
3,11,5,6,0,Alexander,2022-12-22
3,5,5,0,0,Alleghany,2022-10-02
3,5,5,0,0,Anson,2022-12-25
3,7,5,2,0,Avery,2022-10-25
3,8,5,3,0,Avery,2022-12-09
3,9,5,4,0,Beaufort,2022-10-25
3,9,5,4,0,Beaufort,2023-02-14
3,7,5,2,0,Beaufort,2023-02-22
3,32,5,27,0,Brunswick,2022-10-10
3,13,5,8,0,Brunswick,2022-11-04
3,7,5,2,0,Buncombe,2023-03-05
3,17,5,12,0,Burke,2022-10-17
3,19,5,14,0,Burke,2022-11-28
3,17,5,12,0,Cabarrus,2022-10-01
3,19,5,14,0,Cabarrus,2022-11-26
3,17,5,12,0,Caldwell,2022-11-17
3,14,5,9,0,Carteret,2023-01-11
3,5,5,0,0,Carteret,2023-02-15
3,16,5,11,0,Catawba,2022-11-27
3,21,5,16,0,Catawba,2023-01-15
3,15,5,10,0,Catawba,2023-03-07
3,22,5,17,0,Chatham,2022-12-14
3,26,5,21,0,Chatham,2022-12-30
3,20,5,15,0,Chatham,2023-01-18
3,7,5,2,0,Cherokee,2023-02-06
3,5,5,0,0,Clay,2023-01-30
3,9,5,4,0,Columbus,2022-09-28
3,5,5,0,0,Columbus,2022-10-10
3,27,5,22,0,Columbus,2022-12-28
3,15,5,10,0,Craven,2022-10-05
3,17,5,12,0,Craven,2023-02-20
3,24,5,19,0,Davidson,2022-10-26
3,6,5,1,0,Davie,2022-12-02
3,9,5,4,0,Davie,2023-02-21
3,8,5,3,0,Duplin,2022-12-06
3,12,5,7,0,Duplin,2022-12-16
3,13,5,8,0,Duplin,2023-02-09
3,37,5,32,0,Forsyth,2023-02-19
3,18,5,13,0,Franklin,2023-02-06
3,11,5,6,0,Gaston,2023-03-01
3,18,5,13,0,Gaston,2023-03-08
3,10,5,5,0,Gaston,2023-03-11
3,14,5,9,0,Granville,2023-01-08
3,12,5,7,0,Granville,2023-01-22
3,33,5,28,0,Guilford,2022-11-12
3,14,5,9,0,Halifax,2023-01-16
3,13,5,8,0,Haywood,2022-11-28
3,6,5,1,0,Haywood,2023-01-19
3,7,5,2,0,Haywood,2023-02-23
3,11,5,6,0,Henderson,2022-10-22
3,13,5,8,0,Henderson,2022-11-17
3,18,5,13,0,Henderson,2023-01-18
3,10,5,5,0,Hertford,2023-01-18
3,10,5,5,0,Hertford,2023-02-01
3,12,5,7,0,Hoke,2022-10-03
3,13,5,8,0,Hoke,2022-12-13
3,16,5,11,0,Iredell,2023-01-28
3,12,5,7,0,Iredell,2023-02-26
3,9,5,4,0,Iredell,2023-03-09
3,22,5,17,0,Lee,2022-09-21
3,10,5,5,0,Lee,2022-12-05
3,17,5,12,0,Lee,2023-01-10
3,16,5,11,0,Lenoir,2023-01-17
3,6,5,1,0,Macon,2023-01-25
3,6,5,1,0,Madison,2023-02-20
3,15,5,10,0,McDowell,2022-12-15
3,16,5,11,0,McDowell,2022-12-30
3,6,5,1,0,McDowell,2023-01-21
3,12,5,7,0,Montgomery,2023-01-12
3,8,5,3,0,Montgomery,2023-01-30
3,12,5,7,0,Nash,2022-10-02
3,18,5,13,0,Nash,2022-12-23
3,19,5,14,0,Nash,2023-01-17
3,15,5,10,0,New Hanover,2022-12-04
3,18,5,13,0,New Hanover,2023-02-22
3,10,5,5,0,Onslow,2022-10-15
3,28,5,23,0,Orange,2023-01-23
3,10,5,5,0,Pasquotank,2022-09-19
3,12,5,7,0,Pasquotank,2022-12-27
3,19,5,14,0,Pender,2022-09-15
3,16,5,11,0,Pender,2023-01-05
3,10,5,5,0,Person,2022-09-18
3,8,5,3,0,Person,2022-09-24
3,11,5,6,0,Randolph,2022-10-27
3,7,5,2,0,Richmond,2022-11-03
3,13,5,8,0,Richmond,2023-02-03
3,6,5,1,0,Robeson,2022-11-15
3,7,5,2,0,Robeson,2023-03-04
3,14,5,9,0,Rockingham,2022-11-22
3,12,5,7,0,Rockingham,2022-12-31
3,19,5,14,0,Rowan,2022-10-24
3,15,5,10,0,Rutherford,2023-01-12
3,7,5,2,0,Sampson,2022-12-04
3,8,5,3,0,Sampson,2023-02-23
3,10,5,5,0,Scotland,2023-01-24
3,16,5,11,0,Stokes,2022-10-03
3,13,5,8,0,Stokes,2023-01-24
3,16,5,11,0,Surry,2022-10-27
3,16,5,11,0,Surry,2022-11-02
3,15,5,10,0,Surry,2023-02-08
3,10,5,5,0,Surry,2023-02-12
3,15,5,10,0,Vance,2022-12-21
3,5,5,0,0,Washington,2023-01-03
3,9,5,4,0,Wilkes,2022-09-29
3,13,5,8,0,Wilkes,2022-10-21
3,8,5,3,0,Wilkes,2023-01-08
3,9,5,4,0,Wilkes,2023-02-17
3,11,5,6,0,Wilkes,2023-02-24
3,11,5,6,0,Wilson,2023-02-11
3,16,5,11,0,Yadkin,2023-01-26
3,19,6,13,0,Alamance,2022-10-28
3,16,6,10,0,Alamance,2022-11-05
3,6,6,0,0,Alleghany,2022-12-01
3,12,6,6,0,Beaufort,2023-02-27
3,17,6,11,0,Brunswick,2022-11-23
3,22,6,16,0,Buncombe,2022-11-06
3,15,6,9,0,Buncombe,2022-11-12
3,10,6,4,0,Buncombe,2023-02-26
3,21,6,15,0,Burke,2022-12-09
3,21,6,15,0,Burke,2022-12-10
3,31,6,25,0,Burke,2023-01-06
3,24,6,18,0,Cabarrus,2022-10-20
3,22,6,16,0,Cabarrus,2023-02-21
3,14,6,8,0,Cabarrus,2023-03-04
3,12,6,6,0,Caldwell,2022-10-25
3,17,6,11,0,Caldwell,2022-11-21
3,13,6,7,0,Catawba,2022-12-18
3,13,6,7,0,Chatham,2022-10-04
3,21,6,15,0,Chatham,2022-11-29
3,31,6,25,0,Cleveland,2022-12-21
3,12,6,6,0,Cleveland,2023-01-22
3,13,6,7,0,Columbus,2022-09-14
3,9,6,3,0,Columbus,2022-11-16
3,16,6,10,0,Craven,2022-11-01
3,17,6,11,0,Craven,2023-01-16
3,19,6,13,0,Craven,2023-01-31
3,18,6,12,0,Davidson,2022-10-23
3,16,6,10,0,Davidson,2023-03-03
3,9,6,3,0,Davie,2022-10-24
3,12,6,6,0,Davie,2022-11-29
3,6,6,0,0,Duplin,2023-02-12
3,13,6,7,0,Duplin,2023-02-15
3,44,6,38,0,Durham,2022-10-14
3,47,6,41,0,Forsyth,2022-09-25
3,24,6,18,0,Gaston,2022-10-08
3,22,6,16,0,Gaston,2022-10-14
3,11,6,5,0,Granville,2022-12-24
3,15,6,9,0,Granville,2022-12-26
3,17,6,11,0,Granville,2023-01-25
3,17,6,11,0,Harnett,2023-02-03
3,19,6,13,0,Harnett,2023-02-14
3,12,6,6,0,Haywood,2022-12-13
3,7,6,1,0,Haywood,2022-12-23
3,12,6,6,0,Haywood,2023-02-21
3,13,6,7,0,Henderson,2022-11-04
3,19,6,13,0,Henderson,2022-12-02
3,18,6,12,0,Henderson,2023-01-25
3,14,6,8,0,Hoke,2022-09-22
3,21,6,15,0,Iredell,2022-09-30
3,9,6,3,0,Jackson,2022-12-28
3,24,6,18,0,Johnston,2022-09-30
3,31,6,25,0,Johnston,2022-10-07
3,18,6,12,0,Lee,2022-12-17
3,10,6,4,0,Lee,2023-02-06
3,7,6,1,0,Lee,2023-02-19
3,14,6,8,0,Lincoln,2023-01-07
3,10,6,4,0,Lincoln,2023-02-24
3,16,6,10,0,Macon,2022-12-29
3,18,6,12,0,McDowell,2022-09-26
3,14,6,8,0,McDowell,2023-01-10
3,15,6,9,0,Moore,2023-01-07
3,16,6,10,0,New Hanover,2022-10-09
3,13,6,7,0,New Hanover,2023-03-07
3,11,6,5,0,Northampton,2023-01-03
3,22,6,16,0,Person,2022-12-28
3,21,6,15,0,Pitt,2022-11-21
3,15,6,9,0,Pitt,2023-02-25
3,11,6,5,0,Randolph,2022-11-18
3,14,6,8,0,Randolph,2023-02-17
3,11,6,5,0,Randolph,2023-02-24
3,12,6,6,0,Robeson,2022-09-25
3,16,6,10,0,Robeson,2022-10-28
3,8,6,2,0,Robeson,2022-11-16
3,13,6,7,0,Rowan,2022-12-10
3,16,6,10,0,Sampson,2022-11-28
3,9,6,3,0,Sampson,2022-12-02
3,11,6,5,0,Scotland,2022-10-04
3,9,6,3,0,Scotland,2022-12-16
3,7,6,1,0,Scotland,2023-01-26
3,8,6,2,0,Scotland,2023-01-27
3,10,6,4,0,Surry,2023-02-16
3,10,6,4,0,Transylvania,2022-09-14
3,33,6,27,0,Union,2023-02-21
3,12,6,6,0,Vance,2022-12-06
3,13,6,7,0,Vance,2023-01-30
3,11,6,5,0,Vance,2023-02-03
3,10,6,4,0,Warren,2023-01-09
3,16,6,10,0,Watauga,2023-01-25
3,18,6,12,0,Wayne,2022-09-24
3,11,6,5,0,Wayne,2022-10-20
3,16,6,10,0,Wayne,2022-11-07
3,12,6,6,0,Wilkes,2022-09-27
3,12,6,6,0,Wilkes,2022-10-17
3,12,6,6,0,Wilkes,2022-12-11
3,18,6,12,0,Yadkin,2023-01-09
3,12,7,5,0,Alexander,2022-12-14
3,12,7,5,0,Beaufort,2023-01-19
3,7,7,0,0,Bladen,2022-11-26
3,13,7,6,0,Buncombe,2023-03-02
3,28,7,21,0,Burke,2022-09-22
3,12,7,5,0,Burke,2023-01-08
3,11,7,4,0,Catawba,2023-02-04
3,11,7,4,0,Clay,2022-11-01
3,8,7,1,0,Columbus,2022-10-13
3,18,7,11,0,Craven,2022-09-17
3,32,7,25,0,Cumberland,2022-10-02
3,21,7,14,0,Cumberland,2022-11-20
3,12,7,5,0,Cumberland,2023-03-05
3,29,7,22,0,Davidson,2022-10-11
3,27,7,20,0,Davidson,2022-11-01
3,10,7,3,0,Duplin,2022-11-22
3,24,7,17,0,Forsyth,2022-11-13
3,25,7,18,0,Gaston,2022-09-30
3,18,7,11,0,Gaston,2023-02-19
3,25,7,18,0,Granville,2022-12-21
3,17,7,10,0,Granville,2023-02-07
3,11,7,4,0,Harnett,2022-11-15
3,10,7,3,0,Haywood,2022-09-29
3,21,7,14,0,Henderson,2022-12-11
3,21,7,14,0,Henderson,2022-12-24
3,19,7,12,0,Iredell,2022-09-23
3,12,7,5,0,Lee,2022-11-30
3,18,7,11,0,Lee,2022-12-13
3,16,7,9,0,Lee,2022-12-26
3,14,7,7,0,Lee,2023-01-24
3,17,7,10,0,Lincoln,2022-12-23
3,20,7,13,0,Lincoln,2023-01-24
3,17,7,10,0,Moore,2022-09-13
3,18,7,11,0,New Hanover,2022-10-19
3,20,7,13,0,New Hanover,2022-11-25
3,25,7,18,0,Onslow,2022-10-05
3,23,7,16,0,Onslow,2022-10-12
3,9,7,2,0,Pasquotank,2023-01-19
3,15,7,8,0,Person,2022-12-26
3,16,7,9,0,Pitt,2022-11-04
3,17,7,10,0,Pitt,2022-11-09
3,18,7,11,0,Pitt,2022-11-26
3,16,7,9,0,Randolph,2022-09-24
3,18,7,11,0,Randolph,2022-11-23
3,21,7,14,0,Randolph,2023-01-08
3,13,7,6,0,Robeson,2022-10-02
3,15,7,8,0,Robeson,2022-11-22
3,23,7,16,0,Rockingham,2022-12-27
3,12,7,5,0,Rockingham,2023-01-13
3,12,7,5,0,Sampson,2022-10-04
3,12,7,5,0,Sampson,2022-10-27
3,12,7,5,0,Sampson,2023-02-07
3,8,7,1,0,Scotland,2022-12-24
3,12,7,5,0,Surry,2022-09-22
3,18,7,11,0,Surry,2022-10-17
3,30,7,23,0,Union,2022-10-07
3,23,7,16,0,Union,2023-02-18
3,11,7,4,0,Wayne,2023-01-22
3,8,7,1,0,Wayne,2023-03-08
3,18,7,11,0,Wilkes,2022-10-24
3,16,7,9,0,Wilkes,2022-11-03
3,11,7,4,0,Wilkes,2023-01-13
3,17,7,10,0,Wilkes,2023-01-17
3,14,7,7,0,Wilkes,2023-02-05
3,17,7,10,0,Wilson,2022-09-29
3,10,7,3,0,Wilson,2023-03-02
3,11,7,4,0,Yadkin,2022-11-25
3,14,8,6,0,Ashe,2022-12-19
3,20,8,12,0,Brunswick,2023-01-19
3,28,8,20,0,Brunswick,2023-01-30
3,22,8,14,0,Brunswick,2023-02-20
3,24,8,16,0,Buncombe,2022-11-17
3,27,8,19,0,Cabarrus,2022-11-17
3,31,8,23,0,Cabarrus,2023-02-03
3,11,8,3,0,Catawba,2023-01-22
3,32,8,24,0,Chatham,2022-12-29
3,15,8,7,0,Chatham,2023-02-23
3,9,8,1,0,Columbus,2022-09-27
3,12,8,4,0,Duplin,2023-01-12
3,10,8,2,0,Gates,2023-01-24
3,14,8,6,0,Halifax,2022-09-29
3,25,8,17,0,Henderson,2022-12-07
3,17,8,9,0,Henderson,2023-02-04
3,16,8,8,0,Henderson,2023-02-09
3,19,8,11,0,Iredell,2022-09-17
3,21,8,13,0,Iredell,2022-10-14
3,11,8,3,0,Jackson,2023-02-01
3,24,8,16,0,Johnston,2023-02-16
3,15,8,7,0,Lenoir,2022-09-16
3,11,8,3,0,Mitchell,2022-12-28
3,20,8,12,0,Moore,2022-10-03
3,13,8,5,0,Nash,2023-01-23
3,15,8,7,0,Nash,2023-02-07
3,27,8,19,0,New Hanover,2022-11-22
3,17,8,9,0,New Hanover,2023-02-14
3,12,8,4,0,Randolph,2023-02-28
3,17,8,9,0,Richmond,2022-09-26
3,19,8,11,0,Richmond,2022-12-10
3,15,8,7,0,Rutherford,2023-01-13
3,17,8,9,0,Rutherford,2023-01-18
3,15,8,7,0,Sampson,2022-12-31
3,16,8,8,0,Transylvania,2022-09-13
3,12,8,4,0,Transylvania,2022-09-16
3,13,8,5,0,Wayne,2023-03-02
3,15,8,7,0,Wilkes,2022-11-02
3,25,8,17,0,Wilson,2022-09-21
3,19,8,11,0,Wilson,2022-12-23
3,15,8,7,0,Wilson,2023-01-29
3,16,8,8,0,Yadkin,2022-12-12
3,14,9,5,0,Beaufort,2022-12-12
3,29,9,20,0,Brunswick,2022-12-24
3,18,9,9,0,Burke,2022-11-04
3,23,9,14,0,Cabarrus,2022-11-27
3,19,9,10,0,Carteret,2022-09-26
3,22,9,13,0,Chatham,2022-12-12
3,12,9,3,0,Chatham,2023-02-18
3,24,9,15,0,Craven,2022-11-28
3,13,9,4,0,Davie,2022-12-13
3,12,9,3,0,Duplin,2023-02-02
3,17,9,8,0,Granville,2022-12-07
3,12,9,3,0,Haywood,2022-10-24
3,14,9,5,0,Haywood,2023-01-25
3,23,9,14,0,Henderson,2022-10-26
3,21,9,12,0,Henderson,2022-12-08
3,20,9,11,0,Iredell,2022-11-16
3,22,9,13,0,Iredell,2022-12-11
3,19,9,10,0,Johnston,2023-02-05
3,19,9,10,0,McDowell,2022-12-28
3,10,9,1,0,Mitchell,2023-01-14
3,21,9,12,0,Moore,2022-10-24
3,18,9,9,0,Moore,2022-11-07
3,17,9,8,0,Randolph,2022-09-29
3,12,9,3,0,Randolph,2023-02-22
3,16,9,7,0,Richmond,2023-02-08
3,11,9,2,0,Robeson,2022-11-27
3,11,9,2,0,Sampson,2023-01-16
3,13,9,4,0,Sampson,2023-02-02
3,13,9,4,0,Sampson,2023-02-16
3,10,9,1,0,Scotland,2023-02-03
3,16,9,7,0,Stokes,2022-11-21
3,15,9,6,0,Stokes,2023-01-23
3,21,9,12,0,Surry,2022-09-15
3,23,9,14,0,Surry,2023-02-07
3,24,9,15,0,Surry,2023-02-13
3,11,9,2,0,Swain,2023-01-19
3,11,9,2,0,Wayne,2023-01-28
3,21,10,11,0,Brunswick,2022-10-31
3,26,10,16,0,Buncombe,2023-02-14
3,27,10,17,0,Cabarrus,2022-10-06
3,34,10,24,0,Cabarrus,2022-11-02
3,15,10,5,0,Carteret,2022-09-13
3,18,10,8,0,Carteret,2023-01-20
3,14,10,4,0,Carteret,2023-01-30
3,21,10,11,0,Catawba,2022-11-04
3,24,10,14,0,Chatham,2023-01-02
3,16,10,6,0,Duplin,2022-09-15
3,34,10,24,0,Guilford,2023-02-25
3,19,10,9,0,Harnett,2022-12-10
3,25,10,15,0,Henderson,2022-12-05
3,24,10,14,0,Henderson,2022-12-16
3,15,10,5,0,Johnston,2023-02-24
3,15,10,5,0,Lenoir,2023-01-01
3,19,10,9,0,Lincoln,2022-09-26
3,16,10,6,0,Lincoln,2022-10-07
3,39,10,29,0,New Hanover,2022-09-19
3,16,10,6,0,Pender,2023-01-26
3,36,10,26,0,Pitt,2022-10-10
3,20,10,10,0,Pitt,2022-11-25
3,21,10,11,0,Randolph,2022-11-28
3,25,10,15,0,Rockingham,2023-01-17
3,16,10,6,0,Rutherford,2022-10-31
3,12,10,2,0,Sampson,2022-10-19
3,15,10,5,0,Sampson,2022-12-06
3,14,10,4,0,Sampson,2022-12-16
3,14,10,4,0,Sampson,2023-01-20
3,13,10,3,0,Sampson,2023-02-14
3,15,10,5,0,Scotland,2022-09-19
3,10,10,0,0,Scotland,2022-12-15
3,19,10,9,0,Scotland,2023-01-04
3,26,10,16,0,Surry,2023-01-10
3,18,10,8,0,Wilkes,2022-10-31
3,37,11,26,0,Brunswick,2023-01-07
3,28,11,17,0,Buncombe,2022-09-25
3,16,11,5,0,Buncombe,2022-10-29
3,26,11,15,0,Carteret,2023-01-10
3,20,11,9,0,Catawba,2023-01-21
3,23,11,12,0,Craven,2023-01-02
3,31,11,20,0,Cumberland,2022-10-01
3,21,11,10,0,Granville,2023-01-12
3,13,11,2,0,Haywood,2022-10-27
3,20,11,9,0,Iredell,2022-11-10
3,23,11,12,0,Iredell,2022-11-26
3,19,11,8,0,Lincoln,2022-10-11
3,18,11,7,0,Lincoln,2023-01-25
3,76,11,65,0,Mecklenburg,2022-10-29
3,15,11,4,0,Montgomery,2022-12-27
3,20,11,9,0,Randolph,2022-10-02
3,19,11,8,0,Randolph,2023-01-19
3,18,11,7,0,Robeson,2022-10-01
3,16,11,5,0,Sampson,2022-12-26
3,13,11,2,0,Scotland,2022-12-31
3,30,11,19,0,Surry,2022-09-19
3,18,11,7,0,Surry,2023-02-23
3,24,12,12,0,Buncombe,2022-12-10
3,26,12,14,0,Catawba,2022-10-11
3,25,12,13,0,Henderson,2022-09-22
3,19,12,7,0,Iredell,2022-11-27
3,26,12,14,0,Iredell,2022-12-10
3,26,12,14,0,Moore,2022-09-18
3,27,12,15,0,New Hanover,2022-09-23
3,16,12,4,0,Pasquotank,2023-01-26
3,26,12,14,0,Robeson,2023-02-11
3,15,12,3,0,Wilkes,2022-12-31
3,25,13,12,0,Burke,2022-11-03
3,16,13,3,0,Moore,2022-11-25
3,29,13,16,0,Pitt,2023-01-27
3,21,13,8,0,Robeson,2022-09-18
3,19,13,6,0,Wayne,2022-10-18
3,24,13,11,0,Wilkes,2022-12-02
3,38,14,24,0,Franklin,2023-01-02
3,25,14,11,0,New Hanover,2022-11-30
3,30,14,16,0,New Hanover,2023-02-15
3,25,14,11,0,Sampson,2022-09-20
3,22,14,8,0,Wilkes,2022-09-18
3,21,15,6,0,Catawba,2022-11-29
3,29,15,14,0,Iredell,2022-10-06
3,16,15,1,0,Sampson,2023-01-30
3,21,15,6,0,Wayne,2022-11-09
3,23,16,7,0,Carteret,2022-12-23
3,25,16,9,0,Catawba,2022-11-08
3,25,16,9,0,Wayne,2022-12-06
3,34,17,17,0,Buncombe,2023-02-20
3,43,17,26,0,Craven,2022-09-22
3,26,17,9,0,Duplin,2023-01-23
3,31,17,14,0,New Hanover,2022-11-26
3,30,17,13,0,Sampson,2022-09-21
3,20,17,3,0,Wayne,2022-10-07
3,38,18,20,0,Iredell,2023-01-31
3,26,18,8,0,Sampson,2022-12-19
3,25,18,7,0,Sampson,2023-01-10
3,27,18,9,0,Wayne,2023-02-10
3,25,19,6,0,Carteret,2022-12-26
3,33,19,14,0,Craven,2022-12-24
3,33,19,14,0,Sampson,2023-01-04
3,46,21,25,0,Iredell,2022-09-20
3,50,24,26,0,New Hanover,2022-12-14
4,12,0,12,0,Alamance,2022-11-19
4,9,0,9,0,Anson,2022-12-19
4,13,0,13,0,Beaufort,2022-12-27
4,9,0,9,0,Bertie,2023-02-02
4,6,0,6,0,Bertie,2023-02-06
4,8,0,8,0,Brunswick,2023-02-16
4,13,0,13,0,Cabarrus,2023-02-26
4,15,0,15,0,Caldwell,2023-02-17
4,11,0,11,0,Chowan,2023-01-05
4,10,0,10,0,Dare,2023-01-26
4,10,0,10,0,Dare,2023-02-01
4,7,0,7,0,Dare,2023-02-08
4,8,0,8,0,Dare,2023-02-12
4,11,0,11,0,Edgecombe,2022-11-29
4,10,0,10,0,Edgecombe,2023-02-01
4,9,0,9,0,Edgecombe,2023-02-03
4,18,0,18,0,Gaston,2022-11-17
4,10,0,10,0,Granville,2023-02-15
4,4,0,4,0,Halifax,2023-01-14
4,8,0,8,0,Hertford,2023-02-22
4,15,0,15,0,Hoke,2023-02-13
4,9,0,9,0,Lenoir,2022-12-05
4,8,0,8,0,Madison,2022-10-10
4,5,0,5,0,McDowell,2022-10-09
4,7,0,7,0,McDowell,2022-10-16
4,13,0,13,0,McDowell,2022-11-17
4,12,0,12,0,McDowell,2022-12-12
4,5,0,5,0,Nash,2023-01-22
4,13,0,13,0,Onslow,2023-03-02
4,10,0,10,0,Onslow,2023-03-07
4,35,0,35,0,Orange,2023-01-10
4,10,0,10,0,Pender,2023-01-02
4,5,0,5,0,Richmond,2023-03-01
4,7,0,7,0,Rockingham,2022-10-11
4,8,0,8,0,Rutherford,2022-12-03
4,5,0,5,0,Stanly,2022-10-02
4,7,0,7,0,Stanly,2022-11-14
4,18,0,18,0,Stanly,2022-12-01
4,13,0,13,0,Stanly,2022-12-05
4,14,0,14,0,Vance,2023-01-25
4,13,0,13,0,Wayne,2022-12-25
4,6,1,5,0,Bertie,2022-12-06
4,12,1,11,0,Bladen,2023-01-30
4,8,1,7,0,Brunswick,2023-02-18
4,9,1,8,0,Burke,2023-02-02
4,17,1,16,0,Caldwell,2022-10-17
4,13,1,12,0,Caldwell,2023-02-05
4,8,1,7,0,Catawba,2022-11-20
4,11,1,10,0,Chatham,2022-11-21
4,12,1,11,0,Chatham,2023-01-21
4,11,1,10,0,Chatham,2023-01-26
4,14,1,13,0,Chatham,2023-01-31
4,7,1,6,0,Chowan,2023-01-26
4,7,1,6,0,Cleveland,2022-11-06
4,9,1,8,0,Cleveland,2022-11-08
4,7,1,6,0,Cleveland,2022-11-26
4,7,1,6,0,Cleveland,2023-01-08
4,19,1,18,0,Cleveland,2023-02-15
4,11,1,10,0,Columbus,2023-01-01
4,7,1,6,0,Columbus,2023-02-16
4,15,1,14,0,Davidson,2023-02-04
4,9,1,8,0,Davie,2022-11-04
4,12,1,11,0,Durham,2022-11-13
4,28,1,27,0,Durham,2022-12-04
4,17,1,16,0,Edgecombe,2022-09-28
4,10,1,9,0,Edgecombe,2023-01-11
4,10,1,9,0,Edgecombe,2023-02-06
4,6,1,5,0,Franklin,2022-10-19
4,12,1,11,0,Franklin,2022-11-30
4,17,1,16,0,Gaston,2023-03-06
4,11,1,10,0,Granville,2023-02-20
4,16,1,15,0,Greene,2023-01-09
4,8,1,7,0,Halifax,2022-10-21
4,15,1,14,0,Halifax,2022-10-26
4,9,1,8,0,Halifax,2022-12-24
4,5,1,4,0,Halifax,2023-03-04
4,12,1,11,0,Harnett,2022-10-11
4,8,1,7,0,Harnett,2022-10-28
4,13,1,12,0,Harnett,2023-02-21
4,14,1,13,0,Hoke,2023-02-15
4,16,1,15,0,Johnston,2022-10-14
4,13,1,12,0,Johnston,2023-02-25
4,11,1,10,0,Lee,2023-01-01
4,9,1,8,0,Lee,2023-01-30
4,13,1,12,0,Lenoir,2022-11-30
4,12,1,11,0,Lenoir,2023-01-11
4,13,1,12,0,Lenoir,2023-02-14
4,16,1,15,0,Lincoln,2022-09-28
4,13,1,12,0,Lincoln,2022-11-01
4,12,1,11,0,Lincoln,2022-12-17
4,5,1,4,0,Lincoln,2023-02-19
4,8,1,7,0,Madison,2022-09-14
4,10,1,9,0,McDowell,2022-09-29
4,12,1,11,0,McDowell,2022-10-12
4,10,1,9,0,McDowell,2022-12-26
4,6,1,5,0,McDowell,2023-02-07
4,10,1,9,0,Moore,2023-01-20
4,7,1,6,0,Moore,2023-03-10
4,20,1,19,0,Onslow,2022-10-28
4,29,1,28,0,Onslow,2023-02-15
4,13,1,12,0,Orange,2022-10-01
4,6,1,5,0,Person,2022-11-04
4,10,1,9,0,Person,2022-12-13
4,13,1,12,0,Pitt,2022-12-04
4,9,1,8,0,Pitt,2023-01-22
4,13,1,12,0,Pitt,2023-03-03
4,17,1,16,0,Rockingham,2022-09-15
4,10,1,9,0,Rockingham,2023-02-22
4,23,1,22,0,Rowan,2022-10-05
4,24,1,23,0,Rowan,2022-11-08
4,19,1,18,0,Rowan,2023-02-17
4,9,1,8,0,Rutherford,2022-12-17
4,6,1,5,0,Rutherford,2023-02-02
4,6,1,5,0,Rutherford,2023-02-14
4,10,1,9,0,Stanly,2022-09-23
4,12,1,11,0,Stanly,2022-11-01
4,11,1,10,0,Stanly,2022-11-04
4,15,1,14,0,Stanly,2023-01-26
4,7,1,6,0,Stanly,2023-02-02
4,17,1,16,0,Stanly,2023-02-21
4,8,1,7,0,Stokes,2023-02-18
4,9,1,8,0,Surry,2022-11-10
4,6,1,5,0,Swain,2023-01-12
4,15,1,14,0,Vance,2022-12-13
4,7,1,6,0,Vance,2023-03-02
4,9,1,8,0,Warren,2023-01-05
4,7,1,6,0,Washington,2022-12-14
4,8,1,7,0,Washington,2023-01-18
4,8,1,7,0,Washington,2023-01-31
4,8,1,7,0,Yadkin,2023-01-15
4,6,1,5,0,Yadkin,2023-02-04
4,5,2,3,0,Alexander,2022-09-22
4,9,2,7,0,Alexander,2023-02-06
4,11,2,9,0,Anson,2023-02-02
4,11,2,9,0,Beaufort,2022-09-30
4,12,2,10,0,Beaufort,2022-10-19
4,8,2,6,0,Beaufort,2023-02-28
4,16,2,14,0,Bladen,2022-09-21
4,18,2,16,0,Bladen,2023-01-13
4,8,2,6,0,Bladen,2023-01-26
4,21,2,19,0,Brunswick,2022-10-25
4,16,2,14,0,Brunswick,2022-11-02
4,21,2,19,0,Brunswick,2022-11-29
4,28,2,26,0,Brunswick,2022-12-05
4,22,2,20,0,Burke,2022-10-06
4,16,2,14,0,Burke,2022-11-26
4,12,2,10,0,Burke,2023-02-04
4,12,2,10,0,Caldwell,2023-02-23
4,9,2,7,0,Caswell,2022-09-26
4,7,2,5,0,Caswell,2023-01-09
4,18,2,16,0,Chatham,2023-01-25
4,9,2,7,0,Chatham,2023-02-24
4,9,2,7,0,Cherokee,2022-12-28
4,8,2,6,0,Cherokee,2023-01-22
4,8,2,6,0,Chowan,2023-01-20
4,11,2,9,0,Cleveland,2023-02-08
4,9,2,7,0,Cleveland,2023-02-19
4,6,2,4,0,Columbus,2022-12-05
4,10,2,8,0,Columbus,2023-01-25
4,24,2,22,0,Davidson,2022-12-11
4,9,2,7,0,Davidson,2023-02-25
4,8,2,6,0,Davie,2022-10-14
4,8,2,6,0,Davie,2023-02-24
4,12,2,10,0,Edgecombe,2022-12-12
4,15,2,13,0,Edgecombe,2022-12-14
4,9,2,7,0,Edgecombe,2022-12-15
4,7,2,5,0,Edgecombe,2023-02-13
4,13,2,11,0,Edgecombe,2023-02-21
4,22,2,20,0,Franklin,2022-09-23
4,8,2,6,0,Franklin,2022-11-04
4,14,2,12,0,Franklin,2023-01-23
4,7,2,5,0,Franklin,2023-02-20
4,16,2,14,0,Gaston,2022-11-05
4,14,2,12,0,Granville,2022-09-21
4,17,2,15,0,Granville,2022-12-31
4,20,2,18,0,Granville,2023-01-04
4,14,2,12,0,Granville,2023-01-13
4,9,2,7,0,Greene,2022-12-28
4,8,2,6,0,Halifax,2022-12-25
4,9,2,7,0,Halifax,2023-02-04
4,13,2,11,0,Harnett,2022-10-13
4,19,2,17,0,Harnett,2023-02-07
4,9,2,7,0,Hertford,2022-12-26
4,19,2,17,0,Hoke,2022-12-30
4,16,2,14,0,Hoke,2023-01-12
4,17,2,15,0,Johnston,2022-11-10
4,10,2,8,0,Lee,2023-01-21
4,14,2,12,0,Lenoir,2022-09-20
4,11,2,9,0,Lenoir,2022-11-28
4,8,2,6,0,Lenoir,2022-11-29
4,14,2,12,0,Lenoir,2022-12-26
4,8,2,6,0,Lenoir,2023-01-24
4,8,2,6,0,Lenoir,2023-02-28
4,15,2,13,0,Lincoln,2022-09-17
4,15,2,13,0,Lincoln,2022-11-28
4,15,2,13,0,Lincoln,2022-12-08
4,21,2,19,0,Lincoln,2022-12-13
4,13,2,11,0,Lincoln,2023-01-12
4,10,2,8,0,McDowell,2022-09-30
4,4,2,2,0,Montgomery,2022-12-07
4,15,2,13,0,Moore,2023-01-08
4,8,2,6,0,Northampton,2023-01-19
4,5,2,3,0,Northampton,2023-01-25
4,22,2,20,0,Orange,2022-10-27
4,24,2,22,0,Orange,2023-01-31
4,17,2,15,0,Orange,2023-02-27
4,9,2,7,0,Orange,2023-03-03
4,8,2,6,0,Pender,2022-11-07
4,11,2,9,0,Pitt,2022-12-24
4,12,2,10,0,Randolph,2023-01-14
4,13,2,11,0,Richmond,2022-12-31
4,14,2,12,0,Richmond,2023-01-09
4,17,2,15,0,Rockingham,2022-09-18
4,9,2,7,0,Rockingham,2023-01-14
4,12,2,10,0,Rockingham,2023-01-27
4,12,2,10,0,Rockingham,2023-02-17
4,9,2,7,0,Rowan,2022-09-24
4,11,2,9,0,Rowan,2022-10-22
4,12,2,10,0,Rowan,2022-10-26
4,12,2,10,0,Rowan,2022-11-07
4,18,2,16,0,Rowan,2023-01-28
4,14,2,12,0,Rutherford,2022-12-20
4,10,2,8,0,Rutherford,2023-02-08
4,9,2,7,0,Stanly,2022-09-17
4,19,2,17,0,Stanly,2022-09-27
4,13,2,11,0,Stanly,2022-10-31
4,23,2,21,0,Stanly,2022-12-21
4,13,2,11,0,Stokes,2022-10-12
4,13,2,11,0,Stokes,2022-12-15
4,9,2,7,0,Stokes,2023-01-13
4,15,2,13,0,Surry,2022-11-03
4,12,2,10,0,Surry,2023-02-10
4,16,2,14,0,Union,2022-11-06
4,8,2,6,0,Vance,2022-09-28
4,12,2,10,0,Vance,2022-10-24
4,17,2,15,0,Vance,2022-12-14
4,8,2,6,0,Vance,2022-12-15
4,9,2,7,0,Warren,2022-12-22
4,22,2,20,0,Watauga,2022-09-13
4,10,2,8,0,Wilson,2022-11-18
4,9,2,7,0,Yadkin,2023-01-19
4,9,2,7,0,Yadkin,2023-02-21
4,35,3,32,0,Alamance,2022-11-07
4,24,3,21,0,Alamance,2022-12-04
4,7,3,4,0,Alexander,2022-09-26
4,11,3,8,0,Beaufort,2023-01-03
4,7,3,4,0,Bladen,2022-10-13
4,8,3,5,0,Brunswick,2023-02-03
4,13,3,10,0,Caldwell,2022-10-11
4,12,3,9,0,Caldwell,2022-10-19
4,13,3,10,0,Caldwell,2022-11-09
4,17,3,14,0,Caldwell,2023-02-27
4,10,3,7,0,Caldwell,2023-03-01
4,14,3,11,0,Carteret,2022-12-31
4,13,3,10,0,Catawba,2022-11-11
4,10,3,7,0,Cleveland,2022-10-25
4,13,3,10,0,Cleveland,2023-01-13
4,16,3,13,0,Cleveland,2023-02-02
4,11,3,8,0,Columbus,2023-01-24
4,13,3,10,0,Craven,2022-10-17
4,14,3,11,0,Craven,2023-01-23
4,11,3,8,0,Cumberland,2023-03-04
4,23,3,20,0,Davidson,2022-10-02
4,21,3,18,0,Davidson,2022-12-25
4,14,3,11,0,Davidson,2023-02-12
4,13,3,10,0,Davidson,2023-03-06
4,21,3,18,0,Davie,2022-12-30
4,9,3,6,0,Davie,2023-01-14
4,9,3,6,0,Davie,2023-02-14
4,7,3,4,0,Davie,2023-02-17
4,51,3,48,0,Durham,2022-10-12
4,9,3,6,0,Edgecombe,2022-10-13
4,21,3,18,0,Edgecombe,2023-01-02
4,16,3,13,0,Edgecombe,2023-01-31
4,8,3,5,0,Franklin,2023-02-09
4,18,3,15,0,Gaston,2022-10-06
4,13,3,10,0,Gaston,2022-10-16
4,13,3,10,0,Gaston,2022-11-20
4,10,3,7,0,Granville,2023-02-24
4,9,3,6,0,Halifax,2022-11-18
4,9,3,6,0,Halifax,2022-11-30
4,16,3,13,0,Halifax,2023-01-07
4,15,3,12,0,Harnett,2022-12-17
4,10,3,7,0,Harnett,2023-03-01
4,12,3,9,0,Hoke,2022-12-09
4,26,3,23,0,Johnston,2022-10-05
4,17,3,14,0,Johnston,2022-10-20
4,11,3,8,0,Lee,2023-01-09
4,19,3,16,0,Lenoir,2022-12-31
4,11,3,8,0,Lenoir,2023-02-27
4,11,3,8,0,Lincoln,2022-10-19
4,7,3,4,0,Lincoln,2023-01-01
4,10,3,7,0,Lincoln,2023-02-12
4,12,3,9,0,Martin,2022-09-19
4,9,3,6,0,McDowell,2022-12-31
4,9,3,6,0,McDowell,2023-02-17
4,21,3,18,0,Nash,2022-09-26
4,17,3,14,0,Nash,2022-12-05
4,16,3,13,0,Nash,2023-01-10
4,10,3,7,0,Nash,2023-03-07
4,21,3,18,0,New Hanover,2022-09-17
4,7,3,4,0,Northampton,2023-01-17
4,21,3,18,0,Onslow,2022-11-02
4,19,3,16,0,Orange,2022-11-07
4,18,3,15,0,Orange,2022-11-25
4,40,3,37,0,Orange,2023-01-03
4,22,3,19,0,Orange,2023-01-08
4,26,3,23,0,Orange,2023-01-30
4,18,3,15,0,Richmond,2022-09-20
4,14,3,11,0,Richmond,2022-12-07
4,18,3,15,0,Rockingham,2022-09-24
4,20,3,17,0,Rockingham,2023-01-19
4,14,3,11,0,Rockingham,2023-01-31
4,24,3,21,0,Rowan,2022-11-30
4,12,3,9,0,Rowan,2023-03-02
4,16,3,13,0,Rutherford,2022-09-14
4,15,3,12,0,Rutherford,2022-09-15
4,16,3,13,0,Stanly,2022-09-29
4,15,3,12,0,Stanly,2023-01-16
4,18,3,15,0,Surry,2022-09-16
4,19,3,16,0,Surry,2022-11-25
4,20,3,17,0,Surry,2023-02-09
4,19,3,16,0,Union,2023-02-05
4,9,3,6,0,Vance,2023-01-26
4,10,3,7,0,Warren,2022-09-14
4,10,3,7,0,Wilkes,2022-09-25
4,16,3,13,0,Yadkin,2023-01-12
4,24,4,20,0,Alamance,2022-11-20
4,9,4,5,0,Alexander,2022-09-19
4,13,4,9,0,Ashe,2022-12-24
4,10,4,6,0,Beaufort,2022-09-27
4,8,4,4,0,Beaufort,2022-10-12
4,15,4,11,0,Beaufort,2023-02-06
4,16,4,12,0,Bladen,2022-12-20
4,16,4,12,0,Bladen,2022-12-22
4,17,4,13,0,Bladen,2023-01-25
4,15,4,11,0,Bladen,2023-02-13
4,22,4,18,0,Brunswick,2022-10-24
4,12,4,8,0,Brunswick,2022-11-15
4,17,4,13,0,Brunswick,2023-01-15
4,10,4,6,0,Buncombe,2023-02-25
4,13,4,9,0,Burke,2022-10-24
4,13,4,9,0,Burke,2023-02-25
4,20,4,16,0,Cabarrus,2022-10-15
4,16,4,12,0,Cabarrus,2023-03-07
4,13,4,9,0,Cabarrus,2023-03-10
4,16,4,12,0,Chatham,2022-09-15
4,15,4,11,0,Chatham,2023-01-16
4,15,4,11,0,Chatham,2023-01-23
4,14,4,10,0,Chatham,2023-02-09
4,10,4,6,0,Clay,2023-01-16
4,9,4,5,0,Cleveland,2022-10-11
4,13,4,9,0,Cleveland,2022-10-21
4,19,4,15,0,Cleveland,2022-11-30
4,13,4,9,0,Cumberland,2023-03-11
4,23,4,19,0,Davidson,2022-10-01
4,14,4,10,0,Davidson,2022-10-09
4,21,4,17,0,Davidson,2022-11-26
4,11,4,7,0,Davie,2022-10-05
4,22,4,18,0,Davie,2022-11-30
4,13,4,9,0,Davie,2022-12-18
4,6,4,2,0,Duplin,2022-11-07
4,33,4,29,0,Durham,2022-11-23
4,13,4,9,0,Franklin,2023-01-16
4,19,4,15,0,Franklin,2023-01-18
4,18,4,14,0,Franklin,2023-01-30
4,25,4,21,0,Gaston,2022-11-18
4,15,4,11,0,Granville,2022-12-12
4,12,4,8,0,Greene,2022-12-19
4,14,4,10,0,Halifax,2022-09-22
4,16,4,12,0,Halifax,2022-09-23
4,18,4,14,0,Halifax,2022-11-07
4,18,4,14,0,Halifax,2022-12-28
4,12,4,8,0,Halifax,2023-01-08
4,15,4,11,0,Harnett,2022-12-18
4,23,4,19,0,Harnett,2023-01-17
4,13,4,9,0,Haywood,2023-01-05
4,15,4,11,0,Haywood,2023-02-14
4,11,4,7,0,Henderson,2022-11-23
4,9,4,5,0,Henderson,2023-02-19
4,10,4,6,0,Henderson,2023-02-27
4,10,4,6,0,Hertford,2023-01-13
4,10,4,6,0,Hertford,2023-01-23
4,24,4,20,0,Hoke,2023-01-10
4,14,4,10,0,Iredell,2022-10-15
4,8,4,4,0,Iredell,2023-02-24
4,23,4,19,0,Johnston,2022-10-06
4,18,4,14,0,Johnston,2023-02-04
4,19,4,15,0,Johnston,2023-02-19
4,17,4,13,0,Johnston,2023-03-02
4,17,4,13,0,Lee,2022-12-21
4,11,4,7,0,Lincoln,2022-10-12
4,24,4,20,0,McDowell,2022-09-14
4,9,4,5,0,McDowell,2022-10-06
4,12,4,8,0,McDowell,2023-02-01
4,12,4,8,0,McDowell,2023-02-10
4,8,4,4,0,McDowell,2023-02-21
4,18,4,14,0,Moore,2023-01-15
4,27,4,23,0,Moore,2023-01-31
4,9,4,5,0,Nash,2023-03-10
4,27,4,23,0,Onslow,2022-11-30
4,21,4,17,0,Onslow,2022-12-02
4,32,4,28,0,Onslow,2022-12-21
4,18,4,14,0,Orange,2022-12-04
4,23,4,19,0,Orange,2022-12-31
4,16,4,12,0,Orange,2023-01-15
4,13,4,9,0,Orange,2023-03-06
4,20,4,16,0,Pender,2022-12-14
4,13,4,9,0,Pender,2023-01-17
4,6,4,2,0,Perquimans,2023-02-06
4,15,4,11,0,Person,2022-09-13
4,10,4,6,0,Person,2022-09-14
4,12,4,8,0,Person,2022-09-21
4,15,4,11,0,Person,2023-01-30
4,17,4,13,0,Pitt,2022-10-21
4,12,4,8,0,Pitt,2022-11-18
4,14,4,10,0,Randolph,2022-10-20
4,15,4,11,0,Richmond,2022-12-13
4,10,4,6,0,Richmond,2022-12-23
4,11,4,7,0,Richmond,2023-02-21
4,12,4,8,0,Robeson,2022-10-06
4,7,4,3,0,Robeson,2022-11-20
4,20,4,16,0,Rockingham,2022-10-10
4,10,4,6,0,Rockingham,2023-01-15
4,12,4,8,0,Rowan,2022-09-16
4,14,4,10,0,Rowan,2023-02-27
4,11,4,7,0,Rutherford,2022-10-09
4,7,4,3,0,Scotland,2023-02-05
4,9,4,5,0,Scotland,2023-02-21
4,13,4,9,0,Stokes,2022-11-09
4,9,4,5,0,Stokes,2023-02-03
4,5,4,1,0,Stokes,2023-03-02
4,20,4,16,0,Surry,2022-10-24
4,16,4,12,0,Union,2022-10-15
4,22,4,18,0,Union,2022-10-19
4,19,4,15,0,Union,2022-11-13
4,15,4,11,0,Union,2022-11-24
4,12,4,8,0,Watauga,2022-12-06
4,12,4,8,0,Wilkes,2022-09-17
4,11,4,7,0,Wilkes,2022-10-05
4,14,4,10,0,Yadkin,2022-12-11
4,19,4,15,0,Yadkin,2023-01-11
4,12,4,8,0,Yadkin,2023-02-16
4,16,5,11,0,Brunswick,2022-11-09
4,18,5,13,0,Brunswick,2023-01-21
4,16,5,11,0,Brunswick,2023-02-15
4,21,5,16,0,Buncombe,2022-09-24
4,26,5,21,0,Burke,2023-02-08
4,17,5,12,0,Burke,2023-02-16
4,18,5,13,0,Cabarrus,2022-09-18
4,17,5,12,0,Cabarrus,2022-10-30
4,15,5,10,0,Cabarrus,2022-11-19
4,25,5,20,0,Caldwell,2022-12-31
4,11,5,6,0,Caswell,2022-12-27
4,14,5,9,0,Catawba,2022-12-25
4,20,5,15,0,Chatham,2022-11-28
4,7,5,2,0,Clay,2023-01-04
4,9,5,4,0,Columbus,2022-09-17
4,12,5,7,0,Columbus,2022-09-19
4,22,5,17,0,Columbus,2023-01-18
4,22,5,17,0,Craven,2022-12-12
4,16,5,11,0,Craven,2023-02-02
4,22,5,17,0,Davidson,2022-09-30
4,22,5,17,0,Davidson,2023-01-28
4,15,5,10,0,Davie,2022-09-20
4,14,5,9,0,Davie,2023-01-19
4,12,5,7,0,Davie,2023-01-25
4,33,5,28,0,Forsyth,2022-10-30
4,16,5,11,0,Franklin,2022-09-15
4,17,5,12,0,Granville,2022-12-13
4,43,5,38,0,Guilford,2022-10-08
4,12,5,7,0,Halifax,2022-12-23
4,16,5,11,0,Hoke,2023-01-21
4,23,5,18,0,Johnston,2023-02-27
4,17,5,12,0,Lee,2023-01-02
4,11,5,6,0,Lenoir,2022-10-07
4,18,5,13,0,Lincoln,2023-02-15
4,8,5,3,0,Moore,2022-10-15
4,18,5,13,0,Moore,2022-12-02
4,12,5,7,0,Nash,2022-10-10
4,12,5,7,0,Nash,2023-01-24
4,17,5,12,0,New Hanover,2022-11-09
4,20,5,15,0,New Hanover,2023-02-05
4,31,5,26,0,Onslow,2022-12-05
4,22,5,17,0,Onslow,2023-01-16
4,17,5,12,0,Onslow,2023-02-23
4,16,5,11,0,Person,2022-12-12
4,18,5,13,0,Pitt,2023-03-01
4,8,5,3,0,Randolph,2023-03-03
4,9,5,4,0,Richmond,2023-02-01
4,11,5,6,0,Richmond,2023-02-13
4,7,5,2,0,Robeson,2022-10-30
4,8,5,3,0,Robeson,2022-11-19
4,13,5,8,0,Robeson,2022-11-21
4,6,5,1,0,Robeson,2022-11-25
4,17,5,12,0,Rockingham,2023-02-09
4,22,5,17,0,Rowan,2023-01-21
4,21,5,16,0,Rowan,2023-02-28
4,19,5,14,0,Rutherford,2022-09-13
4,11,5,6,0,Rutherford,2022-11-01
4,9,5,4,0,Rutherford,2022-11-04
4,20,5,15,0,Rutherford,2022-12-06
4,11,5,6,0,Rutherford,2023-01-26
4,12,5,7,0,Sampson,2022-09-18
4,7,5,2,0,Sampson,2022-11-16
4,14,5,9,0,Surry,2022-12-04
4,11,5,6,0,Surry,2023-01-08
4,27,5,22,0,Union,2022-11-21
4,25,5,20,0,Union,2022-12-03
4,14,5,9,0,Union,2023-03-09
4,13,5,8,0,Union,2023-03-10
4,14,5,9,0,Watauga,2022-09-28
4,20,5,15,0,Wilkes,2023-01-23
4,9,5,4,0,Wilson,2022-11-30
4,15,5,10,0,Wilson,2023-01-19
4,10,5,5,0,Wilson,2023-02-05
4,8,5,3,0,Wilson,2023-02-28
4,14,6,8,0,Alamance,2022-10-15
4,25,6,19,0,Alamance,2022-10-26
4,17,6,11,0,Alamance,2022-11-26
4,12,6,6,0,Alexander,2022-10-18
4,9,6,3,0,Ashe,2022-09-13
4,25,6,19,0,Brunswick,2022-10-06
4,28,6,22,0,Cabarrus,2022-10-05
4,26,6,20,0,Cabarrus,2022-10-21
4,23,6,17,0,Cabarrus,2022-11-10
4,17,6,11,0,Cabarrus,2022-11-24
4,25,6,19,0,Caldwell,2023-01-16
4,9,6,3,0,Carteret,2023-01-31
4,14,6,8,0,Catawba,2022-10-09
4,14,6,8,0,Catawba,2022-10-16
4,10,6,4,0,Catawba,2022-10-29
4,17,6,11,0,Chatham,2023-01-19
4,10,6,4,0,Chatham,2023-02-20
4,7,6,1,0,Clay,2023-01-05
4,9,6,3,0,Columbus,2022-11-21
4,7,6,1,0,Columbus,2022-11-30
4,10,6,4,0,Craven,2022-11-14
4,9,6,3,0,Duplin,2023-01-20
4,19,6,13,0,Durham,2023-02-19
4,20,6,14,0,Forsyth,2023-03-05
4,22,6,16,0,Gaston,2023-01-21
4,22,6,16,0,Halifax,2023-01-30
4,9,6,3,0,Haywood,2023-01-12
4,15,6,9,0,Henderson,2023-01-31
4,27,6,21,0,Hoke,2023-02-07
4,24,6,18,0,Iredell,2022-11-08
4,11,6,5,0,Iredell,2023-03-05
4,19,6,13,0,Johnston,2022-10-19
4,15,6,9,0,Lenoir,2022-09-15
4,12,6,6,0,Lenoir,2023-02-16
4,16,6,10,0,Lincoln,2022-10-25
4,20,6,14,0,Lincoln,2022-10-26
4,9,6,3,0,Lincoln,2022-11-10
4,9,6,3,0,McDowell,2023-01-19
4,17,6,11,0,Moore,2022-09-30
4,20,6,14,0,Moore,2023-01-13
4,22,6,16,0,Nash,2022-12-13
4,14,6,8,0,Nash,2023-02-23
4,21,6,15,0,New Hanover,2023-01-28
4,17,6,11,0,New Hanover,2023-01-29
4,22,6,16,0,Pender,2023-01-09
4,17,6,11,0,Pitt,2023-01-08
4,19,6,13,0,Pitt,2023-02-18
4,13,6,7,0,Richmond,2022-09-14
4,15,6,9,0,Rockingham,2022-10-21
4,21,6,15,0,Rowan,2022-12-18
4,23,6,17,0,Rowan,2022-12-31
4,9,6,3,0,Scotland,2023-02-27
4,13,6,7,0,Stokes,2023-02-11
4,18,6,12,0,Surry,2022-09-21
4,22,6,16,0,Union,2022-11-18
4,24,6,18,0,Union,2023-01-28
4,19,6,13,0,Vance,2023-01-17
4,19,6,13,0,Vance,2023-01-24
4,17,6,11,0,Watauga,2022-12-22
4,18,6,12,0,Wayne,2023-01-07
4,17,6,11,0,Wilkes,2022-09-16
4,12,6,6,0,Wilkes,2022-10-27
4,9,6,3,0,Wilkes,2022-11-27
4,14,6,8,0,Wilkes,2023-01-30
4,13,6,7,0,Wilson,2022-10-17
4,15,6,9,0,Wilson,2022-12-02
4,15,6,9,0,Wilson,2022-12-05
4,11,6,5,0,Wilson,2023-01-16
4,18,6,12,0,Yadkin,2022-12-16
4,16,6,10,0,Yadkin,2023-01-10
4,10,6,4,0,Yancey,2022-09-13
4,15,7,8,0,Alexander,2022-12-29
4,14,7,7,0,Bladen,2022-11-28
4,25,7,18,0,Brunswick,2023-01-25
4,25,7,18,0,Brunswick,2023-02-08
4,27,7,20,0,Buncombe,2023-01-27
4,24,7,17,0,Buncombe,2023-02-28
4,11,7,4,0,Burke,2022-12-04
4,22,7,15,0,Cabarrus,2022-10-25
4,24,7,17,0,Chatham,2022-09-20
4,11,7,4,0,Cherokee,2022-10-10
4,22,7,15,0,Cleveland,2022-12-13
4,13,7,6,0,Columbus,2022-09-15
4,17,7,10,0,Craven,2022-10-03
4,31,7,24,0,Cumberland,2022-10-21
4,27,7,20,0,Davidson,2022-11-02
4,19,7,12,0,Davie,2022-09-14
4,10,7,3,0,Davie,2023-02-15
4,11,7,4,0,Davie,2023-02-20
4,15,7,8,0,Duplin,2023-02-10
4,49,7,42,0,Forsyth,2022-11-03
4,21,7,14,0,Forsyth,2023-03-10
4,18,7,11,0,Gaston,2022-11-26
4,22,7,15,0,Gaston,2023-02-28
4,23,7,16,0,Granville,2022-09-20
4,17,7,10,0,Halifax,2022-12-07
4,21,7,14,0,Henderson,2022-09-29
4,12,7,5,0,Henderson,2022-11-26
4,19,7,12,0,Henderson,2023-01-14
4,19,7,12,0,Henderson,2023-02-02
4,24,7,17,0,Iredell,2022-09-29
4,20,7,13,0,Iredell,2022-10-08
4,29,7,22,0,Iredell,2022-11-07
4,14,7,7,0,Iredell,2023-03-03
4,22,7,15,0,Johnston,2022-11-14
4,15,7,8,0,Johnston,2023-02-12
4,13,7,6,0,Lee,2023-02-21
4,15,7,8,0,Lincoln,2022-10-24
4,23,7,16,0,Lincoln,2023-01-11
4,18,7,11,0,McDowell,2023-01-05
4,19,7,12,0,Moore,2022-10-25
4,17,7,10,0,Moore,2022-12-24
4,16,7,9,0,Nash,2023-01-12
4,10,7,3,0,Nash,2023-03-06
4,41,7,34,0,Onslow,2022-11-29
4,29,7,22,0,Onslow,2022-12-06
4,34,7,27,0,Onslow,2022-12-13
4,32,7,25,0,Onslow,2023-01-13
4,12,7,5,0,Pasquotank,2022-12-28
4,16,7,9,0,Person,2022-12-21
4,18,7,11,0,Pitt,2023-01-07
4,18,7,11,0,Randolph,2022-09-25
4,9,7,2,0,Robeson,2022-11-18
4,22,7,15,0,Rockingham,2022-12-12
4,23,7,16,0,Rowan,2022-11-14
4,14,7,7,0,Rutherford,2022-12-05
4,15,7,8,0,Rutherford,2023-01-21
4,14,7,7,0,Rutherford,2023-01-23
4,12,7,5,0,Rutherford,2023-02-05
4,11,7,4,0,Scotland,2022-09-28
4,11,7,4,0,Scotland,2022-12-22
4,7,7,0,0,Scotland,2023-01-31
4,14,7,7,0,Stokes,2023-02-21
4,15,7,8,0,Surry,2022-09-23
4,19,7,12,0,Surry,2022-10-31
4,8,7,1,0,Swain,2023-01-18
4,18,7,11,0,Union,2023-03-01
4,13,7,6,0,Union,2023-03-06
4,9,7,2,0,Warren,2023-02-07
4,19,7,12,0,Wayne,2023-03-03
4,14,7,7,0,Wilkes,2023-02-04
4,13,7,6,0,Wilkes,2023-02-15
4,16,7,9,0,Wilson,2022-12-16
4,19,7,12,0,Yadkin,2022-09-15
4,14,7,7,0,Yadkin,2022-11-29
4,15,8,7,0,Beaufort,2022-09-17
4,43,8,35,0,Brunswick,2022-09-19
4,19,8,11,0,Buncombe,2023-02-17
4,17,8,9,0,Buncombe,2023-02-19
4,32,8,24,0,Cabarrus,2022-09-27
4,30,8,22,0,Cabarrus,2023-02-16
4,22,8,14,0,Cabarrus,2023-03-01
4,18,8,10,0,Carteret,2023-01-17
4,11,8,3,0,Cherokee,2022-10-06
4,10,8,2,0,Cherokee,2023-02-12
4,16,8,8,0,Craven,2022-10-06
4,19,8,11,0,Craven,2022-12-05
4,20,8,12,0,Craven,2023-01-26
4,26,8,18,0,Davidson,2022-11-25
4,38,8,30,0,Gaston,2022-09-16
4,14,8,6,0,Harnett,2022-09-25
4,24,8,16,0,Harnett,2022-10-04
4,20,8,12,0,Harnett,2022-10-25
4,21,8,13,0,Harnett,2023-01-18
4,22,8,14,0,Haywood,2022-11-21
4,12,8,4,0,Haywood,2023-01-30
4,18,8,10,0,Hoke,2023-01-26
4,33,8,25,0,Iredell,2022-10-24
4,22,8,14,0,Johnston,2023-01-22
4,12,8,4,0,McDowell,2023-01-04
4,24,8,16,0,Moore,2022-10-12
4,19,8,11,0,Moore,2022-12-31
4,24,8,16,0,Nash,2022-12-21
4,49,8,41,0,Orange,2023-01-05
4,17,8,9,0,Pitt,2022-11-10
4,12,8,4,0,Randolph,2023-02-19
4,18,8,10,0,Robeson,2022-12-24
4,17,8,9,0,Robeson,2023-01-01
4,16,8,8,0,Rockingham,2022-12-02
4,30,8,22,0,Rowan,2023-02-07
4,12,8,4,0,Sampson,2022-09-29
4,12,8,4,0,Sampson,2023-01-08
4,14,8,6,0,Sampson,2023-02-08
4,25,8,17,0,Surry,2023-01-07
4,12,8,4,0,Wilkes,2022-11-25
4,15,8,7,0,Wilkes,2023-01-18
4,27,9,18,0,Brunswick,2022-10-04
4,33,9,24,0,Buncombe,2022-11-03
4,35,9,26,0,Cabarrus,2023-02-14
4,13,9,4,0,Carteret,2022-12-25
4,13,9,4,0,Clay,2023-01-02
4,27,9,18,0,Craven,2022-12-08
4,24,9,15,0,Cumberland,2022-10-08
4,21,9,12,0,Duplin,2023-01-26
4,29,9,20,0,Gaston,2022-09-22
4,14,9,5,0,Haywood,2022-12-29
4,18,9,9,0,Haywood,2023-01-02
4,23,9,14,0,Iredell,2022-10-07
4,18,9,9,0,Iredell,2022-11-15
4,21,9,12,0,Iredell,2023-01-15
4,19,9,10,0,Iredell,2023-02-17
4,29,9,20,0,Johnston,2023-02-15
4,17,9,8,0,Johnston,2023-03-07
4,18,9,9,0,Lincoln,2023-01-23
4,16,9,7,0,Macon,2022-12-22
4,15,9,6,0,Montgomery,2022-12-22
4,27,9,18,0,Pitt,2023-02-28
4,17,9,8,0,Randolph,2022-10-06
4,12,9,3,0,Sampson,2023-01-27
4,15,9,6,0,Scotland,2023-01-20
4,20,9,11,0,Stokes,2022-09-14
4,15,9,6,0,Stokes,2022-11-17
4,18,9,9,0,Surry,2023-02-14
4,23,9,14,0,Wayne,2022-12-31
4,23,9,14,0,Wilkes,2022-12-06
4,12,9,3,0,Wilkes,2023-01-29
4,14,9,5,0,Wilkes,2023-02-16
4,26,9,17,0,Wilson,2022-09-14
4,21,9,12,0,Wilson,2022-12-07
4,16,9,7,0,Wilson,2023-02-20
4,21,9,12,0,Yadkin,2022-09-20
4,25,10,15,0,Buncombe,2022-10-23
4,21,10,11,0,Burke,2022-10-27
4,31,10,21,0,Burke,2022-12-19
4,18,10,8,0,Carteret,2022-12-20
4,14,10,4,0,Carteret,2022-12-24
4,17,10,7,0,Catawba,2023-03-01
4,15,10,5,0,Catawba,2023-03-09
4,22,10,12,0,Cleveland,2022-12-01
4,20,10,10,0,Duplin,2023-01-30
4,53,10,43,0,Forsyth,2022-10-13
4,30,10,20,0,Harnett,2022-12-31
4,12,10,2,0,Haywood,2023-02-07
4,22,10,12,0,Iredell,2023-02-12
4,27,10,17,0,Johnston,2023-01-15
4,38,10,28,0,Johnston,2023-02-21
4,14,10,4,0,Lee,2023-01-11
4,13,10,3,0,Martin,2022-09-15
4,29,10,19,0,New Hanover,2023-02-01
4,28,10,18,0,Pitt,2023-01-16
4,18,10,8,0,Randolph,2023-01-31
4,15,10,5,0,Robeson,2022-11-08
4,29,10,19,0,Rowan,2023-01-12
4,23,10,13,0,Sampson,2023-01-03
4,14,10,4,0,Scotland,2023-01-23
4,21,10,11,0,Stokes,2022-12-08
4,12,10,2,0,Swain,2023-01-11
4,17,10,7,0,Wayne,2022-10-24
4,18,10,8,0,Wilkes,2022-09-26
4,32,11,21,0,Brunswick,2022-11-07
4,24,11,13,0,Burke,2023-02-15
4,31,11,20,0,Catawba,2022-10-06
4,20,11,9,0,Catawba,2022-12-03
4,14,11,3,0,Catawba,2023-02-05
4,19,11,8,0,Columbus,2022-12-15
4,20,11,9,0,Columbus,2023-01-04
4,42,11,31,0,Cumberland,2022-10-27
4,22,11,11,0,Duplin,2023-01-06
4,25,11,14,0,Duplin,2023-01-18
4,46,11,35,0,Harnett,2022-09-22
4,20,11,9,0,Haywood,2022-11-08
4,30,11,19,0,Henderson,2022-10-06
4,31,11,20,0,Iredell,2022-09-18
4,26,11,15,0,Iredell,2022-10-20
4,21,11,10,0,Iredell,2023-01-13
4,34,11,23,0,Johnston,2023-01-20
4,16,11,5,0,Lee,2022-09-27
4,26,11,15,0,Lincoln,2023-01-17
4,20,11,9,0,McDowell,2022-12-20
4,25,11,14,0,Nash,2022-12-12
4,19,11,8,0,Nash,2023-02-03
4,35,11,24,0,Orange,2023-01-09
4,15,11,4,0,Sampson,2022-12-09
4,15,11,4,0,Scotland,2023-01-02
4,17,11,6,0,Stokes,2022-11-14
4,20,11,9,0,Watauga,2022-12-16
4,17,11,6,0,Wayne,2022-10-13
4,32,12,20,0,Catawba,2022-10-07
4,22,12,10,0,Catawba,2023-01-18
4,25,12,13,0,Duplin,2023-01-05
4,22,12,10,0,Iredell,2022-11-20
4,30,12,18,0,Moore,2022-09-27
4,15,12,3,0,Polk,2022-11-21
4,20,12,8,0,Richmond,2022-09-13
4,22,12,10,0,Robeson,2022-12-02
4,22,12,10,0,Rowan,2022-10-08
4,24,12,12,0,Rowan,2022-11-15
4,19,12,7,0,Sampson,2023-01-11
4,13,12,1,0,Scotland,2022-12-21
4,16,12,4,0,Scotland,2023-02-02
4,22,12,10,0,Stokes,2022-12-23
4,17,12,5,0,Yadkin,2023-02-09
4,36,13,23,0,Craven,2023-01-06
4,65,13,52,0,Durham,2022-12-17
4,23,13,10,0,Iredell,2022-11-14
4,27,13,14,0,New Hanover,2023-02-13
4,27,13,14,0,Randolph,2022-10-03
4,28,13,15,0,Wilkes,2022-12-26
4,20,13,7,0,Wilson,2022-12-12
4,30,14,16,0,Buncombe,2023-02-09
4,22,14,8,0,Carteret,2022-12-19
4,23,14,9,0,Catawba,2022-10-14
4,24,14,10,0,Catawba,2022-12-02
4,18,14,4,0,Catawba,2022-12-10
4,83,14,69,0,Guilford,2022-10-07
4,19,14,5,0,Iredell,2023-02-19
4,28,14,14,0,Pitt,2022-12-01
4,25,14,11,0,Sampson,2022-12-30
4,17,14,3,0,Sampson,2023-01-02
4,15,14,1,0,Scotland,2022-12-19
4,20,14,6,0,Wayne,2022-10-06
4,19,14,5,0,Wayne,2022-11-21
4,48,15,33,0,Catawba,2022-10-24
4,24,15,9,0,Catawba,2022-12-06
4,30,15,15,0,Gaston,2023-02-14
4,19,15,4,0,Haywood,2022-12-19
4,29,15,14,0,Iredell,2022-10-25
4,15,15,0,0,Polk,2022-11-15
4,18,15,3,0,Wilson,2022-12-09
4,28,16,12,0,Buncombe,2022-11-18
4,26,16,10,0,Buncombe,2022-12-25
4,28,16,12,0,Carteret,2022-12-27
4,20,16,4,0,Robeson,2022-10-20
4,24,17,7,0,Haywood,2022-12-22
4,30,17,13,0,Wayne,2022-10-25
4,25,17,8,0,Wilkes,2022-09-14
4,36,18,18,0,Buncombe,2022-09-29
4,39,18,21,0,Craven,2022-09-14
4,59,18,41,0,Pitt,2022-09-15
4,22,18,4,0,Randolph,2022-10-12
4,25,18,7,0,Sampson,2023-02-01
4,37,19,18,0,Buncombe,2023-02-02
4,46,19,27,0,Catawba,2022-09-22
4,35,19,16,0,Randolph,2022-12-15
4,30,19,11,0,Randolph,2022-12-17
4,41,20,21,0,Buncombe,2022-12-17
4,26,20,6,0,Haywood,2022-09-19
4,37,20,17,0,Iredell,2023-01-26
4,24,21,3,0,Carteret,2022-12-21
4,31,21,10,0,Catawba,2023-02-20
4,44,21,23,0,Iredell,2022-09-16
4,44,23,21,0,Iredell,2023-01-30
4,53,29,24,0,Wayne,2023-01-19
5,12,0,12,0,Beaufort,2023-01-11
5,13,0,13,0,Brunswick,2022-11-14
5,10,0,10,0,Burke,2023-02-10
5,21,0,21,0,Cabarrus,2023-02-28
5,8,0,8,0,Chowan,2022-12-28
5,10,0,10,0,Chowan,2023-02-03
5,9,0,9,0,Dare,2022-12-19
5,7,0,7,0,Duplin,2023-01-15
5,12,0,12,0,Gaston,2022-10-29
5,12,0,12,0,Halifax,2022-10-14
5,6,0,6,0,Lincoln,2022-11-17
5,6,0,6,0,Martin,2023-01-25
5,20,0,20,0,Stanly,2022-12-22
5,8,0,8,0,Stanly,2022-12-24
5,15,0,15,0,Stanly,2023-01-25
5,13,0,13,0,Stanly,2023-01-31
5,16,0,16,0,Stokes,2022-09-22
5,11,0,11,0,Union,2023-02-26
5,15,1,14,0,Alamance,2022-11-13
5,11,1,10,0,Alamance,2023-03-05
5,8,1,7,0,Anson,2023-02-06
5,12,1,11,0,Bladen,2022-12-26
5,16,1,15,0,Caldwell,2022-10-16
5,16,1,15,0,Chatham,2022-12-13
5,13,1,12,0,Chowan,2023-02-02
5,16,1,15,0,Cleveland,2023-01-31
5,12,1,11,0,Cleveland,2023-02-09
5,14,1,13,0,Cleveland,2023-03-05
5,10,1,9,0,Columbus,2023-01-11
5,11,1,10,0,Craven,2022-12-07
5,14,1,13,0,Davidson,2022-10-28
5,16,1,15,0,Davidson,2022-11-10
5,15,1,14,0,Davidson,2023-02-11
5,58,1,57,0,Durham,2022-10-04
5,36,1,35,0,Durham,2022-11-18
5,36,1,35,0,Durham,2022-11-21
5,13,1,12,0,Edgecombe,2023-01-13
5,12,1,11,0,Edgecombe,2023-01-18
5,13,1,12,0,Edgecombe,2023-02-08
5,16,1,15,0,Franklin,2022-09-16
5,11,1,10,0,Franklin,2023-02-08
5,5,1,4,0,Granville,2023-03-04
5,16,1,15,0,Halifax,2022-11-04
5,14,1,13,0,Halifax,2022-12-12
5,16,1,15,0,Halifax,2023-01-20
5,19,1,18,0,Harnett,2022-09-29
5,10,1,9,0,Hoke,2022-12-14
5,12,1,11,0,Lenoir,2022-12-06
5,14,1,13,0,Lenoir,2022-12-12
5,7,1,6,0,Nash,2022-10-22
5,17,1,16,0,Onslow,2022-09-29
5,28,1,27,0,Onslow,2022-12-31
5,17,1,16,0,Onslow,2023-01-21
5,23,1,22,0,Orange,2022-10-05
5,12,1,11,0,Stanly,2022-11-23
5,14,1,13,0,Stanly,2022-12-07
5,12,1,11,0,Stanly,2023-02-14
5,7,1,6,0,Vance,2023-01-12
5,13,2,11,0,Alamance,2023-01-22
5,11,2,9,0,Anson,2023-01-03
5,16,2,14,0,Beaufort,2022-09-22
5,10,2,8,0,Bladen,2022-12-06
5,18,2,16,0,Brunswick,2022-12-04
5,39,2,37,0,Brunswick,2022-12-15
5,18,2,16,0,Burke,2023-01-25
5,23,2,21,0,Cabarrus,2022-11-06
5,22,2,20,0,Caldwell,2022-09-29
5,17,2,15,0,Caldwell,2022-10-20
5,21,2,19,0,Caldwell,2022-10-31
5,24,2,22,0,Caldwell,2022-12-15
5,12,2,10,0,Chatham,2023-01-28
5,9,2,7,0,Cleveland,2022-11-14
5,25,2,23,0,Cleveland,2023-01-18
5,12,2,10,0,Edgecombe,2022-09-17
5,16,2,14,0,Edgecombe,2023-01-12
5,9,2,7,0,Edgecombe,2023-01-23
5,16,2,14,0,Franklin,2022-10-04
5,10,2,8,0,Franklin,2022-11-19
5,29,2,27,0,Gaston,2022-11-02
5,29,2,27,0,Gaston,2022-11-09
5,16,2,14,0,Granville,2022-12-22
5,14,2,12,0,Granville,2023-01-26
5,15,2,13,0,Halifax,2022-11-02
5,11,2,9,0,Halifax,2022-12-31
5,7,2,5,0,Halifax,2023-02-23
5,15,2,13,0,Harnett,2022-10-27
5,16,2,14,0,Harnett,2022-11-02
5,14,2,12,0,Harnett,2022-11-14
5,29,2,27,0,Harnett,2023-01-19
5,18,2,16,0,Harnett,2023-02-22
5,11,2,9,0,Hoke,2022-10-24
5,11,2,9,0,Hoke,2023-01-09
5,7,2,5,0,Hoke,2023-02-27
5,14,2,12,0,Johnston,2022-11-12
5,16,2,14,0,Johnston,2023-02-18
5,18,2,16,0,Lenoir,2023-02-03
5,12,2,10,0,McDowell,2022-12-07
5,13,2,11,0,Moore,2023-02-17
5,17,2,15,0,Nash,2022-11-30
5,13,2,11,0,Nash,2023-02-17
5,25,2,23,0,Onslow,2022-10-11
5,19,2,17,0,Onslow,2022-10-24
5,34,2,32,0,Onslow,2023-02-14
5,39,2,37,0,Orange,2022-09-19
5,18,2,16,0,Orange,2022-11-04
5,15,2,13,0,Rockingham,2023-01-10
5,15,2,13,0,Rockingham,2023-01-18
5,19,2,17,0,Rowan,2022-09-29
5,11,2,9,0,Rowan,2022-11-05
5,34,2,32,0,Rowan,2022-12-08
5,8,2,6,0,Rowan,2023-03-04
5,26,2,24,0,Stanly,2022-12-13
5,17,2,15,0,Stanly,2023-01-09
5,11,2,9,0,Stokes,2023-02-27
5,16,2,14,0,Surry,2023-01-27
5,24,2,22,0,Union,2022-10-02
5,22,2,20,0,Vance,2022-12-26
5,11,2,9,0,Warren,2023-01-06
5,25,3,22,0,Alamance,2022-09-17
5,26,3,23,0,Alamance,2023-01-21
5,8,3,5,0,Alexander,2023-01-17
5,12,3,9,0,Beaufort,2022-09-24
5,10,3,7,0,Beaufort,2022-10-06
5,11,3,8,0,Beaufort,2022-10-26
5,13,3,10,0,Beaufort,2023-01-16
5,21,3,18,0,Bladen,2023-01-05
5,20,3,17,0,Bladen,2023-01-23
5,13,3,10,0,Bladen,2023-02-03
5,6,3,3,0,Bladen,2023-02-22
5,8,3,5,0,Brunswick,2022-11-26
5,25,3,22,0,Caldwell,2022-10-28
5,17,3,14,0,Caldwell,2022-11-29
5,15,3,12,0,Chatham,2022-10-27
5,31,3,28,0,Cleveland,2022-09-15
5,19,3,16,0,Cleveland,2022-12-17
5,11,3,8,0,Columbus,2022-09-16
5,20,3,17,0,Columbus,2022-12-20
5,13,3,10,0,Columbus,2023-01-02
5,14,3,11,0,Davie,2023-01-16
5,42,3,39,0,Durham,2022-11-04
5,29,3,26,0,Durham,2023-02-23
5,20,3,17,0,Edgecombe,2023-01-09
5,32,3,29,0,Forsyth,2022-10-16
5,19,3,16,0,Franklin,2023-01-25
5,19,3,16,0,Gaston,2022-10-03
5,30,3,27,0,Gaston,2022-10-07
5,33,3,30,0,Gaston,2022-11-14
5,26,3,23,0,Gaston,2023-02-04
5,23,3,20,0,Gaston,2023-02-12
5,15,3,12,0,Granville,2023-01-27
5,16,3,13,0,Halifax,2022-10-11
5,21,3,18,0,Halifax,2022-12-22
5,21,3,18,0,Harnett,2022-12-26
5,12,3,9,0,Harnett,2023-01-29
5,20,3,17,0,Harnett,2023-01-30
5,10,3,7,0,Henderson,2023-02-22
5,10,3,7,0,Hoke,2022-12-08
5,17,3,14,0,Hoke,2022-12-12
5,11,3,8,0,Hoke,2023-01-08
5,16,3,13,0,Hoke,2023-02-10
5,6,3,3,0,Hoke,2023-02-12
5,18,3,15,0,Iredell,2022-11-04
5,22,3,19,0,Johnston,2022-10-02
5,19,3,16,0,Lee,2022-09-28
5,14,3,11,0,Lenoir,2022-12-07
5,7,3,4,0,Lenoir,2023-01-16
5,12,3,9,0,Lincoln,2023-02-10
5,17,3,14,0,McDowell,2022-12-01
5,10,3,7,0,Montgomery,2022-09-16
5,11,3,8,0,Onslow,2022-10-20
5,26,3,23,0,Orange,2023-01-12
5,31,3,28,0,Orange,2023-01-18
5,20,3,17,0,Pitt,2022-11-16
5,13,3,10,0,Randolph,2022-10-25
5,12,3,9,0,Robeson,2022-12-25
5,18,3,15,0,Rockingham,2023-02-01
5,10,3,7,0,Rockingham,2023-02-03
5,19,3,16,0,Rowan,2023-02-10
5,16,3,13,0,Rowan,2023-02-19
5,13,3,10,0,Sampson,2022-10-26
5,28,3,25,0,Stanly,2023-01-03
5,13,3,10,0,Stokes,2022-10-31
5,25,3,22,0,Union,2022-11-02
5,13,3,10,0,Vance,2023-02-02
5,26,3,23,0,Yadkin,2022-12-30
5,17,3,14,0,Yadkin,2023-02-01
5,20,4,16,0,Alamance,2022-11-15
5,26,4,22,0,Alamance,2023-01-07
5,25,4,21,0,Alamance,2023-02-11
5,17,4,13,0,Alexander,2022-09-14
5,12,4,8,0,Alexander,2023-01-11
5,12,4,8,0,Bladen,2022-12-07
5,23,4,19,0,Burke,2022-10-26
5,32,4,28,0,Burke,2022-12-15
5,12,4,8,0,Burke,2023-01-01
5,27,4,23,0,Cabarrus,2022-10-27
5,19,4,15,0,Caldwell,2023-02-01
5,17,4,13,0,Catawba,2022-10-02
5,14,4,10,0,Catawba,2023-01-14
5,9,4,5,0,Cleveland,2022-10-18
5,20,4,16,0,Cleveland,2023-01-20
5,19,4,15,0,Davidson,2022-09-25
5,19,4,15,0,Davidson,2022-11-18
5,13,4,9,0,Davie,2022-12-14
5,26,4,22,0,Davie,2022-12-29
5,29,4,25,0,Durham,2022-12-25
5,23,4,19,0,Forsyth,2022-11-26
5,21,4,17,0,Forsyth,2023-03-04
5,35,4,31,0,Gaston,2022-10-05
5,25,4,21,0,Gaston,2022-11-01
5,22,4,18,0,Gaston,2022-11-03
5,18,4,14,0,Granville,2023-01-18
5,12,4,8,0,Halifax,2022-10-03
5,19,4,15,0,Halifax,2022-10-24
5,7,4,3,0,Halifax,2023-02-20
5,17,4,13,0,Johnston,2022-10-15
5,28,4,24,0,Johnston,2022-12-03
5,18,4,14,0,Johnston,2023-03-01
5,21,4,17,0,Lenoir,2023-01-30
5,16,4,12,0,Lincoln,2022-12-18
5,14,4,10,0,Lincoln,2023-01-13
5,21,4,17,0,Lincoln,2023-02-02
5,15,4,11,0,Lincoln,2023-02-05
5,10,4,6,0,Lincoln,2023-03-03
5,19,4,15,0,McDowell,2022-12-05
5,18,4,14,0,McDowell,2022-12-06
5,11,4,7,0,McDowell,2023-01-16
5,11,4,7,0,McDowell,2023-01-25
5,15,4,11,0,Moore,2023-02-03
5,12,4,8,0,Nash,2022-10-04
5,42,4,38,0,Onslow,2022-09-16
5,26,4,22,0,Orange,2022-12-26
5,28,4,24,0,Orange,2023-01-25
5,22,4,18,0,Orange,2023-02-13
5,11,4,7,0,Pender,2023-01-23
5,9,4,5,0,Pender,2023-02-09
5,12,4,8,0,Pitt,2022-10-08
5,15,4,11,0,Pitt,2022-10-18
5,10,4,6,0,Pitt,2022-10-23
5,13,4,9,0,Pitt,2023-03-06
5,24,4,20,0,Rockingham,2022-12-26
5,16,4,12,0,Rockingham,2023-02-07
5,15,4,11,0,Rockingham,2023-02-14
5,32,4,28,0,Rowan,2022-09-14
5,27,4,23,0,Rowan,2022-12-14
5,14,4,10,0,Rutherford,2022-11-30
5,9,4,5,0,Stokes,2022-10-14
5,12,4,8,0,Stokes,2022-12-01
5,20,4,16,0,Stokes,2023-01-18
5,19,4,15,0,Surry,2022-12-02
5,33,4,29,0,Union,2022-10-27
5,20,4,16,0,Yadkin,2022-12-21
5,17,4,13,0,Yadkin,2023-02-13
5,54,5,49,0,Alamance,2022-09-22
5,8,5,3,0,Alexander,2023-02-02
5,18,5,13,0,Bladen,2023-01-18
5,14,5,9,0,Bladen,2023-01-19
5,23,5,18,0,Brunswick,2023-01-27
5,17,5,12,0,Buncombe,2023-01-22
5,25,5,20,0,Buncombe,2023-03-09
5,16,5,11,0,Burke,2022-12-08
5,29,5,24,0,Cabarrus,2022-10-24
5,15,5,10,0,Cabarrus,2023-02-05
5,17,5,12,0,Caldwell,2022-10-27
5,17,5,12,0,Cleveland,2022-09-19
5,18,5,13,0,Cleveland,2022-12-12
5,22,5,17,0,Cleveland,2022-12-24
5,14,5,9,0,Cleveland,2023-02-01
5,29,5,24,0,Cumberland,2022-11-18
5,14,5,9,0,Davidson,2022-11-21
5,26,5,21,0,Davidson,2023-02-10
5,28,5,23,0,Davidson,2023-02-16
5,18,5,13,0,Duplin,2022-12-27
5,12,5,7,0,Duplin,2023-02-03
5,38,5,33,0,Durham,2022-11-10
5,21,5,16,0,Edgecombe,2022-09-13
5,39,5,34,0,Forsyth,2023-01-15
5,21,5,16,0,Franklin,2022-12-22
5,36,5,31,0,Gaston,2022-10-24
5,17,5,12,0,Halifax,2022-09-28
5,17,5,12,0,Halifax,2023-01-26
5,20,5,15,0,Harnett,2023-01-20
5,9,5,4,0,Haywood,2023-03-02
5,15,5,10,0,Hoke,2022-12-28
5,18,5,13,0,Hoke,2023-01-11
5,21,5,16,0,Hoke,2023-01-20
5,18,5,13,0,Hoke,2023-02-02
5,15,5,10,0,Iredell,2023-01-20
5,18,5,13,0,Johnston,2022-10-23
5,22,5,17,0,Johnston,2022-11-04
5,16,5,11,0,Johnston,2022-11-18
5,38,5,33,0,Johnston,2023-02-07
5,18,5,13,0,Lee,2022-11-07
5,20,5,15,0,Lee,2022-12-31
5,14,5,9,0,Lincoln,2022-11-25
5,17,5,12,0,Lincoln,2023-01-18
5,15,5,10,0,Lincoln,2023-01-21
5,15,5,10,0,Moore,2022-11-09
5,26,5,21,0,Nash,2022-12-31
5,24,5,19,0,Nash,2023-01-11
5,20,5,15,0,New Hanover,2023-02-03
5,35,5,30,0,Orange,2022-09-15
5,24,5,19,0,Orange,2022-10-18
5,37,5,32,0,Orange,2022-12-09
5,25,5,20,0,Orange,2023-01-27
5,18,5,13,0,Pender,2022-12-29
5,16,5,11,0,Person,2023-01-04
5,13,5,8,0,Pitt,2022-11-11
5,24,5,19,0,Pitt,2022-11-22
5,14,5,9,0,Richmond,2023-01-30
5,11,5,6,0,Robeson,2023-02-12
5,15,5,10,0,Rockingham,2023-01-01
5,20,5,15,0,Rowan,2022-10-14
5,21,5,16,0,Rowan,2023-01-14
5,30,5,25,0,Rowan,2023-01-26
5,12,5,7,0,Rutherford,2022-10-06
5,14,5,9,0,Rutherford,2023-01-20
5,27,5,22,0,Surry,2023-02-01
5,7,5,2,0,Swain,2023-01-15
5,29,5,24,0,Union,2022-11-08
5,23,5,18,0,Union,2022-11-16
5,19,5,14,0,Union,2022-12-04
5,32,5,27,0,Union,2023-01-22
5,13,5,8,0,Union,2023-02-19
5,11,5,6,0,Vance,2022-09-22
5,18,5,13,0,Watauga,2022-12-29
5,14,5,9,0,Wayne,2023-01-08
5,7,5,2,0,Wilson,2022-10-27
5,17,5,12,0,Wilson,2022-12-18
5,36,6,30,0,Alamance,2022-12-18
5,22,6,16,0,Alamance,2023-01-01
5,18,6,12,0,Alamance,2023-03-02
5,24,6,18,0,Brunswick,2022-10-27
5,39,6,33,0,Brunswick,2022-12-23
5,27,6,21,0,Burke,2022-12-13
5,19,6,13,0,Cabarrus,2023-02-27
5,14,6,8,0,Carteret,2023-01-13
5,16,6,10,0,Chatham,2023-01-30
5,8,6,2,0,Chowan,2023-01-21
5,36,6,30,0,Cumberland,2022-11-08
5,25,6,19,0,Cumberland,2023-02-11
5,29,6,23,0,Davidson,2022-11-30
5,31,6,25,0,Davidson,2022-12-17
5,15,6,9,0,Davidson,2023-03-02
5,15,6,9,0,Davidson,2023-03-05
5,29,6,23,0,Davie,2023-01-02
5,16,6,10,0,Davie,2023-01-18
5,11,6,5,0,Duplin,2022-12-09
5,35,6,29,0,Gaston,2022-12-10
5,17,6,11,0,Gaston,2023-03-10
5,22,6,16,0,Granville,2022-11-28
5,19,6,13,0,Granville,2023-01-24
5,16,6,10,0,Granville,2023-01-31
5,17,6,11,0,Hoke,2023-01-24
5,41,6,35,0,Johnston,2022-09-22
5,8,6,2,0,Jones,2022-09-24
5,14,6,8,0,Lincoln,2022-10-18
5,21,6,15,0,Lincoln,2023-01-30
5,13,6,7,0,Moore,2023-01-25
5,16,6,10,0,Nash,2022-09-14
5,12,6,6,0,Nash,2023-02-22
5,20,6,14,0,New Hanover,2023-02-08
5,42,6,36,0,Onslow,2022-09-21
5,28,6,22,0,Pender,2022-12-28
5,27,6,21,0,Pitt,2022-10-04
5,22,6,16,0,Pitt,2022-10-13
5,17,6,11,0,Pitt,2022-11-14
5,23,6,17,0,Richmond,2023-01-05
5,18,6,12,0,Robeson,2022-09-17
5,16,6,10,0,Robeson,2022-12-11
5,17,6,11,0,Rowan,2022-09-15
5,12,6,6,0,Rutherford,2022-11-02
5,23,6,17,0,Rutherford,2023-01-05
5,11,6,5,0,Scotland,2023-01-12
5,10,6,4,0,Scotland,2023-02-08
5,23,6,17,0,Stokes,2022-09-13
5,26,6,20,0,Stokes,2022-12-07
5,28,6,22,0,Stokes,2022-12-21
5,15,6,9,0,Stokes,2023-01-17
5,15,6,9,0,Surry,2022-12-18
5,15,6,9,0,Surry,2023-02-24
5,30,6,24,0,Union,2023-02-17
5,24,6,18,0,Vance,2022-12-29
5,23,6,17,0,Vance,2023-01-03
5,17,6,11,0,Wayne,2022-12-11
5,16,6,10,0,Wayne,2023-02-12
5,7,6,1,0,Wilkes,2023-02-27
5,21,7,14,0,Brunswick,2023-02-07
5,29,7,22,0,Buncombe,2022-09-18
5,30,7,23,0,Cabarrus,2022-10-31
5,21,7,14,0,Cabarrus,2023-01-28
5,16,7,9,0,Caldwell,2022-12-25
5,15,7,8,0,Catawba,2023-03-03
5,21,7,14,0,Chatham,2022-09-13
5,20,7,13,0,Columbus,2023-01-10
5,12,7,5,0,Currituck,2022-10-19
5,19,7,12,0,Davidson,2022-10-21
5,25,7,18,0,Davidson,2023-02-28
5,19,7,12,0,Davidson,2023-03-07
5,26,7,19,0,Forsyth,2022-12-04
5,25,7,18,0,Granville,2022-09-19
5,20,7,13,0,Harnett,2023-01-27
5,28,7,21,0,Henderson,2022-12-31
5,22,7,15,0,Henderson,2023-01-24
5,26,7,19,0,Hoke,2023-01-03
5,20,7,13,0,Iredell,2022-10-23
5,13,7,6,0,Jackson,2023-01-12
5,13,7,6,0,Lee,2022-09-29
5,28,7,21,0,Lenoir,2022-12-21
5,15,7,8,0,McDowell,2022-12-27
5,11,7,4,0,Montgomery,2023-01-04
5,23,7,16,0,Nash,2022-09-13
5,16,7,9,0,Nash,2022-12-14
5,29,7,22,0,New Hanover,2022-10-03
5,23,7,16,0,Onslow,2023-01-27
5,40,7,33,0,Orange,2022-12-12
5,20,7,13,0,Pender,2023-01-25
5,27,7,20,0,Pitt,2022-10-28
5,25,7,18,0,Pitt,2023-02-17
5,13,7,6,0,Richmond,2022-12-09
5,17,7,10,0,Richmond,2023-01-24
5,15,7,8,0,Rockingham,2023-01-12
5,17,7,10,0,Rowan,2022-10-10
5,14,7,7,0,Rutherford,2023-01-11
5,14,7,7,0,Sampson,2023-01-25
5,7,7,0,0,Scotland,2023-03-08
5,16,7,9,0,Stokes,2023-02-15
5,19,7,12,0,Surry,2022-11-01
5,33,7,26,0,Surry,2022-11-29
5,22,7,15,0,Watauga,2022-09-14
5,20,7,13,0,Wayne,2022-12-24
5,16,7,9,0,Yadkin,2023-01-25
5,31,8,23,0,Alamance,2023-01-31
5,15,8,7,0,Alexander,2023-01-03
5,22,8,14,0,Brunswick,2022-12-10
5,41,8,33,0,Brunswick,2022-12-21
5,27,8,19,0,Burke,2022-12-31
5,19,8,11,0,Burke,2023-01-11
5,25,8,17,0,Cabarrus,2022-11-23
5,22,8,14,0,Cabarrus,2023-01-01
5,23,8,15,0,Chatham,2022-09-21
5,26,8,18,0,Chatham,2022-09-22
5,20,8,12,0,Cleveland,2023-01-17
5,16,8,8,0,Columbus,2022-12-12
5,39,8,31,0,Cumberland,2022-11-26
5,24,8,16,0,Davidson,2022-10-19
5,25,8,17,0,Davie,2022-12-21
5,24,8,16,0,Franklin,2022-12-12
5,19,8,11,0,Franklin,2023-02-01
5,28,8,20,0,Gaston,2022-10-04
5,9,8,1,0,Graham,2023-01-03
5,18,8,10,0,Granville,2023-01-23
5,44,8,36,0,Guilford,2023-02-11
5,13,8,5,0,Halifax,2023-02-03
5,32,8,24,0,Henderson,2022-12-14
5,19,8,11,0,Henderson,2023-01-20
5,18,8,10,0,Henderson,2023-01-23
5,17,8,9,0,Henderson,2023-02-03
5,13,8,5,0,Jackson,2023-01-09
5,28,8,20,0,Johnston,2022-09-25
5,13,8,5,0,Lincoln,2023-01-22
5,10,8,2,0,Martin,2022-09-16
5,15,8,7,0,Moore,2022-10-21
5,24,8,16,0,Nash,2022-09-27
5,23,8,15,0,Nash,2023-01-09
5,21,8,13,0,New Hanover,2022-10-10
5,27,8,19,0,Pitt,2022-10-12
5,16,8,8,0,Randolph,2023-02-15
5,19,8,11,0,Robeson,2022-10-11
5,13,8,5,0,Robeson,2022-12-03
5,19,8,11,0,Robeson,2023-02-09
5,30,8,22,0,Rockingham,2022-09-26
5,35,8,27,0,Rowan,2022-12-07
5,19,8,11,0,Rutherford,2022-09-19
5,10,8,2,0,Sampson,2022-12-07
5,10,8,2,0,Scotland,2022-10-31
5,9,8,1,0,Scotland,2023-01-21
5,21,8,13,0,Stokes,2023-01-09
5,17,8,9,0,Stokes,2023-02-09
5,26,8,18,0,Surry,2023-01-16
5,19,8,11,0,Wilson,2022-09-22
5,17,8,9,0,Wilson,2023-02-17
5,19,8,11,0,Yadkin,2022-09-14
5,54,9,45,0,Burke,2022-09-19
5,24,9,15,0,Burke,2022-12-24
5,31,9,22,0,Cabarrus,2022-10-26
5,21,9,12,0,Catawba,2022-11-09
5,13,9,4,0,Catawba,2022-11-17
5,14,9,5,0,Clay,2022-12-29
5,21,9,12,0,Cleveland,2022-11-29
5,53,9,44,0,Cumberland,2022-10-04
5,26,9,17,0,Cumberland,2022-11-17
5,25,9,16,0,Cumberland,2023-03-10
5,23,9,14,0,Davidson,2023-01-08
5,33,9,24,0,Forsyth,2022-11-27
5,46,9,37,0,Forsyth,2023-02-23
5,32,9,23,0,Granville,2022-12-27
5,18,9,9,0,Granville,2023-01-01
5,41,9,32,0,Guilford,2022-12-03
5,14,9,5,0,Halifax,2022-12-02
5,31,9,22,0,Halifax,2023-01-05
5,31,9,22,0,Harnett,2022-09-28
5,25,9,16,0,Harnett,2023-01-01
5,23,9,14,0,Henderson,2023-02-01
5,14,9,5,0,Hertford,2023-01-03
5,17,9,8,0,Iredell,2023-01-21
5,30,9,21,0,Johnston,2022-10-17
5,27,9,18,0,Lenoir,2022-12-15
5,30,9,21,0,Lincoln,2022-09-14
5,19,9,10,0,McDowell,2022-12-19
5,18,9,9,0,Montgomery,2023-01-02
5,18,9,9,0,Moore,2022-09-25
5,25,9,16,0,Nash,2022-12-22
5,22,9,13,0,Nash,2022-12-24
5,37,9,28,0,Nash,2023-01-03
5,16,9,7,0,Pasquotank,2022-12-30
5,24,9,15,0,Randolph,2022-10-17
5,27,9,18,0,Robeson,2022-10-03
5,12,9,3,0,Robeson,2023-01-22
5,22,9,13,0,Robeson,2023-02-16
5,19,9,10,0,Robeson,2023-02-23
5,15,9,6,0,Sampson,2023-02-10
5,11,9,2,0,Scotland,2022-09-15
5,14,9,5,0,Scotland,2022-12-28
5,14,9,5,0,Stokes,2023-02-17
5,28,9,19,0,Surry,2023-01-02
5,37,9,28,0,Union,2022-11-23
5,23,9,14,0,Wayne,2022-12-17
5,15,9,6,0,Wilkes,2023-02-02
5,15,9,6,0,Wilkes,2023-02-20
5,16,9,7,0,Wilson,2022-11-28
5,22,9,13,0,Wilson,2023-01-06
5,29,10,19,0,Cabarrus,2022-10-18
5,20,10,10,0,Catawba,2022-10-28
5,19,10,9,0,Catawba,2023-01-08
5,22,10,12,0,Catawba,2023-02-21
5,17,10,7,0,Catawba,2023-03-02
5,45,10,35,0,Cleveland,2022-12-28
5,30,10,20,0,Davie,2022-12-19
5,30,10,20,0,Davie,2022-12-26
5,11,10,1,0,Duplin,2022-09-13
5,16,10,6,0,Duplin,2022-12-12
5,39,10,29,0,Forsyth,2023-01-08
5,19,10,9,0,Gaston,2023-03-07
5,23,10,13,0,Granville,2023-01-20
5,21,10,11,0,Halifax,2022-12-14
5,15,10,5,0,Haywood,2022-10-12
5,23,10,13,0,Henderson,2022-12-25
5,21,10,11,0,Lee,2022-12-12
5,16,10,6,0,Moore,2022-10-28
5,27,10,17,0,Moore,2022-12-17
5,21,10,11,0,Moore,2023-01-05
5,20,10,10,0,Nash,2022-12-26
5,24,10,14,0,Pitt,2022-10-26
5,22,10,12,0,Randolph,2023-02-07
5,19,10,9,0,Rutherford,2023-01-24
5,12,10,2,0,Swain,2023-01-17
5,20,10,10,0,Wilkes,2022-12-07
5,20,10,10,0,Wilson,2023-01-05
5,19,11,8,0,Brunswick,2022-11-05
5,19,11,8,0,Catawba,2022-11-23
5,21,11,10,0,Catawba,2022-12-11
5,20,11,9,0,Catawba,2023-01-20
5,21,11,10,0,Duplin,2023-01-09
5,70,11,59,0,Guilford,2022-09-24
5,23,11,12,0,Henderson,2023-02-07
5,27,11,16,0,Iredell,2022-11-09
5,18,11,7,0,Iredell,2023-02-28
5,20,11,9,0,Lenoir,2022-09-23
5,23,11,12,0,Lincoln,2022-09-22
5,15,11,4,0,Lincoln,2023-02-25
5,30,11,19,0,Nash,2022-12-15
5,27,11,16,0,New Hanover,2022-12-16
5,25,11,14,0,Randolph,2022-09-18
5,24,11,13,0,Robeson,2022-10-14
5,28,11,17,0,Rowan,2022-10-03
5,22,11,11,0,Wilkes,2022-09-22
5,17,11,6,0,Wilson,2023-01-30
5,31,12,19,0,Cabarrus,2022-12-11
5,25,12,13,0,Catawba,2022-09-24
5,19,12,7,0,Craven,2022-12-13
5,54,12,42,0,Davidson,2022-09-21
5,35,12,23,0,Gaston,2022-12-04
5,38,12,26,0,Henderson,2022-09-13
5,27,12,15,0,Iredell,2022-12-24
5,24,12,12,0,Iredell,2023-01-25
5,27,12,15,0,Nash,2023-02-01
5,41,12,29,0,New Hanover,2022-09-15
5,26,12,14,0,New Hanover,2023-01-15
5,26,12,14,0,Richmond,2023-01-23
5,17,12,5,0,Sampson,2023-01-12
5,37,12,25,0,Union,2022-10-20
5,66,12,54,0,Wake,2022-10-14
5,25,12,13,0,Wayne,2023-01-15
5,23,12,11,0,Wilkes,2022-12-15
5,22,12,10,0,Wilson,2023-02-14
5,17,13,4,0,Carteret,2022-09-15
5,29,13,16,0,Catawba,2022-10-27
5,17,13,4,0,Cherokee,2023-02-13
5,48,13,35,0,Cumberland,2022-12-11
5,17,13,4,0,Haywood,2023-01-23
5,22,13,9,0,Henderson,2023-01-21
5,21,13,8,0,Henderson,2023-01-26
5,19,13,6,0,Hertford,2022-12-19
5,28,13,15,0,New Hanover,2023-01-20
5,40,13,27,0,New Hanover,2023-01-27
5,35,13,22,0,Randolph,2022-09-14
5,20,13,7,0,Randolph,2023-01-23
5,19,13,6,0,Sampson,2023-01-05
5,34,13,21,0,Surry,2023-01-09
5,17,13,4,0,Watauga,2023-01-20
5,19,13,6,0,Wayne,2022-11-15
5,22,13,9,0,Wilkes,2023-01-11
5,21,14,7,0,Carteret,2022-12-16
5,28,14,14,0,Carteret,2023-01-09
5,26,14,12,0,Catawba,2023-02-16
5,23,14,9,0,Craven,2022-12-17
5,14,14,0,0,Gates,2023-01-25
5,49,14,35,0,Guilford,2022-11-16
5,30,14,16,0,Iredell,2022-10-27
5,26,14,12,0,Wayne,2023-01-16
5,20,14,6,0,Wilson,2022-10-04
5,18,15,3,0,Moore,2023-01-19
5,20,15,5,0,Robeson,2023-02-03
5,43,15,28,0,Rutherford,2022-12-29
5,19,15,4,0,Sampson,2023-02-13
5,18,15,3,0,Scotland,2022-12-20
5,41,16,25,0,Buncombe,2023-01-24
5,28,16,12,0,Iredell,2023-02-01
5,20,16,4,0,Iredell,2023-03-01
5,22,16,6,0,Sampson,2022-12-21
5,23,16,7,0,Wayne,2022-10-19
5,39,17,22,0,Buncombe,2022-11-08
5,36,17,19,0,Cabarrus,2022-12-24
5,37,17,20,0,Catawba,2022-10-25
5,31,17,14,0,Gaston,2023-02-21
5,27,17,10,0,Randolph,2023-02-08
5,22,17,5,0,Randolph,2023-02-12
5,22,17,5,0,Robeson,2022-09-29
5,42,18,24,0,Buncombe,2022-09-16
5,33,18,15,0,Catawba,2022-12-01
5,50,18,32,0,Durham,2023-02-27
5,34,18,16,0,New Hanover,2022-12-18
5,25,18,7,0,Wilkes,2022-12-09
5,42,19,23,0,Catawba,2022-12-31
5,23,19,4,0,Hoke,2023-02-04
5,26,19,7,0,Sampson,2023-01-17
5,24,19,5,0,Scotland,2023-01-05
5,29,20,9,0,Catawba,2023-02-09
5,36,21,15,0,Wayne,2022-09-21
5,44,22,22,0,Buncombe,2022-12-16
5,38,22,16,0,Catawba,2022-12-07
5,40,22,18,0,Iredell,2023-01-19
5,34,26,8,0,Sampson,2022-12-28
5,43,26,17,0,Wayne,2022-12-05
5,34,28,6,0,Sampson,2023-01-31
6,10,0,10,0,Brunswick,2023-02-05
6,14,0,14,0,Person,2023-01-03
6,8,1,7,0,Beaufort,2022-12-18
6,17,1,16,0,Caldwell,2023-01-19
6,15,1,14,0,Chatham,2022-10-28
6,10,1,9,0,Chowan,2023-01-30
6,16,1,15,0,Cleveland,2023-02-21
6,46,1,45,0,Durham,2022-10-07
6,43,1,42,0,Durham,2022-12-10
6,12,1,11,0,Edgecombe,2022-11-28
6,19,1,18,0,Franklin,2023-01-12
6,28,1,27,0,Gaston,2022-11-27
6,21,1,20,0,Granville,2022-10-27
6,16,1,15,0,Johnston,2022-10-30
6,13,1,12,0,Lee,2023-01-26
6,20,1,19,0,Orange,2023-02-28
6,12,1,11,0,Rowan,2023-03-08
6,15,1,14,0,Stanly,2023-01-18
6,13,1,12,0,Stanly,2023-02-07
6,14,1,13,0,Surry,2022-11-14
6,10,1,9,0,Yadkin,2023-01-18
6,9,2,7,0,Beaufort,2023-02-07
6,16,2,14,0,Brunswick,2023-01-14
6,24,2,22,0,Cabarrus,2023-02-17
6,9,2,7,0,Caldwell,2022-11-01
6,18,2,16,0,Caldwell,2023-02-13
6,12,2,10,0,Caldwell,2023-02-15
6,21,2,19,0,Caldwell,2023-02-22
6,9,2,7,0,Chatham,2022-11-15
6,16,2,14,0,Cleveland,2022-09-21
6,15,2,13,0,Cleveland,2023-02-03
6,16,2,14,0,Davidson,2023-01-22
6,13,2,11,0,Davie,2023-02-07
6,12,2,10,0,Duplin,2022-12-05
6,45,2,43,0,Durham,2022-09-24
6,51,2,49,0,Durham,2022-11-09
6,20,2,18,0,Edgecombe,2022-12-13
6,21,2,19,0,Edgecombe,2022-12-26
6,37,2,35,0,Franklin,2023-01-04
6,11,2,9,0,Franklin,2023-02-16
6,21,2,19,0,Gaston,2022-11-21
6,15,2,13,0,Harnett,2022-10-06
6,29,2,27,0,Harnett,2023-01-31
6,19,2,17,0,Johnston,2022-12-04
6,14,2,12,0,Lenoir,2023-02-06
6,16,2,14,0,Lincoln,2022-11-29
6,35,2,33,0,Onslow,2023-01-20
6,31,2,29,0,Orange,2023-01-24
6,8,2,6,0,Rockingham,2022-10-01
6,26,2,24,0,Rowan,2023-02-14
6,22,2,20,0,Stanly,2023-01-23
6,28,3,25,0,Alamance,2023-01-18
6,32,3,29,0,Alamance,2023-02-22
6,22,3,19,0,Alamance,2023-02-28
6,11,3,8,0,Beaufort,2023-01-10
6,10,3,7,0,Bladen,2023-01-22
6,12,3,9,0,Caldwell,2022-11-14
6,18,3,15,0,Caldwell,2023-02-14
6,12,3,9,0,Catawba,2023-01-29
6,16,3,13,0,Cleveland,2023-01-24
6,15,3,12,0,Davidson,2023-02-18
6,25,3,22,0,Davidson,2023-02-22
6,41,3,38,0,Durham,2022-11-17
6,50,3,47,0,Durham,2022-12-11
6,12,3,9,0,Durham,2023-02-26
6,21,3,18,0,Franklin,2023-01-31
6,19,3,16,0,Gaston,2022-10-02
6,13,3,10,0,Gaston,2023-02-25
6,18,3,15,0,Gaston,2023-03-09
6,17,3,14,0,Hoke,2023-01-17
6,32,3,29,0,Hoke,2023-02-06
6,24,3,21,0,Johnston,2022-11-26
6,21,3,18,0,Lee,2023-01-03
6,14,3,11,0,Lenoir,2022-10-17
6,11,3,8,0,Lenoir,2022-10-19
6,21,3,18,0,Lenoir,2023-01-05
6,20,3,17,0,Lenoir,2023-02-01
6,17,3,14,0,Lenoir,2023-02-07
6,29,3,26,0,Lincoln,2022-12-19
6,22,3,19,0,Lincoln,2023-02-07
6,17,3,14,0,Nash,2022-10-13
6,20,3,17,0,Nash,2023-02-08
6,18,3,15,0,Nash,2023-02-14
6,36,3,33,0,Orange,2022-12-08
6,15,3,12,0,Orange,2023-01-21
6,16,3,13,0,Rockingham,2022-09-20
6,20,3,17,0,Rockingham,2022-09-22
6,35,3,32,0,Rowan,2022-09-20
6,21,3,18,0,Rowan,2023-02-21
6,17,3,14,0,Stanly,2022-10-06
6,30,3,27,0,Union,2022-10-12
6,28,3,25,0,Vance,2023-01-04
6,19,3,16,0,Vance,2023-02-01
6,34,4,30,0,Alamance,2022-09-23
6,33,4,29,0,Alamance,2022-12-09
6,43,4,39,0,Alamance,2023-01-20
6,24,4,20,0,Beaufort,2022-09-26
6,21,4,17,0,Beaufort,2022-10-10
6,18,4,14,0,Bladen,2023-01-04
6,20,4,16,0,Brunswick,2023-01-31
6,10,4,6,0,Burke,2023-02-03
6,17,4,13,0,Caldwell,2022-11-23
6,19,4,15,0,Cleveland,2023-01-16
6,32,4,28,0,Cumberland,2022-11-15
6,36,4,32,0,Cumberland,2022-11-27
6,18,4,14,0,Davidson,2023-01-14
6,12,4,8,0,Davie,2022-12-06
6,41,4,37,0,Durham,2022-11-27
6,25,4,21,0,Durham,2023-03-07
6,20,4,16,0,Edgecombe,2022-12-28
6,25,4,21,0,Gaston,2023-01-29
6,21,4,17,0,Gaston,2023-02-26
6,19,4,15,0,Granville,2022-09-22
6,18,4,14,0,Granville,2022-12-14
6,27,4,23,0,Granville,2022-12-19
6,41,4,37,0,Guilford,2022-10-30
6,17,4,13,0,Halifax,2023-01-25
6,16,4,12,0,Henderson,2022-11-16
6,23,4,19,0,Hoke,2022-12-19
6,29,4,25,0,Johnston,2023-01-21
6,28,4,24,0,Johnston,2023-02-20
6,27,4,23,0,Johnston,2023-02-28
6,19,4,15,0,Lenoir,2023-01-25
6,40,4,36,0,Onslow,2022-11-28
6,24,4,20,0,Onslow,2022-12-17
6,42,4,38,0,Orange,2023-01-02
6,24,4,20,0,Rockingham,2022-09-16
6,26,4,22,0,Rowan,2022-11-16
6,14,4,10,0,Rutherford,2023-01-01
6,17,4,13,0,Stokes,2023-01-12
6,23,4,19,0,Surry,2022-12-07
6,29,5,24,0,Brunswick,2022-09-18
6,31,5,26,0,Cabarrus,2022-09-17
6,16,5,11,0,Cabarrus,2022-11-18
6,18,5,13,0,Caldwell,2023-02-09
6,16,5,11,0,Columbus,2023-01-19
6,39,5,34,0,Forsyth,2022-11-15
6,29,5,24,0,Gaston,2022-11-04
6,24,5,19,0,Gaston,2023-01-22
6,28,5,23,0,Gaston,2023-02-23
6,15,5,10,0,Halifax,2022-11-14
6,30,5,25,0,Harnett,2022-11-30
6,28,5,23,0,Harnett,2022-12-08
6,20,5,15,0,Henderson,2023-01-13
6,17,5,12,0,Henderson,2023-01-19
6,8,5,3,0,Hertford,2023-01-09
6,44,5,39,0,Johnston,2022-12-31
6,24,5,19,0,Lenoir,2022-09-19
6,17,5,12,0,Nash,2023-02-09
6,26,5,21,0,Orange,2022-12-21
6,21,5,16,0,Pitt,2022-09-24
6,26,5,21,0,Pitt,2022-10-25
6,20,5,15,0,Pitt,2023-01-14
6,21,5,16,0,Pitt,2023-03-02
6,9,5,4,0,Richmond,2022-11-30
6,21,5,16,0,Rockingham,2023-02-16
6,16,5,11,0,Rowan,2023-01-15
6,20,5,15,0,Rutherford,2022-12-13
6,20,5,15,0,Stokes,2022-12-14
6,22,5,17,0,Stokes,2022-12-16
6,27,5,22,0,Surry,2023-01-20
6,19,5,14,0,Surry,2023-02-15
6,14,5,9,0,Vance,2023-01-28
6,19,5,14,0,Wilson,2022-10-24
6,14,5,9,0,Yadkin,2023-02-06
6,11,6,5,0,Alexander,2022-09-27
6,17,6,11,0,Beaufort,2023-01-17
6,17,6,11,0,Brunswick,2023-01-08
6,29,6,23,0,Burke,2022-09-21
6,32,6,26,0,Caldwell,2022-09-22
6,24,6,18,0,Caldwell,2023-01-08
6,17,6,11,0,Chatham,2022-11-08
6,18,6,12,0,Chatham,2022-12-15
6,20,6,14,0,Craven,2023-01-12
6,37,6,31,0,Durham,2022-11-14
6,28,6,22,0,Durham,2023-03-08
6,41,6,35,0,Gaston,2023-01-01
6,36,6,30,0,Guilford,2022-11-05
6,28,6,22,0,Guilford,2023-02-26
6,30,6,24,0,Harnett,2022-11-28
6,14,6,8,0,Henderson,2023-02-14
6,23,6,17,0,Iredell,2022-10-28
6,46,6,40,0,Johnston,2022-09-28
6,15,6,9,0,Lee,2022-12-14
6,23,6,17,0,Lincoln,2022-12-14
6,12,6,6,0,Lincoln,2023-02-04
6,37,6,31,0,New Hanover,2022-09-20
6,19,6,13,0,Northampton,2023-01-04
6,29,6,23,0,Orange,2023-01-06
6,30,6,24,0,Pitt,2022-11-01
6,16,6,10,0,Rockingham,2022-09-30
6,21,6,15,0,Rockingham,2022-11-28
6,27,6,21,0,Rowan,2022-09-21
6,21,6,15,0,Surry,2022-11-30
6,27,6,21,0,Surry,2023-01-23
6,20,6,14,0,Vance,2023-02-07
6,20,6,14,0,Wayne,2023-03-01
6,33,7,26,0,Alamance,2023-02-21
6,36,7,29,0,Brunswick,2022-09-22
6,32,7,25,0,Burke,2022-09-18
6,25,7,18,0,Burke,2023-01-12
6,38,7,31,0,Cabarrus,2023-02-20
6,23,7,16,0,Caldwell,2022-10-03
6,29,7,22,0,Caldwell,2023-01-18
6,22,7,15,0,Caldwell,2023-01-31
6,31,7,24,0,Catawba,2022-09-18
6,21,7,14,0,Cleveland,2023-01-09
6,23,7,16,0,Cleveland,2023-01-25
6,25,7,18,0,Craven,2022-10-10
6,26,7,19,0,Davidson,2023-01-24
6,18,7,11,0,Duplin,2023-02-13
6,25,7,18,0,Forsyth,2023-02-26
6,43,7,36,0,Gaston,2022-09-28
6,28,7,21,0,Granville,2022-09-14
6,19,7,12,0,Halifax,2022-12-21
6,34,7,27,0,Harnett,2022-09-27
6,24,7,17,0,Iredell,2023-02-21
6,23,7,16,0,Johnston,2022-10-25
6,40,7,33,0,Johnston,2022-12-17
6,21,7,14,0,Lenoir,2022-12-22
6,21,7,14,0,Lenoir,2023-01-31
6,27,7,20,0,Lincoln,2022-12-09
6,13,7,6,0,Lincoln,2023-03-01
6,21,7,14,0,New Hanover,2023-02-17
6,57,7,50,0,Orange,2023-01-04
6,38,7,31,0,Pitt,2022-09-23
6,29,7,22,0,Pitt,2022-10-17
6,17,7,10,0,Randolph,2022-10-16
6,15,7,8,0,Randolph,2022-12-04
6,16,7,9,0,Randolph,2023-02-03
6,12,7,5,0,Randolph,2023-03-01
6,18,7,11,0,Robeson,2022-10-07
6,18,7,11,0,Robeson,2023-01-15
6,12,7,5,0,Robeson,2023-02-24
6,30,7,23,0,Union,2022-10-13
6,36,7,29,0,Union,2023-01-07
6,23,7,16,0,Union,2023-02-27
6,25,7,18,0,Vance,2022-12-20
6,17,7,10,0,Wayne,2023-02-03
6,12,7,5,0,Wayne,2023-02-22
6,19,7,12,0,Wilson,2023-02-22
6,17,8,9,0,Alexander,2023-01-05
6,10,8,2,0,Ashe,2023-01-13
6,35,8,27,0,Burke,2022-12-16
6,30,8,22,0,Cabarrus,2022-09-25
6,30,8,22,0,Cabarrus,2022-12-17
6,29,8,21,0,Caldwell,2023-02-10
6,24,8,16,0,Columbus,2022-12-27
6,14,8,6,0,Columbus,2023-01-17
6,37,8,29,0,Cumberland,2022-11-14
6,45,8,37,0,Durham,2023-01-01
6,15,8,7,0,Harnett,2023-02-02
6,22,8,14,0,Henderson,2023-02-16
6,16,8,8,0,Iredell,2022-12-03
6,16,8,8,0,Jackson,2023-02-07
6,28,8,20,0,Johnston,2022-11-02
6,22,8,14,0,Lincoln,2022-09-27
6,27,8,19,0,Lincoln,2022-12-21
6,33,8,25,0,Moore,2022-09-26
6,18,8,10,0,Nash,2022-10-12
6,33,8,25,0,Onslow,2023-01-02
6,24,8,16,0,Orange,2023-02-10
6,23,8,15,0,Pitt,2023-01-28
6,17,8,9,0,Randolph,2022-12-03
6,18,8,10,0,Richmond,2022-12-21
6,16,8,8,0,Robeson,2023-03-02
6,23,8,15,0,Stokes,2022-09-16
6,18,8,10,0,Surry,2022-10-05
6,41,8,33,0,Surry,2022-12-29
6,25,8,17,0,Surry,2023-01-06
6,32,8,24,0,Union,2022-10-06
6,54,8,46,0,Union,2022-12-08
6,27,8,19,0,Wilson,2023-02-02
6,20,8,12,0,Yadkin,2022-12-14
6,19,8,11,0,Yadkin,2023-01-17
6,31,9,22,0,Brunswick,2022-10-05
6,40,9,31,0,Caldwell,2022-09-23
6,17,9,8,0,Catawba,2022-11-10
6,11,9,2,0,Cherokee,2023-02-09
6,15,9,6,0,Duplin,2022-10-10
6,18,9,9,0,Duplin,2023-01-19
6,58,9,49,0,Forsyth,2023-01-07
6,31,9,22,0,Forsyth,2023-02-11
6,37,9,28,0,Forsyth,2023-03-01
6,36,9,27,0,Gaston,2022-10-28
6,34,9,25,0,Gaston,2023-01-16
6,34,9,25,0,Granville,2023-01-11
6,17,9,8,0,Halifax,2022-12-16
6,35,9,26,0,Harnett,2023-01-23
6,29,9,20,0,Henderson,2022-10-12
6,23,9,14,0,Henderson,2023-01-15
6,20,9,11,0,Henderson,2023-02-15
6,22,9,13,0,Iredell,2022-10-18
6,32,9,23,0,Lincoln,2022-09-15
6,29,9,20,0,New Hanover,2022-10-05
6,22,9,13,0,New Hanover,2023-01-14
6,40,9,31,0,Orange,2022-12-30
6,35,9,26,0,Pitt,2022-09-22
6,39,9,30,0,Rowan,2022-09-27
6,19,9,10,0,Rutherford,2023-01-09
6,19,9,10,0,Rutherford,2023-01-25
6,20,9,11,0,Sampson,2022-12-13
6,15,9,6,0,Stokes,2022-10-10
6,58,9,49,0,Union,2022-09-22
6,20,9,11,0,Wayne,2023-02-20
6,18,9,9,0,Wilkes,2023-02-09
6,33,10,23,0,Alamance,2022-10-31
6,20,10,10,0,Cabarrus,2023-02-12
6,17,10,7,0,Catawba,2023-03-08
6,23,10,13,0,Chatham,2022-12-05
6,40,10,30,0,Chatham,2023-01-03
6,31,10,21,0,Cumberland,2023-03-01
6,38,10,28,0,Davidson,2022-10-17
6,20,10,10,0,Duplin,2022-12-29
6,35,10,25,0,Forsyth,2023-02-05
6,17,10,7,0,Halifax,2022-12-19
6,36,10,26,0,Henderson,2022-09-15
6,21,10,11,0,Iredell,2022-10-16
6,36,10,26,0,Pitt,2022-09-29
6,21,10,11,0,Randolph,2022-10-04
6,22,10,12,0,Stokes,2022-12-31
6,18,10,8,0,Surry,2023-03-06
6,46,10,36,0,Union,2022-09-26
6,17,10,7,0,Wilkes,2023-02-08
6,16,10,6,0,Wilson,2023-01-27
6,34,11,23,0,Buncombe,2022-10-20
6,27,11,16,0,Buncombe,2022-10-30
6,48,11,37,0,Cabarrus,2023-01-20
6,14,11,3,0,Chowan,2023-01-22
6,43,11,32,0,Craven,2022-09-26
6,29,11,18,0,Cumberland,2022-12-04
6,40,11,29,0,Cumberland,2023-02-23
6,34,11,23,0,Davidson,2022-10-10
6,39,11,28,0,Gaston,2022-10-25
6,27,11,16,0,Gaston,2023-01-28
6,20,11,9,0,Halifax,2022-12-13
6,37,11,26,0,Harnett,2022-12-05
6,28,11,17,0,Henderson,2022-12-13
6,24,11,13,0,Iredell,2022-12-04
6,25,11,14,0,Iredell,2023-01-27
6,21,11,10,0,Iredell,2023-03-02
6,30,11,19,0,Johnston,2022-12-01
6,28,11,17,0,Johnston,2022-12-10
6,33,11,22,0,Moore,2022-09-20
6,22,11,11,0,Moore,2022-10-27
6,22,11,11,0,Nash,2022-09-15
6,32,11,21,0,New Hanover,2022-12-24
6,24,11,13,0,Randolph,2023-02-06
6,28,11,17,0,Robeson,2022-10-13
6,32,11,21,0,Stokes,2022-12-30
6,56,11,45,0,Union,2022-09-14
6,27,11,16,0,Vance,2023-01-06
6,19,11,8,0,Wilson,2023-01-20
6,17,11,6,0,Wilson,2023-02-09
6,19,12,7,0,Bladen,2022-12-12
6,68,12,56,0,Cabarrus,2022-09-13
6,44,12,32,0,Caldwell,2023-01-09
6,29,12,17,0,Carteret,2022-12-29
6,15,12,3,0,Clay,2023-01-20
6,33,12,21,0,Cumberland,2023-01-14
6,29,12,17,0,Cumberland,2023-03-06
6,31,12,19,0,Guilford,2023-03-03
6,25,12,13,0,Halifax,2023-02-07
6,20,12,8,0,Haywood,2022-10-08
6,26,12,14,0,Henderson,2023-02-06
6,42,12,30,0,Lincoln,2023-01-04
6,21,12,9,0,Randolph,2022-12-01
6,21,12,9,0,Robeson,2023-01-14
6,33,12,21,0,Rowan,2023-02-13
6,46,12,34,0,Stokes,2022-12-27
6,18,12,6,0,Wilkes,2022-12-22
6,26,12,14,0,Wilson,2022-09-13
6,48,13,35,0,Alamance,2022-12-31
6,67,13,54,0,Brunswick,2022-12-29
6,35,13,22,0,Harnett,2023-01-05
6,18,13,5,0,Haywood,2022-10-11
6,41,13,28,0,Iredell,2022-09-28
6,46,13,33,0,Johnston,2022-09-18
6,21,13,8,0,Moore,2022-10-04
6,32,13,19,0,New Hanover,2022-12-01
6,52,13,39,0,Pitt,2022-09-13
6,40,13,27,0,Pitt,2022-11-29
6,36,13,23,0,Randolph,2022-12-31
6,23,13,10,0,Randolph,2023-01-16
6,24,13,11,0,Robeson,2022-10-12
6,22,13,9,0,Robeson,2023-01-21
6,24,13,11,0,Sampson,2022-12-29
6,28,13,15,0,Wayne,2023-01-01
6,19,13,6,0,Wilson,2023-01-23
6,32,14,18,0,Buncombe,2022-12-02
6,23,14,9,0,Cumberland,2023-02-19
6,26,14,12,0,Davie,2023-01-10
6,32,14,18,0,Iredell,2023-02-03
6,43,14,29,0,New Hanover,2022-12-13
6,20,14,6,0,Robeson,2022-11-07
6,25,14,11,0,Wayne,2023-02-06
6,27,14,13,0,Wayne,2023-02-07
6,15,14,1,0,Wilkes,2022-12-17
6,29,14,15,0,Wilkes,2022-12-27
6,33,14,19,0,Wilson,2022-09-15
6,27,15,12,0,Anson,2022-12-28
6,32,15,17,0,Brunswick,2023-01-20
6,27,15,12,0,Catawba,2022-12-17
6,41,15,26,0,Cumberland,2023-01-15
6,26,15,11,0,Duplin,2023-01-27
6,20,15,5,0,Moore,2022-10-10
6,28,15,13,0,Moore,2022-10-11
6,30,15,15,0,Moore,2022-12-16
6,22,15,7,0,Nash,2023-01-27
6,29,15,14,0,Randolph,2022-12-10
6,19,15,4,0,Sampson,2023-02-15
6,34,15,19,0,Wayne,2022-09-29
6,29,15,14,0,Wayne,2023-01-27
6,34,15,19,0,Wilson,2023-01-04
6,29,16,13,0,Catawba,2022-10-18
6,29,16,13,0,Catawba,2022-11-01
6,25,16,9,0,Cleveland,2022-10-04
6,35,16,19,0,Craven,2022-12-21
6,42,16,26,0,Cumberland,2023-01-28
6,35,16,19,0,Duplin,2023-01-04
6,32,16,16,0,Granville,2023-01-05
6,43,16,27,0,Henderson,2022-12-19
6,40,16,24,0,Iredell,2022-09-27
6,30,16,14,0,Iredell,2022-10-26
6,32,16,16,0,Moore,2022-09-14
6,23,16,7,0,Wayne,2022-12-02
6,24,16,8,0,Wilson,2023-01-26
6,48,17,31,0,Buncombe,2022-11-01
6,32,17,15,0,Craven,2022-09-13
6,32,17,15,0,Henderson,2023-01-01
6,36,17,19,0,Iredell,2023-01-01
6,36,17,19,0,Robeson,2022-09-27
6,20,17,3,0,Scotland,2022-12-30
6,61,18,43,0,Buncombe,2022-09-13
6,33,18,15,0,Iredell,2023-02-02
6,69,19,50,0,Guilford,2022-10-11
6,26,19,7,0,Henderson,2022-10-31
6,40,19,21,0,Iredell,2023-01-23
6,30,19,11,0,Robeson,2022-11-02
6,25,19,6,0,Robeson,2022-12-01
6,44,19,25,0,Surry,2022-12-14
6,41,20,21,0,Cabarrus,2022-11-22
6,37,20,17,0,Iredell,2022-10-12
6,32,20,12,0,Wayne,2022-09-13
6,52,21,31,0,Alamance,2022-12-23
6,29,21,8,0,Buncombe,2022-12-18
6,28,21,7,0,Catawba,2023-02-15
6,41,21,20,0,Henderson,2023-01-05
6,49,21,28,0,Johnston,2022-12-15
6,38,22,16,0,Carteret,2022-12-28
6,42,22,20,0,Gaston,2023-01-27
6,35,22,13,0,Sampson,2022-12-27
6,34,22,12,0,Wayne,2023-01-31
6,36,23,13,0,Catawba,2022-10-12
6,39,23,16,0,Catawba,2022-10-17
6,38,23,15,0,Catawba,2023-02-08
6,56,24,32,0,Buncombe,2022-12-15
6,48,25,23,0,Buncombe,2023-01-25
6,46,25,21,0,Randolph,2022-09-19
6,40,25,15,0,Wilkes,2022-09-15
6,69,26,43,0,Cumberland,2023-01-08
7,26,0,26,0,Caldwell,2022-09-30
7,12,0,12,0,Franklin,2023-03-07
7,22,0,22,0,Stanly,2022-12-20
7,20,0,20,0,Stanly,2023-01-05
7,29,1,28,0,Caldwell,2023-01-23
7,11,1,10,0,Caswell,2023-01-05
7,19,1,18,0,Davidson,2022-11-04
7,31,1,30,0,Durham,2023-02-12
7,15,1,14,0,Johnston,2022-11-21
7,14,1,13,0,McDowell,2022-10-18
7,25,1,24,0,Onslow,2022-09-23
7,29,1,28,0,Orange,2022-12-16
7,19,1,18,0,Stanly,2023-01-02
7,26,1,25,0,Stanly,2023-01-04
7,14,1,13,0,Yadkin,2023-02-20
7,22,2,20,0,Caldwell,2023-02-20
7,29,2,27,0,Chatham,2022-12-22
7,15,2,13,0,Cleveland,2022-10-26
7,13,2,11,0,Cleveland,2023-01-14
7,59,2,57,0,Durham,2022-09-29
7,10,2,8,0,Franklin,2023-02-18
7,26,2,24,0,Gaston,2022-10-11
7,17,2,15,0,Gaston,2022-10-23
7,15,2,13,0,Halifax,2023-02-13
7,23,2,21,0,Hoke,2022-12-31
7,21,2,19,0,Lincoln,2023-02-03
7,26,2,24,0,Onslow,2022-12-08
7,18,2,16,0,Rockingham,2023-02-21
7,20,2,18,0,Rowan,2023-02-20
7,18,2,16,0,Stanly,2022-12-09
7,24,3,21,0,Alamance,2022-11-17
7,35,3,32,0,Alamance,2022-12-11
7,15,3,12,0,Beaufort,2022-12-28
7,20,3,17,0,Bladen,2022-12-27
7,16,3,13,0,Caldwell,2023-02-28
7,27,3,24,0,Cumberland,2023-02-27
7,20,3,17,0,Davidson,2022-11-03
7,25,3,22,0,Franklin,2023-01-09
7,20,3,17,0,Gaston,2023-02-18
7,24,3,21,0,Harnett,2022-12-06
7,12,3,9,0,Lenoir,2023-01-27
7,13,3,10,0,McDowell,2022-11-29
7,19,3,16,0,Onslow,2022-10-31
7,45,3,42,0,Onslow,2023-01-18
7,26,3,23,0,Onslow,2023-02-03
7,10,3,7,0,Rockingham,2023-03-02
7,26,3,23,0,Rowan,2022-12-06
7,16,3,13,0,Rowan,2023-02-15
7,26,3,23,0,Stanly,2023-01-19
7,13,3,10,0,Surry,2022-10-14
7,16,3,13,0,Surry,2023-02-03
7,35,3,32,0,Union,2022-09-17
7,29,4,25,0,Alamance,2022-11-10
7,38,4,34,0,Alamance,2022-12-08
7,25,4,21,0,Alamance,2023-02-15
7,26,4,22,0,Bladen,2022-12-19
7,18,4,14,0,Bladen,2022-12-29
7,37,4,33,0,Cabarrus,2023-01-27
7,19,4,15,0,Caldwell,2022-12-02
7,26,4,22,0,Caldwell,2023-01-20
7,20,4,16,0,Chatham,2022-10-25
7,31,4,27,0,Davidson,2022-12-05
7,52,4,48,0,Durham,2022-09-17
7,37,4,33,0,Durham,2022-11-26
7,44,4,40,0,Durham,2023-02-16
7,52,4,48,0,Forsyth,2022-10-06
7,28,4,24,0,Franklin,2022-09-19
7,34,4,30,0,Gaston,2022-09-17
7,13,4,9,0,Granville,2023-01-19
7,37,4,33,0,Harnett,2022-09-21
7,25,4,21,0,Johnston,2022-10-10
7,25,4,21,0,Johnston,2022-10-31
7,20,4,16,0,McDowell,2023-01-17
7,38,4,34,0,Onslow,2022-12-26
7,24,4,20,0,Orange,2022-12-07
7,29,4,25,0,Rowan,2022-12-16
7,35,4,31,0,Rowan,2023-01-11
7,30,4,26,0,Union,2022-12-10
7,28,4,24,0,Union,2023-01-21
7,29,4,25,0,Yadkin,2022-12-29
7,33,5,28,0,Alamance,2022-10-05
7,41,5,36,0,Burke,2022-12-22
7,16,5,11,0,Burke,2023-01-10
7,37,5,32,0,Cabarrus,2022-12-09
7,32,5,27,0,Caldwell,2022-12-16
7,34,5,29,0,Caldwell,2023-01-06
7,21,5,16,0,Caldwell,2023-01-25
7,31,5,26,0,Cleveland,2022-12-23
7,52,5,47,0,Cumberland,2022-11-07
7,25,5,20,0,Davidson,2022-10-13
7,50,5,45,0,Durham,2022-11-22
7,17,5,12,0,Franklin,2022-12-26
7,28,5,23,0,Gaston,2022-11-22
7,22,5,17,0,Gaston,2023-02-22
7,21,5,16,0,Gaston,2023-03-03
7,28,5,23,0,Henderson,2022-11-28
7,21,5,16,0,Lenoir,2023-01-23
7,25,5,20,0,Lincoln,2023-01-06
7,23,5,18,0,Lincoln,2023-01-20
7,36,5,31,0,Onslow,2022-12-14
7,31,5,26,0,Orange,2022-10-03
7,37,5,32,0,Pitt,2022-09-28
7,17,5,12,0,Richmond,2023-01-11
7,25,5,20,0,Stanly,2023-01-12
7,35,5,30,0,Union,2022-09-25
7,24,5,19,0,Union,2022-10-17
7,28,5,23,0,Union,2023-01-29
7,21,5,16,0,Yadkin,2022-12-20
7,40,6,34,0,Alamance,2022-09-18
7,37,6,31,0,Alamance,2022-09-28
7,29,6,23,0,Alamance,2022-10-11
7,35,6,29,0,Cabarrus,2022-11-01
7,40,6,34,0,Cabarrus,2022-11-09
7,27,6,21,0,Caldwell,2023-01-05
7,23,6,17,0,Columbus,2022-12-30
7,27,6,21,0,Cumberland,2022-11-11
7,34,6,28,0,Davie,2022-12-28
7,20,6,14,0,Davie,2023-01-05
7,21,6,15,0,Davie,2023-01-09
7,32,6,26,0,Guilford,2022-10-16
7,17,6,11,0,Halifax,2023-01-23
7,14,6,8,0,Halifax,2023-02-02
7,29,6,23,0,Harnett,2023-01-25
7,16,6,10,0,Johnston,2023-02-11
7,21,6,15,0,Johnston,2023-03-06
7,29,6,23,0,Lenoir,2022-12-28
7,32,6,26,0,Lenoir,2022-12-29
7,20,6,14,0,Lincoln,2022-09-16
7,18,6,12,0,Moore,2023-02-16
7,34,6,28,0,Nash,2022-12-28
7,20,6,14,0,New Hanover,2022-11-07
7,22,6,16,0,New Hanover,2022-12-09
7,20,6,14,0,Onslow,2022-11-07
7,39,6,33,0,Rockingham,2023-01-03
7,20,6,14,0,Rowan,2023-02-16
7,29,6,23,0,Rutherford,2022-12-21
7,19,6,13,0,Stokes,2022-12-13
7,26,6,20,0,Surry,2023-01-25
7,45,7,38,0,Alamance,2023-01-16
7,24,7,17,0,Beaufort,2022-09-19
7,15,7,8,0,Brunswick,2022-11-25
7,23,7,16,0,Cabarrus,2023-02-04
7,23,7,16,0,Columbus,2022-12-21
7,37,7,30,0,Gaston,2022-09-26
7,36,7,29,0,Gaston,2022-10-27
7,37,7,30,0,Gaston,2022-12-01
7,45,7,38,0,Guilford,2022-10-23
7,54,7,47,0,Guilford,2022-11-04
7,34,7,27,0,Harnett,2022-12-12
7,22,7,15,0,Harnett,2022-12-23
7,18,7,11,0,Henderson,2022-09-30
7,35,7,28,0,Johnston,2023-01-25
7,31,7,24,0,Johnston,2023-01-26
7,26,7,19,0,Lincoln,2023-02-13
7,11,7,4,0,Randolph,2023-02-11
7,13,7,6,0,Robeson,2023-02-05
7,25,7,18,0,Rockingham,2023-01-11
7,33,7,26,0,Rowan,2023-01-10
7,52,7,45,0,Rowan,2023-01-31
7,27,7,20,0,Surry,2023-01-04
7,29,7,22,0,Surry,2023-01-26
7,39,8,31,0,Alamance,2022-12-17
7,27,8,19,0,Alamance,2023-02-05
7,44,8,36,0,Alamance,2023-02-09
7,15,8,7,0,Anson,2022-12-26
7,16,8,8,0,Bladen,2022-12-15
7,30,8,22,0,Brunswick,2023-02-01
7,26,8,18,0,Buncombe,2022-09-30
7,29,8,21,0,Buncombe,2023-02-08
7,47,8,39,0,Burke,2022-09-14
7,35,8,27,0,Cabarrus,2023-02-10
7,19,8,11,0,Duplin,2023-01-25
7,48,8,40,0,Durham,2023-02-14
7,25,8,17,0,Durham,2023-03-01
7,33,8,25,0,Forsyth,2023-03-03
7,23,8,15,0,Granville,2022-09-13
7,20,8,12,0,Halifax,2023-01-27
7,30,8,22,0,Henderson,2022-09-19
7,28,8,20,0,Iredell,2023-02-14
7,31,8,23,0,McDowell,2022-12-29
7,23,8,15,0,Moore,2022-09-23
7,32,8,24,0,Moore,2022-12-13
7,32,8,24,0,Moore,2023-01-09
7,19,8,11,0,Moore,2023-01-26
7,35,8,27,0,Onslow,2022-12-19
7,39,8,31,0,Pitt,2023-01-18
7,38,8,30,0,Rockingham,2022-12-21
7,16,8,8,0,Sampson,2023-01-06
7,34,8,26,0,Stanly,2022-09-16
7,31,8,23,0,Surry,2022-12-09
7,23,8,15,0,Union,2022-11-04
7,50,8,42,0,Union,2022-12-17
7,34,8,26,0,Vance,2022-12-28
7,17,8,9,0,Wilson,2023-02-16
7,29,9,20,0,Brunswick,2022-09-17
7,39,9,30,0,Cabarrus,2022-09-21
7,35,9,26,0,Cabarrus,2022-09-28
7,37,9,28,0,Chatham,2022-12-27
7,35,9,26,0,Davidson,2022-09-27
7,31,9,22,0,Davidson,2023-01-19
7,20,9,11,0,Franklin,2023-01-05
7,24,9,15,0,Gaston,2023-02-15
7,28,9,19,0,Granville,2022-12-29
7,19,9,10,0,Granville,2023-01-16
7,59,9,50,0,Guilford,2022-11-27
7,37,9,28,0,Guilford,2023-02-19
7,26,9,17,0,Lincoln,2022-09-20
7,27,9,18,0,Randolph,2023-01-25
7,36,9,27,0,Rowan,2023-01-18
7,24,9,15,0,Surry,2022-12-10
7,34,9,25,0,Union,2022-12-24
7,17,9,8,0,Wilson,2023-02-13
7,30,10,20,0,Alamance,2023-01-14
7,33,10,23,0,Brunswick,2022-12-16
7,26,10,16,0,Buncombe,2023-02-16
7,33,10,23,0,Chatham,2022-11-04
7,49,10,39,0,Cumberland,2022-10-24
7,36,10,26,0,Cumberland,2022-12-10
7,33,10,23,0,Cumberland,2023-02-24
7,82,10,72,0,Guilford,2022-09-17
7,23,10,13,0,Johnston,2022-10-18
7,26,10,16,0,Lincoln,2023-01-10
7,26,10,16,0,Nash,2022-09-20
7,32,10,22,0,Nash,2022-12-20
7,35,10,25,0,Pitt,2022-11-30
7,20,10,10,0,Randolph,2023-02-10
7,20,10,10,0,Rutherford,2023-01-02
7,23,10,13,0,Surry,2022-11-28
7,52,10,42,0,Union,2022-12-01
7,36,10,26,0,Union,2023-01-15
7,50,10,40,0,Wake,2023-02-26
7,19,10,9,0,Wilson,2022-12-15
7,17,10,7,0,Wilson,2023-01-10
7,20,10,10,0,Wilson,2023-02-07
7,55,11,44,0,Brunswick,2022-12-20
7,39,11,28,0,Brunswick,2023-01-16
7,38,11,27,0,Buncombe,2022-11-16
7,29,11,18,0,Buncombe,2023-02-10
7,34,11,23,0,Cabarrus,2022-11-25
7,33,11,22,0,Cabarrus,2023-01-08
7,22,11,11,0,Catawba,2022-11-02
7,20,11,9,0,Catawba,2022-11-25
7,61,11,50,0,Cumberland,2022-12-01
7,19,11,8,0,Davie,2023-01-06
7,51,11,40,0,Durham,2022-10-17
7,81,11,70,0,Guilford,2022-10-13
7,40,11,29,0,Harnett,2022-09-26
7,40,11,29,0,Johnston,2023-01-08
7,37,11,26,0,Johnston,2023-01-24
7,25,11,14,0,Moore,2023-01-17
7,18,11,7,0,Moore,2023-01-18
7,32,11,21,0,New Hanover,2023-01-13
7,28,11,17,0,Randolph,2023-01-20
7,20,11,9,0,Randolph,2023-02-14
7,33,11,22,0,Rowan,2022-12-23
7,29,11,18,0,Rutherford,2022-12-30
7,37,11,26,0,Union,2022-11-25
7,44,12,32,0,Burke,2023-01-03
7,22,12,10,0,Catawba,2023-02-27
7,38,12,26,0,Craven,2023-01-09
7,50,12,38,0,Davidson,2022-09-16
7,19,12,7,0,Hoke,2023-02-17
7,34,12,22,0,Iredell,2022-12-09
7,43,12,31,0,Johnston,2023-02-02
7,19,12,7,0,Lee,2023-02-20
7,36,12,24,0,Nash,2022-09-19
7,31,12,19,0,New Hanover,2023-02-10
7,21,12,9,0,Robeson,2023-02-17
7,18,12,6,0,Robeson,2023-02-19
7,37,12,25,0,Wilkes,2022-09-13
7,19,12,7,0,Wilkes,2023-02-10
7,24,12,12,0,Wilson,2022-09-16
7,28,12,16,0,Wilson,2022-12-31
7,33,13,20,0,Burke,2022-12-06
7,34,13,21,0,Cabarrus,2023-01-15
7,35,13,22,0,Catawba,2022-10-05
7,56,13,43,0,Cumberland,2022-10-11
7,75,13,62,0,Guilford,2022-10-05
7,54,13,41,0,Johnston,2022-12-23
7,14,13,1,0,Pasquotank,2023-02-06
7,29,13,16,0,Randolph,2022-09-27
7,35,13,22,0,Randolph,2022-12-11
7,26,13,13,0,Wayne,2022-10-05
7,28,13,15,0,Wayne,2023-02-14
7,21,13,8,0,Wilkes,2022-12-04
7,54,14,40,0,Cabarrus,2022-09-20
7,35,14,21,0,Craven,2022-09-21
7,29,14,15,0,Henderson,2022-10-17
7,26,14,12,0,Iredell,2023-02-27
7,42,14,28,0,Johnston,2022-11-28
7,21,14,7,0,Moore,2022-10-17
7,36,14,22,0,Pitt,2023-02-16
7,20,14,6,0,Stokes,2023-02-13
7,80,14,66,0,Wake,2022-10-15
7,35,15,20,0,Buncombe,2022-10-19
7,50,15,35,0,Caldwell,2022-09-19
7,34,15,19,0,Catawba,2022-09-23
7,27,15,12,0,Catawba,2023-01-17
7,43,15,28,0,Gaston,2023-01-20
7,40,15,25,0,Harnett,2022-12-20
7,38,15,23,0,Henderson,2023-01-16
7,31,15,16,0,Iredell,2022-12-01
7,44,15,29,0,Johnston,2023-01-16
7,39,15,24,0,Moore,2022-12-22
7,34,15,19,0,Randolph,2023-01-07
7,31,16,15,0,Buncombe,2023-02-21
7,44,16,28,0,Cumberland,2022-11-22
7,29,16,13,0,Randolph,2022-11-29
7,27,16,11,0,Robeson,2023-02-08
7,36,16,20,0,Stokes,2022-12-28
7,26,16,10,0,Wayne,2022-11-30
7,36,16,20,0,Wilkes,2022-12-28
7,42,17,25,0,Buncombe,2022-10-25
7,58,17,41,0,Guilford,2022-11-17
7,37,17,20,0,New Hanover,2023-01-24
7,23,17,6,0,Robeson,2022-11-04
7,31,17,14,0,Robeson,2022-11-28
7,30,18,12,0,Iredell,2022-11-25
7,27,19,8,0,Anson,2023-01-17
7,36,19,17,0,Catawba,2022-09-16
7,60,19,41,0,Cumberland,2023-01-13
7,43,19,24,0,Iredell,2022-11-01
7,23,19,4,0,Nash,2023-02-27
7,56,19,37,0,Pitt,2023-01-06
7,33,20,13,0,Robeson,2022-12-31
7,39,21,18,0,Catawba,2022-10-04
7,36,21,15,0,Catawba,2022-11-14
7,72,22,50,0,Cabarrus,2022-12-22
7,41,22,19,0,Henderson,2022-12-30
7,42,22,20,0,Surry,2022-12-26
7,38,23,15,0,Catawba,2022-09-26
7,34,23,11,0,Catawba,2022-10-20
7,35,23,12,0,Catawba,2023-01-25
7,37,23,14,0,Rutherford,2022-12-31
7,40,23,17,0,Wayne,2022-09-16
7,49,24,25,0,Buncombe,2022-10-03
7,41,24,17,0,Buncombe,2023-01-08
7,45,27,18,0,Wayne,2022-12-22
7,31,27,4,0,Wilkes,2022-12-05
7,53,32,21,0,Buncombe,2023-01-13
7,48,33,15,0,Wayne,2022-12-29
7,54,35,19,0,Craven,2022-12-30
8,25,0,25,0,Caldwell,2023-01-13
8,21,0,21,0,Stanly,2022-09-21
8,47,1,46,0,Durham,2022-10-19
8,26,1,25,0,Franklin,2022-09-26
8,20,1,19,0,Franklin,2022-12-15
8,14,1,13,0,Mitchell,2023-01-17
8,27,1,26,0,Onslow,2023-02-02
8,25,1,24,0,Rowan,2022-10-25
8,25,1,24,0,Stanly,2022-09-28
8,15,1,14,0,Stanly,2023-01-27
8,25,2,23,0,Bladen,2023-01-17
8,41,2,39,0,Brunswick,2022-09-29
8,36,2,34,0,Durham,2022-11-08
8,25,2,23,0,Franklin,2022-12-20
8,23,2,21,0,Hoke,2023-01-04
8,25,2,23,0,Johnston,2022-11-07
8,14,2,12,0,Lincoln,2023-02-06
8,25,2,23,0,McDowell,2022-09-13
8,21,2,19,0,Rowan,2022-11-25
8,17,2,15,0,Stanly,2022-09-22
8,35,3,32,0,Alamance,2022-11-21
8,37,3,34,0,Alamance,2023-01-30
8,24,3,21,0,Brunswick,2022-10-07
8,19,3,16,0,Brunswick,2023-02-21
8,35,3,32,0,Davidson,2022-10-31
8,27,3,24,0,Davidson,2023-02-23
8,47,3,44,0,Onslow,2023-02-01
8,22,3,19,0,Rowan,2023-02-08
8,27,3,24,0,Surry,2023-01-18
8,22,3,19,0,Surry,2023-02-06
8,34,3,31,0,Union,2022-10-10
8,25,3,22,0,Union,2022-11-09
8,32,3,29,0,Union,2023-02-10
8,29,3,26,0,Yadkin,2022-10-17
8,11,4,7,0,Alexander,2022-10-03
8,37,4,33,0,Durham,2022-10-20
8,21,4,17,0,Gaston,2022-10-22
8,20,4,16,0,Halifax,2022-09-13
8,17,4,13,0,Halifax,2023-01-19
8,24,4,20,0,Hoke,2023-01-23
8,29,4,25,0,Onslow,2023-01-24
8,49,4,45,0,Orange,2022-12-20
8,22,4,18,0,Pender,2023-01-06
8,28,4,24,0,Pitt,2022-10-24
8,33,4,29,0,Union,2022-10-25
8,31,4,27,0,Union,2023-02-03
8,13,4,9,0,Yadkin,2022-12-26
8,53,5,48,0,Brunswick,2022-12-19
8,25,5,20,0,Cabarrus,2023-02-22
8,26,5,21,0,Caldwell,2022-12-06
8,25,5,20,0,Cleveland,2022-12-15
8,23,5,18,0,Cumberland,2023-03-02
8,43,5,38,0,Davidson,2022-10-05
8,24,5,19,0,Davidson,2023-02-17
8,58,5,53,0,Durham,2022-10-31
8,38,5,33,0,Edgecombe,2023-01-03
8,24,5,19,0,Franklin,2022-09-22
8,29,5,24,0,Harnett,2023-02-06
8,35,5,30,0,Johnston,2022-10-27
8,26,5,21,0,Johnston,2023-02-22
8,19,5,14,0,McDowell,2023-01-09
8,16,5,11,0,Moore,2022-11-28
8,52,5,47,0,Pitt,2022-09-27
8,27,5,22,0,Rowan,2022-11-01
8,31,5,26,0,Rowan,2023-01-20
8,19,5,14,0,Surry,2022-11-21
8,33,5,28,0,Union,2023-02-13
8,25,6,19,0,Alamance,2022-10-12
8,26,6,20,0,Alamance,2022-12-10
8,42,6,36,0,Alamance,2023-02-06
8,40,6,34,0,Buncombe,2022-10-14
8,24,6,18,0,Caldwell,2023-01-26
8,21,6,15,0,Catawba,2022-11-16
8,25,6,19,0,Cleveland,2023-02-07
8,52,6,46,0,Cumberland,2022-09-17
8,30,6,24,0,Davidson,2022-11-14
8,20,6,14,0,Davidson,2022-12-01
8,26,6,20,0,Davidson,2023-01-15
8,29,6,23,0,Durham,2023-03-03
8,42,6,36,0,Forsyth,2022-09-24
8,21,6,15,0,Gaston,2022-11-10
8,31,6,25,0,Johnston,2022-10-12
8,26,6,20,0,Johnston,2022-11-23
8,33,6,27,0,Lenoir,2023-01-02
8,21,6,15,0,Lincoln,2023-01-02
8,31,6,25,0,Nash,2022-12-27
8,31,6,25,0,Onslow,2023-01-12
8,38,6,32,0,Onslow,2023-01-31
8,18,6,12,0,Pitt,2022-10-19
8,32,6,26,0,Pitt,2023-01-20
8,33,6,27,0,Pitt,2023-02-01
8,15,6,9,0,Randolph,2022-11-15
8,21,6,15,0,Randolph,2023-02-16
8,31,6,25,0,Rowan,2022-12-13
8,25,6,19,0,Rowan,2023-01-27
8,26,6,20,0,Stanly,2022-09-20
8,23,6,17,0,Stokes,2022-09-20
8,32,6,26,0,Union,2022-09-23
8,36,6,30,0,Wake,2023-03-11
8,15,6,9,0,Wilson,2022-10-10
8,13,6,7,0,Wilson,2023-01-14
8,48,7,41,0,Alamance,2022-10-03
8,23,7,16,0,Alamance,2022-11-25
8,31,7,24,0,Alamance,2023-02-02
8,38,7,31,0,Brunswick,2023-01-17
8,43,7,36,0,Cabarrus,2022-09-26
8,32,7,25,0,Caldwell,2022-12-26
8,26,7,19,0,Caldwell,2023-01-24
8,23,7,16,0,Caldwell,2023-02-21
8,33,7,26,0,Cumberland,2022-12-03
8,53,7,46,0,Durham,2022-10-13
8,42,7,35,0,Durham,2023-02-05
8,40,7,33,0,Durham,2023-02-17
8,40,7,33,0,Forsyth,2022-11-25
8,19,7,12,0,Gaston,2023-02-05
8,38,7,31,0,Harnett,2023-01-06
8,38,7,31,0,Johnston,2022-09-17
8,39,7,32,0,Johnston,2022-11-30
8,21,7,14,0,Lenoir,2022-12-30
8,29,7,22,0,Lincoln,2022-09-13
8,39,7,32,0,Moore,2023-01-10
8,42,7,35,0,Orange,2022-11-30
8,36,7,29,0,Rowan,2022-09-22
8,24,7,17,0,Rutherford,2023-01-06
8,22,7,15,0,Stokes,2023-01-05
8,31,8,23,0,Caldwell,2023-01-11
8,45,8,37,0,Cumberland,2023-02-22
8,50,8,42,0,Forsyth,2022-10-28
8,28,8,20,0,Forsyth,2023-03-08
8,28,8,20,0,Gaston,2023-01-08
8,22,8,14,0,Halifax,2023-01-17
8,34,8,26,0,Harnett,2022-12-15
8,29,8,21,0,Harnett,2023-01-24
8,18,8,10,0,Haywood,2023-01-09
8,20,8,12,0,New Hanover,2022-10-06
8,44,8,36,0,Onslow,2023-01-23
8,21,8,13,0,Robeson,2022-10-27
8,19,8,11,0,Rockingham,2022-11-29
8,40,8,32,0,Rowan,2023-01-24
8,30,8,22,0,Rowan,2023-02-01
8,39,8,31,0,Union,2022-10-26
8,23,8,15,0,Wayne,2023-02-24
8,21,8,13,0,Wilkes,2022-09-19
8,15,8,7,0,Wilkes,2023-02-03
8,14,8,6,0,Wilkes,2023-02-07
8,33,9,24,0,Brunswick,2023-01-24
8,27,9,18,0,Cleveland,2022-12-05
8,30,9,21,0,Cleveland,2022-12-16
8,58,9,49,0,Cumberland,2022-10-05
8,40,9,31,0,Durham,2023-02-20
8,24,9,15,0,Edgecombe,2023-01-04
8,65,9,56,0,Forsyth,2023-01-01
8,60,9,51,0,Guilford,2023-01-01
8,24,9,15,0,Halifax,2023-01-02
8,31,9,22,0,Halifax,2023-01-11
8,26,9,17,0,Lincoln,2022-12-06
8,41,9,32,0,New Hanover,2023-01-10
8,32,9,23,0,Rowan,2022-12-09
8,25,9,16,0,Rowan,2023-01-01
8,35,9,26,0,Rowan,2023-02-02
8,20,9,11,0,Rutherford,2022-12-22
8,18,9,9,0,Rutherford,2023-01-08
8,41,9,32,0,Union,2022-10-24
8,19,9,10,0,Wayne,2022-12-01
8,40,10,30,0,Alamance,2023-02-03
8,39,10,29,0,Brunswick,2022-12-18
8,34,10,24,0,Brunswick,2023-01-23
8,35,10,25,0,Cabarrus,2023-02-15
8,41,10,31,0,Gaston,2023-02-07
8,33,10,23,0,Guilford,2022-11-06
8,25,10,15,0,Lincoln,2023-01-19
8,30,10,20,0,Nash,2022-09-22
8,41,10,31,0,Orange,2022-11-29
8,38,10,28,0,Pitt,2022-12-05
8,24,10,14,0,Randolph,2023-02-20
8,11,10,1,0,Scotland,2023-01-06
8,24,10,14,0,Stokes,2022-11-28
8,46,10,36,0,Union,2022-12-11
8,23,10,13,0,Wayne,2022-10-10
8,49,11,38,0,Alamance,2022-09-16
8,24,11,13,0,Catawba,2023-01-13
8,33,11,22,0,Cumberland,2022-10-18
8,43,11,32,0,Cumberland,2023-02-05
8,27,11,16,0,Cumberland,2023-02-12
8,28,11,17,0,Cumberland,2023-02-18
8,40,11,29,0,Davidson,2022-12-07
8,31,11,20,0,Davidson,2023-02-08
8,37,11,26,0,Gaston,2022-12-02
8,27,11,16,0,Halifax,2023-01-12
8,28,11,17,0,Henderson,2022-09-28
8,16,11,5,0,Henderson,2023-01-29
8,20,11,9,0,Iredell,2023-02-22
8,38,11,27,0,New Hanover,2023-02-07
8,31,11,20,0,Pitt,2022-12-14
8,38,11,27,0,Pitt,2023-02-08
8,26,11,15,0,Randolph,2022-09-17
8,21,11,10,0,Robeson,2023-01-27
8,31,11,20,0,Union,2023-01-14
8,85,11,74,0,Wake,2022-10-22
8,52,11,41,0,Wake,2023-03-04
8,38,12,26,0,Caldwell,2022-09-21
8,25,12,13,0,Catawba,2023-01-24
8,46,12,34,0,Craven,2023-01-04
8,19,12,7,0,Duplin,2022-09-19
8,23,12,11,0,Duplin,2023-01-31
8,33,12,21,0,Henderson,2022-12-23
8,27,12,15,0,Iredell,2023-01-14
8,43,12,31,0,Johnston,2022-10-24
8,13,12,1,0,Madison,2023-02-16
8,27,12,15,0,Moore,2023-01-12
8,24,12,12,0,Robeson,2023-02-10
8,25,12,13,0,Robeson,2023-02-20
8,44,12,32,0,Union,2022-12-18
8,51,12,39,0,Union,2023-01-25
8,45,13,32,0,Brunswick,2023-01-12
8,44,13,31,0,Cabarrus,2023-02-09
8,42,13,29,0,Caldwell,2022-09-20
8,42,13,29,0,Cumberland,2023-02-17
8,36,13,23,0,Cumberland,2023-03-07
8,34,13,21,0,Gaston,2023-01-15
8,25,13,12,0,Halifax,2022-12-05
8,28,13,15,0,Halifax,2023-01-06
8,34,13,21,0,Henderson,2022-12-22
8,29,13,16,0,Iredell,2022-09-25
8,39,13,26,0,New Hanover,2023-01-25
8,34,13,21,0,Robeson,2022-12-06
8,20,13,7,0,Scotland,2022-12-27
8,34,14,20,0,Catawba,2023-01-10
8,50,14,36,0,Cumberland,2022-11-21
8,22,14,8,0,Duplin,2022-12-19
8,27,14,13,0,Duplin,2023-01-03
8,43,14,29,0,Harnett,2022-12-14
8,60,14,46,0,Orange,2022-12-29
8,42,14,28,0,Randolph,2022-12-09
8,33,14,19,0,Wayne,2022-12-18
8,24,14,10,0,Wayne,2023-02-09
8,41,15,26,0,Brunswick,2022-12-26
8,37,15,22,0,Buncombe,2022-09-17
8,30,15,15,0,Buncombe,2022-12-01
8,33,15,18,0,Burke,2022-12-29
8,43,15,28,0,Caldwell,2022-12-23
8,35,15,20,0,Catawba,2022-11-30
8,23,15,8,0,Catawba,2023-02-14
8,61,15,46,0,Forsyth,2023-01-14
8,46,15,31,0,New Hanover,2023-01-31
8,41,15,26,0,Randolph,2023-01-01
8,57,15,42,0,Union,2022-11-28
8,27,15,12,0,Wayne,2022-12-07
8,28,15,13,0,Wilson,2023-01-24
8,51,16,35,0,Cabarrus,2023-01-31
8,37,16,21,0,Catawba,2022-12-05
8,41,16,25,0,Craven,2022-09-19
8,45,16,29,0,Cumberland,2022-10-19
8,29,16,13,0,Duplin,2023-02-01
8,35,16,19,0,Halifax,2022-12-26
8,34,16,18,0,Wilson,2022-12-21
8,43,17,26,0,Brunswick,2023-01-10
8,54,17,37,0,Buncombe,2022-09-14
8,31,17,14,0,Wayne,2022-12-13
8,30,18,12,0,Catawba,2023-01-12
8,43,18,25,0,Cumberland,2022-11-23
8,35,18,17,0,Randolph,2022-09-23
8,62,18,44,0,Union,2022-12-09
8,34,19,15,0,Buncombe,2022-11-21
8,28,19,9,0,Cumberland,2023-03-03
8,41,19,22,0,Surry,2022-12-15
8,42,20,22,0,Buncombe,2022-09-28
8,44,20,24,0,Buncombe,2023-01-20
8,42,20,22,0,Harnett,2023-01-11
8,44,20,24,0,New Hanover,2023-02-06
8,32,21,11,0,Catawba,2022-12-24
8,52,21,31,0,Cumberland,2023-01-01
8,41,21,20,0,Randolph,2022-09-20
8,36,21,15,0,Robeson,2022-11-03
8,38,22,16,0,Buncombe,2022-12-24
8,35,22,13,0,Iredell,2023-01-24
8,38,22,16,0,Iredell,2023-02-09
8,40,22,18,0,Robeson,2023-01-05
8,40,22,18,0,Robeson,2023-01-18
8,41,23,18,0,Buncombe,2023-01-07
8,67,23,44,0,Forsyth,2023-01-27
8,76,24,52,0,New Hanover,2022-12-29
8,38,27,11,0,Catawba,2023-02-10
8,60,27,33,0,Harnett,2022-12-29
8,46,28,18,0,Iredell,2023-02-08
8,44,28,16,0,Wayne,2023-01-05
8,45,29,16,0,Wilson,2022-12-29
8,47,30,17,0,Wayne,2023-01-06
8,45,30,15,0,Wayne,2023-01-12
8,59,32,27,0,Buncombe,2022-12-13
8,58,32,26,0,Wayne,2022-12-27
8,50,33,17,0,Wayne,2023-01-10
8,67,36,31,0,Iredell,2022-09-19
9,21,1,20,0,Caldwell,2023-01-29
9,16,1,15,0,Hoke,2022-12-05
9,24,1,23,0,Stanly,2022-12-19
9,38,2,36,0,Brunswick,2022-12-12
9,58,2,56,0,Onslow,2023-02-07
9,34,2,32,0,Union,2022-10-11
9,47,3,44,0,Durham,2022-12-02
9,47,3,44,0,Durham,2023-02-03
9,17,3,14,0,Richmond,2022-12-20
9,38,4,34,0,Alamance,2022-09-29
9,22,4,18,0,Beaufort,2023-01-04
9,30,4,26,0,Brunswick,2022-09-28
9,25,4,21,0,Caldwell,2023-02-06
9,20,4,16,0,Cleveland,2022-12-09
9,24,4,20,0,Cleveland,2022-12-22
9,39,4,35,0,Durham,2022-10-18
9,33,4,29,0,Durham,2023-01-15
9,43,4,39,0,Durham,2023-02-11
9,39,4,35,0,Forsyth,2023-03-09
9,42,4,38,0,Johnston,2023-01-19
9,30,4,26,0,Onslow,2023-01-26
9,39,4,35,0,Orange,2023-01-19
9,32,4,28,0,Rockingham,2022-09-19
9,22,4,18,0,Rowan,2022-09-28
9,35,5,30,0,Alamance,2023-02-14
9,30,5,25,0,Alamance,2023-02-16
9,22,5,17,0,Alamance,2023-02-27
9,27,5,22,0,Caldwell,2022-09-28
9,41,5,36,0,Caldwell,2022-12-28
9,23,5,18,0,Cleveland,2023-01-23
9,40,5,35,0,Davidson,2023-02-07
9,20,5,15,0,Durham,2023-03-04
9,31,5,26,0,Orange,2023-01-13
9,25,5,20,0,Yadkin,2022-12-28
9,25,6,19,0,Caldwell,2022-12-13
9,28,6,22,0,Caldwell,2023-02-03
9,39,6,33,0,Davidson,2022-12-08
9,30,6,24,0,Franklin,2022-09-13
9,31,6,25,0,Franklin,2022-09-14
9,25,6,19,0,Granville,2023-01-03
9,28,6,22,0,Lenoir,2022-12-14
9,35,6,29,0,Onslow,2022-12-20
9,33,6,27,0,Pitt,2023-02-07
9,25,6,19,0,Richmond,2022-12-29
9,35,6,29,0,Rowan,2022-12-05
9,29,6,23,0,Rowan,2023-01-19
9,24,6,18,0,Union,2023-02-04
9,32,7,25,0,Alamance,2022-10-24
9,48,7,41,0,Alamance,2023-01-11
9,26,7,19,0,Alamance,2023-01-26
9,50,7,43,0,Cabarrus,2022-12-16
9,40,7,33,0,Davidson,2023-01-01
9,46,7,39,0,Durham,2023-02-02
9,40,7,33,0,Gaston,2022-11-30
9,18,7,11,0,Halifax,2023-02-06
9,41,7,34,0,Johnston,2022-12-18
9,36,7,29,0,Johnston,2022-12-24
9,36,7,29,0,Johnston,2023-02-10
9,39,7,32,0,Lincoln,2022-12-20
9,39,7,32,0,Orange,2022-11-28
9,27,7,20,0,Pitt,2022-12-09
9,18,7,11,0,Rutherford,2022-12-19
9,50,7,43,0,Union,2022-09-15
9,68,8,60,0,Alamance,2022-09-20
9,48,8,40,0,Alamance,2022-11-28
9,43,8,35,0,Alamance,2022-12-07
9,35,8,27,0,Alamance,2023-02-01
9,43,8,35,0,Cabarrus,2022-12-07
9,33,8,25,0,Caldwell,2023-01-12
9,38,8,30,0,Cleveland,2022-12-14
9,70,8,62,0,Durham,2022-09-28
9,45,8,37,0,Forsyth,2022-10-14
9,56,8,48,0,Forsyth,2022-11-30
9,39,8,31,0,Gaston,2023-01-18
9,37,8,29,0,Henderson,2022-10-03
9,62,8,54,0,Onslow,2022-09-19
9,27,8,19,0,Rockingham,2023-01-06
9,31,8,23,0,Rutherford,2022-12-28
9,19,8,11,0,Stokes,2023-01-10
9,20,8,12,0,Wayne,2023-01-14
9,30,9,21,0,Burke,2022-12-05
9,47,9,38,0,Burke,2023-01-05
9,47,9,38,0,Caldwell,2022-12-27
9,46,9,37,0,Caldwell,2023-01-03
9,47,9,38,0,Davidson,2023-02-06
9,45,9,36,0,Forsyth,2023-01-22
9,35,9,26,0,Forsyth,2023-03-07
9,36,9,27,0,Gaston,2023-02-09
9,29,9,20,0,Halifax,2022-12-30
9,24,9,15,0,Johnston,2023-02-09
9,29,9,20,0,Lincoln,2023-01-05
9,35,9,26,0,Pitt,2023-02-15
9,32,9,23,0,Surry,2022-12-23
9,64,9,55,0,Wake,2022-10-09
9,64,9,55,0,Wake,2022-11-20
9,51,9,42,0,Wake,2023-03-08
9,35,10,25,0,Buncombe,2022-10-06
9,60,10,50,0,Cumberland,2022-09-29
9,51,10,41,0,Davidson,2023-01-06
9,30,10,20,0,Davidson,2023-02-20
9,37,10,27,0,New Hanover,2023-01-30
9,57,10,47,0,Orange,2022-12-27
9,22,10,12,0,Stanly,2022-10-24
9,53,10,43,0,Union,2022-12-02
9,25,10,15,0,Yadkin,2022-09-13
9,29,11,18,0,Cabarrus,2022-09-30
9,43,11,32,0,Cabarrus,2023-02-08
9,59,11,48,0,Cumberland,2022-10-17
9,87,11,76,0,Guilford,2022-09-29
9,37,11,26,0,Iredell,2022-09-21
9,25,11,14,0,Lenoir,2023-02-09
9,43,11,32,0,Mecklenburg,2023-03-04
9,25,11,14,0,Robeson,2023-02-02
9,36,11,25,0,Stanly,2023-01-13
9,45,12,33,0,Cabarrus,2022-12-14
9,50,12,38,0,Cabarrus,2023-01-24
9,31,12,19,0,Caldwell,2022-10-26
9,40,12,28,0,Forsyth,2022-10-21
9,49,12,37,0,Johnston,2022-11-29
9,31,12,19,0,New Hanover,2022-12-08
9,40,12,28,0,Pitt,2022-12-02
9,26,12,14,0,Robeson,2023-02-01
9,40,12,28,0,Rowan,2022-09-13
9,46,12,34,0,Surry,2022-12-13
9,71,13,58,0,Brunswick,2022-12-30
9,47,13,34,0,New Hanover,2022-12-12
9,46,13,33,0,Randolph,2022-09-13
9,39,13,26,0,Randolph,2023-01-06
9,25,13,12,0,Robeson,2022-11-09
9,54,14,40,0,Davidson,2023-01-10
9,33,14,19,0,Davie,2022-12-27
9,34,14,20,0,Rockingham,2022-12-28
9,24,14,10,0,Sampson,2023-02-06
9,20,14,6,0,Surry,2023-02-22
9,52,14,38,0,Union,2023-01-10
9,27,14,13,0,Wilkes,2022-12-20
9,66,15,51,0,Brunswick,2022-12-28
9,52,15,37,0,Cabarrus,2023-01-23
9,28,15,13,0,Iredell,2023-01-22
9,30,15,15,0,Randolph,2022-12-05
9,70,15,55,0,Wake,2023-02-12
9,24,15,9,0,Wayne,2023-03-06
9,21,15,6,0,Wilkes,2023-01-05
9,37,16,21,0,Caldwell,2022-12-12
9,50,16,34,0,Davidson,2023-01-27
9,35,16,19,0,Franklin,2022-12-27
9,34,16,18,0,Gaston,2023-02-16
9,53,16,37,0,Johnston,2022-09-16
9,32,16,16,0,Lincoln,2022-10-10
9,34,16,18,0,Lincoln,2022-12-05
9,42,16,26,0,Pitt,2022-12-12
9,25,16,9,0,Wayne,2023-02-16
9,23,16,7,0,Wilkes,2022-12-14
9,69,17,52,0,Forsyth,2022-11-29
9,32,17,15,0,Iredell,2022-10-17
9,35,17,18,0,Moore,2022-09-22
9,60,17,43,0,Wake,2023-03-09
9,40,18,22,0,Alamance,2022-10-17
9,69,18,51,0,Guilford,2022-11-23
9,41,18,23,0,Iredell,2022-12-05
9,24,18,6,0,Iredell,2023-01-16
9,27,18,9,0,Robeson,2022-12-10
9,26,18,8,0,Robeson,2023-02-14
9,67,19,48,0,Cumberland,2023-02-03
9,35,19,16,0,Iredell,2022-11-30
9,47,19,28,0,Iredell,2023-01-10
9,40,19,21,0,Robeson,2023-01-23
9,26,19,7,0,Wayne,2023-01-26
9,47,20,27,0,Buncombe,2022-11-14
9,51,21,30,0,Cabarrus,2022-11-28
9,61,21,40,0,Cabarrus,2022-12-26
9,59,21,38,0,Henderson,2023-01-03
9,37,22,15,0,Catawba,2023-02-01
9,41,22,19,0,Iredell,2022-09-15
9,38,22,16,0,Wayne,2022-09-15
9,34,22,12,0,Wayne,2022-10-04
9,34,23,11,0,Catawba,2022-10-19
9,40,23,17,0,Iredell,2022-09-26
9,43,23,20,0,Iredell,2023-01-12
9,42,23,19,0,Wayne,2022-09-19
9,28,24,4,0,Duplin,2023-02-07
9,38,24,14,0,Wayne,2023-02-01
9,41,24,17,0,Wilkes,2022-12-12
9,40,25,15,0,New Hanover,2022-12-17
9,44,26,18,0,Wayne,2022-12-12
9,45,27,18,0,Cumberland,2023-01-29
9,59,28,31,0,Buncombe,2023-01-10
9,91,28,63,0,Guilford,2022-12-24
9,41,28,13,0,Wayne,2023-01-23
9,81,29,52,0,Guilford,2022-09-30
9,62,30,32,0,Buncombe,2022-12-07
9,42,31,11,0,Wayne,2022-11-28
9,58,32,26,0,Buncombe,2022-09-22
9,64,32,32,0,Cumberland,2022-12-17
9,55,33,22,0,Catawba,2022-12-14
9,44,33,11,0,Wayne,2022-12-20
9,53,36,17,0,Henderson,2022-12-29
10,32,1,31,0,Onslow,2023-02-16
10,35,2,33,0,Alamance,2022-10-10
10,35,2,33,0,Cumberland,2023-02-28
10,26,2,24,0,Stanly,2022-09-14
10,21,2,19,0,Surry,2023-01-17
10,21,3,18,0,Alamance,2023-02-12
10,33,3,30,0,Davidson,2023-01-07
10,52,3,49,0,Durham,2022-10-27
10,36,3,33,0,Durham,2023-02-24
10,33,3,30,0,Harnett,2023-01-12
10,38,3,35,0,Orange,2023-01-26
10,17,3,14,0,Pitt,2022-11-23
10,35,3,32,0,Stanly,2022-12-27
10,49,4,45,0,Forsyth,2022-09-30
10,43,4,39,0,Onslow,2022-09-14
10,31,4,27,0,Rowan,2023-02-09
10,31,4,27,0,Stanly,2023-01-06
10,32,5,27,0,Burke,2022-09-16
10,62,5,57,0,Durham,2022-09-23
10,26,5,21,0,Lincoln,2022-12-22
10,28,5,23,0,Lincoln,2022-12-27
10,33,5,28,0,Rockingham,2023-01-09
10,49,5,44,0,Rowan,2022-11-28
10,28,5,23,0,Rowan,2023-02-06
10,23,5,18,0,Union,2022-11-17
10,18,5,13,0,Wayne,2023-02-17
10,36,6,30,0,Alamance,2023-01-27
10,16,6,10,0,Bladen,2023-02-01
10,49,6,43,0,Caldwell,2022-12-29
10,41,6,35,0,Davidson,2022-09-28
10,32,6,26,0,Davidson,2023-02-02
10,49,6,43,0,Durham,2022-10-10
10,24,6,18,0,Granville,2023-01-09
10,47,6,41,0,Harnett,2022-09-19
10,47,6,41,0,Onslow,2022-12-16
10,27,7,20,0,Chatham,2023-01-09
10,41,7,34,0,Davidson,2023-01-18
10,23,7,16,0,Gaston,2023-02-17
10,30,7,23,0,Johnston,2022-11-01
10,30,7,23,0,Johnston,2023-01-27
10,36,7,29,0,Lincoln,2022-12-12
10,24,7,17,0,Lincoln,2022-12-29
10,34,7,27,0,Rockingham,2023-01-05
10,41,7,34,0,Rowan,2022-11-29
10,31,7,24,0,Surry,2023-01-24
10,46,7,39,0,Union,2023-01-30
10,76,7,69,0,Wake,2022-10-23
10,23,8,15,0,Alamance,2023-02-24
10,52,8,44,0,Brunswick,2022-12-13
10,37,8,29,0,Cabarrus,2022-11-07
10,30,8,22,0,Cabarrus,2023-02-24
10,38,8,30,0,Davidson,2023-01-26
10,28,8,20,0,Franklin,2022-12-29
10,48,8,40,0,Johnston,2022-10-03
10,55,8,47,0,Union,2022-12-05
10,32,8,24,0,Union,2023-01-27
10,46,9,37,0,Brunswick,2022-12-22
10,47,9,38,0,Caldwell,2022-12-30
10,47,9,38,0,Harnett,2022-12-22
10,25,9,16,0,Lenoir,2022-12-20
10,56,9,47,0,Onslow,2023-01-10
10,54,9,45,0,Onslow,2023-01-17
10,27,9,18,0,Rowan,2023-01-22
10,43,9,34,0,Union,2023-02-08
10,59,10,49,0,Forsyth,2022-09-18
10,46,10,36,0,Forsyth,2023-02-12
10,45,10,35,0,Forsyth,2023-02-24
10,34,10,24,0,Johnston,2022-12-11
10,39,10,29,0,Johnston,2023-02-14
10,56,10,46,0,New Hanover,2022-12-22
10,52,10,42,0,Onslow,2022-12-28
10,32,10,22,0,Union,2023-02-14
10,35,11,24,0,Alamance,2022-12-24
10,51,11,40,0,Brunswick,2023-01-04
10,52,11,41,0,Brunswick,2023-01-05
10,35,11,24,0,Burke,2023-01-09
10,59,11,48,0,Cabarrus,2022-12-12
10,46,11,35,0,Cabarrus,2023-02-01
10,79,11,68,0,Cumberland,2023-01-11
10,33,11,22,0,Davidson,2022-10-24
10,43,11,32,0,Davidson,2022-12-13
10,32,11,21,0,Davidson,2023-02-21
10,58,11,47,0,Durham,2022-10-24
10,64,11,53,0,Durham,2022-12-09
10,69,11,58,0,Forsyth,2022-10-27
10,38,11,27,0,Gaston,2023-01-11
10,33,11,22,0,Hoke,2022-12-29
10,35,11,24,0,Johnston,2022-12-02
10,43,11,32,0,Johnston,2023-01-01
10,38,11,27,0,Mecklenburg,2023-03-11
10,29,11,18,0,Moore,2023-02-01
10,28,11,17,0,Pitt,2023-02-02
10,40,11,29,0,Rowan,2022-09-19
10,40,11,29,0,Surry,2023-01-03
10,32,11,21,0,Surry,2023-01-05
10,60,11,49,0,Union,2023-01-24
10,46,12,34,0,Moore,2023-01-04
10,46,12,34,0,Pitt,2022-09-26
10,29,12,17,0,Randolph,2023-01-26
10,68,12,56,0,Union,2022-12-07
10,100,12,88,0,Wake,2022-10-01
10,36,13,23,0,Gaston,2023-02-01
10,74,13,61,0,Guilford,2022-10-12
10,34,13,21,0,Pitt,2023-02-03
10,24,13,11,0,Randolph,2023-02-13
10,24,13,11,0,Wilson,2022-09-19
10,29,13,16,0,Wilson,2022-12-19
10,60,14,46,0,Alamance,2022-12-14
10,49,14,35,0,Gaston,2023-01-17
10,63,14,49,0,Guilford,2022-10-14
10,47,14,33,0,New Hanover,2022-11-28
10,32,14,18,0,Pitt,2022-11-07
10,53,14,39,0,Rowan,2022-12-29
10,34,15,19,0,Buncombe,2023-02-01
10,53,15,38,0,Cabarrus,2022-12-31
10,40,15,25,0,Gaston,2023-01-26
10,62,15,47,0,Guilford,2022-10-20
10,40,15,25,0,Harnett,2022-12-13
10,35,15,20,0,Iredell,2022-11-21
10,36,15,21,0,Rowan,2023-01-02
10,35,15,20,0,Surry,2022-12-08
10,52,15,37,0,Union,2022-10-03
10,45,16,29,0,Cabarrus,2023-01-26
10,64,16,48,0,Davidson,2022-09-15
10,53,16,37,0,Gaston,2022-12-16
10,40,16,24,0,Wilson,2023-01-03
10,42,17,25,0,Buncombe,2022-12-09
10,47,17,30,0,Catawba,2022-09-14
10,31,17,14,0,Catawba,2022-10-21
10,89,17,72,0,Cumberland,2022-09-26
10,45,17,28,0,Henderson,2022-12-27
10,42,17,25,0,Moore,2022-12-28
10,39,17,22,0,Pitt,2023-01-13
10,35,17,18,0,Robeson,2022-12-09
10,117,17,100,0,Wake,2022-10-18
10,39,18,21,0,Davidson,2022-10-06
10,64,19,45,0,Cabarrus,2023-01-06
10,35,19,16,0,Davidson,2022-10-12
10,42,19,23,0,Davidson,2023-01-23
10,45,19,26,0,Johnston,2023-01-13
10,31,19,12,0,Pitt,2023-02-11
10,29,19,10,0,Robeson,2022-10-17
10,107,19,88,0,Wake,2022-10-02
10,29,19,10,0,Wayne,2023-01-24
10,49,20,29,0,Rockingham,2022-12-29
10,38,20,18,0,Wayne,2022-09-20
10,35,21,14,0,Davidson,2022-10-14
10,34,21,13,0,Robeson,2022-10-24
10,46,22,24,0,Craven,2022-12-29
10,38,22,16,0,Iredell,2022-11-28
10,39,22,17,0,Iredell,2022-12-18
10,53,22,31,0,New Hanover,2022-12-15
10,41,22,19,0,Randolph,2022-12-12
10,44,22,22,0,Randolph,2022-12-13
10,44,23,21,0,Alamance,2022-10-13
10,47,23,24,0,Buncombe,2022-11-30
10,38,23,15,0,New Hanover,2023-01-08
10,31,23,8,0,Pasquotank,2022-12-21
10,33,23,10,0,Randolph,2023-01-12
10,36,23,13,0,Stokes,2023-01-02
10,48,24,24,0,Randolph,2022-12-30
10,54,25,29,0,Buncombe,2023-01-16
10,39,25,14,0,Sampson,2023-01-09
10,39,26,13,0,Wilkes,2022-12-21
10,100,27,73,0,Mecklenburg,2022-10-08
10,43,28,15,0,Iredell,2022-11-29
10,59,29,30,0,Moore,2022-12-29
10,47,31,16,0,Randolph,2022-12-08
11,39,0,39,0,Stanly,2022-12-29
11,52,1,51,0,Durham,2022-11-30
11,54,2,52,0,Durham,2023-02-10
11,47,4,43,0,Alamance,2022-09-27
11,33,4,29,0,Alamance,2022-12-02
11,47,4,43,0,Burke,2022-09-13
11,61,4,57,0,Durham,2022-12-06
11,53,4,49,0,Durham,2023-02-21
11,48,4,44,0,Union,2022-09-16
11,35,5,30,0,Cumberland,2022-11-02
11,33,5,28,0,Franklin,2022-12-30
11,47,5,42,0,Onslow,2023-01-05
11,42,5,37,0,Onslow,2023-02-09
11,29,5,24,0,Stokes,2022-12-12
11,48,6,42,0,Alamance,2022-09-21
11,30,6,24,0,Alamance,2022-11-22
11,41,6,35,0,Durham,2023-01-28
11,43,6,37,0,Johnston,2022-12-05
11,41,6,35,0,Lincoln,2022-12-28
11,44,6,38,0,Union,2023-01-20
11,33,6,27,0,Vance,2022-12-27
11,36,7,29,0,Cleveland,2023-01-05
11,36,7,29,0,Davidson,2023-02-01
11,55,7,48,0,Forsyth,2022-12-02
11,43,7,36,0,Forsyth,2022-12-03
11,30,7,23,0,Pitt,2023-01-19
11,33,8,25,0,Cleveland,2022-12-06
11,42,8,34,0,Forsyth,2022-11-23
11,43,8,35,0,Gaston,2023-02-08
11,37,8,29,0,Pitt,2023-02-10
11,37,8,29,0,Rowan,2023-01-06
11,66,9,57,0,Caldwell,2022-09-13
11,44,9,35,0,Durham,2023-02-28
11,64,9,55,0,Forsyth,2022-10-07
11,25,9,16,0,Robeson,2023-01-19
11,33,9,24,0,Rockingham,2022-12-14
11,28,9,19,0,Rockingham,2023-01-16
11,39,10,29,0,Alamance,2022-11-01
11,39,10,29,0,Alamance,2023-02-08
11,57,10,47,0,Cabarrus,2022-12-05
11,25,10,15,0,Davie,2023-01-03
11,48,10,38,0,Lincoln,2023-01-03
11,50,10,40,0,Pitt,2022-11-28
11,45,11,34,0,Durham,2023-01-29
11,54,11,43,0,Gaston,2022-09-14
11,48,11,37,0,Guilford,2022-10-22
11,36,11,25,0,Moore,2022-09-21
11,34,11,23,0,Rutherford,2023-01-04
11,42,11,31,0,Surry,2022-12-12
11,67,11,56,0,Wake,2023-03-06
11,25,12,13,0,Brunswick,2022-11-21
11,62,12,50,0,Forsyth,2022-10-25
11,47,12,35,0,Forsyth,2022-11-22
11,45,12,33,0,New Hanover,2023-01-09
11,26,12,14,0,Randolph,2023-02-01
11,67,12,55,0,Union,2022-09-21
11,29,12,17,0,Wilkes,2022-12-30
11,36,13,23,0,Cumberland,2023-01-21
11,60,13,47,0,Cumberland,2023-02-07
11,42,13,29,0,Gaston,2022-11-25
11,35,13,22,0,Gaston,2023-02-20
11,96,13,83,0,Wake,2022-10-21
11,42,14,28,0,Brunswick,2023-01-06
11,78,14,64,0,Cumberland,2022-12-09
11,36,14,22,0,Cumberland,2023-03-08
11,36,14,22,0,Davidson,2023-01-25
11,30,14,16,0,McDowell,2023-01-18
11,27,14,13,0,Randolph,2023-01-24
11,35,14,21,0,Stokes,2022-12-20
11,130,14,116,0,Wake,2022-09-18
11,47,15,32,0,Cumberland,2023-01-22
11,53,15,38,0,Guilford,2023-01-15
11,66,15,51,0,Guilford,2023-01-29
11,36,16,20,0,Franklin,2022-12-28
11,48,16,32,0,Gaston,2023-01-12
11,73,16,57,0,Guilford,2022-10-31
11,28,16,12,0,Nash,2023-02-20
11,44,16,28,0,Rowan,2023-01-23
11,31,16,15,0,Surry,2022-12-01
11,64,16,48,0,Union,2022-09-19
11,48,16,32,0,Union,2023-01-31
11,58,16,42,0,Wake,2023-03-10
11,57,17,40,0,Cumberland,2023-02-09
11,42,17,25,0,Halifax,2023-01-09
11,29,17,12,0,Iredell,2023-02-20
11,46,17,29,0,New Hanover,2022-12-31
11,36,17,19,0,Randolph,2022-11-30
11,47,17,30,0,Stokes,2023-01-03
11,28,17,11,0,Wayne,2023-02-21
11,50,18,32,0,Buncombe,2022-10-17
11,43,18,25,0,Craven,2023-01-05
11,27,19,8,0,Catawba,2023-01-26
11,40,19,21,0,Cleveland,2022-11-28
11,40,19,21,0,Iredell,2023-02-16
11,54,19,35,0,Johnston,2023-01-11
11,78,19,59,0,Mecklenburg,2023-02-11
11,53,20,33,0,Harnett,2023-01-03
11,30,20,10,0,Wilkes,2023-01-09
11,55,21,34,0,Davidson,2022-12-23
11,36,21,15,0,Iredell,2023-02-07
11,62,21,41,0,Johnston,2022-09-21
11,34,21,13,0,Stokes,2022-12-26
11,39,21,18,0,Wilkes,2022-12-13
11,40,21,19,0,Wilson,2022-12-30
11,28,22,6,0,Randolph,2023-01-22
11,53,22,31,0,Robeson,2022-09-14
11,41,22,19,0,Wayne,2023-01-20
11,40,22,18,0,Wilkes,2022-12-19
11,65,23,42,0,New Hanover,2022-12-30
11,73,24,49,0,Cumberland,2023-01-16
11,73,25,48,0,Cumberland,2023-02-15
11,77,25,52,0,Forsyth,2022-10-24
11,38,25,13,0,Wayne,2023-01-30
11,73,26,47,0,Buncombe,2022-09-15
11,35,26,9,0,Catawba,2023-02-13
11,45,26,19,0,Iredell,2022-10-11
11,37,26,11,0,Wayne,2022-12-09
11,44,27,17,0,Buncombe,2023-01-01
11,41,27,14,0,Buncombe,2023-02-03
11,53,27,26,0,Catawba,2022-12-15
11,85,27,58,0,Johnston,2022-09-13
11,57,30,27,0,Randolph,2022-12-26
11,75,33,42,0,Harnett,2022-12-30
11,62,35,27,0,Henderson,2022-12-28
11,54,38,16,0,Randolph,2022-12-20
11,53,38,15,0,Wayne,2023-01-18
12,17,2,15,0,Yadkin,2022-12-15
12,47,3,44,0,Alamance,2023-01-19
12,32,3,29,0,Lincoln,2022-12-30
12,22,3,19,0,Montgomery,2023-02-01
12,46,3,43,0,Onslow,2023-02-10
12,56,4,52,0,Durham,2023-01-07
12,53,4,49,0,Onslow,2022-09-15
12,27,4,23,0,Stanly,2022-09-19
12,109,5,104,0,Durham,2022-09-19
12,69,5,64,0,Durham,2022-12-05
12,36,5,31,0,Harnett,2022-12-21
12,39,5,34,0,Pitt,2022-12-26
12,31,5,26,0,Rowan,2023-01-25
12,39,5,34,0,Union,2022-09-18
12,45,6,39,0,Davidson,2023-02-09
12,53,6,47,0,Forsyth,2022-12-10
12,81,6,75,0,Mecklenburg,2022-11-05
12,35,6,29,0,Onslow,2022-12-22
12,39,6,33,0,Onslow,2023-01-25
12,31,6,25,0,Union,2022-10-05
12,51,7,44,0,Brunswick,2022-09-14
12,35,7,28,0,Caldwell,2023-02-02
12,79,7,72,0,Durham,2022-09-16
12,45,7,38,0,Durham,2023-01-21
12,52,7,45,0,Gaston,2022-09-13
12,51,7,44,0,Onslow,2022-09-27
12,28,7,21,0,Rockingham,2022-12-15
12,15,7,8,0,Yadkin,2022-09-19
12,45,8,37,0,Buncombe,2022-10-13
12,45,8,37,0,Gaston,2022-09-19
12,36,8,28,0,Gaston,2023-01-31
12,59,8,51,0,Guilford,2023-02-12
12,40,9,31,0,Davidson,2023-02-14
12,27,9,18,0,Nash,2022-12-19
12,50,9,41,0,Onslow,2022-12-30
12,39,9,30,0,Pitt,2023-01-25
12,36,9,27,0,Union,2023-02-07
12,64,9,55,0,Wake,2023-02-25
12,53,10,43,0,Alamance,2022-12-15
12,40,10,30,0,Pitt,2023-01-12
12,34,10,24,0,Rowan,2022-12-12
12,45,11,34,0,Burke,2023-01-04
12,33,11,22,0,Gaston,2022-11-23
12,28,11,17,0,Halifax,2022-12-20
12,83,11,72,0,Mecklenburg,2022-10-22
12,54,12,42,0,Cabarrus,2023-01-12
12,55,12,43,0,Cleveland,2022-12-30
12,50,12,38,0,Gaston,2023-01-19
12,52,12,40,0,Johnston,2023-01-23
12,40,12,28,0,Robeson,2023-02-07
12,62,13,49,0,Davidson,2022-12-12
12,58,13,45,0,Guilford,2022-10-17
12,32,13,19,0,Johnston,2023-02-13
12,35,13,22,0,Surry,2022-12-22
12,121,13,108,0,Wake,2022-11-04
12,40,14,26,0,Johnston,2023-01-30
12,33,14,19,0,Rutherford,2023-01-03
12,71,14,57,0,Union,2023-01-02
12,85,14,71,0,Wake,2022-11-16
12,82,15,67,0,Cumberland,2022-11-28
12,40,15,25,0,Guilford,2023-03-01
12,62,15,47,0,Harnett,2022-12-28
12,36,15,21,0,Pitt,2022-12-06
12,44,15,29,0,Pitt,2023-01-31
12,44,15,29,0,Robeson,2022-11-30
12,49,15,34,0,Rockingham,2022-12-30
12,23,15,8,0,Sampson,2023-01-23
12,61,16,45,0,Alamance,2023-01-13
12,46,16,30,0,Gaston,2023-02-13
12,46,16,30,0,Robeson,2022-09-22
12,38,17,21,0,Catawba,2022-12-08
12,47,17,30,0,Pitt,2023-01-23
12,34,17,17,0,Robeson,2023-01-13
12,31,17,14,0,Robeson,2023-01-25
12,89,17,72,0,Wake,2023-03-01
12,30,18,12,0,Cleveland,2023-02-06
12,82,18,64,0,Durham,2023-01-26
12,44,18,26,0,Forsyth,2023-03-06
12,55,18,37,0,Guilford,2022-12-04
12,63,19,44,0,Guilford,2022-11-22
12,39,19,20,0,Iredell,2023-02-06
12,41,19,22,0,Robeson,2023-01-30
12,36,19,17,0,Wayne,2023-02-08
12,33,20,13,0,Duplin,2022-12-20
12,64,20,44,0,Mecklenburg,2023-03-09
12,40,20,20,0,Wayne,2022-12-14
12,50,21,29,0,Johnston,2022-12-09
12,124,21,103,0,Mecklenburg,2022-10-18
12,32,21,11,0,Wilkes,2022-12-29
12,43,22,21,0,Iredell,2022-12-08
12,52,22,30,0,Randolph,2023-01-05
12,38,22,16,0,Robeson,2022-09-26
12,53,23,30,0,Catawba,2022-11-28
12,42,23,19,0,Robeson,2022-09-21
12,39,23,16,0,Wayne,2022-12-08
12,50,25,25,0,Buncombe,2022-12-06
12,56,25,31,0,Robeson,2022-09-20
12,93,25,68,0,Wake,2023-02-28
12,43,25,18,0,Wilson,2022-12-28
12,41,26,15,0,Catawba,2023-02-07
12,87,26,61,0,Cumberland,2023-01-25
12,51,26,25,0,Wayne,2022-12-30
12,34,26,8,0,Wayne,2023-02-13
12,49,27,22,0,Buncombe,2023-02-13
12,92,27,65,0,Johnston,2022-12-21
12,65,27,38,0,New Hanover,2023-01-05
12,52,28,24,0,Iredell,2022-12-15
12,61,30,31,0,Iredell,2022-12-20
12,60,34,26,0,Catawba,2023-01-04
12,52,35,17,0,Catawba,2022-10-03
13,39,2,37,0,Onslow,2023-01-06
13,42,4,38,0,Durham,2023-03-02
13,48,4,44,0,Onslow,2023-02-06
13,33,5,28,0,Pitt,2023-02-27
13,42,6,36,0,Cabarrus,2023-01-16
13,31,6,25,0,Caldwell,2023-01-27
13,62,6,56,0,Durham,2023-02-01
13,31,6,25,0,Stokes,2022-09-19
13,65,7,58,0,Alamance,2022-09-19
13,67,7,60,0,Durham,2023-02-07
13,67,7,60,0,Onslow,2022-09-13
13,41,7,34,0,Rowan,2022-12-22
13,17,7,10,0,Rutherford,2022-12-26
13,60,8,52,0,Cabarrus,2022-09-14
13,42,8,34,0,Davidson,2023-02-15
13,47,8,39,0,Forsyth,2023-01-28
13,54,8,46,0,Granville,2022-12-28
13,46,8,38,0,Vance,2023-01-02
13,74,8,66,0,Wake,2022-11-12
13,36,9,27,0,Davidson,2022-12-09
13,70,9,61,0,Durham,2023-01-13
13,43,9,34,0,Forsyth,2023-02-04
13,56,9,47,0,Forsyth,2023-02-21
13,38,10,28,0,Cleveland,2022-12-20
13,25,10,15,0,Davie,2023-01-04
13,31,10,21,0,Nash,2023-01-30
13,53,10,43,0,Union,2023-01-26
13,112,10,102,0,Wake,2022-10-27
13,55,11,44,0,Cabarrus,2022-09-19
13,39,11,28,0,Cabarrus,2023-02-07
13,37,11,26,0,Davidson,2022-12-18
13,43,11,32,0,Harnett,2022-09-15
13,35,11,24,0,Union,2023-02-15
13,113,11,102,0,Wake,2022-10-07
13,65,12,53,0,Forsyth,2023-02-17
13,46,12,34,0,Pitt,2023-02-14
13,51,12,39,0,Rowan,2022-12-27
13,45,13,32,0,Caldwell,2023-01-04
13,51,13,38,0,Forsyth,2022-11-08
13,34,13,21,0,Robeson,2022-12-05
13,41,13,28,0,Rowan,2023-01-13
13,47,13,34,0,Union,2023-02-09
13,25,13,12,0,Wilkes,2023-02-06
13,44,14,30,0,Davidson,2023-01-12
13,52,14,38,0,Gaston,2022-12-11
13,60,14,46,0,Moore,2023-01-02
13,49,14,35,0,Pitt,2023-01-11
13,40,14,26,0,Pitt,2023-01-26
13,95,14,81,0,Wake,2022-11-18
13,80,14,66,0,Wake,2023-02-04
13,72,15,57,0,Alamance,2022-09-13
13,111,15,96,0,Forsyth,2022-09-22
13,60,15,45,0,Gaston,2022-12-09
13,56,15,41,0,Guilford,2023-02-23
13,49,15,34,0,Johnston,2023-02-08
13,62,15,47,0,Mecklenburg,2023-02-26
13,51,15,36,0,Pitt,2022-12-30
13,58,15,43,0,Union,2023-01-17
13,87,15,72,0,Wake,2022-11-11
13,58,16,42,0,Catawba,2022-09-20
13,77,16,61,0,Union,2022-12-23
13,70,18,52,0,Johnston,2022-12-19
13,50,18,32,0,Pitt,2022-12-15
13,35,18,17,0,Robeson,2022-10-31
13,54,19,35,0,Caldwell,2022-12-21
13,37,19,18,0,Columbus,2022-12-19
13,47,19,28,0,Cumberland,2023-02-04
13,122,19,103,0,Guilford,2022-09-16
13,75,19,56,0,Pitt,2022-12-21
13,96,19,77,0,Wake,2023-01-15
13,93,20,73,0,Mecklenburg,2022-10-09
13,40,21,19,0,Robeson,2022-12-07
13,39,22,17,0,Catawba,2023-01-23
13,60,22,38,0,Davidson,2023-01-09
13,58,22,36,0,Forsyth,2023-02-27
13,79,23,56,0,Cumberland,2022-11-30
13,84,23,61,0,Guilford,2022-11-14
13,71,24,47,0,Johnston,2023-01-09
13,38,24,14,0,Robeson,2023-01-09
13,55,24,31,0,Surry,2022-12-19
13,128,25,103,0,Wake,2022-10-04
13,131,26,105,0,Mecklenburg,2022-10-17
13,35,27,8,0,Robeson,2023-01-16
13,70,28,42,0,New Hanover,2022-12-21
13,65,30,35,0,Cabarrus,2023-01-05
13,56,30,26,0,Catawba,2022-12-21
13,48,30,18,0,Wayne,2022-12-21
13,40,31,9,0,Catawba,2023-01-09
14,49,2,47,0,Durham,2023-02-15
14,37,3,34,0,Union,2022-11-22
14,32,4,28,0,Lenoir,2023-01-09
14,31,5,26,0,Alamance,2023-02-10
14,40,6,34,0,Surry,2022-09-13
14,54,7,47,0,Onslow,2023-02-08
14,64,8,56,0,Alamance,2023-01-09
14,55,8,47,0,Forsyth,2023-01-29
14,38,8,30,0,Gaston,2023-01-24
14,51,8,43,0,Onslow,2023-01-03
14,76,8,68,0,Wake,2023-03-03
14,54,9,45,0,Pitt,2023-01-02
14,63,10,53,0,Alamance,2023-01-17
14,41,10,31,0,Gaston,2022-12-24
14,43,10,33,0,Johnston,2023-01-31
14,36,10,26,0,Rutherford,2022-12-27
14,53,11,42,0,Cabarrus,2023-01-13
14,93,11,82,0,Durham,2022-09-22
14,69,11,58,0,Forsyth,2022-12-11
14,52,11,41,0,Guilford,2023-02-04
14,57,11,46,0,Pitt,2022-09-16
14,49,11,38,0,Pitt,2023-02-13
14,68,11,57,0,Wake,2023-02-19
14,35,12,23,0,Johnston,2022-12-06
14,41,12,29,0,Pitt,2023-01-24
14,52,12,40,0,Union,2022-12-06
14,59,12,47,0,Union,2022-12-15
14,51,13,38,0,Gaston,2023-01-05
14,53,13,40,0,Harnett,2022-12-19
14,34,13,21,0,Pitt,2023-02-20
14,42,13,29,0,Surry,2022-12-05
14,60,13,47,0,Union,2023-01-23
14,47,14,33,0,Cleveland,2022-12-29
14,41,14,27,0,Pitt,2022-12-13
14,56,14,42,0,Union,2023-01-16
14,35,15,20,0,Buncombe,2023-01-26
14,50,15,35,0,Johnston,2022-12-07
14,35,15,20,0,Pitt,2022-12-31
14,52,16,36,0,Cumberland,2023-02-10
14,66,17,49,0,Gaston,2022-12-05
14,46,17,29,0,Gaston,2022-12-17
14,64,17,47,0,Johnston,2022-09-20
14,65,17,48,0,Mecklenburg,2023-03-08
14,78,18,60,0,Brunswick,2022-12-27
14,56,18,38,0,Rowan,2022-12-20
14,72,19,53,0,Alamance,2022-12-16
14,45,19,26,0,New Hanover,2023-01-12
14,40,19,21,0,Robeson,2023-01-06
14,46,20,26,0,Halifax,2023-01-03
14,122,20,102,0,Mecklenburg,2022-10-12
14,80,21,59,0,Mecklenburg,2023-02-12
14,35,22,13,0,Iredell,2023-02-13
14,70,23,47,0,Guilford,2023-02-10
14,44,23,21,0,Wayne,2022-09-14
14,81,24,57,0,Cumberland,2023-02-08
14,95,24,71,0,Durham,2022-12-13
14,29,24,5,0,Haywood,2022-12-11
14,38,24,14,0,Iredell,2022-12-02
14,54,24,30,0,Iredell,2023-01-06
14,44,25,19,0,Catawba,2022-09-15
14,46,26,20,0,Davidson,2022-10-18
14,40,26,14,0,Robeson,2023-02-06
14,82,27,55,0,Guilford,2022-12-02
14,102,28,74,0,Cumberland,2023-02-01
14,60,29,31,0,Wayne,2023-01-04
14,47,30,17,0,Iredell,2023-01-18
14,90,32,58,0,Cumberland,2023-01-20
14,47,33,14,0,Randolph,2022-12-14
14,45,37,8,0,Henderson,2022-11-07
14,68,38,30,0,Buncombe,2022-12-23
14,80,38,42,0,Buncombe,2022-12-28
14,69,39,30,0,Henderson,2022-12-26
14,127,43,84,0,Guilford,2022-11-30
14,118,44,74,0,Gaston,2022-12-30
14,74,49,25,0,Catawba,2022-12-30
14,99,70,29,0,Harnett,2023-01-04
15,46,3,43,0,Union,2023-01-12
15,47,4,43,0,Onslow,2023-01-30
15,62,5,57,0,Durham,2022-12-08
15,93,9,84,0,Durham,2022-09-15
15,42,10,32,0,Forsyth,2023-02-28
15,65,10,55,0,Guilford,2022-11-15
15,57,11,46,0,Alamance,2022-12-13
15,39,12,27,0,Gaston,2023-02-03
15,86,12,74,0,Wake,2022-10-08
15,102,12,90,0,Wake,2022-10-19
15,55,13,42,0,Johnston,2023-01-17
15,78,13,65,0,Union,2022-12-30
15,121,13,108,0,Wake,2022-10-06
15,86,13,73,0,Wake,2022-10-29
15,48,14,34,0,Caldwell,2022-12-20
15,58,14,44,0,Cumberland,2023-02-21
15,63,15,48,0,Cumberland,2023-02-14
15,47,15,32,0,Johnston,2023-01-12
15,75,16,59,0,Pitt,2022-09-14
15,62,17,45,0,Davidson,2022-12-15
15,49,17,32,0,Davidson,2022-12-16
15,72,17,55,0,Guilford,2022-11-08
15,61,18,43,0,Guilford,2023-01-28
15,36,18,18,0,Lenoir,2023-02-08
15,83,19,64,0,Forsyth,2022-11-28
15,49,21,28,0,Buncombe,2023-01-23
15,65,23,42,0,Brunswick,2023-01-03
15,29,23,6,0,Lee,2023-02-16
15,59,25,34,0,Union,2023-02-01
15,78,26,52,0,Guilford,2023-02-22
15,59,27,32,0,Buncombe,2023-01-31
15,88,27,61,0,Johnston,2022-12-28
15,55,28,27,0,New Hanover,2023-01-23
15,70,30,40,0,Johnston,2022-12-14
15,45,30,15,0,Wayne,2023-02-27
15,87,51,36,0,Iredell,2022-12-28
15,97,57,40,0,Buncombe,2022-12-30
16,47,3,44,0,Pitt,2023-01-17
16,40,4,36,0,Rowan,2023-01-05
16,44,6,38,0,Alamance,2023-02-13
16,84,7,77,0,Durham,2022-12-12
16,108,7,101,0,Mecklenburg,2022-09-25
16,45,9,36,0,Davidson,2023-02-13
16,38,10,28,0,Alamance,2023-01-25
16,66,10,56,0,Durham,2023-01-20
16,57,10,47,0,Rowan,2022-12-30
16,68,11,57,0,Davidson,2022-09-14
16,49,11,38,0,Davidson,2022-12-26
16,66,11,55,0,Rowan,2023-01-17
16,86,11,75,0,Union,2022-12-14
16,77,11,66,0,Union,2022-12-29
16,71,13,58,0,Alamance,2022-12-19
16,65,13,52,0,Durham,2023-01-16
16,61,13,48,0,Forsyth,2023-03-02
16,41,13,28,0,Johnston,2023-02-06
16,64,13,51,0,Union,2023-01-05
16,86,14,72,0,Guilford,2022-11-21
16,74,15,59,0,Durham,2023-01-25
16,49,16,33,0,Davidson,2023-01-11
16,34,16,18,0,Halifax,2023-01-04
16,41,17,24,0,Buncombe,2023-02-07
16,71,17,54,0,Cumberland,2023-02-16
16,78,17,61,0,Forsyth,2022-12-01
16,92,17,75,0,Forsyth,2022-12-07
16,74,17,57,0,Forsyth,2023-02-02
16,77,17,60,0,Guilford,2022-11-02
16,121,17,104,0,Mecklenburg,2022-10-07
16,38,18,20,0,Cabarrus,2023-02-13
16,109,18,91,0,Wake,2022-10-20
16,78,19,59,0,Gaston,2022-12-15
16,81,19,62,0,Johnston,2022-09-14
16,31,20,11,0,Duplin,2022-12-22
16,68,20,48,0,Surry,2022-12-27
16,118,23,95,0,Guilford,2022-09-22
16,43,25,18,0,Halifax,2022-12-27
16,50,28,22,0,Catawba,2022-12-13
16,49,28,21,0,Robeson,2022-12-13
16,104,34,70,0,Cumberland,2023-01-18
16,134,34,100,0,Wake,2022-11-22
16,72,35,37,0,Buncombe,2022-12-12
16,61,35,26,0,Randolph,2022-12-21
16,71,41,30,0,Iredell,2022-12-13
17,67,3,64,0,Durham,2023-02-13
17,52,5,47,0,Union,2023-01-13
17,42,6,36,0,Rowan,2023-01-30
17,64,6,58,0,Union,2023-01-18
17,80,7,73,0,Durham,2023-02-08
17,38,9,29,0,Davidson,2023-01-13
17,42,11,31,0,Davidson,2023-01-16
17,36,13,23,0,Robeson,2023-01-12
17,115,15,100,0,Durham,2022-12-20
17,87,15,72,0,Durham,2023-01-06
17,93,16,77,0,Cumberland,2022-09-28
17,63,16,47,0,Cumberland,2023-01-27
17,94,16,78,0,Mecklenburg,2023-02-05
17,84,16,68,0,Wake,2023-03-02
17,92,17,75,0,Mecklenburg,2023-02-19
17,57,18,39,0,Gaston,2022-12-14
17,147,19,128,0,Mecklenburg,2022-10-04
17,57,20,37,0,Pitt,2023-01-05
17,135,20,115,0,Wake,2022-11-08
17,64,20,44,0,Wake,2023-02-18
17,58,21,37,0,Forsyth,2023-02-20
17,82,21,61,0,Guilford,2023-02-21
17,71,21,50,0,Johnston,2022-12-13
17,84,21,63,0,Pitt,2023-01-04
17,77,22,55,0,Mecklenburg,2023-03-10
17,61,23,38,0,Alamance,2022-12-26
17,77,23,54,0,Forsyth,2023-02-14
17,99,23,76,0,Wake,2023-01-29
17,137,24,113,0,Wake,2022-12-11
17,56,25,31,0,Craven,2022-12-28
17,81,25,56,0,Cumberland,2023-01-31
17,51,26,25,0,Gaston,2022-10-10
17,60,27,33,0,Randolph,2023-01-03
17,84,33,51,0,Cabarrus,2023-01-09
17,101,34,67,0,Guilford,2023-01-24
17,94,35,59,0,Cumberland,2022-12-15
17,54,39,15,0,Catawba,2022-12-23
17,107,58,49,0,Iredell,2023-01-03
18,44,5,39,0,Durham,2023-01-22
18,48,6,42,0,Alamance,2023-01-12
18,54,7,47,0,Alamance,2022-12-06
18,86,11,75,0,Durham,2022-12-14
18,77,11,66,0,Union,2022-12-20
18,65,13,52,0,Union,2023-01-06
18,68,15,53,0,Cabarrus,2022-12-19
18,60,15,45,0,Johnston,2022-09-26
18,85,15,70,0,Union,2022-12-19
18,75,17,58,0,Pitt,2022-12-29
18,75,19,56,0,Cabarrus,2022-12-21
18,69,19,50,0,Mecklenburg,2023-03-03
18,65,21,44,0,Alamance,2023-01-05
18,89,21,68,0,Gaston,2022-12-28
18,99,21,78,0,Guilford,2022-10-03
18,50,22,28,0,Gaston,2022-12-18
18,44,24,20,0,Catawba,2023-01-11
18,101,24,77,0,Durham,2023-01-30
18,52,26,26,0,Surry,2022-12-16
18,55,28,27,0,Catawba,2022-12-12
18,106,28,78,0,Cumberland,2023-02-06
18,89,29,60,0,New Hanover,2023-01-03
18,58,31,27,0,Iredell,2023-01-09
18,117,32,85,0,Guilford,2023-02-07
18,133,32,101,0,Mecklenburg,2022-11-14
18,67,33,34,0,Catawba,2022-09-19
18,96,33,63,0,Cumberland,2023-01-19
18,105,33,72,0,Forsyth,2022-10-26
18,148,35,113,0,Wake,2022-12-02
18,75,36,39,0,Robeson,2022-09-13
18,100,37,63,0,Cumberland,2022-12-13
18,118,42,76,0,Cumberland,2022-12-26
18,64,43,21,0,Catawba,2022-12-22
18,67,44,23,0,Randolph,2022-12-27
18,74,46,28,0,Iredell,2022-12-21
19,51,6,45,0,Alamance,2022-09-26
19,48,11,37,0,Cleveland,2023-01-02
19,94,12,82,0,Wake,2023-02-24
19,74,15,59,0,Durham,2022-12-31
19,111,16,95,0,Wake,2022-11-09
19,119,16,103,0,Wake,2023-01-08
19,120,17,103,0,Wake,2023-02-27
19,53,18,35,0,Johnston,2022-12-08
19,85,18,67,0,Union,2022-12-22
19,94,20,74,0,Alamance,2023-01-04
19,54,20,34,0,Cumberland,2023-02-20
19,80,21,59,0,Guilford,2022-10-24
19,62,21,41,0,Rowan,2022-12-28
19,115,22,93,0,Forsyth,2022-12-31
19,121,22,99,0,Wake,2022-11-25
19,126,23,103,0,Mecklenburg,2022-10-21
19,59,23,36,0,Union,2022-12-31
19,76,26,50,0,Rowan,2023-01-03
19,118,27,91,0,Mecklenburg,2023-01-15
19,100,29,71,0,Cumberland,2023-01-24
19,53,34,19,0,Robeson,2022-12-08
19,60,35,25,0,Robeson,2022-12-19
19,80,47,33,0,Iredell,2023-01-04
20,108,8,100,0,Wake,2022-09-24
20,61,12,49,0,Pitt,2022-12-19
20,71,14,57,0,Davidson,2022-12-19
20,67,14,53,0,Davidson,2022-12-30
20,109,14,95,0,Mecklenburg,2022-11-09
20,74,15,59,0,Pitt,2022-12-28
20,151,16,135,0,Wake,2023-01-07
20,110,17,93,0,Wake,2023-01-28
20,76,18,58,0,Johnston,2022-09-15
20,83,20,63,0,Guilford,2023-02-14
20,73,20,53,0,Union,2022-12-12
20,65,22,43,0,Johnston,2023-01-05
20,104,23,81,0,Cumberland,2023-01-26
20,96,25,71,0,Forsyth,2023-02-03
20,92,26,66,0,Cumberland,2023-02-02
20,105,26,79,0,Forsyth,2023-01-11
20,62,26,36,0,Johnston,2023-01-18
20,133,26,107,0,Mecklenburg,2022-11-04
20,45,28,17,0,Robeson,2023-01-17
20,121,30,91,0,Mecklenburg,2023-02-23
20,47,30,17,0,Moore,2023-01-16
20,51,31,20,0,Robeson,2022-12-12
20,48,34,14,0,Robeson,2022-12-30
20,61,40,21,0,Wayne,2022-12-28
20,149,41,108,0,Guilford,2023-01-02
20,68,43,25,0,Robeson,2022-12-14
20,108,45,63,0,Mecklenburg,2023-02-27
20,74,46,28,0,Randolph,2022-12-28
20,125,49,76,0,Cumberland,2022-12-14
20,81,50,31,0,Wayne,2023-01-03
21,92,6,86,0,Durham,2023-01-11
21,75,6,69,0,Durham,2023-01-19
21,75,13,62,0,Durham,2023-01-31
21,76,14,62,0,Alamance,2022-12-22
21,59,15,44,0,Pitt,2023-01-30
21,78,16,62,0,Forsyth,2023-02-15
21,77,17,60,0,Gaston,2022-12-07
21,68,17,51,0,Union,2022-12-16
21,135,17,118,0,Wake,2022-10-12
21,144,17,127,0,Wake,2022-10-26
21,103,18,85,0,Durham,2022-12-27
21,140,18,122,0,Wake,2022-11-07
21,80,20,60,0,Durham,2023-01-27
21,73,21,52,0,Gaston,2022-12-12
21,155,22,133,0,Mecklenburg,2022-12-11
21,117,23,94,0,Durham,2022-12-28
21,140,23,117,0,Wake,2022-10-31
21,146,23,123,0,Wake,2022-11-23
21,140,24,116,0,Mecklenburg,2022-11-22
21,153,27,126,0,Wake,2023-01-14
21,189,33,156,0,Wake,2022-12-09
21,88,34,54,0,Gaston,2022-12-20
21,78,40,38,0,Cumberland,2022-12-31
21,118,42,76,0,Guilford,2023-01-26
21,150,48,102,0,Forsyth,2022-09-15
21,99,54,45,0,Iredell,2022-12-27
21,80,55,25,0,Catawba,2023-01-03
21,120,66,54,0,Buncombe,2022-12-27
22,81,6,75,0,Durham,2023-01-12
22,57,11,46,0,Harnett,2022-12-27
22,123,14,109,0,Mecklenburg,2022-11-08
22,106,15,91,0,Durham,2022-12-21
22,104,16,88,0,Gaston,2022-12-29
22,90,17,73,0,Wake,2023-03-07
22,77,22,55,0,Guilford,2023-02-16
22,82,23,59,0,Alamance,2022-12-27
22,77,23,54,0,Davidson,2022-12-20
22,91,24,67,0,Cumberland,2023-01-12
22,113,24,89,0,Guilford,2023-01-17
22,97,25,72,0,Wake,2023-02-22
22,99,27,72,0,Forsyth,2023-01-17
22,110,31,79,0,Cumberland,2023-01-23
22,168,31,137,0,Wake,2022-12-24
22,137,36,101,0,Wake,2022-11-03
23,71,12,59,0,Davidson,2023-01-05
23,108,16,92,0,Wake,2023-02-10
23,93,19,74,0,Mecklenburg,2023-02-28
23,138,19,119,0,Wake,2022-11-14
23,147,20,127,0,Mecklenburg,2022-11-02
23,91,20,71,0,Wake,2023-02-05
23,92,23,69,0,Forsyth,2023-01-13
23,144,24,120,0,Wake,2022-10-17
23,117,25,92,0,Cumberland,2023-01-30
23,103,26,77,0,Gaston,2022-12-19
23,103,28,75,0,Guilford,2023-02-13
23,96,29,67,0,Forsyth,2023-01-18
23,75,31,44,0,Johnston,2022-12-12
23,114,31,83,0,Mecklenburg,2023-01-29
23,114,32,82,0,Forsyth,2023-01-25
23,97,33,64,0,Cumberland,2022-12-05
23,94,36,58,0,Cumberland,2022-12-08
23,63,37,26,0,Robeson,2022-12-21
23,59,38,21,0,Robeson,2022-12-20
23,235,39,196,0,Wake,2022-09-21
23,99,40,59,0,Cabarrus,2022-12-29
23,149,42,107,0,Guilford,2022-12-13
23,153,50,103,0,Mecklenburg,2023-01-08
23,160,51,109,0,Guilford,2022-12-16
23,102,68,34,0,Catawba,2022-12-28
24,69,8,61,0,Union,2022-12-13
24,68,10,58,0,Union,2023-01-09
24,79,11,68,0,Onslow,2023-01-04
24,117,12,105,0,Mecklenburg,2022-11-27
24,86,14,72,0,Davidson,2023-01-02
24,87,16,71,0,Wake,2023-02-23
24,129,18,111,0,Mecklenburg,2022-10-19
24,150,18,132,0,Wake,2022-09-17
24,79,19,60,0,Pitt,2023-01-03
24,86,20,66,0,Davidson,2022-12-21
24,74,21,53,0,Forsyth,2023-02-09
24,141,23,118,0,Durham,2023-01-04
24,84,24,60,0,New Hanover,2023-01-04
24,138,26,112,0,Forsyth,2022-09-14
24,132,26,106,0,Forsyth,2022-12-23
24,139,27,112,0,Cumberland,2023-01-09
24,84,29,55,0,Davidson,2022-12-22
24,130,29,101,0,Mecklenburg,2022-10-06
24,135,29,106,0,Wake,2022-10-13
24,102,30,72,0,Forsyth,2023-02-06
24,98,35,63,0,Durham,2023-01-23
24,65,37,28,0,Robeson,2023-01-03
24,171,39,132,0,Guilford,2022-09-19
24,76,40,36,0,Robeson,2022-12-27
24,138,50,88,0,Forsyth,2022-12-26
24,83,55,28,0,Iredell,2022-12-29
25,97,11,86,0,Durham,2023-01-24
25,83,15,68,0,Alamance,2023-01-03
25,112,16,96,0,Wake,2022-11-27
25,201,25,176,0,Mecklenburg,2022-09-27
25,136,25,111,0,Wake,2023-01-27
25,113,30,83,0,Forsyth,2022-12-13
25,101,31,70,0,Forsyth,2023-01-31
25,84,36,48,0,Johnston,2023-01-02
25,71,38,33,0,Randolph,2023-01-02
25,136,43,93,0,Wake,2023-02-17
25,154,45,109,0,Cumberland,2023-01-17
25,145,61,84,0,Cumberland,2022-12-21
26,95,15,80,0,Alamance,2022-12-28
26,127,16,111,0,Wake,2022-11-21
26,101,16,85,0,Wake,2023-01-22
26,106,21,85,0,Durham,2023-01-18
26,84,22,62,0,Johnston,2022-12-26
26,130,26,104,0,Mecklenburg,2023-01-14
26,129,31,98,0,Forsyth,2023-01-30
26,155,37,118,0,Cumberland,2023-01-05
26,109,45,64,0,Guilford,2023-02-02
26,142,54,88,0,Guilford,2023-01-31
26,182,64,118,0,Guilford,2022-12-30
27,97,4,93,0,Durham,2023-01-17
27,113,15,98,0,Forsyth,2022-12-06
27,127,16,111,0,Mecklenburg,2022-10-27
27,144,26,118,0,Forsyth,2023-01-09
27,99,32,67,0,Guilford,2022-12-01
28,82,11,71,0,Wake,2023-02-11
28,122,18,104,0,Wake,2023-02-20
28,121,20,101,0,Wake,2022-11-26
28,144,28,116,0,Guilford,2022-09-20
28,101,33,68,0,Forsyth,2023-02-01
28,160,34,126,0,Forsyth,2022-12-20
28,156,38,118,0,Wake,2023-02-13
28,229,41,188,0,Mecklenburg,2022-09-21
28,153,42,111,0,Mecklenburg,2023-02-16
28,150,46,104,0,Cumberland,2023-01-04
29,97,18,79,0,Union,2022-12-28
29,145,21,124,0,Mecklenburg,2022-11-03
29,96,30,66,0,Forsyth,2022-12-14
29,122,33,89,0,Johnston,2023-01-03
29,183,35,148,0,Mecklenburg,2023-01-07
29,113,37,76,0,Guilford,2022-12-05
29,157,49,108,0,Cumberland,2022-12-30
30,96,18,78,0,Davidson,2022-12-29
30,138,19,119,0,Mecklenburg,2023-02-17
30,111,25,86,0,Union,2022-12-21
30,137,26,111,0,Wake,2023-02-16
30,124,28,96,0,Guilford,2023-01-12
30,155,34,121,0,Guilford,2022-09-15
30,162,36,126,0,Mecklenburg,2023-02-14
30,189,48,141,0,Wake,2023-01-31
31,122,24,98,0,Wake,2023-02-14
31,194,25,169,0,Wake,2022-10-03
31,104,32,72,0,Forsyth,2022-12-08
31,157,35,122,0,Wake,2023-02-09
31,130,35,95,0,Wake,2023-02-21
31,160,36,124,0,Forsyth,2022-12-22
31,166,36,130,0,Mecklenburg,2022-12-04
31,129,59,70,0,Cumberland,2022-12-20
32,109,20,89,0,Mecklenburg,2023-02-24
32,133,26,107,0,Wake,2023-02-15
32,216,35,181,0,Wake,2022-09-22
32,131,44,87,0,Gaston,2022-12-27
32,173,45,128,0,Wake,2023-01-26
32,168,46,122,0,Cumberland,2022-12-28
33,160,14,146,0,Durham,2023-01-03
33,121,23,98,0,Wake,2023-01-21
33,221,27,194,0,Wake,2022-12-17
33,139,28,111,0,Wake,2023-01-13
33,246,33,213,0,Wake,2022-09-20
33,164,34,130,0,Forsyth,2022-12-21
33,140,36,104,0,Mecklenburg,2023-02-20
33,198,47,151,0,Wake,2022-12-06
33,153,52,101,0,Wake,2023-01-01
34,190,62,128,0,Cumberland,2023-01-03
35,174,11,163,0,Wake,2023-01-19
35,160,25,135,0,Wake,2023-01-20
35,210,27,183,0,Wake,2022-11-29
35,167,27,140,0,Wake,2023-01-16
35,132,40,92,0,Guilford,2023-02-06
35,211,52,159,0,Wake,2022-12-05
36,130,19,111,0,Durham,2023-01-05
36,250,31,219,0,Wake,2022-09-26
36,173,41,132,0,Mecklenburg,2023-02-08
36,169,41,128,0,Mecklenburg,2023-02-15
37,186,32,154,0,Wake,2023-01-12
37,189,36,153,0,Wake,2023-01-24
37,177,42,135,0,Wake,2023-02-06
37,133,53,80,0,Cumberland,2022-12-19
38,275,40,235,0,Wake,2022-09-14
38,158,44,114,0,Mecklenburg,2023-02-10
39,167,35,132,0,Wake,2023-02-07
39,232,42,190,0,Mecklenburg,2023-01-19
39,248,49,199,0,Mecklenburg,2022-09-19
39,209,60,149,0,Guilford,2022-12-28
39,215,62,153,0,Mecklenburg,2023-01-16
40,153,23,130,0,Wake,2023-02-08
40,190,45,145,0,Mecklenburg,2023-01-27
40,205,46,159,0,Wake,2023-01-18
40,176,49,127,0,Guilford,2022-12-23
41,222,33,189,0,Wake,2022-12-07
41,163,40,123,0,Wake,2023-01-25
41,177,43,134,0,Wake,2022-12-18
42,146,30,116,0,Forsyth,2023-01-02
42,293,44,249,0,Wake,2023-01-06
43,196,31,165,0,Wake,2023-01-23
44,252,41,211,0,Wake,2022-12-13
44,216,49,167,0,Mecklenburg,2022-12-17
44,287,55,232,0,Wake,2023-01-05
45,265,44,221,0,Wake,2022-12-16
47,194,38,156,0,Wake,2023-02-01
47,279,48,231,0,Wake,2022-12-15
48,190,28,162,0,Wake,2023-01-17
48,230,34,196,0,Wake,2023-01-11
49,223,63,160,0,Forsyth,2022-12-28
50,235,45,190,0,Wake,2023-01-10
51,221,50,171,0,Mecklenburg,2023-01-30
52,297,55,242,0,Mecklenburg,2022-12-05
52,251,57,194,0,Mecklenburg,2023-01-10
52,306,69,237,0,Mecklenburg,2022-12-15
53,243,57,186,0,Wake,2022-12-31
54,287,52,235,0,Mecklenburg,2022-11-28
54,213,54,159,0,Mecklenburg,2023-01-24
54,336,69,267,0,Mecklenburg,2023-01-06
56,250,37,213,0,Wake,2023-01-09
57,314,45,269,0,Mecklenburg,2022-09-14
58,328,53,275,0,Mecklenburg,2022-12-13
58,298,65,233,0,Mecklenburg,2023-01-17
59,216,43,173,0,Mecklenburg,2023-02-01
60,349,74,275,0,Wake,2022-12-22
62,343,57,286,0,Wake,2022-12-19
67,407,59,348,0,Wake,2023-01-04
69,233,53,180,0,Mecklenburg,2023-01-26
71,354,72,282,0,Wake,2022-12-30
73,357,83,274,0,Mecklenburg,2023-01-02
73,425,91,334,0,Mecklenburg,2022-12-27
78,384,79,305,0,Wake,2022-12-29
79,437,74,363,0,Wake,2023-01-03
79,425,77,348,0,Wake,2022-12-28
79,414,90,324,0,Mecklenburg,2022-12-28
84,438,84,354,0,Mecklenburg,2022-12-21
,0,0,0,1,Alleghany,2023-02-24
,0,0,0,1,Anson,2022-10-15
,0,0,0,1,Anson,2023-02-05
,0,0,0,1,Ashe,2023-01-12
,0,0,0,1,Beaufort,2022-11-20
,0,0,0,1,Caswell,2022-09-17
,0,0,0,1,Caswell,2022-10-15
,0,0,0,1,Caswell,2022-10-28
,0,0,0,1,Cherokee,2022-09-27
,0,0,0,1,Chowan,2022-09-30
,0,0,0,1,Edgecombe,2022-11-13
,0,0,0,1,Gates,2023-02-04
,0,0,0,1,Greene,2022-09-23
,0,0,0,1,Haywood,2023-02-18
,0,0,0,1,Jones,2022-10-16
,0,0,0,1,Lenoir,2022-11-18
,0,0,0,1,Madison,2022-11-18
,0,0,0,1,Madison,2023-01-14
,0,0,0,1,Mitchell,2023-01-16
,0,0,0,1,Northampton,2022-09-25
,0,0,0,1,Northampton,2023-01-21
,0,0,0,1,Polk,2022-09-29
,0,0,0,1,Tyrrell,2023-02-20
,0,0,0,1,Yancey,2022-10-30
0,6,0,6,1,Alexander,2022-10-16
0,1,0,1,1,Alleghany,2022-10-28
0,5,0,5,1,Anson,2022-09-22
0,1,0,1,1,Anson,2022-10-11
0,3,0,3,1,Anson,2022-12-17
0,1,0,1,1,Ashe,2022-12-31
0,1,0,1,1,Carteret,2022-11-27
0,5,0,5,1,Caswell,2023-02-02
0,2,0,2,1,Cherokee,2022-09-28
0,8,0,8,1,Cleveland,2022-10-19
0,4,0,4,1,Columbus,2022-12-10
0,3,0,3,1,Dare,2022-12-12
0,3,0,3,1,Davie,2022-11-23
0,1,0,1,1,Duplin,2023-01-21
0,8,0,8,1,Edgecombe,2023-01-14
0,3,0,3,1,Franklin,2022-10-16
0,3,0,3,1,Granville,2022-11-06
0,2,0,2,1,Hertford,2022-10-05
0,3,0,3,1,Hertford,2022-10-11
0,2,0,2,1,Hertford,2023-01-01
0,1,0,1,1,Hyde,2022-10-23
0,2,0,2,1,Lee,2023-02-11
0,2,0,2,1,Macon,2023-01-16
0,1,0,1,1,Martin,2023-03-02
0,1,0,1,1,Montgomery,2022-11-22
0,5,0,5,1,Nash,2022-10-01
0,12,0,12,1,Onslow,2022-09-30
0,5,0,5,1,Onslow,2022-10-02
0,1,0,1,1,Pamlico,2022-09-14
0,3,0,3,1,Pasquotank,2022-11-13
0,4,0,4,1,Pender,2023-01-21
0,5,0,5,1,Pender,2023-01-29
0,1,0,1,1,Person,2022-11-19
0,3,0,3,1,Richmond,2023-02-04
0,6,0,6,1,Rutherford,2022-09-18
0,2,0,2,1,Sampson,2022-10-14
0,7,0,7,1,Stanly,2022-10-19
0,1,0,1,1,Warren,2022-09-18
0,4,0,4,1,Warren,2022-09-22
0,3,0,3,1,Wilson,2023-01-15
0,3,0,3,1,Yadkin,2022-11-15
0,6,0,6,1,Yadkin,2022-11-27
0,2,0,2,1,Yancey,2022-11-01
0,5,1,4,1,Alexander,2022-10-06
0,1,1,0,1,Alleghany,2023-01-14
0,3,1,2,1,Anson,2022-12-08
0,6,1,5,1,Ashe,2023-01-07
0,1,1,0,1,Ashe,2023-01-10
0,5,1,4,1,Bladen,2022-09-27
0,4,1,3,1,Brunswick,2023-02-19
0,3,1,2,1,Carteret,2022-11-25
0,3,1,2,1,Carteret,2023-01-28
0,2,1,1,1,Caswell,2022-11-14
0,6,1,5,1,Cleveland,2022-10-23
0,1,1,0,1,Columbus,2022-10-09
0,7,1,6,1,Craven,2022-10-29
0,4,1,3,1,Craven,2023-02-04
0,2,1,1,1,Dare,2022-10-18
0,3,1,2,1,Duplin,2023-02-11
0,1,1,0,1,Halifax,2022-11-13
0,3,1,2,1,Hoke,2022-12-25
0,4,1,3,1,Iredell,2022-11-19
0,6,1,5,1,Jackson,2022-09-25
0,3,1,2,1,Jackson,2022-10-11
0,2,1,1,1,Jones,2022-09-23
0,1,1,0,1,Jones,2023-01-17
0,4,1,3,1,Lee,2022-11-11
0,2,1,1,1,Lee,2023-03-05
0,1,1,0,1,Lenoir,2022-11-24
0,4,1,3,1,Madison,2022-09-13
0,1,1,0,1,Madison,2022-12-01
0,5,1,4,1,McDowell,2022-10-01
0,6,1,5,1,McDowell,2022-11-13
0,6,1,5,1,Nash,2022-11-17
0,16,1,15,1,New Hanover,2022-10-21
0,3,1,2,1,Person,2022-11-20
0,1,1,0,1,Richmond,2022-10-23
0,2,1,1,1,Rutherford,2023-02-27
0,1,1,0,1,Sampson,2022-10-16
0,10,1,9,1,Surry,2022-10-11
0,2,1,1,1,Swain,2022-10-03
0,7,1,6,1,Transylvania,2022-09-28
0,11,1,10,1,Yadkin,2022-09-25
0,3,2,1,1,Alexander,2023-02-23
0,2,2,0,1,Ashe,2022-10-24
0,8,2,6,1,Caldwell,2022-11-11
0,2,2,0,1,Carteret,2023-02-20
0,8,2,6,1,Craven,2022-09-25
0,5,2,3,1,Greene,2022-09-14
0,7,2,5,1,Harnett,2023-03-07
0,3,2,1,1,Henderson,2023-03-09
0,3,2,1,1,Lenoir,2022-09-24
0,2,2,0,1,Macon,2022-10-26
0,5,2,3,1,McDowell,2022-10-31
0,10,2,8,1,New Hanover,2023-02-04
0,2,2,0,1,Northampton,2022-10-20
0,12,2,10,1,Pitt,2022-12-17
0,3,2,1,1,Polk,2023-01-31
0,4,2,2,1,Richmond,2022-09-25
0,7,2,5,1,Rockingham,2022-10-07
0,6,2,4,1,Stokes,2023-01-14
0,13,3,10,1,Caldwell,2022-12-24
0,14,3,11,1,Guilford,2023-03-04
0,9,3,6,1,Iredell,2022-10-01
0,7,3,4,1,Lenoir,2022-09-29
0,8,3,5,1,Onslow,2022-11-14
0,9,3,6,1,Sampson,2022-10-06
0,4,3,1,1,Sampson,2022-10-21
0,4,3,1,1,Warren,2022-12-31
0,9,3,6,1,Wilkes,2023-02-12
0,6,3,3,1,Wilson,2022-09-24
0,5,3,2,1,Wilson,2022-11-25
0,4,3,1,1,Wilson,2023-03-04
0,12,4,8,1,Brunswick,2022-09-25
0,19,4,15,1,Buncombe,2022-10-01
0,13,4,9,1,Burke,2022-11-18
0,9,4,5,1,Caldwell,2022-10-30
0,8,4,4,1,Carteret,2023-01-15
0,6,4,2,1,Jackson,2022-09-28
0,9,4,5,1,New Hanover,2022-11-17
0,5,4,1,1,Richmond,2022-10-04
0,11,5,6,1,Burke,2022-11-15
0,8,5,3,1,Moore,2022-10-20
0,11,5,6,1,Moore,2023-01-14
0,8,5,3,1,Wilkes,2022-10-12
0,9,6,3,1,Carteret,2022-09-22
0,16,6,10,1,Davie,2022-09-16
0,13,7,6,1,Buncombe,2022-11-24
0,30,8,22,1,Guilford,2022-10-15
0,12,8,4,1,Wilkes,2022-12-10
0,37,10,27,1,Henderson,2022-12-20
1,16,0,16,1,Alamance,2022-10-07
1,3,0,3,1,Anson,2022-09-18
1,3,0,3,1,Anson,2023-02-12
1,2,0,2,1,Bladen,2023-02-11
1,10,0,10,1,Burke,2022-10-03
1,1,0,1,1,Carteret,2023-01-14
1,3,0,3,1,Cherokee,2022-09-21
1,1,0,1,1,Craven,2022-11-13
1,10,0,10,1,Craven,2023-01-22
1,1,0,1,1,Hertford,2023-01-31
1,2,0,2,1,Hertford,2023-02-23
1,8,0,8,1,Hoke,2022-11-30
1,2,0,2,1,Lenoir,2023-01-21
1,1,0,1,1,Madison,2022-12-12
1,1,0,1,1,Montgomery,2022-10-10
1,1,0,1,1,Northampton,2023-03-04
1,8,0,8,1,Onslow,2023-03-03
1,4,0,4,1,Pender,2022-09-27
1,2,0,2,1,Person,2022-11-17
1,10,0,10,1,Robeson,2022-10-09
1,2,0,2,1,Rutherford,2022-10-15
1,2,0,2,1,Surry,2022-11-27
1,8,0,8,1,Vance,2023-02-09
1,2,0,2,1,Washington,2023-01-22
1,6,0,6,1,Yadkin,2022-10-11
1,2,0,2,1,Yancey,2022-12-21
1,14,1,13,1,Alamance,2023-02-19
1,5,1,4,1,Alexander,2022-11-21
1,4,1,3,1,Beaufort,2022-10-27
1,3,1,2,1,Bladen,2022-10-04
1,7,1,6,1,Caldwell,2022-11-20
1,8,1,7,1,Cleveland,2022-11-16
1,5,1,4,1,Cleveland,2023-03-02
1,5,1,4,1,Haywood,2023-02-03
1,5,1,4,1,Haywood,2023-02-11
1,5,1,4,1,Hoke,2022-10-27
1,8,1,7,1,Johnston,2022-11-06
1,7,1,6,1,Johnston,2022-11-13
1,4,1,3,1,Johnston,2023-03-05
1,7,1,6,1,Lee,2023-02-10
1,3,1,2,1,Macon,2022-10-17
1,3,1,2,1,Martin,2023-01-19
1,5,1,4,1,McDowell,2022-11-04
1,7,1,6,1,Nash,2022-10-08
1,1,1,0,1,Northampton,2023-03-09
1,9,1,8,1,Onslow,2023-02-11
1,5,1,4,1,Pender,2022-10-24
1,5,1,4,1,Pender,2022-11-01
1,5,1,4,1,Rutherford,2023-01-19
1,1,1,0,1,Scotland,2022-10-22
1,7,1,6,1,Stokes,2022-11-07
1,1,1,0,1,Transylvania,2022-11-03
1,8,1,7,1,Wilkes,2023-01-15
1,5,1,4,1,Wilson,2022-11-21
1,6,1,5,1,Yadkin,2022-11-16
1,9,2,7,1,Brunswick,2022-12-25
1,2,2,0,1,Carteret,2022-11-04
1,7,2,5,1,Carteret,2022-12-10
1,2,2,0,1,Duplin,2022-11-08
1,5,2,3,1,Granville,2023-02-28
1,12,2,10,1,Henderson,2022-11-05
1,5,2,3,1,Hertford,2022-11-07
1,8,2,6,1,Lenoir,2022-11-14
1,11,2,9,1,McDowell,2022-11-08
1,8,2,6,1,McDowell,2023-01-23
1,14,2,12,1,Moore,2022-12-07
1,4,2,2,1,Pamlico,2022-12-08
1,7,2,5,1,Randolph,2022-11-19
1,8,2,6,1,Surry,2023-01-29
1,8,2,6,1,Vance,2022-09-18
1,21,2,19,1,Wake,2022-11-24
1,7,2,5,1,Wayne,2022-10-08
1,6,2,4,1,Wilson,2022-11-10
1,2,2,0,1,Yancey,2022-11-21
1,8,3,5,1,Ashe,2022-09-14
1,19,3,16,1,Cabarrus,2022-10-02
1,15,3,12,1,Chatham,2022-10-13
1,7,3,4,1,Chatham,2022-11-22
1,5,3,2,1,Columbus,2022-09-18
1,8,3,5,1,Haywood,2022-10-07
1,5,3,2,1,Haywood,2022-12-16
1,11,3,8,1,Macon,2022-12-15
1,3,3,0,1,Montgomery,2023-01-07
1,12,3,9,1,Nash,2022-12-17
1,8,3,5,1,Nash,2023-02-05
1,8,3,5,1,Pender,2023-02-13
1,9,3,6,1,Rockingham,2022-11-14
1,21,3,18,1,Rowan,2022-10-04
1,6,3,3,1,Rutherford,2022-11-07
1,6,3,3,1,Stokes,2023-01-01
1,6,3,3,1,Wilkes,2023-01-21
1,9,3,6,1,Wilson,2022-10-05
1,10,4,6,1,Carteret,2022-12-18
1,13,4,9,1,Cleveland,2022-12-03
1,7,4,3,1,Craven,2022-11-22
1,11,4,7,1,Davidson,2022-11-15
1,6,4,2,1,Haywood,2022-10-06
1,9,4,5,1,Madison,2022-09-22
1,21,4,17,1,Moore,2023-01-21
1,12,4,8,1,New Hanover,2022-10-13
1,10,4,6,1,Pasquotank,2022-12-02
1,16,4,12,1,Randolph,2022-12-25
1,4,4,0,1,Stokes,2022-11-27
1,12,4,8,1,Wayne,2022-10-01
1,13,4,9,1,Wilkes,2022-10-06
1,11,4,7,1,Wilkes,2022-10-09
1,7,4,3,1,Wilkes,2022-11-01
1,17,5,12,1,Buncombe,2022-11-20
1,14,5,9,1,Columbus,2023-01-16
1,16,5,11,1,Craven,2022-10-24
1,11,5,6,1,Haywood,2022-10-17
1,14,5,9,1,Rockingham,2023-01-08
1,12,5,7,1,Rockingham,2023-02-02
1,11,5,6,1,Rockingham,2023-03-01
1,8,5,3,1,Scotland,2022-10-13
1,6,5,1,1,Wayne,2022-10-29
1,7,6,1,1,Columbus,2022-11-14
1,16,7,9,1,Buncombe,2022-11-26
1,14,7,7,1,Craven,2022-11-07
1,29,7,22,1,Gaston,2022-12-03
1,13,7,6,1,Jackson,2022-12-30
1,14,8,6,1,Henderson,2022-11-25
1,26,8,18,1,New Hanover,2022-10-17
1,26,8,18,1,New Hanover,2023-01-07
1,14,9,5,1,Sampson,2022-09-26
1,17,10,7,1,Craven,2023-01-17
1,12,10,2,1,Haywood,2022-09-30
1,22,11,11,1,Haywood,2023-01-11
1,29,12,17,1,Henderson,2023-01-08
2,6,0,6,1,Alexander,2022-12-08
2,7,0,7,1,Beaufort,2022-12-17
2,12,0,12,1,Caldwell,2022-10-12
2,14,0,14,1,Caldwell,2022-10-15
2,23,0,23,1,Davidson,2022-09-24
2,5,0,5,1,Edgecombe,2022-09-30
2,12,0,12,1,Halifax,2023-01-13
2,2,0,2,1,Madison,2023-01-17
2,3,0,3,1,Martin,2022-12-31
2,4,0,4,1,Pender,2023-02-14
2,5,0,5,1,Person,2022-09-29
2,7,0,7,1,Richmond,2022-12-18
2,13,0,13,1,Stanly,2023-01-15
2,5,0,5,1,Vance,2022-10-17
2,5,0,5,1,Washington,2023-02-07
2,26,1,25,1,Alamance,2022-10-27
2,7,1,6,1,Alexander,2022-12-06
2,5,1,4,1,Beaufort,2022-09-29
2,4,1,3,1,Bladen,2022-12-14
2,8,1,7,1,Cleveland,2022-10-22
2,10,1,9,1,Davidson,2022-12-04
2,23,1,22,1,Edgecombe,2023-01-06
2,8,1,7,1,Halifax,2023-03-07
2,8,1,7,1,Harnett,2022-09-30
2,3,1,2,1,Hertford,2022-09-17
2,4,1,3,1,Jones,2022-10-03
2,6,1,5,1,Lincoln,2022-10-22
2,4,1,3,1,Lincoln,2022-10-29
2,6,1,5,1,McDowell,2022-10-28
2,4,1,3,1,Montgomery,2023-02-14
2,18,1,17,1,Orange,2022-09-25
2,10,1,9,1,Orange,2022-10-23
2,6,1,5,1,Pender,2022-10-18
2,3,1,2,1,Polk,2023-01-23
2,11,1,10,1,Rutherford,2022-09-23
2,3,1,2,1,Rutherford,2022-10-19
2,4,1,3,1,Rutherford,2022-10-22
2,7,1,6,1,Rutherford,2022-11-25
2,3,1,2,1,Surry,2022-11-24
2,5,1,4,1,Wayne,2022-10-15
2,12,2,10,1,Alamance,2022-10-09
2,18,2,16,1,Alamance,2022-10-21
2,17,2,15,1,Beaufort,2022-12-20
2,12,2,10,1,Brunswick,2022-11-08
2,3,2,1,1,Carteret,2022-11-02
2,12,2,10,1,Chatham,2022-12-11
2,13,2,11,1,Cleveland,2022-10-06
2,5,2,3,1,Cleveland,2022-11-20
2,19,2,17,1,Cleveland,2023-01-01
2,8,2,6,1,Cleveland,2023-01-07
2,2,2,0,1,Columbus,2022-11-04
2,7,2,5,1,Columbus,2023-01-23
2,5,2,3,1,Columbus,2023-02-11
2,7,2,5,1,Edgecombe,2022-09-29
2,17,2,15,1,Halifax,2022-09-14
2,6,2,4,1,Haywood,2023-01-15
2,7,2,5,1,Jackson,2022-10-02
2,21,2,19,1,Johnston,2022-11-25
2,13,2,11,1,Lincoln,2022-10-17
2,5,2,3,1,Montgomery,2022-10-03
2,7,2,5,1,Montgomery,2023-01-01
2,4,2,2,1,Montgomery,2023-01-08
2,5,2,3,1,Northampton,2023-02-03
2,26,2,24,1,Orange,2022-09-22
2,14,2,12,1,Orange,2022-12-25
2,4,2,2,1,Pender,2022-10-02
2,9,2,7,1,Person,2022-12-22
2,12,2,10,1,Rowan,2022-12-25
2,18,2,16,1,Rowan,2023-01-07
2,2,2,0,1,Stokes,2023-01-15
2,8,2,6,1,Wayne,2022-10-09
2,9,2,7,1,Yadkin,2022-10-13
2,6,3,3,1,Bladen,2022-12-16
2,14,3,11,1,Buncombe,2022-10-15
2,23,3,20,1,Cabarrus,2022-12-10
2,16,3,13,1,Caldwell,2022-10-05
2,6,3,3,1,Carteret,2023-01-16
2,12,3,9,1,Chatham,2022-12-26
2,6,3,3,1,Craven,2023-02-12
2,9,3,6,1,Franklin,2023-01-14
2,9,3,6,1,Granville,2022-12-11
2,6,3,3,1,Halifax,2023-02-12
2,13,3,10,1,Haywood,2023-01-07
2,17,3,14,1,Hoke,2022-11-28
2,10,3,7,1,Hoke,2023-01-31
2,9,3,6,1,Montgomery,2022-09-19
2,13,3,10,1,Moore,2022-11-08
2,18,3,15,1,New Hanover,2022-10-18
2,13,3,10,1,Pitt,2022-11-17
2,7,3,4,1,Stanly,2022-10-09
2,12,3,9,1,Union,2023-03-02
2,17,3,14,1,Yadkin,2022-10-24
2,24,4,20,1,Cabarrus,2022-10-14
2,19,4,15,1,Caldwell,2022-09-24
2,6,4,2,1,Carteret,2022-10-10
2,9,4,5,1,Craven,2022-11-25
2,13,4,9,1,Craven,2022-12-02
2,17,4,13,1,Davidson,2022-10-08
2,33,4,29,1,Gaston,2022-10-26
2,13,4,9,1,Halifax,2022-09-21
2,8,4,4,1,Harnett,2022-12-11
2,13,4,9,1,Henderson,2022-10-21
2,9,4,5,1,Lincoln,2022-10-31
2,9,4,5,1,Moore,2022-10-30
2,5,4,1,1,Moore,2022-11-26
2,12,4,8,1,Moore,2022-12-25
2,9,4,5,1,Nash,2022-10-15
2,16,4,12,1,Nash,2022-10-24
2,7,4,3,1,Rutherford,2022-11-14
2,7,4,3,1,Sampson,2022-12-01
2,5,4,1,1,Stokes,2022-10-19
2,10,4,6,1,Wilson,2023-01-08
2,8,4,4,1,Wilson,2023-03-06
2,16,5,11,1,Buncombe,2022-12-04
2,11,5,6,1,Burke,2022-09-25
2,6,5,1,1,Duplin,2022-10-19
2,11,5,6,1,Haywood,2022-12-30
2,11,5,6,1,Iredell,2022-09-24
2,9,5,4,1,McDowell,2022-10-08
2,9,5,4,1,New Hanover,2023-02-26
2,16,5,11,1,Randolph,2022-10-23
2,9,5,4,1,Rockingham,2023-02-19
2,15,5,10,1,Sampson,2022-09-27
2,31,6,25,1,Brunswick,2022-09-21
2,22,6,16,1,Brunswick,2022-12-17
2,18,6,12,1,Buncombe,2023-03-08
2,10,6,4,1,Columbus,2022-10-03
2,40,6,34,1,Mecklenburg,2022-11-24
2,8,6,2,1,Moore,2022-11-05
2,15,6,9,1,New Hanover,2023-02-12
2,21,6,15,1,Pitt,2022-09-25
2,13,6,7,1,Robeson,2022-12-04
2,10,6,4,1,Scotland,2022-09-14
2,27,7,20,1,Buncombe,2022-11-23
2,24,7,17,1,Rockingham,2022-09-14
2,7,7,0,1,Sampson,2023-01-21
2,20,8,12,1,Nash,2023-02-15
2,16,8,8,1,Wilson,2022-09-27
2,33,9,24,1,Buncombe,2022-10-10
2,15,9,6,1,Sampson,2022-09-28
2,21,10,11,1,Randolph,2023-01-30
2,16,11,5,1,Randolph,2022-11-14
2,20,12,8,1,Buncombe,2022-10-02
2,16,12,4,1,Moore,2022-10-07
2,19,12,7,1,Moore,2022-10-18
2,17,12,5,1,Wilkes,2023-01-10
2,31,16,15,1,Robeson,2022-09-28
2,38,19,19,1,Wayne,2023-01-13
3,7,0,7,1,Cleveland,2022-10-27
3,5,0,5,1,Cleveland,2022-11-04
3,15,0,15,1,Davidson,2022-11-22
3,14,0,14,1,Forsyth,2022-11-24
3,12,0,12,1,Montgomery,2022-11-16
3,10,0,10,1,Onslow,2022-11-03
3,8,0,8,1,Rowan,2023-03-01
3,14,0,14,1,Stanly,2022-12-31
3,14,1,13,1,Alamance,2022-11-08
3,11,1,10,1,Alamance,2023-02-18
3,7,1,6,1,Davidson,2022-11-12
3,37,1,36,1,Durham,2022-10-02
3,7,1,6,1,Halifax,2022-11-03
3,12,1,11,1,Harnett,2022-11-26
3,14,1,13,1,McDowell,2022-10-03
3,8,1,7,1,Rockingham,2022-10-09
3,11,1,10,1,Rowan,2022-11-27
3,13,1,12,1,Stokes,2022-12-09
3,17,1,16,1,Surry,2022-10-26
3,5,1,4,1,Vance,2023-01-27
3,5,1,4,1,Washington,2023-01-05
3,8,2,6,1,Anson,2022-12-20
3,15,2,13,1,Brunswick,2022-12-11
3,12,2,10,1,Cabarrus,2022-11-13
3,13,2,11,1,Catawba,2022-10-01
3,19,2,17,1,Craven,2023-01-10
3,17,2,15,1,Davidson,2022-11-17
3,12,2,10,1,Harnett,2022-11-21
3,15,2,13,1,Harnett,2023-01-14
3,11,2,9,1,Haywood,2022-10-02
3,5,2,3,1,Haywood,2023-01-08
3,11,2,9,1,Nash,2022-12-08
3,12,2,10,1,Orange,2022-09-17
3,10,2,8,1,Richmond,2022-09-23
3,4,2,2,1,Rutherford,2022-11-15
3,7,2,5,1,Stokes,2023-01-11
3,7,2,5,1,Surry,2023-02-05
3,5,3,2,1,Bladen,2022-11-08
3,11,3,8,1,Brunswick,2022-10-21
3,15,3,12,1,Caldwell,2022-11-30
3,12,3,9,1,Moore,2022-11-21
3,29,3,26,1,Onslow,2022-09-22
3,12,3,9,1,Rowan,2022-11-18
3,11,3,8,1,Rowan,2023-03-06
3,8,3,5,1,Surry,2023-01-22
3,4,4,0,1,Ashe,2022-11-06
3,18,4,14,1,Caldwell,2023-02-07
3,19,4,15,1,Cleveland,2023-01-10
3,9,4,5,1,Columbus,2023-02-15
3,35,4,31,1,Forsyth,2022-10-29
3,21,4,17,1,Forsyth,2022-11-06
3,6,4,2,1,Montgomery,2023-01-09
3,8,4,4,1,Nash,2022-10-19
3,18,4,14,1,Nash,2023-01-08
3,39,4,35,1,Orange,2022-12-15
3,18,4,14,1,Pender,2023-01-24
3,10,4,6,1,Randolph,2022-11-05
3,13,4,9,1,Rutherford,2022-09-16
3,21,4,17,1,Union,2022-10-09
3,10,4,6,1,Washington,2022-12-30
3,12,4,8,1,Wilson,2023-02-27
3,16,4,12,1,Yadkin,2022-09-23
3,30,5,25,1,Brunswick,2022-12-06
3,19,5,14,1,Craven,2022-12-16
3,14,5,9,1,Craven,2023-01-18
3,19,5,14,1,Davidson,2022-10-16
3,7,5,2,1,Davie,2022-11-22
3,22,5,17,1,Onslow,2022-09-18
3,22,5,17,1,Onslow,2022-12-09
3,14,5,9,1,Onslow,2023-01-28
3,13,5,8,1,Randolph,2022-10-21
3,9,5,4,1,Robeson,2022-11-17
3,15,5,10,1,Rockingham,2023-01-22
3,8,5,3,1,Rowan,2022-10-16
3,8,5,3,1,Wilkes,2022-11-14
3,23,6,17,1,Buncombe,2022-11-05
3,37,6,31,1,Burke,2022-12-28
3,12,6,6,1,Cleveland,2022-12-10
3,19,6,13,1,Craven,2023-01-24
3,25,6,19,1,Guilford,2023-03-08
3,9,6,3,1,Haywood,2023-02-06
3,10,6,4,1,Sampson,2022-10-10
3,13,6,7,1,Surry,2022-10-13
3,13,7,6,1,Catawba,2023-02-22
3,18,7,11,1,Chatham,2022-09-19
3,32,7,25,1,Davidson,2022-09-29
3,22,7,15,1,Gaston,2022-10-13
3,30,7,23,1,Henderson,2022-11-09
3,22,7,15,1,New Hanover,2022-10-04
3,18,7,11,1,Robeson,2023-01-20
3,18,7,11,1,Rockingham,2022-12-13
3,14,7,7,1,Wilkes,2022-11-28
3,23,8,15,1,Buncombe,2022-11-10
3,12,8,4,1,Duplin,2022-09-14
3,20,8,12,1,Harnett,2022-12-25
3,25,8,17,1,Moore,2022-09-29
3,17,8,9,1,Randolph,2022-10-11
3,39,9,30,1,Brunswick,2022-09-16
3,27,9,18,1,Davidson,2022-10-04
3,14,9,5,1,Iredell,2023-03-06
3,20,9,11,1,New Hanover,2022-12-05
3,19,9,10,1,Randolph,2023-01-13
3,24,9,15,1,Union,2022-10-16
3,14,9,5,1,Wayne,2023-03-10
3,22,10,12,1,Davidson,2023-03-01
3,17,10,7,1,Randolph,2022-10-15
3,28,11,17,1,Buncombe,2022-10-31
3,18,11,7,1,Lincoln,2022-10-14
3,43,12,31,1,Cabarrus,2022-09-22
3,19,13,6,1,Haywood,2022-09-26
3,34,13,21,1,Iredell,2023-02-10
3,49,14,35,1,Buncombe,2022-09-20
3,32,14,18,1,Craven,2022-12-26
3,27,15,12,1,Iredell,2022-11-02
3,24,15,9,1,Iredell,2023-01-08
3,35,16,19,1,Buncombe,2022-11-15
3,39,18,21,1,Columbus,2023-01-03
4,17,0,17,1,Cleveland,2022-09-18
4,27,0,27,1,Edgecombe,2022-12-27
4,7,0,7,1,Hertford,2023-01-02
4,12,0,12,1,Nash,2022-10-21
4,13,1,12,1,Cabarrus,2022-10-09
4,51,1,50,1,Durham,2022-09-18
4,30,1,29,1,Durham,2022-09-25
4,21,1,20,1,Edgecombe,2023-01-05
4,22,1,21,1,Forsyth,2022-10-02
4,14,1,13,1,Harnett,2022-11-17
4,18,1,17,1,Orange,2022-11-01
4,17,1,16,1,Orange,2022-12-24
4,6,1,5,1,Yadkin,2023-02-10
4,13,2,11,1,Burke,2022-12-17
4,23,2,21,1,Edgecombe,2022-09-19
4,19,2,17,1,Johnston,2022-11-16
4,12,2,10,1,Moore,2022-11-29
4,10,2,8,1,Onslow,2022-12-11
4,12,2,10,1,Surry,2022-10-04
4,14,2,12,1,Surry,2022-11-08
4,9,2,7,1,Vance,2023-01-18
4,24,3,21,1,Alamance,2022-10-25
4,12,3,9,1,Alamance,2022-10-29
4,41,3,38,1,Brunswick,2022-09-26
4,14,3,11,1,Cleveland,2023-02-10
4,6,3,3,1,Columbus,2022-11-10
4,23,3,20,1,Columbus,2022-12-29
4,27,3,24,1,Johnston,2022-11-08
4,9,3,6,1,Montgomery,2022-12-23
4,12,3,9,1,Rowan,2023-03-03
4,9,3,6,1,Rutherford,2022-09-25
4,15,3,12,1,Surry,2022-12-11
4,26,3,23,1,Union,2022-10-04
4,36,4,32,1,Brunswick,2022-09-13
4,24,4,20,1,Gaston,2023-02-10
4,7,4,3,1,Harnett,2022-11-20
4,12,4,8,1,Lee,2022-09-25
4,6,4,2,1,Macon,2023-01-04
4,10,4,6,1,Richmond,2023-02-09
4,20,4,16,1,Rowan,2022-12-02
4,6,4,2,1,Scotland,2023-03-05
4,14,4,10,1,Stokes,2022-10-13
4,19,5,14,1,Alamance,2022-10-14
4,26,5,21,1,Alamance,2022-11-03
4,10,5,5,1,Beaufort,2022-12-14
4,27,5,22,1,Gaston,2022-10-17
4,23,5,18,1,Henderson,2022-09-27
4,20,5,15,1,Henderson,2022-11-01
4,13,5,8,1,McDowell,2022-12-21
4,16,5,11,1,Nash,2023-01-01
4,14,5,9,1,Richmond,2022-12-17
4,11,5,6,1,Robeson,2022-10-08
4,15,5,10,1,Union,2022-11-19
4,22,6,16,1,Catawba,2022-10-15
4,35,6,29,1,Cumberland,2022-09-24
4,17,6,11,1,Davidson,2022-10-20
4,20,6,14,1,Davidson,2022-11-27
4,17,6,11,1,Davie,2022-09-22
4,21,6,15,1,Harnett,2023-02-01
4,22,6,16,1,Henderson,2022-10-24
4,22,6,16,1,Iredell,2023-02-05
4,28,6,22,1,Johnston,2022-11-27
4,22,6,16,1,Moore,2022-09-28
4,30,6,24,1,Moore,2022-10-06
4,29,6,23,1,Onslow,2022-10-03
4,22,6,16,1,Surry,2022-12-31
4,34,7,27,1,Brunswick,2022-09-15
4,13,7,6,1,Buncombe,2023-01-28
4,17,7,10,1,Burke,2022-11-02
4,10,7,3,1,Catawba,2023-01-28
4,12,7,5,1,Jones,2023-01-03
4,55,7,48,1,Wake,2022-11-13
4,18,7,11,1,Wilson,2022-09-28
4,12,7,5,1,Wilson,2022-12-17
4,19,8,11,1,Buncombe,2023-01-14
4,15,8,7,1,Cleveland,2022-10-20
4,24,8,16,1,Moore,2022-12-18
4,14,8,6,1,Wilkes,2023-01-07
4,28,9,19,1,Buncombe,2023-02-22
4,18,9,9,1,Catawba,2022-11-22
4,44,9,35,1,Guilford,2022-10-21
4,18,9,9,1,Wilson,2023-01-18
4,20,10,10,1,Buncombe,2023-02-04
4,33,10,23,1,Cumberland,2022-11-04
4,37,10,27,1,Guilford,2023-02-18
4,35,10,25,1,Pitt,2022-09-17
4,37,11,26,1,Cumberland,2022-09-25
4,24,11,13,1,Union,2022-11-26
4,35,12,23,1,Buncombe,2022-11-04
4,32,12,20,1,Caldwell,2022-12-09
4,19,12,7,1,Catawba,2022-10-08
4,60,12,48,1,Forsyth,2022-10-31
4,22,12,10,1,New Hanover,2022-12-02
4,23,12,11,1,Surry,2022-10-03
4,23,13,10,1,Surry,2022-09-26
4,40,15,25,1,Buncombe,2022-10-27
4,34,15,19,1,Henderson,2022-09-14
4,27,16,11,1,Wilkes,2023-01-06
4,47,17,30,1,Buncombe,2022-10-24
4,24,18,6,1,Randolph,2023-01-18
4,35,19,16,1,Wilson,2022-12-20
4,30,20,10,1,Iredell,2022-10-13
4,25,20,5,1,Randolph,2022-10-05
5,15,0,15,1,Burke,2022-10-19
5,48,1,47,1,Durham,2022-10-05
5,33,1,32,1,Onslow,2023-01-11
5,26,2,24,1,Stanly,2022-12-30
5,24,3,21,1,Cleveland,2022-12-31
5,16,3,13,1,Cleveland,2023-01-12
5,24,3,21,1,Cumberland,2022-10-29
5,22,3,19,1,McDowell,2022-09-19
5,27,3,24,1,Union,2023-02-16
5,21,3,18,1,Yadkin,2022-09-27
5,32,4,28,1,Brunswick,2023-01-13
5,40,4,36,1,Cabarrus,2022-11-30
5,33,4,29,1,Forsyth,2022-10-09
5,24,4,20,1,Gaston,2022-09-18
5,25,4,21,1,Guilford,2023-03-05
5,15,4,11,1,Harnett,2023-02-17
5,21,4,17,1,Haywood,2022-11-17
5,19,4,15,1,Johnston,2023-01-28
5,12,4,8,1,Lincoln,2022-09-30
5,16,4,12,1,Lincoln,2022-12-07
5,17,4,13,1,New Hanover,2023-02-21
5,13,4,9,1,Surry,2023-02-02
5,27,5,22,1,Alamance,2023-01-15
5,21,5,16,1,Beaufort,2022-09-14
5,20,5,15,1,Burke,2022-11-29
5,24,5,19,1,Cabarrus,2022-10-07
5,19,5,14,1,Nash,2022-09-29
5,42,5,37,1,New Hanover,2022-09-26
5,16,5,11,1,Robeson,2022-10-19
5,19,5,14,1,Rowan,2022-11-22
5,15,5,10,1,Rutherford,2022-12-23
5,23,6,17,1,Alamance,2022-10-20
5,17,6,11,1,Catawba,2023-02-12
5,18,6,12,1,Craven,2023-01-25
5,37,6,31,1,Cumberland,2022-10-07
5,20,6,14,1,Duplin,2022-12-30
5,42,6,36,1,Durham,2022-12-24
5,25,6,19,1,Lee,2022-12-20
5,21,6,15,1,Robeson,2023-01-31
5,36,7,29,1,Brunswick,2022-12-31
5,16,7,9,1,Craven,2022-10-04
5,36,7,29,1,Cumberland,2022-10-20
5,30,7,23,1,Gaston,2022-10-31
5,50,7,43,1,Guilford,2022-11-26
5,13,7,6,1,Haywood,2023-01-10
5,18,7,11,1,Nash,2023-01-16
5,18,7,11,1,Randolph,2022-11-08
5,26,8,18,1,Buncombe,2023-02-15
5,40,8,32,1,Onslow,2022-09-20
5,21,8,13,1,Robeson,2023-01-07
5,30,9,21,1,Forsyth,2022-10-01
5,16,9,7,1,Halifax,2023-02-09
5,32,9,23,1,Johnston,2022-09-29
5,24,9,15,1,Johnston,2023-01-14
5,19,9,10,1,Nash,2022-12-06
5,13,9,4,1,Wilkes,2022-10-25
5,19,10,9,1,Catawba,2023-01-16
5,25,10,15,1,Craven,2022-12-31
5,23,10,13,1,Nash,2023-01-25
5,29,10,19,1,New Hanover,2022-11-29
5,23,11,12,1,Catawba,2022-11-21
5,21,11,10,1,Henderson,2023-01-27
5,33,11,22,1,Moore,2022-12-21
5,28,11,17,1,Rowan,2022-11-21
5,20,11,9,1,Surry,2023-02-21
5,19,12,7,1,Iredell,2023-01-29
5,30,13,17,1,New Hanover,2023-01-17
5,28,16,12,1,Henderson,2022-11-06
5,38,20,18,1,Randolph,2022-09-21
5,24,20,4,1,Wayne,2022-11-01
5,30,20,10,1,Wayne,2023-01-25
6,14,0,14,1,Stanly,2022-10-05
6,19,0,19,1,Union,2023-03-07
6,17,1,16,1,Rowan,2022-10-11
6,25,2,23,1,Alamance,2022-11-09
6,26,2,24,1,Alamance,2022-11-18
6,19,2,17,1,Brunswick,2022-10-17
6,27,2,25,1,Caldwell,2022-09-18
6,23,2,21,1,Stanly,2023-01-10
6,27,3,24,1,Burke,2022-12-02
6,30,3,27,1,Forsyth,2022-11-16
6,29,3,26,1,Forsyth,2023-02-18
6,44,3,41,1,Onslow,2022-12-27
6,25,3,22,1,Rowan,2022-11-02
6,40,4,36,1,Forsyth,2022-10-23
6,27,4,23,1,Moore,2023-01-06
6,18,4,14,1,Surry,2023-01-11
6,12,4,8,1,Yadkin,2022-12-13
6,45,5,40,1,Cabarrus,2022-12-02
6,32,5,27,1,Gaston,2022-09-23
6,20,5,15,1,Halifax,2023-01-24
6,26,5,21,1,Harnett,2023-01-13
6,17,5,12,1,Henderson,2022-12-01
6,35,5,30,1,Rowan,2022-12-21
6,17,5,12,1,Rowan,2022-12-24
6,21,6,15,1,Alamance,2022-12-03
6,27,6,21,1,Caldwell,2023-02-08
6,38,7,31,1,Burke,2022-12-21
6,30,7,23,1,Caldwell,2022-12-05
6,28,7,21,1,Forsyth,2023-02-25
6,18,7,11,1,Haywood,2022-11-14
6,29,7,22,1,Johnston,2023-02-01
6,15,7,8,1,Robeson,2023-01-28
6,30,8,22,1,Cumberland,2022-12-25
6,26,8,18,1,Davidson,2022-10-25
6,27,8,19,1,Iredell,2022-12-16
6,29,8,21,1,Pitt,2022-11-03
6,21,8,13,1,Rockingham,2023-01-02
6,18,9,9,1,Catawba,2022-09-25
6,19,9,10,1,Craven,2022-11-29
6,38,9,29,1,Harnett,2022-09-20
6,34,10,24,1,Henderson,2023-01-11
6,29,10,19,1,Rockingham,2022-12-19
6,46,11,35,1,Cabarrus,2022-12-08
6,33,11,22,1,Guilford,2023-03-07
6,34,11,23,1,Lincoln,2022-09-19
6,22,11,11,1,Nash,2022-10-17
6,22,11,11,1,Nash,2023-02-02
6,43,12,31,1,Buncombe,2022-10-05
6,21,12,9,1,Buncombe,2023-01-21
6,54,12,42,1,Guilford,2022-11-10
6,42,12,30,1,Harnett,2022-09-16
6,21,12,9,1,Wayne,2022-11-08
6,22,14,8,1,Craven,2023-02-07
6,43,15,28,1,Buncombe,2023-01-12
6,31,16,15,1,Buncombe,2022-10-18
6,42,16,26,1,Cumberland,2022-10-12
6,32,16,16,1,Robeson,2023-01-26
6,32,17,15,1,Catawba,2022-10-13
6,41,17,24,1,New Hanover,2023-01-16
6,20,17,3,1,Wilson,2023-02-15
6,37,18,19,1,Henderson,2023-01-09
6,65,22,43,1,Buncombe,2022-09-19
6,56,22,34,1,Guilford,2022-10-19
6,46,24,22,1,Buncombe,2022-11-28
6,38,25,13,1,Wilkes,2023-01-04
7,22,1,21,1,Gaston,2022-11-07
7,25,2,23,1,Durham,2022-10-22
7,68,2,66,1,Durham,2022-11-28
7,41,2,39,1,Union,2023-01-01
7,19,3,16,1,Alamance,2023-01-08
7,17,3,14,1,Davidson,2022-11-08
7,15,3,12,1,Lenoir,2022-12-13
7,32,4,28,1,Cleveland,2022-09-13
7,43,4,39,1,Forsyth,2022-10-20
7,13,4,9,1,Robeson,2023-02-27
7,29,5,24,1,Alamance,2022-09-30
7,22,5,17,1,Cabarrus,2022-11-14
7,37,5,32,1,Caldwell,2022-09-27
7,48,5,43,1,Forsyth,2022-11-04
7,29,6,23,1,Union,2023-02-28
7,42,7,35,1,Guilford,2022-12-25
7,42,7,35,1,Orange,2022-12-28
7,30,8,22,1,Bladen,2023-01-03
7,36,8,28,1,Brunswick,2023-01-09
7,31,8,23,1,Cleveland,2022-12-07
7,35,8,27,1,Granville,2022-12-30
7,27,8,19,1,Guilford,2023-03-09
7,25,8,17,1,Nash,2023-01-31
7,61,9,52,1,Mecklenburg,2022-11-20
7,32,10,22,1,Burke,2022-12-30
7,27,10,17,1,Henderson,2022-09-23
7,46,11,35,1,Guilford,2022-10-28
7,23,11,12,1,Nash,2022-12-16
7,29,12,17,1,Randolph,2022-09-28
7,29,12,17,1,Surry,2022-12-17
7,44,13,31,1,Rowan,2023-01-16
7,40,14,26,1,Iredell,2022-09-22
7,20,14,6,1,Montgomery,2022-12-26
7,19,15,4,1,Alexander,2023-01-16
7,28,15,13,1,Catawba,2023-02-28
7,37,15,22,1,Robeson,2022-09-23
7,40,16,24,1,Buncombe,2023-02-06
7,38,18,20,1,Wayne,2022-12-23
7,46,19,27,1,Iredell,2022-12-17
7,54,20,34,1,Buncombe,2022-09-21
7,42,22,20,1,Catawba,2022-10-26
7,42,25,17,1,Wayne,2022-09-22
7,49,30,19,1,Catawba,2022-12-16
7,61,37,24,1,Iredell,2022-09-14
8,30,2,28,1,Forsyth,2022-10-15
8,28,3,25,1,Durham,2023-03-06
8,23,4,19,1,Cabarrus,2022-12-25
8,21,4,17,1,Edgecombe,2022-12-30
8,63,4,59,1,Mecklenburg,2022-11-13
8,63,5,58,1,Onslow,2023-01-09
8,42,7,35,1,Cabarrus,2022-12-06
8,31,7,24,1,Union,2022-11-27
8,39,8,31,1,Alamance,2022-12-05
8,75,8,67,1,Forsyth,2022-11-21
8,46,8,38,1,New Hanover,2022-09-14
8,16,8,8,1,Wilson,2023-02-08
8,43,9,34,1,Alamance,2022-12-01
8,17,9,8,1,Alexander,2023-01-09
8,38,10,28,1,Cabarrus,2022-10-17
8,48,10,38,1,Cumberland,2022-10-25
8,19,10,9,1,Randolph,2022-10-31
8,23,10,13,1,Surry,2022-12-24
8,37,10,27,1,Union,2023-02-20
8,46,12,34,1,Cabarrus,2022-12-01
8,47,14,33,1,Alamance,2022-11-29
8,32,15,17,1,Iredell,2022-10-31
8,30,15,15,1,Randolph,2022-12-02
8,26,16,10,1,Robeson,2022-12-17
8,27,16,11,1,Wayne,2023-02-02
8,39,19,20,1,Iredell,2022-12-31
8,51,20,31,1,Moore,2022-09-19
8,61,25,36,1,Buncombe,2023-01-11
8,37,26,11,1,Catawba,2023-01-31
8,51,26,25,1,Henderson,2023-01-02
8,37,30,7,1,Wayne,2022-09-28
9,35,1,34,1,Davidson,2022-11-29
9,86,4,82,1,Durham,2022-09-21
9,43,4,39,1,Orange,2022-12-13
9,23,4,19,1,Union,2022-11-01
9,28,5,23,1,Alamance,2022-11-04
9,37,6,31,1,Alamance,2023-01-23
9,19,6,13,1,Catawba,2023-02-17
9,31,6,25,1,Davidson,2023-01-31
9,37,7,30,1,Davidson,2022-12-06
9,51,7,44,1,Forsyth,2022-12-25
9,34,8,26,1,Burke,2022-12-14
9,41,8,33,1,Cumberland,2022-10-14
9,43,8,35,1,Davidson,2022-09-22
9,61,8,53,1,Forsyth,2022-10-11
9,46,8,38,1,Forsyth,2022-11-09
9,44,8,36,1,Forsyth,2022-11-10
9,31,8,23,1,Gaston,2023-01-25
9,31,9,22,1,Brunswick,2023-01-18
9,52,9,43,1,Guilford,2022-10-27
9,28,9,19,1,Union,2023-02-22
9,39,10,29,1,Gaston,2023-01-07
9,25,10,15,1,Yadkin,2023-01-04
9,25,11,14,1,Catawba,2023-01-01
9,74,11,63,1,Forsyth,2022-10-12
9,49,11,38,1,Johnston,2022-09-27
9,36,11,25,1,Nash,2023-01-05
9,42,12,30,1,Alamance,2022-11-02
9,40,12,28,1,Burke,2022-12-27
9,47,12,35,1,Forsyth,2022-11-17
9,51,12,39,1,Harnett,2022-09-14
9,46,13,33,1,Davidson,2023-01-17
9,46,13,33,1,Guilford,2023-03-02
9,55,14,41,1,Alamance,2023-01-02
9,62,14,48,1,Guilford,2022-10-25
9,21,14,7,1,Wilson,2023-01-25
9,27,15,12,1,Buncombe,2022-11-27
9,40,16,24,1,Stokes,2022-12-22
9,92,16,76,1,Wake,2022-09-30
9,56,17,39,1,Durham,2022-10-26
9,50,18,32,1,Guilford,2023-02-27
9,44,19,25,1,Buncombe,2022-10-04
9,31,19,12,1,Carteret,2023-01-02
9,91,20,71,1,Cumberland,2022-09-27
9,56,20,36,1,Cumberland,2022-12-24
9,49,21,28,1,Buncombe,2023-01-30
9,75,21,54,1,Guilford,2022-10-04
9,57,26,31,1,Iredell,2022-12-06
10,23,3,20,1,Stokes,2022-12-05
10,30,4,26,1,Davidson,2022-10-07
10,34,5,29,1,Davidson,2022-12-24
10,24,6,18,1,Harnett,2023-02-09
10,39,7,32,1,Davidson,2022-12-31
10,67,7,60,1,Guilford,2022-11-07
10,63,7,56,1,Wake,2022-10-30
10,47,8,39,1,Davidson,2022-11-28
10,50,8,42,1,Union,2022-11-29
10,18,9,9,1,Randolph,2022-11-22
10,29,10,19,1,Cabarrus,2023-01-21
10,49,10,39,1,Onslow,2022-12-12
10,36,11,25,1,Henderson,2022-09-20
10,59,11,48,1,Johnston,2022-09-23
10,53,11,42,1,Johnston,2022-12-20
10,57,12,45,1,Cabarrus,2022-12-13
10,58,12,46,1,Pitt,2022-09-21
10,74,12,62,1,Wake,2022-12-25
10,44,13,31,1,Guilford,2022-11-11
10,23,14,9,1,Iredell,2023-02-23
10,44,14,30,1,Surry,2022-12-30
10,60,15,45,1,Davidson,2023-01-04
10,59,15,44,1,Guilford,2022-11-09
10,79,15,64,1,Wake,2022-09-25
10,38,17,21,1,Cleveland,2022-12-26
10,86,17,69,1,Cumberland,2022-09-21
10,64,18,46,1,Alamance,2022-12-30
10,37,18,19,1,Catawba,2022-12-09
10,43,18,25,1,Iredell,2022-12-23
10,38,19,19,1,Randolph,2022-09-22
10,52,20,32,1,Gaston,2023-02-06
10,30,20,10,1,Iredell,2022-11-22
10,43,20,23,1,Surry,2022-12-21
10,40,23,17,1,Iredell,2023-01-11
10,36,23,13,1,Iredell,2023-02-15
10,62,25,37,1,Buncombe,2023-01-06
10,43,25,18,1,Randolph,2022-12-19
10,75,26,49,1,Guilford,2022-12-10
10,50,27,23,1,Randolph,2022-12-06
11,27,7,20,1,Duplin,2022-12-28
11,22,7,15,1,Rutherford,2023-01-16
11,28,8,20,1,Catawba,2022-09-17
11,63,8,55,1,Pitt,2022-09-19
11,52,9,43,1,Cumberland,2022-12-02
11,36,9,27,1,Nash,2022-12-30
11,46,10,36,1,Gaston,2023-01-10
11,40,12,28,1,Gaston,2023-01-13
11,38,12,26,1,Nash,2023-01-04
11,42,14,28,1,Guilford,2023-03-06
11,51,18,33,1,Buncombe,2023-01-18
11,56,18,38,1,Davidson,2022-09-26
11,22,18,4,1,Wilkes,2022-12-01
11,28,20,8,1,Catawba,2023-02-03
11,69,20,49,1,Guilford,2023-01-08
11,45,20,25,1,Iredell,2022-10-10
11,46,21,25,1,Buncombe,2022-11-22
11,54,24,30,1,Catawba,2023-01-05
11,113,25,88,1,Cumberland,2022-09-13
11,54,28,26,1,Buncombe,2022-12-22
11,62,30,32,1,Buncombe,2022-12-05
11,109,30,79,1,Guilford,2022-09-27
11,62,40,22,1,Iredell,2023-01-02
12,25,3,22,1,Alamance,2022-11-23
12,42,7,35,1,Alamance,2022-11-30
12,42,7,35,1,Cabarrus,2023-01-30
12,94,8,86,1,Wake,2022-11-17
12,56,9,47,1,Union,2023-01-11
12,50,10,40,1,Cabarrus,2023-01-19
12,74,10,64,1,Forsyth,2022-09-17
12,37,11,26,1,Gaston,2022-11-28
12,94,12,82,1,Cumberland,2022-09-14
12,69,13,56,1,Johnston,2022-09-19
12,75,14,61,1,Forsyth,2022-10-17
12,24,15,9,1,Wilkes,2022-12-16
12,24,18,6,1,Wilson,2023-01-11
12,81,19,62,1,Forsyth,2022-10-03
12,34,19,15,1,Iredell,2022-10-03
12,54,19,35,1,Surry,2022-12-28
12,52,20,32,1,Robeson,2022-09-19
12,82,24,58,1,Guilford,2022-12-11
12,50,33,17,1,Catawba,2022-10-10
12,115,33,82,1,Cumberland,2023-01-06
12,72,40,32,1,Buncombe,2022-12-21
13,43,1,42,1,Union,2022-09-28
13,33,3,30,1,Gaston,2023-01-23
13,51,5,46,1,Cleveland,2023-01-03
13,65,6,59,1,Guilford,2022-09-25
13,41,8,33,1,Alamance,2023-01-24
13,38,9,29,1,Gaston,2022-09-20
13,50,9,41,1,Guilford,2022-10-26
13,83,10,73,1,Alamance,2022-12-21
13,81,10,71,1,Mecklenburg,2022-11-12
13,61,12,49,1,Union,2022-11-30
13,57,13,44,1,Cabarrus,2023-01-18
13,31,13,18,1,Robeson,2022-12-26
13,24,13,11,1,Robeson,2023-02-15
13,76,13,63,1,Union,2022-09-13
13,62,15,47,1,Forsyth,2022-11-14
13,68,15,53,1,Gaston,2022-12-13
13,54,17,37,1,Gaston,2022-12-31
13,51,19,32,1,Gaston,2023-01-30
13,83,24,59,1,Forsyth,2022-12-24
13,110,24,86,1,Guilford,2022-09-28
13,44,25,19,1,Randolph,2022-12-23
13,47,28,19,1,Wayne,2022-12-16
13,90,29,61,1,Guilford,2023-01-13
14,64,7,57,1,Onslow,2022-12-29
14,72,7,65,1,Wake,2022-11-05
14,58,10,48,1,Caldwell,2022-09-14
14,84,12,72,1,Forsyth,2022-10-04
14,50,14,36,1,Cabarrus,2023-01-25
14,55,14,41,1,Caldwell,2022-09-16
14,65,15,50,1,Mecklenburg,2023-03-02
14,57,15,42,1,Rowan,2023-01-09
14,68,17,51,1,Forsyth,2022-12-17
14,126,20,106,1,Cumberland,2022-09-20
14,134,23,111,1,Mecklenburg,2022-09-17
14,74,25,49,1,New Hanover,2023-01-02
14,74,26,48,1,Alamance,2023-01-10
14,51,28,23,1,Iredell,2022-12-07
14,58,33,25,1,Iredell,2022-12-30
14,88,37,51,1,Buncombe,2022-12-29
15,111,6,105,1,Durham,2022-09-14
15,61,6,55,1,Gaston,2022-09-15
15,65,11,54,1,Forsyth,2022-11-02
15,58,17,41,1,Forsyth,2023-01-21
15,99,19,80,1,Cumberland,2022-12-06
15,107,19,88,1,Forsyth,2022-09-27
15,70,22,48,1,Guilford,2023-02-17
15,48,23,25,1,Surry,2022-12-20
15,130,28,102,1,Wake,2022-10-11
15,106,30,76,1,Guilford,2022-09-23
16,48,11,37,1,Gaston,2022-11-29
16,125,11,114,1,Mecklenburg,2022-09-24
16,78,12,66,1,Forsyth,2022-10-05
16,95,17,78,1,Forsyth,2022-09-23
16,81,22,59,1,Mecklenburg,2023-02-18
16,64,26,38,1,Iredell,2022-12-22
16,62,26,36,1,Rowan,2022-12-19
16,57,29,28,1,Rowan,2022-12-26
16,88,31,57,1,Davidson,2022-09-19
16,120,36,84,1,Guilford,2022-12-09
17,65,10,55,1,Forsyth,2023-02-08
17,59,13,46,1,Davidson,2022-12-14
17,48,17,31,1,Caldwell,2022-12-19
17,96,17,79,1,Cumberland,2022-09-22
17,40,17,23,1,Rowan,2022-12-15
17,103,19,84,1,Cabarrus,2022-12-30
17,85,21,64,1,Guilford,2023-02-09
17,100,25,75,1,Johnston,2023-01-04
17,109,28,81,1,Guilford,2023-01-11
18,107,9,98,1,Wake,2022-10-28
18,61,18,43,1,Johnston,2023-01-10
18,90,18,72,1,Union,2023-01-03
18,43,24,19,1,Catawba,2023-02-06
18,99,28,71,1,Forsyth,2022-12-05
18,93,29,64,1,Guilford,2023-02-08
18,62,29,33,1,Wayne,2022-12-19
18,96,33,63,1,Forsyth,2023-01-26
18,86,36,50,1,Buncombe,2023-01-04
18,69,43,26,1,Robeson,2022-12-28
18,74,49,25,1,Iredell,2022-12-26
19,106,14,92,1,Mecklenburg,2022-11-11
19,95,15,80,1,Forsyth,2022-12-09
19,74,19,55,1,Gaston,2022-12-08
19,242,21,221,1,Wake,2022-09-19
19,108,22,86,1,Guilford,2022-11-29
19,90,24,66,1,Cabarrus,2022-12-27
19,120,24,96,1,Wake,2022-12-04
19,101,25,76,1,Durham,2022-12-26
19,89,26,63,1,Cabarrus,2023-01-03
19,92,27,65,1,Gaston,2022-12-22
19,73,38,35,1,Iredell,2022-12-19
20,91,8,83,1,Durham,2023-01-10
20,75,13,62,1,Alamance,2022-12-12
20,122,16,106,1,Mecklenburg,2022-11-26
20,143,20,123,1,Wake,2022-11-01
20,91,24,67,1,Mecklenburg,2023-03-01
20,82,26,56,1,New Hanover,2022-12-28
20,93,27,66,1,Gaston,2023-01-02
20,120,29,91,1,Mecklenburg,2022-12-25
20,137,37,100,1,Forsyth,2022-09-16
20,67,38,29,1,Catawba,2022-12-20
21,120,17,103,1,Mecklenburg,2022-11-01
21,103,23,80,1,Forsyth,2023-02-07
21,144,28,116,1,Mecklenburg,2022-10-28
21,40,30,10,1,Robeson,2022-11-29
22,93,21,72,1,Forsyth,2022-09-28
22,106,22,84,1,Forsyth,2022-12-16
22,143,25,118,1,Guilford,2022-09-26
22,151,26,125,1,Mecklenburg,2022-10-10
22,73,27,46,1,Buncombe,2023-01-05
22,159,29,130,1,Guilford,2022-09-14
22,164,31,133,1,Mecklenburg,2022-10-25
23,121,13,108,1,Wake,2022-10-10
23,121,14,107,1,Mecklenburg,2022-11-17
23,143,21,122,1,Durham,2022-12-29
23,90,22,68,1,Forsyth,2023-01-20
23,159,23,136,1,Wake,2022-10-24
23,185,25,160,1,Wake,2022-09-28
24,90,15,75,1,Alamance,2022-09-14
24,92,20,72,1,Guilford,2023-01-07
24,151,21,130,1,Mecklenburg,2022-11-23
24,124,23,101,1,Mecklenburg,2023-01-28
24,110,27,83,1,Forsyth,2022-09-26
24,97,31,66,1,Johnston,2022-12-30
24,125,40,85,1,Forsyth,2023-01-24
24,70,41,29,1,Iredell,2023-01-05
25,127,13,114,1,Durham,2022-12-30
25,175,18,157,1,Mecklenburg,2022-10-05
25,136,25,111,1,Wake,2023-02-03
25,141,27,114,1,Cumberland,2022-09-19
25,109,31,78,1,Forsyth,2023-01-16
25,104,44,60,1,Cabarrus,2022-12-28
26,134,12,122,1,Mecklenburg,2022-11-15
26,142,25,117,1,Durham,2022-12-19
26,133,31,102,1,Guilford,2023-01-18
26,177,35,142,1,Forsyth,2022-12-19
26,224,41,183,1,Wake,2022-09-15
27,118,32,86,1,Guilford,2022-12-31
28,142,32,110,1,Mecklenburg,2023-01-21
28,126,33,93,1,Guilford,2022-12-08
28,194,40,154,1,Mecklenburg,2022-11-21
28,209,46,163,1,Mecklenburg,2022-12-18
29,146,37,109,1,Mecklenburg,2023-02-03
29,161,40,121,1,Mecklenburg,2022-12-10
29,182,47,135,1,Forsyth,2022-09-19
30,142,23,119,1,Mecklenburg,2022-11-25
30,111,27,84,1,Johnston,2022-12-29
30,141,35,106,1,Guilford,2022-11-28
30,190,35,155,1,Mecklenburg,2022-09-26
31,166,31,135,1,Mecklenburg,2022-10-24
31,174,38,136,1,Wake,2022-12-01
31,208,41,167,1,Mecklenburg,2022-12-31
32,178,13,165,1,Wake,2022-09-29
32,232,22,210,1,Wake,2022-09-27
32,135,42,93,1,Guilford,2022-12-06
33,109,32,77,1,Gaston,2022-12-21
33,116,33,83,1,Guilford,2023-01-23
33,216,45,171,1,Mecklenburg,2022-12-01
35,328,49,279,1,Mecklenburg,2022-09-13
35,186,57,129,1,Guilford,2022-12-14
36,207,43,164,1,Mecklenburg,2023-02-07
37,153,29,124,1,Wake,2022-12-10
37,133,34,99,1,Forsyth,2023-01-23
37,157,41,116,1,Forsyth,2022-09-13
37,223,41,182,1,Mecklenburg,2022-09-22
37,204,62,142,1,Guilford,2022-12-20
37,183,63,120,1,Cumberland,2022-12-27
39,204,29,175,1,Wake,2022-11-30
39,182,33,149,1,Mecklenburg,2022-10-26
40,236,32,204,1,Wake,2022-11-28
40,183,38,145,1,Guilford,2023-01-05
41,265,38,227,1,Mecklenburg,2022-09-15
41,206,41,165,1,Mecklenburg,2023-01-13
41,201,56,145,1,Forsyth,2022-12-27
42,248,69,179,1,Mecklenburg,2023-01-12
44,237,47,190,1,Mecklenburg,2023-01-23
45,213,48,165,1,Mecklenburg,2023-01-20
47,195,50,145,1,Forsyth,2022-12-30
47,183,51,132,1,Mecklenburg,2023-02-02
47,281,56,225,1,Wake,2022-12-12
53,307,43,264,1,Mecklenburg,2022-12-06
58,366,81,285,1,Wake,2022-12-27
59,283,59,224,1,Mecklenburg,2022-12-07
60,274,70,204,1,Mecklenburg,2023-01-18
63,334,66,268,1,Mecklenburg,2023-01-05
72,378,53,325,1,Wake,2022-12-20
73,382,88,294,1,Mecklenburg,2023-01-03
78,312,70,242,1,Mecklenburg,2023-01-09
88,431,92,339,1,Mecklenburg,2022-12-29
88,410,92,318,1,Mecklenburg,2023-01-04
0,10,3,7,2,Transylvania,2022-09-21
1,10,2,8,2,Burke,2022-11-05
1,12,3,9,2,Surry,2022-09-17
1,10,6,4,2,Wayne,2022-10-26
2,7,1,6,2,Edgecombe,2022-10-12
2,8,2,6,2,Caldwell,2022-11-05
2,11,3,8,2,Vance,2023-01-10
2,15,4,11,2,New Hanover,2022-09-24
2,5,4,1,2,Robeson,2022-11-14
2,9,6,3,2,Sampson,2022-12-24
2,22,7,15,2,Catawba,2022-10-30
2,13,7,6,2,Wilkes,2022-10-01
2,26,9,17,2,Guilford,2022-11-20
3,26,1,25,2,Davidson,2022-09-17
3,8,1,7,2,Nash,2022-10-07
3,6,1,5,2,Surry,2023-02-04
3,11,2,9,2,Cleveland,2023-01-11
3,22,2,20,2,Onslow,2023-01-07
3,21,4,17,2,Johnston,2022-09-24
3,17,5,12,2,New Hanover,2023-02-16
3,25,8,17,2,Robeson,2022-10-05
3,78,10,68,2,Mecklenburg,2022-11-06
3,19,14,5,2,Haywood,2022-09-22
3,19,14,5,2,Haywood,2022-12-28
3,29,15,14,2,Henderson,2022-09-18
4,18,1,17,2,Edgecombe,2022-09-15
4,8,1,7,2,Richmond,2022-09-21
4,27,2,25,2,Cabarrus,2022-12-04
4,16,3,13,2,Surry,2022-10-25
4,16,5,11,2,Iredell,2022-11-11
4,13,7,6,2,Buncombe,2023-02-12
4,19,8,11,2,Johnston,2022-11-09
5,13,2,11,2,Gaston,2022-11-11
5,49,3,46,2,Guilford,2022-10-01
5,12,4,8,2,Rutherford,2023-01-14
5,17,5,12,2,Halifax,2022-10-17
5,16,7,9,2,Craven,2023-01-19
5,39,9,30,2,Alamance,2023-02-07
5,54,9,45,2,Guilford,2023-01-14
5,14,9,5,2,Wayne,2022-10-17
5,18,12,6,2,Robeson,2023-01-08
5,33,17,16,2,Iredell,2023-01-17
6,43,6,37,2,Guilford,2022-10-02
6,25,10,15,2,New Hanover,2023-01-26
6,70,13,57,2,Wake,2022-11-06
6,100,16,84,2,Mecklenburg,2022-10-01
7,63,6,57,2,Mecklenburg,2022-10-15
7,33,12,21,2,Catawba,2022-09-28
7,58,14,44,2,Cabarrus,2022-12-23
7,58,30,28,2,Catawba,2022-12-29
7,70,43,27,2,Iredell,2022-12-12
8,23,7,16,2,Gaston,2022-09-25
8,31,7,24,2,Gaston,2022-11-08
8,27,7,20,2,Pitt,2022-11-02
8,72,12,60,2,Forsyth,2022-09-29
8,46,17,29,2,Henderson,2023-01-04
8,46,26,20,2,Iredell,2022-12-14
9,53,4,49,2,Durham,2022-10-06
9,47,6,41,2,Davidson,2023-02-03
9,17,6,11,2,Lee,2023-01-05
9,45,11,34,2,Cumberland,2022-09-18
9,24,12,12,2,Buncombe,2023-01-15
9,39,13,26,2,Buncombe,2022-12-31
9,44,22,22,2,Buncombe,2023-01-19
9,77,22,55,2,Mecklenburg,2023-03-06
10,29,4,25,2,Alamance,2022-10-06
10,42,9,33,2,Forsyth,2023-02-10
10,64,9,55,2,Mecklenburg,2022-10-16
10,65,11,54,2,Forsyth,2022-11-01
10,46,15,31,2,Nash,2022-12-29
11,29,7,22,2,Moore,2023-01-24
12,72,6,66,2,Mecklenburg,2022-11-19
12,80,13,67,2,Alamance,2022-12-29
12,80,13,67,2,Guilford,2022-09-18
12,75,13,62,2,Guilford,2022-10-06
12,82,19,63,2,Guilford,2023-01-19
13,49,15,34,2,Guilford,2022-11-18
13,85,16,69,2,Guilford,2022-11-03
13,59,32,27,2,Catawba,2023-01-02
14,59,11,48,2,Gaston,2022-12-06
14,59,12,47,2,Guilford,2023-02-28
14,91,22,69,2,Cumberland,2022-11-29
14,47,30,17,2,Robeson,2023-01-02
14,112,31,81,2,Forsyth,2022-12-15
15,70,6,64,2,Mecklenburg,2022-10-30
15,166,27,139,2,Mecklenburg,2022-09-29
16,52,12,40,2,Durham,2023-01-08
16,96,18,78,2,Guilford,2022-11-01
16,51,20,31,2,Guilford,2023-02-05
16,62,21,41,2,Forsyth,2023-02-22
17,90,15,75,2,Davidson,2022-12-28
17,75,23,52,2,Guilford,2023-02-15
17,110,34,76,2,Guilford,2023-01-20
18,94,20,74,2,Guilford,2023-01-27
18,95,50,45,2,Buncombe,2023-01-03
19,102,12,90,2,Mecklenburg,2022-11-18
19,85,19,66,2,Guilford,2023-02-03
19,87,28,59,2,Mecklenburg,2023-02-04
19,105,30,75,2,Forsyth,2023-01-12
20,72,12,60,2,Forsyth,2023-02-16
20,83,20,63,2,Mecklenburg,2023-03-07
21,85,24,61,2,Cabarrus,2023-01-04
21,162,27,135,2,Wake,2022-10-25
21,117,32,85,2,Guilford,2022-12-17
24,125,37,88,2,Guilford,2023-01-09
25,153,21,132,2,Mecklenburg,2023-01-01
25,184,40,144,2,Mecklenburg,2022-12-02
26,140,20,120,2,Mecklenburg,2022-11-07
26,141,31,110,2,Guilford,2023-02-01
26,87,32,55,2,Gaston,2022-12-23
26,125,32,93,2,Mecklenburg,2023-01-22
26,180,50,130,2,Guilford,2022-12-12
27,108,22,86,2,Guilford,2023-01-25
28,152,37,115,2,Forsyth,2022-09-20
33,194,71,123,2,Guilford,2022-12-22
37,189,32,157,2,Mecklenburg,2022-09-28
42,204,43,161,2,Forsyth,2023-01-03
45,233,48,185,2,Mecklenburg,2022-11-30
47,289,83,206,2,Wake,2022-12-23
49,211,49,162,2,Mecklenburg,2023-01-31
50,328,55,273,2,Wake,2022-09-13
54,212,53,159,2,Mecklenburg,2023-01-25
54,285,58,227,2,Mecklenburg,2022-12-08
58,296,34,262,2,Mecklenburg,2022-12-09
59,271,87,184,2,Guilford,2022-12-21
76,351,81,270,2,Mecklenburg,2022-12-26
84,402,92,310,2,Mecklenburg,2022-12-30
1,17,1,16,3,Surry,2023-01-01
2,19,6,13,3,Surry,2022-09-28
5,18,5,13,3,Rockingham,2023-01-23
6,42,6,36,3,Forsyth,2022-10-19
7,52,16,36,3,Buncombe,2022-10-26
15,97,23,74,3,Guilford,2023-01-16
16,64,11,53,3,Guilford,2023-01-22
17,82,15,67,3,Mecklenburg,2022-11-16
20,99,10,89,3,Mecklenburg,2022-10-14
20,164,20,144,3,Mecklenburg,2022-09-18
20,102,22,80,3,Alamance,2022-12-20
20,101,41,60,3,Guilford,2022-12-18
22,147,42,105,3,Guilford,2022-12-15
25,143,11,132,3,Wake,2022-11-02
27,156,24,132,3,Mecklenburg,2022-12-24
28,145,34,111,3,Forsyth,2023-01-05
29,144,32,112,3,Guilford,2023-01-06
33,163,45,118,3,Guilford,2022-12-26
39,225,61,164,3,Guilford,2022-12-29
66,346,53,293,3,Wake,2022-12-21
8,68,8,60,4,Wake,2022-10-16
24,116,23,93,4,Mecklenburg,2022-10-13
