Total Cases by Date of Specimen collection,Total Antigen Cases by Date of Specimen Collection,Total Molecular Cases by Date of Specimen Collection,Death by Date of Death,County,Date
9,2,7,0,McDowell,2021-10-14
243,19,224,4,Mecklenburg,2021-10-14
46,21,25,1,Catawba,2021-10-14
23,4,19,0,Pasquotank,2021-10-14
37,12,25,0,New Hanover,2021-10-14
7,1,6,2,Lenoir,2021-10-14
13,4,9,0,Beaufort,2021-10-14
155,15,140,0,Wake,2021-10-16
156,23,133,1,Mecklenburg,2021-10-16
9,2,7,0,Nash,2021-10-16
10,3,7,0,Craven,2021-10-16
17,1,16,0,Pasquotank,2021-10-16
3,0,3,0,Chowan,2021-10-17
232,31,201,3,Mecklenburg,2021-10-18
6,2,4,0,Ashe,2021-10-18
26,3,23,0,Moore,2021-10-18
52,13,39,0,Onslow,2021-10-18
220,11,209,0,Wake,2021-10-20
10,2,8,0,Scotland,2021-10-20
17,5,12,0,Nash,2021-10-20
6,0,6,0,Pender,2021-10-20
19,5,14,0,Craven,2021-10-20
7,2,5,0,Transylvania,2021-10-20
11,4,7,0,Jackson,2021-10-20
58,12,46,0,Cumberland,2021-10-22
22,0,22,0,Pitt,2021-10-22
8,0,8,0,Pasquotank,2021-10-23
38,10,28,0,Union,2021-10-23
10,2,8,0,Carteret,2021-10-23
100,24,76,3,Cumberland,2021-10-25
59,10,49,0,Cabarrus,2021-10-25
41,33,8,1,Wayne,2021-10-25
21,10,11,0,Granville,2021-10-25
35,6,29,1,Davidson,2021-10-26
3,0,3,0,Martin,2021-10-26
12,3,9,0,Craven,2021-10-26
34,0,34,0,Davidson,2021-10-14
32,4,28,0,Lincoln,2021-10-14
14,0,14,0,Franklin,2021-10-14
31,4,27,1,Burke,2021-10-14
7,5,2,0,Bladen,2021-10-14
6,2,4,0,Moore,2021-11-07
1,0,1,0,Yancey,2021-11-07
24,2,22,1,Brunswick,2021-10-16
1,0,1,0,Alexander,2021-10-16
15,9,6,1,Burke,2021-10-16
13,7,6,0,Wilkes,2021-11-07
21,6,15,1,Union,2021-10-17
11,3,8,1,Davidson,2021-10-17
57,3,54,1,Guilford,2021-10-17
47,3,44,0,Durham,2021-10-18
59,21,38,0,Buncombe,2021-10-18
5,2,3,0,Camden,2021-10-18
13,5,8,1,Vance,2021-10-18
29,1,28,0,Pasquotank,2021-10-18
26,2,24,0,Pitt,2021-10-20
29,7,22,0,Surry,2021-10-20
20,4,16,0,Lincoln,2021-10-20
49,1,48,1,Durham,2021-10-20
9,4,5,0,Lenoir,2021-10-20
12,3,9,1,Halifax,2021-10-22
22,3,19,0,Brunswick,2021-11-11
115,25,90,1,Wake,2021-11-11
28,7,21,0,Lincoln,2021-11-11
17,5,12,0,Cleveland,2021-11-11
31,10,21,1,Randolph,2021-10-22
17,0,17,0,Moore,2021-10-22
8,0,8,0,Granville,2021-10-22
157,29,128,3,Mecklenburg,2021-11-11
6,1,5,0,Anson,2021-11-11
7,5,2,0,Pasquotank,2021-11-11
12,6,6,0,Nash,2021-11-11
116,10,106,0,Mecklenburg,2021-10-23
28,5,23,0,Cabarrus,2021-10-23
14,2,12,1,Craven,2021-10-23
40,9,31,0,Gaston,2021-11-13
21,4,17,1,Wilson,2021-10-25
27,1,26,0,Moore,2021-10-25
44,2,42,0,Durham,2021-10-25
13,5,8,0,McDowell,2021-10-26
10,1,9,0,Scotland,2021-10-26
22,4,18,0,New Hanover,2021-10-26
7,0,7,0,Jackson,2021-11-21
73,19,54,0,Gaston,2021-11-22
50,11,39,1,Johnston,2021-11-22
25,10,15,0,Yadkin,2021-11-22
9,0,9,0,Martin,2021-11-22
49,2,47,2,Rowan,2021-11-22
24,9,15,0,Pender,2021-11-22
25,6,19,1,Brunswick,2021-10-14
29,16,13,0,Sampson,2021-10-14
157,42,115,0,Mecklenburg,2021-11-07
10,1,9,0,Burke,2021-11-07
7,0,7,1,Rutherford,2021-11-07
9,0,9,0,Orange,2021-11-07
25,4,21,1,Rutherford,2021-10-14
27,9,18,1,Craven,2021-10-14
14,0,14,1,Lincoln,2021-10-16
4,0,4,0,Camden,2021-10-16
11,3,8,0,Vance,2021-10-16
14,3,11,0,Catawba,2021-10-16
9,0,9,1,Cleveland,2021-10-17
5,1,4,0,Vance,2021-11-11
24,12,12,1,Sampson,2021-10-18
46,9,37,0,Union,2021-11-13
14,0,14,0,Franklin,2021-11-13
50,0,50,1,Guilford,2021-11-13
16,6,10,0,Randolph,2021-11-13
25,6,19,1,Brunswick,2021-10-20
12,0,12,0,Yadkin,2021-11-13
29,5,24,1,Davidson,2021-10-20
14,4,10,0,Carteret,2021-10-20
9,1,8,0,Anson,2021-10-20
18,2,16,0,Pasquotank,2021-10-22
37,3,34,0,Durham,2021-10-22
15,6,9,0,Columbus,2021-10-22
14,0,14,0,Pitt,2021-10-23
95,19,76,1,Gaston,2021-12-03
54,24,30,1,Buncombe,2021-10-25
281,26,255,0,Wake,2021-12-03
319,59,260,2,Mecklenburg,2021-12-03
31,14,17,0,Henderson,2021-10-25
3,1,2,0,Polk,2021-10-26
84,17,67,2,Union,2021-12-03
70,21,49,0,Buncombe,2021-12-03
10,1,9,0,Mitchell,2021-12-03
15,3,12,0,Jackson,2021-12-03
12,2,10,0,Wilson,2021-10-26
10,3,7,0,Washington,2021-10-26
14,4,10,2,Cleveland,2021-10-26
19,6,13,0,Catawba,2021-10-26
10,0,10,0,Macon,2021-10-26
26,18,8,0,Carteret,2021-10-26
25,7,18,2,Brunswick,2021-10-26
18,0,18,0,Franklin,2021-11-22
48,3,45,1,Alamance,2021-11-22
43,13,30,0,New Hanover,2021-11-22
26,2,24,0,Nash,2021-11-22
15,3,12,0,Hoke,2021-11-22
32,20,12,1,Wayne,2021-11-22
47,11,36,1,Harnett,2021-12-08
365,37,328,1,Wake,2021-12-08
48,12,36,0,Brunswick,2021-12-08
90,20,70,1,Cabarrus,2021-12-08
132,17,115,1,Cumberland,2021-12-08
57,25,32,1,Surry,2021-12-08
17,7,10,0,Macon,2021-12-08
15,8,7,0,Sampson,2021-12-08
8,5,3,0,Swain,2021-12-08
36,5,31,1,Cleveland,2021-10-14
6,0,6,0,Beaufort,2021-10-17
9,2,7,0,Alamance,2021-11-07
9,1,8,2,Rutherford,2021-10-17
19,7,12,1,Duplin,2021-10-14
97,75,22,0,Wayne,2021-10-14
19,9,10,0,Wilson,2021-10-14
85,14,71,0,Cumberland,2021-10-14
61,3,58,0,Durham,2021-10-14
9,0,9,0,Granville,2021-10-14
60,21,39,0,Cabarrus,2021-10-14
18,0,18,0,Watauga,2021-10-14
34,4,30,0,Moore,2021-10-14
14,0,14,0,Pitt,2021-10-16
12,5,7,0,Henderson,2021-10-16
13,0,13,0,Harnett,2021-10-16
34,4,30,0,Durham,2021-10-16
9,2,7,2,Carteret,2021-10-17
69,12,57,1,Wake,2021-10-17
137,19,118,1,Mecklenburg,2021-10-17
6,1,5,0,Sampson,2021-10-17
20,3,17,0,Cumberland,2021-10-17
64,19,45,0,Johnston,2021-10-18
48,3,45,0,Pitt,2021-10-18
3,0,3,1,Jones,2021-10-18
26,6,20,0,Harnett,2021-10-18
63,16,47,1,Cabarrus,2021-10-18
5,1,4,0,Pamlico,2021-10-18
23,1,22,1,Moore,2021-10-20
78,27,51,1,Cumberland,2021-10-20
22,7,15,0,Burke,2021-10-20
9,5,4,0,Alexander,2021-10-20
46,11,35,0,Cabarrus,2021-10-20
180,26,154,1,Mecklenburg,2021-10-20
16,5,11,0,Wilson,2021-10-20
9,4,5,2,Duplin,2021-10-20
16,13,3,0,Sampson,2021-10-20
79,12,67,3,Forsyth,2021-10-22
91,7,84,0,Guilford,2021-10-22
10,2,8,0,Stokes,2021-10-22
26,3,23,0,Rockingham,2021-10-22
36,10,26,1,Onslow,2021-10-22
17,4,13,0,Onslow,2021-10-23
1,1,0,0,Watauga,2021-10-23
48,8,40,3,Forsyth,2021-10-23
14,4,10,0,Harnett,2021-10-23
21,1,20,0,Caldwell,2021-10-23
24,7,17,3,Randolph,2021-10-23
10,6,4,1,Robeson,2021-10-23
51,10,41,0,Johnston,2021-10-25
39,5,34,1,Rowan,2021-10-25
48,12,36,0,Randolph,2021-10-25
102,20,82,1,Guilford,2021-10-25
30,15,15,0,Robeson,2021-10-25
13,1,12,3,Haywood,2021-10-25
36,4,32,3,Onslow,2021-10-25
40,6,34,0,Cabarrus,2021-10-26
33,21,12,1,Wayne,2021-10-26
227,18,209,0,Wake,2021-10-26
194,30,164,2,Mecklenburg,2021-10-26
6,2,4,0,Bladen,2021-10-26
19,6,13,0,Halifax,2021-10-26
12,3,9,0,Pasquotank,2021-10-26
40,5,35,0,Pitt,2021-10-26
6,0,6,0,Cherokee,2021-10-14
34,19,15,0,Henderson,2021-10-14
72,22,50,0,Wake,2021-11-07
27,7,20,0,Cumberland,2021-10-16
20,7,13,1,Onslow,2021-10-16
30,5,25,3,Union,2021-11-07
30,10,20,0,Cabarrus,2021-11-07
18,1,17,0,Nash,2021-10-17
28,7,21,1,Buncombe,2021-10-17
15,3,12,1,Lincoln,2021-10-17
43,4,39,1,Caldwell,2021-10-18
38,15,23,0,Burke,2021-10-18
92,8,84,2,Forsyth,2021-10-18
18,4,14,0,Henderson,2021-10-20
33,24,9,0,Wayne,2021-10-20
20,3,17,0,Harnett,2021-10-20
52,15,37,1,Buncombe,2021-10-20
22,13,9,1,Henderson,2021-11-11
9,2,7,0,Richmond,2021-10-22
6,1,5,0,Granville,2021-11-11
6,1,5,0,Montgomery,2021-11-11
54,1,53,0,Durham,2021-11-11
33,4,29,1,Cumberland,2021-11-11
9,2,7,0,Burke,2021-11-13
149,12,137,0,Wake,2021-11-13
45,11,34,0,Buncombe,2021-11-13
17,1,16,0,Lincoln,2021-11-13
33,3,30,0,Durham,2021-10-23
129,19,110,0,Mecklenburg,2021-11-13
15,7,8,0,Cleveland,2021-11-13
31,3,28,0,Durham,2021-11-13
6,2,4,0,Person,2021-10-25
22,3,19,0,Davie,2021-10-25
18,0,18,1,Lee,2021-10-25
13,5,8,0,Craven,2021-10-25
10,0,10,0,Avery,2021-10-25
27,3,24,0,Lincoln,2021-10-26
59,12,47,0,Cumberland,2021-10-26
37,9,28,1,Buncombe,2021-11-21
45,8,37,1,Union,2021-11-21
21,6,15,0,Lincoln,2021-11-21
24,6,18,1,Catawba,2021-11-21
317,29,288,1,Wake,2021-11-22
246,43,203,0,Mecklenburg,2021-11-22
83,32,51,1,Union,2021-11-22
44,16,28,0,Catawba,2021-11-22
8,2,6,0,Scotland,2021-11-22
74,23,51,1,Buncombe,2021-11-22
84,19,65,0,Cabarrus,2021-11-22
21,8,13,0,Ashe,2021-11-22
22,5,17,0,Carteret,2021-11-22
15,7,8,0,Wayne,2021-11-07
19,1,18,0,Pitt,2021-11-07
43,4,39,0,Pitt,2021-10-14
2,0,2,0,Edgecombe,2021-11-07
11,0,11,0,Harnett,2021-10-17
16,2,14,0,Brunswick,2021-10-17
5,0,5,0,Moore,2021-11-11
1,0,1,0,Bladen,2021-11-11
17,0,17,0,Caldwell,2021-11-11
16,1,15,0,Pitt,2021-11-11
26,8,18,0,Haywood,2021-10-18
4,0,4,0,Craven,2021-11-13
12,2,10,0,Pasquotank,2021-10-20
8,1,7,0,Person,2021-10-20
4,0,4,0,Pamlico,2021-10-20
6,3,3,0,Polk,2021-10-20
34,5,29,1,Johnston,2021-10-22
23,6,17,0,Harnett,2021-10-22
55,5,50,0,Durham,2021-12-03
42,1,41,2,Onslow,2021-12-03
9,1,8,0,Madison,2021-12-03
59,22,37,3,Catawba,2021-12-03
11,3,8,0,Yadkin,2021-10-25
16,5,11,0,Hoke,2021-10-25
21,5,16,1,Craven,2021-12-03
35,17,18,0,Duplin,2021-12-03
77,14,63,0,Cabarrus,2021-12-03
30,1,29,0,Orange,2021-12-03
8,3,5,1,Rutherford,2021-12-03
11,8,3,0,Transylvania,2021-12-03
6,2,4,0,Hertford,2021-10-26
20,1,19,0,Nash,2021-10-26
15,7,8,0,Alexander,2021-10-26
28,3,25,0,Davidson,2021-11-21
3,1,2,0,Yadkin,2021-11-21
5,2,3,0,Cleveland,2021-11-21
48,2,46,1,Guilford,2021-11-21
3,1,2,0,Swain,2021-11-21
9,0,9,0,Orange,2021-11-21
7,1,6,0,Vance,2021-11-21
38,4,34,0,Durham,2021-11-22
16,0,16,0,Pasquotank,2021-11-22
3,0,3,0,Gates,2021-12-08
213,16,197,0,Wake,2021-10-14
113,23,90,0,Guilford,2021-10-14
66,22,44,0,Iredell,2021-10-14
102,11,91,5,Forsyth,2021-10-14
86,20,66,3,Gaston,2021-10-14
59,20,39,0,Buncombe,2021-10-14
18,7,11,1,Vance,2021-10-14
65,8,57,1,Guilford,2021-10-16
23,3,20,1,Union,2021-10-16
25,4,21,2,Randolph,2021-10-16
20,5,15,1,New Hanover,2021-10-17
5,0,5,0,Dare,2021-10-17
67,19,48,1,Union,2021-10-18
272,13,259,1,Wake,2021-10-18
13,1,12,1,Yadkin,2021-10-18
19,1,18,0,Orange,2021-10-18
53,15,38,0,Surry,2021-10-18
59,13,46,1,Iredell,2021-10-18
29,11,18,0,Lincoln,2021-10-18
11,3,8,0,Watauga,2021-10-18
11,2,9,0,Hoke,2021-10-20
100,13,87,2,Guilford,2021-10-20
9,6,3,0,Haywood,2021-10-20
15,4,11,2,Stokes,2021-10-20
79,8,71,2,Forsyth,2021-10-20
16,10,6,0,Columbus,2021-10-20
42,19,23,0,Iredell,2021-10-20
27,2,25,2,Cabarrus,2021-10-22
175,12,163,1,Wake,2021-10-22
168,22,146,1,Mecklenburg,2021-10-22
15,1,14,0,Franklin,2021-10-22
43,13,30,1,Buncombe,2021-10-22
5,1,4,1,Bladen,2021-10-22
11,7,4,0,Macon,2021-10-22
35,22,13,3,Wayne,2021-10-22
240,13,227,0,Wake,2021-10-25
40,9,31,1,Brunswick,2021-10-25
53,3,50,0,Pitt,2021-10-25
201,36,165,2,Mecklenburg,2021-10-25
39,3,36,0,Davidson,2021-10-25
50,11,39,1,Alamance,2021-10-25
14,4,10,0,Davie,2021-10-26
13,3,10,0,Stokes,2021-10-26
26,12,14,1,Surry,2021-10-26
20,1,19,0,Orange,2021-10-26
46,13,33,1,Union,2021-10-26
23,2,21,1,Rowan,2021-10-26
29,5,24,2,Rockingham,2021-10-26
43,18,25,0,Buncombe,2021-10-26
1,0,1,0,Alleghany,2021-10-14
44,10,34,0,Rockingham,2021-10-14
26,3,23,0,Onslow,2021-10-14
10,3,7,0,Jackson,2021-10-14
26,2,24,1,Forsyth,2021-11-07
16,3,13,0,Orange,2021-10-16
59,2,57,0,Forsyth,2021-10-16
8,4,4,0,Wilson,2021-10-16
34,6,28,1,Gaston,2021-10-16
4,0,4,0,Lee,2021-10-16
16,2,14,0,Brunswick,2021-11-07
10,0,10,0,Rowan,2021-11-07
10,2,8,0,New Hanover,2021-11-07
8,0,8,2,Richmond,2021-10-17
19,9,10,1,Carteret,2021-10-18
13,1,12,0,Richmond,2021-10-18
13,5,8,0,Alexander,2021-10-18
40,5,35,0,Rowan,2021-10-18
50,6,44,1,Union,2021-10-20
38,11,27,0,Catawba,2021-10-20
27,6,21,0,Rockingham,2021-10-20
27,4,23,2,Rowan,2021-11-11
88,14,74,1,Guilford,2021-11-11
63,9,54,1,Forsyth,2021-11-11
9,0,9,3,Rutherford,2021-10-22
45,8,37,0,Buncombe,2021-11-11
3,1,2,0,Camden,2021-10-22
11,1,10,0,Carteret,2021-11-11
3,0,3,0,Mitchell,2021-10-23
9,0,9,0,Dare,2021-11-13
19,2,17,0,Rockingham,2021-11-13
55,5,50,0,Forsyth,2021-11-13
24,1,23,0,Alamance,2021-11-13
17,10,7,0,Alexander,2021-10-25
11,2,9,0,Yadkin,2021-10-26
17,3,14,0,Richmond,2021-10-26
102,15,87,4,Guilford,2021-10-26
15,4,11,0,Rowan,2021-11-21
22,3,19,0,Cabarrus,2021-11-21
51,3,48,1,Forsyth,2021-11-21
23,4,19,0,Cleveland,2021-11-22
68,29,39,0,Iredell,2021-11-22
13,3,10,0,Avery,2021-11-22
37,11,26,0,Lincoln,2021-11-22
5,0,5,0,Caswell,2021-11-22
122,16,106,0,Forsyth,2021-11-22
14,6,8,0,Granville,2021-11-22
3,1,2,0,Lenoir,2021-11-07
12,2,10,0,Lincoln,2021-11-07
23,4,19,1,Iredell,2021-11-07
7,0,7,0,Pender,2021-11-07
5,0,5,0,Martin,2021-10-14
19,5,14,0,Haywood,2021-10-14
9,4,5,0,Surry,2021-11-07
22,5,17,1,Stokes,2021-10-14
16,7,9,1,Carteret,2021-10-14
2,0,2,0,Martin,2021-10-16
29,7,22,0,Johnston,2021-10-17
22,6,16,1,Catawba,2021-10-17
20,2,18,3,Gaston,2021-10-17
44,3,41,1,Forsyth,2021-10-17
12,3,9,0,Chatham,2021-10-18
66,16,50,0,Gaston,2021-11-11
24,0,24,0,Orange,2021-11-11
14,4,10,0,McDowell,2021-10-18
22,9,13,0,Craven,2021-10-18
45,9,36,0,Johnston,2021-11-13
1,0,1,0,Chowan,2021-10-22
20,4,16,0,Burke,2021-10-22
4,1,3,0,Yadkin,2021-10-22
13,3,10,2,Wilson,2021-10-23
8,0,8,0,Stokes,2021-10-23
22,4,18,1,Gaston,2021-10-23
34,11,23,1,Buncombe,2021-10-23
13,1,12,1,Anson,2021-10-25
13,5,8,0,Duplin,2021-10-25
67,12,55,0,Iredell,2021-12-03
21,3,18,0,Stanly,2021-12-03
65,9,56,0,Rowan,2021-12-03
27,8,19,0,Wilkes,2021-10-25
82,18,64,0,Johnston,2021-12-03
60,2,58,0,Alamance,2021-12-03
46,19,27,0,Iredell,2021-10-26
34,16,18,0,Randolph,2021-10-26
28,4,24,0,Alamance,2021-10-26
3,2,1,0,Caswell,2021-11-21
38,11,27,0,Iredell,2021-11-21
9,2,7,0,Davie,2021-11-21
25,10,15,1,Henderson,2021-11-21
40,13,27,0,Surry,2021-11-22
29,12,17,0,Stokes,2021-11-22
26,1,25,0,Stanly,2021-11-22
293,57,236,0,Mecklenburg,2021-12-08
86,32,54,1,Iredell,2021-12-08
41,2,39,0,Franklin,2021-12-08
150,24,126,0,Guilford,2021-12-08
112,24,88,0,Union,2021-12-08
66,4,62,0,Pitt,2021-12-08
77,16,61,0,Davidson,2021-12-08
31,0,31,1,Orange,2021-10-14
16,6,10,0,Madison,2021-12-08
3,0,3,0,Washington,2021-10-14
11,1,10,1,Rockingham,2021-10-17
8,4,4,0,Currituck,2021-10-17
5,3,2,0,Warren,2021-10-17
28,9,19,2,Catawba,2021-10-18
116,8,108,0,Guilford,2021-12-11
66,15,51,2,Gaston,2021-12-11
19,2,17,0,Cleveland,2021-12-11
8,1,7,0,Chatham,2021-10-20
11,2,9,0,Yadkin,2021-10-20
11,7,4,0,Yancey,2021-12-11
22,5,17,0,Lincoln,2021-10-22
30,6,24,1,Davidson,2021-11-11
5,1,4,1,Wilson,2021-11-11
8,4,4,0,Chatham,2021-11-11
16,7,9,1,Duplin,2021-10-22
39,17,22,1,Randolph,2021-11-11
11,6,5,0,Haywood,2021-11-11
11,1,10,0,New Hanover,2021-10-23
174,30,144,1,Guilford,2021-12-14
7,0,7,0,Wayne,2021-11-13
77,3,74,0,Davidson,2021-12-14
108,34,74,1,Gaston,2021-12-14
14,2,12,0,Jackson,2021-12-14
67,25,42,0,Catawba,2021-12-14
9,1,8,0,Perquimans,2021-12-14
57,21,36,1,New Hanover,2021-12-14
8,4,4,0,Mitchell,2021-12-14
27,4,23,0,Cabarrus,2021-11-13
34,11,23,1,Surry,2021-12-14
4,1,3,0,Gates,2021-12-14
19,4,15,0,McDowell,2021-12-14
9,0,9,0,Montgomery,2021-10-25
84,9,75,1,Davidson,2021-12-15
28,15,13,0,Watauga,2021-12-15
14,1,13,0,Beaufort,2021-12-15
483,69,414,2,Mecklenburg,2021-12-15
13,0,13,0,Madison,2021-10-25
42,6,36,0,Cleveland,2021-12-15
31,7,24,0,Lincoln,2021-12-03
57,8,49,1,Gaston,2021-10-26
26,0,26,0,Franklin,2021-12-15
165,28,137,1,Guilford,2021-12-03
9,7,2,0,Graham,2021-12-15
12,0,12,0,Stanly,2021-11-21
465,48,417,1,Mecklenburg,2021-12-18
12,4,8,0,Wilson,2021-12-18
22,5,17,0,Pitt,2021-12-18
460,32,428,0,Wake,2021-12-18
17,0,17,0,Franklin,2021-12-18
13,0,13,0,Dare,2021-12-08
37,4,33,2,Alamance,2021-12-18
40,17,23,0,New Hanover,2021-12-08
14,4,10,1,Richmond,2021-11-22
92,28,64,1,Gaston,2021-12-08
11,2,9,0,Richmond,2021-12-08
10,0,10,0,Currituck,2021-11-07
16,3,13,0,Catawba,2021-11-07
20,5,15,0,Surry,2021-12-11
28,16,12,1,Henderson,2021-12-11
9,7,2,0,Alexander,2021-12-11
6,2,4,1,Yadkin,2021-11-11
5,0,5,0,Currituck,2021-11-13
81,6,75,1,Alamance,2021-12-14
25,5,20,1,Wilkes,2021-12-14
44,10,34,0,Brunswick,2021-12-15
81,5,76,0,Alamance,2021-12-15
26,9,17,0,Rutherford,2021-12-15
8,1,7,0,McDowell,2021-12-03
44,18,26,0,Surry,2021-12-03
74,6,68,0,Davidson,2021-12-03
10,2,8,0,Haywood,2021-11-21
24,6,18,0,Alamance,2021-11-21
9,5,4,0,Hoke,2021-12-18
34,3,31,0,Nash,2021-12-18
23,1,22,0,Lincoln,2021-12-18
13,0,13,0,Dare,2021-11-22
7,1,6,0,Halifax,2021-12-18
4,2,2,0,Madison,2021-12-18
34,9,25,0,Rockingham,2021-12-08
63,3,60,0,Alamance,2021-12-08
16,7,9,0,Transylvania,2021-12-08
35,3,32,1,Alamance,2021-12-11
18,1,17,0,Dare,2021-12-11
3,0,3,0,Greene,2021-12-11
25,13,12,0,New Hanover,2021-12-11
16,0,16,0,Dare,2021-12-14
57,6,51,2,Cleveland,2021-12-14
18,3,15,0,Hoke,2021-12-14
14,1,13,0,Beaufort,2021-12-14
15,1,14,0,Dare,2021-12-15
6,2,4,0,Anson,2021-12-15
13,5,8,0,McDowell,2021-12-15
32,3,29,0,Moore,2021-12-15
9,1,8,0,Lee,2021-12-03
11,5,6,0,Jackson,2021-12-15
3377,380,2997,5,Mecklenburg,2021-12-28
244,20,224,0,Nash,2021-12-28
667,87,580,0,Cumberland,2021-12-28
104,10,94,0,Pender,2021-12-28
185,52,133,1,Wilson,2021-12-28
82,19,63,0,Rutherford,2021-12-28
169,45,124,0,Granville,2021-12-28
3941,230,3711,3,Wake,2021-12-28
216,53,163,1,Harnett,2021-12-28
427,22,405,0,Pitt,2021-12-28
162,27,135,0,Cleveland,2021-12-28
187,33,154,0,Moore,2021-12-28
437,85,352,1,Buncombe,2021-12-28
121,34,87,1,Surry,2021-12-28
147,36,111,0,Vance,2021-12-28
96,47,49,0,Wilkes,2021-12-28
4,1,3,0,Pasquotank,2021-12-18
48,1,47,0,Jackson,2021-12-28
14,5,9,1,Carteret,2021-12-08
17,10,7,1,Alexander,2021-12-08
42,5,37,1,Martin,2021-12-28
33,12,21,0,Transylvania,2021-12-28
19,5,14,1,Alleghany,2021-12-28
47,29,18,0,Alexander,2021-12-28
66,19,47,0,Carteret,2021-12-28
130,45,85,0,Craven,2021-12-28
36,12,24,0,Pasquotank,2021-12-28
6,0,6,0,Montgomery,2021-12-11
34,1,33,0,Davidson,2021-12-11
40,9,31,1,Rockingham,2021-12-14
109,13,96,0,Scotland,2021-12-28
11,4,7,0,Alexander,2021-12-14
17,2,15,0,Pender,2021-12-15
11,0,11,0,Vance,2021-12-18
37,2,35,0,Caswell,2021-12-28
125,25,100,1,Vance,2022-01-06
478,24,454,0,Orange,2022-01-06
5657,260,5397,1,Wake,2022-01-06
815,57,758,0,Pitt,2022-01-06
125,54,71,0,Carteret,2022-01-06
656,113,543,0,New Hanover,2022-01-06
1168,117,1051,2,Forsyth,2022-01-06
1650,318,1332,1,Guilford,2022-01-06
351,67,284,1,Cleveland,2022-01-06
316,40,276,0,Brunswick,2022-01-06
53,4,49,0,Chowan,2022-01-06
48,2,46,0,Washington,2022-01-06
141,23,118,0,Lenoir,2022-01-06
231,45,186,0,Lincoln,2022-01-06
650,85,565,3,Gaston,2022-01-06
96,16,80,0,Yadkin,2022-01-06
130,10,120,1,Beaufort,2022-01-06
207,39,168,0,Scotland,2022-01-06
618,169,449,1,Buncombe,2022-01-06
43,21,22,0,Yancey,2022-01-06
76,16,60,1,Macon,2022-01-06
64,6,58,0,Bertie,2022-01-06
20,7,13,0,Camden,2022-01-06
93,7,86,0,Martin,2022-01-06
41,18,23,0,Transylvania,2022-01-06
63,10,53,0,Anson,2022-01-06
204,88,116,0,Robeson,2022-01-08
220,64,156,3,Iredell,2022-01-08
62,17,45,1,Stanly,2022-01-08
118,42,76,1,Burke,2022-01-08
35,5,30,2,Warren,2022-01-08
89,27,62,2,Henderson,2022-01-08
112,16,96,0,Granville,2022-01-08
656,27,629,3,Forsyth,2022-01-08
161,29,132,2,Rowan,2022-01-08
19,2,17,0,Bertie,2022-01-08
26,0,26,0,Northampton,2022-01-08
42,6,36,0,Montgomery,2022-01-08
34,14,20,0,Swain,2022-01-06
78,12,66,0,Chatham,2022-01-08
13,1,12,0,Greene,2022-01-08
59,6,53,0,Halifax,2022-01-08
115,11,104,0,Rockingham,2022-01-08
15,2,13,0,Avery,2022-01-08
452,28,424,0,Nash,2022-01-12
227,21,206,0,Beaufort,2022-01-12
214,27,187,0,Pender,2022-01-12
324,133,191,1,Duplin,2022-01-12
710,74,636,3,Alamance,2022-01-12
998,171,827,0,Johnston,2022-01-12
318,78,240,2,Surry,2022-01-12
638,196,442,1,Iredell,2022-01-12
560,59,501,2,Rowan,2022-01-12
130,42,88,0,Alexander,2022-01-12
34,6,28,0,Perquimans,2022-01-12
284,80,204,0,Lincoln,2022-01-12
287,36,251,0,Hoke,2022-01-12
23,1,22,0,Hyde,2022-01-12
231,75,156,0,Wilkes,2022-01-12
411,45,366,0,Moore,2022-01-12
642,86,556,2,Davidson,2022-01-12
231,48,183,0,Richmond,2022-01-12
73,29,44,0,Yancey,2022-01-12
25,1,24,0,Currituck,2022-01-08
142,9,133,0,Yadkin,2022-01-12
70,14,56,0,Cherokee,2022-01-12
61,7,54,0,Washington,2022-01-12
86,4,82,0,Martin,2022-01-12
317,105,212,0,Craven,2022-01-12
86,4,82,0,Chowan,2022-01-12
154,25,129,1,Stokes,2022-01-12
56,26,30,0,Polk,2022-01-12
87,21,66,0,Macon,2022-01-12
22,10,12,0,Graham,2022-01-12
135,36,99,0,McDowell,2022-01-12
17,9,8,0,Swain,2022-01-12
39,16,23,0,Gates,2022-01-12
310,12,298,1,Alamance,2022-01-15
813,54,759,4,Guilford,2022-01-15
1532,243,1289,0,Mecklenburg,2022-01-15
71,6,65,0,Beaufort,2022-01-15
383,112,271,1,Union,2022-01-15
60,0,60,0,Edgecombe,2022-01-15
222,65,157,1,Iredell,2022-01-15
31,2,29,0,Anson,2022-01-15
223,23,200,0,Davidson,2022-01-15
316,61,255,4,Gaston,2022-01-15
337,58,279,1,New Hanover,2022-01-15
25,8,17,0,Transylvania,2022-01-15
253,44,209,0,Pitt,2022-01-15
79,11,68,0,Richmond,2022-01-15
115,53,62,0,Wilkes,2022-01-15
178,8,170,1,Hoke,2022-01-15
54,2,52,1,Montgomery,2022-01-15
86,26,60,0,Scotland,2022-01-15
124,45,79,0,Surry,2022-01-15
51,14,37,0,Carteret,2022-01-15
108,17,91,0,Wayne,2022-01-16
240,19,221,1,Onslow,2022-01-16
37,9,28,0,Martin,2022-01-15
140,30,110,0,Lincoln,2022-01-15
44,1,43,0,Alexander,2022-01-15
25,11,14,0,Stanly,2022-01-16
27,8,19,0,Granville,2022-01-16
46,13,33,1,Cabarrus,2022-01-16
13,8,5,2,Rutherford,2022-01-16
42,8,34,0,Bladen,2022-01-16
509,88,421,1,Rowan,2022-01-19
609,163,446,0,Buncombe,2022-01-19
631,240,391,1,Iredell,2022-01-19
655,154,501,2,Cabarrus,2022-01-19
291,53,238,1,Stanly,2022-01-19
97,41,56,1,Greene,2022-01-19
185,27,158,0,Davie,2022-01-19
552,225,327,0,Wayne,2022-01-19
199,68,131,0,Haywood,2022-01-19
23,3,20,0,Tyrrell,2022-01-19
886,113,773,1,Onslow,2022-01-19
59,8,51,0,Warren,2022-01-19
188,18,170,0,Granville,2022-01-19
82,8,74,0,Caswell,2022-01-19
114,15,99,0,Montgomery,2022-01-19
272,63,209,0,Wilson,2022-01-19
185,21,164,0,Chatham,2022-01-19
45,4,41,0,Bertie,2022-01-19
36,11,25,2,Wilson,2022-01-16
253,69,184,1,Lincoln,2022-01-20
144,32,112,1,Yadkin,2022-01-20
274,40,234,3,Rockingham,2022-01-20
120,16,104,1,Vance,2022-01-20
254,58,196,0,Lenoir,2022-01-20
605,228,377,2,Catawba,2022-01-20
1276,162,1114,7,Guilford,2022-01-20
532,73,459,1,Davidson,2022-01-20
149,54,95,1,McDowell,2022-01-20
673,131,542,1,Union,2022-01-20
653,170,483,1,New Hanover,2022-01-20
279,88,191,0,Craven,2022-01-20
710,140,570,2,Gaston,2022-01-20
137,32,105,6,Stokes,2022-01-20
116,38,78,0,Scotland,2022-01-20
316,9,307,0,Franklin,2022-01-20
101,21,80,3,Macon,2022-01-20
241,46,195,0,Hoke,2022-01-20
19,1,18,0,Bertie,2022-01-15
148,38,110,2,Richmond,2022-01-20
190,30,160,0,Beaufort,2022-01-20
22,3,19,0,Gates,2022-01-19
26,11,15,2,Moore,2022-01-16
11,6,5,0,Haywood,2022-01-16
76,10,66,0,Martin,2022-01-20
38,6,32,0,Bertie,2022-01-20
32,7,25,0,Washington,2022-01-20
29,7,22,0,Perquimans,2022-01-20
39,16,23,0,Jones,2022-01-19
194,75,119,2,Rutherford,2022-01-24
771,219,552,2,New Hanover,2022-01-24
628,218,410,4,Buncombe,2022-01-24
228,97,131,0,Sampson,2022-01-24
415,14,401,0,Orange,2022-01-24
618,110,508,3,Gaston,2022-01-24
81,25,56,0,Yadkin,2022-01-24
49,30,19,0,Swain,2022-01-20
435,206,229,2,Wayne,2022-01-24
73,4,69,0,Chowan,2022-01-24
184,9,175,0,Granville,2022-01-24
670,51,619,0,Pitt,2022-01-24
228,112,116,0,Carteret,2022-01-24
115,35,80,1,Scotland,2022-01-24
132,25,107,0,Davie,2022-01-24
52,12,40,0,Hertford,2022-01-24
256,80,176,1,Wilson,2022-01-24
317,39,278,1,Moore,2022-01-24
125,7,118,0,Edgecombe,2022-01-24
89,9,80,0,Macon,2022-01-24
168,61,107,1,McDowell,2022-01-24
90,26,64,0,Cherokee,2022-01-24
63,8,55,0,Avery,2022-01-19
178,47,131,1,Richmond,2022-01-24
48,26,22,0,Washington,2022-01-24
36,2,34,1,Stanly,2021-12-08
32,18,14,1,Wayne,2021-12-08
70,7,63,2,Rowan,2021-12-08
12,5,7,1,Rutherford,2021-12-08
63,3,60,1,Durham,2021-12-08
28,9,19,0,Haywood,2021-12-08
58,25,33,0,Henderson,2021-12-08
75,30,45,1,Buncombe,2021-12-08
23,2,21,1,Stanly,2021-10-14
8,0,8,0,Edgecombe,2021-10-14
17,2,15,1,Caldwell,2021-10-16
23,4,19,1,Buncombe,2021-11-07
2,0,2,0,Hertford,2021-10-17
18,0,18,0,Edgecombe,2021-10-18
41,11,30,1,Rockingham,2021-10-18
16,4,12,0,Rutherford,2021-12-11
3,0,3,0,Pasquotank,2021-12-11
5,3,2,0,Alleghany,2021-12-11
35,6,29,0,Buncombe,2021-12-11
31,2,29,0,Onslow,2021-12-11
4,1,3,0,Carteret,2021-12-11
23,7,16,1,Burke,2021-12-11
12,0,12,0,Orange,2021-12-11
7,0,7,0,Camden,2021-10-20
26,0,26,0,Dare,2021-10-22
2,1,1,0,Currituck,2021-10-23
24,9,15,0,Catawba,2021-11-13
55,12,43,0,Harnett,2021-12-14
459,92,367,2,Mecklenburg,2021-12-14
18,7,11,0,Pasquotank,2021-12-14
14,6,8,0,Alleghany,2021-12-14
67,5,62,1,Pitt,2021-12-14
32,10,22,0,Vance,2021-12-14
31,9,22,0,Caldwell,2021-12-14
8,0,8,0,Nash,2021-11-13
21,1,20,2,Lee,2021-12-14
43,13,30,0,Transylvania,2021-12-14
30,6,24,0,Davie,2021-12-14
10,3,7,0,Chatham,2021-10-25
69,12,57,0,Onslow,2021-12-14
61,32,29,0,Randolph,2021-12-15
168,30,138,0,Cumberland,2021-12-15
50,15,35,2,Harnett,2021-12-15
38,10,28,0,Robeson,2021-12-15
47,0,47,1,Durham,2021-10-26
24,11,13,0,Wilkes,2021-10-26
63,5,58,0,Pitt,2021-12-03
79,10,69,0,Durham,2021-12-15
62,27,35,1,Henderson,2021-12-15
8,3,5,0,Sampson,2021-12-03
18,5,13,0,Burke,2021-10-26
58,10,48,0,Onslow,2021-12-15
19,0,19,0,Pitt,2021-11-21
49,16,33,0,Gaston,2021-11-21
11,6,5,0,Person,2021-12-18
21,5,16,0,Brunswick,2021-11-22
148,25,123,0,Guilford,2021-12-18
5,2,3,0,Halifax,2021-12-08
87,7,80,0,Durham,2021-12-18
59,7,52,3,Cabarrus,2021-12-18
31,17,14,0,Duplin,2021-12-08
46,7,39,0,Onslow,2021-12-08
24,10,14,0,Craven,2021-12-08
6,2,4,0,Person,2021-11-07
29,4,25,0,Harnett,2021-12-11
16,1,15,0,Davie,2021-12-11
8,2,6,0,Richmond,2021-12-11
22,8,14,0,Haywood,2021-12-14
112,56,56,1,Buncombe,2021-12-14
43,3,40,0,Orange,2021-12-14
28,14,14,0,Sampson,2021-12-14
77,27,50,2,Randolph,2021-12-14
28,10,18,0,Person,2021-12-15
27,3,24,1,Lee,2021-12-15
15,6,9,0,Avery,2021-12-15
27,8,19,0,Caldwell,2021-12-03
17,2,15,0,Cleveland,2021-12-03
7,3,4,0,Vance,2021-12-03
20,7,13,0,Avery,2021-12-18
29,4,25,0,Pitt,2021-11-22
6,0,6,0,Madison,2021-11-22
93,21,72,0,Johnston,2021-12-18
16,0,16,0,Moore,2021-11-22
21,2,19,0,Orange,2021-12-08
8,6,2,0,Avery,2021-12-08
11,1,10,0,Lee,2021-12-11
2,1,1,0,Bladen,2021-12-11
7,5,2,0,Transylvania,2021-12-11
6,4,2,0,Avery,2021-12-14
29,4,25,0,Chatham,2021-12-15
27,6,21,0,Yadkin,2021-12-03
26,15,11,0,Yancey,2021-12-15
17,5,12,1,Ashe,2021-12-03
144,24,120,0,Rockingham,2021-12-28
910,54,856,0,Durham,2021-12-28
429,138,291,1,Iredell,2021-12-28
265,80,185,2,Randolph,2021-12-28
479,41,438,0,Alamance,2021-12-28
532,86,446,0,Johnston,2021-12-28
256,60,196,1,Robeson,2021-12-28
215,12,203,0,Franklin,2021-12-28
801,71,730,1,Forsyth,2021-12-28
131,22,109,0,Lee,2021-12-28
21,4,17,1,Rockingham,2021-12-18
270,29,241,1,Rowan,2021-12-28
58,8,50,0,Stokes,2021-12-28
25,11,14,0,Wilson,2021-12-08
16,1,15,0,Stokes,2021-12-18
22,7,15,1,Robeson,2021-12-18
172,22,150,0,Halifax,2021-12-28
17,3,14,0,Lee,2021-12-08
132,19,113,0,Stanly,2021-12-28
339,22,317,0,Onslow,2021-12-28
28,21,7,0,Yancey,2021-12-28
137,18,119,2,Henderson,2021-12-28
122,25,97,0,Chatham,2021-12-28
9,0,9,0,Granville,2021-12-11
48,10,38,0,Ashe,2021-12-28
68,1,67,0,Dare,2021-12-28
30,2,28,0,Montgomery,2021-12-28
32,4,28,0,Currituck,2021-12-28
10,2,8,1,Rutherford,2021-12-14
55,5,50,0,Warren,2021-12-28
75,4,71,0,Columbus,2021-12-28
13,9,4,0,Sampson,2021-12-15
29,4,25,0,Onslow,2021-12-18
40,19,21,0,Randolph,2021-12-18
11,4,7,0,Currituck,2021-12-18
13,3,10,0,Gates,2021-12-28
517,190,327,0,Robeson,2022-01-06
631,175,456,2,Cabarrus,2022-01-06
670,73,597,1,Alamance,2022-01-06
262,63,199,1,Randolph,2022-01-06
1331,96,1235,0,Durham,2022-01-06
303,55,248,0,Halifax,2022-01-06
204,48,156,1,Caldwell,2022-01-06
77,16,61,0,Northampton,2022-01-06
766,99,667,0,Johnston,2022-01-06
294,46,248,1,Moore,2022-01-06
87,6,81,0,Greene,2022-01-06
268,117,151,0,Sampson,2022-01-06
98,15,83,0,Hertford,2022-01-06
47,3,44,0,Madison,2022-01-06
56,17,39,1,Ashe,2022-01-06
36,10,26,0,Mitchell,2022-01-06
77,14,63,0,Warren,2022-01-06
253,98,155,0,Duplin,2022-01-06
23,10,13,0,Jones,2022-01-06
56,15,41,0,Cherokee,2022-01-06
122,17,105,0,Bladen,2022-01-06
149,15,134,0,Granville,2022-01-06
3209,115,3094,3,Wake,2022-01-08
225,61,164,3,Catawba,2022-01-08
62,7,55,0,Wilson,2022-01-08
210,17,193,0,Orange,2022-01-08
265,62,203,1,New Hanover,2022-01-08
288,47,241,2,Buncombe,2022-01-08
386,84,302,1,Union,2022-01-08
717,46,671,0,Durham,2022-01-08
22,4,18,0,Washington,2022-01-08
125,59,66,0,Duplin,2022-01-08
286,87,199,1,Cabarrus,2022-01-08
24,4,20,0,Polk,2022-01-08
69,7,62,0,Richmond,2022-01-08
77,24,53,0,Craven,2022-01-08
54,0,54,0,Edgecombe,2022-01-08
63,19,44,0,Scotland,2022-01-08
152,3,149,0,Hoke,2022-01-08
272,42,230,0,Pitt,2022-01-08
181,7,174,0,Franklin,2022-01-08
68,12,56,0,Pender,2022-01-08
23,14,9,0,Transylvania,2022-01-08
117,19,98,1,Person,2022-01-06
114,12,102,0,Davie,2022-01-06
63,6,57,2,Yadkin,2022-01-08
35,0,35,0,Davie,2022-01-08
14,3,11,0,Jones,2022-01-08
64,8,56,1,Person,2022-01-08
19,11,8,0,Ashe,2022-01-08
4069,518,3551,1,Mecklenburg,2022-01-12
466,107,359,1,Randolph,2022-01-12
911,61,850,0,Pitt,2022-01-12
376,127,249,0,Burke,2022-01-12
718,271,447,0,Robeson,2022-01-12
528,130,398,0,Harnett,2022-01-12
349,89,260,1,Caldwell,2022-01-12
878,136,742,0,Onslow,2022-01-12
235,26,209,1,Halifax,2022-01-12
179,9,170,1,Edgecombe,2022-01-12
399,132,267,0,Sampson,2022-01-12
171,48,123,0,Watauga,2022-01-12
160,14,146,0,Vance,2022-01-12
64,14,50,1,Northampton,2022-01-12
81,7,74,0,Warren,2022-01-12
64,7,57,0,Currituck,2022-01-12
99,44,55,0,Bertie,2022-01-12
167,22,145,0,Person,2022-01-12
157,32,125,0,Bladen,2022-01-12
293,96,197,0,Henderson,2022-01-12
151,63,88,0,Haywood,2022-01-12
133,15,118,0,Montgomery,2022-01-12
233,52,181,0,Randolph,2022-01-15
325,117,208,1,Robeson,2022-01-15
663,21,642,0,Durham,2022-01-15
129,42,87,1,Craven,2022-01-15
266,91,175,0,Wayne,2022-01-15
120,38,82,0,Stanly,2022-01-15
9,3,6,0,Camden,2022-01-15
303,65,238,5,Cabarrus,2022-01-15
9,5,4,0,Gates,2022-01-15
71,8,63,0,Person,2022-01-15
47,14,33,0,Bladen,2022-01-15
310,9,301,2,Onslow,2022-01-15
61,5,56,1,Haywood,2022-01-15
192,6,186,0,Orange,2022-01-15
18,0,18,0,Avery,2022-01-15
57,3,54,0,Halifax,2022-01-15
17,1,16,0,Washington,2022-01-15
7,2,5,0,Jones,2022-01-15
10,4,6,0,Washington,2022-01-16
9,0,9,0,Bertie,2022-01-16
14,10,4,0,Martin,2022-01-16
132,19,113,0,Pitt,2022-01-16
42,1,41,0,Beaufort,2022-01-16
107,7,100,0,Durham,2022-01-16
53,9,44,0,Carteret,2022-01-16
58,10,48,2,Gaston,2022-01-16
259,36,223,0,New Hanover,2022-01-16
29,4,25,1,Davidson,2022-01-16
88,18,70,0,Union,2022-01-16
34,7,27,0,Davie,2022-01-15
105,54,51,0,Duplin,2022-01-15
63,7,56,0,Alamance,2021-10-13
48,8,40,0,Alamance,2021-10-15
20,0,20,0,Alamance,2021-10-17
50,7,43,0,Alamance,2021-10-18
34,6,28,0,Alamance,2021-10-19
39,3,36,0,Alamance,2021-10-21
31,6,25,0,Alamance,2021-10-22
17,2,15,0,Alamance,2021-10-24
35,5,30,0,Alamance,2021-10-27
31,3,28,0,Alamance,2021-10-28
25,5,20,0,Alamance,2021-10-29
16,1,15,0,Alamance,2021-10-30
8,0,8,0,Alamance,2021-10-31
51,3,48,0,Alamance,2021-11-01
34,5,29,0,Alamance,2021-11-03
36,3,33,0,Alamance,2021-11-04
24,1,23,0,Alamance,2021-11-05
15,1,14,0,Alamance,2021-11-06
62,2,60,0,Alamance,2021-11-08
53,5,48,0,Alamance,2021-11-09
49,5,44,0,Alamance,2021-11-10
40,1,39,0,Alamance,2021-11-12
19,3,16,0,Alamance,2021-11-14
57,9,48,0,Alamance,2021-11-15
39,3,36,0,Alamance,2021-11-16
33,2,31,0,Alamance,2021-11-19
18,2,16,0,Alamance,2021-11-20
54,4,50,0,Alamance,2021-11-23
45,6,39,0,Alamance,2021-11-24
3,0,3,0,Alamance,2021-11-25
52,3,49,0,Alamance,2021-11-26
26,1,25,0,Alamance,2021-11-27
37,7,30,0,Alamance,2021-11-28
63,4,59,0,Alamance,2021-12-01
56,2,54,0,Alamance,2021-12-02
69,5,64,0,Alamance,2021-12-07
60,3,57,0,Alamance,2021-12-09
54,5,49,0,Alamance,2021-12-10
120,4,116,0,Alamance,2021-12-13
62,8,54,0,Alamance,2021-12-17
33,1,32,0,Alamance,2021-12-19
143,13,130,0,Alamance,2021-12-22
160,25,135,0,Alamance,2021-12-23
31,6,25,0,Alamance,2021-12-25
447,74,373,0,Alamance,2021-12-27
497,53,444,0,Alamance,2021-12-29
502,68,434,0,Alamance,2021-12-30
243,52,191,0,Alamance,2021-12-31
102,19,83,0,Alamance,2022-01-01
674,90,584,0,Alamance,2022-01-03
767,79,688,0,Alamance,2022-01-05
279,42,237,0,Alamance,2022-01-09
589,53,536,0,Alamance,2022-01-14
205,42,163,0,Alamance,2022-01-17
534,41,493,0,Alamance,2022-01-20
80,5,75,0,Alamance,2022-01-22
353,53,300,0,Alamance,2022-01-25
85,10,75,0,Alamance,2022-01-30
174,26,148,0,Alamance,2022-02-03
139,21,118,0,Alamance,2022-02-07
94,11,83,0,Alamance,2022-02-09
105,26,79,0,Alamance,2022-02-14
50,3,47,0,Alamance,2022-02-18
68,11,57,0,Alamance,2022-02-21
26,4,22,0,Alamance,2022-02-24
16,2,14,0,Alamance,2022-02-25
14,4,10,0,Alamance,2022-02-26
37,9,28,0,Alamance,2022-02-28
27,4,23,0,Alamance,2022-03-01
34,6,28,0,Alamance,2022-03-02
21,1,20,0,Alamance,2022-03-03
19,1,18,0,Alamance,2022-03-04
8,1,7,0,Alamance,2022-03-05
4,1,3,0,Alamance,2022-03-06
13,1,12,0,Alamance,2022-03-07
15,3,12,0,Alamance,2022-03-09
8,0,8,0,Alamance,2022-03-10
8,0,8,0,Alamance,2022-03-11
5,1,4,0,Alamance,2022-03-12
8,0,8,0,Alamance,2022-03-15
3,0,3,0,Alamance,2022-03-16
8,0,8,0,Alamance,2022-03-18
1,0,1,0,Alamance,2022-03-19
12,1,11,0,Alamance,2022-03-21
7,0,7,0,Alamance,2022-03-22
8,0,8,0,Alamance,2022-03-23
8,4,4,0,Alamance,2022-03-24
6,2,4,0,Alamance,2022-03-25
2,0,2,0,Alamance,2022-03-26
7,2,5,0,Alamance,2022-03-27
9,2,7,0,Alamance,2022-03-28
11,7,4,0,Alamance,2022-03-29
12,1,11,0,Alamance,2022-03-30
13,6,7,0,Alamance,2022-04-01
7,1,6,0,Alamance,2022-04-02
7,2,5,0,Alamance,2022-04-03
17,3,14,0,Alamance,2022-04-04
18,3,15,0,Alamance,2022-04-05
27,8,19,0,Alamance,2022-04-07
27,7,20,0,Alamance,2022-04-08
8,2,6,0,Alamance,2022-04-09
12,3,9,0,Alexander,2021-10-12
13,6,7,0,Alexander,2021-10-13
5,2,3,0,Alexander,2021-10-15
9,2,7,0,Alexander,2021-10-19
5,4,1,0,Alexander,2021-10-23
4,3,1,0,Alexander,2021-10-24
8,5,3,0,Alexander,2021-10-27
1,0,1,0,Alexander,2021-10-28
9,3,6,0,Alexander,2021-10-29
3,2,1,0,Alexander,2021-10-30
7,3,4,0,Alexander,2021-10-31
11,4,7,0,Alexander,2021-11-01
13,4,9,0,Alexander,2021-11-02
9,7,2,0,Alexander,2021-11-03
7,1,6,0,Alexander,2021-11-04
6,1,5,0,Alexander,2021-11-05
7,1,6,0,Alexander,2021-11-06
16,2,14,0,Alexander,2021-11-08
7,2,5,0,Alexander,2021-11-09
9,8,1,0,Alexander,2021-11-10
2,1,1,0,Alexander,2021-11-11
8,2,6,0,Alexander,2021-11-12
9,8,1,0,Alexander,2021-11-13
4,3,1,0,Alexander,2021-11-14
24,10,14,0,Alexander,2021-11-15
18,9,9,0,Alexander,2021-11-16
13,6,7,0,Alexander,2021-11-17
18,4,14,0,Alexander,2021-11-18
12,3,9,0,Alexander,2021-11-19
10,4,6,0,Alexander,2021-11-20
6,4,2,0,Alexander,2021-11-21
14,7,7,0,Alexander,2021-11-22
15,5,10,0,Alexander,2021-11-23
14,3,11,0,Alexander,2021-11-24
0,0,0,0,Alexander,2021-11-25
6,4,2,0,Alexander,2021-11-26
7,4,3,0,Alexander,2021-11-27
7,1,6,0,Alexander,2021-11-28
12,8,4,0,Alexander,2021-11-29
11,7,4,0,Alexander,2021-11-30
20,6,14,0,Alexander,2021-12-01
23,14,9,0,Alexander,2021-12-02
5,2,3,0,Alexander,2021-12-04
10,6,4,0,Alexander,2021-12-05
26,12,14,0,Alexander,2021-12-06
27,17,10,0,Alexander,2021-12-07
18,8,10,0,Alexander,2021-12-09
12,4,8,0,Alexander,2021-12-10
6,4,2,0,Alexander,2021-12-12
22,5,17,0,Alexander,2021-12-13
15,9,6,0,Alexander,2021-12-15
19,11,8,0,Alexander,2021-12-16
15,7,8,0,Alexander,2021-12-17
8,6,2,0,Alexander,2021-12-18
8,5,3,0,Alexander,2021-12-19
25,10,15,0,Alexander,2021-12-20
19,9,10,0,Alexander,2021-12-21
22,14,8,0,Alexander,2021-12-22
31,12,19,0,Alexander,2021-12-23
2,0,2,0,Alexander,2021-12-25
14,11,3,0,Alexander,2021-12-26
62,35,27,0,Alexander,2021-12-27
64,35,29,0,Alexander,2021-12-29
80,39,41,0,Alexander,2021-12-30
38,21,17,0,Alexander,2021-12-31
21,10,11,0,Alexander,2022-01-01
34,6,28,0,Alexander,2022-01-02
99,43,56,0,Alexander,2022-01-03
78,23,55,0,Alexander,2022-01-04
90,30,60,0,Alexander,2022-01-05
95,27,68,0,Alexander,2022-01-06
55,16,39,0,Alexander,2022-01-07
54,12,42,0,Alexander,2022-01-08
40,8,32,0,Alexander,2022-01-09
149,67,82,0,Alexander,2022-01-10
153,46,107,0,Alexander,2022-01-11
123,28,95,0,Alexander,2022-01-13
104,17,87,0,Alexander,2022-01-14
7,3,4,0,Alexander,2022-01-16
23,13,10,0,Alexander,2022-01-17
146,44,102,0,Alexander,2022-01-19
129,29,100,0,Alexander,2022-01-20
84,18,66,0,Alexander,2022-01-21
53,23,30,0,Alexander,2022-01-22
86,21,65,0,Alexander,2022-01-25
65,18,47,0,Alexander,2022-01-27
62,14,48,0,Alexander,2022-01-28
13,3,10,0,Alexander,2022-01-29
17,2,15,0,Alexander,2022-01-30
72,26,46,0,Alexander,2022-01-31
46,15,31,0,Alexander,2022-02-01
39,7,32,0,Alexander,2022-02-02
41,10,31,0,Alexander,2022-02-04
23,5,18,0,Alexander,2022-02-05
13,6,7,0,Alexander,2022-02-06
49,16,33,0,Alexander,2022-02-07
32,13,19,0,Alexander,2022-02-08
21,7,14,0,Alexander,2022-02-11
15,3,12,0,Alexander,2022-02-12
9,3,6,0,Alexander,2022-02-13
13,5,8,0,Alexander,2022-02-14
13,3,10,0,Alexander,2022-02-15
13,2,11,0,Alexander,2022-02-17
5,0,5,0,Alexander,2022-02-19
13,1,12,0,Alexander,2022-02-20
20,12,8,0,Alexander,2022-02-21
2,0,2,0,Alexander,2022-02-22
8,1,7,0,Alexander,2022-02-23
1,0,1,0,Alexander,2022-02-25
2,1,1,0,Alexander,2022-02-27
8,2,6,0,Alexander,2022-02-28
5,2,3,0,Alexander,2022-03-01
2,0,2,0,Alexander,2022-03-02
4,1,3,0,Alexander,2022-03-03
1,0,1,0,Alexander,2022-03-04
2,1,1,0,Alexander,2022-03-05
0,0,0,0,Alexander,2022-03-06
4,1,3,0,Alexander,2022-03-07
1,0,1,0,Alexander,2022-03-08
3,0,3,0,Alexander,2022-03-09
2,1,1,0,Alexander,2022-03-10
1,0,1,0,Alexander,2022-03-11
3,0,3,0,Alexander,2022-03-12
1,1,0,0,Alexander,2022-03-13
2,2,0,0,Alexander,2022-03-14
2,0,2,0,Alexander,2022-03-15
1,0,1,0,Alexander,2022-03-16
1,0,1,0,Alexander,2022-03-17
2,1,1,0,Alexander,2022-03-18
1,0,1,0,Alexander,2022-03-19
0,0,0,0,Alexander,2022-03-20
2,0,2,0,Alexander,2022-03-21
2,2,0,0,Alexander,2022-03-22
2,0,2,0,Alexander,2022-03-23
2,0,2,0,Alexander,2022-03-24
1,0,1,0,Alexander,2022-03-25
0,0,0,0,Alexander,2022-03-26
0,0,0,0,Alexander,2022-03-27
0,0,0,0,Alexander,2022-03-28
0,0,0,0,Alexander,2022-03-29
0,0,0,0,Alexander,2022-03-30
1,0,1,0,Alexander,2022-03-31
0,0,0,0,Alexander,2022-04-01
0,0,0,0,Alexander,2022-04-02
0,0,0,0,Alexander,2022-04-03
1,1,0,0,Alexander,2022-04-04
1,0,1,0,Alexander,2022-04-05
1,1,0,0,Alexander,2022-04-06
0,0,0,0,Alexander,2022-04-07
2,1,1,0,Alexander,2022-04-08
0,0,0,0,Alexander,2022-04-09
4,2,2,0,Alleghany,2021-10-12
4,1,3,0,Alleghany,2021-10-13
4,0,4,0,Alleghany,2021-10-15
2,0,2,0,Alleghany,2021-10-16
0,0,0,0,Alleghany,2021-10-17
2,0,2,0,Alleghany,2021-10-18
4,3,1,0,Alleghany,2021-10-19
0,0,0,0,Alleghany,2021-10-20
2,0,2,0,Alleghany,2021-10-21
1,0,1,0,Alleghany,2021-10-22
1,0,1,0,Alleghany,2021-10-23
2,1,1,0,Alleghany,2021-10-24
5,1,4,0,Alleghany,2021-10-25
3,2,1,0,Alleghany,2021-10-26
0,0,0,0,Alleghany,2021-10-27
1,0,1,0,Alleghany,2021-10-28
1,0,1,0,Alleghany,2021-10-29
1,0,1,0,Alleghany,2021-10-30
0,0,0,0,Alleghany,2021-10-31
1,0,1,0,Alleghany,2021-11-01
1,0,1,0,Alleghany,2021-11-02
3,0,3,0,Alleghany,2021-11-03
4,0,4,0,Alleghany,2021-11-04
6,1,5,0,Alleghany,2021-11-05
6,1,5,0,Alleghany,2021-11-06
0,0,0,0,Alleghany,2021-11-07
5,4,1,0,Alleghany,2021-11-08
9,1,8,0,Alleghany,2021-11-09
6,0,6,0,Alleghany,2021-11-10
2,0,2,0,Alleghany,2021-11-11
21,1,20,0,Alleghany,2021-11-12
9,1,8,0,Alleghany,2021-11-13
4,0,4,0,Alleghany,2021-11-14
9,1,8,0,Alleghany,2021-11-15
3,1,2,0,Alleghany,2021-11-16
15,0,15,0,Alleghany,2021-11-17
17,3,14,0,Alleghany,2021-11-18
10,1,9,0,Alleghany,2021-11-19
1,0,1,0,Alleghany,2021-11-20
1,0,1,0,Alleghany,2021-11-21
15,6,9,0,Alleghany,2021-11-22
8,1,7,0,Alleghany,2021-11-23
6,2,4,0,Alleghany,2021-11-24
3,2,1,0,Alleghany,2021-11-25
5,2,3,0,Alleghany,2021-11-26
2,1,1,0,Alleghany,2021-11-27
3,2,1,0,Alleghany,2021-11-28
13,1,12,0,Alleghany,2021-11-29
9,1,8,0,Alleghany,2021-11-30
9,2,7,0,Alleghany,2021-12-01
1,0,1,0,Alleghany,2021-12-02
9,0,9,0,Alleghany,2021-12-03
4,0,4,0,Alleghany,2021-12-04
3,3,0,0,Alleghany,2021-12-05
31,5,26,0,Alleghany,2021-12-06
7,2,5,0,Alleghany,2021-12-07
22,5,17,0,Alleghany,2021-12-08
14,2,12,0,Alleghany,2021-12-09
5,0,5,0,Alleghany,2021-12-10
4,1,3,0,Alleghany,2021-12-12
16,3,13,0,Alleghany,2021-12-13
9,2,7,0,Alleghany,2021-12-15
16,3,13,0,Alleghany,2021-12-17
2,2,0,0,Alleghany,2021-12-18
4,3,1,0,Alleghany,2021-12-19
11,4,7,0,Alleghany,2021-12-20
8,2,6,0,Alleghany,2021-12-21
8,1,7,0,Alleghany,2021-12-22
4,2,2,0,Alleghany,2021-12-23
2,1,1,0,Alleghany,2021-12-24
2,2,0,0,Alleghany,2021-12-25
3,0,3,0,Alleghany,2021-12-26
7,4,3,0,Alleghany,2021-12-27
15,5,10,0,Alleghany,2021-12-30
3,1,2,0,Alleghany,2022-01-01
4,2,2,0,Alleghany,2022-01-02
38,10,28,0,Alleghany,2022-01-04
25,5,20,0,Alleghany,2022-01-05
28,7,21,0,Alleghany,2022-01-06
7,5,2,0,Alleghany,2022-01-07
9,6,3,0,Alleghany,2022-01-08
9,7,2,0,Alleghany,2022-01-09
50,12,38,0,Alleghany,2022-01-10
37,10,27,0,Alleghany,2022-01-11
36,5,31,0,Alleghany,2022-01-12
34,7,27,0,Alleghany,2022-01-13
31,12,19,0,Alleghany,2022-01-14
3,3,0,0,Alleghany,2022-01-15
3,3,0,0,Alleghany,2022-01-16
8,5,3,0,Alleghany,2022-01-17
10,2,8,0,Alleghany,2022-01-18
37,8,29,0,Alleghany,2022-01-19
21,2,19,0,Alleghany,2022-01-20
23,3,20,0,Alleghany,2022-01-21
4,3,1,0,Alleghany,2022-01-22
5,4,1,0,Alleghany,2022-01-23
42,9,33,0,Alleghany,2022-01-24
30,10,20,0,Alleghany,2022-01-25
23,4,19,0,Alleghany,2022-01-26
23,3,20,0,Alleghany,2022-01-27
20,6,14,0,Alleghany,2022-01-28
4,2,2,0,Alleghany,2022-01-29
4,1,3,0,Alleghany,2022-01-30
26,7,19,0,Alleghany,2022-01-31
22,4,18,0,Alleghany,2022-02-02
17,5,12,0,Alleghany,2022-02-03
21,10,11,0,Alleghany,2022-02-04
3,2,1,0,Alleghany,2022-02-05
3,2,1,0,Alleghany,2022-02-06
13,5,8,0,Alleghany,2022-02-07
7,2,5,0,Alleghany,2022-02-08
8,1,7,0,Alleghany,2022-02-09
11,5,6,0,Alleghany,2022-02-10
3,0,3,0,Alleghany,2022-02-11
0,0,0,0,Alleghany,2022-02-12
2,1,1,0,Alleghany,2022-02-13
11,2,9,0,Alleghany,2022-02-14
10,7,3,0,Alleghany,2022-02-15
5,0,5,0,Alleghany,2022-02-16
6,2,4,0,Alleghany,2022-02-17
7,4,3,0,Alleghany,2022-02-18
1,0,1,0,Alleghany,2022-02-19
1,0,1,0,Alleghany,2022-02-20
10,8,2,0,Alleghany,2022-02-21
9,1,8,0,Alleghany,2022-02-22
6,1,5,0,Alleghany,2022-02-23
6,2,4,0,Alleghany,2022-02-24
4,0,4,0,Alleghany,2022-02-25
4,0,4,0,Alleghany,2022-02-26
0,0,0,0,Alleghany,2022-02-27
4,0,4,0,Alleghany,2022-02-28
3,0,3,0,Alleghany,2022-03-01
5,2,3,0,Alleghany,2022-03-02
4,2,2,0,Alleghany,2022-03-03
2,0,2,0,Alleghany,2022-03-04
1,1,0,0,Alleghany,2022-03-05
0,0,0,0,Alleghany,2022-03-06
0,0,0,0,Alleghany,2022-03-07
1,1,0,0,Alleghany,2022-03-08
3,2,1,0,Alleghany,2022-03-09
1,0,1,0,Alleghany,2022-03-10
0,0,0,0,Alleghany,2022-03-11
0,0,0,0,Alleghany,2022-03-12
0,0,0,0,Alleghany,2022-03-13
0,0,0,0,Alleghany,2022-03-14
0,0,0,0,Alleghany,2022-03-15
2,2,0,0,Alleghany,2022-03-16
0,0,0,0,Alleghany,2022-03-17
0,0,0,0,Alleghany,2022-03-18
1,1,0,0,Alleghany,2022-03-19
3,2,1,0,Alleghany,2022-03-20
0,0,0,0,Alleghany,2022-03-21
0,0,0,0,Alleghany,2022-03-22
1,0,1,0,Alleghany,2022-03-23
0,0,0,0,Alleghany,2022-03-24
1,1,0,0,Alleghany,2022-03-25
0,0,0,0,Alleghany,2022-03-26
0,0,0,0,Alleghany,2022-03-27
0,0,0,0,Alleghany,2022-03-28
1,0,1,0,Alleghany,2022-03-29
1,1,0,0,Alleghany,2022-03-30
0,0,0,0,Alleghany,2022-03-31
0,0,0,0,Alleghany,2022-04-01
0,0,0,0,Alleghany,2022-04-02
0,0,0,0,Alleghany,2022-04-03
0,0,0,0,Alleghany,2022-04-04
0,0,0,0,Alleghany,2022-04-05
1,1,0,0,Alleghany,2022-04-06
0,0,0,0,Alleghany,2022-04-07
1,0,1,0,Alleghany,2022-04-08
0,0,0,0,Alleghany,2022-04-09
6,0,6,0,Anson,2021-10-13
5,0,5,0,Anson,2021-10-14
4,0,4,0,Anson,2021-10-15
1,0,1,0,Anson,2021-10-16
1,0,1,0,Anson,2021-10-17
7,1,6,0,Anson,2021-10-18
2,0,2,0,Anson,2021-10-19
4,0,4,0,Anson,2021-10-21
4,1,3,0,Anson,2021-10-23
2,0,2,0,Anson,2021-10-24
12,3,9,0,Anson,2021-10-26
4,2,2,0,Anson,2021-10-27
11,2,9,0,Anson,2021-10-28
4,1,3,0,Anson,2021-10-29
5,0,5,0,Anson,2021-10-30
3,0,3,0,Anson,2021-10-31
23,3,20,0,Anson,2021-11-02
5,0,5,0,Anson,2021-11-03
9,1,8,0,Anson,2021-11-04
1,0,1,0,Anson,2021-11-05
0,0,0,0,Anson,2021-11-06
5,0,5,0,Anson,2021-11-07
7,1,6,0,Anson,2021-11-09
8,1,7,0,Anson,2021-11-10
6,0,6,0,Anson,2021-11-12
2,0,2,0,Anson,2021-11-14
2,0,2,0,Anson,2021-11-15
1,0,1,0,Anson,2021-11-16
7,1,6,0,Anson,2021-11-17
1,0,1,0,Anson,2021-11-18
7,0,7,0,Anson,2021-11-19
4,0,4,0,Anson,2021-11-20
7,0,7,0,Anson,2021-11-21
2,1,1,0,Anson,2021-11-22
2,0,2,0,Anson,2021-11-23
3,2,1,0,Anson,2021-11-24
0,0,0,0,Anson,2021-11-25
3,1,2,0,Anson,2021-11-26
1,0,1,0,Anson,2021-11-27
5,0,5,0,Anson,2021-11-28
10,0,10,0,Anson,2021-11-29
5,0,5,0,Anson,2021-11-30
7,3,4,0,Anson,2021-12-01
3,1,2,0,Anson,2021-12-02
8,0,8,0,Anson,2021-12-03
1,0,1,0,Anson,2021-12-04
4,0,4,0,Anson,2021-12-05
8,0,8,0,Anson,2021-12-06
7,2,5,0,Anson,2021-12-07
6,0,6,0,Anson,2021-12-08
6,0,6,0,Anson,2021-12-09
1,0,1,0,Anson,2021-12-11
4,1,3,0,Anson,2021-12-12
4,2,2,0,Anson,2021-12-13
7,1,6,0,Anson,2021-12-16
3,0,3,0,Anson,2021-12-17
6,0,6,0,Anson,2021-12-18
4,0,4,0,Anson,2021-12-19
13,2,11,0,Anson,2021-12-20
17,5,12,0,Anson,2021-12-21
13,1,12,0,Anson,2021-12-22
4,2,2,0,Anson,2021-12-24
5,0,5,0,Anson,2021-12-25
10,1,9,0,Anson,2021-12-26
50,15,35,0,Anson,2021-12-27
65,2,63,0,Anson,2021-12-28
44,5,39,0,Anson,2021-12-29
52,8,44,0,Anson,2021-12-30
33,7,26,0,Anson,2021-12-31
22,3,19,0,Anson,2022-01-01
25,6,19,0,Anson,2022-01-02
85,18,67,0,Anson,2022-01-03
107,12,95,0,Anson,2022-01-04
84,14,70,0,Anson,2022-01-05
85,9,76,0,Anson,2022-01-07
26,2,24,0,Anson,2022-01-08
24,4,20,0,Anson,2022-01-09
114,19,95,0,Anson,2022-01-10
105,9,96,0,Anson,2022-01-11
88,11,77,0,Anson,2022-01-12
94,16,78,0,Anson,2022-01-13
75,11,64,0,Anson,2022-01-14
8,0,8,0,Anson,2022-01-16
45,6,39,0,Anson,2022-01-17
110,29,81,0,Anson,2022-01-18
110,31,79,0,Anson,2022-01-19
36,12,24,0,Anson,2022-01-21
17,4,13,0,Anson,2022-01-22
14,2,12,0,Anson,2022-01-23
82,21,61,0,Anson,2022-01-24
57,13,44,0,Anson,2022-01-25
55,16,39,0,Anson,2022-01-26
49,10,39,0,Anson,2022-01-27
38,7,31,0,Anson,2022-01-28
12,3,9,0,Anson,2022-01-29
44,10,34,0,Anson,2022-01-31
24,6,18,0,Anson,2022-02-01
21,3,18,0,Anson,2022-02-02
13,4,9,0,Anson,2022-02-03
16,3,13,0,Anson,2022-02-04
12,1,11,0,Anson,2022-02-05
20,4,16,0,Anson,2022-02-07
10,1,9,0,Anson,2022-02-11
3,1,2,0,Anson,2022-02-12
19,7,12,0,Anson,2022-02-14
7,0,7,0,Anson,2022-02-15
3,0,3,0,Anson,2022-02-17
3,0,3,0,Anson,2022-02-18
6,5,1,0,Anson,2022-02-19
6,2,4,0,Anson,2022-02-21
1,1,0,0,Anson,2022-02-22
3,2,1,0,Anson,2022-02-24
3,0,3,0,Anson,2022-02-25
2,0,2,0,Anson,2022-02-26
1,0,1,0,Anson,2022-02-27
5,1,4,0,Anson,2022-02-28
1,0,1,0,Anson,2022-03-01
0,0,0,0,Anson,2022-03-02
1,0,1,0,Anson,2022-03-03
1,0,1,0,Anson,2022-03-04
0,0,0,0,Anson,2022-03-05
1,0,1,0,Anson,2022-03-06
3,2,1,0,Anson,2022-03-07
0,0,0,0,Anson,2022-03-08
0,0,0,0,Anson,2022-03-09
1,0,1,0,Anson,2022-03-10
0,0,0,0,Anson,2022-03-11
1,0,1,0,Anson,2022-03-12
1,0,1,0,Anson,2022-03-13
1,0,1,0,Anson,2022-03-14
1,0,1,0,Anson,2022-03-15
1,0,1,0,Anson,2022-03-16
0,0,0,0,Anson,2022-03-17
1,0,1,0,Anson,2022-03-18
0,0,0,0,Anson,2022-03-19
2,0,2,0,Anson,2022-03-20
1,1,0,0,Anson,2022-03-21
2,0,2,0,Anson,2022-03-22
0,0,0,0,Anson,2022-03-23
0,0,0,0,Anson,2022-03-24
0,0,0,0,Anson,2022-03-25
0,0,0,0,Anson,2022-03-26
0,0,0,0,Anson,2022-03-27
0,0,0,0,Anson,2022-03-28
0,0,0,0,Anson,2022-03-29
0,0,0,0,Anson,2022-03-30
0,0,0,0,Anson,2022-03-31
0,0,0,0,Anson,2022-04-01
0,0,0,0,Anson,2022-04-02
0,0,0,0,Anson,2022-04-03
0,0,0,0,Anson,2022-04-04
0,0,0,0,Anson,2022-04-05
1,0,1,0,Anson,2022-04-06
0,0,0,0,Anson,2022-04-07
0,0,0,0,Anson,2022-04-08
0,0,0,0,Anson,2022-04-09
11,4,7,0,Ashe,2021-10-12
12,6,6,0,Ashe,2021-10-13
9,3,6,0,Ashe,2021-10-14
6,1,5,0,Ashe,2021-10-15
2,1,1,0,Ashe,2021-10-16
1,0,1,0,Ashe,2021-10-17
5,0,5,0,Ashe,2021-10-19
5,1,4,0,Ashe,2021-10-20
4,0,4,0,Ashe,2021-10-21
5,1,4,0,Ashe,2021-10-22
1,0,1,0,Ashe,2021-10-23
3,1,2,0,Ashe,2021-10-24
5,1,4,0,Ashe,2021-10-25
8,2,6,0,Ashe,2021-10-26
3,2,1,0,Ashe,2021-10-27
2,0,2,0,Ashe,2021-10-28
0,0,0,0,Ashe,2021-10-29
2,0,2,0,Ashe,2021-10-30
1,0,1,0,Ashe,2021-10-31
7,0,7,0,Ashe,2021-11-01
1,0,1,0,Ashe,2021-11-02
12,3,9,0,Ashe,2021-11-03
5,1,4,0,Ashe,2021-11-04
5,2,3,0,Ashe,2021-11-05
6,4,2,0,Ashe,2021-11-06
3,0,3,0,Ashe,2021-11-07
6,3,3,0,Ashe,2021-11-09
6,1,5,0,Ashe,2021-11-10
2,0,2,0,Ashe,2021-11-11
3,1,2,0,Ashe,2021-11-13
15,7,8,0,Ashe,2021-11-15
6,2,4,0,Ashe,2021-11-16
10,4,6,0,Ashe,2021-11-18
7,3,4,0,Ashe,2021-11-19
1,0,1,0,Ashe,2021-11-20
3,0,3,0,Ashe,2021-11-21
7,1,6,0,Ashe,2021-11-23
5,1,4,0,Ashe,2021-11-24
1,1,0,0,Ashe,2021-11-25
5,3,2,0,Ashe,2021-11-27
7,2,5,0,Ashe,2021-11-28
24,9,15,0,Ashe,2021-11-29
20,3,17,0,Ashe,2021-11-30
15,2,13,0,Ashe,2021-12-01
14,2,12,0,Ashe,2021-12-02
10,3,7,0,Ashe,2021-12-05
32,8,24,0,Ashe,2021-12-06
15,7,8,0,Ashe,2021-12-07
26,9,17,0,Ashe,2021-12-08
19,5,14,0,Ashe,2021-12-09
23,13,10,0,Ashe,2021-12-10
11,1,10,0,Ashe,2021-12-11
3,1,2,0,Ashe,2021-12-12
18,4,14,0,Ashe,2021-12-14
14,4,10,0,Ashe,2021-12-15
15,7,8,0,Ashe,2021-12-17
8,2,6,0,Ashe,2021-12-18
4,0,4,0,Ashe,2021-12-19
24,9,15,0,Ashe,2021-12-20
16,7,9,0,Ashe,2021-12-21
14,3,11,0,Ashe,2021-12-22
6,0,6,0,Ashe,2021-12-23
9,3,6,0,Ashe,2021-12-24
3,1,2,0,Ashe,2021-12-25
12,7,5,0,Ashe,2021-12-26
19,9,10,0,Ashe,2021-12-27
48,10,38,0,Ashe,2021-12-29
37,12,25,0,Ashe,2021-12-30
19,12,7,0,Ashe,2021-12-31
22,16,6,0,Ashe,2022-01-02
28,9,19,0,Ashe,2022-01-03
71,15,56,0,Ashe,2022-01-04
55,11,44,0,Ashe,2022-01-05
29,10,19,0,Ashe,2022-01-07
10,5,5,0,Ashe,2022-01-09
95,27,68,0,Ashe,2022-01-10
68,30,38,0,Ashe,2022-01-13
21,11,10,0,Ashe,2022-01-15
8,5,3,0,Ashe,2022-01-16
17,11,6,0,Ashe,2022-01-17
53,20,33,0,Ashe,2022-01-18
16,10,6,0,Ashe,2022-01-23
95,30,65,0,Ashe,2022-01-24
44,7,37,0,Ashe,2022-01-26
39,18,21,0,Ashe,2022-01-27
33,10,23,0,Ashe,2022-01-28
5,2,3,0,Ashe,2022-01-29
13,9,4,0,Ashe,2022-01-30
39,12,27,0,Ashe,2022-02-01
45,19,26,0,Ashe,2022-02-02
53,29,24,0,Ashe,2022-02-03
43,24,19,0,Ashe,2022-02-04
13,9,4,0,Ashe,2022-02-05
10,7,3,0,Ashe,2022-02-06
45,27,18,0,Ashe,2022-02-07
43,23,20,0,Ashe,2022-02-08
31,13,18,0,Ashe,2022-02-09
22,9,13,0,Ashe,2022-02-10
25,8,17,0,Ashe,2022-02-11
17,14,3,0,Ashe,2022-02-12
2,1,1,0,Ashe,2022-02-13
25,12,13,0,Ashe,2022-02-14
29,17,12,0,Ashe,2022-02-15
14,8,6,0,Ashe,2022-02-17
19,7,12,0,Ashe,2022-02-18
7,6,1,0,Ashe,2022-02-19
5,5,0,0,Ashe,2022-02-20
31,12,19,0,Ashe,2022-02-21
15,9,6,0,Ashe,2022-02-22
15,9,6,0,Ashe,2022-02-23
26,16,10,0,Ashe,2022-02-25
4,3,1,0,Ashe,2022-02-27
13,5,8,0,Ashe,2022-02-28
10,3,7,0,Ashe,2022-03-01
2,2,0,0,Ashe,2022-03-02
4,3,1,0,Ashe,2022-03-03
0,0,0,0,Ashe,2022-03-05
1,0,1,0,Ashe,2022-03-06
5,3,2,0,Ashe,2022-03-07
4,3,1,0,Ashe,2022-03-08
4,1,3,0,Ashe,2022-03-09
3,1,2,0,Ashe,2022-03-10
2,0,2,0,Ashe,2022-03-11
1,1,0,0,Ashe,2022-03-12
0,0,0,0,Ashe,2022-03-13
6,1,5,0,Ashe,2022-03-14
0,0,0,0,Ashe,2022-03-15
0,0,0,0,Ashe,2022-03-16
0,0,0,0,Ashe,2022-03-17
1,0,1,0,Ashe,2022-03-18
1,0,1,0,Ashe,2022-03-19
0,0,0,0,Ashe,2022-03-20
1,1,0,0,Ashe,2022-03-21
0,0,0,0,Ashe,2022-03-22
0,0,0,0,Ashe,2022-03-23
0,0,0,0,Ashe,2022-03-24
0,0,0,0,Ashe,2022-03-25
0,0,0,0,Ashe,2022-03-26
0,0,0,0,Ashe,2022-03-27
2,0,2,0,Ashe,2022-03-28
0,0,0,0,Ashe,2022-03-29
1,1,0,0,Ashe,2022-03-30
0,0,0,0,Ashe,2022-03-31
2,0,2,0,Ashe,2022-04-01
0,0,0,0,Ashe,2022-04-02
0,0,0,0,Ashe,2022-04-03
1,0,1,0,Ashe,2022-04-04
3,2,1,0,Ashe,2022-04-05
2,2,0,0,Ashe,2022-04-06
0,0,0,0,Ashe,2022-04-07
1,0,1,0,Ashe,2022-04-08
0,0,0,0,Ashe,2022-04-09
7,1,6,0,Avery,2021-10-12
6,4,2,0,Avery,2021-10-13
6,0,6,0,Avery,2021-10-14
15,2,13,0,Avery,2021-10-15
3,1,2,0,Avery,2021-10-16
6,2,4,0,Avery,2021-10-18
3,0,3,0,Avery,2021-10-19
2,1,1,0,Avery,2021-10-20
4,1,3,0,Avery,2021-10-21
1,0,1,0,Avery,2021-10-22
0,0,0,0,Avery,2021-10-23
0,0,0,0,Avery,2021-10-24
2,0,2,0,Avery,2021-10-26
2,1,1,0,Avery,2021-10-27
5,0,5,0,Avery,2021-10-28
3,2,1,0,Avery,2021-10-29
1,0,1,0,Avery,2021-10-31
3,1,2,0,Avery,2021-11-03
5,3,2,0,Avery,2021-11-04
11,0,11,0,Avery,2021-11-05
0,0,0,0,Avery,2021-11-06
1,0,1,0,Avery,2021-11-07
12,8,4,0,Avery,2021-11-08
1,1,0,0,Avery,2021-11-09
5,2,3,0,Avery,2021-11-10
2,1,1,0,Avery,2021-11-11
7,1,6,0,Avery,2021-11-12
1,0,1,0,Avery,2021-11-13
0,0,0,0,Avery,2021-11-14
9,0,9,0,Avery,2021-11-15
2,1,1,0,Avery,2021-11-16
4,1,3,0,Avery,2021-11-17
2,0,2,0,Avery,2021-11-18
4,2,2,0,Avery,2021-11-19
1,0,1,0,Avery,2021-11-20
1,0,1,0,Avery,2021-11-21
1,1,0,0,Avery,2021-11-23
1,0,1,0,Avery,2021-11-24
1,0,1,0,Avery,2021-11-25
5,1,4,0,Avery,2021-11-26
4,1,3,0,Avery,2021-11-27
5,3,2,0,Avery,2021-11-28
8,5,3,0,Avery,2021-11-29
5,1,4,0,Avery,2021-11-30
5,3,2,0,Avery,2021-12-01
4,2,2,0,Avery,2021-12-02
8,0,8,0,Avery,2021-12-03
9,1,8,0,Avery,2021-12-04
3,1,2,0,Avery,2021-12-05
14,6,8,0,Avery,2021-12-06
8,6,2,0,Avery,2021-12-07
13,5,8,0,Avery,2021-12-09
11,5,6,0,Avery,2021-12-10
1,0,1,0,Avery,2021-12-11
3,1,2,0,Avery,2021-12-12
10,4,6,0,Avery,2021-12-13
14,10,4,0,Avery,2021-12-16
10,8,2,0,Avery,2021-12-17
8,5,3,0,Avery,2021-12-19
29,12,17,0,Avery,2021-12-20
18,6,12,0,Avery,2021-12-21
12,12,0,0,Avery,2021-12-22
17,6,11,0,Avery,2021-12-23
6,3,3,0,Avery,2021-12-24
0,0,0,0,Avery,2021-12-25
7,3,4,0,Avery,2021-12-26
36,20,16,0,Avery,2021-12-27
42,22,20,0,Avery,2021-12-28
26,13,13,0,Avery,2021-12-29
25,7,18,0,Avery,2021-12-30
10,5,5,0,Avery,2021-12-31
5,1,4,0,Avery,2022-01-01
8,0,8,0,Avery,2022-01-02
13,2,11,0,Avery,2022-01-03
39,3,36,0,Avery,2022-01-04
42,6,36,0,Avery,2022-01-05
27,4,23,0,Avery,2022-01-06
18,4,14,0,Avery,2022-01-07
11,5,6,0,Avery,2022-01-09
74,13,61,0,Avery,2022-01-10
34,3,31,0,Avery,2022-01-11
44,5,39,0,Avery,2022-01-12
38,6,32,0,Avery,2022-01-13
46,1,45,0,Avery,2022-01-14
0,0,0,0,Avery,2022-01-16
5,1,4,0,Avery,2022-01-17
23,5,18,0,Avery,2022-01-18
36,5,31,0,Avery,2022-01-20
29,5,24,0,Avery,2022-01-21
12,1,11,0,Avery,2022-01-22
16,5,11,0,Avery,2022-01-23
59,17,42,0,Avery,2022-01-24
20,4,16,0,Avery,2022-01-25
28,4,24,0,Avery,2022-01-26
35,3,32,0,Avery,2022-01-27
17,0,17,0,Avery,2022-01-28
4,1,3,0,Avery,2022-01-29
3,0,3,0,Avery,2022-01-30
44,14,30,0,Avery,2022-01-31
24,6,18,0,Avery,2022-02-01
15,2,13,0,Avery,2022-02-02
22,3,19,0,Avery,2022-02-03
14,1,13,0,Avery,2022-02-04
14,2,12,0,Avery,2022-02-05
29,7,22,0,Avery,2022-02-07
18,4,14,0,Avery,2022-02-08
17,2,15,0,Avery,2022-02-09
15,5,10,0,Avery,2022-02-10
8,2,6,0,Avery,2022-02-11
12,5,7,0,Avery,2022-02-12
9,4,5,0,Avery,2022-02-13
25,10,15,0,Avery,2022-02-14
22,14,8,0,Avery,2022-02-15
16,7,9,0,Avery,2022-02-16
13,8,5,0,Avery,2022-02-17
16,4,12,0,Avery,2022-02-18
7,2,5,0,Avery,2022-02-19
16,2,14,0,Avery,2022-02-21
12,6,6,0,Avery,2022-02-22
18,6,12,0,Avery,2022-02-23
5,2,3,0,Avery,2022-02-24
5,2,3,0,Avery,2022-02-25
0,0,0,0,Avery,2022-02-26
2,1,1,0,Avery,2022-02-27
7,4,3,0,Avery,2022-02-28
5,1,4,0,Avery,2022-03-01
2,0,2,0,Avery,2022-03-02
6,0,6,0,Avery,2022-03-03
0,0,0,0,Avery,2022-03-05
2,2,0,0,Avery,2022-03-06
5,4,1,0,Avery,2022-03-07
3,2,1,0,Avery,2022-03-08
2,2,0,0,Avery,2022-03-09
7,2,5,0,Avery,2022-03-10
1,0,1,0,Avery,2022-03-11
1,0,1,0,Avery,2022-03-12
1,0,1,0,Avery,2022-03-13
1,1,0,0,Avery,2022-03-14
3,3,0,0,Avery,2022-03-15
1,1,0,0,Avery,2022-03-16
10,9,1,0,Avery,2022-03-17
1,1,0,0,Avery,2022-03-18
6,4,2,0,Avery,2022-03-19
0,0,0,0,Avery,2022-03-20
2,1,1,0,Avery,2022-03-21
2,1,1,0,Avery,2022-03-23
0,0,0,0,Avery,2022-03-24
1,0,1,0,Avery,2022-03-25
1,0,1,0,Avery,2022-03-26
1,0,1,0,Avery,2022-03-27
0,0,0,0,Avery,2022-03-28
0,0,0,0,Avery,2022-03-29
2,1,1,0,Avery,2022-03-30
4,2,2,0,Avery,2022-03-31
3,2,1,0,Avery,2022-04-01
0,0,0,0,Avery,2022-04-02
0,0,0,0,Avery,2022-04-03
0,0,0,0,Avery,2022-04-04
0,0,0,0,Avery,2022-04-05
0,0,0,0,Avery,2022-04-06
0,0,0,0,Avery,2022-04-07
0,0,0,0,Avery,2022-04-08
1,0,1,0,Avery,2022-04-09
16,2,14,0,Beaufort,2021-10-12
26,2,24,0,Beaufort,2021-10-13
13,1,12,0,Beaufort,2021-10-15
11,7,4,0,Beaufort,2021-10-16
16,4,12,0,Beaufort,2021-10-18
8,1,7,0,Beaufort,2021-10-19
8,1,7,0,Beaufort,2021-10-20
7,5,2,0,Beaufort,2021-10-23
3,0,3,0,Beaufort,2021-10-24
11,3,8,0,Beaufort,2021-10-26
13,1,12,0,Beaufort,2021-10-27
3,1,2,0,Beaufort,2021-10-30
13,2,11,0,Beaufort,2021-11-01
9,1,8,0,Beaufort,2021-11-03
7,1,6,0,Beaufort,2021-11-04
4,0,4,0,Beaufort,2021-11-05
4,0,4,0,Beaufort,2021-11-07
17,1,16,0,Beaufort,2021-11-08
7,1,6,0,Beaufort,2021-11-09
3,1,2,0,Beaufort,2021-11-10
5,0,5,0,Beaufort,2021-11-12
1,1,0,0,Beaufort,2021-11-13
2,0,2,0,Beaufort,2021-11-14
6,0,6,0,Beaufort,2021-11-15
11,4,7,0,Beaufort,2021-11-16
7,1,6,0,Beaufort,2021-11-17
6,1,5,0,Beaufort,2021-11-18
2,1,1,0,Beaufort,2021-11-19
3,0,3,0,Beaufort,2021-11-20
5,0,5,0,Beaufort,2021-11-21
15,3,12,0,Beaufort,2021-11-22
6,2,4,0,Beaufort,2021-11-23
3,2,1,0,Beaufort,2021-11-24
0,0,0,0,Beaufort,2021-11-25
10,0,10,0,Beaufort,2021-11-26
4,0,4,0,Beaufort,2021-11-27
6,1,5,0,Beaufort,2021-11-28
25,4,21,0,Beaufort,2021-11-29
14,3,11,0,Beaufort,2021-11-30
17,6,11,0,Beaufort,2021-12-01
14,3,11,0,Beaufort,2021-12-02
20,3,17,0,Beaufort,2021-12-03
6,2,4,0,Beaufort,2021-12-04
7,0,7,0,Beaufort,2021-12-05
25,6,19,0,Beaufort,2021-12-06
17,1,16,0,Beaufort,2021-12-07
9,1,8,0,Beaufort,2021-12-08
18,1,17,0,Beaufort,2021-12-10
7,2,5,0,Beaufort,2021-12-11
4,0,4,0,Beaufort,2021-12-12
11,0,11,0,Beaufort,2021-12-16
8,2,6,0,Beaufort,2021-12-18
5,0,5,0,Beaufort,2021-12-19
20,2,18,0,Beaufort,2021-12-20
19,3,16,0,Beaufort,2021-12-21
18,0,18,0,Beaufort,2021-12-23
3,0,3,0,Beaufort,2021-12-24
2,0,2,0,Beaufort,2021-12-25
16,0,16,0,Beaufort,2021-12-26
57,12,45,0,Beaufort,2021-12-27
48,6,42,0,Beaufort,2021-12-28
71,14,57,0,Beaufort,2021-12-29
66,6,60,0,Beaufort,2021-12-30
46,1,45,0,Beaufort,2021-12-31
17,1,16,0,Beaufort,2022-01-01
37,0,37,0,Beaufort,2022-01-02
141,18,123,0,Beaufort,2022-01-03
112,20,92,0,Beaufort,2022-01-04
137,20,117,0,Beaufort,2022-01-07
57,13,44,0,Beaufort,2022-01-08
273,29,244,0,Beaufort,2022-01-10
225,24,201,0,Beaufort,2022-01-11
191,17,174,0,Beaufort,2022-01-13
20,5,15,0,Beaufort,2022-01-21
8,0,8,0,Beaufort,2022-01-22
31,0,31,0,Beaufort,2022-01-23
189,19,170,0,Beaufort,2022-01-24
118,20,98,0,Beaufort,2022-01-26
82,14,68,0,Beaufort,2022-01-27
62,9,53,0,Beaufort,2022-01-28
19,2,17,0,Beaufort,2022-01-29
18,1,17,0,Beaufort,2022-01-30
99,13,86,0,Beaufort,2022-01-31
56,8,48,0,Beaufort,2022-02-01
60,9,51,0,Beaufort,2022-02-02
42,4,38,0,Beaufort,2022-02-03
20,2,18,0,Beaufort,2022-02-05
51,13,38,0,Beaufort,2022-02-07
42,8,34,0,Beaufort,2022-02-09
25,10,15,0,Beaufort,2022-02-11
7,1,6,0,Beaufort,2022-02-12
47,6,41,0,Beaufort,2022-02-14
27,4,23,0,Beaufort,2022-02-15
18,5,13,0,Beaufort,2022-02-16
27,1,26,0,Beaufort,2022-02-17
18,5,13,0,Beaufort,2022-02-18
5,1,4,0,Beaufort,2022-02-20
38,6,32,0,Beaufort,2022-02-21
20,3,17,0,Beaufort,2022-02-22
10,1,9,0,Beaufort,2022-02-24
7,0,7,0,Beaufort,2022-02-28
6,0,6,0,Beaufort,2022-03-01
4,0,4,0,Beaufort,2022-03-02
3,1,2,0,Beaufort,2022-03-03
2,0,2,0,Beaufort,2022-03-04
2,0,2,0,Beaufort,2022-03-05
1,0,1,0,Beaufort,2022-03-06
3,0,3,0,Beaufort,2022-03-08
2,0,2,0,Beaufort,2022-03-09
2,0,2,0,Beaufort,2022-03-10
0,0,0,0,Beaufort,2022-03-11
1,0,1,0,Beaufort,2022-03-12
0,0,0,0,Beaufort,2022-03-13
3,1,2,0,Beaufort,2022-03-14
1,0,1,0,Beaufort,2022-03-15
2,0,2,0,Beaufort,2022-03-16
0,0,0,0,Beaufort,2022-03-17
0,0,0,0,Beaufort,2022-03-18
1,0,1,0,Beaufort,2022-03-19
1,0,1,0,Beaufort,2022-03-20
2,0,2,0,Beaufort,2022-03-21
1,0,1,0,Beaufort,2022-03-22
1,0,1,0,Beaufort,2022-03-23
0,0,0,0,Beaufort,2022-03-24
1,0,1,0,Beaufort,2022-03-25
0,0,0,0,Beaufort,2022-03-26
0,0,0,0,Beaufort,2022-03-27
1,0,1,0,Beaufort,2022-03-28
0,0,0,0,Beaufort,2022-03-29
1,1,0,0,Beaufort,2022-03-30
0,0,0,0,Beaufort,2022-04-01
0,0,0,0,Beaufort,2022-04-02
0,0,0,0,Beaufort,2022-04-03
1,0,1,0,Beaufort,2022-04-04
0,0,0,0,Beaufort,2022-04-05
2,0,2,0,Beaufort,2022-04-06
1,0,1,0,Beaufort,2022-04-07
1,1,0,0,Beaufort,2022-04-08
1,1,0,0,Beaufort,2022-04-09
3,0,3,0,Bertie,2021-10-12
1,1,0,0,Bertie,2021-10-13
1,0,1,0,Bertie,2021-10-16
4,0,4,0,Bertie,2021-10-17
2,0,2,0,Bertie,2021-10-18
8,0,8,0,Bertie,2021-10-19
1,0,1,0,Bertie,2021-10-20
1,0,1,0,Bertie,2021-10-21
4,1,3,0,Bertie,2021-10-22
0,0,0,0,Bertie,2021-10-23
1,0,1,0,Bertie,2021-10-24
8,0,8,0,Bertie,2021-10-25
1,0,1,0,Bertie,2021-10-26
3,0,3,0,Bertie,2021-10-27
2,0,2,0,Bertie,2021-10-28
2,0,2,0,Bertie,2021-10-29
0,0,0,0,Bertie,2021-10-30
3,0,3,0,Bertie,2021-10-31
6,0,6,0,Bertie,2021-11-01
2,1,1,0,Bertie,2021-11-02
6,0,6,0,Bertie,2021-11-03
1,0,1,0,Bertie,2021-11-04
2,0,2,0,Bertie,2021-11-05
0,0,0,0,Bertie,2021-11-06
0,0,0,0,Bertie,2021-11-07
7,0,7,0,Bertie,2021-11-08
3,0,3,0,Bertie,2021-11-09
3,0,3,0,Bertie,2021-11-10
2,0,2,0,Bertie,2021-11-11
2,0,2,0,Bertie,2021-11-12
0,0,0,0,Bertie,2021-11-13
1,0,1,0,Bertie,2021-11-14
5,0,5,0,Bertie,2021-11-16
0,0,0,0,Bertie,2021-11-17
5,1,4,0,Bertie,2021-11-18
2,0,2,0,Bertie,2021-11-19
1,0,1,0,Bertie,2021-11-20
1,0,1,0,Bertie,2021-11-21
0,0,0,0,Bertie,2021-11-22
1,0,1,0,Bertie,2021-11-23
3,0,3,0,Bertie,2021-11-24
0,0,0,0,Bertie,2021-11-25
4,0,4,0,Bertie,2021-11-26
3,0,3,0,Bertie,2021-11-27
1,0,1,0,Bertie,2021-11-28
8,0,8,0,Bertie,2021-11-29
4,0,4,0,Bertie,2021-11-30
4,0,4,0,Bertie,2021-12-01
5,0,5,0,Bertie,2021-12-02
6,0,6,0,Bertie,2021-12-03
2,0,2,0,Bertie,2021-12-04
0,0,0,0,Bertie,2021-12-05
1,0,1,0,Bertie,2021-12-06
3,0,3,0,Bertie,2021-12-07
1,0,1,0,Bertie,2021-12-08
3,0,3,0,Bertie,2021-12-10
1,0,1,0,Bertie,2021-12-11
2,0,2,0,Bertie,2021-12-12
4,0,4,0,Bertie,2021-12-13
3,0,3,0,Bertie,2021-12-14
5,1,4,0,Bertie,2021-12-15
7,0,7,0,Bertie,2021-12-16
4,0,4,0,Bertie,2021-12-17
1,0,1,0,Bertie,2021-12-18
0,0,0,0,Bertie,2021-12-19
10,2,8,0,Bertie,2021-12-20
14,1,13,0,Bertie,2021-12-21
7,0,7,0,Bertie,2021-12-22
5,1,4,0,Bertie,2021-12-23
5,0,5,0,Bertie,2021-12-24
2,0,2,0,Bertie,2021-12-25
6,0,6,0,Bertie,2021-12-26
27,1,26,0,Bertie,2021-12-27
38,5,33,0,Bertie,2021-12-28
56,10,46,0,Bertie,2021-12-29
39,3,36,0,Bertie,2021-12-30
52,0,52,0,Bertie,2021-12-31
18,0,18,0,Bertie,2022-01-01
15,0,15,0,Bertie,2022-01-02
78,3,75,0,Bertie,2022-01-03
81,12,69,0,Bertie,2022-01-04
54,3,51,0,Bertie,2022-01-05
9,0,9,0,Bertie,2022-01-09
84,11,73,0,Bertie,2022-01-11
119,48,71,0,Bertie,2022-01-13
35,7,28,0,Bertie,2022-01-17
82,5,77,0,Bertie,2022-01-18
5,0,5,0,Bertie,2022-01-22
45,0,45,0,Bertie,2022-01-24
30,1,29,0,Bertie,2022-01-25
26,3,23,0,Bertie,2022-01-27
6,0,6,0,Bertie,2022-01-30
18,2,16,0,Bertie,2022-02-01
11,3,8,0,Bertie,2022-02-02
10,0,10,0,Bertie,2022-02-03
10,0,10,0,Bertie,2022-02-04
2,0,2,0,Bertie,2022-02-05
11,0,11,0,Bertie,2022-02-07
4,0,4,0,Bertie,2022-02-08
10,1,9,0,Bertie,2022-02-09
12,2,10,0,Bertie,2022-02-10
3,1,2,0,Bertie,2022-02-11
2,0,2,0,Bertie,2022-02-12
2,1,1,0,Bertie,2022-02-13
4,1,3,0,Bertie,2022-02-14
0,0,0,0,Bertie,2022-02-15
3,0,3,0,Bertie,2022-02-16
2,1,1,0,Bertie,2022-02-17
1,0,1,0,Bertie,2022-02-18
0,0,0,0,Bertie,2022-02-19
1,0,1,0,Bertie,2022-02-20
1,1,0,0,Bertie,2022-02-21
1,0,1,0,Bertie,2022-02-22
0,0,0,0,Bertie,2022-02-23
0,0,0,0,Bertie,2022-02-24
6,0,6,0,Bertie,2022-02-25
0,0,0,0,Bertie,2022-02-26
0,0,0,0,Bertie,2022-02-27
2,0,2,0,Bertie,2022-02-28
0,0,0,0,Bertie,2022-03-01
2,1,1,0,Bertie,2022-03-02
1,0,1,0,Bertie,2022-03-03
2,0,2,0,Bertie,2022-03-04
1,0,1,0,Bertie,2022-03-05
1,0,1,0,Bertie,2022-03-07
0,0,0,0,Bertie,2022-03-08
0,0,0,0,Bertie,2022-03-09
1,0,1,0,Bertie,2022-03-10
1,0,1,0,Bertie,2022-03-11
0,0,0,0,Bertie,2022-03-12
0,0,0,0,Bertie,2022-03-13
0,0,0,0,Bertie,2022-03-14
1,0,1,0,Bertie,2022-03-15
0,0,0,0,Bertie,2022-03-16
0,0,0,0,Bertie,2022-03-17
0,0,0,0,Bertie,2022-03-18
0,0,0,0,Bertie,2022-03-19
0,0,0,0,Bertie,2022-03-20
0,0,0,0,Bertie,2022-03-21
0,0,0,0,Bertie,2022-03-22
0,0,0,0,Bertie,2022-03-23
2,0,2,0,Bertie,2022-03-24
0,0,0,0,Bertie,2022-03-25
0,0,0,0,Bertie,2022-03-26
1,0,1,0,Bertie,2022-03-27
2,0,2,0,Bertie,2022-03-28
0,0,0,0,Bertie,2022-03-29
0,0,0,0,Bertie,2022-03-30
0,0,0,0,Bertie,2022-03-31
0,0,0,0,Bertie,2022-04-01
0,0,0,0,Bertie,2022-04-02
0,0,0,0,Bertie,2022-04-03
0,0,0,0,Bertie,2022-04-04
0,0,0,0,Bertie,2022-04-05
0,0,0,0,Bertie,2022-04-06
0,0,0,0,Bertie,2022-04-07
1,0,1,0,Bertie,2022-04-08
0,0,0,0,Bertie,2022-04-09
9,2,7,0,Bladen,2021-10-12
5,3,2,0,Bladen,2021-10-13
10,6,4,0,Bladen,2021-10-15
4,2,2,0,Bladen,2021-10-16
2,1,1,0,Bladen,2021-10-17
6,1,5,0,Bladen,2021-10-18
8,2,6,0,Bladen,2021-10-19
6,2,4,0,Bladen,2021-10-20
3,2,1,0,Bladen,2021-10-21
3,2,1,0,Bladen,2021-10-23
0,0,0,0,Bladen,2021-10-24
10,2,8,0,Bladen,2021-10-25
10,4,6,0,Bladen,2021-10-27
5,2,3,0,Bladen,2021-10-28
3,2,1,0,Bladen,2021-10-29
1,1,0,0,Bladen,2021-10-30
1,0,1,0,Bladen,2021-10-31
3,2,1,0,Bladen,2021-11-01
0,0,0,0,Bladen,2021-11-02
1,1,0,0,Bladen,2021-11-03
0,0,0,0,Bladen,2021-11-04
3,1,2,0,Bladen,2021-11-05
1,0,1,0,Bladen,2021-11-06
4,1,3,0,Bladen,2021-11-07
9,0,9,0,Bladen,2021-11-08
5,1,4,0,Bladen,2021-11-09
3,0,3,0,Bladen,2021-11-10
2,0,2,0,Bladen,2021-11-12
1,1,0,0,Bladen,2021-11-13
0,0,0,0,Bladen,2021-11-14
5,3,2,0,Bladen,2021-11-15
10,1,9,0,Bladen,2021-11-16
7,2,5,0,Bladen,2021-11-17
12,1,11,0,Bladen,2021-11-18
6,0,6,0,Bladen,2021-11-19
1,0,1,0,Bladen,2021-11-20
7,1,6,0,Bladen,2021-11-21
15,2,13,0,Bladen,2021-11-22
8,2,6,0,Bladen,2021-11-23
2,2,0,0,Bladen,2021-11-24
2,0,2,0,Bladen,2021-11-25
8,2,6,0,Bladen,2021-11-26
3,1,2,0,Bladen,2021-11-27
5,0,5,0,Bladen,2021-11-28
20,1,19,0,Bladen,2021-11-29
7,4,3,0,Bladen,2021-11-30
10,0,10,0,Bladen,2021-12-01
11,2,9,0,Bladen,2021-12-02
7,1,6,0,Bladen,2021-12-03
3,0,3,0,Bladen,2021-12-04
2,0,2,0,Bladen,2021-12-05
28,2,26,0,Bladen,2021-12-06
8,2,6,0,Bladen,2021-12-07
6,3,3,0,Bladen,2021-12-08
9,3,6,0,Bladen,2021-12-09
5,1,4,0,Bladen,2021-12-10
5,0,5,0,Bladen,2021-12-12
15,4,11,0,Bladen,2021-12-13
14,1,13,0,Bladen,2021-12-15
8,1,7,0,Bladen,2021-12-16
8,2,6,0,Bladen,2021-12-17
8,2,6,0,Bladen,2021-12-18
5,0,5,0,Bladen,2021-12-19
12,2,10,0,Bladen,2021-12-20
16,2,14,0,Bladen,2021-12-21
9,0,9,0,Bladen,2021-12-22
15,3,12,0,Bladen,2021-12-23
15,1,14,0,Bladen,2021-12-24
33,3,30,0,Bladen,2021-12-27
56,5,51,0,Bladen,2021-12-28
68,3,65,0,Bladen,2021-12-29
85,11,74,0,Bladen,2021-12-30
33,5,28,0,Bladen,2021-12-31
35,2,33,0,Bladen,2022-01-02
100,9,91,0,Bladen,2022-01-03
147,22,125,0,Bladen,2022-01-04
106,15,91,0,Bladen,2022-01-05
93,14,79,0,Bladen,2022-01-07
38,3,35,0,Bladen,2022-01-09
221,38,183,0,Bladen,2022-01-10
158,28,130,0,Bladen,2022-01-11
166,33,133,0,Bladen,2022-01-13
158,33,125,0,Bladen,2022-01-20
25,7,18,0,Bladen,2022-01-21
15,3,12,0,Bladen,2022-01-22
28,4,24,0,Bladen,2022-01-23
62,7,55,0,Bladen,2022-01-27
18,5,13,0,Bladen,2022-01-29
18,6,12,0,Bladen,2022-01-30
67,15,52,0,Bladen,2022-01-31
50,14,36,0,Bladen,2022-02-01
22,6,16,0,Bladen,2022-02-02
10,1,9,0,Bladen,2022-02-06
11,3,8,0,Bladen,2022-02-08
15,2,13,0,Bladen,2022-02-09
4,0,4,0,Bladen,2022-02-12
4,1,3,0,Bladen,2022-02-13
10,1,9,0,Bladen,2022-02-14
5,0,5,0,Bladen,2022-02-15
11,1,10,0,Bladen,2022-02-16
9,3,6,0,Bladen,2022-02-18
7,1,6,0,Bladen,2022-02-19
7,2,5,0,Bladen,2022-02-20
12,4,8,0,Bladen,2022-02-21
9,2,7,0,Bladen,2022-02-22
10,1,9,0,Bladen,2022-02-23
12,0,12,0,Bladen,2022-02-24
3,0,3,0,Bladen,2022-02-25
0,0,0,0,Bladen,2022-02-26
0,0,0,0,Bladen,2022-02-27
4,0,4,0,Bladen,2022-02-28
2,0,2,0,Bladen,2022-03-01
2,0,2,0,Bladen,2022-03-02
2,0,2,0,Bladen,2022-03-03
5,0,5,0,Bladen,2022-03-04
0,0,0,0,Bladen,2022-03-05
1,0,1,0,Bladen,2022-03-06
2,0,2,0,Bladen,2022-03-07
2,0,2,0,Bladen,2022-03-09
3,0,3,0,Bladen,2022-03-10
0,0,0,0,Bladen,2022-03-11
4,1,3,0,Bladen,2022-03-12
2,0,2,0,Bladen,2022-03-13
3,0,3,0,Bladen,2022-03-14
0,0,0,0,Bladen,2022-03-15
0,0,0,0,Bladen,2022-03-16
1,1,0,0,Bladen,2022-03-17
1,0,1,0,Bladen,2022-03-18
0,0,0,0,Bladen,2022-03-19
0,0,0,0,Bladen,2022-03-20
0,0,0,0,Bladen,2022-03-21
0,0,0,0,Bladen,2022-03-22
0,0,0,0,Bladen,2022-03-23
0,0,0,0,Bladen,2022-03-24
1,1,0,0,Bladen,2022-03-25
1,0,1,0,Bladen,2022-03-26
0,0,0,0,Bladen,2022-03-27
0,0,0,0,Bladen,2022-03-28
2,2,0,0,Bladen,2022-03-29
0,0,0,0,Bladen,2022-03-30
1,0,1,0,Bladen,2022-03-31
2,0,2,0,Bladen,2022-04-01
0,0,0,0,Bladen,2022-04-02
0,0,0,0,Bladen,2022-04-03
4,2,2,0,Bladen,2022-04-04
1,0,1,0,Bladen,2022-04-05
0,0,0,0,Bladen,2022-04-06
0,0,0,0,Bladen,2022-04-07
0,0,0,0,Bladen,2022-04-08
0,0,0,0,Bladen,2022-04-09
31,7,24,0,Brunswick,2021-10-13
17,5,12,0,Brunswick,2021-10-15
29,6,23,0,Brunswick,2021-10-18
24,1,23,0,Brunswick,2021-10-19
20,10,10,0,Brunswick,2021-10-21
16,2,14,0,Brunswick,2021-10-24
16,3,13,0,Brunswick,2021-10-27
23,5,18,0,Brunswick,2021-10-28
11,0,11,0,Brunswick,2021-10-30
13,1,12,0,Brunswick,2021-10-31
28,8,20,0,Brunswick,2021-11-01
20,2,18,0,Brunswick,2021-11-02
15,2,13,0,Brunswick,2021-11-04
15,2,13,0,Brunswick,2021-11-05
9,0,9,0,Brunswick,2021-11-06
27,6,21,0,Brunswick,2021-11-08
21,5,16,0,Brunswick,2021-11-09
21,2,19,0,Brunswick,2021-11-10
19,1,18,0,Brunswick,2021-11-12
17,1,16,0,Brunswick,2021-11-13
7,2,5,0,Brunswick,2021-11-14
26,8,18,0,Brunswick,2021-11-15
26,2,24,0,Brunswick,2021-11-16
27,4,23,0,Brunswick,2021-11-17
21,5,16,0,Brunswick,2021-11-18
27,6,21,0,Brunswick,2021-11-19
17,1,16,0,Brunswick,2021-11-20
25,6,19,0,Brunswick,2021-11-23
21,2,19,0,Brunswick,2021-11-24
4,1,3,0,Brunswick,2021-11-25
23,1,22,0,Brunswick,2021-11-26
25,4,21,0,Brunswick,2021-11-27
25,3,22,0,Brunswick,2021-11-28
54,4,50,0,Brunswick,2021-11-30
51,8,43,0,Brunswick,2021-12-01
48,5,43,0,Brunswick,2021-12-02
55,8,47,0,Brunswick,2021-12-03
25,2,23,0,Brunswick,2021-12-04
18,5,13,0,Brunswick,2021-12-05
48,9,39,0,Brunswick,2021-12-07
38,5,33,0,Brunswick,2021-12-10
25,2,23,0,Brunswick,2021-12-11
32,3,29,0,Brunswick,2021-12-12
45,10,35,0,Brunswick,2021-12-14
67,12,55,0,Brunswick,2021-12-16
59,7,52,0,Brunswick,2021-12-17
28,5,23,0,Brunswick,2021-12-19
63,11,52,0,Brunswick,2021-12-21
69,7,62,0,Brunswick,2021-12-22
74,14,60,0,Brunswick,2021-12-23
47,13,34,0,Brunswick,2021-12-24
21,3,18,0,Brunswick,2021-12-25
183,27,156,0,Brunswick,2021-12-27
205,31,174,0,Brunswick,2021-12-28
232,27,205,0,Brunswick,2021-12-29
143,21,122,0,Brunswick,2021-12-31
46,2,44,0,Brunswick,2022-01-01
131,20,111,0,Brunswick,2022-01-02
403,88,315,0,Brunswick,2022-01-05
333,42,291,0,Brunswick,2022-01-07
453,57,396,0,Brunswick,2022-01-10
397,50,347,0,Brunswick,2022-01-13
412,50,362,0,Brunswick,2022-01-14
159,18,141,0,Brunswick,2022-01-16
423,44,379,0,Brunswick,2022-01-17
167,27,140,0,Brunswick,2022-01-21
75,6,69,0,Brunswick,2022-01-22
243,58,185,0,Brunswick,2022-01-26
168,26,142,0,Brunswick,2022-01-28
167,24,143,0,Brunswick,2022-02-02
67,11,56,0,Brunswick,2022-02-06
132,26,106,0,Brunswick,2022-02-07
63,3,60,0,Brunswick,2022-02-11
64,7,57,0,Brunswick,2022-02-14
48,5,43,0,Brunswick,2022-02-16
42,6,36,0,Brunswick,2022-02-17
37,5,32,0,Brunswick,2022-02-18
15,3,12,0,Brunswick,2022-02-20
34,2,32,0,Brunswick,2022-02-22
36,8,28,0,Brunswick,2022-02-23
17,1,16,0,Brunswick,2022-02-26
15,3,12,0,Brunswick,2022-02-27
22,6,16,0,Brunswick,2022-02-28
7,0,7,0,Brunswick,2022-03-03
13,1,12,0,Brunswick,2022-03-04
6,1,5,0,Brunswick,2022-03-05
5,2,3,0,Brunswick,2022-03-08
11,2,9,0,Brunswick,2022-03-09
8,2,6,0,Brunswick,2022-03-11
3,0,3,0,Brunswick,2022-03-12
5,2,3,0,Brunswick,2022-03-13
4,1,3,0,Brunswick,2022-03-14
9,0,9,0,Brunswick,2022-03-15
5,0,5,0,Brunswick,2022-03-16
14,3,11,0,Brunswick,2022-03-17
2,1,1,0,Brunswick,2022-03-19
2,0,2,0,Brunswick,2022-03-20
6,1,5,0,Brunswick,2022-03-21
2,0,2,0,Brunswick,2022-03-22
7,3,4,0,Brunswick,2022-03-23
4,2,2,0,Brunswick,2022-03-24
4,2,2,0,Brunswick,2022-03-25
2,1,1,0,Brunswick,2022-03-26
2,0,2,0,Brunswick,2022-03-27
11,2,9,0,Brunswick,2022-03-28
7,0,7,0,Brunswick,2022-03-29
11,0,11,0,Brunswick,2022-03-30
13,2,11,0,Brunswick,2022-03-31
6,0,6,0,Brunswick,2022-04-01
2,0,2,0,Brunswick,2022-04-02
0,0,0,0,Brunswick,2022-04-03
11,6,5,0,Brunswick,2022-04-04
14,4,10,0,Brunswick,2022-04-05
13,3,10,0,Brunswick,2022-04-06
19,2,17,0,Brunswick,2022-04-07
7,0,7,0,Brunswick,2022-04-08
6,0,6,0,Brunswick,2022-04-09
76,22,54,0,Buncombe,2021-10-13
51,15,36,0,Buncombe,2021-10-15
27,8,19,0,Buncombe,2021-10-24
28,11,17,0,Buncombe,2021-10-30
22,4,18,0,Buncombe,2021-10-31
56,18,38,0,Buncombe,2021-11-01
59,24,35,0,Buncombe,2021-11-02
54,17,37,0,Buncombe,2021-11-04
54,19,35,0,Buncombe,2021-11-05
41,7,34,0,Buncombe,2021-11-06
55,20,35,0,Buncombe,2021-11-09
63,22,41,0,Buncombe,2021-11-10
63,17,46,0,Buncombe,2021-11-12
21,8,13,0,Buncombe,2021-11-14
83,37,46,0,Buncombe,2021-11-15
64,23,41,0,Buncombe,2021-11-16
52,18,34,0,Buncombe,2021-11-17
66,24,42,0,Buncombe,2021-11-18
38,14,24,0,Buncombe,2021-11-20
63,23,40,0,Buncombe,2021-11-28
97,43,54,0,Buncombe,2021-11-29
111,51,60,0,Buncombe,2021-11-30
115,37,78,0,Buncombe,2021-12-01
67,28,39,0,Buncombe,2021-12-02
45,21,24,0,Buncombe,2021-12-04
49,18,31,0,Buncombe,2021-12-05
85,32,53,0,Buncombe,2021-12-06
59,25,34,0,Buncombe,2021-12-07
34,10,24,0,Buncombe,2021-12-12
130,54,76,0,Buncombe,2021-12-15
110,43,67,0,Buncombe,2021-12-16
96,41,55,0,Buncombe,2021-12-17
58,24,34,0,Buncombe,2021-12-18
157,23,134,0,Buncombe,2021-12-21
167,30,137,0,Buncombe,2021-12-22
78,12,66,0,Buncombe,2021-12-24
134,24,110,0,Buncombe,2022-01-01
242,46,196,0,Buncombe,2022-01-02
753,222,531,0,Buncombe,2022-01-04
681,230,451,0,Buncombe,2022-01-05
276,40,236,0,Buncombe,2022-01-09
819,311,508,0,Buncombe,2022-01-11
254,35,219,0,Buncombe,2022-01-22
264,85,179,0,Buncombe,2022-02-02
239,82,157,0,Buncombe,2022-02-03
177,70,107,0,Buncombe,2022-02-09
108,41,67,0,Buncombe,2022-02-15
92,31,61,0,Buncombe,2022-02-21
76,36,40,0,Buncombe,2022-02-22
69,26,43,0,Buncombe,2022-02-23
70,19,51,0,Buncombe,2022-02-24
20,4,16,0,Buncombe,2022-02-26
18,4,14,0,Buncombe,2022-02-27
43,15,28,0,Buncombe,2022-03-01
38,8,30,0,Buncombe,2022-03-02
12,6,6,0,Buncombe,2022-03-05
11,5,6,0,Buncombe,2022-03-06
21,10,11,0,Buncombe,2022-03-08
22,3,19,0,Buncombe,2022-03-09
19,10,9,0,Buncombe,2022-03-10
17,7,10,0,Buncombe,2022-03-11
10,2,8,0,Buncombe,2022-03-12
8,3,5,0,Buncombe,2022-03-13
26,6,20,0,Buncombe,2022-03-14
15,5,10,0,Buncombe,2022-03-17
15,5,10,0,Buncombe,2022-03-18
8,2,6,0,Buncombe,2022-03-20
11,9,2,0,Buncombe,2022-03-21
17,5,12,0,Buncombe,2022-03-22
21,7,14,0,Buncombe,2022-03-23
20,7,13,0,Buncombe,2022-03-24
9,4,5,0,Buncombe,2022-03-27
19,7,12,0,Buncombe,2022-03-28
25,13,12,0,Buncombe,2022-03-31
19,3,16,0,Buncombe,2022-04-01
8,1,7,0,Buncombe,2022-04-02
31,12,19,0,Buncombe,2022-04-04
22,7,15,0,Buncombe,2022-04-05
32,6,26,0,Buncombe,2022-04-06
24,11,13,0,Buncombe,2022-04-07
30,6,24,0,Buncombe,2022-04-08
13,5,8,0,Buncombe,2022-04-09
22,11,11,0,Burke,2021-10-15
7,3,4,0,Burke,2021-10-17
20,8,12,0,Burke,2021-10-21
11,1,10,0,Burke,2021-10-23
5,0,5,0,Burke,2021-10-24
45,22,23,0,Burke,2021-10-25
19,3,16,0,Burke,2021-10-27
22,1,21,0,Burke,2021-10-29
14,1,13,0,Burke,2021-10-30
29,9,20,0,Burke,2021-11-01
11,1,10,0,Burke,2021-11-02
15,4,11,0,Burke,2021-11-03
10,3,7,0,Burke,2021-11-04
13,0,13,0,Burke,2021-11-05
10,3,7,0,Burke,2021-11-06
14,6,8,0,Burke,2021-11-09
14,5,9,0,Burke,2021-11-12
9,2,7,0,Burke,2021-11-14
21,6,15,0,Burke,2021-11-15
13,1,12,0,Burke,2021-11-17
10,2,8,0,Burke,2021-11-18
11,1,10,0,Burke,2021-11-19
13,4,9,0,Burke,2021-11-20
15,4,11,0,Burke,2021-11-22
19,3,16,0,Burke,2021-11-23
17,3,14,0,Burke,2021-11-24
17,2,15,0,Burke,2021-11-26
11,3,8,0,Burke,2021-11-27
10,4,6,0,Burke,2021-11-28
29,5,24,0,Burke,2021-11-29
28,6,22,0,Burke,2021-11-30
20,7,13,0,Burke,2021-12-01
15,4,11,0,Burke,2021-12-02
19,3,16,0,Burke,2021-12-03
19,10,9,0,Burke,2021-12-04
10,1,9,0,Burke,2021-12-05
46,11,35,0,Burke,2021-12-06
28,12,16,0,Burke,2021-12-07
27,9,18,0,Burke,2021-12-08
20,6,14,0,Burke,2021-12-10
11,3,8,0,Burke,2021-12-12
40,15,25,0,Burke,2021-12-13
33,6,27,0,Burke,2021-12-15
18,5,13,0,Burke,2021-12-16
29,6,23,0,Burke,2021-12-17
14,4,10,0,Burke,2021-12-18
16,4,12,0,Burke,2021-12-19
39,8,31,0,Burke,2021-12-20
35,6,29,0,Burke,2021-12-21
38,9,29,0,Burke,2021-12-22
53,18,35,0,Burke,2021-12-23
27,5,22,0,Burke,2021-12-24
27,9,18,0,Burke,2021-12-26
129,39,90,0,Burke,2021-12-30
96,28,68,0,Burke,2021-12-31
58,12,46,0,Burke,2022-01-01
252,65,187,0,Burke,2022-01-06
203,54,149,0,Burke,2022-01-07
98,37,61,0,Burke,2022-01-09
25,10,15,0,Burke,2022-01-16
77,13,64,0,Burke,2022-01-17
233,72,161,0,Burke,2022-01-18
250,90,160,0,Burke,2022-01-20
192,54,138,0,Burke,2022-01-21
188,43,145,0,Burke,2022-01-27
54,32,22,0,Burke,2022-01-29
86,25,61,0,Burke,2022-02-04
36,6,30,0,Burke,2022-02-06
25,4,21,0,Burke,2022-02-13
77,33,44,0,Burke,2022-02-14
59,17,42,0,Burke,2022-02-15
20,3,17,0,Burke,2022-02-18
8,0,8,0,Burke,2022-02-20
25,11,14,0,Burke,2022-02-22
17,3,14,0,Burke,2022-02-24
3,0,3,0,Burke,2022-02-27
5,0,5,0,Burke,2022-03-01
17,4,13,0,Burke,2022-03-02
10,3,7,0,Burke,2022-03-03
6,1,5,0,Burke,2022-03-04
6,1,5,0,Burke,2022-03-05
8,4,4,0,Burke,2022-03-07
1,0,1,0,Burke,2022-03-10
6,1,5,0,Burke,2022-03-11
1,0,1,0,Burke,2022-03-13
4,2,2,0,Burke,2022-03-15
5,2,3,0,Burke,2022-03-16
2,2,0,0,Burke,2022-03-17
3,0,3,0,Burke,2022-03-18
1,0,1,0,Burke,2022-03-19
1,0,1,0,Burke,2022-03-20
3,2,1,0,Burke,2022-03-21
4,1,3,0,Burke,2022-03-23
1,1,0,0,Burke,2022-03-24
0,0,0,0,Burke,2022-03-25
0,0,0,0,Burke,2022-03-26
3,1,2,0,Burke,2022-03-27
13,6,7,0,Burke,2022-03-28
6,3,3,0,Burke,2022-03-29
4,3,1,0,Burke,2022-03-30
7,2,5,0,Burke,2022-03-31
3,2,1,0,Burke,2022-04-01
1,0,1,0,Burke,2022-04-02
1,0,1,0,Burke,2022-04-03
1,1,0,0,Burke,2022-04-04
4,1,3,0,Burke,2022-04-05
10,4,6,0,Burke,2022-04-06
3,1,2,0,Burke,2022-04-07
3,2,1,0,Burke,2022-04-08
4,0,4,0,Burke,2022-04-09
48,8,40,0,Cabarrus,2021-10-12
52,9,43,0,Cabarrus,2021-10-13
36,4,32,0,Cabarrus,2021-10-16
25,7,18,0,Cabarrus,2021-10-17
48,11,37,0,Cabarrus,2021-10-28
23,11,12,0,Cabarrus,2021-10-31
57,13,44,0,Cabarrus,2021-11-01
47,17,30,0,Cabarrus,2021-11-04
58,14,44,0,Cabarrus,2021-11-05
29,5,24,0,Cabarrus,2021-11-06
50,17,33,0,Cabarrus,2021-11-08
41,16,25,0,Cabarrus,2021-11-10
44,12,32,0,Cabarrus,2021-11-11
51,13,38,0,Cabarrus,2021-11-12
38,7,31,0,Cabarrus,2021-11-14
73,26,47,0,Cabarrus,2021-11-17
42,5,37,0,Cabarrus,2021-11-18
72,16,56,0,Cabarrus,2021-11-24
12,5,7,0,Cabarrus,2021-11-25
40,8,32,0,Cabarrus,2021-11-27
100,23,77,0,Cabarrus,2021-11-29
85,28,57,0,Cabarrus,2021-12-02
49,8,41,0,Cabarrus,2021-12-05
85,19,66,0,Cabarrus,2021-12-06
120,45,75,0,Cabarrus,2021-12-07
78,24,54,0,Cabarrus,2021-12-09
68,17,51,0,Cabarrus,2021-12-10
103,15,88,0,Cabarrus,2021-12-14
115,37,78,0,Cabarrus,2021-12-16
112,21,91,0,Cabarrus,2021-12-17
161,30,131,0,Cabarrus,2021-12-20
117,32,85,0,Cabarrus,2021-12-24
503,132,371,0,Cabarrus,2021-12-27
505,107,398,0,Cabarrus,2021-12-29
577,135,442,0,Cabarrus,2021-12-30
352,85,267,0,Cabarrus,2021-12-31
635,191,444,0,Cabarrus,2022-01-03
700,128,572,0,Cabarrus,2022-01-04
278,70,208,0,Cabarrus,2022-01-09
389,98,291,0,Cabarrus,2022-01-21
149,35,114,0,Cabarrus,2022-01-22
510,155,355,0,Cabarrus,2022-01-24
102,22,80,0,Cabarrus,2022-01-30
146,28,118,0,Cabarrus,2022-02-04
117,31,86,0,Cabarrus,2022-02-09
87,20,67,0,Cabarrus,2022-02-11
69,11,58,0,Cabarrus,2022-02-16
70,18,52,0,Cabarrus,2022-02-17
47,15,32,0,Cabarrus,2022-02-21
41,14,27,0,Cabarrus,2022-02-22
26,8,18,0,Cabarrus,2022-02-23
16,10,6,0,Cabarrus,2022-02-27
20,3,17,0,Cabarrus,2022-02-28
17,5,12,0,Cabarrus,2022-03-03
10,5,5,0,Cabarrus,2022-03-04
8,1,7,0,Cabarrus,2022-03-05
9,3,6,0,Cabarrus,2022-03-07
13,4,9,0,Cabarrus,2022-03-08
10,0,10,0,Cabarrus,2022-03-09
12,4,8,0,Cabarrus,2022-03-10
4,2,2,0,Cabarrus,2022-03-11
5,1,4,0,Cabarrus,2022-03-12
5,0,5,0,Cabarrus,2022-03-13
6,1,5,0,Cabarrus,2022-03-14
3,0,3,0,Cabarrus,2022-03-15
6,1,5,0,Cabarrus,2022-03-16
7,1,6,0,Cabarrus,2022-03-17
4,1,3,0,Cabarrus,2022-03-18
6,0,6,0,Cabarrus,2022-03-19
4,0,4,0,Cabarrus,2022-03-20
5,2,3,0,Cabarrus,2022-03-21
11,0,11,0,Cabarrus,2022-03-22
5,1,4,0,Cabarrus,2022-03-23
7,2,5,0,Cabarrus,2022-03-24
6,2,4,0,Cabarrus,2022-03-25
3,0,3,0,Cabarrus,2022-03-26
6,2,4,0,Cabarrus,2022-03-27
12,5,7,0,Cabarrus,2022-03-28
6,2,4,0,Cabarrus,2022-03-29
4,3,1,0,Cabarrus,2022-03-30
6,2,4,0,Cabarrus,2022-03-31
8,2,6,0,Cabarrus,2022-04-01
7,0,7,0,Cabarrus,2022-04-03
13,3,10,0,Cabarrus,2022-04-04
7,2,5,0,Cabarrus,2022-04-05
9,7,2,0,Cabarrus,2022-04-06
12,5,7,0,Cabarrus,2022-04-08
3,1,2,0,Cabarrus,2022-04-09
23,0,23,0,Caldwell,2021-10-13
8,1,7,0,Caldwell,2021-10-17
26,1,25,0,Caldwell,2021-10-20
25,5,20,0,Caldwell,2021-10-24
24,5,19,0,Caldwell,2021-10-25
29,1,28,0,Caldwell,2021-10-26
30,0,30,0,Caldwell,2021-10-27
26,1,25,0,Caldwell,2021-10-28
28,0,28,0,Caldwell,2021-10-29
9,0,9,0,Caldwell,2021-10-31
18,5,13,0,Caldwell,2021-11-03
17,4,13,0,Caldwell,2021-11-04
10,2,8,0,Caldwell,2021-11-07
27,5,22,0,Caldwell,2021-11-08
18,3,15,0,Caldwell,2021-11-09
23,1,22,0,Caldwell,2021-11-10
10,1,9,0,Caldwell,2021-11-12
11,1,10,0,Caldwell,2021-11-13
7,0,7,0,Caldwell,2021-11-14
26,3,23,0,Caldwell,2021-11-15
17,1,16,0,Caldwell,2021-11-16
18,0,18,0,Caldwell,2021-11-19
8,3,5,0,Caldwell,2021-11-20
21,0,21,0,Caldwell,2021-11-23
10,0,10,0,Caldwell,2021-11-24
18,0,18,0,Caldwell,2021-11-26
12,2,10,0,Caldwell,2021-11-27
24,4,20,0,Caldwell,2021-11-29
12,0,12,0,Caldwell,2021-11-30
21,2,19,0,Caldwell,2021-12-01
20,5,15,0,Caldwell,2021-12-02
11,0,11,0,Caldwell,2021-12-04
22,0,22,0,Caldwell,2021-12-05
32,3,29,0,Caldwell,2021-12-06
40,2,38,0,Caldwell,2021-12-07
44,6,38,0,Caldwell,2021-12-08
31,2,29,0,Caldwell,2021-12-09
16,6,10,0,Caldwell,2021-12-11
17,4,13,0,Caldwell,2021-12-12
53,7,46,0,Caldwell,2021-12-13
23,5,18,0,Caldwell,2021-12-17
21,5,16,0,Caldwell,2021-12-18
20,4,16,0,Caldwell,2021-12-19
42,7,35,0,Caldwell,2021-12-20
42,10,32,0,Caldwell,2021-12-21
54,5,49,0,Caldwell,2021-12-22
52,11,41,0,Caldwell,2021-12-23
22,5,17,0,Caldwell,2021-12-25
138,17,121,0,Caldwell,2021-12-28
133,23,110,0,Caldwell,2021-12-30
78,11,67,0,Caldwell,2021-12-31
44,12,32,0,Caldwell,2022-01-01
79,11,68,0,Caldwell,2022-01-02
219,31,188,0,Caldwell,2022-01-04
213,43,170,0,Caldwell,2022-01-05
205,42,163,0,Caldwell,2022-01-07
98,24,74,0,Caldwell,2022-01-08
298,42,256,0,Caldwell,2022-01-10
321,77,244,0,Caldwell,2022-01-13
181,17,164,0,Caldwell,2022-01-18
396,105,291,0,Caldwell,2022-01-20
112,28,84,0,Caldwell,2022-01-23
56,12,44,0,Caldwell,2022-01-30
71,11,60,0,Caldwell,2022-02-08
26,3,23,0,Caldwell,2022-02-12
27,4,23,0,Caldwell,2022-02-13
32,2,30,0,Caldwell,2022-02-16
23,2,21,0,Caldwell,2022-02-17
19,2,17,0,Caldwell,2022-02-18
15,3,12,0,Caldwell,2022-02-20
38,8,30,0,Caldwell,2022-02-22
17,2,15,0,Caldwell,2022-02-24
10,0,10,0,Caldwell,2022-02-26
13,0,13,0,Caldwell,2022-02-28
10,1,9,0,Caldwell,2022-03-02
11,3,8,0,Caldwell,2022-03-03
9,0,9,0,Caldwell,2022-03-04
7,0,7,0,Caldwell,2022-03-06
4,0,4,0,Caldwell,2022-03-07
6,1,5,0,Caldwell,2022-03-08
6,1,5,0,Caldwell,2022-03-09
3,0,3,0,Caldwell,2022-03-10
5,1,4,0,Caldwell,2022-03-11
1,0,1,0,Caldwell,2022-03-12
2,1,1,0,Caldwell,2022-03-13
3,0,3,0,Caldwell,2022-03-14
2,0,2,0,Caldwell,2022-03-15
2,0,2,0,Caldwell,2022-03-16
6,2,4,0,Caldwell,2022-03-17
2,0,2,0,Caldwell,2022-03-19
2,0,2,0,Caldwell,2022-03-20
1,0,1,0,Caldwell,2022-03-21
2,0,2,0,Caldwell,2022-03-22
3,0,3,0,Caldwell,2022-03-24
3,0,3,0,Caldwell,2022-03-25
1,0,1,0,Caldwell,2022-03-26
1,0,1,0,Caldwell,2022-03-27
4,0,4,0,Caldwell,2022-03-28
3,0,3,0,Caldwell,2022-03-29
4,0,4,0,Caldwell,2022-03-30
2,0,2,0,Caldwell,2022-04-01
4,0,4,0,Caldwell,2022-04-02
2,0,2,0,Caldwell,2022-04-03
4,0,4,0,Caldwell,2022-04-04
0,0,0,0,Caldwell,2022-04-05
2,0,2,0,Caldwell,2022-04-06
4,1,3,0,Caldwell,2022-04-07
2,0,2,0,Caldwell,2022-04-08
3,0,3,0,Caldwell,2022-04-09
4,0,4,0,Camden,2021-10-12
2,0,2,0,Camden,2021-10-13
5,2,3,0,Camden,2021-10-14
5,1,4,0,Camden,2021-10-15
4,0,4,0,Camden,2021-10-17
5,2,3,0,Camden,2021-10-19
3,0,3,0,Camden,2021-10-21
1,0,1,0,Camden,2021-10-23
2,0,2,0,Camden,2021-10-24
4,1,3,0,Camden,2021-10-25
3,2,1,0,Camden,2021-10-26
6,1,5,0,Camden,2021-10-27
0,0,0,0,Camden,2021-10-28
3,2,1,0,Camden,2021-10-29
0,0,0,0,Camden,2021-10-30
0,0,0,0,Camden,2021-10-31
3,0,3,0,Camden,2021-11-01
8,1,7,0,Camden,2021-11-02
6,1,5,0,Camden,2021-11-03
1,0,1,0,Camden,2021-11-04
4,1,3,0,Camden,2021-11-05
3,0,3,0,Camden,2021-11-06
1,1,0,0,Camden,2021-11-07
5,1,4,0,Camden,2021-11-08
2,1,1,0,Camden,2021-11-09
1,1,0,0,Camden,2021-11-10
1,0,1,0,Camden,2021-11-11
2,2,0,0,Camden,2021-11-12
2,0,2,0,Camden,2021-11-13
0,0,0,0,Camden,2021-11-14
1,0,1,0,Camden,2021-11-15
5,4,1,0,Camden,2021-11-16
1,1,0,0,Camden,2021-11-17
1,0,1,0,Camden,2021-11-18
1,0,1,0,Camden,2021-11-19
1,1,0,0,Camden,2021-11-20
1,0,1,0,Camden,2021-11-21
4,1,3,0,Camden,2021-11-22
4,0,4,0,Camden,2021-11-23
2,1,1,0,Camden,2021-11-24
2,1,1,0,Camden,2021-11-25
0,0,0,0,Camden,2021-11-26
6,1,5,0,Camden,2021-11-27
3,1,2,0,Camden,2021-11-28
6,1,5,0,Camden,2021-11-29
4,0,4,0,Camden,2021-11-30
2,2,0,0,Camden,2021-12-02
5,1,4,0,Camden,2021-12-03
1,0,1,0,Camden,2021-12-04
1,0,1,0,Camden,2021-12-05
6,1,5,0,Camden,2021-12-06
8,6,2,0,Camden,2021-12-07
2,2,0,0,Camden,2021-12-08
8,2,6,0,Camden,2021-12-09
6,4,2,0,Camden,2021-12-10
5,0,5,0,Camden,2021-12-11
2,0,2,0,Camden,2021-12-12
2,0,2,0,Camden,2021-12-13
4,1,3,0,Camden,2021-12-14
2,0,2,0,Camden,2021-12-15
6,1,5,0,Camden,2021-12-16
2,0,2,0,Camden,2021-12-17
1,0,1,0,Camden,2021-12-18
5,3,2,0,Camden,2021-12-19
6,4,2,0,Camden,2021-12-20
2,0,2,0,Camden,2021-12-21
3,2,1,0,Camden,2021-12-22
4,2,2,0,Camden,2021-12-23
3,0,3,0,Camden,2021-12-24
0,0,0,0,Camden,2021-12-25
5,3,2,0,Camden,2021-12-26
7,0,7,0,Camden,2021-12-27
15,5,10,0,Camden,2021-12-28
10,3,7,0,Camden,2021-12-29
15,3,12,0,Camden,2021-12-30
5,0,5,0,Camden,2021-12-31
4,1,3,0,Camden,2022-01-01
7,1,6,0,Camden,2022-01-02
19,5,14,0,Camden,2022-01-03
18,4,14,0,Camden,2022-01-04
23,5,18,0,Camden,2022-01-05
12,3,9,0,Camden,2022-01-07
5,1,4,0,Camden,2022-01-08
5,1,4,0,Camden,2022-01-09
13,3,10,0,Camden,2022-01-10
19,5,14,0,Camden,2022-01-11
20,8,12,0,Camden,2022-01-12
25,10,15,0,Camden,2022-01-13
12,3,9,0,Camden,2022-01-14
5,2,3,0,Camden,2022-01-16
7,6,1,0,Camden,2022-01-17
17,5,12,0,Camden,2022-01-18
14,7,7,0,Camden,2022-01-19
7,2,5,0,Camden,2022-01-20
1,1,0,0,Camden,2022-01-21
1,0,1,0,Camden,2022-01-22
3,2,1,0,Camden,2022-01-23
14,8,6,0,Camden,2022-01-24
5,2,3,0,Camden,2022-01-25
11,2,9,0,Camden,2022-01-26
12,6,6,0,Camden,2022-01-27
6,0,6,0,Camden,2022-01-28
1,1,0,0,Camden,2022-01-29
5,0,5,0,Camden,2022-01-30
1,0,1,0,Camden,2022-01-31
1,0,1,0,Camden,2022-02-01
0,0,0,0,Camden,2022-02-02
1,0,1,0,Camden,2022-02-03
0,0,0,0,Camden,2022-02-04
0,0,0,0,Camden,2022-02-05
0,0,0,0,Camden,2022-02-06
2,1,1,0,Camden,2022-02-07
2,1,1,0,Camden,2022-02-08
3,1,2,0,Camden,2022-02-09
3,2,1,0,Camden,2022-02-10
1,0,1,0,Camden,2022-02-11
3,1,2,0,Camden,2022-02-12
0,0,0,0,Camden,2022-02-13
0,0,0,0,Camden,2022-02-14
1,0,1,0,Camden,2022-02-15
3,0,3,0,Camden,2022-02-16
0,0,0,0,Camden,2022-02-17
0,0,0,0,Camden,2022-02-18
1,0,1,0,Camden,2022-02-19
0,0,0,0,Camden,2022-02-20
1,1,0,0,Camden,2022-02-21
4,2,2,0,Camden,2022-02-22
0,0,0,0,Camden,2022-02-23
2,0,2,0,Camden,2022-02-24
2,1,1,0,Camden,2022-02-25
0,0,0,0,Camden,2022-02-26
1,1,0,0,Camden,2022-02-27
0,0,0,0,Camden,2022-02-28
1,0,1,0,Camden,2022-03-01
0,0,0,0,Camden,2022-03-02
0,0,0,0,Camden,2022-03-03
0,0,0,0,Camden,2022-03-04
0,0,0,0,Camden,2022-03-05
0,0,0,0,Camden,2022-03-06
0,0,0,0,Camden,2022-03-07
1,0,1,0,Camden,2022-03-08
1,0,1,0,Camden,2022-03-09
0,0,0,0,Camden,2022-03-10
0,0,0,0,Camden,2022-03-11
0,0,0,0,Camden,2022-03-12
0,0,0,0,Camden,2022-03-13
0,0,0,0,Camden,2022-03-14
0,0,0,0,Camden,2022-03-15
0,0,0,0,Camden,2022-03-16
0,0,0,0,Camden,2022-03-17
0,0,0,0,Camden,2022-03-18
0,0,0,0,Camden,2022-03-19
0,0,0,0,Camden,2022-03-20
0,0,0,0,Camden,2022-03-21
0,0,0,0,Camden,2022-03-22
0,0,0,0,Camden,2022-03-23
1,0,1,0,Camden,2022-03-24
0,0,0,0,Camden,2022-03-25
0,0,0,0,Camden,2022-03-26
0,0,0,0,Camden,2022-03-27
0,0,0,0,Camden,2022-03-28
0,0,0,0,Camden,2022-03-29
0,0,0,0,Camden,2022-03-30
1,0,1,0,Camden,2022-03-31
1,0,1,0,Camden,2022-04-01
0,0,0,0,Camden,2022-04-02
1,0,1,0,Camden,2022-04-03
0,0,0,0,Camden,2022-04-04
0,0,0,0,Camden,2022-04-05
0,0,0,0,Camden,2022-04-06
0,0,0,0,Camden,2022-04-07
0,0,0,0,Camden,2022-04-08
0,0,0,0,Camden,2022-04-09
26,6,20,0,Carteret,2021-10-12
20,8,12,0,Carteret,2021-10-13
8,2,6,0,Carteret,2021-10-16
8,1,7,0,Carteret,2021-10-19
8,2,6,0,Carteret,2021-10-21
20,7,13,0,Carteret,2021-10-22
16,7,9,0,Carteret,2021-10-24
18,10,8,0,Carteret,2021-10-25
14,5,9,0,Carteret,2021-10-28
10,2,8,0,Carteret,2021-10-29
6,1,5,0,Carteret,2021-10-30
4,2,2,0,Carteret,2021-10-31
16,3,13,0,Carteret,2021-11-01
7,2,5,0,Carteret,2021-11-02
15,2,13,0,Carteret,2021-11-03
16,2,14,0,Carteret,2021-11-04
10,4,6,0,Carteret,2021-11-05
5,1,4,0,Carteret,2021-11-06
5,2,3,0,Carteret,2021-11-07
12,3,9,0,Carteret,2021-11-08
11,2,9,0,Carteret,2021-11-09
18,3,15,0,Carteret,2021-11-10
9,2,7,0,Carteret,2021-11-12
6,0,6,0,Carteret,2021-11-13
5,1,4,0,Carteret,2021-11-14
15,4,11,0,Carteret,2021-11-15
13,2,11,0,Carteret,2021-11-16
7,1,6,0,Carteret,2021-11-17
23,2,21,0,Carteret,2021-11-18
4,0,4,0,Carteret,2021-11-19
14,2,12,0,Carteret,2021-11-21
12,1,11,0,Carteret,2021-11-23
4,0,4,0,Carteret,2021-11-24
0,0,0,0,Carteret,2021-11-25
13,4,9,0,Carteret,2021-11-26
6,0,6,0,Carteret,2021-11-27
8,2,6,0,Carteret,2021-11-28
17,5,12,0,Carteret,2021-11-29
7,5,2,0,Carteret,2021-11-30
12,2,10,0,Carteret,2021-12-02
13,0,13,0,Carteret,2021-12-03
4,2,2,0,Carteret,2021-12-04
5,2,3,0,Carteret,2021-12-05
12,2,10,0,Carteret,2021-12-07
9,2,7,0,Carteret,2021-12-09
7,2,5,0,Carteret,2021-12-10
6,1,5,0,Carteret,2021-12-12
19,8,11,0,Carteret,2021-12-15
13,1,12,0,Carteret,2021-12-16
15,6,9,0,Carteret,2021-12-17
10,2,8,0,Carteret,2021-12-18
18,4,14,0,Carteret,2021-12-19
30,5,25,0,Carteret,2021-12-20
26,7,19,0,Carteret,2021-12-21
26,10,16,0,Carteret,2021-12-22
17,4,13,0,Carteret,2021-12-24
2,1,1,0,Carteret,2021-12-25
25,7,18,0,Carteret,2021-12-26
60,12,48,0,Carteret,2021-12-27
81,27,54,0,Carteret,2021-12-29
93,37,56,0,Carteret,2021-12-30
38,11,27,0,Carteret,2021-12-31
7,4,3,0,Carteret,2022-01-01
40,9,31,0,Carteret,2022-01-02
132,50,82,0,Carteret,2022-01-05
139,54,85,0,Carteret,2022-01-07
30,11,19,0,Carteret,2022-01-08
55,17,38,0,Carteret,2022-01-09
191,83,108,0,Carteret,2022-01-10
194,70,124,0,Carteret,2022-01-14
267,109,158,0,Carteret,2022-01-18
211,80,131,0,Carteret,2022-01-19
167,55,112,0,Carteret,2022-01-20
64,25,39,0,Carteret,2022-01-21
28,6,22,0,Carteret,2022-01-22
50,11,39,0,Carteret,2022-01-23
166,56,110,0,Carteret,2022-01-25
119,47,72,0,Carteret,2022-01-26
109,35,74,0,Carteret,2022-01-27
77,25,52,0,Carteret,2022-01-28
32,7,25,0,Carteret,2022-01-30
93,35,58,0,Carteret,2022-02-01
63,22,41,0,Carteret,2022-02-04
28,5,23,0,Carteret,2022-02-05
24,7,17,0,Carteret,2022-02-06
79,31,48,0,Carteret,2022-02-07
44,13,31,0,Carteret,2022-02-08
42,9,33,0,Carteret,2022-02-09
42,14,28,0,Carteret,2022-02-10
30,15,15,0,Carteret,2022-02-11
17,4,13,0,Carteret,2022-02-12
27,10,17,0,Carteret,2022-02-14
37,17,20,0,Carteret,2022-02-15
15,8,7,0,Carteret,2022-02-18
4,2,2,0,Carteret,2022-02-19
6,1,5,0,Carteret,2022-02-20
20,7,13,0,Carteret,2022-02-22
16,4,12,0,Carteret,2022-02-23
17,7,10,0,Carteret,2022-02-24
6,2,4,0,Carteret,2022-02-26
3,0,3,0,Carteret,2022-02-27
6,1,5,0,Carteret,2022-02-28
9,2,7,0,Carteret,2022-03-01
11,2,9,0,Carteret,2022-03-02
4,0,4,0,Carteret,2022-03-04
5,0,5,0,Carteret,2022-03-05
3,1,2,0,Carteret,2022-03-06
6,2,4,0,Carteret,2022-03-08
7,3,4,0,Carteret,2022-03-09
5,2,3,0,Carteret,2022-03-10
4,1,3,0,Carteret,2022-03-11
3,0,3,0,Carteret,2022-03-12
2,0,2,0,Carteret,2022-03-13
3,0,3,0,Carteret,2022-03-14
5,0,5,0,Carteret,2022-03-15
1,0,1,0,Carteret,2022-03-17
2,0,2,0,Carteret,2022-03-18
1,0,1,0,Carteret,2022-03-19
0,0,0,0,Carteret,2022-03-20
3,1,2,0,Carteret,2022-03-21
4,2,2,0,Carteret,2022-03-22
1,0,1,0,Carteret,2022-03-23
1,0,1,0,Carteret,2022-03-24
2,2,0,0,Carteret,2022-03-25
0,0,0,0,Carteret,2022-03-26
3,0,3,0,Carteret,2022-03-27
3,1,2,0,Carteret,2022-03-28
0,0,0,0,Carteret,2022-03-29
2,1,1,0,Carteret,2022-03-30
0,0,0,0,Carteret,2022-03-31
3,0,3,0,Carteret,2022-04-01
1,0,1,0,Carteret,2022-04-02
0,0,0,0,Carteret,2022-04-03
1,1,0,0,Carteret,2022-04-04
2,1,1,0,Carteret,2022-04-05
1,0,1,0,Carteret,2022-04-06
2,1,1,0,Carteret,2022-04-07
2,1,1,0,Carteret,2022-04-08
2,2,0,0,Carteret,2022-04-09
4,0,4,0,Caswell,2021-10-12
10,1,9,0,Caswell,2021-10-13
4,0,4,0,Caswell,2021-10-14
5,1,4,0,Caswell,2021-10-15
3,0,3,0,Caswell,2021-10-16
3,0,3,0,Caswell,2021-10-17
4,1,3,0,Caswell,2021-10-18
5,0,5,0,Caswell,2021-10-19
2,0,2,0,Caswell,2021-10-20
3,0,3,0,Caswell,2021-10-21
1,0,1,0,Caswell,2021-10-22
2,1,1,0,Caswell,2021-10-23
4,0,4,0,Caswell,2021-10-24
3,1,2,0,Caswell,2021-10-25
5,0,5,0,Caswell,2021-10-26
1,0,1,0,Caswell,2021-10-27
3,0,3,0,Caswell,2021-10-28
6,1,5,0,Caswell,2021-10-29
1,0,1,0,Caswell,2021-10-30
4,1,3,0,Caswell,2021-10-31
6,0,6,0,Caswell,2021-11-01
4,0,4,0,Caswell,2021-11-02
3,1,2,0,Caswell,2021-11-03
2,1,1,0,Caswell,2021-11-04
3,0,3,0,Caswell,2021-11-05
2,1,1,0,Caswell,2021-11-06
3,0,3,0,Caswell,2021-11-07
7,0,7,0,Caswell,2021-11-08
7,0,7,0,Caswell,2021-11-10
1,0,1,0,Caswell,2021-11-11
4,1,3,0,Caswell,2021-11-12
5,1,4,0,Caswell,2021-11-13
3,0,3,0,Caswell,2021-11-14
5,0,5,0,Caswell,2021-11-15
1,0,1,0,Caswell,2021-11-16
0,0,0,0,Caswell,2021-11-17
6,0,6,0,Caswell,2021-11-19
1,0,1,0,Caswell,2021-11-20
7,1,6,0,Caswell,2021-11-23
1,0,1,0,Caswell,2021-11-24
1,1,0,0,Caswell,2021-11-25
4,0,4,0,Caswell,2021-11-26
6,1,5,0,Caswell,2021-11-27
3,2,1,0,Caswell,2021-11-28
10,2,8,0,Caswell,2021-11-29
9,0,9,0,Caswell,2021-11-30
11,0,11,0,Caswell,2021-12-01
12,1,11,0,Caswell,2021-12-02
5,1,4,0,Caswell,2021-12-03
3,0,3,0,Caswell,2021-12-04
2,0,2,0,Caswell,2021-12-05
13,1,12,0,Caswell,2021-12-06
11,2,9,0,Caswell,2021-12-07
5,0,5,0,Caswell,2021-12-08
3,0,3,0,Caswell,2021-12-09
11,1,10,0,Caswell,2021-12-10
5,0,5,0,Caswell,2021-12-11
1,0,1,0,Caswell,2021-12-12
9,0,9,0,Caswell,2021-12-13
8,3,5,0,Caswell,2021-12-14
11,0,11,0,Caswell,2021-12-15
3,0,3,0,Caswell,2021-12-16
1,0,1,0,Caswell,2021-12-17
2,0,2,0,Caswell,2021-12-18
4,1,3,0,Caswell,2021-12-19
19,1,18,0,Caswell,2021-12-20
8,0,8,0,Caswell,2021-12-21
9,1,8,0,Caswell,2021-12-22
11,0,11,0,Caswell,2021-12-23
7,2,5,0,Caswell,2021-12-24
2,1,1,0,Caswell,2021-12-25
12,0,12,0,Caswell,2021-12-26
55,1,54,0,Caswell,2021-12-27
25,2,23,0,Caswell,2021-12-29
49,5,44,0,Caswell,2021-12-30
12,3,9,0,Caswell,2021-12-31
8,1,7,0,Caswell,2022-01-01
9,0,9,0,Caswell,2022-01-02
48,2,46,0,Caswell,2022-01-03
62,4,58,0,Caswell,2022-01-04
88,7,81,0,Caswell,2022-01-05
65,2,63,0,Caswell,2022-01-06
51,1,50,0,Caswell,2022-01-07
14,1,13,0,Caswell,2022-01-08
19,1,18,0,Caswell,2022-01-09
88,5,83,0,Caswell,2022-01-10
69,0,69,0,Caswell,2022-01-11
95,8,87,0,Caswell,2022-01-12
76,8,68,0,Caswell,2022-01-13
53,5,48,0,Caswell,2022-01-14
22,2,20,0,Caswell,2022-01-15
5,1,4,0,Caswell,2022-01-16
28,1,27,0,Caswell,2022-01-17
51,4,47,0,Caswell,2022-01-18
84,12,72,0,Caswell,2022-01-20
45,3,42,0,Caswell,2022-01-21
13,1,12,0,Caswell,2022-01-22
21,0,21,0,Caswell,2022-01-23
75,7,68,0,Caswell,2022-01-24
62,2,60,0,Caswell,2022-01-25
28,2,26,0,Caswell,2022-01-26
32,2,30,0,Caswell,2022-01-27
25,3,22,0,Caswell,2022-01-28
3,0,3,0,Caswell,2022-01-29
4,1,3,0,Caswell,2022-01-30
26,1,25,0,Caswell,2022-01-31
22,1,21,0,Caswell,2022-02-01
17,1,16,0,Caswell,2022-02-02
32,3,29,0,Caswell,2022-02-03
6,1,5,0,Caswell,2022-02-04
4,0,4,0,Caswell,2022-02-05
4,0,4,0,Caswell,2022-02-06
11,1,10,0,Caswell,2022-02-07
24,1,23,0,Caswell,2022-02-08
12,2,10,0,Caswell,2022-02-09
11,1,10,0,Caswell,2022-02-10
10,1,9,0,Caswell,2022-02-11
2,2,0,0,Caswell,2022-02-12
3,1,2,0,Caswell,2022-02-13
7,0,7,0,Caswell,2022-02-15
5,1,4,0,Caswell,2022-02-17
6,1,5,0,Caswell,2022-02-18
3,2,1,0,Caswell,2022-02-19
0,0,0,0,Caswell,2022-02-20
7,0,7,0,Caswell,2022-02-21
2,0,2,0,Caswell,2022-02-22
2,0,2,0,Caswell,2022-02-23
5,0,5,0,Caswell,2022-02-24
4,0,4,0,Caswell,2022-02-25
1,0,1,0,Caswell,2022-02-26
1,0,1,0,Caswell,2022-02-27
2,0,2,0,Caswell,2022-02-28
0,0,0,0,Caswell,2022-03-01
1,0,1,0,Caswell,2022-03-03
0,0,0,0,Caswell,2022-03-04
1,0,1,0,Caswell,2022-03-05
0,0,0,0,Caswell,2022-03-06
1,0,1,0,Caswell,2022-03-07
0,0,0,0,Caswell,2022-03-08
0,0,0,0,Caswell,2022-03-09
1,0,1,0,Caswell,2022-03-10
0,0,0,0,Caswell,2022-03-11
0,0,0,0,Caswell,2022-03-12
0,0,0,0,Caswell,2022-03-13
0,0,0,0,Caswell,2022-03-14
2,1,1,0,Caswell,2022-03-15
4,1,3,0,Caswell,2022-03-16
1,0,1,0,Caswell,2022-03-17
0,0,0,0,Caswell,2022-03-18
1,0,1,0,Caswell,2022-03-19
0,0,0,0,Caswell,2022-03-20
0,0,0,0,Caswell,2022-03-21
0,0,0,0,Caswell,2022-03-22
0,0,0,0,Caswell,2022-03-23
0,0,0,0,Caswell,2022-03-24
2,0,2,0,Caswell,2022-03-25
0,0,0,0,Caswell,2022-03-26
0,0,0,0,Caswell,2022-03-27
2,0,2,0,Caswell,2022-03-28
0,0,0,0,Caswell,2022-03-29
1,0,1,0,Caswell,2022-03-30
1,0,1,0,Caswell,2022-03-31
0,0,0,0,Caswell,2022-04-01
0,0,0,0,Caswell,2022-04-02
0,0,0,0,Caswell,2022-04-03
3,0,3,0,Caswell,2022-04-04
0,0,0,0,Caswell,2022-04-05
1,0,1,0,Caswell,2022-04-06
1,0,1,0,Caswell,2022-04-07
1,0,1,0,Caswell,2022-04-08
0,0,0,0,Caswell,2022-04-09
49,20,29,0,Catawba,2021-10-22
21,4,17,0,Catawba,2021-10-23
36,6,30,0,Catawba,2021-10-28
33,10,23,0,Catawba,2021-10-29
15,0,15,0,Catawba,2021-10-31
41,9,32,0,Catawba,2021-11-02
29,6,23,0,Catawba,2021-11-03
39,11,28,0,Catawba,2021-11-05
35,18,17,0,Catawba,2021-11-08
37,5,32,0,Catawba,2021-11-10
21,5,16,0,Catawba,2021-11-11
17,8,9,0,Catawba,2021-11-14
50,16,34,0,Catawba,2021-11-15
37,12,25,0,Catawba,2021-11-17
49,15,34,0,Catawba,2021-11-18
34,8,26,0,Catawba,2021-11-24
56,18,38,0,Catawba,2021-11-26
38,6,32,0,Catawba,2021-11-28
77,29,48,0,Catawba,2021-11-30
34,13,21,0,Catawba,2021-12-04
34,9,25,0,Catawba,2021-12-05
79,29,50,0,Catawba,2021-12-06
69,22,47,0,Catawba,2021-12-08
30,10,20,0,Catawba,2021-12-12
94,38,56,0,Catawba,2021-12-13
88,42,46,0,Catawba,2021-12-15
71,31,40,0,Catawba,2021-12-16
43,13,30,0,Catawba,2021-12-18
34,8,26,0,Catawba,2021-12-19
105,25,80,0,Catawba,2021-12-20
57,20,37,0,Catawba,2021-12-24
100,23,77,0,Catawba,2021-12-26
254,75,179,0,Catawba,2021-12-27
316,119,197,0,Catawba,2021-12-29
203,81,122,0,Catawba,2021-12-31
501,193,308,0,Catawba,2022-01-03
445,169,276,0,Catawba,2022-01-07
779,326,453,0,Catawba,2022-01-10
55,21,34,0,Catawba,2022-01-16
216,57,159,0,Catawba,2022-01-22
595,220,375,0,Catawba,2022-01-24
106,35,71,0,Catawba,2022-01-30
91,48,43,0,Catawba,2022-02-14
105,49,56,0,Catawba,2022-02-15
55,23,32,0,Catawba,2022-02-17
25,9,16,0,Catawba,2022-02-20
32,14,18,0,Catawba,2022-02-25
15,9,6,0,Catawba,2022-03-01
26,8,18,0,Catawba,2022-03-02
17,4,13,0,Catawba,2022-03-03
18,6,12,0,Catawba,2022-03-04
9,5,4,0,Catawba,2022-03-05
13,2,11,0,Catawba,2022-03-06
8,3,5,0,Catawba,2022-03-10
16,4,12,0,Catawba,2022-03-11
3,2,1,0,Catawba,2022-03-12
8,6,2,0,Catawba,2022-03-13
7,3,4,0,Catawba,2022-03-14
8,2,6,0,Catawba,2022-03-15
6,3,3,0,Catawba,2022-03-16
9,4,5,0,Catawba,2022-03-18
3,1,2,0,Catawba,2022-03-19
1,0,1,0,Catawba,2022-03-20
7,4,3,0,Catawba,2022-03-21
3,1,2,0,Catawba,2022-03-22
9,6,3,0,Catawba,2022-03-24
1,1,0,0,Catawba,2022-03-25
2,0,2,0,Catawba,2022-03-26
7,2,5,0,Catawba,2022-03-28
5,1,4,0,Catawba,2022-03-30
7,3,4,0,Catawba,2022-03-31
5,0,5,0,Catawba,2022-04-01
1,1,0,0,Catawba,2022-04-02
2,2,0,0,Catawba,2022-04-03
8,5,3,0,Catawba,2022-04-04
5,3,2,0,Catawba,2022-04-05
4,2,2,0,Catawba,2022-04-06
4,3,1,0,Catawba,2022-04-07
2,1,1,0,Catawba,2022-04-08
2,1,1,0,Catawba,2022-04-09
13,4,9,0,Chatham,2021-10-12
5,1,4,0,Chatham,2021-10-13
17,6,11,0,Chatham,2021-10-14
7,0,7,0,Chatham,2021-10-15
4,0,4,0,Chatham,2021-10-16
12,2,10,0,Chatham,2021-10-19
12,0,12,0,Chatham,2021-10-21
11,1,10,0,Chatham,2021-10-22
3,0,3,0,Chatham,2021-10-23
9,2,7,0,Chatham,2021-10-26
11,4,7,0,Chatham,2021-10-27
7,1,6,0,Chatham,2021-10-28
8,2,6,0,Chatham,2021-10-29
3,2,1,0,Chatham,2021-10-30
4,1,3,0,Chatham,2021-10-31
10,4,6,0,Chatham,2021-11-02
7,2,5,0,Chatham,2021-11-03
7,3,4,0,Chatham,2021-11-04
6,1,5,0,Chatham,2021-11-05
2,0,2,0,Chatham,2021-11-06
5,3,2,0,Chatham,2021-11-07
12,3,9,0,Chatham,2021-11-08
10,1,9,0,Chatham,2021-11-09
7,1,6,0,Chatham,2021-11-10
10,1,9,0,Chatham,2021-11-12
6,1,5,0,Chatham,2021-11-13
5,1,4,0,Chatham,2021-11-14
9,3,6,0,Chatham,2021-11-15
6,0,6,0,Chatham,2021-11-16
19,3,16,0,Chatham,2021-11-17
9,0,9,0,Chatham,2021-11-18
6,1,5,0,Chatham,2021-11-19
7,3,4,0,Chatham,2021-11-20
8,1,7,0,Chatham,2021-11-21
11,3,8,0,Chatham,2021-11-23
2,1,1,0,Chatham,2021-11-25
10,4,6,0,Chatham,2021-11-26
12,3,9,0,Chatham,2021-11-27
4,3,1,0,Chatham,2021-11-28
32,1,31,0,Chatham,2021-11-29
18,3,15,0,Chatham,2021-12-01
15,3,12,0,Chatham,2021-12-02
7,0,7,0,Chatham,2021-12-03
7,2,5,0,Chatham,2021-12-04
14,4,10,0,Chatham,2021-12-05
35,9,26,0,Chatham,2021-12-06
20,5,15,0,Chatham,2021-12-07
15,3,12,0,Chatham,2021-12-09
20,4,16,0,Chatham,2021-12-10
13,0,13,0,Chatham,2021-12-11
10,2,8,0,Chatham,2021-12-12
26,7,19,0,Chatham,2021-12-13
17,0,17,0,Chatham,2021-12-14
30,4,26,0,Chatham,2021-12-16
25,4,21,0,Chatham,2021-12-17
19,5,14,0,Chatham,2021-12-18
9,4,5,0,Chatham,2021-12-19
38,2,36,0,Chatham,2021-12-20
42,8,34,0,Chatham,2021-12-21
51,9,42,0,Chatham,2021-12-23
33,2,31,0,Chatham,2021-12-24
8,4,4,0,Chatham,2021-12-25
40,2,38,0,Chatham,2021-12-26
146,19,127,0,Chatham,2021-12-27
128,26,102,0,Chatham,2021-12-29
106,18,88,0,Chatham,2021-12-30
64,14,50,0,Chatham,2021-12-31
20,3,17,0,Chatham,2022-01-01
59,15,44,0,Chatham,2022-01-02
167,28,139,0,Chatham,2022-01-03
189,30,159,0,Chatham,2022-01-04
169,35,134,0,Chatham,2022-01-05
166,24,142,0,Chatham,2022-01-06
112,24,88,0,Chatham,2022-01-07
54,13,41,0,Chatham,2022-01-09
266,44,222,0,Chatham,2022-01-10
167,6,161,0,Chatham,2022-01-11
180,5,175,0,Chatham,2022-01-12
212,17,195,0,Chatham,2022-01-13
168,26,142,0,Chatham,2022-01-14
84,13,71,0,Chatham,2022-01-15
14,1,13,0,Chatham,2022-01-16
87,3,84,0,Chatham,2022-01-17
243,48,195,0,Chatham,2022-01-18
171,19,152,0,Chatham,2022-01-20
68,11,57,0,Chatham,2022-01-21
31,3,28,0,Chatham,2022-01-22
64,20,44,0,Chatham,2022-01-23
206,33,173,0,Chatham,2022-01-24
118,18,100,0,Chatham,2022-01-25
111,12,99,0,Chatham,2022-01-26
85,19,66,0,Chatham,2022-01-27
70,13,57,0,Chatham,2022-01-28
28,3,25,0,Chatham,2022-01-29
30,9,21,0,Chatham,2022-01-30
106,25,81,0,Chatham,2022-01-31
65,18,47,0,Chatham,2022-02-01
54,9,45,0,Chatham,2022-02-02
71,18,53,0,Chatham,2022-02-03
49,12,37,0,Chatham,2022-02-04
19,5,14,0,Chatham,2022-02-05
70,17,53,0,Chatham,2022-02-07
35,15,20,0,Chatham,2022-02-08
27,3,24,0,Chatham,2022-02-10
19,2,17,0,Chatham,2022-02-11
8,2,6,0,Chatham,2022-02-12
13,6,7,0,Chatham,2022-02-13
35,11,24,0,Chatham,2022-02-14
18,5,13,0,Chatham,2022-02-17
5,1,4,0,Chatham,2022-02-19
14,6,8,0,Chatham,2022-02-20
23,4,19,0,Chatham,2022-02-21
9,5,4,0,Chatham,2022-02-22
15,4,11,0,Chatham,2022-02-23
13,4,9,0,Chatham,2022-02-24
8,3,5,0,Chatham,2022-02-25
4,0,4,0,Chatham,2022-02-26
4,1,3,0,Chatham,2022-02-27
10,5,5,0,Chatham,2022-02-28
11,4,7,0,Chatham,2022-03-01
11,0,11,0,Chatham,2022-03-02
7,3,4,0,Chatham,2022-03-03
8,1,7,0,Chatham,2022-03-04
2,0,2,0,Chatham,2022-03-05
4,2,2,0,Chatham,2022-03-06
11,2,9,0,Chatham,2022-03-07
8,1,7,0,Chatham,2022-03-08
4,0,4,0,Chatham,2022-03-09
6,0,6,0,Chatham,2022-03-10
7,0,7,0,Chatham,2022-03-11
1,0,1,0,Chatham,2022-03-12
0,0,0,0,Chatham,2022-03-13
7,1,6,0,Chatham,2022-03-14
9,3,6,0,Chatham,2022-03-15
3,1,2,0,Chatham,2022-03-16
3,0,3,0,Chatham,2022-03-17
5,0,5,0,Chatham,2022-03-18
1,0,1,0,Chatham,2022-03-19
5,1,4,0,Chatham,2022-03-20
9,4,5,0,Chatham,2022-03-21
1,0,1,0,Chatham,2022-03-22
2,1,1,0,Chatham,2022-03-23
2,1,1,0,Chatham,2022-03-24
1,0,1,0,Chatham,2022-03-25
1,0,1,0,Chatham,2022-03-26
1,0,1,0,Chatham,2022-03-27
3,1,2,0,Chatham,2022-03-28
5,0,5,0,Chatham,2022-03-30
4,1,3,0,Chatham,2022-03-31
2,2,0,0,Chatham,2022-04-01
3,1,2,0,Chatham,2022-04-02
1,1,0,0,Chatham,2022-04-03
5,1,4,0,Chatham,2022-04-04
7,1,6,0,Chatham,2022-04-05
12,4,8,0,Chatham,2022-04-06
11,3,8,0,Chatham,2022-04-07
8,0,8,0,Chatham,2022-04-08
10,1,9,0,Chatham,2022-04-09
8,1,7,0,Cherokee,2021-10-12
3,0,3,0,Cherokee,2021-10-13
3,1,2,0,Cherokee,2021-10-15
2,0,2,0,Cherokee,2021-10-16
0,0,0,0,Cherokee,2021-10-17
2,1,1,0,Cherokee,2021-10-18
2,1,1,0,Cherokee,2021-10-19
1,0,1,0,Cherokee,2021-10-20
4,1,3,0,Cherokee,2021-10-21
3,1,2,0,Cherokee,2021-10-22
0,0,0,0,Cherokee,2021-10-23
2,0,2,0,Cherokee,2021-10-24
6,0,6,0,Cherokee,2021-10-25
0,0,0,0,Cherokee,2021-10-26
0,0,0,0,Cherokee,2021-10-27
1,0,1,0,Cherokee,2021-10-28
0,0,0,0,Cherokee,2021-10-30
0,0,0,0,Cherokee,2021-10-31
6,0,6,0,Cherokee,2021-11-02
1,0,1,0,Cherokee,2021-11-03
2,0,2,0,Cherokee,2021-11-05
2,1,1,0,Cherokee,2021-11-06
3,0,3,0,Cherokee,2021-11-07
3,2,1,0,Cherokee,2021-11-08
13,1,12,0,Cherokee,2021-11-09
1,0,1,0,Cherokee,2021-11-11
6,2,4,0,Cherokee,2021-11-12
0,0,0,0,Cherokee,2021-11-13
1,0,1,0,Cherokee,2021-11-14
8,2,6,0,Cherokee,2021-11-15
4,0,4,0,Cherokee,2021-11-16
4,0,4,0,Cherokee,2021-11-17
2,0,2,0,Cherokee,2021-11-18
3,2,1,0,Cherokee,2021-11-19
2,1,1,0,Cherokee,2021-11-20
0,0,0,0,Cherokee,2021-11-21
3,0,3,0,Cherokee,2021-11-22
4,3,1,0,Cherokee,2021-11-23
2,0,2,0,Cherokee,2021-11-24
0,0,0,0,Cherokee,2021-11-25
6,2,4,0,Cherokee,2021-11-26
1,0,1,0,Cherokee,2021-11-27
3,2,1,0,Cherokee,2021-11-28
6,2,4,0,Cherokee,2021-11-29
7,2,5,0,Cherokee,2021-11-30
8,0,8,0,Cherokee,2021-12-01
11,5,6,0,Cherokee,2021-12-02
7,1,6,0,Cherokee,2021-12-03
2,0,2,0,Cherokee,2021-12-04
4,0,4,0,Cherokee,2021-12-05
10,4,6,0,Cherokee,2021-12-07
6,0,6,0,Cherokee,2021-12-08
11,2,9,0,Cherokee,2021-12-10
3,0,3,0,Cherokee,2021-12-11
2,1,1,0,Cherokee,2021-12-12
10,1,9,0,Cherokee,2021-12-13
5,0,5,0,Cherokee,2021-12-14
3,0,3,0,Cherokee,2021-12-15
9,2,7,0,Cherokee,2021-12-16
3,0,3,0,Cherokee,2021-12-17
3,0,3,0,Cherokee,2021-12-18
2,0,2,0,Cherokee,2021-12-19
7,2,5,0,Cherokee,2021-12-20
9,0,9,0,Cherokee,2021-12-21
11,1,10,0,Cherokee,2021-12-22
6,3,3,0,Cherokee,2021-12-23
3,0,3,0,Cherokee,2021-12-24
2,1,1,0,Cherokee,2021-12-25
9,1,8,0,Cherokee,2021-12-26
22,7,15,0,Cherokee,2021-12-27
27,8,19,0,Cherokee,2021-12-29
53,15,38,0,Cherokee,2021-12-30
10,5,5,0,Cherokee,2021-12-31
7,2,5,0,Cherokee,2022-01-01
15,2,13,0,Cherokee,2022-01-02
69,10,59,0,Cherokee,2022-01-03
82,14,68,0,Cherokee,2022-01-04
29,9,20,0,Cherokee,2022-01-08
19,1,18,0,Cherokee,2022-01-09
106,33,73,0,Cherokee,2022-01-10
76,26,50,0,Cherokee,2022-01-11
87,24,63,0,Cherokee,2022-01-14
10,0,10,0,Cherokee,2022-01-16
104,25,79,0,Cherokee,2022-01-18
120,32,88,0,Cherokee,2022-01-19
47,8,39,0,Cherokee,2022-01-21
24,7,17,0,Cherokee,2022-01-22
57,12,45,0,Cherokee,2022-01-25
48,10,38,0,Cherokee,2022-01-26
52,13,39,0,Cherokee,2022-01-27
29,8,21,0,Cherokee,2022-01-28
7,2,5,0,Cherokee,2022-01-29
16,6,10,0,Cherokee,2022-01-30
31,7,24,0,Cherokee,2022-02-01
27,5,22,0,Cherokee,2022-02-02
12,1,11,0,Cherokee,2022-02-05
36,11,25,0,Cherokee,2022-02-07
26,8,18,0,Cherokee,2022-02-08
23,4,19,0,Cherokee,2022-02-09
21,9,12,0,Cherokee,2022-02-10
8,1,7,0,Cherokee,2022-02-13
15,6,9,0,Cherokee,2022-02-14
23,6,17,0,Cherokee,2022-02-15
11,5,6,0,Cherokee,2022-02-16
11,5,6,0,Cherokee,2022-02-17
8,2,6,0,Cherokee,2022-02-18
6,0,6,0,Cherokee,2022-02-19
6,2,4,0,Cherokee,2022-02-20
6,1,5,0,Cherokee,2022-02-21
11,1,10,0,Cherokee,2022-02-22
3,1,2,0,Cherokee,2022-02-23
9,2,7,0,Cherokee,2022-02-24
3,1,2,0,Cherokee,2022-02-25
1,0,1,0,Cherokee,2022-02-26
1,0,1,0,Cherokee,2022-02-27
10,1,9,0,Cherokee,2022-02-28
5,3,2,0,Cherokee,2022-03-01
1,1,0,0,Cherokee,2022-03-02
4,1,3,0,Cherokee,2022-03-03
0,0,0,0,Cherokee,2022-03-05
4,1,3,0,Cherokee,2022-03-07
0,0,0,0,Cherokee,2022-03-08
4,1,3,0,Cherokee,2022-03-09
0,0,0,0,Cherokee,2022-03-10
1,0,1,0,Cherokee,2022-03-11
0,0,0,0,Cherokee,2022-03-12
0,0,0,0,Cherokee,2022-03-13
1,0,1,0,Cherokee,2022-03-14
0,0,0,0,Cherokee,2022-03-15
0,0,0,0,Cherokee,2022-03-16
1,1,0,0,Cherokee,2022-03-17
1,0,1,0,Cherokee,2022-03-18
0,0,0,0,Cherokee,2022-03-19
0,0,0,0,Cherokee,2022-03-20
0,0,0,0,Cherokee,2022-03-21
1,1,0,0,Cherokee,2022-03-22
1,0,1,0,Cherokee,2022-03-23
1,0,1,0,Cherokee,2022-03-24
1,0,1,0,Cherokee,2022-03-25
0,0,0,0,Cherokee,2022-03-26
0,0,0,0,Cherokee,2022-03-27
0,0,0,0,Cherokee,2022-03-28
0,0,0,0,Cherokee,2022-03-29
0,0,0,0,Cherokee,2022-03-30
1,0,1,0,Cherokee,2022-03-31
0,0,0,0,Cherokee,2022-04-01
0,0,0,0,Cherokee,2022-04-02
0,0,0,0,Cherokee,2022-04-03
1,1,0,0,Cherokee,2022-04-04
1,0,1,0,Cherokee,2022-04-05
1,1,0,0,Cherokee,2022-04-06
1,1,0,0,Cherokee,2022-04-07
1,0,1,0,Cherokee,2022-04-08
0,0,0,0,Cherokee,2022-04-09
9,0,9,0,Chowan,2021-10-12
1,0,1,0,Chowan,2021-10-13
2,0,2,0,Chowan,2021-10-14
2,0,2,0,Chowan,2021-10-16
7,2,5,0,Chowan,2021-10-18
12,1,11,0,Chowan,2021-10-19
9,0,9,0,Chowan,2021-10-20
1,0,1,0,Chowan,2021-10-21
2,0,2,0,Chowan,2021-10-23
1,0,1,0,Chowan,2021-10-25
2,0,2,0,Chowan,2021-10-26
0,0,0,0,Chowan,2021-10-27
2,0,2,0,Chowan,2021-10-28
6,4,2,0,Chowan,2021-10-29
1,1,0,0,Chowan,2021-10-30
3,0,3,0,Chowan,2021-10-31
0,0,0,0,Chowan,2021-11-01
3,1,2,0,Chowan,2021-11-02
4,1,3,0,Chowan,2021-11-03
0,0,0,0,Chowan,2021-11-04
1,0,1,0,Chowan,2021-11-05
3,1,2,0,Chowan,2021-11-06
2,0,2,0,Chowan,2021-11-07
11,1,10,0,Chowan,2021-11-08
7,0,7,0,Chowan,2021-11-09
1,0,1,0,Chowan,2021-11-11
1,0,1,0,Chowan,2021-11-12
4,1,3,0,Chowan,2021-11-13
0,0,0,0,Chowan,2021-11-14
4,2,2,0,Chowan,2021-11-15
4,0,4,0,Chowan,2021-11-17
3,0,3,0,Chowan,2021-11-18
1,0,1,0,Chowan,2021-11-19
3,0,3,0,Chowan,2021-11-20
1,0,1,0,Chowan,2021-11-21
1,0,1,0,Chowan,2021-11-22
2,0,2,0,Chowan,2021-11-23
4,1,3,0,Chowan,2021-11-24
0,0,0,0,Chowan,2021-11-25
1,0,1,0,Chowan,2021-11-26
3,0,3,0,Chowan,2021-11-27
0,0,0,0,Chowan,2021-11-28
11,0,11,0,Chowan,2021-11-29
4,0,4,0,Chowan,2021-11-30
3,1,2,0,Chowan,2021-12-01
5,0,5,0,Chowan,2021-12-02
3,1,2,0,Chowan,2021-12-03
0,0,0,0,Chowan,2021-12-04
2,0,2,0,Chowan,2021-12-05
4,0,4,0,Chowan,2021-12-06
0,0,0,0,Chowan,2021-12-07
0,0,0,0,Chowan,2021-12-08
2,0,2,0,Chowan,2021-12-09
3,0,3,0,Chowan,2021-12-10
0,0,0,0,Chowan,2021-12-11
2,0,2,0,Chowan,2021-12-12
9,0,9,0,Chowan,2021-12-13
5,0,5,0,Chowan,2021-12-14
5,1,4,0,Chowan,2021-12-15
4,0,4,0,Chowan,2021-12-16
8,1,7,0,Chowan,2021-12-17
4,0,4,0,Chowan,2021-12-18
3,0,3,0,Chowan,2021-12-19
9,1,8,0,Chowan,2021-12-20
10,0,10,0,Chowan,2021-12-21
7,0,7,0,Chowan,2021-12-22
11,0,11,0,Chowan,2021-12-23
3,1,2,0,Chowan,2021-12-24
8,1,7,0,Chowan,2021-12-25
2,0,2,0,Chowan,2021-12-26
43,1,42,0,Chowan,2021-12-27
61,0,61,0,Chowan,2021-12-29
35,0,35,0,Chowan,2021-12-30
44,0,44,0,Chowan,2021-12-31
11,0,11,0,Chowan,2022-01-01
18,0,18,0,Chowan,2022-01-02
85,2,83,0,Chowan,2022-01-03
61,0,61,0,Chowan,2022-01-04
57,2,55,0,Chowan,2022-01-05
39,2,37,0,Chowan,2022-01-07
22,0,22,0,Chowan,2022-01-08
9,0,9,0,Chowan,2022-01-09
59,1,58,0,Chowan,2022-01-11
48,1,47,0,Chowan,2022-01-13
30,1,29,0,Chowan,2022-01-15
12,4,8,0,Chowan,2022-01-16
31,6,25,0,Chowan,2022-01-17
117,4,113,0,Chowan,2022-01-18
39,4,35,0,Chowan,2022-01-19
11,5,6,0,Chowan,2022-01-21
8,4,4,0,Chowan,2022-01-22
12,0,12,0,Chowan,2022-01-23
32,1,31,0,Chowan,2022-01-26
5,0,5,0,Chowan,2022-01-30
26,3,23,0,Chowan,2022-01-31
19,0,19,0,Chowan,2022-02-01
9,0,9,0,Chowan,2022-02-03
7,0,7,0,Chowan,2022-02-04
0,0,0,0,Chowan,2022-02-05
4,0,4,0,Chowan,2022-02-06
4,0,4,0,Chowan,2022-02-08
6,0,6,0,Chowan,2022-02-09
2,0,2,0,Chowan,2022-02-10
4,0,4,0,Chowan,2022-02-11
2,0,2,0,Chowan,2022-02-12
2,1,1,0,Chowan,2022-02-13
3,0,3,0,Chowan,2022-02-14
6,0,6,0,Chowan,2022-02-16
8,2,6,0,Chowan,2022-02-17
7,0,7,0,Chowan,2022-02-18
0,0,0,0,Chowan,2022-02-19
0,0,0,0,Chowan,2022-02-20
7,2,5,0,Chowan,2022-02-21
1,0,1,0,Chowan,2022-02-22
1,0,1,0,Chowan,2022-02-23
2,0,2,0,Chowan,2022-02-24
1,0,1,0,Chowan,2022-02-25
0,0,0,0,Chowan,2022-02-26
1,0,1,0,Chowan,2022-02-27
4,0,4,0,Chowan,2022-02-28
0,0,0,0,Chowan,2022-03-01
1,0,1,0,Chowan,2022-03-02
0,0,0,0,Chowan,2022-03-04
0,0,0,0,Chowan,2022-03-05
1,0,1,0,Chowan,2022-03-06
0,0,0,0,Chowan,2022-03-07
2,0,2,0,Chowan,2022-03-08
0,0,0,0,Chowan,2022-03-09
2,1,1,0,Chowan,2022-03-10
1,0,1,0,Chowan,2022-03-11
0,0,0,0,Chowan,2022-03-12
0,0,0,0,Chowan,2022-03-13
0,0,0,0,Chowan,2022-03-14
1,0,1,0,Chowan,2022-03-15
1,0,1,0,Chowan,2022-03-16
0,0,0,0,Chowan,2022-03-17
1,0,1,0,Chowan,2022-03-18
0,0,0,0,Chowan,2022-03-19
3,3,0,0,Chowan,2022-03-20
0,0,0,0,Chowan,2022-03-21
0,0,0,0,Chowan,2022-03-22
0,0,0,0,Chowan,2022-03-23
0,0,0,0,Chowan,2022-03-24
0,0,0,0,Chowan,2022-03-25
0,0,0,0,Chowan,2022-03-26
0,0,0,0,Chowan,2022-03-27
1,0,1,0,Chowan,2022-03-28
0,0,0,0,Chowan,2022-03-29
1,0,1,0,Chowan,2022-03-30
0,0,0,0,Chowan,2022-03-31
1,0,1,0,Chowan,2022-04-01
0,0,0,0,Chowan,2022-04-02
1,0,1,0,Chowan,2022-04-03
0,0,0,0,Chowan,2022-04-04
1,0,1,0,Chowan,2022-04-05
0,0,0,0,Chowan,2022-04-06
0,0,0,0,Chowan,2022-04-07
0,0,0,0,Chowan,2022-04-08
0,0,0,0,Chowan,2022-04-09
7,1,6,0,Clay,2021-10-12
4,0,4,0,Clay,2021-10-13
0,0,0,0,Clay,2021-10-14
0,0,0,0,Clay,2021-10-15
1,0,1,0,Clay,2021-10-16
0,0,0,0,Clay,2021-10-17
2,1,1,0,Clay,2021-10-18
0,0,0,0,Clay,2021-10-19
0,0,0,0,Clay,2021-10-20
1,0,1,0,Clay,2021-10-21
0,0,0,0,Clay,2021-10-22
0,0,0,0,Clay,2021-10-23
0,0,0,0,Clay,2021-10-24
3,1,2,0,Clay,2021-10-25
2,0,2,0,Clay,2021-10-26
4,1,3,0,Clay,2021-10-27
0,0,0,0,Clay,2021-10-29
2,0,2,0,Clay,2021-10-30
2,0,2,0,Clay,2021-10-31
0,0,0,0,Clay,2021-11-01
1,0,1,0,Clay,2021-11-03
0,0,0,0,Clay,2021-11-04
1,1,0,0,Clay,2021-11-05
0,0,0,0,Clay,2021-11-06
0,0,0,0,Clay,2021-11-07
2,1,1,0,Clay,2021-11-08
0,0,0,0,Clay,2021-11-09
1,0,1,0,Clay,2021-11-10
0,0,0,0,Clay,2021-11-11
3,1,2,0,Clay,2021-11-12
0,0,0,0,Clay,2021-11-13
0,0,0,0,Clay,2021-11-14
0,0,0,0,Clay,2021-11-15
1,0,1,0,Clay,2021-11-16
0,0,0,0,Clay,2021-11-17
1,0,1,0,Clay,2021-11-18
4,2,2,0,Clay,2021-11-19
0,0,0,0,Clay,2021-11-20
1,0,1,0,Clay,2021-11-21
0,0,0,0,Clay,2021-11-22
1,1,0,0,Clay,2021-11-23
0,0,0,0,Clay,2021-11-24
0,0,0,0,Clay,2021-11-25
0,0,0,0,Clay,2021-11-26
1,0,1,0,Clay,2021-11-27
1,0,1,0,Clay,2021-11-28
1,1,0,0,Clay,2021-11-29
7,2,5,0,Clay,2021-11-30
3,1,2,0,Clay,2021-12-01
4,0,4,0,Clay,2021-12-02
1,0,1,0,Clay,2021-12-03
0,0,0,0,Clay,2021-12-04
1,0,1,0,Clay,2021-12-05
3,1,2,0,Clay,2021-12-06
2,0,2,0,Clay,2021-12-07
4,0,4,0,Clay,2021-12-08
2,0,2,0,Clay,2021-12-09
3,0,3,0,Clay,2021-12-10
0,0,0,0,Clay,2021-12-11
1,0,1,0,Clay,2021-12-12
3,2,1,0,Clay,2021-12-13
0,0,0,0,Clay,2021-12-14
3,0,3,0,Clay,2021-12-15
1,0,1,0,Clay,2021-12-16
5,0,5,0,Clay,2021-12-17
1,0,1,0,Clay,2021-12-18
1,0,1,0,Clay,2021-12-19
0,0,0,0,Clay,2021-12-20
0,0,0,0,Clay,2021-12-21
3,1,2,0,Clay,2021-12-22
5,2,3,0,Clay,2021-12-23
3,0,3,0,Clay,2021-12-24
0,0,0,0,Clay,2021-12-25
4,0,4,0,Clay,2021-12-26
9,0,9,0,Clay,2021-12-27
10,1,9,0,Clay,2021-12-28
13,3,10,0,Clay,2021-12-29
14,2,12,0,Clay,2021-12-30
9,3,6,0,Clay,2021-12-31
1,0,1,0,Clay,2022-01-01
7,1,6,0,Clay,2022-01-02
30,6,24,0,Clay,2022-01-03
33,7,26,0,Clay,2022-01-04
18,3,15,0,Clay,2022-01-05
30,7,23,0,Clay,2022-01-06
25,2,23,0,Clay,2022-01-07
9,2,7,0,Clay,2022-01-08
16,0,16,0,Clay,2022-01-09
43,11,32,0,Clay,2022-01-10
19,1,18,0,Clay,2022-01-11
32,10,22,0,Clay,2022-01-12
28,4,24,0,Clay,2022-01-13
29,10,19,0,Clay,2022-01-14
13,0,13,0,Clay,2022-01-15
11,8,3,0,Clay,2022-01-16
22,16,6,0,Clay,2022-01-17
35,4,31,0,Clay,2022-01-18
31,6,25,0,Clay,2022-01-19
27,3,24,0,Clay,2022-01-20
20,4,16,0,Clay,2022-01-21
11,0,11,0,Clay,2022-01-22
6,2,4,0,Clay,2022-01-23
31,11,20,0,Clay,2022-01-24
16,3,13,0,Clay,2022-01-25
19,4,15,0,Clay,2022-01-26
29,10,19,0,Clay,2022-01-27
18,9,9,0,Clay,2022-01-28
3,0,3,0,Clay,2022-01-29
11,1,10,0,Clay,2022-01-30
20,6,14,0,Clay,2022-01-31
10,4,6,0,Clay,2022-02-01
15,1,14,0,Clay,2022-02-02
16,5,11,0,Clay,2022-02-03
9,3,6,0,Clay,2022-02-04
6,2,4,0,Clay,2022-02-05
8,2,6,0,Clay,2022-02-06
12,3,9,0,Clay,2022-02-07
4,1,3,0,Clay,2022-02-08
11,1,10,0,Clay,2022-02-09
7,3,4,0,Clay,2022-02-10
2,1,1,0,Clay,2022-02-11
1,0,1,0,Clay,2022-02-12
2,1,1,0,Clay,2022-02-13
5,2,3,0,Clay,2022-02-14
0,0,0,0,Clay,2022-02-15
5,0,5,0,Clay,2022-02-16
6,2,4,0,Clay,2022-02-17
8,0,8,0,Clay,2022-02-18
0,0,0,0,Clay,2022-02-19
1,0,1,0,Clay,2022-02-20
6,1,5,0,Clay,2022-02-21
2,0,2,0,Clay,2022-02-22
0,0,0,0,Clay,2022-02-23
0,0,0,0,Clay,2022-02-24
0,0,0,0,Clay,2022-02-25
0,0,0,0,Clay,2022-02-26
0,0,0,0,Clay,2022-02-27
2,1,1,0,Clay,2022-02-28
1,0,1,0,Clay,2022-03-01
5,3,2,0,Clay,2022-03-02
1,0,1,0,Clay,2022-03-03
1,0,1,0,Clay,2022-03-04
0,0,0,0,Clay,2022-03-05
0,0,0,0,Clay,2022-03-06
2,0,2,0,Clay,2022-03-07
1,0,1,0,Clay,2022-03-08
0,0,0,0,Clay,2022-03-09
1,0,1,0,Clay,2022-03-10
1,0,1,0,Clay,2022-03-11
0,0,0,0,Clay,2022-03-12
0,0,0,0,Clay,2022-03-13
4,0,4,0,Clay,2022-03-14
1,0,1,0,Clay,2022-03-15
0,0,0,0,Clay,2022-03-16
0,0,0,0,Clay,2022-03-17
1,0,1,0,Clay,2022-03-18
0,0,0,0,Clay,2022-03-19
1,0,1,0,Clay,2022-03-20
0,0,0,0,Clay,2022-03-21
0,0,0,0,Clay,2022-03-22
0,0,0,0,Clay,2022-03-23
0,0,0,0,Clay,2022-03-24
0,0,0,0,Clay,2022-03-25
0,0,0,0,Clay,2022-03-26
0,0,0,0,Clay,2022-03-27
0,0,0,0,Clay,2022-03-28
0,0,0,0,Clay,2022-03-29
0,0,0,0,Clay,2022-03-30
0,0,0,0,Clay,2022-03-31
1,0,1,0,Clay,2022-04-01
0,0,0,0,Clay,2022-04-02
0,0,0,0,Clay,2022-04-03
0,0,0,0,Clay,2022-04-04
0,0,0,0,Clay,2022-04-05
0,0,0,0,Clay,2022-04-06
0,0,0,0,Clay,2022-04-07
0,0,0,0,Clay,2022-04-08
0,0,0,0,Clay,2022-04-09
40,8,32,0,Cleveland,2021-10-12
20,3,17,0,Cleveland,2021-10-15
24,5,19,0,Cleveland,2021-10-21
7,0,7,0,Cleveland,2021-10-24
29,5,24,0,Cleveland,2021-10-25
16,2,14,0,Cleveland,2021-10-29
13,2,11,0,Cleveland,2021-10-30
11,3,8,0,Cleveland,2021-10-31
18,3,15,0,Cleveland,2021-11-02
27,4,23,0,Cleveland,2021-11-03
23,4,19,0,Cleveland,2021-11-05
11,1,10,0,Cleveland,2021-11-06
10,4,6,0,Cleveland,2021-11-07
30,4,26,0,Cleveland,2021-11-08
22,5,17,0,Cleveland,2021-11-09
31,3,28,0,Cleveland,2021-11-10
27,4,23,0,Cleveland,2021-11-12
7,0,7,0,Cleveland,2021-11-14
18,2,16,0,Cleveland,2021-11-15
27,2,25,0,Cleveland,2021-11-16
17,3,14,0,Cleveland,2021-11-17
24,5,19,0,Cleveland,2021-11-18
17,6,11,0,Cleveland,2021-11-19
25,3,22,0,Cleveland,2021-11-23
26,4,22,0,Cleveland,2021-11-24
29,3,26,0,Cleveland,2021-11-26
8,1,7,0,Cleveland,2021-11-27
24,1,23,0,Cleveland,2021-11-28
41,10,31,0,Cleveland,2021-11-30
25,2,23,0,Cleveland,2021-12-01
33,8,25,0,Cleveland,2021-12-02
9,1,8,0,Cleveland,2021-12-04
23,1,22,0,Cleveland,2021-12-05
51,9,42,0,Cleveland,2021-12-06
30,4,26,0,Cleveland,2021-12-07
28,4,24,0,Cleveland,2021-12-08
31,10,21,0,Cleveland,2021-12-09
25,4,21,0,Cleveland,2021-12-10
27,7,20,0,Cleveland,2021-12-12
57,10,47,0,Cleveland,2021-12-13
41,7,34,0,Cleveland,2021-12-16
21,5,16,0,Cleveland,2021-12-17
23,4,19,0,Cleveland,2021-12-18
64,8,56,0,Cleveland,2021-12-21
60,5,55,0,Cleveland,2021-12-22
51,6,45,0,Cleveland,2021-12-23
32,3,29,0,Cleveland,2021-12-24
127,15,112,0,Cleveland,2021-12-27
218,55,163,0,Cleveland,2021-12-29
241,50,191,0,Cleveland,2021-12-30
154,41,113,0,Cleveland,2021-12-31
96,22,74,0,Cleveland,2022-01-01
124,49,75,0,Cleveland,2022-01-02
300,81,219,0,Cleveland,2022-01-03
304,73,231,0,Cleveland,2022-01-04
305,62,243,0,Cleveland,2022-01-07
155,42,113,0,Cleveland,2022-01-08
126,46,80,0,Cleveland,2022-01-09
414,85,329,0,Cleveland,2022-01-10
360,73,287,0,Cleveland,2022-01-12
105,16,89,0,Cleveland,2022-01-17
276,51,225,0,Cleveland,2022-01-21
97,27,70,0,Cleveland,2022-01-22
105,33,72,0,Cleveland,2022-01-23
241,35,206,0,Cleveland,2022-01-25
201,18,183,0,Cleveland,2022-01-26
169,21,148,0,Cleveland,2022-01-27
152,17,135,0,Cleveland,2022-01-28
63,14,49,0,Cleveland,2022-01-29
63,22,41,0,Cleveland,2022-01-30
24,3,21,0,Cleveland,2022-02-13
43,10,33,0,Cleveland,2022-02-15
45,7,38,0,Cleveland,2022-02-16
37,8,29,0,Cleveland,2022-02-17
33,9,24,0,Cleveland,2022-02-18
10,5,5,0,Cleveland,2022-02-20
23,4,19,0,Cleveland,2022-02-21
16,2,14,0,Cleveland,2022-02-23
16,4,12,0,Cleveland,2022-02-24
16,1,15,0,Cleveland,2022-02-25
7,3,4,0,Cleveland,2022-02-27
12,2,10,0,Cleveland,2022-02-28
10,0,10,0,Cleveland,2022-03-01
9,1,8,0,Cleveland,2022-03-02
8,1,7,0,Cleveland,2022-03-03
8,1,7,0,Cleveland,2022-03-04
3,1,2,0,Cleveland,2022-03-05
2,0,2,0,Cleveland,2022-03-06
5,2,3,0,Cleveland,2022-03-07
5,2,3,0,Cleveland,2022-03-08
1,0,1,0,Cleveland,2022-03-09
6,1,5,0,Cleveland,2022-03-10
1,1,0,0,Cleveland,2022-03-11
3,0,3,0,Cleveland,2022-03-12
2,0,2,0,Cleveland,2022-03-13
1,0,1,0,Cleveland,2022-03-14
1,0,1,0,Cleveland,2022-03-15
2,1,1,0,Cleveland,2022-03-17
1,0,1,0,Cleveland,2022-03-18
0,0,0,0,Cleveland,2022-03-19
0,0,0,0,Cleveland,2022-03-20
2,0,2,0,Cleveland,2022-03-21
2,0,2,0,Cleveland,2022-03-22
3,0,3,0,Cleveland,2022-03-23
1,0,1,0,Cleveland,2022-03-25
2,0,2,0,Cleveland,2022-03-26
0,0,0,0,Cleveland,2022-03-27
1,0,1,0,Cleveland,2022-03-28
0,0,0,0,Cleveland,2022-03-29
0,0,0,0,Cleveland,2022-03-30
3,0,3,0,Cleveland,2022-03-31
1,0,1,0,Cleveland,2022-04-01
2,0,2,0,Cleveland,2022-04-02
1,0,1,0,Cleveland,2022-04-03
2,1,1,0,Cleveland,2022-04-04
1,0,1,0,Cleveland,2022-04-05
3,0,3,0,Cleveland,2022-04-06
3,0,3,0,Cleveland,2022-04-07
4,0,4,0,Cleveland,2022-04-08
0,0,0,0,Cleveland,2022-04-09
11,3,8,0,Columbus,2021-10-13
25,9,16,0,Columbus,2021-10-14
8,2,6,0,Columbus,2021-10-15
4,0,4,0,Columbus,2021-10-17
17,5,12,0,Columbus,2021-10-19
20,9,11,0,Columbus,2021-10-21
16,5,11,0,Columbus,2021-10-25
8,2,6,0,Columbus,2021-10-26
11,5,6,0,Columbus,2021-10-27
13,6,7,0,Columbus,2021-10-28
3,0,3,0,Columbus,2021-10-29
8,0,8,0,Columbus,2021-10-30
3,1,2,0,Columbus,2021-10-31
11,6,5,0,Columbus,2021-11-02
7,1,6,0,Columbus,2021-11-05
3,0,3,0,Columbus,2021-11-06
10,3,7,0,Columbus,2021-11-08
8,3,5,0,Columbus,2021-11-09
5,1,4,0,Columbus,2021-11-11
11,2,9,0,Columbus,2021-11-12
1,0,1,0,Columbus,2021-11-13
2,1,1,0,Columbus,2021-11-14
10,4,6,0,Columbus,2021-11-15
8,1,7,0,Columbus,2021-11-16
14,5,9,0,Columbus,2021-11-17
17,9,8,0,Columbus,2021-11-18
2,0,2,0,Columbus,2021-11-19
4,0,4,0,Columbus,2021-11-20
3,0,3,0,Columbus,2021-11-21
10,3,7,0,Columbus,2021-11-22
6,3,3,0,Columbus,2021-11-23
9,5,4,0,Columbus,2021-11-24
2,0,2,0,Columbus,2021-11-25
11,1,10,0,Columbus,2021-11-27
5,0,5,0,Columbus,2021-11-28
31,8,23,0,Columbus,2021-11-29
13,7,6,0,Columbus,2021-11-30
15,6,9,0,Columbus,2021-12-01
6,3,3,0,Columbus,2021-12-02
8,2,6,0,Columbus,2021-12-03
7,1,6,0,Columbus,2021-12-04
3,1,2,0,Columbus,2021-12-05
30,19,11,0,Columbus,2021-12-06
10,5,5,0,Columbus,2021-12-07
20,7,13,0,Columbus,2021-12-08
10,3,7,0,Columbus,2021-12-10
5,1,4,0,Columbus,2021-12-11
5,2,3,0,Columbus,2021-12-12
25,12,13,0,Columbus,2021-12-13
9,6,3,0,Columbus,2021-12-15
21,10,11,0,Columbus,2021-12-16
14,4,10,0,Columbus,2021-12-17
2,0,2,0,Columbus,2021-12-18
4,0,4,0,Columbus,2021-12-19
25,9,16,0,Columbus,2021-12-20
19,7,12,0,Columbus,2021-12-21
20,2,18,0,Columbus,2021-12-22
26,4,22,0,Columbus,2021-12-23
13,2,11,0,Columbus,2021-12-24
7,2,5,0,Columbus,2021-12-25
9,3,6,0,Columbus,2021-12-26
97,14,83,0,Columbus,2021-12-29
84,11,73,0,Columbus,2021-12-30
50,9,41,0,Columbus,2021-12-31
15,5,10,0,Columbus,2022-01-01
30,9,21,0,Columbus,2022-01-02
120,26,94,0,Columbus,2022-01-03
156,78,78,0,Columbus,2022-01-04
162,86,76,0,Columbus,2022-01-05
113,29,84,0,Columbus,2022-01-07
40,16,24,0,Columbus,2022-01-08
40,7,33,0,Columbus,2022-01-09
341,196,145,0,Columbus,2022-01-10
259,68,191,0,Columbus,2022-01-11
274,117,157,0,Columbus,2022-01-13
54,9,45,0,Columbus,2022-01-15
39,13,26,0,Columbus,2022-01-16
189,59,130,0,Columbus,2022-01-17
288,115,173,0,Columbus,2022-01-19
25,9,16,0,Columbus,2022-01-21
25,13,12,0,Columbus,2022-01-22
15,9,6,0,Columbus,2022-01-29
21,6,15,0,Columbus,2022-01-30
68,30,38,0,Columbus,2022-02-01
16,5,11,0,Columbus,2022-02-05
56,21,35,0,Columbus,2022-02-07
43,23,20,0,Columbus,2022-02-08
25,13,12,0,Columbus,2022-02-09
7,2,5,0,Columbus,2022-02-12
11,1,10,0,Columbus,2022-02-13
23,13,10,0,Columbus,2022-02-16
11,3,8,0,Columbus,2022-02-18
0,0,0,0,Columbus,2022-02-19
3,1,2,0,Columbus,2022-02-20
18,11,7,0,Columbus,2022-02-21
7,2,5,0,Columbus,2022-02-22
11,6,5,0,Columbus,2022-02-23
7,4,3,0,Columbus,2022-02-24
5,2,3,0,Columbus,2022-02-25
4,0,4,0,Columbus,2022-02-26
2,1,1,0,Columbus,2022-02-27
12,8,4,0,Columbus,2022-02-28
6,0,6,0,Columbus,2022-03-01
4,1,3,0,Columbus,2022-03-02
2,1,1,0,Columbus,2022-03-03
1,0,1,0,Columbus,2022-03-04
0,0,0,0,Columbus,2022-03-05
1,1,0,0,Columbus,2022-03-06
1,0,1,0,Columbus,2022-03-07
6,1,5,0,Columbus,2022-03-08
2,0,2,0,Columbus,2022-03-09
2,1,1,0,Columbus,2022-03-10
2,0,2,0,Columbus,2022-03-11
1,0,1,0,Columbus,2022-03-13
2,2,0,0,Columbus,2022-03-14
0,0,0,0,Columbus,2022-03-15
1,0,1,0,Columbus,2022-03-16
3,0,3,0,Columbus,2022-03-17
2,0,2,0,Columbus,2022-03-18
0,0,0,0,Columbus,2022-03-19
0,0,0,0,Columbus,2022-03-20
0,0,0,0,Columbus,2022-03-21
0,0,0,0,Columbus,2022-03-22
1,0,1,0,Columbus,2022-03-23
0,0,0,0,Columbus,2022-03-24
0,0,0,0,Columbus,2022-03-25
1,0,1,0,Columbus,2022-03-26
1,0,1,0,Columbus,2022-03-27
3,0,3,0,Columbus,2022-03-28
0,0,0,0,Columbus,2022-03-29
0,0,0,0,Columbus,2022-03-30
2,1,1,0,Columbus,2022-03-31
0,0,0,0,Columbus,2022-04-01
1,0,1,0,Columbus,2022-04-02
0,0,0,0,Columbus,2022-04-03
1,1,0,0,Columbus,2022-04-04
2,0,2,0,Columbus,2022-04-05
0,0,0,0,Columbus,2022-04-06
1,0,1,0,Columbus,2022-04-07
1,0,1,0,Columbus,2022-04-08
0,0,0,0,Columbus,2022-04-09
22,2,20,0,Craven,2021-10-12
22,8,14,0,Craven,2021-10-13
22,3,19,0,Craven,2021-10-15
11,3,8,0,Craven,2021-10-21
23,3,20,0,Craven,2021-10-22
14,6,8,0,Craven,2021-10-27
12,4,8,0,Craven,2021-10-28
12,4,8,0,Craven,2021-10-29
2,0,2,0,Craven,2021-10-30
5,1,4,0,Craven,2021-10-31
15,4,11,0,Craven,2021-11-01
11,6,5,0,Craven,2021-11-02
10,6,4,0,Craven,2021-11-03
7,0,7,0,Craven,2021-11-04
4,2,2,0,Craven,2021-11-05
0,0,0,0,Craven,2021-11-06
3,3,0,0,Craven,2021-11-07
19,13,6,0,Craven,2021-11-08
19,11,8,0,Craven,2021-11-09
9,4,5,0,Craven,2021-11-10
4,1,3,0,Craven,2021-11-11
7,1,6,0,Craven,2021-11-12
5,2,3,0,Craven,2021-11-14
18,6,12,0,Craven,2021-11-15
30,2,28,0,Craven,2021-11-16
17,8,9,0,Craven,2021-11-18
1,0,1,0,Craven,2021-11-20
3,2,1,0,Craven,2021-11-21
16,9,7,0,Craven,2021-11-22
14,5,9,0,Craven,2021-11-23
2,0,2,0,Craven,2021-11-24
0,0,0,0,Craven,2021-11-25
15,2,13,0,Craven,2021-11-26
7,4,3,0,Craven,2021-11-27
15,5,10,0,Craven,2021-11-28
28,12,16,0,Craven,2021-11-29
30,9,21,0,Craven,2021-11-30
25,10,15,0,Craven,2021-12-01
18,5,13,0,Craven,2021-12-02
17,3,14,0,Craven,2021-12-04
16,1,15,0,Craven,2021-12-06
20,9,11,0,Craven,2021-12-07
19,6,13,0,Craven,2021-12-10
14,5,9,0,Craven,2021-12-11
14,4,10,0,Craven,2021-12-12
32,11,21,0,Craven,2021-12-13
21,9,12,0,Craven,2021-12-14
32,8,24,0,Craven,2021-12-15
28,10,18,0,Craven,2021-12-16
34,14,20,0,Craven,2021-12-17
14,5,9,0,Craven,2021-12-18
41,16,25,0,Craven,2021-12-20
47,18,29,0,Craven,2021-12-21
58,13,45,0,Craven,2021-12-22
39,13,26,0,Craven,2021-12-23
17,7,10,0,Craven,2021-12-24
9,1,8,0,Craven,2021-12-25
36,8,28,0,Craven,2021-12-26
99,27,72,0,Craven,2021-12-27
133,32,101,0,Craven,2021-12-29
114,20,94,0,Craven,2021-12-30
74,22,52,0,Craven,2021-12-31
72,17,55,0,Craven,2022-01-02
252,55,197,0,Craven,2022-01-03
226,53,173,0,Craven,2022-01-05
216,67,149,0,Craven,2022-01-06
266,85,181,0,Craven,2022-01-07
87,27,60,0,Craven,2022-01-09
410,129,281,0,Craven,2022-01-10
304,104,200,0,Craven,2022-01-11
280,93,187,0,Craven,2022-01-13
280,62,218,0,Craven,2022-01-14
329,130,199,0,Craven,2022-01-17
426,121,305,0,Craven,2022-01-19
109,32,77,0,Craven,2022-01-21
269,98,171,0,Craven,2022-01-25
255,66,189,0,Craven,2022-01-26
212,54,158,0,Craven,2022-01-31
45,11,34,0,Craven,2022-02-05
87,29,58,0,Craven,2022-02-08
83,20,63,0,Craven,2022-02-09
80,38,42,0,Craven,2022-02-10
59,18,41,0,Craven,2022-02-11
35,12,23,0,Craven,2022-02-15
55,16,39,0,Craven,2022-02-16
38,10,28,0,Craven,2022-02-18
16,5,11,0,Craven,2022-02-19
9,0,9,0,Craven,2022-02-20
37,8,29,0,Craven,2022-02-21
26,9,17,0,Craven,2022-02-22
24,6,18,0,Craven,2022-02-23
18,2,16,0,Craven,2022-02-24
20,3,17,0,Craven,2022-02-25
8,2,6,0,Craven,2022-02-26
4,2,2,0,Craven,2022-02-27
21,2,19,0,Craven,2022-02-28
12,2,10,0,Craven,2022-03-01
13,6,7,0,Craven,2022-03-02
8,2,6,0,Craven,2022-03-03
9,3,6,0,Craven,2022-03-04
4,2,2,0,Craven,2022-03-05
8,3,5,0,Craven,2022-03-06
18,10,8,0,Craven,2022-03-07
7,2,5,0,Craven,2022-03-08
6,3,3,0,Craven,2022-03-10
12,4,8,0,Craven,2022-03-11
7,1,6,0,Craven,2022-03-13
8,2,6,0,Craven,2022-03-15
6,2,4,0,Craven,2022-03-16
9,4,5,0,Craven,2022-03-17
5,3,2,0,Craven,2022-03-18
1,0,1,0,Craven,2022-03-19
2,2,0,0,Craven,2022-03-20
6,1,5,0,Craven,2022-03-22
2,0,2,0,Craven,2022-03-23
3,1,2,0,Craven,2022-03-24
3,2,1,0,Craven,2022-03-25
3,1,2,0,Craven,2022-03-26
1,0,1,0,Craven,2022-03-27
5,4,1,0,Craven,2022-03-28
3,2,1,0,Craven,2022-03-29
2,1,1,0,Craven,2022-03-30
6,0,6,0,Craven,2022-03-31
4,0,4,0,Craven,2022-04-01
3,0,3,0,Craven,2022-04-02
1,1,0,0,Craven,2022-04-03
8,5,3,0,Craven,2022-04-04
4,3,1,0,Craven,2022-04-05
7,2,5,0,Craven,2022-04-06
6,2,4,0,Craven,2022-04-07
6,5,1,0,Craven,2022-04-08
2,0,2,0,Craven,2022-04-09
90,18,72,0,Cumberland,2021-10-18
34,11,23,0,Cumberland,2021-10-23
29,10,19,0,Cumberland,2021-10-24
73,12,61,0,Cumberland,2021-10-27
58,12,46,0,Cumberland,2021-10-28
48,10,38,0,Cumberland,2021-10-29
21,1,20,0,Cumberland,2021-10-30
56,21,35,0,Cumberland,2021-11-02
57,12,45,0,Cumberland,2021-11-03
45,10,35,0,Cumberland,2021-11-08
48,4,44,0,Cumberland,2021-11-09
46,8,38,0,Cumberland,2021-11-10
42,4,38,0,Cumberland,2021-11-12
23,6,17,0,Cumberland,2021-11-13
69,14,55,0,Cumberland,2021-11-15
58,12,46,0,Cumberland,2021-11-17
55,8,47,0,Cumberland,2021-11-19
22,4,18,0,Cumberland,2021-11-21
76,22,54,0,Cumberland,2021-11-22
72,9,63,0,Cumberland,2021-11-26
42,7,35,0,Cumberland,2021-11-28
156,25,131,0,Cumberland,2021-11-29
142,17,125,0,Cumberland,2021-11-30
112,15,97,0,Cumberland,2021-12-02
99,11,88,0,Cumberland,2021-12-03
136,18,118,0,Cumberland,2021-12-07
161,41,120,0,Cumberland,2021-12-10
58,9,49,0,Cumberland,2021-12-11
41,8,33,0,Cumberland,2021-12-12
179,25,154,0,Cumberland,2021-12-13
136,21,115,0,Cumberland,2021-12-14
130,21,109,0,Cumberland,2021-12-17
79,13,66,0,Cumberland,2021-12-18
70,7,63,0,Cumberland,2021-12-19
194,21,173,0,Cumberland,2021-12-20
238,36,202,0,Cumberland,2021-12-21
235,36,199,0,Cumberland,2021-12-22
284,40,244,0,Cumberland,2021-12-23
66,1,65,0,Cumberland,2021-12-25
194,32,162,0,Cumberland,2021-12-26
524,86,438,0,Cumberland,2021-12-27
1010,108,902,0,Cumberland,2021-12-29
606,61,545,0,Cumberland,2021-12-31
287,25,262,0,Cumberland,2022-01-01
1411,131,1280,0,Cumberland,2022-01-03
1405,122,1283,0,Cumberland,2022-01-04
1263,119,1144,0,Cumberland,2022-01-05
852,95,757,0,Cumberland,2022-01-07
346,26,320,0,Cumberland,2022-01-09
1200,139,1061,0,Cumberland,2022-01-11
1071,147,924,0,Cumberland,2022-01-12
942,129,813,0,Cumberland,2022-01-14
1157,195,962,0,Cumberland,2022-01-20
1582,134,1448,0,Cumberland,2022-01-24
722,58,664,0,Cumberland,2022-01-26
624,83,541,0,Cumberland,2022-01-28
208,21,187,0,Cumberland,2022-01-29
662,97,565,0,Cumberland,2022-01-31
487,72,415,0,Cumberland,2022-02-01
116,17,99,0,Cumberland,2022-02-05
304,62,242,0,Cumberland,2022-02-07
292,72,220,0,Cumberland,2022-02-08
228,56,172,0,Cumberland,2022-02-09
179,18,161,0,Cumberland,2022-02-14
117,16,101,0,Cumberland,2022-02-15
120,26,94,0,Cumberland,2022-02-17
107,23,84,0,Cumberland,2022-02-21
113,6,107,0,Cumberland,2022-02-22
58,12,46,0,Cumberland,2022-02-24
42,4,38,0,Cumberland,2022-02-25
25,8,17,0,Cumberland,2022-02-26
11,3,8,0,Cumberland,2022-02-27
80,11,69,0,Cumberland,2022-02-28
45,7,38,0,Cumberland,2022-03-01
51,5,46,0,Cumberland,2022-03-03
18,2,16,0,Cumberland,2022-03-04
11,3,8,0,Cumberland,2022-03-05
7,1,6,0,Cumberland,2022-03-06
30,4,26,0,Cumberland,2022-03-07
23,9,14,0,Cumberland,2022-03-08
22,3,19,0,Cumberland,2022-03-09
24,5,19,0,Cumberland,2022-03-10
41,1,40,0,Cumberland,2022-03-11
11,2,9,0,Cumberland,2022-03-12
7,2,5,0,Cumberland,2022-03-13
30,2,28,0,Cumberland,2022-03-14
25,3,22,0,Cumberland,2022-03-15
32,8,24,0,Cumberland,2022-03-16
14,2,12,0,Cumberland,2022-03-17
11,5,6,0,Cumberland,2022-03-18
7,2,5,0,Cumberland,2022-03-19
4,1,3,0,Cumberland,2022-03-20
17,5,12,0,Cumberland,2022-03-21
22,2,20,0,Cumberland,2022-03-22
14,2,12,0,Cumberland,2022-03-23
12,1,11,0,Cumberland,2022-03-24
17,2,15,0,Cumberland,2022-03-25
7,2,5,0,Cumberland,2022-03-26
9,6,3,0,Cumberland,2022-03-27
16,3,13,0,Cumberland,2022-03-28
15,6,9,0,Cumberland,2022-03-29
10,2,8,0,Cumberland,2022-03-30
13,3,10,0,Cumberland,2022-03-31
10,3,7,0,Cumberland,2022-04-01
5,1,4,0,Cumberland,2022-04-02
2,0,2,0,Cumberland,2022-04-03
19,5,14,0,Cumberland,2022-04-04
25,4,21,0,Cumberland,2022-04-05
21,1,20,0,Cumberland,2022-04-06
23,5,18,0,Cumberland,2022-04-07
25,6,19,0,Cumberland,2022-04-08
9,4,5,0,Cumberland,2022-04-09
3,1,2,0,Currituck,2021-10-13
5,0,5,0,Currituck,2021-10-14
3,0,3,0,Currituck,2021-10-15
4,0,4,0,Currituck,2021-10-16
14,1,13,0,Currituck,2021-10-18
11,2,9,0,Currituck,2021-10-19
8,3,5,0,Currituck,2021-10-20
3,2,1,0,Currituck,2021-10-22
2,0,2,0,Currituck,2021-10-24
11,0,11,0,Currituck,2021-10-25
8,1,7,0,Currituck,2021-10-26
6,1,5,0,Currituck,2021-10-27
6,0,6,0,Currituck,2021-10-28
10,1,9,0,Currituck,2021-10-29
8,5,3,0,Currituck,2021-10-30
6,1,5,0,Currituck,2021-10-31
14,2,12,0,Currituck,2021-11-01
13,4,9,0,Currituck,2021-11-02
13,3,10,0,Currituck,2021-11-03
19,4,15,0,Currituck,2021-11-04
5,3,2,0,Currituck,2021-11-05
9,2,7,0,Currituck,2021-11-06
19,2,17,0,Currituck,2021-11-08
11,0,11,0,Currituck,2021-11-09
14,2,12,0,Currituck,2021-11-10
5,2,3,0,Currituck,2021-11-11
15,1,14,0,Currituck,2021-11-12
9,1,8,0,Currituck,2021-11-15
12,6,6,0,Currituck,2021-11-16
11,3,8,0,Currituck,2021-11-17
6,1,5,0,Currituck,2021-11-18
6,0,6,0,Currituck,2021-11-19
4,1,3,0,Currituck,2021-11-20
6,1,5,0,Currituck,2021-11-21
7,1,6,0,Currituck,2021-11-22
3,0,3,0,Currituck,2021-11-23
7,3,4,0,Currituck,2021-11-24
0,0,0,0,Currituck,2021-11-25
6,1,5,0,Currituck,2021-11-26
4,1,3,0,Currituck,2021-11-27
7,0,7,0,Currituck,2021-11-28
18,2,16,0,Currituck,2021-11-29
15,3,12,0,Currituck,2021-11-30
14,4,10,0,Currituck,2021-12-01
10,0,10,0,Currituck,2021-12-02
6,0,6,0,Currituck,2021-12-03
3,0,3,0,Currituck,2021-12-04
5,1,4,0,Currituck,2021-12-05
11,3,8,0,Currituck,2021-12-06
13,4,9,0,Currituck,2021-12-07
2,0,2,0,Currituck,2021-12-08
3,0,3,0,Currituck,2021-12-09
10,2,8,0,Currituck,2021-12-10
3,1,2,0,Currituck,2021-12-11
7,0,7,0,Currituck,2021-12-12
9,1,8,0,Currituck,2021-12-13
8,1,7,0,Currituck,2021-12-14
8,1,7,0,Currituck,2021-12-15
11,3,8,0,Currituck,2021-12-16
8,3,5,0,Currituck,2021-12-17
7,0,7,0,Currituck,2021-12-19
16,4,12,0,Currituck,2021-12-20
19,7,12,0,Currituck,2021-12-21
16,3,13,0,Currituck,2021-12-23
11,7,4,0,Currituck,2021-12-25
21,6,15,0,Currituck,2021-12-26
35,4,31,0,Currituck,2021-12-27
46,5,41,0,Currituck,2021-12-29
18,0,18,0,Currituck,2021-12-31
31,6,25,0,Currituck,2022-01-01
26,8,18,0,Currituck,2022-01-02
62,13,49,0,Currituck,2022-01-03
59,10,49,0,Currituck,2022-01-04
54,8,46,0,Currituck,2022-01-05
57,4,53,0,Currituck,2022-01-06
39,6,33,0,Currituck,2022-01-07
23,3,20,0,Currituck,2022-01-09
77,11,66,0,Currituck,2022-01-10
66,6,60,0,Currituck,2022-01-13
62,4,58,0,Currituck,2022-01-14
34,11,23,0,Currituck,2022-01-15
29,3,26,0,Currituck,2022-01-16
67,17,50,0,Currituck,2022-01-17
77,8,69,0,Currituck,2022-01-18
72,10,62,0,Currituck,2022-01-19
52,6,46,0,Currituck,2022-01-20
19,5,14,0,Currituck,2022-01-21
6,2,4,0,Currituck,2022-01-22
20,4,16,0,Currituck,2022-01-23
59,8,51,0,Currituck,2022-01-24
66,10,56,0,Currituck,2022-01-25
42,3,39,0,Currituck,2022-01-26
20,6,14,0,Currituck,2022-01-27
3,0,3,0,Currituck,2022-01-28
5,2,3,0,Currituck,2022-01-29
4,1,3,0,Currituck,2022-01-30
27,4,23,0,Currituck,2022-01-31
20,5,15,0,Currituck,2022-02-01
30,7,23,0,Currituck,2022-02-02
12,1,11,0,Currituck,2022-02-03
14,0,14,0,Currituck,2022-02-04
3,2,1,0,Currituck,2022-02-05
3,0,3,0,Currituck,2022-02-06
12,1,11,0,Currituck,2022-02-07
5,0,5,0,Currituck,2022-02-08
9,1,8,0,Currituck,2022-02-09
6,0,6,0,Currituck,2022-02-10
8,0,8,0,Currituck,2022-02-11
5,0,5,0,Currituck,2022-02-12
4,0,4,0,Currituck,2022-02-13
9,0,9,0,Currituck,2022-02-14
4,0,4,0,Currituck,2022-02-15
10,2,8,0,Currituck,2022-02-16
2,0,2,0,Currituck,2022-02-17
0,0,0,0,Currituck,2022-02-18
0,0,0,0,Currituck,2022-02-19
0,0,0,0,Currituck,2022-02-20
0,0,0,0,Currituck,2022-02-21
3,0,3,0,Currituck,2022-02-22
0,0,0,0,Currituck,2022-02-23
0,0,0,0,Currituck,2022-02-24
0,0,0,0,Currituck,2022-02-25
2,0,2,0,Currituck,2022-02-26
0,0,0,0,Currituck,2022-02-27
3,0,3,0,Currituck,2022-02-28
0,0,0,0,Currituck,2022-03-01
0,0,0,0,Currituck,2022-03-02
3,3,0,0,Currituck,2022-03-03
0,0,0,0,Currituck,2022-03-04
3,2,1,0,Currituck,2022-03-05
3,0,3,0,Currituck,2022-03-06
0,0,0,0,Currituck,2022-03-07
2,0,2,0,Currituck,2022-03-08
0,0,0,0,Currituck,2022-03-09
2,1,1,0,Currituck,2022-03-10
0,0,0,0,Currituck,2022-03-11
3,1,2,0,Currituck,2022-03-12
2,1,1,0,Currituck,2022-03-13
0,0,0,0,Currituck,2022-03-14
0,0,0,0,Currituck,2022-03-15
0,0,0,0,Currituck,2022-03-16
0,0,0,0,Currituck,2022-03-17
0,0,0,0,Currituck,2022-03-18
0,0,0,0,Currituck,2022-03-19
0,0,0,0,Currituck,2022-03-20
0,0,0,0,Currituck,2022-03-21
1,0,1,0,Currituck,2022-03-22
0,0,0,0,Currituck,2022-03-23
0,0,0,0,Currituck,2022-03-24
2,0,2,0,Currituck,2022-03-25
0,0,0,0,Currituck,2022-03-26
0,0,0,0,Currituck,2022-03-27
0,0,0,0,Currituck,2022-03-28
0,0,0,0,Currituck,2022-03-29
1,0,1,0,Currituck,2022-03-30
0,0,0,0,Currituck,2022-03-31
1,0,1,0,Currituck,2022-04-01
0,0,0,0,Currituck,2022-04-02
2,0,2,0,Currituck,2022-04-03
0,0,0,0,Currituck,2022-04-04
0,0,0,0,Currituck,2022-04-05
0,0,0,0,Currituck,2022-04-06
2,0,2,0,Currituck,2022-04-07
0,0,0,0,Currituck,2022-04-08
0,0,0,0,Currituck,2022-04-09
7,0,7,0,Dare,2021-10-12
7,0,7,0,Dare,2021-10-13
8,0,8,0,Dare,2021-10-14
13,1,12,0,Dare,2021-10-15
9,0,9,0,Dare,2021-10-16
16,0,16,0,Dare,2021-10-18
13,0,13,0,Dare,2021-10-19
11,0,11,0,Dare,2021-10-20
10,0,10,0,Dare,2021-10-21
10,0,10,0,Dare,2021-10-23
13,0,13,0,Dare,2021-10-24
18,0,18,0,Dare,2021-10-25
17,1,16,0,Dare,2021-10-26
2,0,2,0,Dare,2021-10-27
11,0,11,0,Dare,2021-10-28
7,0,7,0,Dare,2021-10-30
6,0,6,0,Dare,2021-10-31
8,0,8,0,Dare,2021-11-01
13,0,13,0,Dare,2021-11-02
3,0,3,0,Dare,2021-11-03
10,0,10,0,Dare,2021-11-04
10,0,10,0,Dare,2021-11-05
3,0,3,0,Dare,2021-11-06
15,0,15,0,Dare,2021-11-08
12,0,12,0,Dare,2021-11-09
12,0,12,0,Dare,2021-11-10
8,0,8,0,Dare,2021-11-11
7,0,7,0,Dare,2021-11-12
7,0,7,0,Dare,2021-11-14
8,0,8,0,Dare,2021-11-15
7,0,7,0,Dare,2021-11-16
8,0,8,0,Dare,2021-11-17
7,0,7,0,Dare,2021-11-19
6,0,6,0,Dare,2021-11-20
5,0,5,0,Dare,2021-11-21
12,0,12,0,Dare,2021-11-23
12,1,11,0,Dare,2021-11-24
3,0,3,0,Dare,2021-11-25
16,1,15,0,Dare,2021-11-26
7,0,7,0,Dare,2021-11-27
12,0,12,0,Dare,2021-11-28
22,0,22,0,Dare,2021-11-29
9,0,9,0,Dare,2021-11-30
11,0,11,0,Dare,2021-12-01
18,0,18,0,Dare,2021-12-02
28,0,28,0,Dare,2021-12-03
8,0,8,0,Dare,2021-12-05
20,0,20,0,Dare,2021-12-07
19,0,19,0,Dare,2021-12-09
15,0,15,0,Dare,2021-12-10
19,0,19,0,Dare,2021-12-12
33,0,33,0,Dare,2021-12-13
24,0,24,0,Dare,2021-12-16
19,0,19,0,Dare,2021-12-17
7,0,7,0,Dare,2021-12-18
8,0,8,0,Dare,2021-12-19
24,2,22,0,Dare,2021-12-20
20,0,20,0,Dare,2021-12-21
25,0,25,0,Dare,2021-12-22
31,0,31,0,Dare,2021-12-23
23,0,23,0,Dare,2021-12-24
0,0,0,0,Dare,2021-12-25
29,0,29,0,Dare,2021-12-26
49,0,49,0,Dare,2021-12-27
58,1,57,0,Dare,2021-12-29
64,0,64,0,Dare,2021-12-30
52,0,52,0,Dare,2021-12-31
18,0,18,0,Dare,2022-01-01
44,1,43,0,Dare,2022-01-02
91,0,91,0,Dare,2022-01-03
98,0,98,0,Dare,2022-01-04
102,0,102,0,Dare,2022-01-05
103,0,103,0,Dare,2022-01-06
78,0,78,0,Dare,2022-01-07
50,0,50,0,Dare,2022-01-08
128,0,128,0,Dare,2022-01-10
109,0,109,0,Dare,2022-01-11
102,1,101,0,Dare,2022-01-12
109,1,108,0,Dare,2022-01-13
110,1,109,0,Dare,2022-01-14
51,0,51,0,Dare,2022-01-15
41,1,40,0,Dare,2022-01-16
77,0,77,0,Dare,2022-01-17
96,0,96,0,Dare,2022-01-18
107,2,105,0,Dare,2022-01-19
84,1,83,0,Dare,2022-01-20
30,0,30,0,Dare,2022-01-21
23,0,23,0,Dare,2022-01-22
14,0,14,0,Dare,2022-01-23
84,0,84,0,Dare,2022-01-24
64,2,62,0,Dare,2022-01-25
56,2,54,0,Dare,2022-01-26
48,0,48,0,Dare,2022-01-27
32,1,31,0,Dare,2022-01-28
9,0,9,0,Dare,2022-01-29
20,0,20,0,Dare,2022-01-30
53,2,51,0,Dare,2022-01-31
38,0,38,0,Dare,2022-02-01
21,1,20,0,Dare,2022-02-02
20,0,20,0,Dare,2022-02-03
32,0,32,0,Dare,2022-02-04
9,0,9,0,Dare,2022-02-05
13,0,13,0,Dare,2022-02-06
19,2,17,0,Dare,2022-02-07
17,1,16,0,Dare,2022-02-08
11,0,11,0,Dare,2022-02-09
14,0,14,0,Dare,2022-02-10
15,0,15,0,Dare,2022-02-11
4,0,4,0,Dare,2022-02-12
7,0,7,0,Dare,2022-02-13
9,0,9,0,Dare,2022-02-14
16,0,16,0,Dare,2022-02-15
12,0,12,0,Dare,2022-02-16
13,0,13,0,Dare,2022-02-17
9,0,9,0,Dare,2022-02-18
3,0,3,0,Dare,2022-02-19
7,0,7,0,Dare,2022-02-20
11,0,11,0,Dare,2022-02-21
6,0,6,0,Dare,2022-02-22
4,0,4,0,Dare,2022-02-23
5,0,5,0,Dare,2022-02-24
4,0,4,0,Dare,2022-02-25
1,0,1,0,Dare,2022-02-26
1,0,1,0,Dare,2022-02-27
3,0,3,0,Dare,2022-02-28
2,0,2,0,Dare,2022-03-01
3,0,3,0,Dare,2022-03-02
10,0,10,0,Dare,2022-03-03
3,0,3,0,Dare,2022-03-04
2,0,2,0,Dare,2022-03-05
2,0,2,0,Dare,2022-03-06
6,0,6,0,Dare,2022-03-07
4,0,4,0,Dare,2022-03-08
8,0,8,0,Dare,2022-03-09
0,0,0,0,Dare,2022-03-10
0,0,0,0,Dare,2022-03-11
0,0,0,0,Dare,2022-03-12
3,0,3,0,Dare,2022-03-13
1,0,1,0,Dare,2022-03-14
3,0,3,0,Dare,2022-03-15
2,0,2,0,Dare,2022-03-16
1,0,1,0,Dare,2022-03-17
3,0,3,0,Dare,2022-03-18
1,0,1,0,Dare,2022-03-19
2,0,2,0,Dare,2022-03-20
2,0,2,0,Dare,2022-03-21
1,0,1,0,Dare,2022-03-22
2,0,2,0,Dare,2022-03-23
0,0,0,0,Dare,2022-03-24
1,0,1,0,Dare,2022-03-25
1,0,1,0,Dare,2022-03-26
1,0,1,0,Dare,2022-03-27
0,0,0,0,Dare,2022-03-28
0,0,0,0,Dare,2022-03-29
2,1,1,0,Dare,2022-03-30
1,0,1,0,Dare,2022-03-31
1,0,1,0,Dare,2022-04-01
1,0,1,0,Dare,2022-04-02
1,0,1,0,Dare,2022-04-03
0,0,0,0,Dare,2022-04-04
1,0,1,0,Dare,2022-04-05
3,0,3,0,Dare,2022-04-06
2,0,2,0,Dare,2022-04-07
1,0,1,0,Dare,2022-04-08
2,0,2,0,Dare,2022-04-09
58,10,48,0,Davidson,2021-10-12
39,5,34,0,Davidson,2021-10-19
25,1,24,0,Davidson,2021-10-22
17,5,12,0,Davidson,2021-10-24
30,6,24,0,Davidson,2021-10-27
31,2,29,0,Davidson,2021-10-29
18,1,17,0,Davidson,2021-10-30
43,7,36,0,Davidson,2021-11-01
29,4,25,0,Davidson,2021-11-03
36,4,32,0,Davidson,2021-11-04
13,0,13,0,Davidson,2021-11-06
13,0,13,0,Davidson,2021-11-07
40,10,30,0,Davidson,2021-11-08
34,3,31,0,Davidson,2021-11-09
40,5,35,0,Davidson,2021-11-10
45,7,38,0,Davidson,2021-11-12
16,2,14,0,Davidson,2021-11-13
18,0,18,0,Davidson,2021-11-14
46,6,40,0,Davidson,2021-11-16
45,4,41,0,Davidson,2021-11-17
44,4,40,0,Davidson,2021-11-18
49,6,43,0,Davidson,2021-11-19
35,3,32,0,Davidson,2021-11-20
62,11,51,0,Davidson,2021-11-22
5,0,5,0,Davidson,2021-11-25
43,1,42,0,Davidson,2021-11-28
67,8,59,0,Davidson,2021-11-29
68,11,57,0,Davidson,2021-11-30
37,0,37,0,Davidson,2021-12-04
73,7,66,0,Davidson,2021-12-10
48,1,47,0,Davidson,2021-12-12
105,17,88,0,Davidson,2021-12-13
40,2,38,0,Davidson,2021-12-18
110,15,95,0,Davidson,2021-12-20
96,15,81,0,Davidson,2021-12-23
270,36,234,0,Davidson,2021-12-27
355,41,314,0,Davidson,2021-12-29
129,12,117,0,Davidson,2022-01-01
410,63,347,0,Davidson,2022-01-03
218,17,201,0,Davidson,2022-01-08
184,18,166,0,Davidson,2022-01-09
655,80,575,0,Davidson,2022-01-11
147,20,127,0,Davidson,2022-01-17
555,44,511,0,Davidson,2022-01-18
568,57,511,0,Davidson,2022-01-19
252,39,213,0,Davidson,2022-01-28
259,35,224,0,Davidson,2022-01-31
161,19,142,0,Davidson,2022-02-03
46,2,44,0,Davidson,2022-02-05
62,5,57,0,Davidson,2022-02-06
129,28,101,0,Davidson,2022-02-07
58,14,44,0,Davidson,2022-02-11
72,20,52,0,Davidson,2022-02-14
49,10,39,0,Davidson,2022-02-16
40,3,37,0,Davidson,2022-02-17
45,7,38,0,Davidson,2022-02-18
14,1,13,0,Davidson,2022-02-19
13,2,11,0,Davidson,2022-02-20
41,8,33,0,Davidson,2022-02-22
34,5,29,0,Davidson,2022-02-23
11,3,8,0,Davidson,2022-02-25
13,0,13,0,Davidson,2022-02-26
7,1,6,0,Davidson,2022-02-27
26,6,20,0,Davidson,2022-02-28
13,5,8,0,Davidson,2022-03-01
15,6,9,0,Davidson,2022-03-03
8,0,8,0,Davidson,2022-03-05
11,1,10,0,Davidson,2022-03-06
15,4,11,0,Davidson,2022-03-07
5,1,4,0,Davidson,2022-03-09
6,4,2,0,Davidson,2022-03-10
8,3,5,0,Davidson,2022-03-11
3,0,3,0,Davidson,2022-03-12
2,0,2,0,Davidson,2022-03-13
3,1,2,0,Davidson,2022-03-14
4,0,4,0,Davidson,2022-03-15
5,1,4,0,Davidson,2022-03-17
5,2,3,0,Davidson,2022-03-18
2,0,2,0,Davidson,2022-03-19
1,0,1,0,Davidson,2022-03-20
8,3,5,0,Davidson,2022-03-21
5,2,3,0,Davidson,2022-03-22
5,3,2,0,Davidson,2022-03-23
1,0,1,0,Davidson,2022-03-24
2,0,2,0,Davidson,2022-03-25
1,0,1,0,Davidson,2022-03-26
5,2,3,0,Davidson,2022-03-27
2,0,2,0,Davidson,2022-03-28
6,1,5,0,Davidson,2022-03-29
7,3,4,0,Davidson,2022-03-30
5,1,4,0,Davidson,2022-03-31
5,1,4,0,Davidson,2022-04-01
4,2,2,0,Davidson,2022-04-02
5,0,5,0,Davidson,2022-04-03
8,2,6,0,Davidson,2022-04-04
15,6,9,0,Davidson,2022-04-05
10,8,2,0,Davidson,2022-04-06
11,3,8,0,Davidson,2022-04-07
7,2,5,0,Davidson,2022-04-08
6,2,4,0,Davidson,2022-04-09
18,3,15,0,Davie,2021-10-12
11,1,10,0,Davie,2021-10-13
8,0,8,0,Davie,2021-10-14
7,0,7,0,Davie,2021-10-15
5,1,4,0,Davie,2021-10-17
15,2,13,0,Davie,2021-10-19
7,0,7,0,Davie,2021-10-22
6,1,5,0,Davie,2021-10-23
7,2,5,0,Davie,2021-10-27
14,4,10,0,Davie,2021-10-28
10,3,7,0,Davie,2021-10-30
5,0,5,0,Davie,2021-10-31
10,1,9,0,Davie,2021-11-01
11,3,8,0,Davie,2021-11-02
7,2,5,0,Davie,2021-11-03
6,2,4,0,Davie,2021-11-05
5,0,5,0,Davie,2021-11-06
4,1,3,0,Davie,2021-11-07
14,0,14,0,Davie,2021-11-08
9,3,6,0,Davie,2021-11-09
7,0,7,0,Davie,2021-11-10
8,1,7,0,Davie,2021-11-11
9,0,9,0,Davie,2021-11-12
5,1,4,0,Davie,2021-11-13
7,0,7,0,Davie,2021-11-14
12,1,11,0,Davie,2021-11-15
13,3,10,0,Davie,2021-11-16
10,2,8,0,Davie,2021-11-18
13,2,11,0,Davie,2021-11-19
9,0,9,0,Davie,2021-11-20
9,4,5,0,Davie,2021-11-22
16,6,10,0,Davie,2021-11-23
16,5,11,0,Davie,2021-11-24
0,0,0,0,Davie,2021-11-25
15,3,12,0,Davie,2021-11-26
16,2,14,0,Davie,2021-11-27
18,3,15,0,Davie,2021-11-28
37,7,30,0,Davie,2021-11-29
21,10,11,0,Davie,2021-11-30
24,5,19,0,Davie,2021-12-01
20,10,10,0,Davie,2021-12-02
13,3,10,0,Davie,2021-12-04
16,2,14,0,Davie,2021-12-05
32,8,24,0,Davie,2021-12-06
31,4,27,0,Davie,2021-12-07
26,6,20,0,Davie,2021-12-08
29,4,25,0,Davie,2021-12-09
28,9,19,0,Davie,2021-12-10
4,1,3,0,Davie,2021-12-12
41,8,33,0,Davie,2021-12-13
42,10,32,0,Davie,2021-12-15
30,7,23,0,Davie,2021-12-16
30,12,18,0,Davie,2021-12-17
18,6,12,0,Davie,2021-12-18
15,3,12,0,Davie,2021-12-19
37,8,29,0,Davie,2021-12-20
47,7,40,0,Davie,2021-12-21
27,1,26,0,Davie,2021-12-22
32,6,26,0,Davie,2021-12-23
12,1,11,0,Davie,2021-12-24
2,0,2,0,Davie,2021-12-25
21,4,17,0,Davie,2021-12-26
88,10,78,0,Davie,2021-12-27
76,9,67,0,Davie,2021-12-28
76,10,66,0,Davie,2021-12-29
78,8,70,0,Davie,2021-12-30
34,5,29,0,Davie,2021-12-31
24,4,20,0,Davie,2022-01-01
34,4,30,0,Davie,2022-01-02
76,13,63,0,Davie,2022-01-03
110,23,87,0,Davie,2022-01-04
109,17,92,0,Davie,2022-01-05
75,6,69,0,Davie,2022-01-07
27,2,25,0,Davie,2022-01-09
134,19,115,0,Davie,2022-01-10
166,16,150,0,Davie,2022-01-11
153,23,130,0,Davie,2022-01-12
128,28,100,0,Davie,2022-01-13
158,29,129,0,Davie,2022-01-14
9,1,8,0,Davie,2022-01-16
40,15,25,0,Davie,2022-01-17
127,30,97,0,Davie,2022-01-18
161,35,126,0,Davie,2022-01-20
105,19,86,0,Davie,2022-01-21
34,7,27,0,Davie,2022-01-22
27,9,18,0,Davie,2022-01-23
94,17,77,0,Davie,2022-01-25
68,14,54,0,Davie,2022-01-26
30,4,26,0,Davie,2022-01-29
26,7,19,0,Davie,2022-01-30
69,15,54,0,Davie,2022-02-01
51,14,37,0,Davie,2022-02-03
24,3,21,0,Davie,2022-02-06
57,15,42,0,Davie,2022-02-07
34,5,29,0,Davie,2022-02-08
34,8,26,0,Davie,2022-02-09
20,3,17,0,Davie,2022-02-10
28,5,23,0,Davie,2022-02-11
6,0,6,0,Davie,2022-02-12
21,4,17,0,Davie,2022-02-14
22,4,18,0,Davie,2022-02-15
11,2,9,0,Davie,2022-02-16
18,4,14,0,Davie,2022-02-17
13,1,12,0,Davie,2022-02-18
7,2,5,0,Davie,2022-02-19
9,3,6,0,Davie,2022-02-20
13,2,11,0,Davie,2022-02-22
9,1,8,0,Davie,2022-02-23
7,1,6,0,Davie,2022-02-24
11,1,10,0,Davie,2022-02-25
6,0,6,0,Davie,2022-02-26
4,1,3,0,Davie,2022-02-27
12,8,4,0,Davie,2022-02-28
5,1,4,0,Davie,2022-03-01
3,0,3,0,Davie,2022-03-02
4,2,2,0,Davie,2022-03-03
6,0,6,0,Davie,2022-03-04
0,0,0,0,Davie,2022-03-05
0,0,0,0,Davie,2022-03-06
2,0,2,0,Davie,2022-03-09
0,0,0,0,Davie,2022-03-10
1,0,1,0,Davie,2022-03-11
1,0,1,0,Davie,2022-03-12
2,1,1,0,Davie,2022-03-13
6,4,2,0,Davie,2022-03-14
3,1,2,0,Davie,2022-03-15
6,1,5,0,Davie,2022-03-16
4,1,3,0,Davie,2022-03-17
1,0,1,0,Davie,2022-03-18
0,0,0,0,Davie,2022-03-20
4,2,2,0,Davie,2022-03-21
3,1,2,0,Davie,2022-03-22
1,1,0,0,Davie,2022-03-23
4,2,2,0,Davie,2022-03-24
2,1,1,0,Davie,2022-03-25
1,0,1,0,Davie,2022-03-26
1,0,1,0,Davie,2022-03-27
3,0,3,0,Davie,2022-03-28
4,3,1,0,Davie,2022-03-29
2,1,1,0,Davie,2022-03-30
5,2,3,0,Davie,2022-03-31
1,1,0,0,Davie,2022-04-01
4,3,1,0,Davie,2022-04-02
2,1,1,0,Davie,2022-04-03
0,0,0,0,Davie,2022-04-04
0,0,0,0,Davie,2022-04-05
1,0,1,0,Davie,2022-04-06
3,1,2,0,Davie,2022-04-07
3,0,3,0,Davie,2022-04-08
2,0,2,0,Davie,2022-04-09
6,4,2,0,Duplin,2021-10-16
20,6,14,0,Duplin,2021-10-18
14,6,8,0,Duplin,2021-10-21
3,1,2,0,Duplin,2021-10-24
7,4,3,0,Duplin,2021-10-27
12,4,8,0,Duplin,2021-10-28
8,1,7,0,Duplin,2021-10-29
3,0,3,0,Duplin,2021-10-30
12,4,8,0,Duplin,2021-11-01
4,0,4,0,Duplin,2021-11-02
1,0,1,0,Duplin,2021-11-06
2,0,2,0,Duplin,2021-11-07
13,7,6,0,Duplin,2021-11-10
5,3,2,0,Duplin,2021-11-11
1,0,1,0,Duplin,2021-11-12
4,1,3,0,Duplin,2021-11-13
4,1,3,0,Duplin,2021-11-14
13,7,6,0,Duplin,2021-11-15
13,3,10,0,Duplin,2021-11-16
5,0,5,0,Duplin,2021-11-18
2,1,1,0,Duplin,2021-11-20
2,1,1,0,Duplin,2021-11-21
6,1,5,0,Duplin,2021-11-22
7,1,6,0,Duplin,2021-11-24
1,1,0,0,Duplin,2021-11-25
5,0,5,0,Duplin,2021-11-26
6,4,2,0,Duplin,2021-11-27
5,1,4,0,Duplin,2021-11-28
27,13,14,0,Duplin,2021-11-29
22,9,13,0,Duplin,2021-11-30
31,21,10,0,Duplin,2021-12-01
38,12,26,0,Duplin,2021-12-02
15,2,13,0,Duplin,2021-12-04
5,3,2,0,Duplin,2021-12-05
35,10,25,0,Duplin,2021-12-06
29,11,18,0,Duplin,2021-12-07
15,4,11,0,Duplin,2021-12-09
19,8,11,0,Duplin,2021-12-10
8,1,7,0,Duplin,2021-12-11
3,0,3,0,Duplin,2021-12-12
35,17,18,0,Duplin,2021-12-13
20,6,14,0,Duplin,2021-12-14
16,7,9,0,Duplin,2021-12-15
10,4,6,0,Duplin,2021-12-16
8,3,5,0,Duplin,2021-12-17
2,0,2,0,Duplin,2021-12-18
6,1,5,0,Duplin,2021-12-19
22,8,14,0,Duplin,2021-12-20
20,12,8,0,Duplin,2021-12-21
16,7,9,0,Duplin,2021-12-22
4,1,3,0,Duplin,2021-12-24
2,0,2,0,Duplin,2021-12-25
15,5,10,0,Duplin,2021-12-26
42,17,25,0,Duplin,2021-12-27
72,25,47,0,Duplin,2021-12-28
91,21,70,0,Duplin,2021-12-29
93,43,50,0,Duplin,2021-12-30
48,21,27,0,Duplin,2021-12-31
29,3,26,0,Duplin,2022-01-02
179,53,126,0,Duplin,2022-01-03
145,67,78,0,Duplin,2022-01-04
235,88,147,0,Duplin,2022-01-05
195,73,122,0,Duplin,2022-01-07
295,125,170,0,Duplin,2022-01-11
297,146,151,0,Duplin,2022-01-13
264,102,162,0,Duplin,2022-01-14
397,163,234,0,Duplin,2022-01-18
58,18,40,0,Duplin,2022-01-21
226,96,130,0,Duplin,2022-01-24
143,52,91,0,Duplin,2022-01-26
10,3,7,0,Duplin,2022-01-29
22,1,21,0,Duplin,2022-01-30
110,54,56,0,Duplin,2022-01-31
63,21,42,0,Duplin,2022-02-01
44,10,34,0,Duplin,2022-02-03
11,2,9,0,Duplin,2022-02-06
28,9,19,0,Duplin,2022-02-09
20,9,11,0,Duplin,2022-02-11
26,6,20,0,Duplin,2022-02-14
19,6,13,0,Duplin,2022-02-16
11,4,7,0,Duplin,2022-02-17
14,5,9,0,Duplin,2022-02-18
14,4,10,0,Duplin,2022-02-21
8,1,7,0,Duplin,2022-02-22
10,2,8,0,Duplin,2022-02-23
6,3,3,0,Duplin,2022-02-24
5,1,4,0,Duplin,2022-02-27
6,2,4,0,Duplin,2022-02-28
5,2,3,0,Duplin,2022-03-01
6,1,5,0,Duplin,2022-03-02
4,2,2,0,Duplin,2022-03-03
0,0,0,0,Duplin,2022-03-06
2,0,2,0,Duplin,2022-03-07
3,2,1,0,Duplin,2022-03-09
2,0,2,0,Duplin,2022-03-10
0,0,0,0,Duplin,2022-03-12
0,0,0,0,Duplin,2022-03-13
4,2,2,0,Duplin,2022-03-14
3,1,2,0,Duplin,2022-03-17
0,0,0,0,Duplin,2022-03-19
0,0,0,0,Duplin,2022-03-20
0,0,0,0,Duplin,2022-03-21
2,2,0,0,Duplin,2022-03-22
0,0,0,0,Duplin,2022-03-23
2,1,1,0,Duplin,2022-03-24
1,1,0,0,Duplin,2022-03-25
0,0,0,0,Duplin,2022-03-26
0,0,0,0,Duplin,2022-03-27
1,0,1,0,Duplin,2022-03-29
2,1,1,0,Duplin,2022-03-30
0,0,0,0,Duplin,2022-03-31
2,1,1,0,Duplin,2022-04-01
1,0,1,0,Duplin,2022-04-02
1,0,1,0,Duplin,2022-04-03
3,3,0,0,Duplin,2022-04-04
2,0,2,0,Duplin,2022-04-05
1,1,0,0,Duplin,2022-04-06
1,0,1,0,Duplin,2022-04-07
1,0,1,0,Duplin,2022-04-08
1,0,1,0,Duplin,2022-04-09
59,6,53,0,Durham,2021-10-12
30,2,28,0,Durham,2021-10-15
16,1,15,0,Durham,2021-10-17
43,6,37,0,Durham,2021-10-19
47,4,43,0,Durham,2021-10-21
42,5,37,0,Durham,2021-10-27
34,5,29,0,Durham,2021-10-28
34,0,34,0,Durham,2021-10-29
21,0,21,0,Durham,2021-10-31
41,2,39,0,Durham,2021-11-01
48,4,44,0,Durham,2021-11-02
46,2,44,0,Durham,2021-11-03
35,1,34,0,Durham,2021-11-04
35,0,35,0,Durham,2021-11-05
14,0,14,0,Durham,2021-11-06
37,1,36,0,Durham,2021-11-08
66,2,64,0,Durham,2021-11-09
49,2,47,0,Durham,2021-11-10
47,0,47,0,Durham,2021-11-12
24,0,24,0,Durham,2021-11-14
58,5,53,0,Durham,2021-11-15
55,4,51,0,Durham,2021-11-16
45,5,40,0,Durham,2021-11-17
44,4,40,0,Durham,2021-11-18
40,5,35,0,Durham,2021-11-19
12,1,11,0,Durham,2021-11-21
46,3,43,0,Durham,2021-11-23
24,0,24,0,Durham,2021-11-24
5,0,5,0,Durham,2021-11-25
36,1,35,0,Durham,2021-11-26
27,3,24,0,Durham,2021-11-27
46,3,43,0,Durham,2021-11-28
80,7,73,0,Durham,2021-11-29
99,7,92,0,Durham,2021-12-01
67,5,62,0,Durham,2021-12-02
53,4,49,0,Durham,2021-12-04
76,11,65,0,Durham,2021-12-06
78,9,69,0,Durham,2021-12-07
71,9,62,0,Durham,2021-12-09
64,2,62,0,Durham,2021-12-10
42,5,37,0,Durham,2021-12-11
30,1,29,0,Durham,2021-12-12
88,8,80,0,Durham,2021-12-16
94,6,88,0,Durham,2021-12-17
66,4,62,0,Durham,2021-12-19
158,8,150,0,Durham,2021-12-20
193,19,174,0,Durham,2021-12-21
255,13,242,0,Durham,2021-12-22
269,11,258,0,Durham,2021-12-23
172,6,166,0,Durham,2021-12-24
85,3,82,0,Durham,2021-12-25
270,11,259,0,Durham,2021-12-26
622,46,576,0,Durham,2021-12-27
977,37,940,0,Durham,2021-12-29
1067,69,998,0,Durham,2021-12-30
565,39,526,0,Durham,2021-12-31
327,17,310,0,Durham,2022-01-01
681,49,632,0,Durham,2022-01-02
1208,77,1131,0,Durham,2022-01-03
1553,130,1423,0,Durham,2022-01-04
1353,81,1272,0,Durham,2022-01-11
1295,81,1214,0,Durham,2022-01-12
1215,57,1158,0,Durham,2022-01-13
605,49,556,0,Durham,2022-01-17
1273,100,1173,0,Durham,2022-01-18
179,6,173,0,Durham,2022-01-22
778,37,741,0,Durham,2022-01-24
437,30,407,0,Durham,2022-01-27
147,10,137,0,Durham,2022-01-29
317,19,298,0,Durham,2022-02-01
195,3,192,0,Durham,2022-02-04
176,13,163,0,Durham,2022-02-08
220,8,212,0,Durham,2022-02-09
137,11,126,0,Durham,2022-02-10
133,12,121,0,Durham,2022-02-11
72,6,66,0,Durham,2022-02-12
117,14,103,0,Durham,2022-02-14
99,4,95,0,Durham,2022-02-15
122,5,117,0,Durham,2022-02-16
114,10,104,0,Durham,2022-02-17
75,15,60,0,Durham,2022-02-18
50,2,48,0,Durham,2022-02-19
49,1,48,0,Durham,2022-02-20
79,7,72,0,Durham,2022-02-21
69,4,65,0,Durham,2022-02-22
74,4,70,0,Durham,2022-02-23
43,4,39,0,Durham,2022-02-24
44,7,37,0,Durham,2022-02-25
25,9,16,0,Durham,2022-02-26
21,2,19,0,Durham,2022-02-27
43,4,39,0,Durham,2022-02-28
36,4,32,0,Durham,2022-03-01
42,2,40,0,Durham,2022-03-02
45,0,45,0,Durham,2022-03-03
26,5,21,0,Durham,2022-03-04
8,1,7,0,Durham,2022-03-05
10,0,10,0,Durham,2022-03-06
28,1,27,0,Durham,2022-03-07
18,0,18,0,Durham,2022-03-08
33,2,31,0,Durham,2022-03-09
23,3,20,0,Durham,2022-03-10
19,2,17,0,Durham,2022-03-11
17,1,16,0,Durham,2022-03-12
13,2,11,0,Durham,2022-03-13
44,7,37,0,Durham,2022-03-14
24,0,24,0,Durham,2022-03-15
41,1,40,0,Durham,2022-03-16
24,2,22,0,Durham,2022-03-17
15,1,14,0,Durham,2022-03-18
10,1,9,0,Durham,2022-03-19
13,4,9,0,Durham,2022-03-20
30,1,29,0,Durham,2022-03-21
42,5,37,0,Durham,2022-03-22
35,10,25,0,Durham,2022-03-23
25,3,22,0,Durham,2022-03-24
23,0,23,0,Durham,2022-03-25
12,1,11,0,Durham,2022-03-26
13,1,12,0,Durham,2022-03-27
29,3,26,0,Durham,2022-03-28
44,10,34,0,Durham,2022-03-29
31,2,29,0,Durham,2022-03-30
31,1,30,0,Durham,2022-03-31
33,3,30,0,Durham,2022-04-01
23,1,22,0,Durham,2022-04-02
33,7,26,0,Durham,2022-04-03
54,6,48,0,Durham,2022-04-04
62,2,60,0,Durham,2022-04-06
68,3,65,0,Durham,2022-04-07
72,2,70,0,Durham,2022-04-08
37,3,34,0,Durham,2022-04-09
10,1,9,0,Edgecombe,2021-10-12
10,0,10,0,Edgecombe,2021-10-13
10,0,10,0,Edgecombe,2021-10-15
3,0,3,0,Edgecombe,2021-10-17
7,0,7,0,Edgecombe,2021-10-19
11,1,10,0,Edgecombe,2021-10-20
8,0,8,0,Edgecombe,2021-10-21
4,0,4,0,Edgecombe,2021-10-22
5,0,5,0,Edgecombe,2021-10-23
6,0,6,0,Edgecombe,2021-10-24
7,0,7,0,Edgecombe,2021-10-25
12,0,12,0,Edgecombe,2021-10-26
4,1,3,0,Edgecombe,2021-10-27
4,1,3,0,Edgecombe,2021-10-29
1,0,1,0,Edgecombe,2021-10-30
3,0,3,0,Edgecombe,2021-10-31
8,1,7,0,Edgecombe,2021-11-01
7,3,4,0,Edgecombe,2021-11-02
7,0,7,0,Edgecombe,2021-11-03
10,2,8,0,Edgecombe,2021-11-04
10,0,10,0,Edgecombe,2021-11-05
3,0,3,0,Edgecombe,2021-11-06
8,1,7,0,Edgecombe,2021-11-08
6,0,6,0,Edgecombe,2021-11-09
8,1,7,0,Edgecombe,2021-11-10
4,0,4,0,Edgecombe,2021-11-11
5,1,4,0,Edgecombe,2021-11-12
2,0,2,0,Edgecombe,2021-11-13
7,0,7,0,Edgecombe,2021-11-14
12,1,11,0,Edgecombe,2021-11-16
8,0,8,0,Edgecombe,2021-11-17
7,1,6,0,Edgecombe,2021-11-18
8,2,6,0,Edgecombe,2021-11-19
6,0,6,0,Edgecombe,2021-11-20
5,0,5,0,Edgecombe,2021-11-21
10,0,10,0,Edgecombe,2021-11-22
4,0,4,0,Edgecombe,2021-11-23
7,0,7,0,Edgecombe,2021-11-24
0,0,0,0,Edgecombe,2021-11-25
9,2,7,0,Edgecombe,2021-11-26
4,0,4,0,Edgecombe,2021-11-27
7,0,7,0,Edgecombe,2021-11-28
25,1,24,0,Edgecombe,2021-11-29
8,0,8,0,Edgecombe,2021-11-30
9,3,6,0,Edgecombe,2021-12-01
11,1,10,0,Edgecombe,2021-12-02
7,1,6,0,Edgecombe,2021-12-03
4,0,4,0,Edgecombe,2021-12-04
3,0,3,0,Edgecombe,2021-12-05
15,2,13,0,Edgecombe,2021-12-06
16,0,16,0,Edgecombe,2021-12-07
7,1,6,0,Edgecombe,2021-12-08
9,0,9,0,Edgecombe,2021-12-09
9,1,8,0,Edgecombe,2021-12-10
6,0,6,0,Edgecombe,2021-12-11
3,1,2,0,Edgecombe,2021-12-12
16,0,16,0,Edgecombe,2021-12-14
8,1,7,0,Edgecombe,2021-12-15
14,1,13,0,Edgecombe,2021-12-16
19,1,18,0,Edgecombe,2021-12-17
8,1,7,0,Edgecombe,2021-12-18
9,2,7,0,Edgecombe,2021-12-19
15,0,15,0,Edgecombe,2021-12-20
28,0,28,0,Edgecombe,2021-12-21
36,4,32,0,Edgecombe,2021-12-22
51,3,48,0,Edgecombe,2021-12-23
14,5,9,0,Edgecombe,2021-12-24
26,6,20,0,Edgecombe,2021-12-25
35,2,33,0,Edgecombe,2021-12-26
121,5,116,0,Edgecombe,2021-12-27
170,12,158,0,Edgecombe,2021-12-28
171,8,163,0,Edgecombe,2021-12-29
141,4,137,0,Edgecombe,2021-12-31
57,1,56,0,Edgecombe,2022-01-01
60,2,58,0,Edgecombe,2022-01-02
286,12,274,0,Edgecombe,2022-01-03
285,10,275,0,Edgecombe,2022-01-04
258,7,251,0,Edgecombe,2022-01-05
245,4,241,0,Edgecombe,2022-01-06
166,7,159,0,Edgecombe,2022-01-07
271,9,262,0,Edgecombe,2022-01-10
203,3,200,0,Edgecombe,2022-01-11
193,11,182,0,Edgecombe,2022-01-13
16,2,14,0,Edgecombe,2022-01-16
78,12,66,0,Edgecombe,2022-01-17
215,7,208,0,Edgecombe,2022-01-18
149,6,143,0,Edgecombe,2022-01-19
116,3,113,0,Edgecombe,2022-01-20
17,1,16,0,Edgecombe,2022-01-21
17,1,16,0,Edgecombe,2022-01-22
27,4,23,0,Edgecombe,2022-01-23
63,4,59,0,Edgecombe,2022-01-26
67,0,67,0,Edgecombe,2022-01-27
11,0,11,0,Edgecombe,2022-01-29
15,1,14,0,Edgecombe,2022-01-30
57,2,55,0,Edgecombe,2022-01-31
39,2,37,0,Edgecombe,2022-02-01
47,2,45,0,Edgecombe,2022-02-02
29,2,27,0,Edgecombe,2022-02-04
11,0,11,0,Edgecombe,2022-02-05
25,1,24,0,Edgecombe,2022-02-09
17,1,16,0,Edgecombe,2022-02-10
13,1,12,0,Edgecombe,2022-02-11
2,0,2,0,Edgecombe,2022-02-12
7,1,6,0,Edgecombe,2022-02-13
13,0,13,0,Edgecombe,2022-02-14
14,0,14,0,Edgecombe,2022-02-15
13,1,12,0,Edgecombe,2022-02-16
11,0,11,0,Edgecombe,2022-02-17
9,1,8,0,Edgecombe,2022-02-18
6,2,4,0,Edgecombe,2022-02-19
3,1,2,0,Edgecombe,2022-02-20
18,4,14,0,Edgecombe,2022-02-21
8,0,8,0,Edgecombe,2022-02-22
4,0,4,0,Edgecombe,2022-02-23
8,5,3,0,Edgecombe,2022-02-24
6,1,5,0,Edgecombe,2022-02-25
4,0,4,0,Edgecombe,2022-02-26
1,0,1,0,Edgecombe,2022-02-27
9,6,3,0,Edgecombe,2022-02-28
4,0,4,0,Edgecombe,2022-03-01
9,1,8,0,Edgecombe,2022-03-02
5,0,5,0,Edgecombe,2022-03-03
5,3,2,0,Edgecombe,2022-03-04
1,0,1,0,Edgecombe,2022-03-05
0,0,0,0,Edgecombe,2022-03-06
3,1,2,0,Edgecombe,2022-03-07
2,0,2,0,Edgecombe,2022-03-08
3,1,2,0,Edgecombe,2022-03-09
1,0,1,0,Edgecombe,2022-03-10
1,0,1,0,Edgecombe,2022-03-11
0,0,0,0,Edgecombe,2022-03-12
1,0,1,0,Edgecombe,2022-03-13
11,8,3,0,Edgecombe,2022-03-14
5,0,5,0,Edgecombe,2022-03-15
3,1,2,0,Edgecombe,2022-03-16
3,1,2,0,Edgecombe,2022-03-17
3,1,2,0,Edgecombe,2022-03-18
1,0,1,0,Edgecombe,2022-03-19
0,0,0,0,Edgecombe,2022-03-20
6,4,2,0,Edgecombe,2022-03-21
1,0,1,0,Edgecombe,2022-03-22
0,0,0,0,Edgecombe,2022-03-23
2,1,1,0,Edgecombe,2022-03-24
1,0,1,0,Edgecombe,2022-03-25
0,0,0,0,Edgecombe,2022-03-26
1,0,1,0,Edgecombe,2022-03-27
2,2,0,0,Edgecombe,2022-03-28
1,0,1,0,Edgecombe,2022-03-29
2,0,2,0,Edgecombe,2022-03-30
2,0,2,0,Edgecombe,2022-03-31
0,0,0,0,Edgecombe,2022-04-01
0,0,0,0,Edgecombe,2022-04-02
0,0,0,0,Edgecombe,2022-04-03
0,0,0,0,Edgecombe,2022-04-04
1,0,1,0,Edgecombe,2022-04-05
1,0,1,0,Edgecombe,2022-04-06
0,0,0,0,Edgecombe,2022-04-07
1,0,1,0,Edgecombe,2022-04-08
2,0,2,0,Edgecombe,2022-04-09
64,6,58,0,Forsyth,2021-10-15
71,9,62,0,Forsyth,2021-10-21
33,7,26,0,Forsyth,2021-10-24
80,10,70,0,Forsyth,2021-10-25
71,14,57,0,Forsyth,2021-10-27
53,14,39,0,Forsyth,2021-10-29
37,4,33,0,Forsyth,2021-10-30
67,8,59,0,Forsyth,2021-11-03
59,13,46,0,Forsyth,2021-11-04
68,7,61,0,Forsyth,2021-11-05
70,8,62,0,Forsyth,2021-11-10
85,9,76,0,Forsyth,2021-11-12
51,3,48,0,Forsyth,2021-11-14
87,13,74,0,Forsyth,2021-11-16
100,11,89,0,Forsyth,2021-11-17
103,13,90,0,Forsyth,2021-11-18
120,6,114,0,Forsyth,2021-11-19
75,4,71,0,Forsyth,2021-11-20
95,6,89,0,Forsyth,2021-11-23
116,11,105,0,Forsyth,2021-11-24
94,15,79,0,Forsyth,2021-11-26
178,23,155,0,Forsyth,2021-11-29
155,17,138,0,Forsyth,2021-12-01
118,20,98,0,Forsyth,2021-12-03
131,19,112,0,Forsyth,2021-12-09
118,14,104,0,Forsyth,2021-12-10
114,9,105,0,Forsyth,2021-12-14
146,21,125,0,Forsyth,2021-12-15
218,21,197,0,Forsyth,2021-12-26
585,68,517,0,Forsyth,2021-12-31
1217,152,1065,0,Forsyth,2022-01-04
1299,128,1171,0,Forsyth,2022-01-05
394,68,326,0,Forsyth,2022-02-01
363,47,316,0,Forsyth,2022-02-02
62,5,57,0,Forsyth,2022-02-24
19,2,17,0,Forsyth,2022-03-05
14,4,10,0,Forsyth,2022-03-06
12,3,9,0,Forsyth,2022-03-13
22,4,18,0,Forsyth,2022-03-14
19,2,17,0,Forsyth,2022-03-15
15,3,12,0,Forsyth,2022-03-16
15,4,11,0,Forsyth,2022-03-18
10,1,9,0,Forsyth,2022-03-19
8,0,8,0,Forsyth,2022-03-20
17,4,13,0,Forsyth,2022-03-22
21,5,16,0,Forsyth,2022-03-24
13,3,10,0,Forsyth,2022-03-25
9,2,7,0,Forsyth,2022-03-26
8,5,3,0,Forsyth,2022-03-27
20,5,15,0,Forsyth,2022-03-28
27,3,24,0,Forsyth,2022-03-29
27,5,22,0,Forsyth,2022-03-31
7,1,6,0,Forsyth,2022-04-01
9,1,8,0,Forsyth,2022-04-02
6,1,5,0,Forsyth,2022-04-03
33,7,26,0,Forsyth,2022-04-05
23,4,19,0,Forsyth,2022-04-06
37,8,29,0,Forsyth,2022-04-07
23,3,20,0,Forsyth,2022-04-08
19,3,16,0,Forsyth,2022-04-09
39,1,38,0,Franklin,2021-10-12
31,5,26,0,Franklin,2021-10-13
17,1,16,0,Franklin,2021-10-15
6,1,5,0,Franklin,2021-10-16
7,1,6,0,Franklin,2021-10-17
17,0,17,0,Franklin,2021-10-18
20,2,18,0,Franklin,2021-10-19
14,0,14,0,Franklin,2021-10-20
11,0,11,0,Franklin,2021-10-21
6,0,6,0,Franklin,2021-10-23
5,0,5,0,Franklin,2021-10-24
25,0,25,0,Franklin,2021-10-25
18,2,16,0,Franklin,2021-10-26
11,1,10,0,Franklin,2021-10-27
19,3,16,0,Franklin,2021-10-28
5,0,5,0,Franklin,2021-10-29
7,0,7,0,Franklin,2021-10-30
13,1,12,0,Franklin,2021-11-02
22,4,18,0,Franklin,2021-11-03
12,1,11,0,Franklin,2021-11-04
16,0,16,0,Franklin,2021-11-05
0,0,0,0,Franklin,2021-11-06
10,0,10,0,Franklin,2021-11-07
24,4,20,0,Franklin,2021-11-08
20,0,20,0,Franklin,2021-11-09
16,1,15,0,Franklin,2021-11-10
7,1,6,0,Franklin,2021-11-11
12,1,11,0,Franklin,2021-11-12
3,0,3,0,Franklin,2021-11-14
18,0,18,0,Franklin,2021-11-15
15,1,14,0,Franklin,2021-11-17
16,1,15,0,Franklin,2021-11-18
18,0,18,0,Franklin,2021-11-19
15,0,15,0,Franklin,2021-11-20
7,0,7,0,Franklin,2021-11-21
20,1,19,0,Franklin,2021-11-23
22,0,22,0,Franklin,2021-11-24
1,0,1,0,Franklin,2021-11-25
14,1,13,0,Franklin,2021-11-26
11,2,9,0,Franklin,2021-11-27
8,0,8,0,Franklin,2021-11-28
20,3,17,0,Franklin,2021-11-29
21,1,20,0,Franklin,2021-11-30
23,1,22,0,Franklin,2021-12-01
29,4,25,0,Franklin,2021-12-02
20,0,20,0,Franklin,2021-12-03
17,1,16,0,Franklin,2021-12-04
7,1,6,0,Franklin,2021-12-05
34,2,32,0,Franklin,2021-12-06
25,2,23,0,Franklin,2021-12-07
20,1,19,0,Franklin,2021-12-09
26,2,24,0,Franklin,2021-12-10
12,0,12,0,Franklin,2021-12-11
12,2,10,0,Franklin,2021-12-12
34,5,29,0,Franklin,2021-12-13
30,3,27,0,Franklin,2021-12-14
18,0,18,0,Franklin,2021-12-16
31,2,29,0,Franklin,2021-12-17
9,1,8,0,Franklin,2021-12-19
32,3,29,0,Franklin,2021-12-20
54,1,53,0,Franklin,2021-12-21
42,3,39,0,Franklin,2021-12-22
56,0,56,0,Franklin,2021-12-23
22,4,18,0,Franklin,2021-12-24
6,0,6,0,Franklin,2021-12-25
36,4,32,0,Franklin,2021-12-26
158,14,144,0,Franklin,2021-12-27
213,9,204,0,Franklin,2021-12-29
198,26,172,0,Franklin,2021-12-30
118,13,105,0,Franklin,2021-12-31
89,8,81,0,Franklin,2022-01-01
60,3,57,0,Franklin,2022-01-02
292,27,265,0,Franklin,2022-01-03
389,26,363,0,Franklin,2022-01-04
394,21,373,0,Franklin,2022-01-05
332,7,325,0,Franklin,2022-01-06
289,12,277,0,Franklin,2022-01-07
88,13,75,0,Franklin,2022-01-09
446,19,427,0,Franklin,2022-01-10
406,19,387,0,Franklin,2022-01-11
383,15,368,0,Franklin,2022-01-12
344,16,328,0,Franklin,2022-01-13
311,19,292,0,Franklin,2022-01-14
202,12,190,0,Franklin,2022-01-15
236,31,205,0,Franklin,2022-01-17
549,27,522,0,Franklin,2022-01-18
423,22,401,0,Franklin,2022-01-19
97,8,89,0,Franklin,2022-01-21
39,3,36,0,Franklin,2022-01-22
42,7,35,0,Franklin,2022-01-23
361,27,334,0,Franklin,2022-01-24
228,12,216,0,Franklin,2022-01-25
202,11,191,0,Franklin,2022-01-26
162,6,156,0,Franklin,2022-01-27
155,4,151,0,Franklin,2022-01-28
48,3,45,0,Franklin,2022-01-29
171,9,162,0,Franklin,2022-01-31
98,4,94,0,Franklin,2022-02-01
91,11,80,0,Franklin,2022-02-02
77,6,71,0,Franklin,2022-02-03
66,2,64,0,Franklin,2022-02-04
45,6,39,0,Franklin,2022-02-05
31,2,29,0,Franklin,2022-02-06
99,30,69,0,Franklin,2022-02-07
67,14,53,0,Franklin,2022-02-08
45,8,37,0,Franklin,2022-02-09
70,8,62,0,Franklin,2022-02-10
47,8,39,0,Franklin,2022-02-11
17,3,14,0,Franklin,2022-02-12
16,4,12,0,Franklin,2022-02-13
45,7,38,0,Franklin,2022-02-14
29,2,27,0,Franklin,2022-02-15
36,3,33,0,Franklin,2022-02-16
16,0,16,0,Franklin,2022-02-17
16,2,14,0,Franklin,2022-02-18
7,0,7,0,Franklin,2022-02-19
12,1,11,0,Franklin,2022-02-20
23,7,16,0,Franklin,2022-02-21
14,1,13,0,Franklin,2022-02-22
22,1,21,0,Franklin,2022-02-23
8,3,5,0,Franklin,2022-02-24
15,1,14,0,Franklin,2022-02-25
5,0,5,0,Franklin,2022-02-26
3,0,3,0,Franklin,2022-02-27
16,2,14,0,Franklin,2022-02-28
6,2,4,0,Franklin,2022-03-01
3,0,3,0,Franklin,2022-03-02
8,1,7,0,Franklin,2022-03-03
6,2,4,0,Franklin,2022-03-04
3,0,3,0,Franklin,2022-03-05
5,1,4,0,Franklin,2022-03-06
12,1,11,0,Franklin,2022-03-07
6,1,5,0,Franklin,2022-03-08
10,2,8,0,Franklin,2022-03-09
3,0,3,0,Franklin,2022-03-10
1,0,1,0,Franklin,2022-03-11
1,1,0,0,Franklin,2022-03-12
0,0,0,0,Franklin,2022-03-13
4,0,4,0,Franklin,2022-03-14
1,0,1,0,Franklin,2022-03-15
1,0,1,0,Franklin,2022-03-16
2,1,1,0,Franklin,2022-03-17
1,1,0,0,Franklin,2022-03-18
1,0,1,0,Franklin,2022-03-19
2,0,2,0,Franklin,2022-03-20
4,0,4,0,Franklin,2022-03-21
6,0,6,0,Franklin,2022-03-22
1,0,1,0,Franklin,2022-03-23
2,0,2,0,Franklin,2022-03-24
1,0,1,0,Franklin,2022-03-25
1,0,1,0,Franklin,2022-03-26
3,0,3,0,Franklin,2022-03-28
1,0,1,0,Franklin,2022-03-29
5,0,5,0,Franklin,2022-03-30
4,1,3,0,Franklin,2022-03-31
1,0,1,0,Franklin,2022-04-01
2,0,2,0,Franklin,2022-04-02
1,0,1,0,Franklin,2022-04-03
4,0,4,0,Franklin,2022-04-04
2,0,2,0,Franklin,2022-04-05
1,0,1,0,Franklin,2022-04-06
3,0,3,0,Franklin,2022-04-07
7,0,7,0,Franklin,2022-04-08
5,0,5,0,Franklin,2022-04-09
49,11,38,0,Gaston,2021-10-19
74,10,64,0,Gaston,2021-10-25
44,7,37,0,Gaston,2021-10-27
29,7,22,0,Gaston,2021-10-28
30,5,25,0,Gaston,2021-10-29
16,3,13,0,Gaston,2021-10-31
39,16,23,0,Gaston,2021-11-01
39,9,30,0,Gaston,2021-11-03
36,4,32,0,Gaston,2021-11-04
53,10,43,0,Gaston,2021-11-05
30,10,20,0,Gaston,2021-11-06
40,13,27,0,Gaston,2021-11-07
76,14,62,0,Gaston,2021-11-09
57,11,46,0,Gaston,2021-11-10
36,12,24,0,Gaston,2021-11-14
85,29,56,0,Gaston,2021-11-16
96,19,77,0,Gaston,2021-11-17
50,15,35,0,Gaston,2021-11-19
42,11,31,0,Gaston,2021-11-20
12,3,9,0,Gaston,2021-11-25
46,4,42,0,Gaston,2021-11-27
82,25,57,0,Gaston,2021-11-28
144,44,100,0,Gaston,2021-11-29
121,36,85,0,Gaston,2021-11-30
109,25,84,0,Gaston,2021-12-01
114,29,85,0,Gaston,2021-12-02
50,5,45,0,Gaston,2021-12-05
97,25,72,0,Gaston,2021-12-09
58,16,42,0,Gaston,2021-12-12
76,15,61,0,Gaston,2021-12-18
207,42,165,0,Gaston,2021-12-22
199,47,152,0,Gaston,2021-12-23
182,37,145,0,Gaston,2021-12-26
397,72,325,0,Gaston,2021-12-27
591,98,493,0,Gaston,2021-12-28
483,84,399,0,Gaston,2021-12-29
161,35,126,0,Gaston,2022-01-01
689,144,545,0,Gaston,2022-01-13
241,47,194,0,Gaston,2022-02-02
120,29,91,0,Gaston,2022-02-11
55,11,44,0,Gaston,2022-02-18
58,10,48,0,Gaston,2022-02-21
48,13,35,0,Gaston,2022-02-22
14,3,11,0,Gaston,2022-02-26
21,6,15,0,Gaston,2022-02-28
22,9,13,0,Gaston,2022-03-03
7,2,5,0,Gaston,2022-03-04
7,3,4,0,Gaston,2022-03-05
9,2,7,0,Gaston,2022-03-09
11,1,10,0,Gaston,2022-03-10
2,1,1,0,Gaston,2022-03-11
1,0,1,0,Gaston,2022-03-12
8,0,8,0,Gaston,2022-03-14
5,1,4,0,Gaston,2022-03-18
2,1,1,0,Gaston,2022-03-19
3,0,3,0,Gaston,2022-03-20
14,0,14,0,Gaston,2022-03-21
1,0,1,0,Gaston,2022-03-22
8,2,6,0,Gaston,2022-03-23
2,0,2,0,Gaston,2022-03-24
4,0,4,0,Gaston,2022-03-25
3,0,3,0,Gaston,2022-03-26
3,0,3,0,Gaston,2022-03-27
8,4,4,0,Gaston,2022-03-28
9,5,4,0,Gaston,2022-03-29
11,2,9,0,Gaston,2022-03-31
8,4,4,0,Gaston,2022-04-01
4,3,1,0,Gaston,2022-04-02
7,2,5,0,Gaston,2022-04-03
15,7,8,0,Gaston,2022-04-04
9,1,8,0,Gaston,2022-04-05
11,6,5,0,Gaston,2022-04-06
9,3,6,0,Gaston,2022-04-07
19,5,14,0,Gaston,2022-04-08
6,2,4,0,Gaston,2022-04-09
1,0,1,0,Gates,2021-10-12
2,0,2,0,Gates,2021-10-13
3,0,3,0,Gates,2021-10-14
4,0,4,0,Gates,2021-10-16
0,0,0,0,Gates,2021-10-17
5,1,4,0,Gates,2021-10-18
1,1,0,0,Gates,2021-10-19
3,0,3,0,Gates,2021-10-20
2,0,2,0,Gates,2021-10-21
1,0,1,0,Gates,2021-10-22
3,1,2,0,Gates,2021-10-23
2,0,2,0,Gates,2021-10-24
2,0,2,0,Gates,2021-10-25
2,0,2,0,Gates,2021-10-26
1,1,0,0,Gates,2021-10-27
0,0,0,0,Gates,2021-10-28
3,0,3,0,Gates,2021-10-29
0,0,0,0,Gates,2021-10-30
4,0,4,0,Gates,2021-10-31
1,1,0,0,Gates,2021-11-01
3,0,3,0,Gates,2021-11-02
0,0,0,0,Gates,2021-11-03
2,2,0,0,Gates,2021-11-04
1,0,1,0,Gates,2021-11-05
1,1,0,0,Gates,2021-11-06
2,0,2,0,Gates,2021-11-07
2,1,1,0,Gates,2021-11-08
0,0,0,0,Gates,2021-11-09
3,2,1,0,Gates,2021-11-10
2,0,2,0,Gates,2021-11-11
3,1,2,0,Gates,2021-11-12
0,0,0,0,Gates,2021-11-13
0,0,0,0,Gates,2021-11-14
3,2,1,0,Gates,2021-11-15
1,0,1,0,Gates,2021-11-16
3,1,2,0,Gates,2021-11-17
3,0,3,0,Gates,2021-11-18
5,4,1,0,Gates,2021-11-19
1,0,1,0,Gates,2021-11-20
1,0,1,0,Gates,2021-11-21
1,0,1,0,Gates,2021-11-22
2,0,2,0,Gates,2021-11-23
3,1,2,0,Gates,2021-11-24
0,0,0,0,Gates,2021-11-25
0,0,0,0,Gates,2021-11-26
0,0,0,0,Gates,2021-11-27
0,0,0,0,Gates,2021-11-28
1,1,0,0,Gates,2021-11-29
1,0,1,0,Gates,2021-11-30
4,0,4,0,Gates,2021-12-01
3,1,2,0,Gates,2021-12-02
5,1,4,0,Gates,2021-12-03
6,1,5,0,Gates,2021-12-04
0,0,0,0,Gates,2021-12-05
3,2,1,0,Gates,2021-12-06
2,0,2,0,Gates,2021-12-07
5,2,3,0,Gates,2021-12-09
3,1,2,0,Gates,2021-12-10
2,0,2,0,Gates,2021-12-11
0,0,0,0,Gates,2021-12-12
5,0,5,0,Gates,2021-12-13
3,0,3,0,Gates,2021-12-15
4,3,1,0,Gates,2021-12-16
2,0,2,0,Gates,2021-12-17
2,1,1,0,Gates,2021-12-18
4,1,3,0,Gates,2021-12-19
6,0,6,0,Gates,2021-12-20
3,0,3,0,Gates,2021-12-21
9,6,3,0,Gates,2021-12-22
8,0,8,0,Gates,2021-12-23
2,1,1,0,Gates,2021-12-24
7,2,5,0,Gates,2021-12-25
3,1,2,0,Gates,2021-12-26
14,8,6,0,Gates,2021-12-27
16,3,13,0,Gates,2021-12-29
14,3,11,0,Gates,2021-12-30
12,1,11,0,Gates,2021-12-31
8,1,7,0,Gates,2022-01-01
1,0,1,0,Gates,2022-01-02
19,4,15,0,Gates,2022-01-03
19,7,12,0,Gates,2022-01-04
18,4,14,0,Gates,2022-01-05
23,7,16,0,Gates,2022-01-06
11,0,11,0,Gates,2022-01-07
3,0,3,0,Gates,2022-01-08
3,0,3,0,Gates,2022-01-09
64,32,32,0,Gates,2022-01-10
36,14,22,0,Gates,2022-01-11
26,2,24,0,Gates,2022-01-13
5,2,3,0,Gates,2022-01-16
17,6,11,0,Gates,2022-01-17
46,8,38,0,Gates,2022-01-18
22,5,17,0,Gates,2022-01-20
9,2,7,0,Gates,2022-01-21
6,2,4,0,Gates,2022-01-22
6,2,4,0,Gates,2022-01-23
21,4,17,0,Gates,2022-01-24
37,10,27,0,Gates,2022-01-25
14,1,13,0,Gates,2022-01-26
7,0,7,0,Gates,2022-01-27
4,0,4,0,Gates,2022-01-28
0,0,0,0,Gates,2022-01-29
2,0,2,0,Gates,2022-01-30
12,2,10,0,Gates,2022-01-31
8,1,7,0,Gates,2022-02-01
6,0,6,0,Gates,2022-02-02
5,2,3,0,Gates,2022-02-03
8,2,6,0,Gates,2022-02-04
0,0,0,0,Gates,2022-02-05
0,0,0,0,Gates,2022-02-06
1,0,1,0,Gates,2022-02-07
3,1,2,0,Gates,2022-02-08
1,1,0,0,Gates,2022-02-09
1,0,1,0,Gates,2022-02-10
0,0,0,0,Gates,2022-02-11
0,0,0,0,Gates,2022-02-12
0,0,0,0,Gates,2022-02-13
1,1,0,0,Gates,2022-02-14
0,0,0,0,Gates,2022-02-15
1,0,1,0,Gates,2022-02-16
2,0,2,0,Gates,2022-02-17
3,0,3,0,Gates,2022-02-18
0,0,0,0,Gates,2022-02-19
2,0,2,0,Gates,2022-02-20
4,0,4,0,Gates,2022-02-21
1,0,1,0,Gates,2022-02-22
1,0,1,0,Gates,2022-02-23
1,0,1,0,Gates,2022-02-24
1,0,1,0,Gates,2022-02-25
0,0,0,0,Gates,2022-02-26
0,0,0,0,Gates,2022-02-27
2,0,2,0,Gates,2022-02-28
0,0,0,0,Gates,2022-03-01
1,0,1,0,Gates,2022-03-02
0,0,0,0,Gates,2022-03-03
0,0,0,0,Gates,2022-03-04
0,0,0,0,Gates,2022-03-05
0,0,0,0,Gates,2022-03-06
0,0,0,0,Gates,2022-03-07
0,0,0,0,Gates,2022-03-08
0,0,0,0,Gates,2022-03-09
0,0,0,0,Gates,2022-03-10
0,0,0,0,Gates,2022-03-11
0,0,0,0,Gates,2022-03-12
0,0,0,0,Gates,2022-03-13
0,0,0,0,Gates,2022-03-14
0,0,0,0,Gates,2022-03-15
0,0,0,0,Gates,2022-03-16
0,0,0,0,Gates,2022-03-17
0,0,0,0,Gates,2022-03-18
0,0,0,0,Gates,2022-03-19
0,0,0,0,Gates,2022-03-20
0,0,0,0,Gates,2022-03-21
0,0,0,0,Gates,2022-03-22
0,0,0,0,Gates,2022-03-23
0,0,0,0,Gates,2022-03-24
0,0,0,0,Gates,2022-03-25
0,0,0,0,Gates,2022-03-26
1,0,1,0,Gates,2022-03-27
0,0,0,0,Gates,2022-03-28
0,0,0,0,Gates,2022-03-29
1,0,1,0,Gates,2022-03-30
0,0,0,0,Gates,2022-03-31
0,0,0,0,Gates,2022-04-01
0,0,0,0,Gates,2022-04-02
0,0,0,0,Gates,2022-04-03
0,0,0,0,Gates,2022-04-04
0,0,0,0,Gates,2022-04-05
0,0,0,0,Gates,2022-04-06
0,0,0,0,Gates,2022-04-07
0,0,0,0,Gates,2022-04-08
1,0,1,0,Gates,2022-04-09
6,3,3,0,Graham,2021-10-12
5,4,1,0,Graham,2021-10-13
1,1,0,0,Graham,2021-10-14
2,2,0,0,Graham,2021-10-15
3,2,1,0,Graham,2021-10-16
0,0,0,0,Graham,2021-10-17
1,0,1,0,Graham,2021-10-18
1,1,0,0,Graham,2021-10-19
4,3,1,0,Graham,2021-10-20
0,0,0,0,Graham,2021-10-21
0,0,0,0,Graham,2021-10-22
2,2,0,0,Graham,2021-10-23
1,1,0,0,Graham,2021-10-24
2,2,0,0,Graham,2021-10-25
0,0,0,0,Graham,2021-10-26
0,0,0,0,Graham,2021-10-27
0,0,0,0,Graham,2021-10-28
3,3,0,0,Graham,2021-10-29
0,0,0,0,Graham,2021-10-30
0,0,0,0,Graham,2021-10-31
0,0,0,0,Graham,2021-11-01
0,0,0,0,Graham,2021-11-02
0,0,0,0,Graham,2021-11-03
0,0,0,0,Graham,2021-11-04
1,0,1,0,Graham,2021-11-05
1,1,0,0,Graham,2021-11-06
0,0,0,0,Graham,2021-11-07
0,0,0,0,Graham,2021-11-08
1,1,0,0,Graham,2021-11-09
4,4,0,0,Graham,2021-11-10
0,0,0,0,Graham,2021-11-11
1,0,1,0,Graham,2021-11-12
0,0,0,0,Graham,2021-11-13
1,1,0,0,Graham,2021-11-14
2,1,1,0,Graham,2021-11-15
0,0,0,0,Graham,2021-11-16
0,0,0,0,Graham,2021-11-17
2,2,0,0,Graham,2021-11-18
2,2,0,0,Graham,2021-11-19
0,0,0,0,Graham,2021-11-20
1,1,0,0,Graham,2021-11-21
1,1,0,0,Graham,2021-11-22
1,0,1,0,Graham,2021-11-23
2,2,0,0,Graham,2021-11-24
0,0,0,0,Graham,2021-11-25
1,0,1,0,Graham,2021-11-26
0,0,0,0,Graham,2021-11-27
1,1,0,0,Graham,2021-11-28
5,5,0,0,Graham,2021-11-29
3,3,0,0,Graham,2021-11-30
4,4,0,0,Graham,2021-12-01
5,4,1,0,Graham,2021-12-02
5,4,1,0,Graham,2021-12-03
2,2,0,0,Graham,2021-12-04
1,1,0,0,Graham,2021-12-05
5,2,3,0,Graham,2021-12-06
4,4,0,0,Graham,2021-12-07
3,3,0,0,Graham,2021-12-08
1,1,0,0,Graham,2021-12-09
1,0,1,0,Graham,2021-12-10
4,0,4,0,Graham,2021-12-11
0,0,0,0,Graham,2021-12-12
2,2,0,0,Graham,2021-12-13
3,2,1,0,Graham,2021-12-14
2,2,0,0,Graham,2021-12-16
9,4,5,0,Graham,2021-12-17
2,2,0,0,Graham,2021-12-18
0,0,0,0,Graham,2021-12-19
6,6,0,0,Graham,2021-12-20
1,0,1,0,Graham,2021-12-21
2,2,0,0,Graham,2021-12-22
7,6,1,0,Graham,2021-12-23
0,0,0,0,Graham,2021-12-24
2,0,2,0,Graham,2021-12-25
2,2,0,0,Graham,2021-12-26
7,3,4,0,Graham,2021-12-27
8,7,1,0,Graham,2021-12-28
15,13,2,0,Graham,2021-12-29
13,7,6,0,Graham,2021-12-30
10,6,4,0,Graham,2021-12-31
3,3,0,0,Graham,2022-01-01
9,4,5,0,Graham,2022-01-02
8,4,4,0,Graham,2022-01-03
25,21,4,0,Graham,2022-01-04
6,6,0,0,Graham,2022-01-05
13,9,4,0,Graham,2022-01-06
15,13,2,0,Graham,2022-01-07
6,2,4,0,Graham,2022-01-08
11,7,4,0,Graham,2022-01-09
30,23,7,0,Graham,2022-01-11
20,6,14,0,Graham,2022-01-13
25,12,13,0,Graham,2022-01-14
3,2,1,0,Graham,2022-01-16
13,7,6,0,Graham,2022-01-17
39,27,12,0,Graham,2022-01-18
40,23,17,0,Graham,2022-01-19
34,19,15,0,Graham,2022-01-20
33,23,10,0,Graham,2022-01-21
13,4,9,0,Graham,2022-01-22
12,10,2,0,Graham,2022-01-23
52,17,35,0,Graham,2022-01-24
29,15,14,0,Graham,2022-01-25
20,11,9,0,Graham,2022-01-26
18,10,8,0,Graham,2022-01-27
24,16,8,0,Graham,2022-01-28
4,0,4,0,Graham,2022-01-29
10,7,3,0,Graham,2022-01-30
30,22,8,0,Graham,2022-01-31
18,13,5,0,Graham,2022-02-01
26,20,6,0,Graham,2022-02-02
10,8,2,0,Graham,2022-02-03
8,7,1,0,Graham,2022-02-04
7,3,4,0,Graham,2022-02-05
2,2,0,0,Graham,2022-02-06
14,13,1,0,Graham,2022-02-07
6,5,1,0,Graham,2022-02-08
12,8,4,0,Graham,2022-02-09
3,3,0,0,Graham,2022-02-10
3,2,1,0,Graham,2022-02-11
2,0,2,0,Graham,2022-02-12
3,2,1,0,Graham,2022-02-13
8,4,4,0,Graham,2022-02-14
7,4,3,0,Graham,2022-02-15
6,6,0,0,Graham,2022-02-16
5,3,2,0,Graham,2022-02-17
2,2,0,0,Graham,2022-02-18
0,0,0,0,Graham,2022-02-19
1,0,1,0,Graham,2022-02-20
2,2,0,0,Graham,2022-02-21
3,3,0,0,Graham,2022-02-22
3,2,1,0,Graham,2022-02-23
2,2,0,0,Graham,2022-02-24
0,0,0,0,Graham,2022-02-25
0,0,0,0,Graham,2022-02-26
0,0,0,0,Graham,2022-02-27
3,2,1,0,Graham,2022-02-28
1,1,0,0,Graham,2022-03-01
1,1,0,0,Graham,2022-03-02
2,1,1,0,Graham,2022-03-03
0,0,0,0,Graham,2022-03-04
0,0,0,0,Graham,2022-03-05
0,0,0,0,Graham,2022-03-06
3,1,2,0,Graham,2022-03-07
0,0,0,0,Graham,2022-03-08
0,0,0,0,Graham,2022-03-09
0,0,0,0,Graham,2022-03-10
0,0,0,0,Graham,2022-03-11
0,0,0,0,Graham,2022-03-12
0,0,0,0,Graham,2022-03-13
0,0,0,0,Graham,2022-03-14
0,0,0,0,Graham,2022-03-15
1,0,1,0,Graham,2022-03-16
0,0,0,0,Graham,2022-03-17
0,0,0,0,Graham,2022-03-18
0,0,0,0,Graham,2022-03-19
1,1,0,0,Graham,2022-03-20
0,0,0,0,Graham,2022-03-21
0,0,0,0,Graham,2022-03-22
0,0,0,0,Graham,2022-03-23
0,0,0,0,Graham,2022-03-25
0,0,0,0,Graham,2022-03-26
1,1,0,0,Graham,2022-03-27
1,0,1,0,Graham,2022-03-28
1,0,1,0,Graham,2022-03-29
0,0,0,0,Graham,2022-03-30
0,0,0,0,Graham,2022-03-31
0,0,0,0,Graham,2022-04-01
0,0,0,0,Graham,2022-04-02
0,0,0,0,Graham,2022-04-03
0,0,0,0,Graham,2022-04-04
0,0,0,0,Graham,2022-04-05
0,0,0,0,Graham,2022-04-06
0,0,0,0,Graham,2022-04-07
0,0,0,0,Graham,2022-04-08
0,0,0,0,Graham,2022-04-09
18,7,11,0,Granville,2021-10-12
11,7,4,0,Granville,2021-10-13
8,2,6,0,Granville,2021-10-15
4,0,4,0,Granville,2021-10-16
11,1,10,0,Granville,2021-10-17
11,3,8,0,Granville,2021-10-18
12,2,10,0,Granville,2021-10-20
14,0,14,0,Granville,2021-10-21
13,2,11,0,Granville,2021-10-23
3,2,1,0,Granville,2021-10-24
20,3,17,0,Granville,2021-10-26
9,2,7,0,Granville,2021-10-27
16,2,14,0,Granville,2021-10-28
9,0,9,0,Granville,2021-10-29
7,1,6,0,Granville,2021-10-31
10,0,10,0,Granville,2021-11-01
11,1,10,0,Granville,2021-11-02
14,1,13,0,Granville,2021-11-03
7,0,7,0,Granville,2021-11-04
8,2,6,0,Granville,2021-11-05
7,1,6,0,Granville,2021-11-07
12,0,12,0,Granville,2021-11-08
6,0,6,0,Granville,2021-11-09
14,3,11,0,Granville,2021-11-10
9,0,9,0,Granville,2021-11-14
8,3,5,0,Granville,2021-11-15
16,3,13,0,Granville,2021-11-16
16,6,10,0,Granville,2021-11-17
19,6,13,0,Granville,2021-11-18
13,7,6,0,Granville,2021-11-19
9,3,6,0,Granville,2021-11-20
5,0,5,0,Granville,2021-11-21
12,3,9,0,Granville,2021-11-23
21,5,16,0,Granville,2021-11-24
2,1,1,0,Granville,2021-11-25
11,2,9,0,Granville,2021-11-26
15,1,14,0,Granville,2021-11-27
40,15,25,0,Granville,2021-11-29
25,4,21,0,Granville,2021-11-30
16,3,13,0,Granville,2021-12-01
14,1,13,0,Granville,2021-12-02
18,5,13,0,Granville,2021-12-03
12,0,12,0,Granville,2021-12-04
6,0,6,0,Granville,2021-12-05
18,4,14,0,Granville,2021-12-06
14,1,13,0,Granville,2021-12-07
19,8,11,0,Granville,2021-12-08
23,9,14,0,Granville,2021-12-09
17,3,14,0,Granville,2021-12-10
8,1,7,0,Granville,2021-12-12
35,7,28,0,Granville,2021-12-13
21,2,19,0,Granville,2021-12-14
23,10,13,0,Granville,2021-12-15
21,7,14,0,Granville,2021-12-16
18,5,13,0,Granville,2021-12-17
16,2,14,0,Granville,2021-12-18
16,3,13,0,Granville,2021-12-19
28,4,24,0,Granville,2021-12-20
31,10,21,0,Granville,2021-12-22
25,6,19,0,Granville,2021-12-23
22,9,13,0,Granville,2021-12-24
16,6,10,0,Granville,2021-12-25
42,7,35,0,Granville,2021-12-26
98,25,73,0,Granville,2021-12-27
178,65,113,0,Granville,2021-12-29
196,92,104,0,Granville,2021-12-30
103,53,50,0,Granville,2021-12-31
42,8,34,0,Granville,2022-01-01
79,22,57,0,Granville,2022-01-02
157,65,92,0,Granville,2022-01-03
169,25,144,0,Granville,2022-01-04
175,14,161,0,Granville,2022-01-05
48,9,39,0,Granville,2022-01-09
242,20,222,0,Granville,2022-01-10
214,27,187,0,Granville,2022-01-11
214,20,194,0,Granville,2022-01-12
175,10,165,0,Granville,2022-01-13
170,13,157,0,Granville,2022-01-14
87,8,79,0,Granville,2022-01-15
138,19,119,0,Granville,2022-01-17
160,12,148,0,Granville,2022-01-20
60,5,55,0,Granville,2022-01-21
41,3,38,0,Granville,2022-01-22
56,7,49,0,Granville,2022-01-23
88,6,82,0,Granville,2022-01-26
83,8,75,0,Granville,2022-01-27
77,4,73,0,Granville,2022-01-28
35,1,34,0,Granville,2022-01-29
34,1,33,0,Granville,2022-01-30
88,3,85,0,Granville,2022-01-31
67,2,65,0,Granville,2022-02-01
60,10,50,0,Granville,2022-02-02
47,4,43,0,Granville,2022-02-04
36,3,33,0,Granville,2022-02-05
23,3,20,0,Granville,2022-02-06
50,15,35,0,Granville,2022-02-07
50,14,36,0,Granville,2022-02-08
62,10,52,0,Granville,2022-02-09
26,3,23,0,Granville,2022-02-10
27,5,22,0,Granville,2022-02-11
12,3,9,0,Granville,2022-02-12
13,0,13,0,Granville,2022-02-13
38,5,33,0,Granville,2022-02-14
18,3,15,0,Granville,2022-02-15
19,7,12,0,Granville,2022-02-16
20,5,15,0,Granville,2022-02-17
13,1,12,0,Granville,2022-02-18
9,0,9,0,Granville,2022-02-19
4,0,4,0,Granville,2022-02-20
22,10,12,0,Granville,2022-02-21
10,2,8,0,Granville,2022-02-22
9,3,6,0,Granville,2022-02-23
10,1,9,0,Granville,2022-02-24
3,0,3,0,Granville,2022-02-25
5,0,5,0,Granville,2022-02-26
3,0,3,0,Granville,2022-02-27
11,2,9,0,Granville,2022-02-28
14,3,11,0,Granville,2022-03-01
8,0,8,0,Granville,2022-03-02
6,1,5,0,Granville,2022-03-03
3,0,3,0,Granville,2022-03-04
2,1,1,0,Granville,2022-03-05
1,0,1,0,Granville,2022-03-06
6,0,6,0,Granville,2022-03-07
10,5,5,0,Granville,2022-03-08
5,2,3,0,Granville,2022-03-09
2,0,2,0,Granville,2022-03-10
2,2,0,0,Granville,2022-03-11
1,0,1,0,Granville,2022-03-12
2,1,1,0,Granville,2022-03-13
3,0,3,0,Granville,2022-03-14
3,0,3,0,Granville,2022-03-15
1,0,1,0,Granville,2022-03-16
1,0,1,0,Granville,2022-03-17
3,0,3,0,Granville,2022-03-18
0,0,0,0,Granville,2022-03-19
0,0,0,0,Granville,2022-03-20
3,1,2,0,Granville,2022-03-21
2,1,1,0,Granville,2022-03-22
1,1,0,0,Granville,2022-03-23
1,1,0,0,Granville,2022-03-24
3,0,3,0,Granville,2022-03-25
1,0,1,0,Granville,2022-03-26
0,0,0,0,Granville,2022-03-27
1,0,1,0,Granville,2022-03-28
2,0,2,0,Granville,2022-03-29
0,0,0,0,Granville,2022-03-30
2,0,2,0,Granville,2022-03-31
1,0,1,0,Granville,2022-04-01
2,2,0,0,Granville,2022-04-02
0,0,0,0,Granville,2022-04-03
3,1,2,0,Granville,2022-04-04
4,3,1,0,Granville,2022-04-05
4,1,3,0,Granville,2022-04-06
7,2,5,0,Granville,2022-04-07
5,2,3,0,Granville,2022-04-08
3,0,3,0,Granville,2022-04-09
5,4,1,0,Greene,2021-10-12
5,1,4,0,Greene,2021-10-14
5,1,4,0,Greene,2021-10-15
0,0,0,0,Greene,2021-10-16
2,1,1,0,Greene,2021-10-17
10,1,9,0,Greene,2021-10-18
2,1,1,0,Greene,2021-10-19
3,3,0,0,Greene,2021-10-20
10,2,8,0,Greene,2021-10-21
7,3,4,0,Greene,2021-10-22
0,0,0,0,Greene,2021-10-23
1,0,1,0,Greene,2021-10-24
5,1,4,0,Greene,2021-10-25
4,1,3,0,Greene,2021-10-26
2,0,2,0,Greene,2021-10-27
2,0,2,0,Greene,2021-10-28
3,1,2,0,Greene,2021-10-29
0,0,0,0,Greene,2021-10-30
4,0,4,0,Greene,2021-10-31
5,2,3,0,Greene,2021-11-01
2,0,2,0,Greene,2021-11-02
1,0,1,0,Greene,2021-11-03
3,0,3,0,Greene,2021-11-04
1,1,0,0,Greene,2021-11-05
0,0,0,0,Greene,2021-11-06
2,1,1,0,Greene,2021-11-07
1,0,1,0,Greene,2021-11-08
1,1,0,0,Greene,2021-11-09
4,2,2,0,Greene,2021-11-10
1,0,1,0,Greene,2021-11-11
1,1,0,0,Greene,2021-11-12
1,0,1,0,Greene,2021-11-13
2,1,1,0,Greene,2021-11-14
3,1,2,0,Greene,2021-11-15
4,0,4,0,Greene,2021-11-16
1,0,1,0,Greene,2021-11-17
10,3,7,0,Greene,2021-11-18
1,1,0,0,Greene,2021-11-19
1,0,1,0,Greene,2021-11-20
0,0,0,0,Greene,2021-11-21
6,0,6,0,Greene,2021-11-22
2,2,0,0,Greene,2021-11-23
1,1,0,0,Greene,2021-11-24
0,0,0,0,Greene,2021-11-25
2,0,2,0,Greene,2021-11-26
2,0,2,0,Greene,2021-11-27
1,0,1,0,Greene,2021-11-28
13,2,11,0,Greene,2021-11-29
6,1,5,0,Greene,2021-11-30
3,1,2,0,Greene,2021-12-01
1,0,1,0,Greene,2021-12-02
4,1,3,0,Greene,2021-12-03
3,0,3,0,Greene,2021-12-04
1,0,1,0,Greene,2021-12-05
7,2,5,0,Greene,2021-12-06
10,2,8,0,Greene,2021-12-07
5,3,2,0,Greene,2021-12-08
4,0,4,0,Greene,2021-12-09
7,2,5,0,Greene,2021-12-10
2,0,2,0,Greene,2021-12-12
15,1,14,0,Greene,2021-12-13
10,5,5,0,Greene,2021-12-14
4,1,3,0,Greene,2021-12-15
26,0,26,0,Greene,2021-12-16
17,9,8,0,Greene,2021-12-17
3,0,3,0,Greene,2021-12-18
5,2,3,0,Greene,2021-12-19
16,2,14,0,Greene,2021-12-20
16,5,11,0,Greene,2021-12-21
25,4,21,0,Greene,2021-12-22
12,3,9,0,Greene,2021-12-23
2,1,1,0,Greene,2021-12-24
3,1,2,0,Greene,2021-12-25
9,1,8,0,Greene,2021-12-26
17,3,14,0,Greene,2021-12-27
48,10,38,0,Greene,2021-12-28
36,14,22,0,Greene,2021-12-29
71,12,59,0,Greene,2021-12-30
25,5,20,0,Greene,2021-12-31
8,2,6,0,Greene,2022-01-01
8,0,8,0,Greene,2022-01-02
83,7,76,0,Greene,2022-01-03
72,14,58,0,Greene,2022-01-04
52,21,31,0,Greene,2022-01-05
41,6,35,0,Greene,2022-01-07
23,3,20,0,Greene,2022-01-09
130,28,102,0,Greene,2022-01-10
106,25,81,0,Greene,2022-01-11
67,20,47,0,Greene,2022-01-12
125,14,111,0,Greene,2022-01-13
66,19,47,0,Greene,2022-01-14
14,2,12,0,Greene,2022-01-15
12,7,5,0,Greene,2022-01-16
78,29,49,0,Greene,2022-01-17
171,38,133,0,Greene,2022-01-18
91,33,58,0,Greene,2022-01-20
24,8,16,0,Greene,2022-01-21
6,5,1,0,Greene,2022-01-22
14,5,9,0,Greene,2022-01-23
125,29,96,0,Greene,2022-01-24
66,19,47,0,Greene,2022-01-25
48,17,31,0,Greene,2022-01-26
44,6,38,0,Greene,2022-01-27
28,5,23,0,Greene,2022-01-28
8,1,7,0,Greene,2022-01-29
5,0,5,0,Greene,2022-01-30
41,12,29,0,Greene,2022-01-31
27,5,22,0,Greene,2022-02-01
14,3,11,0,Greene,2022-02-02
14,3,11,0,Greene,2022-02-03
17,4,13,0,Greene,2022-02-04
5,0,5,0,Greene,2022-02-05
8,2,6,0,Greene,2022-02-06
31,8,23,0,Greene,2022-02-07
11,1,10,0,Greene,2022-02-08
10,5,5,0,Greene,2022-02-09
4,0,4,0,Greene,2022-02-10
4,2,2,0,Greene,2022-02-11
6,0,6,0,Greene,2022-02-14
10,2,8,0,Greene,2022-02-15
2,0,2,0,Greene,2022-02-16
5,2,3,0,Greene,2022-02-17
4,1,3,0,Greene,2022-02-18
0,0,0,0,Greene,2022-02-19
1,0,1,0,Greene,2022-02-20
8,1,7,0,Greene,2022-02-21
4,0,4,0,Greene,2022-02-22
4,0,4,0,Greene,2022-02-24
2,1,1,0,Greene,2022-02-26
1,0,1,0,Greene,2022-02-27
5,4,1,0,Greene,2022-02-28
2,0,2,0,Greene,2022-03-01
0,0,0,0,Greene,2022-03-02
4,1,3,0,Greene,2022-03-03
1,0,1,0,Greene,2022-03-04
0,0,0,0,Greene,2022-03-05
0,0,0,0,Greene,2022-03-06
4,1,3,0,Greene,2022-03-07
1,0,1,0,Greene,2022-03-08
0,0,0,0,Greene,2022-03-09
0,0,0,0,Greene,2022-03-10
0,0,0,0,Greene,2022-03-11
0,0,0,0,Greene,2022-03-12
0,0,0,0,Greene,2022-03-13
0,0,0,0,Greene,2022-03-14
0,0,0,0,Greene,2022-03-15
0,0,0,0,Greene,2022-03-16
0,0,0,0,Greene,2022-03-17
0,0,0,0,Greene,2022-03-18
0,0,0,0,Greene,2022-03-19
0,0,0,0,Greene,2022-03-20
0,0,0,0,Greene,2022-03-21
0,0,0,0,Greene,2022-03-22
1,0,1,0,Greene,2022-03-23
0,0,0,0,Greene,2022-03-24
0,0,0,0,Greene,2022-03-25
0,0,0,0,Greene,2022-03-26
0,0,0,0,Greene,2022-03-27
0,0,0,0,Greene,2022-03-28
0,0,0,0,Greene,2022-03-29
2,0,2,0,Greene,2022-03-30
0,0,0,0,Greene,2022-03-31
0,0,0,0,Greene,2022-04-01
0,0,0,0,Greene,2022-04-02
0,0,0,0,Greene,2022-04-03
0,0,0,0,Greene,2022-04-04
1,0,1,0,Greene,2022-04-05
0,0,0,0,Greene,2022-04-06
0,0,0,0,Greene,2022-04-07
0,0,0,0,Greene,2022-04-08
0,0,0,0,Greene,2022-04-09
60,12,48,0,Guilford,2021-10-23
35,5,30,0,Guilford,2021-10-31
97,19,78,0,Guilford,2021-11-12
106,18,88,0,Guilford,2021-11-17
101,16,85,0,Guilford,2021-11-18
109,18,91,0,Guilford,2021-11-24
18,5,13,0,Guilford,2021-11-25
104,17,87,0,Guilford,2021-11-26
72,6,66,0,Guilford,2021-11-28
221,23,198,0,Guilford,2021-11-29
162,32,130,0,Guilford,2021-12-01
80,7,73,0,Guilford,2021-12-12
192,31,161,0,Guilford,2021-12-13
221,39,182,0,Guilford,2021-12-16
212,32,180,0,Guilford,2021-12-17
286,39,247,0,Guilford,2021-12-20
100,14,86,0,Guilford,2021-12-25
1626,241,1385,0,Guilford,2022-01-04
69,19,50,0,Guilford,2022-02-19
56,23,33,0,Guilford,2022-02-20
23,7,16,0,Guilford,2022-03-11
17,6,11,0,Guilford,2022-03-12
30,5,25,0,Guilford,2022-03-14
27,3,24,0,Guilford,2022-03-16
27,8,19,0,Guilford,2022-03-17
15,3,12,0,Guilford,2022-03-18
12,4,8,0,Guilford,2022-03-20
39,7,32,0,Guilford,2022-03-21
24,3,21,0,Guilford,2022-03-24
11,2,9,0,Guilford,2022-03-25
13,1,12,0,Guilford,2022-03-26
21,8,13,0,Guilford,2022-03-28
26,4,22,0,Guilford,2022-03-30
32,7,25,0,Guilford,2022-03-31
22,8,14,0,Guilford,2022-04-01
11,4,7,0,Guilford,2022-04-02
17,3,14,0,Guilford,2022-04-03
31,4,27,0,Guilford,2022-04-04
24,2,22,0,Guilford,2022-04-05
22,8,14,0,Guilford,2022-04-06
50,12,38,0,Guilford,2022-04-07
41,6,35,0,Guilford,2022-04-08
40,7,33,0,Guilford,2022-04-09
18,2,16,0,Halifax,2021-10-13
26,2,24,0,Halifax,2021-10-14
8,0,8,0,Halifax,2021-10-17
11,1,10,0,Halifax,2021-10-19
13,2,11,0,Halifax,2021-10-20
16,2,14,0,Halifax,2021-10-21
2,0,2,0,Halifax,2021-10-23
15,2,13,0,Halifax,2021-10-25
14,0,14,0,Halifax,2021-10-27
8,0,8,0,Halifax,2021-10-29
1,0,1,0,Halifax,2021-10-31
10,2,8,0,Halifax,2021-11-01
3,0,3,0,Halifax,2021-11-02
3,1,2,0,Halifax,2021-11-03
13,0,13,0,Halifax,2021-11-04
5,1,4,0,Halifax,2021-11-05
3,0,3,0,Halifax,2021-11-06
5,0,5,0,Halifax,2021-11-08
4,0,4,0,Halifax,2021-11-09
3,1,2,0,Halifax,2021-11-10
2,0,2,0,Halifax,2021-11-11
2,0,2,0,Halifax,2021-11-12
2,1,1,0,Halifax,2021-11-13
0,0,0,0,Halifax,2021-11-14
4,2,2,0,Halifax,2021-11-15
12,4,8,0,Halifax,2021-11-16
4,2,2,0,Halifax,2021-11-17
4,4,0,0,Halifax,2021-11-18
1,0,1,0,Halifax,2021-11-19
1,0,1,0,Halifax,2021-11-20
1,0,1,0,Halifax,2021-11-21
4,0,4,0,Halifax,2021-11-22
4,2,2,0,Halifax,2021-11-23
7,1,6,0,Halifax,2021-11-24
1,0,1,0,Halifax,2021-11-25
4,4,0,0,Halifax,2021-11-26
2,0,2,0,Halifax,2021-11-27
2,1,1,0,Halifax,2021-11-28
10,3,7,0,Halifax,2021-11-29
7,2,5,0,Halifax,2021-11-30
4,1,3,0,Halifax,2021-12-01
0,0,0,0,Halifax,2021-12-02
11,3,8,0,Halifax,2021-12-03
0,0,0,0,Halifax,2021-12-04
3,1,2,0,Halifax,2021-12-05
8,0,8,0,Halifax,2021-12-06
9,0,9,0,Halifax,2021-12-09
8,0,8,0,Halifax,2021-12-10
2,1,1,0,Halifax,2021-12-11
4,2,2,0,Halifax,2021-12-12
18,3,15,0,Halifax,2021-12-13
12,3,9,0,Halifax,2021-12-14
9,0,9,0,Halifax,2021-12-15
15,4,11,0,Halifax,2021-12-16
2,1,1,0,Halifax,2021-12-19
20,2,18,0,Halifax,2021-12-20
22,3,19,0,Halifax,2021-12-21
39,6,33,0,Halifax,2021-12-22
16,2,14,0,Halifax,2021-12-24
17,2,15,0,Halifax,2021-12-25
25,6,19,0,Halifax,2021-12-26
86,13,73,0,Halifax,2021-12-27
215,25,190,0,Halifax,2021-12-30
195,6,189,0,Halifax,2021-12-31
59,2,57,0,Halifax,2022-01-01
204,37,167,0,Halifax,2022-01-03
259,17,242,0,Halifax,2022-01-07
62,8,54,0,Halifax,2022-01-09
274,20,254,0,Halifax,2022-01-10
183,14,169,0,Halifax,2022-01-13
25,1,24,0,Halifax,2022-01-16
92,25,67,0,Halifax,2022-01-17
257,42,215,0,Halifax,2022-01-18
202,23,179,0,Halifax,2022-01-19
16,2,14,0,Halifax,2022-01-23
83,20,63,0,Halifax,2022-01-26
67,12,55,0,Halifax,2022-01-28
88,25,63,0,Halifax,2022-01-31
58,12,46,0,Halifax,2022-02-01
51,17,34,0,Halifax,2022-02-02
45,9,36,0,Halifax,2022-02-07
23,4,19,0,Halifax,2022-02-08
16,4,12,0,Halifax,2022-02-10
14,0,14,0,Halifax,2022-02-11
6,0,6,0,Halifax,2022-02-13
19,0,19,0,Halifax,2022-02-14
12,2,10,0,Halifax,2022-02-15
15,1,14,0,Halifax,2022-02-16
19,0,19,0,Halifax,2022-02-17
12,3,9,0,Halifax,2022-02-18
7,2,5,0,Halifax,2022-02-20
14,6,8,0,Halifax,2022-02-21
14,3,11,0,Halifax,2022-02-23
0,0,0,0,Halifax,2022-02-24
5,1,4,0,Halifax,2022-02-25
4,1,3,0,Halifax,2022-02-27
9,1,8,0,Halifax,2022-02-28
10,2,8,0,Halifax,2022-03-01
3,0,3,0,Halifax,2022-03-02
8,1,7,0,Halifax,2022-03-03
7,1,6,0,Halifax,2022-03-04
1,0,1,0,Halifax,2022-03-05
0,0,0,0,Halifax,2022-03-06
4,0,4,0,Halifax,2022-03-07
1,0,1,0,Halifax,2022-03-08
1,0,1,0,Halifax,2022-03-09
0,0,0,0,Halifax,2022-03-10
2,1,1,0,Halifax,2022-03-11
2,1,1,0,Halifax,2022-03-12
3,2,1,0,Halifax,2022-03-14
1,0,1,0,Halifax,2022-03-15
0,0,0,0,Halifax,2022-03-16
2,0,2,0,Halifax,2022-03-17
0,0,0,0,Halifax,2022-03-18
1,0,1,0,Halifax,2022-03-19
0,0,0,0,Halifax,2022-03-20
1,1,0,0,Halifax,2022-03-21
0,0,0,0,Halifax,2022-03-22
0,0,0,0,Halifax,2022-03-23
0,0,0,0,Halifax,2022-03-24
0,0,0,0,Halifax,2022-03-25
0,0,0,0,Halifax,2022-03-27
0,0,0,0,Halifax,2022-03-28
0,0,0,0,Halifax,2022-03-29
0,0,0,0,Halifax,2022-03-30
1,0,1,0,Halifax,2022-03-31
0,0,0,0,Halifax,2022-04-01
1,1,0,0,Halifax,2022-04-02
0,0,0,0,Halifax,2022-04-03
2,0,2,0,Halifax,2022-04-04
1,0,1,0,Halifax,2022-04-05
2,0,2,0,Halifax,2022-04-06
0,0,0,0,Halifax,2022-04-07
3,0,3,0,Halifax,2022-04-08
0,0,0,0,Halifax,2022-04-09
39,8,31,0,Harnett,2021-10-13
30,6,24,0,Harnett,2021-10-14
3,2,1,0,Harnett,2021-10-24
24,6,18,0,Harnett,2021-10-25
23,7,16,0,Harnett,2021-10-27
11,3,8,0,Harnett,2021-10-29
5,0,5,0,Harnett,2021-10-31
28,9,19,0,Harnett,2021-11-01
16,7,9,0,Harnett,2021-11-05
3,0,3,0,Harnett,2021-11-07
16,4,12,0,Harnett,2021-11-08
20,2,18,0,Harnett,2021-11-09
18,2,16,0,Harnett,2021-11-10
19,4,15,0,Harnett,2021-11-11
16,4,12,0,Harnett,2021-11-12
11,2,9,0,Harnett,2021-11-13
23,6,17,0,Harnett,2021-11-15
15,6,9,0,Harnett,2021-11-16
25,6,19,0,Harnett,2021-11-18
22,4,18,0,Harnett,2021-11-19
11,2,9,0,Harnett,2021-11-20
9,5,4,0,Harnett,2021-11-21
28,7,21,0,Harnett,2021-11-22
25,5,20,0,Harnett,2021-11-23
24,6,18,0,Harnett,2021-11-24
2,0,2,0,Harnett,2021-11-25
18,5,13,0,Harnett,2021-11-27
13,1,12,0,Harnett,2021-11-28
53,17,36,0,Harnett,2021-11-29
41,7,34,0,Harnett,2021-11-30
26,4,22,0,Harnett,2021-12-02
23,4,19,0,Harnett,2021-12-03
17,5,12,0,Harnett,2021-12-05
55,8,47,0,Harnett,2021-12-06
43,9,34,0,Harnett,2021-12-07
43,8,35,0,Harnett,2021-12-09
37,11,26,0,Harnett,2021-12-10
22,2,20,0,Harnett,2021-12-12
48,8,40,0,Harnett,2021-12-13
52,8,44,0,Harnett,2021-12-16
58,19,39,0,Harnett,2021-12-17
28,5,23,0,Harnett,2021-12-19
73,22,51,0,Harnett,2021-12-20
53,10,43,0,Harnett,2021-12-22
71,14,57,0,Harnett,2021-12-23
38,8,30,0,Harnett,2021-12-24
21,4,17,0,Harnett,2021-12-25
50,9,41,0,Harnett,2021-12-26
268,51,217,0,Harnett,2021-12-30
163,21,142,0,Harnett,2021-12-31
102,11,91,0,Harnett,2022-01-01
423,104,319,0,Harnett,2022-01-03
491,88,403,0,Harnett,2022-01-04
468,59,409,0,Harnett,2022-01-05
562,119,443,0,Harnett,2022-01-10
592,126,466,0,Harnett,2022-01-11
509,98,411,0,Harnett,2022-01-13
64,14,50,0,Harnett,2022-01-16
696,162,534,0,Harnett,2022-01-18
597,106,491,0,Harnett,2022-01-19
46,10,36,0,Harnett,2022-01-22
83,8,75,0,Harnett,2022-01-23
213,36,177,0,Harnett,2022-01-27
223,37,186,0,Harnett,2022-01-28
220,44,176,0,Harnett,2022-01-31
151,36,115,0,Harnett,2022-02-02
110,15,95,0,Harnett,2022-02-03
44,5,39,0,Harnett,2022-02-05
111,37,74,0,Harnett,2022-02-07
67,12,55,0,Harnett,2022-02-09
29,4,25,0,Harnett,2022-02-12
40,5,35,0,Harnett,2022-02-16
53,6,47,0,Harnett,2022-02-17
13,1,12,0,Harnett,2022-02-20
38,13,25,0,Harnett,2022-02-21
25,2,23,0,Harnett,2022-02-23
12,1,11,0,Harnett,2022-02-24
21,7,14,0,Harnett,2022-02-25
11,2,9,0,Harnett,2022-02-26
15,4,11,0,Harnett,2022-03-03
10,1,9,0,Harnett,2022-03-04
3,1,2,0,Harnett,2022-03-05
6,0,6,0,Harnett,2022-03-06
13,2,11,0,Harnett,2022-03-09
8,3,5,0,Harnett,2022-03-10
1,0,1,0,Harnett,2022-03-12
5,0,5,0,Harnett,2022-03-13
4,1,3,0,Harnett,2022-03-15
8,3,5,0,Harnett,2022-03-17
2,1,1,0,Harnett,2022-03-19
3,1,2,0,Harnett,2022-03-20
9,0,9,0,Harnett,2022-03-21
5,3,2,0,Harnett,2022-03-22
5,1,4,0,Harnett,2022-03-23
3,0,3,0,Harnett,2022-03-24
1,0,1,0,Harnett,2022-03-25
1,0,1,0,Harnett,2022-03-26
2,0,2,0,Harnett,2022-03-27
3,3,0,0,Harnett,2022-03-28
8,0,8,0,Harnett,2022-03-29
8,2,6,0,Harnett,2022-03-30
2,0,2,0,Harnett,2022-03-31
7,0,7,0,Harnett,2022-04-01
4,0,4,0,Harnett,2022-04-02
4,1,3,0,Harnett,2022-04-03
5,0,5,0,Harnett,2022-04-04
5,0,5,0,Harnett,2022-04-05
5,1,4,0,Harnett,2022-04-06
5,1,4,0,Harnett,2022-04-07
1,0,1,0,Harnett,2022-04-08
4,0,4,0,Harnett,2022-04-09
27,6,21,0,Haywood,2021-10-13
18,2,16,0,Haywood,2021-10-15
3,2,1,0,Haywood,2021-10-17
19,4,15,0,Haywood,2021-10-19
23,9,14,0,Haywood,2021-10-21
11,2,9,0,Haywood,2021-10-26
18,2,16,0,Haywood,2021-10-27
14,5,9,0,Haywood,2021-10-28
4,1,3,0,Haywood,2021-10-30
4,3,1,0,Haywood,2021-10-31
11,3,8,0,Haywood,2021-11-01
11,1,10,0,Haywood,2021-11-02
16,5,11,0,Haywood,2021-11-03
10,5,5,0,Haywood,2021-11-04
21,9,12,0,Haywood,2021-11-05
9,4,5,0,Haywood,2021-11-06
8,1,7,0,Haywood,2021-11-07
13,2,11,0,Haywood,2021-11-09
11,3,8,0,Haywood,2021-11-12
7,3,4,0,Haywood,2021-11-13
8,0,8,0,Haywood,2021-11-14
19,8,11,0,Haywood,2021-11-15
18,10,8,0,Haywood,2021-11-16
15,2,13,0,Haywood,2021-11-17
14,3,11,0,Haywood,2021-11-19
15,1,14,0,Haywood,2021-11-23
12,6,6,0,Haywood,2021-11-24
2,1,1,0,Haywood,2021-11-25
17,10,7,0,Haywood,2021-11-26
5,1,4,0,Haywood,2021-11-27
16,3,13,0,Haywood,2021-11-28
28,8,20,0,Haywood,2021-11-29
32,7,25,0,Haywood,2021-11-30
27,13,14,0,Haywood,2021-12-01
24,7,17,0,Haywood,2021-12-02
27,10,17,0,Haywood,2021-12-03
11,0,11,0,Haywood,2021-12-04
20,5,15,0,Haywood,2021-12-05
35,5,30,0,Haywood,2021-12-06
24,11,13,0,Haywood,2021-12-09
14,8,6,0,Haywood,2021-12-11
28,8,20,0,Haywood,2021-12-13
26,4,22,0,Haywood,2021-12-15
12,7,5,0,Haywood,2021-12-16
10,3,7,0,Haywood,2021-12-19
24,11,13,0,Haywood,2021-12-23
7,1,6,0,Haywood,2021-12-25
18,10,8,0,Haywood,2021-12-26
55,14,41,0,Haywood,2021-12-28
58,22,36,0,Haywood,2021-12-30
24,8,16,0,Haywood,2022-01-01
34,16,18,0,Haywood,2022-01-02
94,32,62,0,Haywood,2022-01-03
93,25,68,0,Haywood,2022-01-04
142,35,107,0,Haywood,2022-01-06
87,23,64,0,Haywood,2022-01-07
46,16,30,0,Haywood,2022-01-08
55,4,51,0,Haywood,2022-01-09
152,62,90,0,Haywood,2022-01-13
161,62,99,0,Haywood,2022-01-18
168,43,125,0,Haywood,2022-01-20
138,34,104,0,Haywood,2022-01-21
59,13,46,0,Haywood,2022-01-22
65,11,54,0,Haywood,2022-01-23
116,27,89,0,Haywood,2022-01-25
131,35,96,0,Haywood,2022-01-26
106,46,60,0,Haywood,2022-01-31
60,15,45,0,Haywood,2022-02-04
56,27,29,0,Haywood,2022-02-09
38,16,22,0,Haywood,2022-02-10
17,6,11,0,Haywood,2022-02-12
19,2,17,0,Haywood,2022-02-13
27,8,19,0,Haywood,2022-02-16
30,17,13,0,Haywood,2022-02-17
18,6,12,0,Haywood,2022-02-18
14,8,6,0,Haywood,2022-02-19
19,5,14,0,Haywood,2022-02-23
6,2,4,0,Haywood,2022-02-27
23,12,11,0,Haywood,2022-02-28
1,0,1,0,Haywood,2022-03-02
11,3,8,0,Haywood,2022-03-03
4,1,3,0,Haywood,2022-03-04
3,0,3,0,Haywood,2022-03-05
1,0,1,0,Haywood,2022-03-06
4,2,2,0,Haywood,2022-03-10
4,0,4,0,Haywood,2022-03-11
1,0,1,0,Haywood,2022-03-12
2,0,2,0,Haywood,2022-03-13
3,2,1,0,Haywood,2022-03-14
5,2,3,0,Haywood,2022-03-15
14,1,13,0,Haywood,2022-03-16
3,1,2,0,Haywood,2022-03-17
1,0,1,0,Haywood,2022-03-18
0,0,0,0,Haywood,2022-03-19
0,0,0,0,Haywood,2022-03-20
3,1,2,0,Haywood,2022-03-21
2,0,2,0,Haywood,2022-03-22
6,1,5,0,Haywood,2022-03-23
3,2,1,0,Haywood,2022-03-24
1,0,1,0,Haywood,2022-03-25
0,0,0,0,Haywood,2022-03-26
7,6,1,0,Haywood,2022-03-27
2,1,1,0,Haywood,2022-03-28
3,1,2,0,Haywood,2022-03-29
6,3,3,0,Haywood,2022-03-30
2,0,2,0,Haywood,2022-03-31
1,0,1,0,Haywood,2022-04-01
2,1,1,0,Haywood,2022-04-02
0,0,0,0,Haywood,2022-04-03
5,2,3,0,Haywood,2022-04-04
1,0,1,0,Haywood,2022-04-05
4,2,2,0,Haywood,2022-04-06
3,1,2,0,Haywood,2022-04-07
2,1,1,0,Haywood,2022-04-08
1,0,1,0,Haywood,2022-04-09
38,10,28,0,Henderson,2021-10-12
35,18,17,0,Henderson,2021-10-13
30,7,23,0,Henderson,2021-10-15
22,4,18,0,Henderson,2021-10-21
11,0,11,0,Henderson,2021-10-24
29,14,15,0,Henderson,2021-10-26
25,14,11,0,Henderson,2021-10-27
23,9,14,0,Henderson,2021-10-28
23,4,19,0,Henderson,2021-10-29
7,0,7,0,Henderson,2021-10-30
15,9,6,0,Henderson,2021-10-31
30,8,22,0,Henderson,2021-11-01
24,10,14,0,Henderson,2021-11-02
23,10,13,0,Henderson,2021-11-04
25,12,13,0,Henderson,2021-11-05
11,3,8,0,Henderson,2021-11-06
14,6,8,0,Henderson,2021-11-07
42,18,24,0,Henderson,2021-11-08
26,13,13,0,Henderson,2021-11-09
28,15,13,0,Henderson,2021-11-10
15,4,11,0,Henderson,2021-11-13
17,10,7,0,Henderson,2021-11-14
54,22,32,0,Henderson,2021-11-15
40,21,19,0,Henderson,2021-11-16
31,14,17,0,Henderson,2021-11-17
37,18,19,0,Henderson,2021-11-18
22,8,14,0,Henderson,2021-11-19
20,13,7,0,Henderson,2021-11-20
51,25,26,0,Henderson,2021-11-24
22,9,13,0,Henderson,2021-11-28
60,23,37,0,Henderson,2021-11-29
49,13,36,0,Henderson,2021-11-30
44,25,19,0,Henderson,2021-12-02
25,13,12,0,Henderson,2021-12-04
55,26,29,0,Henderson,2021-12-06
40,12,28,0,Henderson,2021-12-09
47,11,36,0,Henderson,2021-12-10
68,26,42,0,Henderson,2021-12-13
63,32,31,0,Henderson,2021-12-14
52,15,37,0,Henderson,2021-12-16
51,19,32,0,Henderson,2021-12-17
25,12,13,0,Henderson,2021-12-18
42,23,19,0,Henderson,2021-12-19
64,15,49,0,Henderson,2021-12-20
60,16,44,0,Henderson,2021-12-21
70,22,48,0,Henderson,2021-12-22
92,26,66,0,Henderson,2021-12-23
34,8,26,0,Henderson,2021-12-24
141,14,127,0,Henderson,2021-12-27
118,26,92,0,Henderson,2021-12-31
60,24,36,0,Henderson,2022-01-01
91,37,54,0,Henderson,2022-01-02
212,32,180,0,Henderson,2022-01-04
245,51,194,0,Henderson,2022-01-05
198,71,127,0,Henderson,2022-01-06
373,112,261,0,Henderson,2022-01-10
313,92,221,0,Henderson,2022-01-11
180,65,115,0,Henderson,2022-01-21
256,102,154,0,Henderson,2022-01-24
53,16,37,0,Henderson,2022-01-29
152,50,102,0,Henderson,2022-01-31
108,34,74,0,Henderson,2022-02-01
104,35,69,0,Henderson,2022-02-04
49,21,28,0,Henderson,2022-02-05
24,12,12,0,Henderson,2022-02-12
55,21,34,0,Henderson,2022-02-14
44,17,27,0,Henderson,2022-02-15
44,18,26,0,Henderson,2022-02-16
28,11,17,0,Henderson,2022-02-17
32,18,14,0,Henderson,2022-02-18
26,14,12,0,Henderson,2022-02-19
10,4,6,0,Henderson,2022-02-20
21,9,12,0,Henderson,2022-02-23
16,8,8,0,Henderson,2022-02-24
19,4,15,0,Henderson,2022-02-25
8,2,6,0,Henderson,2022-02-26
4,2,2,0,Henderson,2022-02-27
17,12,5,0,Henderson,2022-02-28
10,4,6,0,Henderson,2022-03-01
9,5,4,0,Henderson,2022-03-02
8,2,6,0,Henderson,2022-03-03
13,4,9,0,Henderson,2022-03-04
6,1,5,0,Henderson,2022-03-05
4,0,4,0,Henderson,2022-03-06
13,6,7,0,Henderson,2022-03-07
4,3,1,0,Henderson,2022-03-08
3,2,1,0,Henderson,2022-03-09
1,0,1,0,Henderson,2022-03-12
3,1,2,0,Henderson,2022-03-13
4,3,1,0,Henderson,2022-03-14
7,1,6,0,Henderson,2022-03-15
2,1,1,0,Henderson,2022-03-16
1,0,1,0,Henderson,2022-03-17
1,0,1,0,Henderson,2022-03-18
3,0,3,0,Henderson,2022-03-19
5,4,1,0,Henderson,2022-03-20
2,2,0,0,Henderson,2022-03-21
6,4,2,0,Henderson,2022-03-22
1,1,0,0,Henderson,2022-03-23
2,1,1,0,Henderson,2022-03-24
4,1,3,0,Henderson,2022-03-25
2,1,1,0,Henderson,2022-03-26
1,1,0,0,Henderson,2022-03-27
5,1,4,0,Henderson,2022-03-28
4,1,3,0,Henderson,2022-03-29
2,0,2,0,Henderson,2022-03-30
8,2,6,0,Henderson,2022-03-31
3,1,2,0,Henderson,2022-04-01
2,0,2,0,Henderson,2022-04-02
3,1,2,0,Henderson,2022-04-03
3,3,0,0,Henderson,2022-04-04
5,1,4,0,Henderson,2022-04-05
4,3,1,0,Henderson,2022-04-06
3,1,2,0,Henderson,2022-04-07
6,4,2,0,Henderson,2022-04-08
2,0,2,0,Henderson,2022-04-09
5,1,4,0,Hertford,2021-10-12
7,3,4,0,Hertford,2021-10-13
9,3,6,0,Hertford,2021-10-14
6,1,5,0,Hertford,2021-10-15
4,3,1,0,Hertford,2021-10-16
3,1,2,0,Hertford,2021-10-18
5,0,5,0,Hertford,2021-10-20
6,1,5,0,Hertford,2021-10-21
3,0,3,0,Hertford,2021-10-22
0,0,0,0,Hertford,2021-10-23
1,0,1,0,Hertford,2021-10-24
4,0,4,0,Hertford,2021-10-25
2,0,2,0,Hertford,2021-10-27
2,0,2,0,Hertford,2021-10-28
3,1,2,0,Hertford,2021-10-29
1,1,0,0,Hertford,2021-10-30
3,1,2,0,Hertford,2021-11-01
4,0,4,0,Hertford,2021-11-02
4,1,3,0,Hertford,2021-11-03
2,0,2,0,Hertford,2021-11-04
2,1,1,0,Hertford,2021-11-05
1,0,1,0,Hertford,2021-11-06
0,0,0,0,Hertford,2021-11-07
1,0,1,0,Hertford,2021-11-08
4,2,2,0,Hertford,2021-11-09
2,0,2,0,Hertford,2021-11-10
1,0,1,0,Hertford,2021-11-11
0,0,0,0,Hertford,2021-11-12
2,0,2,0,Hertford,2021-11-13
0,0,0,0,Hertford,2021-11-14
7,0,7,0,Hertford,2021-11-15
1,0,1,0,Hertford,2021-11-16
2,0,2,0,Hertford,2021-11-17
0,0,0,0,Hertford,2021-11-18
1,0,1,0,Hertford,2021-11-19
0,0,0,0,Hertford,2021-11-20
0,0,0,0,Hertford,2021-11-21
2,0,2,0,Hertford,2021-11-22
0,0,0,0,Hertford,2021-11-23
3,0,3,0,Hertford,2021-11-24
1,0,1,0,Hertford,2021-11-25
2,0,2,0,Hertford,2021-11-26
1,0,1,0,Hertford,2021-11-27
1,0,1,0,Hertford,2021-11-28
2,1,1,0,Hertford,2021-11-29
2,0,2,0,Hertford,2021-11-30
7,1,6,0,Hertford,2021-12-01
2,0,2,0,Hertford,2021-12-02
3,1,2,0,Hertford,2021-12-03
0,0,0,0,Hertford,2021-12-04
0,0,0,0,Hertford,2021-12-05
6,0,6,0,Hertford,2021-12-06
3,1,2,0,Hertford,2021-12-07
5,2,3,0,Hertford,2021-12-08
7,1,6,0,Hertford,2021-12-09
3,0,3,0,Hertford,2021-12-10
3,0,3,0,Hertford,2021-12-11
2,0,2,0,Hertford,2021-12-12
7,1,6,0,Hertford,2021-12-13
3,1,2,0,Hertford,2021-12-14
2,0,2,0,Hertford,2021-12-16
4,0,4,0,Hertford,2021-12-17
2,1,1,0,Hertford,2021-12-18
1,0,1,0,Hertford,2021-12-19
9,1,8,0,Hertford,2021-12-20
6,3,3,0,Hertford,2021-12-21
2,2,0,0,Hertford,2021-12-22
7,1,6,0,Hertford,2021-12-23
7,0,7,0,Hertford,2021-12-24
2,0,2,0,Hertford,2021-12-25
11,0,11,0,Hertford,2021-12-26
18,5,13,0,Hertford,2021-12-27
48,6,42,0,Hertford,2021-12-28
62,27,35,0,Hertford,2021-12-29
53,7,46,0,Hertford,2021-12-30
64,8,56,0,Hertford,2021-12-31
9,0,9,0,Hertford,2022-01-01
87,17,70,0,Hertford,2022-01-03
107,40,67,0,Hertford,2022-01-04
70,10,60,0,Hertford,2022-01-07
33,6,27,0,Hertford,2022-01-08
14,0,14,0,Hertford,2022-01-09
106,24,82,0,Hertford,2022-01-10
77,14,63,0,Hertford,2022-01-11
76,19,57,0,Hertford,2022-01-12
65,10,55,0,Hertford,2022-01-14
12,3,9,0,Hertford,2022-01-15
11,1,10,0,Hertford,2022-01-16
23,4,19,0,Hertford,2022-01-17
82,13,69,0,Hertford,2022-01-18
39,12,27,0,Hertford,2022-01-20
10,0,10,0,Hertford,2022-01-21
6,1,5,0,Hertford,2022-01-23
38,9,29,0,Hertford,2022-01-25
23,6,17,0,Hertford,2022-01-26
18,3,15,0,Hertford,2022-01-27
20,3,17,0,Hertford,2022-01-28
2,0,2,0,Hertford,2022-01-29
4,1,3,0,Hertford,2022-01-30
13,3,10,0,Hertford,2022-01-31
12,3,9,0,Hertford,2022-02-01
5,3,2,0,Hertford,2022-02-02
6,1,5,0,Hertford,2022-02-03
3,0,3,0,Hertford,2022-02-04
2,0,2,0,Hertford,2022-02-05
5,0,5,0,Hertford,2022-02-06
5,3,2,0,Hertford,2022-02-07
6,0,6,0,Hertford,2022-02-08
6,2,4,0,Hertford,2022-02-09
4,0,4,0,Hertford,2022-02-10
1,0,1,0,Hertford,2022-02-11
1,0,1,0,Hertford,2022-02-12
2,0,2,0,Hertford,2022-02-13
0,0,0,0,Hertford,2022-02-14
1,0,1,0,Hertford,2022-02-15
4,0,4,0,Hertford,2022-02-17
3,0,3,0,Hertford,2022-02-18
4,0,4,0,Hertford,2022-02-19
1,1,0,0,Hertford,2022-02-20
6,1,5,0,Hertford,2022-02-21
2,1,1,0,Hertford,2022-02-22
2,1,1,0,Hertford,2022-02-23
2,0,2,0,Hertford,2022-02-24
3,0,3,0,Hertford,2022-02-25
4,1,3,0,Hertford,2022-02-26
3,1,2,0,Hertford,2022-02-27
0,0,0,0,Hertford,2022-02-28
2,0,2,0,Hertford,2022-03-01
3,0,3,0,Hertford,2022-03-02
2,0,2,0,Hertford,2022-03-03
3,1,2,0,Hertford,2022-03-04
0,0,0,0,Hertford,2022-03-05
0,0,0,0,Hertford,2022-03-06
1,0,1,0,Hertford,2022-03-07
0,0,0,0,Hertford,2022-03-08
0,0,0,0,Hertford,2022-03-09
2,0,2,0,Hertford,2022-03-10
1,0,1,0,Hertford,2022-03-11
0,0,0,0,Hertford,2022-03-12
0,0,0,0,Hertford,2022-03-13
0,0,0,0,Hertford,2022-03-14
0,0,0,0,Hertford,2022-03-15
0,0,0,0,Hertford,2022-03-16
0,0,0,0,Hertford,2022-03-17
0,0,0,0,Hertford,2022-03-18
0,0,0,0,Hertford,2022-03-19
0,0,0,0,Hertford,2022-03-20
1,0,1,0,Hertford,2022-03-21
0,0,0,0,Hertford,2022-03-22
1,0,1,0,Hertford,2022-03-23
0,0,0,0,Hertford,2022-03-24
3,0,3,0,Hertford,2022-03-25
0,0,0,0,Hertford,2022-03-26
0,0,0,0,Hertford,2022-03-27
1,0,1,0,Hertford,2022-03-28
1,0,1,0,Hertford,2022-03-29
0,0,0,0,Hertford,2022-03-30
0,0,0,0,Hertford,2022-03-31
0,0,0,0,Hertford,2022-04-01
0,0,0,0,Hertford,2022-04-02
0,0,0,0,Hertford,2022-04-03
0,0,0,0,Hertford,2022-04-04
0,0,0,0,Hertford,2022-04-05
0,0,0,0,Hertford,2022-04-06
0,0,0,0,Hertford,2022-04-07
1,0,1,0,Hertford,2022-04-08
0,0,0,0,Hertford,2022-04-09
8,1,7,0,Hoke,2021-10-12
11,1,10,0,Hoke,2021-10-13
14,1,13,0,Hoke,2021-10-14
17,6,11,0,Hoke,2021-10-18
6,1,5,0,Hoke,2021-10-19
5,1,4,0,Hoke,2021-10-21
15,0,15,0,Hoke,2021-10-22
3,1,2,0,Hoke,2021-10-23
5,0,5,0,Hoke,2021-10-24
6,3,3,0,Hoke,2021-10-26
9,3,6,0,Hoke,2021-10-27
7,1,6,0,Hoke,2021-10-28
9,2,7,0,Hoke,2021-10-29
1,0,1,0,Hoke,2021-10-30
1,0,1,0,Hoke,2021-10-31
9,4,5,0,Hoke,2021-11-01
10,2,8,0,Hoke,2021-11-03
5,0,5,0,Hoke,2021-11-05
1,0,1,0,Hoke,2021-11-06
11,2,9,0,Hoke,2021-11-08
12,2,10,0,Hoke,2021-11-09
13,3,10,0,Hoke,2021-11-10
13,4,9,0,Hoke,2021-11-11
30,2,28,0,Hoke,2021-11-12
5,0,5,0,Hoke,2021-11-13
5,0,5,0,Hoke,2021-11-14
20,5,15,0,Hoke,2021-11-15
15,2,13,0,Hoke,2021-11-16
12,1,11,0,Hoke,2021-11-17
12,1,11,0,Hoke,2021-11-19
4,0,4,0,Hoke,2021-11-20
3,0,3,0,Hoke,2021-11-21
10,3,7,0,Hoke,2021-11-23
9,2,7,0,Hoke,2021-11-24
3,1,2,0,Hoke,2021-11-25
11,3,8,0,Hoke,2021-11-26
6,1,5,0,Hoke,2021-11-27
7,1,6,0,Hoke,2021-11-28
15,3,12,0,Hoke,2021-11-29
21,7,14,0,Hoke,2021-11-30
31,3,28,0,Hoke,2021-12-01
10,2,8,0,Hoke,2021-12-02
17,1,16,0,Hoke,2021-12-03
6,0,6,0,Hoke,2021-12-04
10,1,9,0,Hoke,2021-12-05
26,3,23,0,Hoke,2021-12-07
9,1,8,0,Hoke,2021-12-09
11,3,8,0,Hoke,2021-12-10
5,0,5,0,Hoke,2021-12-11
0,0,0,0,Hoke,2021-12-12
19,2,17,0,Hoke,2021-12-13
20,4,16,0,Hoke,2021-12-15
9,1,8,0,Hoke,2021-12-16
20,2,18,0,Hoke,2021-12-17
12,1,11,0,Hoke,2021-12-19
19,4,15,0,Hoke,2021-12-20
43,12,31,0,Hoke,2021-12-21
39,8,31,0,Hoke,2021-12-22
46,12,34,0,Hoke,2021-12-23
27,4,23,0,Hoke,2021-12-24
19,2,17,0,Hoke,2021-12-25
35,6,29,0,Hoke,2021-12-26
93,9,84,0,Hoke,2021-12-27
135,6,129,0,Hoke,2021-12-28
145,8,137,0,Hoke,2021-12-29
157,31,126,0,Hoke,2021-12-30
101,12,89,0,Hoke,2021-12-31
64,3,61,0,Hoke,2022-01-01
79,1,78,0,Hoke,2022-01-02
171,13,158,0,Hoke,2022-01-03
250,26,224,0,Hoke,2022-01-04
262,24,238,0,Hoke,2022-01-06
205,13,192,0,Hoke,2022-01-07
148,6,142,0,Hoke,2022-01-09
345,45,300,0,Hoke,2022-01-10
331,34,297,0,Hoke,2022-01-11
269,17,252,0,Hoke,2022-01-13
242,15,227,0,Hoke,2022-01-14
19,1,18,0,Hoke,2022-01-16
280,31,249,0,Hoke,2022-01-17
369,36,333,0,Hoke,2022-01-18
92,11,81,0,Hoke,2022-01-21
22,2,20,0,Hoke,2022-01-22
63,4,59,0,Hoke,2022-01-23
213,34,179,0,Hoke,2022-01-24
163,22,141,0,Hoke,2022-01-25
27,2,25,0,Hoke,2022-01-29
14,2,12,0,Hoke,2022-01-30
74,19,55,0,Hoke,2022-01-31
53,4,49,0,Hoke,2022-02-02
48,11,37,0,Hoke,2022-02-03
15,3,12,0,Hoke,2022-02-05
20,4,16,0,Hoke,2022-02-06
45,12,33,0,Hoke,2022-02-07
39,10,29,0,Hoke,2022-02-08
34,9,25,0,Hoke,2022-02-09
22,7,15,0,Hoke,2022-02-10
20,7,13,0,Hoke,2022-02-11
12,1,11,0,Hoke,2022-02-12
8,2,6,0,Hoke,2022-02-13
30,5,25,0,Hoke,2022-02-14
26,6,20,0,Hoke,2022-02-15
19,1,18,0,Hoke,2022-02-16
13,2,11,0,Hoke,2022-02-17
3,0,3,0,Hoke,2022-02-19
11,1,10,0,Hoke,2022-02-21
14,3,11,0,Hoke,2022-02-22
10,2,8,0,Hoke,2022-02-23
10,3,7,0,Hoke,2022-02-24
7,0,7,0,Hoke,2022-02-25
3,0,3,0,Hoke,2022-02-26
5,3,2,0,Hoke,2022-02-27
6,0,6,0,Hoke,2022-02-28
1,0,1,0,Hoke,2022-03-01
5,3,2,0,Hoke,2022-03-02
10,2,8,0,Hoke,2022-03-03
3,0,3,0,Hoke,2022-03-04
2,0,2,0,Hoke,2022-03-05
1,1,0,0,Hoke,2022-03-06
5,0,5,0,Hoke,2022-03-07
3,1,2,0,Hoke,2022-03-09
4,0,4,0,Hoke,2022-03-10
4,0,4,0,Hoke,2022-03-11
1,1,0,0,Hoke,2022-03-12
1,0,1,0,Hoke,2022-03-13
1,0,1,0,Hoke,2022-03-14
2,1,1,0,Hoke,2022-03-15
3,2,1,0,Hoke,2022-03-16
1,0,1,0,Hoke,2022-03-17
0,0,0,0,Hoke,2022-03-18
1,0,1,0,Hoke,2022-03-19
0,0,0,0,Hoke,2022-03-20
2,0,2,0,Hoke,2022-03-21
3,0,3,0,Hoke,2022-03-22
1,0,1,0,Hoke,2022-03-23
2,0,2,0,Hoke,2022-03-24
2,0,2,0,Hoke,2022-03-25
3,1,2,0,Hoke,2022-03-26
0,0,0,0,Hoke,2022-03-27
1,0,1,0,Hoke,2022-03-28
3,0,3,0,Hoke,2022-03-29
2,2,0,0,Hoke,2022-03-30
1,0,1,0,Hoke,2022-03-31
3,2,1,0,Hoke,2022-04-01
3,0,3,0,Hoke,2022-04-02
2,0,2,0,Hoke,2022-04-03
1,1,0,0,Hoke,2022-04-05
4,0,4,0,Hoke,2022-04-06
1,0,1,0,Hoke,2022-04-07
2,0,2,0,Hoke,2022-04-08
3,2,1,0,Hoke,2022-04-09
0,0,0,0,Hyde,2021-10-12
0,0,0,0,Hyde,2021-10-13
0,0,0,0,Hyde,2021-10-14
2,0,2,0,Hyde,2021-10-15
0,0,0,0,Hyde,2021-10-16
0,0,0,0,Hyde,2021-10-17
0,0,0,0,Hyde,2021-10-18
0,0,0,0,Hyde,2021-10-19
0,0,0,0,Hyde,2021-10-20
0,0,0,0,Hyde,2021-10-21
0,0,0,0,Hyde,2021-10-22
0,0,0,0,Hyde,2021-10-23
0,0,0,0,Hyde,2021-10-24
0,0,0,0,Hyde,2021-10-25
1,1,0,0,Hyde,2021-10-26
2,0,2,0,Hyde,2021-10-27
1,0,1,0,Hyde,2021-10-28
1,0,1,0,Hyde,2021-10-29
0,0,0,0,Hyde,2021-10-30
0,0,0,0,Hyde,2021-10-31
1,0,1,0,Hyde,2021-11-01
0,0,0,0,Hyde,2021-11-02
1,0,1,0,Hyde,2021-11-03
0,0,0,0,Hyde,2021-11-04
1,0,1,0,Hyde,2021-11-05
0,0,0,0,Hyde,2021-11-06
1,0,1,0,Hyde,2021-11-07
2,0,2,0,Hyde,2021-11-08
2,0,2,0,Hyde,2021-11-09
0,0,0,0,Hyde,2021-11-10
0,0,0,0,Hyde,2021-11-11
3,0,3,0,Hyde,2021-11-12
1,0,1,0,Hyde,2021-11-13
1,0,1,0,Hyde,2021-11-14
6,1,5,0,Hyde,2021-11-15
2,0,2,0,Hyde,2021-11-16
1,0,1,0,Hyde,2021-11-17
1,0,1,0,Hyde,2021-11-18
0,0,0,0,Hyde,2021-11-19
0,0,0,0,Hyde,2021-11-20
0,0,0,0,Hyde,2021-11-21
1,0,1,0,Hyde,2021-11-22
1,0,1,0,Hyde,2021-11-23
1,0,1,0,Hyde,2021-11-24
0,0,0,0,Hyde,2021-11-25
1,0,1,0,Hyde,2021-11-26
1,0,1,0,Hyde,2021-11-27
1,0,1,0,Hyde,2021-11-28
1,0,1,0,Hyde,2021-11-29
2,0,2,0,Hyde,2021-11-30
0,0,0,0,Hyde,2021-12-01
1,0,1,0,Hyde,2021-12-02
0,0,0,0,Hyde,2021-12-03
1,0,1,0,Hyde,2021-12-04
1,0,1,0,Hyde,2021-12-05
0,0,0,0,Hyde,2021-12-06
1,0,1,0,Hyde,2021-12-07
1,0,1,0,Hyde,2021-12-08
0,0,0,0,Hyde,2021-12-09
2,1,1,0,Hyde,2021-12-10
0,0,0,0,Hyde,2021-12-11
0,0,0,0,Hyde,2021-12-12
5,0,5,0,Hyde,2021-12-13
0,0,0,0,Hyde,2021-12-14
1,1,0,0,Hyde,2021-12-15
1,0,1,0,Hyde,2021-12-16
2,0,2,0,Hyde,2021-12-17
2,0,2,0,Hyde,2021-12-18
0,0,0,0,Hyde,2021-12-19
3,0,3,0,Hyde,2021-12-20
0,0,0,0,Hyde,2021-12-21
2,1,1,0,Hyde,2021-12-22
1,0,1,0,Hyde,2021-12-23
1,0,1,0,Hyde,2021-12-24
0,0,0,0,Hyde,2021-12-25
1,0,1,0,Hyde,2021-12-26
6,0,6,0,Hyde,2021-12-27
4,0,4,0,Hyde,2021-12-28
4,0,4,0,Hyde,2021-12-29
1,0,1,0,Hyde,2021-12-31
1,0,1,0,Hyde,2022-01-01
4,0,4,0,Hyde,2022-01-02
21,0,21,0,Hyde,2022-01-03
13,0,13,0,Hyde,2022-01-04
8,0,8,0,Hyde,2022-01-05
7,1,6,0,Hyde,2022-01-06
13,1,12,0,Hyde,2022-01-07
2,0,2,0,Hyde,2022-01-08
3,0,3,0,Hyde,2022-01-09
13,1,12,0,Hyde,2022-01-10
11,0,11,0,Hyde,2022-01-11
12,0,12,0,Hyde,2022-01-13
50,14,36,0,Hyde,2022-01-14
4,0,4,0,Hyde,2022-01-15
7,0,7,0,Hyde,2022-01-16
7,1,6,0,Hyde,2022-01-17
24,1,23,0,Hyde,2022-01-18
18,2,16,0,Hyde,2022-01-19
13,2,11,0,Hyde,2022-01-20
6,1,5,0,Hyde,2022-01-21
1,0,1,0,Hyde,2022-01-22
3,0,3,0,Hyde,2022-01-23
19,3,16,0,Hyde,2022-01-24
11,0,11,0,Hyde,2022-01-25
7,0,7,0,Hyde,2022-01-26
11,3,8,0,Hyde,2022-01-27
6,1,5,0,Hyde,2022-01-28
2,0,2,0,Hyde,2022-01-29
3,0,3,0,Hyde,2022-01-30
18,0,18,0,Hyde,2022-01-31
10,1,9,0,Hyde,2022-02-01
4,0,4,0,Hyde,2022-02-02
5,1,4,0,Hyde,2022-02-03
5,0,5,0,Hyde,2022-02-04
1,1,0,0,Hyde,2022-02-05
0,0,0,0,Hyde,2022-02-06
7,0,7,0,Hyde,2022-02-07
2,0,2,0,Hyde,2022-02-08
1,0,1,0,Hyde,2022-02-09
3,0,3,0,Hyde,2022-02-10
5,0,5,0,Hyde,2022-02-11
3,0,3,0,Hyde,2022-02-12
0,0,0,0,Hyde,2022-02-13
2,0,2,0,Hyde,2022-02-14
2,0,2,0,Hyde,2022-02-15
0,0,0,0,Hyde,2022-02-16
3,0,3,0,Hyde,2022-02-17
1,0,1,0,Hyde,2022-02-18
0,0,0,0,Hyde,2022-02-19
0,0,0,0,Hyde,2022-02-20
4,1,3,0,Hyde,2022-02-21
3,0,3,0,Hyde,2022-02-22
1,1,0,0,Hyde,2022-02-23
0,0,0,0,Hyde,2022-02-24
1,0,1,0,Hyde,2022-02-25
1,0,1,0,Hyde,2022-02-26
0,0,0,0,Hyde,2022-02-27
0,0,0,0,Hyde,2022-02-28
1,0,1,0,Hyde,2022-03-01
0,0,0,0,Hyde,2022-03-02
1,0,1,0,Hyde,2022-03-03
1,0,1,0,Hyde,2022-03-04
0,0,0,0,Hyde,2022-03-05
0,0,0,0,Hyde,2022-03-06
1,0,1,0,Hyde,2022-03-07
0,0,0,0,Hyde,2022-03-08
0,0,0,0,Hyde,2022-03-09
1,0,1,0,Hyde,2022-03-10
0,0,0,0,Hyde,2022-03-11
0,0,0,0,Hyde,2022-03-12
1,0,1,0,Hyde,2022-03-13
0,0,0,0,Hyde,2022-03-14
0,0,0,0,Hyde,2022-03-15
0,0,0,0,Hyde,2022-03-16
0,0,0,0,Hyde,2022-03-17
0,0,0,0,Hyde,2022-03-18
0,0,0,0,Hyde,2022-03-19
0,0,0,0,Hyde,2022-03-20
0,0,0,0,Hyde,2022-03-21
1,0,1,0,Hyde,2022-03-22
0,0,0,0,Hyde,2022-03-23
0,0,0,0,Hyde,2022-03-24
0,0,0,0,Hyde,2022-03-25
0,0,0,0,Hyde,2022-03-26
0,0,0,0,Hyde,2022-03-27
0,0,0,0,Hyde,2022-03-28
0,0,0,0,Hyde,2022-03-29
0,0,0,0,Hyde,2022-03-30
0,0,0,0,Hyde,2022-03-31
0,0,0,0,Hyde,2022-04-01
0,0,0,0,Hyde,2022-04-02
0,0,0,0,Hyde,2022-04-03
0,0,0,0,Hyde,2022-04-04
0,0,0,0,Hyde,2022-04-05
0,0,0,0,Hyde,2022-04-06
0,0,0,0,Hyde,2022-04-07
0,0,0,0,Hyde,2022-04-08
0,0,0,0,Hyde,2022-04-09
46,16,30,0,Iredell,2021-10-15
17,6,11,0,Iredell,2021-10-17
54,15,39,0,Iredell,2021-10-19
62,18,44,0,Iredell,2021-10-21
31,3,28,0,Iredell,2021-10-23
17,8,9,0,Iredell,2021-10-24
57,17,40,0,Iredell,2021-10-25
28,9,19,0,Iredell,2021-10-28
19,3,16,0,Iredell,2021-10-30
22,9,13,0,Iredell,2021-10-31
51,15,36,0,Iredell,2021-11-01
36,12,24,0,Iredell,2021-11-02
38,13,25,0,Iredell,2021-11-03
35,12,23,0,Iredell,2021-11-04
34,6,28,0,Iredell,2021-11-05
17,5,12,0,Iredell,2021-11-06
55,18,37,0,Iredell,2021-11-08
72,16,56,0,Iredell,2021-11-09
56,25,31,0,Iredell,2021-11-10
47,17,30,0,Iredell,2021-11-11
61,13,48,0,Iredell,2021-11-12
31,9,22,0,Iredell,2021-11-13
48,14,34,0,Iredell,2021-11-14
70,28,42,0,Iredell,2021-11-16
61,20,41,0,Iredell,2021-11-17
53,20,33,0,Iredell,2021-11-19
45,12,33,0,Iredell,2021-11-20
57,21,36,0,Iredell,2021-11-23
60,24,36,0,Iredell,2021-11-24
41,6,35,0,Iredell,2021-11-26
43,11,32,0,Iredell,2021-11-28
88,27,61,0,Iredell,2021-11-30
53,15,38,0,Iredell,2021-12-04
107,40,67,0,Iredell,2021-12-06
103,42,61,0,Iredell,2021-12-09
46,9,37,0,Iredell,2021-12-11
105,38,67,0,Iredell,2021-12-15
105,42,63,0,Iredell,2021-12-16
164,66,98,0,Iredell,2021-12-23
44,14,30,0,Iredell,2021-12-25
216,92,124,0,Iredell,2021-12-31
140,75,65,0,Iredell,2022-01-01
531,183,348,0,Iredell,2022-01-05
632,243,389,0,Iredell,2022-01-10
675,212,463,0,Iredell,2022-01-11
44,23,21,0,Iredell,2022-01-16
178,69,109,0,Iredell,2022-01-17
509,155,354,0,Iredell,2022-01-24
67,14,53,0,Iredell,2022-02-05
70,24,46,0,Iredell,2022-02-06
160,44,116,0,Iredell,2022-02-07
84,34,50,0,Iredell,2022-02-11
15,6,9,0,Iredell,2022-02-25
13,10,3,0,Iredell,2022-02-26
14,8,6,0,Iredell,2022-02-27
21,8,13,0,Iredell,2022-03-01
21,9,12,0,Iredell,2022-03-02
6,4,2,0,Iredell,2022-03-04
8,1,7,0,Iredell,2022-03-06
11,2,9,0,Iredell,2022-03-07
11,5,6,0,Iredell,2022-03-09
3,0,3,0,Iredell,2022-03-10
6,4,2,0,Iredell,2022-03-11
3,0,3,0,Iredell,2022-03-13
20,13,7,0,Iredell,2022-03-14
7,2,5,0,Iredell,2022-03-15
7,2,5,0,Iredell,2022-03-16
6,3,3,0,Iredell,2022-03-17
5,1,4,0,Iredell,2022-03-18
10,7,3,0,Iredell,2022-03-19
5,1,4,0,Iredell,2022-03-20
13,8,5,0,Iredell,2022-03-21
8,3,5,0,Iredell,2022-03-22
6,2,4,0,Iredell,2022-03-23
10,4,6,0,Iredell,2022-03-24
2,1,1,0,Iredell,2022-03-25
6,3,3,0,Iredell,2022-03-26
6,5,1,0,Iredell,2022-03-27
8,5,3,0,Iredell,2022-03-28
6,3,3,0,Iredell,2022-03-29
6,4,2,0,Iredell,2022-03-30
8,5,3,0,Iredell,2022-03-31
5,3,2,0,Iredell,2022-04-01
1,1,0,0,Iredell,2022-04-02
2,0,2,0,Iredell,2022-04-03
10,4,6,0,Iredell,2022-04-04
12,7,5,0,Iredell,2022-04-05
6,3,3,0,Iredell,2022-04-06
9,4,5,0,Iredell,2022-04-07
9,5,4,0,Iredell,2022-04-08
10,3,7,0,Iredell,2022-04-09
21,8,13,0,Jackson,2021-10-12
14,3,11,0,Jackson,2021-10-13
6,0,6,0,Jackson,2021-10-16
6,1,5,0,Jackson,2021-10-17
12,2,10,0,Jackson,2021-10-18
3,0,3,0,Jackson,2021-10-19
11,2,9,0,Jackson,2021-10-21
3,0,3,0,Jackson,2021-10-22
5,0,5,0,Jackson,2021-10-23
5,0,5,0,Jackson,2021-10-24
8,1,7,0,Jackson,2021-10-25
3,1,2,0,Jackson,2021-10-26
8,2,6,0,Jackson,2021-10-27
6,0,6,0,Jackson,2021-10-28
11,3,8,0,Jackson,2021-10-29
4,0,4,0,Jackson,2021-10-30
3,0,3,0,Jackson,2021-10-31
6,3,3,0,Jackson,2021-11-01
8,2,6,0,Jackson,2021-11-03
2,1,1,0,Jackson,2021-11-04
10,0,10,0,Jackson,2021-11-05
1,0,1,0,Jackson,2021-11-06
2,0,2,0,Jackson,2021-11-07
3,2,1,0,Jackson,2021-11-08
2,0,2,0,Jackson,2021-11-09
5,0,5,0,Jackson,2021-11-10
8,3,5,0,Jackson,2021-11-12
3,0,3,0,Jackson,2021-11-13
2,0,2,0,Jackson,2021-11-14
9,2,7,0,Jackson,2021-11-15
4,0,4,0,Jackson,2021-11-16
10,1,9,0,Jackson,2021-11-17
3,0,3,0,Jackson,2021-11-18
6,2,4,0,Jackson,2021-11-19
3,0,3,0,Jackson,2021-11-20
6,2,4,0,Jackson,2021-11-22
4,0,4,0,Jackson,2021-11-23
6,0,6,0,Jackson,2021-11-24
1,0,1,0,Jackson,2021-11-25
3,1,2,0,Jackson,2021-11-26
4,0,4,0,Jackson,2021-11-27
5,2,3,0,Jackson,2021-11-28
23,2,21,0,Jackson,2021-11-29
8,1,7,0,Jackson,2021-11-30
6,3,3,0,Jackson,2021-12-01
16,3,13,0,Jackson,2021-12-02
8,1,7,0,Jackson,2021-12-04
10,1,9,0,Jackson,2021-12-05
18,3,15,0,Jackson,2021-12-06
9,0,9,0,Jackson,2021-12-08
7,1,6,0,Jackson,2021-12-09
9,1,8,0,Jackson,2021-12-10
8,1,7,0,Jackson,2021-12-12
7,4,3,0,Jackson,2021-12-13
9,1,8,0,Jackson,2021-12-18
8,4,4,0,Jackson,2021-12-19
12,1,11,0,Jackson,2021-12-20
18,2,16,0,Jackson,2021-12-22
17,2,15,0,Jackson,2021-12-23
8,1,7,0,Jackson,2021-12-24
3,0,3,0,Jackson,2021-12-25
21,0,21,0,Jackson,2021-12-26
37,3,34,0,Jackson,2021-12-27
45,4,41,0,Jackson,2021-12-29
55,1,54,0,Jackson,2021-12-30
21,6,15,0,Jackson,2021-12-31
53,7,46,0,Jackson,2022-01-02
89,6,83,0,Jackson,2022-01-03
133,21,112,0,Jackson,2022-01-04
136,31,105,0,Jackson,2022-01-05
109,24,85,0,Jackson,2022-01-06
37,1,36,0,Jackson,2022-01-08
50,3,47,0,Jackson,2022-01-09
129,38,91,0,Jackson,2022-01-10
99,13,86,0,Jackson,2022-01-11
99,17,82,0,Jackson,2022-01-12
118,15,103,0,Jackson,2022-01-13
119,38,81,0,Jackson,2022-01-14
20,2,18,0,Jackson,2022-01-15
6,0,6,0,Jackson,2022-01-16
37,4,33,0,Jackson,2022-01-17
90,22,68,0,Jackson,2022-01-18
125,54,71,0,Jackson,2022-01-19
114,30,84,0,Jackson,2022-01-20
38,3,35,0,Jackson,2022-01-22
27,4,23,0,Jackson,2022-01-23
112,47,65,0,Jackson,2022-01-24
102,35,67,0,Jackson,2022-01-25
72,26,46,0,Jackson,2022-01-26
42,15,27,0,Jackson,2022-01-28
6,1,5,0,Jackson,2022-01-29
30,7,23,0,Jackson,2022-01-30
61,17,44,0,Jackson,2022-01-31
51,14,37,0,Jackson,2022-02-01
37,17,20,0,Jackson,2022-02-02
43,13,30,0,Jackson,2022-02-03
39,13,26,0,Jackson,2022-02-04
12,2,10,0,Jackson,2022-02-05
9,1,8,0,Jackson,2022-02-06
41,11,30,0,Jackson,2022-02-07
25,7,18,0,Jackson,2022-02-08
28,3,25,0,Jackson,2022-02-09
27,3,24,0,Jackson,2022-02-10
14,6,8,0,Jackson,2022-02-11
7,1,6,0,Jackson,2022-02-12
3,0,3,0,Jackson,2022-02-13
22,9,13,0,Jackson,2022-02-14
27,9,18,0,Jackson,2022-02-15
27,11,16,0,Jackson,2022-02-16
17,7,10,0,Jackson,2022-02-17
14,7,7,0,Jackson,2022-02-18
7,4,3,0,Jackson,2022-02-19
8,4,4,0,Jackson,2022-02-20
12,6,6,0,Jackson,2022-02-21
17,6,11,0,Jackson,2022-02-23
9,3,6,0,Jackson,2022-02-24
7,0,7,0,Jackson,2022-02-26
5,2,3,0,Jackson,2022-02-27
11,5,6,0,Jackson,2022-02-28
12,3,9,0,Jackson,2022-03-01
6,4,2,0,Jackson,2022-03-02
5,1,4,0,Jackson,2022-03-04
0,0,0,0,Jackson,2022-03-05
0,0,0,0,Jackson,2022-03-06
1,0,1,0,Jackson,2022-03-07
2,0,2,0,Jackson,2022-03-08
3,0,3,0,Jackson,2022-03-09
3,0,3,0,Jackson,2022-03-10
0,0,0,0,Jackson,2022-03-11
1,0,1,0,Jackson,2022-03-12
0,0,0,0,Jackson,2022-03-13
2,2,0,0,Jackson,2022-03-14
3,1,2,0,Jackson,2022-03-15
0,0,0,0,Jackson,2022-03-16
2,0,2,0,Jackson,2022-03-17
2,1,1,0,Jackson,2022-03-18
0,0,0,0,Jackson,2022-03-19
1,1,0,0,Jackson,2022-03-20
1,0,1,0,Jackson,2022-03-21
2,2,0,0,Jackson,2022-03-22
2,1,1,0,Jackson,2022-03-23
2,1,1,0,Jackson,2022-03-24
3,1,2,0,Jackson,2022-03-25
0,0,0,0,Jackson,2022-03-26
1,0,1,0,Jackson,2022-03-27
1,1,0,0,Jackson,2022-03-28
2,1,1,0,Jackson,2022-03-29
1,1,0,0,Jackson,2022-03-30
0,0,0,0,Jackson,2022-03-31
0,0,0,0,Jackson,2022-04-01
0,0,0,0,Jackson,2022-04-02
2,0,2,0,Jackson,2022-04-03
1,0,1,0,Jackson,2022-04-04
2,0,2,0,Jackson,2022-04-05
0,0,0,0,Jackson,2022-04-06
5,3,2,0,Jackson,2022-04-07
2,1,1,0,Jackson,2022-04-08
3,0,3,0,Jackson,2022-04-09
60,7,53,0,Johnston,2021-10-12
52,13,39,0,Johnston,2021-10-13
41,12,29,0,Johnston,2021-10-14
54,15,39,0,Johnston,2021-10-19
43,5,38,0,Johnston,2021-10-21
24,3,21,0,Johnston,2021-10-23
14,3,11,0,Johnston,2021-10-24
40,7,33,0,Johnston,2021-10-26
31,6,25,0,Johnston,2021-10-27
21,8,13,0,Johnston,2021-10-30
40,8,32,0,Johnston,2021-11-01
41,13,28,0,Johnston,2021-11-05
18,6,12,0,Johnston,2021-11-07
69,24,45,0,Johnston,2021-11-08
56,12,44,0,Johnston,2021-11-10
54,10,44,0,Johnston,2021-11-12
27,5,22,0,Johnston,2021-11-14
87,26,61,0,Johnston,2021-11-15
56,12,44,0,Johnston,2021-11-16
56,8,48,0,Johnston,2021-11-17
25,7,18,0,Johnston,2021-11-20
20,5,15,0,Johnston,2021-11-21
38,17,21,0,Johnston,2021-11-23
6,1,5,0,Johnston,2021-11-25
37,16,21,0,Johnston,2021-11-26
36,13,23,0,Johnston,2021-11-27
84,17,67,0,Johnston,2021-11-29
86,18,68,0,Johnston,2021-11-30
65,25,40,0,Johnston,2021-12-01
78,16,62,0,Johnston,2021-12-02
37,9,28,0,Johnston,2021-12-04
26,10,16,0,Johnston,2021-12-05
77,23,54,0,Johnston,2021-12-06
84,27,57,0,Johnston,2021-12-09
84,22,62,0,Johnston,2021-12-10
65,19,46,0,Johnston,2021-12-11
51,11,40,0,Johnston,2021-12-12
133,41,92,0,Johnston,2021-12-13
121,31,90,0,Johnston,2021-12-14
107,23,84,0,Johnston,2021-12-16
112,17,95,0,Johnston,2021-12-17
56,13,43,0,Johnston,2021-12-19
140,21,119,0,Johnston,2021-12-21
180,24,156,0,Johnston,2021-12-23
83,16,67,0,Johnston,2021-12-24
121,24,97,0,Johnston,2021-12-26
400,49,351,0,Johnston,2021-12-27
295,35,260,0,Johnston,2021-12-31
172,19,153,0,Johnston,2022-01-01
871,81,790,0,Johnston,2022-01-05
694,97,597,0,Johnston,2022-01-07
1030,122,908,0,Johnston,2022-01-10
759,115,644,0,Johnston,2022-01-13
757,116,641,0,Johnston,2022-01-20
364,81,283,0,Johnston,2022-01-31
278,68,210,0,Johnston,2022-02-01
73,25,48,0,Johnston,2022-02-06
97,24,73,0,Johnston,2022-02-14
51,7,44,0,Johnston,2022-02-17
59,9,50,0,Johnston,2022-02-18
13,4,9,0,Johnston,2022-02-20
78,32,46,0,Johnston,2022-02-21
39,15,24,0,Johnston,2022-02-24
31,7,24,0,Johnston,2022-02-25
27,11,16,0,Johnston,2022-02-28
18,4,14,0,Johnston,2022-03-02
5,1,4,0,Johnston,2022-03-05
11,2,9,0,Johnston,2022-03-06
9,2,7,0,Johnston,2022-03-08
12,4,8,0,Johnston,2022-03-09
8,4,4,0,Johnston,2022-03-11
7,1,6,0,Johnston,2022-03-12
7,1,6,0,Johnston,2022-03-13
14,1,13,0,Johnston,2022-03-14
6,2,4,0,Johnston,2022-03-16
10,2,8,0,Johnston,2022-03-17
9,1,8,0,Johnston,2022-03-18
10,2,8,0,Johnston,2022-03-19
3,1,2,0,Johnston,2022-03-20
14,3,11,0,Johnston,2022-03-21
9,3,6,0,Johnston,2022-03-22
8,2,6,0,Johnston,2022-03-23
7,1,6,0,Johnston,2022-03-25
6,2,4,0,Johnston,2022-03-26
18,3,15,0,Johnston,2022-03-28
7,2,5,0,Johnston,2022-03-29
6,1,5,0,Johnston,2022-03-30
11,2,9,0,Johnston,2022-03-31
5,1,4,0,Johnston,2022-04-01
5,0,5,0,Johnston,2022-04-02
1,0,1,0,Johnston,2022-04-03
11,1,10,0,Johnston,2022-04-04
10,3,7,0,Johnston,2022-04-05
12,3,9,0,Johnston,2022-04-06
8,1,7,0,Johnston,2022-04-07
5,3,2,0,Johnston,2022-04-08
9,2,7,0,Johnston,2022-04-09
3,1,2,0,Jones,2021-10-13
3,0,3,0,Jones,2021-10-14
3,1,2,0,Jones,2021-10-15
0,0,0,0,Jones,2021-10-16
3,2,1,0,Jones,2021-10-17
5,4,1,0,Jones,2021-10-19
5,3,2,0,Jones,2021-10-20
3,2,1,0,Jones,2021-10-21
3,0,3,0,Jones,2021-10-22
2,2,0,0,Jones,2021-10-23
0,0,0,0,Jones,2021-10-24
6,1,5,0,Jones,2021-10-25
4,1,3,0,Jones,2021-10-27
4,1,3,0,Jones,2021-10-28
3,1,2,0,Jones,2021-10-29
0,0,0,0,Jones,2021-10-30
5,0,5,0,Jones,2021-10-31
2,1,1,0,Jones,2021-11-01
3,1,2,0,Jones,2021-11-02
1,1,0,0,Jones,2021-11-03
0,0,0,0,Jones,2021-11-04
0,0,0,0,Jones,2021-11-05
0,0,0,0,Jones,2021-11-06
0,0,0,0,Jones,2021-11-07
0,0,0,0,Jones,2021-11-08
1,1,0,0,Jones,2021-11-09
1,0,1,0,Jones,2021-11-10
0,0,0,0,Jones,2021-11-11
0,0,0,0,Jones,2021-11-12
0,0,0,0,Jones,2021-11-13
0,0,0,0,Jones,2021-11-14
3,0,3,0,Jones,2021-11-15
0,0,0,0,Jones,2021-11-17
0,0,0,0,Jones,2021-11-18
1,0,1,0,Jones,2021-11-19
0,0,0,0,Jones,2021-11-20
0,0,0,0,Jones,2021-11-21
0,0,0,0,Jones,2021-11-22
0,0,0,0,Jones,2021-11-23
0,0,0,0,Jones,2021-11-24
1,1,0,0,Jones,2021-11-25
0,0,0,0,Jones,2021-11-26
0,0,0,0,Jones,2021-11-27
1,0,1,0,Jones,2021-11-28
0,0,0,0,Jones,2021-11-30
2,0,2,0,Jones,2021-12-01
1,0,1,0,Jones,2021-12-02
1,1,0,0,Jones,2021-12-03
0,0,0,0,Jones,2021-12-04
0,0,0,0,Jones,2021-12-05
2,0,2,0,Jones,2021-12-06
2,1,1,0,Jones,2021-12-07
0,0,0,0,Jones,2021-12-08
4,1,3,0,Jones,2021-12-09
0,0,0,0,Jones,2021-12-10
1,0,1,0,Jones,2021-12-11
1,0,1,0,Jones,2021-12-12
0,0,0,0,Jones,2021-12-14
2,1,1,0,Jones,2021-12-15
2,1,1,0,Jones,2021-12-16
4,1,3,0,Jones,2021-12-17
1,0,1,0,Jones,2021-12-18
1,0,1,0,Jones,2021-12-19
0,0,0,0,Jones,2021-12-20
5,2,3,0,Jones,2021-12-21
2,1,1,0,Jones,2021-12-22
3,1,2,0,Jones,2021-12-23
2,2,0,0,Jones,2021-12-24
1,0,1,0,Jones,2021-12-25
5,0,5,0,Jones,2021-12-26
9,1,8,0,Jones,2021-12-27
10,1,9,0,Jones,2021-12-28
15,4,11,0,Jones,2021-12-29
15,3,12,0,Jones,2021-12-30
6,2,4,0,Jones,2021-12-31
5,2,3,0,Jones,2022-01-01
2,1,1,0,Jones,2022-01-02
25,9,16,0,Jones,2022-01-03
11,3,8,0,Jones,2022-01-04
23,12,11,0,Jones,2022-01-05
24,10,14,0,Jones,2022-01-07
6,5,1,0,Jones,2022-01-09
44,19,25,0,Jones,2022-01-10
37,16,21,0,Jones,2022-01-11
24,7,17,0,Jones,2022-01-12
30,11,19,0,Jones,2022-01-13
26,10,16,0,Jones,2022-01-14
7,1,6,0,Jones,2022-01-16
30,16,14,0,Jones,2022-01-17
47,12,35,0,Jones,2022-01-18
24,11,13,0,Jones,2022-01-20
3,1,2,0,Jones,2022-01-21
1,0,1,0,Jones,2022-01-22
5,1,4,0,Jones,2022-01-23
42,18,24,0,Jones,2022-01-24
50,31,19,0,Jones,2022-01-25
21,15,6,0,Jones,2022-01-26
20,4,16,0,Jones,2022-01-27
12,2,10,0,Jones,2022-01-28
3,1,2,0,Jones,2022-01-29
1,0,1,0,Jones,2022-01-30
21,11,10,0,Jones,2022-01-31
21,9,12,0,Jones,2022-02-01
2,1,1,0,Jones,2022-02-02
9,2,7,0,Jones,2022-02-03
6,2,4,0,Jones,2022-02-04
5,2,3,0,Jones,2022-02-05
1,0,1,0,Jones,2022-02-06
10,3,7,0,Jones,2022-02-07
1,1,0,0,Jones,2022-02-08
3,1,2,0,Jones,2022-02-09
5,2,3,0,Jones,2022-02-10
4,0,4,0,Jones,2022-02-11
0,0,0,0,Jones,2022-02-12
0,0,0,0,Jones,2022-02-13
7,1,6,0,Jones,2022-02-14
2,1,1,0,Jones,2022-02-15
2,1,1,0,Jones,2022-02-16
3,1,2,0,Jones,2022-02-17
3,2,1,0,Jones,2022-02-18
2,2,0,0,Jones,2022-02-19
1,0,1,0,Jones,2022-02-20
7,4,3,0,Jones,2022-02-21
3,0,3,0,Jones,2022-02-22
1,0,1,0,Jones,2022-02-23
1,0,1,0,Jones,2022-02-24
0,0,0,0,Jones,2022-02-25
0,0,0,0,Jones,2022-02-26
1,0,1,0,Jones,2022-02-27
1,0,1,0,Jones,2022-02-28
1,1,0,0,Jones,2022-03-01
0,0,0,0,Jones,2022-03-02
0,0,0,0,Jones,2022-03-03
1,0,1,0,Jones,2022-03-04
0,0,0,0,Jones,2022-03-05
0,0,0,0,Jones,2022-03-06
0,0,0,0,Jones,2022-03-07
1,1,0,0,Jones,2022-03-08
0,0,0,0,Jones,2022-03-09
0,0,0,0,Jones,2022-03-10
0,0,0,0,Jones,2022-03-11
0,0,0,0,Jones,2022-03-12
0,0,0,0,Jones,2022-03-13
0,0,0,0,Jones,2022-03-14
0,0,0,0,Jones,2022-03-15
0,0,0,0,Jones,2022-03-16
1,0,1,0,Jones,2022-03-17
0,0,0,0,Jones,2022-03-18
0,0,0,0,Jones,2022-03-19
0,0,0,0,Jones,2022-03-20
0,0,0,0,Jones,2022-03-21
0,0,0,0,Jones,2022-03-22
0,0,0,0,Jones,2022-03-23
0,0,0,0,Jones,2022-03-24
0,0,0,0,Jones,2022-03-25
0,0,0,0,Jones,2022-03-26
0,0,0,0,Jones,2022-03-27
0,0,0,0,Jones,2022-03-28
0,0,0,0,Jones,2022-03-29
0,0,0,0,Jones,2022-03-30
0,0,0,0,Jones,2022-03-31
0,0,0,0,Jones,2022-04-01
0,0,0,0,Jones,2022-04-02
1,0,1,0,Jones,2022-04-03
0,0,0,0,Jones,2022-04-04
0,0,0,0,Jones,2022-04-05
0,0,0,0,Jones,2022-04-06
0,0,0,0,Jones,2022-04-07
0,0,0,0,Jones,2022-04-08
0,0,0,0,Jones,2022-04-09
16,2,14,0,Lee,2021-10-12
20,2,18,0,Lee,2021-10-14
3,0,3,0,Lee,2021-10-15
8,0,8,0,Lee,2021-10-17
7,0,7,0,Lee,2021-10-20
20,0,20,0,Lee,2021-10-21
6,0,6,0,Lee,2021-10-22
3,0,3,0,Lee,2021-10-23
2,0,2,0,Lee,2021-10-24
7,3,4,0,Lee,2021-10-26
9,2,7,0,Lee,2021-10-27
10,2,8,0,Lee,2021-10-28
4,1,3,0,Lee,2021-10-29
3,0,3,0,Lee,2021-10-30
9,2,7,0,Lee,2021-10-31
14,7,7,0,Lee,2021-11-01
9,0,9,0,Lee,2021-11-02
9,2,7,0,Lee,2021-11-03
10,0,10,0,Lee,2021-11-04
5,1,4,0,Lee,2021-11-05
3,0,3,0,Lee,2021-11-06
3,0,3,0,Lee,2021-11-07
10,1,9,0,Lee,2021-11-08
7,0,7,0,Lee,2021-11-09
8,1,7,0,Lee,2021-11-10
8,0,8,0,Lee,2021-11-11
5,2,3,0,Lee,2021-11-12
2,0,2,0,Lee,2021-11-13
5,0,5,0,Lee,2021-11-14
9,2,7,0,Lee,2021-11-15
3,1,2,0,Lee,2021-11-16
9,2,7,0,Lee,2021-11-17
6,0,6,0,Lee,2021-11-18
8,0,8,0,Lee,2021-11-19
3,0,3,0,Lee,2021-11-20
2,1,1,0,Lee,2021-11-21
7,0,7,0,Lee,2021-11-22
4,1,3,0,Lee,2021-11-23
0,0,0,0,Lee,2021-11-25
2,0,2,0,Lee,2021-11-26
9,1,8,0,Lee,2021-11-28
22,3,19,0,Lee,2021-11-29
10,1,9,0,Lee,2021-12-04
4,1,3,0,Lee,2021-12-05
33,2,31,0,Lee,2021-12-06
12,3,9,0,Lee,2021-12-07
27,1,26,0,Lee,2021-12-09
14,1,13,0,Lee,2021-12-10
8,0,8,0,Lee,2021-12-12
20,1,19,0,Lee,2021-12-13
28,1,27,0,Lee,2021-12-16
23,5,18,0,Lee,2021-12-17
15,2,13,0,Lee,2021-12-18
10,1,9,0,Lee,2021-12-19
24,1,23,0,Lee,2021-12-20
26,2,24,0,Lee,2021-12-22
32,6,26,0,Lee,2021-12-23
47,4,43,0,Lee,2021-12-26
85,16,69,0,Lee,2021-12-27
120,24,96,0,Lee,2021-12-29
149,19,130,0,Lee,2021-12-30
75,9,66,0,Lee,2021-12-31
43,4,39,0,Lee,2022-01-01
75,9,66,0,Lee,2022-01-02
178,21,157,0,Lee,2022-01-03
210,30,180,0,Lee,2022-01-05
160,12,148,0,Lee,2022-01-07
68,16,52,0,Lee,2022-01-09
276,24,252,0,Lee,2022-01-11
285,49,236,0,Lee,2022-01-13
157,20,137,0,Lee,2022-01-15
25,6,19,0,Lee,2022-01-16
240,52,188,0,Lee,2022-01-18
302,39,263,0,Lee,2022-01-19
211,72,139,0,Lee,2022-01-20
80,13,67,0,Lee,2022-01-21
50,17,33,0,Lee,2022-01-23
179,42,137,0,Lee,2022-01-24
126,36,90,0,Lee,2022-01-25
137,23,114,0,Lee,2022-01-26
79,11,68,0,Lee,2022-01-27
25,7,18,0,Lee,2022-01-29
28,4,24,0,Lee,2022-01-30
80,6,74,0,Lee,2022-01-31
53,10,43,0,Lee,2022-02-01
71,8,63,0,Lee,2022-02-02
38,4,34,0,Lee,2022-02-03
41,3,38,0,Lee,2022-02-04
26,3,23,0,Lee,2022-02-06
36,10,26,0,Lee,2022-02-07
21,2,19,0,Lee,2022-02-10
22,2,20,0,Lee,2022-02-11
7,1,6,0,Lee,2022-02-12
18,5,13,0,Lee,2022-02-15
16,2,14,0,Lee,2022-02-17
9,2,7,0,Lee,2022-02-18
6,2,4,0,Lee,2022-02-19
8,2,6,0,Lee,2022-02-20
13,1,12,0,Lee,2022-02-21
7,1,6,0,Lee,2022-02-22
7,0,7,0,Lee,2022-02-23
8,0,8,0,Lee,2022-02-24
4,0,4,0,Lee,2022-02-25
0,0,0,0,Lee,2022-02-27
4,1,3,0,Lee,2022-02-28
5,2,3,0,Lee,2022-03-01
10,1,9,0,Lee,2022-03-02
5,1,4,0,Lee,2022-03-03
6,1,5,0,Lee,2022-03-04
1,0,1,0,Lee,2022-03-05
5,4,1,0,Lee,2022-03-07
3,0,3,0,Lee,2022-03-09
1,1,0,0,Lee,2022-03-11
1,1,0,0,Lee,2022-03-13
9,2,7,0,Lee,2022-03-14
1,1,0,0,Lee,2022-03-15
5,3,2,0,Lee,2022-03-16
1,0,1,0,Lee,2022-03-17
4,0,4,0,Lee,2022-03-18
0,0,0,0,Lee,2022-03-19
0,0,0,0,Lee,2022-03-20
4,1,3,0,Lee,2022-03-21
0,0,0,0,Lee,2022-03-22
2,0,2,0,Lee,2022-03-24
4,0,4,0,Lee,2022-03-25
0,0,0,0,Lee,2022-03-26
0,0,0,0,Lee,2022-03-27
2,1,1,0,Lee,2022-03-28
1,0,1,0,Lee,2022-03-29
5,0,5,0,Lee,2022-03-30
4,1,3,0,Lee,2022-03-31
0,0,0,0,Lee,2022-04-01
1,1,0,0,Lee,2022-04-02
2,0,2,0,Lee,2022-04-03
3,0,3,0,Lee,2022-04-04
1,0,1,0,Lee,2022-04-05
1,0,1,0,Lee,2022-04-06
3,1,2,0,Lee,2022-04-07
2,0,2,0,Lee,2022-04-08
0,0,0,0,Lee,2022-04-09
10,2,8,0,Lenoir,2021-10-13
14,1,13,0,Lenoir,2021-10-18
4,0,4,0,Lenoir,2021-10-19
9,1,8,0,Lenoir,2021-10-21
12,3,9,0,Lenoir,2021-10-22
2,0,2,0,Lenoir,2021-10-23
1,0,1,0,Lenoir,2021-10-24
10,3,7,0,Lenoir,2021-10-26
4,3,1,0,Lenoir,2021-10-28
7,0,7,0,Lenoir,2021-10-29
2,1,1,0,Lenoir,2021-10-31
5,2,3,0,Lenoir,2021-11-02
11,1,10,0,Lenoir,2021-11-03
11,5,6,0,Lenoir,2021-11-04
8,3,5,0,Lenoir,2021-11-09
7,2,5,0,Lenoir,2021-11-10
8,2,6,0,Lenoir,2021-11-11
4,1,3,0,Lenoir,2021-11-12
2,2,0,0,Lenoir,2021-11-13
16,2,14,0,Lenoir,2021-11-15
2,0,2,0,Lenoir,2021-11-16
9,4,5,0,Lenoir,2021-11-17
8,2,6,0,Lenoir,2021-11-18
10,2,8,0,Lenoir,2021-11-19
2,1,1,0,Lenoir,2021-11-20
10,4,6,0,Lenoir,2021-11-22
8,5,3,0,Lenoir,2021-11-23
5,1,4,0,Lenoir,2021-11-24
1,1,0,0,Lenoir,2021-11-25
7,4,3,0,Lenoir,2021-11-26
5,2,3,0,Lenoir,2021-11-28
24,6,18,0,Lenoir,2021-11-29
17,6,11,0,Lenoir,2021-11-30
15,4,11,0,Lenoir,2021-12-01
15,6,9,0,Lenoir,2021-12-02
15,5,10,0,Lenoir,2021-12-03
8,1,7,0,Lenoir,2021-12-04
6,2,4,0,Lenoir,2021-12-05
21,1,20,0,Lenoir,2021-12-06
23,10,13,0,Lenoir,2021-12-07
20,3,17,0,Lenoir,2021-12-08
9,1,8,0,Lenoir,2021-12-09
12,5,7,0,Lenoir,2021-12-10
5,1,4,0,Lenoir,2021-12-11
7,2,5,0,Lenoir,2021-12-12
32,11,21,0,Lenoir,2021-12-13
16,1,15,0,Lenoir,2021-12-14
13,1,12,0,Lenoir,2021-12-15
13,2,11,0,Lenoir,2021-12-16
15,5,10,0,Lenoir,2021-12-17
10,1,9,0,Lenoir,2021-12-18
14,5,9,0,Lenoir,2021-12-19
24,3,21,0,Lenoir,2021-12-20
35,4,31,0,Lenoir,2021-12-21
26,4,22,0,Lenoir,2021-12-23
11,1,10,0,Lenoir,2021-12-24
12,2,10,0,Lenoir,2021-12-25
20,2,18,0,Lenoir,2021-12-26
74,11,63,0,Lenoir,2021-12-27
111,15,96,0,Lenoir,2021-12-29
131,18,113,0,Lenoir,2021-12-30
84,15,69,0,Lenoir,2021-12-31
52,14,38,0,Lenoir,2022-01-02
196,47,149,0,Lenoir,2022-01-04
165,53,112,0,Lenoir,2022-01-05
157,28,129,0,Lenoir,2022-01-07
45,17,28,0,Lenoir,2022-01-08
317,80,237,0,Lenoir,2022-01-10
255,37,218,0,Lenoir,2022-01-11
263,47,216,0,Lenoir,2022-01-12
229,51,178,0,Lenoir,2022-01-14
72,21,51,0,Lenoir,2022-01-15
43,16,27,0,Lenoir,2022-01-16
155,58,97,0,Lenoir,2022-01-17
339,74,265,0,Lenoir,2022-01-19
38,8,30,0,Lenoir,2022-01-21
12,5,7,0,Lenoir,2022-01-22
44,15,29,0,Lenoir,2022-01-23
53,10,43,0,Lenoir,2022-02-02
50,14,36,0,Lenoir,2022-02-03
31,10,21,0,Lenoir,2022-02-04
17,3,14,0,Lenoir,2022-02-05
10,1,9,0,Lenoir,2022-02-06
51,13,38,0,Lenoir,2022-02-07
27,9,18,0,Lenoir,2022-02-10
22,4,18,0,Lenoir,2022-02-11
6,4,2,0,Lenoir,2022-02-12
3,0,3,0,Lenoir,2022-02-13
19,2,17,0,Lenoir,2022-02-14
14,2,12,0,Lenoir,2022-02-16
12,0,12,0,Lenoir,2022-02-18
4,0,4,0,Lenoir,2022-02-19
4,0,4,0,Lenoir,2022-02-20
13,1,12,0,Lenoir,2022-02-21
7,1,6,0,Lenoir,2022-02-22
2,0,2,0,Lenoir,2022-02-23
11,0,11,0,Lenoir,2022-02-24
1,0,1,0,Lenoir,2022-02-26
4,1,3,0,Lenoir,2022-02-27
7,1,6,0,Lenoir,2022-03-02
3,0,3,0,Lenoir,2022-03-03
1,0,1,0,Lenoir,2022-03-04
1,0,1,0,Lenoir,2022-03-06
8,1,7,0,Lenoir,2022-03-07
2,0,2,0,Lenoir,2022-03-08
3,2,1,0,Lenoir,2022-03-09
3,1,2,0,Lenoir,2022-03-10
4,0,4,0,Lenoir,2022-03-11
0,0,0,0,Lenoir,2022-03-12
1,0,1,0,Lenoir,2022-03-13
2,0,2,0,Lenoir,2022-03-14
0,0,0,0,Lenoir,2022-03-15
0,0,0,0,Lenoir,2022-03-16
2,0,2,0,Lenoir,2022-03-17
1,0,1,0,Lenoir,2022-03-18
0,0,0,0,Lenoir,2022-03-19
0,0,0,0,Lenoir,2022-03-20
1,0,1,0,Lenoir,2022-03-21
2,1,1,0,Lenoir,2022-03-22
2,0,2,0,Lenoir,2022-03-23
1,0,1,0,Lenoir,2022-03-24
0,0,0,0,Lenoir,2022-03-25
0,0,0,0,Lenoir,2022-03-26
2,0,2,0,Lenoir,2022-03-27
2,1,1,0,Lenoir,2022-03-28
2,2,0,0,Lenoir,2022-03-29
1,0,1,0,Lenoir,2022-03-30
2,0,2,0,Lenoir,2022-03-31
0,0,0,0,Lenoir,2022-04-01
0,0,0,0,Lenoir,2022-04-02
1,0,1,0,Lenoir,2022-04-03
1,1,0,0,Lenoir,2022-04-04
3,1,2,0,Lenoir,2022-04-05
1,0,1,0,Lenoir,2022-04-06
0,0,0,0,Lenoir,2022-04-07
1,0,1,0,Lenoir,2022-04-08
1,0,1,0,Lenoir,2022-04-09
29,7,22,0,Lincoln,2021-10-15
28,7,21,0,Lincoln,2021-10-19
32,6,26,0,Lincoln,2021-10-21
7,0,7,0,Lincoln,2021-10-24
17,7,10,0,Lincoln,2021-10-25
23,5,18,0,Lincoln,2021-10-27
25,7,18,0,Lincoln,2021-10-28
24,7,17,0,Lincoln,2021-10-29
11,2,9,0,Lincoln,2021-10-31
21,8,13,0,Lincoln,2021-11-01
23,1,22,0,Lincoln,2021-11-06
29,14,15,0,Lincoln,2021-11-08
39,12,27,0,Lincoln,2021-11-09
17,3,14,0,Lincoln,2021-11-12
13,2,11,0,Lincoln,2021-11-14
32,11,21,0,Lincoln,2021-11-15
39,7,32,0,Lincoln,2021-11-16
30,10,20,0,Lincoln,2021-11-17
40,8,32,0,Lincoln,2021-11-18
24,5,19,0,Lincoln,2021-11-19
11,4,7,0,Lincoln,2021-11-20
46,11,35,0,Lincoln,2021-11-23
26,3,23,0,Lincoln,2021-11-24
11,2,9,0,Lincoln,2021-11-25
34,12,22,0,Lincoln,2021-11-26
57,19,38,0,Lincoln,2021-11-29
46,11,35,0,Lincoln,2021-11-30
38,9,29,0,Lincoln,2021-12-01
23,5,18,0,Lincoln,2021-12-04
52,21,31,0,Lincoln,2021-12-07
55,20,35,0,Lincoln,2021-12-08
40,8,32,0,Lincoln,2021-12-10
21,6,15,0,Lincoln,2021-12-11
20,3,17,0,Lincoln,2021-12-12
47,11,36,0,Lincoln,2021-12-14
29,9,20,0,Lincoln,2021-12-15
56,20,36,0,Lincoln,2021-12-16
49,6,43,0,Lincoln,2021-12-17
18,4,14,0,Lincoln,2021-12-19
58,18,40,0,Lincoln,2021-12-20
64,17,47,0,Lincoln,2021-12-21
64,9,55,0,Lincoln,2021-12-22
33,10,23,0,Lincoln,2021-12-24
7,2,5,0,Lincoln,2021-12-25
45,5,40,0,Lincoln,2021-12-26
203,46,157,0,Lincoln,2021-12-28
173,48,125,0,Lincoln,2021-12-29
202,58,144,0,Lincoln,2021-12-30
75,28,47,0,Lincoln,2021-12-31
32,9,23,0,Lincoln,2022-01-01
162,56,106,0,Lincoln,2022-01-03
252,44,208,0,Lincoln,2022-01-05
168,55,113,0,Lincoln,2022-01-07
66,17,49,0,Lincoln,2022-01-09
212,86,126,0,Lincoln,2022-01-10
312,90,222,0,Lincoln,2022-01-14
15,4,11,0,Lincoln,2022-01-16
89,28,61,0,Lincoln,2022-01-17
93,22,71,0,Lincoln,2022-01-22
204,76,128,0,Lincoln,2022-01-24
227,77,150,0,Lincoln,2022-01-25
180,63,117,0,Lincoln,2022-01-26
108,41,67,0,Lincoln,2022-01-28
163,69,94,0,Lincoln,2022-01-31
96,26,70,0,Lincoln,2022-02-02
85,27,58,0,Lincoln,2022-02-03
42,7,35,0,Lincoln,2022-02-05
60,21,39,0,Lincoln,2022-02-08
67,19,48,0,Lincoln,2022-02-09
19,5,14,0,Lincoln,2022-02-13
48,15,33,0,Lincoln,2022-02-14
44,14,30,0,Lincoln,2022-02-15
37,9,28,0,Lincoln,2022-02-16
29,10,19,0,Lincoln,2022-02-17
20,5,15,0,Lincoln,2022-02-18
14,3,11,0,Lincoln,2022-02-19
23,4,19,0,Lincoln,2022-02-21
5,2,3,0,Lincoln,2022-02-23
14,9,5,0,Lincoln,2022-02-24
16,1,15,0,Lincoln,2022-02-25
3,2,1,0,Lincoln,2022-02-26
4,2,2,0,Lincoln,2022-02-27
11,1,10,0,Lincoln,2022-02-28
9,2,7,0,Lincoln,2022-03-01
5,2,3,0,Lincoln,2022-03-04
4,1,3,0,Lincoln,2022-03-05
1,1,0,0,Lincoln,2022-03-06
8,3,5,0,Lincoln,2022-03-07
4,0,4,0,Lincoln,2022-03-08
3,0,3,0,Lincoln,2022-03-09
0,0,0,0,Lincoln,2022-03-10
4,1,3,0,Lincoln,2022-03-11
4,0,4,0,Lincoln,2022-03-12
1,0,1,0,Lincoln,2022-03-13
6,2,4,0,Lincoln,2022-03-14
9,0,9,0,Lincoln,2022-03-15
1,0,1,0,Lincoln,2022-03-16
3,0,3,0,Lincoln,2022-03-17
2,0,2,0,Lincoln,2022-03-18
2,1,1,0,Lincoln,2022-03-19
1,1,0,0,Lincoln,2022-03-20
1,0,1,0,Lincoln,2022-03-21
0,0,0,0,Lincoln,2022-03-22
4,1,3,0,Lincoln,2022-03-23
2,0,2,0,Lincoln,2022-03-24
0,0,0,0,Lincoln,2022-03-25
0,0,0,0,Lincoln,2022-03-26
1,0,1,0,Lincoln,2022-03-27
1,0,1,0,Lincoln,2022-03-28
3,0,3,0,Lincoln,2022-03-29
2,0,2,0,Lincoln,2022-03-30
2,0,2,0,Lincoln,2022-03-31
0,0,0,0,Lincoln,2022-04-01
4,0,4,0,Lincoln,2022-04-02
1,0,1,0,Lincoln,2022-04-03
0,0,0,0,Lincoln,2022-04-04
1,0,1,0,Lincoln,2022-04-05
2,0,2,0,Lincoln,2022-04-06
2,1,1,0,Lincoln,2022-04-07
4,0,4,0,Lincoln,2022-04-08
4,1,3,0,Lincoln,2022-04-09
11,1,10,0,Macon,2021-10-12
10,4,6,0,Macon,2021-10-14
6,1,5,0,Macon,2021-10-16
1,0,1,0,Macon,2021-10-17
11,1,10,0,Macon,2021-10-19
6,0,6,0,Macon,2021-10-21
4,2,2,0,Macon,2021-10-23
5,1,4,0,Macon,2021-10-27
10,1,9,0,Macon,2021-10-29
9,5,4,0,Macon,2021-10-30
3,2,1,0,Macon,2021-10-31
11,6,5,0,Macon,2021-11-02
3,0,3,0,Macon,2021-11-03
11,3,8,0,Macon,2021-11-05
1,1,0,0,Macon,2021-11-07
13,8,5,0,Macon,2021-11-08
11,3,8,0,Macon,2021-11-09
6,4,2,0,Macon,2021-11-10
7,5,2,0,Macon,2021-11-11
2,0,2,0,Macon,2021-11-13
2,0,2,0,Macon,2021-11-14
13,3,10,0,Macon,2021-11-15
3,1,2,0,Macon,2021-11-16
3,0,3,0,Macon,2021-11-17
5,3,2,0,Macon,2021-11-18
6,2,4,0,Macon,2021-11-19
1,0,1,0,Macon,2021-11-23
4,0,4,0,Macon,2021-11-24
0,0,0,0,Macon,2021-11-25
1,0,1,0,Macon,2021-11-26
1,0,1,0,Macon,2021-11-27
2,0,2,0,Macon,2021-11-28
9,5,4,0,Macon,2021-11-29
6,2,4,0,Macon,2021-12-01
9,3,6,0,Macon,2021-12-02
9,1,8,0,Macon,2021-12-03
8,0,8,0,Macon,2021-12-04
7,1,6,0,Macon,2021-12-05
19,8,11,0,Macon,2021-12-06
9,2,7,0,Macon,2021-12-07
10,4,6,0,Macon,2021-12-09
6,0,6,0,Macon,2021-12-10
2,0,2,0,Macon,2021-12-11
2,0,2,0,Macon,2021-12-12
11,4,7,0,Macon,2021-12-13
4,1,3,0,Macon,2021-12-15
8,2,6,0,Macon,2021-12-17
1,0,1,0,Macon,2021-12-19
7,3,4,0,Macon,2021-12-20
11,5,6,0,Macon,2021-12-21
11,1,10,0,Macon,2021-12-22
10,3,7,0,Macon,2021-12-23
9,5,4,0,Macon,2021-12-24
9,2,7,0,Macon,2021-12-26
22,6,16,0,Macon,2021-12-27
44,7,37,0,Macon,2021-12-28
46,10,36,0,Macon,2021-12-29
11,2,9,0,Macon,2021-12-31
23,3,20,0,Macon,2022-01-02
70,4,66,0,Macon,2022-01-04
64,10,54,0,Macon,2022-01-05
16,1,15,0,Macon,2022-01-08
106,29,77,0,Macon,2022-01-10
88,13,75,0,Macon,2022-01-11
86,25,61,0,Macon,2022-01-13
23,3,20,0,Macon,2022-01-15
27,5,22,0,Macon,2022-01-17
73,11,62,0,Macon,2022-01-21
27,3,24,0,Macon,2022-01-22
17,2,15,0,Macon,2022-01-23
50,3,47,0,Macon,2022-01-25
53,7,46,0,Macon,2022-01-26
34,11,23,0,Macon,2022-01-28
7,0,7,0,Macon,2022-01-29
16,2,14,0,Macon,2022-01-30
56,14,42,0,Macon,2022-01-31
30,5,25,0,Macon,2022-02-01
28,4,24,0,Macon,2022-02-02
25,7,18,0,Macon,2022-02-03
28,4,24,0,Macon,2022-02-04
10,1,9,0,Macon,2022-02-05
5,1,4,0,Macon,2022-02-06
34,7,27,0,Macon,2022-02-07
15,1,14,0,Macon,2022-02-09
16,5,11,0,Macon,2022-02-11
6,0,6,0,Macon,2022-02-12
3,0,3,0,Macon,2022-02-13
11,2,9,0,Macon,2022-02-14
11,0,11,0,Macon,2022-02-15
12,2,10,0,Macon,2022-02-16
6,1,5,0,Macon,2022-02-18
3,0,3,0,Macon,2022-02-19
2,1,1,0,Macon,2022-02-20
8,4,4,0,Macon,2022-02-21
2,1,1,0,Macon,2022-02-23
3,2,1,0,Macon,2022-02-25
2,1,1,0,Macon,2022-02-26
2,0,2,0,Macon,2022-02-28
2,0,2,0,Macon,2022-03-01
4,2,2,0,Macon,2022-03-03
2,0,2,0,Macon,2022-03-04
0,0,0,0,Macon,2022-03-05
0,0,0,0,Macon,2022-03-06
3,1,2,0,Macon,2022-03-08
1,0,1,0,Macon,2022-03-09
2,1,1,0,Macon,2022-03-10
2,0,2,0,Macon,2022-03-11
0,0,0,0,Macon,2022-03-12
0,0,0,0,Macon,2022-03-13
2,0,2,0,Macon,2022-03-14
2,0,2,0,Macon,2022-03-15
1,0,1,0,Macon,2022-03-16
2,0,2,0,Macon,2022-03-17
2,1,1,0,Macon,2022-03-18
0,0,0,0,Macon,2022-03-20
0,0,0,0,Macon,2022-03-22
0,0,0,0,Macon,2022-03-23
1,0,1,0,Macon,2022-03-24
0,0,0,0,Macon,2022-03-25
0,0,0,0,Macon,2022-03-26
0,0,0,0,Macon,2022-03-27
0,0,0,0,Macon,2022-03-28
3,1,2,0,Macon,2022-03-29
0,0,0,0,Macon,2022-03-30
0,0,0,0,Macon,2022-03-31
0,0,0,0,Macon,2022-04-01
1,0,1,0,Macon,2022-04-02
4,0,4,0,Macon,2022-04-03
1,1,0,0,Macon,2022-04-04
1,0,1,0,Macon,2022-04-05
1,0,1,0,Macon,2022-04-06
1,0,1,0,Macon,2022-04-07
1,0,1,0,Macon,2022-04-08
0,0,0,0,Macon,2022-04-09
9,0,9,0,Madison,2021-10-12
5,2,3,0,Madison,2021-10-13
6,0,6,0,Madison,2021-10-15
1,0,1,0,Madison,2021-10-16
4,2,2,0,Madison,2021-10-17
4,1,3,0,Madison,2021-10-19
7,2,5,0,Madison,2021-10-20
4,0,4,0,Madison,2021-10-21
5,2,3,0,Madison,2021-10-22
1,0,1,0,Madison,2021-10-23
4,1,3,0,Madison,2021-10-24
5,1,4,0,Madison,2021-10-26
4,1,3,0,Madison,2021-10-27
2,0,2,0,Madison,2021-10-28
4,1,3,0,Madison,2021-10-29
2,0,2,0,Madison,2021-10-30
1,0,1,0,Madison,2021-10-31
8,2,6,0,Madison,2021-11-01
7,0,7,0,Madison,2021-11-02
2,0,2,0,Madison,2021-11-03
2,0,2,0,Madison,2021-11-04
4,0,4,0,Madison,2021-11-05
3,0,3,0,Madison,2021-11-06
3,0,3,0,Madison,2021-11-07
7,2,5,0,Madison,2021-11-08
4,0,4,0,Madison,2021-11-11
7,0,7,0,Madison,2021-11-12
4,1,3,0,Madison,2021-11-13
10,0,10,0,Madison,2021-11-15
4,0,4,0,Madison,2021-11-17
9,3,6,0,Madison,2021-11-19
2,0,2,0,Madison,2021-11-20
2,1,1,0,Madison,2021-11-21
6,0,6,0,Madison,2021-11-23
8,0,8,0,Madison,2021-11-24
0,0,0,0,Madison,2021-11-25
5,0,5,0,Madison,2021-11-26
6,2,4,0,Madison,2021-11-27
2,0,2,0,Madison,2021-11-28
12,2,10,0,Madison,2021-11-29
6,2,4,0,Madison,2021-11-30
7,0,7,0,Madison,2021-12-01
6,1,5,0,Madison,2021-12-02
7,0,7,0,Madison,2021-12-04
3,2,1,0,Madison,2021-12-05
12,4,8,0,Madison,2021-12-06
3,0,3,0,Madison,2021-12-07
12,8,4,0,Madison,2021-12-09
8,1,7,0,Madison,2021-12-10
5,0,5,0,Madison,2021-12-11
1,0,1,0,Madison,2021-12-12
22,5,17,0,Madison,2021-12-13
6,3,3,0,Madison,2021-12-14
16,3,13,0,Madison,2021-12-15
11,4,7,0,Madison,2021-12-16
6,1,5,0,Madison,2021-12-17
0,0,0,0,Madison,2021-12-19
12,1,11,0,Madison,2021-12-20
16,0,16,0,Madison,2021-12-21
7,2,5,0,Madison,2021-12-22
2,0,2,0,Madison,2021-12-24
0,0,0,0,Madison,2021-12-25
8,2,6,0,Madison,2021-12-26
20,4,16,0,Madison,2021-12-27
35,2,33,0,Madison,2021-12-28
24,2,22,0,Madison,2021-12-29
22,0,22,0,Madison,2021-12-30
14,2,12,0,Madison,2022-01-01
12,1,11,0,Madison,2022-01-02
35,3,32,0,Madison,2022-01-03
50,5,45,0,Madison,2022-01-04
81,7,74,0,Madison,2022-01-05
30,2,28,0,Madison,2022-01-07
94,12,82,0,Madison,2022-01-10
62,9,53,0,Madison,2022-01-11
83,10,73,0,Madison,2022-01-12
56,3,53,0,Madison,2022-01-13
34,2,32,0,Madison,2022-01-15
4,1,3,0,Madison,2022-01-16
20,1,19,0,Madison,2022-01-17
84,6,78,0,Madison,2022-01-19
52,10,42,0,Madison,2022-01-20
43,5,38,0,Madison,2022-01-21
33,2,31,0,Madison,2022-01-22
10,5,5,0,Madison,2022-01-23
74,19,55,0,Madison,2022-01-24
63,8,55,0,Madison,2022-01-25
38,7,31,0,Madison,2022-01-26
44,4,40,0,Madison,2022-01-28
5,2,3,0,Madison,2022-01-29
12,1,11,0,Madison,2022-01-30
46,7,39,0,Madison,2022-01-31
36,11,25,0,Madison,2022-02-02
37,8,29,0,Madison,2022-02-03
17,6,11,0,Madison,2022-02-04
7,1,6,0,Madison,2022-02-05
53,13,40,0,Madison,2022-02-07
29,5,24,0,Madison,2022-02-09
27,7,20,0,Madison,2022-02-10
9,2,7,0,Madison,2022-02-12
7,3,4,0,Madison,2022-02-13
31,6,25,0,Madison,2022-02-14
9,1,8,0,Madison,2022-02-15
25,5,20,0,Madison,2022-02-16
19,3,16,0,Madison,2022-02-17
11,2,9,0,Madison,2022-02-18
2,1,1,0,Madison,2022-02-19
4,4,0,0,Madison,2022-02-20
19,6,13,0,Madison,2022-02-21
4,3,1,0,Madison,2022-02-22
5,0,5,0,Madison,2022-02-23
6,2,4,0,Madison,2022-02-24
7,4,3,0,Madison,2022-02-25
3,0,3,0,Madison,2022-02-27
6,4,2,0,Madison,2022-02-28
6,0,6,0,Madison,2022-03-01
5,2,3,0,Madison,2022-03-02
3,1,2,0,Madison,2022-03-03
4,1,3,0,Madison,2022-03-04
0,0,0,0,Madison,2022-03-05
1,1,0,0,Madison,2022-03-06
3,0,3,0,Madison,2022-03-07
4,2,2,0,Madison,2022-03-08
1,1,0,0,Madison,2022-03-09
2,0,2,0,Madison,2022-03-10
1,0,1,0,Madison,2022-03-11
0,0,0,0,Madison,2022-03-12
1,1,0,0,Madison,2022-03-13
4,0,4,0,Madison,2022-03-14
2,0,2,0,Madison,2022-03-15
2,1,1,0,Madison,2022-03-16
1,0,1,0,Madison,2022-03-17
1,0,1,0,Madison,2022-03-18
0,0,0,0,Madison,2022-03-19
0,0,0,0,Madison,2022-03-20
1,0,1,0,Madison,2022-03-21
1,0,1,0,Madison,2022-03-22
0,0,0,0,Madison,2022-03-23
1,0,1,0,Madison,2022-03-24
0,0,0,0,Madison,2022-03-25
0,0,0,0,Madison,2022-03-26
0,0,0,0,Madison,2022-03-27
3,0,3,0,Madison,2022-03-28
2,0,2,0,Madison,2022-03-29
0,0,0,0,Madison,2022-03-30
3,0,3,0,Madison,2022-03-31
0,0,0,0,Madison,2022-04-01
0,0,0,0,Madison,2022-04-02
0,0,0,0,Madison,2022-04-03
0,0,0,0,Madison,2022-04-04
3,1,2,0,Madison,2022-04-05
3,1,2,0,Madison,2022-04-06
2,2,0,0,Madison,2022-04-07
1,0,1,0,Madison,2022-04-08
0,0,0,0,Madison,2022-04-09
7,0,7,0,Martin,2021-10-12
5,0,5,0,Martin,2021-10-15
3,1,2,0,Martin,2021-10-19
9,0,9,0,Martin,2021-10-20
6,0,6,0,Martin,2021-10-21
3,1,2,0,Martin,2021-10-22
3,0,3,0,Martin,2021-10-23
3,0,3,0,Martin,2021-10-24
6,2,4,0,Martin,2021-10-27
4,0,4,0,Martin,2021-10-28
2,0,2,0,Martin,2021-10-29
0,0,0,0,Martin,2021-10-30
5,1,4,0,Martin,2021-11-01
1,0,1,0,Martin,2021-11-02
5,0,5,0,Martin,2021-11-03
3,0,3,0,Martin,2021-11-04
3,1,2,0,Martin,2021-11-05
0,0,0,0,Martin,2021-11-06
6,0,6,0,Martin,2021-11-07
7,1,6,0,Martin,2021-11-08
4,0,4,0,Martin,2021-11-09
8,0,8,0,Martin,2021-11-10
1,0,1,0,Martin,2021-11-11
1,0,1,0,Martin,2021-11-12
1,0,1,0,Martin,2021-11-13
1,0,1,0,Martin,2021-11-14
15,0,15,0,Martin,2021-11-15
4,0,4,0,Martin,2021-11-16
0,0,0,0,Martin,2021-11-17
1,0,1,0,Martin,2021-11-19
0,0,0,0,Martin,2021-11-20
2,0,2,0,Martin,2021-11-21
3,0,3,0,Martin,2021-11-23
6,0,6,0,Martin,2021-11-24
2,0,2,0,Martin,2021-11-25
3,0,3,0,Martin,2021-11-26
5,0,5,0,Martin,2021-11-27
2,0,2,0,Martin,2021-11-28
15,2,13,0,Martin,2021-11-29
5,0,5,0,Martin,2021-11-30
1,0,1,0,Martin,2021-12-01
4,0,4,0,Martin,2021-12-02
6,1,5,0,Martin,2021-12-03
3,0,3,0,Martin,2021-12-04
1,0,1,0,Martin,2021-12-05
8,0,8,0,Martin,2021-12-06
7,1,6,0,Martin,2021-12-07
6,0,6,0,Martin,2021-12-08
1,1,0,0,Martin,2021-12-09
3,0,3,0,Martin,2021-12-10
3,0,3,0,Martin,2021-12-11
1,0,1,0,Martin,2021-12-12
7,1,6,0,Martin,2021-12-13
3,1,2,0,Martin,2021-12-14
2,1,1,0,Martin,2021-12-15
5,0,5,0,Martin,2021-12-16
3,0,3,0,Martin,2021-12-17
1,1,0,0,Martin,2021-12-18
3,0,3,0,Martin,2021-12-19
11,3,8,0,Martin,2021-12-20
5,2,3,0,Martin,2021-12-21
10,0,10,0,Martin,2021-12-22
3,0,3,0,Martin,2021-12-23
0,0,0,0,Martin,2021-12-24
0,0,0,0,Martin,2021-12-25
2,1,1,0,Martin,2021-12-26
16,5,11,0,Martin,2021-12-27
53,5,48,0,Martin,2021-12-29
57,8,49,0,Martin,2021-12-30
16,0,16,0,Martin,2021-12-31
9,3,6,0,Martin,2022-01-01
74,5,69,0,Martin,2022-01-03
105,9,96,0,Martin,2022-01-04
78,8,70,0,Martin,2022-01-05
54,5,49,0,Martin,2022-01-07
44,9,35,0,Martin,2022-01-08
20,6,14,0,Martin,2022-01-09
112,12,100,0,Martin,2022-01-10
127,8,119,0,Martin,2022-01-11
92,5,87,0,Martin,2022-01-13
94,23,71,0,Martin,2022-01-14
95,23,72,0,Martin,2022-01-17
111,6,105,0,Martin,2022-01-19
4,0,4,0,Martin,2022-01-21
2,1,1,0,Martin,2022-01-22
16,3,13,0,Martin,2022-01-23
46,13,33,0,Martin,2022-01-25
34,2,32,0,Martin,2022-01-28
2,0,2,0,Martin,2022-01-29
3,1,2,0,Martin,2022-01-30
41,2,39,0,Martin,2022-01-31
44,3,41,0,Martin,2022-02-01
21,1,20,0,Martin,2022-02-02
12,0,12,0,Martin,2022-02-04
11,2,9,0,Martin,2022-02-05
1,0,1,0,Martin,2022-02-06
19,1,18,0,Martin,2022-02-07
14,1,13,0,Martin,2022-02-08
8,1,7,0,Martin,2022-02-09
10,1,9,0,Martin,2022-02-10
13,1,12,0,Martin,2022-02-11
9,2,7,0,Martin,2022-02-14
4,0,4,0,Martin,2022-02-15
4,1,3,0,Martin,2022-02-16
0,0,0,0,Martin,2022-02-17
4,0,4,0,Martin,2022-02-18
2,0,2,0,Martin,2022-02-19
1,0,1,0,Martin,2022-02-20
10,1,9,0,Martin,2022-02-21
3,0,3,0,Martin,2022-02-22
2,0,2,0,Martin,2022-02-23
2,0,2,0,Martin,2022-02-24
4,0,4,0,Martin,2022-03-01
1,0,1,0,Martin,2022-03-02
1,0,1,0,Martin,2022-03-03
1,0,1,0,Martin,2022-03-04
1,0,1,0,Martin,2022-03-05
0,0,0,0,Martin,2022-03-06
2,0,2,0,Martin,2022-03-07
0,0,0,0,Martin,2022-03-08
1,0,1,0,Martin,2022-03-09
1,0,1,0,Martin,2022-03-10
1,0,1,0,Martin,2022-03-11
0,0,0,0,Martin,2022-03-12
0,0,0,0,Martin,2022-03-13
0,0,0,0,Martin,2022-03-14
0,0,0,0,Martin,2022-03-15
1,0,1,0,Martin,2022-03-16
0,0,0,0,Martin,2022-03-17
0,0,0,0,Martin,2022-03-18
0,0,0,0,Martin,2022-03-19
0,0,0,0,Martin,2022-03-20
0,0,0,0,Martin,2022-03-21
0,0,0,0,Martin,2022-03-22
1,0,1,0,Martin,2022-03-23
0,0,0,0,Martin,2022-03-24
0,0,0,0,Martin,2022-03-25
0,0,0,0,Martin,2022-03-26
0,0,0,0,Martin,2022-03-27
0,0,0,0,Martin,2022-03-28
0,0,0,0,Martin,2022-03-29
0,0,0,0,Martin,2022-03-30
0,0,0,0,Martin,2022-03-31
1,0,1,0,Martin,2022-04-01
0,0,0,0,Martin,2022-04-02
0,0,0,0,Martin,2022-04-03
0,0,0,0,Martin,2022-04-04
0,0,0,0,Martin,2022-04-05
1,0,1,0,Martin,2022-04-06
1,0,1,0,Martin,2022-04-07
0,0,0,0,Martin,2022-04-08
0,0,0,0,Martin,2022-04-09
18,2,16,0,McDowell,2021-10-13
14,4,10,0,McDowell,2021-10-15
10,4,6,0,McDowell,2021-10-17
13,2,11,0,McDowell,2021-10-22
5,0,5,0,McDowell,2021-10-25
4,0,4,0,McDowell,2021-10-28
5,1,4,0,McDowell,2021-10-29
2,0,2,0,McDowell,2021-10-30
4,1,3,0,McDowell,2021-11-01
4,1,3,0,McDowell,2021-11-03
2,0,2,0,McDowell,2021-11-04
7,1,6,0,McDowell,2021-11-05
4,0,4,0,McDowell,2021-11-06
15,1,14,0,McDowell,2021-11-08
6,0,6,0,McDowell,2021-11-09
5,1,4,0,McDowell,2021-11-10
6,1,5,0,McDowell,2021-11-11
4,1,3,0,McDowell,2021-11-13
7,2,5,0,McDowell,2021-11-14
18,9,9,0,McDowell,2021-11-16
5,1,4,0,McDowell,2021-11-17
8,3,5,0,McDowell,2021-11-18
6,2,4,0,McDowell,2021-11-20
11,3,8,0,McDowell,2021-11-22
4,0,4,0,McDowell,2021-11-23
2,0,2,0,McDowell,2021-11-24
1,0,1,0,McDowell,2021-11-25
6,1,5,0,McDowell,2021-11-26
4,1,3,0,McDowell,2021-11-27
9,1,8,0,McDowell,2021-11-28
9,1,8,0,McDowell,2021-11-29
12,5,7,0,McDowell,2021-11-30
10,6,4,0,McDowell,2021-12-01
12,1,11,0,McDowell,2021-12-02
13,4,9,0,McDowell,2021-12-04
10,1,9,0,McDowell,2021-12-05
12,4,8,0,McDowell,2021-12-06
8,1,7,0,McDowell,2021-12-07
13,3,10,0,McDowell,2021-12-08
17,3,14,0,McDowell,2021-12-09
7,0,7,0,McDowell,2021-12-10
11,3,8,0,McDowell,2021-12-11
9,2,7,0,McDowell,2021-12-12
32,6,26,0,McDowell,2021-12-13
29,7,22,0,McDowell,2021-12-16
14,9,5,0,McDowell,2021-12-17
9,3,6,0,McDowell,2021-12-18
10,6,4,0,McDowell,2021-12-19
32,7,25,0,McDowell,2021-12-21
28,6,22,0,McDowell,2021-12-22
16,5,11,0,McDowell,2021-12-23
17,3,14,0,McDowell,2021-12-24
3,0,3,0,McDowell,2021-12-25
13,2,11,0,McDowell,2021-12-26
72,16,56,0,McDowell,2021-12-27
57,10,47,0,McDowell,2021-12-28
68,17,51,0,McDowell,2021-12-29
69,13,56,0,McDowell,2021-12-30
44,8,36,0,McDowell,2021-12-31
37,6,31,0,McDowell,2022-01-02
109,30,79,0,McDowell,2022-01-04
108,25,83,0,McDowell,2022-01-05
96,32,64,0,McDowell,2022-01-06
100,30,70,0,McDowell,2022-01-07
51,14,37,0,McDowell,2022-01-08
161,34,127,0,McDowell,2022-01-10
119,42,77,0,McDowell,2022-01-14
41,10,31,0,McDowell,2022-01-17
168,64,104,0,McDowell,2022-01-19
110,54,56,0,McDowell,2022-01-21
53,16,37,0,McDowell,2022-01-22
118,35,83,0,McDowell,2022-01-26
106,30,76,0,McDowell,2022-01-27
125,45,80,0,McDowell,2022-01-28
56,26,30,0,McDowell,2022-01-29
40,17,23,0,McDowell,2022-01-30
104,43,61,0,McDowell,2022-01-31
41,21,20,0,McDowell,2022-02-05
36,16,20,0,McDowell,2022-02-09
21,9,12,0,McDowell,2022-02-12
19,6,13,0,McDowell,2022-02-13
40,16,24,0,McDowell,2022-02-15
33,5,28,0,McDowell,2022-02-16
30,15,15,0,McDowell,2022-02-17
28,4,24,0,McDowell,2022-02-18
6,2,4,0,McDowell,2022-02-19
13,1,12,0,McDowell,2022-02-20
17,5,12,0,McDowell,2022-02-22
15,4,11,0,McDowell,2022-02-23
13,2,11,0,McDowell,2022-02-24
6,1,5,0,McDowell,2022-02-25
3,2,1,0,McDowell,2022-02-26
7,1,6,0,McDowell,2022-02-27
10,1,9,0,McDowell,2022-02-28
11,1,10,0,McDowell,2022-03-01
6,1,5,0,McDowell,2022-03-02
4,0,4,0,McDowell,2022-03-04
5,2,3,0,McDowell,2022-03-05
6,1,5,0,McDowell,2022-03-07
3,1,2,0,McDowell,2022-03-09
4,3,1,0,McDowell,2022-03-10
2,0,2,0,McDowell,2022-03-11
0,0,0,0,McDowell,2022-03-12
1,1,0,0,McDowell,2022-03-13
2,0,2,0,McDowell,2022-03-14
3,0,3,0,McDowell,2022-03-15
5,1,4,0,McDowell,2022-03-16
1,1,0,0,McDowell,2022-03-17
1,0,1,0,McDowell,2022-03-18
0,0,0,0,McDowell,2022-03-19
1,1,0,0,McDowell,2022-03-20
2,1,1,0,McDowell,2022-03-21
0,0,0,0,McDowell,2022-03-22
0,0,0,0,McDowell,2022-03-23
0,0,0,0,McDowell,2022-03-24
2,0,2,0,McDowell,2022-03-25
0,0,0,0,McDowell,2022-03-26
0,0,0,0,McDowell,2022-03-27
2,0,2,0,McDowell,2022-03-28
3,0,3,0,McDowell,2022-03-29
1,0,1,0,McDowell,2022-03-30
0,0,0,0,McDowell,2022-03-31
5,0,5,0,McDowell,2022-04-01
2,0,2,0,McDowell,2022-04-02
0,0,0,0,McDowell,2022-04-03
2,2,0,0,McDowell,2022-04-04
1,0,1,0,McDowell,2022-04-05
2,2,0,0,McDowell,2022-04-06
4,0,4,0,McDowell,2022-04-07
2,1,1,0,McDowell,2022-04-08
2,0,2,0,McDowell,2022-04-09
123,21,102,0,Mecklenburg,2021-10-30
157,20,137,0,Mecklenburg,2021-11-03
162,20,142,0,Mecklenburg,2021-11-04
205,39,166,0,Mecklenburg,2021-11-08
104,6,98,0,Mecklenburg,2021-11-14
211,33,178,0,Mecklenburg,2021-11-17
204,21,183,0,Mecklenburg,2021-11-19
133,22,111,0,Mecklenburg,2021-11-20
228,34,194,0,Mecklenburg,2021-11-23
365,59,306,0,Mecklenburg,2021-12-07
288,38,250,0,Mecklenburg,2021-12-10
353,74,279,0,Mecklenburg,2021-12-13
397,69,328,0,Mecklenburg,2022-02-11
237,42,195,0,Mecklenburg,2022-02-17
139,27,112,0,Mecklenburg,2022-02-19
135,29,106,0,Mecklenburg,2022-02-24
57,14,43,0,Mecklenburg,2022-02-26
66,11,55,0,Mecklenburg,2022-02-27
95,24,71,0,Mecklenburg,2022-03-02
82,15,67,0,Mecklenburg,2022-03-03
67,11,56,0,Mecklenburg,2022-03-04
47,6,41,0,Mecklenburg,2022-03-05
40,6,34,0,Mecklenburg,2022-03-06
65,12,53,0,Mecklenburg,2022-03-08
53,13,40,0,Mecklenburg,2022-03-09
52,7,45,0,Mecklenburg,2022-03-10
53,8,45,0,Mecklenburg,2022-03-11
27,8,19,0,Mecklenburg,2022-03-12
20,5,15,0,Mecklenburg,2022-03-13
52,9,43,0,Mecklenburg,2022-03-14
52,9,43,0,Mecklenburg,2022-03-15
49,10,39,0,Mecklenburg,2022-03-16
48,16,32,0,Mecklenburg,2022-03-17
36,7,29,0,Mecklenburg,2022-03-18
29,4,25,0,Mecklenburg,2022-03-19
51,9,42,0,Mecklenburg,2022-03-22
65,18,47,0,Mecklenburg,2022-03-23
46,11,35,0,Mecklenburg,2022-03-24
53,11,42,0,Mecklenburg,2022-03-25
38,8,30,0,Mecklenburg,2022-03-26
39,5,34,0,Mecklenburg,2022-03-27
47,6,41,0,Mecklenburg,2022-03-28
93,17,76,0,Mecklenburg,2022-03-29
69,14,55,0,Mecklenburg,2022-03-30
69,17,52,0,Mecklenburg,2022-03-31
61,10,51,0,Mecklenburg,2022-04-01
41,9,32,0,Mecklenburg,2022-04-02
92,24,68,0,Mecklenburg,2022-04-04
101,15,86,0,Mecklenburg,2022-04-05
107,18,89,0,Mecklenburg,2022-04-06
123,16,107,0,Mecklenburg,2022-04-07
118,20,98,0,Mecklenburg,2022-04-08
42,5,37,0,Mecklenburg,2022-04-09
9,0,9,0,Mitchell,2021-10-12
5,1,4,0,Mitchell,2021-10-13
6,3,3,0,Mitchell,2021-10-14
6,0,6,0,Mitchell,2021-10-15
4,0,4,0,Mitchell,2021-10-16
2,1,1,0,Mitchell,2021-10-17
13,0,13,0,Mitchell,2021-10-18
0,0,0,0,Mitchell,2021-10-19
4,1,3,0,Mitchell,2021-10-20
2,2,0,0,Mitchell,2021-10-21
5,1,4,0,Mitchell,2021-10-22
0,0,0,0,Mitchell,2021-10-24
14,5,9,0,Mitchell,2021-10-25
11,1,10,0,Mitchell,2021-10-26
0,0,0,0,Mitchell,2021-10-27
3,0,3,0,Mitchell,2021-10-28
2,0,2,0,Mitchell,2021-10-29
0,0,0,0,Mitchell,2021-10-30
2,1,1,0,Mitchell,2021-10-31
5,0,5,0,Mitchell,2021-11-01
7,0,7,0,Mitchell,2021-11-02
6,4,2,0,Mitchell,2021-11-03
2,1,1,0,Mitchell,2021-11-04
10,1,9,0,Mitchell,2021-11-05
0,0,0,0,Mitchell,2021-11-06
1,1,0,0,Mitchell,2021-11-07
8,1,7,0,Mitchell,2021-11-08
5,3,2,0,Mitchell,2021-11-09
6,4,2,0,Mitchell,2021-11-10
1,0,1,0,Mitchell,2021-11-11
3,1,2,0,Mitchell,2021-11-12
3,2,1,0,Mitchell,2021-11-13
0,0,0,0,Mitchell,2021-11-14
10,4,6,0,Mitchell,2021-11-15
3,2,1,0,Mitchell,2021-11-16
4,1,3,0,Mitchell,2021-11-17
2,1,1,0,Mitchell,2021-11-18
0,0,0,0,Mitchell,2021-11-20
4,1,3,0,Mitchell,2021-11-21
3,1,2,0,Mitchell,2021-11-22
6,1,5,0,Mitchell,2021-11-23
3,1,2,0,Mitchell,2021-11-24
1,1,0,0,Mitchell,2021-11-25
3,3,0,0,Mitchell,2021-11-27
1,0,1,0,Mitchell,2021-11-28
18,8,10,0,Mitchell,2021-11-29
10,1,9,0,Mitchell,2021-11-30
5,3,2,0,Mitchell,2021-12-02
2,1,1,0,Mitchell,2021-12-04
0,0,0,0,Mitchell,2021-12-05
17,7,10,0,Mitchell,2021-12-06
6,0,6,0,Mitchell,2021-12-07
12,8,4,0,Mitchell,2021-12-08
4,2,2,0,Mitchell,2021-12-09
12,5,7,0,Mitchell,2021-12-10
2,2,0,0,Mitchell,2021-12-11
2,1,1,0,Mitchell,2021-12-12
6,1,5,0,Mitchell,2021-12-13
7,3,4,0,Mitchell,2021-12-15
8,7,1,0,Mitchell,2021-12-16
11,8,3,0,Mitchell,2021-12-17
7,2,5,0,Mitchell,2021-12-18
2,1,1,0,Mitchell,2021-12-19
13,4,9,0,Mitchell,2021-12-20
5,2,3,0,Mitchell,2021-12-21
7,4,3,0,Mitchell,2021-12-22
13,8,5,0,Mitchell,2021-12-23
4,2,2,0,Mitchell,2021-12-24
1,0,1,0,Mitchell,2021-12-25
33,23,10,0,Mitchell,2021-12-27
23,5,18,0,Mitchell,2021-12-28
26,11,15,0,Mitchell,2021-12-29
9,2,7,0,Mitchell,2021-12-31
9,3,6,0,Mitchell,2022-01-01
5,2,3,0,Mitchell,2022-01-02
44,10,34,0,Mitchell,2022-01-04
33,10,23,0,Mitchell,2022-01-05
15,6,9,0,Mitchell,2022-01-07
21,1,20,0,Mitchell,2022-01-08
7,1,6,0,Mitchell,2022-01-09
53,8,45,0,Mitchell,2022-01-10
29,1,28,0,Mitchell,2022-01-12
40,6,34,0,Mitchell,2022-01-14
20,6,14,0,Mitchell,2022-01-15
6,4,2,0,Mitchell,2022-01-16
6,5,1,0,Mitchell,2022-01-17
21,6,15,0,Mitchell,2022-01-18
17,2,15,0,Mitchell,2022-01-20
25,3,22,0,Mitchell,2022-01-21
5,1,4,0,Mitchell,2022-01-23
52,15,37,0,Mitchell,2022-01-24
26,11,15,0,Mitchell,2022-01-25
15,2,13,0,Mitchell,2022-01-26
18,7,11,0,Mitchell,2022-01-27
6,5,1,0,Mitchell,2022-01-29
7,4,3,0,Mitchell,2022-01-30
22,10,12,0,Mitchell,2022-01-31
30,15,15,0,Mitchell,2022-02-01
12,4,8,0,Mitchell,2022-02-02
19,9,10,0,Mitchell,2022-02-03
21,2,19,0,Mitchell,2022-02-04
4,2,2,0,Mitchell,2022-02-05
3,1,2,0,Mitchell,2022-02-06
23,3,20,0,Mitchell,2022-02-07
22,6,16,0,Mitchell,2022-02-08
6,1,5,0,Mitchell,2022-02-09
11,6,5,0,Mitchell,2022-02-10
6,1,5,0,Mitchell,2022-02-11
5,3,2,0,Mitchell,2022-02-12
9,8,1,0,Mitchell,2022-02-13
10,5,5,0,Mitchell,2022-02-14
8,6,2,0,Mitchell,2022-02-15
10,6,4,0,Mitchell,2022-02-16
0,0,0,0,Mitchell,2022-02-17
1,0,1,0,Mitchell,2022-02-19
1,0,1,0,Mitchell,2022-02-20
11,3,8,0,Mitchell,2022-02-21
4,1,3,0,Mitchell,2022-02-22
3,2,1,0,Mitchell,2022-02-23
3,1,2,0,Mitchell,2022-02-24
4,1,3,0,Mitchell,2022-02-25
3,2,1,0,Mitchell,2022-02-26
0,0,0,0,Mitchell,2022-02-27
3,1,2,0,Mitchell,2022-02-28
2,1,1,0,Mitchell,2022-03-01
3,2,1,0,Mitchell,2022-03-02
0,0,0,0,Mitchell,2022-03-03
1,1,0,0,Mitchell,2022-03-04
0,0,0,0,Mitchell,2022-03-05
0,0,0,0,Mitchell,2022-03-06
1,0,1,0,Mitchell,2022-03-07
1,0,1,0,Mitchell,2022-03-08
1,0,1,0,Mitchell,2022-03-09
0,0,0,0,Mitchell,2022-03-10
1,1,0,0,Mitchell,2022-03-11
0,0,0,0,Mitchell,2022-03-12
1,1,0,0,Mitchell,2022-03-13
0,0,0,0,Mitchell,2022-03-14
1,1,0,0,Mitchell,2022-03-15
0,0,0,0,Mitchell,2022-03-16
1,0,1,0,Mitchell,2022-03-17
0,0,0,0,Mitchell,2022-03-18
1,0,1,0,Mitchell,2022-03-19
1,1,0,0,Mitchell,2022-03-20
0,0,0,0,Mitchell,2022-03-21
0,0,0,0,Mitchell,2022-03-22
0,0,0,0,Mitchell,2022-03-23
2,1,1,0,Mitchell,2022-03-24
1,0,1,0,Mitchell,2022-03-25
0,0,0,0,Mitchell,2022-03-26
0,0,0,0,Mitchell,2022-03-27
0,0,0,0,Mitchell,2022-03-28
1,0,1,0,Mitchell,2022-03-29
5,1,4,0,Mitchell,2022-03-30
2,1,1,0,Mitchell,2022-03-31
0,0,0,0,Mitchell,2022-04-01
0,0,0,0,Mitchell,2022-04-02
0,0,0,0,Mitchell,2022-04-03
0,0,0,0,Mitchell,2022-04-04
0,0,0,0,Mitchell,2022-04-05
0,0,0,0,Mitchell,2022-04-06
0,0,0,0,Mitchell,2022-04-07
0,0,0,0,Mitchell,2022-04-08
0,0,0,0,Mitchell,2022-04-09
9,0,9,0,Montgomery,2021-10-12
12,1,11,0,Montgomery,2021-10-13
10,1,9,0,Montgomery,2021-10-14
13,1,12,0,Montgomery,2021-10-15
2,0,2,0,Montgomery,2021-10-16
2,0,2,0,Montgomery,2021-10-17
8,1,7,0,Montgomery,2021-10-19
3,0,3,0,Montgomery,2021-10-20
6,1,5,0,Montgomery,2021-10-21
12,2,10,0,Montgomery,2021-10-22
3,0,3,0,Montgomery,2021-10-23
3,0,3,0,Montgomery,2021-10-24
3,1,2,0,Montgomery,2021-10-26
6,0,6,0,Montgomery,2021-10-27
8,1,7,0,Montgomery,2021-10-28
6,0,6,0,Montgomery,2021-10-29
1,0,1,0,Montgomery,2021-10-30
3,0,3,0,Montgomery,2021-10-31
6,0,6,0,Montgomery,2021-11-01
3,0,3,0,Montgomery,2021-11-03
13,2,11,0,Montgomery,2021-11-04
2,0,2,0,Montgomery,2021-11-05
1,0,1,0,Montgomery,2021-11-06
3,0,3,0,Montgomery,2021-11-07
10,0,10,0,Montgomery,2021-11-08
4,1,3,0,Montgomery,2021-11-09
5,0,5,0,Montgomery,2021-11-10
6,2,4,0,Montgomery,2021-11-12
2,0,2,0,Montgomery,2021-11-13
0,0,0,0,Montgomery,2021-11-14
3,0,3,0,Montgomery,2021-11-15
8,1,7,0,Montgomery,2021-11-16
5,1,4,0,Montgomery,2021-11-17
3,0,3,0,Montgomery,2021-11-18
7,1,6,0,Montgomery,2021-11-19
2,0,2,0,Montgomery,2021-11-20
1,0,1,0,Montgomery,2021-11-21
7,1,6,0,Montgomery,2021-11-22
6,1,5,0,Montgomery,2021-11-23
0,0,0,0,Montgomery,2021-11-24
1,0,1,0,Montgomery,2021-11-25
5,1,4,0,Montgomery,2021-11-26
2,1,1,0,Montgomery,2021-11-27
2,0,2,0,Montgomery,2021-11-28
6,1,5,0,Montgomery,2021-11-29
6,0,6,0,Montgomery,2021-11-30
6,2,4,0,Montgomery,2021-12-01
10,1,9,0,Montgomery,2021-12-02
8,2,6,0,Montgomery,2021-12-03
5,0,5,0,Montgomery,2021-12-04
3,0,3,0,Montgomery,2021-12-05
12,1,11,0,Montgomery,2021-12-06
6,1,5,0,Montgomery,2021-12-07
9,3,6,0,Montgomery,2021-12-08
4,0,4,0,Montgomery,2021-12-09
6,0,6,0,Montgomery,2021-12-10
3,0,3,0,Montgomery,2021-12-12
9,1,8,0,Montgomery,2021-12-13
8,0,8,0,Montgomery,2021-12-14
10,0,10,0,Montgomery,2021-12-15
13,2,11,0,Montgomery,2021-12-16
5,0,5,0,Montgomery,2021-12-17
3,0,3,0,Montgomery,2021-12-18
2,1,1,0,Montgomery,2021-12-19
9,0,9,0,Montgomery,2021-12-20
13,3,10,0,Montgomery,2021-12-21
13,0,13,0,Montgomery,2021-12-22
10,2,8,0,Montgomery,2021-12-23
9,1,8,0,Montgomery,2021-12-24
1,0,1,0,Montgomery,2021-12-25
3,0,3,0,Montgomery,2021-12-26
25,5,20,0,Montgomery,2021-12-27
32,2,30,0,Montgomery,2021-12-29
28,6,22,0,Montgomery,2021-12-31
9,0,9,0,Montgomery,2022-01-01
20,2,18,0,Montgomery,2022-01-02
53,11,42,0,Montgomery,2022-01-03
83,9,74,0,Montgomery,2022-01-04
78,14,64,0,Montgomery,2022-01-05
87,10,77,0,Montgomery,2022-01-06
139,17,122,0,Montgomery,2022-01-10
143,11,132,0,Montgomery,2022-01-11
98,12,86,0,Montgomery,2022-01-14
2,0,2,0,Montgomery,2022-01-16
61,17,44,0,Montgomery,2022-01-17
144,17,127,0,Montgomery,2022-01-18
68,11,57,0,Montgomery,2022-01-20
55,12,43,0,Montgomery,2022-01-21
17,3,14,0,Montgomery,2022-01-22
17,3,14,0,Montgomery,2022-01-23
86,10,76,0,Montgomery,2022-01-24
58,11,47,0,Montgomery,2022-01-25
56,3,53,0,Montgomery,2022-01-26
43,11,32,0,Montgomery,2022-01-27
34,6,28,0,Montgomery,2022-01-28
37,5,32,0,Montgomery,2022-01-31
21,2,19,0,Montgomery,2022-02-01
12,2,10,0,Montgomery,2022-02-04
16,1,15,0,Montgomery,2022-02-08
14,1,13,0,Montgomery,2022-02-09
13,3,10,0,Montgomery,2022-02-10
16,1,15,0,Montgomery,2022-02-11
5,1,4,0,Montgomery,2022-02-13
8,0,8,0,Montgomery,2022-02-15
10,1,9,0,Montgomery,2022-02-16
7,1,6,0,Montgomery,2022-02-17
11,1,10,0,Montgomery,2022-02-18
2,0,2,0,Montgomery,2022-02-20
5,1,4,0,Montgomery,2022-02-21
7,3,4,0,Montgomery,2022-02-22
5,1,4,0,Montgomery,2022-02-23
4,1,3,0,Montgomery,2022-02-24
4,2,2,0,Montgomery,2022-02-25
0,0,0,0,Montgomery,2022-02-26
0,0,0,0,Montgomery,2022-02-27
2,1,1,0,Montgomery,2022-02-28
2,0,2,0,Montgomery,2022-03-01
1,0,1,0,Montgomery,2022-03-02
2,1,1,0,Montgomery,2022-03-03
2,0,2,0,Montgomery,2022-03-04
0,0,0,0,Montgomery,2022-03-05
0,0,0,0,Montgomery,2022-03-06
4,2,2,0,Montgomery,2022-03-07
1,0,1,0,Montgomery,2022-03-08
2,0,2,0,Montgomery,2022-03-09
0,0,0,0,Montgomery,2022-03-10
2,0,2,0,Montgomery,2022-03-11
0,0,0,0,Montgomery,2022-03-12
0,0,0,0,Montgomery,2022-03-13
1,1,0,0,Montgomery,2022-03-14
0,0,0,0,Montgomery,2022-03-15
0,0,0,0,Montgomery,2022-03-16
1,0,1,0,Montgomery,2022-03-17
0,0,0,0,Montgomery,2022-03-18
0,0,0,0,Montgomery,2022-03-19
0,0,0,0,Montgomery,2022-03-20
0,0,0,0,Montgomery,2022-03-21
1,0,1,0,Montgomery,2022-03-22
1,0,1,0,Montgomery,2022-03-23
0,0,0,0,Montgomery,2022-03-24
1,1,0,0,Montgomery,2022-03-25
1,0,1,0,Montgomery,2022-03-26
1,0,1,0,Montgomery,2022-03-27
0,0,0,0,Montgomery,2022-03-28
2,1,1,0,Montgomery,2022-03-29
0,0,0,0,Montgomery,2022-03-30
0,0,0,0,Montgomery,2022-03-31
0,0,0,0,Montgomery,2022-04-01
0,0,0,0,Montgomery,2022-04-02
0,0,0,0,Montgomery,2022-04-03
0,0,0,0,Montgomery,2022-04-04
1,0,1,0,Montgomery,2022-04-05
0,0,0,0,Montgomery,2022-04-06
0,0,0,0,Montgomery,2022-04-07
0,0,0,0,Montgomery,2022-04-08
0,0,0,0,Montgomery,2022-04-09
33,2,31,0,Moore,2021-10-12
24,4,20,0,Moore,2021-10-13
23,1,22,0,Moore,2021-10-15
14,1,13,0,Moore,2021-10-16
10,0,10,0,Moore,2021-10-17
13,0,13,0,Moore,2021-10-19
19,0,19,0,Moore,2021-10-21
8,0,8,0,Moore,2021-10-24
23,1,22,0,Moore,2021-10-26
13,1,12,0,Moore,2021-10-28
17,0,17,0,Moore,2021-10-29
8,0,8,0,Moore,2021-10-30
4,0,4,0,Moore,2021-10-31
24,3,21,0,Moore,2021-11-01
11,1,10,0,Moore,2021-11-02
13,0,13,0,Moore,2021-11-03
4,1,3,0,Moore,2021-11-05
3,0,3,0,Moore,2021-11-06
19,2,17,0,Moore,2021-11-08
16,2,14,0,Moore,2021-11-12
3,0,3,0,Moore,2021-11-13
8,0,8,0,Moore,2021-11-14
18,3,15,0,Moore,2021-11-15
11,2,9,0,Moore,2021-11-16
17,3,14,0,Moore,2021-11-17
16,0,16,0,Moore,2021-11-18
19,1,18,0,Moore,2021-11-19
4,0,4,0,Moore,2021-11-20
3,0,3,0,Moore,2021-11-21
11,2,9,0,Moore,2021-11-23
20,4,16,0,Moore,2021-11-24
4,0,4,0,Moore,2021-11-25
16,1,15,0,Moore,2021-11-26
7,0,7,0,Moore,2021-11-28
25,1,24,0,Moore,2021-11-29
29,3,26,0,Moore,2021-11-30
26,0,26,0,Moore,2021-12-01
31,3,28,0,Moore,2021-12-02
19,0,19,0,Moore,2021-12-03
17,0,17,0,Moore,2021-12-04
15,1,14,0,Moore,2021-12-05
50,5,45,0,Moore,2021-12-06
34,1,33,0,Moore,2021-12-07
24,2,22,0,Moore,2021-12-10
22,0,22,0,Moore,2021-12-11
20,0,20,0,Moore,2021-12-12
32,6,26,0,Moore,2021-12-16
28,2,26,0,Moore,2021-12-17
28,2,26,0,Moore,2021-12-19
50,5,45,0,Moore,2021-12-20
75,13,62,0,Moore,2021-12-21
55,7,48,0,Moore,2021-12-23
40,1,39,0,Moore,2021-12-24
12,1,11,0,Moore,2021-12-25
100,7,93,0,Moore,2021-12-27
204,30,174,0,Moore,2021-12-29
178,23,155,0,Moore,2021-12-30
110,13,97,0,Moore,2021-12-31
80,12,68,0,Moore,2022-01-01
241,30,211,0,Moore,2022-01-03
260,15,245,0,Moore,2022-01-07
203,15,188,0,Moore,2022-01-08
416,41,375,0,Moore,2022-01-13
394,21,373,0,Moore,2022-01-14
206,20,186,0,Moore,2022-01-15
333,53,280,0,Moore,2022-01-17
167,33,134,0,Moore,2022-01-21
35,7,28,0,Moore,2022-01-22
103,10,93,0,Moore,2022-01-28
42,6,36,0,Moore,2022-01-29
154,24,130,0,Moore,2022-01-31
22,4,18,0,Moore,2022-02-05
27,6,21,0,Moore,2022-02-13
32,4,28,0,Moore,2022-02-16
40,5,35,0,Moore,2022-02-17
20,6,14,0,Moore,2022-02-20
34,7,27,0,Moore,2022-02-21
31,5,26,0,Moore,2022-02-22
9,2,7,0,Moore,2022-02-25
7,3,4,0,Moore,2022-02-26
8,4,4,0,Moore,2022-02-27
17,3,14,0,Moore,2022-02-28
7,1,6,0,Moore,2022-03-02
10,1,9,0,Moore,2022-03-04
8,1,7,0,Moore,2022-03-07
4,1,3,0,Moore,2022-03-08
3,1,2,0,Moore,2022-03-10
0,0,0,0,Moore,2022-03-12
3,1,2,0,Moore,2022-03-13
8,0,8,0,Moore,2022-03-14
6,0,6,0,Moore,2022-03-15
5,0,5,0,Moore,2022-03-16
3,0,3,0,Moore,2022-03-17
3,0,3,0,Moore,2022-03-18
1,0,1,0,Moore,2022-03-19
0,0,0,0,Moore,2022-03-20
2,0,2,0,Moore,2022-03-21
3,1,2,0,Moore,2022-03-22
1,0,1,0,Moore,2022-03-23
1,0,1,0,Moore,2022-03-24
1,0,1,0,Moore,2022-03-25
2,2,0,0,Moore,2022-03-26
2,1,1,0,Moore,2022-03-27
3,1,2,0,Moore,2022-03-28
0,0,0,0,Moore,2022-03-29
4,2,2,0,Moore,2022-03-30
3,1,2,0,Moore,2022-03-31
1,0,1,0,Moore,2022-04-01
1,1,0,0,Moore,2022-04-02
1,0,1,0,Moore,2022-04-03
3,1,2,0,Moore,2022-04-04
1,0,1,0,Moore,2022-04-05
4,2,2,0,Moore,2022-04-06
6,2,4,0,Moore,2022-04-07
2,1,1,0,Moore,2022-04-08
2,0,2,0,Moore,2022-04-09
20,2,18,0,Nash,2021-10-13
22,9,13,0,Nash,2021-10-14
19,3,16,0,Nash,2021-10-15
16,7,9,0,Nash,2021-10-21
17,2,15,0,Nash,2021-10-22
13,1,12,0,Nash,2021-10-23
8,3,5,0,Nash,2021-10-24
14,8,6,0,Nash,2021-10-25
13,3,10,0,Nash,2021-10-27
18,5,13,0,Nash,2021-10-28
14,0,14,0,Nash,2021-10-29
3,1,2,0,Nash,2021-10-31
15,1,14,0,Nash,2021-11-01
16,1,15,0,Nash,2021-11-02
20,2,18,0,Nash,2021-11-03
14,3,11,0,Nash,2021-11-05
6,1,5,0,Nash,2021-11-06
4,1,3,0,Nash,2021-11-07
10,0,10,0,Nash,2021-11-08
14,3,11,0,Nash,2021-11-09
9,3,6,0,Nash,2021-11-10
3,0,3,0,Nash,2021-11-14
34,5,29,0,Nash,2021-11-15
11,2,9,0,Nash,2021-11-17
26,4,22,0,Nash,2021-11-18
7,0,7,0,Nash,2021-11-19
2,0,2,0,Nash,2021-11-20
7,2,5,0,Nash,2021-11-21
13,3,10,0,Nash,2021-11-23
1,1,0,0,Nash,2021-11-25
12,0,12,0,Nash,2021-11-28
41,5,36,0,Nash,2021-11-29
29,8,21,0,Nash,2021-11-30
22,3,19,0,Nash,2021-12-01
12,3,9,0,Nash,2021-12-02
23,2,21,0,Nash,2021-12-03
7,0,7,0,Nash,2021-12-04
10,1,9,0,Nash,2021-12-05
25,5,20,0,Nash,2021-12-07
30,2,28,0,Nash,2021-12-09
11,0,11,0,Nash,2021-12-11
12,1,11,0,Nash,2021-12-12
40,3,37,0,Nash,2021-12-13
29,4,25,0,Nash,2021-12-14
38,3,35,0,Nash,2021-12-16
62,0,62,0,Nash,2021-12-20
59,4,55,0,Nash,2021-12-21
66,13,53,0,Nash,2021-12-22
43,10,33,0,Nash,2021-12-24
29,5,24,0,Nash,2021-12-25
60,8,52,0,Nash,2021-12-26
294,39,255,0,Nash,2021-12-29
395,57,338,0,Nash,2021-12-30
65,7,58,0,Nash,2022-01-01
123,8,115,0,Nash,2022-01-02
481,39,442,0,Nash,2022-01-05
104,13,91,0,Nash,2022-01-08
399,29,370,0,Nash,2022-01-11
367,34,333,0,Nash,2022-01-13
317,23,294,0,Nash,2022-01-14
270,34,236,0,Nash,2022-01-17
278,29,249,0,Nash,2022-01-20
31,1,30,0,Nash,2022-01-22
124,12,112,0,Nash,2022-01-27
99,13,86,0,Nash,2022-02-01
77,17,60,0,Nash,2022-02-03
69,14,55,0,Nash,2022-02-04
34,12,22,0,Nash,2022-02-06
74,10,64,0,Nash,2022-02-07
51,9,42,0,Nash,2022-02-09
10,2,8,0,Nash,2022-02-13
32,10,22,0,Nash,2022-02-14
13,5,8,0,Nash,2022-02-18
21,2,19,0,Nash,2022-02-21
13,1,12,0,Nash,2022-02-22
18,1,17,0,Nash,2022-02-24
15,1,14,0,Nash,2022-02-25
6,2,4,0,Nash,2022-02-27
11,4,7,0,Nash,2022-02-28
6,2,4,0,Nash,2022-03-01
6,4,2,0,Nash,2022-03-02
8,2,6,0,Nash,2022-03-03
4,0,4,0,Nash,2022-03-04
7,0,7,0,Nash,2022-03-05
5,0,5,0,Nash,2022-03-07
6,0,6,0,Nash,2022-03-08
4,0,4,0,Nash,2022-03-09
5,0,5,0,Nash,2022-03-10
3,1,2,0,Nash,2022-03-11
1,0,1,0,Nash,2022-03-12
3,0,3,0,Nash,2022-03-13
3,0,3,0,Nash,2022-03-15
3,0,3,0,Nash,2022-03-16
6,0,6,0,Nash,2022-03-17
2,0,2,0,Nash,2022-03-18
0,0,0,0,Nash,2022-03-19
1,0,1,0,Nash,2022-03-20
4,0,4,0,Nash,2022-03-21
6,0,6,0,Nash,2022-03-23
2,0,2,0,Nash,2022-03-25
0,0,0,0,Nash,2022-03-26
2,0,2,0,Nash,2022-03-27
3,1,2,0,Nash,2022-03-28
1,0,1,0,Nash,2022-03-29
1,0,1,0,Nash,2022-03-30
0,0,0,0,Nash,2022-03-31
1,0,1,0,Nash,2022-04-01
3,1,2,0,Nash,2022-04-02
0,0,0,0,Nash,2022-04-03
2,0,2,0,Nash,2022-04-04
3,1,2,0,Nash,2022-04-05
4,0,4,0,Nash,2022-04-06
3,0,3,0,Nash,2022-04-07
1,0,1,0,Nash,2022-04-08
2,0,2,0,Nash,2022-04-09
37,6,31,0,New Hanover,2021-10-12
38,8,30,0,New Hanover,2021-10-13
36,10,26,0,New Hanover,2021-10-15
11,2,9,0,New Hanover,2021-10-16
7,1,6,0,New Hanover,2021-10-24
21,7,14,0,New Hanover,2021-10-25
10,3,7,0,New Hanover,2021-10-28
22,6,16,0,New Hanover,2021-10-29
7,1,6,0,New Hanover,2021-10-30
7,2,5,0,New Hanover,2021-10-31
16,6,10,0,New Hanover,2021-11-01
28,10,18,0,New Hanover,2021-11-02
14,1,13,0,New Hanover,2021-11-05
18,9,9,0,New Hanover,2021-11-09
21,6,15,0,New Hanover,2021-11-10
15,6,9,0,New Hanover,2021-11-11
14,5,9,0,New Hanover,2021-11-12
11,2,9,0,New Hanover,2021-11-13
9,3,6,0,New Hanover,2021-11-14
21,6,15,0,New Hanover,2021-11-15
25,13,12,0,New Hanover,2021-11-16
20,4,16,0,New Hanover,2021-11-18
23,6,17,0,New Hanover,2021-11-19
23,9,14,0,New Hanover,2021-11-20
10,1,9,0,New Hanover,2021-11-21
26,6,20,0,New Hanover,2021-11-23
36,15,21,0,New Hanover,2021-11-24
2,1,1,0,New Hanover,2021-11-25
21,4,17,0,New Hanover,2021-11-26
11,4,7,0,New Hanover,2021-11-27
22,9,13,0,New Hanover,2021-11-28
57,23,34,0,New Hanover,2021-11-30
47,10,37,0,New Hanover,2021-12-01
40,9,31,0,New Hanover,2021-12-02
44,11,33,0,New Hanover,2021-12-03
41,8,33,0,New Hanover,2021-12-04
19,9,10,0,New Hanover,2021-12-05
62,21,41,0,New Hanover,2021-12-06
51,11,40,0,New Hanover,2021-12-07
44,15,29,0,New Hanover,2021-12-09
32,8,24,0,New Hanover,2021-12-10
20,9,11,0,New Hanover,2021-12-12
49,10,39,0,New Hanover,2021-12-13
57,19,38,0,New Hanover,2021-12-15
68,14,54,0,New Hanover,2021-12-17
50,9,41,0,New Hanover,2021-12-18
37,10,27,0,New Hanover,2021-12-19
124,51,73,0,New Hanover,2021-12-20
153,33,120,0,New Hanover,2021-12-21
194,36,158,0,New Hanover,2021-12-22
200,53,147,0,New Hanover,2021-12-23
104,36,68,0,New Hanover,2021-12-24
104,20,84,0,New Hanover,2021-12-26
396,101,295,0,New Hanover,2021-12-27
472,95,377,0,New Hanover,2021-12-29
477,146,331,0,New Hanover,2021-12-30
192,59,133,0,New Hanover,2022-01-02
648,172,476,0,New Hanover,2022-01-03
718,245,473,0,New Hanover,2022-01-04
568,105,463,0,New Hanover,2022-01-07
681,128,553,0,New Hanover,2022-01-14
766,145,621,0,New Hanover,2022-01-17
888,201,687,0,New Hanover,2022-01-19
257,69,188,0,New Hanover,2022-02-02
84,27,57,0,New Hanover,2022-02-11
69,17,52,0,New Hanover,2022-02-15
37,8,29,0,New Hanover,2022-02-18
38,12,26,0,New Hanover,2022-02-23
32,5,27,0,New Hanover,2022-02-24
12,3,9,0,New Hanover,2022-03-01
17,3,14,0,New Hanover,2022-03-02
10,0,10,0,New Hanover,2022-03-04
5,2,3,0,New Hanover,2022-03-06
14,4,10,0,New Hanover,2022-03-07
17,5,12,0,New Hanover,2022-03-09
6,3,3,0,New Hanover,2022-03-13
8,0,8,0,New Hanover,2022-03-14
11,3,8,0,New Hanover,2022-03-15
6,0,6,0,New Hanover,2022-03-16
3,1,2,0,New Hanover,2022-03-19
8,2,6,0,New Hanover,2022-03-20
6,1,5,0,New Hanover,2022-03-22
16,4,12,0,New Hanover,2022-03-23
8,3,5,0,New Hanover,2022-03-24
6,1,5,0,New Hanover,2022-03-25
0,0,0,0,New Hanover,2022-03-26
4,0,4,0,New Hanover,2022-03-27
4,1,3,0,New Hanover,2022-03-28
10,2,8,0,New Hanover,2022-03-29
9,4,5,0,New Hanover,2022-03-30
8,5,3,0,New Hanover,2022-03-31
9,5,4,0,New Hanover,2022-04-01
6,0,6,0,New Hanover,2022-04-02
5,1,4,0,New Hanover,2022-04-03
17,6,11,0,New Hanover,2022-04-04
14,3,11,0,New Hanover,2022-04-05
11,4,7,0,New Hanover,2022-04-08
9,2,7,0,New Hanover,2022-04-09
9,4,5,0,Northampton,2021-10-12
5,1,4,0,Northampton,2021-10-13
3,0,3,0,Northampton,2021-10-14
5,2,3,0,Northampton,2021-10-15
1,0,1,0,Northampton,2021-10-16
1,0,1,0,Northampton,2021-10-17
5,1,4,0,Northampton,2021-10-18
2,0,2,0,Northampton,2021-10-19
1,0,1,0,Northampton,2021-10-21
4,0,4,0,Northampton,2021-10-22
1,0,1,0,Northampton,2021-10-23
0,0,0,0,Northampton,2021-10-24
1,0,1,0,Northampton,2021-10-25
0,0,0,0,Northampton,2021-10-26
1,0,1,0,Northampton,2021-10-27
3,0,3,0,Northampton,2021-10-28
1,0,1,0,Northampton,2021-10-29
0,0,0,0,Northampton,2021-10-30
0,0,0,0,Northampton,2021-10-31
3,0,3,0,Northampton,2021-11-01
0,0,0,0,Northampton,2021-11-02
1,0,1,0,Northampton,2021-11-04
2,0,2,0,Northampton,2021-11-05
1,0,1,0,Northampton,2021-11-06
0,0,0,0,Northampton,2021-11-07
2,2,0,0,Northampton,2021-11-08
0,0,0,0,Northampton,2021-11-09
1,0,1,0,Northampton,2021-11-10
1,0,1,0,Northampton,2021-11-11
1,0,1,0,Northampton,2021-11-12
0,0,0,0,Northampton,2021-11-13
0,0,0,0,Northampton,2021-11-14
4,0,4,0,Northampton,2021-11-15
1,0,1,0,Northampton,2021-11-16
0,0,0,0,Northampton,2021-11-17
0,0,0,0,Northampton,2021-11-18
0,0,0,0,Northampton,2021-11-19
0,0,0,0,Northampton,2021-11-20
3,0,3,0,Northampton,2021-11-21
4,0,4,0,Northampton,2021-11-22
1,0,1,0,Northampton,2021-11-23
0,0,0,0,Northampton,2021-11-24
0,0,0,0,Northampton,2021-11-25
0,0,0,0,Northampton,2021-11-26
2,0,2,0,Northampton,2021-11-27
1,0,1,0,Northampton,2021-11-28
4,1,3,0,Northampton,2021-11-29
1,0,1,0,Northampton,2021-11-30
2,0,2,0,Northampton,2021-12-01
0,0,0,0,Northampton,2021-12-02
2,2,0,0,Northampton,2021-12-03
0,0,0,0,Northampton,2021-12-04
0,0,0,0,Northampton,2021-12-05
7,2,5,0,Northampton,2021-12-06
2,0,2,0,Northampton,2021-12-07
4,2,2,0,Northampton,2021-12-08
1,0,1,0,Northampton,2021-12-09
2,1,1,0,Northampton,2021-12-10
0,0,0,0,Northampton,2021-12-11
0,0,0,0,Northampton,2021-12-12
4,0,4,0,Northampton,2021-12-13
2,0,2,0,Northampton,2021-12-14
2,1,1,0,Northampton,2021-12-15
10,0,10,0,Northampton,2021-12-16
7,1,6,0,Northampton,2021-12-17
3,2,1,0,Northampton,2021-12-18
1,0,1,0,Northampton,2021-12-19
7,2,5,0,Northampton,2021-12-20
8,1,7,0,Northampton,2021-12-21
9,2,7,0,Northampton,2021-12-22
10,2,8,0,Northampton,2021-12-23
2,0,2,0,Northampton,2021-12-24
3,0,3,0,Northampton,2021-12-25
6,0,6,0,Northampton,2021-12-26
29,2,27,0,Northampton,2021-12-27
37,6,31,0,Northampton,2021-12-28
52,11,41,0,Northampton,2021-12-29
63,13,50,0,Northampton,2021-12-30
48,1,47,0,Northampton,2021-12-31
15,3,12,0,Northampton,2022-01-01
18,2,16,0,Northampton,2022-01-02
61,10,51,0,Northampton,2022-01-03
91,10,81,0,Northampton,2022-01-04
67,12,55,0,Northampton,2022-01-05
86,12,74,0,Northampton,2022-01-07
24,6,18,0,Northampton,2022-01-09
89,16,73,0,Northampton,2022-01-10
60,7,53,0,Northampton,2022-01-13
42,7,35,0,Northampton,2022-01-14
15,2,13,0,Northampton,2022-01-15
5,1,4,0,Northampton,2022-01-16
37,9,28,0,Northampton,2022-01-17
74,21,53,0,Northampton,2022-01-18
57,4,53,0,Northampton,2022-01-19
51,7,44,0,Northampton,2022-01-20
8,1,7,0,Northampton,2022-01-21
3,1,2,0,Northampton,2022-01-22
8,0,8,0,Northampton,2022-01-23
46,13,33,0,Northampton,2022-01-25
24,5,19,0,Northampton,2022-01-26
6,1,5,0,Northampton,2022-01-29
19,6,13,0,Northampton,2022-02-01
6,2,4,0,Northampton,2022-02-03
2,1,1,0,Northampton,2022-02-05
4,1,3,0,Northampton,2022-02-06
9,1,8,0,Northampton,2022-02-07
1,0,1,0,Northampton,2022-02-08
6,2,4,0,Northampton,2022-02-09
6,0,6,0,Northampton,2022-02-10
3,0,3,0,Northampton,2022-02-11
1,0,1,0,Northampton,2022-02-13
8,0,8,0,Northampton,2022-02-14
7,0,7,0,Northampton,2022-02-15
2,0,2,0,Northampton,2022-02-16
4,0,4,0,Northampton,2022-02-17
1,0,1,0,Northampton,2022-02-18
0,0,0,0,Northampton,2022-02-19
2,0,2,0,Northampton,2022-02-20
5,2,3,0,Northampton,2022-02-21
1,0,1,0,Northampton,2022-02-23
1,0,1,0,Northampton,2022-02-24
1,0,1,0,Northampton,2022-02-25
1,0,1,0,Northampton,2022-02-26
1,0,1,0,Northampton,2022-02-28
0,0,0,0,Northampton,2022-03-01
1,0,1,0,Northampton,2022-03-02
2,1,1,0,Northampton,2022-03-03
1,1,0,0,Northampton,2022-03-04
0,0,0,0,Northampton,2022-03-05
1,0,1,0,Northampton,2022-03-06
1,0,1,0,Northampton,2022-03-07
0,0,0,0,Northampton,2022-03-08
0,0,0,0,Northampton,2022-03-09
0,0,0,0,Northampton,2022-03-10
0,0,0,0,Northampton,2022-03-11
1,0,1,0,Northampton,2022-03-12
0,0,0,0,Northampton,2022-03-13
0,0,0,0,Northampton,2022-03-14
0,0,0,0,Northampton,2022-03-15
1,0,1,0,Northampton,2022-03-16
0,0,0,0,Northampton,2022-03-17
0,0,0,0,Northampton,2022-03-18
0,0,0,0,Northampton,2022-03-19
0,0,0,0,Northampton,2022-03-20
4,0,4,0,Northampton,2022-03-21
1,0,1,0,Northampton,2022-03-22
0,0,0,0,Northampton,2022-03-23
0,0,0,0,Northampton,2022-03-24
0,0,0,0,Northampton,2022-03-25
0,0,0,0,Northampton,2022-03-26
0,0,0,0,Northampton,2022-03-27
0,0,0,0,Northampton,2022-03-28
0,0,0,0,Northampton,2022-03-29
0,0,0,0,Northampton,2022-03-30
0,0,0,0,Northampton,2022-03-31
0,0,0,0,Northampton,2022-04-01
0,0,0,0,Northampton,2022-04-02
0,0,0,0,Northampton,2022-04-03
0,0,0,0,Northampton,2022-04-04
0,0,0,0,Northampton,2022-04-05
1,1,0,0,Northampton,2022-04-06
0,0,0,0,Northampton,2022-04-07
1,0,1,0,Northampton,2022-04-08
0,0,0,0,Northampton,2022-04-09
53,13,40,0,Onslow,2021-10-12
31,6,25,0,Onslow,2021-10-15
23,6,17,0,Onslow,2021-10-20
22,3,19,0,Onslow,2021-10-21
15,3,12,0,Onslow,2021-10-24
35,5,30,0,Onslow,2021-10-28
11,4,7,0,Onslow,2021-10-30
5,2,3,0,Onslow,2021-10-31
35,3,32,0,Onslow,2021-11-02
26,1,25,0,Onslow,2021-11-03
6,0,6,0,Onslow,2021-11-07
22,1,21,0,Onslow,2021-11-09
22,3,19,0,Onslow,2021-11-10
18,4,14,0,Onslow,2021-11-11
11,2,9,0,Onslow,2021-11-12
5,0,5,0,Onslow,2021-11-14
35,8,27,0,Onslow,2021-11-15
26,4,22,0,Onslow,2021-11-16
16,2,14,0,Onslow,2021-11-17
26,6,20,0,Onslow,2021-11-18
15,4,11,0,Onslow,2021-11-19
9,1,8,0,Onslow,2021-11-20
10,1,9,0,Onslow,2021-11-21
29,2,27,0,Onslow,2021-11-22
15,2,13,0,Onslow,2021-11-23
17,3,14,0,Onslow,2021-11-24
20,2,18,0,Onslow,2021-11-26
21,3,18,0,Onslow,2021-11-27
15,2,13,0,Onslow,2021-11-28
91,13,78,0,Onslow,2021-11-29
52,4,48,0,Onslow,2021-11-30
50,12,38,0,Onslow,2021-12-01
61,6,55,0,Onslow,2021-12-02
21,3,18,0,Onslow,2021-12-04
21,3,18,0,Onslow,2021-12-05
69,12,57,0,Onslow,2021-12-06
41,5,36,0,Onslow,2021-12-07
43,9,34,0,Onslow,2021-12-09
37,4,33,0,Onslow,2021-12-10
18,0,18,0,Onslow,2021-12-12
67,15,52,0,Onslow,2021-12-13
49,3,46,0,Onslow,2021-12-17
14,2,12,0,Onslow,2021-12-19
83,11,72,0,Onslow,2021-12-22
83,14,69,0,Onslow,2021-12-23
47,7,40,0,Onslow,2021-12-24
15,0,15,0,Onslow,2021-12-25
214,25,189,0,Onslow,2021-12-27
322,29,293,0,Onslow,2021-12-29
342,57,285,0,Onslow,2021-12-30
162,51,111,0,Onslow,2021-12-31
140,55,85,0,Onslow,2022-01-02
441,92,349,0,Onslow,2022-01-03
842,131,711,0,Onslow,2022-01-04
740,81,659,0,Onslow,2022-01-06
189,51,138,0,Onslow,2022-01-08
224,48,176,0,Onslow,2022-01-09
931,127,804,0,Onslow,2022-01-13
704,114,590,0,Onslow,2022-01-17
1154,91,1063,0,Onslow,2022-01-18
129,4,125,0,Onslow,2022-01-30
438,55,383,0,Onslow,2022-01-31
155,20,135,0,Onslow,2022-02-08
90,11,79,0,Onslow,2022-02-15
16,3,13,0,Onslow,2022-02-19
20,2,18,0,Onslow,2022-02-20
22,0,22,0,Onslow,2022-02-21
38,4,34,0,Onslow,2022-02-23
30,1,29,0,Onslow,2022-02-25
36,7,29,0,Onslow,2022-02-28
20,7,13,0,Onslow,2022-03-01
17,4,13,0,Onslow,2022-03-03
7,1,6,0,Onslow,2022-03-04
6,1,5,0,Onslow,2022-03-06
16,1,15,0,Onslow,2022-03-07
21,4,17,0,Onslow,2022-03-08
5,1,4,0,Onslow,2022-03-09
3,0,3,0,Onslow,2022-03-12
6,1,5,0,Onslow,2022-03-13
5,0,5,0,Onslow,2022-03-15
5,0,5,0,Onslow,2022-03-17
6,0,6,0,Onslow,2022-03-18
3,0,3,0,Onslow,2022-03-19
4,1,3,0,Onslow,2022-03-20
7,0,7,0,Onslow,2022-03-21
4,0,4,0,Onslow,2022-03-22
4,1,3,0,Onslow,2022-03-23
3,0,3,0,Onslow,2022-03-24
4,1,3,0,Onslow,2022-03-25
5,3,2,0,Onslow,2022-03-26
5,4,1,0,Onslow,2022-03-27
2,0,2,0,Onslow,2022-03-28
4,1,3,0,Onslow,2022-03-29
6,2,4,0,Onslow,2022-03-30
5,1,4,0,Onslow,2022-03-31
2,1,1,0,Onslow,2022-04-01
1,0,1,0,Onslow,2022-04-02
0,0,0,0,Onslow,2022-04-03
2,1,1,0,Onslow,2022-04-04
7,0,7,0,Onslow,2022-04-05
9,0,9,0,Onslow,2022-04-06
3,0,3,0,Onslow,2022-04-08
5,0,5,0,Onslow,2022-04-09
24,2,22,0,Orange,2021-10-12
33,0,33,0,Orange,2021-10-13
8,0,8,0,Orange,2021-10-15
7,2,5,0,Orange,2021-10-17
14,3,11,0,Orange,2021-10-19
19,3,16,0,Orange,2021-10-20
18,1,17,0,Orange,2021-10-21
13,1,12,0,Orange,2021-10-22
15,1,14,0,Orange,2021-10-23
10,1,9,0,Orange,2021-10-24
21,1,20,0,Orange,2021-10-25
9,1,8,0,Orange,2021-10-27
15,1,14,0,Orange,2021-10-28
14,4,10,0,Orange,2021-10-29
7,0,7,0,Orange,2021-10-30
3,2,1,0,Orange,2021-10-31
10,0,10,0,Orange,2021-11-01
13,2,11,0,Orange,2021-11-02
16,1,15,0,Orange,2021-11-03
11,0,11,0,Orange,2021-11-04
14,0,14,0,Orange,2021-11-05
7,1,6,0,Orange,2021-11-06
20,1,19,0,Orange,2021-11-08
17,0,17,0,Orange,2021-11-09
27,0,27,0,Orange,2021-11-10
8,0,8,0,Orange,2021-11-12
9,0,9,0,Orange,2021-11-13
7,0,7,0,Orange,2021-11-14
27,0,27,0,Orange,2021-11-15
14,0,14,0,Orange,2021-11-16
17,2,15,0,Orange,2021-11-17
20,0,20,0,Orange,2021-11-18
11,0,11,0,Orange,2021-11-19
8,0,8,0,Orange,2021-11-20
19,2,17,0,Orange,2021-11-22
13,0,13,0,Orange,2021-11-23
10,0,10,0,Orange,2021-11-24
5,1,4,0,Orange,2021-11-25
15,1,14,0,Orange,2021-11-26
9,1,8,0,Orange,2021-11-27
16,0,16,0,Orange,2021-11-28
58,4,54,0,Orange,2021-11-29
36,1,35,0,Orange,2021-11-30
27,1,26,0,Orange,2021-12-01
24,1,23,0,Orange,2021-12-02
19,1,18,0,Orange,2021-12-05
32,2,30,0,Orange,2021-12-06
31,1,30,0,Orange,2021-12-07
25,0,25,0,Orange,2021-12-09
20,2,18,0,Orange,2021-12-10
10,0,10,0,Orange,2021-12-12
36,1,35,0,Orange,2021-12-13
44,1,43,0,Orange,2021-12-15
63,2,61,0,Orange,2021-12-16
30,1,29,0,Orange,2021-12-18
31,4,27,0,Orange,2021-12-19
94,2,92,0,Orange,2021-12-20
113,9,104,0,Orange,2021-12-21
120,2,118,0,Orange,2021-12-22
123,8,115,0,Orange,2021-12-23
53,9,44,0,Orange,2021-12-24
19,4,15,0,Orange,2021-12-25
113,1,112,0,Orange,2021-12-26
242,20,222,0,Orange,2021-12-27
306,12,294,0,Orange,2021-12-28
326,20,306,0,Orange,2021-12-29
287,14,273,0,Orange,2021-12-30
133,7,126,0,Orange,2021-12-31
94,8,86,0,Orange,2022-01-01
145,7,138,0,Orange,2022-01-02
475,25,450,0,Orange,2022-01-03
488,24,464,0,Orange,2022-01-05
351,14,337,0,Orange,2022-01-07
130,9,121,0,Orange,2022-01-09
577,21,556,0,Orange,2022-01-10
581,26,555,0,Orange,2022-01-11
482,26,456,0,Orange,2022-01-12
512,23,489,0,Orange,2022-01-13
209,14,195,0,Orange,2022-01-17
510,24,486,0,Orange,2022-01-18
404,13,391,0,Orange,2022-01-20
191,6,185,0,Orange,2022-01-21
49,6,43,0,Orange,2022-01-22
254,10,244,0,Orange,2022-01-26
171,11,160,0,Orange,2022-01-28
75,4,71,0,Orange,2022-01-29
226,11,215,0,Orange,2022-01-31
151,9,142,0,Orange,2022-02-01
127,7,120,0,Orange,2022-02-02
142,9,133,0,Orange,2022-02-03
53,3,50,0,Orange,2022-02-05
134,8,126,0,Orange,2022-02-07
86,3,83,0,Orange,2022-02-08
84,3,81,0,Orange,2022-02-09
73,2,71,0,Orange,2022-02-10
58,3,55,0,Orange,2022-02-11
35,3,32,0,Orange,2022-02-12
14,2,12,0,Orange,2022-02-13
74,3,71,0,Orange,2022-02-14
54,5,49,0,Orange,2022-02-15
59,7,52,0,Orange,2022-02-16
42,2,40,0,Orange,2022-02-17
21,2,19,0,Orange,2022-02-19
13,3,10,0,Orange,2022-02-20
28,1,27,0,Orange,2022-02-22
32,2,30,0,Orange,2022-02-23
25,2,23,0,Orange,2022-02-24
17,1,16,0,Orange,2022-02-25
5,2,3,0,Orange,2022-02-26
3,1,2,0,Orange,2022-02-27
21,1,20,0,Orange,2022-02-28
16,1,15,0,Orange,2022-03-01
11,2,9,0,Orange,2022-03-02
15,2,13,0,Orange,2022-03-03
13,3,10,0,Orange,2022-03-04
7,0,7,0,Orange,2022-03-05
7,0,7,0,Orange,2022-03-06
13,1,12,0,Orange,2022-03-08
20,3,17,0,Orange,2022-03-09
15,0,15,0,Orange,2022-03-10
9,1,8,0,Orange,2022-03-11
8,3,5,0,Orange,2022-03-12
6,0,6,0,Orange,2022-03-13
6,0,6,0,Orange,2022-03-14
10,2,8,0,Orange,2022-03-15
12,0,12,0,Orange,2022-03-16
8,0,8,0,Orange,2022-03-17
9,1,8,0,Orange,2022-03-18
9,0,9,0,Orange,2022-03-19
4,2,2,0,Orange,2022-03-20
21,4,17,0,Orange,2022-03-21
17,3,14,0,Orange,2022-03-22
19,1,18,0,Orange,2022-03-23
13,1,12,0,Orange,2022-03-24
18,5,13,0,Orange,2022-03-25
5,0,5,0,Orange,2022-03-26
9,0,9,0,Orange,2022-03-27
21,1,20,0,Orange,2022-03-28
21,1,20,0,Orange,2022-03-29
20,1,19,0,Orange,2022-03-30
22,2,20,0,Orange,2022-03-31
11,5,6,0,Orange,2022-04-01
7,1,6,0,Orange,2022-04-02
6,1,5,0,Orange,2022-04-03
28,2,26,0,Orange,2022-04-04
29,4,25,0,Orange,2022-04-05
57,2,55,0,Orange,2022-04-06
55,5,50,0,Orange,2022-04-07
95,2,93,0,Orange,2022-04-08
53,5,48,0,Orange,2022-04-09
3,0,3,0,Pamlico,2021-10-12
1,0,1,0,Pamlico,2021-10-13
3,0,3,0,Pamlico,2021-10-14
6,1,5,0,Pamlico,2021-10-15
3,0,3,0,Pamlico,2021-10-16
6,1,5,0,Pamlico,2021-10-19
2,1,1,0,Pamlico,2021-10-21
1,0,1,0,Pamlico,2021-10-22
0,0,0,0,Pamlico,2021-10-23
0,0,0,0,Pamlico,2021-10-24
3,0,3,0,Pamlico,2021-10-26
2,2,0,0,Pamlico,2021-10-27
3,2,1,0,Pamlico,2021-10-28
2,0,2,0,Pamlico,2021-10-29
2,0,2,0,Pamlico,2021-10-30
4,2,2,0,Pamlico,2021-10-31
2,1,1,0,Pamlico,2021-11-01
2,0,2,0,Pamlico,2021-11-02
1,0,1,0,Pamlico,2021-11-03
1,1,0,0,Pamlico,2021-11-04
0,0,0,0,Pamlico,2021-11-05
0,0,0,0,Pamlico,2021-11-06
0,0,0,0,Pamlico,2021-11-07
0,0,0,0,Pamlico,2021-11-08
0,0,0,0,Pamlico,2021-11-09
0,0,0,0,Pamlico,2021-11-10
0,0,0,0,Pamlico,2021-11-11
0,0,0,0,Pamlico,2021-11-12
0,0,0,0,Pamlico,2021-11-13
1,0,1,0,Pamlico,2021-11-14
5,1,4,0,Pamlico,2021-11-15
2,2,0,0,Pamlico,2021-11-16
3,0,3,0,Pamlico,2021-11-17
4,3,1,0,Pamlico,2021-11-18
0,0,0,0,Pamlico,2021-11-19
2,1,1,0,Pamlico,2021-11-20
0,0,0,0,Pamlico,2021-11-21
2,1,1,0,Pamlico,2021-11-22
4,1,3,0,Pamlico,2021-11-23
1,0,1,0,Pamlico,2021-11-24
0,0,0,0,Pamlico,2021-11-25
0,0,0,0,Pamlico,2021-11-26
0,0,0,0,Pamlico,2021-11-27
1,0,1,0,Pamlico,2021-11-28
2,1,1,0,Pamlico,2021-11-29
0,0,0,0,Pamlico,2021-11-30
1,0,1,0,Pamlico,2021-12-01
1,1,0,0,Pamlico,2021-12-02
0,0,0,0,Pamlico,2021-12-03
2,0,2,0,Pamlico,2021-12-04
1,0,1,0,Pamlico,2021-12-05
3,1,2,0,Pamlico,2021-12-06
1,0,1,0,Pamlico,2021-12-07
3,0,3,0,Pamlico,2021-12-08
2,0,2,0,Pamlico,2021-12-09
4,3,1,0,Pamlico,2021-12-10
0,0,0,0,Pamlico,2021-12-11
0,0,0,0,Pamlico,2021-12-12
3,1,2,0,Pamlico,2021-12-13
3,0,3,0,Pamlico,2021-12-14
1,1,0,0,Pamlico,2021-12-15
1,1,0,0,Pamlico,2021-12-16
3,2,1,0,Pamlico,2021-12-17
1,0,1,0,Pamlico,2021-12-18
4,1,3,0,Pamlico,2021-12-19
5,2,3,0,Pamlico,2021-12-20
4,0,4,0,Pamlico,2021-12-21
2,0,2,0,Pamlico,2021-12-22
2,0,2,0,Pamlico,2021-12-23
3,0,3,0,Pamlico,2021-12-24
0,0,0,0,Pamlico,2021-12-25
5,1,4,0,Pamlico,2021-12-26
10,4,6,0,Pamlico,2021-12-27
6,0,6,0,Pamlico,2021-12-28
5,3,2,0,Pamlico,2021-12-29
6,3,3,0,Pamlico,2021-12-30
5,0,5,0,Pamlico,2021-12-31
3,0,3,0,Pamlico,2022-01-01
7,2,5,0,Pamlico,2022-01-02
21,2,19,0,Pamlico,2022-01-04
18,2,16,0,Pamlico,2022-01-05
22,1,21,0,Pamlico,2022-01-06
31,4,27,0,Pamlico,2022-01-07
5,0,5,0,Pamlico,2022-01-08
4,2,2,0,Pamlico,2022-01-09
34,5,29,0,Pamlico,2022-01-10
47,6,41,0,Pamlico,2022-01-11
23,1,22,0,Pamlico,2022-01-12
36,2,34,0,Pamlico,2022-01-13
33,1,32,0,Pamlico,2022-01-14
9,0,9,0,Pamlico,2022-01-15
7,0,7,0,Pamlico,2022-01-16
24,2,22,0,Pamlico,2022-01-17
40,5,35,0,Pamlico,2022-01-18
45,4,41,0,Pamlico,2022-01-19
32,4,28,0,Pamlico,2022-01-20
5,0,5,0,Pamlico,2022-01-21
1,0,1,0,Pamlico,2022-01-22
5,0,5,0,Pamlico,2022-01-23
39,2,37,0,Pamlico,2022-01-24
22,1,21,0,Pamlico,2022-01-25
13,1,12,0,Pamlico,2022-01-26
17,3,14,0,Pamlico,2022-01-27
9,0,9,0,Pamlico,2022-01-28
5,0,5,0,Pamlico,2022-01-29
6,0,6,0,Pamlico,2022-01-30
18,4,14,0,Pamlico,2022-01-31
16,0,16,0,Pamlico,2022-02-01
13,0,13,0,Pamlico,2022-02-02
9,0,9,0,Pamlico,2022-02-03
6,0,6,0,Pamlico,2022-02-04
2,0,2,0,Pamlico,2022-02-05
8,0,8,0,Pamlico,2022-02-06
11,1,10,0,Pamlico,2022-02-07
16,1,15,0,Pamlico,2022-02-08
4,0,4,0,Pamlico,2022-02-09
4,0,4,0,Pamlico,2022-02-10
5,1,4,0,Pamlico,2022-02-11
7,0,7,0,Pamlico,2022-02-12
2,0,2,0,Pamlico,2022-02-13
3,0,3,0,Pamlico,2022-02-14
6,0,6,0,Pamlico,2022-02-15
6,0,6,0,Pamlico,2022-02-16
5,1,4,0,Pamlico,2022-02-17
2,0,2,0,Pamlico,2022-02-18
1,0,1,0,Pamlico,2022-02-19
0,0,0,0,Pamlico,2022-02-20
4,0,4,0,Pamlico,2022-02-21
2,0,2,0,Pamlico,2022-02-22
3,0,3,0,Pamlico,2022-02-23
2,0,2,0,Pamlico,2022-02-24
2,0,2,0,Pamlico,2022-02-25
1,0,1,0,Pamlico,2022-02-26
0,0,0,0,Pamlico,2022-02-27
0,0,0,0,Pamlico,2022-02-28
2,0,2,0,Pamlico,2022-03-01
1,0,1,0,Pamlico,2022-03-02
1,0,1,0,Pamlico,2022-03-03
1,0,1,0,Pamlico,2022-03-04
0,0,0,0,Pamlico,2022-03-05
0,0,0,0,Pamlico,2022-03-06
1,0,1,0,Pamlico,2022-03-07
0,0,0,0,Pamlico,2022-03-08
2,0,2,0,Pamlico,2022-03-09
0,0,0,0,Pamlico,2022-03-10
0,0,0,0,Pamlico,2022-03-11
0,0,0,0,Pamlico,2022-03-12
0,0,0,0,Pamlico,2022-03-13
0,0,0,0,Pamlico,2022-03-14
0,0,0,0,Pamlico,2022-03-15
2,0,2,0,Pamlico,2022-03-16
0,0,0,0,Pamlico,2022-03-17
0,0,0,0,Pamlico,2022-03-18
0,0,0,0,Pamlico,2022-03-19
0,0,0,0,Pamlico,2022-03-20
1,1,0,0,Pamlico,2022-03-21
0,0,0,0,Pamlico,2022-03-22
0,0,0,0,Pamlico,2022-03-23
0,0,0,0,Pamlico,2022-03-24
0,0,0,0,Pamlico,2022-03-25
0,0,0,0,Pamlico,2022-03-26
0,0,0,0,Pamlico,2022-03-27
0,0,0,0,Pamlico,2022-03-28
0,0,0,0,Pamlico,2022-03-29
1,1,0,0,Pamlico,2022-03-30
0,0,0,0,Pamlico,2022-03-31
0,0,0,0,Pamlico,2022-04-01
0,0,0,0,Pamlico,2022-04-02
0,0,0,0,Pamlico,2022-04-03
0,0,0,0,Pamlico,2022-04-04
1,1,0,0,Pamlico,2022-04-05
0,0,0,0,Pamlico,2022-04-06
0,0,0,0,Pamlico,2022-04-07
3,2,1,0,Pamlico,2022-04-08
0,0,0,0,Pamlico,2022-04-09
24,4,20,0,Pasquotank,2021-10-13
21,2,19,0,Pasquotank,2021-10-15
6,1,5,0,Pasquotank,2021-10-17
12,3,9,0,Pasquotank,2021-10-21
1,0,1,0,Pasquotank,2021-10-24
16,9,7,0,Pasquotank,2021-10-25
9,1,8,0,Pasquotank,2021-10-27
7,1,6,0,Pasquotank,2021-10-28
16,0,16,0,Pasquotank,2021-10-29
8,5,3,0,Pasquotank,2021-10-30
1,1,0,0,Pasquotank,2021-10-31
18,7,11,0,Pasquotank,2021-11-01
8,4,4,0,Pasquotank,2021-11-03
18,13,5,0,Pasquotank,2021-11-04
17,1,16,0,Pasquotank,2021-11-05
7,2,5,0,Pasquotank,2021-11-06
10,6,4,0,Pasquotank,2021-11-07
12,4,8,0,Pasquotank,2021-11-08
7,2,5,0,Pasquotank,2021-11-09
10,4,6,0,Pasquotank,2021-11-10
2,1,1,0,Pasquotank,2021-11-13
5,2,3,0,Pasquotank,2021-11-14
11,1,10,0,Pasquotank,2021-11-15
5,2,3,0,Pasquotank,2021-11-18
10,0,10,0,Pasquotank,2021-11-19
6,0,6,0,Pasquotank,2021-11-20
3,0,3,0,Pasquotank,2021-11-21
10,3,7,0,Pasquotank,2021-11-23
8,0,8,0,Pasquotank,2021-11-24
1,0,1,0,Pasquotank,2021-11-25
3,1,2,0,Pasquotank,2021-11-28
18,7,11,0,Pasquotank,2021-11-29
21,11,10,0,Pasquotank,2021-11-30
5,1,4,0,Pasquotank,2021-12-01
8,3,5,0,Pasquotank,2021-12-02
8,2,6,0,Pasquotank,2021-12-03
5,2,3,0,Pasquotank,2021-12-04
4,2,2,0,Pasquotank,2021-12-05
12,6,6,0,Pasquotank,2021-12-06
12,3,9,0,Pasquotank,2021-12-07
7,2,5,0,Pasquotank,2021-12-08
10,3,7,0,Pasquotank,2021-12-09
11,4,7,0,Pasquotank,2021-12-10
3,0,3,0,Pasquotank,2021-12-12
8,3,5,0,Pasquotank,2021-12-13
13,6,7,0,Pasquotank,2021-12-15
6,1,5,0,Pasquotank,2021-12-16
6,2,4,0,Pasquotank,2021-12-17
5,2,3,0,Pasquotank,2021-12-19
14,3,11,0,Pasquotank,2021-12-20
14,4,10,0,Pasquotank,2021-12-21
6,2,4,0,Pasquotank,2021-12-22
10,5,5,0,Pasquotank,2021-12-23
12,4,8,0,Pasquotank,2021-12-24
6,2,4,0,Pasquotank,2021-12-25
17,3,14,0,Pasquotank,2021-12-26
48,13,35,0,Pasquotank,2021-12-27
56,12,44,0,Pasquotank,2021-12-29
58,12,46,0,Pasquotank,2021-12-30
46,5,41,0,Pasquotank,2021-12-31
35,3,32,0,Pasquotank,2022-01-01
37,7,30,0,Pasquotank,2022-01-02
118,15,103,0,Pasquotank,2022-01-03
105,23,82,0,Pasquotank,2022-01-04
107,25,82,0,Pasquotank,2022-01-05
101,25,76,0,Pasquotank,2022-01-06
68,25,43,0,Pasquotank,2022-01-07
35,3,32,0,Pasquotank,2022-01-08
33,2,31,0,Pasquotank,2022-01-09
135,38,97,0,Pasquotank,2022-01-10
71,34,37,0,Pasquotank,2022-01-11
67,19,48,0,Pasquotank,2022-01-12
65,33,32,0,Pasquotank,2022-01-13
75,31,44,0,Pasquotank,2022-01-14
40,16,24,0,Pasquotank,2022-01-15
45,19,26,0,Pasquotank,2022-01-16
86,21,65,0,Pasquotank,2022-01-17
102,20,82,0,Pasquotank,2022-01-18
138,19,119,0,Pasquotank,2022-01-19
101,13,88,0,Pasquotank,2022-01-20
26,7,19,0,Pasquotank,2022-01-21
9,0,9,0,Pasquotank,2022-01-22
29,2,27,0,Pasquotank,2022-01-23
94,16,78,0,Pasquotank,2022-01-24
90,24,66,0,Pasquotank,2022-01-25
66,6,60,0,Pasquotank,2022-01-26
63,12,51,0,Pasquotank,2022-01-27
43,8,35,0,Pasquotank,2022-01-28
16,2,14,0,Pasquotank,2022-01-29
14,1,13,0,Pasquotank,2022-01-30
45,9,36,0,Pasquotank,2022-01-31
33,9,24,0,Pasquotank,2022-02-01
30,5,25,0,Pasquotank,2022-02-02
35,11,24,0,Pasquotank,2022-02-03
19,5,14,0,Pasquotank,2022-02-04
9,1,8,0,Pasquotank,2022-02-05
4,0,4,0,Pasquotank,2022-02-06
34,6,28,0,Pasquotank,2022-02-07
6,4,2,0,Pasquotank,2022-02-08
6,0,6,0,Pasquotank,2022-02-09
8,1,7,0,Pasquotank,2022-02-10
3,0,3,0,Pasquotank,2022-02-11
6,2,4,0,Pasquotank,2022-02-12
2,1,1,0,Pasquotank,2022-02-13
9,2,7,0,Pasquotank,2022-02-14
8,5,3,0,Pasquotank,2022-02-15
27,1,26,0,Pasquotank,2022-02-16
13,4,9,0,Pasquotank,2022-02-17
5,1,4,0,Pasquotank,2022-02-18
2,1,1,0,Pasquotank,2022-02-19
4,0,4,0,Pasquotank,2022-02-20
4,0,4,0,Pasquotank,2022-02-21
5,0,5,0,Pasquotank,2022-02-22
7,5,2,0,Pasquotank,2022-02-23
9,2,7,0,Pasquotank,2022-02-24
0,0,0,0,Pasquotank,2022-02-25
2,0,2,0,Pasquotank,2022-02-26
1,0,1,0,Pasquotank,2022-02-27
5,1,4,0,Pasquotank,2022-02-28
5,3,2,0,Pasquotank,2022-03-01
2,0,2,0,Pasquotank,2022-03-02
1,0,1,0,Pasquotank,2022-03-03
2,0,2,0,Pasquotank,2022-03-04
0,0,0,0,Pasquotank,2022-03-05
0,0,0,0,Pasquotank,2022-03-06
3,1,2,0,Pasquotank,2022-03-07
1,1,0,0,Pasquotank,2022-03-08
0,0,0,0,Pasquotank,2022-03-09
1,0,1,0,Pasquotank,2022-03-10
2,0,2,0,Pasquotank,2022-03-11
0,0,0,0,Pasquotank,2022-03-12
2,1,1,0,Pasquotank,2022-03-13
0,0,0,0,Pasquotank,2022-03-14
0,0,0,0,Pasquotank,2022-03-15
2,0,2,0,Pasquotank,2022-03-16
3,2,1,0,Pasquotank,2022-03-17
0,0,0,0,Pasquotank,2022-03-18
1,0,1,0,Pasquotank,2022-03-19
0,0,0,0,Pasquotank,2022-03-20
0,0,0,0,Pasquotank,2022-03-21
0,0,0,0,Pasquotank,2022-03-22
2,2,0,0,Pasquotank,2022-03-23
0,0,0,0,Pasquotank,2022-03-24
4,2,2,0,Pasquotank,2022-03-25
0,0,0,0,Pasquotank,2022-03-26
0,0,0,0,Pasquotank,2022-03-27
2,1,1,0,Pasquotank,2022-03-28
0,0,0,0,Pasquotank,2022-03-29
1,1,0,0,Pasquotank,2022-03-30
0,0,0,0,Pasquotank,2022-03-31
0,0,0,0,Pasquotank,2022-04-01
0,0,0,0,Pasquotank,2022-04-02
0,0,0,0,Pasquotank,2022-04-03
0,0,0,0,Pasquotank,2022-04-04
1,0,1,0,Pasquotank,2022-04-05
1,0,1,0,Pasquotank,2022-04-06
2,0,2,0,Pasquotank,2022-04-07
0,0,0,0,Pasquotank,2022-04-08
0,0,0,0,Pasquotank,2022-04-09
11,2,9,0,Pender,2021-10-12
10,1,9,0,Pender,2021-10-13
5,2,3,0,Pender,2021-10-16
3,0,3,0,Pender,2021-10-17
16,2,14,0,Pender,2021-10-18
7,0,7,0,Pender,2021-10-19
3,0,3,0,Pender,2021-10-21
8,0,8,0,Pender,2021-10-22
3,0,3,0,Pender,2021-10-23
4,0,4,0,Pender,2021-10-24
6,0,6,0,Pender,2021-10-25
5,0,5,0,Pender,2021-10-26
7,0,7,0,Pender,2021-10-27
6,1,5,0,Pender,2021-10-28
8,1,7,0,Pender,2021-10-29
4,0,4,0,Pender,2021-10-30
8,3,5,0,Pender,2021-11-01
17,3,14,0,Pender,2021-11-02
16,5,11,0,Pender,2021-11-03
9,0,9,0,Pender,2021-11-04
14,6,8,0,Pender,2021-11-05
3,2,1,0,Pender,2021-11-06
12,3,9,0,Pender,2021-11-08
12,4,8,0,Pender,2021-11-09
23,4,19,0,Pender,2021-11-10
15,7,8,0,Pender,2021-11-11
15,6,9,0,Pender,2021-11-12
4,2,2,0,Pender,2021-11-13
13,3,10,0,Pender,2021-11-14
23,5,18,0,Pender,2021-11-15
11,2,9,0,Pender,2021-11-16
21,7,14,0,Pender,2021-11-17
15,3,12,0,Pender,2021-11-18
14,0,14,0,Pender,2021-11-19
15,1,14,0,Pender,2021-11-21
14,3,11,0,Pender,2021-11-23
15,4,11,0,Pender,2021-11-24
0,0,0,0,Pender,2021-11-25
8,3,5,0,Pender,2021-11-26
10,1,9,0,Pender,2021-11-27
24,7,17,0,Pender,2021-11-28
37,7,30,0,Pender,2021-11-30
19,4,15,0,Pender,2021-12-01
18,3,15,0,Pender,2021-12-02
18,4,14,0,Pender,2021-12-03
7,1,6,0,Pender,2021-12-04
3,2,1,0,Pender,2021-12-05
25,10,15,0,Pender,2021-12-06
16,3,13,0,Pender,2021-12-07
14,3,11,0,Pender,2021-12-08
13,2,11,0,Pender,2021-12-09
18,6,12,0,Pender,2021-12-10
6,0,6,0,Pender,2021-12-11
8,5,3,0,Pender,2021-12-12
23,4,19,0,Pender,2021-12-13
27,7,20,0,Pender,2021-12-14
12,0,12,0,Pender,2021-12-17
15,0,15,0,Pender,2021-12-19
36,3,33,0,Pender,2021-12-20
38,7,31,0,Pender,2021-12-21
31,5,26,0,Pender,2021-12-22
40,7,33,0,Pender,2021-12-23
20,9,11,0,Pender,2021-12-24
13,0,13,0,Pender,2021-12-25
36,10,26,0,Pender,2021-12-26
92,5,87,0,Pender,2021-12-29
110,19,91,0,Pender,2021-12-30
47,10,37,0,Pender,2021-12-31
26,7,19,0,Pender,2022-01-01
44,10,34,0,Pender,2022-01-02
200,18,182,0,Pender,2022-01-03
156,37,119,0,Pender,2022-01-04
112,14,98,0,Pender,2022-01-05
158,17,141,0,Pender,2022-01-06
129,14,115,0,Pender,2022-01-07
251,32,219,0,Pender,2022-01-10
221,20,201,0,Pender,2022-01-11
220,26,194,0,Pender,2022-01-13
185,24,161,0,Pender,2022-01-14
115,21,94,0,Pender,2022-01-15
63,7,56,0,Pender,2022-01-16
345,53,292,0,Pender,2022-01-18
281,42,239,0,Pender,2022-01-19
225,26,199,0,Pender,2022-01-20
36,5,31,0,Pender,2022-01-22
56,17,39,0,Pender,2022-01-23
266,43,223,0,Pender,2022-01-24
164,16,148,0,Pender,2022-01-25
104,18,86,0,Pender,2022-01-27
102,14,88,0,Pender,2022-01-28
33,2,31,0,Pender,2022-01-30
77,6,71,0,Pender,2022-02-01
63,14,49,0,Pender,2022-02-02
62,9,53,0,Pender,2022-02-03
15,4,11,0,Pender,2022-02-05
18,0,18,0,Pender,2022-02-06
82,14,68,0,Pender,2022-02-07
35,2,33,0,Pender,2022-02-08
24,1,23,0,Pender,2022-02-10
12,1,11,0,Pender,2022-02-12
4,1,3,0,Pender,2022-02-13
13,0,13,0,Pender,2022-02-15
17,2,15,0,Pender,2022-02-16
5,0,5,0,Pender,2022-02-17
9,3,6,0,Pender,2022-02-18
4,1,3,0,Pender,2022-02-20
8,0,8,0,Pender,2022-02-21
11,1,10,0,Pender,2022-02-22
4,0,4,0,Pender,2022-02-23
5,1,4,0,Pender,2022-02-24
7,1,6,0,Pender,2022-02-25
1,0,1,0,Pender,2022-02-26
5,1,4,0,Pender,2022-02-27
1,0,1,0,Pender,2022-02-28
4,1,3,0,Pender,2022-03-01
1,0,1,0,Pender,2022-03-02
5,2,3,0,Pender,2022-03-03
2,0,2,0,Pender,2022-03-04
1,0,1,0,Pender,2022-03-05
2,0,2,0,Pender,2022-03-06
3,0,3,0,Pender,2022-03-07
3,0,3,0,Pender,2022-03-08
1,0,1,0,Pender,2022-03-09
0,0,0,0,Pender,2022-03-10
1,0,1,0,Pender,2022-03-11
1,0,1,0,Pender,2022-03-12
0,0,0,0,Pender,2022-03-13
7,6,1,0,Pender,2022-03-14
7,1,6,0,Pender,2022-03-15
2,0,2,0,Pender,2022-03-16
5,0,5,0,Pender,2022-03-17
0,0,0,0,Pender,2022-03-18
1,0,1,0,Pender,2022-03-19
0,0,0,0,Pender,2022-03-20
2,0,2,0,Pender,2022-03-21
1,0,1,0,Pender,2022-03-22
0,0,0,0,Pender,2022-03-23
1,0,1,0,Pender,2022-03-24
0,0,0,0,Pender,2022-03-25
0,0,0,0,Pender,2022-03-26
0,0,0,0,Pender,2022-03-27
3,0,3,0,Pender,2022-03-28
1,0,1,0,Pender,2022-03-29
3,0,3,0,Pender,2022-03-30
2,0,2,0,Pender,2022-03-31
2,0,2,0,Pender,2022-04-01
0,0,0,0,Pender,2022-04-02
0,0,0,0,Pender,2022-04-03
3,0,3,0,Pender,2022-04-04
0,0,0,0,Pender,2022-04-05
2,0,2,0,Pender,2022-04-06
5,0,5,0,Pender,2022-04-07
9,0,9,0,Pender,2022-04-08
2,0,2,0,Pender,2022-04-09
7,2,5,0,Perquimans,2021-10-12
7,1,6,0,Perquimans,2021-10-13
7,0,7,0,Perquimans,2021-10-14
1,0,1,0,Perquimans,2021-10-15
2,0,2,0,Perquimans,2021-10-16
3,2,1,0,Perquimans,2021-10-17
3,1,2,0,Perquimans,2021-10-18
9,4,5,0,Perquimans,2021-10-19
2,0,2,0,Perquimans,2021-10-20
2,1,1,0,Perquimans,2021-10-21
8,2,6,0,Perquimans,2021-10-22
1,0,1,0,Perquimans,2021-10-23
3,0,3,0,Perquimans,2021-10-24
7,0,7,0,Perquimans,2021-10-25
8,1,7,0,Perquimans,2021-10-26
5,1,4,0,Perquimans,2021-10-27
5,1,4,0,Perquimans,2021-10-28
5,1,4,0,Perquimans,2021-10-29
2,0,2,0,Perquimans,2021-10-30
0,0,0,0,Perquimans,2021-10-31
9,1,8,0,Perquimans,2021-11-01
1,0,1,0,Perquimans,2021-11-02
1,1,0,0,Perquimans,2021-11-03
5,2,3,0,Perquimans,2021-11-04
0,0,0,0,Perquimans,2021-11-05
1,0,1,0,Perquimans,2021-11-06
3,3,0,0,Perquimans,2021-11-07
9,3,6,0,Perquimans,2021-11-08
7,5,2,0,Perquimans,2021-11-09
1,1,0,0,Perquimans,2021-11-10
4,1,3,0,Perquimans,2021-11-11
3,1,2,0,Perquimans,2021-11-12
2,0,2,0,Perquimans,2021-11-13
1,0,1,0,Perquimans,2021-11-14
12,8,4,0,Perquimans,2021-11-15
5,1,4,0,Perquimans,2021-11-16
3,0,3,0,Perquimans,2021-11-17
7,4,3,0,Perquimans,2021-11-18
5,1,4,0,Perquimans,2021-11-19
3,0,3,0,Perquimans,2021-11-20
3,0,3,0,Perquimans,2021-11-21
8,0,8,0,Perquimans,2021-11-22
3,0,3,0,Perquimans,2021-11-23
9,1,8,0,Perquimans,2021-11-24
2,0,2,0,Perquimans,2021-11-26
5,0,5,0,Perquimans,2021-11-27
3,0,3,0,Perquimans,2021-11-28
9,2,7,0,Perquimans,2021-11-29
3,0,3,0,Perquimans,2021-11-30
2,0,2,0,Perquimans,2021-12-01
1,1,0,0,Perquimans,2021-12-02
2,0,2,0,Perquimans,2021-12-03
7,0,7,0,Perquimans,2021-12-04
2,2,0,0,Perquimans,2021-12-05
4,2,2,0,Perquimans,2021-12-06
7,0,7,0,Perquimans,2021-12-07
3,1,2,0,Perquimans,2021-12-08
0,0,0,0,Perquimans,2021-12-10
4,0,4,0,Perquimans,2021-12-11
1,0,1,0,Perquimans,2021-12-12
0,0,0,0,Perquimans,2021-12-13
2,0,2,0,Perquimans,2021-12-15
9,3,6,0,Perquimans,2021-12-16
3,2,1,0,Perquimans,2021-12-17
6,1,5,0,Perquimans,2021-12-18
0,0,0,0,Perquimans,2021-12-19
10,5,5,0,Perquimans,2021-12-20
3,1,2,0,Perquimans,2021-12-21
15,6,9,0,Perquimans,2021-12-22
6,0,6,0,Perquimans,2021-12-23
3,0,3,0,Perquimans,2021-12-24
0,0,0,0,Perquimans,2021-12-25
5,1,4,0,Perquimans,2021-12-26
12,1,11,0,Perquimans,2021-12-27
26,0,26,0,Perquimans,2021-12-28
17,1,16,0,Perquimans,2021-12-29
18,5,13,0,Perquimans,2021-12-30
9,0,9,0,Perquimans,2021-12-31
8,0,8,0,Perquimans,2022-01-01
3,0,3,0,Perquimans,2022-01-02
30,3,27,0,Perquimans,2022-01-03
55,10,45,0,Perquimans,2022-01-04
32,4,28,0,Perquimans,2022-01-05
33,8,25,0,Perquimans,2022-01-06
32,16,16,0,Perquimans,2022-01-07
13,0,13,0,Perquimans,2022-01-08
13,0,13,0,Perquimans,2022-01-09
52,19,33,0,Perquimans,2022-01-10
35,7,28,0,Perquimans,2022-01-11
21,6,15,0,Perquimans,2022-01-13
34,6,28,0,Perquimans,2022-01-14
18,2,16,0,Perquimans,2022-01-15
10,3,7,0,Perquimans,2022-01-16
32,4,28,0,Perquimans,2022-01-17
45,7,38,0,Perquimans,2022-01-18
24,5,19,0,Perquimans,2022-01-19
10,1,9,0,Perquimans,2022-01-21
6,1,5,0,Perquimans,2022-01-22
6,0,6,0,Perquimans,2022-01-23
29,4,25,0,Perquimans,2022-01-24
24,5,19,0,Perquimans,2022-01-25
21,7,14,0,Perquimans,2022-01-26
22,6,16,0,Perquimans,2022-01-27
11,1,10,0,Perquimans,2022-01-28
4,0,4,0,Perquimans,2022-01-29
5,0,5,0,Perquimans,2022-01-30
19,3,16,0,Perquimans,2022-01-31
12,4,8,0,Perquimans,2022-02-01
8,1,7,0,Perquimans,2022-02-02
13,0,13,0,Perquimans,2022-02-03
3,1,2,0,Perquimans,2022-02-04
5,3,2,0,Perquimans,2022-02-05
5,1,4,0,Perquimans,2022-02-06
12,3,9,0,Perquimans,2022-02-07
5,1,4,0,Perquimans,2022-02-08
17,0,17,0,Perquimans,2022-02-09
4,2,2,0,Perquimans,2022-02-10
3,0,3,0,Perquimans,2022-02-11
1,0,1,0,Perquimans,2022-02-12
6,1,5,0,Perquimans,2022-02-13
7,3,4,0,Perquimans,2022-02-14
2,0,2,0,Perquimans,2022-02-15
0,0,0,0,Perquimans,2022-02-16
2,0,2,0,Perquimans,2022-02-17
2,0,2,0,Perquimans,2022-02-18
0,0,0,0,Perquimans,2022-02-19
2,0,2,0,Perquimans,2022-02-20
4,0,4,0,Perquimans,2022-02-21
2,2,0,0,Perquimans,2022-02-22
1,1,0,0,Perquimans,2022-02-23
0,0,0,0,Perquimans,2022-02-24
0,0,0,0,Perquimans,2022-02-25
1,0,1,0,Perquimans,2022-02-26
0,0,0,0,Perquimans,2022-02-27
1,0,1,0,Perquimans,2022-02-28
1,0,1,0,Perquimans,2022-03-01
1,0,1,0,Perquimans,2022-03-02
1,0,1,0,Perquimans,2022-03-03
1,1,0,0,Perquimans,2022-03-04
0,0,0,0,Perquimans,2022-03-05
1,0,1,0,Perquimans,2022-03-06
0,0,0,0,Perquimans,2022-03-07
2,0,2,0,Perquimans,2022-03-08
0,0,0,0,Perquimans,2022-03-09
0,0,0,0,Perquimans,2022-03-10
3,0,3,0,Perquimans,2022-03-11
0,0,0,0,Perquimans,2022-03-12
1,0,1,0,Perquimans,2022-03-13
0,0,0,0,Perquimans,2022-03-14
0,0,0,0,Perquimans,2022-03-15
0,0,0,0,Perquimans,2022-03-16
0,0,0,0,Perquimans,2022-03-17
1,1,0,0,Perquimans,2022-03-18
0,0,0,0,Perquimans,2022-03-19
0,0,0,0,Perquimans,2022-03-20
0,0,0,0,Perquimans,2022-03-21
0,0,0,0,Perquimans,2022-03-22
0,0,0,0,Perquimans,2022-03-23
1,0,1,0,Perquimans,2022-03-24
0,0,0,0,Perquimans,2022-03-25
0,0,0,0,Perquimans,2022-03-26
1,1,0,0,Perquimans,2022-03-27
0,0,0,0,Perquimans,2022-03-28
0,0,0,0,Perquimans,2022-03-29
0,0,0,0,Perquimans,2022-03-30
0,0,0,0,Perquimans,2022-03-31
0,0,0,0,Perquimans,2022-04-01
0,0,0,0,Perquimans,2022-04-02
0,0,0,0,Perquimans,2022-04-03
1,0,1,0,Perquimans,2022-04-04
0,0,0,0,Perquimans,2022-04-05
1,0,1,0,Perquimans,2022-04-06
0,0,0,0,Perquimans,2022-04-07
0,0,0,0,Perquimans,2022-04-08
0,0,0,0,Perquimans,2022-04-09
10,3,7,0,Person,2021-10-12
4,1,3,0,Person,2021-10-13
4,3,1,0,Person,2021-10-14
8,4,4,0,Person,2021-10-15
1,0,1,0,Person,2021-10-16
1,0,1,0,Person,2021-10-17
4,0,4,0,Person,2021-10-18
6,0,6,0,Person,2021-10-19
6,3,3,0,Person,2021-10-21
5,0,5,0,Person,2021-10-22
3,1,2,0,Person,2021-10-23
4,1,3,0,Person,2021-10-24
7,0,7,0,Person,2021-10-26
4,1,3,0,Person,2021-10-27
7,1,6,0,Person,2021-10-28
8,0,8,0,Person,2021-10-29
5,0,5,0,Person,2021-10-30
0,0,0,0,Person,2021-10-31
6,0,6,0,Person,2021-11-01
0,0,0,0,Person,2021-11-02
12,2,10,0,Person,2021-11-03
6,1,5,0,Person,2021-11-04
4,1,3,0,Person,2021-11-05
3,2,1,0,Person,2021-11-06
7,3,4,0,Person,2021-11-09
2,1,1,0,Person,2021-11-10
7,3,4,0,Person,2021-11-11
9,3,6,0,Person,2021-11-12
7,1,6,0,Person,2021-11-13
9,1,8,0,Person,2021-11-14
10,3,7,0,Person,2021-11-15
6,1,5,0,Person,2021-11-16
15,1,14,0,Person,2021-11-18
12,7,5,0,Person,2021-11-19
7,1,6,0,Person,2021-11-20
11,4,7,0,Person,2021-11-21
18,4,14,0,Person,2021-11-22
5,1,4,0,Person,2021-11-24
4,2,2,0,Person,2021-11-25
5,0,5,0,Person,2021-11-26
13,3,10,0,Person,2021-11-27
13,4,9,0,Person,2021-11-28
42,13,29,0,Person,2021-11-29
29,3,26,0,Person,2021-11-30
15,5,10,0,Person,2021-12-01
23,5,18,0,Person,2021-12-02
18,2,16,0,Person,2021-12-03
7,1,6,0,Person,2021-12-04
12,4,8,0,Person,2021-12-05
21,7,14,0,Person,2021-12-06
21,3,18,0,Person,2021-12-07
19,4,15,0,Person,2021-12-08
16,6,10,0,Person,2021-12-09
14,2,12,0,Person,2021-12-10
24,3,21,0,Person,2021-12-13
17,1,16,0,Person,2021-12-14
21,9,12,0,Person,2021-12-16
19,2,17,0,Person,2021-12-20
27,10,17,0,Person,2021-12-21
17,2,15,0,Person,2021-12-22
30,4,26,0,Person,2021-12-23
6,1,5,0,Person,2021-12-24
7,0,7,0,Person,2021-12-25
15,4,11,0,Person,2021-12-26
49,17,32,0,Person,2021-12-27
82,11,71,0,Person,2021-12-28
81,15,66,0,Person,2021-12-29
52,13,39,0,Person,2021-12-31
35,10,25,0,Person,2022-01-01
32,12,20,0,Person,2022-01-02
59,27,32,0,Person,2022-01-03
144,16,128,0,Person,2022-01-04
118,23,95,0,Person,2022-01-05
77,15,62,0,Person,2022-01-07
39,6,33,0,Person,2022-01-09
153,12,141,0,Person,2022-01-10
135,22,113,0,Person,2022-01-11
108,6,102,0,Person,2022-01-13
90,5,85,0,Person,2022-01-14
7,0,7,0,Person,2022-01-16
63,3,60,0,Person,2022-01-17
61,15,46,0,Person,2022-01-21
24,1,23,0,Person,2022-01-22
51,3,48,0,Person,2022-01-23
145,23,122,0,Person,2022-01-24
73,12,61,0,Person,2022-01-26
66,8,58,0,Person,2022-01-27
58,16,42,0,Person,2022-01-28
33,11,22,0,Person,2022-01-30
72,14,58,0,Person,2022-01-31
48,18,30,0,Person,2022-02-01
43,5,38,0,Person,2022-02-02
30,6,24,0,Person,2022-02-04
15,3,12,0,Person,2022-02-05
15,1,14,0,Person,2022-02-06
27,4,23,0,Person,2022-02-07
30,6,24,0,Person,2022-02-08
14,2,12,0,Person,2022-02-09
22,6,16,0,Person,2022-02-10
9,2,7,0,Person,2022-02-11
9,2,7,0,Person,2022-02-12
4,0,4,0,Person,2022-02-13
18,4,14,0,Person,2022-02-14
11,2,9,0,Person,2022-02-15
10,2,8,0,Person,2022-02-16
14,2,12,0,Person,2022-02-17
8,2,6,0,Person,2022-02-18
6,2,4,0,Person,2022-02-19
2,0,2,0,Person,2022-02-20
6,1,5,0,Person,2022-02-21
10,3,7,0,Person,2022-02-22
13,2,11,0,Person,2022-02-23
5,3,2,0,Person,2022-02-24
5,2,3,0,Person,2022-02-25
1,0,1,0,Person,2022-02-26
4,0,4,0,Person,2022-02-27
3,1,2,0,Person,2022-02-28
7,2,5,0,Person,2022-03-01
11,3,8,0,Person,2022-03-02
4,0,4,0,Person,2022-03-03
3,0,3,0,Person,2022-03-04
1,0,1,0,Person,2022-03-05
3,3,0,0,Person,2022-03-06
2,1,1,0,Person,2022-03-07
2,1,1,0,Person,2022-03-08
6,1,5,0,Person,2022-03-09
0,0,0,0,Person,2022-03-10
1,0,1,0,Person,2022-03-11
0,0,0,0,Person,2022-03-12
1,0,1,0,Person,2022-03-13
5,0,5,0,Person,2022-03-14
1,1,0,0,Person,2022-03-15
1,1,0,0,Person,2022-03-16
3,0,3,0,Person,2022-03-17
1,1,0,0,Person,2022-03-18
1,0,1,0,Person,2022-03-19
1,1,0,0,Person,2022-03-20
3,0,3,0,Person,2022-03-21
2,0,2,0,Person,2022-03-22
1,1,0,0,Person,2022-03-23
0,0,0,0,Person,2022-03-24
0,0,0,0,Person,2022-03-25
1,0,1,0,Person,2022-03-26
0,0,0,0,Person,2022-03-27
0,0,0,0,Person,2022-03-28
1,1,0,0,Person,2022-03-29
2,0,2,0,Person,2022-03-30
2,1,1,0,Person,2022-03-31
2,0,2,0,Person,2022-04-01
1,1,0,0,Person,2022-04-02
0,0,0,0,Person,2022-04-03
3,0,3,0,Person,2022-04-04
2,1,1,0,Person,2022-04-05
1,0,1,0,Person,2022-04-06
3,0,3,0,Person,2022-04-07
0,0,0,0,Person,2022-04-08
2,1,1,0,Person,2022-04-09
42,2,40,0,Pitt,2021-10-12
58,3,55,0,Pitt,2021-10-19
29,1,28,0,Pitt,2021-10-21
27,2,25,0,Pitt,2021-10-24
39,2,37,0,Pitt,2021-10-27
20,0,20,0,Pitt,2021-10-28
26,1,25,0,Pitt,2021-10-29
9,0,9,0,Pitt,2021-10-30
27,1,26,0,Pitt,2021-11-02
19,4,15,0,Pitt,2021-11-03
18,2,16,0,Pitt,2021-11-04
33,1,32,0,Pitt,2021-11-05
6,0,6,0,Pitt,2021-11-06
36,4,32,0,Pitt,2021-11-08
21,2,19,0,Pitt,2021-11-09
30,1,29,0,Pitt,2021-11-10
23,9,14,0,Pitt,2021-11-12
7,1,6,0,Pitt,2021-11-13
14,0,14,0,Pitt,2021-11-14
38,4,34,0,Pitt,2021-11-15
29,2,27,0,Pitt,2021-11-17
27,0,27,0,Pitt,2021-11-18
13,0,13,0,Pitt,2021-11-19
6,0,6,0,Pitt,2021-11-20
19,0,19,0,Pitt,2021-11-23
28,2,26,0,Pitt,2021-11-24
4,2,2,0,Pitt,2021-11-25
33,0,33,0,Pitt,2021-11-26
29,1,28,0,Pitt,2021-11-28
65,10,55,0,Pitt,2021-11-29
50,6,44,0,Pitt,2021-11-30
65,8,57,0,Pitt,2021-12-01
65,4,61,0,Pitt,2021-12-02
16,0,16,0,Pitt,2021-12-04
44,1,43,0,Pitt,2021-12-05
70,9,61,0,Pitt,2021-12-07
66,7,59,0,Pitt,2021-12-09
64,1,63,0,Pitt,2021-12-10
17,2,15,0,Pitt,2021-12-11
34,3,31,0,Pitt,2021-12-12
70,8,62,0,Pitt,2021-12-13
70,8,62,0,Pitt,2021-12-15
54,5,49,0,Pitt,2021-12-16
36,2,34,0,Pitt,2021-12-17
41,1,40,0,Pitt,2021-12-19
86,8,78,0,Pitt,2021-12-20
101,5,96,0,Pitt,2021-12-21
130,10,120,0,Pitt,2021-12-22
146,8,138,0,Pitt,2021-12-23
35,11,24,0,Pitt,2021-12-24
21,5,16,0,Pitt,2021-12-25
52,7,45,0,Pitt,2021-12-26
423,23,400,0,Pitt,2021-12-27
496,34,462,0,Pitt,2021-12-29
521,41,480,0,Pitt,2021-12-30
348,11,337,0,Pitt,2021-12-31
86,12,74,0,Pitt,2022-01-01
217,21,196,0,Pitt,2022-01-02
650,76,574,0,Pitt,2022-01-03
907,74,833,0,Pitt,2022-01-04
648,37,611,0,Pitt,2022-01-05
686,51,635,0,Pitt,2022-01-07
355,14,341,0,Pitt,2022-01-09
1048,61,987,0,Pitt,2022-01-10
976,59,917,0,Pitt,2022-01-11
853,78,775,0,Pitt,2022-01-13
823,74,749,0,Pitt,2022-01-14
670,77,593,0,Pitt,2022-01-17
1046,86,960,0,Pitt,2022-01-18
843,89,754,0,Pitt,2022-01-19
715,64,651,0,Pitt,2022-01-20
109,0,109,0,Pitt,2022-01-21
56,1,55,0,Pitt,2022-01-22
246,11,235,0,Pitt,2022-01-23
449,52,397,0,Pitt,2022-01-26
287,26,261,0,Pitt,2022-01-28
70,12,58,0,Pitt,2022-01-29
129,5,124,0,Pitt,2022-01-30
313,32,281,0,Pitt,2022-01-31
242,24,218,0,Pitt,2022-02-01
175,12,163,0,Pitt,2022-02-02
160,15,145,0,Pitt,2022-02-03
157,8,149,0,Pitt,2022-02-04
61,2,59,0,Pitt,2022-02-06
146,11,135,0,Pitt,2022-02-07
133,14,119,0,Pitt,2022-02-08
95,10,85,0,Pitt,2022-02-09
93,8,85,0,Pitt,2022-02-10
63,7,56,0,Pitt,2022-02-11
20,1,19,0,Pitt,2022-02-12
41,3,38,0,Pitt,2022-02-13
62,13,49,0,Pitt,2022-02-15
42,7,35,0,Pitt,2022-02-16
41,2,39,0,Pitt,2022-02-17
41,4,37,0,Pitt,2022-02-21
42,6,36,0,Pitt,2022-02-22
7,0,7,0,Pitt,2022-02-27
28,2,26,0,Pitt,2022-02-28
11,1,10,0,Pitt,2022-03-01
10,1,9,0,Pitt,2022-03-02
20,4,16,0,Pitt,2022-03-03
5,2,3,0,Pitt,2022-03-05
15,3,12,0,Pitt,2022-03-07
4,2,2,0,Pitt,2022-03-08
9,2,7,0,Pitt,2022-03-09
9,2,7,0,Pitt,2022-03-10
5,1,4,0,Pitt,2022-03-11
1,0,1,0,Pitt,2022-03-12
1,0,1,0,Pitt,2022-03-13
4,0,4,0,Pitt,2022-03-14
4,1,3,0,Pitt,2022-03-15
2,0,2,0,Pitt,2022-03-16
9,1,8,0,Pitt,2022-03-17
6,1,5,0,Pitt,2022-03-18
3,0,3,0,Pitt,2022-03-19
2,0,2,0,Pitt,2022-03-20
4,1,3,0,Pitt,2022-03-21
4,1,3,0,Pitt,2022-03-22
5,0,5,0,Pitt,2022-03-23
3,1,2,0,Pitt,2022-03-24
4,0,4,0,Pitt,2022-03-25
3,0,3,0,Pitt,2022-03-26
0,0,0,0,Pitt,2022-03-27
7,0,7,0,Pitt,2022-03-28
3,1,2,0,Pitt,2022-03-29
4,1,3,0,Pitt,2022-03-30
2,0,2,0,Pitt,2022-03-31
4,0,4,0,Pitt,2022-04-01
3,0,3,0,Pitt,2022-04-02
4,0,4,0,Pitt,2022-04-03
9,3,6,0,Pitt,2022-04-04
13,1,12,0,Pitt,2022-04-05
12,0,12,0,Pitt,2022-04-06
10,0,10,0,Pitt,2022-04-07
12,0,12,0,Pitt,2022-04-08
6,0,6,0,Pitt,2022-04-09
8,2,6,0,Polk,2021-10-12
3,2,1,0,Polk,2021-10-13
3,1,2,0,Polk,2021-10-14
2,2,0,0,Polk,2021-10-15
1,1,0,0,Polk,2021-10-16
8,4,4,0,Polk,2021-10-18
8,5,3,0,Polk,2021-10-19
2,1,1,0,Polk,2021-10-21
3,3,0,0,Polk,2021-10-23
3,3,0,0,Polk,2021-10-24
4,1,3,0,Polk,2021-10-25
3,2,1,0,Polk,2021-10-27
0,0,0,0,Polk,2021-10-28
4,1,3,0,Polk,2021-10-29
3,1,2,0,Polk,2021-10-30
2,0,2,0,Polk,2021-10-31
7,4,3,0,Polk,2021-11-01
4,0,4,0,Polk,2021-11-02
4,2,2,0,Polk,2021-11-03
5,1,4,0,Polk,2021-11-04
3,3,0,0,Polk,2021-11-05
3,1,2,0,Polk,2021-11-06
0,0,0,0,Polk,2021-11-07
4,4,0,0,Polk,2021-11-08
2,1,1,0,Polk,2021-11-09
0,0,0,0,Polk,2021-11-10
3,3,0,0,Polk,2021-11-11
9,4,5,0,Polk,2021-11-12
0,0,0,0,Polk,2021-11-14
8,3,5,0,Polk,2021-11-15
3,2,1,0,Polk,2021-11-16
4,2,2,0,Polk,2021-11-17
1,1,0,0,Polk,2021-11-18
2,2,0,0,Polk,2021-11-19
1,0,1,0,Polk,2021-11-20
1,1,0,0,Polk,2021-11-21
5,3,2,0,Polk,2021-11-22
2,1,1,0,Polk,2021-11-23
5,3,2,0,Polk,2021-11-24
2,1,1,0,Polk,2021-11-25
4,1,3,0,Polk,2021-11-26
1,1,0,0,Polk,2021-11-27
2,2,0,0,Polk,2021-11-28
6,1,5,0,Polk,2021-11-29
7,4,3,0,Polk,2021-11-30
0,0,0,0,Polk,2021-12-01
6,3,3,0,Polk,2021-12-02
4,2,2,0,Polk,2021-12-03
2,1,1,0,Polk,2021-12-04
2,2,0,0,Polk,2021-12-05
7,1,6,0,Polk,2021-12-06
3,2,1,0,Polk,2021-12-07
1,1,0,0,Polk,2021-12-08
3,2,1,0,Polk,2021-12-09
2,2,0,0,Polk,2021-12-10
3,1,2,0,Polk,2021-12-11
1,1,0,0,Polk,2021-12-12
5,2,3,0,Polk,2021-12-13
3,2,1,0,Polk,2021-12-14
3,1,2,0,Polk,2021-12-15
8,1,7,0,Polk,2021-12-16
5,2,3,0,Polk,2021-12-17
3,0,3,0,Polk,2021-12-18
3,3,0,0,Polk,2021-12-19
9,5,4,0,Polk,2021-12-20
3,1,2,0,Polk,2021-12-21
5,3,2,0,Polk,2021-12-22
3,2,1,0,Polk,2021-12-23
5,2,3,0,Polk,2021-12-24
1,0,1,0,Polk,2021-12-25
4,1,3,0,Polk,2021-12-26
21,10,11,0,Polk,2021-12-27
17,3,14,0,Polk,2021-12-28
26,18,8,0,Polk,2021-12-29
12,2,10,0,Polk,2021-12-30
12,7,5,0,Polk,2021-12-31
8,6,2,0,Polk,2022-01-01
10,6,4,0,Polk,2022-01-02
36,16,20,0,Polk,2022-01-03
41,17,24,0,Polk,2022-01-04
35,16,19,0,Polk,2022-01-05
27,8,19,0,Polk,2022-01-06
34,19,15,0,Polk,2022-01-07
10,1,9,0,Polk,2022-01-09
67,16,51,0,Polk,2022-01-10
58,27,31,0,Polk,2022-01-11
72,39,33,0,Polk,2022-01-13
52,27,25,0,Polk,2022-01-14
24,15,9,0,Polk,2022-01-15
1,1,0,0,Polk,2022-01-16
46,29,17,0,Polk,2022-01-18
41,23,18,0,Polk,2022-01-19
48,27,21,0,Polk,2022-01-20
33,14,19,0,Polk,2022-01-21
16,7,9,0,Polk,2022-01-22
12,6,6,0,Polk,2022-01-23
61,23,38,0,Polk,2022-01-24
29,13,16,0,Polk,2022-01-25
28,13,15,0,Polk,2022-01-26
26,15,11,0,Polk,2022-01-27
19,9,10,0,Polk,2022-01-28
10,3,7,0,Polk,2022-01-29
29,12,17,0,Polk,2022-01-31
28,14,14,0,Polk,2022-02-01
15,10,5,0,Polk,2022-02-02
12,5,7,0,Polk,2022-02-04
9,6,3,0,Polk,2022-02-05
3,1,2,0,Polk,2022-02-06
23,15,8,0,Polk,2022-02-07
22,14,8,0,Polk,2022-02-08
11,4,7,0,Polk,2022-02-09
14,8,6,0,Polk,2022-02-10
9,4,5,0,Polk,2022-02-11
4,1,3,0,Polk,2022-02-12
1,1,0,0,Polk,2022-02-13
8,3,5,0,Polk,2022-02-14
4,3,1,0,Polk,2022-02-15
5,2,3,0,Polk,2022-02-16
7,4,3,0,Polk,2022-02-17
3,1,2,0,Polk,2022-02-18
2,0,2,0,Polk,2022-02-19
5,2,3,0,Polk,2022-02-21
1,0,1,0,Polk,2022-02-22
3,2,1,0,Polk,2022-02-23
4,4,0,0,Polk,2022-02-24
2,1,1,0,Polk,2022-02-25
5,0,5,0,Polk,2022-02-26
2,1,1,0,Polk,2022-02-27
1,1,0,0,Polk,2022-02-28
2,2,0,0,Polk,2022-03-01
1,1,0,0,Polk,2022-03-02
3,1,2,0,Polk,2022-03-04
2,1,1,0,Polk,2022-03-05
0,0,0,0,Polk,2022-03-06
1,1,0,0,Polk,2022-03-07
0,0,0,0,Polk,2022-03-08
0,0,0,0,Polk,2022-03-09
1,0,1,0,Polk,2022-03-10
0,0,0,0,Polk,2022-03-11
0,0,0,0,Polk,2022-03-12
0,0,0,0,Polk,2022-03-13
0,0,0,0,Polk,2022-03-15
0,0,0,0,Polk,2022-03-16
0,0,0,0,Polk,2022-03-17
1,1,0,0,Polk,2022-03-18
2,2,0,0,Polk,2022-03-19
0,0,0,0,Polk,2022-03-20
1,0,1,0,Polk,2022-03-21
3,0,3,0,Polk,2022-03-22
2,0,2,0,Polk,2022-03-23
5,2,3,0,Polk,2022-03-24
5,1,4,0,Polk,2022-03-25
2,2,0,0,Polk,2022-03-26
1,1,0,0,Polk,2022-03-27
5,2,3,0,Polk,2022-03-28
5,0,5,0,Polk,2022-03-29
10,4,6,0,Polk,2022-03-30
6,4,2,0,Polk,2022-03-31
2,0,2,0,Polk,2022-04-01
0,0,0,0,Polk,2022-04-02
0,0,0,0,Polk,2022-04-03
5,4,1,0,Polk,2022-04-04
0,0,0,0,Polk,2022-04-05
0,0,0,0,Polk,2022-04-06
2,2,0,0,Polk,2022-04-07
0,0,0,0,Polk,2022-04-08
1,1,0,0,Polk,2022-04-09
35,12,23,0,Randolph,2021-10-14
47,11,36,0,Randolph,2021-10-15
32,11,21,0,Randolph,2021-10-17
50,18,32,0,Randolph,2021-10-18
47,16,31,0,Randolph,2021-10-19
23,5,18,0,Randolph,2021-10-24
22,5,17,0,Randolph,2021-10-27
34,6,28,0,Randolph,2021-10-28
22,8,14,0,Randolph,2021-10-30
28,3,25,0,Randolph,2021-11-03
14,5,9,0,Randolph,2021-11-05
14,3,11,0,Randolph,2021-11-06
15,4,11,0,Randolph,2021-11-07
33,11,22,0,Randolph,2021-11-09
31,15,16,0,Randolph,2021-11-10
10,5,5,0,Randolph,2021-11-14
47,17,30,0,Randolph,2021-11-16
29,5,24,0,Randolph,2021-11-18
24,11,13,0,Randolph,2021-11-24
36,18,18,0,Randolph,2021-11-26
24,10,14,0,Randolph,2021-11-28
55,22,33,0,Randolph,2021-11-29
47,10,37,0,Randolph,2021-11-30
45,15,30,0,Randolph,2021-12-01
42,19,23,0,Randolph,2021-12-02
36,11,25,0,Randolph,2021-12-04
79,28,51,0,Randolph,2021-12-06
69,22,47,0,Randolph,2021-12-07
45,20,25,0,Randolph,2021-12-08
51,24,27,0,Randolph,2021-12-09
51,21,30,0,Randolph,2021-12-10
36,15,21,0,Randolph,2021-12-12
67,29,38,0,Randolph,2021-12-13
45,18,27,0,Randolph,2021-12-19
85,23,62,0,Randolph,2021-12-21
90,33,57,0,Randolph,2021-12-23
21,0,21,0,Randolph,2021-12-25
61,28,33,0,Randolph,2021-12-26
188,79,109,0,Randolph,2021-12-27
198,72,126,0,Randolph,2021-12-30
117,53,64,0,Randolph,2021-12-31
311,114,197,0,Randolph,2022-01-04
303,111,192,0,Randolph,2022-01-05
279,90,189,0,Randolph,2022-01-07
578,142,436,0,Randolph,2022-01-10
508,64,444,0,Randolph,2022-01-11
97,19,78,0,Randolph,2022-01-17
625,143,482,0,Randolph,2022-01-19
161,33,128,0,Randolph,2022-01-23
169,59,110,0,Randolph,2022-01-28
60,16,44,0,Randolph,2022-01-29
89,21,68,0,Randolph,2022-02-08
59,14,45,0,Randolph,2022-02-15
20,11,9,0,Randolph,2022-02-19
16,3,13,0,Randolph,2022-02-20
25,5,20,0,Randolph,2022-02-22
29,8,21,0,Randolph,2022-02-23
23,11,12,0,Randolph,2022-02-24
21,4,17,0,Randolph,2022-02-25
8,1,7,0,Randolph,2022-02-26
8,1,7,0,Randolph,2022-02-27
24,9,15,0,Randolph,2022-02-28
16,5,11,0,Randolph,2022-03-01
14,9,5,0,Randolph,2022-03-02
16,6,10,0,Randolph,2022-03-03
9,3,6,0,Randolph,2022-03-04
11,5,6,0,Randolph,2022-03-05
12,3,9,0,Randolph,2022-03-06
11,1,10,0,Randolph,2022-03-09
5,1,4,0,Randolph,2022-03-10
7,0,7,0,Randolph,2022-03-11
2,0,2,0,Randolph,2022-03-12
5,3,2,0,Randolph,2022-03-13
7,1,6,0,Randolph,2022-03-14
3,0,3,0,Randolph,2022-03-15
3,1,2,0,Randolph,2022-03-18
3,3,0,0,Randolph,2022-03-19
5,0,5,0,Randolph,2022-03-20
4,0,4,0,Randolph,2022-03-21
5,1,4,0,Randolph,2022-03-22
1,0,1,0,Randolph,2022-03-23
2,0,2,0,Randolph,2022-03-24
2,0,2,0,Randolph,2022-03-25
2,1,1,0,Randolph,2022-03-26
1,0,1,0,Randolph,2022-03-27
3,1,2,0,Randolph,2022-03-28
4,1,3,0,Randolph,2022-03-29
5,1,4,0,Randolph,2022-03-30
2,2,0,0,Randolph,2022-03-31
2,1,1,0,Randolph,2022-04-01
3,0,3,0,Randolph,2022-04-02
3,0,3,0,Randolph,2022-04-03
2,0,2,0,Randolph,2022-04-04
8,2,6,0,Randolph,2022-04-05
7,4,3,0,Randolph,2022-04-06
3,0,3,0,Randolph,2022-04-07
7,3,4,0,Randolph,2022-04-09
10,2,8,0,Richmond,2021-10-12
10,1,9,0,Richmond,2021-10-13
3,0,3,0,Richmond,2021-10-14
10,0,10,0,Richmond,2021-10-15
2,0,2,0,Richmond,2021-10-16
7,0,7,0,Richmond,2021-10-19
11,3,8,0,Richmond,2021-10-20
5,0,5,0,Richmond,2021-10-24
10,3,7,0,Richmond,2021-10-25
5,0,5,0,Richmond,2021-10-27
5,1,4,0,Richmond,2021-10-28
10,4,6,0,Richmond,2021-10-29
2,0,2,0,Richmond,2021-10-31
14,1,13,0,Richmond,2021-11-01
10,1,9,0,Richmond,2021-11-02
9,0,9,0,Richmond,2021-11-03
10,3,7,0,Richmond,2021-11-04
2,0,2,0,Richmond,2021-11-05
4,3,1,0,Richmond,2021-11-06
4,1,3,0,Richmond,2021-11-07
9,1,8,0,Richmond,2021-11-08
5,0,5,0,Richmond,2021-11-09
5,0,5,0,Richmond,2021-11-10
5,1,4,0,Richmond,2021-11-11
7,1,6,0,Richmond,2021-11-12
2,0,2,0,Richmond,2021-11-13
1,0,1,0,Richmond,2021-11-14
13,9,4,0,Richmond,2021-11-16
6,0,6,0,Richmond,2021-11-18
5,0,5,0,Richmond,2021-11-19
0,0,0,0,Richmond,2021-11-21
12,7,5,0,Richmond,2021-11-24
2,1,1,0,Richmond,2021-11-25
12,5,7,0,Richmond,2021-11-26
8,3,5,0,Richmond,2021-11-27
21,1,20,0,Richmond,2021-11-29
26,4,22,0,Richmond,2021-11-30
11,2,9,0,Richmond,2021-12-01
21,3,18,0,Richmond,2021-12-02
14,2,12,0,Richmond,2021-12-03
6,2,4,0,Richmond,2021-12-05
20,5,15,0,Richmond,2021-12-07
15,3,12,0,Richmond,2021-12-09
12,2,10,0,Richmond,2021-12-10
5,0,5,0,Richmond,2021-12-12
24,7,17,0,Richmond,2021-12-13
19,5,14,0,Richmond,2021-12-14
12,4,8,0,Richmond,2021-12-15
8,4,4,0,Richmond,2021-12-17
8,1,7,0,Richmond,2021-12-18
19,5,14,0,Richmond,2021-12-20
35,10,25,0,Richmond,2021-12-21
20,6,14,0,Richmond,2021-12-22
32,3,29,0,Richmond,2021-12-26
107,8,99,0,Richmond,2021-12-28
107,4,103,0,Richmond,2021-12-29
93,7,86,0,Richmond,2021-12-30
69,3,66,0,Richmond,2021-12-31
64,3,61,0,Richmond,2022-01-01
204,21,183,0,Richmond,2022-01-04
202,35,167,0,Richmond,2022-01-06
167,14,153,0,Richmond,2022-01-07
94,10,84,0,Richmond,2022-01-09
319,65,254,0,Richmond,2022-01-10
282,46,236,0,Richmond,2022-01-11
192,15,177,0,Richmond,2022-01-14
29,6,23,0,Richmond,2022-01-16
95,14,81,0,Richmond,2022-01-17
352,61,291,0,Richmond,2022-01-18
41,4,37,0,Richmond,2022-01-23
68,8,60,0,Richmond,2022-01-28
23,5,18,0,Richmond,2022-01-30
78,26,52,0,Richmond,2022-01-31
55,21,34,0,Richmond,2022-02-01
12,2,10,0,Richmond,2022-02-05
23,7,16,0,Richmond,2022-02-09
23,10,13,0,Richmond,2022-02-10
7,1,6,0,Richmond,2022-02-12
33,9,24,0,Richmond,2022-02-14
14,6,8,0,Richmond,2022-02-16
12,4,8,0,Richmond,2022-02-17
11,1,10,0,Richmond,2022-02-18
8,3,5,0,Richmond,2022-02-19
2,1,1,0,Richmond,2022-02-20
11,1,10,0,Richmond,2022-02-21
12,0,12,0,Richmond,2022-02-22
11,2,9,0,Richmond,2022-02-23
1,0,1,0,Richmond,2022-02-24
8,0,8,0,Richmond,2022-02-25
2,0,2,0,Richmond,2022-02-26
0,0,0,0,Richmond,2022-02-27
9,1,8,0,Richmond,2022-02-28
1,0,1,0,Richmond,2022-03-01
5,2,3,0,Richmond,2022-03-02
2,1,1,0,Richmond,2022-03-03
3,0,3,0,Richmond,2022-03-04
0,0,0,0,Richmond,2022-03-06
4,0,4,0,Richmond,2022-03-07
3,0,3,0,Richmond,2022-03-08
4,1,3,0,Richmond,2022-03-09
2,0,2,0,Richmond,2022-03-10
1,0,1,0,Richmond,2022-03-11
0,0,0,0,Richmond,2022-03-12
3,0,3,0,Richmond,2022-03-13
2,0,2,0,Richmond,2022-03-14
0,0,0,0,Richmond,2022-03-15
1,1,0,0,Richmond,2022-03-16
0,0,0,0,Richmond,2022-03-17
0,0,0,0,Richmond,2022-03-18
0,0,0,0,Richmond,2022-03-19
0,0,0,0,Richmond,2022-03-20
1,0,1,0,Richmond,2022-03-21
0,0,0,0,Richmond,2022-03-22
1,0,1,0,Richmond,2022-03-23
4,1,3,0,Richmond,2022-03-24
1,0,1,0,Richmond,2022-03-25
0,0,0,0,Richmond,2022-03-26
0,0,0,0,Richmond,2022-03-27
0,0,0,0,Richmond,2022-03-28
0,0,0,0,Richmond,2022-03-29
0,0,0,0,Richmond,2022-03-30
0,0,0,0,Richmond,2022-03-31
1,1,0,0,Richmond,2022-04-01
0,0,0,0,Richmond,2022-04-02
0,0,0,0,Richmond,2022-04-03
1,0,1,0,Richmond,2022-04-04
1,0,1,0,Richmond,2022-04-05
0,0,0,0,Richmond,2022-04-06
0,0,0,0,Richmond,2022-04-07
0,0,0,0,Richmond,2022-04-08
0,0,0,0,Richmond,2022-04-09
21,8,13,0,Robeson,2021-10-13
15,4,11,0,Robeson,2021-10-15
5,4,1,0,Robeson,2021-10-17
48,23,25,0,Robeson,2021-10-18
37,21,16,0,Robeson,2021-10-19
31,12,19,0,Robeson,2021-10-21
10,5,5,0,Robeson,2021-10-24
21,12,9,0,Robeson,2021-10-27
15,8,7,0,Robeson,2021-10-28
23,8,15,0,Robeson,2021-10-29
7,2,5,0,Robeson,2021-10-30
7,2,5,0,Robeson,2021-10-31
19,6,13,0,Robeson,2021-11-01
24,5,19,0,Robeson,2021-11-02
19,4,15,0,Robeson,2021-11-03
16,3,13,0,Robeson,2021-11-04
6,4,2,0,Robeson,2021-11-07
25,3,22,0,Robeson,2021-11-08
25,8,17,0,Robeson,2021-11-09
23,12,11,0,Robeson,2021-11-10
20,6,14,0,Robeson,2021-11-11
11,2,9,0,Robeson,2021-11-14
28,10,18,0,Robeson,2021-11-15
21,6,15,0,Robeson,2021-11-17
19,7,12,0,Robeson,2021-11-19
11,1,10,0,Robeson,2021-11-20
3,2,1,0,Robeson,2021-11-21
28,11,17,0,Robeson,2021-11-22
30,9,21,0,Robeson,2021-11-24
2,1,1,0,Robeson,2021-11-25
9,5,4,0,Robeson,2021-11-26
17,10,7,0,Robeson,2021-11-27
44,9,35,0,Robeson,2021-11-29
53,11,42,0,Robeson,2021-11-30
27,7,20,0,Robeson,2021-12-01
28,4,24,0,Robeson,2021-12-02
28,9,19,0,Robeson,2021-12-03
23,12,11,0,Robeson,2021-12-04
64,16,48,0,Robeson,2021-12-06
50,22,28,0,Robeson,2021-12-07
57,26,31,0,Robeson,2021-12-08
55,22,33,0,Robeson,2021-12-13
48,18,30,0,Robeson,2021-12-14
39,12,27,0,Robeson,2021-12-16
47,14,33,0,Robeson,2021-12-17
55,17,38,0,Robeson,2021-12-20
53,19,34,0,Robeson,2021-12-22
64,28,36,0,Robeson,2021-12-26
52,20,32,0,Robeson,2022-01-01
140,61,79,0,Robeson,2022-01-02
475,205,270,0,Robeson,2022-01-03
499,152,347,0,Robeson,2022-01-04
197,90,107,0,Robeson,2022-01-09
746,280,466,0,Robeson,2022-01-10
759,288,471,0,Robeson,2022-01-11
667,255,412,0,Robeson,2022-01-13
43,26,17,0,Robeson,2022-01-22
504,186,318,0,Robeson,2022-01-24
235,79,156,0,Robeson,2022-01-31
157,62,95,0,Robeson,2022-02-01
22,5,17,0,Robeson,2022-02-12
33,16,17,0,Robeson,2022-02-14
34,6,28,0,Robeson,2022-02-15
35,12,23,0,Robeson,2022-02-22
16,7,9,0,Robeson,2022-02-23
4,1,3,0,Robeson,2022-02-26
9,2,7,0,Robeson,2022-02-28
13,7,6,0,Robeson,2022-03-02
12,3,9,0,Robeson,2022-03-03
7,0,7,0,Robeson,2022-03-04
7,3,4,0,Robeson,2022-03-05
3,2,1,0,Robeson,2022-03-06
6,5,1,0,Robeson,2022-03-07
8,4,4,0,Robeson,2022-03-08
7,3,4,0,Robeson,2022-03-09
5,4,1,0,Robeson,2022-03-10
3,1,2,0,Robeson,2022-03-11
3,2,1,0,Robeson,2022-03-12
8,2,6,0,Robeson,2022-03-14
6,2,4,0,Robeson,2022-03-15
3,3,0,0,Robeson,2022-03-16
8,3,5,0,Robeson,2022-03-17
2,1,1,0,Robeson,2022-03-18
0,0,0,0,Robeson,2022-03-19
2,0,2,0,Robeson,2022-03-20
4,1,3,0,Robeson,2022-03-21
0,0,0,0,Robeson,2022-03-22
7,3,4,0,Robeson,2022-03-23
3,1,2,0,Robeson,2022-03-24
1,1,0,0,Robeson,2022-03-25
3,0,3,0,Robeson,2022-03-26
1,0,1,0,Robeson,2022-03-27
6,1,5,0,Robeson,2022-03-28
7,3,4,0,Robeson,2022-03-29
4,0,4,0,Robeson,2022-03-30
3,1,2,0,Robeson,2022-03-31
3,3,0,0,Robeson,2022-04-01
1,1,0,0,Robeson,2022-04-02
2,1,1,0,Robeson,2022-04-03
11,8,3,0,Robeson,2022-04-04
4,2,2,0,Robeson,2022-04-05
10,5,5,0,Robeson,2022-04-06
3,1,2,0,Robeson,2022-04-07
11,6,5,0,Robeson,2022-04-08
3,3,0,0,Robeson,2022-04-09
30,9,21,0,Rockingham,2021-10-21
8,1,7,0,Rockingham,2021-10-24
29,9,20,0,Rockingham,2021-10-27
12,2,10,0,Rockingham,2021-10-30
5,0,5,0,Rockingham,2021-10-31
34,4,30,0,Rockingham,2021-11-01
30,9,21,0,Rockingham,2021-11-02
43,9,34,0,Rockingham,2021-11-03
26,1,25,0,Rockingham,2021-11-04
24,3,21,0,Rockingham,2021-11-05
11,1,10,0,Rockingham,2021-11-07
28,5,23,0,Rockingham,2021-11-08
28,4,24,0,Rockingham,2021-11-09
23,4,19,0,Rockingham,2021-11-10
16,1,15,0,Rockingham,2021-11-11
24,5,19,0,Rockingham,2021-11-12
15,1,14,0,Rockingham,2021-11-14
43,7,36,0,Rockingham,2021-11-15
32,7,25,0,Rockingham,2021-11-16
33,3,30,0,Rockingham,2021-11-17
30,5,25,0,Rockingham,2021-11-18
15,2,13,0,Rockingham,2021-11-19
13,1,12,0,Rockingham,2021-11-20
26,7,19,0,Rockingham,2021-11-22
3,0,3,0,Rockingham,2021-11-25
17,4,13,0,Rockingham,2021-11-27
15,0,15,0,Rockingham,2021-11-28
50,11,39,0,Rockingham,2021-11-29
50,11,39,0,Rockingham,2021-11-30
39,8,31,0,Rockingham,2021-12-01
46,12,34,0,Rockingham,2021-12-02
47,6,41,0,Rockingham,2021-12-03
19,4,15,0,Rockingham,2021-12-04
24,0,24,0,Rockingham,2021-12-05
64,13,51,0,Rockingham,2021-12-06
47,7,40,0,Rockingham,2021-12-07
25,4,21,0,Rockingham,2021-12-10
25,6,19,0,Rockingham,2021-12-11
23,1,22,0,Rockingham,2021-12-12
31,8,23,0,Rockingham,2021-12-15
29,5,24,0,Rockingham,2021-12-16
40,10,30,0,Rockingham,2021-12-17
69,15,54,0,Rockingham,2021-12-20
48,4,44,0,Rockingham,2021-12-21
50,9,41,0,Rockingham,2021-12-22
48,9,39,0,Rockingham,2021-12-23
162,35,127,0,Rockingham,2021-12-27
59,6,53,0,Rockingham,2022-01-02
190,57,133,0,Rockingham,2022-01-03
264,56,208,0,Rockingham,2022-01-04
329,78,251,0,Rockingham,2022-01-05
260,51,209,0,Rockingham,2022-01-07
347,30,317,0,Rockingham,2022-01-10
316,25,291,0,Rockingham,2022-01-12
273,29,244,0,Rockingham,2022-01-13
147,24,123,0,Rockingham,2022-01-15
83,32,51,0,Rockingham,2022-01-17
290,64,226,0,Rockingham,2022-01-24
195,35,160,0,Rockingham,2022-01-25
177,27,150,0,Rockingham,2022-01-26
159,24,135,0,Rockingham,2022-01-27
114,8,106,0,Rockingham,2022-01-28
42,5,37,0,Rockingham,2022-01-30
129,8,121,0,Rockingham,2022-01-31
101,4,97,0,Rockingham,2022-02-01
71,7,64,0,Rockingham,2022-02-03
28,4,24,0,Rockingham,2022-02-06
60,4,56,0,Rockingham,2022-02-10
11,2,9,0,Rockingham,2022-02-12
54,8,46,0,Rockingham,2022-02-14
28,5,23,0,Rockingham,2022-02-15
32,2,30,0,Rockingham,2022-02-16
25,5,20,0,Rockingham,2022-02-17
10,2,8,0,Rockingham,2022-02-19
7,1,6,0,Rockingham,2022-02-20
27,6,21,0,Rockingham,2022-02-21
27,3,24,0,Rockingham,2022-02-22
11,2,9,0,Rockingham,2022-02-23
12,2,10,0,Rockingham,2022-02-24
15,1,14,0,Rockingham,2022-02-25
9,0,9,0,Rockingham,2022-02-26
9,0,9,0,Rockingham,2022-02-27
23,3,20,0,Rockingham,2022-02-28
11,2,9,0,Rockingham,2022-03-01
9,1,8,0,Rockingham,2022-03-03
10,1,9,0,Rockingham,2022-03-04
4,0,4,0,Rockingham,2022-03-05
3,0,3,0,Rockingham,2022-03-06
12,1,11,0,Rockingham,2022-03-07
5,1,4,0,Rockingham,2022-03-08
6,0,6,0,Rockingham,2022-03-10
2,0,2,0,Rockingham,2022-03-11
0,0,0,0,Rockingham,2022-03-12
1,0,1,0,Rockingham,2022-03-13
3,0,3,0,Rockingham,2022-03-14
4,0,4,0,Rockingham,2022-03-15
1,0,1,0,Rockingham,2022-03-16
0,0,0,0,Rockingham,2022-03-17
8,2,6,0,Rockingham,2022-03-18
5,0,5,0,Rockingham,2022-03-19
1,0,1,0,Rockingham,2022-03-20
3,0,3,0,Rockingham,2022-03-21
2,0,2,0,Rockingham,2022-03-22
3,0,3,0,Rockingham,2022-03-23
3,1,2,0,Rockingham,2022-03-24
3,0,3,0,Rockingham,2022-03-25
1,0,1,0,Rockingham,2022-03-27
7,1,6,0,Rockingham,2022-03-28
6,0,6,0,Rockingham,2022-03-29
2,0,2,0,Rockingham,2022-03-30
3,3,0,0,Rockingham,2022-03-31
1,0,1,0,Rockingham,2022-04-01
0,0,0,0,Rockingham,2022-04-02
2,0,2,0,Rockingham,2022-04-03
4,0,4,0,Rockingham,2022-04-04
4,0,4,0,Rockingham,2022-04-05
4,0,4,0,Rockingham,2022-04-06
1,0,1,0,Rockingham,2022-04-07
3,0,3,0,Rockingham,2022-04-08
3,1,2,0,Rockingham,2022-04-09
40,3,37,0,Rowan,2021-10-12
31,8,23,0,Rowan,2021-10-20
21,0,21,0,Rowan,2021-10-22
33,2,31,0,Rowan,2021-10-27
16,4,12,0,Rowan,2021-10-31
44,8,36,0,Rowan,2021-11-01
19,2,17,0,Rowan,2021-11-04
24,3,21,0,Rowan,2021-11-05
38,8,30,0,Rowan,2021-11-08
31,6,25,0,Rowan,2021-11-09
51,13,38,0,Rowan,2021-11-10
25,3,22,0,Rowan,2021-11-12
14,1,13,0,Rowan,2021-11-14
48,7,41,0,Rowan,2021-11-17
31,2,29,0,Rowan,2021-11-18
13,2,11,0,Rowan,2021-11-20
44,7,37,0,Rowan,2021-11-23
21,2,19,0,Rowan,2021-11-26
25,4,21,0,Rowan,2021-11-27
17,1,16,0,Rowan,2021-11-28
75,12,63,0,Rowan,2021-11-29
71,4,67,0,Rowan,2021-11-30
66,5,61,0,Rowan,2021-12-02
22,6,16,0,Rowan,2021-12-04
33,3,30,0,Rowan,2021-12-05
71,7,64,0,Rowan,2021-12-06
61,4,57,0,Rowan,2021-12-10
22,4,18,0,Rowan,2021-12-11
32,5,27,0,Rowan,2021-12-12
59,5,54,0,Rowan,2021-12-14
52,7,45,0,Rowan,2021-12-16
30,5,25,0,Rowan,2021-12-18
25,7,18,0,Rowan,2021-12-19
92,16,76,0,Rowan,2021-12-23
253,39,214,0,Rowan,2021-12-27
295,25,270,0,Rowan,2021-12-29
301,44,257,0,Rowan,2021-12-30
71,14,57,0,Rowan,2022-01-01
98,35,63,0,Rowan,2022-01-02
409,63,346,0,Rowan,2022-01-06
474,65,409,0,Rowan,2022-01-14
172,61,111,0,Rowan,2022-01-17
317,54,263,0,Rowan,2022-01-25
66,17,49,0,Rowan,2022-01-29
67,9,58,0,Rowan,2022-01-30
247,36,211,0,Rowan,2022-01-31
175,15,160,0,Rowan,2022-02-01
143,18,125,0,Rowan,2022-02-02
119,15,104,0,Rowan,2022-02-03
102,9,93,0,Rowan,2022-02-08
55,6,49,0,Rowan,2022-02-14
53,5,48,0,Rowan,2022-02-15
49,3,46,0,Rowan,2022-02-16
46,6,40,0,Rowan,2022-02-17
9,0,9,0,Rowan,2022-02-20
31,6,25,0,Rowan,2022-02-22
13,2,11,0,Rowan,2022-02-25
8,0,8,0,Rowan,2022-02-26
7,0,7,0,Rowan,2022-02-27
21,3,18,0,Rowan,2022-02-28
36,23,13,0,Rowan,2022-03-01
16,1,15,0,Rowan,2022-03-02
2,0,2,0,Rowan,2022-03-03
6,0,6,0,Rowan,2022-03-04
11,3,8,0,Rowan,2022-03-06
15,5,10,0,Rowan,2022-03-08
4,0,4,0,Rowan,2022-03-11
2,1,1,0,Rowan,2022-03-12
2,0,2,0,Rowan,2022-03-13
10,0,10,0,Rowan,2022-03-14
7,1,6,0,Rowan,2022-03-16
4,0,4,0,Rowan,2022-03-17
9,1,8,0,Rowan,2022-03-18
0,0,0,0,Rowan,2022-03-19
4,0,4,0,Rowan,2022-03-20
3,1,2,0,Rowan,2022-03-21
11,3,8,0,Rowan,2022-03-22
4,0,4,0,Rowan,2022-03-23
5,2,3,0,Rowan,2022-03-24
5,2,3,0,Rowan,2022-03-25
3,1,2,0,Rowan,2022-03-26
0,0,0,0,Rowan,2022-03-27
2,0,2,0,Rowan,2022-03-28
3,1,2,0,Rowan,2022-03-30
2,1,1,0,Rowan,2022-03-31
3,0,3,0,Rowan,2022-04-01
0,0,0,0,Rowan,2022-04-02
4,2,2,0,Rowan,2022-04-03
6,2,4,0,Rowan,2022-04-04
5,1,4,0,Rowan,2022-04-05
4,2,2,0,Rowan,2022-04-06
7,2,5,0,Rowan,2022-04-07
8,2,6,0,Rowan,2022-04-08
3,0,3,0,Rowan,2022-04-09
24,9,15,0,Rutherford,2021-10-15
8,0,8,0,Rutherford,2021-10-16
6,1,5,0,Rutherford,2021-10-23
15,5,10,0,Rutherford,2021-10-29
4,0,4,0,Rutherford,2021-10-31
10,6,4,0,Rutherford,2021-11-01
3,1,2,0,Rutherford,2021-11-04
9,1,8,0,Rutherford,2021-11-05
5,1,4,0,Rutherford,2021-11-06
12,10,2,0,Rutherford,2021-11-08
6,1,5,0,Rutherford,2021-11-10
8,1,7,0,Rutherford,2021-11-12
5,1,4,0,Rutherford,2021-11-13
1,0,1,0,Rutherford,2021-11-14
10,3,7,0,Rutherford,2021-11-15
14,4,10,0,Rutherford,2021-11-16
2,0,2,0,Rutherford,2021-11-18
3,1,2,0,Rutherford,2021-11-21
8,3,5,0,Rutherford,2021-11-22
9,4,5,0,Rutherford,2021-11-23
11,2,9,0,Rutherford,2021-11-24
1,0,1,0,Rutherford,2021-11-25
4,0,4,0,Rutherford,2021-11-26
5,1,4,0,Rutherford,2021-11-27
9,7,2,0,Rutherford,2021-11-29
17,5,12,0,Rutherford,2021-12-01
2,0,2,0,Rutherford,2021-12-04
27,9,18,0,Rutherford,2021-12-06
5,4,1,0,Rutherford,2021-12-07
25,7,18,0,Rutherford,2021-12-09
11,6,5,0,Rutherford,2021-12-10
14,4,10,0,Rutherford,2021-12-12
16,1,15,0,Rutherford,2021-12-13
17,6,11,0,Rutherford,2021-12-16
5,2,3,0,Rutherford,2021-12-18
20,2,18,0,Rutherford,2021-12-20
23,3,20,0,Rutherford,2021-12-22
30,12,18,0,Rutherford,2021-12-23
14,1,13,0,Rutherford,2021-12-24
6,2,4,0,Rutherford,2021-12-25
17,3,14,0,Rutherford,2021-12-26
50,12,38,0,Rutherford,2021-12-27
127,63,64,0,Rutherford,2021-12-29
83,28,55,0,Rutherford,2021-12-30
53,16,37,0,Rutherford,2021-12-31
49,19,30,0,Rutherford,2022-01-02
122,54,68,0,Rutherford,2022-01-03
116,26,90,0,Rutherford,2022-01-04
172,45,127,0,Rutherford,2022-01-06
150,72,78,0,Rutherford,2022-01-07
52,22,30,0,Rutherford,2022-01-08
46,23,23,0,Rutherford,2022-01-09
257,135,122,0,Rutherford,2022-01-10
311,81,230,0,Rutherford,2022-01-11
234,110,124,0,Rutherford,2022-01-12
45,13,32,0,Rutherford,2022-01-17
176,61,115,0,Rutherford,2022-01-19
191,68,123,0,Rutherford,2022-01-20
143,43,100,0,Rutherford,2022-01-21
122,50,72,0,Rutherford,2022-01-26
124,30,94,0,Rutherford,2022-01-27
33,12,21,0,Rutherford,2022-01-30
73,21,52,0,Rutherford,2022-02-02
13,0,13,0,Rutherford,2022-02-06
75,33,42,0,Rutherford,2022-02-07
44,18,26,0,Rutherford,2022-02-10
34,10,24,0,Rutherford,2022-02-16
6,0,6,0,Rutherford,2022-02-20
13,3,10,0,Rutherford,2022-02-21
10,2,8,0,Rutherford,2022-02-22
3,0,3,0,Rutherford,2022-02-25
3,0,3,0,Rutherford,2022-02-26
4,0,4,0,Rutherford,2022-02-27
7,2,5,0,Rutherford,2022-02-28
3,1,2,0,Rutherford,2022-03-03
6,2,4,0,Rutherford,2022-03-04
4,0,4,0,Rutherford,2022-03-05
1,1,0,0,Rutherford,2022-03-06
1,0,1,0,Rutherford,2022-03-07
1,0,1,0,Rutherford,2022-03-08
2,0,2,0,Rutherford,2022-03-09
4,3,1,0,Rutherford,2022-03-10
4,4,0,0,Rutherford,2022-03-11
3,0,3,0,Rutherford,2022-03-12
0,0,0,0,Rutherford,2022-03-13
0,0,0,0,Rutherford,2022-03-14
0,0,0,0,Rutherford,2022-03-15
6,1,5,0,Rutherford,2022-03-16
0,0,0,0,Rutherford,2022-03-17
1,0,1,0,Rutherford,2022-03-18
1,0,1,0,Rutherford,2022-03-19
0,0,0,0,Rutherford,2022-03-20
2,1,1,0,Rutherford,2022-03-21
1,1,0,0,Rutherford,2022-03-22
1,1,0,0,Rutherford,2022-03-23
0,0,0,0,Rutherford,2022-03-24
3,1,2,0,Rutherford,2022-03-25
0,0,0,0,Rutherford,2022-03-26
2,0,2,0,Rutherford,2022-03-27
2,0,2,0,Rutherford,2022-03-28
1,1,0,0,Rutherford,2022-03-29
3,1,2,0,Rutherford,2022-03-30
1,0,1,0,Rutherford,2022-03-31
0,0,0,0,Rutherford,2022-04-01
1,0,1,0,Rutherford,2022-04-02
0,0,0,0,Rutherford,2022-04-03
2,0,2,0,Rutherford,2022-04-04
1,0,1,0,Rutherford,2022-04-05
1,0,1,0,Rutherford,2022-04-06
0,0,0,0,Rutherford,2022-04-07
3,0,3,0,Rutherford,2022-04-08
0,0,0,0,Rutherford,2022-04-09
27,13,14,0,Sampson,2021-10-12
26,12,14,0,Sampson,2021-10-13
27,15,12,0,Sampson,2021-10-19
18,9,9,0,Sampson,2021-10-21
8,5,3,0,Sampson,2021-10-22
2,2,0,0,Sampson,2021-10-23
5,2,3,0,Sampson,2021-10-24
29,14,15,0,Sampson,2021-10-25
16,11,5,0,Sampson,2021-10-26
10,4,6,0,Sampson,2021-10-27
9,3,6,0,Sampson,2021-10-28
7,1,6,0,Sampson,2021-10-29
3,1,2,0,Sampson,2021-10-30
8,4,4,0,Sampson,2021-10-31
12,7,5,0,Sampson,2021-11-01
22,11,11,0,Sampson,2021-11-02
18,10,8,0,Sampson,2021-11-03
7,4,3,0,Sampson,2021-11-04
1,1,0,0,Sampson,2021-11-05
5,1,4,0,Sampson,2021-11-06
0,0,0,0,Sampson,2021-11-07
6,3,3,0,Sampson,2021-11-08
7,3,4,0,Sampson,2021-11-10
7,2,5,0,Sampson,2021-11-11
0,0,0,0,Sampson,2021-11-13
7,2,5,0,Sampson,2021-11-14
15,8,7,0,Sampson,2021-11-16
9,5,4,0,Sampson,2021-11-17
6,4,2,0,Sampson,2021-11-18
13,7,6,0,Sampson,2021-11-19
5,3,2,0,Sampson,2021-11-20
3,0,3,0,Sampson,2021-11-21
18,11,7,0,Sampson,2021-11-22
13,5,8,0,Sampson,2021-11-23
12,6,6,0,Sampson,2021-11-24
0,0,0,0,Sampson,2021-11-25
7,1,6,0,Sampson,2021-11-26
4,1,3,0,Sampson,2021-11-27
2,0,2,0,Sampson,2021-11-28
24,11,13,0,Sampson,2021-11-29
22,11,11,0,Sampson,2021-11-30
26,11,15,0,Sampson,2021-12-01
15,8,7,0,Sampson,2021-12-02
10,5,5,0,Sampson,2021-12-05
45,24,21,0,Sampson,2021-12-06
35,20,15,0,Sampson,2021-12-07
25,11,14,0,Sampson,2021-12-09
9,2,7,0,Sampson,2021-12-11
8,4,4,0,Sampson,2021-12-12
24,17,7,0,Sampson,2021-12-16
13,7,6,0,Sampson,2021-12-17
5,4,1,0,Sampson,2021-12-18
19,11,8,0,Sampson,2021-12-19
27,14,13,0,Sampson,2021-12-20
26,12,14,0,Sampson,2021-12-22
24,10,14,0,Sampson,2021-12-23
7,2,5,0,Sampson,2021-12-24
5,2,3,0,Sampson,2021-12-25
13,2,11,0,Sampson,2021-12-26
90,48,42,0,Sampson,2021-12-28
97,48,49,0,Sampson,2021-12-29
113,56,57,0,Sampson,2021-12-30
69,39,30,0,Sampson,2021-12-31
25,12,13,0,Sampson,2022-01-01
45,23,22,0,Sampson,2022-01-02
207,107,100,0,Sampson,2022-01-03
277,141,136,0,Sampson,2022-01-04
191,92,99,0,Sampson,2022-01-07
98,35,63,0,Sampson,2022-01-08
84,29,55,0,Sampson,2022-01-09
389,142,247,0,Sampson,2022-01-10
385,131,254,0,Sampson,2022-01-11
280,67,213,0,Sampson,2022-01-13
259,80,179,0,Sampson,2022-01-14
125,59,66,0,Sampson,2022-01-15
48,17,31,0,Sampson,2022-01-16
257,69,188,0,Sampson,2022-01-17
414,92,322,0,Sampson,2022-01-18
279,76,203,0,Sampson,2022-01-19
59,22,37,0,Sampson,2022-01-21
26,10,16,0,Sampson,2022-01-22
42,6,36,0,Sampson,2022-01-23
111,45,66,0,Sampson,2022-01-27
101,36,65,0,Sampson,2022-01-28
75,22,53,0,Sampson,2022-02-01
54,17,37,0,Sampson,2022-02-04
43,18,25,0,Sampson,2022-02-09
31,16,15,0,Sampson,2022-02-10
28,11,17,0,Sampson,2022-02-11
10,4,6,0,Sampson,2022-02-12
16,7,9,0,Sampson,2022-02-15
28,13,15,0,Sampson,2022-02-16
20,6,14,0,Sampson,2022-02-17
11,2,9,0,Sampson,2022-02-18
3,1,2,0,Sampson,2022-02-19
25,11,14,0,Sampson,2022-02-21
12,5,7,0,Sampson,2022-02-22
15,5,10,0,Sampson,2022-02-25
4,3,1,0,Sampson,2022-02-26
3,1,2,0,Sampson,2022-02-27
8,0,8,0,Sampson,2022-02-28
7,5,2,0,Sampson,2022-03-01
4,1,3,0,Sampson,2022-03-02
9,4,5,0,Sampson,2022-03-03
3,1,2,0,Sampson,2022-03-04
1,1,0,0,Sampson,2022-03-05
3,1,2,0,Sampson,2022-03-08
1,1,0,0,Sampson,2022-03-09
0,0,0,0,Sampson,2022-03-10
1,0,1,0,Sampson,2022-03-11
1,0,1,0,Sampson,2022-03-12
1,0,1,0,Sampson,2022-03-13
4,3,1,0,Sampson,2022-03-14
6,4,2,0,Sampson,2022-03-15
4,2,2,0,Sampson,2022-03-16
3,1,2,0,Sampson,2022-03-17
2,1,1,0,Sampson,2022-03-18
3,1,2,0,Sampson,2022-03-19
0,0,0,0,Sampson,2022-03-20
3,1,2,0,Sampson,2022-03-22
1,0,1,0,Sampson,2022-03-23
5,3,2,0,Sampson,2022-03-24
1,0,1,0,Sampson,2022-03-25
1,0,1,0,Sampson,2022-03-26
0,0,0,0,Sampson,2022-03-27
2,0,2,0,Sampson,2022-03-28
3,3,0,0,Sampson,2022-03-29
5,3,2,0,Sampson,2022-03-30
10,0,10,0,Sampson,2022-03-31
0,0,0,0,Sampson,2022-04-01
1,1,0,0,Sampson,2022-04-02
3,3,0,0,Sampson,2022-04-03
2,1,1,0,Sampson,2022-04-04
6,6,0,0,Sampson,2022-04-05
10,7,3,0,Sampson,2022-04-06
4,2,2,0,Sampson,2022-04-07
1,0,1,0,Sampson,2022-04-08
0,0,0,0,Sampson,2022-04-09
13,4,9,0,Scotland,2021-10-12
4,0,4,0,Scotland,2021-10-13
6,2,4,0,Scotland,2021-10-14
6,3,3,0,Scotland,2021-10-15
2,1,1,0,Scotland,2021-10-16
5,1,4,0,Scotland,2021-10-17
12,4,8,0,Scotland,2021-10-18
13,1,12,0,Scotland,2021-10-19
2,1,1,0,Scotland,2021-10-22
4,2,2,0,Scotland,2021-10-23
2,1,1,0,Scotland,2021-10-24
14,0,14,0,Scotland,2021-10-25
6,0,6,0,Scotland,2021-10-27
12,7,5,0,Scotland,2021-10-28
3,1,2,0,Scotland,2021-10-29
2,2,0,0,Scotland,2021-10-30
3,1,2,0,Scotland,2021-10-31
8,3,5,0,Scotland,2021-11-01
2,0,2,0,Scotland,2021-11-02
2,1,1,0,Scotland,2021-11-04
9,4,5,0,Scotland,2021-11-05
3,2,1,0,Scotland,2021-11-06
2,2,0,0,Scotland,2021-11-07
11,3,8,0,Scotland,2021-11-08
5,2,3,0,Scotland,2021-11-09
3,1,2,0,Scotland,2021-11-10
4,3,1,0,Scotland,2021-11-11
1,0,1,0,Scotland,2021-11-13
0,0,0,0,Scotland,2021-11-14
5,0,5,0,Scotland,2021-11-15
1,1,0,0,Scotland,2021-11-16
1,0,1,0,Scotland,2021-11-17
3,1,2,0,Scotland,2021-11-18
6,1,5,0,Scotland,2021-11-19
2,0,2,0,Scotland,2021-11-20
3,1,2,0,Scotland,2021-11-21
5,2,3,0,Scotland,2021-11-23
3,3,0,0,Scotland,2021-11-24
0,0,0,0,Scotland,2021-11-25
3,0,3,0,Scotland,2021-11-26
2,0,2,0,Scotland,2021-11-27
3,1,2,0,Scotland,2021-11-28
2,1,1,0,Scotland,2021-11-29
6,4,2,0,Scotland,2021-11-30
7,3,4,0,Scotland,2021-12-01
8,3,5,0,Scotland,2021-12-02
10,7,3,0,Scotland,2021-12-03
4,3,1,0,Scotland,2021-12-04
10,6,4,0,Scotland,2021-12-05
11,3,8,0,Scotland,2021-12-06
12,2,10,0,Scotland,2021-12-07
11,5,6,0,Scotland,2021-12-08
9,1,8,0,Scotland,2021-12-09
8,3,5,0,Scotland,2021-12-10
1,0,1,0,Scotland,2021-12-11
3,1,2,0,Scotland,2021-12-12
19,3,16,0,Scotland,2021-12-14
10,3,7,0,Scotland,2021-12-15
6,2,4,0,Scotland,2021-12-16
16,3,13,0,Scotland,2021-12-17
4,2,2,0,Scotland,2021-12-18
7,6,1,0,Scotland,2021-12-19
9,2,7,0,Scotland,2021-12-20
16,5,11,0,Scotland,2021-12-21
17,4,13,0,Scotland,2021-12-22
24,9,15,0,Scotland,2021-12-23
8,1,7,0,Scotland,2021-12-24
10,6,4,0,Scotland,2021-12-25
27,10,17,0,Scotland,2021-12-26
63,15,48,0,Scotland,2021-12-27
115,20,95,0,Scotland,2021-12-30
46,11,35,0,Scotland,2021-12-31
46,8,38,0,Scotland,2022-01-01
49,14,35,0,Scotland,2022-01-02
127,22,105,0,Scotland,2022-01-03
159,40,119,0,Scotland,2022-01-04
204,56,148,0,Scotland,2022-01-05
215,40,175,0,Scotland,2022-01-10
215,42,173,0,Scotland,2022-01-11
214,49,165,0,Scotland,2022-01-12
158,47,111,0,Scotland,2022-01-13
134,35,99,0,Scotland,2022-01-14
63,23,40,0,Scotland,2022-01-17
197,55,142,0,Scotland,2022-01-18
133,37,96,0,Scotland,2022-01-19
29,10,19,0,Scotland,2022-01-23
82,28,54,0,Scotland,2022-01-25
59,19,40,0,Scotland,2022-01-26
62,16,46,0,Scotland,2022-01-27
12,7,5,0,Scotland,2022-01-30
50,17,33,0,Scotland,2022-01-31
38,10,28,0,Scotland,2022-02-03
12,5,7,0,Scotland,2022-02-05
32,11,21,0,Scotland,2022-02-07
16,2,14,0,Scotland,2022-02-08
23,8,15,0,Scotland,2022-02-09
7,2,5,0,Scotland,2022-02-11
5,2,3,0,Scotland,2022-02-12
6,3,3,0,Scotland,2022-02-13
7,3,4,0,Scotland,2022-02-15
10,1,9,0,Scotland,2022-02-16
12,6,6,0,Scotland,2022-02-17
4,2,2,0,Scotland,2022-02-18
2,1,1,0,Scotland,2022-02-19
5,1,4,0,Scotland,2022-02-20
10,5,5,0,Scotland,2022-02-21
2,1,1,0,Scotland,2022-02-22
1,0,1,0,Scotland,2022-02-23
3,2,1,0,Scotland,2022-02-24
6,1,5,0,Scotland,2022-02-25
1,1,0,0,Scotland,2022-02-26
1,1,0,0,Scotland,2022-02-27
6,1,5,0,Scotland,2022-02-28
1,0,1,0,Scotland,2022-03-01
1,0,1,0,Scotland,2022-03-02
2,2,0,0,Scotland,2022-03-03
1,0,1,0,Scotland,2022-03-04
1,1,0,0,Scotland,2022-03-05
1,1,0,0,Scotland,2022-03-06
9,5,4,0,Scotland,2022-03-07
1,1,0,0,Scotland,2022-03-08
2,0,2,0,Scotland,2022-03-09
1,0,1,0,Scotland,2022-03-10
2,0,2,0,Scotland,2022-03-11
0,0,0,0,Scotland,2022-03-12
0,0,0,0,Scotland,2022-03-13
2,1,1,0,Scotland,2022-03-14
2,1,1,0,Scotland,2022-03-15
2,1,1,0,Scotland,2022-03-16
1,0,1,0,Scotland,2022-03-17
1,0,1,0,Scotland,2022-03-18
1,0,1,0,Scotland,2022-03-19
1,1,0,0,Scotland,2022-03-20
2,1,1,0,Scotland,2022-03-21
1,0,1,0,Scotland,2022-03-22
0,0,0,0,Scotland,2022-03-23
2,2,0,0,Scotland,2022-03-24
2,0,2,0,Scotland,2022-03-25
0,0,0,0,Scotland,2022-03-26
0,0,0,0,Scotland,2022-03-27
1,1,0,0,Scotland,2022-03-28
1,0,1,0,Scotland,2022-03-29
3,1,2,0,Scotland,2022-03-30
0,0,0,0,Scotland,2022-03-31
0,0,0,0,Scotland,2022-04-01
0,0,0,0,Scotland,2022-04-02
0,0,0,0,Scotland,2022-04-03
2,2,0,0,Scotland,2022-04-04
1,1,0,0,Scotland,2022-04-05
0,0,0,0,Scotland,2022-04-06
0,0,0,0,Scotland,2022-04-07
5,0,5,0,Scotland,2022-04-08
1,1,0,0,Scotland,2022-04-09
16,2,14,0,Stanly,2021-10-15
8,1,7,0,Stanly,2021-10-16
12,4,8,0,Stanly,2021-10-21
8,0,8,0,Stanly,2021-10-22
4,0,4,0,Stanly,2021-10-23
22,2,20,0,Stanly,2021-10-25
15,0,15,0,Stanly,2021-10-27
22,4,18,0,Stanly,2021-10-28
9,0,9,0,Stanly,2021-10-29
9,2,7,0,Stanly,2021-10-30
15,0,15,0,Stanly,2021-10-31
22,1,21,0,Stanly,2021-11-01
14,0,14,0,Stanly,2021-11-02
20,2,18,0,Stanly,2021-11-03
14,0,14,0,Stanly,2021-11-04
8,0,8,0,Stanly,2021-11-06
5,0,5,0,Stanly,2021-11-07
31,2,29,0,Stanly,2021-11-09
13,1,12,0,Stanly,2021-11-10
19,1,18,0,Stanly,2021-11-11
8,0,8,0,Stanly,2021-11-13
10,0,10,0,Stanly,2021-11-14
17,2,15,0,Stanly,2021-11-16
16,1,15,0,Stanly,2021-11-19
10,1,9,0,Stanly,2021-11-20
6,0,6,0,Stanly,2021-11-25
12,1,11,0,Stanly,2021-11-26
34,2,32,0,Stanly,2021-11-29
30,3,27,0,Stanly,2021-11-30
20,2,18,0,Stanly,2021-12-01
27,6,21,0,Stanly,2021-12-02
18,0,18,0,Stanly,2021-12-04
18,0,18,0,Stanly,2021-12-05
45,7,38,0,Stanly,2021-12-06
46,7,39,0,Stanly,2021-12-07
26,2,24,0,Stanly,2021-12-09
15,0,15,0,Stanly,2021-12-11
17,0,17,0,Stanly,2021-12-12
40,7,33,0,Stanly,2021-12-13
30,4,26,0,Stanly,2021-12-16
17,2,15,0,Stanly,2021-12-18
13,1,12,0,Stanly,2021-12-19
36,10,26,0,Stanly,2021-12-20
43,6,37,0,Stanly,2021-12-21
36,2,34,0,Stanly,2021-12-22
37,5,32,0,Stanly,2021-12-23
16,4,12,0,Stanly,2021-12-24
12,3,9,0,Stanly,2021-12-25
16,2,14,0,Stanly,2021-12-26
81,11,70,0,Stanly,2021-12-27
114,14,100,0,Stanly,2021-12-29
168,54,114,0,Stanly,2021-12-30
41,14,27,0,Stanly,2022-01-01
214,64,150,0,Stanly,2022-01-05
180,44,136,0,Stanly,2022-01-06
85,35,50,0,Stanly,2022-01-09
352,85,267,0,Stanly,2022-01-11
105,29,76,0,Stanly,2022-01-17
256,51,205,0,Stanly,2022-01-20
110,7,103,0,Stanly,2022-01-28
34,9,25,0,Stanly,2022-01-29
67,11,56,0,Stanly,2022-02-01
57,3,54,0,Stanly,2022-02-03
20,0,20,0,Stanly,2022-02-06
53,7,46,0,Stanly,2022-02-07
11,0,11,0,Stanly,2022-02-12
6,0,6,0,Stanly,2022-02-13
25,2,23,0,Stanly,2022-02-14
13,1,12,0,Stanly,2022-02-16
13,1,12,0,Stanly,2022-02-18
4,0,4,0,Stanly,2022-02-19
5,0,5,0,Stanly,2022-02-20
22,1,21,0,Stanly,2022-02-21
15,2,13,0,Stanly,2022-02-22
6,1,5,0,Stanly,2022-02-23
9,0,9,0,Stanly,2022-02-24
9,1,8,0,Stanly,2022-02-25
1,1,0,0,Stanly,2022-02-26
0,0,0,0,Stanly,2022-02-27
3,0,3,0,Stanly,2022-02-28
5,0,5,0,Stanly,2022-03-01
10,0,10,0,Stanly,2022-03-02
3,0,3,0,Stanly,2022-03-03
3,1,2,0,Stanly,2022-03-04
0,0,0,0,Stanly,2022-03-06
3,0,3,0,Stanly,2022-03-07
3,0,3,0,Stanly,2022-03-08
0,0,0,0,Stanly,2022-03-09
0,0,0,0,Stanly,2022-03-10
0,0,0,0,Stanly,2022-03-11
1,0,1,0,Stanly,2022-03-12
0,0,0,0,Stanly,2022-03-13
1,0,1,0,Stanly,2022-03-14
2,0,2,0,Stanly,2022-03-15
1,0,1,0,Stanly,2022-03-16
2,0,2,0,Stanly,2022-03-17
2,0,2,0,Stanly,2022-03-18
1,0,1,0,Stanly,2022-03-19
1,0,1,0,Stanly,2022-03-20
1,0,1,0,Stanly,2022-03-21
1,0,1,0,Stanly,2022-03-22
1,0,1,0,Stanly,2022-03-23
0,0,0,0,Stanly,2022-03-24
2,0,2,0,Stanly,2022-03-25
0,0,0,0,Stanly,2022-03-26
3,1,2,0,Stanly,2022-03-27
0,0,0,0,Stanly,2022-03-28
1,0,1,0,Stanly,2022-03-29
3,0,3,0,Stanly,2022-03-30
1,0,1,0,Stanly,2022-03-31
0,0,0,0,Stanly,2022-04-01
0,0,0,0,Stanly,2022-04-02
1,0,1,0,Stanly,2022-04-03
0,0,0,0,Stanly,2022-04-04
2,0,2,0,Stanly,2022-04-05
1,0,1,0,Stanly,2022-04-06
2,0,2,0,Stanly,2022-04-07
0,0,0,0,Stanly,2022-04-08
1,0,1,0,Stanly,2022-04-09
23,7,16,0,Stokes,2021-10-12
17,7,10,0,Stokes,2021-10-13
15,3,12,0,Stokes,2021-10-15
12,2,10,0,Stokes,2021-10-16
22,7,15,0,Stokes,2021-10-18
18,4,14,0,Stokes,2021-10-19
13,5,8,0,Stokes,2021-10-21
30,8,22,0,Stokes,2021-10-25
21,6,15,0,Stokes,2021-10-27
17,6,11,0,Stokes,2021-10-28
4,0,4,0,Stokes,2021-10-31
16,1,15,0,Stokes,2021-11-02
9,1,8,0,Stokes,2021-11-04
12,2,10,0,Stokes,2021-11-05
8,1,7,0,Stokes,2021-11-06
9,1,8,0,Stokes,2021-11-07
22,3,19,0,Stokes,2021-11-08
17,6,11,0,Stokes,2021-11-10
13,1,12,0,Stokes,2021-11-12
5,0,5,0,Stokes,2021-11-13
14,2,12,0,Stokes,2021-11-14
29,9,20,0,Stokes,2021-11-15
16,5,11,0,Stokes,2021-11-16
14,6,8,0,Stokes,2021-11-17
14,3,11,0,Stokes,2021-11-18
17,4,13,0,Stokes,2021-11-19
11,2,9,0,Stokes,2021-11-20
8,5,3,0,Stokes,2021-11-21
15,8,7,0,Stokes,2021-11-23
17,1,16,0,Stokes,2021-11-24
4,1,3,0,Stokes,2021-11-25
14,3,11,0,Stokes,2021-11-27
8,2,6,0,Stokes,2021-11-28
39,5,34,0,Stokes,2021-11-29
29,8,21,0,Stokes,2021-11-30
42,10,32,0,Stokes,2021-12-01
42,6,36,0,Stokes,2021-12-02
27,4,23,0,Stokes,2021-12-03
21,3,18,0,Stokes,2021-12-04
12,2,10,0,Stokes,2021-12-05
46,11,35,0,Stokes,2021-12-06
34,4,30,0,Stokes,2021-12-07
36,11,25,0,Stokes,2021-12-08
24,3,21,0,Stokes,2021-12-10
8,2,6,0,Stokes,2021-12-11
11,1,10,0,Stokes,2021-12-12
41,7,34,0,Stokes,2021-12-14
35,8,27,0,Stokes,2021-12-15
34,11,23,0,Stokes,2021-12-16
35,4,31,0,Stokes,2021-12-17
20,5,15,0,Stokes,2021-12-19
43,11,32,0,Stokes,2021-12-20
40,5,35,0,Stokes,2021-12-21
24,1,23,0,Stokes,2021-12-23
15,2,13,0,Stokes,2021-12-24
3,0,3,0,Stokes,2021-12-25
9,1,8,0,Stokes,2021-12-26
70,16,54,0,Stokes,2021-12-27
89,13,76,0,Stokes,2021-12-29
74,12,62,0,Stokes,2021-12-30
65,30,35,0,Stokes,2021-12-31
13,6,7,0,Stokes,2022-01-01
28,8,20,0,Stokes,2022-01-02
112,37,75,0,Stokes,2022-01-03
126,23,103,0,Stokes,2022-01-04
91,20,71,0,Stokes,2022-01-07
48,8,40,0,Stokes,2022-01-08
33,8,25,0,Stokes,2022-01-09
187,31,156,0,Stokes,2022-01-11
139,33,106,0,Stokes,2022-01-13
137,21,116,0,Stokes,2022-01-19
32,7,25,0,Stokes,2022-01-23
165,45,120,0,Stokes,2022-01-24
79,13,66,0,Stokes,2022-01-27
90,16,74,0,Stokes,2022-01-31
45,9,36,0,Stokes,2022-02-01
44,6,38,0,Stokes,2022-02-02
17,1,16,0,Stokes,2022-02-05
15,3,12,0,Stokes,2022-02-06
28,5,23,0,Stokes,2022-02-08
32,4,28,0,Stokes,2022-02-09
13,2,11,0,Stokes,2022-02-13
30,7,23,0,Stokes,2022-02-14
5,1,4,0,Stokes,2022-02-19
6,3,3,0,Stokes,2022-02-20
8,3,5,0,Stokes,2022-02-23
8,1,7,0,Stokes,2022-02-25
3,0,3,0,Stokes,2022-02-26
2,0,2,0,Stokes,2022-02-27
7,1,6,0,Stokes,2022-02-28
2,0,2,0,Stokes,2022-03-02
4,1,3,0,Stokes,2022-03-04
2,0,2,0,Stokes,2022-03-06
5,0,5,0,Stokes,2022-03-07
5,0,5,0,Stokes,2022-03-08
3,1,2,0,Stokes,2022-03-09
2,2,0,0,Stokes,2022-03-10
2,0,2,0,Stokes,2022-03-12
0,0,0,0,Stokes,2022-03-13
3,0,3,0,Stokes,2022-03-14
1,0,1,0,Stokes,2022-03-15
0,0,0,0,Stokes,2022-03-16
0,0,0,0,Stokes,2022-03-17
0,0,0,0,Stokes,2022-03-18
1,0,1,0,Stokes,2022-03-19
0,0,0,0,Stokes,2022-03-20
3,2,1,0,Stokes,2022-03-21
0,0,0,0,Stokes,2022-03-22
2,1,1,0,Stokes,2022-03-23
0,0,0,0,Stokes,2022-03-24
0,0,0,0,Stokes,2022-03-25
4,4,0,0,Stokes,2022-03-26
1,0,1,0,Stokes,2022-03-27
3,1,2,0,Stokes,2022-03-28
2,2,0,0,Stokes,2022-03-29
4,0,4,0,Stokes,2022-03-30
3,3,0,0,Stokes,2022-03-31
1,1,0,0,Stokes,2022-04-01
1,0,1,0,Stokes,2022-04-02
0,0,0,0,Stokes,2022-04-03
5,2,3,0,Stokes,2022-04-04
1,1,0,0,Stokes,2022-04-05
3,0,3,0,Stokes,2022-04-06
0,0,0,0,Stokes,2022-04-07
2,0,2,0,Stokes,2022-04-08
1,1,0,0,Stokes,2022-04-09
26,11,15,0,Surry,2021-10-13
11,3,8,0,Surry,2021-10-17
29,14,15,0,Surry,2021-10-22
14,8,6,0,Surry,2021-10-23
16,8,8,0,Surry,2021-10-25
19,5,14,0,Surry,2021-10-27
16,9,7,0,Surry,2021-10-28
10,6,4,0,Surry,2021-10-29
7,0,7,0,Surry,2021-10-31
24,6,18,0,Surry,2021-11-01
21,5,16,0,Surry,2021-11-02
18,5,13,0,Surry,2021-11-03
22,9,13,0,Surry,2021-11-04
15,9,6,0,Surry,2021-11-05
12,2,10,0,Surry,2021-11-06
46,20,26,0,Surry,2021-11-08
31,16,15,0,Surry,2021-11-09
26,12,14,0,Surry,2021-11-10
27,15,12,0,Surry,2021-11-11
19,6,13,0,Surry,2021-11-12
12,5,7,0,Surry,2021-11-13
8,4,4,0,Surry,2021-11-14
54,24,30,0,Surry,2021-11-15
50,11,39,0,Surry,2021-11-16
34,18,16,0,Surry,2021-11-17
37,22,15,0,Surry,2021-11-18
22,6,16,0,Surry,2021-11-19
48,12,36,0,Surry,2021-11-23
32,16,16,0,Surry,2021-11-24
6,3,3,0,Surry,2021-11-28
41,16,25,0,Surry,2021-11-30
21,15,6,0,Surry,2021-12-04
23,15,8,0,Surry,2021-12-05
80,34,46,0,Surry,2021-12-06
53,25,28,0,Surry,2021-12-07
53,25,28,0,Surry,2021-12-09
55,19,36,0,Surry,2021-12-16
20,5,15,0,Surry,2021-12-18
59,21,38,0,Surry,2021-12-23
47,23,24,0,Surry,2021-12-24
8,5,3,0,Surry,2021-12-25
57,18,39,0,Surry,2021-12-26
117,42,75,0,Surry,2021-12-27
126,42,84,0,Surry,2021-12-29
69,30,39,0,Surry,2021-12-31
180,78,102,0,Surry,2022-01-03
153,49,104,0,Surry,2022-01-04
194,88,106,0,Surry,2022-01-05
153,58,95,0,Surry,2022-01-07
290,105,185,0,Surry,2022-01-11
252,72,180,0,Surry,2022-01-13
217,75,142,0,Surry,2022-01-20
156,56,100,0,Surry,2022-01-21
231,85,146,0,Surry,2022-01-24
149,51,98,0,Surry,2022-01-31
142,81,61,0,Surry,2022-02-02
80,27,53,0,Surry,2022-02-03
72,36,36,0,Surry,2022-02-07
61,20,41,0,Surry,2022-02-09
64,29,35,0,Surry,2022-02-10
15,1,14,0,Surry,2022-02-13
58,27,31,0,Surry,2022-02-14
37,10,27,0,Surry,2022-02-16
20,10,10,0,Surry,2022-02-19
30,12,18,0,Surry,2022-02-21
22,8,14,0,Surry,2022-02-23
20,5,15,0,Surry,2022-02-24
13,4,9,0,Surry,2022-02-25
7,3,4,0,Surry,2022-02-26
4,2,2,0,Surry,2022-02-27
16,6,10,0,Surry,2022-02-28
9,3,6,0,Surry,2022-03-01
6,2,4,0,Surry,2022-03-04
3,1,2,0,Surry,2022-03-05
2,1,1,0,Surry,2022-03-06
6,3,3,0,Surry,2022-03-07
5,2,3,0,Surry,2022-03-08
10,2,8,0,Surry,2022-03-09
4,2,2,0,Surry,2022-03-10
3,2,1,0,Surry,2022-03-11
6,2,4,0,Surry,2022-03-12
2,1,1,0,Surry,2022-03-13
1,0,1,0,Surry,2022-03-15
2,0,2,0,Surry,2022-03-16
2,0,2,0,Surry,2022-03-17
2,1,1,0,Surry,2022-03-18
4,0,4,0,Surry,2022-03-21
2,2,0,0,Surry,2022-03-22
1,1,0,0,Surry,2022-03-23
2,0,2,0,Surry,2022-03-24
0,0,0,0,Surry,2022-03-25
1,1,0,0,Surry,2022-03-26
2,1,1,0,Surry,2022-03-27
1,0,1,0,Surry,2022-03-28
1,0,1,0,Surry,2022-03-29
1,0,1,0,Surry,2022-03-30
1,0,1,0,Surry,2022-03-31
0,0,0,0,Surry,2022-04-01
1,1,0,0,Surry,2022-04-02
1,0,1,0,Surry,2022-04-03
4,1,3,0,Surry,2022-04-04
4,2,2,0,Surry,2022-04-05
2,0,2,0,Surry,2022-04-06
3,1,2,0,Surry,2022-04-07
1,0,1,0,Surry,2022-04-08
4,1,3,0,Surry,2022-04-09
5,2,3,0,Swain,2021-10-12
2,1,1,0,Swain,2021-10-13
6,5,1,0,Swain,2021-10-14
3,1,2,0,Swain,2021-10-15
1,1,0,0,Swain,2021-10-16
1,0,1,0,Swain,2021-10-17
4,1,3,0,Swain,2021-10-19
2,0,2,0,Swain,2021-10-21
3,2,1,0,Swain,2021-10-22
3,1,2,0,Swain,2021-10-23
1,1,0,0,Swain,2021-10-24
3,3,0,0,Swain,2021-10-25
8,4,4,0,Swain,2021-10-26
6,3,3,0,Swain,2021-10-27
7,5,2,0,Swain,2021-10-28
4,1,3,0,Swain,2021-10-29
0,0,0,0,Swain,2021-10-30
1,0,1,0,Swain,2021-10-31
2,2,0,0,Swain,2021-11-01
3,0,3,0,Swain,2021-11-02
2,0,2,0,Swain,2021-11-03
1,1,0,0,Swain,2021-11-04
1,0,1,0,Swain,2021-11-05
0,0,0,0,Swain,2021-11-06
0,0,0,0,Swain,2021-11-07
0,0,0,0,Swain,2021-11-08
2,1,1,0,Swain,2021-11-09
0,0,0,0,Swain,2021-11-10
0,0,0,0,Swain,2021-11-12
0,0,0,0,Swain,2021-11-13
0,0,0,0,Swain,2021-11-14
3,1,2,0,Swain,2021-11-15
3,2,1,0,Swain,2021-11-16
2,0,2,0,Swain,2021-11-17
2,1,1,0,Swain,2021-11-18
3,0,3,0,Swain,2021-11-19
1,0,1,0,Swain,2021-11-20
2,1,1,0,Swain,2021-11-22
6,2,4,0,Swain,2021-11-23
4,2,2,0,Swain,2021-11-24
1,0,1,0,Swain,2021-11-25
5,0,5,0,Swain,2021-11-26
5,2,3,0,Swain,2021-11-27
0,0,0,0,Swain,2021-11-28
16,3,13,0,Swain,2021-11-29
15,6,9,0,Swain,2021-11-30
8,4,4,0,Swain,2021-12-01
9,7,2,0,Swain,2021-12-02
11,2,9,0,Swain,2021-12-03
2,1,1,0,Swain,2021-12-04
4,3,1,0,Swain,2021-12-05
14,7,7,0,Swain,2021-12-06
7,4,3,0,Swain,2021-12-07
7,1,6,0,Swain,2021-12-09
4,0,4,0,Swain,2021-12-10
4,0,4,0,Swain,2021-12-12
7,4,3,0,Swain,2021-12-13
9,4,5,0,Swain,2021-12-14
7,1,6,0,Swain,2021-12-15
5,3,2,0,Swain,2021-12-16
4,3,1,0,Swain,2021-12-17
1,1,0,0,Swain,2021-12-18
1,1,0,0,Swain,2021-12-19
3,1,2,0,Swain,2021-12-20
3,1,2,0,Swain,2021-12-22
5,5,0,0,Swain,2021-12-23
3,1,2,0,Swain,2021-12-24
1,0,1,0,Swain,2021-12-25
6,2,4,0,Swain,2021-12-26
18,11,7,0,Swain,2021-12-28
21,13,8,0,Swain,2021-12-29
29,27,2,0,Swain,2021-12-30
24,16,8,0,Swain,2021-12-31
22,13,9,0,Swain,2022-01-02
33,16,17,0,Swain,2022-01-03
53,20,33,0,Swain,2022-01-04
37,20,17,0,Swain,2022-01-05
32,15,17,0,Swain,2022-01-07
20,12,8,0,Swain,2022-01-09
34,23,11,0,Swain,2022-01-10
38,10,28,0,Swain,2022-01-11
38,15,23,0,Swain,2022-01-13
33,8,25,0,Swain,2022-01-14
8,5,3,0,Swain,2022-01-15
8,2,6,0,Swain,2022-01-16
13,9,4,0,Swain,2022-01-17
37,28,9,0,Swain,2022-01-18
50,26,24,0,Swain,2022-01-19
40,21,19,0,Swain,2022-01-21
15,8,7,0,Swain,2022-01-22
19,10,9,0,Swain,2022-01-23
40,22,18,0,Swain,2022-01-24
36,13,23,0,Swain,2022-01-25
28,14,14,0,Swain,2022-01-26
26,17,9,0,Swain,2022-01-27
9,6,3,0,Swain,2022-01-29
14,6,8,0,Swain,2022-01-30
35,22,13,0,Swain,2022-01-31
29,11,18,0,Swain,2022-02-01
25,11,14,0,Swain,2022-02-02
14,13,1,0,Swain,2022-02-03
12,5,7,0,Swain,2022-02-04
4,3,1,0,Swain,2022-02-05
12,5,7,0,Swain,2022-02-07
16,8,8,0,Swain,2022-02-08
6,3,3,0,Swain,2022-02-10
13,7,6,0,Swain,2022-02-11
3,3,0,0,Swain,2022-02-12
1,1,0,0,Swain,2022-02-13
10,6,4,0,Swain,2022-02-14
9,8,1,0,Swain,2022-02-15
5,3,2,0,Swain,2022-02-16
15,13,2,0,Swain,2022-02-17
6,4,2,0,Swain,2022-02-18
7,4,3,0,Swain,2022-02-19
5,5,0,0,Swain,2022-02-20
10,6,4,0,Swain,2022-02-21
12,6,6,0,Swain,2022-02-22
3,3,0,0,Swain,2022-02-23
7,2,5,0,Swain,2022-02-24
6,3,3,0,Swain,2022-02-25
1,1,0,0,Swain,2022-02-26
2,2,0,0,Swain,2022-02-27
4,3,1,0,Swain,2022-02-28
2,0,2,0,Swain,2022-03-01
4,3,1,0,Swain,2022-03-02
1,0,1,0,Swain,2022-03-03
1,0,1,0,Swain,2022-03-04
2,0,2,0,Swain,2022-03-05
2,0,2,0,Swain,2022-03-06
0,0,0,0,Swain,2022-03-08
0,0,0,0,Swain,2022-03-09
3,3,0,0,Swain,2022-03-10
1,1,0,0,Swain,2022-03-11
1,1,0,0,Swain,2022-03-12
1,0,1,0,Swain,2022-03-13
0,0,0,0,Swain,2022-03-14
1,1,0,0,Swain,2022-03-15
0,0,0,0,Swain,2022-03-16
1,1,0,0,Swain,2022-03-17
0,0,0,0,Swain,2022-03-18
0,0,0,0,Swain,2022-03-19
0,0,0,0,Swain,2022-03-20
0,0,0,0,Swain,2022-03-21
1,0,1,0,Swain,2022-03-22
1,0,1,0,Swain,2022-03-23
2,1,1,0,Swain,2022-03-24
0,0,0,0,Swain,2022-03-25
0,0,0,0,Swain,2022-03-26
1,1,0,0,Swain,2022-03-27
0,0,0,0,Swain,2022-03-28
1,1,0,0,Swain,2022-03-29
2,2,0,0,Swain,2022-03-30
1,1,0,0,Swain,2022-03-31
0,0,0,0,Swain,2022-04-01
1,1,0,0,Swain,2022-04-02
0,0,0,0,Swain,2022-04-03
0,0,0,0,Swain,2022-04-04
0,0,0,0,Swain,2022-04-05
1,1,0,0,Swain,2022-04-06
1,0,1,0,Swain,2022-04-07
0,0,0,0,Swain,2022-04-08
0,0,0,0,Swain,2022-04-09
4,4,0,0,Transylvania,2021-10-12
7,0,7,0,Transylvania,2021-10-13
3,3,0,0,Transylvania,2021-10-14
3,1,2,0,Transylvania,2021-10-15
2,2,0,0,Transylvania,2021-10-16
0,0,0,0,Transylvania,2021-10-17
2,2,0,0,Transylvania,2021-10-18
6,2,4,0,Transylvania,2021-10-19
5,5,0,0,Transylvania,2021-10-21
3,2,1,0,Transylvania,2021-10-22
0,0,0,0,Transylvania,2021-10-23
1,1,0,0,Transylvania,2021-10-24
4,4,0,0,Transylvania,2021-10-26
2,2,0,0,Transylvania,2021-10-27
4,1,3,0,Transylvania,2021-10-28
2,0,2,0,Transylvania,2021-10-29
1,0,1,0,Transylvania,2021-10-30
5,4,1,0,Transylvania,2021-10-31
5,3,2,0,Transylvania,2021-11-01
8,3,5,0,Transylvania,2021-11-02
2,0,2,0,Transylvania,2021-11-03
2,1,1,0,Transylvania,2021-11-04
7,3,4,0,Transylvania,2021-11-05
2,1,1,0,Transylvania,2021-11-06
5,4,1,0,Transylvania,2021-11-07
7,5,2,0,Transylvania,2021-11-08
6,3,3,0,Transylvania,2021-11-09
4,3,1,0,Transylvania,2021-11-10
3,2,1,0,Transylvania,2021-11-11
1,1,0,0,Transylvania,2021-11-12
2,1,1,0,Transylvania,2021-11-13
1,0,1,0,Transylvania,2021-11-14
8,7,1,0,Transylvania,2021-11-15
5,5,0,0,Transylvania,2021-11-17
3,1,2,0,Transylvania,2021-11-18
1,1,0,0,Transylvania,2021-11-19
2,2,0,0,Transylvania,2021-11-20
4,3,1,0,Transylvania,2021-11-21
6,2,4,0,Transylvania,2021-11-22
1,1,0,0,Transylvania,2021-11-23
2,0,2,0,Transylvania,2021-11-24
1,1,0,0,Transylvania,2021-11-25
6,1,5,0,Transylvania,2021-11-26
5,2,3,0,Transylvania,2021-11-27
4,3,1,0,Transylvania,2021-11-28
11,5,6,0,Transylvania,2021-11-29
11,6,5,0,Transylvania,2021-11-30
14,8,6,0,Transylvania,2021-12-01
6,5,1,0,Transylvania,2021-12-02
9,7,2,0,Transylvania,2021-12-04
7,5,2,0,Transylvania,2021-12-05
6,2,4,0,Transylvania,2021-12-06
6,2,4,0,Transylvania,2021-12-07
8,6,2,0,Transylvania,2021-12-09
6,3,3,0,Transylvania,2021-12-10
16,12,4,0,Transylvania,2021-12-12
29,18,11,0,Transylvania,2021-12-13
24,13,11,0,Transylvania,2021-12-15
22,12,10,0,Transylvania,2021-12-16
9,5,4,0,Transylvania,2021-12-18
12,6,6,0,Transylvania,2021-12-19
28,16,12,0,Transylvania,2021-12-20
29,19,10,0,Transylvania,2021-12-21
32,18,14,0,Transylvania,2021-12-22
28,18,10,0,Transylvania,2021-12-23
10,7,3,0,Transylvania,2021-12-24
5,2,3,0,Transylvania,2021-12-25
18,15,3,0,Transylvania,2021-12-26
51,22,29,0,Transylvania,2021-12-29
30,16,14,0,Transylvania,2021-12-31
14,9,5,0,Transylvania,2022-01-01
53,25,28,0,Transylvania,2022-01-03
60,24,36,0,Transylvania,2022-01-04
56,25,31,0,Transylvania,2022-01-05
22,14,8,0,Transylvania,2022-01-09
83,32,51,0,Transylvania,2022-01-10
69,34,35,0,Transylvania,2022-01-11
70,33,37,0,Transylvania,2022-01-14
8,7,1,0,Transylvania,2022-01-16
84,32,52,0,Transylvania,2022-01-20
48,18,30,0,Transylvania,2022-01-21
22,14,8,0,Transylvania,2022-01-23
41,15,26,0,Transylvania,2022-01-24
23,4,19,0,Transylvania,2022-01-25
43,15,28,0,Transylvania,2022-01-26
31,12,19,0,Transylvania,2022-01-27
24,6,18,0,Transylvania,2022-01-28
12,5,7,0,Transylvania,2022-01-29
14,4,10,0,Transylvania,2022-01-30
35,15,20,0,Transylvania,2022-01-31
32,9,23,0,Transylvania,2022-02-01
28,17,11,0,Transylvania,2022-02-02
13,8,5,0,Transylvania,2022-02-03
14,5,9,0,Transylvania,2022-02-05
17,7,10,0,Transylvania,2022-02-06
14,5,9,0,Transylvania,2022-02-10
11,6,5,0,Transylvania,2022-02-11
7,5,2,0,Transylvania,2022-02-12
5,5,0,0,Transylvania,2022-02-13
17,11,6,0,Transylvania,2022-02-14
11,5,6,0,Transylvania,2022-02-15
12,4,8,0,Transylvania,2022-02-16
5,3,2,0,Transylvania,2022-02-18
0,0,0,0,Transylvania,2022-02-19
3,2,1,0,Transylvania,2022-02-20
1,1,0,0,Transylvania,2022-02-21
5,3,2,0,Transylvania,2022-02-22
9,4,5,0,Transylvania,2022-02-23
5,0,5,0,Transylvania,2022-02-24
1,1,0,0,Transylvania,2022-02-25
1,1,0,0,Transylvania,2022-02-26
0,0,0,0,Transylvania,2022-02-27
1,1,0,0,Transylvania,2022-02-28
3,1,2,0,Transylvania,2022-03-01
0,0,0,0,Transylvania,2022-03-04
1,1,0,0,Transylvania,2022-03-05
1,1,0,0,Transylvania,2022-03-06
3,2,1,0,Transylvania,2022-03-07
2,2,0,0,Transylvania,2022-03-08
0,0,0,0,Transylvania,2022-03-09
0,0,0,0,Transylvania,2022-03-10
0,0,0,0,Transylvania,2022-03-11
0,0,0,0,Transylvania,2022-03-12
0,0,0,0,Transylvania,2022-03-13
4,1,3,0,Transylvania,2022-03-14
0,0,0,0,Transylvania,2022-03-15
1,1,0,0,Transylvania,2022-03-16
0,0,0,0,Transylvania,2022-03-17
1,1,0,0,Transylvania,2022-03-18
0,0,0,0,Transylvania,2022-03-19
0,0,0,0,Transylvania,2022-03-20
1,1,0,0,Transylvania,2022-03-22
1,0,1,0,Transylvania,2022-03-23
0,0,0,0,Transylvania,2022-03-24
0,0,0,0,Transylvania,2022-03-25
0,0,0,0,Transylvania,2022-03-26
0,0,0,0,Transylvania,2022-03-27
1,0,1,0,Transylvania,2022-03-28
0,0,0,0,Transylvania,2022-03-29
3,2,1,0,Transylvania,2022-03-30
0,0,0,0,Transylvania,2022-03-31
0,0,0,0,Transylvania,2022-04-01
0,0,0,0,Transylvania,2022-04-02
0,0,0,0,Transylvania,2022-04-03
1,0,1,0,Transylvania,2022-04-04
0,0,0,0,Transylvania,2022-04-05
5,2,3,0,Transylvania,2022-04-06
2,2,0,0,Transylvania,2022-04-07
1,1,0,0,Transylvania,2022-04-08
1,1,0,0,Transylvania,2022-04-09
3,0,3,0,Tyrrell,2021-10-12
1,0,1,0,Tyrrell,2021-10-13
0,0,0,0,Tyrrell,2021-10-14
1,0,1,0,Tyrrell,2021-10-15
1,0,1,0,Tyrrell,2021-10-16
0,0,0,0,Tyrrell,2021-10-17
0,0,0,0,Tyrrell,2021-10-18
1,1,0,0,Tyrrell,2021-10-19
0,0,0,0,Tyrrell,2021-10-20
4,0,4,0,Tyrrell,2021-10-21
0,0,0,0,Tyrrell,2021-10-22
2,0,2,0,Tyrrell,2021-10-23
0,0,0,0,Tyrrell,2021-10-24
1,0,1,0,Tyrrell,2021-10-25
1,0,1,0,Tyrrell,2021-10-26
1,0,1,0,Tyrrell,2021-10-27
1,0,1,0,Tyrrell,2021-10-28
1,0,1,0,Tyrrell,2021-10-29
0,0,0,0,Tyrrell,2021-10-30
0,0,0,0,Tyrrell,2021-10-31
0,0,0,0,Tyrrell,2021-11-01
2,0,2,0,Tyrrell,2021-11-02
1,1,0,0,Tyrrell,2021-11-03
2,2,0,0,Tyrrell,2021-11-04
1,0,1,0,Tyrrell,2021-11-05
0,0,0,0,Tyrrell,2021-11-06
0,0,0,0,Tyrrell,2021-11-07
2,0,2,0,Tyrrell,2021-11-08
1,0,1,0,Tyrrell,2021-11-09
1,0,1,0,Tyrrell,2021-11-10
1,1,0,0,Tyrrell,2021-11-11
2,0,2,0,Tyrrell,2021-11-12
1,0,1,0,Tyrrell,2021-11-13
0,0,0,0,Tyrrell,2021-11-14
0,0,0,0,Tyrrell,2021-11-15
0,0,0,0,Tyrrell,2021-11-16
0,0,0,0,Tyrrell,2021-11-17
0,0,0,0,Tyrrell,2021-11-18
0,0,0,0,Tyrrell,2021-11-19
0,0,0,0,Tyrrell,2021-11-20
1,0,1,0,Tyrrell,2021-11-21
6,1,5,0,Tyrrell,2021-11-22
1,0,1,0,Tyrrell,2021-11-23
3,2,1,0,Tyrrell,2021-11-24
0,0,0,0,Tyrrell,2021-11-25
2,1,1,0,Tyrrell,2021-11-26
2,2,0,0,Tyrrell,2021-11-27
0,0,0,0,Tyrrell,2021-11-28
1,1,0,0,Tyrrell,2021-11-29
3,0,3,0,Tyrrell,2021-11-30
1,0,1,0,Tyrrell,2021-12-01
0,0,0,0,Tyrrell,2021-12-02
1,0,1,0,Tyrrell,2021-12-03
2,1,1,0,Tyrrell,2021-12-04
1,1,0,0,Tyrrell,2021-12-05
2,1,1,0,Tyrrell,2021-12-06
2,0,2,0,Tyrrell,2021-12-07
0,0,0,0,Tyrrell,2021-12-08
1,0,1,0,Tyrrell,2021-12-09
1,0,1,0,Tyrrell,2021-12-10
0,0,0,0,Tyrrell,2021-12-11
0,0,0,0,Tyrrell,2021-12-12
5,2,3,0,Tyrrell,2021-12-13
1,0,1,0,Tyrrell,2021-12-14
1,0,1,0,Tyrrell,2021-12-15
1,0,1,0,Tyrrell,2021-12-16
0,0,0,0,Tyrrell,2021-12-17
0,0,0,0,Tyrrell,2021-12-18
1,1,0,0,Tyrrell,2021-12-19
2,0,2,0,Tyrrell,2021-12-20
2,0,2,0,Tyrrell,2021-12-21
2,1,1,0,Tyrrell,2021-12-22
1,0,1,0,Tyrrell,2021-12-23
0,0,0,0,Tyrrell,2021-12-24
0,0,0,0,Tyrrell,2021-12-25
1,0,1,0,Tyrrell,2021-12-26
2,0,2,0,Tyrrell,2021-12-27
5,1,4,0,Tyrrell,2021-12-28
4,0,4,0,Tyrrell,2021-12-29
7,0,7,0,Tyrrell,2021-12-30
2,0,2,0,Tyrrell,2021-12-31
0,0,0,0,Tyrrell,2022-01-01
0,0,0,0,Tyrrell,2022-01-02
8,4,4,0,Tyrrell,2022-01-03
11,4,7,0,Tyrrell,2022-01-04
4,0,4,0,Tyrrell,2022-01-05
8,2,6,0,Tyrrell,2022-01-06
5,0,5,0,Tyrrell,2022-01-07
9,0,9,0,Tyrrell,2022-01-08
1,0,1,0,Tyrrell,2022-01-09
11,4,7,0,Tyrrell,2022-01-10
30,6,24,0,Tyrrell,2022-01-11
24,8,16,0,Tyrrell,2022-01-12
23,7,16,0,Tyrrell,2022-01-13
16,0,16,0,Tyrrell,2022-01-14
1,0,1,0,Tyrrell,2022-01-15
4,0,4,0,Tyrrell,2022-01-16
9,0,9,0,Tyrrell,2022-01-17
28,4,24,0,Tyrrell,2022-01-18
14,1,13,0,Tyrrell,2022-01-20
1,0,1,0,Tyrrell,2022-01-21
0,0,0,0,Tyrrell,2022-01-22
2,0,2,0,Tyrrell,2022-01-23
12,2,10,0,Tyrrell,2022-01-24
12,1,11,0,Tyrrell,2022-01-25
8,2,6,0,Tyrrell,2022-01-26
3,1,2,0,Tyrrell,2022-01-27
5,1,4,0,Tyrrell,2022-01-28
3,0,3,0,Tyrrell,2022-01-29
1,0,1,0,Tyrrell,2022-01-30
3,0,3,0,Tyrrell,2022-01-31
6,0,6,0,Tyrrell,2022-02-01
5,3,2,0,Tyrrell,2022-02-02
5,4,1,0,Tyrrell,2022-02-03
3,0,3,0,Tyrrell,2022-02-04
0,0,0,0,Tyrrell,2022-02-05
0,0,0,0,Tyrrell,2022-02-06
4,1,3,0,Tyrrell,2022-02-07
4,0,4,0,Tyrrell,2022-02-08
2,1,1,0,Tyrrell,2022-02-10
8,0,8,0,Tyrrell,2022-02-11
4,0,4,0,Tyrrell,2022-02-12
0,0,0,0,Tyrrell,2022-02-13
3,1,2,0,Tyrrell,2022-02-14
2,1,1,0,Tyrrell,2022-02-15
2,0,2,0,Tyrrell,2022-02-16
0,0,0,0,Tyrrell,2022-02-17
2,0,2,0,Tyrrell,2022-02-18
0,0,0,0,Tyrrell,2022-02-19
0,0,0,0,Tyrrell,2022-02-20
0,0,0,0,Tyrrell,2022-02-21
1,0,1,0,Tyrrell,2022-02-22
0,0,0,0,Tyrrell,2022-02-23
0,0,0,0,Tyrrell,2022-02-24
0,0,0,0,Tyrrell,2022-02-25
0,0,0,0,Tyrrell,2022-02-26
0,0,0,0,Tyrrell,2022-02-27
0,0,0,0,Tyrrell,2022-02-28
3,0,3,0,Tyrrell,2022-03-01
2,0,2,0,Tyrrell,2022-03-02
3,1,2,0,Tyrrell,2022-03-03
0,0,0,0,Tyrrell,2022-03-04
0,0,0,0,Tyrrell,2022-03-05
0,0,0,0,Tyrrell,2022-03-06
0,0,0,0,Tyrrell,2022-03-07
1,1,0,0,Tyrrell,2022-03-08
0,0,0,0,Tyrrell,2022-03-09
0,0,0,0,Tyrrell,2022-03-10
1,0,1,0,Tyrrell,2022-03-11
0,0,0,0,Tyrrell,2022-03-12
0,0,0,0,Tyrrell,2022-03-13
0,0,0,0,Tyrrell,2022-03-14
0,0,0,0,Tyrrell,2022-03-15
0,0,0,0,Tyrrell,2022-03-16
0,0,0,0,Tyrrell,2022-03-17
0,0,0,0,Tyrrell,2022-03-18
0,0,0,0,Tyrrell,2022-03-19
0,0,0,0,Tyrrell,2022-03-20
0,0,0,0,Tyrrell,2022-03-21
0,0,0,0,Tyrrell,2022-03-22
0,0,0,0,Tyrrell,2022-03-23
0,0,0,0,Tyrrell,2022-03-24
0,0,0,0,Tyrrell,2022-03-25
0,0,0,0,Tyrrell,2022-03-26
0,0,0,0,Tyrrell,2022-03-27
0,0,0,0,Tyrrell,2022-03-28
0,0,0,0,Tyrrell,2022-03-29
0,0,0,0,Tyrrell,2022-03-30
0,0,0,0,Tyrrell,2022-03-31
0,0,0,0,Tyrrell,2022-04-01
0,0,0,0,Tyrrell,2022-04-02
0,0,0,0,Tyrrell,2022-04-03
0,0,0,0,Tyrrell,2022-04-04
0,0,0,0,Tyrrell,2022-04-05
0,0,0,0,Tyrrell,2022-04-06
0,0,0,0,Tyrrell,2022-04-07
0,0,0,0,Tyrrell,2022-04-08
0,0,0,0,Tyrrell,2022-04-09
53,13,40,0,Union,2021-10-15
72,26,46,0,Union,2021-10-22
27,5,22,0,Union,2021-10-24
68,20,48,0,Union,2021-10-25
52,13,39,0,Union,2021-10-27
20,7,13,0,Union,2021-10-31
54,17,37,0,Union,2021-11-04
29,6,23,0,Union,2021-11-06
72,13,59,0,Union,2021-11-09
70,19,51,0,Union,2021-11-10
62,13,49,0,Union,2021-11-11
46,10,36,0,Union,2021-11-14
108,42,66,0,Union,2021-11-15
67,15,52,0,Union,2021-11-16
66,18,48,0,Union,2021-11-19
37,10,27,0,Union,2021-11-20
90,16,74,0,Union,2021-11-23
74,9,65,0,Union,2021-11-24
69,18,51,0,Union,2021-11-26
59,8,51,0,Union,2021-11-28
118,26,92,0,Union,2021-11-29
113,27,86,0,Union,2021-12-07
80,14,66,0,Union,2021-12-10
57,14,43,0,Union,2021-12-11
103,5,98,0,Union,2021-12-17
83,19,64,0,Union,2021-12-18
150,27,123,0,Union,2021-12-20
204,31,173,0,Union,2021-12-23
34,1,33,0,Union,2021-12-25
435,84,351,0,Union,2021-12-29
313,104,209,0,Union,2021-12-31
205,47,158,0,Union,2022-01-01
232,53,179,0,Union,2022-01-02
378,85,293,0,Union,2022-01-09
892,167,725,0,Union,2022-01-13
763,133,630,0,Union,2022-01-14
825,193,632,0,Union,2022-01-19
132,30,102,0,Union,2022-01-30
311,83,228,0,Union,2022-01-31
87,22,65,0,Union,2022-02-10
41,8,33,0,Union,2022-02-13
68,20,48,0,Union,2022-02-16
31,13,18,0,Union,2022-02-20
37,15,22,0,Union,2022-02-23
18,5,13,0,Union,2022-02-25
27,8,19,0,Union,2022-02-28
18,3,15,0,Union,2022-03-01
14,6,8,0,Union,2022-03-03
15,2,13,0,Union,2022-03-04
5,3,2,0,Union,2022-03-06
6,0,6,0,Union,2022-03-10
7,1,6,0,Union,2022-03-11
9,3,6,0,Union,2022-03-12
8,0,8,0,Union,2022-03-14
5,1,4,0,Union,2022-03-15
8,0,8,0,Union,2022-03-16
8,1,7,0,Union,2022-03-17
2,0,2,0,Union,2022-03-18
3,1,2,0,Union,2022-03-19
0,0,0,0,Union,2022-03-20
9,3,6,0,Union,2022-03-21
9,0,9,0,Union,2022-03-22
12,2,10,0,Union,2022-03-23
8,1,7,0,Union,2022-03-24
9,1,8,0,Union,2022-03-25
4,1,3,0,Union,2022-03-26
11,3,8,0,Union,2022-03-27
6,2,4,0,Union,2022-03-29
8,2,6,0,Union,2022-03-30
9,1,8,0,Union,2022-03-31
4,1,3,0,Union,2022-04-01
8,2,6,0,Union,2022-04-02
6,2,4,0,Union,2022-04-03
13,1,12,0,Union,2022-04-04
10,1,9,0,Union,2022-04-05
16,2,14,0,Union,2022-04-06
21,2,19,0,Union,2022-04-07
14,3,11,0,Union,2022-04-08
3,1,2,0,Union,2022-04-09
22,9,13,0,Vance,2021-10-12
22,5,17,0,Vance,2021-10-15
11,3,8,0,Vance,2021-10-17
20,1,19,0,Vance,2021-10-19
7,2,5,0,Vance,2021-10-20
11,3,8,0,Vance,2021-10-22
8,2,6,0,Vance,2021-10-23
7,3,4,0,Vance,2021-10-24
19,6,13,0,Vance,2021-10-25
13,5,8,0,Vance,2021-10-26
6,1,5,0,Vance,2021-10-27
8,1,7,0,Vance,2021-10-29
6,1,5,0,Vance,2021-10-30
6,2,4,0,Vance,2021-10-31
22,5,17,0,Vance,2021-11-01
8,0,8,0,Vance,2021-11-02
9,6,3,0,Vance,2021-11-03
9,2,7,0,Vance,2021-11-04
1,0,1,0,Vance,2021-11-06
4,1,3,0,Vance,2021-11-07
12,1,11,0,Vance,2021-11-08
5,3,2,0,Vance,2021-11-09
8,5,3,0,Vance,2021-11-10
14,3,11,0,Vance,2021-11-12
3,1,2,0,Vance,2021-11-13
4,2,2,0,Vance,2021-11-14
3,0,3,0,Vance,2021-11-15
11,2,9,0,Vance,2021-11-16
10,2,8,0,Vance,2021-11-17
8,2,6,0,Vance,2021-11-18
10,6,4,0,Vance,2021-11-19
3,1,2,0,Vance,2021-11-20
16,3,13,0,Vance,2021-11-22
12,2,10,0,Vance,2021-11-23
10,5,5,0,Vance,2021-11-24
1,1,0,0,Vance,2021-11-25
7,4,3,0,Vance,2021-11-26
4,1,3,0,Vance,2021-11-27
6,0,6,0,Vance,2021-11-28
19,2,17,0,Vance,2021-11-29
17,4,13,0,Vance,2021-11-30
28,5,23,0,Vance,2021-12-01
17,5,12,0,Vance,2021-12-02
7,1,6,0,Vance,2021-12-04
8,1,7,0,Vance,2021-12-05
25,4,21,0,Vance,2021-12-06
14,5,9,0,Vance,2021-12-07
16,2,14,0,Vance,2021-12-08
13,4,9,0,Vance,2021-12-09
13,3,10,0,Vance,2021-12-10
5,1,4,0,Vance,2021-12-11
5,0,5,0,Vance,2021-12-12
28,5,23,0,Vance,2021-12-13
28,2,26,0,Vance,2021-12-15
34,9,25,0,Vance,2021-12-16
20,4,16,0,Vance,2021-12-17
15,3,12,0,Vance,2021-12-19
35,2,33,0,Vance,2021-12-20
32,12,20,0,Vance,2021-12-21
40,18,22,0,Vance,2021-12-22
35,5,30,0,Vance,2021-12-23
22,5,17,0,Vance,2021-12-24
22,9,13,0,Vance,2021-12-25
34,10,24,0,Vance,2021-12-26
117,26,91,0,Vance,2021-12-27
179,45,134,0,Vance,2021-12-29
230,67,163,0,Vance,2021-12-30
92,36,56,0,Vance,2021-12-31
28,18,10,0,Vance,2022-01-01
52,10,42,0,Vance,2022-01-02
95,16,79,0,Vance,2022-01-07
63,15,48,0,Vance,2022-01-08
45,18,27,0,Vance,2022-01-09
184,39,145,0,Vance,2022-01-10
130,14,116,0,Vance,2022-01-11
114,21,93,0,Vance,2022-01-14
74,10,64,0,Vance,2022-01-15
10,3,7,0,Vance,2022-01-16
117,11,106,0,Vance,2022-01-17
173,28,145,0,Vance,2022-01-18
159,15,144,0,Vance,2022-01-19
59,5,54,0,Vance,2022-01-21
22,3,19,0,Vance,2022-01-22
35,4,31,0,Vance,2022-01-23
138,7,131,0,Vance,2022-01-24
92,10,82,0,Vance,2022-01-25
90,5,85,0,Vance,2022-01-26
60,6,54,0,Vance,2022-01-27
48,3,45,0,Vance,2022-01-28
18,1,17,0,Vance,2022-01-29
23,3,20,0,Vance,2022-01-30
62,8,54,0,Vance,2022-01-31
61,4,57,0,Vance,2022-02-01
35,8,27,0,Vance,2022-02-02
26,1,25,0,Vance,2022-02-03
10,0,10,0,Vance,2022-02-05
9,1,8,0,Vance,2022-02-06
35,12,23,0,Vance,2022-02-07
41,11,30,0,Vance,2022-02-08
23,4,19,0,Vance,2022-02-09
18,1,17,0,Vance,2022-02-10
20,5,15,0,Vance,2022-02-11
7,1,6,0,Vance,2022-02-12
4,2,2,0,Vance,2022-02-13
22,1,21,0,Vance,2022-02-14
9,2,7,0,Vance,2022-02-15
12,1,11,0,Vance,2022-02-16
13,3,10,0,Vance,2022-02-17
9,1,8,0,Vance,2022-02-18
2,0,2,0,Vance,2022-02-20
10,5,5,0,Vance,2022-02-21
6,1,5,0,Vance,2022-02-22
6,0,6,0,Vance,2022-02-23
4,1,3,0,Vance,2022-02-24
5,0,5,0,Vance,2022-02-25
0,0,0,0,Vance,2022-02-26
4,0,4,0,Vance,2022-02-27
3,3,0,0,Vance,2022-02-28
4,1,3,0,Vance,2022-03-01
1,0,1,0,Vance,2022-03-02
6,1,5,0,Vance,2022-03-03
2,0,2,0,Vance,2022-03-04
3,2,1,0,Vance,2022-03-05
0,0,0,0,Vance,2022-03-06
4,0,4,0,Vance,2022-03-07
7,4,3,0,Vance,2022-03-08
4,0,4,0,Vance,2022-03-09
1,0,1,0,Vance,2022-03-10
3,1,2,0,Vance,2022-03-11
0,0,0,0,Vance,2022-03-12
1,1,0,0,Vance,2022-03-13
1,0,1,0,Vance,2022-03-14
1,1,0,0,Vance,2022-03-15
0,0,0,0,Vance,2022-03-16
0,0,0,0,Vance,2022-03-17
4,0,4,0,Vance,2022-03-18
0,0,0,0,Vance,2022-03-19
2,0,2,0,Vance,2022-03-20
1,1,0,0,Vance,2022-03-21
2,1,1,0,Vance,2022-03-22
2,0,2,0,Vance,2022-03-23
3,1,2,0,Vance,2022-03-24
2,0,2,0,Vance,2022-03-25
2,1,1,0,Vance,2022-03-26
0,0,0,0,Vance,2022-03-27
1,0,1,0,Vance,2022-03-28
0,0,0,0,Vance,2022-03-29
0,0,0,0,Vance,2022-03-30
2,1,1,0,Vance,2022-03-31
2,0,2,0,Vance,2022-04-01
1,0,1,0,Vance,2022-04-02
1,1,0,0,Vance,2022-04-03
1,1,0,0,Vance,2022-04-04
1,1,0,0,Vance,2022-04-05
5,0,5,0,Vance,2022-04-06
2,1,1,0,Vance,2022-04-07
5,2,3,0,Vance,2022-04-08
1,0,1,0,Vance,2022-04-09
201,9,192,0,Wake,2021-10-15
193,16,177,0,Wake,2021-10-19
184,5,179,0,Wake,2021-10-21
57,12,45,0,Wake,2021-10-24
171,21,150,0,Wake,2021-10-27
152,22,130,0,Wake,2021-11-02
178,27,151,0,Wake,2021-11-03
94,7,87,0,Wake,2021-11-06
225,11,214,0,Wake,2021-11-12
66,4,62,0,Wake,2021-11-14
300,28,272,0,Wake,2021-11-15
199,15,184,0,Wake,2021-11-16
78,6,72,0,Wake,2021-11-21
238,23,215,0,Wake,2021-11-23
152,23,129,0,Wake,2021-11-26
202,11,191,0,Wake,2021-11-27
92,19,73,0,Wake,2021-11-28
420,32,388,0,Wake,2021-11-29
328,22,306,0,Wake,2021-11-30
340,39,301,0,Wake,2021-12-01
320,24,296,0,Wake,2021-12-02
259,15,244,0,Wake,2021-12-04
141,21,120,0,Wake,2021-12-05
388,41,347,0,Wake,2021-12-06
326,28,298,0,Wake,2021-12-07
317,27,290,0,Wake,2021-12-10
241,18,223,0,Wake,2021-12-11
131,12,119,0,Wake,2021-12-12
445,44,401,0,Wake,2021-12-13
453,36,417,0,Wake,2021-12-16
1220,121,1099,0,Wake,2021-12-22
220,19,201,0,Wake,2021-12-25
787,113,674,0,Wake,2021-12-26
3996,239,3757,0,Wake,2021-12-29
3899,233,3666,0,Wake,2021-12-30
2625,149,2476,0,Wake,2021-12-31
1823,70,1753,0,Wake,2022-01-01
5109,351,4758,0,Wake,2022-01-03
6484,350,6134,0,Wake,2022-01-10
5868,312,5556,0,Wake,2022-01-11
2118,143,1975,0,Wake,2022-01-31
1456,122,1334,0,Wake,2022-02-01
753,44,709,0,Wake,2022-02-05
344,57,287,0,Wake,2022-02-06
798,88,710,0,Wake,2022-02-09
457,42,415,0,Wake,2022-02-16
138,25,113,0,Wake,2022-02-20
126,15,111,0,Wake,2022-02-26
75,15,60,0,Wake,2022-02-27
204,21,183,0,Wake,2022-02-28
154,14,140,0,Wake,2022-03-01
148,17,131,0,Wake,2022-03-02
97,4,93,0,Wake,2022-03-08
60,8,52,0,Wake,2022-03-11
95,7,88,0,Wake,2022-03-14
81,5,76,0,Wake,2022-03-16
87,8,79,0,Wake,2022-03-17
70,8,62,0,Wake,2022-03-18
72,15,57,0,Wake,2022-03-22
120,13,107,0,Wake,2022-03-23
76,4,72,0,Wake,2022-03-25
59,3,56,0,Wake,2022-03-26
101,14,87,0,Wake,2022-03-28
101,6,95,0,Wake,2022-03-29
100,9,91,0,Wake,2022-03-30
108,7,101,0,Wake,2022-04-01
58,2,56,0,Wake,2022-04-02
40,2,38,0,Wake,2022-04-03
143,13,130,0,Wake,2022-04-04
150,18,132,0,Wake,2022-04-05
180,19,161,0,Wake,2022-04-06
142,20,122,0,Wake,2022-04-07
178,12,166,0,Wake,2022-04-08
126,7,119,0,Wake,2022-04-09
6,1,5,0,Warren,2021-10-12
11,1,10,0,Warren,2021-10-13
2,0,2,0,Warren,2021-10-14
2,0,2,0,Warren,2021-10-15
5,1,4,0,Warren,2021-10-16
5,2,3,0,Warren,2021-10-18
5,0,5,0,Warren,2021-10-19
8,2,6,0,Warren,2021-10-20
1,0,1,0,Warren,2021-10-21
0,0,0,0,Warren,2021-10-23
1,1,0,0,Warren,2021-10-24
8,3,5,0,Warren,2021-10-25
6,0,6,0,Warren,2021-10-26
5,0,5,0,Warren,2021-10-27
3,1,2,0,Warren,2021-10-28
1,0,1,0,Warren,2021-10-29
1,0,1,0,Warren,2021-10-31
6,2,4,0,Warren,2021-11-01
4,2,2,0,Warren,2021-11-02
5,0,5,0,Warren,2021-11-03
5,0,5,0,Warren,2021-11-04
1,0,1,0,Warren,2021-11-05
1,1,0,0,Warren,2021-11-06
2,0,2,0,Warren,2021-11-07
4,2,2,0,Warren,2021-11-08
4,1,3,0,Warren,2021-11-09
4,0,4,0,Warren,2021-11-10
0,0,0,0,Warren,2021-11-11
0,0,0,0,Warren,2021-11-12
0,0,0,0,Warren,2021-11-13
2,1,1,0,Warren,2021-11-14
3,0,3,0,Warren,2021-11-15
2,0,2,0,Warren,2021-11-16
5,1,4,0,Warren,2021-11-17
2,1,1,0,Warren,2021-11-18
8,1,7,0,Warren,2021-11-19
0,0,0,0,Warren,2021-11-20
2,1,1,0,Warren,2021-11-21
3,1,2,0,Warren,2021-11-22
2,0,2,0,Warren,2021-11-23
4,0,4,0,Warren,2021-11-24
0,0,0,0,Warren,2021-11-25
3,2,1,0,Warren,2021-11-26
1,1,0,0,Warren,2021-11-27
1,0,1,0,Warren,2021-11-28
9,2,7,0,Warren,2021-11-29
11,2,9,0,Warren,2021-11-30
7,2,5,0,Warren,2021-12-01
3,0,3,0,Warren,2021-12-04
2,0,2,0,Warren,2021-12-05
7,0,7,0,Warren,2021-12-06
4,0,4,0,Warren,2021-12-07
8,2,6,0,Warren,2021-12-08
10,2,8,0,Warren,2021-12-09
10,0,10,0,Warren,2021-12-10
1,0,1,0,Warren,2021-12-11
6,5,1,0,Warren,2021-12-12
10,1,9,0,Warren,2021-12-13
9,2,7,0,Warren,2021-12-14
10,2,8,0,Warren,2021-12-15
6,1,5,0,Warren,2021-12-17
10,3,7,0,Warren,2021-12-18
4,0,4,0,Warren,2021-12-19
9,1,8,0,Warren,2021-12-20
6,1,5,0,Warren,2021-12-21
10,1,9,0,Warren,2021-12-22
14,7,7,0,Warren,2021-12-23
5,3,2,0,Warren,2021-12-24
5,1,4,0,Warren,2021-12-25
6,1,5,0,Warren,2021-12-26
26,6,20,0,Warren,2021-12-27
59,13,46,0,Warren,2021-12-29
78,23,55,0,Warren,2021-12-30
32,16,16,0,Warren,2021-12-31
4,2,2,0,Warren,2022-01-01
24,11,13,0,Warren,2022-01-02
72,14,58,0,Warren,2022-01-03
97,19,78,0,Warren,2022-01-04
67,11,56,0,Warren,2022-01-05
62,13,49,0,Warren,2022-01-07
14,1,13,0,Warren,2022-01-09
83,20,63,0,Warren,2022-01-10
67,5,62,0,Warren,2022-01-11
38,8,30,0,Warren,2022-01-13
50,4,46,0,Warren,2022-01-14
15,4,11,0,Warren,2022-01-15
4,1,3,0,Warren,2022-01-16
24,7,17,0,Warren,2022-01-17
72,12,60,0,Warren,2022-01-18
47,15,32,0,Warren,2022-01-20
10,3,7,0,Warren,2022-01-21
7,2,5,0,Warren,2022-01-22
18,3,15,0,Warren,2022-01-23
66,7,59,0,Warren,2022-01-24
11,2,9,0,Warren,2022-01-25
19,2,17,0,Warren,2022-01-26
21,6,15,0,Warren,2022-01-27
10,0,10,0,Warren,2022-01-29
17,5,12,0,Warren,2022-01-30
25,5,20,0,Warren,2022-01-31
23,2,21,0,Warren,2022-02-01
16,2,14,0,Warren,2022-02-02
14,3,11,0,Warren,2022-02-03
12,3,9,0,Warren,2022-02-04
4,1,3,0,Warren,2022-02-05
6,0,6,0,Warren,2022-02-06
11,3,8,0,Warren,2022-02-07
6,0,6,0,Warren,2022-02-08
6,1,5,0,Warren,2022-02-09
7,3,4,0,Warren,2022-02-10
6,0,6,0,Warren,2022-02-11
2,0,2,0,Warren,2022-02-12
2,1,1,0,Warren,2022-02-13
12,1,11,0,Warren,2022-02-14
6,3,3,0,Warren,2022-02-15
4,0,4,0,Warren,2022-02-16
5,0,5,0,Warren,2022-02-17
1,0,1,0,Warren,2022-02-18
1,0,1,0,Warren,2022-02-19
2,1,1,0,Warren,2022-02-20
4,1,3,0,Warren,2022-02-21
3,1,2,0,Warren,2022-02-22
2,0,2,0,Warren,2022-02-23
4,1,3,0,Warren,2022-02-24
1,0,1,0,Warren,2022-02-25
0,0,0,0,Warren,2022-02-26
1,0,1,0,Warren,2022-02-27
1,0,1,0,Warren,2022-02-28
1,0,1,0,Warren,2022-03-01
2,0,2,0,Warren,2022-03-02
0,0,0,0,Warren,2022-03-03
1,0,1,0,Warren,2022-03-04
1,1,0,0,Warren,2022-03-05
0,0,0,0,Warren,2022-03-06
0,0,0,0,Warren,2022-03-07
2,1,1,0,Warren,2022-03-08
1,1,0,0,Warren,2022-03-09
0,0,0,0,Warren,2022-03-10
0,0,0,0,Warren,2022-03-11
0,0,0,0,Warren,2022-03-12
0,0,0,0,Warren,2022-03-13
2,0,2,0,Warren,2022-03-14
0,0,0,0,Warren,2022-03-15
1,0,1,0,Warren,2022-03-16
0,0,0,0,Warren,2022-03-17
0,0,0,0,Warren,2022-03-18
0,0,0,0,Warren,2022-03-19
0,0,0,0,Warren,2022-03-20
0,0,0,0,Warren,2022-03-21
1,0,1,0,Warren,2022-03-22
1,1,0,0,Warren,2022-03-23
0,0,0,0,Warren,2022-03-24
3,0,3,0,Warren,2022-03-25
0,0,0,0,Warren,2022-03-26
0,0,0,0,Warren,2022-03-27
0,0,0,0,Warren,2022-03-28
0,0,0,0,Warren,2022-03-29
0,0,0,0,Warren,2022-03-30
0,0,0,0,Warren,2022-03-31
0,0,0,0,Warren,2022-04-01
0,0,0,0,Warren,2022-04-02
0,0,0,0,Warren,2022-04-03
2,0,2,0,Warren,2022-04-04
3,0,3,0,Warren,2022-04-05
1,0,1,0,Warren,2022-04-06
0,0,0,0,Warren,2022-04-07
1,1,0,0,Warren,2022-04-08
0,0,0,0,Warren,2022-04-09
3,1,2,0,Washington,2021-10-12
2,0,2,0,Washington,2021-10-13
2,1,1,0,Washington,2021-10-15
1,0,1,0,Washington,2021-10-16
0,0,0,0,Washington,2021-10-17
0,0,0,0,Washington,2021-10-18
6,0,6,0,Washington,2021-10-19
1,0,1,0,Washington,2021-10-20
2,0,2,0,Washington,2021-10-21
1,0,1,0,Washington,2021-10-22
1,0,1,0,Washington,2021-10-23
0,0,0,0,Washington,2021-10-24
5,3,2,0,Washington,2021-10-25
2,0,2,0,Washington,2021-10-27
2,0,2,0,Washington,2021-10-28
1,0,1,0,Washington,2021-10-29
1,0,1,0,Washington,2021-10-30
2,1,1,0,Washington,2021-10-31
1,1,0,0,Washington,2021-11-01
4,1,3,0,Washington,2021-11-02
1,0,1,0,Washington,2021-11-03
1,0,1,0,Washington,2021-11-04
2,0,2,0,Washington,2021-11-05
1,0,1,0,Washington,2021-11-06
1,0,1,0,Washington,2021-11-07
1,0,1,0,Washington,2021-11-08
1,0,1,0,Washington,2021-11-09
2,0,2,0,Washington,2021-11-10
3,1,2,0,Washington,2021-11-11
5,0,5,0,Washington,2021-11-12
1,0,1,0,Washington,2021-11-13
2,0,2,0,Washington,2021-11-14
0,0,0,0,Washington,2021-11-15
1,1,0,0,Washington,2021-11-16
2,0,2,0,Washington,2021-11-17
0,0,0,0,Washington,2021-11-18
1,0,1,0,Washington,2021-11-19
0,0,0,0,Washington,2021-11-20
0,0,0,0,Washington,2021-11-21
4,1,3,0,Washington,2021-11-22
4,0,4,0,Washington,2021-11-23
0,0,0,0,Washington,2021-11-24
2,0,2,0,Washington,2021-11-25
0,0,0,0,Washington,2021-11-26
0,0,0,0,Washington,2021-11-27
0,0,0,0,Washington,2021-11-28
3,2,1,0,Washington,2021-11-29
8,1,7,0,Washington,2021-11-30
2,0,2,0,Washington,2021-12-01
2,0,2,0,Washington,2021-12-02
4,2,2,0,Washington,2021-12-03
0,0,0,0,Washington,2021-12-05
6,1,5,0,Washington,2021-12-06
4,1,3,0,Washington,2021-12-07
0,0,0,0,Washington,2021-12-08
3,1,2,0,Washington,2021-12-09
2,0,2,0,Washington,2021-12-10
1,0,1,0,Washington,2021-12-11
0,0,0,0,Washington,2021-12-12
2,0,2,0,Washington,2021-12-13
2,0,2,0,Washington,2021-12-14
0,0,0,0,Washington,2021-12-15
0,0,0,0,Washington,2021-12-16
4,1,3,0,Washington,2021-12-17
0,0,0,0,Washington,2021-12-18
0,0,0,0,Washington,2021-12-19
6,1,5,0,Washington,2021-12-20
2,1,1,0,Washington,2021-12-21
5,3,2,0,Washington,2021-12-22
5,0,5,0,Washington,2021-12-23
0,0,0,0,Washington,2021-12-24
1,0,1,0,Washington,2021-12-25
23,18,5,0,Washington,2021-12-27
24,13,11,0,Washington,2021-12-28
30,19,11,0,Washington,2021-12-29
53,32,21,0,Washington,2021-12-30
25,1,24,0,Washington,2021-12-31
5,3,2,0,Washington,2022-01-01
12,2,10,0,Washington,2022-01-02
42,7,35,0,Washington,2022-01-03
62,11,51,0,Washington,2022-01-04
56,5,51,0,Washington,2022-01-05
38,2,36,0,Washington,2022-01-07
12,2,10,0,Washington,2022-01-09
62,2,60,0,Washington,2022-01-10
43,9,34,0,Washington,2022-01-11
49,11,38,0,Washington,2022-01-13
55,7,48,0,Washington,2022-01-14
69,6,63,0,Washington,2022-01-18
68,9,59,0,Washington,2022-01-19
4,3,1,0,Washington,2022-01-21
2,2,0,0,Washington,2022-01-22
9,3,6,0,Washington,2022-01-23
47,8,39,0,Washington,2022-01-25
29,12,17,0,Washington,2022-01-26
15,4,11,0,Washington,2022-01-27
5,2,3,0,Washington,2022-01-29
6,2,4,0,Washington,2022-01-30
13,4,9,0,Washington,2022-02-01
7,0,7,0,Washington,2022-02-03
15,3,12,0,Washington,2022-02-04
11,2,9,0,Washington,2022-02-07
11,2,9,0,Washington,2022-02-08
2,0,2,0,Washington,2022-02-09
2,0,2,0,Washington,2022-02-10
4,0,4,0,Washington,2022-02-12
1,0,1,0,Washington,2022-02-13
6,1,5,0,Washington,2022-02-14
8,5,3,0,Washington,2022-02-15
3,1,2,0,Washington,2022-02-16
1,0,1,0,Washington,2022-02-17
1,0,1,0,Washington,2022-02-18
1,0,1,0,Washington,2022-02-20
3,0,3,0,Washington,2022-02-22
0,0,0,0,Washington,2022-02-23
2,0,2,0,Washington,2022-02-24
1,1,0,0,Washington,2022-02-25
0,0,0,0,Washington,2022-02-26
1,0,1,0,Washington,2022-02-27
2,0,2,0,Washington,2022-02-28
2,1,1,0,Washington,2022-03-02
0,0,0,0,Washington,2022-03-03
2,0,2,0,Washington,2022-03-04
0,0,0,0,Washington,2022-03-05
1,0,1,0,Washington,2022-03-06
1,0,1,0,Washington,2022-03-07
2,0,2,0,Washington,2022-03-08
1,0,1,0,Washington,2022-03-09
0,0,0,0,Washington,2022-03-10
0,0,0,0,Washington,2022-03-11
0,0,0,0,Washington,2022-03-12
0,0,0,0,Washington,2022-03-13
1,0,1,0,Washington,2022-03-14
2,2,0,0,Washington,2022-03-15
0,0,0,0,Washington,2022-03-16
0,0,0,0,Washington,2022-03-17
0,0,0,0,Washington,2022-03-18
0,0,0,0,Washington,2022-03-19
0,0,0,0,Washington,2022-03-20
0,0,0,0,Washington,2022-03-21
0,0,0,0,Washington,2022-03-22
1,0,1,0,Washington,2022-03-23
0,0,0,0,Washington,2022-03-24
0,0,0,0,Washington,2022-03-25
0,0,0,0,Washington,2022-03-26
1,0,1,0,Washington,2022-03-27
0,0,0,0,Washington,2022-03-28
1,1,0,0,Washington,2022-03-29
0,0,0,0,Washington,2022-03-30
0,0,0,0,Washington,2022-03-31
1,0,1,0,Washington,2022-04-01
0,0,0,0,Washington,2022-04-02
2,0,2,0,Washington,2022-04-03
0,0,0,0,Washington,2022-04-04
1,0,1,0,Washington,2022-04-05
0,0,0,0,Washington,2022-04-06
0,0,0,0,Washington,2022-04-07
0,0,0,0,Washington,2022-04-08
0,0,0,0,Washington,2022-04-09
30,5,25,0,Watauga,2021-10-12
10,3,7,0,Watauga,2021-10-13
15,5,10,0,Watauga,2021-10-15
0,0,0,0,Watauga,2021-10-16
4,1,3,0,Watauga,2021-10-17
13,5,8,0,Watauga,2021-10-19
11,0,11,0,Watauga,2021-10-20
15,3,12,0,Watauga,2021-10-21
8,1,7,0,Watauga,2021-10-22
2,1,1,0,Watauga,2021-10-24
18,6,12,0,Watauga,2021-10-25
9,0,9,0,Watauga,2021-10-27
5,2,3,0,Watauga,2021-10-29
3,0,3,0,Watauga,2021-10-30
1,1,0,0,Watauga,2021-10-31
14,9,5,0,Watauga,2021-11-01
14,7,7,0,Watauga,2021-11-02
6,1,5,0,Watauga,2021-11-03
11,1,10,0,Watauga,2021-11-04
9,4,5,0,Watauga,2021-11-05
3,3,0,0,Watauga,2021-11-06
5,2,3,0,Watauga,2021-11-07
6,2,4,0,Watauga,2021-11-09
15,4,11,0,Watauga,2021-11-10
4,1,3,0,Watauga,2021-11-11
14,5,9,0,Watauga,2021-11-12
4,2,2,0,Watauga,2021-11-13
4,2,2,0,Watauga,2021-11-14
16,11,5,0,Watauga,2021-11-15
5,2,3,0,Watauga,2021-11-16
6,2,4,0,Watauga,2021-11-17
12,5,7,0,Watauga,2021-11-18
8,3,5,0,Watauga,2021-11-19
1,0,1,0,Watauga,2021-11-20
2,2,0,0,Watauga,2021-11-21
10,4,6,0,Watauga,2021-11-22
10,2,8,0,Watauga,2021-11-23
5,1,4,0,Watauga,2021-11-24
2,1,1,0,Watauga,2021-11-25
8,2,6,0,Watauga,2021-11-26
8,3,5,0,Watauga,2021-11-27
13,2,11,0,Watauga,2021-11-28
22,8,14,0,Watauga,2021-11-29
26,8,18,0,Watauga,2021-11-30
23,9,14,0,Watauga,2021-12-01
15,3,12,0,Watauga,2021-12-02
23,4,19,0,Watauga,2021-12-03
4,0,4,0,Watauga,2021-12-05
19,6,13,0,Watauga,2021-12-06
15,7,8,0,Watauga,2021-12-08
14,5,9,0,Watauga,2021-12-09
6,2,4,0,Watauga,2021-12-10
5,3,2,0,Watauga,2021-12-11
8,4,4,0,Watauga,2021-12-12
20,9,11,0,Watauga,2021-12-13
21,12,9,0,Watauga,2021-12-14
17,5,12,0,Watauga,2021-12-16
19,4,15,0,Watauga,2021-12-17
11,3,8,0,Watauga,2021-12-18
20,5,15,0,Watauga,2021-12-19
44,6,38,0,Watauga,2021-12-20
46,15,31,0,Watauga,2021-12-21
30,4,26,0,Watauga,2021-12-22
12,6,6,0,Watauga,2021-12-24
6,0,6,0,Watauga,2021-12-25
25,5,20,0,Watauga,2021-12-26
48,13,35,0,Watauga,2021-12-27
89,24,65,0,Watauga,2021-12-28
69,22,47,0,Watauga,2021-12-29
92,22,70,0,Watauga,2021-12-30
33,14,19,0,Watauga,2021-12-31
16,12,4,0,Watauga,2022-01-01
26,16,10,0,Watauga,2022-01-02
52,24,28,0,Watauga,2022-01-03
201,64,137,0,Watauga,2022-01-04
179,56,123,0,Watauga,2022-01-05
136,36,100,0,Watauga,2022-01-06
73,42,31,0,Watauga,2022-01-07
39,11,28,0,Watauga,2022-01-08
39,11,28,0,Watauga,2022-01-09
208,87,121,0,Watauga,2022-01-10
197,65,132,0,Watauga,2022-01-11
127,54,73,0,Watauga,2022-01-14
44,26,18,0,Watauga,2022-01-15
21,19,2,0,Watauga,2022-01-16
49,42,7,0,Watauga,2022-01-17
116,83,33,0,Watauga,2022-01-18
270,99,171,0,Watauga,2022-01-19
228,82,146,0,Watauga,2022-01-20
179,81,98,0,Watauga,2022-01-24
218,80,138,0,Watauga,2022-01-25
124,69,55,0,Watauga,2022-01-26
128,48,80,0,Watauga,2022-01-27
33,23,10,0,Watauga,2022-01-29
42,22,20,0,Watauga,2022-01-30
121,62,59,0,Watauga,2022-01-31
122,56,66,0,Watauga,2022-02-01
54,29,25,0,Watauga,2022-02-04
20,10,10,0,Watauga,2022-02-05
23,13,10,0,Watauga,2022-02-06
55,29,26,0,Watauga,2022-02-08
32,14,18,0,Watauga,2022-02-11
14,10,4,0,Watauga,2022-02-12
14,9,5,0,Watauga,2022-02-13
48,30,18,0,Watauga,2022-02-14
35,19,16,0,Watauga,2022-02-15
25,9,16,0,Watauga,2022-02-16
23,8,15,0,Watauga,2022-02-17
19,8,11,0,Watauga,2022-02-18
7,1,6,0,Watauga,2022-02-19
4,1,3,0,Watauga,2022-02-20
31,15,16,0,Watauga,2022-02-21
26,13,13,0,Watauga,2022-02-22
18,10,8,0,Watauga,2022-02-23
16,2,14,0,Watauga,2022-02-24
19,1,18,0,Watauga,2022-02-25
6,1,5,0,Watauga,2022-02-26
3,3,0,0,Watauga,2022-02-27
11,6,5,0,Watauga,2022-02-28
11,5,6,0,Watauga,2022-03-02
15,4,11,0,Watauga,2022-03-03
4,2,2,0,Watauga,2022-03-05
3,1,2,0,Watauga,2022-03-07
3,2,1,0,Watauga,2022-03-08
5,3,2,0,Watauga,2022-03-09
5,1,4,0,Watauga,2022-03-10
4,1,3,0,Watauga,2022-03-11
1,1,0,0,Watauga,2022-03-12
6,2,4,0,Watauga,2022-03-14
4,3,1,0,Watauga,2022-03-15
1,0,1,0,Watauga,2022-03-16
2,0,2,0,Watauga,2022-03-17
4,2,2,0,Watauga,2022-03-18
1,0,1,0,Watauga,2022-03-19
3,3,0,0,Watauga,2022-03-20
5,4,1,0,Watauga,2022-03-21
3,0,3,0,Watauga,2022-03-22
9,3,6,0,Watauga,2022-03-23
3,1,2,0,Watauga,2022-03-24
0,0,0,0,Watauga,2022-03-25
2,0,2,0,Watauga,2022-03-26
2,2,0,0,Watauga,2022-03-27
5,2,3,0,Watauga,2022-03-28
1,0,1,0,Watauga,2022-03-29
3,0,3,0,Watauga,2022-03-30
1,1,0,0,Watauga,2022-03-31
1,0,1,0,Watauga,2022-04-01
1,1,0,0,Watauga,2022-04-02
4,2,2,0,Watauga,2022-04-03
8,3,5,0,Watauga,2022-04-04
13,7,6,0,Watauga,2022-04-05
7,5,2,0,Watauga,2022-04-06
13,11,2,0,Watauga,2022-04-07
10,7,3,0,Watauga,2022-04-08
10,4,6,0,Watauga,2022-04-09
59,38,21,0,Wayne,2021-10-12
50,31,19,0,Wayne,2021-10-13
8,3,5,0,Wayne,2021-10-17
47,31,16,0,Wayne,2021-10-18
40,33,7,0,Wayne,2021-10-21
11,4,7,0,Wayne,2021-10-23
14,5,9,0,Wayne,2021-10-24
19,14,5,0,Wayne,2021-10-27
17,12,5,0,Wayne,2021-10-28
18,7,11,0,Wayne,2021-10-29
7,1,6,0,Wayne,2021-10-30
11,3,8,0,Wayne,2021-10-31
42,33,9,0,Wayne,2021-11-01
29,19,10,0,Wayne,2021-11-02
18,13,5,0,Wayne,2021-11-04
20,12,8,0,Wayne,2021-11-05
28,18,10,0,Wayne,2021-11-08
22,10,12,0,Wayne,2021-11-09
30,18,12,0,Wayne,2021-11-10
9,6,3,0,Wayne,2021-11-11
17,10,7,0,Wayne,2021-11-12
7,1,6,0,Wayne,2021-11-14
32,17,15,0,Wayne,2021-11-15
33,15,18,0,Wayne,2021-11-16
18,10,8,0,Wayne,2021-11-18
40,29,11,0,Wayne,2021-11-19
9,5,4,0,Wayne,2021-11-21
28,18,10,0,Wayne,2021-11-23
8,3,5,0,Wayne,2021-11-25
26,9,17,0,Wayne,2021-11-27
11,5,6,0,Wayne,2021-11-28
45,28,17,0,Wayne,2021-11-29
29,15,14,0,Wayne,2021-11-30
30,22,8,0,Wayne,2021-12-01
14,6,8,0,Wayne,2021-12-04
19,7,12,0,Wayne,2021-12-05
53,39,14,0,Wayne,2021-12-06
39,27,12,0,Wayne,2021-12-07
26,13,13,0,Wayne,2021-12-09
16,10,6,0,Wayne,2021-12-10
9,2,7,0,Wayne,2021-12-11
9,3,6,0,Wayne,2021-12-12
31,17,14,0,Wayne,2021-12-13
21,9,12,0,Wayne,2021-12-14
28,13,15,0,Wayne,2021-12-15
18,3,15,0,Wayne,2021-12-18
12,5,7,0,Wayne,2021-12-19
38,20,18,0,Wayne,2021-12-20
44,25,19,0,Wayne,2021-12-21
56,32,24,0,Wayne,2021-12-23
24,10,14,0,Wayne,2021-12-26
165,76,89,0,Wayne,2021-12-28
201,90,111,0,Wayne,2021-12-29
254,141,113,0,Wayne,2021-12-30
77,15,62,0,Wayne,2022-01-01
88,19,69,0,Wayne,2022-01-02
334,126,208,0,Wayne,2022-01-03
425,211,214,0,Wayne,2022-01-04
409,223,186,0,Wayne,2022-01-05
428,232,196,0,Wayne,2022-01-06
356,193,163,0,Wayne,2022-01-07
191,75,116,0,Wayne,2022-01-08
162,43,119,0,Wayne,2022-01-09
704,324,380,0,Wayne,2022-01-10
460,213,247,0,Wayne,2022-01-20
40,4,36,0,Wayne,2022-01-22
187,76,111,0,Wayne,2022-01-26
184,70,114,0,Wayne,2022-01-27
107,55,52,0,Wayne,2022-02-02
31,7,24,0,Wayne,2022-02-05
32,4,28,0,Wayne,2022-02-06
78,43,35,0,Wayne,2022-02-08
13,2,11,0,Wayne,2022-02-12
14,4,10,0,Wayne,2022-02-13
44,20,24,0,Wayne,2022-02-17
28,13,15,0,Wayne,2022-02-18
9,2,7,0,Wayne,2022-02-19
5,1,4,0,Wayne,2022-02-20
23,15,8,0,Wayne,2022-02-21
22,6,16,0,Wayne,2022-02-22
15,4,11,0,Wayne,2022-02-23
15,6,9,0,Wayne,2022-02-25
3,0,3,0,Wayne,2022-02-26
3,0,3,0,Wayne,2022-02-27
22,13,9,0,Wayne,2022-02-28
12,6,6,0,Wayne,2022-03-01
10,7,3,0,Wayne,2022-03-02
7,4,3,0,Wayne,2022-03-03
8,2,6,0,Wayne,2022-03-04
5,0,5,0,Wayne,2022-03-05
12,3,9,0,Wayne,2022-03-08
8,4,4,0,Wayne,2022-03-09
3,2,1,0,Wayne,2022-03-11
3,1,2,0,Wayne,2022-03-12
1,1,0,0,Wayne,2022-03-13
8,6,2,0,Wayne,2022-03-14
8,7,1,0,Wayne,2022-03-16
11,2,9,0,Wayne,2022-03-17
4,2,2,0,Wayne,2022-03-18
1,0,1,0,Wayne,2022-03-20
5,0,5,0,Wayne,2022-03-22
4,3,1,0,Wayne,2022-03-23
2,2,0,0,Wayne,2022-03-24
3,2,1,0,Wayne,2022-03-25
0,0,0,0,Wayne,2022-03-26
9,5,4,0,Wayne,2022-03-28
2,1,1,0,Wayne,2022-03-29
9,3,6,0,Wayne,2022-03-30
3,1,2,0,Wayne,2022-03-31
2,0,2,0,Wayne,2022-04-01
6,2,4,0,Wayne,2022-04-02
3,0,3,0,Wayne,2022-04-03
7,4,3,0,Wayne,2022-04-04
1,0,1,0,Wayne,2022-04-05
3,2,1,0,Wayne,2022-04-06
5,2,3,0,Wayne,2022-04-07
6,3,3,0,Wayne,2022-04-08
0,0,0,0,Wayne,2022-04-09
13,7,6,0,Wilkes,2021-10-12
18,10,8,0,Wilkes,2021-10-15
6,1,5,0,Wilkes,2021-10-16
16,6,10,0,Wilkes,2021-10-18
9,3,6,0,Wilkes,2021-10-20
10,2,8,0,Wilkes,2021-10-21
8,4,4,0,Wilkes,2021-10-23
4,2,2,0,Wilkes,2021-10-24
13,4,9,0,Wilkes,2021-10-27
15,2,13,0,Wilkes,2021-10-28
5,0,5,0,Wilkes,2021-10-30
20,2,18,0,Wilkes,2021-11-01
9,2,7,0,Wilkes,2021-11-02
24,11,13,0,Wilkes,2021-11-03
9,2,7,0,Wilkes,2021-11-04
26,7,19,0,Wilkes,2021-11-08
12,4,8,0,Wilkes,2021-11-09
28,6,22,0,Wilkes,2021-11-10
24,13,11,0,Wilkes,2021-11-11
21,8,13,0,Wilkes,2021-11-12
16,9,7,0,Wilkes,2021-11-13
33,13,20,0,Wilkes,2021-11-15
18,7,11,0,Wilkes,2021-11-16
18,7,11,0,Wilkes,2021-11-17
19,5,14,0,Wilkes,2021-11-18
17,7,10,0,Wilkes,2021-11-19
21,4,17,0,Wilkes,2021-11-20
8,4,4,0,Wilkes,2021-11-21
25,11,14,0,Wilkes,2021-11-23
17,14,3,0,Wilkes,2021-11-24
26,19,7,0,Wilkes,2021-11-28
62,20,42,0,Wilkes,2021-11-29
36,22,14,0,Wilkes,2021-11-30
22,11,11,0,Wilkes,2021-12-02
20,12,8,0,Wilkes,2021-12-03
26,17,9,0,Wilkes,2021-12-04
15,14,1,0,Wilkes,2021-12-05
24,12,12,0,Wilkes,2021-12-07
34,10,24,0,Wilkes,2021-12-08
36,19,17,0,Wilkes,2021-12-09
18,15,3,0,Wilkes,2021-12-10
10,2,8,0,Wilkes,2021-12-11
41,22,19,0,Wilkes,2021-12-13
33,19,14,0,Wilkes,2021-12-15
24,14,10,0,Wilkes,2021-12-17
17,3,14,0,Wilkes,2021-12-18
18,10,8,0,Wilkes,2021-12-19
49,18,31,0,Wilkes,2021-12-20
39,19,20,0,Wilkes,2021-12-21
21,16,5,0,Wilkes,2021-12-24
12,5,7,0,Wilkes,2021-12-25
96,28,68,0,Wilkes,2021-12-29
99,32,67,0,Wilkes,2021-12-30
55,25,30,0,Wilkes,2021-12-31
46,24,22,0,Wilkes,2022-01-01
131,48,83,0,Wilkes,2022-01-03
160,51,109,0,Wilkes,2022-01-05
158,44,114,0,Wilkes,2022-01-06
110,45,65,0,Wilkes,2022-01-07
246,98,148,0,Wilkes,2022-01-10
183,72,111,0,Wilkes,2022-01-13
175,74,101,0,Wilkes,2022-01-14
252,66,186,0,Wilkes,2022-01-19
56,10,46,0,Wilkes,2022-01-23
48,19,29,0,Wilkes,2022-01-29
79,25,54,0,Wilkes,2022-02-02
38,15,23,0,Wilkes,2022-02-05
55,23,32,0,Wilkes,2022-02-10
22,10,12,0,Wilkes,2022-02-13
68,28,40,0,Wilkes,2022-02-14
25,9,16,0,Wilkes,2022-02-15
31,13,18,0,Wilkes,2022-02-18
21,9,12,0,Wilkes,2022-02-19
15,9,6,0,Wilkes,2022-02-20
24,9,15,0,Wilkes,2022-02-21
41,16,25,0,Wilkes,2022-02-22
26,12,14,0,Wilkes,2022-02-23
17,8,9,0,Wilkes,2022-02-24
30,10,20,0,Wilkes,2022-02-25
4,2,2,0,Wilkes,2022-02-26
8,5,3,0,Wilkes,2022-02-27
9,1,8,0,Wilkes,2022-03-01
18,7,11,0,Wilkes,2022-03-02
8,3,5,0,Wilkes,2022-03-03
11,5,6,0,Wilkes,2022-03-04
4,0,4,0,Wilkes,2022-03-05
2,1,1,0,Wilkes,2022-03-06
5,1,4,0,Wilkes,2022-03-08
10,3,7,0,Wilkes,2022-03-09
4,2,2,0,Wilkes,2022-03-10
3,1,2,0,Wilkes,2022-03-11
4,3,1,0,Wilkes,2022-03-12
3,0,3,0,Wilkes,2022-03-13
8,2,6,0,Wilkes,2022-03-14
2,0,2,0,Wilkes,2022-03-17
2,1,1,0,Wilkes,2022-03-18
0,0,0,0,Wilkes,2022-03-19
1,0,1,0,Wilkes,2022-03-20
2,2,0,0,Wilkes,2022-03-21
1,0,1,0,Wilkes,2022-03-22
1,0,1,0,Wilkes,2022-03-23
2,0,2,0,Wilkes,2022-03-24
2,0,2,0,Wilkes,2022-03-25
0,0,0,0,Wilkes,2022-03-26
0,0,0,0,Wilkes,2022-03-27
3,1,2,0,Wilkes,2022-03-28
0,0,0,0,Wilkes,2022-03-29
1,0,1,0,Wilkes,2022-03-30
1,0,1,0,Wilkes,2022-03-31
1,0,1,0,Wilkes,2022-04-01
1,0,1,0,Wilkes,2022-04-02
1,0,1,0,Wilkes,2022-04-03
3,1,2,0,Wilkes,2022-04-04
0,0,0,0,Wilkes,2022-04-05
2,1,1,0,Wilkes,2022-04-06
2,0,2,0,Wilkes,2022-04-07
5,1,4,0,Wilkes,2022-04-08
1,0,1,0,Wilkes,2022-04-09
12,8,4,0,Wilson,2021-10-13
23,3,20,0,Wilson,2021-10-18
9,2,7,0,Wilson,2021-10-19
6,0,6,0,Wilson,2021-10-21
12,1,11,0,Wilson,2021-10-22
15,4,11,0,Wilson,2021-10-27
19,7,12,0,Wilson,2021-10-28
8,2,6,0,Wilson,2021-10-29
4,2,2,0,Wilson,2021-10-30
18,3,15,0,Wilson,2021-11-01
9,2,7,0,Wilson,2021-11-02
19,12,7,0,Wilson,2021-11-03
8,1,7,0,Wilson,2021-11-04
5,1,4,0,Wilson,2021-11-05
3,1,2,0,Wilson,2021-11-06
7,1,6,0,Wilson,2021-11-07
17,5,12,0,Wilson,2021-11-08
20,4,16,0,Wilson,2021-11-09
11,4,7,0,Wilson,2021-11-13
4,2,2,0,Wilson,2021-11-14
17,4,13,0,Wilson,2021-11-15
16,6,10,0,Wilson,2021-11-18
4,0,4,0,Wilson,2021-11-20
7,0,7,0,Wilson,2021-11-21
5,0,5,0,Wilson,2021-11-22
11,3,8,0,Wilson,2021-11-23
4,3,1,0,Wilson,2021-11-24
1,1,0,0,Wilson,2021-11-25
8,1,7,0,Wilson,2021-11-26
5,2,3,0,Wilson,2021-11-27
5,1,4,0,Wilson,2021-11-28
25,4,21,0,Wilson,2021-11-29
17,6,11,0,Wilson,2021-11-30
16,5,11,0,Wilson,2021-12-02
11,2,9,0,Wilson,2021-12-03
10,8,2,0,Wilson,2021-12-04
12,4,8,0,Wilson,2021-12-05
20,6,14,0,Wilson,2021-12-07
14,3,11,0,Wilson,2021-12-09
16,7,9,0,Wilson,2021-12-10
7,1,6,0,Wilson,2021-12-11
11,4,7,0,Wilson,2021-12-12
20,5,15,0,Wilson,2021-12-13
30,7,23,0,Wilson,2021-12-14
18,8,10,0,Wilson,2021-12-15
16,10,6,0,Wilson,2021-12-16
21,4,17,0,Wilson,2021-12-17
11,2,9,0,Wilson,2021-12-19
26,5,21,0,Wilson,2021-12-20
34,11,23,0,Wilson,2021-12-21
22,6,16,0,Wilson,2021-12-24
9,4,5,0,Wilson,2021-12-25
25,9,16,0,Wilson,2021-12-26
125,41,84,0,Wilson,2021-12-27
218,45,173,0,Wilson,2021-12-29
132,24,108,0,Wilson,2021-12-31
333,80,253,0,Wilson,2022-01-03
334,61,273,0,Wilson,2022-01-04
414,66,348,0,Wilson,2022-01-05
347,64,283,0,Wilson,2022-01-06
299,71,228,0,Wilson,2022-01-11
241,87,154,0,Wilson,2022-01-17
273,50,223,0,Wilson,2022-01-20
52,10,42,0,Wilson,2022-01-21
23,0,23,0,Wilson,2022-01-22
35,6,29,0,Wilson,2022-01-29
21,5,16,0,Wilson,2022-01-30
82,11,71,0,Wilson,2022-02-01
73,12,61,0,Wilson,2022-02-02
42,9,33,0,Wilson,2022-02-04
36,14,22,0,Wilson,2022-02-08
28,12,16,0,Wilson,2022-02-09
8,0,8,0,Wilson,2022-02-12
15,6,9,0,Wilson,2022-02-16
20,7,13,0,Wilson,2022-02-17
10,3,7,0,Wilson,2022-02-20
14,5,9,0,Wilson,2022-02-21
16,4,12,0,Wilson,2022-02-22
9,0,9,0,Wilson,2022-02-23
3,1,2,0,Wilson,2022-02-27
8,2,6,0,Wilson,2022-02-28
6,2,4,0,Wilson,2022-03-01
8,2,6,0,Wilson,2022-03-02
2,0,2,0,Wilson,2022-03-03
0,0,0,0,Wilson,2022-03-05
3,1,2,0,Wilson,2022-03-06
3,0,3,0,Wilson,2022-03-08
4,2,2,0,Wilson,2022-03-09
6,3,3,0,Wilson,2022-03-10
3,0,3,0,Wilson,2022-03-11
3,0,3,0,Wilson,2022-03-12
5,0,5,0,Wilson,2022-03-14
1,0,1,0,Wilson,2022-03-15
1,0,1,0,Wilson,2022-03-16
6,1,5,0,Wilson,2022-03-17
1,1,0,0,Wilson,2022-03-18
0,0,0,0,Wilson,2022-03-20
2,1,1,0,Wilson,2022-03-21
0,0,0,0,Wilson,2022-03-22
5,1,4,0,Wilson,2022-03-23
0,0,0,0,Wilson,2022-03-24
1,0,1,0,Wilson,2022-03-25
0,0,0,0,Wilson,2022-03-26
0,0,0,0,Wilson,2022-03-27
1,0,1,0,Wilson,2022-03-28
7,3,4,0,Wilson,2022-03-29
1,1,0,0,Wilson,2022-03-30
4,2,2,0,Wilson,2022-03-31
2,0,2,0,Wilson,2022-04-01
2,0,2,0,Wilson,2022-04-02
0,0,0,0,Wilson,2022-04-03
0,0,0,0,Wilson,2022-04-04
1,1,0,0,Wilson,2022-04-05
1,0,1,0,Wilson,2022-04-06
4,1,3,0,Wilson,2022-04-07
5,0,5,0,Wilson,2022-04-08
2,0,2,0,Wilson,2022-04-09
18,1,17,0,Yadkin,2021-10-13
7,0,7,0,Yadkin,2021-10-15
5,0,5,0,Yadkin,2021-10-16
5,0,5,0,Yadkin,2021-10-17
6,1,5,0,Yadkin,2021-10-19
15,3,12,0,Yadkin,2021-10-21
6,0,6,0,Yadkin,2021-10-23
3,0,3,0,Yadkin,2021-10-24
7,1,6,0,Yadkin,2021-10-27
6,3,3,0,Yadkin,2021-10-28
1,0,1,0,Yadkin,2021-10-30
3,2,1,0,Yadkin,2021-10-31
13,1,12,0,Yadkin,2021-11-01
9,1,8,0,Yadkin,2021-11-02
12,5,7,0,Yadkin,2021-11-03
11,1,10,0,Yadkin,2021-11-04
8,2,6,0,Yadkin,2021-11-05
5,0,5,0,Yadkin,2021-11-06
8,1,7,0,Yadkin,2021-11-07
17,4,13,0,Yadkin,2021-11-08
17,0,17,0,Yadkin,2021-11-09
10,1,9,0,Yadkin,2021-11-10
8,0,8,0,Yadkin,2021-11-12
5,0,5,0,Yadkin,2021-11-14
12,2,10,0,Yadkin,2021-11-15
14,3,11,0,Yadkin,2021-11-16
14,1,13,0,Yadkin,2021-11-17
13,2,11,0,Yadkin,2021-11-18
9,0,9,0,Yadkin,2021-11-19
6,0,6,0,Yadkin,2021-11-20
18,5,13,0,Yadkin,2021-11-23
17,7,10,0,Yadkin,2021-11-24
2,0,2,0,Yadkin,2021-11-25
25,13,12,0,Yadkin,2021-11-26
18,8,10,0,Yadkin,2021-11-27
13,5,8,0,Yadkin,2021-11-28
38,19,19,0,Yadkin,2021-11-29
44,15,29,0,Yadkin,2021-11-30
33,13,20,0,Yadkin,2021-12-02
22,7,15,0,Yadkin,2021-12-06
34,9,25,0,Yadkin,2021-12-07
32,6,26,0,Yadkin,2021-12-10
13,4,9,0,Yadkin,2021-12-12
34,15,19,0,Yadkin,2021-12-13
32,14,18,0,Yadkin,2021-12-14
39,15,24,0,Yadkin,2021-12-15
25,11,14,0,Yadkin,2021-12-16
30,11,19,0,Yadkin,2021-12-17
18,7,11,0,Yadkin,2021-12-18
44,9,35,0,Yadkin,2021-12-21
39,7,32,0,Yadkin,2021-12-22
17,6,11,0,Yadkin,2021-12-24
125,30,95,0,Yadkin,2021-12-28
104,23,81,0,Yadkin,2021-12-29
59,33,26,0,Yadkin,2021-12-31
36,14,22,0,Yadkin,2022-01-01
46,9,37,0,Yadkin,2022-01-02
109,39,70,0,Yadkin,2022-01-03
140,23,117,0,Yadkin,2022-01-04
94,25,69,0,Yadkin,2022-01-07
56,8,48,0,Yadkin,2022-01-09
130,40,90,0,Yadkin,2022-01-10
199,35,164,0,Yadkin,2022-01-11
143,21,122,0,Yadkin,2022-01-13
102,19,83,0,Yadkin,2022-01-14
72,10,62,0,Yadkin,2022-01-15
10,0,10,0,Yadkin,2022-01-16
28,6,22,0,Yadkin,2022-01-17
101,17,84,0,Yadkin,2022-01-18
152,29,123,0,Yadkin,2022-01-19
106,25,81,0,Yadkin,2022-01-21
49,6,43,0,Yadkin,2022-01-22
113,27,86,0,Yadkin,2022-01-25
84,11,73,0,Yadkin,2022-01-26
18,1,17,0,Yadkin,2022-01-29
24,1,23,0,Yadkin,2022-01-30
47,5,42,0,Yadkin,2022-02-01
41,11,30,0,Yadkin,2022-02-03
38,7,31,0,Yadkin,2022-02-04
13,2,11,0,Yadkin,2022-02-05
17,6,11,0,Yadkin,2022-02-06
28,5,23,0,Yadkin,2022-02-07
40,11,29,0,Yadkin,2022-02-08
28,8,20,0,Yadkin,2022-02-09
18,4,14,0,Yadkin,2022-02-10
29,7,22,0,Yadkin,2022-02-11
14,4,10,0,Yadkin,2022-02-12
10,3,7,0,Yadkin,2022-02-13
21,9,12,0,Yadkin,2022-02-14
27,11,16,0,Yadkin,2022-02-16
10,3,7,0,Yadkin,2022-02-17
8,6,2,0,Yadkin,2022-02-18
7,4,3,0,Yadkin,2022-02-19
6,2,4,0,Yadkin,2022-02-20
11,5,6,0,Yadkin,2022-02-22
10,3,7,0,Yadkin,2022-02-23
6,1,5,0,Yadkin,2022-02-24
6,3,3,0,Yadkin,2022-02-25
7,1,6,0,Yadkin,2022-02-26
6,0,6,0,Yadkin,2022-02-28
7,2,5,0,Yadkin,2022-03-01
4,2,2,0,Yadkin,2022-03-02
2,0,2,0,Yadkin,2022-03-03
4,2,2,0,Yadkin,2022-03-04
1,0,1,0,Yadkin,2022-03-05
2,0,2,0,Yadkin,2022-03-06
4,0,4,0,Yadkin,2022-03-07
1,1,0,0,Yadkin,2022-03-09
1,1,0,0,Yadkin,2022-03-10
0,0,0,0,Yadkin,2022-03-11
0,0,0,0,Yadkin,2022-03-12
2,0,2,0,Yadkin,2022-03-13
1,0,1,0,Yadkin,2022-03-15
1,1,0,0,Yadkin,2022-03-17
0,0,0,0,Yadkin,2022-03-18
0,0,0,0,Yadkin,2022-03-19
0,0,0,0,Yadkin,2022-03-20
4,3,1,0,Yadkin,2022-03-21
3,0,3,0,Yadkin,2022-03-23
0,0,0,0,Yadkin,2022-03-24
1,1,0,0,Yadkin,2022-03-25
0,0,0,0,Yadkin,2022-03-26
0,0,0,0,Yadkin,2022-03-27
2,1,1,0,Yadkin,2022-03-28
2,0,2,0,Yadkin,2022-03-29
3,1,2,0,Yadkin,2022-03-30
2,1,1,0,Yadkin,2022-03-31
0,0,0,0,Yadkin,2022-04-02
0,0,0,0,Yadkin,2022-04-03
2,1,1,0,Yadkin,2022-04-04
1,1,0,0,Yadkin,2022-04-05
4,1,3,0,Yadkin,2022-04-06
1,0,1,0,Yadkin,2022-04-07
2,1,1,0,Yadkin,2022-04-08
3,1,2,0,Yadkin,2022-04-09
2,1,1,0,Yancey,2021-10-12
6,5,1,0,Yancey,2021-10-13
3,2,1,0,Yancey,2021-10-14
8,0,8,0,Yancey,2021-10-15
0,0,0,0,Yancey,2021-10-16
1,0,1,0,Yancey,2021-10-17
10,0,10,0,Yancey,2021-10-18
4,2,2,0,Yancey,2021-10-19
3,2,1,0,Yancey,2021-10-20
4,3,1,0,Yancey,2021-10-21
3,1,2,0,Yancey,2021-10-22
0,0,0,0,Yancey,2021-10-23
0,0,0,0,Yancey,2021-10-24
4,1,3,0,Yancey,2021-10-25
4,2,2,0,Yancey,2021-10-26
3,2,1,0,Yancey,2021-10-27
4,0,4,0,Yancey,2021-10-28
3,0,3,0,Yancey,2021-10-29
2,1,1,0,Yancey,2021-10-30
0,0,0,0,Yancey,2021-10-31
6,2,4,0,Yancey,2021-11-01
7,5,2,0,Yancey,2021-11-02
3,2,1,0,Yancey,2021-11-03
3,1,2,0,Yancey,2021-11-04
6,0,6,0,Yancey,2021-11-05
2,0,2,0,Yancey,2021-11-06
16,8,8,0,Yancey,2021-11-08
4,2,2,0,Yancey,2021-11-09
9,3,6,0,Yancey,2021-11-10
2,2,0,0,Yancey,2021-11-11
5,1,4,0,Yancey,2021-11-12
6,2,4,0,Yancey,2021-11-13
3,2,1,0,Yancey,2021-11-14
16,4,12,0,Yancey,2021-11-15
16,6,10,0,Yancey,2021-11-16
9,1,8,0,Yancey,2021-11-17
21,3,18,0,Yancey,2021-11-18
12,4,8,0,Yancey,2021-11-19
6,3,3,0,Yancey,2021-11-20
10,2,8,0,Yancey,2021-11-22
8,5,3,0,Yancey,2021-11-23
11,0,11,0,Yancey,2021-11-24
2,0,2,0,Yancey,2021-11-25
6,3,3,0,Yancey,2021-11-26
6,0,6,0,Yancey,2021-11-27
1,1,0,0,Yancey,2021-11-28
9,1,8,0,Yancey,2021-12-01
18,11,7,0,Yancey,2021-12-02
15,6,9,0,Yancey,2021-12-03
13,3,10,0,Yancey,2021-12-04
2,0,2,0,Yancey,2021-12-05
24,8,16,0,Yancey,2021-12-06
15,12,3,0,Yancey,2021-12-07
18,10,8,0,Yancey,2021-12-08
17,12,5,0,Yancey,2021-12-09
19,8,11,0,Yancey,2021-12-10
7,5,2,0,Yancey,2021-12-12
40,18,22,0,Yancey,2021-12-13
16,14,2,0,Yancey,2021-12-14
34,16,18,0,Yancey,2021-12-16
30,24,6,0,Yancey,2021-12-17
14,11,3,0,Yancey,2021-12-18
13,9,4,0,Yancey,2021-12-19
58,37,21,0,Yancey,2021-12-20
22,16,6,0,Yancey,2021-12-21
14,7,7,0,Yancey,2021-12-23
2,0,2,0,Yancey,2021-12-25
12,9,3,0,Yancey,2021-12-26
51,42,9,0,Yancey,2021-12-27
43,18,25,0,Yancey,2021-12-29
29,9,20,0,Yancey,2021-12-30
6,5,1,0,Yancey,2022-01-02
25,20,5,0,Yancey,2022-01-03
77,14,63,0,Yancey,2022-01-05
18,11,7,0,Yancey,2022-01-07
30,9,21,0,Yancey,2022-01-08
42,27,15,0,Yancey,2022-01-11
64,23,41,0,Yancey,2022-01-13
49,16,33,0,Yancey,2022-01-14
34,6,28,0,Yancey,2022-01-15
14,7,7,0,Yancey,2022-01-17
38,8,30,0,Yancey,2022-01-20
19,6,13,0,Yancey,2022-01-22
11,9,2,0,Yancey,2022-01-23
16,4,12,0,Yancey,2022-01-25
37,5,32,0,Yancey,2022-01-26
22,6,16,0,Yancey,2022-01-28
5,1,4,0,Yancey,2022-01-29
1,0,1,0,Yancey,2022-01-30
30,5,25,0,Yancey,2022-01-31
15,11,4,0,Yancey,2022-02-01
25,7,18,0,Yancey,2022-02-02
15,4,11,0,Yancey,2022-02-03
17,7,10,0,Yancey,2022-02-04
5,2,3,0,Yancey,2022-02-05
10,10,0,0,Yancey,2022-02-06
29,6,23,0,Yancey,2022-02-07
13,7,6,0,Yancey,2022-02-08
26,9,17,0,Yancey,2022-02-09
11,5,6,0,Yancey,2022-02-10
14,4,10,0,Yancey,2022-02-11
8,5,3,0,Yancey,2022-02-12
5,4,1,0,Yancey,2022-02-13
20,6,14,0,Yancey,2022-02-14
10,7,3,0,Yancey,2022-02-15
18,4,14,0,Yancey,2022-02-16
12,5,7,0,Yancey,2022-02-17
8,1,7,0,Yancey,2022-02-18
4,2,2,0,Yancey,2022-02-19
3,3,0,0,Yancey,2022-02-20
11,1,10,0,Yancey,2022-02-21
6,3,3,0,Yancey,2022-02-22
7,4,3,0,Yancey,2022-02-23
8,4,4,0,Yancey,2022-02-24
5,2,3,0,Yancey,2022-02-25
3,1,2,0,Yancey,2022-02-26
1,0,1,0,Yancey,2022-02-27
4,1,3,0,Yancey,2022-02-28
4,0,4,0,Yancey,2022-03-01
4,3,1,0,Yancey,2022-03-02
4,2,2,0,Yancey,2022-03-03
2,0,2,0,Yancey,2022-03-04
1,0,1,0,Yancey,2022-03-05
2,2,0,0,Yancey,2022-03-06
2,2,0,0,Yancey,2022-03-07
3,0,3,0,Yancey,2022-03-08
1,1,0,0,Yancey,2022-03-09
2,1,1,0,Yancey,2022-03-10
0,0,0,0,Yancey,2022-03-11
1,1,0,0,Yancey,2022-03-12
0,0,0,0,Yancey,2022-03-13
1,0,1,0,Yancey,2022-03-14
5,4,1,0,Yancey,2022-03-15
2,1,1,0,Yancey,2022-03-16
0,0,0,0,Yancey,2022-03-17
2,0,2,0,Yancey,2022-03-18
0,0,0,0,Yancey,2022-03-19
0,0,0,0,Yancey,2022-03-20
2,0,2,0,Yancey,2022-03-21
0,0,0,0,Yancey,2022-03-22
0,0,0,0,Yancey,2022-03-23
1,0,1,0,Yancey,2022-03-24
1,1,0,0,Yancey,2022-03-25
0,0,0,0,Yancey,2022-03-26
0,0,0,0,Yancey,2022-03-27
2,0,2,0,Yancey,2022-03-28
3,0,3,0,Yancey,2022-03-29
0,0,0,0,Yancey,2022-03-30
6,1,5,0,Yancey,2022-03-31
0,0,0,0,Yancey,2022-04-01
1,0,1,0,Yancey,2022-04-02
0,0,0,0,Yancey,2022-04-03
1,0,1,0,Yancey,2022-04-04
1,0,1,0,Yancey,2022-04-05
0,0,0,0,Yancey,2022-04-06
0,0,0,0,Yancey,2022-04-07
2,1,1,0,Yancey,2022-04-08
0,0,0,0,Yancey,2022-04-09
43,7,36,1,Alamance,2021-10-12
46,9,37,1,Alamance,2021-10-14
17,1,16,1,Alamance,2021-10-16
36,4,32,1,Alamance,2021-11-02
26,2,24,1,Alamance,2021-11-11
92,11,81,1,Alamance,2021-11-29
84,9,75,1,Alamance,2021-11-30
28,2,26,1,Alamance,2021-12-04
19,1,18,1,Alamance,2021-12-05
113,11,102,1,Alamance,2021-12-06
20,2,18,1,Alamance,2021-12-12
75,8,67,1,Alamance,2021-12-16
105,7,98,1,Alamance,2021-12-20
121,6,115,1,Alamance,2021-12-21
56,8,48,1,Alamance,2021-12-24
107,18,89,1,Alamance,2021-12-26
192,53,139,1,Alamance,2022-01-02
740,89,651,1,Alamance,2022-01-04
283,21,262,1,Alamance,2022-01-08
121,8,113,1,Alamance,2022-01-23
503,51,452,1,Alamance,2022-01-24
138,14,124,1,Alamance,2022-02-04
101,14,87,1,Alamance,2022-02-08
29,7,22,1,Alamance,2022-02-12
66,7,59,1,Alamance,2022-02-15
23,8,15,1,Alamance,2022-02-20
41,8,33,1,Alamance,2022-02-22
34,3,31,1,Alamance,2022-02-23
14,2,12,1,Alamance,2022-02-27
15,1,14,1,Alamance,2022-03-08
4,0,4,1,Alamance,2022-03-13
9,0,9,1,Alamance,2022-03-14
5,1,4,1,Alamance,2022-03-17
1,0,1,1,Alamance,2022-03-20
12,4,8,1,Alamance,2022-03-31
24,8,16,1,Alamance,2022-04-06
6,3,3,1,Alexander,2021-10-14
18,13,5,1,Alexander,2021-10-21
5,0,5,1,Alexander,2021-10-22
2,2,0,1,Alexander,2021-11-07
13,7,6,1,Alexander,2021-12-03
17,7,10,1,Alexander,2021-12-24
123,48,75,1,Alexander,2022-01-18
50,26,24,1,Alexander,2022-01-23
88,23,65,1,Alexander,2022-01-26
43,12,31,1,Alexander,2022-02-03
28,2,26,1,Alexander,2022-02-09
28,6,22,1,Alexander,2022-02-10
20,7,13,1,Alexander,2022-02-16
14,6,8,1,Alexander,2022-02-18
6,0,6,1,Alexander,2022-02-24
12,4,8,1,Alleghany,2021-12-16
14,4,10,1,Alleghany,2021-12-29
12,6,6,1,Alleghany,2021-12-31
6,2,4,1,Alleghany,2022-01-03
30,13,17,1,Alleghany,2022-02-01
9,4,5,1,Anson,2021-10-12
3,2,1,1,Anson,2021-10-22
16,3,13,1,Anson,2021-11-01
16,4,12,1,Anson,2021-11-08
5,1,4,1,Anson,2021-11-13
1,0,1,1,Anson,2021-12-10
6,3,3,1,Anson,2021-12-14
9,1,8,1,Anson,2021-12-23
68,16,52,1,Anson,2022-01-20
18,8,10,1,Anson,2022-01-30
15,2,13,1,Anson,2022-02-06
28,6,22,1,Anson,2022-02-08
13,2,11,1,Anson,2022-02-09
19,5,14,1,Anson,2022-02-10
5,2,3,1,Anson,2022-02-13
12,3,9,1,Anson,2022-02-16
7,2,5,1,Anson,2022-02-20
6,0,6,1,Anson,2022-02-23
4,1,3,1,Ashe,2021-11-08
4,0,4,1,Ashe,2021-11-12
1,0,1,1,Ashe,2021-11-14
7,4,3,1,Ashe,2021-11-17
11,7,4,1,Ashe,2021-11-26
6,2,4,1,Ashe,2021-12-04
36,11,25,1,Ashe,2021-12-13
15,7,8,1,Ashe,2021-12-16
2,1,1,1,Ashe,2022-01-01
57,22,35,1,Ashe,2022-01-11
74,31,43,1,Ashe,2022-01-12
94,51,43,1,Ashe,2022-01-14
112,32,80,1,Ashe,2022-01-19
86,29,57,1,Ashe,2022-01-20
69,31,38,1,Ashe,2022-01-21
13,6,7,1,Ashe,2022-01-22
71,17,54,1,Ashe,2022-01-25
83,39,44,1,Ashe,2022-01-31
18,9,9,1,Ashe,2022-02-16
9,4,5,1,Ashe,2022-02-24
0,0,0,1,Ashe,2022-02-26
6,2,4,1,Ashe,2022-03-04
3,2,1,1,Avery,2021-10-30
19,16,3,1,Avery,2021-11-01
4,1,3,1,Avery,2021-11-02
6,0,6,1,Avery,2022-02-06
6,2,4,1,Avery,2022-02-20
5,1,4,1,Avery,2022-03-04
4,4,0,1,Avery,2022-03-22
16,2,14,1,Beaufort,2021-10-21
9,2,7,1,Beaufort,2021-10-22
11,3,8,1,Beaufort,2021-10-25
6,2,4,1,Beaufort,2021-10-28
3,2,1,1,Beaufort,2021-10-29
4,0,4,1,Beaufort,2021-10-31
10,0,10,1,Beaufort,2021-11-02
7,3,4,1,Beaufort,2021-11-06
3,0,3,1,Beaufort,2021-11-11
20,3,17,1,Beaufort,2021-12-09
26,7,19,1,Beaufort,2021-12-13
17,4,13,1,Beaufort,2021-12-17
17,2,15,1,Beaufort,2021-12-22
115,24,91,1,Beaufort,2022-01-05
42,2,40,1,Beaufort,2022-01-09
202,17,185,1,Beaufort,2022-01-14
337,32,305,1,Beaufort,2022-01-18
202,31,171,1,Beaufort,2022-01-19
109,18,91,1,Beaufort,2022-01-25
49,6,43,1,Beaufort,2022-02-04
12,0,12,1,Beaufort,2022-02-06
40,8,32,1,Beaufort,2022-02-08
31,3,28,1,Beaufort,2022-02-10
7,0,7,1,Beaufort,2022-02-13
8,1,7,1,Beaufort,2022-02-19
15,2,13,1,Beaufort,2022-02-23
10,1,9,1,Beaufort,2022-02-25
4,0,4,1,Beaufort,2022-02-26
2,0,2,1,Beaufort,2022-02-27
4,0,4,1,Beaufort,2022-03-07
0,0,0,1,Beaufort,2022-03-31
3,0,3,1,Bertie,2021-10-14
2,0,2,1,Bertie,2021-10-15
4,0,4,1,Bertie,2021-11-15
6,0,6,1,Bertie,2021-12-09
78,4,74,1,Bertie,2022-01-10
41,5,36,1,Bertie,2022-01-14
11,0,11,1,Bertie,2022-01-21
7,0,7,1,Bertie,2022-01-23
19,4,15,1,Bertie,2022-01-26
20,2,18,1,Bertie,2022-01-28
26,1,25,1,Bertie,2022-01-31
2,1,1,1,Bertie,2022-02-06
1,0,1,1,Bertie,2022-03-06
8,1,7,1,Bladen,2021-12-14
3,0,3,1,Bladen,2021-12-25
11,3,8,1,Bladen,2021-12-26
17,3,14,1,Bladen,2022-01-01
33,3,30,1,Bladen,2022-01-08
116,14,102,1,Bladen,2022-01-14
119,44,75,1,Bladen,2022-01-17
172,38,134,1,Bladen,2022-01-19
162,31,131,1,Bladen,2022-01-24
89,18,71,1,Bladen,2022-01-25
48,10,38,1,Bladen,2022-01-28
30,7,23,1,Bladen,2022-02-03
25,4,21,1,Bladen,2022-02-04
3,0,3,1,Bladen,2022-02-05
23,10,13,1,Bladen,2022-02-07
18,5,13,1,Bladen,2022-02-11
3,1,2,1,Bladen,2022-03-08
10,1,9,1,Brunswick,2021-10-22
11,0,11,1,Brunswick,2021-10-23
17,1,16,1,Brunswick,2021-10-29
17,2,15,1,Brunswick,2021-11-03
17,2,15,1,Brunswick,2021-11-21
62,12,50,1,Brunswick,2021-11-29
43,4,39,1,Brunswick,2021-12-09
58,9,49,1,Brunswick,2021-12-13
41,3,38,1,Brunswick,2021-12-18
76,19,57,1,Brunswick,2021-12-20
50,7,43,1,Brunswick,2021-12-26
216,47,169,1,Brunswick,2021-12-30
331,43,288,1,Brunswick,2022-01-03
341,71,270,1,Brunswick,2022-01-04
164,16,148,1,Brunswick,2022-01-08
182,25,157,1,Brunswick,2022-01-09
457,61,396,1,Brunswick,2022-01-11
487,61,426,1,Brunswick,2022-01-18
393,56,337,1,Brunswick,2022-01-24
240,58,182,1,Brunswick,2022-01-27
252,34,218,1,Brunswick,2022-01-31
113,18,95,1,Brunswick,2022-02-04
71,2,69,1,Brunswick,2022-02-05
109,20,89,1,Brunswick,2022-02-09
59,9,50,1,Brunswick,2022-02-10
33,4,29,1,Brunswick,2022-02-12
28,4,24,1,Brunswick,2022-02-13
48,10,38,1,Brunswick,2022-02-15
21,4,17,1,Brunswick,2022-02-24
26,4,22,1,Brunswick,2022-02-25
17,0,17,1,Brunswick,2022-03-02
2,0,2,1,Brunswick,2022-03-06
22,3,19,1,Brunswick,2022-03-07
3,1,2,1,Brunswick,2022-03-10
10,0,10,1,Brunswick,2022-03-18
93,27,66,1,Buncombe,2021-10-12
49,20,29,1,Buncombe,2021-10-28
54,15,39,1,Buncombe,2021-10-29
56,18,38,1,Buncombe,2021-11-03
68,24,44,1,Buncombe,2021-11-08
73,14,59,1,Buncombe,2021-11-19
81,23,58,1,Buncombe,2021-11-24
10,4,6,1,Buncombe,2021-11-25
56,18,38,1,Buncombe,2021-11-26
48,15,33,1,Buncombe,2021-11-27
87,35,52,1,Buncombe,2021-12-09
67,27,40,1,Buncombe,2021-12-10
123,56,67,1,Buncombe,2021-12-13
60,22,38,1,Buncombe,2021-12-19
204,61,143,1,Buncombe,2021-12-23
98,18,80,1,Buncombe,2021-12-26
427,87,340,1,Buncombe,2021-12-29
447,110,337,1,Buncombe,2021-12-30
560,151,409,1,Buncombe,2022-01-03
583,150,433,1,Buncombe,2022-01-07
841,290,551,1,Buncombe,2022-01-10
732,224,508,1,Buncombe,2022-01-12
628,178,450,1,Buncombe,2022-01-14
183,51,132,1,Buncombe,2022-01-17
576,161,415,1,Buncombe,2022-01-18
213,48,165,1,Buncombe,2022-01-23
374,113,261,1,Buncombe,2022-01-27
280,91,189,1,Buncombe,2022-02-01
106,29,77,1,Buncombe,2022-02-06
156,57,99,1,Buncombe,2022-02-10
121,38,83,1,Buncombe,2022-02-11
74,24,50,1,Buncombe,2022-02-12
95,42,53,1,Buncombe,2022-02-17
89,35,54,1,Buncombe,2022-02-18
43,10,33,1,Buncombe,2022-02-19
55,17,38,1,Buncombe,2022-02-25
49,16,33,1,Buncombe,2022-02-28
39,10,29,1,Buncombe,2022-03-03
11,0,11,1,Buncombe,2022-03-15
16,7,9,1,Buncombe,2022-03-16
7,1,6,1,Buncombe,2022-03-19
7,1,6,1,Buncombe,2022-03-25
11,2,9,1,Buncombe,2022-03-26
21,7,14,1,Buncombe,2022-03-29
15,8,7,1,Buncombe,2022-03-30
7,1,6,1,Buncombe,2022-04-03
38,18,20,1,Burke,2021-10-13
21,4,17,1,Burke,2021-10-28
18,4,14,1,Burke,2021-10-31
12,5,7,1,Burke,2021-11-08
17,4,13,1,Burke,2021-11-10
10,4,6,1,Burke,2021-11-11
14,5,9,1,Burke,2021-11-16
9,0,9,1,Burke,2021-11-21
5,1,4,1,Burke,2021-11-25
25,9,16,1,Burke,2021-12-09
3,0,3,1,Burke,2021-12-25
134,19,115,1,Burke,2021-12-28
217,74,143,1,Burke,2022-01-03
234,53,181,1,Burke,2022-01-05
440,166,274,1,Burke,2022-01-10
410,146,264,1,Burke,2022-01-11
354,118,236,1,Burke,2022-01-13
149,56,93,1,Burke,2022-01-15
326,103,223,1,Burke,2022-01-19
75,35,40,1,Burke,2022-01-22
63,21,42,1,Burke,2022-01-23
237,111,126,1,Burke,2022-01-25
211,58,153,1,Burke,2022-01-26
35,10,25,1,Burke,2022-01-30
181,79,102,1,Burke,2022-01-31
116,44,72,1,Burke,2022-02-01
127,36,91,1,Burke,2022-02-02
36,10,26,1,Burke,2022-02-05
91,36,55,1,Burke,2022-02-09
93,31,62,1,Burke,2022-02-10
50,16,34,1,Burke,2022-02-11
49,17,32,1,Burke,2022-02-16
13,1,12,1,Burke,2022-02-19
38,12,26,1,Burke,2022-02-21
21,2,19,1,Burke,2022-02-23
8,1,7,1,Burke,2022-02-26
17,7,10,1,Burke,2022-02-28
1,0,1,1,Burke,2022-03-06
12,2,10,1,Burke,2022-03-08
12,4,8,1,Burke,2022-03-09
0,0,0,1,Burke,2022-03-12
4,1,3,1,Burke,2022-03-14
3,2,1,1,Burke,2022-03-22
55,15,40,1,Cabarrus,2021-10-15
21,6,15,1,Cabarrus,2021-10-21
42,13,29,1,Cabarrus,2021-10-27
20,4,16,1,Cabarrus,2021-10-30
40,13,27,1,Cabarrus,2021-11-03
76,27,49,1,Cabarrus,2021-11-15
51,12,39,1,Cabarrus,2021-11-16
51,12,39,1,Cabarrus,2021-11-19
29,5,24,1,Cabarrus,2021-11-20
73,14,59,1,Cabarrus,2021-11-23
69,12,57,1,Cabarrus,2021-11-26
50,11,39,1,Cabarrus,2021-11-28
82,26,56,1,Cabarrus,2021-11-30
110,30,80,1,Cabarrus,2021-12-01
49,12,37,1,Cabarrus,2021-12-04
59,16,43,1,Cabarrus,2021-12-11
106,25,81,1,Cabarrus,2021-12-15
63,13,50,1,Cabarrus,2021-12-19
176,27,149,1,Cabarrus,2021-12-21
163,57,106,1,Cabarrus,2021-12-26
536,95,441,1,Cabarrus,2021-12-28
132,45,87,1,Cabarrus,2022-01-01
551,150,401,1,Cabarrus,2022-01-07
667,152,515,1,Cabarrus,2022-01-13
301,86,215,1,Cabarrus,2022-01-17
687,250,437,1,Cabarrus,2022-01-18
223,63,160,1,Cabarrus,2022-01-23
385,99,286,1,Cabarrus,2022-01-25
346,90,256,1,Cabarrus,2022-01-26
115,30,85,1,Cabarrus,2022-01-29
96,19,77,1,Cabarrus,2022-02-05
68,15,53,1,Cabarrus,2022-02-06
136,26,110,1,Cabarrus,2022-02-07
137,34,103,1,Cabarrus,2022-02-08
46,11,35,1,Cabarrus,2022-02-12
89,25,64,1,Cabarrus,2022-02-14
65,15,50,1,Cabarrus,2022-02-18
28,10,18,1,Cabarrus,2022-02-19
21,5,16,1,Cabarrus,2022-02-24
27,5,22,1,Cabarrus,2022-02-25
19,5,14,1,Cabarrus,2022-03-01
2,0,2,1,Cabarrus,2022-03-06
4,1,3,1,Cabarrus,2022-04-02
11,4,7,1,Cabarrus,2022-04-07
26,1,25,1,Caldwell,2021-10-12
26,2,24,1,Caldwell,2021-10-15
31,7,24,1,Caldwell,2021-10-19
25,3,22,1,Caldwell,2021-10-21
25,1,24,1,Caldwell,2021-10-22
8,0,8,1,Caldwell,2021-10-30
33,9,24,1,Caldwell,2021-11-01
11,2,9,1,Caldwell,2021-11-02
17,1,16,1,Caldwell,2021-11-05
16,3,13,1,Caldwell,2021-11-06
20,5,15,1,Caldwell,2021-11-17
4,1,3,1,Caldwell,2021-11-21
18,1,17,1,Caldwell,2021-11-22
3,0,3,1,Caldwell,2021-11-25
14,0,14,1,Caldwell,2021-11-28
16,2,14,1,Caldwell,2021-12-10
34,5,29,1,Caldwell,2021-12-15
35,8,27,1,Caldwell,2021-12-16
22,4,18,1,Caldwell,2021-12-24
108,19,89,1,Caldwell,2021-12-27
139,22,117,1,Caldwell,2021-12-29
215,36,179,1,Caldwell,2022-01-03
94,20,74,1,Caldwell,2022-01-09
61,24,37,1,Caldwell,2022-01-17
311,64,247,1,Caldwell,2022-01-19
267,46,221,1,Caldwell,2022-01-21
156,47,109,1,Caldwell,2022-01-24
150,24,126,1,Caldwell,2022-01-25
118,14,104,1,Caldwell,2022-01-26
68,6,62,1,Caldwell,2022-01-29
102,17,85,1,Caldwell,2022-02-02
96,22,74,1,Caldwell,2022-02-03
78,14,64,1,Caldwell,2022-02-04
52,12,40,1,Caldwell,2022-02-09
44,11,33,1,Caldwell,2022-02-10
45,7,38,1,Caldwell,2022-02-15
8,2,6,1,Caldwell,2022-02-19
26,5,21,1,Caldwell,2022-02-21
10,0,10,1,Caldwell,2022-02-25
9,0,9,1,Caldwell,2022-02-27
13,2,11,1,Caldwell,2022-03-01
2,0,2,1,Caldwell,2022-03-05
3,0,3,1,Caldwell,2022-03-18
2,0,2,1,Caldwell,2022-03-23
0,0,0,1,Caldwell,2022-03-31
4,2,2,1,Camden,2021-12-01
19,9,10,1,Carteret,2021-10-15
11,2,9,1,Carteret,2021-10-27
5,2,3,1,Carteret,2021-11-20
12,5,7,1,Carteret,2021-12-01
15,2,13,1,Carteret,2021-12-06
14,3,11,1,Carteret,2021-12-13
20,6,14,1,Carteret,2021-12-14
34,9,25,1,Carteret,2021-12-23
107,36,71,1,Carteret,2022-01-03
202,82,120,1,Carteret,2022-01-11
198,77,121,1,Carteret,2022-01-12
233,107,126,1,Carteret,2022-01-17
30,6,24,1,Carteret,2022-01-29
78,23,55,1,Carteret,2022-02-02
59,22,37,1,Carteret,2022-02-03
18,1,17,1,Carteret,2022-02-13
24,14,10,1,Carteret,2022-02-16
11,3,8,1,Carteret,2022-02-17
20,11,9,1,Carteret,2022-02-21
3,0,3,1,Carteret,2022-02-25
6,3,3,1,Carteret,2022-03-03
6,0,6,1,Carteret,2022-03-07
1,1,0,1,Carteret,2022-03-16
3,0,3,1,Caswell,2021-11-09
7,1,6,1,Caswell,2021-11-18
12,0,12,1,Caswell,2022-02-14
3,0,3,1,Caswell,2022-02-16
3,0,3,1,Caswell,2022-03-02
54,22,32,1,Catawba,2021-10-12
31,10,21,1,Catawba,2021-10-19
26,8,18,1,Catawba,2021-10-21
17,4,13,1,Catawba,2021-10-24
70,27,43,1,Catawba,2021-10-25
43,13,30,1,Catawba,2021-10-27
26,7,19,1,Catawba,2021-10-30
61,24,37,1,Catawba,2021-11-01
13,1,12,1,Catawba,2021-11-06
46,13,33,1,Catawba,2021-11-09
22,9,13,1,Catawba,2021-11-12
34,15,19,1,Catawba,2021-11-16
34,10,24,1,Catawba,2021-11-23
9,4,5,1,Catawba,2021-11-25
97,33,64,1,Catawba,2021-11-29
75,23,52,1,Catawba,2021-12-01
64,22,42,1,Catawba,2021-12-02
63,23,40,1,Catawba,2021-12-07
47,15,32,1,Catawba,2021-12-09
62,17,45,1,Catawba,2021-12-17
26,9,17,1,Catawba,2021-12-25
315,78,237,1,Catawba,2021-12-28
331,107,224,1,Catawba,2021-12-30
90,43,47,1,Catawba,2022-01-01
490,182,308,1,Catawba,2022-01-06
168,41,127,1,Catawba,2022-01-09
688,264,424,1,Catawba,2022-01-11
756,275,481,1,Catawba,2022-01-12
282,111,171,1,Catawba,2022-01-15
722,274,448,1,Catawba,2022-01-19
125,38,87,1,Catawba,2022-01-29
329,137,192,1,Catawba,2022-01-31
244,110,134,1,Catawba,2022-02-01
180,68,112,1,Catawba,2022-02-03
177,77,100,1,Catawba,2022-02-04
57,23,34,1,Catawba,2022-02-06
175,65,110,1,Catawba,2022-02-07
79,34,45,1,Catawba,2022-02-11
38,14,24,1,Catawba,2022-02-13
76,37,39,1,Catawba,2022-02-21
46,15,31,1,Catawba,2022-02-22
10,2,8,1,Catawba,2022-02-26
8,4,4,1,Catawba,2022-02-27
44,20,24,1,Catawba,2022-02-28
21,8,13,1,Catawba,2022-03-07
6,5,1,1,Catawba,2022-03-23
2,0,2,1,Catawba,2022-03-27
4,1,3,1,Catawba,2022-03-29
0,0,0,1,Chatham,2021-10-17
3,3,0,1,Chatham,2021-10-24
12,2,10,1,Chatham,2021-11-01
18,1,17,1,Chatham,2021-11-22
22,7,15,1,Chatham,2021-11-24
16,2,14,1,Chatham,2021-11-30
21,4,17,1,Chatham,2021-12-08
59,0,59,1,Chatham,2021-12-22
9,5,4,1,Chatham,2022-02-06
32,5,27,1,Chatham,2022-02-09
18,0,18,1,Chatham,2022-02-15
17,7,10,1,Chatham,2022-02-16
15,2,13,1,Chatham,2022-02-18
2,0,2,1,Chatham,2022-03-29
1,1,0,1,Cherokee,2021-10-29
4,1,3,1,Cherokee,2021-11-01
1,0,1,1,Cherokee,2021-11-04
4,1,3,1,Cherokee,2021-11-10
11,1,10,1,Cherokee,2021-12-06
5,2,3,1,Cherokee,2021-12-09
35,4,31,1,Cherokee,2021-12-28
49,12,37,1,Cherokee,2022-01-07
62,15,47,1,Cherokee,2022-01-13
25,1,24,1,Cherokee,2022-01-15
33,10,23,1,Cherokee,2022-01-17
107,28,79,1,Cherokee,2022-01-20
29,8,21,1,Cherokee,2022-01-23
74,19,55,1,Cherokee,2022-01-31
23,2,21,1,Cherokee,2022-02-03
5,0,5,1,Cherokee,2022-02-06
22,4,18,1,Cherokee,2022-02-11
7,0,7,1,Cherokee,2022-02-12
0,0,0,1,Cherokee,2022-03-06
1,0,1,1,Chowan,2021-10-15
1,0,1,1,Chowan,2021-10-24
1,0,1,1,Chowan,2021-11-10
2,0,2,1,Chowan,2021-11-16
32,2,30,1,Chowan,2021-12-28
96,6,90,1,Chowan,2022-01-10
73,6,67,1,Chowan,2022-01-14
67,6,61,1,Chowan,2022-01-20
49,0,49,1,Chowan,2022-01-25
31,2,29,1,Chowan,2022-01-27
18,0,18,1,Chowan,2022-01-28
5,0,5,1,Chowan,2022-01-29
13,0,13,1,Chowan,2022-02-02
12,0,12,1,Chowan,2022-02-07
0,0,0,1,Chowan,2022-02-15
0,0,0,1,Chowan,2022-03-03
0,0,0,1,Clay,2021-10-28
1,0,1,1,Clay,2021-11-02
53,5,48,1,Cleveland,2021-10-13
8,0,8,1,Cleveland,2021-10-16
50,8,42,1,Cleveland,2021-10-18
22,3,19,1,Cleveland,2021-10-20
29,6,23,1,Cleveland,2021-10-22
13,1,12,1,Cleveland,2021-10-23
31,6,25,1,Cleveland,2021-10-27
22,1,21,1,Cleveland,2021-10-28
21,3,18,1,Cleveland,2021-11-01
13,2,11,1,Cleveland,2021-11-04
15,0,15,1,Cleveland,2021-11-20
5,2,3,1,Cleveland,2021-11-25
21,5,16,1,Cleveland,2021-11-29
27,5,22,1,Cleveland,2021-12-19
12,0,12,1,Cleveland,2021-12-25
36,1,35,1,Cleveland,2021-12-26
358,60,298,1,Cleveland,2022-01-05
398,56,342,1,Cleveland,2022-01-11
399,79,320,1,Cleveland,2022-01-13
233,45,188,1,Cleveland,2022-01-15
14,2,12,1,Cleveland,2022-01-16
329,82,247,1,Cleveland,2022-01-18
388,69,319,1,Cleveland,2022-01-19
332,51,281,1,Cleveland,2022-01-24
157,19,138,1,Cleveland,2022-01-31
143,20,123,1,Cleveland,2022-02-01
151,21,130,1,Cleveland,2022-02-02
81,14,67,1,Cleveland,2022-02-04
62,8,54,1,Cleveland,2022-02-05
46,3,43,1,Cleveland,2022-02-06
67,18,49,1,Cleveland,2022-02-10
57,10,47,1,Cleveland,2022-02-11
36,3,33,1,Cleveland,2022-02-12
61,11,50,1,Cleveland,2022-02-14
14,2,12,1,Cleveland,2022-02-19
10,1,9,1,Cleveland,2022-02-26
5,0,5,1,Cleveland,2022-03-16
1,0,1,1,Cleveland,2022-03-24
10,1,9,1,Columbus,2021-10-12
11,1,10,1,Columbus,2021-10-16
28,14,14,1,Columbus,2021-10-18
9,0,9,1,Columbus,2021-10-23
0,0,0,1,Columbus,2021-10-24
10,4,6,1,Columbus,2021-11-01
5,1,4,1,Columbus,2021-11-03
7,4,3,1,Columbus,2021-11-04
2,0,2,1,Columbus,2021-11-07
10,6,4,1,Columbus,2021-11-10
2,0,2,1,Columbus,2021-11-26
8,4,4,1,Columbus,2021-12-09
14,4,10,1,Columbus,2021-12-14
60,8,52,1,Columbus,2021-12-27
204,81,123,1,Columbus,2022-01-06
217,42,175,1,Columbus,2022-01-14
25,8,17,1,Columbus,2022-01-23
136,49,87,1,Columbus,2022-01-25
93,37,56,1,Columbus,2022-01-27
104,29,75,1,Columbus,2022-01-28
130,60,70,1,Columbus,2022-01-31
59,23,36,1,Columbus,2022-02-02
56,15,41,1,Columbus,2022-02-04
8,4,4,1,Columbus,2022-02-06
21,9,12,1,Columbus,2022-02-10
20,10,10,1,Columbus,2022-02-11
14,3,11,1,Columbus,2022-02-15
10,3,7,1,Columbus,2022-02-17
0,0,0,1,Columbus,2022-03-12
6,0,6,1,Craven,2021-10-17
10,4,6,1,Craven,2021-10-19
9,4,5,1,Craven,2021-10-24
15,6,9,1,Craven,2021-11-17
14,4,10,1,Craven,2021-11-19
13,2,11,1,Craven,2021-12-05
23,7,16,1,Craven,2021-12-09
18,6,12,1,Craven,2021-12-19
35,8,27,1,Craven,2022-01-01
266,71,195,1,Craven,2022-01-04
132,63,69,1,Craven,2022-01-16
85,23,62,1,Craven,2022-01-23
169,47,122,1,Craven,2022-01-27
163,36,127,1,Craven,2022-01-28
68,19,49,1,Craven,2022-01-29
73,34,39,1,Craven,2022-01-30
109,33,76,1,Craven,2022-02-03
109,27,82,1,Craven,2022-02-04
41,13,28,1,Craven,2022-02-06
140,48,92,1,Craven,2022-02-07
19,6,13,1,Craven,2022-02-12
20,6,14,1,Craven,2022-02-13
63,14,49,1,Craven,2022-02-14
41,14,27,1,Craven,2022-02-17
9,3,6,1,Craven,2022-03-09
2,0,2,1,Craven,2022-03-12
6,1,5,1,Craven,2022-03-14
5,4,1,1,Craven,2022-03-21
60,15,45,1,Cumberland,2021-10-15
42,12,30,1,Cumberland,2021-10-21
23,5,18,1,Cumberland,2021-10-31
45,9,36,1,Cumberland,2021-11-04
49,10,39,1,Cumberland,2021-11-05
26,6,20,1,Cumberland,2021-11-06
28,5,23,1,Cumberland,2021-11-07
17,1,16,1,Cumberland,2021-11-14
23,3,20,1,Cumberland,2021-11-20
62,9,53,1,Cumberland,2021-11-23
63,9,54,1,Cumberland,2021-11-24
10,2,8,1,Cumberland,2021-11-25
25,5,20,1,Cumberland,2021-11-27
121,10,111,1,Cumberland,2021-12-01
179,28,151,1,Cumberland,2021-12-06
128,23,105,1,Cumberland,2021-12-09
137,23,114,1,Cumberland,2021-12-16
176,17,159,1,Cumberland,2021-12-24
945,123,822,1,Cumberland,2021-12-30
337,36,301,1,Cumberland,2022-01-02
993,125,868,1,Cumberland,2022-01-06
379,30,349,1,Cumberland,2022-01-08
1168,165,1003,1,Cumberland,2022-01-10
1111,181,930,1,Cumberland,2022-01-13
1583,160,1423,1,Cumberland,2022-01-18
209,12,197,1,Cumberland,2022-01-22
1021,73,948,1,Cumberland,2022-01-25
152,28,124,1,Cumberland,2022-01-30
92,17,75,1,Cumberland,2022-02-06
169,46,123,1,Cumberland,2022-02-10
152,30,122,1,Cumberland,2022-02-11
89,15,74,1,Cumberland,2022-02-12
41,7,34,1,Cumberland,2022-02-13
141,18,123,1,Cumberland,2022-02-16
110,10,100,1,Cumberland,2022-02-18
26,8,18,1,Cumberland,2022-02-20
74,15,59,1,Cumberland,2022-02-23
36,7,29,1,Cumberland,2022-03-02
8,1,7,1,Currituck,2021-10-12
2,0,2,1,Currituck,2021-10-21
3,0,3,1,Currituck,2021-11-14
19,4,15,1,Currituck,2021-12-22
7,0,7,1,Currituck,2021-12-24
34,5,29,1,Currituck,2021-12-30
72,5,67,1,Currituck,2022-01-11
11,0,11,1,Dare,2021-10-29
1,0,1,1,Dare,2021-11-07
5,0,5,1,Dare,2021-11-18
8,1,7,1,Dare,2021-12-04
16,0,16,1,Dare,2021-12-06
34,0,34,1,Dare,2022-01-09
55,4,51,1,Davidson,2021-10-13
41,4,37,1,Davidson,2021-10-18
30,3,27,1,Davidson,2021-10-21
18,2,16,1,Davidson,2021-10-23
39,10,29,1,Davidson,2021-10-28
10,0,10,1,Davidson,2021-10-31
39,4,35,1,Davidson,2021-11-02
30,4,26,1,Davidson,2021-11-05
51,6,45,1,Davidson,2021-11-23
48,2,46,1,Davidson,2021-11-24
42,3,39,1,Davidson,2021-11-26
77,8,69,1,Davidson,2021-12-01
94,11,83,1,Davidson,2021-12-02
90,13,77,1,Davidson,2021-12-07
67,5,62,1,Davidson,2021-12-16
81,7,74,1,Davidson,2021-12-17
36,2,34,1,Davidson,2021-12-19
78,8,70,1,Davidson,2021-12-21
65,2,63,1,Davidson,2021-12-26
314,36,278,1,Davidson,2021-12-28
299,58,241,1,Davidson,2021-12-30
187,25,162,1,Davidson,2021-12-31
470,56,414,1,Davidson,2022-01-04
462,71,391,1,Davidson,2022-01-06
359,49,310,1,Davidson,2022-01-07
575,114,461,1,Davidson,2022-01-10
651,115,536,1,Davidson,2022-01-13
410,40,370,1,Davidson,2022-01-21
150,23,127,1,Davidson,2022-01-23
538,56,482,1,Davidson,2022-01-24
311,39,272,1,Davidson,2022-01-26
236,37,199,1,Davidson,2022-01-27
86,6,80,1,Davidson,2022-01-30
163,27,136,1,Davidson,2022-02-02
71,9,62,1,Davidson,2022-02-10
27,2,25,1,Davidson,2022-02-13
53,9,44,1,Davidson,2022-02-15
15,4,11,1,Davidson,2022-03-02
10,3,7,1,Davidson,2022-03-04
12,4,8,1,Davidson,2022-03-08
6,0,6,1,Davidson,2022-03-16
2,0,2,1,Davie,2021-10-16
14,4,10,1,Davie,2021-10-18
14,1,13,1,Davie,2021-10-20
6,0,6,1,Davie,2021-10-21
6,1,5,1,Davie,2021-10-24
16,4,12,1,Davie,2021-11-04
13,5,8,1,Davie,2021-11-17
18,0,18,1,Davie,2021-12-03
60,13,47,1,Davie,2022-01-27
69,13,56,1,Davie,2022-01-28
93,20,73,1,Davie,2022-01-31
64,16,48,1,Davie,2022-02-02
39,12,27,1,Davie,2022-02-04
18,1,17,1,Davie,2022-02-05
6,3,3,1,Davie,2022-02-13
12,4,8,1,Davie,2022-02-21
5,2,3,1,Davie,2022-03-07
3,1,2,1,Davie,2022-03-08
1,0,1,1,Davie,2022-03-19
24,9,15,1,Duplin,2021-10-12
13,5,8,1,Duplin,2021-10-13
8,3,5,1,Duplin,2021-10-15
5,1,4,1,Duplin,2021-10-17
8,5,3,1,Duplin,2021-10-19
1,0,1,1,Duplin,2021-10-23
9,5,4,1,Duplin,2021-10-26
3,0,3,1,Duplin,2021-10-31
6,3,3,1,Duplin,2021-11-03
10,4,6,1,Duplin,2021-11-04
18,8,10,1,Duplin,2021-11-08
11,4,7,1,Duplin,2021-11-09
7,5,2,1,Duplin,2021-11-17
7,3,4,1,Duplin,2021-11-19
7,4,3,1,Duplin,2021-11-23
22,8,14,1,Duplin,2021-12-23
84,30,54,1,Duplin,2022-01-09
414,165,249,1,Duplin,2022-01-10
49,19,30,1,Duplin,2022-01-16
229,119,110,1,Duplin,2022-01-17
255,117,138,1,Duplin,2022-01-20
14,2,12,1,Duplin,2022-01-22
42,8,34,1,Duplin,2022-01-23
111,42,69,1,Duplin,2022-01-27
67,19,48,1,Duplin,2022-02-02
38,13,25,1,Duplin,2022-02-04
54,28,26,1,Duplin,2022-02-07
22,13,9,1,Duplin,2022-02-10
11,3,8,1,Duplin,2022-02-12
9,0,9,1,Duplin,2022-02-13
22,8,14,1,Duplin,2022-02-15
8,3,5,1,Duplin,2022-02-19
5,1,4,1,Duplin,2022-02-20
9,5,4,1,Duplin,2022-02-25
0,0,0,1,Duplin,2022-02-26
2,0,2,1,Duplin,2022-03-04
5,1,4,1,Duplin,2022-03-05
3,1,2,1,Duplin,2022-03-08
0,0,0,1,Duplin,2022-03-11
3,0,3,1,Duplin,2022-03-15
2,0,2,1,Duplin,2022-03-16
2,2,0,1,Duplin,2022-03-18
2,2,0,1,Duplin,2022-03-28
55,4,51,1,Durham,2021-10-13
18,1,17,1,Durham,2021-10-24
17,2,15,1,Durham,2021-10-30
16,2,14,1,Durham,2021-11-07
77,3,74,1,Durham,2021-11-30
44,3,41,1,Durham,2021-12-05
71,5,66,1,Durham,2021-12-13
74,6,68,1,Durham,2021-12-14
1382,81,1301,1,Durham,2022-01-05
1076,47,1029,1,Durham,2022-01-07
1383,78,1305,1,Durham,2022-01-10
973,66,907,1,Durham,2022-01-14
1031,55,976,1,Durham,2022-01-19
899,40,859,1,Durham,2022-01-20
600,43,557,1,Durham,2022-01-26
191,14,177,1,Durham,2022-01-30
427,48,379,1,Durham,2022-01-31
293,20,273,1,Durham,2022-02-02
273,32,241,1,Durham,2022-02-03
137,7,130,1,Durham,2022-02-05
123,6,117,1,Durham,2022-02-06
227,29,198,1,Durham,2022-02-07
8,0,8,1,Edgecombe,2021-10-16
14,1,13,1,Edgecombe,2021-10-28
15,0,15,1,Edgecombe,2021-11-15
9,2,7,1,Edgecombe,2021-12-13
258,5,253,1,Edgecombe,2021-12-30
46,1,45,1,Edgecombe,2022-01-09
164,10,154,1,Edgecombe,2022-01-14
65,3,62,1,Edgecombe,2022-01-25
20,1,19,1,Edgecombe,2022-02-03
27,2,25,1,Edgecombe,2022-02-07
20,0,20,1,Edgecombe,2022-02-08
76,9,67,1,Forsyth,2021-10-19
93,9,84,1,Forsyth,2021-10-26
35,4,31,1,Forsyth,2021-10-31
85,28,57,1,Forsyth,2021-11-01
62,10,52,1,Forsyth,2021-11-02
29,2,27,1,Forsyth,2021-11-06
58,11,47,1,Forsyth,2021-11-27
140,21,119,1,Forsyth,2021-11-30
90,13,77,1,Forsyth,2021-12-04
163,33,130,1,Forsyth,2021-12-06
137,23,114,1,Forsyth,2021-12-07
166,23,143,1,Forsyth,2021-12-08
77,8,69,1,Forsyth,2021-12-11
86,5,81,1,Forsyth,2021-12-12
153,16,137,1,Forsyth,2021-12-17
219,18,201,1,Forsyth,2021-12-20
304,34,270,1,Forsyth,2021-12-22
164,17,147,1,Forsyth,2021-12-24
93,3,90,1,Forsyth,2021-12-25
1044,100,944,1,Forsyth,2021-12-29
280,24,256,1,Forsyth,2022-01-01
424,22,402,1,Forsyth,2022-01-02
1500,133,1367,1,Forsyth,2022-01-12
228,46,182,1,Forsyth,2022-02-08
195,37,158,1,Forsyth,2022-02-09
61,9,52,1,Forsyth,2022-02-13
122,24,98,1,Forsyth,2022-02-15
138,38,100,1,Forsyth,2022-02-16
93,24,69,1,Forsyth,2022-02-17
33,5,28,1,Forsyth,2022-02-19
84,16,68,1,Forsyth,2022-02-21
55,7,48,1,Forsyth,2022-02-23
36,6,30,1,Forsyth,2022-02-25
20,2,18,1,Forsyth,2022-02-27
42,13,29,1,Forsyth,2022-02-28
30,4,26,1,Forsyth,2022-03-02
17,3,14,1,Forsyth,2022-03-04
31,5,26,1,Forsyth,2022-03-07
11,3,8,1,Forsyth,2022-03-08
24,9,15,1,Forsyth,2022-03-09
15,3,12,1,Forsyth,2022-03-11
19,6,13,1,Forsyth,2022-03-12
24,7,17,1,Forsyth,2022-03-17
23,2,21,1,Forsyth,2022-03-21
22,7,15,1,Forsyth,2022-03-23
30,7,23,1,Forsyth,2022-03-30
34,13,21,1,Forsyth,2022-04-04
6,0,6,1,Franklin,2021-10-31
11,1,10,1,Franklin,2021-11-01
19,0,19,1,Franklin,2021-11-16
41,6,35,1,Franklin,2022-01-16
30,7,23,1,Franklin,2022-01-30
0,0,0,1,Franklin,2022-03-27
93,8,85,1,Gaston,2021-10-12
85,9,76,1,Gaston,2021-10-13
68,22,46,1,Gaston,2021-10-18
46,3,43,1,Gaston,2021-10-22
86,19,67,1,Gaston,2021-11-08
65,12,53,1,Gaston,2021-11-12
92,23,69,1,Gaston,2021-11-15
89,21,68,1,Gaston,2021-11-23
72,7,65,1,Gaston,2021-11-24
73,18,55,1,Gaston,2021-11-26
121,33,88,1,Gaston,2021-12-06
115,36,79,1,Gaston,2021-12-07
139,41,98,1,Gaston,2021-12-13
111,19,92,1,Gaston,2021-12-17
69,19,50,1,Gaston,2021-12-19
166,28,138,1,Gaston,2021-12-20
160,35,125,1,Gaston,2021-12-21
42,1,41,1,Gaston,2021-12-25
281,82,199,1,Gaston,2021-12-31
260,62,198,1,Gaston,2022-01-02
556,84,472,1,Gaston,2022-01-07
279,47,232,1,Gaston,2022-01-08
710,117,593,1,Gaston,2022-01-12
688,135,553,1,Gaston,2022-01-14
212,35,177,1,Gaston,2022-01-22
451,98,353,1,Gaston,2022-01-26
357,85,272,1,Gaston,2022-01-31
216,43,173,1,Gaston,2022-02-03
77,13,64,1,Gaston,2022-02-17
36,8,28,1,Gaston,2022-02-24
14,3,11,1,Gaston,2022-02-25
12,2,10,1,Gaston,2022-02-27
13,9,4,1,Gaston,2022-03-06
14,2,12,1,Gaston,2022-03-07
10,3,7,1,Gaston,2022-03-08
4,1,3,1,Gaston,2022-03-13
8,1,7,1,Gaston,2022-03-15
11,1,10,1,Gaston,2022-03-16
5,2,3,1,Gaston,2022-03-17
6,2,4,1,Gaston,2022-03-30
4,0,4,1,Gates,2021-10-15
23,8,15,1,Gates,2022-01-14
34,29,5,1,Graham,2022-01-10
13,9,4,1,Graham,2022-01-15
0,0,0,1,Graham,2022-03-24
10,2,8,1,Granville,2021-10-19
6,1,5,1,Granville,2021-11-06
12,3,9,1,Granville,2021-11-12
8,0,8,1,Granville,2021-11-13
6,0,6,1,Granville,2021-11-28
31,6,25,1,Granville,2021-12-21
155,12,143,1,Granville,2022-01-07
262,19,243,1,Granville,2022-01-18
114,9,105,1,Granville,2022-01-25
58,1,57,1,Granville,2022-02-03
1,0,1,1,Greene,2021-10-13
6,0,6,1,Greene,2022-02-12
2,0,2,1,Greene,2022-02-13
1,0,1,1,Greene,2022-02-23
1,0,1,1,Greene,2022-02-25
161,18,143,1,Guilford,2021-10-13
117,13,104,1,Guilford,2021-10-21
49,10,39,1,Guilford,2021-10-30
108,21,87,1,Guilford,2021-11-02
77,9,68,1,Guilford,2021-11-03
53,12,41,1,Guilford,2021-11-06
51,11,40,1,Guilford,2021-11-07
118,12,106,1,Guilford,2021-11-09
50,5,45,1,Guilford,2021-11-14
97,13,84,1,Guilford,2021-11-15
122,17,105,1,Guilford,2021-11-19
55,11,44,1,Guilford,2021-11-20
97,12,85,1,Guilford,2021-11-22
179,24,155,1,Guilford,2021-11-30
107,12,95,1,Guilford,2021-12-04
80,7,73,1,Guilford,2021-12-05
181,23,158,1,Guilford,2021-12-06
175,28,147,1,Guilford,2021-12-07
152,26,126,1,Guilford,2021-12-09
135,21,114,1,Guilford,2021-12-10
192,27,165,1,Guilford,2021-12-15
131,10,121,1,Guilford,2021-12-19
417,70,347,1,Guilford,2021-12-23
981,150,831,1,Guilford,2021-12-27
1150,151,999,1,Guilford,2021-12-28
1234,253,981,1,Guilford,2021-12-30
781,209,572,1,Guilford,2021-12-31
322,69,253,1,Guilford,2022-01-01
1066,65,1001,1,Guilford,2022-01-08
1628,226,1402,1,Guilford,2022-01-13
1363,149,1214,1,Guilford,2022-01-19
896,115,781,1,Guilford,2022-01-21
564,117,447,1,Guilford,2022-01-31
419,81,338,1,Guilford,2022-02-02
222,34,188,1,Guilford,2022-02-08
207,43,164,1,Guilford,2022-02-09
106,14,92,1,Guilford,2022-02-12
84,21,63,1,Guilford,2022-02-13
111,22,89,1,Guilford,2022-02-17
90,33,57,1,Guilford,2022-02-23
21,8,13,1,Guilford,2022-02-27
66,10,56,1,Guilford,2022-02-28
47,15,32,1,Guilford,2022-03-01
39,8,31,1,Guilford,2022-03-03
36,7,29,1,Guilford,2022-03-07
35,8,27,1,Guilford,2022-03-08
28,7,21,1,Guilford,2022-03-10
7,1,6,1,Guilford,2022-03-13
22,2,20,1,Guilford,2022-03-15
9,0,9,1,Guilford,2022-03-19
36,11,25,1,Guilford,2022-03-22
33,4,29,1,Guilford,2022-03-23
9,1,8,1,Guilford,2022-03-27
22,0,22,1,Guilford,2022-03-29
16,3,13,1,Halifax,2021-10-15
4,0,4,1,Halifax,2021-10-16
11,3,8,1,Halifax,2021-10-18
4,1,3,1,Halifax,2021-10-24
6,1,5,1,Halifax,2021-10-28
5,0,5,1,Halifax,2021-11-07
6,0,6,1,Halifax,2021-12-07
16,4,12,1,Halifax,2021-12-17
27,2,25,1,Halifax,2021-12-23
223,22,201,1,Halifax,2021-12-29
58,4,54,1,Halifax,2022-01-02
304,29,275,1,Halifax,2022-01-04
242,23,219,1,Halifax,2022-01-11
146,20,126,1,Halifax,2022-01-20
23,3,20,1,Halifax,2022-01-21
12,1,11,1,Halifax,2022-01-22
96,16,80,1,Halifax,2022-01-25
66,17,49,1,Halifax,2022-01-27
18,5,13,1,Halifax,2022-01-29
9,4,5,1,Halifax,2022-02-05
8,0,8,1,Halifax,2022-02-06
28,7,21,1,Halifax,2022-02-09
8,1,7,1,Halifax,2022-02-12
5,0,5,1,Halifax,2022-02-26
2,0,2,1,Halifax,2022-03-26
41,9,32,1,Harnett,2021-10-12
17,4,13,1,Harnett,2021-10-15
21,3,18,1,Harnett,2021-10-19
22,4,18,1,Harnett,2021-10-21
33,6,27,1,Harnett,2021-10-26
21,4,17,1,Harnett,2021-10-28
26,5,21,1,Harnett,2021-11-02
27,4,23,1,Harnett,2021-11-03
29,4,25,1,Harnett,2021-11-04
4,0,4,1,Harnett,2021-11-06
11,2,9,1,Harnett,2021-11-14
17,5,12,1,Harnett,2021-11-17
12,1,11,1,Harnett,2021-11-26
37,3,34,1,Harnett,2021-12-01
31,1,30,1,Harnett,2021-12-18
63,11,52,1,Harnett,2021-12-21
192,22,170,1,Harnett,2021-12-27
247,44,203,1,Harnett,2021-12-29
115,14,101,1,Harnett,2022-01-02
436,78,358,1,Harnett,2022-01-06
424,90,334,1,Harnett,2022-01-07
200,17,183,1,Harnett,2022-01-08
139,21,118,1,Harnett,2022-01-09
537,117,420,1,Harnett,2022-01-14
476,68,408,1,Harnett,2022-01-20
171,38,133,1,Harnett,2022-01-21
61,8,53,1,Harnett,2022-01-29
64,18,46,1,Harnett,2022-01-30
97,24,73,1,Harnett,2022-02-04
33,5,28,1,Harnett,2022-02-06
95,35,60,1,Harnett,2022-02-08
52,9,43,1,Harnett,2022-02-11
55,14,41,1,Harnett,2022-02-14
42,6,36,1,Harnett,2022-02-15
31,5,26,1,Harnett,2022-02-18
17,4,13,1,Harnett,2022-02-19
28,1,27,1,Harnett,2022-02-22
6,1,5,1,Harnett,2022-02-27
20,4,16,1,Harnett,2022-02-28
9,1,8,1,Harnett,2022-03-01
17,7,10,1,Harnett,2022-03-02
17,5,12,1,Harnett,2022-03-07
9,1,8,1,Harnett,2022-03-08
7,0,7,1,Harnett,2022-03-11
14,5,9,1,Harnett,2022-03-14
9,1,8,1,Harnett,2022-03-16
9,1,8,1,Harnett,2022-03-18
24,8,16,1,Haywood,2021-10-12
2,0,2,1,Haywood,2021-10-16
8,3,5,1,Haywood,2021-10-23
8,4,4,1,Haywood,2021-10-29
16,6,10,1,Haywood,2021-11-08
13,3,10,1,Haywood,2021-11-10
23,5,18,1,Haywood,2021-11-18
7,2,5,1,Haywood,2021-11-20
22,5,17,1,Haywood,2021-11-22
17,5,12,1,Haywood,2021-12-07
19,4,15,1,Haywood,2021-12-10
8,2,6,1,Haywood,2021-12-12
21,6,15,1,Haywood,2021-12-17
9,4,5,1,Haywood,2021-12-18
32,7,25,1,Haywood,2021-12-20
14,1,13,1,Haywood,2021-12-21
20,10,10,1,Haywood,2021-12-22
11,5,6,1,Haywood,2021-12-24
63,20,43,1,Haywood,2021-12-29
58,27,31,1,Haywood,2021-12-31
134,36,98,1,Haywood,2022-01-05
139,55,84,1,Haywood,2022-01-11
166,52,114,1,Haywood,2022-01-14
61,20,41,1,Haywood,2022-01-17
111,29,82,1,Haywood,2022-01-27
91,28,63,1,Haywood,2022-01-28
20,2,18,1,Haywood,2022-01-29
53,9,44,1,Haywood,2022-01-30
93,48,45,1,Haywood,2022-02-01
87,28,59,1,Haywood,2022-02-02
64,18,46,1,Haywood,2022-02-03
33,12,21,1,Haywood,2022-02-05
36,13,23,1,Haywood,2022-02-06
49,22,27,1,Haywood,2022-02-07
45,15,30,1,Haywood,2022-02-08
43,19,24,1,Haywood,2022-02-14
22,5,17,1,Haywood,2022-02-15
13,8,5,1,Haywood,2022-02-20
46,27,19,1,Haywood,2022-02-21
14,10,4,1,Haywood,2022-02-22
23,12,11,1,Haywood,2022-02-24
14,1,13,1,Haywood,2022-02-25
8,4,4,1,Haywood,2022-02-26
8,2,6,1,Haywood,2022-03-01
12,4,8,1,Haywood,2022-03-07
7,2,5,1,Haywood,2022-03-08
3,1,2,1,Haywood,2022-03-09
21,7,14,1,Henderson,2021-10-18
16,8,8,1,Henderson,2021-10-22
38,13,25,1,Henderson,2021-11-03
25,10,15,1,Henderson,2021-11-12
46,21,25,1,Henderson,2021-11-22
24,10,14,1,Henderson,2021-11-23
9,6,3,1,Henderson,2021-11-25
27,10,17,1,Henderson,2021-11-26
21,8,13,1,Henderson,2021-11-27
60,24,36,1,Henderson,2021-12-01
56,24,32,1,Henderson,2021-12-07
38,19,19,1,Henderson,2021-12-12
24,5,19,1,Henderson,2021-12-25
33,13,20,1,Henderson,2021-12-26
165,29,136,1,Henderson,2021-12-29
177,41,136,1,Henderson,2021-12-30
103,37,66,1,Henderson,2022-01-09
247,89,158,1,Henderson,2022-01-14
14,2,12,1,Henderson,2022-01-16
229,86,143,1,Henderson,2022-01-18
275,100,175,1,Henderson,2022-01-19
77,23,54,1,Henderson,2022-01-22
137,54,83,1,Henderson,2022-01-28
56,20,36,1,Henderson,2022-01-30
46,21,25,1,Henderson,2022-02-06
108,36,72,1,Henderson,2022-02-07
64,18,46,1,Henderson,2022-02-08
91,34,57,1,Henderson,2022-02-09
67,19,48,1,Henderson,2022-02-10
48,15,33,1,Henderson,2022-02-11
37,18,19,1,Henderson,2022-02-21
21,7,14,1,Henderson,2022-02-22
7,2,5,1,Henderson,2022-03-10
7,5,2,1,Henderson,2022-03-11
5,0,5,1,Hertford,2021-10-19
3,0,3,1,Hertford,2021-12-15
19,1,18,1,Hertford,2022-01-02
79,18,61,1,Hertford,2022-01-13
48,7,41,1,Hertford,2022-01-19
2,0,2,1,Hertford,2022-01-22
4,1,3,1,Hertford,2022-02-16
4,2,2,1,Hoke,2021-10-15
6,1,5,1,Hoke,2021-10-17
10,1,9,1,Hoke,2021-11-02
4,1,3,1,Hoke,2021-11-07
11,2,9,1,Hoke,2021-11-18
25,2,23,1,Hoke,2021-12-06
20,1,19,1,Hoke,2021-12-08
309,28,281,1,Hoke,2022-01-05
296,23,273,1,Hoke,2022-01-19
115,18,97,1,Hoke,2022-01-26
92,17,75,1,Hoke,2022-01-27
77,4,73,1,Hoke,2022-01-28
75,14,61,1,Hoke,2022-02-01
51,5,46,1,Hoke,2022-02-04
8,1,7,1,Hoke,2022-02-18
2,0,2,1,Hoke,2022-02-20
7,2,5,1,Hoke,2022-03-08
1,0,1,1,Hoke,2022-04-04
3,0,3,1,Hyde,2021-12-30
48,14,34,1,Iredell,2021-10-13
26,3,23,1,Iredell,2021-10-16
35,15,20,1,Iredell,2021-10-22
36,10,26,1,Iredell,2021-10-29
83,32,51,1,Iredell,2021-11-15
54,24,30,1,Iredell,2021-11-18
8,0,8,1,Iredell,2021-11-25
118,43,75,1,Iredell,2021-11-29
101,30,71,1,Iredell,2021-12-01
77,27,50,1,Iredell,2021-12-02
45,20,25,1,Iredell,2021-12-05
88,24,64,1,Iredell,2021-12-07
75,20,55,1,Iredell,2021-12-10
53,17,36,1,Iredell,2021-12-12
129,33,96,1,Iredell,2021-12-13
117,24,93,1,Iredell,2021-12-14
158,52,106,1,Iredell,2021-12-20
155,64,91,1,Iredell,2021-12-21
65,22,43,1,Iredell,2021-12-24
446,156,290,1,Iredell,2021-12-29
406,135,271,1,Iredell,2021-12-30
213,86,127,1,Iredell,2022-01-09
638,195,443,1,Iredell,2022-01-13
333,113,220,1,Iredell,2022-01-21
376,106,270,1,Iredell,2022-01-26
275,99,176,1,Iredell,2022-01-27
219,86,133,1,Iredell,2022-02-01
189,59,130,1,Iredell,2022-02-03
118,49,69,1,Iredell,2022-02-08
104,37,67,1,Iredell,2022-02-10
37,9,28,1,Iredell,2022-02-12
36,14,22,1,Iredell,2022-02-13
58,23,35,1,Iredell,2022-02-15
50,17,33,1,Iredell,2022-02-16
22,8,14,1,Iredell,2022-02-19
25,10,15,1,Iredell,2022-02-20
62,24,38,1,Iredell,2022-02-21
38,14,24,1,Iredell,2022-02-22
28,12,16,1,Iredell,2022-02-23
26,9,17,1,Iredell,2022-02-24
31,10,21,1,Iredell,2022-02-28
18,12,6,1,Iredell,2022-03-03
2,1,1,1,Iredell,2022-03-05
9,3,6,1,Iredell,2022-03-08
1,0,1,1,Iredell,2022-03-12
8,2,6,1,Jackson,2021-10-15
8,1,7,1,Jackson,2021-11-02
4,0,4,1,Jackson,2021-11-11
11,2,9,1,Jackson,2021-12-07
10,0,10,1,Jackson,2021-12-11
18,5,13,1,Jackson,2021-12-16
8,2,6,1,Jackson,2021-12-17
7,2,5,1,Jackson,2021-12-21
14,4,10,1,Jackson,2022-01-01
89,20,69,1,Jackson,2022-01-07
60,7,53,1,Jackson,2022-01-21
98,37,61,1,Jackson,2022-01-27
10,4,6,1,Jackson,2022-02-22
9,5,4,1,Jackson,2022-02-25
6,3,3,1,Jackson,2022-03-03
46,14,32,1,Johnston,2021-10-15
30,12,18,1,Johnston,2021-10-16
41,17,24,1,Johnston,2021-10-20
31,9,22,1,Johnston,2021-10-28
28,8,20,1,Johnston,2021-10-29
42,12,30,1,Johnston,2021-11-02
30,6,24,1,Johnston,2021-11-04
30,5,25,1,Johnston,2021-11-06
52,15,37,1,Johnston,2021-11-09
41,10,31,1,Johnston,2021-11-11
39,10,29,1,Johnston,2021-11-18
39,10,29,1,Johnston,2021-11-19
38,8,30,1,Johnston,2021-11-24
17,4,13,1,Johnston,2021-11-28
91,23,68,1,Johnston,2021-12-08
110,20,90,1,Johnston,2021-12-15
149,17,132,1,Johnston,2021-12-20
153,32,121,1,Johnston,2021-12-22
34,11,23,1,Johnston,2021-12-25
549,76,473,1,Johnston,2021-12-29
615,104,511,1,Johnston,2021-12-30
932,121,811,1,Johnston,2022-01-04
382,24,358,1,Johnston,2022-01-08
357,70,287,1,Johnston,2022-01-09
1016,183,833,1,Johnston,2022-01-11
496,85,411,1,Johnston,2022-01-15
132,28,104,1,Johnston,2022-01-16
850,163,687,1,Johnston,2022-01-17
1206,196,1010,1,Johnston,2022-01-18
973,136,837,1,Johnston,2022-01-19
260,54,206,1,Johnston,2022-01-21
97,17,80,1,Johnston,2022-01-22
159,31,128,1,Johnston,2022-01-23
847,145,702,1,Johnston,2022-01-24
252,59,193,1,Johnston,2022-02-02
99,15,84,1,Johnston,2022-02-05
202,40,162,1,Johnston,2022-02-07
108,34,74,1,Johnston,2022-02-09
69,15,54,1,Johnston,2022-02-12
31,8,23,1,Johnston,2022-02-19
42,6,36,1,Johnston,2022-02-22
29,9,20,1,Johnston,2022-02-23
16,3,13,1,Johnston,2022-02-27
24,2,22,1,Johnston,2022-03-01
15,4,11,1,Johnston,2022-03-03
17,0,17,1,Johnston,2022-03-04
17,3,14,1,Johnston,2022-03-07
11,4,7,1,Johnston,2022-03-10
9,4,5,1,Johnston,2022-03-15
10,4,6,1,Johnston,2022-03-24
0,0,0,1,Jones,2021-10-12
2,0,2,1,Jones,2021-10-26
1,1,0,1,Jones,2021-11-16
1,1,0,1,Jones,2021-11-29
5,0,5,1,Jones,2021-12-13
15,1,14,1,Lee,2021-10-13
11,0,11,1,Lee,2021-10-18
12,1,11,1,Lee,2021-10-19
7,1,6,1,Lee,2021-11-24
11,1,10,1,Lee,2021-11-27
12,0,12,1,Lee,2021-11-30
19,3,16,1,Lee,2021-12-01
12,2,10,1,Lee,2021-12-02
28,4,24,1,Lee,2021-12-21
13,2,11,1,Lee,2021-12-24
194,39,155,1,Lee,2022-01-04
163,9,154,1,Lee,2022-01-06
103,7,96,1,Lee,2022-01-08
318,68,250,1,Lee,2022-01-10
307,41,266,1,Lee,2022-01-12
255,45,210,1,Lee,2022-01-14
158,38,120,1,Lee,2022-01-17
23,3,20,1,Lee,2022-01-22
69,5,64,1,Lee,2022-01-28
15,1,14,1,Lee,2022-02-05
30,5,25,1,Lee,2022-02-09
6,3,3,1,Lee,2022-02-13
13,4,9,1,Lee,2022-02-14
25,2,23,1,Lee,2022-02-16
3,0,3,1,Lee,2022-02-26
3,3,0,1,Lee,2022-03-06
7,1,6,1,Lee,2022-03-08
9,4,5,1,Lee,2022-03-10
4,1,3,1,Lee,2022-03-12
1,0,1,1,Lee,2022-03-23
11,1,10,1,Lenoir,2021-10-12
12,4,8,1,Lenoir,2021-10-15
1,0,1,1,Lenoir,2021-10-16
2,0,2,1,Lenoir,2021-10-17
16,6,10,1,Lenoir,2021-10-25
7,0,7,1,Lenoir,2021-10-27
1,0,1,1,Lenoir,2021-10-30
11,5,6,1,Lenoir,2021-11-01
9,3,6,1,Lenoir,2021-11-05
1,0,1,1,Lenoir,2021-11-06
7,4,3,1,Lenoir,2021-11-08
1,0,1,1,Lenoir,2021-11-14
1,0,1,1,Lenoir,2021-11-21
11,2,9,1,Lenoir,2021-11-27
125,14,111,1,Lenoir,2021-12-28
35,7,28,1,Lenoir,2022-01-01
160,21,139,1,Lenoir,2022-01-03
50,13,37,1,Lenoir,2022-01-09
278,61,217,1,Lenoir,2022-01-13
349,68,281,1,Lenoir,2022-01-18
252,41,211,1,Lenoir,2022-01-24
183,33,150,1,Lenoir,2022-01-25
137,28,109,1,Lenoir,2022-01-26
25,10,15,1,Lenoir,2022-01-29
15,3,12,1,Lenoir,2022-01-30
88,18,70,1,Lenoir,2022-01-31
58,15,43,1,Lenoir,2022-02-01
24,5,19,1,Lenoir,2022-02-09
14,3,11,1,Lenoir,2022-02-15
6,3,3,1,Lenoir,2022-02-17
6,1,5,1,Lenoir,2022-02-25
9,4,5,1,Lenoir,2022-02-28
1,1,0,1,Lenoir,2022-03-05
48,7,41,1,Lincoln,2021-10-12
42,10,32,1,Lincoln,2021-10-13
8,2,6,1,Lincoln,2021-10-23
15,4,11,1,Lincoln,2021-10-30
35,9,26,1,Lincoln,2021-11-02
33,10,23,1,Lincoln,2021-11-03
24,5,19,1,Lincoln,2021-11-04
25,12,13,1,Lincoln,2021-11-05
32,15,17,1,Lincoln,2021-11-10
20,5,15,1,Lincoln,2021-11-27
28,6,22,1,Lincoln,2021-11-28
39,16,23,1,Lincoln,2021-12-02
27,6,21,1,Lincoln,2021-12-05
43,17,26,1,Lincoln,2021-12-06
29,8,21,1,Lincoln,2021-12-09
65,14,51,1,Lincoln,2021-12-23
147,45,102,1,Lincoln,2021-12-27
54,15,39,1,Lincoln,2022-01-02
270,66,204,1,Lincoln,2022-01-04
94,15,79,1,Lincoln,2022-01-08
338,113,225,1,Lincoln,2022-01-11
307,89,218,1,Lincoln,2022-01-13
286,67,219,1,Lincoln,2022-01-18
70,24,46,1,Lincoln,2022-01-23
45,11,34,1,Lincoln,2022-01-29
40,11,29,1,Lincoln,2022-01-30
130,39,91,1,Lincoln,2022-02-01
90,23,67,1,Lincoln,2022-02-04
31,8,23,1,Lincoln,2022-02-06
49,11,38,1,Lincoln,2022-02-10
41,10,31,1,Lincoln,2022-02-11
23,11,12,1,Lincoln,2022-02-12
14,7,7,1,Lincoln,2022-02-20
12,6,6,1,Lincoln,2022-02-22
7,1,6,1,Lincoln,2022-03-02
3,2,1,1,Lincoln,2022-03-03
9,2,7,1,Macon,2021-10-13
6,0,6,1,Macon,2021-10-15
10,3,7,1,Macon,2021-10-18
3,1,2,1,Macon,2021-10-20
5,0,5,1,Macon,2021-10-24
7,1,6,1,Macon,2021-10-28
4,1,3,1,Macon,2021-11-06
7,1,6,1,Macon,2021-11-12
4,1,3,1,Macon,2021-11-20
2,0,2,1,Macon,2021-11-21
3,0,3,1,Macon,2021-11-22
15,4,11,1,Macon,2021-12-14
1,0,1,1,Macon,2021-12-18
6,1,5,1,Macon,2021-12-25
35,12,23,1,Macon,2021-12-30
6,0,6,1,Macon,2022-01-01
78,16,62,1,Macon,2022-01-03
40,14,26,1,Macon,2022-01-07
17,4,13,1,Macon,2022-01-09
97,6,91,1,Macon,2022-01-14
12,0,12,1,Macon,2022-01-16
105,26,79,1,Macon,2022-01-18
58,17,41,1,Macon,2022-01-19
32,11,21,1,Macon,2022-01-27
20,5,15,1,Macon,2022-02-08
7,2,5,1,Macon,2022-02-17
6,2,4,1,Macon,2022-02-22
5,2,3,1,Macon,2022-02-24
1,0,1,1,Macon,2022-02-27
2,0,2,1,Macon,2022-03-02
5,3,2,1,Macon,2022-03-07
1,0,1,1,Macon,2022-03-19
0,0,0,1,Macon,2022-03-21
1,0,1,1,Madison,2021-10-14
7,0,7,1,Madison,2021-10-18
4,1,3,1,Madison,2021-11-09
5,0,5,1,Madison,2021-11-10
2,0,2,1,Madison,2021-11-14
1,0,1,1,Madison,2021-11-16
7,0,7,1,Madison,2021-11-18
14,2,12,1,Madison,2021-12-23
15,3,12,1,Madison,2021-12-31
7,0,7,1,Madison,2022-01-08
52,3,49,1,Madison,2022-01-14
55,3,52,1,Madison,2022-01-18
34,6,28,1,Madison,2022-01-27
54,12,42,1,Madison,2022-02-01
4,0,4,1,Madison,2022-02-06
18,2,16,1,Madison,2022-02-08
26,4,22,1,Madison,2022-02-11
0,0,0,1,Madison,2022-02-26
4,1,3,1,Martin,2021-10-13
11,1,10,1,Martin,2021-10-18
5,1,4,1,Martin,2021-10-25
1,0,1,1,Martin,2021-10-31
2,0,2,1,Martin,2021-11-18
9,0,9,1,Martin,2022-01-02
115,5,110,1,Martin,2022-01-18
87,7,80,1,Martin,2022-01-24
43,2,41,1,Martin,2022-01-26
35,1,34,1,Martin,2022-01-27
2,0,2,1,Martin,2022-02-12
1,1,0,1,Martin,2022-02-13
1,0,1,1,Martin,2022-02-25
9,2,7,1,Martin,2022-02-26
2,0,2,1,Martin,2022-02-27
3,0,3,1,Martin,2022-02-28
17,5,12,1,McDowell,2021-10-12
9,1,8,1,McDowell,2021-10-16
14,1,13,1,McDowell,2021-10-19
8,5,3,1,McDowell,2021-10-20
8,1,7,1,McDowell,2021-10-21
8,4,4,1,McDowell,2021-10-23
4,0,4,1,McDowell,2021-10-27
6,1,5,1,McDowell,2021-10-31
8,2,6,1,McDowell,2021-11-02
6,0,6,1,McDowell,2021-11-07
5,0,5,1,McDowell,2021-11-12
17,6,11,1,McDowell,2021-11-15
8,2,6,1,McDowell,2021-11-19
6,1,5,1,McDowell,2021-11-21
25,8,17,1,McDowell,2021-12-20
29,8,21,1,McDowell,2022-01-01
120,28,92,1,McDowell,2022-01-03
59,17,42,1,McDowell,2022-01-09
173,55,118,1,McDowell,2022-01-11
132,50,82,1,McDowell,2022-01-13
57,25,32,1,McDowell,2022-01-15
12,7,5,1,McDowell,2022-01-16
95,19,76,1,McDowell,2022-01-18
52,12,40,1,McDowell,2022-01-23
126,34,92,1,McDowell,2022-01-25
83,29,54,1,McDowell,2022-02-01
67,19,48,1,McDowell,2022-02-02
74,20,54,1,McDowell,2022-02-03
52,14,38,1,McDowell,2022-02-04
31,10,21,1,McDowell,2022-02-06
60,24,36,1,McDowell,2022-02-10
41,10,31,1,McDowell,2022-02-14
17,7,10,1,McDowell,2022-02-21
8,3,5,1,McDowell,2022-03-03
3,0,3,1,McDowell,2022-03-06
2,0,2,1,McDowell,2022-03-08
219,39,180,1,Mecklenburg,2021-10-13
196,20,176,1,Mecklenburg,2021-10-15
140,24,116,1,Mecklenburg,2021-10-28
153,29,124,1,Mecklenburg,2021-11-01
147,26,121,1,Mecklenburg,2021-11-05
95,15,80,1,Mecklenburg,2021-11-06
178,35,143,1,Mecklenburg,2021-11-09
197,33,164,1,Mecklenburg,2021-11-10
227,33,194,1,Mecklenburg,2021-11-12
230,33,197,1,Mecklenburg,2021-11-15
224,33,191,1,Mecklenburg,2021-11-16
209,32,177,1,Mecklenburg,2021-11-18
189,28,161,1,Mecklenburg,2021-11-24
41,6,35,1,Mecklenburg,2021-11-25
209,22,187,1,Mecklenburg,2021-11-26
303,57,246,1,Mecklenburg,2021-11-29
316,40,276,1,Mecklenburg,2021-11-30
323,48,275,1,Mecklenburg,2021-12-01
184,34,150,1,Mecklenburg,2021-12-04
181,26,155,1,Mecklenburg,2021-12-05
332,59,273,1,Mecklenburg,2021-12-06
238,30,208,1,Mecklenburg,2021-12-11
1267,235,1032,1,Mecklenburg,2022-01-01
1688,311,1377,1,Mecklenburg,2022-01-09
360,61,299,1,Mecklenburg,2022-02-14
122,28,94,1,Mecklenburg,2022-02-20
227,41,186,1,Mecklenburg,2022-02-21
183,32,151,1,Mecklenburg,2022-02-22
128,23,105,1,Mecklenburg,2022-02-28
93,18,75,1,Mecklenburg,2022-03-01
81,13,68,1,Mecklenburg,2022-03-07
22,4,18,1,Mecklenburg,2022-03-20
66,13,53,1,Mecklenburg,2022-03-21
49,12,37,1,Mecklenburg,2022-04-03
4,0,4,1,Mitchell,2021-11-19
6,1,5,1,Mitchell,2021-11-26
18,11,7,1,Mitchell,2021-12-01
4,3,1,1,Mitchell,2021-12-26
26,15,11,1,Mitchell,2021-12-30
21,12,9,1,Mitchell,2022-01-03
45,3,42,1,Mitchell,2022-01-11
24,4,20,1,Mitchell,2022-01-13
22,3,19,1,Mitchell,2022-01-19
8,1,7,1,Mitchell,2022-01-22
15,5,10,1,Mitchell,2022-01-28
6,3,3,1,Mitchell,2022-02-18
13,1,12,1,Montgomery,2021-10-18
7,2,5,1,Montgomery,2021-11-02
29,8,21,1,Montgomery,2021-12-30
55,3,52,1,Montgomery,2022-01-07
35,6,29,1,Montgomery,2022-01-09
129,21,108,1,Montgomery,2022-01-13
12,2,10,1,Montgomery,2022-01-29
2,0,2,1,Montgomery,2022-01-30
24,6,18,1,Montgomery,2022-02-02
31,9,22,1,Montgomery,2022-02-03
3,1,2,1,Montgomery,2022-02-06
13,0,13,1,Montgomery,2022-02-07
3,1,2,1,Montgomery,2022-02-12
13,0,13,1,Montgomery,2022-02-14
3,1,2,1,Montgomery,2022-02-19
4,0,4,1,Moore,2021-10-23
11,3,8,1,Moore,2021-10-27
12,1,11,1,Moore,2021-11-04
11,2,9,1,Moore,2021-11-09
11,0,11,1,Moore,2021-11-10
8,1,7,1,Moore,2021-11-27
17,1,16,1,Moore,2021-12-08
37,0,37,1,Moore,2021-12-09
40,2,38,1,Moore,2021-12-13
31,3,28,1,Moore,2021-12-14
27,2,25,1,Moore,2021-12-18
60,4,56,1,Moore,2021-12-22
78,1,77,1,Moore,2021-12-26
125,6,119,1,Moore,2022-01-02
295,36,259,1,Moore,2022-01-04
316,38,278,1,Moore,2022-01-05
416,30,386,1,Moore,2022-01-10
426,69,357,1,Moore,2022-01-18
92,10,82,1,Moore,2022-01-23
194,36,158,1,Moore,2022-01-25
133,31,102,1,Moore,2022-01-27
26,5,21,1,Moore,2022-01-30
129,25,104,1,Moore,2022-02-01
84,13,71,1,Moore,2022-02-03
73,15,58,1,Moore,2022-02-04
23,3,20,1,Moore,2022-02-12
55,7,48,1,Moore,2022-02-14
39,10,29,1,Moore,2022-02-15
23,2,21,1,Moore,2022-02-18
15,5,10,1,Moore,2022-02-19
20,2,18,1,Moore,2022-02-23
23,6,17,1,Moore,2022-02-24
14,2,12,1,Moore,2022-03-01
10,1,9,1,Moore,2022-03-03
5,0,5,1,Moore,2022-03-05
4,2,2,1,Moore,2022-03-06
6,2,4,1,Moore,2022-03-11
18,2,16,1,Nash,2021-10-12
32,2,30,1,Nash,2021-10-18
11,2,9,1,Nash,2021-10-30
14,1,13,1,Nash,2021-11-04
13,1,12,1,Nash,2021-11-12
11,2,9,1,Nash,2021-11-16
6,0,6,1,Nash,2021-11-24
15,2,13,1,Nash,2021-11-26
11,1,10,1,Nash,2021-11-27
21,0,21,1,Nash,2021-12-06
24,2,22,1,Nash,2021-12-10
42,8,34,1,Nash,2021-12-17
53,15,38,1,Nash,2021-12-23
193,27,166,1,Nash,2021-12-27
171,10,161,1,Nash,2021-12-31
608,19,589,1,Nash,2022-01-04
435,28,407,1,Nash,2022-01-06
328,23,305,1,Nash,2022-01-07
109,5,104,1,Nash,2022-01-09
510,35,475,1,Nash,2022-01-18
62,1,61,1,Nash,2022-01-21
50,8,42,1,Nash,2022-01-23
258,27,231,1,Nash,2022-01-25
136,15,121,1,Nash,2022-01-26
110,19,91,1,Nash,2022-01-28
37,8,29,1,Nash,2022-01-29
37,4,33,1,Nash,2022-01-30
30,2,28,1,Nash,2022-02-05
40,8,32,1,Nash,2022-02-08
36,3,33,1,Nash,2022-02-10
50,13,37,1,Nash,2022-02-11
15,1,14,1,Nash,2022-02-12
28,2,26,1,Nash,2022-02-15
25,3,22,1,Nash,2022-02-16
21,5,16,1,Nash,2022-02-17
11,3,8,1,Nash,2022-02-19
7,1,6,1,Nash,2022-02-20
20,4,16,1,Nash,2022-02-23
1,0,1,1,Nash,2022-02-26
5,0,5,1,Nash,2022-03-14
2,0,2,1,Nash,2022-03-22
2,1,1,1,Nash,2022-03-24
29,13,16,1,New Hanover,2021-10-18
22,6,16,1,New Hanover,2021-10-19
25,4,21,1,New Hanover,2021-10-20
16,4,12,1,New Hanover,2021-10-21
19,7,12,1,New Hanover,2021-10-22
19,5,14,1,New Hanover,2021-10-27
29,10,19,1,New Hanover,2021-11-03
10,2,8,1,New Hanover,2021-11-04
10,3,7,1,New Hanover,2021-11-06
27,7,20,1,New Hanover,2021-11-17
59,23,36,1,New Hanover,2021-11-29
74,24,50,1,New Hanover,2021-12-16
26,4,22,1,New Hanover,2021-12-25
464,110,354,1,New Hanover,2021-12-28
553,147,406,1,New Hanover,2022-01-05
289,55,234,1,New Hanover,2022-01-09
672,124,548,1,New Hanover,2022-01-13
229,50,179,1,New Hanover,2022-01-21
121,21,100,1,New Hanover,2022-01-22
191,48,143,1,New Hanover,2022-01-23
399,66,333,1,New Hanover,2022-01-26
102,31,71,1,New Hanover,2022-01-30
324,66,258,1,New Hanover,2022-01-31
209,35,174,1,New Hanover,2022-02-04
79,19,60,1,New Hanover,2022-02-05
74,12,62,1,New Hanover,2022-02-06
172,42,130,1,New Hanover,2022-02-07
90,24,66,1,New Hanover,2022-02-09
119,30,89,1,New Hanover,2022-02-10
35,10,25,1,New Hanover,2022-02-13
55,20,35,1,New Hanover,2022-02-17
21,9,12,1,New Hanover,2022-02-20
13,4,9,1,New Hanover,2022-02-26
18,2,16,1,New Hanover,2022-02-28
13,3,10,1,New Hanover,2022-03-03
3,0,3,1,New Hanover,2022-03-05
7,1,6,1,New Hanover,2022-03-08
10,0,10,1,New Hanover,2022-03-10
11,5,6,1,New Hanover,2022-03-11
5,0,5,1,New Hanover,2022-03-12
10,4,6,1,New Hanover,2022-03-17
4,1,3,1,New Hanover,2022-03-18
5,0,5,1,New Hanover,2022-03-21
14,3,11,1,New Hanover,2022-04-06
15,4,11,1,New Hanover,2022-04-07
6,0,6,1,Northampton,2021-10-20
1,0,1,1,Northampton,2021-11-03
68,19,49,1,Northampton,2022-01-11
18,7,11,1,Northampton,2022-01-27
27,8,19,1,Northampton,2022-01-28
4,0,4,1,Northampton,2022-01-30
21,3,18,1,Northampton,2022-01-31
15,5,10,1,Northampton,2022-02-02
10,4,6,1,Northampton,2022-02-04
3,0,3,1,Northampton,2022-02-12
6,0,6,1,Northampton,2022-02-22
0,0,0,1,Northampton,2022-02-27
48,8,40,1,Onslow,2021-10-13
29,3,26,1,Onslow,2021-10-26
19,1,18,1,Onslow,2021-10-27
32,4,28,1,Onslow,2021-11-01
11,2,9,1,Onslow,2021-11-05
7,1,6,1,Onslow,2021-11-06
15,1,14,1,Onslow,2021-11-13
0,0,0,1,Onslow,2021-11-25
53,10,43,1,Onslow,2021-12-16
72,4,68,1,Onslow,2021-12-21
53,8,45,1,Onslow,2021-12-26
107,33,74,1,Onslow,2022-01-01
809,157,652,1,Onslow,2022-01-05
993,113,880,1,Onslow,2022-01-11
179,27,152,1,Onslow,2022-01-21
428,59,369,1,Onslow,2022-01-26
271,31,240,1,Onslow,2022-02-01
262,39,223,1,Onslow,2022-02-07
118,15,103,1,Onslow,2022-02-14
62,5,57,1,Onslow,2022-02-17
25,4,21,1,Onslow,2022-02-24
6,1,5,1,Onslow,2022-02-27
15,1,14,1,Onslow,2022-03-05
9,1,8,1,Onslow,2022-03-11
3,1,2,1,Onslow,2022-03-14
3,0,3,1,Onslow,2022-03-16
5,1,4,1,Onslow,2022-04-07
13,2,11,1,Orange,2021-12-04
53,2,51,1,Orange,2021-12-17
510,24,486,1,Orange,2022-01-04
423,30,393,1,Orange,2022-01-14
32,7,25,1,Orange,2022-01-16
548,19,529,1,Orange,2022-01-19
120,4,116,1,Orange,2022-01-23
286,13,273,1,Orange,2022-01-25
182,7,175,1,Orange,2022-01-27
55,5,50,1,Orange,2022-01-30
105,3,102,1,Orange,2022-02-04
51,2,49,1,Orange,2022-02-06
36,3,33,1,Orange,2022-02-18
40,3,37,1,Orange,2022-02-21
19,1,18,1,Orange,2022-03-07
1,0,1,1,Pamlico,2021-10-17
2,0,2,1,Pamlico,2021-10-25
24,2,22,1,Pamlico,2022-01-03
28,6,22,1,Pasquotank,2021-10-12
15,3,12,1,Pasquotank,2021-10-19
13,4,9,1,Pasquotank,2021-11-02
16,7,9,1,Pasquotank,2021-11-12
5,2,3,1,Pasquotank,2021-11-16
11,5,6,1,Pasquotank,2021-11-17
12,4,8,1,Pasquotank,2021-11-26
3,0,3,1,Pasquotank,2021-11-27
14,1,13,1,Pender,2021-10-14
10,6,4,1,Pender,2021-10-15
4,0,4,1,Pender,2021-10-31
2,0,2,1,Pender,2021-11-20
32,8,24,1,Pender,2021-11-29
15,4,11,1,Pender,2021-12-16
8,2,6,1,Pender,2021-12-18
89,15,74,1,Pender,2021-12-27
91,16,75,1,Pender,2022-01-09
229,42,187,1,Pender,2022-01-17
52,7,45,1,Pender,2022-01-21
121,13,108,1,Pender,2022-01-26
34,0,34,1,Pender,2022-01-29
115,10,105,1,Pender,2022-01-31
55,5,50,1,Pender,2022-02-04
35,6,29,1,Pender,2022-02-09
29,7,22,1,Pender,2022-02-14
9,5,4,1,Pender,2022-02-19
0,0,0,1,Perquimans,2021-11-25
6,0,6,1,Perquimans,2021-12-09
14,0,14,1,Person,2021-11-08
11,6,5,1,Person,2021-11-17
16,6,10,1,Person,2021-11-23
10,6,4,1,Person,2021-12-11
5,3,2,1,Person,2021-12-12
18,7,11,1,Person,2021-12-17
5,1,4,1,Person,2021-12-19
76,21,55,1,Person,2021-12-30
180,31,149,1,Person,2022-01-18
186,14,172,1,Person,2022-01-19
106,23,83,1,Person,2022-01-20
20,5,15,1,Person,2022-01-29
39,11,28,1,Person,2022-02-03
56,4,52,1,Pitt,2021-10-13
31,1,30,1,Pitt,2021-10-15
30,1,29,1,Pitt,2021-10-17
22,2,20,1,Pitt,2021-10-31
39,3,36,1,Pitt,2021-11-01
10,0,10,1,Pitt,2021-11-27
85,10,75,1,Pitt,2021-12-06
484,39,445,1,Pitt,2022-01-25
296,33,263,1,Pitt,2022-01-27
49,8,41,1,Pitt,2022-02-05
69,6,63,1,Pitt,2022-02-14
44,3,41,1,Pitt,2022-02-18
21,3,18,1,Pitt,2022-02-23
23,6,17,1,Pitt,2022-02-24
20,1,19,1,Pitt,2022-02-25
7,1,6,1,Pitt,2022-02-26
15,2,13,1,Pitt,2022-03-04
3,1,2,1,Pitt,2022-03-06
5,4,1,1,Polk,2021-10-17
4,3,1,1,Polk,2021-10-22
5,1,4,1,Polk,2021-11-13
18,17,1,1,Polk,2022-01-17
12,5,7,1,Polk,2022-01-30
17,12,5,1,Polk,2022-02-03
2,1,1,1,Polk,2022-02-20
0,0,0,1,Polk,2022-03-03
1,0,1,1,Polk,2022-03-14
63,22,41,1,Randolph,2021-10-13
46,20,26,1,Randolph,2021-10-20
40,14,26,1,Randolph,2021-10-21
36,14,22,1,Randolph,2021-10-29
41,9,32,1,Randolph,2021-11-01
35,12,23,1,Randolph,2021-11-02
25,6,19,1,Randolph,2021-11-04
46,13,33,1,Randolph,2021-11-08
35,14,21,1,Randolph,2021-11-12
33,8,25,1,Randolph,2021-11-15
25,7,18,1,Randolph,2021-11-17
19,4,15,1,Randolph,2021-11-19
21,8,13,1,Randolph,2021-11-20
15,6,9,1,Randolph,2021-11-21
48,18,30,1,Randolph,2021-11-22
44,22,22,1,Randolph,2021-11-23
8,1,7,1,Randolph,2021-11-25
23,11,12,1,Randolph,2021-11-27
53,12,41,1,Randolph,2021-12-03
29,16,13,1,Randolph,2021-12-05
28,13,15,1,Randolph,2021-12-11
62,29,33,1,Randolph,2021-12-16
59,22,37,1,Randolph,2021-12-17
98,45,53,1,Randolph,2021-12-20
66,24,42,1,Randolph,2021-12-22
47,23,24,1,Randolph,2021-12-24
230,96,134,1,Randolph,2021-12-29
81,31,50,1,Randolph,2022-01-01
320,114,206,1,Randolph,2022-01-03
159,19,140,1,Randolph,2022-01-08
181,33,148,1,Randolph,2022-01-09
465,94,371,1,Randolph,2022-01-13
402,77,325,1,Randolph,2022-01-14
613,147,466,1,Randolph,2022-01-18
323,108,215,1,Randolph,2022-01-21
70,24,46,1,Randolph,2022-01-22
249,83,166,1,Randolph,2022-01-27
127,43,84,1,Randolph,2022-02-02
133,29,104,1,Randolph,2022-02-03
115,40,75,1,Randolph,2022-02-07
61,15,46,1,Randolph,2022-02-10
56,15,41,1,Randolph,2022-02-11
26,4,22,1,Randolph,2022-02-12
20,7,13,1,Randolph,2022-02-13
42,12,30,1,Randolph,2022-02-16
32,9,23,1,Randolph,2022-02-17
36,12,24,1,Randolph,2022-02-21
10,2,8,1,Randolph,2022-03-07
5,1,4,1,Randolph,2022-03-08
5,1,4,1,Randolph,2022-03-16
3,0,3,1,Randolph,2022-03-17
11,3,8,1,Richmond,2021-10-21
2,1,1,1,Richmond,2021-10-23
10,3,7,1,Richmond,2021-11-15
6,1,5,1,Richmond,2021-11-17
2,0,2,1,Richmond,2021-11-20
6,2,4,1,Richmond,2021-11-23
4,2,2,1,Richmond,2021-11-28
9,0,9,1,Richmond,2021-12-04
36,12,24,1,Richmond,2021-12-06
14,2,12,1,Richmond,2021-12-16
9,3,6,1,Richmond,2021-12-19
20,3,17,1,Richmond,2021-12-23
23,5,18,1,Richmond,2021-12-24
6,1,5,1,Richmond,2021-12-25
51,4,47,1,Richmond,2021-12-27
44,3,41,1,Richmond,2022-01-02
184,31,153,1,Richmond,2022-01-05
261,57,204,1,Richmond,2022-01-13
181,29,152,1,Richmond,2022-01-19
34,4,30,1,Richmond,2022-01-21
118,31,87,1,Richmond,2022-01-25
144,80,64,1,Richmond,2022-01-26
80,29,51,1,Richmond,2022-01-27
44,20,24,1,Richmond,2022-02-02
24,6,18,1,Richmond,2022-02-03
32,4,28,1,Richmond,2022-02-04
15,3,12,1,Richmond,2022-02-08
12,1,11,1,Richmond,2022-02-11
5,0,5,1,Richmond,2022-02-13
10,1,9,1,Richmond,2022-02-15
4,1,3,1,Richmond,2022-03-05
24,10,14,1,Robeson,2021-10-12
19,8,11,1,Robeson,2021-10-14
6,4,2,1,Robeson,2021-10-16
16,7,9,1,Robeson,2021-10-22
22,8,14,1,Robeson,2021-11-05
3,2,1,1,Robeson,2021-11-06
17,4,13,1,Robeson,2021-11-12
4,1,3,1,Robeson,2021-11-13
25,6,19,1,Robeson,2021-11-16
26,6,20,1,Robeson,2021-11-18
10,1,9,1,Robeson,2021-11-28
35,13,22,1,Robeson,2021-12-05
62,17,45,1,Robeson,2021-12-09
19,6,13,1,Robeson,2021-12-11
17,10,7,1,Robeson,2021-12-12
19,6,13,1,Robeson,2021-12-19
64,23,41,1,Robeson,2021-12-21
67,21,46,1,Robeson,2021-12-23
33,21,12,1,Robeson,2021-12-24
25,10,15,1,Robeson,2021-12-25
177,50,127,1,Robeson,2021-12-27
334,97,237,1,Robeson,2021-12-29
301,91,210,1,Robeson,2021-12-30
122,49,73,1,Robeson,2021-12-31
450,155,295,1,Robeson,2022-01-05
530,194,336,1,Robeson,2022-01-14
553,230,323,1,Robeson,2022-01-17
858,304,554,1,Robeson,2022-01-18
630,209,421,1,Robeson,2022-01-19
358,113,245,1,Robeson,2022-01-25
244,101,143,1,Robeson,2022-01-26
167,57,110,1,Robeson,2022-01-28
109,37,72,1,Robeson,2022-02-02
128,55,73,1,Robeson,2022-02-03
91,34,57,1,Robeson,2022-02-04
35,19,16,1,Robeson,2022-02-06
73,18,55,1,Robeson,2022-02-08
60,24,36,1,Robeson,2022-02-09
57,18,39,1,Robeson,2022-02-10
44,15,29,1,Robeson,2022-02-11
21,6,15,1,Robeson,2022-02-13
28,10,18,1,Robeson,2022-02-16
33,10,23,1,Robeson,2022-02-17
23,9,14,1,Robeson,2022-02-18
14,5,9,1,Robeson,2022-02-20
28,16,12,1,Robeson,2022-02-21
19,3,16,1,Robeson,2022-02-24
12,6,6,1,Robeson,2022-02-25
8,4,4,1,Robeson,2022-02-27
37,4,33,1,Rockingham,2021-10-12
42,11,31,1,Rockingham,2021-10-13
41,9,32,1,Rockingham,2021-10-15
38,7,31,1,Rockingham,2021-10-19
10,2,8,1,Rockingham,2021-10-23
31,4,27,1,Rockingham,2021-10-25
22,2,20,1,Rockingham,2021-10-28
24,6,18,1,Rockingham,2021-10-29
18,3,15,1,Rockingham,2021-11-06
17,1,16,1,Rockingham,2021-11-23
15,5,10,1,Rockingham,2021-11-24
15,4,11,1,Rockingham,2021-11-26
48,11,37,1,Rockingham,2021-12-09
27,1,26,1,Rockingham,2021-12-19
27,3,24,1,Rockingham,2021-12-24
38,4,34,1,Rockingham,2021-12-26
214,50,164,1,Rockingham,2021-12-30
133,42,91,1,Rockingham,2021-12-31
54,6,48,1,Rockingham,2022-01-01
272,50,222,1,Rockingham,2022-01-06
106,13,93,1,Rockingham,2022-01-09
331,27,304,1,Rockingham,2022-01-11
321,47,274,1,Rockingham,2022-01-14
17,6,11,1,Rockingham,2022-01-16
269,63,206,1,Rockingham,2022-01-18
337,58,279,1,Rockingham,2022-01-19
94,9,85,1,Rockingham,2022-01-23
72,8,64,1,Rockingham,2022-02-02
23,1,22,1,Rockingham,2022-02-05
79,6,73,1,Rockingham,2022-02-07
49,5,44,1,Rockingham,2022-02-08
62,9,53,1,Rockingham,2022-02-09
44,7,37,1,Rockingham,2022-02-11
15,2,13,1,Rockingham,2022-02-18
12,0,12,1,Rockingham,2022-03-02
2,0,2,1,Rockingham,2022-03-09
2,0,2,1,Rockingham,2022-03-26
30,6,24,1,Rowan,2021-10-13
28,2,26,1,Rowan,2021-10-14
46,13,33,1,Rowan,2021-10-15
10,2,8,1,Rowan,2021-10-17
31,4,27,1,Rowan,2021-10-21
12,5,7,1,Rowan,2021-10-23
21,2,19,1,Rowan,2021-10-28
23,2,21,1,Rowan,2021-10-29
14,0,14,1,Rowan,2021-10-30
26,3,23,1,Rowan,2021-11-03
9,0,9,1,Rowan,2021-11-06
30,7,23,1,Rowan,2021-11-16
27,4,23,1,Rowan,2021-11-24
12,6,6,1,Rowan,2021-11-25
47,10,37,1,Rowan,2021-12-01
48,7,41,1,Rowan,2021-12-07
119,11,108,1,Rowan,2021-12-20
88,10,78,1,Rowan,2021-12-21
79,19,60,1,Rowan,2021-12-22
48,9,39,1,Rowan,2021-12-24
29,8,21,1,Rowan,2021-12-25
63,3,60,1,Rowan,2021-12-26
144,19,125,1,Rowan,2021-12-31
356,86,270,1,Rowan,2022-01-03
408,64,344,1,Rowan,2022-01-05
347,55,292,1,Rowan,2022-01-07
124,31,93,1,Rowan,2022-01-09
653,115,538,1,Rowan,2022-01-10
579,84,495,1,Rowan,2022-01-13
34,6,28,1,Rowan,2022-01-16
481,98,383,1,Rowan,2022-01-18
445,72,373,1,Rowan,2022-01-20
108,35,73,1,Rowan,2022-01-23
226,43,183,1,Rowan,2022-01-27
228,24,204,1,Rowan,2022-01-28
44,4,40,1,Rowan,2022-02-05
47,11,36,1,Rowan,2022-02-06
120,24,96,1,Rowan,2022-02-07
83,7,76,1,Rowan,2022-02-09
26,3,23,1,Rowan,2022-02-12
32,6,26,1,Rowan,2022-02-13
31,3,28,1,Rowan,2022-02-18
18,5,13,1,Rowan,2022-02-23
12,1,11,1,Rowan,2022-02-24
0,0,0,1,Rowan,2022-03-05
11,4,7,1,Rowan,2022-03-07
9,1,8,1,Rowan,2022-03-09
6,2,4,1,Rowan,2022-03-10
10,3,7,1,Rowan,2022-03-15
5,1,4,1,Rowan,2022-03-29
33,14,19,1,Rutherford,2021-10-13
10,4,6,1,Rutherford,2021-10-21
15,2,13,1,Rutherford,2021-10-25
13,6,7,1,Rutherford,2021-10-28
6,1,5,1,Rutherford,2021-10-30
9,3,6,1,Rutherford,2021-11-02
5,1,4,1,Rutherford,2021-11-03
12,1,11,1,Rutherford,2021-11-09
10,3,7,1,Rutherford,2021-11-11
17,7,10,1,Rutherford,2021-11-17
10,0,10,1,Rutherford,2021-11-19
6,1,5,1,Rutherford,2021-11-20
7,1,6,1,Rutherford,2021-11-28
19,3,16,1,Rutherford,2021-11-30
12,5,7,1,Rutherford,2021-12-02
6,0,6,1,Rutherford,2021-12-05
10,0,10,1,Rutherford,2021-12-19
143,35,108,1,Rutherford,2022-01-05
203,112,91,1,Rutherford,2022-01-13
169,76,93,1,Rutherford,2022-01-14
84,41,43,1,Rutherford,2022-01-15
185,59,126,1,Rutherford,2022-01-18
68,33,35,1,Rutherford,2022-01-22
58,19,39,1,Rutherford,2022-01-23
93,32,61,1,Rutherford,2022-01-28
44,18,26,1,Rutherford,2022-01-29
21,9,12,1,Rutherford,2022-02-05
60,29,31,1,Rutherford,2022-02-08
26,5,21,1,Rutherford,2022-02-11
6,1,5,1,Rutherford,2022-02-12
26,12,14,1,Rutherford,2022-02-14
26,15,11,1,Rutherford,2022-02-15
16,5,11,1,Rutherford,2022-02-17
12,3,9,1,Rutherford,2022-02-18
10,2,8,1,Rutherford,2022-02-19
7,3,4,1,Rutherford,2022-02-23
14,4,10,1,Rutherford,2022-02-24
9,3,6,1,Rutherford,2022-03-01
23,11,12,1,Sampson,2021-10-15
11,6,5,1,Sampson,2021-11-09
4,1,3,1,Sampson,2021-11-12
17,10,7,1,Sampson,2021-11-15
5,1,4,1,Sampson,2021-12-04
11,6,5,1,Sampson,2021-12-10
31,17,14,1,Sampson,2021-12-13
20,15,5,1,Sampson,2021-12-21
58,29,29,1,Sampson,2021-12-27
264,94,170,1,Sampson,2022-01-05
266,95,171,1,Sampson,2022-01-20
190,71,119,1,Sampson,2022-01-25
15,6,9,1,Sampson,2022-01-29
24,10,14,1,Sampson,2022-01-30
103,36,67,1,Sampson,2022-01-31
59,18,41,1,Sampson,2022-02-02
51,19,32,1,Sampson,2022-02-03
14,6,8,1,Sampson,2022-02-05
55,23,32,1,Sampson,2022-02-07
7,4,3,1,Sampson,2022-02-13
35,14,21,1,Sampson,2022-02-14
2,0,2,1,Sampson,2022-02-20
13,8,5,1,Sampson,2022-02-24
2,2,0,1,Sampson,2022-03-06
4,1,3,1,Sampson,2022-03-07
3,1,2,1,Sampson,2022-03-21
4,0,4,1,Scotland,2021-10-21
6,3,3,1,Scotland,2021-11-03
2,0,2,1,Scotland,2021-11-12
17,7,10,1,Scotland,2021-12-13
86,21,65,1,Scotland,2021-12-29
148,41,107,1,Scotland,2022-01-07
78,13,65,1,Scotland,2022-01-09
16,5,11,1,Scotland,2022-01-16
24,6,18,1,Scotland,2022-01-21
8,2,6,1,Scotland,2022-01-22
38,11,27,1,Scotland,2022-01-28
5,3,2,1,Scotland,2022-01-29
25,15,10,1,Scotland,2022-02-02
19,6,13,1,Scotland,2022-02-04
8,3,5,1,Scotland,2022-02-06
11,5,6,1,Scotland,2022-02-10
19,5,14,1,Scotland,2022-02-14
20,5,15,1,Stanly,2021-10-12
16,3,13,1,Stanly,2021-10-13
3,1,2,1,Stanly,2021-10-17
32,7,25,1,Stanly,2021-10-18
22,2,20,1,Stanly,2021-10-20
4,0,4,1,Stanly,2021-10-24
19,0,19,1,Stanly,2021-10-26
13,4,9,1,Stanly,2021-11-05
21,4,17,1,Stanly,2021-11-08
18,4,14,1,Stanly,2021-11-12
34,8,26,1,Stanly,2021-11-15
19,2,17,1,Stanly,2021-11-17
18,4,14,1,Stanly,2021-11-18
19,1,18,1,Stanly,2021-11-23
20,2,18,1,Stanly,2021-11-24
10,0,10,1,Stanly,2021-11-27
23,8,15,1,Stanly,2021-12-10
37,5,32,1,Stanly,2021-12-14
28,3,25,1,Stanly,2021-12-15
37,3,34,1,Stanly,2021-12-17
60,22,38,1,Stanly,2021-12-31
59,21,38,1,Stanly,2022-01-02
172,52,120,1,Stanly,2022-01-04
187,63,124,1,Stanly,2022-01-07
387,108,279,1,Stanly,2022-01-10
323,51,272,1,Stanly,2022-01-18
134,21,113,1,Stanly,2022-01-21
32,5,27,1,Stanly,2022-01-22
251,47,204,1,Stanly,2022-01-24
156,30,126,1,Stanly,2022-01-25
181,31,150,1,Stanly,2022-01-26
114,9,105,1,Stanly,2022-01-27
41,22,19,1,Stanly,2022-01-30
45,3,42,1,Stanly,2022-02-02
17,2,15,1,Stanly,2022-02-05
43,1,42,1,Stanly,2022-02-08
45,3,42,1,Stanly,2022-02-09
37,2,35,1,Stanly,2022-02-10
35,2,33,1,Stanly,2022-02-11
22,1,21,1,Stanly,2022-02-15
12,4,8,1,Stanly,2022-02-17
2,0,2,1,Stanly,2022-03-05
2,0,2,1,Stokes,2021-10-17
3,0,3,1,Stokes,2021-10-24
16,2,14,1,Stokes,2021-10-29
6,0,6,1,Stokes,2021-10-30
19,4,15,1,Stokes,2021-11-01
16,4,12,1,Stokes,2021-11-03
15,2,13,1,Stokes,2021-11-09
15,4,11,1,Stokes,2021-11-11
17,3,14,1,Stokes,2021-11-26
32,2,30,1,Stokes,2021-12-13
36,5,31,1,Stokes,2021-12-22
112,33,79,1,Stokes,2022-01-05
186,50,136,1,Stokes,2022-01-10
107,28,79,1,Stokes,2022-01-14
71,10,61,1,Stokes,2022-01-15
30,13,17,1,Stokes,2022-01-17
90,19,71,1,Stokes,2022-01-21
56,9,47,1,Stokes,2022-01-22
83,16,67,1,Stokes,2022-01-26
63,4,59,1,Stokes,2022-01-28
12,3,9,1,Stokes,2022-01-30
39,5,34,1,Stokes,2022-02-03
36,6,30,1,Stokes,2022-02-04
38,6,32,1,Stokes,2022-02-07
22,3,19,1,Stokes,2022-02-11
12,0,12,1,Stokes,2022-02-12
26,2,24,1,Stokes,2022-02-15
13,2,11,1,Stokes,2022-02-16
20,3,17,1,Stokes,2022-02-21
20,4,16,1,Stokes,2022-02-22
13,2,11,1,Stokes,2022-02-24
6,1,5,1,Stokes,2022-03-01
5,4,1,1,Stokes,2022-03-03
3,0,3,1,Stokes,2022-03-11
33,9,24,1,Surry,2021-10-12
27,5,22,1,Surry,2021-10-15
28,9,19,1,Surry,2021-10-19
23,6,17,1,Surry,2021-10-21
4,3,1,1,Surry,2021-10-24
12,5,7,1,Surry,2021-10-30
13,5,8,1,Surry,2021-11-20
6,2,4,1,Surry,2021-11-25
29,5,24,1,Surry,2021-11-26
14,4,10,1,Surry,2021-11-27
53,19,34,1,Surry,2021-11-29
32,16,16,1,Surry,2021-12-01
47,21,26,1,Surry,2021-12-10
61,25,36,1,Surry,2021-12-13
42,20,22,1,Surry,2021-12-15
46,14,32,1,Surry,2021-12-17
27,8,19,1,Surry,2021-12-19
72,26,46,1,Surry,2021-12-20
57,22,35,1,Surry,2021-12-21
62,23,39,1,Surry,2021-12-22
149,55,94,1,Surry,2021-12-30
53,27,26,1,Surry,2022-01-01
160,60,100,1,Surry,2022-01-06
108,21,87,1,Surry,2022-01-09
224,71,153,1,Surry,2022-01-14
101,50,51,1,Surry,2022-01-17
206,65,141,1,Surry,2022-01-18
238,63,175,1,Surry,2022-01-19
155,52,103,1,Surry,2022-01-25
132,39,93,1,Surry,2022-01-26
120,45,75,1,Surry,2022-01-27
116,44,72,1,Surry,2022-01-28
58,29,29,1,Surry,2022-01-30
38,9,29,1,Surry,2022-02-05
46,12,34,1,Surry,2022-02-11
27,9,18,1,Surry,2022-02-18
16,5,11,1,Surry,2022-02-20
15,7,8,1,Surry,2022-03-02
7,0,7,1,Surry,2022-03-14
0,0,0,1,Surry,2022-03-19
2,0,2,1,Surry,2022-03-20
3,3,0,1,Swain,2021-10-18
3,3,0,1,Swain,2021-10-20
0,0,0,1,Swain,2021-11-11
1,0,1,1,Swain,2021-12-11
12,10,2,1,Swain,2021-12-27
14,9,5,1,Swain,2022-01-01
17,10,7,1,Swain,2022-01-08
14,7,7,1,Swain,2022-01-28
6,2,4,1,Swain,2022-02-06
1,0,1,1,Swain,2022-03-07
9,4,5,1,Transylvania,2021-10-25
3,2,1,1,Transylvania,2021-11-16
19,11,8,1,Transylvania,2021-12-17
30,6,24,1,Transylvania,2021-12-27
36,15,21,1,Transylvania,2021-12-30
23,17,6,1,Transylvania,2022-01-02
42,15,27,1,Transylvania,2022-01-07
64,28,36,1,Transylvania,2022-01-12
53,15,38,1,Transylvania,2022-01-13
15,7,8,1,Transylvania,2022-01-17
36,22,14,1,Transylvania,2022-01-18
40,13,27,1,Transylvania,2022-01-19
23,14,9,1,Transylvania,2022-01-22
17,6,11,1,Transylvania,2022-02-07
13,6,7,1,Transylvania,2022-02-08
20,3,17,1,Transylvania,2022-02-09
8,5,3,1,Transylvania,2022-02-17
2,0,2,1,Transylvania,2022-03-02
3,2,1,1,Transylvania,2022-03-03
0,0,0,1,Transylvania,2022-03-21
1,0,1,1,Tyrrell,2022-02-09
61,16,45,1,Union,2021-10-14
71,23,48,1,Union,2021-10-19
62,15,47,1,Union,2021-10-21
50,18,32,1,Union,2021-11-01
56,17,39,1,Union,2021-11-02
76,21,55,1,Union,2021-11-08
70,18,52,1,Union,2021-11-17
8,2,6,1,Union,2021-11-25
46,9,37,1,Union,2021-11-27
118,30,88,1,Union,2021-12-01
97,19,78,1,Union,2021-12-02
57,11,46,1,Union,2021-12-04
45,15,30,1,Union,2021-12-05
106,14,92,1,Union,2021-12-06
51,6,45,1,Union,2021-12-12
118,29,89,1,Union,2021-12-13
105,30,75,1,Union,2021-12-15
90,18,72,1,Union,2021-12-16
68,10,58,1,Union,2021-12-19
172,25,147,1,Union,2021-12-21
108,11,97,1,Union,2021-12-24
126,18,108,1,Union,2021-12-26
375,71,304,1,Union,2021-12-27
536,112,424,1,Union,2021-12-30
671,123,548,1,Union,2022-01-05
670,145,525,1,Union,2022-01-07
981,213,768,1,Union,2022-01-10
895,193,702,1,Union,2022-01-18
226,64,162,1,Union,2022-01-23
483,96,387,1,Union,2022-01-25
412,98,314,1,Union,2022-01-26
337,58,279,1,Union,2022-01-27
295,59,236,1,Union,2022-01-28
255,52,203,1,Union,2022-02-01
92,17,75,1,Union,2022-02-05
143,35,108,1,Union,2022-02-08
73,26,47,1,Union,2022-02-15
61,12,49,1,Union,2022-02-17
35,11,24,1,Union,2022-02-19
32,10,22,1,Union,2022-02-22
17,4,13,1,Union,2022-02-24
14,4,10,1,Union,2022-02-26
12,4,8,1,Union,2022-02-27
22,5,17,1,Union,2022-03-02
9,2,7,1,Union,2022-03-05
9,2,7,1,Union,2022-03-07
14,5,9,1,Union,2022-03-08
7,0,7,1,Union,2022-03-09
3,1,2,1,Union,2022-03-13
14,1,13,1,Union,2022-03-28
19,7,12,1,Vance,2021-10-13
14,7,7,1,Vance,2021-10-21
14,4,10,1,Vance,2021-10-28
10,1,9,1,Vance,2021-11-05
156,74,82,1,Vance,2022-01-03
135,25,110,1,Vance,2022-01-04
181,25,156,1,Vance,2022-01-05
158,10,148,1,Vance,2022-01-13
25,3,22,1,Vance,2022-02-04
2,2,0,1,Vance,2022-02-19
155,12,143,1,Wake,2021-10-28
172,8,164,1,Wake,2021-10-29
59,8,51,1,Wake,2021-10-31
217,24,193,1,Wake,2021-11-08
154,11,143,1,Wake,2021-11-09
198,21,177,1,Wake,2021-11-10
227,18,209,1,Wake,2021-11-17
217,18,199,1,Wake,2021-11-18
197,19,178,1,Wake,2021-11-24
37,8,29,1,Wake,2021-11-25
297,25,272,1,Wake,2021-12-09
429,45,384,1,Wake,2021-12-14
510,50,460,1,Wake,2021-12-17
1039,103,936,1,Wake,2021-12-21
1430,122,1308,1,Wake,2021-12-23
648,113,535,1,Wake,2021-12-24
3639,211,3428,1,Wake,2021-12-27
1320,132,1188,1,Wake,2022-01-02
6268,230,6038,1,Wake,2022-01-05
4867,199,4668,1,Wake,2022-01-07
1309,115,1194,1,Wake,2022-01-09
4419,287,4132,1,Wake,2022-01-24
3098,212,2886,1,Wake,2022-01-25
1828,132,1696,1,Wake,2022-01-28
528,65,463,1,Wake,2022-01-30
1063,90,973,1,Wake,2022-02-04
610,51,559,1,Wake,2022-02-14
453,65,388,1,Wake,2022-02-15
394,49,345,1,Wake,2022-02-17
220,32,188,1,Wake,2022-02-24
214,17,197,1,Wake,2022-02-25
99,14,85,1,Wake,2022-03-04
52,8,44,1,Wake,2022-03-05
44,8,36,1,Wake,2022-03-06
83,7,76,1,Wake,2022-03-10
61,8,53,1,Wake,2022-03-12
28,7,21,1,Wake,2022-03-13
68,7,61,1,Wake,2022-03-15
31,3,28,1,Wake,2022-03-19
45,8,37,1,Wake,2022-03-20
91,14,77,1,Wake,2022-03-24
28,5,23,1,Wake,2022-03-27
87,12,75,1,Wake,2022-03-31
4,0,4,1,Warren,2021-10-22
5,2,3,1,Warren,2021-10-30
1,0,1,1,Warren,2021-12-02
6,3,3,1,Warren,2021-12-03
7,1,6,1,Warren,2021-12-16
26,4,22,1,Warren,2022-01-28
0,0,0,1,Washington,2021-12-04
2,0,2,1,Washington,2021-12-26
44,7,37,1,Washington,2022-01-17
18,13,5,1,Washington,2022-01-28
24,11,13,1,Washington,2022-01-31
13,2,11,1,Washington,2022-02-02
4,1,3,1,Washington,2022-02-05
4,0,4,1,Washington,2022-02-06
5,0,5,1,Washington,2022-02-11
0,0,0,1,Washington,2022-02-19
1,0,1,1,Washington,2022-02-21
2,0,2,1,Washington,2022-03-01
15,2,13,1,Watauga,2021-10-26
9,4,5,1,Watauga,2021-10-28
20,9,11,1,Watauga,2021-11-08
3,0,3,1,Watauga,2021-12-04
20,8,12,1,Watauga,2021-12-07
149,54,95,1,Watauga,2022-01-13
160,70,90,1,Watauga,2022-01-21
39,21,18,1,Watauga,2022-01-22
55,26,29,1,Watauga,2022-01-23
89,47,42,1,Watauga,2022-01-28
100,39,61,1,Watauga,2022-02-02
72,34,38,1,Watauga,2022-02-03
90,52,38,1,Watauga,2022-02-07
40,17,23,1,Watauga,2022-02-09
40,20,20,1,Watauga,2022-02-10
14,6,8,1,Watauga,2022-03-01
9,1,8,1,Watauga,2022-03-04
6,4,2,1,Watauga,2022-03-06
3,2,1,1,Watauga,2022-03-13
24,11,13,1,Wayne,2021-10-15
30,20,10,1,Wayne,2021-10-19
20,15,5,1,Wayne,2021-11-03
13,3,10,1,Wayne,2021-11-06
27,15,12,1,Wayne,2021-11-17
14,10,4,1,Wayne,2021-11-20
17,12,5,1,Wayne,2021-11-24
21,6,15,1,Wayne,2021-12-02
39,24,15,1,Wayne,2021-12-03
31,18,13,1,Wayne,2021-12-16
28,18,10,1,Wayne,2021-12-17
33,15,18,1,Wayne,2021-12-24
11,3,8,1,Wayne,2021-12-25
117,58,59,1,Wayne,2021-12-27
113,51,62,1,Wayne,2021-12-31
630,290,340,1,Wayne,2022-01-12
484,214,270,1,Wayne,2022-01-13
558,281,277,1,Wayne,2022-01-14
419,205,214,1,Wayne,2022-01-17
705,291,414,1,Wayne,2022-01-18
102,14,88,1,Wayne,2022-01-23
42,1,41,1,Wayne,2022-01-29
58,4,54,1,Wayne,2022-01-30
192,83,109,1,Wayne,2022-01-31
152,70,82,1,Wayne,2022-02-01
88,44,44,1,Wayne,2022-02-03
50,22,28,1,Wayne,2022-02-09
53,17,36,1,Wayne,2022-02-11
53,30,23,1,Wayne,2022-02-14
42,23,19,1,Wayne,2022-02-15
36,23,13,1,Wayne,2022-02-16
8,4,4,1,Wayne,2022-02-24
3,1,2,1,Wayne,2022-03-06
18,8,10,1,Wayne,2022-03-07
7,4,3,1,Wayne,2022-03-10
8,3,5,1,Wayne,2022-03-15
1,1,0,1,Wayne,2022-03-19
3,2,1,1,Wayne,2022-03-21
1,1,0,1,Wayne,2022-03-27
24,9,15,1,Wilkes,2021-10-13
1,1,0,1,Wilkes,2021-10-17
11,3,8,1,Wilkes,2021-10-22
7,6,1,1,Wilkes,2021-10-29
6,4,2,1,Wilkes,2021-10-31
10,4,6,1,Wilkes,2021-11-06
6,1,5,1,Wilkes,2021-11-25
18,10,8,1,Wilkes,2021-11-26
13,9,4,1,Wilkes,2021-11-27
31,13,18,1,Wilkes,2021-12-01
43,12,31,1,Wilkes,2021-12-06
12,7,5,1,Wilkes,2021-12-12
39,10,29,1,Wilkes,2021-12-22
49,16,33,1,Wilkes,2021-12-23
28,15,13,1,Wilkes,2021-12-26
102,32,70,1,Wilkes,2021-12-27
61,39,22,1,Wilkes,2022-01-02
150,71,79,1,Wilkes,2022-01-04
93,32,61,1,Wilkes,2022-01-08
63,35,28,1,Wilkes,2022-01-09
213,78,135,1,Wilkes,2022-01-11
51,7,44,1,Wilkes,2022-01-17
182,62,120,1,Wilkes,2022-01-21
92,30,62,1,Wilkes,2022-01-22
130,30,100,1,Wilkes,2022-01-26
111,54,57,1,Wilkes,2022-01-28
121,43,78,1,Wilkes,2022-01-31
110,42,68,1,Wilkes,2022-02-01
31,22,9,1,Wilkes,2022-02-06
99,69,30,1,Wilkes,2022-02-08
65,24,41,1,Wilkes,2022-02-09
20,5,15,1,Wilkes,2022-02-12
28,9,19,1,Wilkes,2022-02-28
10,1,9,1,Wilkes,2022-03-07
2,0,2,1,Wilkes,2022-03-15
2,1,1,1,Wilkes,2022-03-16
13,7,6,1,Wilson,2021-10-15
13,6,7,1,Wilson,2021-10-17
8,2,6,1,Wilson,2021-10-24
5,2,3,1,Wilson,2021-10-31
13,4,9,1,Wilson,2021-11-12
11,1,10,1,Wilson,2021-11-16
14,7,7,1,Wilson,2021-11-17
17,6,11,1,Wilson,2021-11-19
19,3,16,1,Wilson,2021-12-01
18,7,11,1,Wilson,2021-12-06
38,8,30,1,Wilson,2021-12-22
29,10,19,1,Wilson,2021-12-23
249,46,203,1,Wilson,2021-12-30
46,18,28,1,Wilson,2022-01-01
66,20,46,1,Wilson,2022-01-02
93,37,56,1,Wilson,2022-01-09
335,72,263,1,Wilson,2022-01-12
300,65,235,1,Wilson,2022-01-13
278,59,219,1,Wilson,2022-01-14
80,18,62,1,Wilson,2022-01-15
60,19,41,1,Wilson,2022-01-23
114,25,89,1,Wilson,2022-01-27
16,6,10,1,Wilson,2022-02-05
20,3,17,1,Wilson,2022-02-06
43,18,25,1,Wilson,2022-02-07
16,1,15,1,Wilson,2022-02-11
26,6,20,1,Wilson,2022-02-14
30,5,25,1,Wilson,2022-02-15
12,2,10,1,Wilson,2022-02-18
10,1,9,1,Wilson,2022-02-19
9,6,3,1,Wilson,2022-02-24
7,0,7,1,Wilson,2022-02-25
3,0,3,1,Wilson,2022-02-26
5,2,3,1,Wilson,2022-03-04
6,4,2,1,Wilson,2022-03-07
1,1,0,1,Wilson,2022-03-13
3,1,2,1,Wilson,2022-03-19
6,0,6,1,Yadkin,2021-10-14
6,1,5,1,Yadkin,2021-10-29
10,7,3,1,Yadkin,2021-12-05
36,12,24,1,Yadkin,2021-12-09
14,5,9,1,Yadkin,2021-12-11
45,17,28,1,Yadkin,2021-12-20
45,13,32,1,Yadkin,2021-12-23
34,17,17,1,Yadkin,2021-12-26
99,36,63,1,Yadkin,2021-12-27
113,33,80,1,Yadkin,2021-12-30
39,10,29,1,Yadkin,2022-01-23
52,9,43,1,Yadkin,2022-01-27
40,7,33,1,Yadkin,2022-01-28
46,8,38,1,Yadkin,2022-01-31
20,1,19,1,Yadkin,2022-02-15
11,2,9,1,Yadkin,2022-02-21
3,0,3,1,Yadkin,2022-03-08
1,1,0,1,Yadkin,2022-03-14
2,1,1,1,Yadkin,2022-03-16
2,0,2,1,Yadkin,2022-03-22
3,0,3,1,Yadkin,2022-04-01
4,2,2,1,Yancey,2021-11-21
19,8,11,1,Yancey,2021-11-29
8,5,3,1,Yancey,2021-11-30
19,14,5,1,Yancey,2021-12-22
12,10,2,1,Yancey,2021-12-24
12,8,4,1,Yancey,2021-12-31
16,7,9,1,Yancey,2022-01-01
34,20,14,1,Yancey,2022-01-04
4,2,2,1,Yancey,2022-01-09
86,33,53,1,Yancey,2022-01-10
6,5,1,1,Yancey,2022-01-16
48,32,16,1,Yancey,2022-01-18
78,14,64,1,Yancey,2022-01-19
37,7,30,1,Yancey,2022-01-21
53,6,47,1,Yancey,2022-01-24
18,3,15,1,Yancey,2022-01-27
45,10,35,2,Alamance,2021-10-20
20,2,18,2,Alamance,2021-10-23
47,2,45,2,Alamance,2021-11-17
60,8,52,2,Alamance,2021-11-18
630,80,550,2,Alamance,2022-01-07
861,88,773,2,Alamance,2022-01-10
29,3,26,2,Alamance,2022-01-16
275,35,240,2,Alamance,2022-01-21
319,31,288,2,Alamance,2022-01-26
275,28,247,2,Alamance,2022-01-27
204,15,189,2,Alamance,2022-01-28
86,9,77,2,Alamance,2022-01-29
166,28,138,2,Alamance,2022-02-01
140,12,128,2,Alamance,2022-02-02
88,10,78,2,Alamance,2022-02-10
82,9,73,2,Alamance,2022-02-11
32,9,23,2,Alamance,2022-02-13
69,4,65,2,Alamance,2022-02-16
48,8,40,2,Alamance,2022-02-17
35,5,30,2,Alamance,2022-02-19
3,1,2,2,Alexander,2021-10-17
111,24,87,2,Alexander,2022-01-24
5,1,4,2,Alexander,2022-02-26
2,0,2,2,Avery,2021-10-17
111,36,75,2,Beaufort,2022-01-17
46,2,44,2,Bertie,2022-01-07
10,0,10,2,Bertie,2022-01-29
198,47,151,2,Bladen,2022-01-18
73,22,51,2,Bladen,2022-01-26
15,3,12,2,Bladen,2022-02-17
33,9,24,2,Brunswick,2021-10-12
66,13,53,2,Brunswick,2021-12-06
438,61,377,2,Brunswick,2022-01-12
165,24,141,2,Brunswick,2022-01-15
482,77,405,2,Brunswick,2022-01-19
398,65,333,2,Brunswick,2022-01-20
120,17,103,2,Brunswick,2022-01-23
183,23,160,2,Brunswick,2022-02-01
142,15,127,2,Brunswick,2022-02-03
93,15,78,2,Brunswick,2022-02-08
36,4,32,2,Brunswick,2022-02-21
16,3,13,2,Brunswick,2022-03-01
38,6,32,2,Buncombe,2021-10-16
73,19,54,2,Buncombe,2021-10-19
50,15,35,2,Buncombe,2021-10-21
58,27,31,2,Buncombe,2021-10-27
81,21,60,2,Buncombe,2021-11-23
140,26,114,2,Buncombe,2021-12-20
39,7,32,2,Buncombe,2021-12-25
363,73,290,2,Buncombe,2021-12-27
312,71,241,2,Buncombe,2021-12-31
263,60,203,2,Buncombe,2022-01-15
53,7,46,2,Buncombe,2022-01-16
459,114,345,2,Buncombe,2022-01-21
278,75,203,2,Buncombe,2022-01-28
98,21,77,2,Buncombe,2022-01-29
137,25,112,2,Buncombe,2022-01-30
371,142,229,2,Buncombe,2022-01-31
27,9,18,2,Buncombe,2022-03-04
26,4,22,2,Buncombe,2022-03-07
23,8,15,2,Burke,2021-12-14
115,16,99,2,Burke,2021-12-27
127,31,96,2,Burke,2021-12-29
68,7,61,2,Burke,2022-01-02
218,66,152,2,Burke,2022-01-04
332,110,222,2,Burke,2022-01-14
137,35,102,2,Burke,2022-01-28
110,31,79,2,Burke,2022-02-03
32,12,20,2,Burke,2022-02-12
30,11,19,2,Burke,2022-02-17
9,2,7,2,Burke,2022-02-25
46,7,39,2,Cabarrus,2021-10-19
17,5,12,2,Cabarrus,2021-10-24
42,11,31,2,Cabarrus,2021-10-29
54,19,35,2,Cabarrus,2021-11-02
37,9,28,2,Cabarrus,2021-11-09
95,27,68,2,Cabarrus,2021-12-13
58,6,52,2,Cabarrus,2021-12-25
264,100,164,2,Cabarrus,2022-01-02
646,130,516,2,Cabarrus,2022-01-05
725,170,555,2,Cabarrus,2022-01-11
611,131,480,2,Cabarrus,2022-01-20
312,72,240,2,Cabarrus,2022-01-27
318,94,224,2,Cabarrus,2022-01-31
237,62,175,2,Cabarrus,2022-02-01
102,30,72,2,Cabarrus,2022-02-10
23,5,18,2,Cabarrus,2022-02-20
15,2,13,2,Cabarrus,2022-02-26
28,15,13,2,Caldwell,2021-10-14
13,4,9,2,Caldwell,2021-11-18
44,9,35,2,Caldwell,2021-12-26
360,77,283,2,Caldwell,2022-01-11
264,54,210,2,Caldwell,2022-01-14
23,3,20,2,Caldwell,2022-01-16
119,18,101,2,Caldwell,2022-01-22
99,24,75,2,Caldwell,2022-01-28
188,36,152,2,Caldwell,2022-01-31
36,3,33,2,Caldwell,2022-02-05
40,3,37,2,Caldwell,2022-02-06
54,12,42,2,Caldwell,2022-02-14
13,3,10,2,Caldwell,2022-02-23
117,44,73,2,Carteret,2022-01-04
195,85,110,2,Carteret,2022-01-13
120,57,63,2,Carteret,2022-01-31
49,21,28,2,Catawba,2021-10-13
23,8,15,2,Catawba,2021-11-04
38,18,20,2,Catawba,2021-11-19
20,2,18,2,Catawba,2021-11-20
39,10,29,2,Catawba,2021-11-27
50,20,30,2,Catawba,2021-12-10
109,37,72,2,Catawba,2021-12-22
128,26,102,2,Catawba,2021-12-23
185,35,150,2,Catawba,2022-01-02
418,165,253,2,Catawba,2022-01-04
527,199,328,2,Catawba,2022-01-05
684,236,448,2,Catawba,2022-01-13
663,233,430,2,Catawba,2022-01-14
169,53,116,2,Catawba,2022-01-17
609,194,415,2,Catawba,2022-01-18
452,178,274,2,Catawba,2022-01-21
409,156,253,2,Catawba,2022-01-25
352,139,213,2,Catawba,2022-01-26
319,110,209,2,Catawba,2022-01-27
114,48,66,2,Catawba,2022-02-09
45,20,25,2,Catawba,2022-02-12
79,37,42,2,Catawba,2022-02-16
54,13,41,2,Catawba,2022-02-18
24,10,14,2,Catawba,2022-02-19
34,9,25,2,Catawba,2022-02-23
30,16,14,2,Catawba,2022-02-24
11,7,4,2,Catawba,2022-03-08
47,7,40,2,Cherokee,2022-01-05
29,1,28,2,Cherokee,2022-02-04
2,0,2,2,Cherokee,2022-03-04
55,9,46,2,Cleveland,2021-12-20
339,54,285,2,Cleveland,2022-01-14
107,19,88,2,Cleveland,2022-02-07
93,18,75,2,Cleveland,2022-02-08
59,8,51,2,Cleveland,2022-02-09
19,8,11,2,Cleveland,2022-02-22
326,156,170,2,Columbus,2022-01-12
326,116,210,2,Columbus,2022-01-18
187,64,123,2,Columbus,2022-01-20
266,107,159,2,Columbus,2022-01-24
25,16,9,2,Columbus,2022-02-14
518,149,369,2,Craven,2022-01-18
36,3,33,2,Craven,2022-01-22
396,98,298,2,Craven,2022-01-24
146,40,106,2,Craven,2022-02-01
124,23,101,2,Craven,2022-02-02
108,30,78,2,Cumberland,2021-10-12
82,16,66,2,Cumberland,2021-11-01
62,13,49,2,Cumberland,2021-11-16
53,2,51,2,Cumberland,2021-11-18
63,8,55,2,Cumberland,2021-12-04
60,12,48,2,Cumberland,2021-12-05
468,54,414,2,Cumberland,2022-01-15
195,21,174,2,Cumberland,2022-01-16
983,119,864,2,Cumberland,2022-01-17
1345,113,1232,2,Cumberland,2022-01-19
377,51,326,2,Cumberland,2022-02-03
330,37,293,2,Cumberland,2022-02-04
36,8,28,2,Cumberland,2022-02-19
20,1,19,2,Davidson,2021-10-16
46,7,39,2,Davidson,2021-11-15
29,2,27,2,Davidson,2021-11-27
53,4,49,2,Davidson,2021-12-05
108,16,92,2,Davidson,2021-12-06
66,6,60,2,Davidson,2021-12-09
54,6,48,2,Davidson,2021-12-24
28,2,26,2,Davidson,2021-12-25
151,17,134,2,Davidson,2022-01-02
481,70,411,2,Davidson,2022-01-05
625,75,550,2,Davidson,2022-01-14
97,16,81,2,Davidson,2022-01-22
342,37,305,2,Davidson,2022-01-25
80,7,73,2,Davidson,2022-01-29
196,14,182,2,Davidson,2022-02-01
144,17,127,2,Davidson,2022-02-04
98,11,87,2,Davidson,2022-02-08
93,14,79,2,Davidson,2022-02-09
34,3,31,2,Davidson,2022-02-12
46,13,33,2,Davidson,2022-02-21
21,6,15,2,Davidson,2022-02-24
10,2,8,2,Davie,2021-10-29
6,2,4,2,Duplin,2021-11-05
26,3,23,2,Duplin,2022-01-01
171,61,110,2,Duplin,2022-01-25
99,52,47,2,Duplin,2022-01-28
9,2,7,2,Duplin,2022-02-05
40,13,27,2,Duplin,2022-02-08
22,2,20,2,Durham,2021-11-20
325,20,305,2,Durham,2022-01-21
433,11,422,2,Durham,2022-01-23
337,30,307,2,Durham,2022-01-28
61,5,56,2,Durham,2022-02-13
65,5,60,2,Durham,2022-04-05
43,1,42,2,Edgecombe,2022-01-28
4,1,3,2,Edgecombe,2022-02-06
103,19,84,2,Forsyth,2021-10-12
107,23,84,2,Forsyth,2021-10-13
98,13,85,2,Forsyth,2021-11-08
70,9,61,2,Forsyth,2021-11-09
119,10,109,2,Forsyth,2021-11-15
29,2,27,2,Forsyth,2021-11-25
144,25,119,2,Forsyth,2021-12-02
78,11,67,2,Forsyth,2021-12-05
261,30,231,2,Forsyth,2021-12-21
332,46,286,2,Forsyth,2021-12-23
1036,101,935,2,Forsyth,2022-01-03
427,34,393,2,Forsyth,2022-01-09
1641,163,1478,2,Forsyth,2022-01-10
1498,125,1373,2,Forsyth,2022-01-11
271,55,216,2,Forsyth,2022-01-17
1146,122,1024,2,Forsyth,2022-01-20
343,22,321,2,Forsyth,2022-01-22
291,25,266,2,Forsyth,2022-01-23
696,73,623,2,Forsyth,2022-01-26
189,19,170,2,Forsyth,2022-01-29
287,34,253,2,Forsyth,2022-02-03
146,13,133,2,Forsyth,2022-02-05
157,25,132,2,Forsyth,2022-02-14
24,1,23,2,Forsyth,2022-02-26
36,5,31,2,Forsyth,2022-03-03
60,13,47,2,Gaston,2021-10-20
36,8,28,2,Gaston,2021-10-21
22,4,18,2,Gaston,2021-10-24
19,3,16,2,Gaston,2021-10-30
41,11,30,2,Gaston,2021-11-02
69,18,51,2,Gaston,2021-11-18
57,16,41,2,Gaston,2021-12-04
89,17,72,2,Gaston,2021-12-10
121,25,96,2,Gaston,2021-12-15
113,24,89,2,Gaston,2021-12-16
87,27,60,2,Gaston,2021-12-24
586,96,490,2,Gaston,2021-12-30
735,96,639,2,Gaston,2022-01-04
913,151,762,2,Gaston,2022-01-10
840,158,682,2,Gaston,2022-01-11
525,103,422,2,Gaston,2022-01-21
201,44,157,2,Gaston,2022-01-23
534,116,418,2,Gaston,2022-01-25
324,63,261,2,Gaston,2022-01-28
154,31,123,2,Gaston,2022-01-30
92,19,73,2,Gaston,2022-02-06
186,40,146,2,Gaston,2022-02-08
168,39,129,2,Gaston,2022-02-09
51,9,42,2,Gaston,2022-02-13
116,38,78,2,Gaston,2022-02-14
16,7,9,2,Gaston,2022-03-01
20,5,15,2,Gaston,2022-03-02
5,0,5,2,Granville,2021-10-30
115,5,110,2,Guilford,2021-10-15
129,18,111,2,Guilford,2021-10-19
71,6,65,2,Guilford,2021-10-29
123,23,100,2,Guilford,2021-11-01
70,9,61,2,Guilford,2021-11-05
99,16,83,2,Guilford,2021-11-08
83,12,71,2,Guilford,2021-11-10
103,24,79,2,Guilford,2021-11-16
79,11,68,2,Guilford,2021-11-27
167,31,136,2,Guilford,2021-12-02
411,62,349,2,Guilford,2021-12-22
198,43,155,2,Guilford,2021-12-24
394,41,353,2,Guilford,2021-12-26
1208,204,1004,2,Guilford,2021-12-29
1154,160,994,2,Guilford,2022-01-03
391,108,283,2,Guilford,2022-01-17
212,33,179,2,Guilford,2022-01-29
234,36,198,2,Guilford,2022-01-30
280,47,233,2,Guilford,2022-02-07
163,37,126,2,Guilford,2022-02-14
185,36,149,2,Guilford,2022-02-15
99,26,73,2,Guilford,2022-02-22
47,10,37,2,Guilford,2022-02-25
15,3,12,2,Guilford,2022-03-06
22,5,17,2,Guilford,2022-03-09
26,7,19,2,Halifax,2021-10-12
3,0,3,2,Halifax,2021-10-30
272,49,223,2,Halifax,2022-01-05
202,29,173,2,Halifax,2022-01-14
172,34,138,2,Halifax,2022-01-24
34,8,26,2,Halifax,2022-02-03
29,10,19,2,Halifax,2022-02-04
4,0,4,2,Halifax,2022-02-19
8,0,8,2,Halifax,2022-02-22
1,0,1,2,Halifax,2022-03-13
10,4,6,2,Harnett,2021-10-30
16,2,14,2,Harnett,2021-12-04
238,39,199,2,Harnett,2022-01-15
377,93,284,2,Harnett,2022-01-17
495,107,388,2,Harnett,2022-01-24
389,119,270,2,Harnett,2022-01-25
268,54,214,2,Harnett,2022-01-26
178,54,124,2,Harnett,2022-02-01
16,4,12,2,Haywood,2021-10-22
13,4,9,2,Haywood,2021-10-24
60,19,41,2,Haywood,2021-12-27
27,10,17,2,Haywood,2022-02-11
43,21,22,2,Henderson,2021-12-03
33,13,20,2,Henderson,2021-12-05
184,71,113,2,Henderson,2022-01-03
188,35,153,2,Henderson,2022-01-07
275,82,193,2,Henderson,2022-01-13
92,37,55,2,Henderson,2022-01-23
147,54,93,2,Henderson,2022-01-26
156,50,106,2,Henderson,2022-01-27
123,40,83,2,Henderson,2022-02-02
22,10,12,2,Henderson,2022-02-13
0,0,0,2,Hertford,2021-10-31
126,20,106,2,Hertford,2022-01-05
12,4,8,2,Hoke,2021-11-04
51,28,23,2,Iredell,2021-10-12
38,10,28,2,Iredell,2021-11-27
62,19,43,2,Iredell,2021-12-18
64,22,42,2,Iredell,2021-12-19
152,52,100,2,Iredell,2021-12-22
320,108,212,2,Iredell,2021-12-27
192,96,96,2,Iredell,2022-01-02
453,189,264,2,Iredell,2022-01-03
481,169,312,2,Iredell,2022-01-06
375,99,276,2,Iredell,2022-01-07
473,104,369,2,Iredell,2022-01-14
567,221,346,2,Iredell,2022-01-18
503,159,344,2,Iredell,2022-01-20
176,56,120,2,Iredell,2022-01-22
202,100,102,2,Iredell,2022-01-23
380,151,229,2,Iredell,2022-01-25
91,21,70,2,Iredell,2022-01-29
101,32,69,2,Iredell,2022-01-30
333,101,232,2,Iredell,2022-01-31
106,45,61,2,Iredell,2022-02-09
80,30,50,2,Iredell,2022-02-14
47,11,36,2,Iredell,2022-02-17
43,14,29,2,Iredell,2022-02-18
11,4,7,2,Johnston,2021-10-31
42,12,30,2,Johnston,2021-11-03
96,27,69,2,Johnston,2021-12-07
205,26,179,2,Johnston,2022-01-02
856,130,726,2,Johnston,2022-01-03
964,158,806,2,Johnston,2022-01-14
409,59,350,2,Johnston,2022-01-27
330,78,252,2,Johnston,2022-01-28
108,26,82,2,Johnston,2022-02-10
99,24,75,2,Johnston,2022-02-11
41,13,28,2,Johnston,2022-02-13
87,19,68,2,Johnston,2022-02-15
82,19,63,2,Johnston,2022-02-16
16,3,13,2,Johnston,2022-02-26
5,3,2,2,Johnston,2022-03-27
7,1,6,2,Lee,2021-12-25
25,5,20,2,Lenoir,2021-12-22
106,29,77,2,Lenoir,2022-01-27
100,17,83,2,Lenoir,2022-01-28
32,12,20,2,Lenoir,2022-02-08
4,0,4,2,Lenoir,2022-03-01
45,19,26,2,Lincoln,2021-12-13
185,61,124,2,Lincoln,2022-01-21
147,48,99,2,Lincoln,2022-01-27
76,22,54,2,Lincoln,2022-02-07
8,0,8,2,Macon,2021-10-25
11,3,8,2,Macon,2021-11-01
12,4,8,2,Macon,2021-11-04
9,1,8,2,Macon,2021-11-30
10,1,9,2,Macon,2021-12-16
15,2,13,2,Macon,2022-02-10
18,0,18,2,Martin,2022-02-03
4,0,4,2,McDowell,2021-10-24
91,30,61,2,McDowell,2022-02-07
60,14,46,2,McDowell,2022-02-08
176,25,151,2,Mecklenburg,2021-10-29
92,14,78,2,Mecklenburg,2021-10-31
193,34,159,2,Mecklenburg,2021-11-02
130,19,111,2,Mecklenburg,2021-11-21
173,17,156,2,Mecklenburg,2021-11-28
361,57,304,2,Mecklenburg,2021-12-02
181,29,152,2,Mecklenburg,2021-12-12
530,72,458,2,Mecklenburg,2021-12-16
626,61,565,2,Mecklenburg,2021-12-17
502,49,453,2,Mecklenburg,2021-12-19
1223,106,1117,2,Mecklenburg,2021-12-20
1419,165,1254,2,Mecklenburg,2021-12-21
366,24,342,2,Mecklenburg,2021-12-25
2942,358,2584,2,Mecklenburg,2021-12-27
2136,432,1704,2,Mecklenburg,2021-12-31
3642,650,2992,2,Mecklenburg,2022-01-03
4365,634,3731,2,Mecklenburg,2022-01-05
1724,326,1398,2,Mecklenburg,2022-01-08
1333,154,1179,2,Mecklenburg,2022-01-27
940,138,802,2,Mecklenburg,2022-02-01
909,129,780,2,Mecklenburg,2022-02-02
193,24,169,2,Mecklenburg,2022-02-12
221,37,184,2,Mecklenburg,2022-02-18
137,28,109,2,Mecklenburg,2022-02-25
10,0,10,2,Montgomery,2022-02-05
202,23,179,2,Moore,2022-01-09
452,53,399,2,Moore,2022-01-11
422,62,360,2,Moore,2022-01-19
305,52,253,2,Moore,2022-01-20
105,18,87,2,Moore,2022-02-02
54,6,48,2,Moore,2022-02-08
52,14,38,2,Moore,2022-02-09
48,8,40,2,Moore,2022-02-10
51,15,36,2,Moore,2022-02-11
3,1,2,2,Moore,2022-03-09
14,3,11,2,Nash,2021-10-19
46,4,42,2,Nash,2021-12-15
19,1,18,2,Nash,2021-12-19
464,32,432,2,Nash,2022-01-03
613,53,560,2,Nash,2022-01-10
94,7,87,2,Nash,2022-01-15
43,2,41,2,Nash,2022-01-16
407,28,379,2,Nash,2022-01-19
305,34,271,2,Nash,2022-01-24
82,11,71,2,Nash,2022-02-02
1,0,1,2,Nash,2022-03-06
19,8,11,2,New Hanover,2021-11-08
257,84,173,2,New Hanover,2021-12-31
89,24,65,2,New Hanover,2022-01-01
689,132,557,2,New Hanover,2022-01-12
872,297,575,2,New Hanover,2022-01-18
302,63,239,2,New Hanover,2022-01-28
113,23,90,2,New Hanover,2022-01-29
250,47,203,2,New Hanover,2022-02-01
196,53,143,2,New Hanover,2022-02-03
134,33,101,2,New Hanover,2022-02-08
90,28,62,2,New Hanover,2022-02-14
66,17,49,2,New Hanover,2022-02-16
20,9,11,2,New Hanover,2022-02-19
52,12,40,2,New Hanover,2022-02-21
20,3,17,2,New Hanover,2022-02-25
10,2,8,2,New Hanover,2022-02-27
13,0,13,2,Onslow,2021-10-17
28,8,20,2,Onslow,2021-10-19
21,5,16,2,Onslow,2021-11-04
24,4,20,2,Onslow,2021-11-08
115,10,105,2,Onslow,2021-12-20
573,79,494,2,Onslow,2022-01-07
547,108,439,2,Onslow,2022-01-14
758,109,649,2,Onslow,2022-01-20
789,87,702,2,Onslow,2022-01-24
244,34,210,2,Onslow,2022-02-02
46,1,45,2,Onslow,2022-02-05
67,2,65,2,Onslow,2022-02-06
96,13,83,2,Onslow,2022-02-09
148,17,131,2,Onslow,2022-02-10
74,6,68,2,Onslow,2022-02-11
37,4,33,2,Onslow,2022-02-12
32,4,28,2,Onslow,2022-02-13
39,5,34,2,Onslow,2022-02-18
54,5,49,2,Onslow,2022-02-22
7,0,7,2,Onslow,2022-02-26
10,4,6,2,Onslow,2022-03-02
24,4,20,2,Pender,2022-02-11
73,3,70,2,Person,2022-01-25
30,2,28,2,Pitt,2021-11-16
18,0,18,2,Pitt,2022-02-20
11,3,8,2,Randolph,2021-10-31
111,47,64,2,Randolph,2022-01-02
392,107,285,2,Randolph,2022-01-20
396,98,298,2,Randolph,2022-01-24
271,69,202,2,Randolph,2022-01-26
85,31,54,2,Randolph,2022-01-30
241,82,159,2,Randolph,2022-01-31
155,39,116,2,Randolph,2022-02-01
83,32,51,2,Randolph,2022-02-04
42,14,28,2,Randolph,2022-02-05
45,7,38,2,Randolph,2022-02-06
80,27,53,2,Randolph,2022-02-09
49,12,37,2,Randolph,2022-02-14
31,7,24,2,Randolph,2022-02-18
4,1,3,2,Randolph,2022-04-08
3,2,1,2,Richmond,2021-10-30
122,10,112,2,Richmond,2022-01-03
9,2,7,2,Richmond,2022-01-22
14,3,11,2,Richmond,2022-01-29
5,1,4,2,Richmond,2022-02-06
53,22,31,2,Richmond,2022-02-07
16,9,7,2,Robeson,2021-10-20
55,8,47,2,Robeson,2021-12-10
83,58,25,2,Robeson,2022-01-16
88,32,56,2,Robeson,2022-01-21
111,50,61,2,Robeson,2022-02-07
8,3,5,2,Robeson,2022-02-19
3,0,3,2,Robeson,2022-03-13
18,1,17,2,Rockingham,2021-10-16
9,1,8,2,Rockingham,2021-11-21
43,11,32,2,Rockingham,2021-12-13
11,0,11,2,Rockingham,2021-12-25
200,38,162,2,Rockingham,2021-12-29
208,21,187,2,Rockingham,2022-01-21
38,1,37,2,Rockingham,2022-01-29
62,5,57,2,Rockingham,2022-02-04
14,2,12,2,Rockingham,2022-02-13
19,1,18,2,Rowan,2021-10-19
11,3,8,2,Rowan,2021-10-24
36,8,28,2,Rowan,2021-11-02
37,11,26,2,Rowan,2021-11-15
36,2,34,2,Rowan,2021-11-19
49,8,41,2,Rowan,2021-12-09
64,9,55,2,Rowan,2021-12-13
65,4,61,2,Rowan,2021-12-15
52,6,46,2,Rowan,2021-12-17
256,38,218,2,Rowan,2022-01-21
84,22,62,2,Rowan,2022-01-22
475,88,387,2,Rowan,2022-01-24
103,8,95,2,Rowan,2022-02-04
34,4,30,2,Rowan,2022-02-21
40,8,32,2,Rutherford,2021-10-12
19,3,16,2,Rutherford,2021-10-18
21,5,16,2,Rutherford,2021-10-19
15,6,9,2,Rutherford,2021-10-20
15,4,11,2,Rutherford,2021-10-26
13,5,8,2,Rutherford,2021-10-27
12,5,7,2,Rutherford,2021-12-17
23,3,20,2,Rutherford,2021-12-21
37,13,24,2,Rutherford,2022-01-01
195,119,76,2,Rutherford,2022-01-25
89,37,52,2,Rutherford,2022-02-01
73,14,59,2,Rutherford,2022-02-03
46,15,31,2,Rutherford,2022-02-09
9,2,7,2,Rutherford,2022-02-13
4,1,3,2,Rutherford,2022-03-02
10,7,3,2,Sampson,2021-10-16
156,55,101,2,Sampson,2022-01-26
7,3,4,2,Sampson,2022-02-06
34,10,24,2,Sampson,2022-02-08
18,7,11,2,Sampson,2022-02-23
33,8,25,2,Scotland,2022-02-01
213,85,128,2,Stanly,2022-01-03
358,65,293,2,Stanly,2022-01-12
310,67,243,2,Stanly,2022-01-13
266,40,226,2,Stanly,2022-01-14
61,29,32,2,Stanly,2022-01-23
111,16,95,2,Stanly,2022-01-31
52,3,49,2,Stanly,2022-02-04
25,3,22,2,Stokes,2021-12-09
131,19,112,2,Stokes,2022-01-18
106,18,88,2,Stokes,2022-01-25
19,5,14,2,Stokes,2022-01-29
27,2,25,2,Stokes,2022-02-10
19,1,18,2,Stokes,2022-02-17
3,0,3,2,Stokes,2022-03-05
30,9,21,2,Surry,2021-10-14
13,5,8,2,Surry,2021-11-21
47,25,22,2,Surry,2021-12-02
15,8,7,2,Surry,2021-12-12
78,33,45,2,Surry,2022-01-02
346,121,225,2,Surry,2022-01-10
56,17,39,2,Surry,2022-01-29
39,15,24,2,Surry,2022-02-06
75,25,50,2,Surry,2022-02-08
22,7,15,2,Surry,2022-02-22
7,2,5,2,Surry,2022-03-03
4,0,4,2,Swain,2021-12-21
10,4,6,2,Swain,2022-02-09
25,4,21,2,Transylvania,2022-02-04
76,11,65,2,Union,2021-10-12
45,14,31,2,Union,2021-10-28
40,13,27,2,Union,2021-10-29
13,2,11,2,Union,2021-10-30
43,13,30,2,Union,2021-11-03
47,10,37,2,Union,2021-11-05
71,18,53,2,Union,2021-11-12
86,23,63,2,Union,2021-12-09
188,27,161,2,Union,2021-12-22
521,109,412,2,Union,2021-12-28
570,153,417,2,Union,2022-01-03
766,171,595,2,Union,2022-01-04
862,159,703,2,Union,2022-01-11
888,173,715,2,Union,2022-01-12
568,107,461,2,Union,2022-01-21
213,38,175,2,Union,2022-01-22
180,45,135,2,Union,2022-02-02
170,44,126,2,Union,2022-02-07
99,29,70,2,Union,2022-02-09
88,17,71,2,Union,2022-02-14
53,15,38,2,Union,2022-02-18
41,11,30,2,Union,2022-02-21
125,12,113,2,Wake,2021-10-23
118,10,108,2,Wake,2021-10-30
213,19,194,2,Wake,2021-11-01
142,17,125,2,Wake,2021-11-04
170,16,154,2,Wake,2021-11-05
192,14,178,2,Wake,2021-11-19
170,12,158,2,Wake,2021-11-20
437,42,395,2,Wake,2021-12-15
259,47,212,2,Wake,2021-12-19
788,53,735,2,Wake,2021-12-20
4889,239,4650,2,Wake,2022-01-14
2812,142,2670,2,Wake,2022-01-15
6148,399,5749,2,Wake,2022-01-18
5326,291,5035,2,Wake,2022-01-19
462,25,437,2,Wake,2022-01-22
1075,127,948,2,Wake,2022-01-23
2541,161,2380,2,Wake,2022-01-26
1343,95,1248,2,Wake,2022-02-02
1099,96,1003,2,Wake,2022-02-03
571,52,519,2,Wake,2022-02-11
377,41,336,2,Wake,2022-02-18
241,21,220,2,Wake,2022-02-19
385,40,345,2,Wake,2022-02-21
297,32,265,2,Wake,2022-02-22
272,27,245,2,Wake,2022-02-23
124,12,112,2,Wake,2022-03-03
129,8,121,2,Wake,2022-03-07
96,7,89,2,Wake,2022-03-09
121,12,109,2,Wake,2022-03-21
24,5,19,2,Watauga,2021-12-23
9,6,3,2,Wayne,2021-10-16
23,7,16,2,Wayne,2021-11-26
46,26,20,2,Wayne,2021-12-22
654,340,314,2,Wayne,2022-01-11
156,36,120,2,Wayne,2022-01-21
166,61,105,2,Wayne,2022-01-28
99,61,38,2,Wayne,2022-02-07
14,2,12,2,Wilkes,2021-10-14
11,5,6,2,Wilkes,2021-10-19
8,3,5,2,Wilkes,2021-11-05
10,5,5,2,Wilkes,2021-11-14
20,5,15,2,Wilkes,2021-11-22
27,19,8,2,Wilkes,2021-12-16
26,3,23,2,Wilkes,2022-01-16
203,44,159,2,Wilkes,2022-01-24
109,38,71,2,Wilkes,2022-01-27
52,32,20,2,Wilkes,2022-01-30
77,31,46,2,Wilkes,2022-02-04
59,19,40,2,Wilkes,2022-02-07
45,22,23,2,Wilkes,2022-02-11
32,11,21,2,Wilkes,2022-02-16
30,11,19,2,Wilkes,2022-02-17
14,6,8,2,Wilson,2021-11-10
427,91,336,2,Wilson,2022-01-10
331,70,261,2,Wilson,2022-01-18
186,41,145,2,Wilson,2022-01-25
79,22,57,2,Wilson,2022-01-28
95,27,68,2,Wilson,2022-01-31
61,5,56,2,Wilson,2022-02-03
28,7,21,2,Wilson,2022-02-10
10,2,8,2,Yadkin,2021-10-12
38,10,28,2,Yadkin,2021-12-01
14,7,7,2,Yadkin,2021-12-04
29,7,22,2,Yadkin,2021-12-08
15,7,8,2,Yadkin,2021-12-19
21,4,17,2,Yadkin,2021-12-25
94,15,79,2,Yadkin,2022-01-05
47,9,38,2,Yadkin,2022-02-02
2,1,1,2,Yadkin,2022-02-27
642,62,580,3,Alamance,2022-01-13
562,80,482,3,Alamance,2022-01-18
558,44,514,3,Alamance,2022-01-19
239,27,212,3,Alamance,2022-01-31
11,4,7,3,Bladen,2022-02-10
299,68,231,3,Brunswick,2022-01-25
89,6,83,3,Brunswick,2022-01-29
87,20,67,3,Brunswick,2022-01-30
28,5,23,3,Brunswick,2022-02-19
740,213,527,3,Buncombe,2022-01-13
698,213,485,3,Buncombe,2022-01-20
449,142,307,3,Buncombe,2022-01-25
425,117,308,3,Buncombe,2022-01-26
238,88,150,3,Buncombe,2022-02-04
216,97,119,3,Buncombe,2022-02-07
209,77,132,3,Buncombe,2022-02-08
178,78,100,3,Buncombe,2022-02-14
41,14,27,3,Buncombe,2022-02-20
41,13,28,3,Burke,2021-10-12
20,8,12,3,Burke,2021-10-19
291,93,198,3,Burke,2022-01-24
144,50,94,3,Burke,2022-02-07
96,30,66,3,Burke,2022-02-08
51,1,50,3,Cabarrus,2021-12-12
199,34,165,3,Cabarrus,2021-12-22
209,52,157,3,Cabarrus,2021-12-23
676,127,549,3,Cabarrus,2022-01-12
235,70,165,3,Cabarrus,2022-02-02
182,39,143,3,Cabarrus,2022-02-03
46,14,32,3,Cabarrus,2022-02-13
14,3,11,3,Cabarrus,2022-03-02
135,23,112,3,Caldwell,2022-01-15
184,38,146,3,Caldwell,2022-01-27
138,28,110,3,Caldwell,2022-02-01
79,22,57,3,Caldwell,2022-02-07
45,8,37,3,Caldwell,2022-02-11
41,14,27,3,Catawba,2021-10-15
97,24,73,3,Catawba,2021-12-21
179,54,125,3,Catawba,2022-01-23
69,24,45,3,Catawba,2022-02-05
114,41,73,3,Catawba,2022-02-10
22,10,12,3,Catawba,2022-03-09
36,5,31,3,Cleveland,2021-10-19
326,44,282,3,Cleveland,2022-01-20
123,52,71,3,Columbus,2022-01-26
45,18,27,3,Columbus,2022-02-03
91,21,70,3,Cumberland,2021-10-13
243,40,203,3,Cumberland,2022-01-23
681,67,614,3,Cumberland,2022-01-27
432,57,375,3,Cumberland,2022-02-02
28,4,24,3,Davidson,2021-10-15
94,12,82,3,Davidson,2021-12-22
350,146,204,3,Duplin,2022-01-19
567,33,534,3,Durham,2022-01-09
617,27,590,3,Durham,2022-01-25
58,10,48,3,Forsyth,2021-10-28
68,6,62,3,Forsyth,2021-11-28
161,20,141,3,Forsyth,2021-12-13
177,25,152,3,Forsyth,2021-12-16
95,3,92,3,Forsyth,2021-12-18
97,14,83,3,Forsyth,2021-12-19
725,94,631,3,Forsyth,2021-12-27
1020,109,911,3,Forsyth,2022-01-07
1414,150,1264,3,Forsyth,2022-01-13
75,10,65,3,Forsyth,2022-01-16
1003,137,866,3,Forsyth,2022-01-18
788,90,698,3,Forsyth,2022-01-25
541,64,477,3,Forsyth,2022-01-27
286,33,253,3,Forsyth,2022-02-04
166,30,136,3,Forsyth,2022-02-10
131,18,113,3,Forsyth,2022-02-11
100,21,79,3,Forsyth,2022-02-18
32,1,31,3,Forsyth,2022-02-20
93,12,81,3,Forsyth,2022-02-22
21,3,18,3,Forsyth,2022-03-10
612,97,515,3,Gaston,2022-01-03
740,85,655,3,Gaston,2022-01-05
260,46,214,3,Gaston,2022-01-09
285,63,222,3,Gaston,2022-01-17
865,129,736,3,Gaston,2022-01-19
387,57,330,3,Gaston,2022-01-27
168,46,122,3,Gaston,2022-02-04
241,72,169,3,Gaston,2022-02-07
129,32,97,3,Gaston,2022-02-10
64,11,53,3,Gaston,2022-02-16
34,12,22,3,Gaston,2022-02-19
30,7,23,3,Gaston,2022-02-20
46,8,38,3,Gaston,2022-02-23
157,16,141,3,Guilford,2021-10-12
104,19,85,3,Guilford,2021-10-18
40,5,35,3,Guilford,2021-10-24
93,14,79,3,Guilford,2021-10-28
90,14,76,3,Guilford,2021-11-04
127,15,112,3,Guilford,2021-11-23
324,54,270,3,Guilford,2021-12-21
774,74,700,3,Guilford,2022-01-09
1555,226,1329,3,Guilford,2022-01-14
325,29,296,3,Guilford,2022-01-22
891,83,808,3,Guilford,2022-01-25
435,61,374,3,Guilford,2022-02-01
110,20,90,3,Guilford,2022-02-06
209,48,161,3,Guilford,2022-02-10
167,39,128,3,Guilford,2022-02-11
148,34,114,3,Guilford,2022-02-16
98,22,76,3,Guilford,2022-02-18
26,8,18,3,Guilford,2022-02-26
44,7,37,3,Guilford,2022-03-02
41,7,34,3,Guilford,2022-03-04
22,2,20,3,Guilford,2022-03-05
15,4,11,3,Halifax,2022-01-30
69,12,57,3,Harnett,2022-02-10
23,6,17,3,Harnett,2022-02-13
183,63,120,3,Haywood,2022-01-10
148,54,94,3,Haywood,2022-01-24
14,7,7,3,Henderson,2021-10-17
17,8,9,3,Henderson,2021-10-19
12,4,8,3,Henderson,2021-10-23
70,28,42,3,Henderson,2022-01-15
104,53,51,3,Henderson,2022-01-17
262,117,145,3,Henderson,2022-01-20
95,29,66,3,Henderson,2022-02-03
2,0,2,3,Hoke,2021-10-16
55,16,39,3,Iredell,2021-10-27
104,24,80,3,Iredell,2021-12-17
111,47,64,3,Iredell,2021-12-26
211,70,141,3,Iredell,2022-02-02
591,109,482,3,Johnston,2022-01-25
104,21,83,3,Johnston,2022-01-29
125,27,98,3,Johnston,2022-01-30
187,44,143,3,Johnston,2022-02-04
142,32,110,3,Johnston,2022-02-08
34,7,27,3,Lee,2022-02-08
334,84,250,3,Lincoln,2022-01-19
12,0,12,3,Madison,2022-01-09
3,0,3,3,Martin,2021-10-17
37,11,26,3,McDowell,2022-02-11
181,32,149,3,Mecklenburg,2021-10-19
204,42,162,3,Mecklenburg,2021-10-27
349,63,286,3,Mecklenburg,2021-12-09
1648,196,1452,3,Mecklenburg,2021-12-22
1887,191,1696,3,Mecklenburg,2021-12-23
1141,159,982,3,Mecklenburg,2021-12-24
1159,142,1017,3,Mecklenburg,2021-12-26
3474,573,2901,3,Mecklenburg,2022-01-07
4481,677,3804,3,Mecklenburg,2022-01-10
3053,361,2692,3,Mecklenburg,2022-01-14
1753,309,1444,3,Mecklenburg,2022-01-21
354,45,309,3,Mecklenburg,2022-02-05
341,48,293,3,Mecklenburg,2022-02-06
457,82,375,3,Mecklenburg,2022-02-10
178,31,147,3,Mecklenburg,2022-02-13
299,43,256,3,Mecklenburg,2022-02-16
161,30,131,3,Mecklenburg,2022-02-23
182,34,148,3,Moore,2022-01-26
19,4,15,3,Moore,2022-02-06
35,4,31,3,Nash,2021-12-08
166,27,139,3,Nash,2022-01-31
743,132,611,3,New Hanover,2022-01-11
511,129,382,3,New Hanover,2022-01-25
360,77,283,3,New Hanover,2022-01-27
41,15,26,3,New Hanover,2022-02-12
49,12,37,3,Northampton,2022-01-24
28,10,18,3,Onslow,2021-10-29
1043,137,906,3,Onslow,2022-01-10
274,22,252,3,Onslow,2022-01-23
516,89,427,3,Onslow,2022-01-25
305,39,266,3,Onslow,2022-01-27
199,37,162,3,Onslow,2022-02-03
159,22,137,3,Onslow,2022-02-04
59,6,53,3,Onslow,2022-02-16
7,2,5,3,Onslow,2022-03-10
11,2,9,3,Pitt,2022-02-19
51,21,30,3,Randolph,2021-10-12
25,4,21,3,Randolph,2022-01-16
280,81,199,3,Randolph,2022-01-25
32,9,23,3,Robeson,2021-10-26
29,9,20,3,Robeson,2021-11-23
197,61,136,3,Robeson,2022-01-27
51,21,30,3,Robeson,2022-01-29
56,24,32,3,Robeson,2022-01-30
49,27,22,3,Robeson,2022-02-05
10,3,7,3,Robeson,2022-03-01
21,1,20,3,Rowan,2021-10-16
400,43,357,3,Rowan,2022-01-04
608,96,512,3,Rowan,2022-01-11
279,43,236,3,Rowan,2022-01-26
82,9,73,3,Rowan,2022-02-10
68,4,64,3,Rowan,2022-02-11
9,1,8,3,Rutherford,2021-10-24
115,42,73,3,Rutherford,2022-01-31
55,12,43,3,Rutherford,2022-02-04
24,4,20,3,Stanly,2021-10-19
13,2,11,3,Stanly,2021-11-28
79,18,61,3,Stokes,2022-01-06
10,2,8,3,Stokes,2022-01-16
14,2,12,3,Stokes,2022-02-18
24,4,20,3,Surry,2021-10-16
14,10,4,3,Surry,2022-01-16
62,34,28,3,Surry,2022-01-23
63,25,38,3,Surry,2022-02-04
30,12,18,3,Surry,2022-02-15
66,16,50,3,Union,2021-11-18
108,20,88,3,Union,2021-11-30
89,16,73,3,Union,2021-12-14
497,93,404,3,Union,2022-01-17
667,121,546,3,Union,2022-01-24
127,33,94,3,Union,2022-01-29
107,22,85,3,Union,2022-02-11
58,17,41,3,Union,2022-02-12
315,19,296,3,Wake,2021-10-12
255,18,237,3,Wake,2021-10-13
6664,305,6359,3,Wake,2022-01-04
5907,295,5612,3,Wake,2022-01-12
416,41,375,3,Wake,2022-01-16
3183,281,2902,3,Wake,2022-01-17
4130,229,3901,3,Wake,2022-01-20
620,62,558,3,Wake,2022-02-10
298,120,178,3,Wayne,2022-01-25
83,36,47,3,Wayne,2022-02-10
182,78,104,3,Wilkes,2022-01-18
80,29,51,3,Wilkes,2022-02-03
27,10,17,3,Wilson,2021-10-12
13,2,11,3,Wilson,2022-02-13
57,9,48,4,Alamance,2022-02-05
64,10,54,4,Alamance,2022-02-06
86,27,59,4,Buncombe,2022-02-13
96,24,72,4,Buncombe,2022-02-16
75,15,60,4,Cabarrus,2022-02-15
24,8,16,4,Catawba,2021-12-11
286,115,171,4,Catawba,2022-01-28
199,77,122,4,Catawba,2022-02-02
150,75,75,4,Catawba,2022-02-08
7,2,5,4,Catawba,2022-03-17
109,21,88,4,Cleveland,2022-02-03
76,13,63,4,Cumberland,2021-10-19
864,121,743,4,Forsyth,2021-12-30
717,60,657,4,Forsyth,2022-01-15
1220,113,1107,4,Forsyth,2022-01-19
203,26,177,4,Forsyth,2022-01-30
551,88,463,4,Forsyth,2022-01-31
64,8,56,4,Forsyth,2022-02-12
34,5,29,4,Forsyth,2022-03-01
76,10,66,4,Gaston,2021-10-15
168,30,138,4,Gaston,2022-01-29
309,68,241,4,Gaston,2022-02-01
490,93,397,4,Guilford,2022-01-02
1466,223,1243,4,Guilford,2022-01-05
1266,197,1069,4,Guilford,2022-01-07
2000,323,1677,4,Guilford,2022-01-10
1897,162,1735,4,Guilford,2022-01-11
528,72,456,4,Guilford,2022-01-28
60,17,43,4,Guilford,2022-02-24
581,201,380,4,Iredell,2022-01-04
211,48,163,4,Iredell,2022-01-28
455,84,371,4,Johnston,2022-01-26
230,37,193,4,Johnston,2022-02-03
232,36,196,4,Mecklenburg,2021-10-12
211,22,189,4,Mecklenburg,2021-10-21
113,18,95,4,Mecklenburg,2021-10-24
157,28,129,4,Mecklenburg,2021-11-27
3492,568,2924,4,Mecklenburg,2021-12-29
4413,581,3832,4,Mecklenburg,2022-01-04
1528,254,1274,4,Mecklenburg,2022-01-17
2161,336,1825,4,Mecklenburg,2022-01-24
495,81,414,4,Mecklenburg,2022-02-09
323,63,260,4,Mecklenburg,2022-02-15
74,14,60,4,Moore,2022-02-07
775,169,606,4,New Hanover,2022-01-10
39,7,32,4,New Hanover,2022-02-22
90,10,80,4,Onslow,2022-01-22
326,37,289,4,Onslow,2022-01-28
409,130,279,4,Robeson,2022-01-07
533,149,384,4,Robeson,2022-01-20
156,74,82,4,Robeson,2022-01-23
82,13,69,4,Rockingham,2022-01-22
16,1,15,4,Rowan,2021-11-13
217,26,191,4,Rowan,2022-01-15
21,6,15,4,Rowan,2022-02-19
99,22,77,4,Surry,2022-01-08
80,27,53,4,Surry,2022-01-22
111,36,75,4,Surry,2022-02-01
27,9,18,4,Surry,2022-02-17
210,52,158,4,Union,2022-02-03
175,72,103,4,Union,2022-02-04
88,24,64,4,Union,2022-02-06
5066,236,4830,4,Wake,2022-01-13
1105,151,954,4,Wake,2022-01-21
1972,125,1847,4,Wake,2022-01-27
608,68,540,4,Wake,2022-01-29
381,28,353,4,Wake,2022-02-12
232,40,192,4,Wake,2022-02-13
93,43,50,4,Wayne,2022-02-04
215,83,132,4,Wilkes,2022-01-20
139,42,97,4,Wilkes,2022-01-25
316,57,259,4,Wilson,2022-01-07
143,28,115,4,Wilson,2022-01-26
771,69,702,5,Alamance,2022-01-11
114,24,90,5,Buncombe,2022-02-05
840,209,631,5,Cabarrus,2022-01-10
639,173,466,5,Cabarrus,2022-01-14
508,49,459,5,Cumberland,2022-01-21
1459,123,1336,5,Forsyth,2022-01-14
913,89,824,5,Forsyth,2022-01-21
497,66,431,5,Forsyth,2022-01-28
110,24,86,5,Gaston,2022-02-05
76,17,59,5,Gaston,2022-02-12
99,33,66,5,Gaston,2022-02-15
1789,196,1593,5,Guilford,2022-01-12
324,58,266,5,Guilford,2022-02-03
138,19,119,5,Guilford,2022-02-05
112,34,78,5,Guilford,2022-02-21
180,62,118,5,Henderson,2022-01-25
154,47,107,5,Iredell,2022-02-04
1811,304,1507,5,Mecklenburg,2022-01-02
4088,636,3452,5,Mecklenburg,2022-01-06
235,40,195,5,Mecklenburg,2022-01-16
3251,443,2808,5,Mecklenburg,2022-01-18
2787,405,2382,5,Mecklenburg,2022-01-20
1586,251,1335,5,Mecklenburg,2022-01-26
550,91,459,5,Mecklenburg,2022-01-30
773,113,660,5,Mecklenburg,2022-02-03
59,21,38,5,Union,2021-10-13
724,131,593,5,Union,2022-01-06
1186,98,1088,5,Wake,2022-02-07
730,133,597,6,Gaston,2022-01-18
81,10,71,6,Guilford,2021-10-27
466,41,425,6,Guilford,2022-01-23
1186,169,1017,6,Guilford,2022-01-24
3188,416,2772,6,Mecklenburg,2022-01-19
767,161,606,6,Mecklenburg,2022-01-22
1002,169,833,6,Mecklenburg,2022-01-23
1136,138,998,6,Mecklenburg,2022-01-28
20,11,9,6,Surry,2022-02-12
319,70,249,7,Cabarrus,2022-01-28
278,50,228,7,Forsyth,2022-02-07
125,26,99,7,Guilford,2022-01-16
1211,182,1029,7,Guilford,2022-01-18
3532,650,2882,7,Mecklenburg,2021-12-30
4098,675,3423,7,Mecklenburg,2022-01-11
514,97,417,7,Mecklenburg,2022-01-29
1172,189,983,7,Mecklenburg,2022-01-31
578,109,469,7,Mecklenburg,2022-02-08
888,88,800,7,Wake,2022-02-08
306,41,265,8,Guilford,2022-02-04
1807,301,1506,8,Mecklenburg,2022-01-25
688,112,576,8,Mecklenburg,2022-02-07
1011,113,898,9,Forsyth,2022-01-24
109,8,101,9,Forsyth,2022-02-06
746,101,645,9,Guilford,2022-01-26
3715,502,3213,9,Mecklenburg,2022-01-13
652,92,560,10,Guilford,2022-01-27
669,91,578,10,Mecklenburg,2022-02-04
69,9,60,10,Onslow,2022-01-29
