Reinfection,Total Cases by Date of Specimen collection,Total Antigen Cases by Date of Specimen Collection,Total Molecular Cases by Date of Specimen Collection,Death by Date of Death,County,Date
6,22,10,12,3,Henderson,2022-02-13
11,232,38,194,6,Wake,2022-02-13
0,23,6,17,3,Harnett,2022-02-13
7,86,27,59,4,Buncombe,2022-02-13
6,176,29,147,3,Mecklenburg,2022-02-13
2,19,6,13,0,McDowell,2022-02-13
0,9,0,9,1,Duplin,2022-02-13
0,5,5,0,0,Transylvania,2022-02-13
1,10,2,8,0,Nash,2022-02-13
1,5,1,4,0,Montgomery,2022-02-13
2,27,4,23,1,Caldwell,2022-02-13
0,32,4,28,2,Onslow,2022-02-13
7,73,26,47,1,Union,2022-02-15
0,18,5,13,0,Lee,2022-02-15
10,121,23,98,2,Forsyth,2022-02-15
3,34,6,28,0,Robeson,2022-02-15
2,27,15,12,0,Ashe,2022-02-15
8,87,11,76,0,Onslow,2022-02-15
1,7,5,2,0,Mitchell,2022-02-15
2,37,17,20,0,Carteret,2022-02-15
5,62,15,47,1,Randolph,2022-02-15
6,66,7,59,1,Alamance,2022-02-15
1,10,5,5,0,Vance,2022-02-21
1,11,5,6,0,Jackson,2022-02-21
1,8,0,8,0,Caswell,2022-02-21
29,383,39,344,2,Wake,2022-02-21
7,44,11,33,3,Davidson,2022-02-21
10,85,16,69,1,Forsyth,2022-02-21
6,75,36,39,0,Catawba,2022-02-21
8,122,33,89,5,Guilford,2022-02-21
2,20,11,9,1,Carteret,2022-02-21
7,58,10,48,1,Gaston,2022-02-21
3,25,3,22,1,Rockingham,2022-02-21
0,11,1,10,0,Richmond,2022-02-21
2,10,5,5,0,Scotland,2022-02-21
2,69,11,58,1,Alamance,2022-02-21
5,37,5,32,0,Beaufort,2022-02-21
4,53,12,41,3,New Hanover,2022-02-21
4,36,6,30,2,Rowan,2022-02-21
1,11,4,7,0,Swain,2022-02-22
1,12,6,6,1,Lincoln,2022-02-22
3,20,7,13,0,Watauga,2022-02-22
16,295,29,266,2,Wake,2022-02-22
4,104,27,77,3,Guilford,2022-02-22
3,25,8,17,0,Craven,2022-02-22
2,24,2,22,0,Rockingham,2022-02-22
6,48,13,35,1,Gaston,2022-02-22
9,44,25,19,2,Haywood,2022-02-21
6,20,4,16,1,Stokes,2022-02-22
9,46,15,31,1,Catawba,2022-02-22
0,47,10,37,2,Guilford,2022-02-25
0,4,0,4,0,Lee,2022-02-25
0,3,2,1,0,Macon,2022-02-25
3,14,8,6,0,Iredell,2022-02-27
0,14,2,12,1,Alamance,2022-02-27
3,36,6,30,2,Forsyth,2022-02-25
0,5,2,3,0,Columbus,2022-02-25
2,13,2,11,1,Rowan,2022-02-25
9,67,10,57,1,Guilford,2022-02-28
2,18,3,15,0,Gaston,2022-02-28
0,16,6,10,0,Surry,2022-02-28
1,11,5,6,0,Chatham,2022-02-28
1,21,3,18,0,Rowan,2022-02-28
1,17,12,5,0,Henderson,2022-02-28
6,204,21,183,0,Wake,2022-02-28
0,1,0,1,0,Northampton,2022-02-28
0,18,2,16,1,New Hanover,2022-02-28
2,26,5,21,0,Durham,2022-03-04
0,17,3,14,2,Forsyth,2022-03-04
0,5,0,5,0,Bladen,2022-03-04
1,7,0,7,0,Robeson,2022-03-04
1,10,0,10,0,Cabarrus,2022-03-09
3,59,7,52,1,Wake,2022-03-11
0,23,7,16,1,Guilford,2022-03-11
0,3,1,2,0,Vance,2022-03-11
0,3,1,2,0,Stokes,2022-03-09
4,28,9,19,0,Guilford,2022-03-17
0,2,0,2,0,Jackson,2022-03-17
2,24,7,17,1,Forsyth,2022-03-17
4,24,5,19,0,Forsyth,2022-04-06
0,7,4,3,0,Randolph,2022-04-06
1,11,6,5,0,Gaston,2022-04-06
1,3,0,3,0,Cleveland,2022-04-06
3,41,3,38,0,Pitt,2022-02-13
1,7,2,5,0,Watauga,2022-02-13
3,25,4,21,1,Burke,2022-02-13
5,64,7,57,1,Guilford,2022-04-16
1,22,5,17,0,Forsyth,2022-04-16
9,53,5,48,0,Rowan,2022-02-15
0,4,4,0,0,Haywood,2022-04-16
2,30,6,24,0,Union,2022-04-18
27,441,41,400,0,Wake,2022-04-18
1,7,1,6,0,Surry,2022-04-18
0,5,0,5,0,Chatham,2022-04-16
29,170,70,100,1,Guilford,2022-04-18
0,5,1,4,0,Wilkes,2022-04-18
0,9,1,8,0,Hoke,2022-04-18
0,6,0,6,0,Dare,2022-04-18
0,7,0,7,0,Lincoln,2022-04-18
1,11,3,8,0,Rowan,2022-04-18
1,18,0,18,1,Chatham,2022-02-15
1,18,1,17,0,Franklin,2022-04-18
1,18,10,8,0,Robeson,2022-04-26
4,77,24,53,0,Forsyth,2022-04-26
3,22,2,20,2,Rowan,2022-04-26
0,9,1,8,0,Carteret,2022-04-26
0,1,0,1,0,Mitchell,2022-04-26
2,20,2,18,0,Chatham,2022-04-26
0,12,0,12,0,Richmond,2022-02-22
0,9,1,8,0,Alleghany,2022-02-22
2,39,7,32,4,New Hanover,2022-02-22
2,14,3,11,1,Gaston,2022-02-25
1,8,1,7,0,Stokes,2022-02-25
2,8,0,8,1,Richmond,2022-02-25
0,8,3,5,0,Chatham,2022-02-25
1,32,14,18,0,Catawba,2022-02-25
3,11,4,7,0,Randolph,2022-05-04
10,126,29,97,0,Forsyth,2022-05-04
0,3,1,2,0,Bertie,2022-05-04
1,15,1,14,0,Franklin,2022-02-25
8,89,23,66,0,Cumberland,2022-05-04
1,15,1,14,0,Watauga,2022-05-04
1,3,0,3,1,Martin,2022-02-28
1,35,6,29,0,Alamance,2022-02-28
3,43,13,30,1,Forsyth,2022-02-28
0,9,1,8,0,Halifax,2022-02-28
0,8,0,8,0,Stokes,2022-05-04
0,5,4,1,0,Greene,2022-02-28
0,9,3,6,0,Randolph,2022-03-04
3,18,2,16,2,Cumberland,2022-03-04
0,10,3,7,1,Davidson,2022-03-04
7,59,14,45,0,Forsyth,2022-05-07
0,7,4,3,0,Vance,2022-05-07
4,91,15,76,0,Guilford,2022-05-07
1,29,10,19,0,Johnston,2022-05-07
0,11,5,6,0,Iredell,2022-03-09
0,2,0,2,0,Columbus,2022-03-09
1,38,5,33,0,Union,2022-05-07
1,22,8,14,0,New Hanover,2022-05-07
0,7,1,6,0,Haywood,2022-05-07
0,1,0,1,0,Yancey,2022-05-07
1,5,1,4,0,Caldwell,2022-03-11
0,1,0,1,0,Montgomery,2022-03-17
1,6,3,3,0,Iredell,2022-03-17
0,8,5,3,0,Forsyth,2022-03-27
0,10,6,4,0,Cumberland,2022-03-27
0,3,1,2,0,Burke,2022-03-27
0,1,0,1,0,Lenoir,2022-04-06
0,12,4,8,0,Chatham,2022-04-06
0,3,1,2,0,Rowan,2022-04-16
1,15,3,12,0,Gaston,2022-04-16
4,28,16,12,0,Iredell,2022-04-18
1,8,3,5,0,Catawba,2022-04-16
0,3,0,3,0,Bertie,2022-04-18
0,8,0,8,0,Dare,2022-04-26
1,48,6,42,0,Union,2022-04-26
0,18,8,10,0,Randolph,2022-04-26
1,5,0,5,0,Lee,2022-04-26
3,20,3,17,0,Onslow,2022-04-26
3,22,13,9,0,Wayne,2022-05-04
3,17,2,15,0,Granville,2022-05-04
2,22,11,11,0,Henderson,2022-05-04
1,14,3,11,0,Lee,2022-05-04
0,1,0,1,0,Northampton,2022-05-07
4,17,3,14,0,Catawba,2022-05-07
1,20,5,15,0,Gaston,2022-05-07
4,9,2,7,0,Hoke,2022-05-07
17,178,42,136,0,Forsyth,2022-05-26
31,208,32,176,0,Guilford,2022-05-26
5,50,9,41,0,Rowan,2022-05-26
2,27,8,19,0,Lincoln,2022-05-26
1,8,0,8,0,Caswell,2022-05-26
1,19,3,16,0,Lee,2022-05-26
5,61,33,28,0,Iredell,2022-05-26
1,15,4,11,0,Stanly,2022-05-26
5,31,11,20,0,Rockingham,2022-05-26
4,28,10,18,0,Burke,2022-05-26
1,14,0,14,0,Caldwell,2022-05-26
2,12,3,9,0,Halifax,2022-05-26
0,6,1,5,0,Currituck,2022-05-26
17,154,33,121,0,Guilford,2022-06-03
6,67,13,54,0,Union,2022-06-03
5,44,9,35,0,Davidson,2022-06-03
2,32,14,18,0,Carteret,2022-06-03
1,9,6,3,0,Lenoir,2022-06-03
6,35,17,18,0,Craven,2022-06-03
0,15,2,13,0,Rockingham,2022-06-03
8,65,10,55,1,Gaston,2022-06-03
10,52,27,25,0,Robeson,2022-06-03
13,127,34,93,0,Forsyth,2022-06-09
1,12,2,10,0,Yadkin,2022-06-09
4,21,10,11,0,Carteret,2022-06-09
27,204,20,184,1,Guilford,2022-06-09
7,23,4,19,0,Vance,2022-06-09
8,75,8,67,1,Gaston,2022-06-09
3,19,6,13,0,Lenoir,2022-06-09
8,65,9,56,0,Pitt,2022-06-09
2,26,11,15,0,Surry,2022-06-09
5,55,10,45,0,New Hanover,2022-06-09
3,6,0,6,1,Bertie,2022-06-09
0,9,0,9,0,Pender,2022-06-09
2,30,3,27,1,Cabarrus,2022-06-12
5,64,12,52,0,Cumberland,2022-06-12
4,17,9,8,0,Davie,2022-06-12
0,2,0,2,0,Montgomery,2022-06-12
2,11,2,9,0,Martin,2022-06-13
9,84,51,33,0,Catawba,2022-06-13
3,31,17,14,0,Carteret,2022-06-13
7,67,18,49,0,Davidson,2022-06-13
3,31,8,23,1,Nash,2022-06-13
19,105,13,92,0,Gaston,2022-06-13
3,13,0,13,1,Rutherford,2022-06-12
3,41,8,33,0,Iredell,2022-06-13
8,32,11,21,0,Surry,2022-06-13
9,77,7,70,0,New Hanover,2022-06-13
0,6,1,5,0,Montgomery,2022-06-13
2,22,15,7,0,Scotland,2022-06-13
1,16,6,10,0,Jackson,2022-06-13
3,59,11,48,0,Brunswick,2022-06-13
4,21,2,19,0,Beaufort,2022-06-13
9,81,13,68,0,Guilford,2022-06-18
2,31,3,28,0,Lincoln,2022-06-18
0,11,7,4,0,Henderson,2022-06-18
0,12,3,9,2,Rockingham,2022-06-18
3,5,2,3,0,Columbus,2022-06-18
0,10,7,3,0,Sampson,2022-06-18
3,16,4,12,0,Caldwell,2022-06-18
2,34,6,28,0,Onslow,2022-06-18
0,7,1,6,1,Burke,2022-06-18
0,13,1,12,0,Pender,2022-06-03
1,6,2,4,0,Martin,2022-06-03
1,20,13,7,0,Scotland,2022-06-03
4,26,12,14,0,Cleveland,2022-06-03
18,73,39,34,0,Robeson,2022-06-23
9,40,16,24,0,Randolph,2022-06-23
33,156,25,131,1,Forsyth,2022-06-23
61,516,35,481,1,Wake,2022-06-23
11,31,21,10,1,Wilkes,2022-06-23
2,16,4,12,0,Bladen,2022-06-23
18,119,26,93,0,Cumberland,2022-06-23
2,7,5,2,0,Yancey,2022-06-09
0,24,4,20,0,Burke,2022-06-23
2,27,7,20,0,Nash,2022-06-23
2,11,3,8,0,Watauga,2022-06-24
6,39,8,31,0,Rowan,2022-06-24
12,68,9,59,0,Onslow,2022-06-23
19,151,17,134,2,Guilford,2022-06-24
0,1,0,1,0,Tyrrell,2022-06-24
5,35,13,22,0,Henderson,2022-06-24
1,15,0,15,0,Stanly,2022-06-24
3,40,6,34,0,Harnett,2022-06-24
2,17,8,9,0,Sampson,2022-06-24
8,55,9,46,0,Brunswick,2022-06-09
3,29,5,24,0,Brunswick,2022-06-25
0,12,11,1,1,Haywood,2022-06-25
6,69,20,49,1,Cumberland,2022-06-25
3,8,4,4,0,Columbus,2022-06-24
1,2,0,2,0,Clay,2022-06-25
4,26,17,9,0,Randolph,2022-06-25
8,54,10,44,1,Onslow,2022-06-24
5,37,12,25,0,Wayne,2022-06-25
8,49,15,34,0,Buncombe,2022-06-25
1,31,2,29,0,Orange,2022-06-25
4,48,7,41,0,Onslow,2022-06-25
5,30,4,26,0,Harnett,2022-06-12
1,6,1,5,0,Avery,2022-06-12
1,11,1,10,0,Granville,2022-06-12
2,18,1,17,0,Pender,2022-06-13
9,50,11,39,0,Gaston,2022-06-25
2,10,3,7,0,Halifax,2022-06-12
0,2,1,1,0,Jones,2022-06-12
11,32,5,27,1,Cleveland,2022-06-13
2,6,0,6,0,Watauga,2022-06-12
7,36,11,25,0,Halifax,2022-06-13
1,24,5,19,0,Chatham,2022-06-13
1,18,8,10,0,Greene,2022-06-13
2,11,3,8,0,Cherokee,2022-06-13
1,10,6,4,0,Mitchell,2022-06-13
0,2,1,1,0,Currituck,2022-06-18
0,15,6,9,0,Haywood,2022-06-18
18,127,15,112,0,Forsyth,2022-07-01
14,50,13,37,0,Iredell,2022-07-01
6,25,9,16,0,Richmond,2022-07-01
2,17,1,16,0,Rockingham,2022-07-01
3,26,5,21,0,Chatham,2022-07-01
10,89,11,78,0,Gaston,2022-07-01
9,74,18,56,0,New Hanover,2022-07-01
5,23,7,16,0,Columbus,2022-07-01
4,50,25,25,0,Catawba,2022-07-01
5,35,9,26,0,Franklin,2022-07-01
5,38,17,21,0,Carteret,2022-07-01
2,17,5,12,0,Hoke,2022-07-01
13,79,8,71,0,Union,2022-07-01
7,91,16,75,0,Forsyth,2022-07-03
3,23,6,17,0,Lincoln,2022-07-03
26,238,49,189,0,Wake,2022-07-03
8,82,11,71,2,Guilford,2022-07-03
2,27,6,21,1,Caldwell,2022-07-03
1,30,18,12,0,Henderson,2022-07-03
0,8,2,6,0,Chatham,2022-07-03
1,24,5,19,0,Onslow,2022-07-03
1,14,1,13,0,Rockingham,2022-07-03
0,8,6,2,0,Haywood,2022-07-03
3,15,3,12,0,Rutherford,2022-06-23
2,22,14,8,0,Sampson,2022-06-23
2,9,6,3,0,Pasquotank,2022-06-23
0,7,1,6,0,Greene,2022-06-23
8,29,14,15,0,Stokes,2022-06-24
5,24,1,23,0,Halifax,2022-06-24
3,19,4,15,0,Rockingham,2022-06-24
5,14,4,10,0,Vance,2022-06-24
1,16,7,9,0,Haywood,2022-06-24
5,19,3,16,0,Caldwell,2022-06-24
4,25,3,22,0,Harnett,2022-06-25
2,5,0,5,0,Anson,2022-06-25
14,237,47,190,1,Forsyth,2022-02-08
0,5,0,5,0,Bertie,2022-07-01
2,25,1,24,0,Caswell,2022-02-08
7,51,14,37,0,Granville,2022-02-08
46,578,109,469,11,Mecklenburg,2022-02-08
9,65,18,47,1,Henderson,2022-02-08
0,8,2,6,0,Mitchell,2022-07-01
4,74,18,56,3,Robeson,2022-02-08
16,292,72,220,2,Cumberland,2022-02-08
8,52,26,26,0,Watauga,2022-02-08
2,30,11,19,0,Alexander,2022-02-08
6,96,30,66,3,Burke,2022-02-08
73,521,61,460,0,Mecklenburg,2022-07-14
16,94,11,83,0,Pitt,2022-07-14
9,72,11,61,0,Caldwell,2022-02-08
0,6,2,4,0,Currituck,2022-07-01
6,53,5,48,1,Harnett,2022-07-14
4,58,27,31,1,Rutherford,2022-02-08
6,33,6,27,0,Halifax,2022-07-14
1,9,2,7,0,Bertie,2022-07-14
1,23,4,19,0,Halifax,2022-02-08
5,43,5,38,0,Burke,2022-07-14
1,16,1,15,0,Pamlico,2022-02-08
1,15,7,8,0,Person,2022-07-14
9,91,16,75,0,Onslow,2022-07-14
9,60,14,46,1,McDowell,2022-02-08
0,8,1,7,0,Currituck,2022-07-14
1,5,0,5,0,Currituck,2022-02-08
3,26,6,20,0,Rowan,2022-07-03
10,49,27,22,0,Henderson,2022-07-14
8,39,24,15,0,Randolph,2022-07-14
0,34,10,24,2,Sampson,2022-02-08
3,8,3,5,0,Montgomery,2022-07-14
4,45,15,30,1,Haywood,2022-02-08
10,64,9,55,1,Rockingham,2022-02-09
4,19,5,14,0,Granville,2022-07-03
1,1,0,1,0,Montgomery,2022-07-03
6,45,3,42,1,Stanly,2022-02-09
3,31,6,25,0,Person,2022-02-08
14,115,48,67,4,Catawba,2022-02-09
9,62,20,42,0,Surry,2022-02-09
12,108,34,74,1,Johnston,2022-02-09
5,16,2,14,0,Pender,2022-07-03
5,106,45,61,2,Iredell,2022-02-09
28,168,39,129,3,Gaston,2022-02-09
6,88,23,65,1,New Hanover,2022-02-09
9,92,34,58,3,Henderson,2022-02-09
4,50,19,31,0,Iredell,2022-07-16
3,29,11,18,0,Henderson,2022-07-16
4,24,13,11,0,Halifax,2022-07-16
21,197,37,160,3,Forsyth,2022-02-09
3,60,8,52,3,Cleveland,2022-02-09
1,6,0,6,0,Montgomery,2022-07-16
9,57,4,53,1,Johnston,2022-07-16
0,10,0,10,0,Dare,2022-07-16
0,9,1,8,0,Currituck,2022-02-09
1,14,1,13,0,Chatham,2022-07-16
1,18,4,14,0,Granville,2022-07-23
1,10,5,5,0,Davie,2022-07-23
4,28,5,23,0,Rutherford,2022-07-23
10,103,10,93,0,Forsyth,2022-07-23
0,5,3,2,0,Warren,2022-07-23
1,6,4,2,0,Jackson,2022-07-23
12,62,13,49,0,Iredell,2022-07-23
1,5,1,4,0,Greene,2022-07-23
7,32,15,17,0,Henderson,2022-07-23
4,17,3,14,0,Halifax,2022-07-23
2,9,2,7,0,Northampton,2022-07-23
1,11,3,8,0,Bladen,2022-02-08
0,16,1,15,1,Montgomery,2022-02-08
8,43,23,20,0,Columbus,2022-02-08
1,8,2,6,0,Columbus,2022-07-31
15,109,18,91,1,Forsyth,2022-07-31
8,45,25,20,0,Robeson,2022-07-31
7,28,27,1,0,Avery,2022-07-31
15,56,23,33,0,Iredell,2022-07-31
2,33,7,26,0,Brunswick,2022-07-31
9,35,4,31,0,Edgecombe,2022-07-14
2,9,0,9,0,Anson,2022-07-31
10,26,6,20,0,Lee,2022-07-14
1,22,14,8,0,Haywood,2022-07-14
1,10,5,5,0,Transylvania,2022-07-14
1,43,1,42,1,Stanly,2022-02-08
5,21,3,18,0,Rutherford,2022-07-14
4,27,7,20,0,Lee,2022-08-03
8,70,15,55,1,Rowan,2022-08-03
8,40,14,26,0,Rockingham,2022-08-03
32,223,37,186,0,Guilford,2022-08-03
2,24,9,15,0,Yadkin,2022-08-03
3,23,11,12,0,Stokes,2022-08-03
5,23,12,11,0,Davie,2022-08-03
10,127,18,109,0,Onslow,2022-08-03
4,24,5,19,3,Lenoir,2022-02-09
10,98,19,79,0,Johnston,2022-08-03
1,19,1,18,0,Chatham,2022-08-03
26,110,22,88,0,Gaston,2022-08-03
8,45,5,40,0,Rowan,2022-07-16
2,15,7,8,0,Swain,2022-08-03
5,25,13,12,0,Columbus,2022-02-09
29,169,15,154,0,Forsyth,2022-08-05
4,23,1,22,0,Chatham,2022-08-05
5,22,5,17,0,Richmond,2022-08-03
9,78,31,47,0,Robeson,2022-08-03
4,46,10,36,0,Onslow,2022-07-16
6,41,23,18,0,Robeson,2022-07-16
3,32,4,28,0,Stokes,2022-02-09
7,46,7,39,0,Alamance,2022-08-05
21,176,18,158,0,Guilford,2022-08-05
16,66,8,58,0,Rowan,2022-08-05
15,77,14,63,0,Johnston,2022-08-05
2,13,3,10,0,Stokes,2022-07-16
1,15,2,13,0,Pender,2022-08-05
2,6,2,4,0,Greene,2022-08-06
3,40,4,36,0,Alamance,2022-08-06
3,23,4,19,0,Cleveland,2022-08-06
5,28,8,20,0,Beaufort,2022-08-05
6,61,10,51,0,Johnston,2022-08-06
7,36,7,29,0,Davidson,2022-08-06
8,28,9,19,0,Granville,2022-08-05
2,13,6,7,0,Jackson,2022-08-05
3,19,5,14,0,Surry,2022-08-06
0,6,0,6,0,Beaufort,2022-08-06
4,17,7,10,0,Wilkes,2022-08-06
0,9,6,3,0,Hertford,2022-07-23
4,23,11,12,0,Stokes,2022-07-23
0,3,0,3,0,Gates,2022-07-23
4,29,7,22,0,Surry,2022-07-23
0,6,1,5,0,Avery,2022-07-23
0,16,2,14,0,Stanly,2022-07-23
9,35,7,28,0,Harnett,2022-07-31
2,10,0,10,0,Cherokee,2022-07-31
2,21,8,13,0,Lee,2022-07-31
5,17,1,16,0,Rockingham,2022-07-31
4,16,3,13,0,Granville,2022-07-31
1,23,10,13,0,Haywood,2022-08-03
7,41,19,22,1,Randolph,2022-08-03
0,5,3,2,0,Mitchell,2022-08-03
2,31,2,29,0,Stanly,2022-08-03
0,2,0,2,0,Currituck,2022-08-03
1,9,1,8,0,Warren,2022-08-03
1,9,1,8,0,Bertie,2022-08-03
0,8,0,8,0,Dare,2022-08-05
1,5,2,3,0,Warren,2022-08-05
2,11,2,9,0,Columbus,2022-08-05
0,15,1,14,1,Pender,2022-08-06
0,5,2,3,0,Perquimans,2022-08-06
1,8,2,6,0,Alexander,2022-02-13
1,7,4,3,1,Sampson,2022-02-13
0,7,1,6,0,Edgecombe,2022-02-13
1,4,0,4,0,Martin,2022-02-15
0,11,0,11,0,Macon,2022-02-15
1,8,0,8,0,Montgomery,2022-02-15
0,26,6,20,0,Hoke,2022-02-15
1,11,2,9,1,Yadkin,2022-02-21
0,14,10,4,1,Haywood,2022-02-22
1,12,5,7,0,Sampson,2022-02-22
1,11,0,11,0,Dare,2022-02-21
3,9,2,7,0,Greene,2022-02-21
4,21,0,21,0,Onslow,2022-02-21
0,7,1,6,1,Clay,2022-02-21
4,16,1,15,0,Cleveland,2022-02-25
1,20,7,13,0,Carteret,2022-02-22
0,3,0,3,0,Martin,2022-02-22
3,31,7,24,0,Johnston,2022-02-25
0,6,3,3,0,Yadkin,2022-02-25
1,11,5,6,0,Yadkin,2022-02-22
2,13,4,9,0,Surry,2022-02-25
1,12,1,11,0,Pender,2022-02-22
0,7,0,7,1,Rowan,2022-02-27
0,8,1,7,0,Randolph,2022-02-27
0,7,0,7,0,Beaufort,2022-02-28
0,6,1,5,0,Lee,2022-03-04
0,9,1,8,1,Watauga,2022-03-04
1,6,0,6,0,Bertie,2022-02-25
1,25,9,16,1,Forsyth,2022-03-09
0,4,1,3,0,Chatham,2022-02-27
1,3,1,2,2,Haywood,2022-03-09
0,6,1,5,1,Onslow,2022-02-27
1,4,1,3,0,Watauga,2022-03-11
1,8,3,5,0,Robeson,2022-03-17
0,7,1,6,0,Onslow,2022-03-04
2,10,1,9,0,Harnett,2022-03-04
1,2,0,2,0,Alleghany,2022-03-04
0,2,0,2,0,Nash,2022-03-27
0,11,1,10,0,Randolph,2022-03-09
1,7,0,7,1,Harnett,2022-03-11
1,2,0,2,0,Columbus,2022-03-11
2,22,1,21,0,Cumberland,2022-04-06
1,27,10,17,0,Guilford,2022-04-06
0,2,0,2,0,Macon,2022-04-26
1,6,0,6,0,Northampton,2022-04-26
4,16,8,8,0,Haywood,2022-05-04
1,27,5,22,0,Harnett,2022-05-04
2,4,2,2,0,Montgomery,2022-05-04
0,3,3,0,0,Pamlico,2022-05-04
1,17,2,15,0,Franklin,2022-05-07
0,2,0,2,0,Richmond,2022-05-07
3,29,5,24,0,Granville,2022-05-26
2,6,2,4,0,Montgomery,2022-05-26
1,3,2,1,0,Northampton,2022-05-26
1,15,6,9,0,Davie,2022-05-26
1,25,11,14,0,Henderson,2022-05-26
1,37,7,30,0,Chatham,2022-05-26
0,5,2,3,0,Pamlico,2022-05-26
2,9,2,7,0,Lee,2022-06-03
5,35,12,23,1,Randolph,2022-06-03
0,8,0,8,0,Jackson,2022-06-03
1,12,3,9,0,Yadkin,2022-06-03
0,9,2,7,0,Martin,2022-06-09
1,8,0,8,0,Anson,2022-06-09
2,16,7,9,0,Beaufort,2022-06-09
0,5,1,4,0,Northampton,2022-06-12
0,1,0,1,0,Anson,2022-06-12
4,16,3,13,0,Nash,2022-06-12
0,8,4,4,0,Swain,2022-06-13
0,12,0,12,0,Dare,2022-06-13
4,18,5,13,0,Columbus,2022-06-13
1,9,2,7,0,Northampton,2022-06-18
2,15,3,12,0,Rowan,2022-06-18
0,2,0,2,0,Caswell,2022-06-18
1,6,2,4,0,Clay,2022-06-23
3,40,13,27,1,Harnett,2022-06-23
2,27,9,18,0,Granville,2022-06-23
3,9,0,9,0,Greene,2022-06-24
0,9,4,5,0,Lee,2022-06-24
0,2,1,1,0,Chowan,2022-02-13
0,14,2,12,2,Rockingham,2022-02-13
2,27,6,21,0,Moore,2022-02-13
1,11,1,10,0,Columbus,2022-02-13
2,32,6,26,1,Rowan,2022-02-13
2,41,13,28,2,Johnston,2022-02-13
2,56,5,51,0,Orange,2022-02-15
6,108,41,67,0,Buncombe,2022-02-15
5,61,12,49,0,Pitt,2022-02-15
3,30,12,18,4,Surry,2022-02-15
1,43,10,33,0,Cleveland,2022-02-15
2,14,0,14,0,Edgecombe,2022-02-15
3,31,15,16,1,Watauga,2022-02-15
24,324,63,261,4,Mecklenburg,2022-02-15
0,23,6,17,0,Cherokee,2022-02-15
0,7,0,7,0,Anson,2022-02-15
2,30,7,23,0,Craven,2022-02-15
1,22,4,18,1,Davie,2022-02-15
2,48,10,38,3,Brunswick,2022-02-15
7,46,7,39,1,Caldwell,2022-02-15
6,42,6,36,1,Harnett,2022-02-15
4,27,2,25,3,Nash,2022-02-15
1,25,11,14,0,Sampson,2022-02-21
2,47,15,32,1,Cabarrus,2022-02-21
0,22,1,21,0,Stanly,2022-02-21
0,5,2,3,0,Polk,2022-02-21
3,81,4,77,1,Durham,2022-02-21
9,38,19,19,2,Henderson,2022-02-21
3,22,10,12,0,Granville,2022-02-21
2,23,15,8,0,Wayne,2022-02-21
10,94,12,82,3,Forsyth,2022-02-22
1,13,4,9,1,Wilson,2022-02-21
13,114,6,108,2,Cumberland,2022-02-22
1,7,4,3,0,Jones,2022-02-21
3,41,6,35,1,Johnston,2022-02-22
10,212,16,196,1,Wake,2022-02-25
1,19,1,18,0,Orange,2022-02-25
2,54,17,37,2,Buncombe,2022-02-25
4,42,4,38,3,Cumberland,2022-02-25
0,3,1,2,1,Cherokee,2022-02-25
1,5,0,5,0,Vance,2022-02-25
0,6,1,5,0,McDowell,2022-02-25
3,76,14,62,0,Wake,2022-02-27
1,11,3,8,1,Cumberland,2022-02-27
1,20,3,17,0,Craven,2022-02-25
0,10,0,10,2,Caldwell,2022-02-25
0,4,2,2,0,Craven,2022-02-27
5,66,11,55,1,Mecklenburg,2022-02-27
1,16,2,14,0,Franklin,2022-02-28
6,28,2,26,0,Pitt,2022-02-28
3,26,16,10,0,Ashe,2022-02-25
9,129,23,106,2,Mecklenburg,2022-02-28
0,7,0,7,0,Pitt,2022-02-27
0,6,2,4,0,Nash,2022-02-27
0,10,2,8,2,New Hanover,2022-02-27
2,27,11,16,0,Johnston,2022-02-28
1,20,3,17,1,Cabarrus,2022-02-28
2,17,3,14,0,Moore,2022-02-28
0,1,0,1,0,Anson,2022-03-04
0,1,1,0,0,Mitchell,2022-03-04
1,5,1,4,0,Rutherford,2022-03-04
0,4,2,2,0,Yadkin,2022-03-04
0,10,0,10,0,New Hanover,2022-03-04
0,13,1,12,0,Brunswick,2022-03-04
0,10,1,9,0,Moore,2022-03-04
1,5,1,4,0,Jackson,2022-03-04
2,17,5,12,0,New Hanover,2022-03-09
2,34,2,32,1,Durham,2022-03-09
4,90,9,81,1,Wake,2022-03-17
0,5,2,3,1,Gaston,2022-03-17
2,29,5,24,1,Wake,2022-03-27
3,74,3,71,1,Durham,2022-04-06
6,108,19,89,0,Mecklenburg,2022-04-06
0,15,2,13,0,Union,2022-04-06
1,4,0,4,1,Nash,2022-04-06
14,176,15,161,0,Wake,2022-04-06
1,57,2,55,0,Orange,2022-04-06
4,28,2,26,2,Davidson,2022-02-13
3,21,7,14,2,Randolph,2022-02-13
1,4,1,3,0,Pender,2022-02-13
3,28,8,20,0,Jackson,2022-02-15
1,39,10,29,2,Moore,2022-02-15
5,111,16,95,0,Mecklenburg,2022-04-16
1,5,2,3,1,Nash,2022-04-16
0,16,4,12,0,Brunswick,2022-04-16
11,181,29,152,1,Wake,2022-04-16
3,11,7,4,0,Randolph,2022-04-18
1,3,0,3,0,Hoke,2022-04-16
7,58,13,45,0,Forsyth,2022-04-18
1,12,0,12,0,Pitt,2022-04-18
2,26,11,15,0,Buncombe,2022-04-16
19,234,47,187,1,Mecklenburg,2022-04-18
1,29,8,21,0,Cabarrus,2022-04-18
4,17,1,16,0,Brunswick,2022-04-18
4,22,14,8,0,Avery,2022-02-15
2,26,15,11,1,Rutherford,2022-02-15
1,18,3,15,0,Onslow,2022-04-18
1,14,5,9,0,Watauga,2022-04-18
3,24,8,16,1,Wilkes,2022-02-15
11,155,6,149,0,Durham,2022-04-26
1,20,3,17,0,Cleveland,2022-04-26
2,23,5,18,0,Harnett,2022-04-26
2,39,6,33,0,Brunswick,2022-04-26
0,13,5,8,0,Surry,2022-04-26
3,57,6,51,0,Orange,2022-04-26
0,15,10,5,0,Burke,2022-04-26
5,34,7,27,0,Moore,2022-02-21
0,26,10,16,0,Watauga,2022-02-21
1,7,2,5,0,Chowan,2022-02-21
2,18,11,7,0,Columbus,2022-02-21
2,15,2,13,0,Stanly,2022-02-22
3,22,6,16,0,Wayne,2022-02-22
3,22,7,15,1,Henderson,2022-02-22
1,10,3,7,0,Person,2022-02-22
3,23,7,16,0,Franklin,2022-02-21
10,43,9,34,2,Alamance,2022-02-22
3,7,3,4,0,Montgomery,2022-02-22
4,41,14,27,0,Cabarrus,2022-02-22
3,19,1,18,1,Watauga,2022-02-25
33,626,79,547,0,Wake,2022-05-04
2,15,5,10,0,Sampson,2022-02-25
0,10,5,5,1,Duplin,2022-02-25
3,15,1,14,0,Nash,2022-02-25
0,3,0,3,0,Carteret,2022-02-27
2,73,4,69,0,Orange,2022-05-04
2,7,1,6,0,Jackson,2022-05-04
3,22,7,15,0,Harnett,2022-02-25
1,8,4,4,2,Catawba,2022-02-27
3,11,2,9,0,Granville,2022-02-28
4,19,7,12,0,Lincoln,2022-05-04
3,65,12,53,0,Brunswick,2022-05-04
2,21,8,13,2,Guilford,2022-02-27
0,3,2,1,0,Mitchell,2022-05-04
1,22,1,21,0,Orange,2022-02-28
1,18,6,12,0,Catawba,2022-03-04
0,3,1,2,0,Avery,2022-06-24
5,33,1,32,0,Caldwell,2022-06-23
3,14,11,3,0,Wilkes,2022-06-25
0,4,4,0,0,Sampson,2022-06-25
1,6,1,5,0,Northampton,2022-06-24
0,3,0,3,0,Madison,2022-06-25
0,6,1,5,0,Pasquotank,2022-06-25
2,9,6,3,0,Columbus,2022-06-25
3,15,4,11,0,Nash,2022-06-25
2,9,3,6,0,Vance,2022-06-25
2,13,1,12,1,Stokes,2022-07-01
2,10,2,8,0,Northampton,2022-07-01
1,17,8,9,1,Lenoir,2022-07-01
0,6,0,6,0,Caswell,2022-07-01
2,32,6,26,0,Caldwell,2022-07-14
0,6,0,6,0,Warren,2022-02-08
1,3,2,1,0,Pamlico,2022-07-14
0,13,2,11,0,Caswell,2022-02-09
1,17,0,17,0,Perquimans,2022-02-09
0,17,5,12,0,Lee,2022-07-16
5,41,7,34,0,Alamance,2022-07-16
5,16,13,3,0,Columbus,2022-07-16
2,13,0,13,0,Dare,2022-07-23
1,6,0,6,0,Caswell,2022-07-23
1,4,0,4,0,Bladen,2022-07-31
0,2,1,1,0,Camden,2022-07-31
2,5,0,5,0,Hyde,2022-08-03
3,39,20,19,0,Randolph,2022-08-05
0,3,0,3,0,Gates,2022-08-03
1,17,8,9,0,Columbus,2022-08-03
0,5,0,5,0,Caswell,2022-08-05
3,15,2,13,0,Lee,2022-08-05
2,19,0,19,0,Hoke,2022-08-06
0,3,0,3,0,Montgomery,2022-08-06
1,3,0,3,0,Martin,2022-08-06
1,10,5,5,0,Yancey,2022-08-05
3,28,9,19,0,Iredell,2022-08-06
0,3,0,3,0,Dare,2022-08-06
2,6,0,6,0,Halifax,2022-02-13
1,7,0,7,0,Northampton,2022-02-15
0,7,0,7,0,Caswell,2022-02-15
4,11,3,8,0,Mitchell,2022-02-21
0,10,1,9,0,Martin,2022-02-21
2,20,3,17,1,Stokes,2022-02-21
0,6,1,5,0,Vance,2022-02-22
0,2,0,2,0,Alexander,2022-02-22
0,6,1,5,1,Lenoir,2022-02-25
0,5,1,4,0,Anson,2022-02-28
0,1,0,1,0,Columbus,2022-03-04
0,4,3,1,0,Ashe,2022-02-27
0,10,2,8,0,Surry,2022-03-09
0,1,0,1,0,Pender,2022-02-28
0,9,4,5,2,Lenoir,2022-02-28
0,2,1,1,0,Halifax,2022-03-11
1,16,3,13,1,Johnston,2022-02-27
0,2,0,2,3,Rockingham,2022-03-09
1,3,1,2,0,Mitchell,2022-02-28
0,8,1,7,1,Onslow,2022-03-11
1,4,0,4,0,Haywood,2022-03-11
2,7,5,2,1,Henderson,2022-03-11
0,2,0,2,0,Rockingham,2022-03-11
0,1,0,1,0,Granville,2022-03-17
0,2,0,2,0,Halifax,2022-03-17
3,7,3,4,1,Robeson,2022-03-09
1,6,5,1,0,Iredell,2022-03-27
0,1,0,1,0,Avery,2022-03-27
0,8,0,8,0,Dare,2022-03-09
0,1,0,1,0,Jones,2022-03-09
0,3,0,3,0,Jackson,2022-03-09
0,2,0,2,0,Surry,2022-03-17
0,1,0,1,0,Lee,2022-04-06
0,1,1,0,0,Northampton,2022-04-06
3,10,4,6,0,Iredell,2022-04-16
0,8,1,7,0,New Hanover,2022-04-16
0,1,0,1,0,Warren,2022-04-16
0,1,1,0,0,Yancey,2022-04-18
0,1,0,1,0,Hyde,2022-04-26
0,6,2,4,0,Currituck,2022-04-26
2,8,3,5,0,Lenoir,2022-05-04
0,5,0,5,0,Perquimans,2022-05-04
5,12,4,8,0,Halifax,2022-05-04
1,6,0,6,0,Burke,2022-05-04
0,3,1,2,0,Beaufort,2022-05-07
0,5,1,4,0,Yadkin,2022-05-07
0,2,1,1,0,Clay,2022-06-03
0,6,3,3,0,Northampton,2022-06-09
1,3,0,3,0,Perquimans,2022-06-13
6,27,11,16,0,Lenoir,2022-06-13
0,3,1,2,0,Chowan,2022-06-09
0,5,2,3,0,Pamlico,2022-06-09
1,4,0,4,0,Gates,2022-06-12
0,20,8,12,2,Henderson,2022-06-12
1,7,2,5,0,Bertie,2022-06-13
1,4,3,1,0,Warren,2022-06-18
2,5,2,3,1,Watauga,2022-06-18
1,12,2,10,0,Stanly,2022-06-23
1,4,2,2,0,Hertford,2022-06-23
1,10,4,6,0,Transylvania,2022-06-25
2,8,5,3,0,Watauga,2022-06-25
4,21,5,16,0,Burke,2022-06-24
1,7,4,3,0,Greene,2022-07-01
0,1,1,0,0,Martin,2022-07-03
0,1,0,1,0,Greene,2022-07-03
2,22,6,16,0,Alamance,2022-07-03
3,10,4,6,0,Martin,2022-07-01
1,4,0,4,0,Tyrrell,2022-02-08
1,9,0,9,0,Granville,2022-07-16
0,6,2,4,0,Northampton,2022-02-09
0,8,6,2,1,Haywood,2022-07-16
0,6,4,2,0,Montgomery,2022-07-23
2,4,1,3,0,Greene,2022-08-05
1,6,1,5,0,Warren,2022-07-31
1,8,3,5,0,Yancey,2022-08-03
0,2,1,1,0,Pasquotank,2022-02-13
3,10,2,8,0,Greene,2022-02-15
0,4,0,4,0,Currituck,2022-02-15
0,4,0,4,0,Greene,2022-02-22
0,3,0,3,1,Stanly,2022-02-28
1,7,0,7,0,Pender,2022-02-21
1,2,1,1,0,Montgomery,2022-02-28
3,10,9,1,0,Avery,2022-03-17
3,5,2,3,0,Yancey,2022-02-25
0,4,1,3,0,Halifax,2022-02-27
0,2,0,2,0,Gates,2022-02-28
0,6,3,3,0,Rowan,2022-04-06
0,6,3,3,0,Swain,2022-02-25
0,4,1,3,0,Richmond,2022-03-09
0,5,1,4,0,Nash,2022-04-18
1,5,1,4,0,Jackson,2022-04-18
0,2,0,2,0,Davie,2022-03-09
1,10,5,5,0,Robeson,2022-04-06
0,3,0,3,0,Columbus,2022-03-17
0,2,0,2,0,Brunswick,2022-03-27
1,5,2,3,0,Columbus,2022-05-04
0,5,2,3,0,Northampton,2022-05-04
0,10,3,7,0,Greene,2022-06-09
3,34,10,24,1,New Hanover,2022-02-13
3,41,8,33,0,Union,2022-02-13
4,46,14,32,3,Cabarrus,2022-02-13
2,60,5,55,3,Durham,2022-02-13
2,18,1,17,1,Carteret,2022-02-13
0,2,0,2,1,Lenoir,2022-02-13
2,51,9,42,2,Gaston,2022-02-13
2,22,10,12,0,Wilkes,2022-02-13
8,116,16,100,0,Cumberland,2022-02-15
7,75,15,60,4,Cabarrus,2022-02-15
6,101,4,97,1,Durham,2022-02-15
11,88,19,69,2,Johnston,2022-02-15
5,58,17,41,1,Burke,2022-02-15
5,58,23,35,1,Iredell,2022-02-15
5,44,17,27,0,Henderson,2022-02-15
1,30,5,25,1,Wilson,2022-02-15
3,22,8,14,2,Duplin,2022-02-15
1,36,12,24,3,Randolph,2022-02-21
6,42,5,37,0,Pitt,2022-02-21
10,78,32,46,0,Johnston,2022-02-21
14,107,22,85,0,Cumberland,2022-02-21
3,28,16,12,2,Robeson,2022-02-21
1,13,1,12,0,Lee,2022-02-21
1,23,4,19,0,Chatham,2022-02-21
3,25,5,20,1,Randolph,2022-02-22
0,32,10,22,1,Union,2022-02-22
0,10,0,10,0,Yancey,2022-02-21
3,20,3,17,0,Beaufort,2022-02-22
4,31,12,19,1,Ashe,2022-02-21
3,54,5,49,2,Onslow,2022-02-22
5,31,6,25,0,Rowan,2022-02-22
4,44,8,36,1,Davidson,2022-02-22
0,6,0,6,1,Northampton,2022-02-22
2,14,1,13,0,Franklin,2022-02-22
4,34,12,22,0,Robeson,2022-02-22
0,14,3,11,0,Hoke,2022-02-22
0,1,0,1,0,Hyde,2022-02-25
2,44,7,37,0,Durham,2022-02-25
1,12,6,6,2,Robeson,2022-02-25
0,1,0,1,0,Caswell,2022-02-27
1,13,2,11,0,Brunswick,2022-02-27
1,16,10,6,1,Cabarrus,2022-02-27
6,23,12,11,0,Haywood,2022-02-28
3,43,20,23,1,Catawba,2022-02-28
0,8,0,8,0,Sampson,2022-02-28
6,80,11,69,1,Cumberland,2022-02-28
2,24,9,15,0,Randolph,2022-02-28
5,42,4,38,0,Durham,2022-02-28
4,35,7,28,0,Onslow,2022-02-28
2,12,8,4,0,Columbus,2022-02-28
2,67,10,57,1,Mecklenburg,2022-03-04
0,4,0,4,0,Carteret,2022-03-04
0,5,3,2,0,Edgecombe,2022-03-04
1,15,2,13,1,Pitt,2022-03-04
0,8,2,6,0,Craven,2022-03-04
5,96,7,89,4,Wake,2022-03-09
0,12,4,8,1,Burke,2022-03-09
1,4,1,3,0,Ashe,2022-03-09
0,19,2,17,0,Durham,2022-03-11
0,1,0,1,0,Edgecombe,2022-03-11
1,41,1,40,0,Cumberland,2022-03-11
2,16,4,12,0,Catawba,2022-03-11
3,54,8,46,1,Mecklenburg,2022-03-11
0,49,17,32,2,Mecklenburg,2022-03-17
0,12,3,9,1,Wayne,2022-03-17
2,25,2,23,1,Durham,2022-03-17
0,15,5,10,0,Buncombe,2022-03-17
4,39,5,34,0,Mecklenburg,2022-03-27
0,1,0,1,0,Caldwell,2022-03-27
0,10,0,10,0,Orange,2022-03-27
1,32,6,26,1,Buncombe,2022-04-06
1,15,6,9,0,Johnston,2022-04-06
1,4,2,2,1,Moore,2022-04-06
2,24,3,21,1,Cleveland,2022-02-13
0,13,6,7,0,Chatham,2022-02-13
1,13,2,11,3,Wilson,2022-02-13
3,38,14,24,1,Catawba,2022-02-13
0,16,2,14,0,Orange,2022-02-13
3,17,3,14,1,Craven,2022-02-13
0,28,4,24,1,Brunswick,2022-02-13
0,2,1,1,0,Clay,2022-02-13
2,21,5,16,0,Cumberland,2022-04-16
4,52,2,50,0,Durham,2022-04-16
7,148,8,140,1,Durham,2022-04-18
4,37,13,24,0,Alamance,2022-04-18
0,3,0,3,0,Stanly,2022-04-16
7,46,2,44,0,Cumberland,2022-04-18
1,26,8,18,0,Johnston,2022-04-18
0,3,1,2,0,Pamlico,2022-04-18
1,11,2,9,0,Person,2022-02-15
2,23,8,15,0,Iredell,2022-04-26
2,19,8,11,2,Henderson,2022-04-26
0,3,0,3,0,Warren,2022-04-26
4,41,6,35,0,Johnston,2022-04-26
9,77,16,61,2,Cumberland,2022-04-26
5,37,4,33,1,Alamance,2022-04-26
0,10,2,8,0,Hoke,2022-04-26
4,39,14,25,0,Harnett,2022-02-21
0,4,0,4,0,Gates,2022-02-21
2,18,4,14,1,Edgecombe,2022-02-21
2,37,13,24,1,Iredell,2022-02-22
2,15,9,6,0,Ashe,2022-02-22
1,6,2,4,1,Macon,2022-02-22
2,27,5,22,2,Cabarrus,2022-02-25
3,9,1,8,0,Stanly,2022-02-25
9,184,14,170,0,Durham,2022-05-04
9,102,47,55,0,Buncombe,2022-05-04
41,400,52,348,2,Mecklenburg,2022-05-04
5,38,2,36,0,Pitt,2022-05-04
3,71,17,54,0,Cabarrus,2022-05-04
0,15,6,9,0,Wayne,2022-02-25
1,19,4,15,0,Henderson,2022-02-25
0,1,0,1,0,Gates,2022-02-25
4,73,20,53,1,Union,2022-05-04
0,5,1,4,0,Warren,2022-05-04
0,5,3,2,0,Richmond,2022-05-04
1,14,4,10,0,Nash,2022-05-04
0,3,0,3,0,Burke,2022-02-27
2,48,9,39,0,Onslow,2022-05-04
0,6,3,3,0,Ashe,2022-05-04
0,4,0,4,0,Rutherford,2022-02-27
4,34,18,16,0,Catawba,2022-05-04
4,61,10,51,0,New Hanover,2022-05-04
0,11,5,6,0,Wilkes,2022-03-04
0,15,2,13,0,Union,2022-03-04
0,3,1,2,0,Warren,2022-05-07
7,93,8,85,0,Durham,2022-05-07
1,7,2,5,0,Halifax,2022-05-07
3,11,1,10,0,Chatham,2022-05-07
0,3,2,1,0,Duplin,2022-03-09
0,3,2,1,1,Henderson,2022-03-09
0,15,7,8,0,Henderson,2022-05-07
0,13,2,11,0,Harnett,2022-03-09
3,14,8,6,0,Randolph,2022-05-07
0,6,0,6,0,Nash,2022-03-17
0,2,0,2,1,Greene,2022-02-13
2,36,14,22,2,Iredell,2022-02-13
7,62,9,53,1,Forsyth,2022-02-13
2,8,3,5,0,Avery,2022-02-13
5,91,24,67,3,Guilford,2022-02-13
1,13,0,13,0,Granville,2022-02-13
2,40,7,33,5,Cumberland,2022-02-13
10,99,33,66,6,Gaston,2022-02-15
23,452,62,390,4,Wake,2022-02-15
3,43,13,30,1,Lincoln,2022-02-15
10,198,41,157,2,Guilford,2022-02-15
14,105,49,56,1,Catawba,2022-02-15
2,29,2,27,0,Franklin,2022-02-15
1,16,7,9,0,Sampson,2022-02-15
2,9,2,7,1,Vance,2022-02-15
3,28,5,23,1,Rockingham,2022-02-15
2,69,16,53,1,New Hanover,2022-02-15
2,9,6,3,0,Washington,2022-02-15
7,40,14,26,0,McDowell,2022-02-15
1,22,5,17,2,Haywood,2022-02-15
11,55,9,46,1,Davidson,2022-02-15
3,26,2,24,1,Stokes,2022-02-15
3,13,3,10,0,Rutherford,2022-02-21
5,23,4,19,0,Cleveland,2022-02-21
0,17,7,10,1,McDowell,2022-02-21
1,35,6,29,0,Craven,2022-02-21
1,30,12,18,0,Surry,2022-02-21
13,228,41,187,1,Mecklenburg,2022-02-21
0,44,4,40,1,Orange,2022-02-21
3,23,4,19,0,Lincoln,2022-02-21
3,62,24,38,1,Iredell,2022-02-21
3,93,32,61,0,Buncombe,2022-02-21
2,26,5,21,1,Caldwell,2022-02-21
5,39,12,27,2,Burke,2022-02-21
2,19,6,13,0,Madison,2022-02-21
12,182,31,151,1,Mecklenburg,2022-02-22
1,16,4,12,0,Wilson,2022-02-22
1,7,1,6,0,Lenoir,2022-02-22
3,41,11,30,2,Union,2022-02-21
6,71,4,67,1,Durham,2022-02-22
2,22,7,15,0,Wilkes,2022-02-21
4,42,6,36,0,Pitt,2022-02-22
0,27,1,26,1,Harnett,2022-02-22
3,10,2,8,0,Rutherford,2022-02-22
7,76,37,39,0,Buncombe,2022-02-22
1,31,5,26,0,Moore,2022-02-22
4,13,1,12,1,Nash,2022-02-22
2,11,4,7,1,Jackson,2022-02-22
2,31,1,30,0,Orange,2022-02-22
1,34,2,32,0,Brunswick,2022-02-22
3,22,7,15,2,Surry,2022-02-22
0,11,1,10,0,Cherokee,2022-02-22
5,137,28,109,1,Mecklenburg,2022-02-25
2,20,1,19,1,Pitt,2022-02-25
,0,0,0,0,Alexander,2022-03-06
,0,0,0,0,Alexander,2022-03-20
,0,0,0,0,Alexander,2022-03-26
,0,0,0,0,Alexander,2022-03-27
,0,0,0,0,Alexander,2022-03-28
,0,0,0,0,Alexander,2022-03-29
,0,0,0,0,Alexander,2022-03-30
,0,0,0,0,Alexander,2022-04-01
,0,0,0,0,Alexander,2022-04-02
,0,0,0,0,Alexander,2022-04-03
,0,0,0,0,Alexander,2022-04-07
,0,0,0,0,Alexander,2022-04-09
,0,0,0,0,Alexander,2022-04-10
,0,0,0,0,Alexander,2022-04-15
,0,0,0,0,Alexander,2022-04-17
,0,0,0,0,Alexander,2022-04-23
,0,0,0,0,Alexander,2022-05-01
,0,0,0,0,Alexander,2022-06-05
,0,0,0,0,Alexander,2022-06-19
,0,0,0,0,Alleghany,2022-02-12
,0,0,0,0,Alleghany,2022-02-27
,0,0,0,0,Alleghany,2022-03-06
,0,0,0,0,Alleghany,2022-03-07
,0,0,0,0,Alleghany,2022-03-08
,0,0,0,0,Alleghany,2022-03-11
,0,0,0,0,Alleghany,2022-03-12
,0,0,0,0,Alleghany,2022-03-13
,0,0,0,0,Alleghany,2022-03-14
,0,0,0,0,Alleghany,2022-03-15
,0,0,0,0,Alleghany,2022-03-17
,0,0,0,0,Alleghany,2022-03-21
,0,0,0,0,Alleghany,2022-03-22
,0,0,0,0,Alleghany,2022-03-24
,0,0,0,0,Alleghany,2022-03-25
,0,0,0,0,Alleghany,2022-03-26
,0,0,0,0,Alleghany,2022-03-27
,0,0,0,0,Alleghany,2022-03-28
,0,0,0,0,Alleghany,2022-03-31
,0,0,0,0,Alleghany,2022-04-01
,0,0,0,0,Alleghany,2022-04-02
,0,0,0,0,Alleghany,2022-04-03
,0,0,0,0,Alleghany,2022-04-04
,0,0,0,0,Alleghany,2022-04-05
,0,0,0,0,Alleghany,2022-04-07
,0,0,0,0,Alleghany,2022-04-09
,0,0,0,0,Alleghany,2022-04-10
,0,0,0,0,Alleghany,2022-04-11
,0,0,0,0,Alleghany,2022-04-12
,0,0,0,0,Alleghany,2022-04-14
,0,0,0,0,Alleghany,2022-04-16
,0,0,0,0,Alleghany,2022-04-17
,0,0,0,0,Alleghany,2022-04-19
,0,0,0,0,Alleghany,2022-04-20
,0,0,0,0,Alleghany,2022-04-22
,0,0,0,0,Alleghany,2022-04-24
,0,0,0,0,Alleghany,2022-04-25
,0,0,0,0,Alleghany,2022-04-26
,0,0,0,0,Alleghany,2022-04-27
,0,0,0,0,Alleghany,2022-04-30
,0,0,0,0,Alleghany,2022-05-03
,0,0,0,0,Alleghany,2022-05-08
,0,0,0,0,Alleghany,2022-05-12
,0,0,0,0,Alleghany,2022-06-04
,0,0,0,0,Alleghany,2022-06-05
,0,0,0,0,Alleghany,2022-06-09
,0,0,0,0,Alleghany,2022-06-10
,0,0,0,0,Alleghany,2022-06-11
,0,0,0,0,Alleghany,2022-06-17
,0,0,0,0,Alleghany,2022-06-21
,0,0,0,0,Alleghany,2022-07-02
,0,0,0,0,Alleghany,2022-07-04
,0,0,0,0,Alleghany,2022-07-07
,0,0,0,0,Alleghany,2022-07-16
,0,0,0,0,Alleghany,2022-07-17
,0,0,0,0,Alleghany,2022-07-22
,0,0,0,0,Anson,2022-03-02
,0,0,0,0,Anson,2022-03-08
,0,0,0,0,Anson,2022-03-09
,0,0,0,0,Anson,2022-03-11
,0,0,0,0,Anson,2022-03-17
,0,0,0,0,Anson,2022-03-19
,0,0,0,0,Anson,2022-03-23
,0,0,0,0,Anson,2022-03-24
,0,0,0,0,Anson,2022-03-25
,0,0,0,0,Anson,2022-03-26
,0,0,0,0,Anson,2022-03-27
,0,0,0,0,Anson,2022-03-28
,0,0,0,0,Anson,2022-03-29
,0,0,0,0,Anson,2022-03-30
,0,0,0,0,Anson,2022-03-31
,0,0,0,0,Anson,2022-04-01
,0,0,0,0,Anson,2022-04-02
,0,0,0,0,Anson,2022-04-03
,0,0,0,0,Anson,2022-04-04
,0,0,0,0,Anson,2022-04-05
,0,0,0,0,Anson,2022-04-07
,0,0,0,0,Anson,2022-04-08
,0,0,0,0,Anson,2022-04-09
,0,0,0,0,Anson,2022-04-10
,0,0,0,0,Anson,2022-04-11
,0,0,0,0,Anson,2022-04-12
,0,0,0,0,Anson,2022-04-13
,0,0,0,0,Anson,2022-04-15
,0,0,0,0,Anson,2022-04-16
,0,0,0,0,Anson,2022-04-17
,0,0,0,0,Anson,2022-04-18
,0,0,0,0,Anson,2022-04-19
,0,0,0,0,Anson,2022-04-21
,0,0,0,0,Anson,2022-04-22
,0,0,0,0,Anson,2022-04-23
,0,0,0,0,Anson,2022-04-24
,0,0,0,0,Anson,2022-04-25
,0,0,0,0,Anson,2022-04-26
,0,0,0,0,Anson,2022-04-27
,0,0,0,0,Anson,2022-05-01
,0,0,0,0,Anson,2022-06-04
,0,0,0,0,Anson,2022-06-19
,0,0,0,0,Ashe,2022-03-05
,0,0,0,0,Ashe,2022-03-12
,0,0,0,0,Ashe,2022-03-13
,0,0,0,0,Ashe,2022-03-15
,0,0,0,0,Ashe,2022-03-16
,0,0,0,0,Ashe,2022-03-17
,0,0,0,0,Ashe,2022-03-20
,0,0,0,0,Ashe,2022-03-22
,0,0,0,0,Ashe,2022-03-23
,0,0,0,0,Ashe,2022-03-24
,0,0,0,0,Ashe,2022-03-25
,0,0,0,0,Ashe,2022-03-26
,0,0,0,0,Ashe,2022-03-27
,0,0,0,0,Ashe,2022-03-29
,0,0,0,0,Ashe,2022-03-30
,0,0,0,0,Ashe,2022-03-31
,0,0,0,0,Ashe,2022-04-02
,0,0,0,0,Ashe,2022-04-03
,0,0,0,0,Ashe,2022-04-07
,0,0,0,0,Ashe,2022-04-09
,0,0,0,0,Ashe,2022-04-10
,0,0,0,0,Ashe,2022-04-11
,0,0,0,0,Ashe,2022-04-13
,0,0,0,0,Ashe,2022-04-15
,0,0,0,0,Ashe,2022-04-16
,0,0,0,0,Ashe,2022-04-17
,0,0,0,0,Ashe,2022-04-19
,0,0,0,0,Ashe,2022-04-29
,0,0,0,0,Ashe,2022-05-30
,0,0,0,0,Ashe,2022-06-12
,0,0,0,0,Ashe,2022-06-25
,0,0,0,0,Ashe,2022-07-04
,0,0,0,0,Avery,2022-02-26
,0,0,0,0,Avery,2022-03-05
,0,0,0,0,Avery,2022-03-20
,0,0,0,0,Avery,2022-03-24
,0,0,0,0,Avery,2022-03-28
,0,0,0,0,Avery,2022-03-29
,0,0,0,0,Avery,2022-04-02
,0,0,0,0,Avery,2022-04-03
,0,0,0,0,Avery,2022-04-04
,0,0,0,0,Avery,2022-04-05
,0,0,0,0,Avery,2022-04-06
,0,0,0,0,Avery,2022-04-07
,0,0,0,0,Avery,2022-04-08
,0,0,0,0,Avery,2022-04-14
,0,0,0,0,Avery,2022-04-15
,0,0,0,0,Avery,2022-05-01
,0,0,0,0,Avery,2022-05-11
,0,0,0,0,Avery,2022-05-15
,0,0,0,0,Avery,2022-05-21
,0,0,0,0,Avery,2022-07-28
,0,0,0,0,Beaufort,2022-03-11
,0,0,0,0,Beaufort,2022-03-13
,0,0,0,0,Beaufort,2022-03-17
,0,0,0,0,Beaufort,2022-03-18
,0,0,0,0,Beaufort,2022-03-24
,0,0,0,0,Beaufort,2022-03-26
,0,0,0,0,Beaufort,2022-03-27
,0,0,0,0,Beaufort,2022-03-29
,0,0,0,0,Beaufort,2022-04-01
,0,0,0,0,Beaufort,2022-04-02
,0,0,0,0,Beaufort,2022-04-03
,0,0,0,0,Beaufort,2022-04-05
,0,0,0,0,Beaufort,2022-04-10
,0,0,0,0,Beaufort,2022-04-16
,0,0,0,0,Beaufort,2022-04-17
,0,0,0,0,Beaufort,2022-04-20
,0,0,0,0,Beaufort,2022-05-08
,0,0,0,0,Bertie,2022-02-15
,0,0,0,0,Bertie,2022-02-19
,0,0,0,0,Bertie,2022-02-23
,0,0,0,0,Bertie,2022-02-24
,0,0,0,0,Bertie,2022-02-26
,0,0,0,0,Bertie,2022-02-27
,0,0,0,0,Bertie,2022-03-01
,0,0,0,0,Bertie,2022-03-08
,0,0,0,0,Bertie,2022-03-09
,0,0,0,0,Bertie,2022-03-12
,0,0,0,0,Bertie,2022-03-13
,0,0,0,0,Bertie,2022-03-14
,0,0,0,0,Bertie,2022-03-16
,0,0,0,0,Bertie,2022-03-17
,0,0,0,0,Bertie,2022-03-18
,0,0,0,0,Bertie,2022-03-19
,0,0,0,0,Bertie,2022-03-20
,0,0,0,0,Bertie,2022-03-21
,0,0,0,0,Bertie,2022-03-22
,0,0,0,0,Bertie,2022-03-23
,0,0,0,0,Bertie,2022-03-25
,0,0,0,0,Bertie,2022-03-26
,0,0,0,0,Bertie,2022-03-29
,0,0,0,0,Bertie,2022-03-30
,0,0,0,0,Bertie,2022-03-31
,0,0,0,0,Bertie,2022-04-01
,0,0,0,0,Bertie,2022-04-02
,0,0,0,0,Bertie,2022-04-03
,0,0,0,0,Bertie,2022-04-04
,0,0,0,0,Bertie,2022-04-05
,0,0,0,0,Bertie,2022-04-06
,0,0,0,0,Bertie,2022-04-07
,0,0,0,0,Bertie,2022-04-09
,0,0,0,0,Bertie,2022-04-15
,0,0,0,0,Bertie,2022-04-16
,0,0,0,0,Bertie,2022-04-17
,0,0,0,0,Bertie,2022-04-19
,0,0,0,0,Bertie,2022-04-20
,0,0,0,0,Bertie,2022-04-22
,0,0,0,0,Bertie,2022-04-23
,0,0,0,0,Bertie,2022-04-24
,0,0,0,0,Bertie,2022-05-07
,0,0,0,0,Bertie,2022-05-09
,0,0,0,0,Bertie,2022-05-20
,0,0,0,0,Bladen,2022-02-26
,0,0,0,0,Bladen,2022-02-27
,0,0,0,0,Bladen,2022-03-05
,0,0,0,0,Bladen,2022-03-11
,0,0,0,0,Bladen,2022-03-15
,0,0,0,0,Bladen,2022-03-16
,0,0,0,0,Bladen,2022-03-19
,0,0,0,0,Bladen,2022-03-20
,0,0,0,0,Bladen,2022-03-21
,0,0,0,0,Bladen,2022-03-22
,0,0,0,0,Bladen,2022-03-23
,0,0,0,0,Bladen,2022-03-24
,0,0,0,0,Bladen,2022-03-27
,0,0,0,0,Bladen,2022-03-28
,0,0,0,0,Bladen,2022-03-30
,0,0,0,0,Bladen,2022-04-02
,0,0,0,0,Bladen,2022-04-03
,0,0,0,0,Bladen,2022-04-06
,0,0,0,0,Bladen,2022-04-07
,0,0,0,0,Bladen,2022-04-08
,0,0,0,0,Bladen,2022-04-09
,0,0,0,0,Bladen,2022-04-16
,0,0,0,0,Bladen,2022-04-17
,0,0,0,0,Bladen,2022-04-24
,0,0,0,0,Burke,2022-03-25
,0,0,0,0,Burke,2022-03-26
,0,0,0,0,Burke,2022-04-17
,0,0,0,0,Caldwell,2022-04-05
,0,0,0,0,Camden,2022-02-13
,0,0,0,0,Camden,2022-02-14
,0,0,0,0,Camden,2022-02-17
,0,0,0,0,Camden,2022-02-18
,0,0,0,0,Camden,2022-02-20
,0,0,0,0,Camden,2022-02-23
,0,0,0,0,Camden,2022-02-26
,0,0,0,0,Camden,2022-02-28
,0,0,0,0,Camden,2022-03-02
,0,0,0,0,Camden,2022-03-03
,0,0,0,0,Camden,2022-03-04
,0,0,0,0,Camden,2022-03-05
,0,0,0,0,Camden,2022-03-06
,0,0,0,0,Camden,2022-03-07
,0,0,0,0,Camden,2022-03-10
,0,0,0,0,Camden,2022-03-11
,0,0,0,0,Camden,2022-03-12
,0,0,0,0,Camden,2022-03-13
,0,0,0,0,Camden,2022-03-14
,0,0,0,0,Camden,2022-03-15
,0,0,0,0,Camden,2022-03-16
,0,0,0,0,Camden,2022-03-17
,0,0,0,0,Camden,2022-03-18
,0,0,0,0,Camden,2022-03-19
,0,0,0,0,Camden,2022-03-20
,0,0,0,0,Camden,2022-03-21
,0,0,0,0,Camden,2022-03-22
,0,0,0,0,Camden,2022-03-23
,0,0,0,0,Camden,2022-03-25
,0,0,0,0,Camden,2022-03-26
,0,0,0,0,Camden,2022-03-27
,0,0,0,0,Camden,2022-03-28
,0,0,0,0,Camden,2022-03-29
,0,0,0,0,Camden,2022-03-30
,0,0,0,0,Camden,2022-04-02
,0,0,0,0,Camden,2022-04-04
,0,0,0,0,Camden,2022-04-06
,0,0,0,0,Camden,2022-04-08
,0,0,0,0,Camden,2022-04-09
,0,0,0,0,Camden,2022-04-10
,0,0,0,0,Camden,2022-04-11
,0,0,0,0,Camden,2022-04-13
,0,0,0,0,Camden,2022-04-15
,0,0,0,0,Camden,2022-04-16
,0,0,0,0,Camden,2022-04-17
,0,0,0,0,Camden,2022-04-20
,0,0,0,0,Camden,2022-04-21
,0,0,0,0,Camden,2022-04-22
,0,0,0,0,Camden,2022-04-23
,0,0,0,0,Camden,2022-04-24
,0,0,0,0,Camden,2022-04-26
,0,0,0,0,Camden,2022-04-27
,0,0,0,0,Camden,2022-04-30
,0,0,0,0,Camden,2022-05-01
,0,0,0,0,Camden,2022-05-10
,0,0,0,0,Camden,2022-05-13
,0,0,0,0,Camden,2022-05-15
,0,0,0,0,Camden,2022-05-21
,0,0,0,0,Camden,2022-05-28
,0,0,0,0,Camden,2022-06-05
,0,0,0,0,Camden,2022-06-07
,0,0,0,0,Camden,2022-06-15
,0,0,0,0,Camden,2022-06-18
,0,0,0,0,Camden,2022-06-28
,0,0,0,0,Camden,2022-07-02
,0,0,0,0,Camden,2022-07-03
,0,0,0,0,Camden,2022-07-05
,0,0,0,0,Camden,2022-07-09
,0,0,0,0,Camden,2022-07-12
,0,0,0,0,Camden,2022-07-28
,0,0,0,0,Camden,2022-08-03
,0,0,0,0,Carteret,2022-03-20
,0,0,0,0,Carteret,2022-03-26
,0,0,0,0,Carteret,2022-03-29
,0,0,0,0,Carteret,2022-04-17
,0,0,0,0,Caswell,2022-03-04
,0,0,0,0,Caswell,2022-03-06
,0,0,0,0,Caswell,2022-03-08
,0,0,0,0,Caswell,2022-03-09
,0,0,0,0,Caswell,2022-03-11
,0,0,0,0,Caswell,2022-03-12
,0,0,0,0,Caswell,2022-03-13
,0,0,0,0,Caswell,2022-03-14
,0,0,0,0,Caswell,2022-03-18
,0,0,0,0,Caswell,2022-03-20
,0,0,0,0,Caswell,2022-03-21
,0,0,0,0,Caswell,2022-03-22
,0,0,0,0,Caswell,2022-03-23
,0,0,0,0,Caswell,2022-03-24
,0,0,0,0,Caswell,2022-03-26
,0,0,0,0,Caswell,2022-03-27
,0,0,0,0,Caswell,2022-03-29
,0,0,0,0,Caswell,2022-04-01
,0,0,0,0,Caswell,2022-04-02
,0,0,0,0,Caswell,2022-04-03
,0,0,0,0,Caswell,2022-04-05
,0,0,0,0,Caswell,2022-04-16
,0,0,0,0,Caswell,2022-04-17
,0,0,0,0,Caswell,2022-04-18
,0,0,0,0,Caswell,2022-04-30
,0,0,0,0,Caswell,2022-05-22
,0,0,0,0,Caswell,2022-07-16
,0,0,0,0,Chatham,2022-03-13
,0,0,0,0,Cherokee,2022-03-05
,0,0,0,0,Cherokee,2022-03-08
,0,0,0,0,Cherokee,2022-03-10
,0,0,0,0,Cherokee,2022-03-13
,0,0,0,0,Cherokee,2022-03-15
,0,0,0,0,Cherokee,2022-03-19
,0,0,0,0,Cherokee,2022-03-20
,0,0,0,0,Cherokee,2022-03-21
,0,0,0,0,Cherokee,2022-03-26
,0,0,0,0,Cherokee,2022-03-27
,0,0,0,0,Cherokee,2022-03-28
,0,0,0,0,Cherokee,2022-03-29
,0,0,0,0,Cherokee,2022-04-01
,0,0,0,0,Cherokee,2022-04-02
,0,0,0,0,Cherokee,2022-04-03
,0,0,0,0,Cherokee,2022-04-09
,0,0,0,0,Cherokee,2022-04-10
,0,0,0,0,Cherokee,2022-04-11
,0,0,0,0,Cherokee,2022-04-17
,0,0,0,0,Cherokee,2022-04-19
,0,0,0,0,Cherokee,2022-04-20
,0,0,0,0,Cherokee,2022-04-22
,0,0,0,0,Cherokee,2022-04-24
,0,0,0,0,Cherokee,2022-05-01
,0,0,0,0,Cherokee,2022-05-10
,0,0,0,0,Cherokee,2022-05-29
,0,0,0,0,Cherokee,2022-07-04
,0,0,0,0,Chowan,2022-02-19
,0,0,0,0,Chowan,2022-02-20
,0,0,0,0,Chowan,2022-02-26
,0,0,0,0,Chowan,2022-03-01
,0,0,0,0,Chowan,2022-03-04
,0,0,0,0,Chowan,2022-03-05
,0,0,0,0,Chowan,2022-03-07
,0,0,0,0,Chowan,2022-03-09
,0,0,0,0,Chowan,2022-03-12
,0,0,0,0,Chowan,2022-03-13
,0,0,0,0,Chowan,2022-03-14
,0,0,0,0,Chowan,2022-03-17
,0,0,0,0,Chowan,2022-03-19
,0,0,0,0,Chowan,2022-03-21
,0,0,0,0,Chowan,2022-03-22
,0,0,0,0,Chowan,2022-03-23
,0,0,0,0,Chowan,2022-03-24
,0,0,0,0,Chowan,2022-03-25
,0,0,0,0,Chowan,2022-03-26
,0,0,0,0,Chowan,2022-03-27
,0,0,0,0,Chowan,2022-03-29
,0,0,0,0,Chowan,2022-03-31
,0,0,0,0,Chowan,2022-04-02
,0,0,0,0,Chowan,2022-04-04
,0,0,0,0,Chowan,2022-04-06
,0,0,0,0,Chowan,2022-04-07
,0,0,0,0,Chowan,2022-04-08
,0,0,0,0,Chowan,2022-04-09
,0,0,0,0,Chowan,2022-04-10
,0,0,0,0,Chowan,2022-04-11
,0,0,0,0,Chowan,2022-04-13
,0,0,0,0,Chowan,2022-04-14
,0,0,0,0,Chowan,2022-04-17
,0,0,0,0,Chowan,2022-04-19
,0,0,0,0,Chowan,2022-04-20
,0,0,0,0,Chowan,2022-04-24
,0,0,0,0,Chowan,2022-04-27
,0,0,0,0,Chowan,2022-04-29
,0,0,0,0,Chowan,2022-05-01
,0,0,0,0,Chowan,2022-06-11
,0,0,0,0,Chowan,2022-06-12
,0,0,0,0,Chowan,2022-06-18
,0,0,0,0,Chowan,2022-06-25
,0,0,0,0,Chowan,2022-07-04
,0,0,0,0,Chowan,2022-07-10
,0,0,0,0,Chowan,2022-08-06
,0,0,0,0,Clay,2022-02-15
,0,0,0,0,Clay,2022-02-19
,0,0,0,0,Clay,2022-02-23
,0,0,0,0,Clay,2022-02-24
,0,0,0,0,Clay,2022-02-25
,0,0,0,0,Clay,2022-02-26
,0,0,0,0,Clay,2022-02-27
,0,0,0,0,Clay,2022-03-05
,0,0,0,0,Clay,2022-03-06
,0,0,0,0,Clay,2022-03-09
,0,0,0,0,Clay,2022-03-12
,0,0,0,0,Clay,2022-03-13
,0,0,0,0,Clay,2022-03-16
,0,0,0,0,Clay,2022-03-17
,0,0,0,0,Clay,2022-03-19
,0,0,0,0,Clay,2022-03-21
,0,0,0,0,Clay,2022-03-22
,0,0,0,0,Clay,2022-03-23
,0,0,0,0,Clay,2022-03-24
,0,0,0,0,Clay,2022-03-25
,0,0,0,0,Clay,2022-03-26
,0,0,0,0,Clay,2022-03-27
,0,0,0,0,Clay,2022-03-28
,0,0,0,0,Clay,2022-03-29
,0,0,0,0,Clay,2022-03-30
,0,0,0,0,Clay,2022-03-31
,0,0,0,0,Clay,2022-04-03
,0,0,0,0,Clay,2022-04-04
,0,0,0,0,Clay,2022-04-05
,0,0,0,0,Clay,2022-04-06
,0,0,0,0,Clay,2022-04-07
,0,0,0,0,Clay,2022-04-08
,0,0,0,0,Clay,2022-04-09
,0,0,0,0,Clay,2022-04-10
,0,0,0,0,Clay,2022-04-11
,0,0,0,0,Clay,2022-04-12
,0,0,0,0,Clay,2022-04-13
,0,0,0,0,Clay,2022-04-14
,0,0,0,0,Clay,2022-04-15
,0,0,0,0,Clay,2022-04-16
,0,0,0,0,Clay,2022-04-17
,0,0,0,0,Clay,2022-04-19
,0,0,0,0,Clay,2022-04-20
,0,0,0,0,Clay,2022-04-21
,0,0,0,0,Clay,2022-04-24
,0,0,0,0,Clay,2022-04-25
,0,0,0,0,Clay,2022-04-27
,0,0,0,0,Clay,2022-04-30
,0,0,0,0,Clay,2022-05-03
,0,0,0,0,Clay,2022-05-05
,0,0,0,0,Clay,2022-05-06
,0,0,0,0,Clay,2022-05-20
,0,0,0,0,Clay,2022-05-22
,0,0,0,0,Clay,2022-05-30
,0,0,0,0,Clay,2022-06-02
,0,0,0,0,Clay,2022-06-04
,0,0,0,0,Clay,2022-06-12
,0,0,0,0,Clay,2022-06-19
,0,0,0,0,Clay,2022-06-22
,0,0,0,0,Clay,2022-07-10
,0,0,0,0,Cleveland,2022-03-09
,0,0,0,0,Cleveland,2022-03-19
,0,0,0,0,Cleveland,2022-03-20
,0,0,0,0,Cleveland,2022-03-27
,0,0,0,0,Cleveland,2022-03-29
,0,0,0,0,Cleveland,2022-03-30
,0,0,0,0,Cleveland,2022-04-09
,0,0,0,0,Columbus,2022-03-05
,0,0,0,0,Columbus,2022-03-15
,0,0,0,0,Columbus,2022-03-19
,0,0,0,0,Columbus,2022-03-20
,0,0,0,0,Columbus,2022-03-21
,0,0,0,0,Columbus,2022-03-22
,0,0,0,0,Columbus,2022-03-24
,0,0,0,0,Columbus,2022-03-25
,0,0,0,0,Columbus,2022-03-29
,0,0,0,0,Columbus,2022-03-30
,0,0,0,0,Columbus,2022-04-01
,0,0,0,0,Columbus,2022-04-03
,0,0,0,0,Columbus,2022-04-06
,0,0,0,0,Columbus,2022-04-09
,0,0,0,0,Columbus,2022-04-10
,0,0,0,0,Columbus,2022-04-13
,0,0,0,0,Columbus,2022-04-15
,0,0,0,0,Columbus,2022-04-16
,0,0,0,0,Columbus,2022-04-17
,0,0,0,0,Currituck,2022-02-18
,0,0,0,0,Currituck,2022-02-19
,0,0,0,0,Currituck,2022-02-20
,0,0,0,0,Currituck,2022-02-21
,0,0,0,0,Currituck,2022-02-23
,0,0,0,0,Currituck,2022-02-25
,0,0,0,0,Currituck,2022-02-27
,0,0,0,0,Currituck,2022-03-01
,0,0,0,0,Currituck,2022-03-02
,0,0,0,0,Currituck,2022-03-07
,0,0,0,0,Currituck,2022-03-09
,0,0,0,0,Currituck,2022-03-11
,0,0,0,0,Currituck,2022-03-14
,0,0,0,0,Currituck,2022-03-15
,0,0,0,0,Currituck,2022-03-16
,0,0,0,0,Currituck,2022-03-17
,0,0,0,0,Currituck,2022-03-18
,0,0,0,0,Currituck,2022-03-19
,0,0,0,0,Currituck,2022-03-20
,0,0,0,0,Currituck,2022-03-21
,0,0,0,0,Currituck,2022-03-23
,0,0,0,0,Currituck,2022-03-24
,0,0,0,0,Currituck,2022-03-26
,0,0,0,0,Currituck,2022-03-27
,0,0,0,0,Currituck,2022-03-28
,0,0,0,0,Currituck,2022-03-29
,0,0,0,0,Currituck,2022-03-31
,0,0,0,0,Currituck,2022-04-02
,0,0,0,0,Currituck,2022-04-04
,0,0,0,0,Currituck,2022-04-05
,0,0,0,0,Currituck,2022-04-06
,0,0,0,0,Currituck,2022-04-08
,0,0,0,0,Currituck,2022-04-09
,0,0,0,0,Currituck,2022-04-10
,0,0,0,0,Currituck,2022-04-15
,0,0,0,0,Currituck,2022-04-16
,0,0,0,0,Currituck,2022-04-17
,0,0,0,0,Currituck,2022-04-18
,0,0,0,0,Currituck,2022-04-19
,0,0,0,0,Dare,2022-03-10
,0,0,0,0,Dare,2022-03-11
,0,0,0,0,Dare,2022-03-12
,0,0,0,0,Dare,2022-03-24
,0,0,0,0,Dare,2022-03-28
,0,0,0,0,Dare,2022-03-29
,0,0,0,0,Dare,2022-04-04
,0,0,0,0,Davie,2022-03-05
,0,0,0,0,Davie,2022-03-06
,0,0,0,0,Davie,2022-03-10
,0,0,0,0,Davie,2022-03-20
,0,0,0,0,Davie,2022-04-04
,0,0,0,0,Davie,2022-04-05
,0,0,0,0,Duplin,2022-03-06
,0,0,0,0,Duplin,2022-03-12
,0,0,0,0,Duplin,2022-03-13
,0,0,0,0,Duplin,2022-03-19
,0,0,0,0,Duplin,2022-03-20
,0,0,0,0,Duplin,2022-03-21
,0,0,0,0,Duplin,2022-03-23
,0,0,0,0,Duplin,2022-03-26
,0,0,0,0,Duplin,2022-03-27
,0,0,0,0,Duplin,2022-03-31
,0,0,0,0,Duplin,2022-04-10
,0,0,0,0,Duplin,2022-04-11
,0,0,0,0,Duplin,2022-04-17
,0,0,0,0,Edgecombe,2022-03-06
,0,0,0,0,Edgecombe,2022-03-12
,0,0,0,0,Edgecombe,2022-03-20
,0,0,0,0,Edgecombe,2022-03-23
,0,0,0,0,Edgecombe,2022-03-26
,0,0,0,0,Edgecombe,2022-04-01
,0,0,0,0,Edgecombe,2022-04-02
,0,0,0,0,Edgecombe,2022-04-03
,0,0,0,0,Edgecombe,2022-04-04
,0,0,0,0,Edgecombe,2022-04-07
,0,0,0,0,Edgecombe,2022-04-10
,0,0,0,0,Edgecombe,2022-04-16
,0,0,0,0,Edgecombe,2022-04-20
,0,0,0,0,Franklin,2022-03-12
,0,0,0,0,Franklin,2022-03-13
,0,0,0,0,Gates,2022-02-11
,0,0,0,0,Gates,2022-02-12
,0,0,0,0,Gates,2022-02-13
,0,0,0,0,Gates,2022-02-15
,0,0,0,0,Gates,2022-02-19
,0,0,0,0,Gates,2022-02-26
,0,0,0,0,Gates,2022-02-27
,0,0,0,0,Gates,2022-03-01
,0,0,0,0,Gates,2022-03-03
,0,0,0,0,Gates,2022-03-04
,0,0,0,0,Gates,2022-03-05
,0,0,0,0,Gates,2022-03-06
,0,0,0,0,Gates,2022-03-07
,0,0,0,0,Gates,2022-03-08
,0,0,0,0,Gates,2022-03-09
,0,0,0,0,Gates,2022-03-10
,0,0,0,0,Gates,2022-03-11
,0,0,0,0,Gates,2022-03-12
,0,0,0,0,Gates,2022-03-13
,0,0,0,0,Gates,2022-03-14
,0,0,0,0,Gates,2022-03-15
,0,0,0,0,Gates,2022-03-16
,0,0,0,0,Gates,2022-03-17
,0,0,0,0,Gates,2022-03-18
,0,0,0,0,Gates,2022-03-19
,0,0,0,0,Gates,2022-03-21
,0,0,0,0,Gates,2022-03-22
,0,0,0,0,Gates,2022-03-23
,0,0,0,0,Gates,2022-03-24
,0,0,0,0,Gates,2022-03-25
,0,0,0,0,Gates,2022-03-26
,0,0,0,0,Gates,2022-03-28
,0,0,0,0,Gates,2022-03-29
,0,0,0,0,Gates,2022-03-31
,0,0,0,0,Gates,2022-04-02
,0,0,0,0,Gates,2022-04-03
,0,0,0,0,Gates,2022-04-04
,0,0,0,0,Gates,2022-04-05
,0,0,0,0,Gates,2022-04-06
,0,0,0,0,Gates,2022-04-07
,0,0,0,0,Gates,2022-04-08
,0,0,0,0,Gates,2022-04-10
,0,0,0,0,Gates,2022-04-11
,0,0,0,0,Gates,2022-04-13
,0,0,0,0,Gates,2022-04-15
,0,0,0,0,Gates,2022-04-16
,0,0,0,0,Gates,2022-04-17
,0,0,0,0,Gates,2022-04-18
,0,0,0,0,Gates,2022-04-19
,0,0,0,0,Gates,2022-04-20
,0,0,0,0,Gates,2022-04-24
,0,0,0,0,Gates,2022-04-26
,0,0,0,0,Gates,2022-04-27
,0,0,0,0,Gates,2022-04-28
,0,0,0,0,Gates,2022-04-29
,0,0,0,0,Gates,2022-05-01
,0,0,0,0,Gates,2022-05-08
,0,0,0,0,Gates,2022-05-09
,0,0,0,0,Gates,2022-05-13
,0,0,0,0,Gates,2022-05-27
,0,0,0,0,Gates,2022-05-29
,0,0,0,0,Gates,2022-06-05
,0,0,0,0,Gates,2022-06-16
,0,0,0,0,Gates,2022-06-18
,0,0,0,0,Gates,2022-06-25
,0,0,0,0,Gates,2022-06-29
,0,0,0,0,Gates,2022-07-03
,0,0,0,0,Gates,2022-07-04
,0,0,0,0,Gates,2022-07-17
,0,0,0,0,Gates,2022-07-19
,0,0,0,0,Gates,2022-08-06
,0,0,0,0,Graham,2022-02-19
,0,0,0,0,Graham,2022-02-25
,0,0,0,0,Graham,2022-02-26
,0,0,0,0,Graham,2022-02-27
,0,0,0,0,Graham,2022-03-05
,0,0,0,0,Graham,2022-03-06
,0,0,0,0,Graham,2022-03-08
,0,0,0,0,Graham,2022-03-09
,0,0,0,0,Graham,2022-03-10
,0,0,0,0,Graham,2022-03-11
,0,0,0,0,Graham,2022-03-12
,0,0,0,0,Graham,2022-03-13
,0,0,0,0,Graham,2022-03-14
,0,0,0,0,Graham,2022-03-15
,0,0,0,0,Graham,2022-03-17
,0,0,0,0,Graham,2022-03-18
,0,0,0,0,Graham,2022-03-19
,0,0,0,0,Graham,2022-03-20
,0,0,0,0,Graham,2022-03-21
,0,0,0,0,Graham,2022-03-22
,0,0,0,0,Graham,2022-03-23
,0,0,0,0,Graham,2022-03-25
,0,0,0,0,Graham,2022-03-26
,0,0,0,0,Graham,2022-03-30
,0,0,0,0,Graham,2022-03-31
,0,0,0,0,Graham,2022-04-01
,0,0,0,0,Graham,2022-04-02
,0,0,0,0,Graham,2022-04-03
,0,0,0,0,Graham,2022-04-04
,0,0,0,0,Graham,2022-04-05
,0,0,0,0,Graham,2022-04-06
,0,0,0,0,Graham,2022-04-08
,0,0,0,0,Graham,2022-04-09
,0,0,0,0,Graham,2022-04-10
,0,0,0,0,Graham,2022-04-13
,0,0,0,0,Graham,2022-04-14
,0,0,0,0,Graham,2022-04-15
,0,0,0,0,Graham,2022-04-16
,0,0,0,0,Graham,2022-04-17
,0,0,0,0,Graham,2022-04-20
,0,0,0,0,Graham,2022-04-21
,0,0,0,0,Graham,2022-04-24
,0,0,0,0,Graham,2022-04-26
,0,0,0,0,Graham,2022-04-27
,0,0,0,0,Graham,2022-04-28
,0,0,0,0,Graham,2022-04-30
,0,0,0,0,Graham,2022-05-01
,0,0,0,0,Graham,2022-05-03
,0,0,0,0,Graham,2022-05-04
,0,0,0,0,Graham,2022-05-05
,0,0,0,0,Graham,2022-05-06
,0,0,0,0,Graham,2022-05-07
,0,0,0,0,Graham,2022-05-14
,0,0,0,0,Graham,2022-05-15
,0,0,0,0,Graham,2022-05-16
,0,0,0,0,Graham,2022-05-17
,0,0,0,0,Graham,2022-05-21
,0,0,0,0,Graham,2022-05-22
,0,0,0,0,Graham,2022-05-23
,0,0,0,0,Graham,2022-05-27
,0,0,0,0,Graham,2022-05-29
,0,0,0,0,Graham,2022-06-03
,0,0,0,0,Graham,2022-06-04
,0,0,0,0,Graham,2022-06-12
,0,0,0,0,Graham,2022-06-19
,0,0,0,0,Graham,2022-06-22
,0,0,0,0,Graham,2022-06-24
,0,0,0,0,Graham,2022-07-30
,0,0,0,0,Granville,2022-03-12
,0,0,0,0,Granville,2022-03-19
,0,0,0,0,Granville,2022-03-20
,0,0,0,0,Granville,2022-03-27
,0,0,0,0,Granville,2022-03-30
,0,0,0,0,Granville,2022-04-03
,0,0,0,0,Greene,2022-02-19
,0,0,0,0,Greene,2022-03-02
,0,0,0,0,Greene,2022-03-05
,0,0,0,0,Greene,2022-03-06
,0,0,0,0,Greene,2022-03-09
,0,0,0,0,Greene,2022-03-10
,0,0,0,0,Greene,2022-03-11
,0,0,0,0,Greene,2022-03-12
,0,0,0,0,Greene,2022-03-13
,0,0,0,0,Greene,2022-03-14
,0,0,0,0,Greene,2022-03-16
,0,0,0,0,Greene,2022-03-17
,0,0,0,0,Greene,2022-03-18
,0,0,0,0,Greene,2022-03-19
,0,0,0,0,Greene,2022-03-20
,0,0,0,0,Greene,2022-03-21
,0,0,0,0,Greene,2022-03-22
,0,0,0,0,Greene,2022-03-24
,0,0,0,0,Greene,2022-03-25
,0,0,0,0,Greene,2022-03-26
,0,0,0,0,Greene,2022-03-27
,0,0,0,0,Greene,2022-03-28
,0,0,0,0,Greene,2022-03-29
,0,0,0,0,Greene,2022-03-31
,0,0,0,0,Greene,2022-04-01
,0,0,0,0,Greene,2022-04-02
,0,0,0,0,Greene,2022-04-03
,0,0,0,0,Greene,2022-04-04
,0,0,0,0,Greene,2022-04-06
,0,0,0,0,Greene,2022-04-07
,0,0,0,0,Greene,2022-04-08
,0,0,0,0,Greene,2022-04-09
,0,0,0,0,Greene,2022-04-10
,0,0,0,0,Greene,2022-04-11
,0,0,0,0,Greene,2022-04-12
,0,0,0,0,Greene,2022-04-13
,0,0,0,0,Greene,2022-04-15
,0,0,0,0,Greene,2022-04-16
,0,0,0,0,Greene,2022-04-17
,0,0,0,0,Greene,2022-04-20
,0,0,0,0,Greene,2022-04-21
,0,0,0,0,Greene,2022-04-22
,0,0,0,0,Greene,2022-04-23
,0,0,0,0,Greene,2022-04-26
,0,0,0,0,Greene,2022-04-27
,0,0,0,0,Greene,2022-04-30
,0,0,0,0,Greene,2022-05-02
,0,0,0,0,Greene,2022-05-08
,0,0,0,0,Greene,2022-05-14
,0,0,0,0,Greene,2022-05-29
,0,0,0,0,Greene,2022-06-25
,0,0,0,0,Greene,2022-06-26
,0,0,0,0,Greene,2022-07-08
,0,0,0,0,Halifax,2022-03-06
,0,0,0,0,Halifax,2022-03-10
,0,0,0,0,Halifax,2022-03-16
,0,0,0,0,Halifax,2022-03-18
,0,0,0,0,Halifax,2022-03-20
,0,0,0,0,Halifax,2022-03-22
,0,0,0,0,Halifax,2022-03-23
,0,0,0,0,Halifax,2022-03-24
,0,0,0,0,Halifax,2022-03-25
,0,0,0,0,Halifax,2022-03-27
,0,0,0,0,Halifax,2022-03-28
,0,0,0,0,Halifax,2022-03-29
,0,0,0,0,Halifax,2022-03-30
,0,0,0,0,Halifax,2022-04-01
,0,0,0,0,Halifax,2022-04-02
,0,0,0,0,Halifax,2022-04-03
,0,0,0,0,Halifax,2022-04-07
,0,0,0,0,Halifax,2022-04-09
,0,0,0,0,Halifax,2022-04-11
,0,0,0,0,Halifax,2022-04-12
,0,0,0,0,Halifax,2022-04-16
,0,0,0,0,Halifax,2022-05-01
,0,0,0,0,Haywood,2022-03-06
,0,0,0,0,Haywood,2022-03-19
,0,0,0,0,Haywood,2022-03-20
,0,0,0,0,Haywood,2022-03-26
,0,0,0,0,Haywood,2022-04-03
,0,0,0,0,Haywood,2022-04-17
,0,0,0,0,Hertford,2022-02-14
,0,0,0,0,Hertford,2022-02-28
,0,0,0,0,Hertford,2022-03-05
,0,0,0,0,Hertford,2022-03-06
,0,0,0,0,Hertford,2022-03-08
,0,0,0,0,Hertford,2022-03-09
,0,0,0,0,Hertford,2022-03-12
,0,0,0,0,Hertford,2022-03-13
,0,0,0,0,Hertford,2022-03-14
,0,0,0,0,Hertford,2022-03-15
,0,0,0,0,Hertford,2022-03-16
,0,0,0,0,Hertford,2022-03-17
,0,0,0,0,Hertford,2022-03-18
,0,0,0,0,Hertford,2022-03-19
,0,0,0,0,Hertford,2022-03-20
,0,0,0,0,Hertford,2022-03-22
,0,0,0,0,Hertford,2022-03-24
,0,0,0,0,Hertford,2022-03-26
,0,0,0,0,Hertford,2022-03-27
,0,0,0,0,Hertford,2022-03-30
,0,0,0,0,Hertford,2022-03-31
,0,0,0,0,Hertford,2022-04-01
,0,0,0,0,Hertford,2022-04-02
,0,0,0,0,Hertford,2022-04-03
,0,0,0,0,Hertford,2022-04-04
,0,0,0,0,Hertford,2022-04-06
,0,0,0,0,Hertford,2022-04-07
,0,0,0,0,Hertford,2022-04-09
,0,0,0,0,Hertford,2022-04-17
,0,0,0,0,Hertford,2022-04-19
,0,0,0,0,Hertford,2022-04-21
,0,0,0,0,Hertford,2022-04-22
,0,0,0,0,Hertford,2022-04-27
,0,0,0,0,Hertford,2022-05-01
,0,0,0,0,Hertford,2022-05-11
,0,0,0,0,Hertford,2022-05-14
,0,0,0,0,Hertford,2022-05-15
,0,0,0,0,Hoke,2022-03-18
,0,0,0,0,Hoke,2022-03-20
,0,0,0,0,Hoke,2022-03-27
,0,0,0,0,Hoke,2022-04-10
,0,0,0,0,Hyde,2022-02-13
,0,0,0,0,Hyde,2022-02-16
,0,0,0,0,Hyde,2022-02-19
,0,0,0,0,Hyde,2022-02-20
,0,0,0,0,Hyde,2022-02-24
,0,0,0,0,Hyde,2022-02-27
,0,0,0,0,Hyde,2022-02-28
,0,0,0,0,Hyde,2022-03-02
,0,0,0,0,Hyde,2022-03-05
,0,0,0,0,Hyde,2022-03-06
,0,0,0,0,Hyde,2022-03-08
,0,0,0,0,Hyde,2022-03-09
,0,0,0,0,Hyde,2022-03-11
,0,0,0,0,Hyde,2022-03-12
,0,0,0,0,Hyde,2022-03-14
,0,0,0,0,Hyde,2022-03-15
,0,0,0,0,Hyde,2022-03-16
,0,0,0,0,Hyde,2022-03-17
,0,0,0,0,Hyde,2022-03-18
,0,0,0,0,Hyde,2022-03-19
,0,0,0,0,Hyde,2022-03-20
,0,0,0,0,Hyde,2022-03-21
,0,0,0,0,Hyde,2022-03-23
,0,0,0,0,Hyde,2022-03-24
,0,0,0,0,Hyde,2022-03-25
,0,0,0,0,Hyde,2022-03-26
,0,0,0,0,Hyde,2022-03-27
,0,0,0,0,Hyde,2022-03-28
,0,0,0,0,Hyde,2022-03-29
,0,0,0,0,Hyde,2022-03-30
,0,0,0,0,Hyde,2022-03-31
,0,0,0,0,Hyde,2022-04-01
,0,0,0,0,Hyde,2022-04-02
,0,0,0,0,Hyde,2022-04-03
,0,0,0,0,Hyde,2022-04-04
,0,0,0,0,Hyde,2022-04-05
,0,0,0,0,Hyde,2022-04-06
,0,0,0,0,Hyde,2022-04-07
,0,0,0,0,Hyde,2022-04-08
,0,0,0,0,Hyde,2022-04-09
,0,0,0,0,Hyde,2022-04-10
,0,0,0,0,Hyde,2022-04-14
,0,0,0,0,Hyde,2022-04-15
,0,0,0,0,Hyde,2022-04-16
,0,0,0,0,Hyde,2022-04-17
,0,0,0,0,Hyde,2022-04-19
,0,0,0,0,Hyde,2022-04-21
,0,0,0,0,Hyde,2022-04-23
,0,0,0,0,Hyde,2022-04-24
,0,0,0,0,Hyde,2022-04-25
,0,0,0,0,Hyde,2022-04-27
,0,0,0,0,Hyde,2022-04-28
,0,0,0,0,Hyde,2022-04-30
,0,0,0,0,Hyde,2022-05-01
,0,0,0,0,Hyde,2022-05-05
,0,0,0,0,Hyde,2022-05-07
,0,0,0,0,Hyde,2022-05-08
,0,0,0,0,Hyde,2022-05-14
,0,0,0,0,Hyde,2022-05-21
,0,0,0,0,Hyde,2022-05-27
,0,0,0,0,Hyde,2022-05-28
,0,0,0,0,Hyde,2022-05-29
,0,0,0,0,Hyde,2022-06-03
,0,0,0,0,Hyde,2022-06-04
,0,0,0,0,Hyde,2022-06-05
,0,0,0,0,Hyde,2022-06-08
,0,0,0,0,Hyde,2022-06-11
,0,0,0,0,Hyde,2022-06-12
,0,0,0,0,Hyde,2022-06-15
,0,0,0,0,Hyde,2022-06-17
,0,0,0,0,Hyde,2022-06-18
,0,0,0,0,Hyde,2022-06-19
,0,0,0,0,Hyde,2022-06-26
,0,0,0,0,Hyde,2022-07-02
,0,0,0,0,Hyde,2022-07-03
,0,0,0,0,Hyde,2022-07-05
,0,0,0,0,Hyde,2022-07-09
,0,0,0,0,Hyde,2022-07-16
,0,0,0,0,Hyde,2022-07-17
,0,0,0,0,Hyde,2022-07-18
,0,0,0,0,Hyde,2022-07-19
,0,0,0,0,Hyde,2022-07-22
,0,0,0,0,Hyde,2022-07-24
,0,0,0,0,Hyde,2022-07-27
,0,0,0,0,Hyde,2022-07-30
,0,0,0,0,Hyde,2022-07-31
,0,0,0,0,Jackson,2022-03-05
,0,0,0,0,Jackson,2022-03-06
,0,0,0,0,Jackson,2022-03-11
,0,0,0,0,Jackson,2022-03-13
,0,0,0,0,Jackson,2022-03-16
,0,0,0,0,Jackson,2022-03-19
,0,0,0,0,Jackson,2022-03-26
,0,0,0,0,Jackson,2022-03-31
,0,0,0,0,Jackson,2022-04-01
,0,0,0,0,Jackson,2022-04-02
,0,0,0,0,Jackson,2022-04-17
,0,0,0,0,Jackson,2022-04-23
,0,0,0,0,Jackson,2022-05-11
,0,0,0,0,Jones,2022-02-12
,0,0,0,0,Jones,2022-02-13
,0,0,0,0,Jones,2022-02-25
,0,0,0,0,Jones,2022-02-26
,0,0,0,0,Jones,2022-03-02
,0,0,0,0,Jones,2022-03-03
,0,0,0,0,Jones,2022-03-05
,0,0,0,0,Jones,2022-03-06
,0,0,0,0,Jones,2022-03-07
,0,0,0,0,Jones,2022-03-10
,0,0,0,0,Jones,2022-03-12
,0,0,0,0,Jones,2022-03-13
,0,0,0,0,Jones,2022-03-14
,0,0,0,0,Jones,2022-03-15
,0,0,0,0,Jones,2022-03-16
,0,0,0,0,Jones,2022-03-18
,0,0,0,0,Jones,2022-03-19
,0,0,0,0,Jones,2022-03-20
,0,0,0,0,Jones,2022-03-21
,0,0,0,0,Jones,2022-03-22
,0,0,0,0,Jones,2022-03-23
,0,0,0,0,Jones,2022-03-24
,0,0,0,0,Jones,2022-03-25
,0,0,0,0,Jones,2022-03-26
,0,0,0,0,Jones,2022-03-27
,0,0,0,0,Jones,2022-03-28
,0,0,0,0,Jones,2022-03-29
,0,0,0,0,Jones,2022-03-30
,0,0,0,0,Jones,2022-03-31
,0,0,0,0,Jones,2022-04-01
,0,0,0,0,Jones,2022-04-02
,0,0,0,0,Jones,2022-04-04
,0,0,0,0,Jones,2022-04-05
,0,0,0,0,Jones,2022-04-06
,0,0,0,0,Jones,2022-04-07
,0,0,0,0,Jones,2022-04-08
,0,0,0,0,Jones,2022-04-09
,0,0,0,0,Jones,2022-04-10
,0,0,0,0,Jones,2022-04-11
,0,0,0,0,Jones,2022-04-13
,0,0,0,0,Jones,2022-04-15
,0,0,0,0,Jones,2022-04-16
,0,0,0,0,Jones,2022-04-17
,0,0,0,0,Jones,2022-04-18
,0,0,0,0,Jones,2022-04-19
,0,0,0,0,Jones,2022-04-21
,0,0,0,0,Jones,2022-04-22
,0,0,0,0,Jones,2022-04-23
,0,0,0,0,Jones,2022-04-26
,0,0,0,0,Jones,2022-04-27
,0,0,0,0,Jones,2022-04-30
,0,0,0,0,Jones,2022-05-01
,0,0,0,0,Jones,2022-05-03
,0,0,0,0,Jones,2022-05-08
,0,0,0,0,Jones,2022-05-15
,0,0,0,0,Jones,2022-05-24
,0,0,0,0,Jones,2022-05-29
,0,0,0,0,Jones,2022-06-04
,0,0,0,0,Jones,2022-06-05
,0,0,0,0,Jones,2022-06-17
,0,0,0,0,Jones,2022-06-25
,0,0,0,0,Jones,2022-07-30
,0,0,0,0,Lee,2022-02-27
,0,0,0,0,Lee,2022-03-19
,0,0,0,0,Lee,2022-03-20
,0,0,0,0,Lee,2022-03-22
,0,0,0,0,Lee,2022-03-26
,0,0,0,0,Lee,2022-03-27
,0,0,0,0,Lee,2022-04-09
,0,0,0,0,Lee,2022-04-16
,0,0,0,0,Lenoir,2022-03-12
,0,0,0,0,Lenoir,2022-03-15
,0,0,0,0,Lenoir,2022-03-16
,0,0,0,0,Lenoir,2022-03-19
,0,0,0,0,Lenoir,2022-03-20
,0,0,0,0,Lenoir,2022-03-25
,0,0,0,0,Lenoir,2022-04-01
,0,0,0,0,Lenoir,2022-04-02
,0,0,0,0,Lenoir,2022-04-07
,0,0,0,0,Lenoir,2022-04-16
,0,0,0,0,Lenoir,2022-04-17
,0,0,0,0,Lenoir,2022-05-01
,0,0,0,0,Lenoir,2022-05-06
,0,0,0,0,Lincoln,2022-03-10
,0,0,0,0,Lincoln,2022-03-22
,0,0,0,0,Lincoln,2022-03-25
,0,0,0,0,Lincoln,2022-03-26
,0,0,0,0,Lincoln,2022-04-01
,0,0,0,0,Lincoln,2022-04-04
,0,0,0,0,Macon,2022-03-05
,0,0,0,0,Macon,2022-03-06
,0,0,0,0,Macon,2022-03-12
,0,0,0,0,Macon,2022-03-13
,0,0,0,0,Macon,2022-03-20
,0,0,0,0,Macon,2022-03-22
,0,0,0,0,Macon,2022-03-23
,0,0,0,0,Macon,2022-03-24
,0,0,0,0,Macon,2022-03-25
,0,0,0,0,Macon,2022-03-26
,0,0,0,0,Macon,2022-03-27
,0,0,0,0,Macon,2022-03-28
,0,0,0,0,Macon,2022-03-31
,0,0,0,0,Macon,2022-04-09
,0,0,0,0,Macon,2022-04-11
,0,0,0,0,Macon,2022-04-16
,0,0,0,0,Macon,2022-04-17
,0,0,0,0,Macon,2022-05-14
,0,0,0,0,Macon,2022-05-22
,0,0,0,0,Madison,2022-03-05
,0,0,0,0,Madison,2022-03-12
,0,0,0,0,Madison,2022-03-19
,0,0,0,0,Madison,2022-03-20
,0,0,0,0,Madison,2022-03-23
,0,0,0,0,Madison,2022-03-25
,0,0,0,0,Madison,2022-03-26
,0,0,0,0,Madison,2022-03-27
,0,0,0,0,Madison,2022-03-30
,0,0,0,0,Madison,2022-04-01
,0,0,0,0,Madison,2022-04-02
,0,0,0,0,Madison,2022-04-03
,0,0,0,0,Madison,2022-04-04
,0,0,0,0,Madison,2022-04-09
,0,0,0,0,Madison,2022-04-15
,0,0,0,0,Madison,2022-05-01
,0,0,0,0,Madison,2022-05-15
,0,0,0,0,Madison,2022-06-26
,0,0,0,0,Madison,2022-07-09
,0,0,0,0,Martin,2022-02-17
,0,0,0,0,Martin,2022-03-06
,0,0,0,0,Martin,2022-03-08
,0,0,0,0,Martin,2022-03-12
,0,0,0,0,Martin,2022-03-13
,0,0,0,0,Martin,2022-03-14
,0,0,0,0,Martin,2022-03-17
,0,0,0,0,Martin,2022-03-18
,0,0,0,0,Martin,2022-03-19
,0,0,0,0,Martin,2022-03-20
,0,0,0,0,Martin,2022-03-21
,0,0,0,0,Martin,2022-03-22
,0,0,0,0,Martin,2022-03-24
,0,0,0,0,Martin,2022-03-25
,0,0,0,0,Martin,2022-03-26
,0,0,0,0,Martin,2022-03-27
,0,0,0,0,Martin,2022-03-28
,0,0,0,0,Martin,2022-03-29
,0,0,0,0,Martin,2022-03-30
,0,0,0,0,Martin,2022-03-31
,0,0,0,0,Martin,2022-04-02
,0,0,0,0,Martin,2022-04-03
,0,0,0,0,Martin,2022-04-04
,0,0,0,0,Martin,2022-04-05
,0,0,0,0,Martin,2022-04-08
,0,0,0,0,Martin,2022-04-09
,0,0,0,0,Martin,2022-04-10
,0,0,0,0,Martin,2022-04-11
,0,0,0,0,Martin,2022-04-14
,0,0,0,0,Martin,2022-04-15
,0,0,0,0,Martin,2022-04-16
,0,0,0,0,Martin,2022-04-17
,0,0,0,0,Martin,2022-04-18
,0,0,0,0,Martin,2022-04-19
,0,0,0,0,Martin,2022-04-23
,0,0,0,0,Martin,2022-04-24
,0,0,0,0,Martin,2022-04-30
,0,0,0,0,Martin,2022-05-01
,0,0,0,0,Martin,2022-05-07
,0,0,0,0,Martin,2022-06-25
,0,0,0,0,McDowell,2022-03-12
,0,0,0,0,McDowell,2022-03-19
,0,0,0,0,McDowell,2022-03-23
,0,0,0,0,McDowell,2022-03-26
,0,0,0,0,McDowell,2022-03-27
,0,0,0,0,McDowell,2022-03-31
,0,0,0,0,McDowell,2022-04-03
,0,0,0,0,McDowell,2022-04-15
,0,0,0,0,Mitchell,2022-02-17
,0,0,0,0,Mitchell,2022-02-27
,0,0,0,0,Mitchell,2022-03-05
,0,0,0,0,Mitchell,2022-03-06
,0,0,0,0,Mitchell,2022-03-10
,0,0,0,0,Mitchell,2022-03-12
,0,0,0,0,Mitchell,2022-03-14
,0,0,0,0,Mitchell,2022-03-16
,0,0,0,0,Mitchell,2022-03-18
,0,0,0,0,Mitchell,2022-03-21
,0,0,0,0,Mitchell,2022-03-22
,0,0,0,0,Mitchell,2022-03-23
,0,0,0,0,Mitchell,2022-03-26
,0,0,0,0,Mitchell,2022-03-27
,0,0,0,0,Mitchell,2022-03-28
,0,0,0,0,Mitchell,2022-04-01
,0,0,0,0,Mitchell,2022-04-02
,0,0,0,0,Mitchell,2022-04-03
,0,0,0,0,Mitchell,2022-04-04
,0,0,0,0,Mitchell,2022-04-05
,0,0,0,0,Mitchell,2022-04-06
,0,0,0,0,Mitchell,2022-04-07
,0,0,0,0,Mitchell,2022-04-09
,0,0,0,0,Mitchell,2022-04-10
,0,0,0,0,Mitchell,2022-04-11
,0,0,0,0,Mitchell,2022-04-14
,0,0,0,0,Mitchell,2022-04-16
,0,0,0,0,Mitchell,2022-04-17
,0,0,0,0,Mitchell,2022-04-18
,0,0,0,0,Mitchell,2022-04-19
,0,0,0,0,Mitchell,2022-04-23
,0,0,0,0,Mitchell,2022-04-24
,0,0,0,0,Mitchell,2022-04-25
,0,0,0,0,Mitchell,2022-04-28
,0,0,0,0,Mitchell,2022-04-29
,0,0,0,0,Mitchell,2022-04-30
,0,0,0,0,Mitchell,2022-05-01
,0,0,0,0,Mitchell,2022-05-02
,0,0,0,0,Mitchell,2022-05-05
,0,0,0,0,Mitchell,2022-05-07
,0,0,0,0,Mitchell,2022-05-08
,0,0,0,0,Mitchell,2022-05-15
,0,0,0,0,Mitchell,2022-05-28
,0,0,0,0,Mitchell,2022-06-19
,0,0,0,0,Mitchell,2022-07-04
,0,0,0,0,Mitchell,2022-07-24
,0,0,0,0,Montgomery,2022-02-26
,0,0,0,0,Montgomery,2022-02-27
,0,0,0,0,Montgomery,2022-03-05
,0,0,0,0,Montgomery,2022-03-06
,0,0,0,0,Montgomery,2022-03-10
,0,0,0,0,Montgomery,2022-03-12
,0,0,0,0,Montgomery,2022-03-13
,0,0,0,0,Montgomery,2022-03-15
,0,0,0,0,Montgomery,2022-03-16
,0,0,0,0,Montgomery,2022-03-18
,0,0,0,0,Montgomery,2022-03-19
,0,0,0,0,Montgomery,2022-03-20
,0,0,0,0,Montgomery,2022-03-21
,0,0,0,0,Montgomery,2022-03-24
,0,0,0,0,Montgomery,2022-03-28
,0,0,0,0,Montgomery,2022-03-30
,0,0,0,0,Montgomery,2022-03-31
,0,0,0,0,Montgomery,2022-04-01
,0,0,0,0,Montgomery,2022-04-02
,0,0,0,0,Montgomery,2022-04-03
,0,0,0,0,Montgomery,2022-04-04
,0,0,0,0,Montgomery,2022-04-06
,0,0,0,0,Montgomery,2022-04-07
,0,0,0,0,Montgomery,2022-04-08
,0,0,0,0,Montgomery,2022-04-09
,0,0,0,0,Montgomery,2022-04-10
,0,0,0,0,Montgomery,2022-04-11
,0,0,0,0,Montgomery,2022-04-13
,0,0,0,0,Montgomery,2022-04-14
,0,0,0,0,Montgomery,2022-04-15
,0,0,0,0,Montgomery,2022-04-16
,0,0,0,0,Montgomery,2022-04-17
,0,0,0,0,Montgomery,2022-04-18
,0,0,0,0,Montgomery,2022-04-19
,0,0,0,0,Montgomery,2022-04-21
,0,0,0,0,Montgomery,2022-04-22
,0,0,0,0,Montgomery,2022-04-23
,0,0,0,0,Montgomery,2022-04-24
,0,0,0,0,Montgomery,2022-05-01
,0,0,0,0,Montgomery,2022-05-07
,0,0,0,0,Montgomery,2022-06-26
,0,0,0,0,Moore,2022-03-12
,0,0,0,0,Moore,2022-03-20
,0,0,0,0,Moore,2022-03-29
,0,0,0,0,Nash,2022-03-19
,0,0,0,0,Nash,2022-03-26
,0,0,0,0,Nash,2022-03-31
,0,0,0,0,Nash,2022-04-03
,0,0,0,0,New Hanover,2022-03-26
,0,0,0,0,Northampton,2022-02-19
,0,0,0,0,Northampton,2022-03-01
,0,0,0,0,Northampton,2022-03-05
,0,0,0,0,Northampton,2022-03-08
,0,0,0,0,Northampton,2022-03-09
,0,0,0,0,Northampton,2022-03-10
,0,0,0,0,Northampton,2022-03-11
,0,0,0,0,Northampton,2022-03-13
,0,0,0,0,Northampton,2022-03-14
,0,0,0,0,Northampton,2022-03-15
,0,0,0,0,Northampton,2022-03-17
,0,0,0,0,Northampton,2022-03-18
,0,0,0,0,Northampton,2022-03-19
,0,0,0,0,Northampton,2022-03-20
,0,0,0,0,Northampton,2022-03-23
,0,0,0,0,Northampton,2022-03-24
,0,0,0,0,Northampton,2022-03-25
,0,0,0,0,Northampton,2022-03-26
,0,0,0,0,Northampton,2022-03-27
,0,0,0,0,Northampton,2022-03-28
,0,0,0,0,Northampton,2022-03-29
,0,0,0,0,Northampton,2022-03-30
,0,0,0,0,Northampton,2022-03-31
,0,0,0,0,Northampton,2022-04-01
,0,0,0,0,Northampton,2022-04-02
,0,0,0,0,Northampton,2022-04-03
,0,0,0,0,Northampton,2022-04-04
,0,0,0,0,Northampton,2022-04-05
,0,0,0,0,Northampton,2022-04-07
,0,0,0,0,Northampton,2022-04-09
,0,0,0,0,Northampton,2022-04-10
,0,0,0,0,Northampton,2022-04-11
,0,0,0,0,Northampton,2022-04-12
,0,0,0,0,Northampton,2022-04-14
,0,0,0,0,Northampton,2022-04-15
,0,0,0,0,Northampton,2022-04-17
,0,0,0,0,Northampton,2022-04-18
,0,0,0,0,Northampton,2022-04-23
,0,0,0,0,Northampton,2022-04-24
,0,0,0,0,Northampton,2022-04-27
,0,0,0,0,Northampton,2022-04-30
,0,0,0,0,Northampton,2022-05-01
,0,0,0,0,Northampton,2022-05-06
,0,0,0,0,Northampton,2022-05-15
,0,0,0,0,Pamlico,2022-02-20
,0,0,0,0,Pamlico,2022-02-27
,0,0,0,0,Pamlico,2022-02-28
,0,0,0,0,Pamlico,2022-03-05
,0,0,0,0,Pamlico,2022-03-06
,0,0,0,0,Pamlico,2022-03-08
,0,0,0,0,Pamlico,2022-03-10
,0,0,0,0,Pamlico,2022-03-11
,0,0,0,0,Pamlico,2022-03-12
,0,0,0,0,Pamlico,2022-03-13
,0,0,0,0,Pamlico,2022-03-14
,0,0,0,0,Pamlico,2022-03-15
,0,0,0,0,Pamlico,2022-03-18
,0,0,0,0,Pamlico,2022-03-19
,0,0,0,0,Pamlico,2022-03-20
,0,0,0,0,Pamlico,2022-03-22
,0,0,0,0,Pamlico,2022-03-23
,0,0,0,0,Pamlico,2022-03-24
,0,0,0,0,Pamlico,2022-03-25
,0,0,0,0,Pamlico,2022-03-26
,0,0,0,0,Pamlico,2022-03-27
,0,0,0,0,Pamlico,2022-03-28
,0,0,0,0,Pamlico,2022-03-29
,0,0,0,0,Pamlico,2022-03-31
,0,0,0,0,Pamlico,2022-04-01
,0,0,0,0,Pamlico,2022-04-02
,0,0,0,0,Pamlico,2022-04-03
,0,0,0,0,Pamlico,2022-04-04
,0,0,0,0,Pamlico,2022-04-06
,0,0,0,0,Pamlico,2022-04-07
,0,0,0,0,Pamlico,2022-04-09
,0,0,0,0,Pamlico,2022-04-10
,0,0,0,0,Pamlico,2022-04-11
,0,0,0,0,Pamlico,2022-04-12
,0,0,0,0,Pamlico,2022-04-15
,0,0,0,0,Pamlico,2022-04-16
,0,0,0,0,Pamlico,2022-04-21
,0,0,0,0,Pamlico,2022-04-23
,0,0,0,0,Pamlico,2022-04-24
,0,0,0,0,Pamlico,2022-04-26
,0,0,0,0,Pamlico,2022-05-03
,0,0,0,0,Pamlico,2022-05-14
,0,0,0,0,Pamlico,2022-05-30
,0,0,0,0,Pasquotank,2022-02-25
,0,0,0,0,Pasquotank,2022-03-05
,0,0,0,0,Pasquotank,2022-03-06
,0,0,0,0,Pasquotank,2022-03-09
,0,0,0,0,Pasquotank,2022-03-12
,0,0,0,0,Pasquotank,2022-03-14
,0,0,0,0,Pasquotank,2022-03-15
,0,0,0,0,Pasquotank,2022-03-21
,0,0,0,0,Pasquotank,2022-03-24
,0,0,0,0,Pasquotank,2022-03-27
,0,0,0,0,Pasquotank,2022-03-29
,0,0,0,0,Pasquotank,2022-03-31
,0,0,0,0,Pasquotank,2022-04-01
,0,0,0,0,Pasquotank,2022-04-02
,0,0,0,0,Pasquotank,2022-04-03
,0,0,0,0,Pasquotank,2022-04-04
,0,0,0,0,Pasquotank,2022-04-09
,0,0,0,0,Pasquotank,2022-04-13
,0,0,0,0,Pasquotank,2022-04-14
,0,0,0,0,Pasquotank,2022-04-21
,0,0,0,0,Pasquotank,2022-04-30
,0,0,0,0,Pasquotank,2022-07-10
,0,0,0,0,Pender,2022-03-10
,0,0,0,0,Pender,2022-03-13
,0,0,0,0,Pender,2022-03-18
,0,0,0,0,Pender,2022-03-20
,0,0,0,0,Pender,2022-03-23
,0,0,0,0,Pender,2022-03-25
,0,0,0,0,Pender,2022-03-27
,0,0,0,0,Pender,2022-04-02
,0,0,0,0,Pender,2022-04-03
,0,0,0,0,Pender,2022-04-05
,0,0,0,0,Pender,2022-04-10
,0,0,0,0,Pender,2022-05-01
,0,0,0,0,Perquimans,2022-02-19
,0,0,0,0,Perquimans,2022-02-24
,0,0,0,0,Perquimans,2022-02-25
,0,0,0,0,Perquimans,2022-02-27
,0,0,0,0,Perquimans,2022-03-05
,0,0,0,0,Perquimans,2022-03-07
,0,0,0,0,Perquimans,2022-03-09
,0,0,0,0,Perquimans,2022-03-10
,0,0,0,0,Perquimans,2022-03-12
,0,0,0,0,Perquimans,2022-03-14
,0,0,0,0,Perquimans,2022-03-15
,0,0,0,0,Perquimans,2022-03-17
,0,0,0,0,Perquimans,2022-03-19
,0,0,0,0,Perquimans,2022-03-20
,0,0,0,0,Perquimans,2022-03-22
,0,0,0,0,Perquimans,2022-03-23
,0,0,0,0,Perquimans,2022-03-25
,0,0,0,0,Perquimans,2022-03-26
,0,0,0,0,Perquimans,2022-03-28
,0,0,0,0,Perquimans,2022-03-29
,0,0,0,0,Perquimans,2022-03-30
,0,0,0,0,Perquimans,2022-03-31
,0,0,0,0,Perquimans,2022-04-01
,0,0,0,0,Perquimans,2022-04-02
,0,0,0,0,Perquimans,2022-04-03
,0,0,0,0,Perquimans,2022-04-05
,0,0,0,0,Perquimans,2022-04-07
,0,0,0,0,Perquimans,2022-04-08
,0,0,0,0,Perquimans,2022-04-09
,0,0,0,0,Perquimans,2022-04-10
,0,0,0,0,Perquimans,2022-04-12
,0,0,0,0,Perquimans,2022-04-13
,0,0,0,0,Perquimans,2022-04-14
,0,0,0,0,Perquimans,2022-04-15
,0,0,0,0,Perquimans,2022-04-16
,0,0,0,0,Perquimans,2022-04-17
,0,0,0,0,Perquimans,2022-04-18
,0,0,0,0,Perquimans,2022-04-19
,0,0,0,0,Perquimans,2022-04-20
,0,0,0,0,Perquimans,2022-04-21
,0,0,0,0,Perquimans,2022-04-22
,0,0,0,0,Perquimans,2022-04-23
,0,0,0,0,Perquimans,2022-04-30
,0,0,0,0,Perquimans,2022-05-07
,0,0,0,0,Perquimans,2022-05-08
,0,0,0,0,Perquimans,2022-05-10
,0,0,0,0,Perquimans,2022-05-12
,0,0,0,0,Perquimans,2022-05-13
,0,0,0,0,Perquimans,2022-06-05
,0,0,0,0,Perquimans,2022-06-19
,0,0,0,0,Perquimans,2022-07-08
,0,0,0,0,Person,2022-03-11
,0,0,0,0,Person,2022-03-12
,0,0,0,0,Person,2022-03-23
,0,0,0,0,Person,2022-03-24
,0,0,0,0,Person,2022-03-25
,0,0,0,0,Person,2022-03-27
,0,0,0,0,Person,2022-03-28
,0,0,0,0,Person,2022-04-03
,0,0,0,0,Person,2022-04-08
,0,0,0,0,Person,2022-04-21
,0,0,0,0,Pitt,2022-03-27
,0,0,0,0,Polk,2022-03-06
,0,0,0,0,Polk,2022-03-09
,0,0,0,0,Polk,2022-03-11
,0,0,0,0,Polk,2022-03-12
,0,0,0,0,Polk,2022-03-13
,0,0,0,0,Polk,2022-03-15
,0,0,0,0,Polk,2022-03-16
,0,0,0,0,Polk,2022-03-17
,0,0,0,0,Polk,2022-03-20
,0,0,0,0,Polk,2022-04-02
,0,0,0,0,Polk,2022-04-03
,0,0,0,0,Polk,2022-04-05
,0,0,0,0,Polk,2022-04-06
,0,0,0,0,Polk,2022-04-08
,0,0,0,0,Polk,2022-04-10
,0,0,0,0,Polk,2022-04-12
,0,0,0,0,Polk,2022-04-14
,0,0,0,0,Polk,2022-04-17
,0,0,0,0,Polk,2022-04-20
,0,0,0,0,Polk,2022-04-21
,0,0,0,0,Polk,2022-04-23
,0,0,0,0,Polk,2022-04-24
,0,0,0,0,Polk,2022-04-27
,0,0,0,0,Polk,2022-05-04
,0,0,0,0,Polk,2022-05-06
,0,0,0,0,Polk,2022-05-15
,0,0,0,0,Polk,2022-05-26
,0,0,0,0,Polk,2022-07-09
,0,0,0,0,Richmond,2022-03-06
,0,0,0,0,Richmond,2022-03-12
,0,0,0,0,Richmond,2022-03-15
,0,0,0,0,Richmond,2022-03-17
,0,0,0,0,Richmond,2022-03-18
,0,0,0,0,Richmond,2022-03-19
,0,0,0,0,Richmond,2022-03-20
,0,0,0,0,Richmond,2022-03-22
,0,0,0,0,Richmond,2022-03-26
,0,0,0,0,Richmond,2022-03-27
,0,0,0,0,Richmond,2022-03-28
,0,0,0,0,Richmond,2022-03-29
,0,0,0,0,Richmond,2022-03-30
,0,0,0,0,Richmond,2022-03-31
,0,0,0,0,Richmond,2022-04-02
,0,0,0,0,Richmond,2022-04-03
,0,0,0,0,Richmond,2022-04-06
,0,0,0,0,Richmond,2022-04-07
,0,0,0,0,Richmond,2022-04-08
,0,0,0,0,Richmond,2022-04-09
,0,0,0,0,Richmond,2022-04-17
,0,0,0,0,Robeson,2022-03-19
,0,0,0,0,Robeson,2022-03-22
,0,0,0,0,Rockingham,2022-03-17
,0,0,0,0,Rockingham,2022-04-02
,0,0,0,0,Rowan,2022-03-27
,0,0,0,0,Rowan,2022-04-02
,0,0,0,0,Rutherford,2022-03-13
,0,0,0,0,Rutherford,2022-03-14
,0,0,0,0,Rutherford,2022-03-17
,0,0,0,0,Rutherford,2022-03-20
,0,0,0,0,Rutherford,2022-03-24
,0,0,0,0,Rutherford,2022-03-26
,0,0,0,0,Rutherford,2022-04-01
,0,0,0,0,Rutherford,2022-04-03
,0,0,0,0,Rutherford,2022-04-07
,0,0,0,0,Rutherford,2022-04-09
,0,0,0,0,Rutherford,2022-04-11
,0,0,0,0,Rutherford,2022-04-30
,0,0,0,0,Sampson,2022-03-10
,0,0,0,0,Sampson,2022-03-27
,0,0,0,0,Sampson,2022-04-01
,0,0,0,0,Sampson,2022-04-10
,0,0,0,0,Sampson,2022-04-13
,0,0,0,0,Sampson,2022-04-17
,0,0,0,0,Scotland,2022-03-12
,0,0,0,0,Scotland,2022-03-13
,0,0,0,0,Scotland,2022-03-23
,0,0,0,0,Scotland,2022-03-26
,0,0,0,0,Scotland,2022-03-27
,0,0,0,0,Scotland,2022-03-31
,0,0,0,0,Scotland,2022-04-01
,0,0,0,0,Scotland,2022-04-02
,0,0,0,0,Scotland,2022-04-03
,0,0,0,0,Scotland,2022-04-06
,0,0,0,0,Scotland,2022-04-07
,0,0,0,0,Scotland,2022-04-10
,0,0,0,0,Scotland,2022-04-17
,0,0,0,0,Scotland,2022-04-29
,0,0,0,0,Stanly,2022-03-06
,0,0,0,0,Stanly,2022-03-09
,0,0,0,0,Stanly,2022-03-10
,0,0,0,0,Stanly,2022-03-11
,0,0,0,0,Stanly,2022-03-13
,0,0,0,0,Stanly,2022-03-26
,0,0,0,0,Stanly,2022-03-28
,0,0,0,0,Stanly,2022-04-01
,0,0,0,0,Stanly,2022-04-02
,0,0,0,0,Stanly,2022-04-04
,0,0,0,0,Stanly,2022-04-08
,0,0,0,0,Stanly,2022-04-11
,0,0,0,0,Stanly,2022-04-15
,0,0,0,0,Stanly,2022-04-17
,0,0,0,0,Stanly,2022-04-23
,0,0,0,0,Stokes,2022-03-13
,0,0,0,0,Stokes,2022-03-16
,0,0,0,0,Stokes,2022-03-17
,0,0,0,0,Stokes,2022-03-18
,0,0,0,0,Stokes,2022-03-20
,0,0,0,0,Stokes,2022-03-22
,0,0,0,0,Stokes,2022-03-24
,0,0,0,0,Stokes,2022-03-25
,0,0,0,0,Stokes,2022-04-03
,0,0,0,0,Stokes,2022-04-07
,0,0,0,0,Stokes,2022-04-12
,0,0,0,0,Stokes,2022-04-16
,0,0,0,0,Stokes,2022-04-17
,0,0,0,0,Surry,2022-03-25
,0,0,0,0,Surry,2022-04-01
,0,0,0,0,Swain,2022-02-26
,0,0,0,0,Swain,2022-02-27
,0,0,0,0,Swain,2022-03-09
,0,0,0,0,Swain,2022-03-11
,0,0,0,0,Swain,2022-03-12
,0,0,0,0,Swain,2022-03-14
,0,0,0,0,Swain,2022-03-15
,0,0,0,0,Swain,2022-03-16
,0,0,0,0,Swain,2022-03-17
,0,0,0,0,Swain,2022-03-18
,0,0,0,0,Swain,2022-03-19
,0,0,0,0,Swain,2022-03-20
,0,0,0,0,Swain,2022-03-21
,0,0,0,0,Swain,2022-03-25
,0,0,0,0,Swain,2022-03-26
,0,0,0,0,Swain,2022-03-27
,0,0,0,0,Swain,2022-03-28
,0,0,0,0,Swain,2022-03-30
,0,0,0,0,Swain,2022-03-31
,0,0,0,0,Swain,2022-04-01
,0,0,0,0,Swain,2022-04-03
,0,0,0,0,Swain,2022-04-04
,0,0,0,0,Swain,2022-04-05
,0,0,0,0,Swain,2022-04-08
,0,0,0,0,Swain,2022-04-10
,0,0,0,0,Swain,2022-04-11
,0,0,0,0,Swain,2022-04-13
,0,0,0,0,Swain,2022-04-16
,0,0,0,0,Swain,2022-04-17
,0,0,0,0,Swain,2022-06-17
,0,0,0,0,Transylvania,2022-02-19
,0,0,0,0,Transylvania,2022-03-04
,0,0,0,0,Transylvania,2022-03-09
,0,0,0,0,Transylvania,2022-03-10
,0,0,0,0,Transylvania,2022-03-11
,0,0,0,0,Transylvania,2022-03-12
,0,0,0,0,Transylvania,2022-03-13
,0,0,0,0,Transylvania,2022-03-15
,0,0,0,0,Transylvania,2022-03-17
,0,0,0,0,Transylvania,2022-03-19
,0,0,0,0,Transylvania,2022-03-20
,0,0,0,0,Transylvania,2022-03-24
,0,0,0,0,Transylvania,2022-03-25
,0,0,0,0,Transylvania,2022-03-26
,0,0,0,0,Transylvania,2022-03-27
,0,0,0,0,Transylvania,2022-03-29
,0,0,0,0,Transylvania,2022-03-31
,0,0,0,0,Transylvania,2022-04-02
,0,0,0,0,Transylvania,2022-04-03
,0,0,0,0,Transylvania,2022-04-05
,0,0,0,0,Transylvania,2022-04-10
,0,0,0,0,Transylvania,2022-04-13
,0,0,0,0,Transylvania,2022-04-14
,0,0,0,0,Transylvania,2022-04-15
,0,0,0,0,Transylvania,2022-04-17
,0,0,0,0,Transylvania,2022-04-28
,0,0,0,0,Tyrrell,2022-02-13
,0,0,0,0,Tyrrell,2022-02-17
,0,0,0,0,Tyrrell,2022-02-19
,0,0,0,0,Tyrrell,2022-02-20
,0,0,0,0,Tyrrell,2022-02-21
,0,0,0,0,Tyrrell,2022-02-23
,0,0,0,0,Tyrrell,2022-02-24
,0,0,0,0,Tyrrell,2022-02-25
,0,0,0,0,Tyrrell,2022-02-26
,0,0,0,0,Tyrrell,2022-02-27
,0,0,0,0,Tyrrell,2022-02-28
,0,0,0,0,Tyrrell,2022-03-04
,0,0,0,0,Tyrrell,2022-03-05
,0,0,0,0,Tyrrell,2022-03-06
,0,0,0,0,Tyrrell,2022-03-07
,0,0,0,0,Tyrrell,2022-03-09
,0,0,0,0,Tyrrell,2022-03-10
,0,0,0,0,Tyrrell,2022-03-12
,0,0,0,0,Tyrrell,2022-03-13
,0,0,0,0,Tyrrell,2022-03-14
,0,0,0,0,Tyrrell,2022-03-15
,0,0,0,0,Tyrrell,2022-03-16
,0,0,0,0,Tyrrell,2022-03-17
,0,0,0,0,Tyrrell,2022-03-18
,0,0,0,0,Tyrrell,2022-03-19
,0,0,0,0,Tyrrell,2022-03-20
,0,0,0,0,Tyrrell,2022-03-21
,0,0,0,0,Tyrrell,2022-03-22
,0,0,0,0,Tyrrell,2022-03-23
,0,0,0,0,Tyrrell,2022-03-24
,0,0,0,0,Tyrrell,2022-03-25
,0,0,0,0,Tyrrell,2022-03-26
,0,0,0,0,Tyrrell,2022-03-27
,0,0,0,0,Tyrrell,2022-03-28
,0,0,0,0,Tyrrell,2022-03-29
,0,0,0,0,Tyrrell,2022-03-30
,0,0,0,0,Tyrrell,2022-03-31
,0,0,0,0,Tyrrell,2022-04-01
,0,0,0,0,Tyrrell,2022-04-02
,0,0,0,0,Tyrrell,2022-04-03
,0,0,0,0,Tyrrell,2022-04-04
,0,0,0,0,Tyrrell,2022-04-05
,0,0,0,0,Tyrrell,2022-04-06
,0,0,0,0,Tyrrell,2022-04-07
,0,0,0,0,Tyrrell,2022-04-08
,0,0,0,0,Tyrrell,2022-04-09
,0,0,0,0,Tyrrell,2022-04-10
,0,0,0,0,Tyrrell,2022-04-11
,0,0,0,0,Tyrrell,2022-04-13
,0,0,0,0,Tyrrell,2022-04-14
,0,0,0,0,Tyrrell,2022-04-15
,0,0,0,0,Tyrrell,2022-04-16
,0,0,0,0,Tyrrell,2022-04-17
,0,0,0,0,Tyrrell,2022-04-18
,0,0,0,0,Tyrrell,2022-04-19
,0,0,0,0,Tyrrell,2022-04-20
,0,0,0,0,Tyrrell,2022-04-21
,0,0,0,0,Tyrrell,2022-04-23
,0,0,0,0,Tyrrell,2022-04-24
,0,0,0,0,Tyrrell,2022-04-26
,0,0,0,0,Tyrrell,2022-04-28
,0,0,0,0,Tyrrell,2022-05-01
,0,0,0,0,Tyrrell,2022-05-02
,0,0,0,0,Tyrrell,2022-05-03
,0,0,0,0,Tyrrell,2022-05-04
,0,0,0,0,Tyrrell,2022-05-05
,0,0,0,0,Tyrrell,2022-05-06
,0,0,0,0,Tyrrell,2022-05-07
,0,0,0,0,Tyrrell,2022-05-08
,0,0,0,0,Tyrrell,2022-05-13
,0,0,0,0,Tyrrell,2022-05-16
,0,0,0,0,Tyrrell,2022-05-18
,0,0,0,0,Tyrrell,2022-05-21
,0,0,0,0,Tyrrell,2022-05-22
,0,0,0,0,Tyrrell,2022-05-24
,0,0,0,0,Tyrrell,2022-05-25
,0,0,0,0,Tyrrell,2022-05-28
,0,0,0,0,Tyrrell,2022-05-29
,0,0,0,0,Tyrrell,2022-06-02
,0,0,0,0,Tyrrell,2022-06-04
,0,0,0,0,Tyrrell,2022-06-05
,0,0,0,0,Tyrrell,2022-06-06
,0,0,0,0,Tyrrell,2022-06-09
,0,0,0,0,Tyrrell,2022-06-12
,0,0,0,0,Tyrrell,2022-06-14
,0,0,0,0,Tyrrell,2022-06-15
,0,0,0,0,Tyrrell,2022-06-18
,0,0,0,0,Tyrrell,2022-06-19
,0,0,0,0,Tyrrell,2022-06-20
,0,0,0,0,Tyrrell,2022-06-23
,0,0,0,0,Tyrrell,2022-06-26
,0,0,0,0,Tyrrell,2022-06-27
,0,0,0,0,Tyrrell,2022-06-30
,0,0,0,0,Tyrrell,2022-07-02
,0,0,0,0,Tyrrell,2022-07-03
,0,0,0,0,Tyrrell,2022-07-04
,0,0,0,0,Tyrrell,2022-07-10
,0,0,0,0,Tyrrell,2022-07-23
,0,0,0,0,Tyrrell,2022-07-24
,0,0,0,0,Tyrrell,2022-07-28
,0,0,0,0,Tyrrell,2022-07-29
,0,0,0,0,Tyrrell,2022-07-30
,0,0,0,0,Tyrrell,2022-07-31
,0,0,0,0,Tyrrell,2022-08-05
,0,0,0,0,Tyrrell,2022-08-06
,0,0,0,0,Union,2022-03-20
,0,0,0,0,Vance,2022-02-26
,0,0,0,0,Vance,2022-03-06
,0,0,0,0,Vance,2022-03-12
,0,0,0,0,Vance,2022-03-16
,0,0,0,0,Vance,2022-03-17
,0,0,0,0,Vance,2022-03-19
,0,0,0,0,Vance,2022-03-27
,0,0,0,0,Vance,2022-03-29
,0,0,0,0,Vance,2022-03-30
,0,0,0,0,Vance,2022-04-15
,0,0,0,0,Vance,2022-04-17
,0,0,0,0,Warren,2022-02-26
,0,0,0,0,Warren,2022-03-03
,0,0,0,0,Warren,2022-03-06
,0,0,0,0,Warren,2022-03-10
,0,0,0,0,Warren,2022-03-11
,0,0,0,0,Warren,2022-03-12
,0,0,0,0,Warren,2022-03-13
,0,0,0,0,Warren,2022-03-15
,0,0,0,0,Warren,2022-03-17
,0,0,0,0,Warren,2022-03-18
,0,0,0,0,Warren,2022-03-19
,0,0,0,0,Warren,2022-03-20
,0,0,0,0,Warren,2022-03-21
,0,0,0,0,Warren,2022-03-24
,0,0,0,0,Warren,2022-03-26
,0,0,0,0,Warren,2022-03-27
,0,0,0,0,Warren,2022-03-28
,0,0,0,0,Warren,2022-03-29
,0,0,0,0,Warren,2022-03-30
,0,0,0,0,Warren,2022-03-31
,0,0,0,0,Warren,2022-04-01
,0,0,0,0,Warren,2022-04-02
,0,0,0,0,Warren,2022-04-03
,0,0,0,0,Warren,2022-04-07
,0,0,0,0,Warren,2022-04-09
,0,0,0,0,Warren,2022-04-10
,0,0,0,0,Warren,2022-04-15
,0,0,0,0,Warren,2022-04-17
,0,0,0,0,Warren,2022-04-20
,0,0,0,0,Warren,2022-04-24
,0,0,0,0,Warren,2022-04-29
,0,0,0,0,Warren,2022-05-20
,0,0,0,0,Washington,2022-02-23
,0,0,0,0,Washington,2022-02-26
,0,0,0,0,Washington,2022-03-03
,0,0,0,0,Washington,2022-03-05
,0,0,0,0,Washington,2022-03-10
,0,0,0,0,Washington,2022-03-11
,0,0,0,0,Washington,2022-03-12
,0,0,0,0,Washington,2022-03-13
,0,0,0,0,Washington,2022-03-16
,0,0,0,0,Washington,2022-03-17
,0,0,0,0,Washington,2022-03-18
,0,0,0,0,Washington,2022-03-19
,0,0,0,0,Washington,2022-03-20
,0,0,0,0,Washington,2022-03-21
,0,0,0,0,Washington,2022-03-22
,0,0,0,0,Washington,2022-03-24
,0,0,0,0,Washington,2022-03-25
,0,0,0,0,Washington,2022-03-26
,0,0,0,0,Washington,2022-03-28
,0,0,0,0,Washington,2022-03-30
,0,0,0,0,Washington,2022-03-31
,0,0,0,0,Washington,2022-04-02
,0,0,0,0,Washington,2022-04-04
,0,0,0,0,Washington,2022-04-06
,0,0,0,0,Washington,2022-04-07
,0,0,0,0,Washington,2022-04-09
,0,0,0,0,Washington,2022-04-10
,0,0,0,0,Washington,2022-04-11
,0,0,0,0,Washington,2022-04-12
,0,0,0,0,Washington,2022-04-13
,0,0,0,0,Washington,2022-04-14
,0,0,0,0,Washington,2022-04-15
,0,0,0,0,Washington,2022-04-16
,0,0,0,0,Washington,2022-04-21
,0,0,0,0,Washington,2022-04-22
,0,0,0,0,Washington,2022-04-23
,0,0,0,0,Washington,2022-04-24
,0,0,0,0,Washington,2022-04-29
,0,0,0,0,Washington,2022-05-01
,0,0,0,0,Washington,2022-05-03
,0,0,0,0,Washington,2022-05-04
,0,0,0,0,Washington,2022-05-05
,0,0,0,0,Washington,2022-05-06
,0,0,0,0,Washington,2022-05-07
,0,0,0,0,Washington,2022-05-08
,0,0,0,0,Washington,2022-05-11
,0,0,0,0,Washington,2022-05-18
,0,0,0,0,Washington,2022-05-21
,0,0,0,0,Washington,2022-05-22
,0,0,0,0,Washington,2022-06-04
,0,0,0,0,Washington,2022-06-05
,0,0,0,0,Washington,2022-06-25
,0,0,0,0,Washington,2022-06-26
,0,0,0,0,Washington,2022-07-17
,0,0,0,0,Washington,2022-07-24
,0,0,0,0,Watauga,2022-03-12
,0,0,0,0,Watauga,2022-03-27
,0,0,0,0,Watauga,2022-04-02
,0,0,0,0,Wayne,2022-03-26
,0,0,0,0,Wilkes,2022-03-19
,0,0,0,0,Wilkes,2022-03-26
,0,0,0,0,Wilkes,2022-03-27
,0,0,0,0,Wilkes,2022-03-29
,0,0,0,0,Wilkes,2022-04-05
,0,0,0,0,Wilkes,2022-04-16
,0,0,0,0,Wilkes,2022-04-17
,0,0,0,0,Wilson,2022-03-22
,0,0,0,0,Wilson,2022-03-24
,0,0,0,0,Wilson,2022-03-26
,0,0,0,0,Wilson,2022-03-27
,0,0,0,0,Wilson,2022-04-03
,0,0,0,0,Wilson,2022-04-04
,0,0,0,0,Yadkin,2022-03-11
,0,0,0,0,Yadkin,2022-03-12
,0,0,0,0,Yadkin,2022-03-18
,0,0,0,0,Yadkin,2022-03-19
,0,0,0,0,Yadkin,2022-03-20
,0,0,0,0,Yadkin,2022-03-24
,0,0,0,0,Yadkin,2022-03-26
,0,0,0,0,Yadkin,2022-03-27
,0,0,0,0,Yadkin,2022-04-02
,0,0,0,0,Yadkin,2022-04-03
,0,0,0,0,Yadkin,2022-04-11
,0,0,0,0,Yadkin,2022-04-12
,0,0,0,0,Yancey,2022-03-11
,0,0,0,0,Yancey,2022-03-12
,0,0,0,0,Yancey,2022-03-13
,0,0,0,0,Yancey,2022-03-17
,0,0,0,0,Yancey,2022-03-19
,0,0,0,0,Yancey,2022-03-20
,0,0,0,0,Yancey,2022-03-22
,0,0,0,0,Yancey,2022-03-23
,0,0,0,0,Yancey,2022-03-26
,0,0,0,0,Yancey,2022-03-27
,0,0,0,0,Yancey,2022-03-30
,0,0,0,0,Yancey,2022-04-01
,0,0,0,0,Yancey,2022-04-03
,0,0,0,0,Yancey,2022-04-06
,0,0,0,0,Yancey,2022-04-07
,0,0,0,0,Yancey,2022-04-09
,0,0,0,0,Yancey,2022-04-10
,0,0,0,0,Yancey,2022-04-11
,0,0,0,0,Yancey,2022-04-15
,0,0,0,0,Yancey,2022-04-17
,0,0,0,0,Yancey,2022-04-24
,0,0,0,0,Yancey,2022-05-12
,0,0,0,0,Yancey,2022-06-12
,0,0,0,0,Yancey,2022-07-10
0,8,0,8,0,Alamance,2022-03-10
0,3,0,3,0,Alamance,2022-03-16
0,8,0,8,0,Alamance,2022-03-18
0,1,0,1,0,Alamance,2022-03-19
0,7,0,7,0,Alamance,2022-03-22
0,9,0,9,0,Alamance,2022-04-17
0,21,1,20,0,Alamance,2022-03-03
0,13,1,12,0,Alamance,2022-03-21
0,10,1,9,0,Alamance,2022-04-10
0,7,1,6,0,Alamance,2022-04-16
0,7,2,5,0,Alamance,2022-03-27
0,8,2,6,0,Alamance,2022-04-09
0,7,3,4,0,Alamance,2022-03-25
0,18,3,15,0,Alamance,2022-04-05
0,21,3,18,0,Alamance,2022-04-24
0,11,7,4,0,Alamance,2022-03-29
0,32,11,21,0,Alamance,2022-04-13
0,5,0,5,0,Alexander,2022-02-19
0,1,0,1,0,Alexander,2022-02-25
0,2,0,2,0,Alexander,2022-03-02
0,1,0,1,0,Alexander,2022-03-04
0,1,0,1,0,Alexander,2022-03-05
0,1,0,1,0,Alexander,2022-03-08
0,3,0,3,0,Alexander,2022-03-09
0,1,0,1,0,Alexander,2022-03-11
0,1,0,1,0,Alexander,2022-03-16
0,1,0,1,0,Alexander,2022-03-17
0,1,0,1,0,Alexander,2022-03-19
0,2,0,2,0,Alexander,2022-03-21
0,2,0,2,0,Alexander,2022-03-23
0,2,0,2,0,Alexander,2022-03-24
0,1,0,1,0,Alexander,2022-03-25
0,1,0,1,0,Alexander,2022-03-31
0,1,0,1,0,Alexander,2022-04-14
0,1,0,1,0,Alexander,2022-04-20
0,1,0,1,0,Alexander,2022-04-24
0,2,0,2,0,Alexander,2022-04-30
0,1,0,1,0,Alexander,2022-05-07
0,4,0,4,0,Alexander,2022-05-13
0,2,0,2,0,Alexander,2022-05-15
0,2,0,2,0,Alexander,2022-05-22
0,4,0,4,0,Alexander,2022-05-29
0,1,0,1,0,Alexander,2022-06-04
0,7,0,7,0,Alexander,2022-07-02
0,5,0,5,0,Alexander,2022-07-08
0,11,0,11,0,Alexander,2022-07-09
0,4,1,3,0,Alexander,2022-03-03
0,2,1,1,0,Alexander,2022-03-18
0,1,1,0,0,Alexander,2022-04-04
0,2,1,1,0,Alexander,2022-04-08
0,1,1,0,0,Alexander,2022-04-11
0,1,1,0,0,Alexander,2022-04-18
0,1,1,0,0,Alexander,2022-04-21
0,2,1,1,0,Alexander,2022-04-29
0,2,1,1,0,Alexander,2022-05-02
0,2,1,1,0,Alexander,2022-05-06
0,1,1,0,0,Alexander,2022-05-08
0,4,1,3,0,Alexander,2022-05-11
0,2,1,1,0,Alexander,2022-05-14
0,1,1,0,0,Alexander,2022-05-21
0,9,1,8,0,Alexander,2022-05-25
0,2,1,1,0,Alexander,2022-05-28
0,1,1,0,0,Alexander,2022-06-11
0,2,1,1,0,Alexander,2022-06-12
0,3,1,2,0,Alexander,2022-06-14
0,3,1,2,0,Alexander,2022-06-18
0,13,1,12,0,Alexander,2022-07-24
0,8,1,7,0,Alexander,2022-07-31
0,2,2,0,0,Alexander,2022-03-14
0,3,2,1,0,Alexander,2022-04-13
0,5,2,3,0,Alexander,2022-04-22
0,4,2,2,0,Alexander,2022-05-30
0,7,2,5,0,Alexander,2022-06-08
0,5,2,3,0,Alexander,2022-06-23
0,6,2,4,0,Alexander,2022-07-23
0,13,3,10,0,Alexander,2022-02-15
0,4,3,1,0,Alexander,2022-04-25
0,5,3,2,0,Alexander,2022-05-10
0,10,4,6,0,Alexander,2022-06-21
0,15,4,11,0,Alexander,2022-07-14
0,8,5,3,0,Alexander,2022-05-09
0,3,0,3,0,Alleghany,2022-02-11
0,1,0,1,0,Alleghany,2022-02-13
0,5,0,5,0,Alleghany,2022-02-16
0,1,0,1,0,Alleghany,2022-02-19
0,1,0,1,0,Alleghany,2022-02-20
0,4,0,4,0,Alleghany,2022-02-24
0,4,0,4,0,Alleghany,2022-02-25
0,4,0,4,0,Alleghany,2022-02-26
0,4,0,4,0,Alleghany,2022-02-28
0,1,0,1,0,Alleghany,2022-03-10
0,1,0,1,0,Alleghany,2022-03-29
0,1,0,1,0,Alleghany,2022-04-08
0,1,0,1,0,Alleghany,2022-04-13
0,2,0,2,0,Alleghany,2022-04-21
0,1,0,1,0,Alleghany,2022-04-29
0,1,0,1,0,Alleghany,2022-05-01
0,1,0,1,0,Alleghany,2022-05-02
0,1,0,1,0,Alleghany,2022-05-06
0,1,0,1,0,Alleghany,2022-05-07
0,3,0,3,0,Alleghany,2022-05-09
0,1,0,1,0,Alleghany,2022-05-10
0,1,0,1,0,Alleghany,2022-05-11
0,1,0,1,0,Alleghany,2022-05-13
0,1,0,1,0,Alleghany,2022-05-14
0,1,0,1,0,Alleghany,2022-05-15
0,1,0,1,0,Alleghany,2022-05-16
0,1,0,1,0,Alleghany,2022-05-19
0,1,0,1,0,Alleghany,2022-05-26
0,1,0,1,0,Alleghany,2022-06-13
0,2,0,2,0,Alleghany,2022-06-16
0,2,0,2,0,Alleghany,2022-06-18
0,1,0,1,0,Alleghany,2022-06-27
0,3,0,3,0,Alleghany,2022-07-06
0,1,0,1,0,Alleghany,2022-07-13
0,2,0,2,0,Alleghany,2022-07-14
0,1,0,1,0,Alleghany,2022-07-21
0,3,0,3,0,Alleghany,2022-08-04
0,1,1,0,0,Alleghany,2022-03-05
0,1,1,0,0,Alleghany,2022-03-19
0,1,1,0,0,Alleghany,2022-04-06
0,1,1,0,0,Alleghany,2022-04-15
0,1,1,0,0,Alleghany,2022-04-18
0,1,1,0,0,Alleghany,2022-04-23
0,2,1,1,0,Alleghany,2022-04-28
0,2,1,1,0,Alleghany,2022-05-04
0,3,1,2,0,Alleghany,2022-05-05
0,2,1,1,0,Alleghany,2022-05-28
0,1,1,0,0,Alleghany,2022-05-29
0,1,1,0,0,Alleghany,2022-06-12
0,1,1,0,0,Alleghany,2022-06-23
0,2,1,1,0,Alleghany,2022-06-24
0,1,1,0,0,Alleghany,2022-06-25
0,2,1,1,0,Alleghany,2022-07-03
0,1,1,0,0,Alleghany,2022-07-08
0,1,1,0,0,Alleghany,2022-07-09
0,6,1,5,0,Alleghany,2022-07-20
0,6,2,4,0,Alleghany,2022-02-17
0,4,2,2,0,Alleghany,2022-03-03
0,2,2,0,0,Alleghany,2022-03-16
0,3,2,1,0,Alleghany,2022-03-20
0,5,2,3,0,Alleghany,2022-05-18
0,3,2,1,0,Alleghany,2022-05-21
0,3,2,1,0,Alleghany,2022-05-30
0,2,2,0,0,Alleghany,2022-06-26
0,3,2,1,0,Alleghany,2022-07-24
0,2,2,0,0,Alleghany,2022-07-30
0,3,3,0,0,Alleghany,2022-06-03
0,4,3,1,0,Alleghany,2022-06-29
0,3,3,0,0,Alleghany,2022-06-30
0,5,3,2,0,Alleghany,2022-07-29
0,7,4,3,0,Alleghany,2022-02-18
0,5,4,1,0,Alleghany,2022-07-05
0,4,4,0,0,Alleghany,2022-07-15
0,11,5,6,0,Alleghany,2022-05-17
0,7,5,2,0,Alleghany,2022-07-01
0,5,5,0,0,Alleghany,2022-07-11
0,7,6,1,0,Alleghany,2022-07-25
0,7,6,1,0,Alleghany,2022-07-28
0,3,0,3,0,Anson,2022-02-17
0,2,0,2,0,Anson,2022-02-26
0,1,0,1,0,Anson,2022-02-27
0,1,0,1,0,Anson,2022-03-03
0,1,0,1,0,Anson,2022-03-06
0,1,0,1,0,Anson,2022-03-10
0,1,0,1,0,Anson,2022-03-12
0,1,0,1,0,Anson,2022-03-13
0,1,0,1,0,Anson,2022-03-14
0,1,0,1,0,Anson,2022-03-15
0,1,0,1,0,Anson,2022-03-16
0,1,0,1,0,Anson,2022-03-18
0,2,0,2,0,Anson,2022-03-20
0,2,0,2,0,Anson,2022-03-22
0,1,0,1,0,Anson,2022-04-28
0,2,0,2,0,Anson,2022-05-02
0,4,0,4,0,Anson,2022-05-03
0,1,0,1,0,Anson,2022-05-05
0,3,0,3,0,Anson,2022-05-07
0,2,0,2,0,Anson,2022-05-10
0,7,0,7,0,Anson,2022-05-18
0,5,0,5,0,Anson,2022-05-19
0,5,0,5,0,Anson,2022-05-20
0,3,0,3,0,Anson,2022-05-22
0,5,0,5,0,Anson,2022-05-25
0,2,0,2,0,Anson,2022-05-30
0,9,0,9,0,Anson,2022-06-02
0,5,0,5,0,Anson,2022-06-06
0,8,0,8,0,Anson,2022-07-17
0,3,1,2,0,Anson,2022-02-12
0,1,1,0,0,Anson,2022-02-22
0,2,1,1,0,Anson,2022-04-14
0,1,1,0,0,Anson,2022-04-29
0,1,1,0,0,Anson,2022-04-30
0,1,1,0,0,Anson,2022-05-04
0,3,1,2,0,Anson,2022-05-06
0,4,1,3,0,Anson,2022-05-08
0,9,1,8,0,Anson,2022-05-12
0,5,1,4,0,Anson,2022-05-13
0,3,1,2,0,Anson,2022-05-21
0,4,1,3,0,Anson,2022-06-10
0,4,1,3,0,Anson,2022-07-02
0,6,1,5,0,Anson,2022-07-13
0,13,1,12,0,Anson,2022-07-15
0,18,1,17,0,Anson,2022-08-02
0,6,2,4,0,Anson,2022-02-21
0,3,2,1,0,Anson,2022-02-24
0,4,2,2,0,Anson,2022-05-15
0,16,2,14,0,Anson,2022-06-28
0,17,3,14,0,Anson,2022-07-12
0,1,0,1,0,Ashe,2022-02-13
0,1,0,1,0,Ashe,2022-03-06
0,1,0,1,0,Ashe,2022-03-08
0,2,0,2,0,Ashe,2022-03-11
0,5,0,5,0,Ashe,2022-03-14
0,1,0,1,0,Ashe,2022-03-19
0,1,0,1,0,Ashe,2022-04-04
0,2,0,2,0,Ashe,2022-04-08
0,2,0,2,0,Ashe,2022-04-12
0,5,0,5,0,Ashe,2022-04-20
0,1,0,1,0,Ashe,2022-05-15
0,6,0,6,0,Ashe,2022-05-25
0,1,0,1,0,Ashe,2022-06-05
0,1,0,1,0,Ashe,2022-06-11
0,1,0,1,0,Ashe,2022-06-18
0,5,0,5,0,Ashe,2022-07-19
0,2,0,2,0,Ashe,2022-07-23
0,3,1,2,0,Ashe,2022-03-07
0,1,1,0,0,Ashe,2022-03-21
0,3,1,2,0,Ashe,2022-04-21
0,1,1,0,0,Ashe,2022-04-30
0,2,1,1,0,Ashe,2022-05-08
0,4,1,3,0,Ashe,2022-05-10
0,6,1,5,0,Ashe,2022-05-12
0,4,1,3,0,Ashe,2022-05-24
0,4,1,3,0,Ashe,2022-06-02
0,2,1,1,0,Ashe,2022-06-03
0,1,1,0,0,Ashe,2022-06-16
0,2,1,1,0,Ashe,2022-06-19
0,1,1,0,0,Ashe,2022-06-26
0,2,1,1,0,Ashe,2022-06-29
0,4,1,3,0,Ashe,2022-07-03
0,7,1,6,0,Ashe,2022-07-12
0,3,1,2,0,Ashe,2022-07-16
0,6,1,5,0,Ashe,2022-07-18
0,8,1,7,0,Ashe,2022-07-21
0,1,1,0,0,Ashe,2022-07-22
0,2,2,0,0,Ashe,2022-02-20
0,2,2,0,0,Ashe,2022-03-02
0,3,2,1,0,Ashe,2022-04-05
0,2,2,0,0,Ashe,2022-04-06
0,2,2,0,0,Ashe,2022-04-14
0,2,2,0,0,Ashe,2022-04-24
0,3,2,1,0,Ashe,2022-04-27
0,3,2,1,0,Ashe,2022-05-05
0,5,2,3,0,Ashe,2022-05-06
0,4,2,2,0,Ashe,2022-05-18
0,3,2,1,0,Ashe,2022-05-20
0,3,2,1,0,Ashe,2022-05-22
0,4,2,2,0,Ashe,2022-05-28
0,3,2,1,0,Ashe,2022-06-17
0,6,2,4,0,Ashe,2022-06-20
0,5,2,3,0,Ashe,2022-06-28
0,7,2,5,0,Ashe,2022-07-28
0,4,3,1,0,Ashe,2022-05-07
0,3,3,0,0,Ashe,2022-05-09
0,7,3,4,0,Ashe,2022-05-26
0,10,3,7,0,Ashe,2022-07-10
0,3,3,0,0,Ashe,2022-07-15
0,4,4,0,0,Ashe,2022-05-11
0,8,4,4,0,Ashe,2022-07-26
0,11,5,6,0,Ashe,2022-02-17
0,7,5,2,0,Ashe,2022-07-30
0,6,6,0,0,Ashe,2022-05-14
0,20,7,13,0,Ashe,2022-02-10
0,13,10,3,0,Ashe,2022-02-12
0,30,12,18,0,Ashe,2022-02-09
0,2,0,2,0,Avery,2022-03-02
0,1,0,1,0,Avery,2022-03-11
0,1,0,1,0,Avery,2022-03-12
0,1,0,1,0,Avery,2022-03-13
0,1,0,1,0,Avery,2022-03-25
0,1,0,1,0,Avery,2022-04-09
0,2,0,2,0,Avery,2022-04-13
0,1,0,1,0,Avery,2022-04-16
0,2,0,2,0,Avery,2022-04-17
0,2,0,2,0,Avery,2022-04-18
0,1,0,1,0,Avery,2022-04-20
0,1,0,1,0,Avery,2022-04-23
0,1,0,1,0,Avery,2022-04-27
0,5,0,5,0,Avery,2022-04-29
0,2,0,2,0,Avery,2022-05-02
0,2,0,2,0,Avery,2022-05-04
0,2,0,2,0,Avery,2022-05-07
0,1,0,1,0,Avery,2022-05-12
0,4,0,4,0,Avery,2022-05-13
0,1,0,1,0,Avery,2022-05-19
0,1,0,1,0,Avery,2022-05-22
0,1,0,1,0,Avery,2022-05-27
0,1,0,1,0,Avery,2022-06-05
0,1,0,1,0,Avery,2022-06-11
0,3,0,3,0,Avery,2022-06-15
0,4,0,4,0,Avery,2022-06-20
0,4,0,4,0,Avery,2022-06-25
0,2,0,2,0,Avery,2022-06-26
0,4,0,4,0,Avery,2022-06-29
0,3,0,3,0,Avery,2022-07-01
0,1,0,1,0,Avery,2022-07-03
0,5,0,5,0,Avery,2022-07-07
0,5,0,5,0,Avery,2022-07-14
0,2,0,2,0,Avery,2022-07-16
0,6,0,6,0,Avery,2022-07-30
0,5,1,4,0,Avery,2022-03-01
0,1,1,0,0,Avery,2022-03-14
0,1,1,0,0,Avery,2022-03-16
0,1,1,0,0,Avery,2022-03-18
0,2,1,1,0,Avery,2022-03-21
0,2,1,1,0,Avery,2022-03-30
0,1,1,0,0,Avery,2022-04-10
0,1,1,0,0,Avery,2022-04-11
0,4,1,3,0,Avery,2022-04-19
0,2,1,1,0,Avery,2022-04-22
0,3,1,2,0,Avery,2022-04-24
0,1,1,0,0,Avery,2022-04-28
0,2,1,1,0,Avery,2022-04-30
0,3,1,2,0,Avery,2022-05-03
0,2,1,1,0,Avery,2022-05-05
0,1,1,0,0,Avery,2022-05-08
0,2,1,1,0,Avery,2022-05-09
0,3,1,2,0,Avery,2022-05-10
0,5,1,4,0,Avery,2022-05-18
0,4,1,3,0,Avery,2022-05-20
0,3,1,2,0,Avery,2022-05-28
0,1,1,0,0,Avery,2022-05-29
0,3,1,2,0,Avery,2022-06-08
0,5,1,4,0,Avery,2022-06-13
0,3,1,2,0,Avery,2022-06-19
0,1,1,0,0,Avery,2022-06-21
0,3,1,2,0,Avery,2022-06-23
0,1,1,0,0,Avery,2022-07-04
0,3,1,2,0,Avery,2022-07-09
0,4,1,3,0,Avery,2022-07-10
0,3,1,2,0,Avery,2022-07-13
0,2,1,1,0,Avery,2022-08-03
0,3,1,2,0,Avery,2022-08-04
0,2,2,0,0,Avery,2022-03-09
0,4,2,2,0,Avery,2022-03-31
0,5,2,3,0,Avery,2022-04-21
0,2,2,0,0,Avery,2022-04-25
0,3,2,1,0,Avery,2022-05-06
0,7,2,5,0,Avery,2022-05-24
0,3,2,1,0,Avery,2022-05-25
0,5,2,3,0,Avery,2022-06-01
0,5,2,3,0,Avery,2022-06-03
0,7,2,5,0,Avery,2022-06-09
0,9,2,7,0,Avery,2022-08-02
0,3,3,0,0,Avery,2022-03-15
0,7,3,4,0,Avery,2022-06-27
0,5,3,2,0,Avery,2022-08-06
0,7,4,3,0,Avery,2022-02-28
0,5,4,1,0,Avery,2022-03-07
0,6,4,2,0,Avery,2022-03-19
0,4,4,0,0,Avery,2022-04-12
0,9,4,5,0,Avery,2022-06-06
0,11,8,3,0,Avery,2022-07-21
0,2,0,2,0,Beaufort,2022-03-05
0,1,0,1,0,Beaufort,2022-03-06
0,1,0,1,0,Beaufort,2022-03-15
0,1,0,1,0,Beaufort,2022-03-19
0,1,0,1,0,Beaufort,2022-03-20
0,1,0,1,0,Beaufort,2022-03-22
0,1,0,1,0,Beaufort,2022-03-23
0,1,0,1,0,Beaufort,2022-03-25
0,1,0,1,0,Beaufort,2022-03-28
0,1,0,1,0,Beaufort,2022-04-04
0,1,0,1,0,Beaufort,2022-04-07
0,1,0,1,0,Beaufort,2022-04-13
0,3,0,3,0,Beaufort,2022-04-14
0,1,0,1,0,Beaufort,2022-04-15
0,6,0,6,0,Beaufort,2022-04-18
0,5,0,5,0,Beaufort,2022-04-21
0,5,0,5,0,Beaufort,2022-04-22
0,2,0,2,0,Beaufort,2022-04-29
0,1,0,1,0,Beaufort,2022-05-01
0,3,0,3,0,Beaufort,2022-05-05
0,2,0,2,0,Beaufort,2022-05-15
0,4,0,4,0,Beaufort,2022-06-18
0,8,1,7,0,Beaufort,2022-02-19
0,3,1,2,0,Beaufort,2022-03-03
0,2,1,1,0,Beaufort,2022-03-12
0,3,1,2,0,Beaufort,2022-03-14
0,1,1,0,0,Beaufort,2022-03-30
0,1,1,0,0,Beaufort,2022-04-08
0,1,1,0,0,Beaufort,2022-04-09
0,6,1,5,0,Beaufort,2022-04-28
0,5,1,4,0,Beaufort,2022-05-10
0,8,1,7,0,Beaufort,2022-05-13
0,8,1,7,0,Beaufort,2022-05-27
0,3,2,1,0,Beaufort,2022-04-19
0,2,2,0,0,Beaufort,2022-04-30
0,7,2,5,0,Beaufort,2022-05-21
0,6,2,4,0,Beaufort,2022-05-28
0,13,2,11,0,Beaufort,2022-06-07
0,8,3,5,0,Beaufort,2022-05-06
0,15,5,10,0,Beaufort,2022-05-18
0,4,0,4,0,Bertie,2022-02-08
0,3,0,3,0,Bertie,2022-02-16
0,1,0,1,0,Bertie,2022-02-18
0,1,0,1,0,Bertie,2022-02-20
0,2,0,2,0,Bertie,2022-02-28
0,1,0,1,0,Bertie,2022-03-03
0,2,0,2,0,Bertie,2022-03-04
0,1,0,1,0,Bertie,2022-03-05
0,1,0,1,0,Bertie,2022-03-07
0,1,0,1,0,Bertie,2022-03-10
0,1,0,1,0,Bertie,2022-03-15
0,1,0,1,0,Bertie,2022-03-27
0,2,0,2,0,Bertie,2022-03-28
0,2,0,2,0,Bertie,2022-04-08
0,1,0,1,0,Bertie,2022-04-10
0,1,0,1,0,Bertie,2022-04-13
0,1,0,1,0,Bertie,2022-04-14
0,1,0,1,0,Bertie,2022-04-21
0,2,0,2,0,Bertie,2022-04-25
0,5,0,5,0,Bertie,2022-04-26
0,3,0,3,0,Bertie,2022-04-27
0,4,0,4,0,Bertie,2022-04-28
0,3,0,3,0,Bertie,2022-04-29
0,2,0,2,0,Bertie,2022-04-30
0,1,0,1,0,Bertie,2022-05-02
0,3,0,3,0,Bertie,2022-05-03
0,2,0,2,0,Bertie,2022-05-05
0,1,0,1,0,Bertie,2022-05-06
0,1,0,1,0,Bertie,2022-05-08
0,3,0,3,0,Bertie,2022-05-11
0,1,0,1,0,Bertie,2022-05-14
0,5,0,5,0,Bertie,2022-05-15
0,3,0,3,0,Bertie,2022-05-16
0,5,0,5,0,Bertie,2022-05-17
0,2,0,2,0,Bertie,2022-05-19
0,4,0,4,0,Bertie,2022-05-23
0,4,0,4,0,Bertie,2022-06-03
0,3,0,3,0,Bertie,2022-06-05
0,3,0,3,0,Bertie,2022-06-11
0,3,0,3,0,Bertie,2022-06-12
0,4,0,4,0,Bertie,2022-06-17
0,1,0,1,0,Bertie,2022-06-19
0,3,0,3,0,Bertie,2022-06-21
0,3,0,3,0,Bertie,2022-06-23
0,5,0,5,0,Bertie,2022-06-24
0,2,0,2,0,Bertie,2022-06-25
0,5,0,5,0,Bertie,2022-06-27
0,7,0,7,0,Bertie,2022-06-28
0,5,0,5,0,Bertie,2022-06-29
0,1,0,1,0,Bertie,2022-06-30
0,2,0,2,0,Bertie,2022-07-03
0,9,0,9,0,Bertie,2022-07-05
0,3,0,3,0,Bertie,2022-07-09
0,9,0,9,0,Bertie,2022-07-12
0,4,0,4,0,Bertie,2022-07-17
0,9,0,9,0,Bertie,2022-07-20
0,3,0,3,0,Bertie,2022-07-23
0,2,0,2,0,Bertie,2022-07-24
0,7,0,7,0,Bertie,2022-07-30
0,2,0,2,0,Bertie,2022-07-31
0,10,1,9,0,Bertie,2022-02-09
0,3,1,2,0,Bertie,2022-02-11
0,2,1,1,0,Bertie,2022-02-13
0,1,1,0,0,Bertie,2022-02-21
0,2,1,1,0,Bertie,2022-03-02
0,1,1,0,0,Bertie,2022-04-11
0,1,1,0,0,Bertie,2022-04-12
0,2,1,1,0,Bertie,2022-06-04
0,5,1,4,0,Bertie,2022-06-08
0,10,1,9,0,Bertie,2022-06-10
0,1,1,0,0,Bertie,2022-07-10
0,11,1,10,0,Bertie,2022-07-11
0,12,2,10,0,Bertie,2022-02-10
0,3,2,1,0,Bertie,2022-05-18
0,3,2,1,0,Bertie,2022-08-05
0,6,3,3,0,Bertie,2022-05-13
0,7,3,4,0,Bertie,2022-07-07
0,5,0,5,0,Bladen,2022-02-15
0,12,0,12,0,Bladen,2022-02-24
0,2,0,2,0,Bladen,2022-03-01
0,2,0,2,0,Bladen,2022-03-02
0,2,0,2,0,Bladen,2022-03-03
0,1,0,1,0,Bladen,2022-03-06
0,2,0,2,0,Bladen,2022-03-07
0,2,0,2,0,Bladen,2022-03-13
0,1,0,1,0,Bladen,2022-03-18
0,1,0,1,0,Bladen,2022-03-26
0,1,0,1,0,Bladen,2022-03-31
0,1,0,1,0,Bladen,2022-04-01
0,1,0,1,0,Bladen,2022-04-05
0,1,0,1,0,Bladen,2022-04-10
0,1,0,1,0,Bladen,2022-04-18
0,4,0,4,0,Bladen,2022-04-21
0,2,0,2,0,Bladen,2022-04-23
0,2,0,2,0,Bladen,2022-04-28
0,4,0,4,0,Bladen,2022-04-29
0,2,0,2,0,Bladen,2022-04-30
0,2,0,2,0,Bladen,2022-05-07
0,2,0,2,0,Bladen,2022-05-08
0,4,0,4,0,Bladen,2022-05-14
0,4,0,4,0,Bladen,2022-05-15
0,14,0,14,0,Bladen,2022-05-24
0,9,0,9,0,Bladen,2022-05-30
0,4,0,4,0,Bladen,2022-06-04
0,2,0,2,0,Bladen,2022-06-12
0,3,0,3,0,Bladen,2022-06-18
0,6,0,6,0,Bladen,2022-06-22
0,3,0,3,0,Bladen,2022-06-24
0,4,0,4,0,Bladen,2022-06-26
0,2,0,2,0,Bladen,2022-07-04
0,4,0,4,0,Bladen,2022-08-06
0,4,1,3,0,Bladen,2022-02-13
0,11,1,10,0,Bladen,2022-02-16
0,10,1,9,0,Bladen,2022-02-23
0,1,1,0,0,Bladen,2022-03-17
0,1,1,0,0,Bladen,2022-03-25
0,3,1,2,0,Bladen,2022-04-04
0,2,1,1,0,Bladen,2022-04-11
0,3,1,2,0,Bladen,2022-04-12
0,1,1,0,0,Bladen,2022-04-13
0,2,1,1,0,Bladen,2022-04-15
0,3,1,2,0,Bladen,2022-04-19
0,1,1,0,0,Bladen,2022-05-01
0,3,1,2,0,Bladen,2022-05-02
0,6,1,5,0,Bladen,2022-05-11
0,7,1,6,0,Bladen,2022-05-12
0,12,1,11,0,Bladen,2022-06-10
0,14,1,13,0,Bladen,2022-06-30
0,9,2,7,0,Bladen,2022-02-22
0,2,2,0,0,Bladen,2022-03-29
0,15,2,13,0,Bladen,2022-05-13
0,6,2,4,0,Bladen,2022-05-28
0,8,2,6,0,Bladen,2022-05-29
0,11,2,9,0,Bladen,2022-06-03
0,9,2,7,0,Bladen,2022-06-17
0,5,2,3,0,Bladen,2022-06-19
0,12,3,9,0,Bladen,2022-05-16
0,12,4,8,0,Bladen,2022-02-21
0,17,4,13,0,Bladen,2022-06-09
0,24,5,19,0,Bladen,2022-05-25
0,3,0,3,0,Brunswick,2022-03-12
0,9,0,9,0,Brunswick,2022-03-15
0,2,0,2,0,Brunswick,2022-03-20
0,2,0,2,0,Brunswick,2022-03-22
0,7,0,7,0,Brunswick,2022-03-29
0,6,0,6,0,Brunswick,2022-04-01
0,2,0,2,0,Brunswick,2022-04-02
0,1,0,1,0,Brunswick,2022-04-03
0,7,0,7,0,Brunswick,2022-04-09
0,4,0,4,0,Brunswick,2022-04-15
0,3,0,3,0,Brunswick,2022-04-17
0,2,1,1,0,Brunswick,2022-03-19
0,6,1,5,0,Brunswick,2022-03-21
0,2,1,1,0,Brunswick,2022-03-26
0,2,1,1,0,Brunswick,2022-04-10
0,15,1,14,0,Brunswick,2022-04-19
0,24,1,23,0,Brunswick,2022-04-27
0,5,2,3,0,Brunswick,2022-03-08
0,11,2,9,0,Brunswick,2022-03-09
0,8,2,6,0,Brunswick,2022-03-11
0,4,2,2,0,Brunswick,2022-03-24
0,11,2,9,0,Brunswick,2022-03-28
0,19,2,17,0,Brunswick,2022-04-07
0,27,2,25,0,Brunswick,2022-04-25
0,15,3,12,0,Brunswick,2022-02-20
0,7,3,4,0,Brunswick,2022-03-23
0,16,3,13,0,Brunswick,2022-04-23
0,23,4,19,0,Brunswick,2022-04-20
0,26,4,22,0,Brunswick,2022-04-30
0,11,6,5,0,Brunswick,2022-04-04
0,36,8,28,0,Brunswick,2022-02-23
0,47,9,38,0,Brunswick,2022-06-08
0,11,0,11,0,Buncombe,2022-03-15
0,7,1,6,0,Buncombe,2022-03-19
0,8,1,7,0,Buncombe,2022-04-02
0,20,4,16,0,Buncombe,2022-04-01
0,11,5,6,0,Buncombe,2022-03-06
0,15,5,10,0,Buncombe,2022-03-18
0,18,5,13,0,Buncombe,2022-03-22
0,13,5,8,0,Buncombe,2022-04-09
0,12,6,6,0,Buncombe,2022-03-05
0,23,7,16,0,Buncombe,2022-04-05
0,5,0,5,0,Burke,2022-03-01
0,1,0,1,0,Burke,2022-03-13
0,3,0,3,0,Burke,2022-03-18
0,1,0,1,0,Burke,2022-03-20
0,1,0,1,0,Burke,2022-04-02
0,1,0,1,0,Burke,2022-04-03
0,4,0,4,0,Burke,2022-04-09
0,1,0,1,0,Burke,2022-04-10
0,3,0,3,0,Burke,2022-04-23
0,12,0,12,0,Burke,2022-05-09
0,8,0,8,0,Burke,2022-05-14
0,11,0,11,0,Burke,2022-06-04
0,13,0,13,0,Burke,2022-06-05
0,14,0,14,0,Burke,2022-06-25
0,10,0,10,0,Burke,2022-07-30
0,5,1,4,0,Burke,2022-03-05
0,2,1,1,0,Burke,2022-03-10
0,4,1,3,0,Burke,2022-03-23
0,1,1,0,0,Burke,2022-03-24
0,1,1,0,0,Burke,2022-04-04
0,4,1,3,0,Burke,2022-04-07
0,3,1,2,0,Burke,2022-04-16
0,5,1,4,0,Burke,2022-04-19
0,3,1,2,0,Burke,2022-04-20
0,1,1,0,0,Burke,2022-04-22
0,10,1,9,0,Burke,2022-07-04
0,4,2,2,0,Burke,2022-03-15
0,5,2,3,0,Burke,2022-03-16
0,2,2,0,0,Burke,2022-03-17
0,3,2,1,0,Burke,2022-03-21
0,3,2,1,0,Burke,2022-03-30
0,3,2,1,0,Burke,2022-04-01
0,3,2,1,0,Burke,2022-04-08
0,12,2,10,0,Burke,2022-04-21
0,8,2,6,0,Burke,2022-04-24
0,4,2,2,0,Burke,2022-05-01
0,3,2,1,0,Burke,2022-05-08
0,17,2,15,0,Burke,2022-06-14
0,7,2,5,0,Burke,2022-07-23
0,4,3,1,0,Burke,2022-04-27
0,16,3,13,0,Burke,2022-06-15
0,17,4,13,0,Burke,2022-03-02
0,10,4,6,0,Burke,2022-04-06
0,6,4,2,0,Burke,2022-04-12
0,5,4,1,0,Burke,2022-04-28
0,16,4,12,0,Burke,2022-05-11
0,17,4,13,0,Burke,2022-05-30
0,13,6,7,0,Burke,2022-03-28
0,21,6,15,0,Burke,2022-06-07
0,23,6,17,0,Burke,2022-06-09
0,11,8,3,0,Burke,2022-04-15
0,5,0,5,0,Cabarrus,2022-03-13
0,3,0,3,0,Cabarrus,2022-03-15
0,4,0,4,0,Cabarrus,2022-03-20
0,3,0,3,0,Cabarrus,2022-03-26
0,8,1,7,0,Cabarrus,2022-03-05
0,5,1,4,0,Cabarrus,2022-03-12
0,6,1,5,0,Cabarrus,2022-03-14
0,4,1,3,0,Cabarrus,2022-03-18
0,5,1,4,0,Cabarrus,2022-03-23
0,3,1,2,0,Cabarrus,2022-04-09
0,9,1,8,0,Cabarrus,2022-04-17
0,20,1,19,0,Cabarrus,2022-05-01
0,6,2,4,0,Cabarrus,2022-03-27
0,6,2,4,0,Cabarrus,2022-03-29
0,8,2,6,0,Cabarrus,2022-04-01
0,5,2,3,0,Cabarrus,2022-04-10
0,12,2,10,0,Cabarrus,2022-04-16
0,5,3,2,0,Cabarrus,2022-03-11
0,4,3,1,0,Cabarrus,2022-03-30
0,20,3,17,0,Cabarrus,2022-04-12
0,20,4,16,0,Cabarrus,2022-04-23
0,53,7,46,0,Cabarrus,2022-05-15
0,86,20,66,0,Cabarrus,2022-02-11
0,9,0,9,0,Caldwell,2022-03-04
0,7,0,7,0,Caldwell,2022-03-06
0,4,0,4,0,Caldwell,2022-03-07
0,1,0,1,0,Caldwell,2022-03-12
0,2,0,2,0,Caldwell,2022-03-15
0,2,0,2,0,Caldwell,2022-03-19
0,2,0,2,0,Caldwell,2022-03-20
0,1,0,1,0,Caldwell,2022-03-21
0,3,0,3,0,Caldwell,2022-03-24
0,3,0,3,0,Caldwell,2022-03-25
0,1,0,1,0,Caldwell,2022-03-26
0,5,0,5,0,Caldwell,2022-03-28
0,3,0,3,0,Caldwell,2022-03-29
0,4,0,4,0,Caldwell,2022-03-30
0,2,0,2,0,Caldwell,2022-04-01
0,4,0,4,0,Caldwell,2022-04-02
0,2,0,2,0,Caldwell,2022-04-03
0,2,0,2,0,Caldwell,2022-04-08
0,3,0,3,0,Caldwell,2022-04-09
0,4,0,4,0,Caldwell,2022-04-10
0,2,0,2,0,Caldwell,2022-04-11
0,4,0,4,0,Caldwell,2022-04-12
0,2,0,2,0,Caldwell,2022-04-14
0,2,0,2,0,Caldwell,2022-04-17
0,6,0,6,0,Caldwell,2022-04-23
0,6,0,6,0,Caldwell,2022-04-24
0,3,0,3,0,Caldwell,2022-04-26
0,4,0,4,0,Caldwell,2022-05-07
0,8,0,8,0,Caldwell,2022-05-11
0,6,0,6,0,Caldwell,2022-05-28
0,6,1,5,0,Caldwell,2022-03-08
0,2,1,1,0,Caldwell,2022-03-13
0,5,1,4,0,Caldwell,2022-04-18
0,5,1,4,0,Caldwell,2022-04-30
0,15,1,14,0,Caldwell,2022-05-29
0,13,1,12,0,Caldwell,2022-06-04
0,8,2,6,0,Caldwell,2022-04-13
0,8,2,6,0,Caldwell,2022-04-19
0,7,3,4,0,Caldwell,2022-03-17
0,10,3,7,0,Caldwell,2022-04-22
0,6,3,3,0,Caldwell,2022-04-28
0,19,5,14,0,Caldwell,2022-05-10
0,1,0,1,0,Camden,2022-02-11
0,1,0,1,0,Camden,2022-02-15
0,1,0,1,0,Camden,2022-03-01
0,1,0,1,0,Camden,2022-03-08
0,1,0,1,0,Camden,2022-03-09
0,1,0,1,0,Camden,2022-03-24
0,2,0,2,0,Camden,2022-03-31
0,1,0,1,0,Camden,2022-04-01
0,2,0,2,0,Camden,2022-04-03
0,3,0,3,0,Camden,2022-04-05
0,1,0,1,0,Camden,2022-04-07
0,1,0,1,0,Camden,2022-04-12
0,1,0,1,0,Camden,2022-04-19
0,2,0,2,0,Camden,2022-04-25
0,1,0,1,0,Camden,2022-05-03
0,1,0,1,0,Camden,2022-05-04
0,1,0,1,0,Camden,2022-05-05
0,1,0,1,0,Camden,2022-05-07
0,1,0,1,0,Camden,2022-05-08
0,1,0,1,0,Camden,2022-05-12
0,2,0,2,0,Camden,2022-05-18
0,1,0,1,0,Camden,2022-05-19
0,4,0,4,0,Camden,2022-05-29
0,2,0,2,0,Camden,2022-06-11
0,4,0,4,0,Camden,2022-06-12
0,2,0,2,0,Camden,2022-06-13
0,2,0,2,0,Camden,2022-06-22
0,2,0,2,0,Camden,2022-06-24
0,3,0,3,0,Camden,2022-06-25
0,2,0,2,0,Camden,2022-06-26
0,2,0,2,0,Camden,2022-07-01
0,1,0,1,0,Camden,2022-07-04
0,3,0,3,0,Camden,2022-07-07
0,2,0,2,0,Camden,2022-07-08
0,3,0,3,0,Camden,2022-07-10
0,1,0,1,0,Camden,2022-07-11
0,3,0,3,0,Camden,2022-07-15
0,1,0,1,0,Camden,2022-07-16
0,2,0,2,0,Camden,2022-07-18
0,1,0,1,0,Camden,2022-07-19
0,2,0,2,0,Camden,2022-07-20
0,1,0,1,0,Camden,2022-07-22
0,3,0,3,0,Camden,2022-07-29
0,4,0,4,0,Camden,2022-08-01
0,3,1,2,0,Camden,2022-02-09
0,3,1,2,0,Camden,2022-02-12
0,1,1,0,0,Camden,2022-02-21
0,2,1,1,0,Camden,2022-02-25
0,1,1,0,0,Camden,2022-02-27
0,1,1,0,0,Camden,2022-04-14
0,1,1,0,0,Camden,2022-04-18
0,3,1,2,0,Camden,2022-05-02
0,2,1,1,0,Camden,2022-05-06
0,2,1,1,0,Camden,2022-05-09
0,3,1,2,0,Camden,2022-05-11
0,4,1,3,0,Camden,2022-05-14
0,2,1,1,0,Camden,2022-05-17
0,3,1,2,0,Camden,2022-05-20
0,2,1,1,0,Camden,2022-05-22
0,3,1,2,0,Camden,2022-05-24
0,3,1,2,0,Camden,2022-06-01
0,1,1,0,0,Camden,2022-06-02
0,1,1,0,0,Camden,2022-06-03
0,1,1,0,0,Camden,2022-06-04
0,1,1,0,0,Camden,2022-06-06
0,3,1,2,0,Camden,2022-06-08
0,1,1,0,0,Camden,2022-06-16
0,1,1,0,0,Camden,2022-06-17
0,1,1,0,0,Camden,2022-06-19
0,2,1,1,0,Camden,2022-06-20
0,1,1,0,0,Camden,2022-06-23
0,1,1,0,0,Camden,2022-07-17
0,2,1,1,0,Camden,2022-07-21
0,2,1,1,0,Camden,2022-08-06
0,4,2,2,0,Camden,2022-02-22
0,2,2,0,0,Camden,2022-04-29
0,2,2,0,0,Camden,2022-05-25
0,3,2,1,0,Camden,2022-05-26
0,2,2,0,0,Camden,2022-05-30
0,2,2,0,0,Camden,2022-06-09
0,2,2,0,0,Camden,2022-06-14
0,4,2,2,0,Camden,2022-07-06
0,3,2,1,0,Camden,2022-07-23
0,4,2,2,0,Camden,2022-07-30
0,2,2,0,0,Camden,2022-08-05
0,4,3,1,0,Camden,2022-07-26
0,5,4,1,0,Camden,2022-08-02
0,6,5,1,0,Camden,2022-05-27
0,5,0,5,0,Carteret,2022-03-05
0,3,0,3,0,Carteret,2022-03-12
0,2,0,2,0,Carteret,2022-03-13
0,3,0,3,0,Carteret,2022-03-14
0,5,0,5,0,Carteret,2022-03-15
0,2,0,2,0,Carteret,2022-03-18
0,1,0,1,0,Carteret,2022-03-19
0,1,0,1,0,Carteret,2022-03-23
0,1,0,1,0,Carteret,2022-03-24
0,3,0,3,0,Carteret,2022-04-01
0,1,0,1,0,Carteret,2022-04-02
0,1,0,1,0,Carteret,2022-04-06
0,2,0,2,0,Carteret,2022-04-16
0,2,0,2,0,Carteret,2022-04-24
0,4,0,4,0,Carteret,2022-04-27
0,2,0,2,0,Carteret,2022-04-30
0,7,0,7,0,Carteret,2022-05-08
0,6,1,5,0,Carteret,2022-02-28
0,3,1,2,0,Carteret,2022-03-06
0,2,1,1,0,Carteret,2022-03-17
0,3,1,2,0,Carteret,2022-03-21
0,3,1,2,0,Carteret,2022-03-28
0,2,1,1,0,Carteret,2022-04-04
0,2,1,1,0,Carteret,2022-04-05
0,2,1,1,0,Carteret,2022-04-07
0,2,1,1,0,Carteret,2022-04-08
0,2,1,1,0,Carteret,2022-04-10
0,4,1,3,0,Carteret,2022-04-14
0,2,1,1,0,Carteret,2022-04-15
0,7,1,6,0,Carteret,2022-04-23
0,4,1,3,0,Carteret,2022-04-29
0,11,1,10,0,Carteret,2022-05-14
0,4,2,2,0,Carteret,2022-02-19
0,5,2,3,0,Carteret,2022-03-10
0,4,2,2,0,Carteret,2022-03-22
0,2,2,0,0,Carteret,2022-03-25
0,6,2,4,0,Carteret,2022-04-12
0,7,2,5,0,Carteret,2022-04-22
0,12,2,10,0,Carteret,2022-06-26
0,11,2,9,0,Carteret,2022-07-17
0,6,3,3,0,Carteret,2022-03-11
0,8,3,5,0,Carteret,2022-05-07
0,4,3,1,0,Carteret,2022-05-15
0,16,4,12,0,Carteret,2022-02-23
0,8,4,4,0,Carteret,2022-04-20
0,11,4,7,0,Carteret,2022-04-25
0,16,4,12,0,Carteret,2022-06-05
0,12,5,7,0,Carteret,2022-05-13
0,12,5,7,0,Carteret,2022-06-04
0,17,5,12,0,Carteret,2022-07-10
0,8,6,2,0,Carteret,2022-04-21
0,21,7,14,0,Carteret,2022-05-17
0,13,7,6,0,Carteret,2022-07-30
0,11,8,3,0,Carteret,2022-05-04
0,18,8,10,0,Carteret,2022-05-20
0,18,10,8,0,Carteret,2022-05-10
0,20,10,10,0,Carteret,2022-06-16
0,20,10,10,0,Carteret,2022-07-23
0,24,11,13,0,Carteret,2022-08-04
0,19,13,6,0,Carteret,2022-07-16
0,39,19,20,0,Carteret,2022-07-11
0,2,0,2,0,Caswell,2022-02-23
0,1,0,1,0,Caswell,2022-02-26
0,2,0,2,0,Caswell,2022-02-28
0,1,0,1,0,Caswell,2022-03-03
0,1,0,1,0,Caswell,2022-03-05
0,1,0,1,0,Caswell,2022-03-07
0,1,0,1,0,Caswell,2022-03-17
0,1,0,1,0,Caswell,2022-03-19
0,2,0,2,0,Caswell,2022-03-25
0,2,0,2,0,Caswell,2022-03-28
0,1,0,1,0,Caswell,2022-03-30
0,3,0,3,0,Caswell,2022-04-04
0,1,0,1,0,Caswell,2022-04-06
0,1,0,1,0,Caswell,2022-04-07
0,1,0,1,0,Caswell,2022-04-08
0,2,0,2,0,Caswell,2022-04-09
0,1,0,1,0,Caswell,2022-04-10
0,3,0,3,0,Caswell,2022-04-11
0,1,0,1,0,Caswell,2022-04-12
0,1,0,1,0,Caswell,2022-04-13
0,1,0,1,0,Caswell,2022-04-14
0,7,0,7,0,Caswell,2022-04-19
0,1,0,1,0,Caswell,2022-04-20
0,2,0,2,0,Caswell,2022-04-22
0,3,0,3,0,Caswell,2022-04-23
0,3,0,3,0,Caswell,2022-04-24
0,8,0,8,0,Caswell,2022-04-25
0,1,0,1,0,Caswell,2022-04-26
0,4,0,4,0,Caswell,2022-04-27
0,1,0,1,0,Caswell,2022-04-29
0,2,0,2,0,Caswell,2022-05-06
0,3,0,3,0,Caswell,2022-05-07
0,3,0,3,0,Caswell,2022-05-08
0,5,0,5,0,Caswell,2022-05-14
0,4,0,4,0,Caswell,2022-05-15
0,3,0,3,0,Caswell,2022-05-17
0,1,0,1,0,Caswell,2022-05-21
0,5,0,5,0,Caswell,2022-05-28
0,9,0,9,0,Caswell,2022-05-31
0,4,0,4,0,Caswell,2022-06-05
0,11,0,11,0,Caswell,2022-06-06
0,9,0,9,0,Caswell,2022-06-08
0,2,0,2,0,Caswell,2022-06-11
0,9,0,9,0,Caswell,2022-06-14
0,8,0,8,0,Caswell,2022-06-24
0,3,0,3,0,Caswell,2022-06-29
0,5,0,5,0,Caswell,2022-06-30
0,1,0,1,0,Caswell,2022-07-02
0,9,0,9,0,Caswell,2022-07-08
0,3,0,3,0,Caswell,2022-07-12
0,4,0,4,0,Caswell,2022-07-14
0,1,0,1,0,Caswell,2022-07-24
0,9,0,9,0,Caswell,2022-07-27
0,4,0,4,0,Caswell,2022-07-29
0,4,0,4,0,Caswell,2022-07-30
0,3,0,3,0,Caswell,2022-08-04
0,1,0,1,0,Caswell,2022-08-06
0,11,1,10,0,Caswell,2022-02-10
0,10,1,9,0,Caswell,2022-02-11
0,3,1,2,0,Caswell,2022-02-13
0,5,1,4,0,Caswell,2022-02-17
0,2,1,1,0,Caswell,2022-03-15
0,4,1,3,0,Caswell,2022-03-16
0,2,1,1,0,Caswell,2022-04-15
0,3,1,2,0,Caswell,2022-04-21
0,3,1,2,0,Caswell,2022-04-28
0,2,1,1,0,Caswell,2022-05-01
0,2,1,1,0,Caswell,2022-05-03
0,7,1,6,0,Caswell,2022-05-04
0,6,1,5,0,Caswell,2022-05-24
0,4,1,3,0,Caswell,2022-06-04
0,5,1,4,0,Caswell,2022-06-10
0,10,1,9,0,Caswell,2022-06-13
0,3,1,2,0,Caswell,2022-06-19
0,6,1,5,0,Caswell,2022-06-28
0,3,1,2,0,Caswell,2022-07-03
0,2,1,1,0,Caswell,2022-07-04
0,2,1,1,0,Caswell,2022-07-09
0,6,1,5,0,Caswell,2022-07-10
0,5,1,4,0,Caswell,2022-07-28
0,10,1,9,0,Caswell,2022-08-02
0,6,2,4,0,Caswell,2022-06-15
0,5,2,3,0,Caswell,2022-06-25
0,1,0,1,0,Catawba,2022-03-20
0,1,0,1,0,Catawba,2022-04-09
0,9,0,9,0,Catawba,2022-04-10
0,3,1,2,0,Catawba,2022-03-19
0,1,1,0,0,Catawba,2022-03-25
0,1,1,0,0,Catawba,2022-04-02
0,7,1,6,0,Catawba,2022-05-01
0,3,2,1,0,Catawba,2022-04-08
0,3,2,1,0,Catawba,2022-04-17
0,8,2,6,0,Catawba,2022-04-23
0,7,3,4,0,Catawba,2022-03-10
0,5,3,2,0,Catawba,2022-04-05
0,9,4,5,0,Catawba,2022-03-18
0,9,5,4,0,Catawba,2022-04-15
0,16,7,9,0,Catawba,2022-04-18
0,4,0,4,0,Chatham,2022-02-26
0,2,0,2,0,Chatham,2022-03-05
0,4,0,4,0,Chatham,2022-03-09
0,6,0,6,0,Chatham,2022-03-10
0,1,0,1,0,Chatham,2022-03-12
0,3,0,3,0,Chatham,2022-03-17
0,5,0,5,0,Chatham,2022-03-18
0,1,0,1,0,Chatham,2022-03-19
0,1,0,1,0,Chatham,2022-03-22
0,1,0,1,0,Chatham,2022-03-26
0,1,0,1,0,Chatham,2022-03-27
0,8,0,8,0,Chatham,2022-04-08
0,9,0,9,0,Chatham,2022-04-18
0,12,0,12,0,Chatham,2022-04-22
0,4,0,4,0,Chatham,2022-04-23
0,8,0,8,0,Chatham,2022-04-24
0,17,0,17,0,Chatham,2022-07-17
0,10,1,9,0,Chatham,2022-03-07
0,3,1,2,0,Chatham,2022-03-16
0,5,1,4,0,Chatham,2022-03-20
0,2,1,1,0,Chatham,2022-03-24
0,3,1,2,0,Chatham,2022-03-28
0,4,1,3,0,Chatham,2022-03-31
0,3,1,2,0,Chatham,2022-04-02
0,9,1,8,0,Chatham,2022-04-09
0,7,1,6,0,Chatham,2022-04-10
0,14,1,13,0,Chatham,2022-04-11
0,11,1,10,0,Chatham,2022-04-14
0,5,1,4,0,Chatham,2022-04-17
0,10,1,9,0,Chatham,2022-04-30
0,18,1,17,0,Chatham,2022-05-15
0,13,1,12,0,Chatham,2022-06-17
0,11,1,10,0,Chatham,2022-06-18
0,11,1,10,0,Chatham,2022-07-15
0,16,1,15,0,Chatham,2022-07-22
0,19,2,17,0,Chatham,2022-02-11
0,8,2,6,0,Chatham,2022-02-12
0,4,2,2,0,Chatham,2022-03-06
0,2,2,0,0,Chatham,2022-04-01
0,2,2,0,0,Chatham,2022-04-03
0,11,2,9,0,Chatham,2022-06-12
0,5,2,3,0,Chatham,2022-06-19
0,20,2,18,0,Chatham,2022-07-02
0,18,2,16,0,Chatham,2022-08-04
0,9,3,6,0,Chatham,2022-03-15
0,7,3,4,0,Chatham,2022-04-15
0,16,3,13,0,Chatham,2022-04-25
0,18,3,15,0,Chatham,2022-04-27
0,17,3,14,0,Chatham,2022-06-11
0,18,3,15,0,Chatham,2022-06-23
0,29,3,26,0,Chatham,2022-06-30
0,15,4,11,0,Chatham,2022-02-23
0,13,4,9,0,Chatham,2022-02-24
0,9,4,5,0,Chatham,2022-06-25
0,16,5,11,0,Chatham,2022-05-01
0,14,5,9,0,Chatham,2022-07-30
0,14,6,8,0,Chatham,2022-02-20
0,39,7,32,0,Chatham,2022-05-23
0,4,0,4,0,Cherokee,2022-02-21
0,1,0,1,0,Cherokee,2022-02-26
0,1,0,1,0,Cherokee,2022-02-27
0,1,0,1,0,Cherokee,2022-03-11
0,1,0,1,0,Cherokee,2022-03-14
0,1,0,1,0,Cherokee,2022-03-23
0,1,0,1,0,Cherokee,2022-03-24
0,1,0,1,0,Cherokee,2022-03-25
0,1,0,1,0,Cherokee,2022-03-31
0,1,0,1,0,Cherokee,2022-04-05
0,1,0,1,0,Cherokee,2022-04-08
0,1,0,1,0,Cherokee,2022-04-13
0,1,0,1,0,Cherokee,2022-04-14
0,3,0,3,0,Cherokee,2022-04-15
0,2,0,2,0,Cherokee,2022-04-16
0,1,0,1,0,Cherokee,2022-04-23
0,3,0,3,0,Cherokee,2022-04-25
0,2,0,2,0,Cherokee,2022-04-26
0,2,0,2,0,Cherokee,2022-04-29
0,2,0,2,0,Cherokee,2022-04-30
0,4,0,4,0,Cherokee,2022-05-02
0,4,0,4,0,Cherokee,2022-05-03
0,1,0,1,0,Cherokee,2022-05-04
0,3,0,3,0,Cherokee,2022-05-06
0,1,0,1,0,Cherokee,2022-05-07
0,1,0,1,0,Cherokee,2022-05-08
0,5,0,5,0,Cherokee,2022-05-09
0,2,0,2,0,Cherokee,2022-05-11
0,1,0,1,0,Cherokee,2022-05-12
0,2,0,2,0,Cherokee,2022-05-13
0,2,0,2,0,Cherokee,2022-05-14
0,1,0,1,0,Cherokee,2022-05-15
0,1,0,1,0,Cherokee,2022-05-16
0,1,0,1,0,Cherokee,2022-05-18
0,2,0,2,0,Cherokee,2022-05-20
0,4,0,4,0,Cherokee,2022-05-23
0,3,0,3,0,Cherokee,2022-05-25
0,3,0,3,0,Cherokee,2022-05-28
0,3,0,3,0,Cherokee,2022-05-30
0,1,0,1,0,Cherokee,2022-06-04
0,3,0,3,0,Cherokee,2022-06-11
0,4,0,4,0,Cherokee,2022-06-17
0,5,0,5,0,Cherokee,2022-06-18
0,5,0,5,0,Cherokee,2022-06-26
0,2,0,2,0,Cherokee,2022-07-02
0,3,0,3,0,Cherokee,2022-07-03
0,7,0,7,0,Cherokee,2022-07-12
0,9,0,9,0,Cherokee,2022-07-19
0,3,1,2,0,Cherokee,2022-02-23
0,1,1,0,0,Cherokee,2022-03-02
0,4,1,3,0,Cherokee,2022-03-07
0,1,1,0,0,Cherokee,2022-03-17
0,1,1,0,0,Cherokee,2022-03-22
0,2,1,1,0,Cherokee,2022-04-04
0,1,1,0,0,Cherokee,2022-04-06
0,1,1,0,0,Cherokee,2022-04-07
0,1,1,0,0,Cherokee,2022-04-12
0,1,1,0,0,Cherokee,2022-05-05
0,3,1,2,0,Cherokee,2022-05-21
0,5,1,4,0,Cherokee,2022-06-05
0,5,1,4,0,Cherokee,2022-06-07
0,7,1,6,0,Cherokee,2022-06-15
0,7,1,6,0,Cherokee,2022-06-23
0,15,1,14,0,Cherokee,2022-06-24
0,4,1,3,0,Cherokee,2022-07-17
0,13,1,12,0,Cherokee,2022-08-03
0,2,2,0,0,Cherokee,2022-04-28
0,6,2,4,0,Cherokee,2022-05-26
0,12,2,10,0,Cherokee,2022-06-16
0,13,2,11,0,Cherokee,2022-08-05
0,13,4,9,0,Cherokee,2022-02-14
0,4,0,4,0,Chowan,2022-02-08
0,2,0,2,0,Chowan,2022-02-12
0,3,0,3,0,Chowan,2022-02-14
0,6,0,6,0,Chowan,2022-02-16
0,7,0,7,0,Chowan,2022-02-18
0,1,0,1,0,Chowan,2022-02-22
0,1,0,1,0,Chowan,2022-02-27
0,4,0,4,0,Chowan,2022-02-28
0,1,0,1,0,Chowan,2022-03-06
0,2,0,2,0,Chowan,2022-03-08
0,1,0,1,0,Chowan,2022-03-15
0,1,0,1,0,Chowan,2022-03-16
0,1,0,1,0,Chowan,2022-03-18
0,1,0,1,0,Chowan,2022-03-28
0,1,0,1,0,Chowan,2022-03-30
0,1,0,1,0,Chowan,2022-04-01
0,1,0,1,0,Chowan,2022-04-03
0,1,0,1,0,Chowan,2022-04-05
0,2,0,2,0,Chowan,2022-04-12
0,2,0,2,0,Chowan,2022-04-15
0,1,0,1,0,Chowan,2022-04-16
0,1,0,1,0,Chowan,2022-04-21
0,1,0,1,0,Chowan,2022-04-23
0,3,0,3,0,Chowan,2022-04-25
0,1,0,1,0,Chowan,2022-04-26
0,1,0,1,0,Chowan,2022-04-30
0,1,0,1,0,Chowan,2022-05-02
0,1,0,1,0,Chowan,2022-05-04
0,1,0,1,0,Chowan,2022-05-06
0,1,0,1,0,Chowan,2022-05-07
0,1,0,1,0,Chowan,2022-05-08
0,11,0,11,0,Chowan,2022-05-13
0,2,0,2,0,Chowan,2022-05-14
0,9,0,9,0,Chowan,2022-05-16
0,4,0,4,0,Chowan,2022-05-19
0,4,0,4,0,Chowan,2022-05-20
0,1,0,1,0,Chowan,2022-05-22
0,5,0,5,0,Chowan,2022-05-25
0,2,0,2,0,Chowan,2022-06-03
0,1,0,1,0,Chowan,2022-06-04
0,2,0,2,0,Chowan,2022-06-05
0,6,0,6,0,Chowan,2022-06-10
0,5,0,5,0,Chowan,2022-06-15
0,3,0,3,0,Chowan,2022-06-17
0,4,0,4,0,Chowan,2022-06-19
0,6,0,6,0,Chowan,2022-06-21
0,1,0,1,0,Chowan,2022-06-22
0,4,0,4,0,Chowan,2022-06-28
0,1,0,1,0,Chowan,2022-07-02
0,12,0,12,0,Chowan,2022-07-06
0,2,0,2,0,Chowan,2022-07-09
0,3,0,3,0,Chowan,2022-07-16
0,10,0,10,0,Chowan,2022-07-19
0,2,0,2,0,Chowan,2022-07-23
0,6,1,5,0,Chowan,2022-05-23
0,1,1,0,0,Chowan,2022-06-24
0,6,1,5,0,Chowan,2022-07-27
0,1,1,0,0,Chowan,2022-07-30
0,8,2,6,0,Chowan,2022-02-17
0,7,2,5,0,Chowan,2022-07-05
0,4,2,2,0,Chowan,2022-07-28
0,3,3,0,0,Chowan,2022-03-20
0,1,0,1,0,Clay,2022-02-12
0,5,0,5,0,Clay,2022-02-16
0,1,0,1,0,Clay,2022-02-20
0,2,0,2,0,Clay,2022-02-22
0,1,0,1,0,Clay,2022-03-01
0,1,0,1,0,Clay,2022-03-03
0,1,0,1,0,Clay,2022-03-04
0,1,0,1,0,Clay,2022-03-08
0,1,0,1,0,Clay,2022-03-11
0,4,0,4,0,Clay,2022-03-14
0,1,0,1,0,Clay,2022-03-15
0,1,0,1,0,Clay,2022-03-20
0,1,0,1,0,Clay,2022-04-01
0,1,0,1,0,Clay,2022-04-22
0,1,0,1,0,Clay,2022-04-23
0,2,0,2,0,Clay,2022-04-26
0,1,0,1,0,Clay,2022-04-29
0,1,0,1,0,Clay,2022-05-01
0,2,0,2,0,Clay,2022-05-02
0,1,0,1,0,Clay,2022-05-07
0,1,0,1,0,Clay,2022-05-09
0,1,0,1,0,Clay,2022-05-11
0,1,0,1,0,Clay,2022-05-12
0,1,0,1,0,Clay,2022-05-13
0,1,0,1,0,Clay,2022-05-15
0,2,0,2,0,Clay,2022-05-16
0,1,0,1,0,Clay,2022-05-21
0,3,0,3,0,Clay,2022-05-24
0,1,0,1,0,Clay,2022-05-26
0,1,0,1,0,Clay,2022-06-01
0,1,0,1,0,Clay,2022-06-11
0,4,0,4,0,Clay,2022-06-14
0,3,0,3,0,Clay,2022-06-15
0,1,0,1,0,Clay,2022-06-18
0,1,0,1,0,Clay,2022-06-26
0,2,0,2,0,Clay,2022-06-27
0,1,0,1,0,Clay,2022-06-28
0,5,0,5,0,Clay,2022-07-06
0,8,0,8,0,Clay,2022-07-08
0,1,0,1,0,Clay,2022-07-17
0,2,0,2,0,Clay,2022-07-30
0,1,0,1,0,Clay,2022-08-06
0,4,1,3,0,Clay,2022-02-08
0,11,1,10,0,Clay,2022-02-09
0,2,1,1,0,Clay,2022-02-11
0,2,1,1,0,Clay,2022-02-28
0,1,1,0,0,Clay,2022-04-28
0,3,1,2,0,Clay,2022-05-10
0,1,1,0,0,Clay,2022-05-14
0,2,1,1,0,Clay,2022-05-23
0,3,1,2,0,Clay,2022-06-07
0,3,1,2,0,Clay,2022-06-17
0,5,1,4,0,Clay,2022-06-21
0,6,1,5,0,Clay,2022-06-29
0,4,1,3,0,Clay,2022-06-30
0,2,1,1,0,Clay,2022-07-01
0,5,1,4,0,Clay,2022-07-02
0,2,1,1,0,Clay,2022-07-03
0,1,1,0,0,Clay,2022-07-04
0,3,1,2,0,Clay,2022-07-23
0,3,1,2,0,Clay,2022-07-31
0,4,1,3,0,Clay,2022-08-05
0,5,2,3,0,Clay,2022-02-14
0,6,2,4,0,Clay,2022-02-17
0,4,2,2,0,Clay,2022-05-17
0,3,2,1,0,Clay,2022-05-19
0,3,2,1,0,Clay,2022-05-25
0,3,2,1,0,Clay,2022-05-31
0,7,2,5,0,Clay,2022-06-06
0,4,2,2,0,Clay,2022-06-08
0,5,2,3,0,Clay,2022-07-12
0,6,2,4,0,Clay,2022-07-13
0,4,2,2,0,Clay,2022-08-03
0,7,3,4,0,Clay,2022-02-10
0,5,3,2,0,Clay,2022-03-02
0,2,0,2,0,Cleveland,2022-03-13
0,1,0,1,0,Cleveland,2022-03-14
0,2,0,2,0,Cleveland,2022-03-21
0,2,0,2,0,Cleveland,2022-03-22
0,1,0,1,0,Cleveland,2022-03-24
0,1,0,1,0,Cleveland,2022-03-25
0,1,0,1,0,Cleveland,2022-03-28
0,1,0,1,0,Cleveland,2022-04-01
0,2,0,2,0,Cleveland,2022-04-02
0,1,0,1,0,Cleveland,2022-04-03
0,1,0,1,0,Cleveland,2022-04-05
0,3,0,3,0,Cleveland,2022-04-07
0,4,0,4,0,Cleveland,2022-04-08
0,3,0,3,0,Cleveland,2022-04-10
0,1,0,1,0,Cleveland,2022-04-14
0,2,0,2,0,Cleveland,2022-04-15
0,1,0,1,0,Cleveland,2022-04-17
0,7,0,7,0,Cleveland,2022-04-23
0,11,0,11,0,Cleveland,2022-05-14
0,8,1,7,0,Cleveland,2022-03-03
0,8,1,7,0,Cleveland,2022-03-04
0,3,1,2,0,Cleveland,2022-03-05
0,6,1,5,0,Cleveland,2022-03-10
0,1,1,0,0,Cleveland,2022-03-11
0,2,1,1,0,Cleveland,2022-04-04
0,5,1,4,0,Cleveland,2022-04-11
0,2,1,1,0,Cleveland,2022-04-12
0,4,1,3,0,Cleveland,2022-04-16
0,3,1,2,0,Cleveland,2022-04-18
0,4,1,3,0,Cleveland,2022-04-27
0,7,1,6,0,Cleveland,2022-04-30
0,20,1,19,0,Cleveland,2022-05-19
0,14,1,13,0,Cleveland,2022-06-19
0,12,2,10,0,Cleveland,2022-02-28
0,4,2,2,0,Cleveland,2022-04-29
0,10,2,8,0,Cleveland,2022-05-07
0,12,2,10,0,Cleveland,2022-05-22
0,9,3,6,0,Cleveland,2022-05-30
0,7,4,3,0,Cleveland,2022-05-02
0,4,0,4,0,Columbus,2022-02-26
0,6,0,6,0,Columbus,2022-03-01
0,1,0,1,0,Columbus,2022-03-07
0,1,0,1,0,Columbus,2022-03-13
0,1,0,1,0,Columbus,2022-03-16
0,2,0,2,0,Columbus,2022-03-18
0,1,0,1,0,Columbus,2022-03-23
0,1,0,1,0,Columbus,2022-03-26
0,1,0,1,0,Columbus,2022-03-27
0,3,0,3,0,Columbus,2022-03-28
0,2,0,2,0,Columbus,2022-04-05
0,1,0,1,0,Columbus,2022-04-07
0,1,0,1,0,Columbus,2022-04-08
0,1,0,1,0,Columbus,2022-04-14
0,1,0,1,0,Columbus,2022-04-19
0,1,0,1,0,Columbus,2022-04-21
0,7,0,7,0,Columbus,2022-04-28
0,2,0,2,0,Columbus,2022-04-30
0,2,0,2,0,Columbus,2022-05-07
0,2,0,2,0,Columbus,2022-05-08
0,3,0,3,0,Columbus,2022-05-15
0,10,0,10,0,Columbus,2022-05-20
0,4,0,4,0,Columbus,2022-05-21
0,3,0,3,0,Columbus,2022-06-05
0,2,0,2,0,Columbus,2022-08-06
0,2,1,1,0,Columbus,2022-02-27
0,2,1,1,0,Columbus,2022-03-03
0,1,1,0,0,Columbus,2022-03-06
0,2,1,1,0,Columbus,2022-03-10
0,2,1,1,0,Columbus,2022-04-23
0,2,1,1,0,Columbus,2022-04-29
0,3,1,2,0,Columbus,2022-05-28
0,6,1,5,0,Columbus,2022-05-29
0,4,1,3,0,Columbus,2022-06-12
0,7,2,5,0,Columbus,2022-02-12
0,3,2,1,0,Columbus,2022-04-11
0,3,2,1,0,Columbus,2022-04-24
0,4,2,2,0,Columbus,2022-04-27
0,2,2,0,0,Columbus,2022-05-05
0,6,3,3,0,Columbus,2022-06-11
0,16,3,13,0,Columbus,2022-07-15
0,6,4,2,0,Columbus,2022-06-03
0,8,5,3,0,Columbus,2022-05-09
0,17,5,12,0,Columbus,2022-05-31
0,10,6,4,0,Columbus,2022-05-02
0,16,7,9,0,Columbus,2022-06-22
0,18,7,11,0,Columbus,2022-06-28
0,9,0,9,0,Craven,2022-02-20
0,1,0,1,0,Craven,2022-03-19
0,2,0,2,0,Craven,2022-03-23
0,1,0,1,0,Craven,2022-03-27
0,6,0,6,0,Craven,2022-03-31
0,4,0,4,0,Craven,2022-04-01
0,3,0,3,0,Craven,2022-04-02
0,2,0,2,0,Craven,2022-04-09
0,2,0,2,0,Craven,2022-04-10
0,7,1,6,0,Craven,2022-02-26
0,20,1,19,0,Craven,2022-02-28
0,7,1,6,0,Craven,2022-03-13
0,6,1,5,0,Craven,2022-03-22
0,3,1,2,0,Craven,2022-03-24
0,3,1,2,0,Craven,2022-03-26
0,1,1,0,0,Craven,2022-04-03
0,5,1,4,0,Craven,2022-04-07
0,7,1,6,0,Craven,2022-04-12
0,2,1,1,0,Craven,2022-04-24
0,7,2,5,0,Craven,2022-03-08
0,10,2,8,0,Craven,2022-03-11
0,8,2,6,0,Craven,2022-03-15
0,6,2,4,0,Craven,2022-03-16
0,3,2,1,0,Craven,2022-03-30
0,10,2,8,0,Craven,2022-04-06
0,5,3,2,0,Craven,2022-03-18
0,4,3,1,0,Craven,2022-04-05
0,6,3,3,0,Craven,2022-04-15
0,7,3,4,0,Craven,2022-04-22
0,10,3,7,0,Craven,2022-04-27
0,22,4,18,0,Craven,2022-02-23
0,5,4,1,0,Craven,2022-03-28
0,7,4,3,0,Craven,2022-04-04
0,20,4,16,0,Craven,2022-04-28
0,6,5,1,0,Craven,2022-04-08
0,13,5,8,0,Craven,2022-05-01
0,27,5,22,0,Craven,2022-06-12
0,18,6,12,0,Craven,2022-06-19
0,18,8,10,0,Craven,2022-04-29
0,15,8,7,0,Craven,2022-05-14
0,18,13,5,0,Craven,2022-04-18
0,3,0,3,0,Cumberland,2022-04-03
0,7,1,6,0,Cumberland,2022-03-06
0,4,1,3,0,Cumberland,2022-03-20
0,12,1,11,0,Cumberland,2022-03-24
0,5,1,4,0,Cumberland,2022-04-02
0,7,2,5,0,Cumberland,2022-03-13
0,10,3,7,0,Cumberland,2022-04-01
0,8,4,4,0,Cumberland,2022-04-17
0,11,5,6,0,Cumberland,2022-03-18
0,6,0,6,0,Currituck,2022-02-10
0,8,0,8,0,Currituck,2022-02-11
0,4,0,4,0,Currituck,2022-02-13
0,9,0,9,0,Currituck,2022-02-14
0,2,0,2,0,Currituck,2022-02-17
0,2,0,2,0,Currituck,2022-02-26
0,3,0,3,0,Currituck,2022-02-28
0,3,0,3,0,Currituck,2022-03-06
0,2,0,2,0,Currituck,2022-03-08
0,2,0,2,0,Currituck,2022-03-30
0,1,0,1,0,Currituck,2022-04-01
0,1,0,1,0,Currituck,2022-04-11
0,1,0,1,0,Currituck,2022-04-12
0,1,0,1,0,Currituck,2022-04-13
0,2,0,2,0,Currituck,2022-04-14
0,2,0,2,0,Currituck,2022-04-20
0,2,0,2,0,Currituck,2022-04-21
0,1,0,1,0,Currituck,2022-04-22
0,2,0,2,0,Currituck,2022-04-24
0,3,0,3,0,Currituck,2022-04-25
0,2,0,2,0,Currituck,2022-04-30
0,1,0,1,0,Currituck,2022-05-01
0,2,0,2,0,Currituck,2022-05-03
0,3,0,3,0,Currituck,2022-05-05
0,1,0,1,0,Currituck,2022-05-07
0,9,0,9,0,Currituck,2022-05-10
0,5,0,5,0,Currituck,2022-05-12
0,7,0,7,0,Currituck,2022-05-13
0,9,0,9,0,Currituck,2022-05-17
0,2,0,2,0,Currituck,2022-05-30
0,3,0,3,0,Currituck,2022-06-04
0,4,0,4,0,Currituck,2022-06-05
0,3,0,3,0,Currituck,2022-06-07
0,4,0,4,0,Currituck,2022-06-10
0,2,0,2,0,Currituck,2022-06-11
0,4,0,4,0,Currituck,2022-06-12
0,10,0,10,0,Currituck,2022-06-16
0,3,0,3,0,Currituck,2022-06-19
0,1,0,1,0,Currituck,2022-06-25
0,5,0,5,0,Currituck,2022-06-27
0,3,0,3,0,Currituck,2022-07-02
0,2,0,2,0,Currituck,2022-07-07
0,4,0,4,0,Currituck,2022-07-08
0,7,0,7,0,Currituck,2022-07-09
0,4,0,4,0,Currituck,2022-07-12
0,2,0,2,0,Currituck,2022-07-15
0,1,0,1,0,Currituck,2022-07-23
0,7,0,7,0,Currituck,2022-07-24
0,4,0,4,0,Currituck,2022-07-28
0,2,0,2,0,Currituck,2022-07-31
0,3,1,2,0,Currituck,2022-03-12
0,2,1,1,0,Currituck,2022-03-13
0,3,1,2,0,Currituck,2022-04-29
0,1,1,0,0,Currituck,2022-05-06
0,2,1,1,0,Currituck,2022-05-11
0,4,1,3,0,Currituck,2022-05-15
0,1,1,0,0,Currituck,2022-05-19
0,3,1,2,0,Currituck,2022-05-20
0,10,1,9,0,Currituck,2022-05-31
0,7,1,6,0,Currituck,2022-06-21
0,7,1,6,0,Currituck,2022-06-22
0,13,1,12,0,Currituck,2022-06-23
0,5,1,4,0,Currituck,2022-07-04
0,9,1,8,0,Currituck,2022-07-20
0,5,1,4,0,Currituck,2022-07-22
0,6,1,5,0,Currituck,2022-07-29
0,2,1,1,0,Currituck,2022-08-04
0,1,1,0,0,Currituck,2022-08-05
0,3,2,1,0,Currituck,2022-04-23
0,6,2,4,0,Currituck,2022-04-27
0,7,2,5,0,Currituck,2022-05-09
0,3,2,1,0,Currituck,2022-07-16
0,14,2,12,0,Currituck,2022-07-26
0,5,2,3,0,Currituck,2022-07-30
0,6,3,3,0,Currituck,2022-05-04
0,10,3,7,0,Currituck,2022-05-21
0,7,3,4,0,Currituck,2022-05-24
0,11,4,7,0,Currituck,2022-05-14
0,15,4,11,0,Currituck,2022-05-25
0,8,6,2,0,Currituck,2022-06-01
0,11,0,11,0,Dare,2022-02-09
0,15,0,15,0,Dare,2022-02-11
0,4,0,4,0,Dare,2022-02-12
0,3,0,3,0,Dare,2022-02-19
0,4,0,4,0,Dare,2022-02-23
0,5,0,5,0,Dare,2022-02-24
0,4,0,4,0,Dare,2022-02-25
0,1,0,1,0,Dare,2022-02-26
0,1,0,1,0,Dare,2022-02-27
0,3,0,3,0,Dare,2022-02-28
0,2,0,2,0,Dare,2022-03-01
0,3,0,3,0,Dare,2022-03-02
0,10,0,10,0,Dare,2022-03-03
0,3,0,3,0,Dare,2022-03-04
0,2,0,2,0,Dare,2022-03-05
0,2,0,2,0,Dare,2022-03-06
0,4,0,4,0,Dare,2022-03-08
0,1,0,1,0,Dare,2022-03-14
0,3,0,3,0,Dare,2022-03-15
0,2,0,2,0,Dare,2022-03-16
0,3,0,3,0,Dare,2022-03-18
0,1,0,1,0,Dare,2022-03-19
0,2,0,2,0,Dare,2022-03-20
0,2,0,2,0,Dare,2022-03-21
0,1,0,1,0,Dare,2022-03-22
0,2,0,2,0,Dare,2022-03-23
0,1,0,1,0,Dare,2022-03-25
0,1,0,1,0,Dare,2022-03-26
0,1,0,1,0,Dare,2022-03-27
0,1,0,1,0,Dare,2022-04-01
0,1,0,1,0,Dare,2022-04-02
0,1,0,1,0,Dare,2022-04-03
0,2,0,2,0,Dare,2022-04-05
0,3,0,3,0,Dare,2022-04-06
0,2,0,2,0,Dare,2022-04-07
0,1,0,1,0,Dare,2022-04-08
0,1,0,1,0,Dare,2022-04-10
0,3,0,3,0,Dare,2022-04-11
0,1,0,1,0,Dare,2022-04-12
0,6,0,6,0,Dare,2022-04-14
0,2,0,2,0,Dare,2022-04-16
0,2,0,2,0,Dare,2022-04-20
0,7,0,7,0,Dare,2022-04-22
0,5,0,5,0,Dare,2022-04-23
0,3,0,3,0,Dare,2022-04-24
0,11,0,11,0,Dare,2022-04-27
0,13,0,13,0,Dare,2022-04-28
0,7,0,7,0,Dare,2022-04-29
0,7,0,7,0,Dare,2022-04-30
0,1,0,1,0,Dare,2022-05-01
0,8,0,8,0,Dare,2022-05-05
0,5,0,5,0,Dare,2022-05-07
0,17,0,17,0,Dare,2022-05-10
0,16,0,16,0,Dare,2022-05-12
0,10,0,10,0,Dare,2022-05-14
0,8,0,8,0,Dare,2022-05-15
0,13,0,13,0,Dare,2022-05-16
0,10,0,10,0,Dare,2022-05-22
0,12,0,12,0,Dare,2022-05-28
0,16,0,16,0,Dare,2022-06-03
0,8,0,8,0,Dare,2022-06-04
0,7,0,7,0,Dare,2022-07-02
0,4,0,4,0,Dare,2022-07-08
0,18,0,18,0,Dare,2022-07-15
0,8,0,8,0,Dare,2022-07-17
0,2,1,1,0,Dare,2022-03-30
0,12,1,11,0,Dare,2022-05-02
0,12,1,11,0,Dare,2022-05-26
0,13,1,12,0,Dare,2022-06-14
0,12,1,11,0,Dare,2022-06-30
0,8,1,7,0,Dare,2022-07-31
0,24,2,22,0,Dare,2022-05-24
0,8,0,8,0,Davidson,2022-03-05
0,2,0,2,0,Davidson,2022-03-13
0,2,0,2,0,Davidson,2022-03-19
0,1,0,1,0,Davidson,2022-03-20
0,1,0,1,0,Davidson,2022-03-24
0,2,0,2,0,Davidson,2022-03-25
0,1,0,1,0,Davidson,2022-03-26
0,2,0,2,0,Davidson,2022-03-28
0,5,1,4,0,Davidson,2022-03-09
0,6,1,5,0,Davidson,2022-03-29
0,5,1,4,0,Davidson,2022-04-01
0,9,1,8,0,Davidson,2022-04-18
0,19,1,18,0,Davidson,2022-04-24
0,17,1,16,0,Davidson,2022-04-28
0,5,2,3,0,Davidson,2022-03-22
0,5,2,3,0,Davidson,2022-03-27
0,4,2,2,0,Davidson,2022-04-02
0,8,2,6,0,Davidson,2022-04-04
0,5,2,3,0,Davidson,2022-04-09
0,6,2,4,0,Davidson,2022-04-15
0,13,2,11,0,Davidson,2022-04-22
0,6,2,4,0,Davidson,2022-04-23
0,8,3,5,0,Davidson,2022-03-21
0,7,3,4,0,Davidson,2022-03-30
0,9,3,6,0,Davidson,2022-04-07
0,20,3,17,0,Davidson,2022-04-29
0,6,4,2,0,Davidson,2022-03-10
0,21,6,15,0,Davidson,2022-04-25
0,9,7,2,0,Davidson,2022-04-06
0,6,0,6,0,Davie,2022-02-26
0,3,0,3,0,Davie,2022-03-02
0,6,0,6,0,Davie,2022-03-04
0,1,0,1,0,Davie,2022-03-11
0,1,0,1,0,Davie,2022-03-12
0,1,0,1,0,Davie,2022-03-18
0,1,0,1,0,Davie,2022-03-26
0,1,0,1,0,Davie,2022-03-27
0,3,0,3,0,Davie,2022-03-28
0,1,0,1,0,Davie,2022-04-06
0,3,0,3,0,Davie,2022-04-08
0,2,0,2,0,Davie,2022-04-10
0,1,0,1,0,Davie,2022-04-12
0,3,0,3,0,Davie,2022-04-13
0,4,0,4,0,Davie,2022-04-30
0,4,0,4,0,Davie,2022-05-08
0,5,0,5,0,Davie,2022-05-14
0,2,0,2,0,Davie,2022-06-04
0,4,0,4,0,Davie,2022-06-05
0,6,0,6,0,Davie,2022-07-04
0,9,1,8,0,Davie,2022-02-23
0,7,1,6,0,Davie,2022-02-24
0,4,1,3,0,Davie,2022-02-27
0,5,1,4,0,Davie,2022-03-01
0,2,1,1,0,Davie,2022-03-13
0,3,1,2,0,Davie,2022-03-22
0,1,1,0,0,Davie,2022-03-23
0,2,1,1,0,Davie,2022-03-25
0,2,1,1,0,Davie,2022-03-30
0,1,1,0,0,Davie,2022-04-01
0,2,1,1,0,Davie,2022-04-03
0,3,1,2,0,Davie,2022-04-07
0,2,1,1,0,Davie,2022-04-16
0,2,1,1,0,Davie,2022-04-17
0,4,1,3,0,Davie,2022-05-01
0,5,1,4,0,Davie,2022-05-07
0,11,1,10,0,Davie,2022-05-28
0,3,1,2,0,Davie,2022-06-03
0,8,1,7,0,Davie,2022-07-02
0,3,1,2,0,Davie,2022-07-03
0,11,2,9,0,Davie,2022-02-16
0,7,2,5,0,Davie,2022-02-19
0,13,2,11,0,Davie,2022-02-22
0,4,2,2,0,Davie,2022-03-03
0,3,2,1,0,Davie,2022-04-14
0,6,2,4,0,Davie,2022-04-15
0,9,2,7,0,Davie,2022-04-22
0,7,2,5,0,Davie,2022-05-04
0,11,2,9,0,Davie,2022-05-20
0,4,3,1,0,Davie,2022-04-02
0,6,3,3,0,Davie,2022-04-18
0,6,3,3,0,Davie,2022-04-20
0,5,3,2,0,Davie,2022-04-26
0,7,3,4,0,Davie,2022-04-27
0,9,3,6,0,Davie,2022-06-02
0,9,3,6,0,Davie,2022-06-25
0,21,4,17,0,Davie,2022-02-14
0,8,4,4,0,Davie,2022-04-19
0,11,4,7,0,Davie,2022-05-15
0,28,5,23,0,Davie,2022-02-11
0,11,5,6,0,Davie,2022-05-02
0,22,6,16,0,Davie,2022-05-13
0,24,11,13,0,Davie,2022-08-02
0,7,0,7,0,Duplin,2022-02-22
0,2,0,2,0,Duplin,2022-03-07
0,2,0,2,0,Duplin,2022-03-10
0,1,0,1,0,Duplin,2022-03-29
0,1,0,1,0,Duplin,2022-04-02
0,1,0,1,0,Duplin,2022-04-03
0,2,0,2,0,Duplin,2022-04-05
0,1,0,1,0,Duplin,2022-04-08
0,1,0,1,0,Duplin,2022-04-09
0,1,0,1,0,Duplin,2022-04-12
0,3,0,3,0,Duplin,2022-04-16
0,2,0,2,0,Duplin,2022-04-20
0,1,0,1,0,Duplin,2022-04-23
0,1,0,1,0,Duplin,2022-05-01
0,2,0,2,0,Duplin,2022-05-06
0,2,0,2,0,Duplin,2022-05-14
0,1,0,1,0,Duplin,2022-05-29
0,3,0,3,0,Duplin,2022-05-30
0,4,0,4,0,Duplin,2022-06-18
0,6,1,5,0,Duplin,2022-03-02
0,3,1,2,0,Duplin,2022-03-17
0,1,1,0,0,Duplin,2022-03-25
0,2,1,1,0,Duplin,2022-03-30
0,2,1,1,0,Duplin,2022-04-01
0,1,1,0,0,Duplin,2022-04-06
0,1,1,0,0,Duplin,2022-04-13
0,2,1,1,0,Duplin,2022-04-14
0,1,1,0,0,Duplin,2022-04-22
0,3,1,2,0,Duplin,2022-04-26
0,1,1,0,0,Duplin,2022-04-28
0,2,1,1,0,Duplin,2022-04-30
0,2,1,1,0,Duplin,2022-05-02
0,2,1,1,0,Duplin,2022-05-08
0,2,1,1,0,Duplin,2022-05-15
0,2,1,1,0,Duplin,2022-05-21
0,4,1,3,0,Duplin,2022-05-28
0,3,1,2,0,Duplin,2022-06-04
0,6,1,5,0,Duplin,2022-06-05
0,6,1,5,0,Duplin,2022-06-10
0,5,1,4,0,Duplin,2022-07-03
0,5,2,3,0,Duplin,2022-03-01
0,4,2,2,0,Duplin,2022-03-03
0,4,2,2,0,Duplin,2022-03-14
0,2,2,0,0,Duplin,2022-03-22
0,3,2,1,0,Duplin,2022-05-18
0,4,2,2,0,Duplin,2022-05-20
0,13,2,11,0,Duplin,2022-05-26
0,8,3,5,0,Duplin,2022-04-27
0,10,3,7,0,Duplin,2022-06-07
0,8,3,5,0,Duplin,2022-06-12
0,8,4,4,0,Duplin,2022-05-12
0,28,9,19,0,Duplin,2022-02-09
0,21,10,11,0,Duplin,2022-07-01
0,11,0,11,0,Durham,2022-03-06
0,18,0,18,0,Durham,2022-03-08
0,18,1,17,0,Durham,2022-03-12
0,12,2,10,0,Durham,2022-03-13
0,39,2,37,0,Durham,2022-04-09
0,23,3,20,0,Durham,2022-03-10
0,38,4,34,0,Durham,2022-03-01
0,12,4,8,0,Durham,2022-03-20
0,74,7,67,0,Durham,2022-03-14
0,23,9,14,0,Durham,2022-02-26
0,2,0,2,0,Edgecombe,2022-02-12
0,11,0,11,0,Edgecombe,2022-02-17
0,8,0,8,0,Edgecombe,2022-02-22
0,1,0,1,0,Edgecombe,2022-02-27
0,5,0,5,0,Edgecombe,2022-03-03
0,1,0,1,0,Edgecombe,2022-03-05
0,2,0,2,0,Edgecombe,2022-03-08
0,1,0,1,0,Edgecombe,2022-03-10
0,1,0,1,0,Edgecombe,2022-03-13
0,1,0,1,0,Edgecombe,2022-03-19
0,1,0,1,0,Edgecombe,2022-03-22
0,1,0,1,0,Edgecombe,2022-03-25
0,1,0,1,0,Edgecombe,2022-03-27
0,1,0,1,0,Edgecombe,2022-03-29
0,2,0,2,0,Edgecombe,2022-03-30
0,2,0,2,0,Edgecombe,2022-03-31
0,1,0,1,0,Edgecombe,2022-04-06
0,1,0,1,0,Edgecombe,2022-04-08
0,3,0,3,0,Edgecombe,2022-04-12
0,1,0,1,0,Edgecombe,2022-04-13
0,2,0,2,0,Edgecombe,2022-04-21
0,2,0,2,0,Edgecombe,2022-04-23
0,3,0,3,0,Edgecombe,2022-04-30
0,2,0,2,0,Edgecombe,2022-05-07
0,2,0,2,0,Edgecombe,2022-05-08
0,8,0,8,0,Edgecombe,2022-05-17
0,10,0,10,0,Edgecombe,2022-05-20
0,9,0,9,0,Edgecombe,2022-06-24
0,10,0,10,0,Edgecombe,2022-07-30
0,3,1,2,0,Edgecombe,2022-02-20
0,9,1,8,0,Edgecombe,2022-03-02
0,3,1,2,0,Edgecombe,2022-03-07
0,3,1,2,0,Edgecombe,2022-03-16
0,3,1,2,0,Edgecombe,2022-03-17
0,3,1,2,0,Edgecombe,2022-03-18
0,1,1,0,0,Edgecombe,2022-04-17
0,7,1,6,0,Edgecombe,2022-04-22
0,5,1,4,0,Edgecombe,2022-04-25
0,5,1,4,0,Edgecombe,2022-04-26
0,1,1,0,0,Edgecombe,2022-04-29
0,1,1,0,0,Edgecombe,2022-05-01
0,4,1,3,0,Edgecombe,2022-05-06
0,5,1,4,0,Edgecombe,2022-05-14
0,9,1,8,0,Edgecombe,2022-06-12
0,6,2,4,0,Edgecombe,2022-02-19
0,4,2,2,0,Edgecombe,2022-06-19
0,5,3,2,0,Edgecombe,2022-04-28
0,5,3,2,0,Edgecombe,2022-05-15
0,15,4,11,0,Edgecombe,2022-06-05
0,9,6,3,0,Edgecombe,2022-02-28
0,6,6,0,0,Edgecombe,2022-04-14
0,18,1,17,0,Forsyth,2022-03-05
0,7,1,6,0,Forsyth,2022-04-01
0,6,1,5,0,Forsyth,2022-04-03
0,12,3,9,0,Forsyth,2022-03-13
0,14,4,10,0,Forsyth,2022-03-06
0,20,5,15,0,Forsyth,2022-03-28
0,7,0,7,0,Franklin,2022-02-19
0,3,0,3,0,Franklin,2022-03-02
0,3,0,3,0,Franklin,2022-03-05
0,3,0,3,0,Franklin,2022-03-10
0,1,0,1,0,Franklin,2022-03-11
0,1,0,1,0,Franklin,2022-03-15
0,1,0,1,0,Franklin,2022-03-19
0,2,0,2,0,Franklin,2022-03-20
0,4,0,4,0,Franklin,2022-03-21
0,1,0,1,0,Franklin,2022-03-23
0,1,0,1,0,Franklin,2022-03-24
0,1,0,1,0,Franklin,2022-03-25
0,1,0,1,0,Franklin,2022-03-26
0,1,0,1,0,Franklin,2022-03-29
0,5,0,5,0,Franklin,2022-03-30
0,1,0,1,0,Franklin,2022-04-01
0,1,0,1,0,Franklin,2022-04-03
0,4,0,4,0,Franklin,2022-04-04
0,2,0,2,0,Franklin,2022-04-05
0,3,0,3,0,Franklin,2022-04-07
0,7,0,7,0,Franklin,2022-04-08
0,2,0,2,0,Franklin,2022-04-10
0,4,0,4,0,Franklin,2022-04-11
0,10,0,10,0,Franklin,2022-04-13
0,12,0,12,0,Franklin,2022-04-19
0,6,0,6,0,Franklin,2022-04-24
0,15,0,15,0,Franklin,2022-07-23
0,6,1,5,0,Franklin,2022-03-08
0,2,1,1,0,Franklin,2022-03-17
0,5,1,4,0,Franklin,2022-04-09
0,13,1,12,0,Franklin,2022-04-22
0,11,2,9,0,Franklin,2022-04-29
0,19,2,17,0,Franklin,2022-06-12
0,11,3,8,0,Franklin,2022-04-30
0,7,3,4,0,Franklin,2022-05-30
0,22,3,19,0,Franklin,2022-07-30
0,24,4,20,0,Franklin,2022-05-29
0,3,0,3,0,Gaston,2022-03-20
0,2,0,2,0,Gaston,2022-03-24
0,3,0,3,0,Gaston,2022-03-26
0,3,0,3,0,Gaston,2022-03-27
0,11,1,10,0,Gaston,2022-03-10
0,5,1,4,0,Gaston,2022-03-18
0,2,1,1,0,Gaston,2022-03-19
0,17,1,16,0,Gaston,2022-04-22
0,7,2,5,0,Gaston,2022-03-04
0,9,2,7,0,Gaston,2022-03-09
0,8,2,6,0,Gaston,2022-03-23
0,4,3,1,0,Gaston,2022-04-02
0,8,4,4,0,Gaston,2022-04-01
0,17,7,10,0,Gaston,2022-04-14
0,1,0,1,0,Gates,2022-02-10
0,1,0,1,0,Gates,2022-02-16
0,2,0,2,0,Gates,2022-02-17
0,3,0,3,0,Gates,2022-02-18
0,2,0,2,0,Gates,2022-02-20
0,1,0,1,0,Gates,2022-02-22
0,1,0,1,0,Gates,2022-02-23
0,1,0,1,0,Gates,2022-02-24
0,1,0,1,0,Gates,2022-03-02
0,1,0,1,0,Gates,2022-03-27
0,1,0,1,0,Gates,2022-03-30
0,1,0,1,0,Gates,2022-04-09
0,1,0,1,0,Gates,2022-04-12
0,1,0,1,0,Gates,2022-04-21
0,1,0,1,0,Gates,2022-04-22
0,1,0,1,0,Gates,2022-04-25
0,1,0,1,0,Gates,2022-04-30
0,1,0,1,0,Gates,2022-05-04
0,1,0,1,0,Gates,2022-05-06
0,3,0,3,0,Gates,2022-05-10
0,1,0,1,0,Gates,2022-05-12
0,3,0,3,0,Gates,2022-05-18
0,1,0,1,0,Gates,2022-05-21
0,1,0,1,0,Gates,2022-05-22
0,3,0,3,0,Gates,2022-05-23
0,2,0,2,0,Gates,2022-05-25
0,3,0,3,0,Gates,2022-06-08
0,1,0,1,0,Gates,2022-06-17
0,1,0,1,0,Gates,2022-06-19
0,2,0,2,0,Gates,2022-06-20
0,2,0,2,0,Gates,2022-06-22
0,1,0,1,0,Gates,2022-06-26
0,2,0,2,0,Gates,2022-06-28
0,1,0,1,0,Gates,2022-07-02
0,2,0,2,0,Gates,2022-07-10
0,2,0,2,0,Gates,2022-07-13
0,1,0,1,0,Gates,2022-07-15
0,1,0,1,0,Gates,2022-07-16
0,5,0,5,0,Gates,2022-07-24
0,1,0,1,0,Gates,2022-07-26
0,3,0,3,0,Gates,2022-07-27
0,2,0,2,0,Gates,2022-07-29
0,2,0,2,0,Gates,2022-08-02
0,3,1,2,0,Gates,2022-02-08
0,1,1,0,0,Gates,2022-02-09
0,1,1,0,0,Gates,2022-03-20
0,1,1,0,0,Gates,2022-04-01
0,1,1,0,0,Gates,2022-04-14
0,1,1,0,0,Gates,2022-04-23
0,2,1,1,0,Gates,2022-05-03
0,4,1,3,0,Gates,2022-05-05
0,3,1,2,0,Gates,2022-05-11
0,3,1,2,0,Gates,2022-05-14
0,1,1,0,0,Gates,2022-05-15
0,3,1,2,0,Gates,2022-05-16
0,1,1,0,0,Gates,2022-05-17
0,3,1,2,0,Gates,2022-05-19
0,3,1,2,0,Gates,2022-05-20
0,1,1,0,0,Gates,2022-05-26
0,1,1,0,0,Gates,2022-05-28
0,2,1,1,0,Gates,2022-05-30
0,3,1,2,0,Gates,2022-05-31
0,4,1,3,0,Gates,2022-06-02
0,1,1,0,0,Gates,2022-06-06
0,2,1,1,0,Gates,2022-06-07
0,6,1,5,0,Gates,2022-06-13
0,1,1,0,0,Gates,2022-06-24
0,2,1,1,0,Gates,2022-06-30
0,3,1,2,0,Gates,2022-07-01
0,2,1,1,0,Gates,2022-07-07
0,1,1,0,0,Gates,2022-08-04
0,2,2,0,0,Gates,2022-05-07
0,2,2,0,0,Gates,2022-07-08
0,5,2,3,0,Gates,2022-07-21
0,3,3,0,0,Gates,2022-02-14
0,3,3,0,0,Gates,2022-06-03
0,6,3,3,0,Gates,2022-06-21
0,4,3,1,0,Gates,2022-07-12
0,5,4,1,0,Gates,2022-06-01
0,5,4,1,0,Gates,2022-07-14
0,2,0,2,0,Graham,2022-02-12
0,1,0,1,0,Graham,2022-02-13
0,1,0,1,0,Graham,2022-02-20
0,1,0,1,0,Graham,2022-03-16
0,1,0,1,0,Graham,2022-03-28
0,1,0,1,0,Graham,2022-03-29
0,1,0,1,0,Graham,2022-04-07
0,1,0,1,0,Graham,2022-04-11
0,1,0,1,0,Graham,2022-04-12
0,1,0,1,0,Graham,2022-04-23
0,1,0,1,0,Graham,2022-05-08
0,1,0,1,0,Graham,2022-05-28
0,1,0,1,0,Graham,2022-06-07
0,3,0,3,0,Graham,2022-06-17
0,1,0,1,0,Graham,2022-06-18
0,1,0,1,0,Graham,2022-06-28
0,9,0,9,0,Graham,2022-07-07
0,3,0,3,0,Graham,2022-07-10
0,6,0,6,0,Graham,2022-07-20
0,4,0,4,0,Graham,2022-07-22
0,1,0,1,0,Graham,2022-07-31
0,1,1,0,0,Graham,2022-03-01
0,1,1,0,0,Graham,2022-03-02
0,2,1,1,0,Graham,2022-03-03
0,1,1,0,0,Graham,2022-03-04
0,3,1,2,0,Graham,2022-03-07
0,1,1,0,0,Graham,2022-03-27
0,2,1,1,0,Graham,2022-04-19
0,1,1,0,0,Graham,2022-04-22
0,3,1,2,0,Graham,2022-04-25
0,2,1,1,0,Graham,2022-04-29
0,1,1,0,0,Graham,2022-05-02
0,1,1,0,0,Graham,2022-05-10
0,1,1,0,0,Graham,2022-05-13
0,1,1,0,0,Graham,2022-05-19
0,2,1,1,0,Graham,2022-05-20
0,1,1,0,0,Graham,2022-05-26
0,2,1,1,0,Graham,2022-05-30
0,1,1,0,0,Graham,2022-05-31
0,1,1,0,0,Graham,2022-06-01
0,1,1,0,0,Graham,2022-06-08
0,1,1,0,0,Graham,2022-06-13
0,1,1,0,0,Graham,2022-06-21
0,2,1,1,0,Graham,2022-06-23
0,1,1,0,0,Graham,2022-06-25
0,4,1,3,0,Graham,2022-06-30
0,2,1,1,0,Graham,2022-07-15
0,2,1,1,0,Graham,2022-07-16
0,2,1,1,0,Graham,2022-07-24
0,2,1,1,0,Graham,2022-07-28
0,4,1,3,0,Graham,2022-08-06
0,2,2,0,0,Graham,2022-02-18
0,2,2,0,0,Graham,2022-02-21
0,2,2,0,0,Graham,2022-02-22
0,3,2,1,0,Graham,2022-02-28
0,3,2,1,0,Graham,2022-05-11
0,2,2,0,0,Graham,2022-05-12
0,2,2,0,0,Graham,2022-05-18
0,2,2,0,0,Graham,2022-06-05
0,3,2,1,0,Graham,2022-06-06
0,2,2,0,0,Graham,2022-06-15
0,2,2,0,0,Graham,2022-06-26
0,8,2,6,0,Graham,2022-06-29
0,5,2,3,0,Graham,2022-07-11
0,2,2,0,0,Graham,2022-07-26
0,4,2,2,0,Graham,2022-08-02
0,4,3,1,0,Graham,2022-02-08
0,3,3,0,0,Graham,2022-02-10
0,5,3,2,0,Graham,2022-02-17
0,6,3,3,0,Graham,2022-07-08
0,3,3,0,0,Graham,2022-07-12
0,4,3,1,0,Graham,2022-07-27
0,5,3,2,0,Graham,2022-08-04
0,4,4,0,0,Graham,2022-06-09
0,7,5,2,0,Graham,2022-07-01
0,6,5,1,0,Graham,2022-08-01
0,13,8,5,0,Graham,2022-02-09
0,9,0,9,0,Granville,2022-02-19
0,4,0,4,0,Granville,2022-02-20
0,3,0,3,0,Granville,2022-02-25
0,3,0,3,0,Granville,2022-02-27
0,3,0,3,0,Granville,2022-03-04
0,1,0,1,0,Granville,2022-03-06
0,6,0,6,0,Granville,2022-03-07
0,2,0,2,0,Granville,2022-03-10
0,3,0,3,0,Granville,2022-03-14
0,3,0,3,0,Granville,2022-03-15
0,1,0,1,0,Granville,2022-03-16
0,3,0,3,0,Granville,2022-03-18
0,1,0,1,0,Granville,2022-03-26
0,1,0,1,0,Granville,2022-03-28
0,2,0,2,0,Granville,2022-03-29
0,1,0,1,0,Granville,2022-04-01
0,3,0,3,0,Granville,2022-04-15
0,10,0,10,0,Granville,2022-04-16
0,4,0,4,0,Granville,2022-04-17
0,6,0,6,0,Granville,2022-04-22
0,9,0,9,0,Granville,2022-04-30
0,5,0,5,0,Granville,2022-05-06
0,9,0,9,0,Granville,2022-05-07
0,4,0,4,0,Granville,2022-06-04
0,5,0,5,0,Granville,2022-06-05
0,13,1,12,0,Granville,2022-02-18
0,6,1,5,0,Granville,2022-03-03
0,2,1,1,0,Granville,2022-03-05
0,2,1,1,0,Granville,2022-03-13
0,2,1,1,0,Granville,2022-03-22
0,1,1,0,0,Granville,2022-03-23
0,1,1,0,0,Granville,2022-03-24
0,1,1,0,0,Granville,2022-04-02
0,4,1,3,0,Granville,2022-04-06
0,3,1,2,0,Granville,2022-04-12
0,5,1,4,0,Granville,2022-04-23
0,5,1,4,0,Granville,2022-04-24
0,7,1,6,0,Granville,2022-05-08
0,16,1,15,0,Granville,2022-05-10
0,10,2,8,0,Granville,2022-02-22
0,11,2,9,0,Granville,2022-02-24
0,5,2,3,0,Granville,2022-03-09
0,2,2,0,0,Granville,2022-03-11
0,5,2,3,0,Granville,2022-04-08
0,3,2,1,0,Granville,2022-04-10
0,10,2,8,0,Granville,2022-04-14
0,9,2,7,0,Granville,2022-04-20
0,5,2,3,0,Granville,2022-05-01
0,15,2,13,0,Granville,2022-05-14
0,17,2,15,0,Granville,2022-07-02
0,9,3,6,0,Granville,2022-02-23
0,4,3,1,0,Granville,2022-04-05
0,10,3,7,0,Granville,2022-05-30
0,33,3,30,0,Granville,2022-06-01
0,22,4,18,0,Granville,2022-07-29
0,27,5,22,0,Granville,2022-05-02
0,13,6,7,0,Granville,2022-04-25
0,25,7,18,0,Granville,2022-05-13
0,33,10,23,0,Granville,2022-05-25
0,4,0,4,0,Greene,2022-02-10
0,2,0,2,0,Greene,2022-02-16
0,1,0,1,0,Greene,2022-02-20
0,4,0,4,0,Greene,2022-02-24
0,1,0,1,0,Greene,2022-02-27
0,2,0,2,0,Greene,2022-03-01
0,1,0,1,0,Greene,2022-03-04
0,1,0,1,0,Greene,2022-03-08
0,1,0,1,0,Greene,2022-03-23
0,2,0,2,0,Greene,2022-03-30
0,1,0,1,0,Greene,2022-04-05
0,4,0,4,0,Greene,2022-04-14
0,1,0,1,0,Greene,2022-04-18
0,2,0,2,0,Greene,2022-04-24
0,1,0,1,0,Greene,2022-04-28
0,3,0,3,0,Greene,2022-05-01
0,1,0,1,0,Greene,2022-05-06
0,2,0,2,0,Greene,2022-05-07
0,3,0,3,0,Greene,2022-05-10
0,5,0,5,0,Greene,2022-05-12
0,1,0,1,0,Greene,2022-05-18
0,5,0,5,0,Greene,2022-05-26
0,3,0,3,0,Greene,2022-06-04
0,1,0,1,0,Greene,2022-06-11
0,6,0,6,0,Greene,2022-06-20
0,1,0,1,0,Greene,2022-06-21
0,6,0,6,0,Greene,2022-07-06
0,1,0,1,0,Greene,2022-07-30
0,11,1,10,0,Greene,2022-02-08
0,2,1,1,0,Greene,2022-02-26
0,1,1,0,0,Greene,2022-04-29
0,2,1,1,0,Greene,2022-05-04
0,3,1,2,0,Greene,2022-05-11
0,1,1,0,0,Greene,2022-05-15
0,1,1,0,0,Greene,2022-05-21
0,3,1,2,0,Greene,2022-05-22
0,2,1,1,0,Greene,2022-05-28
0,1,1,0,0,Greene,2022-05-30
0,5,1,4,0,Greene,2022-06-03
0,4,1,3,0,Greene,2022-06-15
0,5,1,4,0,Greene,2022-06-19
0,6,1,5,0,Greene,2022-06-28
0,2,1,1,0,Greene,2022-07-17
0,4,2,2,0,Greene,2022-02-11
0,3,2,1,0,Greene,2022-04-25
0,5,2,3,0,Greene,2022-05-05
0,3,2,1,0,Greene,2022-05-13
0,8,2,6,0,Greene,2022-06-29
0,6,2,4,0,Greene,2022-07-07
0,4,2,2,0,Greene,2022-07-24
0,7,3,4,0,Greene,2022-06-10
0,5,4,1,0,Greene,2022-05-23
0,17,4,13,0,Greene,2022-07-14
0,12,7,5,0,Greene,2022-07-27
0,15,3,12,0,Guilford,2022-03-18
0,19,0,19,0,Halifax,2022-02-17
0,3,0,3,0,Halifax,2022-03-02
0,1,0,1,0,Halifax,2022-03-05
0,4,0,4,0,Halifax,2022-03-07
0,1,0,1,0,Halifax,2022-03-08
0,1,0,1,0,Halifax,2022-03-09
0,1,0,1,0,Halifax,2022-03-15
0,1,0,1,0,Halifax,2022-03-19
0,1,0,1,0,Halifax,2022-03-31
0,2,0,2,0,Halifax,2022-04-04
0,1,0,1,0,Halifax,2022-04-05
0,2,0,2,0,Halifax,2022-04-13
0,1,0,1,0,Halifax,2022-04-17
0,3,0,3,0,Halifax,2022-04-18
0,1,0,1,0,Halifax,2022-04-19
0,1,0,1,0,Halifax,2022-04-23
0,5,0,5,0,Halifax,2022-04-26
0,3,0,3,0,Halifax,2022-04-28
0,3,0,3,0,Halifax,2022-04-29
0,5,0,5,0,Halifax,2022-05-29
0,5,1,4,0,Halifax,2022-02-25
0,2,1,1,0,Halifax,2022-03-12
0,1,1,0,0,Halifax,2022-03-21
0,3,1,2,0,Halifax,2022-04-14
0,4,1,3,0,Halifax,2022-04-20
0,2,1,1,0,Halifax,2022-04-30
0,3,1,2,0,Halifax,2022-05-05
0,10,2,8,0,Halifax,2022-03-01
0,6,2,4,0,Halifax,2022-05-15
0,4,2,2,0,Halifax,2022-06-19
0,8,2,6,0,Halifax,2022-06-25
0,12,3,9,0,Halifax,2022-02-18
0,14,3,11,0,Halifax,2022-02-23
0,7,3,4,0,Halifax,2022-06-04
0,16,5,11,0,Halifax,2022-05-18
0,6,0,6,0,Harnett,2022-03-06
0,1,0,1,0,Harnett,2022-03-12
0,1,0,1,0,Harnett,2022-03-19
0,3,0,3,0,Harnett,2022-03-24
0,1,0,1,0,Harnett,2022-03-25
0,1,0,1,0,Harnett,2022-03-26
0,2,0,2,0,Harnett,2022-03-27
0,8,0,8,0,Harnett,2022-03-29
0,2,0,2,0,Harnett,2022-03-31
0,7,0,7,0,Harnett,2022-04-01
0,4,0,4,0,Harnett,2022-04-02
0,5,0,5,0,Harnett,2022-04-04
0,6,0,6,0,Harnett,2022-04-07
0,3,0,3,0,Harnett,2022-05-01
0,3,1,2,0,Harnett,2022-03-05
0,3,1,2,0,Harnett,2022-03-20
0,5,1,4,0,Harnett,2022-03-23
0,4,1,3,0,Harnett,2022-04-03
0,6,1,5,0,Harnett,2022-04-05
0,3,1,2,0,Harnett,2022-04-10
0,4,1,3,0,Harnett,2022-04-17
0,21,1,20,0,Harnett,2022-05-29
0,4,2,2,0,Harnett,2022-03-22
0,8,2,6,0,Harnett,2022-03-30
0,8,3,5,0,Harnett,2022-03-10
0,3,3,0,0,Harnett,2022-03-28
0,13,3,10,0,Harnett,2022-04-19
0,10,3,7,0,Harnett,2022-04-22
0,10,3,7,0,Harnett,2022-04-30
0,23,3,20,0,Harnett,2022-06-05
0,29,4,25,0,Harnett,2022-02-12
0,1,0,1,0,Haywood,2022-03-02
0,1,0,1,0,Haywood,2022-03-12
0,2,0,2,0,Haywood,2022-03-13
0,2,0,2,0,Haywood,2022-03-22
0,1,0,1,0,Haywood,2022-03-25
0,2,0,2,0,Haywood,2022-03-31
0,1,0,1,0,Haywood,2022-04-05
0,1,0,1,0,Haywood,2022-04-09
0,3,0,3,0,Haywood,2022-04-24
0,14,1,13,0,Haywood,2022-03-16
0,3,1,2,0,Haywood,2022-03-21
0,2,1,1,0,Haywood,2022-03-28
0,2,1,1,0,Haywood,2022-04-02
0,3,1,2,0,Haywood,2022-04-07
0,2,1,1,0,Haywood,2022-04-08
0,6,1,5,0,Haywood,2022-04-11
0,3,1,2,0,Haywood,2022-04-14
0,2,1,1,0,Haywood,2022-04-23
0,5,1,4,0,Haywood,2022-04-28
0,6,2,4,0,Haywood,2022-02-27
0,3,2,1,0,Haywood,2022-03-14
0,5,2,3,0,Haywood,2022-04-04
0,5,2,3,0,Haywood,2022-04-13
0,5,2,3,0,Haywood,2022-05-08
0,6,3,3,0,Haywood,2022-03-30
0,4,3,1,0,Haywood,2022-04-18
0,6,3,3,0,Haywood,2022-04-21
0,4,3,1,0,Haywood,2022-05-01
0,6,4,2,0,Haywood,2022-04-20
0,7,4,3,0,Haywood,2022-04-29
0,6,4,2,0,Haywood,2022-05-15
0,15,4,11,0,Haywood,2022-05-17
0,12,4,8,0,Haywood,2022-05-27
0,14,4,10,0,Haywood,2022-05-29
0,8,4,4,0,Haywood,2022-06-04
0,12,5,7,0,Haywood,2022-05-02
0,13,5,8,0,Haywood,2022-05-06
0,9,5,4,0,Haywood,2022-05-09
0,13,5,8,0,Haywood,2022-05-13
0,24,5,19,0,Haywood,2022-06-06
0,13,7,6,0,Haywood,2022-05-20
0,18,7,11,0,Haywood,2022-06-22
0,16,9,7,0,Haywood,2022-06-02
0,15,10,5,0,Haywood,2022-04-25
0,24,11,13,0,Haywood,2022-08-04
0,17,13,4,0,Haywood,2022-05-10
0,24,15,9,0,Haywood,2022-07-05
0,1,0,1,0,Henderson,2022-03-12
0,1,0,1,0,Henderson,2022-03-18
0,2,0,2,0,Henderson,2022-03-30
0,2,0,2,0,Henderson,2022-04-02
0,2,0,2,0,Henderson,2022-04-07
0,2,0,2,0,Henderson,2022-04-09
0,3,0,3,0,Henderson,2022-04-17
0,6,1,5,0,Henderson,2022-03-05
0,7,1,6,0,Henderson,2022-03-15
0,2,1,1,0,Henderson,2022-03-16
0,1,1,0,0,Henderson,2022-03-23
0,4,1,3,0,Henderson,2022-03-25
0,1,1,0,0,Henderson,2022-03-27
0,3,1,2,0,Henderson,2022-04-01
0,3,1,2,0,Henderson,2022-04-03
0,5,1,4,0,Henderson,2022-04-05
0,2,1,1,0,Henderson,2022-04-10
0,8,2,6,0,Henderson,2022-02-26
0,4,2,2,0,Henderson,2022-02-27
0,2,2,0,0,Henderson,2022-03-21
0,8,2,6,0,Henderson,2022-03-31
0,4,3,1,0,Henderson,2022-03-08
0,4,3,1,0,Henderson,2022-03-14
0,3,3,0,0,Henderson,2022-04-04
0,4,3,1,0,Henderson,2022-04-06
0,5,3,2,0,Henderson,2022-04-08
0,9,3,6,0,Henderson,2022-04-23
0,10,4,6,0,Henderson,2022-02-20
0,5,4,1,0,Henderson,2022-03-20
0,6,4,2,0,Henderson,2022-03-22
0,4,4,0,0,Henderson,2022-04-16
0,13,4,9,0,Henderson,2022-04-19
0,13,6,7,0,Henderson,2022-04-18
0,34,6,28,0,Henderson,2022-05-24
0,12,7,5,0,Henderson,2022-04-27
0,10,7,3,0,Henderson,2022-04-28
0,13,7,6,0,Henderson,2022-05-06
0,29,13,16,0,Henderson,2022-06-15
0,4,0,4,0,Hertford,2022-02-10
0,1,0,1,0,Hertford,2022-02-12
0,2,0,2,0,Hertford,2022-02-13
0,1,0,1,0,Hertford,2022-02-15
0,4,0,4,0,Hertford,2022-02-17
0,3,0,3,0,Hertford,2022-02-18
0,4,0,4,0,Hertford,2022-02-19
0,2,0,2,0,Hertford,2022-02-24
0,3,0,3,0,Hertford,2022-02-25
0,2,0,2,0,Hertford,2022-03-01
0,3,0,3,0,Hertford,2022-03-02
0,2,0,2,0,Hertford,2022-03-03
0,1,0,1,0,Hertford,2022-03-07
0,1,0,1,0,Hertford,2022-03-11
0,1,0,1,0,Hertford,2022-03-21
0,1,0,1,0,Hertford,2022-03-23
0,3,0,3,0,Hertford,2022-03-25
0,1,0,1,0,Hertford,2022-03-28
0,1,0,1,0,Hertford,2022-03-29
0,1,0,1,0,Hertford,2022-04-08
0,1,0,1,0,Hertford,2022-04-10
0,1,0,1,0,Hertford,2022-04-11
0,1,0,1,0,Hertford,2022-04-13
0,2,0,2,0,Hertford,2022-04-14
0,1,0,1,0,Hertford,2022-04-16
0,2,0,2,0,Hertford,2022-04-20
0,1,0,1,0,Hertford,2022-04-23
0,1,0,1,0,Hertford,2022-04-24
0,1,0,1,0,Hertford,2022-04-25
0,1,0,1,0,Hertford,2022-04-29
0,1,0,1,0,Hertford,2022-04-30
0,6,0,6,0,Hertford,2022-05-16
0,3,0,3,0,Hertford,2022-05-17
0,2,0,2,0,Hertford,2022-05-20
0,3,0,3,0,Hertford,2022-05-21
0,1,0,1,0,Hertford,2022-05-27
0,1,0,1,0,Hertford,2022-05-30
0,2,0,2,0,Hertford,2022-06-03
0,1,0,1,0,Hertford,2022-06-05
0,1,0,1,0,Hertford,2022-06-09
0,1,0,1,0,Hertford,2022-06-12
0,4,0,4,0,Hertford,2022-06-19
0,1,0,1,0,Hertford,2022-06-26
0,4,0,4,0,Hertford,2022-06-28
0,1,0,1,0,Hertford,2022-07-10
0,7,1,6,0,Hertford,2022-02-08
0,1,1,0,0,Hertford,2022-02-20
0,6,1,5,0,Hertford,2022-02-21
0,2,1,1,0,Hertford,2022-02-22
0,2,1,1,0,Hertford,2022-02-23
0,4,1,3,0,Hertford,2022-02-26
0,3,1,2,0,Hertford,2022-02-27
0,3,1,2,0,Hertford,2022-03-04
0,1,1,0,0,Hertford,2022-04-12
0,2,1,1,0,Hertford,2022-04-26
0,2,1,1,0,Hertford,2022-05-02
0,1,1,0,0,Hertford,2022-05-04
0,2,1,1,0,Hertford,2022-05-06
0,5,1,4,0,Hertford,2022-05-18
0,2,1,1,0,Hertford,2022-05-26
0,4,1,3,0,Hertford,2022-06-10
0,3,1,2,0,Hertford,2022-06-17
0,9,1,8,0,Hertford,2022-06-18
0,11,1,10,0,Hertford,2022-06-20
0,6,1,5,0,Hertford,2022-07-09
0,6,2,4,0,Hertford,2022-02-09
0,3,2,1,0,Hertford,2022-05-24
0,6,2,4,0,Hertford,2022-06-27
0,9,4,5,0,Hertford,2022-06-30
0,7,5,2,0,Hertford,2022-07-31
0,3,0,3,0,Hoke,2022-02-19
0,3,0,3,0,Hoke,2022-02-26
0,3,0,3,0,Hoke,2022-03-04
0,2,0,2,0,Hoke,2022-03-05
0,5,0,5,0,Hoke,2022-03-07
0,4,0,4,0,Hoke,2022-03-10
0,4,0,4,0,Hoke,2022-03-11
0,1,0,1,0,Hoke,2022-03-13
0,1,0,1,0,Hoke,2022-03-14
0,1,0,1,0,Hoke,2022-03-17
0,1,0,1,0,Hoke,2022-03-19
0,2,0,2,0,Hoke,2022-03-21
0,3,0,3,0,Hoke,2022-03-22
0,1,0,1,0,Hoke,2022-03-23
0,2,0,2,0,Hoke,2022-03-24
0,2,0,2,0,Hoke,2022-03-25
0,1,0,1,0,Hoke,2022-03-28
0,3,0,3,0,Hoke,2022-03-29
0,1,0,1,0,Hoke,2022-03-31
0,3,0,3,0,Hoke,2022-04-02
0,2,0,2,0,Hoke,2022-04-03
0,4,0,4,0,Hoke,2022-04-06
0,1,0,1,0,Hoke,2022-04-07
0,2,0,2,0,Hoke,2022-04-08
0,4,0,4,0,Hoke,2022-04-11
0,2,0,2,0,Hoke,2022-04-17
0,2,0,2,0,Hoke,2022-04-22
0,6,0,6,0,Hoke,2022-04-30
0,7,0,7,0,Hoke,2022-06-04
0,1,1,0,0,Hoke,2022-03-06
0,3,1,2,0,Hoke,2022-03-09
0,1,1,0,0,Hoke,2022-03-12
0,2,1,1,0,Hoke,2022-03-15
0,2,1,1,0,Hoke,2022-03-16
0,3,1,2,0,Hoke,2022-03-26
0,1,1,0,0,Hoke,2022-03-30
0,1,1,0,0,Hoke,2022-04-05
0,2,1,1,0,Hoke,2022-04-09
0,3,1,2,0,Hoke,2022-04-12
0,2,1,1,0,Hoke,2022-04-19
0,4,1,3,0,Hoke,2022-04-21
0,4,1,3,0,Hoke,2022-04-24
0,7,1,6,0,Hoke,2022-04-29
0,4,1,3,0,Hoke,2022-05-14
0,8,2,6,0,Hoke,2022-02-13
0,10,2,8,0,Hoke,2022-03-03
0,3,2,1,0,Hoke,2022-04-01
0,3,2,1,0,Hoke,2022-04-15
0,10,2,8,0,Hoke,2022-05-27
0,9,2,7,0,Hoke,2022-05-29
0,10,3,7,0,Hoke,2022-02-24
0,5,3,2,0,Hoke,2022-02-27
0,5,3,2,0,Hoke,2022-03-02
0,6,3,3,0,Hoke,2022-04-13
0,12,3,9,0,Hoke,2022-04-27
0,5,3,2,0,Hoke,2022-05-01
0,16,3,13,0,Hoke,2022-07-08
0,8,4,4,0,Hoke,2022-04-14
0,12,4,8,0,Hoke,2022-05-30
0,20,4,16,0,Hoke,2022-06-27
0,30,5,25,0,Hoke,2022-02-14
0,21,6,15,0,Hoke,2022-06-02
0,22,7,15,0,Hoke,2022-02-10
0,26,7,19,0,Hoke,2022-05-23
0,33,7,26,0,Hoke,2022-05-25
0,23,8,15,0,Hoke,2022-07-12
0,2,0,2,0,Hyde,2022-02-08
0,1,0,1,0,Hyde,2022-02-09
0,3,0,3,0,Hyde,2022-02-10
0,5,0,5,0,Hyde,2022-02-11
0,3,0,3,0,Hyde,2022-02-12
0,2,0,2,0,Hyde,2022-02-14
0,2,0,2,0,Hyde,2022-02-15
0,3,0,3,0,Hyde,2022-02-17
0,1,0,1,0,Hyde,2022-02-18
0,3,0,3,0,Hyde,2022-02-22
0,1,0,1,0,Hyde,2022-02-26
0,1,0,1,0,Hyde,2022-03-01
0,1,0,1,0,Hyde,2022-03-03
0,1,0,1,0,Hyde,2022-03-04
0,1,0,1,0,Hyde,2022-03-07
0,1,0,1,0,Hyde,2022-03-10
0,1,0,1,0,Hyde,2022-03-13
0,1,0,1,0,Hyde,2022-03-22
0,1,0,1,0,Hyde,2022-04-11
0,1,0,1,0,Hyde,2022-04-12
0,1,0,1,0,Hyde,2022-04-13
0,1,0,1,0,Hyde,2022-04-20
0,2,0,2,0,Hyde,2022-04-22
0,4,0,4,0,Hyde,2022-04-29
0,8,0,8,0,Hyde,2022-05-02
0,6,0,6,0,Hyde,2022-05-03
0,2,0,2,0,Hyde,2022-05-06
0,2,0,2,0,Hyde,2022-05-12
0,3,0,3,0,Hyde,2022-05-13
0,2,0,2,0,Hyde,2022-05-15
0,1,0,1,0,Hyde,2022-05-17
0,5,0,5,0,Hyde,2022-05-18
0,1,0,1,0,Hyde,2022-05-22
0,1,0,1,0,Hyde,2022-05-24
0,1,0,1,0,Hyde,2022-05-25
0,3,0,3,0,Hyde,2022-05-30
0,7,0,7,0,Hyde,2022-05-31
0,3,0,3,0,Hyde,2022-06-02
0,4,0,4,0,Hyde,2022-06-06
0,2,0,2,0,Hyde,2022-06-09
0,3,0,3,0,Hyde,2022-06-10
0,1,0,1,0,Hyde,2022-06-14
0,6,0,6,0,Hyde,2022-06-20
0,2,0,2,0,Hyde,2022-06-21
0,1,0,1,0,Hyde,2022-06-23
0,1,0,1,0,Hyde,2022-06-24
0,2,0,2,0,Hyde,2022-06-27
0,2,0,2,0,Hyde,2022-06-28
0,1,0,1,0,Hyde,2022-06-29
0,1,0,1,0,Hyde,2022-07-01
0,1,0,1,0,Hyde,2022-07-04
0,1,0,1,0,Hyde,2022-07-07
0,1,0,1,0,Hyde,2022-07-08
0,1,0,1,0,Hyde,2022-07-10
0,4,0,4,0,Hyde,2022-07-12
0,1,0,1,0,Hyde,2022-07-15
0,3,0,3,0,Hyde,2022-07-20
0,2,0,2,0,Hyde,2022-07-21
0,1,0,1,0,Hyde,2022-07-23
0,2,0,2,0,Hyde,2022-07-25
0,1,0,1,0,Hyde,2022-07-26
0,4,0,4,0,Hyde,2022-08-01
0,1,0,1,0,Hyde,2022-08-05
0,1,0,1,0,Hyde,2022-08-06
0,4,1,3,0,Hyde,2022-02-21
0,1,1,0,0,Hyde,2022-02-23
0,1,1,0,0,Hyde,2022-04-18
0,3,1,2,0,Hyde,2022-05-04
0,2,1,1,0,Hyde,2022-06-25
0,1,1,0,0,Hyde,2022-07-29
0,3,0,3,0,Iredell,2022-03-10
0,3,0,3,0,Iredell,2022-03-13
0,2,0,2,0,Iredell,2022-04-03
0,8,1,7,0,Iredell,2022-03-06
0,5,1,4,0,Iredell,2022-03-18
0,2,1,1,0,Iredell,2022-03-25
0,11,1,10,0,Iredell,2022-04-15
0,11,2,9,0,Iredell,2022-03-07
0,6,2,4,0,Iredell,2022-03-16
0,6,2,4,0,Iredell,2022-03-23
0,8,3,5,0,Iredell,2022-03-22
0,6,4,2,0,Iredell,2022-03-04
0,7,4,3,0,Iredell,2022-04-06
0,10,4,6,0,Iredell,2022-04-09
0,24,5,19,0,Iredell,2022-04-20
0,10,7,3,0,Iredell,2022-03-19
0,13,7,6,0,Iredell,2022-04-17
0,13,8,5,0,Iredell,2022-03-21
0,18,8,10,0,Iredell,2022-04-12
0,36,8,28,0,Iredell,2022-04-29
0,12,10,2,0,Iredell,2022-02-26
0,36,17,19,0,Iredell,2022-05-28
0,6,0,6,0,Jackson,2022-02-26
0,1,0,1,0,Jackson,2022-03-07
0,2,0,2,0,Jackson,2022-03-08
0,3,0,3,0,Jackson,2022-03-10
0,1,0,1,0,Jackson,2022-03-12
0,1,0,1,0,Jackson,2022-03-21
0,2,0,2,0,Jackson,2022-04-03
0,1,0,1,0,Jackson,2022-04-04
0,2,0,2,0,Jackson,2022-04-05
0,1,0,1,0,Jackson,2022-04-06
0,1,0,1,0,Jackson,2022-04-10
0,3,0,3,0,Jackson,2022-04-13
0,2,0,2,0,Jackson,2022-04-16
0,2,0,2,0,Jackson,2022-04-19
0,1,0,1,0,Jackson,2022-04-30
0,2,0,2,0,Jackson,2022-05-01
0,4,0,4,0,Jackson,2022-05-08
0,6,0,6,0,Jackson,2022-05-12
0,4,0,4,0,Jackson,2022-05-22
0,9,0,9,0,Jackson,2022-05-24
0,5,0,5,0,Jackson,2022-07-03
0,3,1,2,0,Jackson,2022-03-15
0,2,1,1,0,Jackson,2022-03-18
0,2,1,1,0,Jackson,2022-03-23
0,1,1,0,0,Jackson,2022-03-28
0,2,1,1,0,Jackson,2022-03-29
0,2,1,1,0,Jackson,2022-04-08
0,4,1,3,0,Jackson,2022-04-09
0,1,1,0,0,Jackson,2022-04-11
0,4,1,3,0,Jackson,2022-04-21
0,3,1,2,0,Jackson,2022-04-24
0,8,1,7,0,Jackson,2022-04-25
0,3,1,2,0,Jackson,2022-05-05
0,4,1,3,0,Jackson,2022-05-15
0,4,1,3,0,Jackson,2022-05-25
0,6,1,5,0,Jackson,2022-05-29
0,5,1,4,0,Jackson,2022-06-05
0,2,1,1,0,Jackson,2022-06-11
0,3,1,2,0,Jackson,2022-06-17
0,7,1,6,0,Jackson,2022-06-25
0,8,1,7,0,Jackson,2022-07-01
0,7,1,6,0,Jackson,2022-07-24
0,2,2,0,0,Jackson,2022-03-14
0,2,2,0,0,Jackson,2022-03-22
0,4,2,2,0,Jackson,2022-04-22
0,5,2,3,0,Jackson,2022-05-07
0,13,2,11,0,Jackson,2022-06-02
0,4,2,2,0,Jackson,2022-06-18
0,7,2,5,0,Jackson,2022-06-24
0,8,2,6,0,Jackson,2022-07-04
0,10,3,7,0,Jackson,2022-02-24
0,12,3,9,0,Jackson,2022-03-01
0,5,3,2,0,Jackson,2022-04-07
0,10,3,7,0,Jackson,2022-05-10
0,13,3,10,0,Jackson,2022-05-13
0,17,3,14,0,Jackson,2022-05-19
0,11,3,8,0,Jackson,2022-06-26
0,7,3,4,0,Jackson,2022-06-28
0,14,3,11,0,Jackson,2022-07-27
0,9,4,5,0,Jackson,2022-05-31
0,10,4,6,0,Jackson,2022-06-21
0,12,4,8,0,Jackson,2022-07-05
0,11,4,7,0,Jackson,2022-08-02
0,12,5,7,0,Jackson,2022-02-28
0,10,5,5,0,Jackson,2022-05-03
0,15,5,10,0,Jackson,2022-07-14
0,14,7,7,0,Jackson,2022-07-11
0,6,0,6,0,Johnston,2022-03-12
0,5,0,5,0,Johnston,2022-04-02
0,1,0,1,0,Johnston,2022-04-03
0,19,0,19,0,Johnston,2022-04-22
0,5,1,4,0,Johnston,2022-03-05
0,14,1,13,0,Johnston,2022-03-14
0,3,1,2,0,Johnston,2022-03-20
0,6,1,5,0,Johnston,2022-03-30
0,5,1,4,0,Johnston,2022-04-01
0,9,2,7,0,Johnston,2022-03-08
0,6,2,4,0,Johnston,2022-03-16
0,10,2,8,0,Johnston,2022-03-19
0,6,2,4,0,Johnston,2022-03-26
0,11,3,8,0,Johnston,2022-04-12
0,12,3,9,0,Johnston,2022-04-13
0,4,0,4,0,Jones,2022-02-11
0,1,0,1,0,Jones,2022-02-20
0,3,0,3,0,Jones,2022-02-22
0,1,0,1,0,Jones,2022-02-23
0,1,0,1,0,Jones,2022-02-27
0,1,0,1,0,Jones,2022-02-28
0,1,0,1,0,Jones,2022-03-11
0,1,0,1,0,Jones,2022-03-17
0,1,0,1,0,Jones,2022-04-12
0,1,0,1,0,Jones,2022-04-14
0,2,0,2,0,Jones,2022-04-20
0,2,0,2,0,Jones,2022-04-25
0,1,0,1,0,Jones,2022-04-29
0,3,0,3,0,Jones,2022-05-13
0,2,0,2,0,Jones,2022-05-14
0,3,0,3,0,Jones,2022-05-17
0,1,0,1,0,Jones,2022-05-19
0,1,0,1,0,Jones,2022-05-28
0,7,0,7,0,Jones,2022-06-01
0,1,0,1,0,Jones,2022-06-16
0,2,0,2,0,Jones,2022-06-21
0,1,0,1,0,Jones,2022-06-26
0,1,0,1,0,Jones,2022-07-03
0,2,0,2,0,Jones,2022-07-10
0,1,0,1,0,Jones,2022-07-19
0,2,0,2,0,Jones,2022-07-23
0,3,0,3,0,Jones,2022-07-24
0,1,0,1,0,Jones,2022-07-31
0,1,0,1,0,Jones,2022-08-02
0,1,0,1,0,Jones,2022-08-04
0,1,1,0,0,Jones,2022-02-08
0,3,1,2,0,Jones,2022-02-09
0,7,1,6,0,Jones,2022-02-14
0,2,1,1,0,Jones,2022-02-15
0,1,1,0,0,Jones,2022-03-01
0,1,1,0,0,Jones,2022-03-08
0,1,1,0,0,Jones,2022-04-28
0,2,1,1,0,Jones,2022-05-02
0,1,1,0,0,Jones,2022-05-05
0,3,1,2,0,Jones,2022-05-10
0,4,1,3,0,Jones,2022-05-16
0,6,1,5,0,Jones,2022-05-18
0,2,1,1,0,Jones,2022-05-21
0,3,1,2,0,Jones,2022-05-22
0,1,1,0,0,Jones,2022-05-23
0,7,1,6,0,Jones,2022-05-25
0,1,1,0,0,Jones,2022-06-02
0,1,1,0,0,Jones,2022-06-03
0,3,1,2,0,Jones,2022-06-10
0,1,1,0,0,Jones,2022-06-19
0,3,1,2,0,Jones,2022-06-20
0,3,1,2,0,Jones,2022-06-28
0,2,1,1,0,Jones,2022-06-30
0,2,1,1,0,Jones,2022-07-02
0,5,1,4,0,Jones,2022-07-04
0,2,1,1,0,Jones,2022-07-09
0,4,1,3,0,Jones,2022-07-14
0,1,1,0,0,Jones,2022-07-17
0,4,1,3,0,Jones,2022-07-21
0,3,1,2,0,Jones,2022-07-29
0,5,2,3,0,Jones,2022-02-10
0,3,2,1,0,Jones,2022-02-18
0,2,2,0,0,Jones,2022-02-19
0,2,2,0,0,Jones,2022-05-09
0,3,2,1,0,Jones,2022-05-12
0,4,2,2,0,Jones,2022-05-20
0,4,2,2,0,Jones,2022-05-26
0,3,2,1,0,Jones,2022-06-18
0,3,2,1,0,Jones,2022-06-29
0,4,2,2,0,Jones,2022-07-07
0,3,2,1,0,Jones,2022-07-11
0,6,3,3,0,Jones,2022-06-06
0,6,3,3,0,Jones,2022-06-14
0,6,4,2,0,Jones,2022-07-12
0,5,4,1,0,Jones,2022-07-15
0,6,6,0,0,Jones,2022-07-05
0,8,0,8,0,Lee,2022-02-24
0,1,0,1,0,Lee,2022-03-05
0,3,0,3,0,Lee,2022-03-09
0,1,0,1,0,Lee,2022-03-17
0,2,0,2,0,Lee,2022-03-24
0,4,0,4,0,Lee,2022-03-25
0,1,0,1,0,Lee,2022-03-29
0,2,0,2,0,Lee,2022-04-03
0,1,0,1,0,Lee,2022-04-05
0,2,0,2,0,Lee,2022-04-08
0,1,0,1,0,Lee,2022-04-11
0,5,0,5,0,Lee,2022-04-14
0,2,0,2,0,Lee,2022-04-17
0,12,0,12,0,Lee,2022-04-20
0,8,0,8,0,Lee,2022-04-23
0,7,0,7,0,Lee,2022-04-28
0,7,0,7,0,Lee,2022-05-07
0,9,0,9,0,Lee,2022-05-10
0,5,0,5,0,Lee,2022-06-19
0,4,1,3,0,Lee,2022-02-28
0,10,1,9,0,Lee,2022-03-02
0,4,1,3,0,Lee,2022-03-03
0,1,1,0,0,Lee,2022-03-11
0,1,1,0,0,Lee,2022-03-13
0,4,1,3,0,Lee,2022-03-21
0,2,1,1,0,Lee,2022-03-28
0,4,1,3,0,Lee,2022-03-31
0,1,1,0,0,Lee,2022-04-02
0,3,1,2,0,Lee,2022-04-07
0,3,1,2,0,Lee,2022-04-12
0,5,1,4,0,Lee,2022-04-13
0,2,1,1,0,Lee,2022-04-24
0,7,1,6,0,Lee,2022-04-30
0,6,1,5,0,Lee,2022-05-05
0,13,1,12,0,Lee,2022-05-27
0,21,2,19,0,Lee,2022-02-10
0,9,2,7,0,Lee,2022-02-18
0,7,2,5,0,Lee,2022-02-19
0,5,2,3,0,Lee,2022-03-01
0,4,2,2,0,Lee,2022-04-15
0,4,2,2,0,Lee,2022-04-18
0,10,2,8,0,Lee,2022-04-22
0,8,2,6,0,Lee,2022-05-06
0,7,2,5,0,Lee,2022-06-04
0,9,3,6,0,Lee,2022-05-02
0,12,3,9,0,Lee,2022-05-14
0,11,3,8,0,Lee,2022-05-28
0,4,3,1,0,Lee,2022-05-29
0,5,4,1,0,Lee,2022-03-07
0,5,4,1,0,Lee,2022-04-25
0,19,4,15,0,Lee,2022-06-17
0,10,5,5,0,Lee,2022-05-21
0,11,0,11,0,Lenoir,2022-02-18
0,4,0,4,0,Lenoir,2022-02-19
0,4,0,4,0,Lenoir,2022-02-20
0,1,0,1,0,Lenoir,2022-02-26
0,3,0,3,0,Lenoir,2022-03-03
0,4,0,4,0,Lenoir,2022-03-11
0,1,0,1,0,Lenoir,2022-03-13
0,2,0,2,0,Lenoir,2022-03-14
0,1,0,1,0,Lenoir,2022-03-24
0,1,0,1,0,Lenoir,2022-03-30
0,1,0,1,0,Lenoir,2022-04-03
0,1,0,1,0,Lenoir,2022-04-08
0,1,0,1,0,Lenoir,2022-04-09
0,1,0,1,0,Lenoir,2022-04-10
0,3,0,3,0,Lenoir,2022-04-25
0,2,0,2,0,Lenoir,2022-05-07
0,2,0,2,0,Lenoir,2022-05-21
0,4,1,3,0,Lenoir,2022-02-27
0,7,1,6,0,Lenoir,2022-03-02
0,8,1,7,0,Lenoir,2022-03-07
0,2,1,1,0,Lenoir,2022-03-22
0,1,1,0,0,Lenoir,2022-04-04
0,2,1,1,0,Lenoir,2022-04-13
0,1,1,0,0,Lenoir,2022-04-15
0,2,1,1,0,Lenoir,2022-04-19
0,2,1,1,0,Lenoir,2022-04-21
0,3,1,2,0,Lenoir,2022-04-22
0,1,1,0,0,Lenoir,2022-04-23
0,4,1,3,0,Lenoir,2022-04-28
0,6,1,5,0,Lenoir,2022-05-02
0,2,1,1,0,Lenoir,2022-05-08
0,4,1,3,0,Lenoir,2022-05-14
0,4,1,3,0,Lenoir,2022-06-11
0,2,2,0,0,Lenoir,2022-03-09
0,2,2,0,0,Lenoir,2022-03-29
0,3,2,1,0,Lenoir,2022-04-29
0,8,2,6,0,Lenoir,2022-06-05
0,13,2,11,0,Lenoir,2022-07-23
0,3,3,0,0,Lenoir,2022-04-30
0,6,3,3,0,Lenoir,2022-05-28
0,16,5,11,0,Lenoir,2022-05-23
0,11,5,6,0,Lenoir,2022-05-26
0,14,5,9,0,Lenoir,2022-05-27
0,14,7,7,0,Lenoir,2022-06-25
0,4,0,4,0,Lincoln,2022-03-12
0,1,0,1,0,Lincoln,2022-03-13
0,9,0,9,0,Lincoln,2022-03-15
0,3,0,3,0,Lincoln,2022-03-17
0,1,0,1,0,Lincoln,2022-03-21
0,2,0,2,0,Lincoln,2022-03-24
0,1,0,1,0,Lincoln,2022-03-27
0,1,0,1,0,Lincoln,2022-03-28
0,2,0,2,0,Lincoln,2022-03-30
0,2,0,2,0,Lincoln,2022-03-31
0,4,0,4,0,Lincoln,2022-04-02
0,1,0,1,0,Lincoln,2022-04-03
0,2,0,2,0,Lincoln,2022-04-06
0,3,0,3,0,Lincoln,2022-04-13
0,1,0,1,0,Lincoln,2022-04-17
0,5,0,5,0,Lincoln,2022-04-23
0,4,1,3,0,Lincoln,2022-03-05
0,1,1,0,0,Lincoln,2022-03-06
0,2,1,1,0,Lincoln,2022-03-19
0,1,1,0,0,Lincoln,2022-03-20
0,4,1,3,0,Lincoln,2022-03-23
0,2,1,1,0,Lincoln,2022-04-07
0,4,1,3,0,Lincoln,2022-04-11
0,9,1,8,0,Lincoln,2022-04-14
0,3,1,2,0,Lincoln,2022-04-16
0,3,1,2,0,Lincoln,2022-04-21
0,7,1,6,0,Lincoln,2022-05-28
0,3,2,1,0,Lincoln,2022-02-26
0,4,2,2,0,Lincoln,2022-02-27
0,3,2,1,0,Lincoln,2022-03-03
0,5,2,3,0,Lincoln,2022-03-04
0,7,2,5,0,Lincoln,2022-03-14
0,3,2,1,0,Lincoln,2022-04-10
0,6,2,4,0,Lincoln,2022-04-20
0,6,2,4,0,Lincoln,2022-04-24
0,20,2,18,0,Lincoln,2022-04-26
0,5,2,3,0,Lincoln,2022-05-29
0,9,3,6,0,Lincoln,2022-05-07
0,13,4,9,0,Lincoln,2022-04-29
0,30,13,17,0,Lincoln,2022-06-01
0,6,0,6,0,Macon,2022-02-12
0,3,0,3,0,Macon,2022-02-13
0,3,0,3,0,Macon,2022-02-19
0,2,0,2,0,Macon,2022-02-28
0,2,0,2,0,Macon,2022-03-01
0,2,0,2,0,Macon,2022-03-04
0,1,0,1,0,Macon,2022-03-09
0,1,0,1,0,Macon,2022-03-10
0,2,0,2,0,Macon,2022-03-11
0,2,0,2,0,Macon,2022-03-14
0,2,0,2,0,Macon,2022-03-15
0,1,0,1,0,Macon,2022-03-16
0,2,0,2,0,Macon,2022-03-17
0,2,0,2,0,Macon,2022-03-18
0,1,0,1,0,Macon,2022-04-02
0,4,0,4,0,Macon,2022-04-03
0,1,0,1,0,Macon,2022-04-05
0,3,0,3,0,Macon,2022-04-08
0,1,0,1,0,Macon,2022-04-10
0,1,0,1,0,Macon,2022-04-12
0,1,0,1,0,Macon,2022-04-19
0,1,0,1,0,Macon,2022-04-21
0,1,0,1,0,Macon,2022-04-22
0,1,0,1,0,Macon,2022-04-23
0,1,0,1,0,Macon,2022-04-24
0,4,0,4,0,Macon,2022-04-25
0,1,0,1,0,Macon,2022-04-29
0,3,0,3,0,Macon,2022-04-30
0,2,0,2,0,Macon,2022-05-01
0,2,0,2,0,Macon,2022-05-02
0,1,0,1,0,Macon,2022-05-04
0,2,0,2,0,Macon,2022-05-07
0,4,0,4,0,Macon,2022-05-08
0,4,0,4,0,Macon,2022-05-09
0,2,0,2,0,Macon,2022-05-13
0,2,0,2,0,Macon,2022-05-15
0,2,0,2,0,Macon,2022-05-28
0,3,0,3,0,Macon,2022-05-29
0,2,0,2,0,Macon,2022-05-30
0,2,0,2,0,Macon,2022-06-05
0,3,0,3,0,Macon,2022-06-12
0,1,0,1,0,Macon,2022-06-19
0,2,0,2,0,Macon,2022-06-26
0,5,0,5,0,Macon,2022-07-02
0,6,0,6,0,Macon,2022-07-09
0,10,0,10,0,Macon,2022-07-13
0,4,0,4,0,Macon,2022-07-16
0,7,0,7,0,Macon,2022-07-23
0,6,0,6,0,Macon,2022-07-31
0,3,0,3,0,Macon,2022-08-06
0,6,1,5,0,Macon,2022-02-18
0,2,1,1,0,Macon,2022-02-20
0,2,1,1,0,Macon,2022-02-23
0,2,1,1,0,Macon,2022-02-26
0,3,1,2,0,Macon,2022-03-03
0,3,1,2,0,Macon,2022-03-08
0,3,1,2,0,Macon,2022-03-29
0,1,1,0,0,Macon,2022-04-01
0,1,1,0,0,Macon,2022-04-04
0,2,1,1,0,Macon,2022-04-07
0,2,1,1,0,Macon,2022-04-27
0,2,1,1,0,Macon,2022-05-11
0,7,1,6,0,Macon,2022-05-12
0,7,1,6,0,Macon,2022-05-20
0,7,1,6,0,Macon,2022-05-24
0,11,1,10,0,Macon,2022-05-25
0,4,1,3,0,Macon,2022-06-04
0,7,1,6,0,Macon,2022-06-09
0,3,1,2,0,Macon,2022-06-24
0,5,1,4,0,Macon,2022-07-24
0,6,1,5,0,Macon,2022-07-30
0,12,2,10,0,Macon,2022-02-16
0,2,2,0,0,Macon,2022-04-20
0,4,2,2,0,Macon,2022-04-28
0,7,2,5,0,Macon,2022-05-21
0,4,2,2,0,Macon,2022-06-07
0,9,2,7,0,Macon,2022-06-10
0,6,2,4,0,Macon,2022-06-11
0,5,2,3,0,Macon,2022-06-23
0,8,3,5,0,Macon,2022-06-13
0,8,4,4,0,Macon,2022-05-17
0,15,4,11,0,Macon,2022-05-18
0,22,4,18,0,Macon,2022-07-27
0,9,6,3,0,Macon,2022-05-27
0,14,6,8,0,Macon,2022-06-08
0,5,0,5,0,Madison,2022-02-23
0,3,0,3,0,Madison,2022-02-27
0,3,0,3,0,Madison,2022-03-07
0,2,0,2,0,Madison,2022-03-10
0,1,0,1,0,Madison,2022-03-11
0,2,0,2,0,Madison,2022-03-15
0,1,0,1,0,Madison,2022-03-17
0,1,0,1,0,Madison,2022-03-18
0,1,0,1,0,Madison,2022-03-21
0,1,0,1,0,Madison,2022-03-22
0,1,0,1,0,Madison,2022-03-24
0,3,0,3,0,Madison,2022-03-28
0,2,0,2,0,Madison,2022-03-29
0,3,0,3,0,Madison,2022-03-31
0,1,0,1,0,Madison,2022-04-08
0,3,0,3,0,Madison,2022-04-13
0,1,0,1,0,Madison,2022-04-17
0,3,0,3,0,Madison,2022-04-21
0,1,0,1,0,Madison,2022-04-30
0,1,0,1,0,Madison,2022-05-03
0,1,0,1,0,Madison,2022-05-29
0,1,0,1,0,Madison,2022-07-02
0,3,0,3,0,Madison,2022-07-04
0,2,0,2,0,Madison,2022-07-16
0,1,0,1,0,Madison,2022-07-17
0,2,0,2,0,Madison,2022-07-31
0,2,0,2,0,Madison,2022-08-03
0,2,1,1,0,Madison,2022-02-19
0,3,1,2,0,Madison,2022-03-03
0,4,1,3,0,Madison,2022-03-04
0,1,1,0,0,Madison,2022-03-06
0,1,1,0,0,Madison,2022-03-13
0,2,1,1,0,Madison,2022-03-16
0,3,1,2,0,Madison,2022-04-05
0,3,1,2,0,Madison,2022-04-06
0,1,1,0,0,Madison,2022-04-16
0,2,1,1,0,Madison,2022-04-19
0,6,1,5,0,Madison,2022-04-20
0,4,1,3,0,Madison,2022-04-22
0,2,1,1,0,Madison,2022-04-24
0,2,1,1,0,Madison,2022-04-29
0,1,1,0,0,Madison,2022-05-07
0,11,1,10,0,Madison,2022-06-03
0,6,1,5,0,Madison,2022-06-09
0,1,1,0,0,Madison,2022-06-11
0,2,1,1,0,Madison,2022-06-12
0,8,1,7,0,Madison,2022-06-16
0,4,1,3,0,Madison,2022-06-18
0,3,1,2,0,Madison,2022-06-19
0,1,1,0,0,Madison,2022-07-01
0,3,1,2,0,Madison,2022-07-07
0,3,1,2,0,Madison,2022-07-08
0,4,1,3,0,Madison,2022-07-12
0,4,1,3,0,Madison,2022-07-21
0,3,1,2,0,Madison,2022-07-26
0,2,1,1,0,Madison,2022-07-30
0,3,1,2,0,Madison,2022-08-02
0,9,2,7,0,Madison,2022-02-12
0,11,2,9,0,Madison,2022-02-18
0,5,2,3,0,Madison,2022-03-02
0,4,2,2,0,Madison,2022-03-08
0,2,2,0,0,Madison,2022-04-07
0,3,2,1,0,Madison,2022-04-12
0,2,2,0,0,Madison,2022-04-23
0,3,2,1,0,Madison,2022-04-25
0,3,2,1,0,Madison,2022-05-02
0,3,2,1,0,Madison,2022-05-08
0,8,2,6,0,Madison,2022-05-09
0,6,2,4,0,Madison,2022-05-24
0,6,2,4,0,Madison,2022-06-02
0,5,2,3,0,Madison,2022-06-13
0,5,2,3,0,Madison,2022-06-15
0,3,2,1,0,Madison,2022-06-23
0,3,2,1,0,Madison,2022-07-03
0,3,2,1,0,Madison,2022-08-04
0,4,2,2,0,Madison,2022-08-06
0,4,3,1,0,Madison,2022-05-04
0,4,3,1,0,Madison,2022-05-05
0,3,3,0,0,Madison,2022-06-05
0,5,3,2,0,Madison,2022-06-10
0,6,3,3,0,Madison,2022-06-17
0,6,3,3,0,Madison,2022-07-29
0,4,4,0,0,Madison,2022-02-20
0,8,4,4,0,Madison,2022-02-25
0,6,4,2,0,Madison,2022-05-06
0,6,4,2,0,Madison,2022-05-21
0,9,4,5,0,Madison,2022-06-29
0,7,6,1,0,Madison,2022-05-10
0,9,6,3,0,Madison,2022-05-12
0,11,6,5,0,Madison,2022-05-13
0,13,6,7,0,Madison,2022-05-31
0,12,7,5,0,Madison,2022-06-27
0,1,0,1,0,Martin,2022-02-20
0,2,0,2,0,Martin,2022-02-23
0,2,0,2,0,Martin,2022-02-24
0,1,0,1,0,Martin,2022-03-05
0,1,0,1,0,Martin,2022-03-09
0,1,0,1,0,Martin,2022-03-10
0,1,0,1,0,Martin,2022-03-11
0,1,0,1,0,Martin,2022-03-16
0,1,0,1,0,Martin,2022-03-23
0,1,0,1,0,Martin,2022-04-01
0,1,0,1,0,Martin,2022-04-07
0,1,0,1,0,Martin,2022-04-13
0,2,0,2,0,Martin,2022-04-22
0,2,0,2,0,Martin,2022-04-28
0,3,0,3,0,Martin,2022-05-03
0,1,0,1,0,Martin,2022-05-08
0,5,0,5,0,Martin,2022-05-13
0,1,0,1,0,Martin,2022-05-15
0,4,0,4,0,Martin,2022-05-29
0,1,0,1,0,Martin,2022-06-05
0,2,0,2,0,Martin,2022-06-10
0,2,0,2,0,Martin,2022-06-12
0,3,0,3,0,Martin,2022-06-17
0,2,0,2,0,Martin,2022-06-19
0,3,0,3,0,Martin,2022-07-10
0,3,0,3,0,Martin,2022-07-31
0,3,1,2,0,Martin,2022-02-19
0,1,1,0,0,Martin,2022-03-15
0,2,1,1,0,Martin,2022-04-06
0,1,1,0,0,Martin,2022-04-12
0,2,1,1,0,Martin,2022-05-10
0,1,1,0,0,Martin,2022-05-11
0,4,1,3,0,Martin,2022-05-12
0,4,1,3,0,Martin,2022-05-14
0,5,1,4,0,Martin,2022-05-17
0,4,1,3,0,Martin,2022-06-04
0,3,1,2,0,Martin,2022-07-17
0,3,2,1,0,Martin,2022-04-20
0,3,2,1,0,Martin,2022-05-05
0,9,2,7,0,Martin,2022-05-18
0,3,2,1,0,Martin,2022-05-21
0,4,2,2,0,Martin,2022-05-25
0,9,2,7,0,Martin,2022-06-22
0,8,2,6,0,Martin,2022-07-06
0,3,2,1,0,Martin,2022-07-16
0,15,2,13,0,Martin,2022-07-21
0,4,3,1,0,Martin,2022-04-25
0,15,4,11,0,Martin,2022-05-31
0,12,4,8,0,Martin,2022-06-21
0,4,0,4,0,McDowell,2022-03-04
0,5,0,5,0,McDowell,2022-03-07
0,2,0,2,0,McDowell,2022-03-11
0,2,0,2,0,McDowell,2022-03-14
0,1,0,1,0,McDowell,2022-03-18
0,2,0,2,0,McDowell,2022-03-25
0,2,0,2,0,McDowell,2022-03-28
0,3,0,3,0,McDowell,2022-03-29
0,1,0,1,0,McDowell,2022-03-30
0,2,0,2,0,McDowell,2022-04-02
0,1,0,1,0,McDowell,2022-04-05
0,4,0,4,0,McDowell,2022-04-07
0,2,0,2,0,McDowell,2022-04-09
0,3,0,3,0,McDowell,2022-04-11
0,2,0,2,0,McDowell,2022-04-12
0,2,0,2,0,McDowell,2022-04-13
0,1,0,1,0,McDowell,2022-04-16
0,6,0,6,0,McDowell,2022-04-26
0,1,0,1,0,McDowell,2022-04-30
0,7,0,7,0,McDowell,2022-05-03
0,3,0,3,0,McDowell,2022-05-07
0,3,0,3,0,McDowell,2022-05-10
0,9,0,9,0,McDowell,2022-05-13
0,7,0,7,0,McDowell,2022-05-14
0,7,1,6,0,McDowell,2022-02-27
0,12,1,11,0,McDowell,2022-03-01
0,5,1,4,0,McDowell,2022-03-16
0,1,1,0,0,McDowell,2022-03-17
0,1,1,0,0,McDowell,2022-03-20
0,2,1,1,0,McDowell,2022-03-21
0,1,1,0,0,McDowell,2022-03-24
0,2,1,1,0,McDowell,2022-04-08
0,1,1,0,0,McDowell,2022-04-17
0,3,1,2,0,McDowell,2022-04-23
0,1,1,0,0,McDowell,2022-04-24
0,5,1,4,0,McDowell,2022-05-08
0,8,1,7,0,McDowell,2022-05-22
0,9,1,8,0,McDowell,2022-05-28
0,14,1,13,0,McDowell,2022-07-23
0,13,2,11,0,McDowell,2022-02-24
0,3,2,1,0,McDowell,2022-02-26
0,2,2,0,0,McDowell,2022-03-13
0,3,2,1,0,McDowell,2022-04-04
0,5,2,3,0,McDowell,2022-04-19
0,5,2,3,0,McDowell,2022-04-22
0,9,2,7,0,McDowell,2022-05-02
0,9,2,7,0,McDowell,2022-05-04
0,3,2,1,0,McDowell,2022-05-12
0,4,3,1,0,McDowell,2022-03-10
0,19,3,16,0,McDowell,2022-06-15
0,2,0,2,0,Mitchell,2022-02-12
0,1,0,1,0,Mitchell,2022-02-20
0,4,0,4,0,Mitchell,2022-02-25
0,1,0,1,0,Mitchell,2022-03-07
0,1,0,1,0,Mitchell,2022-03-09
0,1,0,1,0,Mitchell,2022-03-17
0,1,0,1,0,Mitchell,2022-03-19
0,1,0,1,0,Mitchell,2022-03-29
0,1,0,1,0,Mitchell,2022-04-15
0,2,0,2,0,Mitchell,2022-04-21
0,1,0,1,0,Mitchell,2022-05-10
0,1,0,1,0,Mitchell,2022-05-13
0,2,0,2,0,Mitchell,2022-05-21
0,3,0,3,0,Mitchell,2022-05-22
0,5,0,5,0,Mitchell,2022-05-29
0,1,0,1,0,Mitchell,2022-06-05
0,1,0,1,0,Mitchell,2022-07-02
0,1,0,1,0,Mitchell,2022-07-03
0,4,0,4,0,Mitchell,2022-07-06
0,2,0,2,0,Mitchell,2022-07-13
0,3,0,3,0,Mitchell,2022-07-14
0,1,0,1,0,Mitchell,2022-07-23
0,3,0,3,0,Mitchell,2022-08-06
0,4,1,3,0,Mitchell,2022-02-22
0,3,1,2,0,Mitchell,2022-02-24
0,3,1,2,0,Mitchell,2022-02-26
0,1,1,0,0,Mitchell,2022-03-03
0,1,1,0,0,Mitchell,2022-03-11
0,1,1,0,0,Mitchell,2022-03-13
0,1,1,0,0,Mitchell,2022-03-15
0,1,1,0,0,Mitchell,2022-03-20
0,2,1,1,0,Mitchell,2022-03-24
0,2,1,1,0,Mitchell,2022-03-31
0,1,1,0,0,Mitchell,2022-04-08
0,1,1,0,0,Mitchell,2022-04-12
0,1,1,0,0,Mitchell,2022-04-13
0,1,1,0,0,Mitchell,2022-04-27
0,1,1,0,0,Mitchell,2022-05-06
0,5,1,4,0,Mitchell,2022-05-20
0,5,1,4,0,Mitchell,2022-05-27
0,5,1,4,0,Mitchell,2022-06-23
0,6,1,5,0,Mitchell,2022-06-26
0,3,1,2,0,Mitchell,2022-06-29
0,2,1,1,0,Mitchell,2022-07-16
0,4,1,3,0,Mitchell,2022-07-21
0,2,1,1,0,Mitchell,2022-07-31
0,5,1,4,0,Mitchell,2022-08-04
0,4,1,3,0,Mitchell,2022-08-05
0,8,2,6,0,Mitchell,2022-02-10
0,7,2,5,0,Mitchell,2022-02-11
0,3,2,1,0,Mitchell,2022-03-02
0,3,2,1,0,Mitchell,2022-05-19
0,4,2,2,0,Mitchell,2022-05-25
0,3,2,1,0,Mitchell,2022-06-11
0,8,2,6,0,Mitchell,2022-06-15
0,4,2,2,0,Mitchell,2022-06-16
0,6,2,4,0,Mitchell,2022-06-18
0,3,2,1,0,Mitchell,2022-06-25
0,4,2,2,0,Mitchell,2022-06-30
0,3,2,1,0,Mitchell,2022-07-07
0,5,2,3,0,Mitchell,2022-07-25
0,3,3,0,0,Mitchell,2022-05-18
0,9,3,6,0,Mitchell,2022-05-31
0,7,3,4,0,Mitchell,2022-06-09
0,5,3,2,0,Mitchell,2022-07-09
0,7,3,4,0,Mitchell,2022-07-11
0,8,3,5,0,Mitchell,2022-07-29
0,9,4,5,0,Mitchell,2022-02-14
0,8,5,3,0,Mitchell,2022-07-05
0,12,7,5,0,Mitchell,2022-07-26
0,2,0,2,0,Montgomery,2022-02-20
0,2,0,2,0,Montgomery,2022-03-01
0,1,0,1,0,Montgomery,2022-03-02
0,2,0,2,0,Montgomery,2022-03-04
0,1,0,1,0,Montgomery,2022-03-08
0,2,0,2,0,Montgomery,2022-03-09
0,2,0,2,0,Montgomery,2022-03-11
0,1,0,1,0,Montgomery,2022-03-22
0,1,0,1,0,Montgomery,2022-03-23
0,1,0,1,0,Montgomery,2022-03-26
0,1,0,1,0,Montgomery,2022-03-27
0,1,0,1,0,Montgomery,2022-04-12
0,1,0,1,0,Montgomery,2022-05-06
0,1,0,1,0,Montgomery,2022-05-08
0,1,0,1,0,Montgomery,2022-05-11
0,4,0,4,0,Montgomery,2022-05-13
0,6,0,6,0,Montgomery,2022-05-15
0,2,0,2,0,Montgomery,2022-05-18
0,3,0,3,0,Montgomery,2022-05-21
0,1,0,1,0,Montgomery,2022-05-29
0,2,0,2,0,Montgomery,2022-06-02
0,2,0,2,0,Montgomery,2022-06-03
0,3,0,3,0,Montgomery,2022-06-28
0,6,0,6,0,Montgomery,2022-06-29
0,1,0,1,0,Montgomery,2022-07-01
0,7,1,6,0,Montgomery,2022-02-17
0,11,1,10,0,Montgomery,2022-02-18
0,5,1,4,0,Montgomery,2022-02-21
0,5,1,4,0,Montgomery,2022-02-23
0,1,1,0,0,Montgomery,2022-03-25
0,2,1,1,0,Montgomery,2022-03-29
0,4,1,3,0,Montgomery,2022-04-27
0,1,1,0,0,Montgomery,2022-04-30
0,5,1,4,0,Montgomery,2022-05-03
0,4,1,3,0,Montgomery,2022-05-05
0,4,1,3,0,Montgomery,2022-05-12
0,2,1,1,0,Montgomery,2022-05-17
0,7,1,6,0,Montgomery,2022-06-01
0,3,1,2,0,Montgomery,2022-07-02
0,3,1,2,0,Montgomery,2022-07-10
0,6,1,5,0,Montgomery,2022-07-30
0,2,1,1,0,Montgomery,2022-07-31
0,5,2,3,0,Montgomery,2022-05-20
0,10,2,8,0,Montgomery,2022-05-23
0,5,2,3,0,Montgomery,2022-05-31
0,4,2,2,0,Montgomery,2022-06-09
0,8,2,6,0,Montgomery,2022-07-08
0,4,3,1,0,Montgomery,2022-05-19
0,8,3,5,0,Montgomery,2022-06-08
0,4,4,0,0,Montgomery,2022-04-25
0,15,4,11,0,Montgomery,2022-07-18
0,8,0,8,0,Moore,2022-03-14
0,5,0,5,0,Moore,2022-03-16
0,3,0,3,0,Moore,2022-03-17
0,3,0,3,0,Moore,2022-03-18
0,1,0,1,0,Moore,2022-03-19
0,2,0,2,0,Moore,2022-03-21
0,1,0,1,0,Moore,2022-03-23
0,1,0,1,0,Moore,2022-03-24
0,1,0,1,0,Moore,2022-03-25
0,1,0,1,0,Moore,2022-04-01
0,1,0,1,0,Moore,2022-04-03
0,1,0,1,0,Moore,2022-04-05
0,2,0,2,0,Moore,2022-04-09
0,1,0,1,0,Moore,2022-04-10
0,10,0,10,0,Moore,2022-06-11
0,8,1,7,0,Moore,2022-03-07
0,4,1,3,0,Moore,2022-03-08
0,3,1,2,0,Moore,2022-03-13
0,3,1,2,0,Moore,2022-03-22
0,3,1,2,0,Moore,2022-03-28
0,3,1,2,0,Moore,2022-03-31
0,1,1,0,0,Moore,2022-04-02
0,3,1,2,0,Moore,2022-04-04
0,2,1,1,0,Moore,2022-04-08
0,9,2,7,0,Moore,2022-02-25
0,2,2,0,0,Moore,2022-03-26
0,4,2,2,0,Moore,2022-03-30
0,4,2,2,0,Moore,2022-04-17
0,10,2,8,0,Moore,2022-04-18
0,10,2,8,0,Moore,2022-04-21
0,7,3,4,0,Moore,2022-02-26
0,12,3,9,0,Moore,2022-04-16
0,10,3,7,0,Moore,2022-04-26
0,8,4,4,0,Moore,2022-02-27
0,10,5,5,0,Moore,2022-04-14
0,14,6,8,0,Moore,2022-04-19
0,13,7,6,0,Moore,2022-04-23
0,23,9,14,0,Moore,2022-06-03
0,34,9,25,0,Moore,2022-07-07
0,23,10,13,0,Moore,2022-05-06
0,29,10,19,0,Moore,2022-05-29
0,4,0,4,0,Nash,2022-03-04
0,7,0,7,0,Nash,2022-03-05
0,5,0,5,0,Nash,2022-03-07
0,6,0,6,0,Nash,2022-03-08
0,4,0,4,0,Nash,2022-03-09
0,5,0,5,0,Nash,2022-03-10
0,1,0,1,0,Nash,2022-03-12
0,3,0,3,0,Nash,2022-03-13
0,3,0,3,0,Nash,2022-03-15
0,3,0,3,0,Nash,2022-03-16
0,2,0,2,0,Nash,2022-03-18
0,1,0,1,0,Nash,2022-03-20
0,6,0,6,0,Nash,2022-03-23
0,2,0,2,0,Nash,2022-03-25
0,1,0,1,0,Nash,2022-03-29
0,1,0,1,0,Nash,2022-03-30
0,1,0,1,0,Nash,2022-04-01
0,2,0,2,0,Nash,2022-04-04
0,2,0,2,0,Nash,2022-04-05
0,3,0,3,0,Nash,2022-04-07
0,1,0,1,0,Nash,2022-04-08
0,2,0,2,0,Nash,2022-04-09
0,4,0,4,0,Nash,2022-04-15
0,2,0,2,0,Nash,2022-04-17
0,3,1,2,0,Nash,2022-03-11
0,3,1,2,0,Nash,2022-03-28
0,9,1,8,0,Nash,2022-04-11
0,6,1,5,0,Nash,2022-04-22
0,7,1,6,0,Nash,2022-05-07
0,8,3,5,0,Nash,2022-04-26
0,7,3,4,0,Nash,2022-05-06
0,10,3,7,0,Nash,2022-06-19
0,6,4,2,0,Nash,2022-03-02
0,9,6,3,0,Nash,2022-04-19
0,8,0,8,0,New Hanover,2022-03-14
0,6,0,6,0,New Hanover,2022-03-16
0,3,1,2,0,New Hanover,2022-03-19
0,6,1,5,0,New Hanover,2022-03-22
0,5,1,4,0,New Hanover,2022-03-28
0,5,1,4,0,New Hanover,2022-04-03
0,8,1,7,0,New Hanover,2022-04-09
0,20,1,19,0,New Hanover,2022-04-12
0,5,1,4,0,New Hanover,2022-04-17
0,19,1,18,0,New Hanover,2022-05-08
0,8,2,6,0,New Hanover,2022-03-20
0,26,2,24,0,New Hanover,2022-04-22
0,12,3,9,0,New Hanover,2022-03-01
0,6,3,3,0,New Hanover,2022-03-13
0,8,3,5,0,New Hanover,2022-03-24
0,14,3,11,0,New Hanover,2022-04-05
0,14,4,10,0,New Hanover,2022-03-07
0,11,4,7,0,New Hanover,2022-04-08
0,18,4,14,0,New Hanover,2022-04-15
0,16,4,12,0,New Hanover,2022-04-24
0,9,5,4,0,New Hanover,2022-04-01
0,36,8,28,0,New Hanover,2022-02-18
0,1,0,1,0,Northampton,2022-02-08
0,6,0,6,0,Northampton,2022-02-10
0,2,0,2,0,Northampton,2022-02-16
0,4,0,4,0,Northampton,2022-02-17
0,1,0,1,0,Northampton,2022-02-18
0,1,0,1,0,Northampton,2022-02-23
0,1,0,1,0,Northampton,2022-02-24
0,1,0,1,0,Northampton,2022-02-26
0,1,0,1,0,Northampton,2022-03-02
0,1,0,1,0,Northampton,2022-03-06
0,1,0,1,0,Northampton,2022-03-07
0,1,0,1,0,Northampton,2022-03-12
0,4,0,4,0,Northampton,2022-03-21
0,1,0,1,0,Northampton,2022-03-22
0,1,0,1,0,Northampton,2022-04-08
0,1,0,1,0,Northampton,2022-04-13
0,1,0,1,0,Northampton,2022-04-16
0,1,0,1,0,Northampton,2022-04-19
0,2,0,2,0,Northampton,2022-04-20
0,1,0,1,0,Northampton,2022-04-21
0,2,0,2,0,Northampton,2022-04-29
0,3,0,3,0,Northampton,2022-05-02
0,3,0,3,0,Northampton,2022-05-03
0,4,0,4,0,Northampton,2022-05-09
0,1,0,1,0,Northampton,2022-05-13
0,1,0,1,0,Northampton,2022-05-14
0,4,0,4,0,Northampton,2022-06-04
0,3,0,3,0,Northampton,2022-06-05
0,7,0,7,0,Northampton,2022-06-21
0,4,0,4,0,Northampton,2022-06-25
0,1,0,1,0,Northampton,2022-07-04
0,3,0,3,0,Northampton,2022-07-10
0,1,0,1,0,Northampton,2022-07-31
0,2,1,1,0,Northampton,2022-03-03
0,1,1,0,0,Northampton,2022-03-04
0,1,1,0,0,Northampton,2022-04-22
0,2,1,1,0,Northampton,2022-05-05
0,1,1,0,0,Northampton,2022-05-08
0,2,1,1,0,Northampton,2022-05-21
0,3,1,2,0,Northampton,2022-05-22
0,4,1,3,0,Northampton,2022-05-23
0,2,1,1,0,Northampton,2022-05-28
0,3,1,2,0,Northampton,2022-05-29
0,2,1,1,0,Northampton,2022-05-30
0,6,1,5,0,Northampton,2022-07-08
0,3,1,2,0,Northampton,2022-07-17
0,4,1,3,0,Northampton,2022-07-30
0,5,2,3,0,Northampton,2022-02-21
0,14,3,11,0,Northampton,2022-06-06
0,11,3,8,0,Northampton,2022-06-13
0,14,3,11,0,Northampton,2022-07-21
0,13,4,9,0,Northampton,2022-06-01
0,10,5,5,0,Northampton,2022-06-07
0,19,6,13,0,Northampton,2022-07-11
0,3,0,3,0,Onslow,2022-03-12
0,5,0,5,0,Onslow,2022-03-15
0,4,0,4,0,Onslow,2022-03-17
0,7,0,7,0,Onslow,2022-03-21
0,3,0,3,0,Onslow,2022-03-24
0,3,0,3,0,Onslow,2022-03-28
0,1,0,1,0,Onslow,2022-04-02
0,8,0,8,0,Onslow,2022-04-05
0,6,0,6,0,Onslow,2022-04-06
0,9,0,9,0,Onslow,2022-04-12
0,2,0,2,0,Onslow,2022-04-15
0,2,0,2,0,Onslow,2022-04-17
0,5,1,4,0,Onslow,2022-03-09
0,4,1,3,0,Onslow,2022-03-20
0,4,1,3,0,Onslow,2022-03-25
0,4,1,3,0,Onslow,2022-03-29
0,2,1,1,0,Onslow,2022-04-01
0,2,1,1,0,Onslow,2022-04-04
0,8,1,7,0,Onslow,2022-04-10
0,6,2,4,0,Onslow,2022-03-30
0,11,2,9,0,Onslow,2022-04-21
0,21,3,18,0,Onslow,2022-04-25
0,21,3,18,0,Onslow,2022-04-27
0,5,4,1,0,Onslow,2022-03-27
0,22,4,18,0,Onslow,2022-05-29
0,7,0,7,0,Orange,2022-03-05
0,15,0,15,0,Orange,2022-03-10
0,7,0,7,0,Orange,2022-03-13
0,6,0,6,0,Orange,2022-03-14
0,12,0,12,0,Orange,2022-03-16
0,5,0,5,0,Orange,2022-03-26
0,17,1,16,0,Orange,2022-03-01
0,9,1,8,0,Orange,2022-03-11
0,9,1,8,0,Orange,2022-03-18
0,13,1,12,0,Orange,2022-03-24
0,20,1,19,0,Orange,2022-03-30
0,7,1,6,0,Orange,2022-04-02
0,9,1,8,0,Orange,2022-04-17
0,49,1,48,0,Orange,2022-07-13
0,22,2,20,0,Orange,2022-02-19
0,12,2,10,0,Orange,2022-03-02
0,10,2,8,0,Orange,2022-03-15
0,9,2,7,0,Orange,2022-04-03
0,40,2,38,0,Orange,2022-05-30
0,59,3,56,0,Orange,2022-02-11
0,16,3,13,0,Orange,2022-02-20
0,13,3,10,0,Orange,2022-03-04
0,20,3,17,0,Orange,2022-03-09
0,9,3,6,0,Orange,2022-03-12
0,12,5,7,0,Orange,2022-04-01
0,41,5,36,0,Orange,2022-05-15
0,19,6,13,0,Orange,2022-03-25
0,42,7,35,0,Orange,2022-07-29
0,4,0,4,0,Pamlico,2022-02-09
0,4,0,4,0,Pamlico,2022-02-10
0,2,0,2,0,Pamlico,2022-02-13
0,6,0,6,0,Pamlico,2022-02-15
0,1,0,1,0,Pamlico,2022-02-19
0,4,0,4,0,Pamlico,2022-02-21
0,2,0,2,0,Pamlico,2022-02-22
0,3,0,3,0,Pamlico,2022-02-23
0,2,0,2,0,Pamlico,2022-02-24
0,1,0,1,0,Pamlico,2022-02-26
0,2,0,2,0,Pamlico,2022-03-01
0,1,0,1,0,Pamlico,2022-03-02
0,1,0,1,0,Pamlico,2022-03-03
0,1,0,1,0,Pamlico,2022-03-04
0,1,0,1,0,Pamlico,2022-03-07
0,2,0,2,0,Pamlico,2022-03-09
0,2,0,2,0,Pamlico,2022-03-16
0,2,0,2,0,Pamlico,2022-04-13
0,3,0,3,0,Pamlico,2022-04-14
0,1,0,1,0,Pamlico,2022-04-20
0,1,0,1,0,Pamlico,2022-04-30
0,2,0,2,0,Pamlico,2022-05-01
0,1,0,1,0,Pamlico,2022-05-15
0,2,0,2,0,Pamlico,2022-05-17
0,2,0,2,0,Pamlico,2022-05-21
0,1,0,1,0,Pamlico,2022-05-29
0,1,0,1,0,Pamlico,2022-06-05
0,1,0,1,0,Pamlico,2022-06-11
0,7,0,7,0,Pamlico,2022-06-12
0,1,0,1,0,Pamlico,2022-06-18
0,2,0,2,0,Pamlico,2022-06-19
0,1,0,1,0,Pamlico,2022-06-25
0,1,0,1,0,Pamlico,2022-07-03
0,3,0,3,0,Pamlico,2022-07-09
0,3,0,3,0,Pamlico,2022-07-16
0,1,0,1,0,Pamlico,2022-07-24
0,1,0,1,0,Pamlico,2022-07-30
0,5,1,4,0,Pamlico,2022-02-11
0,7,1,6,0,Pamlico,2022-02-16
0,3,1,2,0,Pamlico,2022-02-18
0,1,1,0,0,Pamlico,2022-03-17
0,1,1,0,0,Pamlico,2022-03-21
0,1,1,0,0,Pamlico,2022-03-30
0,1,1,0,0,Pamlico,2022-04-17
0,2,1,1,0,Pamlico,2022-04-22
0,2,1,1,0,Pamlico,2022-04-25
0,1,1,0,0,Pamlico,2022-04-27
0,1,1,0,0,Pamlico,2022-04-28
0,1,1,0,0,Pamlico,2022-04-29
0,2,1,1,0,Pamlico,2022-05-06
0,2,1,1,0,Pamlico,2022-05-07
0,3,1,2,0,Pamlico,2022-06-03
0,2,1,1,0,Pamlico,2022-06-04
0,2,1,1,0,Pamlico,2022-06-13
0,2,1,1,0,Pamlico,2022-06-15
0,4,1,3,0,Pamlico,2022-06-22
0,4,1,3,0,Pamlico,2022-06-23
0,3,1,2,0,Pamlico,2022-06-26
0,4,1,3,0,Pamlico,2022-06-30
0,5,1,4,0,Pamlico,2022-07-01
0,2,1,1,0,Pamlico,2022-07-12
0,2,1,1,0,Pamlico,2022-07-17
0,2,1,1,0,Pamlico,2022-07-23
0,3,1,2,0,Pamlico,2022-07-27
0,2,2,0,0,Pamlico,2022-04-05
0,3,2,1,0,Pamlico,2022-04-08
0,3,2,1,0,Pamlico,2022-04-19
0,3,2,1,0,Pamlico,2022-05-05
0,5,2,3,0,Pamlico,2022-05-10
0,4,2,2,0,Pamlico,2022-05-13
0,4,2,2,0,Pamlico,2022-05-28
0,4,2,2,0,Pamlico,2022-06-02
0,3,2,1,0,Pamlico,2022-06-08
0,3,2,1,0,Pamlico,2022-07-02
0,8,2,6,0,Pamlico,2022-07-05
0,6,2,4,0,Pamlico,2022-08-02
0,5,3,2,0,Pamlico,2022-06-06
0,5,3,2,0,Pamlico,2022-06-07
0,4,3,1,0,Pamlico,2022-07-13
0,5,3,2,0,Pamlico,2022-07-19
0,7,3,4,0,Pamlico,2022-07-29
0,6,4,2,0,Pamlico,2022-05-02
0,6,4,2,0,Pamlico,2022-05-20
0,7,4,3,0,Pamlico,2022-07-25
0,5,5,0,0,Pamlico,2022-07-22
0,6,0,6,0,Pasquotank,2022-02-09
0,4,0,4,0,Pasquotank,2022-02-20
0,4,0,4,0,Pasquotank,2022-02-21
0,5,0,5,0,Pasquotank,2022-02-22
0,2,0,2,0,Pasquotank,2022-02-26
0,1,0,1,0,Pasquotank,2022-02-27
0,1,0,1,0,Pasquotank,2022-03-03
0,2,0,2,0,Pasquotank,2022-03-04
0,1,0,1,0,Pasquotank,2022-03-10
0,2,0,2,0,Pasquotank,2022-03-11
0,2,0,2,0,Pasquotank,2022-03-16
0,1,0,1,0,Pasquotank,2022-03-19
0,1,0,1,0,Pasquotank,2022-03-26
0,1,0,1,0,Pasquotank,2022-04-05
0,1,0,1,0,Pasquotank,2022-04-06
0,2,0,2,0,Pasquotank,2022-04-07
0,1,0,1,0,Pasquotank,2022-04-08
0,1,0,1,0,Pasquotank,2022-04-10
0,2,0,2,0,Pasquotank,2022-04-11
0,3,0,3,0,Pasquotank,2022-04-12
0,1,0,1,0,Pasquotank,2022-04-16
0,1,0,1,0,Pasquotank,2022-04-18
0,1,0,1,0,Pasquotank,2022-04-19
0,1,0,1,0,Pasquotank,2022-04-23
0,2,0,2,0,Pasquotank,2022-04-24
0,2,0,2,0,Pasquotank,2022-04-25
0,2,0,2,0,Pasquotank,2022-05-08
0,3,0,3,0,Pasquotank,2022-05-15
0,6,0,6,0,Pasquotank,2022-06-05
0,2,0,2,0,Pasquotank,2022-07-02
0,1,0,1,0,Pasquotank,2022-07-03
0,5,1,4,0,Pasquotank,2022-02-18
0,2,1,1,0,Pasquotank,2022-02-19
0,5,1,4,0,Pasquotank,2022-02-28
0,3,1,2,0,Pasquotank,2022-03-07
0,1,1,0,0,Pasquotank,2022-03-08
0,2,1,1,0,Pasquotank,2022-03-13
0,2,1,1,0,Pasquotank,2022-03-28
0,1,1,0,0,Pasquotank,2022-03-30
0,1,1,0,0,Pasquotank,2022-04-15
0,1,1,0,0,Pasquotank,2022-04-17
0,2,1,1,0,Pasquotank,2022-04-20
0,2,1,1,0,Pasquotank,2022-04-22
0,2,1,1,0,Pasquotank,2022-04-26
0,2,1,1,0,Pasquotank,2022-04-27
0,3,1,2,0,Pasquotank,2022-04-29
0,2,1,1,0,Pasquotank,2022-05-01
0,1,1,0,0,Pasquotank,2022-05-02
0,5,1,4,0,Pasquotank,2022-05-05
0,5,1,4,0,Pasquotank,2022-05-14
0,4,1,3,0,Pasquotank,2022-05-27
0,4,1,3,0,Pasquotank,2022-05-28
0,2,1,1,0,Pasquotank,2022-05-29
0,2,1,1,0,Pasquotank,2022-07-04
0,6,2,4,0,Pasquotank,2022-02-12
0,9,2,7,0,Pasquotank,2022-02-14
0,9,2,7,0,Pasquotank,2022-02-24
0,3,2,1,0,Pasquotank,2022-03-17
0,2,2,0,0,Pasquotank,2022-03-23
0,4,2,2,0,Pasquotank,2022-03-25
0,8,2,6,0,Pasquotank,2022-05-06
0,4,2,2,0,Pasquotank,2022-05-07
0,5,2,3,0,Pasquotank,2022-05-21
0,8,2,6,0,Pasquotank,2022-07-13
0,6,2,4,0,Pasquotank,2022-07-15
0,7,2,5,0,Pasquotank,2022-07-16
0,7,2,5,0,Pasquotank,2022-08-05
0,9,3,6,0,Pasquotank,2022-04-28
0,8,3,5,0,Pasquotank,2022-05-10
0,3,3,0,0,Pasquotank,2022-05-22
0,6,3,3,0,Pasquotank,2022-06-28
0,10,3,7,0,Pasquotank,2022-07-07
0,4,3,1,0,Pasquotank,2022-07-31
0,8,3,5,0,Pasquotank,2022-08-03
0,8,4,4,0,Pasquotank,2022-06-10
0,8,4,4,0,Pasquotank,2022-06-11
0,10,5,5,0,Pasquotank,2022-05-18
0,8,5,3,0,Pasquotank,2022-05-24
0,8,5,3,0,Pasquotank,2022-08-04
0,8,6,2,0,Pasquotank,2022-05-23
0,13,6,7,0,Pasquotank,2022-05-26
0,16,6,10,0,Pasquotank,2022-06-02
0,10,6,4,0,Pasquotank,2022-06-08
0,5,0,5,0,Pender,2022-02-17
0,5,0,5,0,Pender,2022-02-23
0,1,0,1,0,Pender,2022-02-26
0,1,0,1,0,Pender,2022-03-02
0,2,0,2,0,Pender,2022-03-04
0,1,0,1,0,Pender,2022-03-05
0,2,0,2,0,Pender,2022-03-06
0,3,0,3,0,Pender,2022-03-07
0,1,0,1,0,Pender,2022-03-09
0,1,0,1,0,Pender,2022-03-11
0,1,0,1,0,Pender,2022-03-12
0,5,0,5,0,Pender,2022-03-17
0,1,0,1,0,Pender,2022-03-19
0,2,0,2,0,Pender,2022-03-21
0,1,0,1,0,Pender,2022-03-22
0,1,0,1,0,Pender,2022-03-24
0,2,0,2,0,Pender,2022-03-28
0,1,0,1,0,Pender,2022-03-29
0,2,0,2,0,Pender,2022-03-30
0,2,0,2,0,Pender,2022-03-31
0,2,0,2,0,Pender,2022-04-01
0,2,0,2,0,Pender,2022-04-06
0,5,0,5,0,Pender,2022-04-07
0,2,0,2,0,Pender,2022-04-09
0,1,0,1,0,Pender,2022-04-16
0,2,0,2,0,Pender,2022-04-17
0,2,0,2,0,Pender,2022-04-20
0,3,0,3,0,Pender,2022-04-23
0,1,0,1,0,Pender,2022-04-30
0,6,0,6,0,Pender,2022-05-08
0,7,0,7,0,Pender,2022-05-15
0,2,0,2,0,Pender,2022-06-26
0,16,1,15,0,Pender,2022-02-16
0,4,1,3,0,Pender,2022-02-20
0,5,1,4,0,Pender,2022-02-24
0,5,1,4,0,Pender,2022-03-01
0,8,1,7,0,Pender,2022-04-13
0,7,1,6,0,Pender,2022-04-15
0,3,1,2,0,Pender,2022-04-18
0,7,1,6,0,Pender,2022-04-21
0,5,1,4,0,Pender,2022-04-22
0,4,1,3,0,Pender,2022-04-26
0,5,1,4,0,Pender,2022-05-06
0,6,1,5,0,Pender,2022-05-22
0,17,1,16,0,Pender,2022-05-24
0,6,1,5,0,Pender,2022-05-29
0,6,1,5,0,Pender,2022-05-30
0,18,1,17,0,Pender,2022-06-07
0,8,1,7,0,Pender,2022-06-18
0,18,1,17,0,Pender,2022-07-29
0,5,2,3,0,Pender,2022-03-03
0,5,2,3,0,Pender,2022-04-14
0,7,2,5,0,Pender,2022-05-02
0,13,2,11,0,Pender,2022-06-02
0,3,3,0,0,Pender,2022-04-19
0,12,3,9,0,Pender,2022-05-11
0,26,3,23,0,Pender,2022-05-16
0,17,3,14,0,Pender,2022-07-17
0,5,4,1,0,Pender,2022-03-14
0,12,4,8,0,Pender,2022-06-15
0,25,6,19,0,Pender,2022-07-13
0,3,0,3,0,Perquimans,2022-02-11
0,1,0,1,0,Perquimans,2022-02-12
0,2,0,2,0,Perquimans,2022-02-15
0,2,0,2,0,Perquimans,2022-02-17
0,2,0,2,0,Perquimans,2022-02-18
0,2,0,2,0,Perquimans,2022-02-20
0,1,0,1,0,Perquimans,2022-02-26
0,1,0,1,0,Perquimans,2022-02-28
0,1,0,1,0,Perquimans,2022-03-01
0,2,0,2,0,Perquimans,2022-03-02
0,1,0,1,0,Perquimans,2022-03-03
0,1,0,1,0,Perquimans,2022-03-06
0,2,0,2,0,Perquimans,2022-03-08
0,3,0,3,0,Perquimans,2022-03-11
0,1,0,1,0,Perquimans,2022-03-13
0,1,0,1,0,Perquimans,2022-04-04
0,1,0,1,0,Perquimans,2022-04-25
0,1,0,1,0,Perquimans,2022-04-29
0,1,0,1,0,Perquimans,2022-05-03
0,3,0,3,0,Perquimans,2022-05-09
0,2,0,2,0,Perquimans,2022-05-15
0,2,0,2,0,Perquimans,2022-05-18
0,5,0,5,0,Perquimans,2022-05-25
0,2,0,2,0,Perquimans,2022-05-29
0,2,0,2,0,Perquimans,2022-06-03
0,2,0,2,0,Perquimans,2022-06-04
0,2,0,2,0,Perquimans,2022-06-08
0,1,0,1,0,Perquimans,2022-06-10
0,3,0,3,0,Perquimans,2022-06-11
0,3,0,3,0,Perquimans,2022-06-16
0,2,0,2,0,Perquimans,2022-06-22
0,2,0,2,0,Perquimans,2022-06-27
0,2,0,2,0,Perquimans,2022-07-02
0,1,0,1,0,Perquimans,2022-07-03
0,1,0,1,0,Perquimans,2022-07-04
0,1,0,1,0,Perquimans,2022-07-05
0,3,0,3,0,Perquimans,2022-07-06
0,1,0,1,0,Perquimans,2022-07-10
0,3,0,3,0,Perquimans,2022-07-13
0,1,0,1,0,Perquimans,2022-07-16
0,2,0,2,0,Perquimans,2022-07-17
0,4,0,4,0,Perquimans,2022-07-22
0,3,0,3,0,Perquimans,2022-08-05
0,1,1,0,0,Perquimans,2022-02-23
0,1,1,0,0,Perquimans,2022-03-16
0,1,1,0,0,Perquimans,2022-03-18
0,1,1,0,0,Perquimans,2022-03-27
0,1,1,0,0,Perquimans,2022-04-11
0,2,1,1,0,Perquimans,2022-05-02
0,3,1,2,0,Perquimans,2022-05-06
0,2,1,1,0,Perquimans,2022-05-11
0,2,1,1,0,Perquimans,2022-05-16
0,4,1,3,0,Perquimans,2022-05-20
0,2,1,1,0,Perquimans,2022-05-30
0,3,1,2,0,Perquimans,2022-06-02
0,4,1,3,0,Perquimans,2022-06-07
0,1,1,0,0,Perquimans,2022-06-12
0,3,1,2,0,Perquimans,2022-06-21
0,3,1,2,0,Perquimans,2022-06-25
0,3,1,2,0,Perquimans,2022-06-29
0,2,1,1,0,Perquimans,2022-07-01
0,2,1,1,0,Perquimans,2022-07-09
0,8,1,7,0,Perquimans,2022-07-27
0,3,1,2,0,Perquimans,2022-07-30
0,5,1,4,0,Perquimans,2022-08-02
0,4,2,2,0,Perquimans,2022-02-10
0,2,2,0,0,Perquimans,2022-02-22
0,2,2,0,0,Perquimans,2022-04-24
0,4,2,2,0,Perquimans,2022-05-17
0,5,2,3,0,Perquimans,2022-05-19
0,2,2,0,0,Perquimans,2022-05-21
0,4,2,2,0,Perquimans,2022-05-23
0,5,2,3,0,Perquimans,2022-05-24
0,3,2,1,0,Perquimans,2022-05-28
0,9,2,7,0,Perquimans,2022-06-14
0,5,2,3,0,Perquimans,2022-06-17
0,3,2,1,0,Perquimans,2022-06-24
0,5,2,3,0,Perquimans,2022-07-14
0,9,2,7,0,Perquimans,2022-08-04
0,6,5,1,0,Perquimans,2022-05-05
0,10,8,2,0,Perquimans,2022-07-15
0,4,0,4,0,Person,2022-02-13
0,2,0,2,0,Person,2022-02-20
0,4,0,4,0,Person,2022-02-27
0,4,0,4,0,Person,2022-03-03
0,3,0,3,0,Person,2022-03-04
0,1,0,1,0,Person,2022-03-05
0,1,0,1,0,Person,2022-03-10
0,1,0,1,0,Person,2022-03-13
0,6,0,6,0,Person,2022-03-14
0,3,0,3,0,Person,2022-03-17
0,1,0,1,0,Person,2022-03-19
0,3,0,3,0,Person,2022-03-21
0,2,0,2,0,Person,2022-03-22
0,1,0,1,0,Person,2022-03-26
0,2,0,2,0,Person,2022-03-30
0,2,0,2,0,Person,2022-04-01
0,3,0,3,0,Person,2022-04-04
0,1,0,1,0,Person,2022-04-06
0,3,0,3,0,Person,2022-04-07
0,1,0,1,0,Person,2022-04-10
0,3,0,3,0,Person,2022-04-11
0,2,0,2,0,Person,2022-04-14
0,3,0,3,0,Person,2022-04-15
0,1,0,1,0,Person,2022-04-16
0,1,0,1,0,Person,2022-04-17
0,2,0,2,0,Person,2022-04-20
0,3,0,3,0,Person,2022-06-18
0,2,1,1,0,Person,2022-02-26
0,3,1,2,0,Person,2022-02-28
0,2,1,1,0,Person,2022-03-07
0,2,1,1,0,Person,2022-03-08
0,6,1,5,0,Person,2022-03-09
0,1,1,0,0,Person,2022-03-15
0,1,1,0,0,Person,2022-03-18
0,1,1,0,0,Person,2022-03-20
0,2,1,1,0,Person,2022-03-31
0,1,1,0,0,Person,2022-04-02
0,2,1,1,0,Person,2022-04-05
0,2,1,1,0,Person,2022-04-09
0,4,1,3,0,Person,2022-04-13
0,5,1,4,0,Person,2022-04-30
0,3,1,2,0,Person,2022-05-07
0,9,1,8,0,Person,2022-05-10
0,7,1,6,0,Person,2022-05-22
0,11,1,10,0,Person,2022-06-30
0,7,1,6,0,Person,2022-07-31
0,9,2,7,0,Person,2022-02-12
0,11,2,9,0,Person,2022-02-16
0,8,2,6,0,Person,2022-02-18
0,5,2,3,0,Person,2022-02-25
0,7,2,5,0,Person,2022-03-01
0,6,2,4,0,Person,2022-05-03
0,10,2,8,0,Person,2022-05-06
0,3,2,1,0,Person,2022-06-11
0,8,2,6,0,Person,2022-06-26
0,3,2,1,0,Person,2022-07-04
0,9,2,7,0,Person,2022-08-05
0,3,3,0,0,Person,2022-03-06
0,6,3,3,0,Person,2022-04-22
0,4,3,1,0,Person,2022-04-27
0,13,3,10,0,Person,2022-05-09
0,18,3,15,0,Person,2022-05-14
0,14,3,11,0,Person,2022-05-28
0,7,3,4,0,Person,2022-07-16
0,14,3,11,0,Person,2022-08-03
0,20,4,16,0,Person,2022-05-13
0,16,4,12,0,Person,2022-05-26
0,11,4,7,0,Person,2022-06-13
0,8,5,3,0,Person,2022-05-15
0,12,5,7,0,Person,2022-05-25
0,10,5,5,0,Person,2022-06-19
0,17,6,11,0,Person,2022-05-02
0,11,6,5,0,Person,2022-06-22
0,1,0,1,0,Pitt,2022-03-12
0,1,0,1,0,Pitt,2022-03-13
0,2,0,2,0,Pitt,2022-03-20
0,3,0,3,0,Pitt,2022-03-21
0,5,0,5,0,Pitt,2022-03-23
0,4,0,4,0,Pitt,2022-03-26
0,2,0,2,0,Pitt,2022-03-31
0,4,0,4,0,Pitt,2022-04-01
0,4,0,4,0,Pitt,2022-04-03
0,16,0,16,0,Pitt,2022-04-13
0,4,0,4,0,Pitt,2022-04-16
0,11,0,11,0,Pitt,2022-04-21
0,2,0,2,0,Pitt,2022-04-24
0,5,1,4,0,Pitt,2022-03-11
0,4,1,3,0,Pitt,2022-03-15
0,6,1,5,0,Pitt,2022-03-18
0,4,1,3,0,Pitt,2022-03-22
0,4,1,3,0,Pitt,2022-03-30
0,3,1,2,0,Pitt,2022-04-17
0,10,3,7,0,Pitt,2022-04-04
0,15,3,12,0,Pitt,2022-05-07
0,12,4,8,0,Pitt,2022-04-23
0,12,5,7,0,Pitt,2022-04-20
0,2,0,2,0,Polk,2022-02-19
0,1,0,1,0,Polk,2022-02-22
0,5,0,5,0,Polk,2022-02-26
0,1,0,1,0,Polk,2022-03-10
0,1,0,1,0,Polk,2022-03-21
0,3,0,3,0,Polk,2022-03-22
0,5,0,5,0,Polk,2022-03-29
0,1,0,1,0,Polk,2022-04-13
0,1,0,1,0,Polk,2022-04-16
0,1,0,1,0,Polk,2022-04-22
0,1,0,1,0,Polk,2022-04-26
0,1,0,1,0,Polk,2022-04-28
0,1,0,1,0,Polk,2022-04-29
0,1,0,1,0,Polk,2022-05-01
0,1,0,1,0,Polk,2022-05-07
0,2,0,2,0,Polk,2022-05-10
0,2,0,2,0,Polk,2022-05-13
0,2,0,2,0,Polk,2022-05-24
0,1,0,1,0,Polk,2022-06-12
0,3,0,3,0,Polk,2022-06-14
0,4,1,3,0,Polk,2022-02-12
0,1,1,0,0,Polk,2022-02-13
0,3,1,2,0,Polk,2022-02-18
0,2,1,1,0,Polk,2022-02-25
0,1,1,0,0,Polk,2022-02-28
0,1,1,0,0,Polk,2022-03-02
0,3,1,2,0,Polk,2022-03-04
0,2,1,1,0,Polk,2022-03-05
0,1,1,0,0,Polk,2022-03-07
0,1,1,0,0,Polk,2022-03-18
0,4,1,3,0,Polk,2022-03-24
0,5,1,4,0,Polk,2022-03-25
0,1,1,0,0,Polk,2022-03-27
0,3,1,2,0,Polk,2022-04-01
0,1,1,0,0,Polk,2022-04-09
0,1,1,0,0,Polk,2022-04-15
0,1,1,0,0,Polk,2022-04-25
0,2,1,1,0,Polk,2022-04-30
0,1,1,0,0,Polk,2022-05-08
0,2,1,1,0,Polk,2022-05-09
0,1,1,0,0,Polk,2022-05-11
0,3,1,2,0,Polk,2022-05-12
0,2,1,1,0,Polk,2022-05-14
0,2,1,1,0,Polk,2022-05-18
0,3,1,2,0,Polk,2022-05-19
0,2,1,1,0,Polk,2022-05-20
0,2,1,1,0,Polk,2022-05-21
0,2,1,1,0,Polk,2022-05-22
0,1,1,0,0,Polk,2022-05-23
0,2,1,1,0,Polk,2022-05-30
0,2,1,1,0,Polk,2022-06-04
0,1,1,0,0,Polk,2022-06-05
0,5,1,4,0,Polk,2022-06-10
0,1,1,0,0,Polk,2022-06-11
0,4,1,3,0,Polk,2022-06-13
0,2,1,1,0,Polk,2022-06-17
0,4,1,3,0,Polk,2022-06-26
0,2,1,1,0,Polk,2022-08-04
0,5,2,3,0,Polk,2022-02-16
0,3,2,1,0,Polk,2022-02-23
0,2,2,0,0,Polk,2022-03-19
0,2,2,0,0,Polk,2022-03-26
0,5,2,3,0,Polk,2022-03-28
0,2,2,0,0,Polk,2022-04-07
0,2,2,0,0,Polk,2022-05-05
0,5,2,3,0,Polk,2022-05-25
0,4,2,2,0,Polk,2022-05-31
0,4,2,2,0,Polk,2022-06-01
0,2,2,0,0,Polk,2022-06-03
0,2,2,0,0,Polk,2022-06-15
0,3,2,1,0,Polk,2022-06-19
0,4,2,2,0,Polk,2022-07-07
0,3,2,1,0,Polk,2022-07-22
0,3,2,1,0,Polk,2022-07-27
0,4,2,2,0,Polk,2022-07-29
0,4,2,2,0,Polk,2022-07-31
0,4,3,1,0,Polk,2022-02-15
0,10,3,7,0,Polk,2022-03-30
0,5,3,2,0,Polk,2022-06-06
0,4,3,1,0,Polk,2022-06-18
0,5,3,2,0,Polk,2022-06-22
0,4,3,1,0,Polk,2022-07-24
0,6,3,3,0,Polk,2022-08-05
0,6,4,2,0,Polk,2022-03-31
0,5,4,1,0,Polk,2022-04-04
0,4,4,0,0,Polk,2022-05-17
0,8,4,4,0,Polk,2022-06-21
0,5,4,1,0,Polk,2022-07-06
0,6,4,2,0,Polk,2022-07-17
0,5,5,0,0,Polk,2022-07-03
0,7,6,1,0,Polk,2022-07-04
0,6,6,0,0,Polk,2022-07-10
0,9,6,3,0,Polk,2022-07-21
0,2,0,2,0,Randolph,2022-03-12
0,3,0,3,0,Randolph,2022-03-15
0,1,0,1,0,Randolph,2022-03-23
0,2,0,2,0,Randolph,2022-03-24
0,1,0,1,0,Randolph,2022-03-27
0,3,0,3,0,Randolph,2022-04-02
0,3,0,3,0,Randolph,2022-04-03
0,2,0,2,0,Randolph,2022-04-10
0,5,1,4,0,Randolph,2022-03-10
0,7,1,6,0,Randolph,2022-03-14
0,3,1,2,0,Randolph,2022-03-18
0,5,1,4,0,Randolph,2022-03-22
0,3,1,2,0,Randolph,2022-03-28
0,4,1,3,0,Randolph,2022-03-29
0,5,1,4,0,Randolph,2022-03-30
0,2,1,1,0,Randolph,2022-04-01
0,2,1,1,0,Randolph,2022-04-17
0,9,1,8,0,Randolph,2022-04-22
0,3,1,2,0,Randolph,2022-04-23
0,2,2,0,0,Randolph,2022-03-31
0,4,2,2,0,Randolph,2022-04-24
0,5,3,2,0,Randolph,2022-03-13
0,3,3,0,0,Randolph,2022-03-19
0,8,4,4,0,Randolph,2022-04-09
0,14,5,9,0,Randolph,2022-05-06
0,14,5,9,0,Randolph,2022-05-14
0,17,5,12,0,Randolph,2022-08-06
0,23,12,11,0,Randolph,2022-06-11
0,1,0,1,0,Richmond,2022-02-24
0,2,0,2,0,Richmond,2022-02-26
0,1,0,1,0,Richmond,2022-03-01
0,4,0,4,0,Richmond,2022-03-07
0,2,0,2,0,Richmond,2022-03-10
0,1,0,1,0,Richmond,2022-03-11
0,3,0,3,0,Richmond,2022-03-13
0,2,0,2,0,Richmond,2022-03-14
0,1,0,1,0,Richmond,2022-03-21
0,1,0,1,0,Richmond,2022-03-23
0,1,0,1,0,Richmond,2022-03-25
0,1,0,1,0,Richmond,2022-04-05
0,1,0,1,0,Richmond,2022-04-10
0,1,0,1,0,Richmond,2022-04-11
0,2,0,2,0,Richmond,2022-04-12
0,3,0,3,0,Richmond,2022-04-15
0,1,0,1,0,Richmond,2022-04-23
0,6,0,6,0,Richmond,2022-04-27
0,4,0,4,0,Richmond,2022-05-01
0,2,0,2,0,Richmond,2022-05-08
0,11,1,10,0,Richmond,2022-02-18
0,2,1,1,0,Richmond,2022-02-20
0,2,1,1,0,Richmond,2022-03-03
0,1,1,0,0,Richmond,2022-03-16
0,1,1,0,0,Richmond,2022-04-01
0,4,1,3,0,Richmond,2022-04-14
0,1,1,0,0,Richmond,2022-04-16
0,4,1,3,0,Richmond,2022-04-19
0,5,1,4,0,Richmond,2022-04-24
0,5,1,4,0,Richmond,2022-05-03
0,7,1,6,0,Richmond,2022-05-21
0,7,1,6,0,Richmond,2022-05-30
0,10,1,9,0,Richmond,2022-06-26
0,3,2,1,0,Richmond,2022-04-25
0,6,2,4,0,Richmond,2022-05-14
0,4,2,2,0,Richmond,2022-05-28
0,8,2,6,0,Richmond,2022-07-03
0,5,3,2,0,Richmond,2022-04-22
0,14,3,11,0,Richmond,2022-05-02
0,11,5,6,0,Richmond,2022-05-20
0,14,6,8,0,Richmond,2022-02-16
0,12,6,6,0,Richmond,2022-05-06
0,2,0,2,0,Robeson,2022-03-20
0,4,0,4,0,Robeson,2022-03-30
0,3,1,2,0,Robeson,2022-03-11
0,2,1,1,0,Robeson,2022-03-18
0,3,1,2,0,Robeson,2022-03-24
0,1,1,0,0,Robeson,2022-03-25
0,3,1,2,0,Robeson,2022-03-31
0,1,1,0,0,Robeson,2022-04-02
0,2,1,1,0,Robeson,2022-04-03
0,5,1,4,0,Robeson,2022-04-17
0,3,1,2,0,Robeson,2022-04-20
0,3,2,1,0,Robeson,2022-03-12
0,8,2,6,0,Robeson,2022-03-14
0,4,2,2,0,Robeson,2022-04-07
0,2,2,0,0,Robeson,2022-04-10
0,7,3,4,0,Robeson,2022-03-05
0,3,3,0,0,Robeson,2022-03-16
0,7,3,4,0,Robeson,2022-03-23
0,8,3,5,0,Robeson,2022-04-18
0,5,4,1,0,Robeson,2022-03-10
0,15,9,6,0,Robeson,2022-04-28
0,9,0,9,0,Rockingham,2022-02-26
0,4,0,4,0,Rockingham,2022-03-05
0,3,0,3,0,Rockingham,2022-03-06
0,6,0,6,0,Rockingham,2022-03-10
0,1,0,1,0,Rockingham,2022-03-13
0,3,0,3,0,Rockingham,2022-03-14
0,4,0,4,0,Rockingham,2022-03-15
0,1,0,1,0,Rockingham,2022-03-16
0,5,0,5,0,Rockingham,2022-03-19
0,3,0,3,0,Rockingham,2022-03-21
0,3,0,3,0,Rockingham,2022-03-23
0,3,0,3,0,Rockingham,2022-03-25
0,1,0,1,0,Rockingham,2022-03-27
0,1,0,1,0,Rockingham,2022-04-01
0,2,0,2,0,Rockingham,2022-04-03
0,4,0,4,0,Rockingham,2022-04-05
0,4,0,4,0,Rockingham,2022-04-06
0,1,0,1,0,Rockingham,2022-04-07
0,3,0,3,0,Rockingham,2022-04-08
0,1,0,1,0,Rockingham,2022-04-16
0,1,0,1,0,Rockingham,2022-04-17
0,3,0,3,0,Rockingham,2022-04-23
0,5,0,5,0,Rockingham,2022-04-30
0,9,0,9,0,Rockingham,2022-07-17
0,8,1,7,0,Rockingham,2022-03-03
0,12,1,11,0,Rockingham,2022-03-07
0,5,1,4,0,Rockingham,2022-03-08
0,3,1,2,0,Rockingham,2022-03-24
0,7,1,6,0,Rockingham,2022-03-28
0,3,1,2,0,Rockingham,2022-04-09
0,5,1,4,0,Rockingham,2022-04-12
0,1,1,0,0,Rockingham,2022-04-14
0,7,1,6,0,Rockingham,2022-04-22
0,6,1,5,0,Rockingham,2022-04-29
0,11,2,9,0,Rockingham,2022-02-12
0,11,2,9,0,Rockingham,2022-02-23
0,11,2,9,0,Rockingham,2022-03-01
0,3,3,0,0,Rockingham,2022-03-31
0,12,4,8,0,Rockingham,2022-05-28
0,11,5,6,0,Rockingham,2022-05-15
0,24,5,19,0,Rockingham,2022-06-15
0,27,6,21,0,Rockingham,2022-02-17
0,23,8,15,0,Rockingham,2022-05-24
0,6,0,6,0,Rowan,2022-03-04
0,2,0,2,0,Rowan,2022-03-13
0,4,0,4,0,Rowan,2022-03-17
0,3,0,3,0,Rowan,2022-04-01
0,3,0,3,0,Rowan,2022-04-09
0,16,1,15,0,Rowan,2022-03-02
0,2,1,1,0,Rowan,2022-03-12
0,7,1,6,0,Rowan,2022-03-16
0,3,1,2,0,Rowan,2022-03-21
0,3,1,2,0,Rowan,2022-03-26
0,3,1,2,0,Rowan,2022-03-30
0,2,1,1,0,Rowan,2022-03-31
0,12,1,11,0,Rowan,2022-04-20
0,13,1,12,0,Rowan,2022-04-24
0,5,2,3,0,Rowan,2022-03-25
0,4,2,2,0,Rowan,2022-04-03
0,6,3,3,0,Rowan,2022-05-01
0,6,0,6,0,Rutherford,2022-02-20
0,3,0,3,0,Rutherford,2022-02-26
0,4,0,4,0,Rutherford,2022-03-05
0,1,0,1,0,Rutherford,2022-03-07
0,2,0,2,0,Rutherford,2022-03-09
0,3,0,3,0,Rutherford,2022-03-12
0,1,0,1,0,Rutherford,2022-03-18
0,1,0,1,0,Rutherford,2022-03-19
0,2,0,2,0,Rutherford,2022-03-27
0,2,0,2,0,Rutherford,2022-03-28
0,1,0,1,0,Rutherford,2022-03-31
0,1,0,1,0,Rutherford,2022-04-02
0,1,0,1,0,Rutherford,2022-04-06
0,1,0,1,0,Rutherford,2022-04-10
0,3,0,3,0,Rutherford,2022-04-13
0,1,0,1,0,Rutherford,2022-04-15
0,2,0,2,0,Rutherford,2022-04-16
0,1,0,1,0,Rutherford,2022-04-17
0,1,0,1,0,Rutherford,2022-04-19
0,2,0,2,0,Rutherford,2022-05-01
0,3,0,3,0,Rutherford,2022-05-03
0,14,0,14,0,Rutherford,2022-08-06
0,3,1,2,0,Rutherford,2022-03-03
0,1,1,0,0,Rutherford,2022-03-06
0,6,1,5,0,Rutherford,2022-03-16
0,2,1,1,0,Rutherford,2022-03-21
0,1,1,0,0,Rutherford,2022-03-22
0,1,1,0,0,Rutherford,2022-03-23
0,3,1,2,0,Rutherford,2022-03-25
0,1,1,0,0,Rutherford,2022-03-29
0,3,1,2,0,Rutherford,2022-04-24
0,2,1,1,0,Rutherford,2022-04-28
0,3,1,2,0,Rutherford,2022-04-29
0,5,1,4,0,Rutherford,2022-05-05
0,6,1,5,0,Rutherford,2022-05-14
0,7,2,5,0,Rutherford,2022-02-28
0,3,2,1,0,Rutherford,2022-04-12
0,4,2,2,0,Rutherford,2022-05-15
0,4,3,1,0,Rutherford,2022-03-10
0,14,4,10,0,Rutherford,2022-06-25
0,1,0,1,0,Sampson,2022-03-11
0,1,0,1,0,Sampson,2022-03-12
0,1,0,1,0,Sampson,2022-03-13
0,1,0,1,0,Sampson,2022-03-23
0,1,0,1,0,Sampson,2022-03-25
0,1,0,1,0,Sampson,2022-03-26
0,10,0,10,0,Sampson,2022-03-31
0,1,0,1,0,Sampson,2022-04-08
0,1,0,1,0,Sampson,2022-04-23
0,1,0,1,0,Sampson,2022-05-06
0,3,1,2,0,Sampson,2022-02-19
0,3,1,2,0,Sampson,2022-02-27
0,4,1,3,0,Sampson,2022-03-02
0,3,1,2,0,Sampson,2022-03-04
0,1,1,0,0,Sampson,2022-03-05
0,3,1,2,0,Sampson,2022-03-08
0,1,1,0,0,Sampson,2022-03-09
0,3,1,2,0,Sampson,2022-03-17
0,2,1,1,0,Sampson,2022-03-18
0,3,1,2,0,Sampson,2022-03-22
0,1,1,0,0,Sampson,2022-04-02
0,2,1,1,0,Sampson,2022-04-04
0,4,1,3,0,Sampson,2022-04-11
0,4,1,3,0,Sampson,2022-04-15
0,2,1,1,0,Sampson,2022-04-24
0,1,1,0,0,Sampson,2022-04-30
0,4,1,3,0,Sampson,2022-05-10
0,3,1,2,0,Sampson,2022-05-11
0,5,1,4,0,Sampson,2022-06-12
0,5,1,4,0,Sampson,2022-06-19
0,4,2,2,0,Sampson,2022-03-16
0,4,2,2,0,Sampson,2022-04-07
0,4,2,2,0,Sampson,2022-04-28
0,4,2,2,0,Sampson,2022-04-29
0,2,2,0,0,Sampson,2022-05-15
0,4,3,1,0,Sampson,2022-02-26
0,3,3,0,0,Sampson,2022-03-29
0,3,3,0,0,Sampson,2022-04-03
0,9,3,6,0,Sampson,2022-04-14
0,4,3,1,0,Sampson,2022-05-08
0,5,3,2,0,Sampson,2022-06-11
0,6,4,2,0,Sampson,2022-03-15
0,5,4,1,0,Sampson,2022-04-20
0,6,4,2,0,Sampson,2022-04-25
0,6,4,2,0,Sampson,2022-05-22
0,8,5,3,0,Sampson,2022-05-04
0,9,5,4,0,Sampson,2022-05-13
0,9,6,3,0,Sampson,2022-04-22
0,9,6,3,0,Sampson,2022-06-05
0,13,7,6,0,Sampson,2022-05-19
0,11,7,4,0,Sampson,2022-05-29
0,11,7,4,0,Sampson,2022-06-26
0,10,8,2,0,Sampson,2022-05-26
0,11,8,3,0,Sampson,2022-07-04
0,25,13,12,0,Sampson,2022-06-06
0,23,13,10,0,Sampson,2022-06-22
0,20,13,7,0,Sampson,2022-07-24
0,30,18,12,0,Sampson,2022-06-20
0,1,0,1,0,Scotland,2022-02-23
0,1,0,1,0,Scotland,2022-03-01
0,1,0,1,0,Scotland,2022-03-02
0,1,0,1,0,Scotland,2022-03-04
0,2,0,2,0,Scotland,2022-03-09
0,1,0,1,0,Scotland,2022-03-10
0,2,0,2,0,Scotland,2022-03-11
0,1,0,1,0,Scotland,2022-03-17
0,1,0,1,0,Scotland,2022-03-18
0,1,0,1,0,Scotland,2022-03-19
0,1,0,1,0,Scotland,2022-03-22
0,2,0,2,0,Scotland,2022-03-25
0,5,0,5,0,Scotland,2022-04-08
0,1,0,1,0,Scotland,2022-07-03
0,10,1,9,0,Scotland,2022-02-16
0,5,1,4,0,Scotland,2022-02-20
0,2,1,1,0,Scotland,2022-02-22
0,6,1,5,0,Scotland,2022-02-25
0,1,1,0,0,Scotland,2022-02-26
0,1,1,0,0,Scotland,2022-02-27
0,6,1,5,0,Scotland,2022-02-28
0,1,1,0,0,Scotland,2022-03-06
0,1,1,0,0,Scotland,2022-03-08
0,2,1,1,0,Scotland,2022-03-15
0,2,1,1,0,Scotland,2022-03-16
0,1,1,0,0,Scotland,2022-03-20
0,2,1,1,0,Scotland,2022-03-21
0,1,1,0,0,Scotland,2022-03-28
0,3,1,2,0,Scotland,2022-03-30
0,1,1,0,0,Scotland,2022-04-05
0,1,1,0,0,Scotland,2022-04-09
0,1,1,0,0,Scotland,2022-04-14
0,3,1,2,0,Scotland,2022-04-24
0,4,1,3,0,Scotland,2022-05-05
0,4,1,3,0,Scotland,2022-05-10
0,4,2,2,0,Scotland,2022-02-18
0,3,2,1,0,Scotland,2022-02-24
0,2,2,0,0,Scotland,2022-03-24
0,2,2,0,0,Scotland,2022-04-04
0,3,2,1,0,Scotland,2022-04-12
0,8,2,6,0,Scotland,2022-04-20
0,8,2,6,0,Scotland,2022-05-09
0,5,2,3,0,Scotland,2022-05-18
0,4,3,1,0,Scotland,2022-04-23
0,4,3,1,0,Scotland,2022-04-26
0,6,3,3,0,Scotland,2022-04-27
0,3,3,0,0,Scotland,2022-04-30
0,3,3,0,0,Scotland,2022-05-01
0,8,3,5,0,Scotland,2022-05-04
0,6,3,3,0,Scotland,2022-05-21
0,10,4,6,0,Scotland,2022-05-06
0,15,4,11,0,Scotland,2022-05-13
0,4,4,0,0,Scotland,2022-05-15
0,12,4,8,0,Scotland,2022-05-28
0,9,5,4,0,Scotland,2022-05-08
0,12,6,6,0,Scotland,2022-02-17
0,14,6,8,0,Scotland,2022-05-03
0,9,7,2,0,Scotland,2022-05-29
0,9,7,2,0,Scotland,2022-05-30
0,13,9,4,0,Scotland,2022-07-15
0,5,0,5,0,Stanly,2022-02-20
0,3,0,3,0,Stanly,2022-03-08
0,1,0,1,0,Stanly,2022-03-12
0,2,0,2,0,Stanly,2022-03-17
0,1,0,1,0,Stanly,2022-03-19
0,1,0,1,0,Stanly,2022-03-20
0,1,0,1,0,Stanly,2022-03-21
0,1,0,1,0,Stanly,2022-03-22
0,2,0,2,0,Stanly,2022-03-25
0,1,0,1,0,Stanly,2022-03-31
0,1,0,1,0,Stanly,2022-04-03
0,1,0,1,0,Stanly,2022-04-06
0,1,0,1,0,Stanly,2022-04-09
0,1,0,1,0,Stanly,2022-04-10
0,1,0,1,0,Stanly,2022-04-12
0,2,0,2,0,Stanly,2022-04-22
0,8,0,8,0,Stanly,2022-04-27
0,2,0,2,0,Stanly,2022-04-28
0,1,0,1,0,Stanly,2022-05-01
0,6,0,6,0,Stanly,2022-05-03
0,8,0,8,0,Stanly,2022-05-04
0,2,0,2,0,Stanly,2022-05-06
0,11,0,11,0,Stanly,2022-05-22
0,15,0,15,0,Stanly,2022-06-19
0,13,1,12,0,Stanly,2022-02-16
0,6,1,5,0,Stanly,2022-02-23
0,1,1,0,0,Stanly,2022-02-26
0,3,1,2,0,Stanly,2022-03-04
0,3,1,2,0,Stanly,2022-03-27
0,2,1,1,0,Stanly,2022-04-24
0,5,1,4,0,Stanly,2022-05-05
0,8,1,7,0,Stanly,2022-06-10
0,13,1,12,0,Stanly,2022-06-11
0,11,1,10,0,Stanly,2022-06-12
0,3,0,3,0,Stokes,2022-02-26
0,2,0,2,0,Stokes,2022-02-27
0,2,0,2,0,Stokes,2022-03-02
0,2,0,2,0,Stokes,2022-03-06
0,5,0,5,0,Stokes,2022-03-07
0,5,0,5,0,Stokes,2022-03-08
0,2,0,2,0,Stokes,2022-03-12
0,3,0,3,0,Stokes,2022-03-14
0,1,0,1,0,Stokes,2022-03-15
0,1,0,1,0,Stokes,2022-03-19
0,1,0,1,0,Stokes,2022-03-27
0,4,0,4,0,Stokes,2022-03-30
0,3,0,3,0,Stokes,2022-04-06
0,2,0,2,0,Stokes,2022-04-11
0,2,0,2,0,Stokes,2022-04-14
0,1,0,1,0,Stokes,2022-04-15
0,1,0,1,0,Stokes,2022-04-18
0,1,0,1,0,Stokes,2022-04-19
0,4,0,4,0,Stokes,2022-04-21
0,2,0,2,0,Stokes,2022-04-22
0,4,0,4,0,Stokes,2022-05-03
0,5,0,5,0,Stokes,2022-08-06
0,4,1,3,0,Stokes,2022-03-04
0,2,1,1,0,Stokes,2022-03-23
0,1,1,0,0,Stokes,2022-04-01
0,1,1,0,0,Stokes,2022-04-05
0,1,1,0,0,Stokes,2022-04-09
0,3,1,2,0,Stokes,2022-04-13
0,2,1,1,0,Stokes,2022-04-23
0,4,1,3,0,Stokes,2022-04-30
0,3,1,2,0,Stokes,2022-05-30
0,9,1,8,0,Stokes,2022-06-10
0,7,1,6,0,Stokes,2022-07-03
0,2,2,0,0,Stokes,2022-03-10
0,2,2,0,0,Stokes,2022-03-29
0,5,2,3,0,Stokes,2022-04-04
0,5,2,3,0,Stokes,2022-04-29
0,10,2,8,0,Stokes,2022-05-02
0,4,2,2,0,Stokes,2022-05-08
0,8,2,6,0,Stokes,2022-05-15
0,7,2,5,0,Stokes,2022-06-07
0,8,2,6,0,Stokes,2022-07-04
0,6,3,3,0,Stokes,2022-02-20
0,3,3,0,0,Stokes,2022-03-31
0,4,3,1,0,Stokes,2022-04-20
0,11,3,8,0,Stokes,2022-05-12
0,11,3,8,0,Stokes,2022-05-25
0,6,3,3,0,Stokes,2022-05-29
0,6,3,3,0,Stokes,2022-06-05
0,8,3,5,0,Stokes,2022-06-26
0,4,4,0,0,Stokes,2022-03-26
0,13,4,9,0,Stokes,2022-06-08
0,1,0,1,0,Surry,2022-03-15
0,2,0,2,0,Surry,2022-03-24
0,1,0,1,0,Surry,2022-03-27
0,1,0,1,0,Surry,2022-03-28
0,1,0,1,0,Surry,2022-03-29
0,1,0,1,0,Surry,2022-03-31
0,1,0,1,0,Surry,2022-04-03
0,1,0,1,0,Surry,2022-04-08
0,1,0,1,0,Surry,2022-04-10
0,4,0,4,0,Surry,2022-04-11
0,4,0,4,0,Surry,2022-04-13
0,2,0,2,0,Surry,2022-04-14
0,5,0,5,0,Surry,2022-04-22
0,2,0,2,0,Surry,2022-04-29
0,2,0,2,0,Surry,2022-04-30
0,15,1,14,0,Surry,2022-02-13
0,2,1,1,0,Surry,2022-03-06
0,2,1,1,0,Surry,2022-03-18
0,1,1,0,0,Surry,2022-03-23
0,1,1,0,0,Surry,2022-04-02
0,4,1,3,0,Surry,2022-04-04
0,3,1,2,0,Surry,2022-04-06
0,4,1,3,0,Surry,2022-04-09
0,2,1,1,0,Surry,2022-04-12
0,1,1,0,0,Surry,2022-04-15
0,3,1,2,0,Surry,2022-04-16
0,1,1,0,0,Surry,2022-04-24
0,4,2,2,0,Surry,2022-02-27
0,6,2,4,0,Surry,2022-03-04
0,5,2,3,0,Surry,2022-03-08
0,4,2,2,0,Surry,2022-03-10
0,4,2,2,0,Surry,2022-04-05
0,11,2,9,0,Surry,2022-05-21
0,9,3,6,0,Surry,2022-03-01
0,6,3,3,0,Surry,2022-03-07
0,7,3,4,0,Surry,2022-05-08
0,16,4,12,0,Surry,2022-05-03
0,20,5,15,0,Surry,2022-02-24
0,18,5,13,0,Surry,2022-05-30
0,11,5,6,0,Surry,2022-06-19
0,32,9,23,0,Surry,2022-06-16
0,16,10,6,0,Surry,2022-07-03
0,4,0,4,0,Swain,2022-02-21
0,2,0,2,0,Swain,2022-03-01
0,3,0,3,0,Swain,2022-03-03
0,1,0,1,0,Swain,2022-03-04
0,2,0,2,0,Swain,2022-03-05
0,2,0,2,0,Swain,2022-03-06
0,1,0,1,0,Swain,2022-03-13
0,1,0,1,0,Swain,2022-03-22
0,1,0,1,0,Swain,2022-03-23
0,2,0,2,0,Swain,2022-04-07
0,1,0,1,0,Swain,2022-04-12
0,1,0,1,0,Swain,2022-04-15
0,1,0,1,0,Swain,2022-04-21
0,4,0,4,0,Swain,2022-04-27
0,1,0,1,0,Swain,2022-04-28
0,1,0,1,0,Swain,2022-04-29
0,2,0,2,0,Swain,2022-05-03
0,3,0,3,0,Swain,2022-05-14
0,2,0,2,0,Swain,2022-05-15
0,1,0,1,0,Swain,2022-05-21
0,4,0,4,0,Swain,2022-05-22
0,4,0,4,0,Swain,2022-05-25
0,2,0,2,0,Swain,2022-05-26
0,3,0,3,0,Swain,2022-06-05
0,8,0,8,0,Swain,2022-06-07
0,3,0,3,0,Swain,2022-06-08
0,1,0,1,0,Swain,2022-06-12
0,1,0,1,0,Swain,2022-06-24
0,7,0,7,0,Swain,2022-07-05
0,3,1,2,0,Swain,2022-02-18
0,1,1,0,0,Swain,2022-03-10
0,2,1,1,0,Swain,2022-03-24
0,3,1,2,0,Swain,2022-03-29
0,1,1,0,0,Swain,2022-04-02
0,1,1,0,0,Swain,2022-04-06
0,1,1,0,0,Swain,2022-04-09
0,1,1,0,0,Swain,2022-04-20
0,2,1,1,0,Swain,2022-04-25
0,2,1,1,0,Swain,2022-04-26
0,2,1,1,0,Swain,2022-05-01
0,2,1,1,0,Swain,2022-05-05
0,2,1,1,0,Swain,2022-05-08
0,3,1,2,0,Swain,2022-05-09
0,2,1,1,0,Swain,2022-05-12
0,1,1,0,0,Swain,2022-05-13
0,1,1,0,0,Swain,2022-05-17
0,5,1,4,0,Swain,2022-05-24
0,1,1,0,0,Swain,2022-05-30
0,1,1,0,0,Swain,2022-06-01
0,2,1,1,0,Swain,2022-06-10
0,2,1,1,0,Swain,2022-06-11
0,3,1,2,0,Swain,2022-07-01
0,1,1,0,0,Swain,2022-07-04
0,4,1,3,0,Swain,2022-07-16
0,10,1,9,0,Swain,2022-07-18
0,3,1,2,0,Swain,2022-07-30
0,3,1,2,0,Swain,2022-08-06
0,6,2,4,0,Swain,2022-02-10
0,2,2,0,0,Swain,2022-02-13
0,3,2,1,0,Swain,2022-03-02
0,2,2,0,0,Swain,2022-04-19
0,2,2,0,0,Swain,2022-04-30
0,2,2,0,0,Swain,2022-05-02
0,3,2,1,0,Swain,2022-05-04
0,2,2,0,0,Swain,2022-05-06
0,5,2,3,0,Swain,2022-05-11
0,4,2,2,0,Swain,2022-05-18
0,10,2,8,0,Swain,2022-05-19
0,4,2,2,0,Swain,2022-05-23
0,7,2,5,0,Swain,2022-06-02
0,7,2,5,0,Swain,2022-06-20
0,4,2,2,0,Swain,2022-06-26
0,6,2,4,0,Swain,2022-07-07
0,6,2,4,0,Swain,2022-07-23
0,3,3,0,0,Swain,2022-02-12
0,6,3,3,0,Swain,2022-02-19
0,3,3,0,0,Swain,2022-02-23
0,4,3,1,0,Swain,2022-02-28
0,5,3,2,0,Swain,2022-05-10
0,7,3,4,0,Swain,2022-06-25
0,5,3,2,0,Swain,2022-06-28
0,8,4,4,0,Swain,2022-06-14
0,4,4,0,0,Swain,2022-06-19
0,8,4,4,0,Swain,2022-06-22
0,7,4,3,0,Swain,2022-07-02
0,8,4,4,0,Swain,2022-07-21
0,10,5,5,0,Swain,2022-08-04
0,8,7,1,0,Swain,2022-02-15
0,17,11,6,0,Swain,2022-08-05
0,2,0,2,0,Transylvania,2022-03-01
0,1,0,1,0,Transylvania,2022-03-23
0,1,0,1,0,Transylvania,2022-03-28
0,1,0,1,0,Transylvania,2022-04-01
0,1,0,1,0,Transylvania,2022-04-04
0,2,0,2,0,Transylvania,2022-04-12
0,1,0,1,0,Transylvania,2022-04-16
0,1,0,1,0,Transylvania,2022-04-22
0,3,0,3,0,Transylvania,2022-05-08
0,1,0,1,0,Transylvania,2022-06-05
0,5,0,5,0,Transylvania,2022-07-24
0,1,1,0,0,Transylvania,2022-02-21
0,1,1,0,0,Transylvania,2022-02-25
0,1,1,0,0,Transylvania,2022-02-26
0,1,1,0,0,Transylvania,2022-02-28
0,1,1,0,0,Transylvania,2022-03-05
0,1,1,0,0,Transylvania,2022-03-06
0,1,1,0,0,Transylvania,2022-03-08
0,4,1,3,0,Transylvania,2022-03-14
0,1,1,0,0,Transylvania,2022-03-16
0,1,1,0,0,Transylvania,2022-03-18
0,1,1,0,0,Transylvania,2022-03-22
0,2,1,1,0,Transylvania,2022-04-09
0,2,1,1,0,Transylvania,2022-04-23
0,2,1,1,0,Transylvania,2022-04-24
0,3,1,2,0,Transylvania,2022-04-27
0,1,1,0,0,Transylvania,2022-04-29
0,2,1,1,0,Transylvania,2022-04-30
0,1,1,0,0,Transylvania,2022-05-04
0,4,1,3,0,Transylvania,2022-05-05
0,2,1,1,0,Transylvania,2022-05-09
0,10,1,9,0,Transylvania,2022-05-23
0,3,1,2,0,Transylvania,2022-06-11
0,4,1,3,0,Transylvania,2022-06-26
0,8,1,7,0,Transylvania,2022-07-28
0,7,1,6,0,Transylvania,2022-08-06
0,3,2,1,0,Transylvania,2022-02-20
0,3,2,1,0,Transylvania,2022-03-07
0,3,2,1,0,Transylvania,2022-03-30
0,5,2,3,0,Transylvania,2022-04-06
0,2,2,0,0,Transylvania,2022-04-07
0,5,2,3,0,Transylvania,2022-04-19
0,2,2,0,0,Transylvania,2022-04-21
0,5,2,3,0,Transylvania,2022-05-01
0,3,2,1,0,Transylvania,2022-05-03
0,5,2,3,0,Transylvania,2022-05-14
0,3,2,1,0,Transylvania,2022-05-15
0,2,2,0,0,Transylvania,2022-05-18
0,6,2,4,0,Transylvania,2022-05-20
0,5,2,3,0,Transylvania,2022-05-24
0,6,2,4,0,Transylvania,2022-05-27
0,3,2,1,0,Transylvania,2022-06-04
0,7,2,5,0,Transylvania,2022-06-10
0,3,2,1,0,Transylvania,2022-06-18
0,4,2,2,0,Transylvania,2022-06-19
0,8,2,6,0,Transylvania,2022-07-01
0,4,2,2,0,Transylvania,2022-07-03
0,5,3,2,0,Transylvania,2022-02-18
0,5,3,2,0,Transylvania,2022-02-22
0,3,3,0,0,Transylvania,2022-05-07
0,7,3,4,0,Transylvania,2022-05-10
0,6,3,3,0,Transylvania,2022-05-13
0,6,3,3,0,Transylvania,2022-05-21
0,6,3,3,0,Transylvania,2022-05-22
0,7,3,4,0,Transylvania,2022-06-01
0,4,3,1,0,Transylvania,2022-06-06
0,4,3,1,0,Transylvania,2022-07-02
0,6,3,3,0,Transylvania,2022-07-16
0,4,4,0,0,Transylvania,2022-04-11
0,7,4,3,0,Transylvania,2022-06-12
0,9,4,5,0,Transylvania,2022-07-22
0,7,5,2,0,Transylvania,2022-02-12
0,11,5,6,0,Transylvania,2022-02-15
0,8,5,3,0,Transylvania,2022-04-26
0,9,5,4,0,Transylvania,2022-05-16
0,8,6,2,0,Transylvania,2022-05-17
0,7,6,1,0,Transylvania,2022-07-04
0,11,6,5,0,Transylvania,2022-08-02
0,10,7,3,0,Transylvania,2022-05-12
0,16,7,9,0,Transylvania,2022-07-18
0,13,8,5,0,Transylvania,2022-06-16
0,10,8,2,0,Transylvania,2022-07-10
0,13,10,3,0,Transylvania,2022-07-08
0,17,11,6,0,Transylvania,2022-02-14
0,8,0,8,0,Tyrrell,2022-02-11
0,4,0,4,0,Tyrrell,2022-02-12
0,2,0,2,0,Tyrrell,2022-02-18
0,1,0,1,0,Tyrrell,2022-02-22
0,3,0,3,0,Tyrrell,2022-03-01
0,2,0,2,0,Tyrrell,2022-03-02
0,1,0,1,0,Tyrrell,2022-03-11
0,2,0,2,0,Tyrrell,2022-04-12
0,1,0,1,0,Tyrrell,2022-04-29
0,1,0,1,0,Tyrrell,2022-04-30
0,1,0,1,0,Tyrrell,2022-05-10
0,1,0,1,0,Tyrrell,2022-05-14
0,2,0,2,0,Tyrrell,2022-05-20
0,1,0,1,0,Tyrrell,2022-05-23
0,2,0,2,0,Tyrrell,2022-05-27
0,1,0,1,0,Tyrrell,2022-05-30
0,1,0,1,0,Tyrrell,2022-06-03
0,1,0,1,0,Tyrrell,2022-06-07
0,2,0,2,0,Tyrrell,2022-06-08
0,1,0,1,0,Tyrrell,2022-06-17
0,1,0,1,0,Tyrrell,2022-06-22
0,1,0,1,0,Tyrrell,2022-06-25
0,1,0,1,0,Tyrrell,2022-06-28
0,1,0,1,0,Tyrrell,2022-06-29
0,4,0,4,0,Tyrrell,2022-07-01
0,1,0,1,0,Tyrrell,2022-07-08
0,1,0,1,0,Tyrrell,2022-07-11
0,2,0,2,0,Tyrrell,2022-07-12
0,1,0,1,0,Tyrrell,2022-07-14
0,1,0,1,0,Tyrrell,2022-07-16
0,1,0,1,0,Tyrrell,2022-07-17
0,1,0,1,0,Tyrrell,2022-07-21
0,1,0,1,0,Tyrrell,2022-07-22
0,2,0,2,0,Tyrrell,2022-07-25
0,6,0,6,0,Tyrrell,2022-07-26
0,2,0,2,0,Tyrrell,2022-08-01
0,3,1,2,0,Tyrrell,2022-02-14
0,2,1,1,0,Tyrrell,2022-02-15
0,3,1,2,0,Tyrrell,2022-03-03
0,1,1,0,0,Tyrrell,2022-03-08
0,1,1,0,0,Tyrrell,2022-04-27
0,2,1,1,0,Tyrrell,2022-05-09
0,1,1,0,0,Tyrrell,2022-05-11
0,1,1,0,0,Tyrrell,2022-05-15
0,1,1,0,0,Tyrrell,2022-06-13
0,1,1,0,0,Tyrrell,2022-06-16
0,2,1,1,0,Tyrrell,2022-07-18
0,1,1,0,0,Tyrrell,2022-08-03
0,4,2,2,0,Tyrrell,2022-05-12
0,3,2,1,0,Tyrrell,2022-06-10
0,3,2,1,0,Tyrrell,2022-07-27
0,2,2,0,0,Tyrrell,2022-08-04
0,3,3,0,0,Tyrrell,2022-07-06
0,6,3,3,0,Tyrrell,2022-07-13
0,6,0,6,0,Union,2022-03-10
0,8,0,8,0,Union,2022-03-14
0,8,0,8,0,Union,2022-03-16
0,2,0,2,0,Union,2022-03-18
0,9,0,9,0,Union,2022-03-22
0,7,1,6,0,Union,2022-03-11
0,8,1,7,0,Union,2022-03-24
0,9,1,8,0,Union,2022-03-25
0,4,1,3,0,Union,2022-03-26
0,4,1,3,0,Union,2022-04-01
0,10,1,9,0,Union,2022-04-05
0,3,1,2,0,Union,2022-04-09
0,8,1,7,0,Union,2022-04-10
0,12,2,10,0,Union,2022-03-23
0,18,3,15,0,Union,2022-03-01
0,6,3,3,0,Union,2022-03-06
0,11,3,8,0,Union,2022-03-27
0,7,3,4,0,Union,2022-03-29
0,27,8,19,0,Union,2022-02-28
0,31,13,18,0,Union,2022-02-20
0,52,18,34,0,Union,2022-04-25
0,2,0,2,0,Vance,2022-02-20
0,6,0,6,0,Vance,2022-02-23
0,4,0,4,0,Vance,2022-02-27
0,1,0,1,0,Vance,2022-03-02
0,2,0,2,0,Vance,2022-03-04
0,4,0,4,0,Vance,2022-03-07
0,4,0,4,0,Vance,2022-03-09
0,1,0,1,0,Vance,2022-03-10
0,2,0,2,0,Vance,2022-03-20
0,2,0,2,0,Vance,2022-03-25
0,1,0,1,0,Vance,2022-03-28
0,1,0,1,0,Vance,2022-04-02
0,2,0,2,0,Vance,2022-04-07
0,3,0,3,0,Vance,2022-04-09
0,1,0,1,0,Vance,2022-04-18
0,1,0,1,0,Vance,2022-04-21
0,2,0,2,0,Vance,2022-04-23
0,4,0,4,0,Vance,2022-04-26
0,5,0,5,0,Vance,2022-05-02
0,4,1,3,0,Vance,2022-02-24
0,4,1,3,0,Vance,2022-03-01
0,1,1,0,0,Vance,2022-03-13
0,1,1,0,0,Vance,2022-03-15
0,1,1,0,0,Vance,2022-03-21
0,2,1,1,0,Vance,2022-03-22
0,3,1,2,0,Vance,2022-03-24
0,2,1,1,0,Vance,2022-03-26
0,2,1,1,0,Vance,2022-03-31
0,1,1,0,0,Vance,2022-04-03
0,1,1,0,0,Vance,2022-04-04
0,1,1,0,0,Vance,2022-04-05
0,2,1,1,0,Vance,2022-04-10
0,1,1,0,0,Vance,2022-04-12
0,2,1,1,0,Vance,2022-04-13
0,2,1,1,0,Vance,2022-04-16
0,2,1,1,0,Vance,2022-04-20
0,2,1,1,0,Vance,2022-04-24
0,2,1,1,0,Vance,2022-04-27
0,9,1,8,0,Vance,2022-05-04
0,7,1,6,0,Vance,2022-05-06
0,4,1,3,0,Vance,2022-05-08
0,9,1,8,0,Vance,2022-06-18
0,2,1,1,0,Vance,2022-06-19
0,10,1,9,0,Vance,2022-07-10
0,5,2,3,0,Vance,2022-04-08
0,5,2,3,0,Vance,2022-04-22
0,3,2,1,0,Vance,2022-04-30
0,11,2,9,0,Vance,2022-05-26
0,13,2,11,0,Vance,2022-06-22
0,3,3,0,0,Vance,2022-02-28
0,5,3,2,0,Vance,2022-04-29
0,8,3,5,0,Vance,2022-05-05
0,8,3,5,0,Vance,2022-05-11
0,9,3,6,0,Vance,2022-05-14
0,12,3,9,0,Vance,2022-05-28
0,7,4,3,0,Vance,2022-03-08
0,7,4,3,0,Vance,2022-06-10
0,20,5,15,0,Vance,2022-02-11
0,19,5,14,0,Vance,2022-05-19
0,8,5,3,0,Vance,2022-05-22
0,22,5,17,0,Vance,2022-07-06
0,7,6,1,0,Vance,2022-05-30
0,22,6,16,0,Vance,2022-06-13
0,19,6,13,0,Vance,2022-07-29
0,4,0,4,0,Warren,2022-02-16
0,1,0,1,0,Warren,2022-02-18
0,1,0,1,0,Warren,2022-02-19
0,2,0,2,0,Warren,2022-02-23
0,1,0,1,0,Warren,2022-02-25
0,1,0,1,0,Warren,2022-02-27
0,2,0,2,0,Warren,2022-03-02
0,1,0,1,0,Warren,2022-03-04
0,1,0,1,0,Warren,2022-03-16
0,1,0,1,0,Warren,2022-03-22
0,3,0,3,0,Warren,2022-03-25
0,2,0,2,0,Warren,2022-04-04
0,3,0,3,0,Warren,2022-04-05
0,2,0,2,0,Warren,2022-04-06
0,2,0,2,0,Warren,2022-04-11
0,2,0,2,0,Warren,2022-04-14
0,1,0,1,0,Warren,2022-04-18
0,2,0,2,0,Warren,2022-04-23
0,5,0,5,0,Warren,2022-04-25
0,3,0,3,0,Warren,2022-04-27
0,1,0,1,0,Warren,2022-04-28
0,2,0,2,0,Warren,2022-04-30
0,1,0,1,0,Warren,2022-05-01
0,2,0,2,0,Warren,2022-05-14
0,1,0,1,0,Warren,2022-05-15
0,2,0,2,0,Warren,2022-05-24
0,3,0,3,0,Warren,2022-06-11
0,1,0,1,0,Warren,2022-06-12
0,13,0,13,0,Warren,2022-06-30
0,3,0,3,0,Warren,2022-07-09
0,5,0,5,0,Warren,2022-07-12
0,4,0,4,0,Warren,2022-07-28
0,6,1,5,0,Warren,2022-02-09
0,12,1,11,0,Warren,2022-02-14
0,4,1,3,0,Warren,2022-02-21
0,3,1,2,0,Warren,2022-02-22
0,4,1,3,0,Warren,2022-02-24
0,2,1,1,0,Warren,2022-03-08
0,1,1,0,0,Warren,2022-03-09
0,1,1,0,0,Warren,2022-03-23
0,1,1,0,0,Warren,2022-04-13
0,2,1,1,0,Warren,2022-05-11
0,4,1,3,0,Warren,2022-06-05
0,4,1,3,0,Warren,2022-06-09
0,4,1,3,0,Warren,2022-06-10
0,3,1,2,0,Warren,2022-06-14
0,7,1,6,0,Warren,2022-06-15
0,6,1,5,0,Warren,2022-06-21
0,2,1,1,0,Warren,2022-06-24
0,2,1,1,0,Warren,2022-07-04
0,4,1,3,0,Warren,2022-07-24
0,4,1,3,0,Warren,2022-07-30
0,4,1,3,0,Warren,2022-08-06
0,3,2,1,0,Warren,2022-04-21
0,4,2,2,0,Warren,2022-05-02
0,7,2,5,0,Warren,2022-05-25
0,10,2,8,0,Warren,2022-05-28
0,6,2,4,0,Warren,2022-06-06
0,8,2,6,0,Warren,2022-06-28
0,6,2,4,0,Warren,2022-07-10
0,5,2,3,0,Warren,2022-07-17
0,6,2,4,0,Warren,2022-07-27
0,7,3,4,0,Warren,2022-02-10
0,5,3,2,0,Warren,2022-05-03
0,6,3,3,0,Warren,2022-05-19
0,4,3,1,0,Warren,2022-05-30
0,12,3,9,0,Warren,2022-06-02
0,4,3,1,0,Warren,2022-07-02
0,13,4,9,0,Warren,2022-05-16
0,9,4,5,0,Warren,2022-06-29
0,10,4,6,0,Warren,2022-07-07
0,2,0,2,0,Washington,2022-02-10
0,4,0,4,0,Washington,2022-02-12
0,1,0,1,0,Washington,2022-02-13
0,1,0,1,0,Washington,2022-02-20
0,3,0,3,0,Washington,2022-02-22
0,2,0,2,0,Washington,2022-02-24
0,1,0,1,0,Washington,2022-02-27
0,2,0,2,0,Washington,2022-02-28
0,1,0,1,0,Washington,2022-03-06
0,2,0,2,0,Washington,2022-03-08
0,1,0,1,0,Washington,2022-03-14
0,1,0,1,0,Washington,2022-03-23
0,1,0,1,0,Washington,2022-04-05
0,1,0,1,0,Washington,2022-04-17
0,1,0,1,0,Washington,2022-04-18
0,3,0,3,0,Washington,2022-04-26
0,1,0,1,0,Washington,2022-04-27
0,1,0,1,0,Washington,2022-04-30
0,2,0,2,0,Washington,2022-05-17
0,1,0,1,0,Washington,2022-05-20
0,1,0,1,0,Washington,2022-05-25
0,2,0,2,0,Washington,2022-05-26
0,1,0,1,0,Washington,2022-05-29
0,1,0,1,0,Washington,2022-05-30
0,1,0,1,0,Washington,2022-05-31
0,3,0,3,0,Washington,2022-06-01
0,1,0,1,0,Washington,2022-06-11
0,1,0,1,0,Washington,2022-06-12
0,5,0,5,0,Washington,2022-06-17
0,5,0,5,0,Washington,2022-06-23
0,5,0,5,0,Washington,2022-06-29
0,3,0,3,0,Washington,2022-06-30
0,1,0,1,0,Washington,2022-07-03
0,5,0,5,0,Washington,2022-07-16
0,3,0,3,0,Washington,2022-07-18
0,2,0,2,0,Washington,2022-07-21
0,2,0,2,0,Washington,2022-07-23
0,1,0,1,0,Washington,2022-07-30
0,2,0,2,0,Washington,2022-08-01
0,5,0,5,0,Washington,2022-08-02
0,3,1,2,0,Washington,2022-02-09
0,2,1,1,0,Washington,2022-02-17
0,2,1,1,0,Washington,2022-02-18
0,1,1,0,0,Washington,2022-02-25
0,1,1,0,0,Washington,2022-03-29
0,3,1,2,0,Washington,2022-04-03
0,1,1,0,0,Washington,2022-04-08
0,1,1,0,0,Washington,2022-04-19
0,2,1,1,0,Washington,2022-04-20
0,2,1,1,0,Washington,2022-04-25
0,3,1,2,0,Washington,2022-04-28
0,1,1,0,0,Washington,2022-05-02
0,2,1,1,0,Washington,2022-05-09
0,4,1,3,0,Washington,2022-05-10
0,1,1,0,0,Washington,2022-05-12
0,3,1,2,0,Washington,2022-05-13
0,3,1,2,0,Washington,2022-05-15
0,2,1,1,0,Washington,2022-05-24
0,1,1,0,0,Washington,2022-05-27
0,4,1,3,0,Washington,2022-06-03
0,4,1,3,0,Washington,2022-06-14
0,2,1,1,0,Washington,2022-06-18
0,6,1,5,0,Washington,2022-06-19
0,2,1,1,0,Washington,2022-06-21
0,3,1,2,0,Washington,2022-07-07
0,1,1,0,0,Washington,2022-07-08
0,2,1,1,0,Washington,2022-07-10
0,3,1,2,0,Washington,2022-07-11
0,5,1,4,0,Washington,2022-07-13
0,5,1,4,0,Washington,2022-07-15
0,7,2,5,0,Washington,2022-02-14
0,3,2,1,0,Washington,2022-03-02
0,2,2,0,0,Washington,2022-03-15
0,4,2,2,0,Washington,2022-05-19
0,4,2,2,0,Washington,2022-06-02
0,3,2,1,0,Washington,2022-06-10
0,4,2,2,0,Washington,2022-07-02
0,9,2,7,0,Washington,2022-07-20
0,6,4,2,0,Washington,2022-02-16
0,12,7,5,0,Washington,2022-06-22
0,6,0,6,0,Watauga,2022-02-19
0,3,0,3,0,Watauga,2022-02-20
0,5,0,5,0,Watauga,2022-02-26
0,2,0,2,0,Watauga,2022-03-07
0,1,0,1,0,Watauga,2022-03-16
0,1,0,1,0,Watauga,2022-03-19
0,2,0,2,0,Watauga,2022-03-26
0,1,0,1,0,Watauga,2022-04-01
0,2,0,2,0,Watauga,2022-04-03
0,1,0,1,0,Watauga,2022-04-10
0,11,0,11,0,Watauga,2022-04-28
0,10,0,10,0,Watauga,2022-06-05
0,8,0,8,0,Watauga,2022-08-03
0,15,1,14,0,Watauga,2022-02-24
0,1,1,0,0,Watauga,2022-02-27
0,2,1,1,0,Watauga,2022-03-08
0,3,1,2,0,Watauga,2022-03-09
0,1,1,0,0,Watauga,2022-03-20
0,3,1,2,0,Watauga,2022-03-24
0,1,1,0,0,Watauga,2022-03-31
0,6,1,5,0,Watauga,2022-04-09
0,6,1,5,0,Watauga,2022-04-16
0,3,1,2,0,Watauga,2022-04-24
0,5,1,4,0,Watauga,2022-05-01
0,7,1,6,0,Watauga,2022-05-29
0,7,1,6,0,Watauga,2022-06-16
0,8,1,7,0,Watauga,2022-06-17
0,11,1,10,0,Watauga,2022-06-21
0,3,1,2,0,Watauga,2022-07-02
0,3,1,2,0,Watauga,2022-07-10
0,14,1,13,0,Watauga,2022-07-18
0,10,1,9,0,Watauga,2022-07-20
0,6,1,5,0,Watauga,2022-07-30
0,4,2,2,0,Watauga,2022-03-05
0,3,2,1,0,Watauga,2022-03-21
0,4,2,2,0,Watauga,2022-04-06
0,9,2,7,0,Watauga,2022-05-10
0,8,2,6,0,Watauga,2022-05-11
0,4,2,2,0,Watauga,2022-07-09
0,8,2,6,0,Watauga,2022-07-23
0,9,3,6,0,Watauga,2022-04-20
0,4,3,1,0,Watauga,2022-05-08
0,14,3,11,0,Watauga,2022-05-12
0,9,3,6,0,Watauga,2022-05-30
0,10,3,7,0,Watauga,2022-06-06
0,11,4,7,0,Watauga,2022-04-13
0,4,4,0,0,Watauga,2022-04-15
0,13,4,9,0,Watauga,2022-04-19
0,7,4,3,0,Watauga,2022-05-07
0,16,5,11,0,Watauga,2022-04-12
0,14,5,9,0,Watauga,2022-04-14
0,11,6,5,0,Watauga,2022-02-28
0,15,6,9,0,Watauga,2022-05-26
0,14,8,6,0,Watauga,2022-07-01
0,29,11,18,0,Watauga,2022-02-11
0,3,0,3,0,Wayne,2022-02-26
0,3,0,3,0,Wayne,2022-02-27
0,5,0,5,0,Wayne,2022-03-05
0,1,0,1,0,Wayne,2022-03-20
0,5,0,5,0,Wayne,2022-03-22
0,2,0,2,0,Wayne,2022-04-01
0,1,0,1,0,Wayne,2022-04-05
0,4,0,4,0,Wayne,2022-04-15
0,1,0,1,0,Wayne,2022-04-17
0,1,1,0,0,Wayne,2022-03-13
0,2,1,1,0,Wayne,2022-03-29
0,3,1,2,0,Wayne,2022-03-31
0,1,1,0,0,Wayne,2022-04-09
0,8,1,7,0,Wayne,2022-04-12
0,6,1,5,0,Wayne,2022-05-01
0,3,2,1,0,Wayne,2022-04-06
0,12,3,9,0,Wayne,2022-03-08
0,4,3,1,0,Wayne,2022-03-11
0,4,3,1,0,Wayne,2022-03-23
0,9,4,5,0,Wayne,2022-04-19
0,16,5,11,0,Wayne,2022-02-23
0,11,5,6,0,Wayne,2022-03-01
0,9,5,4,0,Wayne,2022-03-28
0,12,5,7,0,Wayne,2022-05-29
0,9,6,3,0,Wayne,2022-04-14
0,18,9,9,0,Wayne,2022-05-30
0,22,12,10,0,Wayne,2022-05-12
0,25,13,12,0,Wayne,2022-05-17
0,30,19,11,0,Wayne,2022-05-16
0,4,0,4,0,Wilkes,2022-03-05
0,2,0,2,0,Wilkes,2022-03-17
0,1,0,1,0,Wilkes,2022-03-20
0,1,0,1,0,Wilkes,2022-03-22
0,2,0,2,0,Wilkes,2022-03-24
0,1,0,1,0,Wilkes,2022-03-30
0,1,0,1,0,Wilkes,2022-03-31
0,1,0,1,0,Wilkes,2022-04-01
0,1,0,1,0,Wilkes,2022-04-02
0,1,0,1,0,Wilkes,2022-04-03
0,2,0,2,0,Wilkes,2022-04-07
0,1,0,1,0,Wilkes,2022-04-09
0,1,0,1,0,Wilkes,2022-04-11
0,2,0,2,0,Wilkes,2022-04-19
0,4,0,4,0,Wilkes,2022-04-20
0,2,1,1,0,Wilkes,2022-03-06
0,6,1,5,0,Wilkes,2022-03-08
0,3,1,2,0,Wilkes,2022-03-11
0,2,1,1,0,Wilkes,2022-03-18
0,3,1,2,0,Wilkes,2022-04-04
0,5,1,4,0,Wilkes,2022-04-08
0,1,1,0,0,Wilkes,2022-04-10
0,4,1,3,0,Wilkes,2022-04-30
0,4,1,3,0,Wilkes,2022-05-08
0,9,2,7,0,Wilkes,2022-03-09
0,3,2,1,0,Wilkes,2022-03-12
0,2,2,0,0,Wilkes,2022-03-21
0,5,2,3,0,Wilkes,2022-04-12
0,5,2,3,0,Wilkes,2022-04-22
0,4,2,2,0,Wilkes,2022-04-24
0,2,2,0,0,Wilkes,2022-04-28
0,8,3,5,0,Wilkes,2022-03-03
0,6,3,3,0,Wilkes,2022-04-21
0,9,3,6,0,Wilkes,2022-05-07
0,10,4,6,0,Wilkes,2022-05-24
0,9,4,5,0,Wilkes,2022-06-11
0,8,5,3,0,Wilkes,2022-04-29
0,14,6,8,0,Wilkes,2022-02-24
0,9,6,3,0,Wilkes,2022-06-12
0,18,9,9,0,Wilkes,2022-05-09
0,33,12,21,0,Wilkes,2022-07-28
0,9,0,9,0,Wilson,2022-02-23
0,2,0,2,0,Wilson,2022-03-03
0,3,0,3,0,Wilson,2022-03-08
0,3,0,3,0,Wilson,2022-03-11
0,3,0,3,0,Wilson,2022-03-12
0,5,0,5,0,Wilson,2022-03-14
0,1,0,1,0,Wilson,2022-03-15
0,1,0,1,0,Wilson,2022-03-25
0,2,0,2,0,Wilson,2022-04-01
0,2,0,2,0,Wilson,2022-04-02
0,1,0,1,0,Wilson,2022-04-06
0,5,0,5,0,Wilson,2022-04-08
0,2,0,2,0,Wilson,2022-04-09
0,1,0,1,0,Wilson,2022-04-16
0,4,0,4,0,Wilson,2022-04-22
0,3,1,2,0,Wilson,2022-02-27
0,3,1,2,0,Wilson,2022-03-06
0,1,1,0,0,Wilson,2022-03-18
0,2,1,1,0,Wilson,2022-03-21
0,5,1,4,0,Wilson,2022-03-23
0,1,1,0,0,Wilson,2022-04-17
0,7,1,6,0,Wilson,2022-05-07
0,8,2,6,0,Wilson,2022-02-28
0,4,2,2,0,Wilson,2022-03-31
0,5,2,3,0,Wilson,2022-04-07
0,5,2,3,0,Wilson,2022-04-15
0,3,2,1,0,Wilson,2022-04-24
0,3,2,1,0,Wilson,2022-04-30
0,8,2,6,0,Wilson,2022-06-04
0,3,3,0,0,Wilson,2022-03-30
0,10,3,7,0,Wilson,2022-04-25
0,4,3,1,0,Wilson,2022-04-28
0,7,3,4,0,Wilson,2022-06-05
0,4,4,0,0,Wilson,2022-04-18
0,11,4,7,0,Wilson,2022-05-06
0,7,4,3,0,Wilson,2022-05-28
0,6,4,2,0,Wilson,2022-06-18
0,14,5,9,0,Wilson,2022-05-04
0,16,6,10,0,Wilson,2022-05-24
0,21,7,14,0,Wilson,2022-06-03
0,6,0,6,0,Yadkin,2022-02-28
0,1,0,1,0,Yadkin,2022-03-05
0,2,0,2,0,Yadkin,2022-03-06
0,4,0,4,0,Yadkin,2022-03-07
0,4,0,4,0,Yadkin,2022-03-23
0,2,0,2,0,Yadkin,2022-03-29
0,1,0,1,0,Yadkin,2022-04-07
0,1,0,1,0,Yadkin,2022-04-10
0,3,0,3,0,Yadkin,2022-04-14
0,3,0,3,0,Yadkin,2022-04-16
0,1,0,1,0,Yadkin,2022-04-19
0,2,0,2,0,Yadkin,2022-04-22
0,1,0,1,0,Yadkin,2022-04-23
0,2,0,2,0,Yadkin,2022-04-27
0,2,0,2,0,Yadkin,2022-04-30
0,1,0,1,0,Yadkin,2022-05-01
0,9,0,9,0,Yadkin,2022-05-22
0,6,1,5,0,Yadkin,2022-02-24
0,1,1,0,0,Yadkin,2022-03-17
0,1,1,0,0,Yadkin,2022-03-25
0,2,1,1,0,Yadkin,2022-03-28
0,3,1,2,0,Yadkin,2022-03-30
0,1,1,0,0,Yadkin,2022-04-05
0,2,1,1,0,Yadkin,2022-04-08
0,3,1,2,0,Yadkin,2022-04-09
0,3,1,2,0,Yadkin,2022-04-13
0,7,2,5,0,Yadkin,2022-03-01
0,3,2,1,0,Yadkin,2022-04-17
0,4,2,2,0,Yadkin,2022-04-21
0,9,2,7,0,Yadkin,2022-05-11
0,10,3,7,0,Yadkin,2022-02-23
0,4,3,1,0,Yadkin,2022-03-21
0,4,3,1,0,Yadkin,2022-04-18
0,6,3,3,0,Yadkin,2022-05-26
0,8,3,5,0,Yadkin,2022-06-24
0,14,4,10,0,Yadkin,2022-02-12
0,7,4,3,0,Yadkin,2022-02-19
0,7,4,3,0,Yadkin,2022-07-30
0,7,5,2,0,Yadkin,2022-04-20
0,5,5,0,0,Yadkin,2022-04-29
0,18,6,12,0,Yadkin,2022-06-17
0,19,7,12,0,Yadkin,2022-07-15
0,27,11,16,0,Yadkin,2022-02-16
0,1,0,1,0,Yancey,2022-02-27
0,2,0,2,0,Yancey,2022-03-04
0,1,0,1,0,Yancey,2022-03-05
0,3,0,3,0,Yancey,2022-03-08
0,1,0,1,0,Yancey,2022-03-14
0,2,0,2,0,Yancey,2022-03-21
0,2,0,2,0,Yancey,2022-03-28
0,3,0,3,0,Yancey,2022-03-29
0,1,0,1,0,Yancey,2022-04-02
0,1,0,1,0,Yancey,2022-04-04
0,1,0,1,0,Yancey,2022-04-05
0,1,0,1,0,Yancey,2022-04-20
0,1,0,1,0,Yancey,2022-04-28
0,1,0,1,0,Yancey,2022-04-30
0,1,0,1,0,Yancey,2022-05-01
0,2,0,2,0,Yancey,2022-05-06
0,1,0,1,0,Yancey,2022-05-28
0,1,0,1,0,Yancey,2022-05-30
0,2,0,2,0,Yancey,2022-06-19
0,3,0,3,0,Yancey,2022-07-01
0,5,0,5,0,Yancey,2022-07-04
0,1,0,1,0,Yancey,2022-07-21
0,6,0,6,0,Yancey,2022-07-23
0,1,0,1,0,Yancey,2022-08-06
0,2,1,1,0,Yancey,2022-02-13
0,8,1,7,0,Yancey,2022-02-18
0,3,1,2,0,Yancey,2022-02-26
0,1,1,0,0,Yancey,2022-03-09
0,2,1,1,0,Yancey,2022-03-10
0,1,1,0,0,Yancey,2022-03-25
0,2,1,1,0,Yancey,2022-04-12
0,1,1,0,0,Yancey,2022-04-19
0,2,1,1,0,Yancey,2022-04-21
0,1,1,0,0,Yancey,2022-04-23
0,2,1,1,0,Yancey,2022-05-02
0,1,1,0,0,Yancey,2022-05-15
0,2,1,1,0,Yancey,2022-06-07
0,2,1,1,0,Yancey,2022-06-28
0,1,1,0,0,Yancey,2022-07-09
0,1,1,0,0,Yancey,2022-07-17
0,4,1,3,0,Yancey,2022-07-19
0,4,2,2,0,Yancey,2022-02-19
0,2,2,0,0,Yancey,2022-02-20
0,4,2,2,0,Yancey,2022-03-03
0,2,2,0,0,Yancey,2022-03-06
0,2,2,0,0,Yancey,2022-03-07
0,2,2,0,0,Yancey,2022-04-13
0,2,2,0,0,Yancey,2022-04-14
0,2,2,0,0,Yancey,2022-04-16
0,3,2,1,0,Yancey,2022-04-27
0,2,2,0,0,Yancey,2022-05-04
0,5,2,3,0,Yancey,2022-05-11
0,5,2,3,0,Yancey,2022-05-21
0,4,2,2,0,Yancey,2022-06-02
0,4,2,2,0,Yancey,2022-06-16
0,2,2,0,0,Yancey,2022-06-26
0,2,2,0,0,Yancey,2022-07-03
0,6,2,4,0,Yancey,2022-07-06
0,3,2,1,0,Yancey,2022-07-14
0,7,3,4,0,Yancey,2022-02-24
0,3,3,0,0,Yancey,2022-05-29
0,9,3,6,0,Yancey,2022-06-29
0,7,4,3,0,Yancey,2022-02-23
0,5,4,1,0,Yancey,2022-05-10
0,7,4,3,0,Yancey,2022-05-13
0,7,4,3,0,Yancey,2022-06-08
0,6,4,2,0,Yancey,2022-06-11
0,7,4,3,0,Yancey,2022-06-23
0,12,5,7,0,Yancey,2022-06-01
0,11,5,6,0,Yancey,2022-06-27
0,9,6,3,0,Yancey,2022-02-15
1,8,0,8,0,Alamance,2022-03-11
1,8,0,8,0,Alamance,2022-03-15
1,7,0,7,0,Alamance,2022-03-23
1,2,0,2,0,Alamance,2022-03-26
1,13,1,12,0,Alamance,2022-03-07
1,5,1,4,0,Alamance,2022-03-12
1,21,1,20,0,Alamance,2022-04-30
1,15,2,13,0,Alamance,2022-02-25
1,7,2,5,0,Alamance,2022-04-03
1,27,2,25,0,Alamance,2022-06-05
1,17,3,14,0,Alamance,2022-04-04
1,24,3,21,0,Alamance,2022-04-22
1,34,3,31,0,Alamance,2022-04-27
1,29,3,26,0,Alamance,2022-05-29
1,23,3,20,0,Alamance,2022-06-18
1,14,4,10,0,Alamance,2022-02-26
1,19,5,14,0,Alamance,2022-04-21
1,44,6,38,0,Alamance,2022-04-29
1,26,7,19,0,Alamance,2022-04-07
1,37,9,28,0,Alamance,2022-04-19
1,27,10,17,0,Alamance,2022-04-20
1,7,0,7,0,Alexander,2022-02-23
1,3,0,3,0,Alexander,2022-03-12
1,2,0,2,0,Alexander,2022-03-15
1,2,0,2,0,Alexander,2022-04-05
1,3,0,3,0,Alexander,2022-05-04
1,3,0,3,0,Alexander,2022-05-05
1,3,0,3,0,Alexander,2022-05-12
1,5,0,5,0,Alexander,2022-05-27
1,1,0,1,0,Alexander,2022-06-17
1,1,1,0,0,Alexander,2022-03-13
1,1,1,0,0,Alexander,2022-04-06
1,2,1,1,0,Alexander,2022-04-12
1,5,1,4,0,Alexander,2022-04-27
1,6,1,5,0,Alexander,2022-06-03
1,8,1,7,0,Alexander,2022-06-09
1,9,1,8,0,Alexander,2022-06-13
1,4,1,3,0,Alexander,2022-06-15
1,8,1,7,0,Alexander,2022-06-20
1,1,1,0,0,Alexander,2022-06-26
1,7,1,6,0,Alexander,2022-07-01
1,7,1,6,0,Alexander,2022-07-04
1,8,2,6,0,Alexander,2022-02-28
1,2,2,0,0,Alexander,2022-03-22
1,9,2,7,0,Alexander,2022-07-07
1,6,3,3,0,Alexander,2022-04-28
1,6,3,3,0,Alexander,2022-05-03
1,11,3,8,0,Alexander,2022-05-19
1,8,3,5,0,Alexander,2022-05-23
1,6,3,3,0,Alexander,2022-06-02
1,10,3,7,0,Alexander,2022-06-07
1,18,4,14,0,Alexander,2022-02-11
1,8,4,4,0,Alexander,2022-06-10
1,13,5,8,0,Alexander,2022-02-14
1,15,7,8,0,Alexander,2022-02-21
1,3,0,3,0,Alleghany,2022-03-01
1,1,0,1,0,Alleghany,2022-03-23
1,3,0,3,0,Alleghany,2022-06-14
1,3,0,3,0,Alleghany,2022-06-15
1,2,0,2,0,Alleghany,2022-06-20
1,2,0,2,0,Alleghany,2022-07-10
1,4,0,4,0,Alleghany,2022-07-31
1,3,0,3,0,Alleghany,2022-08-06
1,8,1,7,0,Alleghany,2022-02-09
1,11,1,10,0,Alleghany,2022-02-14
1,6,1,5,0,Alleghany,2022-02-23
1,1,1,0,0,Alleghany,2022-03-30
1,1,1,0,0,Alleghany,2022-06-19
1,2,1,1,0,Alleghany,2022-06-22
1,5,1,4,0,Alleghany,2022-07-19
1,2,1,1,0,Alleghany,2022-07-27
1,2,1,1,0,Alleghany,2022-08-05
1,3,2,1,0,Alleghany,2022-03-09
1,2,2,0,0,Alleghany,2022-05-22
1,3,2,1,0,Alleghany,2022-05-27
1,2,2,0,0,Alleghany,2022-07-12
1,8,2,6,0,Alleghany,2022-07-18
1,2,2,0,0,Alleghany,2022-07-23
1,5,2,3,0,Alleghany,2022-08-01
1,5,3,2,0,Alleghany,2022-06-07
1,6,4,2,0,Alleghany,2022-05-23
1,11,5,6,0,Alleghany,2022-02-10
1,10,7,3,0,Alleghany,2022-02-15
1,3,0,3,0,Anson,2022-02-18
1,3,0,3,0,Anson,2022-02-25
1,1,0,1,0,Anson,2022-04-06
1,2,0,2,0,Anson,2022-04-20
1,3,0,3,0,Anson,2022-05-14
1,4,0,4,0,Anson,2022-06-03
1,10,0,10,0,Anson,2022-06-08
1,11,0,11,0,Anson,2022-06-17
1,5,0,5,0,Anson,2022-06-18
1,7,0,7,0,Anson,2022-06-26
1,2,0,2,0,Anson,2022-07-01
1,3,0,3,0,Anson,2022-07-03
1,7,0,7,0,Anson,2022-07-10
1,7,0,7,0,Anson,2022-07-16
1,5,0,5,0,Anson,2022-07-30
1,10,0,10,0,Anson,2022-08-05
1,8,0,8,0,Anson,2022-08-06
1,3,1,2,0,Anson,2022-05-17
1,7,1,6,0,Anson,2022-05-24
1,4,1,3,0,Anson,2022-05-28
1,5,1,4,0,Anson,2022-05-29
1,6,1,5,0,Anson,2022-06-01
1,14,1,13,0,Anson,2022-06-21
1,6,1,5,0,Anson,2022-07-04
1,3,2,1,0,Anson,2022-03-07
1,4,2,2,0,Anson,2022-06-05
1,5,2,3,0,Anson,2022-06-11
1,4,2,2,0,Anson,2022-06-30
1,8,2,6,0,Anson,2022-07-14
1,7,2,5,0,Anson,2022-07-23
1,9,3,6,0,Anson,2022-05-26
1,5,3,2,0,Anson,2022-06-23
1,6,5,1,0,Anson,2022-02-19
1,1,0,1,0,Ashe,2022-03-18
1,2,0,2,0,Ashe,2022-03-28
1,2,0,2,0,Ashe,2022-04-01
1,3,0,3,0,Ashe,2022-05-17
1,4,0,4,0,Ashe,2022-07-20
1,3,1,2,0,Ashe,2022-04-18
1,1,1,0,0,Ashe,2022-06-10
1,5,1,4,0,Ashe,2022-07-01
1,7,1,6,0,Ashe,2022-07-14
1,6,2,4,0,Ashe,2022-04-26
1,4,2,2,0,Ashe,2022-05-02
1,6,2,4,0,Ashe,2022-05-03
1,5,2,3,0,Ashe,2022-05-13
1,5,2,3,0,Ashe,2022-05-27
1,3,2,1,0,Ashe,2022-05-29
1,8,2,6,0,Ashe,2022-06-07
1,5,2,3,0,Ashe,2022-07-06
1,7,2,5,0,Ashe,2022-07-08
1,10,3,7,0,Ashe,2022-03-01
1,4,3,1,0,Ashe,2022-03-03
1,6,3,3,0,Ashe,2022-06-04
1,4,3,1,0,Ashe,2022-06-15
1,7,3,4,0,Ashe,2022-06-21
1,9,3,6,0,Ashe,2022-06-24
1,5,3,2,0,Ashe,2022-07-02
1,8,3,5,0,Ashe,2022-07-27
1,16,4,12,0,Ashe,2022-02-18
1,4,4,0,0,Ashe,2022-04-28
1,4,4,0,0,Ashe,2022-05-19
1,8,4,4,0,Ashe,2022-05-31
1,10,4,6,0,Ashe,2022-07-05
1,8,4,4,0,Ashe,2022-07-13
1,7,6,1,0,Ashe,2022-02-19
1,14,8,6,0,Ashe,2022-02-23
1,6,0,6,0,Avery,2022-03-03
1,1,0,1,0,Avery,2022-03-26
1,3,0,3,0,Avery,2022-05-16
1,2,0,2,0,Avery,2022-06-04
1,4,0,4,0,Avery,2022-07-02
1,2,0,2,0,Avery,2022-07-06
1,3,0,3,0,Avery,2022-08-05
1,7,1,6,0,Avery,2022-02-11
1,2,1,1,0,Avery,2022-02-27
1,2,1,1,0,Avery,2022-03-23
1,3,1,2,0,Avery,2022-05-14
1,4,1,3,0,Avery,2022-06-02
1,3,1,2,0,Avery,2022-06-16
1,5,1,4,0,Avery,2022-07-17
1,3,1,2,0,Avery,2022-07-24
1,7,2,5,0,Avery,2022-02-19
1,5,2,3,0,Avery,2022-02-24
1,3,2,1,0,Avery,2022-03-08
1,7,2,5,0,Avery,2022-03-10
1,3,2,1,0,Avery,2022-04-01
1,2,2,0,0,Avery,2022-05-26
1,7,2,5,0,Avery,2022-06-14
1,3,2,1,0,Avery,2022-06-22
1,9,2,7,0,Avery,2022-07-05
1,5,2,3,0,Avery,2022-07-08
1,13,2,11,0,Avery,2022-07-15
1,7,2,5,0,Avery,2022-07-26
1,4,2,2,0,Avery,2022-07-29
1,8,3,5,0,Avery,2022-07-18
1,14,4,10,0,Avery,2022-06-10
1,7,4,3,0,Avery,2022-06-18
1,6,4,2,0,Avery,2022-07-19
1,11,4,7,0,Avery,2022-07-22
1,12,6,6,0,Avery,2022-02-22
1,8,6,2,0,Avery,2022-06-07
1,9,8,1,0,Avery,2022-05-23
1,2,0,2,0,Beaufort,2022-03-09
1,2,0,2,0,Beaufort,2022-03-10
1,2,0,2,0,Beaufort,2022-03-16
1,2,0,2,0,Beaufort,2022-03-21
1,2,0,2,0,Beaufort,2022-04-06
1,4,0,4,0,Beaufort,2022-04-12
1,2,0,2,0,Beaufort,2022-04-24
1,6,0,6,0,Beaufort,2022-05-22
1,5,0,5,0,Beaufort,2022-06-19
1,5,0,5,0,Beaufort,2022-07-03
1,10,1,9,0,Beaufort,2022-02-24
1,5,1,4,0,Beaufort,2022-03-02
1,5,1,4,0,Beaufort,2022-04-23
1,9,1,8,0,Beaufort,2022-05-02
1,8,1,7,0,Beaufort,2022-05-04
1,14,1,13,0,Beaufort,2022-05-16
1,11,1,10,0,Beaufort,2022-06-20
1,6,1,5,0,Beaufort,2022-07-04
1,7,2,5,0,Beaufort,2022-04-27
1,8,2,6,0,Beaufort,2022-05-12
1,9,2,7,0,Beaufort,2022-05-25
1,9,2,7,0,Beaufort,2022-06-11
1,16,2,14,0,Beaufort,2022-06-22
1,8,3,5,0,Beaufort,2022-04-25
1,12,3,9,0,Beaufort,2022-05-17
1,19,3,16,0,Beaufort,2022-05-23
1,15,3,12,0,Beaufort,2022-05-24
1,6,3,3,0,Beaufort,2022-06-04
1,13,4,9,0,Beaufort,2022-05-19
1,8,4,4,0,Beaufort,2022-06-25
1,18,5,13,0,Beaufort,2022-06-01
1,29,6,23,0,Beaufort,2022-06-06
1,2,0,2,0,Bertie,2022-02-12
1,1,0,1,0,Bertie,2022-02-22
1,2,0,2,0,Bertie,2022-03-24
1,2,0,2,0,Bertie,2022-05-01
1,3,0,3,0,Bertie,2022-05-10
1,5,0,5,0,Bertie,2022-05-12
1,4,0,4,0,Bertie,2022-05-21
1,6,0,6,0,Bertie,2022-05-24
1,2,0,2,0,Bertie,2022-05-28
1,3,0,3,0,Bertie,2022-06-14
1,3,0,3,0,Bertie,2022-06-18
1,1,0,1,0,Bertie,2022-06-20
1,3,0,3,0,Bertie,2022-07-02
1,2,0,2,0,Bertie,2022-07-04
1,6,0,6,0,Bertie,2022-07-08
1,3,0,3,0,Bertie,2022-07-13
1,3,0,3,0,Bertie,2022-07-16
1,6,0,6,0,Bertie,2022-07-22
1,9,0,9,0,Bertie,2022-07-27
1,4,1,3,0,Bertie,2022-02-14
1,2,1,1,0,Bertie,2022-02-17
1,5,1,4,0,Bertie,2022-05-27
1,6,1,5,0,Bertie,2022-05-30
1,9,1,8,0,Bertie,2022-05-31
1,4,1,3,0,Bertie,2022-07-06
1,11,1,10,0,Bertie,2022-07-28
1,4,1,3,0,Bertie,2022-07-29
1,4,2,2,0,Bertie,2022-05-25
1,7,2,5,0,Bertie,2022-06-15
1,9,2,7,0,Bertie,2022-06-16
1,14,2,12,0,Bertie,2022-07-19
1,8,2,6,0,Bertie,2022-07-25
1,6,2,4,0,Bertie,2022-08-06
1,13,3,10,0,Bertie,2022-08-02
1,4,0,4,0,Bladen,2022-02-12
1,2,0,2,0,Bladen,2022-03-09
1,3,0,3,0,Bladen,2022-03-14
1,1,0,1,0,Bladen,2022-04-20
1,4,0,4,0,Bladen,2022-05-04
1,3,0,3,0,Bladen,2022-06-25
1,7,1,6,0,Bladen,2022-02-19
1,4,1,3,0,Bladen,2022-04-22
1,3,1,2,0,Bladen,2022-04-26
1,6,1,5,0,Bladen,2022-04-27
1,5,1,4,0,Bladen,2022-05-22
1,12,1,11,0,Bladen,2022-06-02
1,9,1,8,0,Bladen,2022-07-16
1,5,1,4,0,Bladen,2022-07-17
1,5,1,4,0,Bladen,2022-07-30
1,20,1,19,0,Bladen,2022-08-04
1,7,2,5,0,Bladen,2022-02-20
1,10,2,8,0,Bladen,2022-05-09
1,14,2,12,0,Bladen,2022-06-08
1,12,2,10,0,Bladen,2022-06-28
1,8,2,6,0,Bladen,2022-07-09
1,26,2,24,0,Bladen,2022-07-21
1,9,2,7,0,Bladen,2022-07-23
1,9,3,6,0,Bladen,2022-02-18
1,21,3,18,0,Bladen,2022-07-01
1,34,6,28,0,Bladen,2022-07-06
1,19,8,11,0,Bladen,2022-06-06
1,20,9,11,0,Bladen,2022-08-01
1,5,0,5,0,Brunswick,2022-03-16
1,11,0,11,0,Brunswick,2022-03-30
1,17,1,16,0,Brunswick,2022-02-26
1,4,1,3,0,Brunswick,2022-03-14
1,19,2,17,0,Brunswick,2022-04-11
1,13,3,10,0,Brunswick,2022-04-06
1,33,4,29,0,Brunswick,2022-05-14
1,32,4,28,0,Brunswick,2022-06-18
1,42,6,36,0,Brunswick,2022-02-17
1,30,6,24,0,Brunswick,2022-06-12
1,25,7,18,0,Brunswick,2022-05-21
1,32,8,24,0,Brunswick,2022-04-28
1,39,9,30,0,Brunswick,2022-07-17
1,53,10,43,0,Brunswick,2022-05-19
1,18,4,14,0,Buncombe,2022-02-27
1,9,4,5,0,Buncombe,2022-03-27
1,17,7,10,0,Buncombe,2022-03-11
1,22,7,15,0,Buncombe,2022-04-17
1,34,8,26,0,Buncombe,2022-04-08
1,41,12,29,0,Buncombe,2022-06-19
1,25,13,12,0,Buncombe,2022-03-31
1,52,13,39,0,Buncombe,2022-06-04
1,44,15,29,0,Buncombe,2022-03-01
1,111,45,66,0,Buncombe,2022-05-13
1,5,0,5,0,Burke,2022-04-11
1,6,0,6,0,Burke,2022-05-21
1,14,0,14,0,Burke,2022-06-03
1,5,0,5,0,Burke,2022-06-11
1,15,0,15,0,Burke,2022-06-19
1,6,1,5,0,Burke,2022-03-04
1,9,1,8,0,Burke,2022-05-07
1,16,1,15,0,Burke,2022-05-12
1,18,1,17,0,Burke,2022-05-22
1,7,2,5,0,Burke,2022-03-31
1,16,2,14,0,Burke,2022-06-17
1,29,2,27,0,Burke,2022-06-22
1,17,3,14,0,Burke,2022-02-24
1,10,3,7,0,Burke,2022-03-03
1,6,3,3,0,Burke,2022-03-29
1,11,3,8,0,Burke,2022-04-29
1,12,3,9,0,Burke,2022-05-06
1,17,3,14,0,Burke,2022-07-03
1,10,4,6,0,Burke,2022-04-13
1,16,4,12,0,Burke,2022-05-29
1,26,4,22,0,Burke,2022-05-31
1,22,5,17,0,Burke,2022-05-17
1,15,6,9,0,Burke,2022-05-02
1,23,6,17,0,Burke,2022-07-27
1,27,7,20,0,Burke,2022-05-18
1,22,9,13,0,Burke,2022-05-13
1,19,9,10,0,Burke,2022-05-27
1,6,0,6,0,Cabarrus,2022-03-19
1,7,0,7,0,Cabarrus,2022-04-03
1,6,1,5,0,Cabarrus,2022-03-16
1,5,2,3,0,Cabarrus,2022-03-21
1,6,2,4,0,Cabarrus,2022-03-31
1,7,2,5,0,Cabarrus,2022-04-05
1,13,3,10,0,Cabarrus,2022-04-04
1,13,4,9,0,Cabarrus,2022-03-08
1,9,5,4,0,Cabarrus,2022-03-04
1,12,5,7,0,Cabarrus,2022-03-28
1,12,5,7,0,Cabarrus,2022-04-08
1,9,7,2,0,Cabarrus,2022-04-06
1,13,0,13,0,Caldwell,2022-02-28
1,3,0,3,0,Caldwell,2022-03-10
1,3,0,3,0,Caldwell,2022-03-14
1,2,0,2,0,Caldwell,2022-03-16
1,2,0,2,0,Caldwell,2022-03-22
1,4,0,4,0,Caldwell,2022-04-04
1,6,0,6,0,Caldwell,2022-04-15
1,3,0,3,0,Caldwell,2022-04-16
1,6,0,6,0,Caldwell,2022-04-29
1,5,0,5,0,Caldwell,2022-05-08
1,14,0,14,0,Caldwell,2022-06-05
1,10,1,9,0,Caldwell,2022-04-27
1,4,1,3,0,Caldwell,2022-05-03
1,4,1,3,0,Caldwell,2022-05-04
1,11,1,10,0,Caldwell,2022-05-05
1,7,1,6,0,Caldwell,2022-05-06
1,13,1,12,0,Caldwell,2022-05-09
1,12,1,11,0,Caldwell,2022-05-13
1,9,1,8,0,Caldwell,2022-05-30
1,32,2,30,0,Caldwell,2022-02-16
1,8,2,6,0,Caldwell,2022-05-21
1,21,2,19,0,Caldwell,2022-05-27
1,26,3,23,0,Caldwell,2022-02-12
1,17,3,14,0,Caldwell,2022-02-20
1,12,3,9,0,Caldwell,2022-05-15
1,15,3,12,0,Caldwell,2022-05-23
1,14,3,11,0,Caldwell,2022-07-04
1,22,4,18,0,Caldwell,2022-05-17
1,3,0,3,0,Camden,2022-02-16
1,1,0,1,0,Camden,2022-02-19
1,2,0,2,0,Camden,2022-05-16
1,3,0,3,0,Camden,2022-05-31
1,2,0,2,0,Camden,2022-06-10
1,1,0,1,0,Camden,2022-06-21
1,5,0,5,0,Camden,2022-06-30
1,1,0,1,0,Camden,2022-07-13
1,1,0,1,0,Camden,2022-07-14
1,2,0,2,0,Camden,2022-07-24
1,2,1,1,0,Camden,2022-02-08
1,4,1,3,0,Camden,2022-06-27
1,4,1,3,0,Camden,2022-07-27
1,3,2,1,0,Camden,2022-04-28
1,4,2,2,0,Camden,2022-05-23
1,4,2,2,0,Camden,2022-06-29
1,3,2,1,0,Camden,2022-08-04
1,5,3,2,0,Camden,2022-07-25
1,3,0,3,0,Carteret,2022-03-27
1,6,1,5,0,Carteret,2022-02-20
1,2,1,1,0,Carteret,2022-03-30
1,3,1,2,0,Carteret,2022-04-09
1,8,1,7,0,Carteret,2022-05-01
1,12,1,11,0,Carteret,2022-06-12
1,9,2,7,0,Carteret,2022-03-01
1,11,2,9,0,Carteret,2022-03-02
1,6,2,4,0,Carteret,2022-03-08
1,2,2,0,0,Carteret,2022-04-03
1,8,2,6,0,Carteret,2022-05-30
1,16,3,13,0,Carteret,2022-05-12
1,6,4,2,0,Carteret,2022-04-13
1,5,4,1,0,Carteret,2022-04-19
1,13,4,9,0,Carteret,2022-05-22
1,13,5,8,0,Carteret,2022-06-19
1,22,5,17,0,Carteret,2022-08-05
1,12,6,6,0,Carteret,2022-05-02
1,17,7,10,0,Carteret,2022-02-24
1,15,8,7,0,Carteret,2022-02-18
1,20,8,12,0,Carteret,2022-06-10
1,22,11,11,0,Carteret,2022-06-15
1,40,20,20,0,Carteret,2022-06-21
1,5,0,5,0,Caswell,2022-02-24
1,1,0,1,0,Caswell,2022-03-10
1,1,0,1,0,Caswell,2022-03-31
1,4,0,4,0,Caswell,2022-05-02
1,2,0,2,0,Caswell,2022-05-20
1,9,0,9,0,Caswell,2022-05-27
1,7,0,7,0,Caswell,2022-05-29
1,7,0,7,0,Caswell,2022-06-03
1,4,0,4,0,Caswell,2022-06-26
1,4,0,4,0,Caswell,2022-07-15
1,9,0,9,0,Caswell,2022-07-17
1,8,0,8,0,Caswell,2022-07-25
1,4,0,4,0,Caswell,2022-07-31
1,7,1,6,0,Caswell,2022-05-13
1,9,1,8,0,Caswell,2022-05-18
1,5,1,4,0,Caswell,2022-05-19
1,8,1,7,0,Caswell,2022-05-25
1,4,1,3,0,Caswell,2022-06-12
1,7,1,6,0,Caswell,2022-06-21
1,6,1,5,0,Caswell,2022-06-23
1,5,1,4,0,Caswell,2022-07-19
1,3,2,1,0,Caswell,2022-02-19
1,6,2,4,0,Caswell,2022-05-05
1,9,2,7,0,Caswell,2022-05-10
1,4,2,2,0,Caswell,2022-05-30
1,8,2,6,0,Caswell,2022-06-16
1,6,2,4,0,Caswell,2022-07-07
1,7,2,5,0,Caswell,2022-07-22
1,13,3,10,0,Caswell,2022-05-09
1,9,4,5,0,Caswell,2022-07-26
1,3,1,2,0,Catawba,2022-04-06
1,13,2,11,0,Catawba,2022-03-06
1,3,2,1,0,Catawba,2022-03-12
1,6,2,4,0,Catawba,2022-03-28
1,6,3,3,0,Catawba,2022-03-16
1,4,3,1,0,Catawba,2022-04-12
1,7,4,3,0,Catawba,2022-03-21
1,11,4,7,0,Catawba,2022-04-11
1,11,4,7,0,Catawba,2022-04-19
1,9,4,5,0,Catawba,2022-04-26
1,10,4,6,0,Catawba,2022-04-29
1,22,4,18,0,Catawba,2022-06-04
1,8,6,2,0,Catawba,2022-03-13
1,9,6,3,0,Catawba,2022-03-24
1,22,8,14,0,Catawba,2022-04-27
1,16,8,8,0,Catawba,2022-05-30
1,15,9,6,0,Catawba,2022-03-01
1,27,9,18,0,Catawba,2022-05-06
1,41,16,25,0,Catawba,2022-05-09
1,24,19,5,0,Catawba,2022-05-05
1,11,0,11,0,Chatham,2022-03-02
1,7,0,7,0,Chatham,2022-03-11
1,1,0,1,0,Chatham,2022-03-23
1,1,0,1,0,Chatham,2022-03-25
1,12,0,12,0,Chatham,2022-04-19
1,14,0,14,0,Chatham,2022-06-04
1,5,1,4,0,Chatham,2022-02-19
1,8,1,7,0,Chatham,2022-03-04
1,8,1,7,0,Chatham,2022-03-08
1,7,1,6,0,Chatham,2022-03-14
1,5,1,4,0,Chatham,2022-04-04
1,8,1,7,0,Chatham,2022-04-21
1,16,1,15,0,Chatham,2022-05-14
1,15,1,14,0,Chatham,2022-05-21
1,8,1,7,0,Chatham,2022-05-29
1,14,1,13,0,Chatham,2022-05-30
1,10,1,9,0,Chatham,2022-06-05
1,29,1,28,0,Chatham,2022-06-21
1,3,1,2,0,Chatham,2022-07-04
1,16,1,15,0,Chatham,2022-07-24
1,26,2,24,0,Chatham,2022-02-10
1,9,2,7,0,Chatham,2022-04-05
1,16,2,14,0,Chatham,2022-04-28
1,18,2,16,0,Chatham,2022-04-29
1,10,2,8,0,Chatham,2022-06-26
1,7,3,4,0,Chatham,2022-03-03
1,23,3,20,0,Chatham,2022-05-12
1,24,3,21,0,Chatham,2022-06-06
1,17,3,14,0,Chatham,2022-06-09
1,22,3,19,0,Chatham,2022-07-13
1,9,4,5,0,Chatham,2022-03-21
1,33,4,29,0,Chatham,2022-05-17
1,35,4,31,0,Chatham,2022-05-20
1,14,4,10,0,Chatham,2022-07-09
1,25,4,21,0,Chatham,2022-07-12
1,28,5,23,0,Chatham,2022-05-09
1,24,5,19,0,Chatham,2022-05-25
1,18,5,13,0,Chatham,2022-05-28
1,31,5,26,0,Chatham,2022-07-27
1,18,6,12,0,Chatham,2022-04-20
1,29,6,23,0,Chatham,2022-05-05
1,24,6,18,0,Chatham,2022-07-23
1,35,11,24,0,Chatham,2022-02-14
1,6,0,6,0,Cherokee,2022-02-19
1,1,0,1,0,Cherokee,2022-04-21
1,3,0,3,0,Cherokee,2022-05-17
1,2,0,2,0,Cherokee,2022-05-19
1,5,0,5,0,Cherokee,2022-05-22
1,1,0,1,0,Cherokee,2022-05-24
1,6,0,6,0,Cherokee,2022-05-27
1,5,0,5,0,Cherokee,2022-06-12
1,2,0,2,0,Cherokee,2022-06-25
1,2,0,2,0,Cherokee,2022-07-10
1,7,0,7,0,Cherokee,2022-07-23
1,4,1,3,0,Cherokee,2022-03-03
1,4,1,3,0,Cherokee,2022-03-09
1,2,1,1,0,Cherokee,2022-04-27
1,4,1,3,0,Cherokee,2022-05-31
1,5,1,4,0,Cherokee,2022-06-03
1,6,1,5,0,Cherokee,2022-06-08
1,5,1,4,0,Cherokee,2022-06-30
1,8,1,7,0,Cherokee,2022-07-09
1,5,1,4,0,Cherokee,2022-08-06
1,7,2,5,0,Cherokee,2022-02-18
1,9,2,7,0,Cherokee,2022-02-24
1,11,2,9,0,Cherokee,2022-06-21
1,7,2,5,0,Cherokee,2022-06-22
1,10,2,8,0,Cherokee,2022-07-06
1,7,2,5,0,Cherokee,2022-07-07
1,7,3,4,0,Cherokee,2022-06-01
1,8,3,5,0,Cherokee,2022-06-19
1,10,3,7,0,Cherokee,2022-06-27
1,23,4,19,0,Cherokee,2022-02-09
1,14,4,10,0,Cherokee,2022-08-02
1,13,5,8,0,Cherokee,2022-07-01
1,10,5,5,0,Cherokee,2022-07-29
1,2,0,2,0,Chowan,2022-02-10
1,1,0,1,0,Chowan,2022-02-23
1,1,0,1,0,Chowan,2022-03-02
1,1,0,1,0,Chowan,2022-03-11
1,1,0,1,0,Chowan,2022-04-28
1,4,0,4,0,Chowan,2022-05-03
1,3,0,3,0,Chowan,2022-05-05
1,4,0,4,0,Chowan,2022-05-11
1,6,0,6,0,Chowan,2022-05-17
1,1,0,1,0,Chowan,2022-05-21
1,8,0,8,0,Chowan,2022-05-27
1,1,0,1,0,Chowan,2022-05-30
1,5,0,5,0,Chowan,2022-06-01
1,4,0,4,0,Chowan,2022-06-06
1,2,0,2,0,Chowan,2022-06-07
1,5,0,5,0,Chowan,2022-06-08
1,5,0,5,0,Chowan,2022-06-13
1,5,0,5,0,Chowan,2022-06-16
1,3,0,3,0,Chowan,2022-06-20
1,5,0,5,0,Chowan,2022-06-23
1,10,0,10,0,Chowan,2022-06-27
1,2,0,2,0,Chowan,2022-06-29
1,2,0,2,0,Chowan,2022-06-30
1,4,0,4,0,Chowan,2022-07-01
1,2,0,2,0,Chowan,2022-07-03
1,4,0,4,0,Chowan,2022-07-07
1,8,0,8,0,Chowan,2022-07-08
1,5,0,5,0,Chowan,2022-07-15
1,2,0,2,0,Chowan,2022-07-17
1,25,0,25,0,Chowan,2022-07-18
1,10,0,10,0,Chowan,2022-07-21
1,6,0,6,0,Chowan,2022-07-22
1,5,0,5,0,Chowan,2022-07-24
1,3,0,3,0,Chowan,2022-07-26
1,2,0,2,0,Chowan,2022-07-29
1,7,0,7,0,Chowan,2022-08-02
1,6,0,6,0,Chowan,2022-08-03
1,8,0,8,0,Chowan,2022-08-05
1,2,1,1,0,Chowan,2022-04-22
1,5,1,4,0,Chowan,2022-05-10
1,6,1,5,0,Chowan,2022-05-24
1,2,1,1,0,Chowan,2022-05-28
1,4,1,3,0,Chowan,2022-06-02
1,4,1,3,0,Chowan,2022-07-31
1,7,3,4,0,Chowan,2022-06-26
1,8,0,8,0,Clay,2022-02-18
1,2,0,2,0,Clay,2022-03-07
1,1,0,1,0,Clay,2022-03-10
1,1,0,1,0,Clay,2022-03-18
1,4,0,4,0,Clay,2022-04-18
1,2,0,2,0,Clay,2022-05-08
1,1,0,1,0,Clay,2022-05-29
1,3,0,3,0,Clay,2022-06-05
1,1,0,1,0,Clay,2022-06-13
1,2,0,2,0,Clay,2022-06-16
1,6,0,6,0,Clay,2022-07-07
1,2,0,2,0,Clay,2022-07-09
1,4,0,4,0,Clay,2022-07-15
1,5,0,5,0,Clay,2022-07-29
1,7,0,7,0,Clay,2022-08-04
1,5,1,4,0,Clay,2022-05-27
1,6,1,5,0,Clay,2022-06-09
1,6,1,5,0,Clay,2022-07-05
1,6,1,5,0,Clay,2022-07-14
1,8,1,7,0,Clay,2022-07-22
1,4,1,3,0,Clay,2022-07-27
1,8,1,7,0,Clay,2022-07-28
1,4,2,2,0,Clay,2022-07-16
1,3,2,1,0,Clay,2022-07-24
1,5,3,2,0,Clay,2022-06-10
1,9,3,6,0,Clay,2022-06-20
1,9,7,2,0,Clay,2022-07-25
1,5,0,5,0,Cleveland,2022-03-16
1,3,0,3,0,Cleveland,2022-03-31
1,6,0,6,0,Cleveland,2022-05-01
1,9,1,8,0,Cleveland,2022-03-02
1,5,1,4,0,Cleveland,2022-04-22
1,7,1,6,0,Cleveland,2022-04-24
1,10,1,9,0,Cleveland,2022-05-04
1,18,1,17,0,Cleveland,2022-06-04
1,10,2,8,0,Cleveland,2022-04-20
1,15,2,13,0,Cleveland,2022-05-13
1,19,2,17,0,Cleveland,2022-05-18
1,10,3,7,0,Cleveland,2022-04-21
1,23,3,20,0,Cleveland,2022-05-25
1,19,4,15,0,Cleveland,2022-05-27
1,1,0,1,0,Columbus,2022-04-02
1,4,0,4,0,Columbus,2022-04-18
1,2,0,2,0,Columbus,2022-04-22
1,3,1,2,0,Columbus,2022-02-20
1,4,1,3,0,Columbus,2022-03-02
1,6,1,5,0,Columbus,2022-03-08
1,1,1,0,0,Columbus,2022-04-12
1,2,1,1,0,Columbus,2022-05-01
1,7,1,6,0,Columbus,2022-05-11
1,2,1,1,0,Columbus,2022-05-14
1,9,1,8,0,Columbus,2022-05-27
1,2,1,1,0,Columbus,2022-06-04
1,7,1,6,0,Columbus,2022-07-30
1,7,2,5,0,Columbus,2022-02-22
1,2,2,0,0,Columbus,2022-03-14
1,6,2,4,0,Columbus,2022-05-06
1,5,2,3,0,Columbus,2022-05-30
1,7,2,5,0,Columbus,2022-07-02
1,11,3,8,0,Columbus,2022-02-18
1,10,3,7,0,Columbus,2022-06-26
1,11,3,8,0,Columbus,2022-07-08
1,7,4,3,0,Columbus,2022-02-24
1,7,5,2,0,Columbus,2022-05-03
1,14,5,9,0,Columbus,2022-06-07
1,12,5,7,0,Columbus,2022-06-08
1,11,6,5,0,Columbus,2022-02-23
1,14,7,7,0,Columbus,2022-06-16
1,16,7,9,0,Columbus,2022-07-29
1,16,10,6,0,Columbus,2022-06-02
1,15,12,3,0,Columbus,2022-06-01
1,5,0,5,0,Craven,2022-04-16
1,3,1,2,0,Craven,2022-03-05
1,7,1,6,0,Craven,2022-04-17
1,13,1,12,0,Craven,2022-08-06
1,12,2,10,0,Craven,2022-03-01
1,7,2,5,0,Craven,2022-03-06
1,5,2,3,0,Craven,2022-03-10
1,3,2,1,0,Craven,2022-03-25
1,3,2,1,0,Craven,2022-03-29
1,7,2,5,0,Craven,2022-04-11
1,10,4,6,0,Craven,2022-04-14
1,18,4,14,0,Craven,2022-04-25
1,18,4,14,0,Craven,2022-04-26
1,19,4,15,0,Craven,2022-06-25
1,18,5,13,0,Craven,2022-04-19
1,21,5,16,0,Craven,2022-06-18
1,8,6,2,0,Craven,2022-04-30
1,15,7,8,0,Craven,2022-05-07
1,21,7,14,0,Craven,2022-06-11
1,16,8,8,0,Craven,2022-06-04
1,25,8,17,0,Craven,2022-07-02
1,41,14,27,0,Craven,2022-05-20
1,30,15,15,0,Craven,2022-05-05
1,39,24,15,0,Craven,2022-05-13
1,11,2,9,0,Cumberland,2022-03-12
1,14,2,12,0,Cumberland,2022-03-17
1,22,2,20,0,Cumberland,2022-03-22
1,14,2,12,0,Cumberland,2022-03-23
1,17,2,15,0,Cumberland,2022-03-25
1,7,2,5,0,Cumberland,2022-03-26
1,10,2,8,0,Cumberland,2022-03-30
1,11,3,8,0,Cumberland,2022-04-10
1,9,4,5,0,Cumberland,2022-04-09
1,19,5,14,0,Cumberland,2022-04-04
1,15,6,9,0,Cumberland,2022-03-29
1,25,6,19,0,Cumberland,2022-04-08
1,25,9,16,0,Cumberland,2022-05-07
1,60,15,45,0,Cumberland,2022-05-06
1,3,0,3,0,Currituck,2022-02-22
1,2,0,2,0,Currituck,2022-03-25
1,2,0,2,0,Currituck,2022-04-03
1,3,0,3,0,Currituck,2022-04-07
1,2,0,2,0,Currituck,2022-04-28
1,6,0,6,0,Currituck,2022-05-22
1,6,0,6,0,Currituck,2022-06-02
1,5,0,5,0,Currituck,2022-06-13
1,6,0,6,0,Currituck,2022-06-14
1,5,0,5,0,Currituck,2022-06-24
1,10,0,10,0,Currituck,2022-07-05
1,6,0,6,0,Currituck,2022-07-21
1,5,0,5,0,Currituck,2022-07-27
1,2,0,2,0,Currituck,2022-08-02
1,2,1,1,0,Currituck,2022-03-05
1,2,1,1,0,Currituck,2022-03-10
1,1,1,0,0,Currituck,2022-05-02
1,9,1,8,0,Currituck,2022-05-27
1,5,1,4,0,Currituck,2022-05-29
1,4,1,3,0,Currituck,2022-06-03
1,4,1,3,0,Currituck,2022-06-15
1,6,1,5,0,Currituck,2022-06-20
1,7,1,6,0,Currituck,2022-06-29
1,10,1,9,0,Currituck,2022-06-30
1,3,1,2,0,Currituck,2022-07-03
1,7,2,5,0,Currituck,2022-05-18
1,8,2,6,0,Currituck,2022-06-26
1,11,2,9,0,Currituck,2022-07-11
1,10,2,8,0,Currituck,2022-07-18
1,16,2,14,0,Currituck,2022-08-01
1,6,2,4,0,Currituck,2022-08-06
1,3,3,0,0,Currituck,2022-03-03
1,5,3,2,0,Currituck,2022-05-08
1,11,3,8,0,Currituck,2022-05-16
1,7,3,4,0,Currituck,2022-06-08
1,6,3,3,0,Currituck,2022-07-10
1,14,0,14,0,Dare,2022-02-10
1,7,0,7,0,Dare,2022-02-13
1,9,0,9,0,Dare,2022-02-14
1,16,0,16,0,Dare,2022-02-15
1,12,0,12,0,Dare,2022-02-16
1,13,0,13,0,Dare,2022-02-17
1,9,0,9,0,Dare,2022-02-18
1,6,0,6,0,Dare,2022-02-22
1,6,0,6,0,Dare,2022-03-07
1,3,0,3,0,Dare,2022-03-13
1,1,0,1,0,Dare,2022-03-17
1,1,0,1,0,Dare,2022-03-31
1,2,0,2,0,Dare,2022-04-09
1,4,0,4,0,Dare,2022-04-13
1,6,0,6,0,Dare,2022-04-15
1,3,0,3,0,Dare,2022-04-17
1,7,0,7,0,Dare,2022-04-19
1,11,0,11,0,Dare,2022-05-04
1,13,0,13,0,Dare,2022-05-09
1,9,0,9,0,Dare,2022-05-21
1,15,0,15,0,Dare,2022-05-29
1,12,0,12,0,Dare,2022-06-05
1,23,0,23,0,Dare,2022-06-08
1,8,0,8,0,Dare,2022-06-09
1,7,0,7,0,Dare,2022-06-12
1,15,0,15,0,Dare,2022-06-17
1,6,0,6,0,Dare,2022-06-18
1,5,0,5,0,Dare,2022-06-23
1,5,0,5,0,Dare,2022-06-24
1,13,0,13,0,Dare,2022-06-26
1,17,0,17,0,Dare,2022-06-28
1,14,0,14,0,Dare,2022-07-03
1,9,0,9,0,Dare,2022-07-04
1,16,0,16,0,Dare,2022-07-10
1,11,0,11,0,Dare,2022-07-14
1,12,0,12,0,Dare,2022-07-20
1,21,0,21,0,Dare,2022-07-25
1,5,0,5,0,Dare,2022-07-26
1,11,0,11,0,Dare,2022-07-28
1,11,0,11,0,Dare,2022-07-30
1,7,0,7,0,Dare,2022-08-02
1,17,1,16,0,Dare,2022-02-08
1,19,1,18,0,Dare,2022-05-13
1,7,1,6,0,Dare,2022-06-22
1,12,1,11,0,Dare,2022-07-22
1,9,2,7,0,Dare,2022-07-13
1,3,0,3,0,Davidson,2022-03-12
1,4,0,4,0,Davidson,2022-03-15
1,5,0,5,0,Davidson,2022-04-03
1,3,0,3,0,Davidson,2022-04-17
1,10,0,10,0,Davidson,2022-04-30
1,4,1,3,0,Davidson,2022-03-14
1,7,1,6,0,Davidson,2022-04-14
1,15,1,14,0,Davidson,2022-05-01
1,5,2,3,0,Davidson,2022-03-18
1,21,2,19,0,Davidson,2022-07-03
1,11,3,8,0,Davidson,2022-02-25
1,8,3,5,0,Davidson,2022-03-11
1,8,3,5,0,Davidson,2022-04-08
1,12,3,9,0,Davidson,2022-04-16
1,23,3,20,0,Davidson,2022-05-06
1,12,4,8,0,Davidson,2022-03-01
1,16,4,12,0,Davidson,2022-03-07
1,9,4,5,0,Davidson,2022-04-10
1,12,4,8,0,Davidson,2022-04-12
1,26,6,20,0,Davidson,2022-02-28
1,15,6,9,0,Davidson,2022-03-03
1,19,6,13,0,Davidson,2022-04-11
1,6,0,6,0,Davie,2022-02-12
1,2,0,2,0,Davie,2022-04-09
1,9,0,9,0,Davie,2022-05-29
1,4,0,4,0,Davie,2022-06-11
1,3,1,2,0,Davie,2022-03-15
1,6,1,5,0,Davie,2022-03-16
1,3,1,2,0,Davie,2022-04-11
1,8,1,7,0,Davie,2022-05-30
1,11,1,10,0,Davie,2022-07-10
1,4,2,2,0,Davie,2022-03-21
1,7,2,5,0,Davie,2022-05-21
1,7,2,5,0,Davie,2022-07-30
1,20,3,17,0,Davie,2022-02-10
1,9,3,6,0,Davie,2022-02-20
1,4,3,1,0,Davie,2022-03-29
1,13,3,10,0,Davie,2022-06-21
1,10,3,7,0,Davie,2022-07-15
1,9,3,6,0,Davie,2022-07-16
1,6,4,2,0,Davie,2022-03-14
1,13,4,9,0,Davie,2022-06-28
1,11,4,7,0,Davie,2022-07-08
1,7,5,2,0,Davie,2022-04-29
1,11,5,6,0,Davie,2022-07-24
1,11,6,5,0,Davie,2022-05-03
1,17,6,11,0,Davie,2022-05-06
1,17,6,11,0,Davie,2022-06-09
1,14,6,8,0,Davie,2022-06-30
1,23,7,16,0,Davie,2022-06-01
1,17,9,8,0,Davie,2022-05-24
1,23,10,13,0,Davie,2022-05-23
1,26,11,15,0,Davie,2022-05-10
1,1,0,1,0,Duplin,2022-04-07
1,2,0,2,0,Duplin,2022-04-18
1,3,0,3,0,Duplin,2022-04-24
1,5,0,5,0,Duplin,2022-06-19
1,5,1,4,0,Duplin,2022-02-27
1,2,1,1,0,Duplin,2022-03-24
1,2,1,1,0,Duplin,2022-04-15
1,4,1,3,0,Duplin,2022-04-19
1,3,1,2,0,Duplin,2022-04-25
1,3,1,2,0,Duplin,2022-05-04
1,6,1,5,0,Duplin,2022-05-10
1,10,1,9,0,Duplin,2022-05-13
1,7,1,6,0,Duplin,2022-05-22
1,10,2,8,0,Duplin,2022-02-23
1,6,2,4,0,Duplin,2022-02-28
1,4,2,2,0,Duplin,2022-04-21
1,4,2,2,0,Duplin,2022-05-07
1,10,2,8,0,Duplin,2022-06-09
1,12,2,10,0,Duplin,2022-06-11
1,6,2,4,0,Duplin,2022-06-24
1,6,3,3,0,Duplin,2022-02-24
1,3,3,0,0,Duplin,2022-04-04
1,14,3,11,0,Duplin,2022-06-17
1,11,4,7,0,Duplin,2022-02-17
1,14,4,10,0,Duplin,2022-02-21
1,8,4,4,0,Duplin,2022-05-05
1,9,4,5,0,Duplin,2022-06-02
1,5,5,0,0,Duplin,2022-05-27
1,16,5,11,0,Duplin,2022-08-06
1,26,6,20,0,Duplin,2022-02-14
1,19,6,13,0,Duplin,2022-02-16
1,18,6,12,0,Duplin,2022-07-16
1,16,7,9,0,Duplin,2022-05-16
1,20,9,11,0,Duplin,2022-02-11
1,16,10,6,0,Duplin,2022-05-23
1,20,10,10,0,Duplin,2022-05-31
1,22,15,7,0,Duplin,2022-06-14
1,46,1,45,0,Durham,2022-02-20
1,28,1,27,0,Durham,2022-03-07
1,48,2,46,0,Durham,2022-03-02
1,12,2,10,0,Durham,2022-03-27
1,32,3,29,0,Durham,2022-03-28
1,34,3,31,0,Durham,2022-04-17
1,58,5,53,0,Durham,2022-04-04
1,4,0,4,0,Edgecombe,2022-02-23
1,4,0,4,0,Edgecombe,2022-02-26
1,4,0,4,0,Edgecombe,2022-03-01
1,5,0,5,0,Edgecombe,2022-03-15
1,2,0,2,0,Edgecombe,2022-04-05
1,2,0,2,0,Edgecombe,2022-04-09
1,4,0,4,0,Edgecombe,2022-04-19
1,2,0,2,0,Edgecombe,2022-04-24
1,1,0,1,0,Edgecombe,2022-05-05
1,8,0,8,0,Edgecombe,2022-05-10
1,14,0,14,0,Edgecombe,2022-05-24
1,25,1,24,0,Edgecombe,2022-02-09
1,17,1,16,0,Edgecombe,2022-02-10
1,13,1,12,0,Edgecombe,2022-02-16
1,3,1,2,0,Edgecombe,2022-03-09
1,2,1,1,0,Edgecombe,2022-03-24
1,7,1,6,0,Edgecombe,2022-05-28
1,12,1,11,0,Edgecombe,2022-05-30
1,12,1,11,0,Edgecombe,2022-06-16
1,2,2,0,0,Edgecombe,2022-03-28
1,7,2,5,0,Edgecombe,2022-05-04
1,8,2,6,0,Edgecombe,2022-05-21
1,11,2,9,0,Edgecombe,2022-05-22
1,13,2,11,0,Edgecombe,2022-06-03
1,8,2,6,0,Edgecombe,2022-07-03
1,3,3,0,0,Edgecombe,2022-04-11
1,7,3,4,0,Edgecombe,2022-05-03
1,20,3,17,0,Edgecombe,2022-06-07
1,16,3,13,0,Edgecombe,2022-08-06
1,6,4,2,0,Edgecombe,2022-03-21
1,15,4,11,0,Edgecombe,2022-05-12
1,10,1,9,0,Forsyth,2022-03-19
1,9,1,8,0,Forsyth,2022-04-02
1,9,2,7,0,Forsyth,2022-03-26
1,37,2,35,0,Forsyth,2022-04-13
1,18,3,15,0,Forsyth,2022-04-17
1,17,4,13,0,Forsyth,2022-03-22
1,18,5,13,0,Forsyth,2022-04-10
1,33,8,25,0,Forsyth,2022-04-11
1,5,0,5,0,Franklin,2022-02-26
1,1,0,1,0,Franklin,2022-03-16
1,3,0,3,0,Franklin,2022-03-28
1,2,0,2,0,Franklin,2022-04-02
1,1,0,1,0,Franklin,2022-04-06
1,8,0,8,0,Franklin,2022-04-28
1,9,0,9,0,Franklin,2022-05-08
1,19,0,19,0,Franklin,2022-05-22
1,5,0,5,0,Franklin,2022-06-05
1,12,1,11,0,Franklin,2022-02-20
1,8,1,7,0,Franklin,2022-03-03
1,1,1,0,0,Franklin,2022-03-18
1,4,1,3,0,Franklin,2022-03-31
1,4,1,3,0,Franklin,2022-04-17
1,14,1,13,0,Franklin,2022-05-21
1,13,1,12,0,Franklin,2022-06-18
1,16,2,14,0,Franklin,2022-02-12
1,6,2,4,0,Franklin,2022-03-01
1,14,2,12,0,Franklin,2022-04-14
1,13,2,11,0,Franklin,2022-04-26
1,10,3,7,0,Franklin,2022-04-12
1,14,3,11,0,Franklin,2022-04-21
1,11,3,8,0,Franklin,2022-05-01
1,22,4,18,0,Franklin,2022-05-27
1,9,5,4,0,Franklin,2022-07-04
1,28,6,22,0,Franklin,2022-06-07
1,8,0,8,0,Gaston,2022-03-14
1,5,0,5,0,Gaston,2022-04-17
1,14,0,14,0,Gaston,2022-04-19
1,9,1,8,0,Gaston,2022-04-05
1,7,2,5,0,Gaston,2022-04-03
1,12,2,10,0,Gaston,2022-04-24
1,21,4,17,0,Gaston,2022-05-01
1,9,5,4,0,Gaston,2022-03-29
1,21,5,16,0,Gaston,2022-04-18
1,33,5,28,0,Gaston,2022-05-03
1,26,9,17,0,Gaston,2022-04-13
1,3,0,3,0,Gates,2022-05-02
1,2,0,2,0,Gates,2022-06-15
1,2,0,2,0,Gates,2022-07-09
1,2,0,2,0,Gates,2022-07-20
1,3,0,3,0,Gates,2022-07-25
1,3,0,3,0,Gates,2022-07-30
1,4,0,4,0,Gates,2022-08-01
1,2,1,1,0,Gates,2022-05-24
1,2,1,1,0,Gates,2022-06-11
1,1,1,0,0,Gates,2022-06-23
1,2,1,1,0,Gates,2022-06-27
1,3,1,2,0,Gates,2022-08-05
1,2,2,0,0,Gates,2022-06-09
1,2,2,0,0,Gates,2022-07-06
1,3,2,1,0,Gates,2022-07-22
1,7,2,5,0,Gates,2022-07-28
1,3,3,0,0,Gates,2022-06-04
1,4,3,1,0,Gates,2022-06-10
1,8,3,5,0,Gates,2022-07-18
1,5,4,1,0,Gates,2022-07-11
1,1,0,1,0,Graham,2022-06-11
1,3,0,3,0,Graham,2022-07-02
1,11,0,11,0,Graham,2022-07-04
1,9,0,9,0,Graham,2022-07-06
1,3,0,3,0,Graham,2022-07-09
1,3,0,3,0,Graham,2022-07-17
1,1,1,0,0,Graham,2022-06-14
1,2,1,1,0,Graham,2022-06-16
1,3,1,2,0,Graham,2022-06-27
1,3,2,1,0,Graham,2022-02-11
1,3,2,1,0,Graham,2022-02-23
1,2,2,0,0,Graham,2022-02-24
1,4,2,2,0,Graham,2022-05-09
1,2,2,0,0,Graham,2022-05-24
1,2,2,0,0,Graham,2022-06-02
1,2,2,0,0,Graham,2022-06-20
1,4,2,2,0,Graham,2022-07-23
1,7,3,4,0,Graham,2022-07-14
1,5,3,2,0,Graham,2022-07-25
1,5,3,2,0,Graham,2022-08-05
1,8,4,4,0,Graham,2022-02-14
1,4,4,0,0,Graham,2022-07-29
1,5,5,0,0,Graham,2022-02-16
1,5,5,0,0,Graham,2022-04-18
1,7,5,2,0,Graham,2022-07-18
1,5,0,5,0,Granville,2022-02-26
1,8,0,8,0,Granville,2022-03-02
1,3,0,3,0,Granville,2022-03-25
1,2,0,2,0,Granville,2022-03-31
1,3,0,3,0,Granville,2022-04-09
1,3,1,2,0,Granville,2022-03-21
1,3,1,2,0,Granville,2022-04-04
1,5,1,4,0,Granville,2022-04-18
1,17,1,16,0,Granville,2022-06-15
1,8,1,7,0,Granville,2022-06-19
1,20,1,19,0,Granville,2022-07-30
1,7,2,5,0,Granville,2022-04-07
1,6,2,4,0,Granville,2022-04-13
1,7,2,5,0,Granville,2022-04-19
1,12,3,9,0,Granville,2022-02-12
1,14,3,11,0,Granville,2022-04-26
1,14,3,11,0,Granville,2022-04-28
1,12,3,9,0,Granville,2022-05-29
1,21,4,17,0,Granville,2022-05-19
1,27,5,22,0,Granville,2022-02-11
1,13,5,8,0,Granville,2022-04-27
1,10,5,5,0,Granville,2022-05-28
1,11,5,6,0,Granville,2022-06-26
1,24,7,17,0,Granville,2022-05-20
1,6,0,6,0,Greene,2022-02-14
1,4,0,4,0,Greene,2022-04-19
1,5,0,5,0,Greene,2022-05-27
1,2,0,2,0,Greene,2022-06-12
1,1,0,1,0,Greene,2022-07-10
1,1,0,1,0,Greene,2022-07-16
1,3,0,3,0,Greene,2022-08-03
1,4,1,3,0,Greene,2022-02-18
1,4,1,3,0,Greene,2022-03-03
1,6,1,5,0,Greene,2022-06-02
1,2,1,1,0,Greene,2022-06-05
1,8,1,7,0,Greene,2022-06-17
1,2,1,1,0,Greene,2022-07-04
1,3,1,2,0,Greene,2022-07-09
1,8,2,6,0,Greene,2022-05-17
1,2,2,0,0,Greene,2022-05-19
1,5,2,3,0,Greene,2022-07-29
1,8,3,5,0,Greene,2022-05-31
1,16,3,13,0,Greene,2022-07-22
1,8,4,4,0,Greene,2022-05-20
1,5,4,1,0,Greene,2022-06-01
1,11,5,6,0,Greene,2022-05-09
1,13,1,12,0,Guilford,2022-03-26
1,17,3,14,0,Guilford,2022-04-03
1,27,4,23,0,Guilford,2022-03-16
1,21,8,13,0,Guilford,2022-03-28
1,63,10,53,0,Guilford,2022-04-23
1,19,0,19,0,Halifax,2022-02-14
1,2,0,2,0,Halifax,2022-04-06
1,3,0,3,0,Halifax,2022-04-08
1,3,0,3,0,Halifax,2022-04-15
1,5,0,5,0,Halifax,2022-04-24
1,7,0,7,0,Halifax,2022-05-21
1,8,1,7,0,Halifax,2022-03-03
1,5,1,4,0,Halifax,2022-04-21
1,11,1,10,0,Halifax,2022-05-03
1,8,1,7,0,Halifax,2022-06-11
1,7,1,6,0,Halifax,2022-07-03
1,5,1,4,0,Halifax,2022-07-04
1,28,1,27,0,Halifax,2022-08-05
1,3,2,1,0,Halifax,2022-03-14
1,7,2,5,0,Halifax,2022-04-27
1,5,2,3,0,Halifax,2022-05-28
1,7,2,5,0,Halifax,2022-06-05
1,7,2,5,0,Halifax,2022-06-18
1,3,3,0,0,Halifax,2022-05-08
1,8,3,5,0,Halifax,2022-05-22
1,14,3,11,0,Halifax,2022-06-10
1,23,3,20,0,Halifax,2022-06-16
1,17,3,14,0,Halifax,2022-07-09
1,15,3,12,0,Halifax,2022-07-30
1,23,4,19,0,Halifax,2022-05-19
1,19,4,15,0,Halifax,2022-06-23
1,14,6,8,0,Halifax,2022-02-21
1,18,6,12,0,Halifax,2022-05-10
1,24,6,18,0,Halifax,2022-07-01
1,22,8,14,0,Halifax,2022-05-17
1,5,0,5,0,Harnett,2022-03-13
1,1,0,1,0,Harnett,2022-04-08
1,4,0,4,0,Harnett,2022-04-09
1,8,0,8,0,Harnett,2022-04-14
1,13,1,12,0,Harnett,2022-02-20
1,4,1,3,0,Harnett,2022-03-15
1,11,1,10,0,Harnett,2022-04-11
1,5,1,4,0,Harnett,2022-04-16
1,16,1,15,0,Harnett,2022-06-04
1,11,2,9,0,Harnett,2022-02-26
1,6,2,4,0,Harnett,2022-04-15
1,8,3,5,0,Harnett,2022-03-17
1,20,3,17,0,Harnett,2022-05-15
1,39,4,35,0,Harnett,2022-02-16
1,6,4,2,0,Harnett,2022-04-12
1,17,4,13,0,Harnett,2022-06-26
1,16,5,11,0,Harnett,2022-04-27
1,21,9,12,0,Harnett,2022-04-20
1,3,0,3,0,Haywood,2022-03-05
1,1,0,1,0,Haywood,2022-04-01
1,2,0,2,0,Haywood,2022-04-10
1,2,0,2,0,Haywood,2022-04-19
1,3,1,2,0,Haywood,2022-03-17
1,6,1,5,0,Haywood,2022-03-23
1,2,1,1,0,Haywood,2022-04-15
1,15,1,14,0,Haywood,2022-05-18
1,19,2,17,0,Haywood,2022-02-13
1,4,2,2,0,Haywood,2022-03-10
1,3,2,1,0,Haywood,2022-03-24
1,4,2,2,0,Haywood,2022-04-06
1,10,2,8,0,Haywood,2022-04-27
1,9,2,7,0,Haywood,2022-07-15
1,11,3,8,0,Haywood,2022-03-03
1,6,3,3,0,Haywood,2022-04-26
1,5,4,1,0,Haywood,2022-04-30
1,11,4,7,0,Haywood,2022-06-11
1,19,5,14,0,Haywood,2022-02-23
1,18,5,13,0,Haywood,2022-05-19
1,6,5,1,0,Haywood,2022-05-28
1,17,6,11,0,Haywood,2022-02-12
1,18,6,12,0,Haywood,2022-02-18
1,9,6,3,0,Haywood,2022-05-21
1,18,6,12,0,Haywood,2022-06-17
1,15,6,9,0,Haywood,2022-06-19
1,14,7,7,0,Haywood,2022-06-10
1,11,7,4,0,Haywood,2022-07-19
1,15,7,8,0,Haywood,2022-08-05
1,12,8,4,0,Haywood,2022-05-22
1,14,8,6,0,Haywood,2022-06-30
1,12,8,4,0,Haywood,2022-07-23
1,15,8,7,0,Haywood,2022-07-31
1,14,9,5,0,Haywood,2022-06-05
1,18,9,9,0,Haywood,2022-06-23
1,15,9,6,0,Haywood,2022-07-17
1,12,9,3,0,Haywood,2022-07-24
1,20,11,9,0,Haywood,2022-05-12
1,20,11,9,0,Haywood,2022-06-07
1,19,11,8,0,Haywood,2022-07-08
1,22,11,11,0,Haywood,2022-07-28
1,25,14,11,0,Haywood,2022-05-25
1,5,0,5,0,Henderson,2022-04-14
1,3,1,2,0,Henderson,2022-03-13
1,2,1,1,0,Henderson,2022-03-26
1,6,1,5,0,Henderson,2022-05-01
1,8,2,6,0,Henderson,2022-03-03
1,6,2,4,0,Henderson,2022-03-28
1,14,2,12,0,Henderson,2022-05-21
1,11,3,8,0,Henderson,2022-04-22
1,13,4,9,0,Henderson,2022-03-04
1,12,4,8,0,Henderson,2022-04-20
1,5,4,1,0,Henderson,2022-04-24
1,9,5,4,0,Henderson,2022-03-02
1,24,5,19,0,Henderson,2022-04-12
1,13,6,7,0,Henderson,2022-03-07
1,14,6,8,0,Henderson,2022-04-29
1,13,7,6,0,Henderson,2022-04-21
1,26,8,18,0,Henderson,2022-06-05
1,23,9,14,0,Henderson,2022-06-07
1,37,9,28,0,Henderson,2022-07-31
1,18,10,8,0,Henderson,2022-05-08
1,28,11,17,0,Henderson,2022-02-17
1,24,11,13,0,Henderson,2022-06-04
1,28,11,17,0,Henderson,2022-08-03
1,26,14,12,0,Henderson,2022-02-19
1,23,15,8,0,Henderson,2022-07-04
1,2,0,2,0,Hertford,2022-03-10
1,2,0,2,0,Hertford,2022-04-15
1,1,0,1,0,Hertford,2022-04-18
1,2,0,2,0,Hertford,2022-04-28
1,1,0,1,0,Hertford,2022-05-03
1,1,0,1,0,Hertford,2022-05-07
1,2,0,2,0,Hertford,2022-05-08
1,3,0,3,0,Hertford,2022-05-10
1,2,0,2,0,Hertford,2022-05-22
1,6,0,6,0,Hertford,2022-05-23
1,4,0,4,0,Hertford,2022-05-28
1,8,0,8,0,Hertford,2022-06-14
1,5,0,5,0,Hertford,2022-07-01
1,7,0,7,0,Hertford,2022-08-05
1,7,1,6,0,Hertford,2022-05-05
1,4,1,3,0,Hertford,2022-05-13
1,8,1,7,0,Hertford,2022-06-02
1,4,1,3,0,Hertford,2022-06-04
1,11,1,10,0,Hertford,2022-06-13
1,7,1,6,0,Hertford,2022-06-16
1,6,1,5,0,Hertford,2022-08-06
1,8,2,6,0,Hertford,2022-05-12
1,8,2,6,0,Hertford,2022-05-25
1,3,2,1,0,Hertford,2022-05-29
1,5,2,3,0,Hertford,2022-06-08
1,12,2,10,0,Hertford,2022-07-16
1,5,3,2,0,Hertford,2022-05-09
1,7,3,4,0,Hertford,2022-06-07
1,4,3,1,0,Hertford,2022-06-25
1,9,3,6,0,Hertford,2022-06-29
1,10,3,7,0,Hertford,2022-07-13
1,10,3,7,0,Hertford,2022-08-03
1,8,4,4,0,Hertford,2022-06-21
1,14,4,10,0,Hertford,2022-08-02
1,15,5,10,0,Hertford,2022-07-18
1,11,6,5,0,Hertford,2022-07-24
1,18,7,11,0,Hertford,2022-07-14
1,16,7,9,0,Hertford,2022-07-29
1,7,0,7,0,Hoke,2022-02-25
1,3,0,3,0,Hoke,2022-04-20
1,12,1,11,0,Hoke,2022-02-12
1,19,1,18,0,Hoke,2022-02-16
1,13,1,12,0,Hoke,2022-07-09
1,4,2,2,0,Hoke,2022-04-23
1,13,2,11,0,Hoke,2022-05-20
1,11,2,9,0,Hoke,2022-06-05
1,11,2,9,0,Hoke,2022-06-11
1,11,2,9,0,Hoke,2022-07-03
1,9,2,7,0,Hoke,2022-07-16
1,12,3,9,0,Hoke,2022-05-06
1,7,3,4,0,Hoke,2022-05-08
1,13,3,10,0,Hoke,2022-05-21
1,15,4,11,0,Hoke,2022-07-27
1,20,5,15,0,Hoke,2022-06-17
1,24,7,17,0,Hoke,2022-05-12
1,27,7,20,0,Hoke,2022-05-24
1,25,7,18,0,Hoke,2022-06-01
1,17,8,9,0,Hoke,2022-05-15
1,35,8,27,0,Hoke,2022-05-16
1,24,10,14,0,Hoke,2022-05-02
1,6,0,6,0,Hyde,2022-05-10
1,3,0,3,0,Hyde,2022-05-11
1,15,0,15,0,Hyde,2022-05-16
1,4,0,4,0,Hyde,2022-05-19
1,5,0,5,0,Hyde,2022-05-20
1,5,0,5,0,Hyde,2022-05-23
1,8,0,8,0,Hyde,2022-05-26
1,4,0,4,0,Hyde,2022-06-01
1,3,0,3,0,Hyde,2022-06-07
1,6,0,6,0,Hyde,2022-06-13
1,3,0,3,0,Hyde,2022-06-22
1,2,0,2,0,Hyde,2022-06-30
1,2,0,2,0,Hyde,2022-07-06
1,5,0,5,0,Hyde,2022-07-11
1,3,0,3,0,Hyde,2022-07-13
1,4,0,4,0,Hyde,2022-07-28
1,3,1,2,0,Hyde,2022-06-16
1,2,1,1,0,Hyde,2022-07-14
1,3,2,1,0,Hyde,2022-05-09
1,6,2,4,0,Hyde,2022-08-04
1,5,1,4,0,Iredell,2022-03-20
1,7,2,5,0,Iredell,2022-03-15
1,25,2,23,0,Iredell,2022-04-22
1,9,2,7,0,Iredell,2022-04-23
1,6,3,3,0,Iredell,2022-03-26
1,6,3,3,0,Iredell,2022-03-29
1,5,3,2,0,Iredell,2022-04-01
1,6,4,2,0,Iredell,2022-03-11
1,6,4,2,0,Iredell,2022-03-30
1,10,4,6,0,Iredell,2022-04-04
1,10,4,6,0,Iredell,2022-04-30
1,8,5,3,0,Iredell,2022-03-28
1,8,5,3,0,Iredell,2022-03-31
1,10,5,5,0,Iredell,2022-04-08
1,13,6,7,0,Iredell,2022-04-10
1,13,6,7,0,Iredell,2022-05-01
1,16,7,9,0,Iredell,2022-02-25
1,12,7,5,0,Iredell,2022-04-05
1,20,11,9,0,Iredell,2022-05-08
1,34,12,22,0,Iredell,2022-04-27
1,26,13,13,0,Iredell,2022-05-05
1,32,18,14,0,Iredell,2022-04-25
1,3,0,3,0,Jackson,2022-02-13
1,1,0,1,0,Jackson,2022-04-12
1,2,0,2,0,Jackson,2022-04-14
1,3,0,3,0,Jackson,2022-04-27
1,5,0,5,0,Jackson,2022-05-14
1,8,0,8,0,Jackson,2022-05-17
1,4,0,4,0,Jackson,2022-05-30
1,4,0,4,0,Jackson,2022-06-04
1,8,0,8,0,Jackson,2022-06-12
1,10,0,10,0,Jackson,2022-07-02
1,7,1,6,0,Jackson,2022-02-12
1,1,1,0,0,Jackson,2022-03-20
1,2,1,1,0,Jackson,2022-03-24
1,3,1,2,0,Jackson,2022-03-25
1,1,1,0,0,Jackson,2022-03-30
1,6,1,5,0,Jackson,2022-04-20
1,2,1,1,0,Jackson,2022-04-28
1,5,1,4,0,Jackson,2022-04-29
1,5,1,4,0,Jackson,2022-05-21
1,12,1,11,0,Jackson,2022-05-23
1,10,1,9,0,Jackson,2022-07-26
1,4,1,3,0,Jackson,2022-08-06
1,13,2,11,0,Jackson,2022-05-18
1,7,2,5,0,Jackson,2022-05-20
1,7,2,5,0,Jackson,2022-06-10
1,12,2,10,0,Jackson,2022-06-16
1,9,2,7,0,Jackson,2022-06-19
1,4,2,2,0,Jackson,2022-07-09
1,13,2,11,0,Jackson,2022-07-16
1,9,2,7,0,Jackson,2022-07-30
1,6,3,3,0,Jackson,2022-05-28
1,11,3,8,0,Jackson,2022-06-15
1,7,4,3,0,Jackson,2022-02-19
1,7,4,3,0,Jackson,2022-05-06
1,11,4,7,0,Jackson,2022-06-07
1,23,4,19,0,Jackson,2022-07-19
1,19,4,15,0,Jackson,2022-08-04
1,24,5,19,0,Jackson,2022-02-08
1,16,5,11,0,Jackson,2022-05-16
1,16,5,11,0,Jackson,2022-07-18
1,12,6,6,0,Jackson,2022-07-08
1,12,6,6,0,Jackson,2022-07-29
1,18,7,11,0,Jackson,2022-02-17
1,28,11,17,0,Jackson,2022-02-16
1,29,17,12,0,Jackson,2022-08-01
1,9,1,8,0,Johnston,2022-03-18
1,7,1,6,0,Johnston,2022-03-25
1,8,1,7,0,Johnston,2022-04-07
1,8,2,6,0,Johnston,2022-03-23
1,7,2,5,0,Johnston,2022-03-29
1,11,2,9,0,Johnston,2022-03-31
1,10,2,8,0,Johnston,2022-04-10
1,8,2,6,0,Johnston,2022-04-16
1,14,3,11,0,Johnston,2022-03-21
1,10,3,7,0,Johnston,2022-04-05
1,5,3,2,0,Johnston,2022-04-08
1,16,3,13,0,Johnston,2022-04-24
1,13,4,9,0,Johnston,2022-02-20
1,18,4,14,0,Johnston,2022-03-02
1,19,4,15,0,Johnston,2022-03-28
1,14,4,10,0,Johnston,2022-04-11
1,14,4,10,0,Johnston,2022-05-01
1,9,5,4,0,Johnston,2022-03-11
1,42,6,36,0,Johnston,2022-05-14
1,39,12,27,0,Johnston,2022-05-30
1,1,0,1,0,Jones,2022-02-24
1,1,0,1,0,Jones,2022-03-04
1,1,0,1,0,Jones,2022-04-03
1,2,0,2,0,Jones,2022-04-24
1,2,0,2,0,Jones,2022-05-04
1,2,0,2,0,Jones,2022-05-31
1,4,0,4,0,Jones,2022-06-11
1,3,0,3,0,Jones,2022-08-06
1,2,1,1,0,Jones,2022-02-16
1,3,1,2,0,Jones,2022-02-17
1,2,1,1,0,Jones,2022-05-06
1,2,1,1,0,Jones,2022-05-07
1,2,1,1,0,Jones,2022-05-11
1,2,1,1,0,Jones,2022-05-27
1,4,1,3,0,Jones,2022-07-18
1,2,1,1,0,Jones,2022-07-25
1,4,1,3,0,Jones,2022-08-03
1,3,1,2,0,Jones,2022-08-05
1,2,2,0,0,Jones,2022-05-30
1,3,2,1,0,Jones,2022-06-23
1,6,2,4,0,Jones,2022-07-01
1,7,2,5,0,Jones,2022-07-16
1,5,2,3,0,Jones,2022-07-26
1,10,3,7,0,Jones,2022-06-09
1,6,3,3,0,Jones,2022-06-27
1,7,3,4,0,Jones,2022-07-27
1,5,4,1,0,Jones,2022-06-08
1,4,0,4,0,Lee,2022-03-18
1,5,0,5,0,Lee,2022-03-30
1,4,0,4,0,Lee,2022-04-04
1,1,0,1,0,Lee,2022-04-10
1,4,0,4,0,Lee,2022-04-19
1,6,0,6,0,Lee,2022-04-29
1,15,0,15,0,Lee,2022-05-12
1,12,0,12,0,Lee,2022-06-10
1,7,1,6,0,Lee,2022-02-12
1,1,1,0,0,Lee,2022-03-15
1,6,1,5,0,Lee,2022-04-21
1,12,1,11,0,Lee,2022-04-27
1,3,1,2,0,Lee,2022-05-01
1,11,1,10,0,Lee,2022-05-08
1,17,1,16,0,Lee,2022-05-09
1,14,1,13,0,Lee,2022-05-11
1,8,1,7,0,Lee,2022-06-11
1,10,1,9,0,Lee,2022-07-03
1,9,2,7,0,Lee,2022-06-12
1,8,2,6,0,Lee,2022-06-18
1,11,2,9,0,Lee,2022-06-22
1,5,3,2,0,Lee,2022-03-16
1,14,3,11,0,Lee,2022-05-03
1,17,4,13,0,Lee,2022-05-13
1,23,4,19,0,Lee,2022-05-18
1,16,5,11,0,Lee,2022-06-16
1,26,6,20,0,Lee,2022-05-25
1,14,6,8,0,Lee,2022-05-30
1,22,8,14,0,Lee,2022-06-20
1,13,8,5,0,Lee,2022-06-25
1,14,9,5,0,Lee,2022-07-30
1,11,0,11,0,Lenoir,2022-02-24
1,2,0,2,0,Lenoir,2022-03-17
1,1,0,1,0,Lenoir,2022-03-18
1,1,0,1,0,Lenoir,2022-03-21
1,2,0,2,0,Lenoir,2022-03-31
1,2,0,2,0,Lenoir,2022-04-11
1,1,0,1,0,Lenoir,2022-04-27
1,7,0,7,0,Lenoir,2022-05-05
1,13,1,12,0,Lenoir,2022-02-21
1,2,1,1,0,Lenoir,2022-03-28
1,3,1,2,0,Lenoir,2022-04-05
1,2,1,1,0,Lenoir,2022-04-26
1,11,1,10,0,Lenoir,2022-05-17
1,3,1,2,0,Lenoir,2022-05-29
1,7,2,5,0,Lenoir,2022-05-10
1,4,2,2,0,Lenoir,2022-05-11
1,3,2,1,0,Lenoir,2022-05-30
1,10,2,8,0,Lenoir,2022-06-17
1,3,3,0,0,Lenoir,2022-04-24
1,9,3,6,0,Lenoir,2022-05-13
1,9,3,6,0,Lenoir,2022-05-15
1,10,3,7,0,Lenoir,2022-05-24
1,9,3,6,0,Lenoir,2022-07-04
1,12,3,9,0,Lenoir,2022-07-16
1,6,4,2,0,Lenoir,2022-02-12
1,11,4,7,0,Lenoir,2022-07-09
1,19,5,14,0,Lenoir,2022-05-16
1,13,5,8,0,Lenoir,2022-05-20
1,6,5,1,0,Lenoir,2022-05-22
1,9,5,4,0,Lenoir,2022-06-19
1,19,7,12,0,Lenoir,2022-06-07
1,17,8,9,0,Lenoir,2022-06-01
1,3,0,3,0,Lincoln,2022-03-09
1,4,0,4,0,Lincoln,2022-04-15
1,5,0,5,0,Lincoln,2022-04-19
1,4,0,4,0,Lincoln,2022-04-22
1,6,0,6,0,Lincoln,2022-04-28
1,16,1,15,0,Lincoln,2022-02-25
1,4,1,3,0,Lincoln,2022-03-11
1,9,1,8,0,Lincoln,2022-04-25
1,6,1,5,0,Lincoln,2022-04-30
1,7,1,6,0,Lincoln,2022-05-08
1,10,1,9,0,Lincoln,2022-07-04
1,5,2,3,0,Lincoln,2022-02-23
1,14,2,12,0,Lincoln,2022-05-05
1,5,2,3,0,Lincoln,2022-05-15
1,8,2,6,0,Lincoln,2022-05-21
1,15,2,13,0,Lincoln,2022-06-10
1,20,2,18,0,Lincoln,2022-08-06
1,8,3,5,0,Lincoln,2022-03-07
1,14,3,11,0,Lincoln,2022-06-19
1,16,4,12,0,Lincoln,2022-05-30
1,16,4,12,0,Lincoln,2022-07-02
1,20,4,16,0,Lincoln,2022-07-24
1,15,5,10,0,Lincoln,2022-06-03
1,11,5,6,0,Lincoln,2022-06-25
1,1,0,1,0,Macon,2022-04-14
1,1,0,1,0,Macon,2022-05-05
1,7,0,7,0,Macon,2022-06-16
1,6,0,6,0,Macon,2022-06-18
1,12,0,12,0,Macon,2022-06-20
1,3,0,3,0,Macon,2022-07-03
1,6,0,6,0,Macon,2022-08-05
1,2,1,1,0,Macon,2022-04-06
1,2,1,1,0,Macon,2022-04-18
1,2,1,1,0,Macon,2022-05-03
1,7,1,6,0,Macon,2022-06-25
1,7,1,6,0,Macon,2022-06-29
1,11,1,10,0,Macon,2022-07-10
1,8,1,7,0,Macon,2022-08-02
1,3,2,1,0,Macon,2022-05-06
1,11,2,9,0,Macon,2022-05-19
1,8,2,6,0,Macon,2022-05-26
1,6,2,4,0,Macon,2022-07-01
1,14,2,12,0,Macon,2022-07-06
1,15,2,13,0,Macon,2022-07-11
1,7,3,4,0,Macon,2022-02-21
1,24,3,21,0,Macon,2022-07-18
1,19,4,15,0,Macon,2022-07-05
1,10,4,6,0,Macon,2022-07-20
1,15,5,10,0,Macon,2022-06-06
1,7,5,2,0,Macon,2022-06-30
1,16,5,11,0,Macon,2022-07-22
1,10,5,5,0,Macon,2022-07-29
1,26,6,20,0,Macon,2022-07-19
1,19,8,11,0,Macon,2022-06-15
1,13,8,5,0,Macon,2022-06-28
1,15,9,6,0,Macon,2022-06-01
1,6,0,6,0,Madison,2022-03-01
1,4,0,4,0,Madison,2022-03-14
1,2,0,2,0,Madison,2022-04-10
1,8,0,8,0,Madison,2022-04-26
1,3,0,3,0,Madison,2022-05-27
1,2,0,2,0,Madison,2022-06-24
1,4,0,4,0,Madison,2022-07-10
1,3,0,3,0,Madison,2022-08-05
1,9,1,8,0,Madison,2022-02-15
1,4,1,3,0,Madison,2022-06-04
1,7,1,6,0,Madison,2022-06-08
1,3,1,2,0,Madison,2022-06-30
1,8,1,7,0,Madison,2022-07-05
1,3,1,2,0,Madison,2022-07-15
1,3,1,2,0,Madison,2022-07-20
1,4,2,2,0,Madison,2022-04-11
1,5,2,3,0,Madison,2022-04-14
1,6,2,4,0,Madison,2022-04-18
1,7,2,5,0,Madison,2022-07-27
1,7,3,4,0,Madison,2022-02-13
1,19,3,16,0,Madison,2022-02-17
1,6,3,3,0,Madison,2022-05-20
1,5,3,2,0,Madison,2022-05-30
1,6,4,2,0,Madison,2022-02-28
1,7,4,3,0,Madison,2022-04-28
1,13,4,9,0,Madison,2022-05-17
1,5,4,1,0,Madison,2022-05-26
1,7,4,3,0,Madison,2022-06-06
1,11,4,7,0,Madison,2022-06-20
1,8,4,4,0,Madison,2022-06-21
1,6,4,2,0,Madison,2022-07-19
1,6,4,2,0,Madison,2022-07-22
1,6,4,2,0,Madison,2022-07-24
1,29,5,24,0,Madison,2022-02-09
1,10,5,5,0,Madison,2022-06-14
1,9,5,4,0,Madison,2022-06-22
1,8,5,3,0,Madison,2022-06-28
1,9,5,4,0,Madison,2022-07-11
1,7,5,2,0,Madison,2022-07-23
1,7,5,2,0,Madison,2022-07-28
1,31,6,25,0,Madison,2022-02-14
1,4,0,4,0,Martin,2022-02-18
1,4,0,4,0,Martin,2022-03-01
1,1,0,1,0,Martin,2022-03-02
1,1,0,1,0,Martin,2022-03-03
1,1,0,1,0,Martin,2022-03-04
1,2,0,2,0,Martin,2022-03-07
1,2,0,2,0,Martin,2022-04-27
1,2,0,2,0,Martin,2022-06-11
1,3,0,3,0,Martin,2022-06-26
1,3,0,3,0,Martin,2022-07-02
1,9,0,9,0,Martin,2022-07-22
1,6,0,6,0,Martin,2022-08-05
1,10,1,9,0,Martin,2022-02-10
1,14,1,13,0,Martin,2022-02-11
1,4,1,3,0,Martin,2022-02-16
1,2,1,1,0,Martin,2022-04-21
1,3,1,2,0,Martin,2022-04-29
1,2,1,1,0,Martin,2022-05-06
1,3,1,2,0,Martin,2022-05-09
1,5,1,4,0,Martin,2022-05-22
1,2,1,1,0,Martin,2022-05-30
1,4,1,3,0,Martin,2022-07-23
1,3,1,2,0,Martin,2022-07-24
1,5,2,3,0,Martin,2022-05-04
1,9,2,7,0,Martin,2022-05-16
1,7,2,5,0,Martin,2022-05-26
1,4,2,2,0,Martin,2022-05-28
1,8,2,6,0,Martin,2022-06-01
1,14,2,12,0,Martin,2022-06-14
1,11,2,9,0,Martin,2022-06-30
1,4,2,2,0,Martin,2022-07-30
1,7,3,4,0,Martin,2022-05-27
1,13,3,10,0,Martin,2022-06-15
1,12,3,9,0,Martin,2022-06-20
1,13,3,10,0,Martin,2022-06-28
1,12,3,9,0,Martin,2022-07-15
1,11,4,7,0,Martin,2022-05-19
1,9,4,5,0,Martin,2022-06-02
1,8,4,4,0,Martin,2022-06-29
1,9,4,5,0,Martin,2022-07-20
1,18,6,12,0,Martin,2022-07-26
1,3,0,3,0,McDowell,2022-03-15
1,5,0,5,0,McDowell,2022-04-01
1,1,0,1,0,McDowell,2022-04-10
1,5,0,5,0,McDowell,2022-04-25
1,1,0,1,0,McDowell,2022-05-01
1,9,0,9,0,McDowell,2022-05-06
1,6,0,6,0,McDowell,2022-05-15
1,8,0,8,0,McDowell,2022-06-25
1,5,0,5,0,McDowell,2022-06-26
1,11,0,11,0,McDowell,2022-08-01
1,13,1,12,0,McDowell,2022-02-20
1,10,1,9,0,McDowell,2022-02-28
1,3,1,2,0,McDowell,2022-03-09
1,4,1,3,0,McDowell,2022-04-18
1,8,1,7,0,McDowell,2022-04-20
1,5,1,4,0,McDowell,2022-04-27
1,8,1,7,0,McDowell,2022-06-07
1,13,1,12,0,McDowell,2022-06-08
1,6,2,4,0,McDowell,2022-02-19
1,5,2,3,0,McDowell,2022-03-05
1,2,2,0,0,McDowell,2022-04-06
1,4,2,2,0,McDowell,2022-04-14
1,4,2,2,0,McDowell,2022-04-28
1,8,2,6,0,McDowell,2022-05-05
1,13,2,11,0,McDowell,2022-05-25
1,7,2,5,0,McDowell,2022-06-09
1,14,2,12,0,McDowell,2022-06-14
1,18,2,16,0,McDowell,2022-06-29
1,19,3,16,0,McDowell,2022-06-17
1,14,3,11,0,McDowell,2022-07-04
1,8,4,4,0,McDowell,2022-06-19
1,19,7,12,0,McDowell,2022-06-20
1,22,10,12,0,McDowell,2022-02-12
1,46,4,42,0,Mecklenburg,2022-04-09
1,20,5,15,0,Mecklenburg,2022-03-13
1,37,7,30,0,Mecklenburg,2022-03-18
1,28,8,20,0,Mecklenburg,2022-03-12
1,38,8,30,0,Mecklenburg,2022-03-26
1,52,9,43,0,Mecklenburg,2022-03-14
1,1,0,1,0,Mitchell,2022-02-19
1,1,0,1,0,Mitchell,2022-03-08
1,1,0,1,0,Mitchell,2022-03-25
1,1,0,1,0,Mitchell,2022-04-20
1,2,0,2,0,Mitchell,2022-04-22
1,3,0,3,0,Mitchell,2022-05-24
1,5,0,5,0,Mitchell,2022-05-30
1,5,0,5,0,Mitchell,2022-06-04
1,5,0,5,0,Mitchell,2022-07-27
1,3,1,2,0,Mitchell,2022-03-01
1,5,1,4,0,Mitchell,2022-03-30
1,2,1,1,0,Mitchell,2022-05-09
1,1,1,0,0,Mitchell,2022-05-11
1,2,1,1,0,Mitchell,2022-05-12
1,3,1,2,0,Mitchell,2022-06-01
1,3,1,2,0,Mitchell,2022-07-10
1,2,1,1,0,Mitchell,2022-07-17
1,5,1,4,0,Mitchell,2022-08-02
1,3,2,1,0,Mitchell,2022-02-23
1,3,2,1,0,Mitchell,2022-05-03
1,6,2,4,0,Mitchell,2022-07-12
1,8,2,6,0,Mitchell,2022-07-28
1,5,3,2,0,Mitchell,2022-06-10
1,4,4,0,0,Mitchell,2022-05-17
1,6,4,2,0,Mitchell,2022-05-26
1,9,4,5,0,Mitchell,2022-06-21
1,7,4,3,0,Mitchell,2022-07-08
1,7,5,2,0,Mitchell,2022-06-24
1,12,5,7,0,Mitchell,2022-06-27
1,10,6,4,0,Mitchell,2022-02-16
1,11,6,5,0,Mitchell,2022-06-14
1,8,6,2,0,Mitchell,2022-06-17
1,16,11,5,0,Mitchell,2022-06-06
1,1,0,1,0,Montgomery,2022-04-05
1,1,0,1,0,Montgomery,2022-04-28
1,2,0,2,0,Montgomery,2022-05-09
1,2,0,2,0,Montgomery,2022-05-22
1,6,0,6,0,Montgomery,2022-05-25
1,3,0,3,0,Montgomery,2022-06-11
1,6,0,6,0,Montgomery,2022-06-18
1,4,0,4,0,Montgomery,2022-06-27
1,1,1,0,0,Montgomery,2022-03-14
1,1,1,0,0,Montgomery,2022-04-20
1,2,1,1,0,Montgomery,2022-04-29
1,6,1,5,0,Montgomery,2022-05-10
1,2,1,1,0,Montgomery,2022-05-24
1,9,1,8,0,Montgomery,2022-06-07
1,3,1,2,0,Montgomery,2022-06-10
1,12,2,10,0,Montgomery,2022-02-10
1,4,2,2,0,Montgomery,2022-02-25
1,4,2,2,0,Montgomery,2022-03-07
1,4,2,2,0,Montgomery,2022-04-26
1,6,2,4,0,Montgomery,2022-06-15
1,2,2,0,0,Montgomery,2022-06-19
1,7,2,5,0,Montgomery,2022-06-24
1,4,2,2,0,Montgomery,2022-07-17
1,13,2,11,0,Montgomery,2022-07-19
1,5,3,2,0,Montgomery,2022-06-04
1,10,3,7,0,Montgomery,2022-06-14
1,8,3,5,0,Montgomery,2022-07-24
1,10,3,7,0,Montgomery,2022-07-26
1,11,3,8,0,Montgomery,2022-07-27
1,15,4,11,0,Montgomery,2022-07-13
1,12,4,8,0,Montgomery,2022-07-28
1,13,5,8,0,Montgomery,2022-07-06
1,15,5,10,0,Montgomery,2022-08-01
1,19,9,10,0,Montgomery,2022-08-02
1,6,0,6,0,Moore,2022-03-15
1,7,1,6,0,Moore,2022-03-02
1,2,1,1,0,Moore,2022-03-27
1,15,1,14,0,Moore,2022-05-10
1,6,2,4,0,Moore,2022-04-07
1,9,2,7,0,Moore,2022-04-11
1,5,2,3,0,Moore,2022-04-12
1,7,2,5,0,Moore,2022-04-13
1,6,2,4,0,Moore,2022-04-22
1,15,4,11,0,Moore,2022-04-27
1,12,4,8,0,Moore,2022-04-30
1,12,4,8,0,Moore,2022-06-04
1,17,4,13,0,Moore,2022-07-10
1,20,6,14,0,Moore,2022-02-20
1,8,6,2,0,Moore,2022-05-01
1,25,6,19,0,Moore,2022-07-30
1,19,7,12,0,Moore,2022-06-05
1,30,7,23,0,Moore,2022-08-02
1,22,8,14,0,Moore,2022-08-06
1,32,10,22,0,Moore,2022-05-02
1,36,10,26,0,Moore,2022-05-18
1,37,10,27,0,Moore,2022-05-28
1,19,10,9,0,Moore,2022-05-30
1,26,10,16,0,Moore,2022-06-08
1,23,10,13,0,Moore,2022-07-04
1,32,10,22,0,Moore,2022-07-06
1,26,10,16,0,Moore,2022-07-23
1,31,11,20,0,Moore,2022-05-22
1,33,12,21,0,Moore,2022-06-17
1,32,12,20,0,Moore,2022-07-29
1,32,14,18,0,Moore,2022-05-27
1,41,18,23,0,Moore,2022-06-21
1,4,0,4,0,Nash,2022-03-21
1,7,0,7,0,Nash,2022-04-13
1,5,0,5,0,Nash,2022-04-25
1,10,0,10,0,Nash,2022-04-28
1,5,0,5,0,Nash,2022-04-30
1,2,0,2,0,Nash,2022-05-01
1,10,0,10,0,Nash,2022-05-03
1,5,1,4,0,Nash,2022-04-23
1,7,1,6,0,Nash,2022-05-08
1,8,2,6,0,Nash,2022-03-03
1,16,3,13,0,Nash,2022-05-14
1,16,3,13,0,Nash,2022-06-26
1,11,4,7,0,Nash,2022-02-28
1,10,4,6,0,Nash,2022-05-02
1,22,4,18,0,Nash,2022-05-21
1,12,5,7,0,Nash,2022-04-29
1,11,5,6,0,Nash,2022-05-13
1,24,5,19,0,Nash,2022-05-29
1,22,5,17,0,Nash,2022-06-03
1,26,5,21,0,Nash,2022-07-16
1,19,5,14,0,Nash,2022-07-30
1,25,6,19,0,Nash,2022-06-18
1,32,6,26,0,Nash,2022-06-22
1,24,7,17,0,Nash,2022-06-08
1,4,0,4,0,New Hanover,2022-03-27
1,6,0,6,0,New Hanover,2022-04-02
1,7,1,6,0,New Hanover,2022-03-25
1,5,1,4,0,New Hanover,2022-04-10
1,5,2,3,0,New Hanover,2022-03-06
1,10,2,8,0,New Hanover,2022-03-29
1,29,3,26,0,New Hanover,2022-05-29
1,16,4,12,0,New Hanover,2022-03-23
1,10,4,6,0,New Hanover,2022-03-30
1,32,5,27,0,New Hanover,2022-02-24
1,8,5,3,0,New Hanover,2022-03-31
1,17,6,11,0,New Hanover,2022-04-04
1,36,6,30,0,New Hanover,2022-04-18
1,27,6,21,0,New Hanover,2022-04-23
1,16,8,8,0,New Hanover,2022-04-11
1,32,10,22,0,New Hanover,2022-05-22
1,41,12,29,0,New Hanover,2022-04-29
1,39,15,24,0,New Hanover,2022-04-27
1,3,0,3,0,Northampton,2022-02-11
1,8,0,8,0,Northampton,2022-02-14
1,2,0,2,0,Northampton,2022-02-20
1,1,0,1,0,Northampton,2022-02-25
1,1,0,1,0,Northampton,2022-04-28
1,3,0,3,0,Northampton,2022-05-11
1,3,0,3,0,Northampton,2022-05-17
1,8,0,8,0,Northampton,2022-05-19
1,4,0,4,0,Northampton,2022-07-24
1,3,0,3,0,Northampton,2022-08-06
1,11,1,10,0,Northampton,2022-06-03
1,6,1,5,0,Northampton,2022-06-22
1,4,1,3,0,Northampton,2022-06-26
1,3,1,2,0,Northampton,2022-06-29
1,3,1,2,0,Northampton,2022-07-02
1,3,1,2,0,Northampton,2022-07-09
1,3,2,1,0,Northampton,2022-04-25
1,8,2,6,0,Northampton,2022-05-27
1,6,2,4,0,Northampton,2022-06-02
1,5,2,3,0,Northampton,2022-06-15
1,5,2,3,0,Northampton,2022-06-19
1,11,2,9,0,Northampton,2022-07-03
1,6,2,4,0,Northampton,2022-07-06
1,7,2,5,0,Northampton,2022-07-07
1,7,2,5,0,Northampton,2022-07-16
1,15,2,13,0,Northampton,2022-07-18
1,5,2,3,0,Northampton,2022-07-28
1,4,3,1,0,Northampton,2022-05-18
1,8,3,5,0,Northampton,2022-06-08
1,6,3,3,0,Northampton,2022-06-10
1,7,3,4,0,Northampton,2022-07-27
1,5,4,1,0,Northampton,2022-05-10
1,7,4,3,0,Northampton,2022-06-28
1,10,5,5,0,Northampton,2022-06-11
1,12,5,7,0,Northampton,2022-07-15
1,9,6,3,0,Northampton,2022-06-16
1,15,6,9,0,Northampton,2022-07-05
1,6,0,6,0,Onslow,2022-03-18
1,3,0,3,0,Onslow,2022-03-19
1,5,0,5,0,Onslow,2022-04-09
1,8,0,8,0,Onslow,2022-04-16
1,18,0,18,0,Onslow,2022-04-22
1,9,0,9,0,Onslow,2022-04-23
1,6,1,5,0,Onslow,2022-03-06
1,16,1,15,0,Onslow,2022-03-07
1,6,1,5,0,Onslow,2022-03-13
1,4,1,3,0,Onslow,2022-03-23
1,5,1,4,0,Onslow,2022-03-31
1,8,1,7,0,Onslow,2022-04-08
1,8,1,7,0,Onslow,2022-04-24
1,26,1,25,0,Onslow,2022-04-28
1,11,2,9,0,Onslow,2022-04-13
1,8,2,6,0,Onslow,2022-04-14
1,16,2,14,0,Onslow,2022-04-20
1,25,2,23,0,Onslow,2022-07-02
1,16,3,13,0,Onslow,2022-02-19
1,18,3,15,0,Onslow,2022-04-19
1,22,3,19,0,Onslow,2022-04-29
1,31,3,28,0,Onslow,2022-05-03
1,17,4,13,0,Onslow,2022-03-03
1,21,4,17,0,Onslow,2022-03-08
1,12,4,8,0,Onslow,2022-04-11
1,35,4,31,0,Onslow,2022-07-10
1,55,5,50,0,Onslow,2022-06-09
1,17,10,7,0,Onslow,2022-05-30
1,33,13,20,0,Onslow,2022-07-17
1,7,0,7,0,Orange,2022-03-06
1,23,0,23,0,Orange,2022-08-06
1,5,1,4,0,Orange,2022-02-27
1,13,1,12,0,Orange,2022-03-08
1,20,1,19,0,Orange,2022-03-28
1,21,1,20,0,Orange,2022-03-29
1,31,1,30,0,Orange,2022-04-16
1,36,1,35,0,Orange,2022-05-22
1,44,1,43,0,Orange,2022-06-04
1,46,2,44,0,Orange,2022-02-17
1,4,2,2,0,Orange,2022-03-20
1,22,2,20,0,Orange,2022-03-31
1,26,2,24,0,Orange,2022-04-10
1,57,2,55,0,Orange,2022-04-15
1,52,2,50,0,Orange,2022-08-05
1,17,3,14,0,Orange,2022-03-22
1,42,3,39,0,Orange,2022-05-29
1,22,4,18,0,Orange,2022-03-21
1,29,4,25,0,Orange,2022-04-05
1,51,4,47,0,Orange,2022-04-29
1,31,4,27,0,Orange,2022-04-30
1,42,4,38,0,Orange,2022-05-21
1,54,5,49,0,Orange,2022-05-27
1,64,5,59,0,Orange,2022-06-14
1,55,7,48,0,Orange,2022-04-20
1,3,0,3,0,Pamlico,2022-02-14
1,2,0,2,0,Pamlico,2022-05-18
1,8,0,8,0,Pamlico,2022-05-22
1,5,0,5,0,Pamlico,2022-06-29
1,4,0,4,0,Pamlico,2022-07-04
1,11,0,11,0,Pamlico,2022-07-26
1,2,0,2,0,Pamlico,2022-07-31
1,3,0,3,0,Pamlico,2022-08-05
1,4,0,4,0,Pamlico,2022-08-06
1,3,1,2,0,Pamlico,2022-02-25
1,7,1,6,0,Pamlico,2022-05-11
1,3,1,2,0,Pamlico,2022-06-01
1,3,1,2,0,Pamlico,2022-06-10
1,4,1,3,0,Pamlico,2022-06-14
1,5,1,4,0,Pamlico,2022-06-17
1,5,1,4,0,Pamlico,2022-06-27
1,5,1,4,0,Pamlico,2022-07-07
1,6,2,4,0,Pamlico,2022-05-09
1,8,2,6,0,Pamlico,2022-05-24
1,3,2,1,0,Pamlico,2022-05-25
1,4,2,2,0,Pamlico,2022-05-31
1,5,2,3,0,Pamlico,2022-07-08
1,2,2,0,0,Pamlico,2022-07-28
1,7,3,4,0,Pamlico,2022-02-17
1,5,3,2,0,Pamlico,2022-05-16
1,7,3,4,0,Pamlico,2022-06-24
1,7,3,4,0,Pamlico,2022-07-15
1,14,3,11,0,Pamlico,2022-07-20
1,8,3,5,0,Pamlico,2022-08-01
1,10,4,6,0,Pamlico,2022-07-06
1,9,5,4,0,Pamlico,2022-07-18
1,9,6,3,0,Pamlico,2022-05-19
1,12,8,4,0,Pamlico,2022-07-11
1,12,8,4,0,Pamlico,2022-08-04
1,2,0,2,0,Pasquotank,2022-03-02
1,2,0,2,0,Pasquotank,2022-06-19
1,8,1,7,0,Pasquotank,2022-02-10
1,8,1,7,0,Pasquotank,2022-05-04
1,7,2,5,0,Pasquotank,2022-06-04
1,9,2,7,0,Pasquotank,2022-06-14
1,3,2,1,0,Pasquotank,2022-06-29
1,12,2,10,0,Pasquotank,2022-06-30
1,6,2,4,0,Pasquotank,2022-07-09
1,5,3,2,0,Pasquotank,2022-03-01
1,10,3,7,0,Pasquotank,2022-05-16
1,6,3,3,0,Pasquotank,2022-06-17
1,4,3,1,0,Pasquotank,2022-07-17
1,9,3,6,0,Pasquotank,2022-07-23
1,15,3,12,0,Pasquotank,2022-07-30
1,6,4,2,0,Pasquotank,2022-02-08
1,13,4,9,0,Pasquotank,2022-02-17
1,8,4,4,0,Pasquotank,2022-05-12
1,11,4,7,0,Pasquotank,2022-06-21
1,9,4,5,0,Pasquotank,2022-06-24
1,12,4,8,0,Pasquotank,2022-07-05
1,8,4,4,0,Pasquotank,2022-07-19
1,8,5,3,0,Pasquotank,2022-02-15
1,7,5,2,0,Pasquotank,2022-02-23
1,10,5,5,0,Pasquotank,2022-06-12
1,10,6,4,0,Pasquotank,2022-06-26
1,13,6,7,0,Pasquotank,2022-07-08
1,12,7,5,0,Pasquotank,2022-05-20
1,16,7,9,0,Pasquotank,2022-05-31
1,14,9,5,0,Pasquotank,2022-07-25
1,13,9,4,0,Pasquotank,2022-07-26
1,17,11,6,0,Pasquotank,2022-07-21
1,15,0,15,0,Pender,2022-02-15
1,3,0,3,0,Pender,2022-03-08
1,2,0,2,0,Pender,2022-03-16
1,4,0,4,0,Pender,2022-04-04
1,9,0,9,0,Pender,2022-04-08
1,6,0,6,0,Pender,2022-04-28
1,3,0,3,0,Pender,2022-05-07
1,12,0,12,0,Pender,2022-05-21
1,6,0,6,0,Pender,2022-06-05
1,13,0,13,0,Pender,2022-06-11
1,6,0,6,0,Pender,2022-06-12
1,22,0,22,0,Pender,2022-08-01
1,12,1,11,0,Pender,2022-02-12
1,5,1,4,0,Pender,2022-02-27
1,6,1,5,0,Pender,2022-04-12
1,4,1,3,0,Pender,2022-04-29
1,10,1,9,0,Pender,2022-05-03
1,10,1,9,0,Pender,2022-05-05
1,13,1,12,0,Pender,2022-05-09
1,20,1,19,0,Pender,2022-05-19
1,10,1,9,0,Pender,2022-07-10
1,9,2,7,0,Pender,2022-04-11
1,11,2,9,0,Pender,2022-05-04
1,12,2,10,0,Pender,2022-05-28
1,7,2,5,0,Pender,2022-06-08
1,10,2,8,0,Pender,2022-06-25
1,15,2,13,0,Pender,2022-07-01
1,8,2,6,0,Pender,2022-07-09
1,11,2,9,0,Pender,2022-07-16
1,12,2,10,0,Pender,2022-07-22
1,7,2,5,0,Pender,2022-07-23
1,9,3,6,0,Pender,2022-02-18
1,9,3,6,0,Pender,2022-04-27
1,12,4,8,0,Pender,2022-04-25
1,14,4,10,0,Pender,2022-06-20
1,23,6,17,0,Pender,2022-07-07
1,4,0,4,0,Perquimans,2022-02-21
1,1,0,1,0,Perquimans,2022-03-24
1,3,0,3,0,Perquimans,2022-04-26
1,2,0,2,0,Perquimans,2022-05-01
1,2,0,2,0,Perquimans,2022-05-22
1,1,0,1,0,Perquimans,2022-06-26
1,3,0,3,0,Perquimans,2022-07-07
1,1,0,1,0,Perquimans,2022-07-23
1,5,0,5,0,Perquimans,2022-07-24
1,2,0,2,0,Perquimans,2022-07-31
1,5,1,4,0,Perquimans,2022-02-08
1,6,1,5,0,Perquimans,2022-02-13
1,1,1,0,0,Perquimans,2022-03-04
1,2,1,1,0,Perquimans,2022-04-28
1,4,1,3,0,Perquimans,2022-05-14
1,4,1,3,0,Perquimans,2022-05-27
1,1,1,0,0,Perquimans,2022-06-09
1,3,1,2,0,Perquimans,2022-06-18
1,1,1,0,0,Perquimans,2022-06-28
1,3,1,2,0,Perquimans,2022-06-30
1,7,1,6,0,Perquimans,2022-07-18
1,5,1,4,0,Perquimans,2022-07-25
1,3,1,2,0,Perquimans,2022-07-26
1,3,2,1,0,Perquimans,2022-04-06
1,5,2,3,0,Perquimans,2022-05-26
1,3,2,1,0,Perquimans,2022-06-23
1,4,2,2,0,Perquimans,2022-07-20
1,7,3,4,0,Perquimans,2022-02-14
1,4,3,1,0,Perquimans,2022-07-19
1,10,4,6,0,Perquimans,2022-07-28
1,7,4,3,0,Perquimans,2022-08-03
1,9,0,9,0,Person,2022-07-29
1,1,1,0,0,Person,2022-03-29
1,4,1,3,0,Person,2022-04-12
1,1,1,0,0,Person,2022-04-18
1,3,1,2,0,Person,2022-04-23
1,2,1,1,0,Person,2022-04-24
1,3,1,2,0,Person,2022-04-26
1,11,1,10,0,Person,2022-04-28
1,13,1,12,0,Person,2022-05-31
1,6,1,5,0,Person,2022-06-09
1,6,1,5,0,Person,2022-06-12
1,4,1,3,0,Person,2022-07-10
1,9,2,7,0,Person,2022-02-11
1,14,2,12,0,Person,2022-02-17
1,13,2,11,0,Person,2022-02-23
1,2,2,0,0,Person,2022-04-19
1,7,2,5,0,Person,2022-04-29
1,8,2,6,0,Person,2022-06-05
1,11,3,8,0,Person,2022-03-02
1,13,3,10,0,Person,2022-04-25
1,6,3,3,0,Person,2022-05-01
1,8,3,5,0,Person,2022-05-05
1,13,3,10,0,Person,2022-05-20
1,12,3,9,0,Person,2022-05-21
1,12,3,9,0,Person,2022-05-27
1,16,3,13,0,Person,2022-06-10
1,21,3,18,0,Person,2022-07-07
1,13,4,9,0,Person,2022-05-18
1,8,4,4,0,Person,2022-05-30
1,19,4,15,0,Person,2022-06-08
1,9,4,5,0,Person,2022-06-16
1,11,4,7,0,Person,2022-06-24
1,7,4,3,0,Person,2022-06-25
1,11,4,7,0,Person,2022-07-17
1,15,5,10,0,Person,2022-05-19
1,16,5,11,0,Person,2022-07-23
1,34,5,29,0,Person,2022-07-26
1,13,5,8,0,Person,2022-07-27
1,15,6,9,0,Person,2022-05-16
1,9,6,3,0,Person,2022-08-06
1,16,7,9,0,Person,2022-06-28
1,16,8,8,0,Person,2022-06-20
1,3,0,3,0,Pitt,2022-04-02
1,11,0,11,0,Pitt,2022-04-08
1,6,0,6,0,Pitt,2022-04-09
1,5,0,5,0,Pitt,2022-04-10
1,9,0,9,0,Pitt,2022-04-30
1,11,1,10,0,Pitt,2022-03-01
1,3,1,2,0,Pitt,2022-03-24
1,3,1,2,0,Pitt,2022-03-29
1,11,1,10,0,Pitt,2022-05-01
1,34,2,32,0,Pitt,2022-05-15
1,15,3,12,0,Pitt,2022-03-07
1,10,3,7,0,Pitt,2022-03-09
1,16,3,13,0,Pitt,2022-04-12
1,24,3,21,0,Pitt,2022-04-28
1,16,3,13,0,Pitt,2022-05-30
1,24,4,20,0,Pitt,2022-05-21
1,25,7,18,0,Pitt,2022-04-26
1,2,0,2,0,Polk,2022-06-09
1,2,1,1,0,Polk,2022-02-27
1,1,1,0,0,Polk,2022-04-18
1,5,1,4,0,Polk,2022-05-28
1,3,1,2,0,Polk,2022-06-16
1,2,1,1,0,Polk,2022-06-23
1,3,1,2,0,Polk,2022-08-06
1,2,2,0,0,Polk,2022-03-01
1,7,2,5,0,Polk,2022-05-27
1,4,2,2,0,Polk,2022-06-07
1,4,2,2,0,Polk,2022-06-24
1,6,2,4,0,Polk,2022-07-25
1,8,3,5,0,Polk,2022-02-14
1,5,3,2,0,Polk,2022-05-02
1,8,3,5,0,Polk,2022-05-16
1,3,3,0,0,Polk,2022-06-20
1,3,3,0,0,Polk,2022-06-25
1,5,3,2,0,Polk,2022-07-13
1,9,4,5,0,Polk,2022-02-11
1,4,4,0,0,Polk,2022-02-24
1,8,4,4,0,Polk,2022-06-02
1,5,4,1,0,Polk,2022-07-16
1,8,4,4,0,Polk,2022-07-28
1,8,4,4,0,Polk,2022-07-30
1,4,4,0,0,Polk,2022-08-03
1,8,5,3,0,Polk,2022-07-26
1,4,0,4,0,Randolph,2022-03-21
1,2,0,2,0,Randolph,2022-03-25
1,2,1,1,0,Randolph,2022-03-26
1,3,1,2,0,Randolph,2022-04-04
1,4,1,3,0,Randolph,2022-04-07
1,12,1,11,0,Randolph,2022-04-13
1,4,1,3,0,Randolph,2022-04-16
1,4,1,3,0,Randolph,2022-04-20
1,5,3,2,0,Randolph,2022-04-30
1,21,4,17,0,Randolph,2022-02-25
1,13,4,9,0,Randolph,2022-05-01
1,16,5,11,0,Randolph,2022-03-01
1,11,5,6,0,Randolph,2022-03-05
1,9,6,3,0,Randolph,2022-04-11
1,16,8,8,0,Randolph,2022-06-18
1,22,11,11,0,Randolph,2022-06-17
1,20,14,6,0,Randolph,2022-04-28
1,42,18,24,0,Randolph,2022-06-14
1,3,0,3,0,Richmond,2022-03-08
1,1,0,1,0,Richmond,2022-04-04
1,4,0,4,0,Richmond,2022-04-18
1,6,0,6,0,Richmond,2022-05-22
1,4,0,4,0,Richmond,2022-06-12
1,7,1,6,0,Richmond,2022-02-12
1,9,1,8,0,Richmond,2022-02-28
1,4,1,3,0,Richmond,2022-03-24
1,7,1,6,0,Richmond,2022-04-20
1,3,1,2,0,Richmond,2022-04-26
1,4,1,3,0,Richmond,2022-04-30
1,6,1,5,0,Richmond,2022-06-05
1,17,1,16,0,Richmond,2022-08-05
1,4,1,3,0,Richmond,2022-08-06
1,5,2,3,0,Richmond,2022-03-02
1,5,2,3,0,Richmond,2022-04-29
1,10,2,8,0,Richmond,2022-07-02
1,8,2,6,0,Richmond,2022-07-31
1,9,3,6,0,Richmond,2022-05-15
1,16,3,13,0,Richmond,2022-06-09
1,12,4,8,0,Richmond,2022-02-17
1,6,4,2,0,Richmond,2022-04-13
1,7,4,3,0,Richmond,2022-06-04
1,15,5,10,0,Richmond,2022-06-16
1,12,6,6,0,Richmond,2022-05-09
1,15,6,9,0,Richmond,2022-05-18
1,17,6,11,0,Richmond,2022-06-01
1,10,6,4,0,Richmond,2022-06-10
1,14,7,7,0,Richmond,2022-06-23
1,12,9,3,0,Richmond,2022-05-17
1,18,10,8,0,Richmond,2022-05-26
1,22,14,8,0,Richmond,2022-05-24
1,1,0,1,0,Robeson,2022-03-27
1,4,1,3,0,Robeson,2022-02-26
1,4,1,3,0,Robeson,2022-03-21
1,4,1,3,0,Robeson,2022-04-24
1,9,2,7,0,Robeson,2022-02-28
1,3,2,1,0,Robeson,2022-03-06
1,6,2,4,0,Robeson,2022-03-15
1,12,3,9,0,Robeson,2022-03-03
1,7,3,4,0,Robeson,2022-03-29
1,3,3,0,0,Robeson,2022-04-01
1,3,3,0,0,Robeson,2022-04-09
1,8,4,4,0,Robeson,2022-03-08
1,10,5,5,0,Robeson,2022-04-08
1,10,5,5,0,Robeson,2022-04-19
1,7,5,2,0,Robeson,2022-04-22
1,6,5,1,0,Robeson,2022-04-23
1,11,5,6,0,Robeson,2022-05-08
1,9,6,3,0,Robeson,2022-04-11
1,13,7,6,0,Robeson,2022-03-02
1,11,8,3,0,Robeson,2022-04-04
1,22,11,11,0,Robeson,2022-05-22
1,17,13,4,0,Robeson,2022-04-29
1,10,0,10,0,Rockingham,2022-02-27
1,1,0,1,0,Rockingham,2022-03-20
1,2,0,2,0,Rockingham,2022-03-22
1,6,0,6,0,Rockingham,2022-03-29
1,2,0,2,0,Rockingham,2022-03-30
1,4,0,4,0,Rockingham,2022-04-04
1,6,0,6,0,Rockingham,2022-04-10
1,6,0,6,0,Rockingham,2022-04-27
1,9,0,9,0,Rockingham,2022-05-03
1,19,0,19,0,Rockingham,2022-05-22
1,16,0,16,0,Rockingham,2022-07-14
1,7,1,6,0,Rockingham,2022-03-18
1,6,1,5,0,Rockingham,2022-04-19
1,13,1,12,0,Rockingham,2022-04-28
1,10,1,9,0,Rockingham,2022-06-11
1,10,2,8,0,Rockingham,2022-02-19
1,12,2,10,0,Rockingham,2022-02-24
1,5,2,3,0,Rockingham,2022-04-20
1,9,2,7,0,Rockingham,2022-05-08
1,18,2,16,0,Rockingham,2022-05-14
1,14,2,12,0,Rockingham,2022-05-21
1,9,2,7,0,Rockingham,2022-06-04
1,13,2,11,0,Rockingham,2022-06-19
1,23,3,20,0,Rockingham,2022-02-28
1,10,3,7,0,Rockingham,2022-04-11
1,20,3,17,0,Rockingham,2022-06-08
1,15,3,12,0,Rockingham,2022-07-02
1,16,4,12,0,Rockingham,2022-05-06
1,33,4,29,0,Rockingham,2022-05-23
1,12,4,8,0,Rockingham,2022-06-05
1,11,4,7,0,Rockingham,2022-06-10
1,14,5,9,0,Rockingham,2022-05-04
1,20,5,15,0,Rockingham,2022-05-11
1,28,5,23,0,Rockingham,2022-05-19
1,23,5,18,0,Rockingham,2022-06-16
1,25,5,20,0,Rockingham,2022-07-08
1,15,7,8,0,Rockingham,2022-05-13
1,2,0,2,0,Rowan,2022-03-03
1,4,0,4,0,Rowan,2022-03-23
1,2,0,2,0,Rowan,2022-03-28
1,6,0,6,0,Rowan,2022-04-11
1,9,0,9,0,Rowan,2022-05-21
1,4,1,3,0,Rowan,2022-04-10
1,11,1,10,0,Rowan,2022-04-15
1,12,1,11,0,Rowan,2022-04-29
1,5,2,3,0,Rowan,2022-03-24
1,6,2,4,0,Rowan,2022-04-04
1,8,2,6,0,Rowan,2022-04-08
1,12,2,10,0,Rowan,2022-04-12
1,7,2,5,0,Rowan,2022-04-17
1,23,2,21,0,Rowan,2022-06-11
1,12,3,9,0,Rowan,2022-05-22
1,18,3,15,0,Rowan,2022-06-12
1,9,4,5,0,Rowan,2022-04-07
1,27,7,20,0,Rowan,2022-05-15
1,1,0,1,0,Rutherford,2022-03-08
1,2,0,2,0,Rutherford,2022-04-04
1,1,0,1,0,Rutherford,2022-04-05
1,3,0,3,0,Rutherford,2022-04-08
1,4,0,4,0,Rutherford,2022-04-14
1,6,0,6,0,Rutherford,2022-04-20
1,4,0,4,0,Rutherford,2022-04-21
1,5,0,5,0,Rutherford,2022-05-09
1,13,0,13,0,Rutherford,2022-07-17
1,3,1,2,0,Rutherford,2022-03-30
1,5,1,4,0,Rutherford,2022-04-18
1,3,1,2,0,Rutherford,2022-04-23
1,4,1,3,0,Rutherford,2022-04-25
1,5,1,4,0,Rutherford,2022-05-08
1,18,1,17,0,Rutherford,2022-07-31
1,9,2,7,0,Rutherford,2022-06-04
1,6,2,4,0,Rutherford,2022-06-05
1,11,3,8,0,Rutherford,2022-05-27
1,7,3,4,0,Rutherford,2022-05-28
1,19,3,16,0,Rutherford,2022-06-09
1,11,3,8,0,Rutherford,2022-07-10
1,18,4,14,0,Rutherford,2022-05-19
1,10,4,6,0,Rutherford,2022-05-20
1,8,4,4,0,Rutherford,2022-05-21
1,10,4,6,0,Rutherford,2022-06-15
1,11,5,6,0,Rutherford,2022-05-12
1,10,6,4,0,Rutherford,2022-05-26
1,9,6,3,0,Rutherford,2022-06-19
1,25,8,17,0,Rutherford,2022-05-18
1,2,0,2,0,Sampson,2022-03-28
1,3,1,2,0,Sampson,2022-03-21
1,2,1,1,0,Sampson,2022-04-12
1,1,1,0,0,Sampson,2022-04-27
1,5,1,4,0,Sampson,2022-05-07
1,4,1,3,0,Sampson,2022-05-28
1,3,2,1,0,Sampson,2022-05-01
1,4,3,1,0,Sampson,2022-03-14
1,5,3,2,0,Sampson,2022-03-24
1,10,3,7,0,Sampson,2022-04-26
1,5,3,2,0,Sampson,2022-05-14
1,6,4,2,0,Sampson,2022-04-21
1,13,4,9,0,Sampson,2022-06-08
1,7,5,2,0,Sampson,2022-03-01
1,7,5,2,0,Sampson,2022-03-30
1,12,5,7,0,Sampson,2022-05-12
1,8,5,3,0,Sampson,2022-06-04
1,8,5,3,0,Sampson,2022-07-02
1,6,6,0,0,Sampson,2022-04-05
1,6,6,0,0,Sampson,2022-05-30
1,9,6,3,0,Sampson,2022-06-17
1,11,7,4,0,Sampson,2022-04-06
1,8,7,1,0,Sampson,2022-05-21
1,11,7,4,0,Sampson,2022-05-27
1,11,7,4,0,Sampson,2022-06-09
1,13,9,4,0,Sampson,2022-05-05
1,15,9,6,0,Sampson,2022-05-17
1,14,9,5,0,Sampson,2022-06-10
1,14,9,5,0,Sampson,2022-07-01
1,14,10,4,0,Sampson,2022-06-03
1,17,10,7,0,Sampson,2022-06-15
1,14,10,4,0,Sampson,2022-06-16
1,21,16,5,0,Sampson,2022-06-02
1,28,16,12,0,Sampson,2022-07-08
1,46,21,25,0,Sampson,2022-07-26
1,36,22,14,0,Sampson,2022-07-05
1,53,40,13,0,Sampson,2022-07-18
1,1,0,1,0,Scotland,2022-03-29
1,9,0,9,0,Scotland,2022-04-13
1,2,1,1,0,Scotland,2022-02-19
1,1,1,0,0,Scotland,2022-03-05
1,2,1,1,0,Scotland,2022-03-14
1,8,1,7,0,Scotland,2022-04-15
1,2,1,1,0,Scotland,2022-04-19
1,2,1,1,0,Scotland,2022-04-21
1,4,1,3,0,Scotland,2022-04-25
1,6,1,5,0,Scotland,2022-05-14
1,7,2,5,0,Scotland,2022-02-11
1,4,2,2,0,Scotland,2022-04-11
1,2,2,0,0,Scotland,2022-04-18
1,5,2,3,0,Scotland,2022-04-28
1,6,3,3,0,Scotland,2022-02-13
1,7,3,4,0,Scotland,2022-05-07
1,5,3,2,0,Scotland,2022-06-05
1,7,3,4,0,Scotland,2022-07-28
1,17,4,13,0,Scotland,2022-05-16
1,13,4,9,0,Scotland,2022-07-19
1,13,5,8,0,Scotland,2022-05-22
1,11,5,6,0,Scotland,2022-06-24
1,11,5,6,0,Scotland,2022-07-06
1,8,5,3,0,Scotland,2022-07-09
1,9,6,3,0,Scotland,2022-04-22
1,9,6,3,0,Scotland,2022-06-11
1,13,6,7,0,Scotland,2022-06-15
1,7,6,1,0,Scotland,2022-06-19
1,15,6,9,0,Scotland,2022-07-18
1,10,7,3,0,Scotland,2022-06-18
1,10,7,3,0,Scotland,2022-06-27
1,10,7,3,0,Scotland,2022-07-16
1,15,8,7,0,Scotland,2022-06-07
1,11,8,3,0,Scotland,2022-06-09
1,14,9,5,0,Scotland,2022-05-17
1,13,9,4,0,Scotland,2022-05-19
1,15,9,6,0,Scotland,2022-06-23
1,20,12,8,0,Scotland,2022-05-23
1,14,13,1,0,Scotland,2022-06-04
1,11,0,11,0,Stanly,2022-02-12
1,9,0,9,0,Stanly,2022-02-24
1,3,0,3,0,Stanly,2022-03-07
1,1,0,1,0,Stanly,2022-03-14
1,2,0,2,0,Stanly,2022-03-18
1,2,0,2,0,Stanly,2022-04-05
1,2,0,2,0,Stanly,2022-04-07
1,2,0,2,0,Stanly,2022-04-13
1,4,0,4,0,Stanly,2022-04-19
1,3,0,3,0,Stanly,2022-04-20
1,2,0,2,0,Stanly,2022-04-21
1,4,0,4,0,Stanly,2022-04-25
1,2,0,2,0,Stanly,2022-05-07
1,16,0,16,0,Stanly,2022-05-17
1,12,0,12,0,Stanly,2022-05-28
1,12,0,12,0,Stanly,2022-05-29
1,12,0,12,0,Stanly,2022-06-04
1,6,0,6,0,Stanly,2022-06-18
1,13,1,12,0,Stanly,2022-02-18
1,4,1,3,0,Stanly,2022-04-14
1,4,1,3,0,Stanly,2022-04-29
1,2,1,1,0,Stanly,2022-04-30
1,10,1,9,0,Stanly,2022-07-03
1,24,1,23,0,Stanly,2022-07-07
1,3,2,1,0,Stanly,2022-05-08
1,12,2,10,0,Stanly,2022-05-14
1,23,3,20,0,Stanly,2022-07-13
1,12,4,8,0,Stanly,2022-05-02
1,27,4,23,0,Stanly,2022-05-31
1,10,5,5,0,Stanly,2022-05-15
1,2,0,2,0,Stokes,2022-04-08
1,9,0,9,0,Stokes,2022-07-10
1,5,1,4,0,Stokes,2022-02-19
1,7,1,6,0,Stokes,2022-02-28
1,3,1,2,0,Stokes,2022-03-28
1,4,1,3,0,Stokes,2022-04-25
1,6,1,5,0,Stokes,2022-04-26
1,5,1,4,0,Stokes,2022-04-28
1,6,1,5,0,Stokes,2022-05-07
1,7,1,6,0,Stokes,2022-05-28
1,6,1,5,0,Stokes,2022-06-11
1,8,1,7,0,Stokes,2022-06-15
1,10,1,9,0,Stokes,2022-06-16
1,11,1,10,0,Stokes,2022-06-18
1,13,2,11,0,Stokes,2022-02-13
1,3,2,1,0,Stokes,2022-03-21
1,8,2,6,0,Stokes,2022-05-06
1,10,2,8,0,Stokes,2022-05-14
1,14,2,12,0,Stokes,2022-05-21
1,5,2,3,0,Stokes,2022-05-22
1,13,2,11,0,Stokes,2022-05-26
1,17,2,15,0,Stokes,2022-05-31
1,8,3,5,0,Stokes,2022-02-23
1,9,3,6,0,Stokes,2022-06-03
1,5,3,2,0,Stokes,2022-06-12
1,14,3,11,0,Stokes,2022-07-15
1,16,4,12,0,Stokes,2022-05-10
1,14,4,10,0,Stokes,2022-06-02
1,8,4,4,0,Stokes,2022-07-17
1,20,5,15,0,Stokes,2022-05-19
1,17,6,11,0,Stokes,2022-05-05
1,14,6,8,0,Stokes,2022-06-28
1,30,7,23,0,Stokes,2022-02-14
1,2,0,2,0,Surry,2022-03-16
1,4,0,4,0,Surry,2022-03-21
1,1,0,1,0,Surry,2022-03-30
1,7,0,7,0,Surry,2022-04-19
1,4,0,4,0,Surry,2022-05-14
1,3,1,2,0,Surry,2022-03-05
1,2,1,1,0,Surry,2022-03-13
1,1,1,0,0,Surry,2022-03-26
1,3,1,2,0,Surry,2022-04-17
1,13,1,12,0,Surry,2022-05-13
1,14,1,13,0,Surry,2022-06-25
1,6,2,4,0,Surry,2022-03-12
1,7,2,5,0,Surry,2022-05-05
1,7,3,4,0,Surry,2022-02-26
1,11,3,8,0,Surry,2022-04-21
1,9,3,6,0,Surry,2022-04-27
1,9,3,6,0,Surry,2022-05-04
1,10,4,6,0,Surry,2022-05-06
1,20,4,16,0,Surry,2022-06-17
1,7,5,2,0,Surry,2022-05-01
1,24,7,17,0,Surry,2022-05-26
1,18,7,11,0,Surry,2022-06-08
1,16,8,8,0,Surry,2022-05-29
1,24,11,13,0,Surry,2022-06-26
1,2,0,2,0,Swain,2022-05-07
1,3,0,3,0,Swain,2022-05-29
1,10,0,10,0,Swain,2022-05-31
1,7,0,7,0,Swain,2022-06-06
1,4,0,4,0,Swain,2022-06-09
1,3,1,2,0,Swain,2022-04-14
1,1,1,0,0,Swain,2022-04-18
1,9,1,8,0,Swain,2022-05-27
1,2,1,1,0,Swain,2022-05-28
1,5,1,4,0,Swain,2022-06-18
1,4,1,3,0,Swain,2022-06-29
1,6,1,5,0,Swain,2022-07-15
1,4,1,3,0,Swain,2022-07-31
1,4,2,2,0,Swain,2022-02-16
1,4,2,2,0,Swain,2022-04-22
1,3,2,1,0,Swain,2022-05-16
1,10,2,8,0,Swain,2022-06-03
1,6,2,4,0,Swain,2022-06-04
1,7,2,5,0,Swain,2022-06-27
1,9,2,7,0,Swain,2022-06-30
1,3,2,1,0,Swain,2022-07-03
1,10,2,8,0,Swain,2022-07-17
1,3,3,0,0,Swain,2022-02-20
1,8,3,5,0,Swain,2022-06-15
1,5,3,2,0,Swain,2022-07-11
1,9,5,4,0,Swain,2022-07-28
1,15,6,9,0,Swain,2022-02-08
1,12,6,6,0,Swain,2022-07-22
1,11,6,5,0,Swain,2022-07-25
1,6,6,0,0,Swain,2022-07-29
1,17,8,9,0,Swain,2022-07-27
1,15,12,3,0,Swain,2022-02-17
1,1,0,1,0,Transylvania,2022-04-25
1,9,0,9,0,Transylvania,2022-08-05
1,2,1,1,0,Transylvania,2022-04-08
1,3,1,2,0,Transylvania,2022-04-18
1,3,1,2,0,Transylvania,2022-04-20
1,6,1,5,0,Transylvania,2022-05-25
1,5,2,3,0,Transylvania,2022-05-11
1,11,2,9,0,Transylvania,2022-05-19
1,4,3,1,0,Transylvania,2022-05-06
1,9,3,6,0,Transylvania,2022-05-28
1,5,3,2,0,Transylvania,2022-05-30
1,9,3,6,0,Transylvania,2022-06-08
1,7,3,4,0,Transylvania,2022-06-09
1,8,3,5,0,Transylvania,2022-06-22
1,7,3,4,0,Transylvania,2022-07-09
1,8,4,4,0,Transylvania,2022-05-29
1,11,4,7,0,Transylvania,2022-06-07
1,7,4,3,0,Transylvania,2022-06-24
1,11,4,7,0,Transylvania,2022-06-29
1,6,4,2,0,Transylvania,2022-07-17
1,14,5,9,0,Transylvania,2022-02-10
1,11,6,5,0,Transylvania,2022-02-11
1,14,6,8,0,Transylvania,2022-07-06
1,12,6,6,0,Transylvania,2022-07-19
1,11,7,4,0,Transylvania,2022-06-02
1,10,7,3,0,Transylvania,2022-06-13
1,10,7,3,0,Transylvania,2022-06-14
1,8,7,1,0,Transylvania,2022-06-15
1,15,7,8,0,Transylvania,2022-07-13
1,12,7,5,0,Transylvania,2022-07-20
1,9,7,2,0,Transylvania,2022-07-30
1,17,8,9,0,Transylvania,2022-07-11
1,14,8,6,0,Transylvania,2022-07-29
1,11,9,2,0,Transylvania,2022-06-03
1,21,9,12,0,Transylvania,2022-07-07
1,17,10,7,0,Transylvania,2022-07-05
1,16,13,3,0,Transylvania,2022-06-28
1,2,0,2,0,Tyrrell,2022-02-16
1,1,0,1,0,Tyrrell,2022-04-25
1,4,0,4,0,Tyrrell,2022-05-31
1,1,0,1,0,Tyrrell,2022-06-01
1,1,0,1,0,Tyrrell,2022-06-11
1,2,0,2,0,Tyrrell,2022-06-21
1,1,0,1,0,Tyrrell,2022-07-09
1,3,0,3,0,Tyrrell,2022-07-19
1,2,0,2,0,Tyrrell,2022-07-20
1,2,0,2,0,Tyrrell,2022-08-02
1,2,1,1,0,Tyrrell,2022-02-10
1,2,1,1,0,Tyrrell,2022-05-17
1,1,1,0,0,Tyrrell,2022-05-26
1,2,1,1,0,Tyrrell,2022-07-07
1,4,3,1,0,Tyrrell,2022-05-19
1,7,0,7,0,Union,2022-03-09
1,5,1,4,0,Union,2022-03-15
1,8,1,7,0,Union,2022-03-17
1,3,1,2,0,Union,2022-03-19
1,14,1,13,0,Union,2022-04-04
1,13,1,12,0,Union,2022-04-16
1,9,2,7,0,Union,2022-04-02
1,6,2,4,0,Union,2022-04-03
1,13,2,11,0,Union,2022-04-08
1,9,3,6,0,Union,2022-03-12
1,17,3,14,0,Union,2022-04-11
1,23,4,19,0,Union,2022-04-12
1,32,4,28,0,Union,2022-06-19
1,14,6,8,0,Union,2022-03-03
1,4,0,4,0,Vance,2022-03-18
1,2,0,2,0,Vance,2022-03-23
1,2,0,2,0,Vance,2022-04-01
1,5,0,5,0,Vance,2022-04-06
1,16,0,16,0,Vance,2022-06-05
1,18,1,17,0,Vance,2022-02-10
1,7,1,6,0,Vance,2022-02-12
1,9,1,8,0,Vance,2022-02-18
1,6,1,5,0,Vance,2022-03-03
1,4,1,3,0,Vance,2022-04-28
1,4,1,3,0,Vance,2022-05-01
1,4,2,2,0,Vance,2022-02-13
1,3,2,1,0,Vance,2022-03-05
1,5,2,3,0,Vance,2022-04-14
1,3,2,1,0,Vance,2022-04-19
1,8,2,6,0,Vance,2022-05-03
1,9,2,7,0,Vance,2022-05-13
1,13,2,11,0,Vance,2022-06-04
1,5,2,3,0,Vance,2022-06-12
1,13,3,10,0,Vance,2022-02-17
1,8,3,5,0,Vance,2022-04-25
1,12,3,9,0,Vance,2022-05-21
1,15,3,12,0,Vance,2022-06-02
1,18,3,15,0,Vance,2022-07-01
1,7,3,4,0,Vance,2022-07-04
1,17,4,13,0,Vance,2022-05-09
1,14,4,10,0,Vance,2022-05-24
1,15,4,11,0,Vance,2022-06-30
1,19,5,14,0,Vance,2022-05-17
1,10,5,5,0,Vance,2022-05-27
1,16,6,10,0,Vance,2022-05-25
1,25,6,19,0,Vance,2022-06-28
1,17,8,9,0,Vance,2022-07-23
1,60,4,56,0,Wake,2022-03-26
1,6,0,6,0,Warren,2022-02-11
1,1,0,1,0,Warren,2022-02-28
1,1,0,1,0,Warren,2022-03-01
1,1,0,1,0,Warren,2022-04-12
1,2,0,2,0,Warren,2022-04-19
1,2,0,2,0,Warren,2022-05-08
1,4,0,4,0,Warren,2022-05-10
1,3,0,3,0,Warren,2022-05-22
1,11,0,11,0,Warren,2022-05-23
1,1,0,1,0,Warren,2022-05-29
1,3,0,3,0,Warren,2022-06-16
1,2,0,2,0,Warren,2022-06-25
1,3,0,3,0,Warren,2022-07-03
1,2,1,1,0,Warren,2022-02-20
1,1,1,0,0,Warren,2022-03-05
1,6,1,5,0,Warren,2022-05-05
1,9,1,8,0,Warren,2022-05-06
1,9,1,8,0,Warren,2022-05-09
1,4,1,3,0,Warren,2022-05-21
1,5,1,4,0,Warren,2022-05-27
1,7,1,6,0,Warren,2022-05-31
1,3,1,2,0,Warren,2022-06-04
1,3,1,2,0,Warren,2022-06-19
1,5,1,4,0,Warren,2022-06-20
1,3,1,2,0,Warren,2022-06-22
1,13,1,12,0,Warren,2022-06-23
1,3,1,2,0,Warren,2022-06-26
1,14,1,13,0,Warren,2022-07-06
1,10,1,9,0,Warren,2022-07-08
1,13,1,12,0,Warren,2022-07-22
1,10,1,9,0,Warren,2022-08-04
1,7,2,5,0,Warren,2022-05-17
1,7,2,5,0,Warren,2022-05-18
1,9,2,7,0,Warren,2022-07-18
1,9,2,7,0,Warren,2022-07-20
1,6,3,3,0,Warren,2022-02-15
1,4,3,1,0,Warren,2022-04-22
1,7,3,4,0,Warren,2022-06-03
1,6,5,1,0,Warren,2022-07-01
1,13,5,8,0,Warren,2022-07-21
1,2,0,2,0,Washington,2022-03-04
1,1,0,1,0,Washington,2022-03-07
1,1,0,1,0,Washington,2022-03-09
1,1,0,1,0,Washington,2022-03-27
1,1,0,1,0,Washington,2022-04-01
1,1,0,1,0,Washington,2022-05-28
1,4,0,4,0,Washington,2022-06-06
1,3,0,3,0,Washington,2022-07-01
1,7,0,7,0,Washington,2022-07-06
1,1,0,1,0,Washington,2022-07-09
1,6,0,6,0,Washington,2022-07-19
1,4,0,4,0,Washington,2022-07-31
1,4,1,3,0,Washington,2022-05-14
1,3,1,2,0,Washington,2022-05-23
1,5,1,4,0,Washington,2022-06-16
1,5,1,4,0,Washington,2022-07-12
1,4,1,3,0,Washington,2022-07-25
1,7,1,6,0,Washington,2022-07-29
1,12,2,10,0,Washington,2022-02-08
1,7,2,5,0,Washington,2022-06-09
1,6,2,4,0,Washington,2022-06-13
1,6,2,4,0,Washington,2022-07-05
1,4,3,1,0,Washington,2022-06-07
1,6,3,3,0,Washington,2022-06-24
1,7,4,3,0,Washington,2022-06-20
1,9,4,5,0,Washington,2022-06-28
1,5,4,1,0,Washington,2022-08-05
1,4,0,4,0,Watauga,2022-03-10
1,2,0,2,0,Watauga,2022-03-17
1,3,0,3,0,Watauga,2022-03-22
1,1,0,1,0,Watauga,2022-03-29
1,2,0,2,0,Watauga,2022-04-17
1,2,0,2,0,Watauga,2022-04-23
1,6,0,6,0,Watauga,2022-07-03
1,10,0,10,0,Watauga,2022-07-13
1,2,1,1,0,Watauga,2022-03-15
1,3,1,2,0,Watauga,2022-03-18
1,6,1,5,0,Watauga,2022-04-04
1,5,1,4,0,Watauga,2022-05-15
1,11,1,10,0,Watauga,2022-05-21
1,15,1,14,0,Watauga,2022-06-09
1,8,1,7,0,Watauga,2022-06-11
1,9,1,8,0,Watauga,2022-06-28
1,4,1,3,0,Watauga,2022-07-04
1,13,1,12,0,Watauga,2022-07-11
1,13,1,12,0,Watauga,2022-07-14
1,8,1,7,0,Watauga,2022-07-24
1,13,2,11,0,Watauga,2022-03-03
1,6,2,4,0,Watauga,2022-03-14
1,13,2,11,0,Watauga,2022-04-26
1,21,2,19,0,Watauga,2022-06-02
1,12,2,10,0,Watauga,2022-06-08
1,12,2,10,0,Watauga,2022-06-10
1,11,2,9,0,Watauga,2022-06-23
1,12,2,10,0,Watauga,2022-06-29
1,6,2,4,0,Watauga,2022-07-17
1,8,2,6,0,Watauga,2022-07-31
1,13,3,10,0,Watauga,2022-04-27
1,8,3,5,0,Watauga,2022-06-04
1,8,3,5,0,Watauga,2022-06-19
1,17,3,14,0,Watauga,2022-07-27
1,15,3,12,0,Watauga,2022-08-04
1,9,4,5,0,Watauga,2022-03-02
1,7,4,3,0,Watauga,2022-04-08
1,16,4,12,0,Watauga,2022-05-23
1,10,4,6,0,Watauga,2022-05-28
1,13,4,9,0,Watauga,2022-06-15
1,13,5,8,0,Watauga,2022-04-22
1,18,5,13,0,Watauga,2022-04-29
1,19,5,14,0,Watauga,2022-06-01
1,12,6,6,0,Watauga,2022-04-05
1,17,6,11,0,Watauga,2022-05-31
1,12,6,6,0,Watauga,2022-07-29
1,18,7,11,0,Watauga,2022-02-18
1,9,7,2,0,Watauga,2022-04-07
1,17,7,10,0,Watauga,2022-05-20
1,17,7,10,0,Watauga,2022-06-20
1,20,7,13,0,Watauga,2022-06-27
1,17,9,8,0,Watauga,2022-05-09
1,12,9,3,0,Watauga,2022-08-06
1,21,10,11,0,Watauga,2022-05-03
1,25,15,10,0,Watauga,2022-05-16
1,3,0,3,0,Wayne,2022-04-03
1,3,1,2,0,Wayne,2022-03-18
1,4,1,3,0,Wayne,2022-04-07
1,10,2,8,0,Wayne,2022-02-19
1,2,2,0,0,Wayne,2022-03-24
1,6,2,4,0,Wayne,2022-04-02
1,5,2,3,0,Wayne,2022-04-13
1,5,2,3,0,Wayne,2022-04-16
1,12,2,10,0,Wayne,2022-04-21
1,11,2,9,0,Wayne,2022-05-15
1,9,3,6,0,Wayne,2022-03-30
1,7,3,4,0,Wayne,2022-04-29
1,5,3,2,0,Wayne,2022-04-30
1,13,3,10,0,Wayne,2022-05-28
1,7,4,3,0,Wayne,2022-04-04
1,7,4,3,0,Wayne,2022-04-08
1,13,4,9,0,Wayne,2022-05-14
1,15,4,11,0,Wayne,2022-06-18
1,11,5,6,0,Wayne,2022-05-21
1,17,6,11,0,Wayne,2022-06-05
1,15,6,9,0,Wayne,2022-06-11
1,8,7,1,0,Wayne,2022-03-16
1,13,8,5,0,Wayne,2022-04-11
1,12,8,4,0,Wayne,2022-06-04
1,13,9,4,0,Wayne,2022-05-06
1,23,10,13,0,Wayne,2022-05-20
1,28,13,15,0,Wayne,2022-02-18
1,3,0,3,0,Wilkes,2022-03-13
1,1,0,1,0,Wilkes,2022-03-23
1,2,1,1,0,Wilkes,2022-03-28
1,1,1,0,0,Wilkes,2022-04-14
1,4,2,2,0,Wilkes,2022-02-26
1,8,2,6,0,Wilkes,2022-03-14
1,4,2,2,0,Wilkes,2022-04-23
1,2,2,0,0,Wilkes,2022-04-27
1,12,2,10,0,Wilkes,2022-05-05
1,3,3,0,0,Wilkes,2022-05-01
1,8,3,5,0,Wilkes,2022-05-02
1,5,4,1,0,Wilkes,2022-04-26
1,8,4,4,0,Wilkes,2022-05-10
1,15,4,11,0,Wilkes,2022-05-16
1,14,4,10,0,Wilkes,2022-06-03
1,16,5,11,0,Wilkes,2022-05-04
1,14,6,8,0,Wilkes,2022-05-15
1,17,8,9,0,Wilkes,2022-05-14
1,11,8,3,0,Wilkes,2022-06-18
1,11,8,3,0,Wilkes,2022-07-16
1,15,9,6,0,Wilkes,2022-02-20
1,21,10,11,0,Wilkes,2022-06-22
1,15,11,4,0,Wilkes,2022-05-06
1,18,12,6,0,Wilkes,2022-07-24
1,23,15,8,0,Wilkes,2022-05-25
1,24,18,6,0,Wilkes,2022-07-07
1,8,0,8,0,Wilson,2022-02-12
1,1,0,1,0,Wilson,2022-03-16
1,6,1,5,0,Wilson,2022-04-11
1,7,1,6,0,Wilson,2022-04-19
1,4,1,3,0,Wilson,2022-04-23
1,6,2,4,0,Wilson,2022-03-01
1,8,2,6,0,Wilson,2022-03-02
1,4,2,2,0,Wilson,2022-03-09
1,6,2,4,0,Wilson,2022-04-10
1,6,2,4,0,Wilson,2022-05-08
1,10,3,7,0,Wilson,2022-02-20
1,6,3,3,0,Wilson,2022-03-10
1,7,3,4,0,Wilson,2022-03-29
1,4,3,1,0,Wilson,2022-04-14
1,10,3,7,0,Wilson,2022-04-20
1,15,3,12,0,Wilson,2022-06-10
1,14,4,10,0,Wilson,2022-04-27
1,7,4,3,0,Wilson,2022-04-29
1,14,4,10,0,Wilson,2022-05-14
1,14,5,9,0,Wilson,2022-05-02
1,13,5,8,0,Wilson,2022-05-22
1,16,5,11,0,Wilson,2022-05-27
1,15,6,9,0,Wilson,2022-02-16
1,7,6,1,0,Wilson,2022-04-13
1,14,6,8,0,Wilson,2022-08-06
1,20,7,13,0,Wilson,2022-02-17
1,24,7,17,0,Wilson,2022-06-06
1,17,7,10,0,Wilson,2022-07-03
1,19,9,10,0,Wilson,2022-05-12
1,21,9,12,0,Wilson,2022-05-19
1,17,11,6,0,Wilson,2022-05-13
1,26,11,15,0,Wilson,2022-06-21
1,21,12,9,0,Wilson,2022-05-10
1,2,0,2,0,Yadkin,2022-03-03
1,2,0,2,0,Yadkin,2022-03-13
1,1,0,1,0,Yadkin,2022-03-15
1,5,0,5,0,Yadkin,2022-05-08
1,6,0,6,0,Yadkin,2022-06-12
1,7,1,6,0,Yadkin,2022-02-26
1,1,1,0,0,Yadkin,2022-03-09
1,2,1,1,0,Yadkin,2022-03-31
1,2,1,1,0,Yadkin,2022-04-04
1,4,1,3,0,Yadkin,2022-04-06
1,4,1,3,0,Yadkin,2022-04-24
1,3,1,2,0,Yadkin,2022-04-26
1,3,1,2,0,Yadkin,2022-04-28
1,4,1,3,0,Yadkin,2022-05-03
1,3,1,2,0,Yadkin,2022-07-04
1,7,2,5,0,Yadkin,2022-02-20
1,4,2,2,0,Yadkin,2022-03-02
1,8,2,6,0,Yadkin,2022-05-04
1,6,2,4,0,Yadkin,2022-05-05
1,11,2,9,0,Yadkin,2022-05-10
1,10,2,8,0,Yadkin,2022-05-20
1,8,3,5,0,Yadkin,2022-05-06
1,6,3,3,0,Yadkin,2022-05-12
1,9,3,6,0,Yadkin,2022-05-14
1,13,3,10,0,Yadkin,2022-06-18
1,12,3,9,0,Yadkin,2022-06-21
1,11,3,8,0,Yadkin,2022-07-03
1,14,3,11,0,Yadkin,2022-07-16
1,13,4,9,0,Yadkin,2022-05-13
1,10,4,6,0,Yadkin,2022-06-19
1,14,4,10,0,Yadkin,2022-07-09
1,20,5,15,0,Yadkin,2022-05-17
1,22,5,17,0,Yadkin,2022-06-10
1,9,5,4,0,Yadkin,2022-06-22
1,16,6,10,0,Yadkin,2022-05-25
1,13,6,7,0,Yadkin,2022-06-04
1,14,6,8,0,Yadkin,2022-06-26
1,13,7,6,0,Yadkin,2022-05-02
1,13,8,5,0,Yadkin,2022-05-28
1,2,0,2,0,Yancey,2022-03-18
1,1,0,1,0,Yancey,2022-03-24
1,4,0,4,0,Yancey,2022-07-07
1,5,0,5,0,Yancey,2022-07-16
1,4,1,3,0,Yancey,2022-02-22
1,4,1,3,0,Yancey,2022-02-28
1,2,1,1,0,Yancey,2022-03-16
1,2,1,1,0,Yancey,2022-04-08
1,1,1,0,0,Yancey,2022-05-05
1,3,1,2,0,Yancey,2022-05-24
1,2,1,1,0,Yancey,2022-06-10
1,2,1,1,0,Yancey,2022-07-02
1,8,1,7,0,Yancey,2022-07-13
1,4,1,3,0,Yancey,2022-07-24
1,2,1,1,0,Yancey,2022-07-31
1,4,2,2,0,Yancey,2022-03-02
1,3,2,1,0,Yancey,2022-04-22
1,6,2,4,0,Yancey,2022-04-26
1,3,2,1,0,Yancey,2022-05-03
1,5,2,3,0,Yancey,2022-05-08
1,3,2,1,0,Yancey,2022-06-14
1,4,2,2,0,Yancey,2022-06-18
1,6,3,3,0,Yancey,2022-05-17
1,4,3,1,0,Yancey,2022-06-13
1,7,3,4,0,Yancey,2022-06-21
1,5,3,2,0,Yancey,2022-06-22
1,5,3,2,0,Yancey,2022-07-25
1,5,3,2,0,Yancey,2022-07-26
1,5,3,2,0,Yancey,2022-08-02
1,11,4,7,0,Yancey,2022-02-17
1,6,4,2,0,Yancey,2022-04-25
1,4,4,0,0,Yancey,2022-04-29
1,7,4,3,0,Yancey,2022-05-09
1,7,4,3,0,Yancey,2022-05-19
1,6,4,2,0,Yancey,2022-05-22
1,7,5,2,0,Yancey,2022-05-23
1,5,5,0,0,Yancey,2022-06-03
1,10,5,5,0,Yancey,2022-06-24
1,9,6,3,0,Yancey,2022-05-16
1,8,6,2,0,Yancey,2022-05-25
1,9,7,2,0,Yancey,2022-05-18
1,12,8,4,0,Yancey,2022-06-17
1,14,9,5,0,Yancey,2022-07-20
2,19,1,18,0,Alamance,2022-03-04
2,8,1,7,0,Alamance,2022-03-05
2,13,1,12,0,Alamance,2022-03-30
2,27,2,25,0,Alamance,2022-06-11
2,25,3,22,0,Alamance,2022-04-14
2,40,3,37,0,Alamance,2022-05-28
2,32,6,26,0,Alamance,2022-05-08
2,31,7,24,0,Alamance,2022-04-08
2,15,7,8,0,Alamance,2022-07-04
2,70,18,52,0,Alamance,2022-05-05
2,11,0,11,0,Alexander,2022-02-12
2,12,0,12,0,Alexander,2022-02-20
2,9,0,9,0,Alexander,2022-05-24
2,8,0,8,0,Alexander,2022-07-17
2,6,1,5,0,Alexander,2022-04-26
2,5,1,4,0,Alexander,2022-06-25
2,13,2,11,0,Alexander,2022-02-17
2,3,2,1,0,Alexander,2022-04-19
2,8,3,5,0,Alexander,2022-05-26
2,9,3,6,0,Alexander,2022-07-05
2,9,4,5,0,Alexander,2022-06-06
2,12,4,8,0,Alexander,2022-06-22
2,9,4,5,0,Alexander,2022-06-30
2,13,4,9,0,Alexander,2022-07-15
2,11,5,6,0,Alexander,2022-05-17
2,25,10,15,0,Alexander,2022-07-11
2,7,2,5,0,Alleghany,2022-02-08
2,5,2,3,0,Alleghany,2022-03-02
2,5,3,2,0,Alleghany,2022-06-06
2,5,3,2,0,Alleghany,2022-06-28
2,5,4,1,0,Alleghany,2022-05-20
2,7,5,2,0,Alleghany,2022-08-03
2,7,6,1,0,Alleghany,2022-06-08
2,11,7,4,0,Alleghany,2022-08-02
2,10,8,2,0,Alleghany,2022-02-21
2,8,0,8,0,Anson,2022-05-23
2,6,0,6,0,Anson,2022-05-27
2,8,0,8,0,Anson,2022-06-13
2,7,0,7,0,Anson,2022-07-09
2,6,0,6,0,Anson,2022-07-24
2,5,0,5,0,Anson,2022-08-04
2,10,1,9,0,Anson,2022-02-11
2,7,1,6,0,Anson,2022-05-09
2,4,1,3,0,Anson,2022-05-11
2,8,1,7,0,Anson,2022-06-07
2,6,1,5,0,Anson,2022-06-14
2,6,1,5,0,Anson,2022-06-29
2,12,1,11,0,Anson,2022-08-01
2,7,3,4,0,Anson,2022-05-16
2,11,3,8,0,Anson,2022-07-22
2,18,3,15,0,Anson,2022-07-27
2,3,0,3,0,Ashe,2022-07-09
2,10,2,8,0,Ashe,2022-06-22
2,10,2,8,0,Ashe,2022-07-11
2,6,2,4,0,Ashe,2022-07-29
2,5,3,2,0,Ashe,2022-05-21
2,10,3,7,0,Ashe,2022-06-01
2,13,3,10,0,Ashe,2022-06-13
2,11,3,8,0,Ashe,2022-06-14
2,9,3,6,0,Ashe,2022-08-04
2,8,4,4,0,Ashe,2022-07-24
2,13,5,8,0,Ashe,2022-02-28
2,12,5,7,0,Ashe,2022-06-09
2,6,5,1,0,Ashe,2022-06-23
2,12,5,7,0,Ashe,2022-06-27
2,7,5,2,0,Ashe,2022-07-07
2,10,6,4,0,Ashe,2022-07-17
2,12,6,6,0,Ashe,2022-08-03
2,8,7,1,0,Ashe,2022-08-05
2,4,1,3,0,Avery,2022-05-30
2,5,1,4,0,Avery,2022-06-28
2,7,1,6,0,Avery,2022-06-30
2,11,1,10,0,Avery,2022-07-12
2,8,1,7,0,Avery,2022-07-27
2,16,2,14,0,Avery,2022-02-09
2,16,2,14,0,Avery,2022-02-21
2,5,2,3,0,Avery,2022-02-25
2,12,2,10,0,Avery,2022-06-17
2,7,3,4,0,Avery,2022-05-31
2,13,4,9,0,Avery,2022-05-17
2,12,7,5,0,Avery,2022-02-17
2,15,7,8,0,Avery,2022-07-11
2,7,0,7,0,Beaufort,2022-05-03
2,5,0,5,0,Beaufort,2022-06-05
2,6,1,5,0,Beaufort,2022-02-12
2,5,1,4,0,Beaufort,2022-04-26
2,5,1,4,0,Beaufort,2022-05-30
2,10,1,9,0,Beaufort,2022-06-12
2,12,1,11,0,Beaufort,2022-07-29
2,15,2,13,0,Beaufort,2022-06-10
2,8,2,6,0,Beaufort,2022-06-26
2,11,2,9,0,Beaufort,2022-07-02
2,9,2,7,0,Beaufort,2022-07-09
2,13,3,10,0,Beaufort,2022-05-11
2,23,3,20,0,Beaufort,2022-05-26
2,13,3,10,0,Beaufort,2022-06-21
2,10,4,6,0,Beaufort,2022-05-14
2,18,4,14,0,Beaufort,2022-06-23
2,18,4,14,0,Beaufort,2022-07-17
2,26,6,20,0,Beaufort,2022-07-13
2,16,7,9,0,Beaufort,2022-06-03
2,11,0,11,0,Bertie,2022-06-06
2,10,0,10,0,Bertie,2022-07-18
2,4,1,3,0,Bertie,2022-05-22
2,9,1,8,0,Bertie,2022-05-26
2,9,1,8,0,Bertie,2022-06-07
2,4,1,3,0,Bertie,2022-06-26
2,6,2,4,0,Bertie,2022-07-15
2,6,3,3,0,Bertie,2022-06-02
2,8,3,5,0,Bertie,2022-07-26
2,2,0,2,0,Bladen,2022-04-14
2,4,0,4,0,Bladen,2022-05-03
2,9,1,8,0,Bladen,2022-05-10
2,6,1,5,0,Bladen,2022-07-03
2,12,1,11,0,Bladen,2022-07-24
2,21,1,20,0,Bladen,2022-08-03
2,15,2,13,0,Bladen,2022-06-16
2,18,2,16,0,Bladen,2022-06-21
2,11,3,8,0,Bladen,2022-07-08
2,16,5,11,0,Bladen,2022-07-05
2,12,6,6,0,Bladen,2022-06-27
2,16,1,15,0,Brunswick,2022-04-14
2,19,1,18,0,Brunswick,2022-04-22
2,19,1,18,0,Brunswick,2022-05-01
2,17,1,16,0,Brunswick,2022-05-07
2,13,2,11,0,Brunswick,2022-03-31
2,41,3,38,0,Brunswick,2022-05-06
2,14,4,10,0,Brunswick,2022-04-05
2,9,4,5,0,Brunswick,2022-04-24
2,40,4,36,0,Brunswick,2022-07-10
2,22,6,16,0,Brunswick,2022-02-28
2,31,6,25,0,Brunswick,2022-05-15
2,36,6,30,0,Brunswick,2022-05-22
2,48,6,42,0,Brunswick,2022-05-27
2,41,6,35,0,Brunswick,2022-07-03
2,64,7,57,0,Brunswick,2022-02-14
2,30,9,21,0,Brunswick,2022-06-11
2,52,9,43,0,Brunswick,2022-06-17
2,44,11,33,0,Brunswick,2022-05-03
2,10,2,8,0,Buncombe,2022-03-12
2,22,3,19,0,Buncombe,2022-03-09
2,21,3,18,0,Buncombe,2022-04-10
2,21,7,14,0,Buncombe,2022-03-23
2,38,8,30,0,Buncombe,2022-03-02
2,21,8,13,0,Buncombe,2022-03-24
2,48,8,40,0,Buncombe,2022-06-18
2,40,9,31,0,Buncombe,2022-04-30
2,22,10,12,0,Buncombe,2022-04-23
2,21,10,11,0,Buncombe,2022-04-24
2,33,13,20,0,Buncombe,2022-04-04
2,41,17,24,0,Buncombe,2022-06-11
2,45,17,28,0,Buncombe,2022-07-23
2,58,21,37,0,Buncombe,2022-05-28
2,73,29,44,0,Buncombe,2022-07-30
2,75,30,45,0,Buncombe,2022-04-26
2,15,0,15,0,Burke,2022-06-26
2,22,0,22,0,Burke,2022-07-09
2,6,1,5,0,Burke,2022-03-11
2,9,1,8,0,Burke,2022-05-03
2,10,1,9,0,Burke,2022-05-15
2,17,1,16,0,Burke,2022-07-16
2,20,3,17,0,Burke,2022-02-18
2,13,3,10,0,Burke,2022-07-24
2,29,4,25,0,Burke,2022-06-16
2,11,5,6,0,Burke,2022-04-25
2,26,5,21,0,Burke,2022-05-20
2,41,5,36,0,Burke,2022-07-08
2,21,6,15,0,Burke,2022-05-25
2,14,6,8,0,Burke,2022-06-02
2,28,6,22,0,Burke,2022-07-28
2,23,7,16,0,Burke,2022-06-30
2,33,7,26,0,Burke,2022-07-05
2,36,9,27,0,Burke,2022-07-22
2,25,11,14,0,Burke,2022-02-22
2,21,13,8,0,Burke,2022-05-28
2,11,0,11,0,Cabarrus,2022-03-22
2,7,2,5,0,Cabarrus,2022-03-24
2,6,2,4,0,Cabarrus,2022-03-25
2,17,5,12,0,Cabarrus,2022-03-03
2,29,5,24,0,Cabarrus,2022-05-28
2,34,6,28,0,Cabarrus,2022-05-30
2,35,7,28,0,Cabarrus,2022-05-08
2,36,9,27,0,Cabarrus,2022-04-28
2,48,11,37,0,Cabarrus,2022-05-14
2,3,0,3,0,Caldwell,2022-04-06
2,17,0,17,0,Caldwell,2022-06-11
2,6,1,5,0,Caldwell,2022-04-07
2,8,1,7,0,Caldwell,2022-05-01
2,6,1,5,0,Caldwell,2022-05-12
2,10,1,9,0,Caldwell,2022-05-14
2,12,1,11,0,Caldwell,2022-05-22
2,22,1,21,0,Caldwell,2022-06-06
2,19,2,17,0,Caldwell,2022-02-18
2,18,2,16,0,Caldwell,2022-02-24
2,7,2,5,0,Caldwell,2022-03-09
2,16,2,14,0,Caldwell,2022-04-21
2,18,3,15,0,Caldwell,2022-05-02
2,16,3,13,0,Caldwell,2022-05-20
2,22,3,19,0,Caldwell,2022-05-25
2,25,3,22,0,Caldwell,2022-06-01
2,28,5,23,0,Caldwell,2022-07-09
2,2,0,2,0,Camden,2022-02-24
2,3,2,1,0,Camden,2022-02-10
2,15,3,12,0,Carteret,2022-05-16
2,16,4,12,0,Carteret,2022-05-03
2,17,4,13,0,Carteret,2022-06-18
2,10,5,5,0,Carteret,2022-05-06
2,19,5,14,0,Carteret,2022-06-14
2,13,5,8,0,Carteret,2022-07-24
2,14,5,9,0,Carteret,2022-08-06
2,16,6,10,0,Carteret,2022-07-03
2,21,7,14,0,Carteret,2022-05-28
2,19,7,12,0,Carteret,2022-06-08
2,22,7,15,0,Carteret,2022-06-20
2,24,7,17,0,Carteret,2022-08-02
2,22,8,14,0,Carteret,2022-05-19
2,22,8,14,0,Carteret,2022-05-25
2,24,8,16,0,Carteret,2022-07-15
2,24,8,16,0,Carteret,2022-07-27
2,24,9,15,0,Carteret,2022-05-24
2,22,9,13,0,Carteret,2022-06-11
2,23,9,14,0,Carteret,2022-06-30
2,44,13,31,0,Carteret,2022-02-08
2,42,14,28,0,Carteret,2022-02-10
2,35,15,20,0,Carteret,2022-06-24
2,28,15,13,0,Carteret,2022-06-28
2,29,19,10,0,Carteret,2022-06-07
2,5,0,5,0,Caswell,2022-02-25
2,14,0,14,0,Caswell,2022-06-07
2,5,0,5,0,Caswell,2022-07-13
2,12,1,11,0,Caswell,2022-05-11
2,9,1,8,0,Caswell,2022-05-16
2,8,1,7,0,Caswell,2022-05-23
2,18,1,17,0,Caswell,2022-06-02
2,15,1,14,0,Caswell,2022-06-17
2,6,1,5,0,Caswell,2022-06-27
2,10,1,9,0,Caswell,2022-08-01
2,9,2,7,0,Caswell,2022-06-01
2,9,2,7,0,Caswell,2022-07-21
2,8,2,6,0,Caswell,2022-08-03
2,10,3,7,0,Caswell,2022-06-09
2,8,3,5,0,Caswell,2022-06-20
2,11,3,8,0,Caswell,2022-07-18
2,12,4,8,0,Caswell,2022-07-05
2,2,2,0,0,Catawba,2022-04-03
2,7,3,4,0,Catawba,2022-03-14
2,7,3,4,0,Catawba,2022-03-31
2,4,3,1,0,Catawba,2022-04-07
2,9,3,6,0,Catawba,2022-04-24
2,12,4,8,0,Catawba,2022-04-28
2,8,5,3,0,Catawba,2022-03-05
2,8,5,3,0,Catawba,2022-04-04
2,12,5,7,0,Catawba,2022-04-14
2,16,7,9,0,Catawba,2022-04-22
2,19,8,11,0,Catawba,2022-04-25
2,28,9,19,0,Catawba,2022-05-14
2,32,16,16,0,Catawba,2022-05-12
2,58,23,35,0,Catawba,2022-02-17
2,41,23,18,0,Catawba,2022-06-03
2,15,1,14,0,Chatham,2022-04-12
2,18,2,16,0,Chatham,2022-04-13
2,20,2,18,0,Chatham,2022-06-07
2,10,2,8,0,Chatham,2022-08-06
2,12,3,9,0,Chatham,2022-04-07
2,25,3,22,0,Chatham,2022-06-08
2,25,3,22,0,Chatham,2022-06-27
2,20,3,17,0,Chatham,2022-06-29
2,19,3,16,0,Chatham,2022-07-10
2,37,3,34,0,Chatham,2022-07-18
2,11,4,7,0,Chatham,2022-03-01
2,39,4,35,0,Chatham,2022-05-10
2,23,4,19,0,Chatham,2022-05-24
2,20,4,16,0,Chatham,2022-06-16
2,26,4,22,0,Chatham,2022-06-20
2,31,4,27,0,Chatham,2022-06-28
2,33,4,29,0,Chatham,2022-08-01
2,18,5,13,0,Chatham,2022-02-17
2,9,5,4,0,Chatham,2022-02-22
2,26,5,21,0,Chatham,2022-05-06
2,32,5,27,0,Chatham,2022-05-13
2,32,5,27,0,Chatham,2022-07-21
2,21,7,14,0,Chatham,2022-05-11
2,31,8,23,0,Chatham,2022-05-27
2,8,0,8,0,Cherokee,2022-06-29
2,15,0,15,0,Cherokee,2022-07-27
2,10,1,9,0,Cherokee,2022-02-28
2,4,1,3,0,Cherokee,2022-04-18
2,10,1,9,0,Cherokee,2022-06-06
2,10,1,9,0,Cherokee,2022-06-10
2,10,1,9,0,Cherokee,2022-07-24
2,11,1,10,0,Cherokee,2022-07-30
2,8,2,6,0,Cherokee,2022-06-09
2,10,2,8,0,Cherokee,2022-07-20
2,5,3,2,0,Cherokee,2022-03-01
2,8,3,5,0,Cherokee,2022-06-02
2,15,3,12,0,Cherokee,2022-07-05
2,10,3,7,0,Cherokee,2022-07-15
2,25,4,21,0,Cherokee,2022-07-22
2,11,5,6,0,Cherokee,2022-02-16
2,19,6,13,0,Cherokee,2022-06-20
2,21,9,12,0,Cherokee,2022-02-10
2,6,0,6,0,Chowan,2022-02-09
2,4,0,4,0,Chowan,2022-02-11
2,2,0,2,0,Chowan,2022-04-18
2,5,0,5,0,Chowan,2022-05-09
2,7,0,7,0,Chowan,2022-05-12
2,11,0,11,0,Chowan,2022-05-26
2,7,0,7,0,Chowan,2022-05-29
2,15,0,15,0,Chowan,2022-07-11
2,21,0,21,0,Chowan,2022-07-20
2,7,2,5,0,Chowan,2022-05-15
2,12,2,10,0,Chowan,2022-07-13
2,4,0,4,0,Clay,2022-05-28
2,12,0,12,0,Clay,2022-07-21
2,6,1,5,0,Clay,2022-05-18
2,5,1,4,0,Clay,2022-06-24
2,4,1,3,0,Clay,2022-07-11
2,9,2,7,0,Clay,2022-07-20
2,8,3,5,0,Clay,2022-07-19
2,9,4,5,0,Clay,2022-07-26
2,10,0,10,0,Cleveland,2022-03-01
2,5,0,5,0,Cleveland,2022-04-13
2,18,0,18,0,Cleveland,2022-07-09
2,3,1,2,0,Cleveland,2022-04-19
2,6,1,5,0,Cleveland,2022-04-28
2,10,1,9,0,Cleveland,2022-05-06
2,15,1,14,0,Cleveland,2022-06-25
2,15,2,13,0,Cleveland,2022-05-08
2,22,2,20,0,Cleveland,2022-06-05
2,16,3,13,0,Cleveland,2022-05-09
2,17,3,14,0,Cleveland,2022-05-29
2,16,4,12,0,Cleveland,2022-02-24
2,13,4,9,0,Cleveland,2022-05-03
2,10,4,6,0,Cleveland,2022-05-28
2,23,4,19,0,Cleveland,2022-06-22
2,40,4,36,0,Cleveland,2022-07-15
2,27,5,22,0,Cleveland,2022-06-12
2,28,5,23,0,Cleveland,2022-06-17
2,21,5,16,0,Cleveland,2022-07-02
2,24,6,18,0,Cleveland,2022-06-07
2,6,1,5,0,Columbus,2022-05-22
2,5,1,4,0,Columbus,2022-06-10
2,6,2,4,0,Columbus,2022-04-25
2,8,4,4,0,Columbus,2022-05-12
2,19,6,13,0,Columbus,2022-05-18
2,11,6,5,0,Columbus,2022-05-24
2,15,7,8,0,Columbus,2022-06-20
2,15,7,8,0,Columbus,2022-06-29
2,23,8,15,0,Columbus,2022-05-16
2,14,8,6,0,Columbus,2022-06-14
2,16,8,8,0,Columbus,2022-06-15
2,16,8,8,0,Columbus,2022-06-30
2,11,8,3,0,Columbus,2022-07-04
2,18,2,16,0,Craven,2022-02-24
2,8,2,6,0,Craven,2022-03-03
2,8,3,5,0,Craven,2022-03-17
2,11,3,8,0,Craven,2022-04-20
2,10,6,4,0,Craven,2022-04-21
2,19,6,13,0,Craven,2022-05-08
2,24,8,16,0,Craven,2022-05-04
2,20,8,12,0,Craven,2022-05-29
2,34,9,25,0,Craven,2022-05-22
2,18,10,8,0,Craven,2022-03-07
2,35,10,25,0,Craven,2022-05-12
2,35,12,23,0,Craven,2022-08-03
2,39,14,25,0,Craven,2022-06-15
2,39,15,24,0,Craven,2022-05-03
2,39,15,24,0,Craven,2022-05-19
2,32,16,16,0,Craven,2022-07-29
2,30,17,13,0,Craven,2022-05-06
2,60,17,43,0,Craven,2022-07-08
2,43,19,24,0,Craven,2022-05-27
2,22,3,19,0,Cumberland,2022-03-09
2,30,4,26,0,Cumberland,2022-03-07
2,24,5,19,0,Cumberland,2022-03-10
2,43,6,37,0,Cumberland,2022-04-22
2,5,0,5,0,Currituck,2022-02-12
2,8,0,8,0,Currituck,2022-06-17
2,9,0,9,0,Currituck,2022-07-06
2,9,1,8,0,Currituck,2022-06-28
2,8,2,6,0,Currituck,2022-06-09
2,14,3,11,0,Currituck,2022-05-28
2,11,4,7,0,Currituck,2022-06-06
2,9,0,9,0,Dare,2022-04-21
2,10,0,10,0,Dare,2022-04-25
2,10,0,10,0,Dare,2022-05-08
2,19,0,19,0,Dare,2022-05-18
2,20,0,20,0,Dare,2022-05-27
2,21,0,21,0,Dare,2022-06-01
2,25,0,25,0,Dare,2022-06-02
2,17,0,17,0,Dare,2022-06-06
2,11,0,11,0,Dare,2022-06-10
2,15,0,15,0,Dare,2022-06-15
2,10,0,10,0,Dare,2022-06-19
2,10,0,10,0,Dare,2022-06-25
2,13,0,13,0,Dare,2022-06-29
2,14,0,14,0,Dare,2022-07-01
2,13,0,13,0,Dare,2022-07-07
2,10,0,10,0,Dare,2022-07-21
2,11,0,11,0,Dare,2022-07-24
2,12,0,12,0,Dare,2022-07-27
2,11,0,11,0,Dare,2022-08-03
2,14,0,14,0,Dare,2022-08-04
2,12,1,11,0,Dare,2022-05-06
2,11,1,10,0,Dare,2022-05-30
2,23,0,23,0,Davidson,2022-05-08
2,11,1,10,0,Davidson,2022-03-06
2,5,1,4,0,Davidson,2022-03-17
2,14,1,13,0,Davidson,2022-04-20
2,14,1,13,0,Davidson,2022-04-21
2,29,1,28,0,Davidson,2022-05-03
2,13,2,11,0,Davidson,2022-02-20
2,19,2,17,0,Davidson,2022-06-18
2,5,3,2,0,Davidson,2022-03-23
2,18,3,15,0,Davidson,2022-05-07
2,24,4,20,0,Davidson,2022-06-04
2,34,5,29,0,Davidson,2022-02-23
2,17,7,10,0,Davidson,2022-04-13
2,71,19,52,0,Davidson,2022-02-14
2,15,0,15,0,Davie,2022-06-08
2,13,1,12,0,Davie,2022-02-18
2,16,1,15,0,Davie,2022-05-27
2,8,1,7,0,Davie,2022-06-19
2,4,2,2,0,Davie,2022-03-24
2,5,2,3,0,Davie,2022-03-31
2,12,2,10,0,Davie,2022-07-12
2,11,3,8,0,Davie,2022-05-05
2,10,3,7,0,Davie,2022-05-22
2,12,3,9,0,Davie,2022-06-29
2,14,3,11,0,Davie,2022-07-17
2,18,4,14,0,Davie,2022-02-17
2,13,4,9,0,Davie,2022-04-25
2,16,4,12,0,Davie,2022-05-16
2,20,4,16,0,Davie,2022-06-22
2,13,5,8,0,Davie,2022-07-29
2,21,6,15,0,Davie,2022-05-17
2,25,6,19,0,Davie,2022-06-06
2,20,7,13,0,Davie,2022-05-19
2,34,8,26,0,Davie,2022-02-09
2,12,8,4,0,Davie,2022-02-28
2,19,8,11,0,Davie,2022-05-11
2,15,9,6,0,Davie,2022-05-12
2,18,10,8,0,Davie,2022-06-24
2,9,0,9,0,Duplin,2022-06-25
2,10,0,10,0,Duplin,2022-07-17
2,13,1,12,0,Duplin,2022-07-10
2,5,2,3,0,Duplin,2022-04-29
2,6,2,4,0,Duplin,2022-06-08
2,8,4,4,0,Duplin,2022-05-11
2,13,4,9,0,Duplin,2022-06-21
2,14,4,10,0,Duplin,2022-07-31
2,14,5,9,0,Duplin,2022-02-18
2,9,5,4,0,Duplin,2022-05-19
2,10,5,5,0,Duplin,2022-06-03
2,12,5,7,0,Duplin,2022-07-04
2,10,5,5,0,Duplin,2022-07-09
2,14,6,8,0,Duplin,2022-06-13
2,16,7,9,0,Duplin,2022-05-24
2,12,7,5,0,Duplin,2022-06-15
2,21,10,11,0,Duplin,2022-06-20
2,26,20,6,0,Duplin,2022-06-16
2,41,29,12,0,Duplin,2022-07-06
2,32,1,31,0,Durham,2022-03-31
2,32,3,29,0,Durham,2022-03-30
2,33,3,30,0,Durham,2022-04-01
2,47,4,43,0,Durham,2022-03-22
2,31,6,25,0,Durham,2022-04-03
2,13,0,13,0,Edgecombe,2022-02-14
2,16,0,16,0,Edgecombe,2022-05-16
2,14,0,14,0,Edgecombe,2022-07-01
2,8,0,8,0,Edgecombe,2022-07-02
2,10,0,10,0,Edgecombe,2022-07-06
2,9,1,8,0,Edgecombe,2022-02-18
2,12,1,11,0,Edgecombe,2022-05-09
2,10,1,9,0,Edgecombe,2022-05-18
2,19,1,18,0,Edgecombe,2022-05-23
2,13,1,12,0,Edgecombe,2022-05-29
2,14,1,13,0,Edgecombe,2022-06-23
2,11,1,10,0,Edgecombe,2022-06-25
2,14,1,13,0,Edgecombe,2022-07-31
2,5,2,3,0,Edgecombe,2022-04-18
2,9,2,7,0,Edgecombe,2022-05-11
2,11,2,9,0,Edgecombe,2022-06-26
2,18,2,16,0,Edgecombe,2022-07-08
2,20,3,17,0,Edgecombe,2022-05-25
2,8,5,3,0,Edgecombe,2022-02-24
2,31,6,25,0,Edgecombe,2022-07-05
2,11,8,3,0,Edgecombe,2022-03-14
2,15,3,12,0,Forsyth,2022-03-16
2,13,3,10,0,Forsyth,2022-03-25
2,23,3,20,0,Forsyth,2022-04-08
2,15,4,11,0,Forsyth,2022-03-18
2,52,4,48,0,Forsyth,2022-05-08
2,27,5,22,0,Forsyth,2022-03-31
2,34,5,29,0,Forsyth,2022-04-24
2,22,6,16,0,Forsyth,2022-03-24
2,45,8,37,0,Forsyth,2022-05-01
2,39,9,30,0,Forsyth,2022-04-07
2,16,0,16,0,Franklin,2022-06-04
2,11,1,10,0,Franklin,2022-04-16
2,8,1,7,0,Franklin,2022-04-23
2,19,1,18,0,Franklin,2022-05-06
2,22,1,21,0,Franklin,2022-05-28
2,26,1,25,0,Franklin,2022-06-08
2,13,1,12,0,Franklin,2022-06-25
2,10,1,9,0,Franklin,2022-07-03
2,6,2,4,0,Franklin,2022-03-04
2,9,2,7,0,Franklin,2022-04-20
2,36,3,33,0,Franklin,2022-02-16
2,33,4,29,0,Franklin,2022-05-14
2,13,5,8,0,Franklin,2022-04-15
2,44,5,39,0,Franklin,2022-06-01
2,30,6,24,0,Franklin,2022-06-10
2,31,6,25,0,Franklin,2022-07-28
2,11,2,9,0,Gaston,2022-03-31
2,9,2,7,0,Gaston,2022-04-10
2,7,3,4,0,Gaston,2022-03-05
2,27,3,24,0,Gaston,2022-04-30
2,23,3,20,0,Gaston,2022-05-08
2,34,3,31,0,Gaston,2022-05-14
2,21,4,17,0,Gaston,2022-04-21
2,20,5,15,0,Gaston,2022-04-08
2,25,5,20,0,Gaston,2022-04-28
2,15,7,8,0,Gaston,2022-04-04
2,40,7,33,0,Gaston,2022-07-04
2,2,0,2,0,Gates,2022-07-31
2,5,2,3,0,Gates,2022-06-14
2,3,0,3,0,Graham,2022-07-03
2,3,1,2,0,Graham,2022-06-10
2,9,2,7,0,Graham,2022-07-05
2,7,4,3,0,Graham,2022-02-15
2,6,5,1,0,Graham,2022-07-19
2,15,1,14,0,Granville,2022-06-18
2,8,2,6,0,Granville,2022-04-11
2,21,2,19,0,Granville,2022-06-07
2,11,2,9,0,Granville,2022-07-17
2,23,2,21,0,Granville,2022-08-06
2,14,3,11,0,Granville,2022-03-01
2,15,3,12,0,Granville,2022-05-21
2,21,3,18,0,Granville,2022-06-03
2,30,4,26,0,Granville,2022-06-02
2,10,5,5,0,Granville,2022-03-08
2,20,5,15,0,Granville,2022-05-22
2,25,6,19,0,Granville,2022-07-01
2,25,7,18,0,Granville,2022-05-12
2,42,7,35,0,Granville,2022-05-31
2,26,7,19,0,Granville,2022-06-09
2,29,8,21,0,Granville,2022-06-10
2,23,9,14,0,Granville,2022-06-30
2,22,10,12,0,Granville,2022-06-28
2,37,17,20,0,Granville,2022-05-17
2,48,17,31,0,Granville,2022-05-23
2,66,20,46,0,Granville,2022-07-25
2,12,0,12,0,Greene,2022-06-14
2,3,0,3,0,Greene,2022-06-18
2,5,0,5,0,Greene,2022-06-22
2,12,0,12,0,Greene,2022-08-01
2,7,1,6,0,Greene,2022-06-16
2,9,1,8,0,Greene,2022-07-21
2,11,1,10,0,Greene,2022-08-04
2,5,2,3,0,Greene,2022-05-03
2,4,2,2,0,Greene,2022-05-16
2,5,2,3,0,Greene,2022-05-25
2,8,3,5,0,Greene,2022-06-06
2,14,5,9,0,Greene,2022-06-08
2,11,5,6,0,Greene,2022-08-02
2,11,6,5,0,Greene,2022-02-09
2,21,8,13,0,Greene,2022-07-25
2,26,3,23,0,Guilford,2022-04-05
2,36,7,29,0,Guilford,2022-04-04
2,39,9,30,0,Guilford,2022-03-21
2,45,9,36,0,Guilford,2022-04-08
2,25,11,14,0,Guilford,2022-04-01
2,14,0,14,0,Halifax,2022-02-11
2,4,0,4,0,Halifax,2022-05-14
2,15,1,14,0,Halifax,2022-02-16
2,7,1,6,0,Halifax,2022-03-04
2,7,1,6,0,Halifax,2022-05-06
2,5,1,4,0,Halifax,2022-05-30
2,7,1,6,0,Halifax,2022-07-02
2,11,1,10,0,Halifax,2022-08-06
2,12,2,10,0,Halifax,2022-02-15
2,14,3,11,0,Halifax,2022-05-02
2,23,3,20,0,Halifax,2022-05-31
2,17,3,14,0,Halifax,2022-06-15
2,14,3,11,0,Halifax,2022-07-31
2,16,4,12,0,Halifax,2022-02-10
2,15,4,11,0,Halifax,2022-06-03
2,22,4,18,0,Halifax,2022-06-22
2,36,4,32,0,Halifax,2022-07-19
2,21,5,16,0,Halifax,2022-08-03
2,18,7,11,0,Halifax,2022-05-11
2,11,8,3,0,Halifax,2022-04-22
2,9,0,9,0,Harnett,2022-03-21
2,12,1,11,0,Harnett,2022-02-24
2,19,2,17,0,Harnett,2022-05-22
2,21,2,19,0,Harnett,2022-06-11
2,12,3,9,0,Harnett,2022-05-07
2,15,3,12,0,Harnett,2022-07-04
2,15,4,11,0,Harnett,2022-03-03
2,19,4,15,0,Harnett,2022-04-29
2,20,4,16,0,Harnett,2022-08-06
2,24,5,19,0,Harnett,2022-05-14
2,33,6,27,0,Harnett,2022-06-02
2,31,6,25,0,Harnett,2022-06-10
2,24,6,18,0,Harnett,2022-06-19
2,17,8,9,0,Harnett,2022-04-18
2,35,8,27,0,Harnett,2022-05-17
2,36,9,27,0,Harnett,2022-06-07
2,31,10,21,0,Harnett,2022-05-02
2,67,12,55,0,Harnett,2022-02-09
2,26,12,14,0,Harnett,2022-04-21
2,48,15,33,0,Harnett,2022-05-25
2,7,1,6,0,Haywood,2022-04-22
2,4,2,2,0,Haywood,2022-04-12
2,12,4,8,0,Haywood,2022-05-14
2,11,5,6,0,Haywood,2022-05-30
2,7,6,1,0,Haywood,2022-03-27
2,25,6,19,0,Haywood,2022-06-09
2,11,6,5,0,Haywood,2022-07-10
2,17,7,10,0,Haywood,2022-05-03
2,12,7,5,0,Haywood,2022-07-20
2,19,7,12,0,Haywood,2022-08-02
2,16,8,8,0,Haywood,2022-05-05
2,9,8,1,0,Haywood,2022-06-26
2,16,9,7,0,Haywood,2022-06-08
2,13,10,3,0,Haywood,2022-05-26
2,22,10,12,0,Haywood,2022-07-29
2,31,11,20,0,Haywood,2022-06-13
2,17,11,6,0,Haywood,2022-07-06
2,15,11,4,0,Haywood,2022-07-13
2,26,12,14,0,Haywood,2022-06-27
2,20,13,7,0,Haywood,2022-06-15
2,18,14,4,0,Haywood,2022-05-24
2,33,14,19,0,Haywood,2022-07-26
2,38,16,22,0,Haywood,2022-02-10
2,19,16,3,0,Haywood,2022-07-02
2,28,16,12,0,Haywood,2022-07-27
2,38,18,20,0,Haywood,2022-05-16
2,4,1,3,0,Henderson,2022-03-29
2,13,2,11,0,Henderson,2022-04-11
2,17,5,12,0,Henderson,2022-05-03
2,17,5,12,0,Henderson,2022-05-14
2,19,5,14,0,Henderson,2022-06-25
2,24,6,18,0,Henderson,2022-06-17
2,17,8,9,0,Henderson,2022-05-28
2,17,8,9,0,Henderson,2022-06-19
2,21,9,12,0,Henderson,2022-02-23
2,23,9,14,0,Henderson,2022-05-22
2,17,9,8,0,Henderson,2022-05-29
2,23,10,13,0,Henderson,2022-05-12
2,26,10,16,0,Henderson,2022-06-08
2,39,12,27,0,Henderson,2022-05-20
2,23,15,8,0,Henderson,2022-06-11
2,31,17,14,0,Henderson,2022-05-27
2,32,20,12,0,Henderson,2022-06-26
2,41,21,20,0,Henderson,2022-06-28
2,47,22,25,0,Henderson,2022-05-19
2,16,0,16,0,Hertford,2022-07-15
2,6,0,6,0,Hertford,2022-07-30
2,5,1,4,0,Hertford,2022-07-02
2,5,1,4,0,Hertford,2022-07-03
2,8,1,7,0,Hertford,2022-07-04
2,11,1,10,0,Hertford,2022-07-06
2,11,2,9,0,Hertford,2022-06-06
2,4,3,1,0,Hertford,2022-06-15
2,8,3,5,0,Hertford,2022-06-24
2,13,3,10,0,Hertford,2022-07-08
2,8,3,5,0,Hertford,2022-07-17
2,9,4,5,0,Hertford,2022-05-19
2,20,4,16,0,Hertford,2022-07-20
2,15,4,11,0,Hertford,2022-08-01
2,14,5,9,0,Hertford,2022-07-22
2,15,5,10,0,Hertford,2022-07-28
2,22,6,16,0,Hertford,2022-05-31
2,6,0,6,0,Hoke,2022-05-22
2,11,1,10,0,Hoke,2022-02-21
2,9,1,8,0,Hoke,2022-04-28
2,14,1,13,0,Hoke,2022-05-28
2,6,1,5,0,Hoke,2022-06-18
2,16,1,15,0,Hoke,2022-07-23
2,10,2,8,0,Hoke,2022-02-23
2,9,2,7,0,Hoke,2022-04-25
2,8,2,6,0,Hoke,2022-06-03
2,9,2,7,0,Hoke,2022-06-26
2,19,3,16,0,Hoke,2022-05-10
2,19,3,16,0,Hoke,2022-07-17
2,21,4,17,0,Hoke,2022-05-04
2,14,4,10,0,Hoke,2022-06-12
2,11,4,7,0,Hoke,2022-06-19
2,20,4,16,0,Hoke,2022-07-11
2,18,4,14,0,Hoke,2022-07-30
2,16,5,11,0,Hoke,2022-06-28
2,28,6,22,0,Hoke,2022-05-17
2,17,6,11,0,Hoke,2022-07-31
2,20,7,13,0,Hoke,2022-02-11
2,15,7,8,0,Hoke,2022-05-05
2,16,7,9,0,Hoke,2022-05-11
2,31,8,23,0,Hoke,2022-06-20
2,21,9,12,0,Hoke,2022-06-15
2,22,13,9,0,Hoke,2022-07-28
2,7,1,6,0,Hyde,2022-08-02
2,23,7,16,0,Iredell,2022-04-11
2,21,8,13,0,Iredell,2022-03-01
2,22,8,14,0,Iredell,2022-05-07
2,33,9,24,0,Iredell,2022-05-14
2,54,16,38,0,Iredell,2022-06-07
2,45,21,24,0,Iredell,2022-05-03
2,10,0,10,0,Jackson,2022-06-22
2,7,1,6,0,Jackson,2022-04-26
2,9,1,8,0,Jackson,2022-06-29
2,9,1,8,0,Jackson,2022-07-10
2,12,2,10,0,Jackson,2022-06-23
2,11,3,8,0,Jackson,2022-06-08
2,14,3,11,0,Jackson,2022-07-12
2,11,3,8,0,Jackson,2022-07-25
2,8,4,4,0,Jackson,2022-02-20
2,11,4,7,0,Jackson,2022-05-09
2,12,4,8,0,Jackson,2022-06-20
2,15,4,11,0,Jackson,2022-07-22
2,9,5,4,0,Jackson,2022-06-09
2,13,5,8,0,Jackson,2022-07-15
2,11,1,10,0,Johnston,2022-04-04
2,32,1,31,0,Johnston,2022-06-04
2,11,2,9,0,Johnston,2022-03-06
2,10,2,8,0,Johnston,2022-03-17
2,9,2,7,0,Johnston,2022-04-17
2,42,2,40,0,Johnston,2022-06-05
2,10,3,7,0,Johnston,2022-04-09
2,17,3,14,0,Johnston,2022-04-14
2,12,4,8,0,Johnston,2022-03-09
2,40,6,34,0,Johnston,2022-06-26
2,4,1,3,0,Jones,2022-06-24
2,7,1,6,0,Jones,2022-07-22
2,7,2,5,0,Jones,2022-06-07
2,4,2,2,0,Jones,2022-06-15
2,3,2,1,0,Jones,2022-06-22
2,10,2,8,0,Jones,2022-07-06
2,3,2,1,0,Jones,2022-07-20
2,5,3,2,0,Jones,2022-07-28
2,6,4,2,0,Jones,2022-06-13
2,7,0,7,0,Lee,2022-02-23
2,8,1,7,0,Lee,2022-03-14
2,22,2,20,0,Lee,2022-02-11
2,8,2,6,0,Lee,2022-02-20
2,12,2,10,0,Lee,2022-05-22
2,13,3,10,0,Lee,2022-06-08
2,20,4,16,0,Lee,2022-06-13
2,26,5,21,0,Lee,2022-05-16
2,23,5,18,0,Lee,2022-05-20
2,23,5,18,0,Lee,2022-06-29
2,16,5,11,0,Lee,2022-07-11
2,13,6,7,0,Lee,2022-05-15
2,23,6,17,0,Lee,2022-05-17
2,24,6,18,0,Lee,2022-06-02
2,32,7,25,0,Lee,2022-05-31
2,13,7,6,0,Lee,2022-07-10
2,16,8,8,0,Lee,2022-07-17
2,28,8,20,0,Lee,2022-07-26
2,21,9,12,0,Lee,2022-06-06
2,24,9,15,0,Lee,2022-07-06
2,21,11,10,0,Lee,2022-07-23
2,2,0,2,0,Lenoir,2022-03-27
2,3,0,3,0,Lenoir,2022-04-12
2,7,1,6,0,Lenoir,2022-05-03
2,14,2,12,0,Lenoir,2022-02-16
2,3,2,1,0,Lenoir,2022-04-20
2,5,2,3,0,Lenoir,2022-05-09
2,5,2,3,0,Lenoir,2022-06-12
2,5,3,2,0,Lenoir,2022-04-18
2,17,3,14,0,Lenoir,2022-06-06
2,13,4,9,0,Lenoir,2022-05-12
2,13,4,9,0,Lenoir,2022-07-02
2,23,5,18,0,Lenoir,2022-02-11
2,21,6,15,0,Lenoir,2022-06-02
2,11,6,5,0,Lenoir,2022-07-03
2,15,6,9,0,Lenoir,2022-07-24
2,24,8,16,0,Lenoir,2022-07-07
2,19,9,10,0,Lenoir,2022-06-08
2,18,11,7,0,Lenoir,2022-06-26
2,18,11,7,0,Lenoir,2022-07-30
2,39,18,21,0,Lenoir,2022-07-15
2,4,0,4,0,Lincoln,2022-03-08
2,10,0,10,0,Lincoln,2022-05-22
2,4,1,3,0,Lincoln,2022-04-09
2,9,1,8,0,Lincoln,2022-04-27
2,14,2,12,0,Lincoln,2022-05-09
2,17,2,15,0,Lincoln,2022-06-11
2,22,3,19,0,Lincoln,2022-07-23
2,23,4,19,0,Lincoln,2022-05-25
2,17,4,13,0,Lincoln,2022-05-27
2,24,4,20,0,Lincoln,2022-06-17
2,21,5,16,0,Lincoln,2022-05-10
2,27,5,22,0,Lincoln,2022-05-18
2,27,5,22,0,Lincoln,2022-06-21
2,26,7,19,0,Lincoln,2022-05-12
2,17,7,10,0,Lincoln,2022-05-14
2,24,7,17,0,Lincoln,2022-07-17
2,20,7,13,0,Lincoln,2022-08-05
2,34,8,26,0,Lincoln,2022-05-19
2,26,8,18,0,Lincoln,2022-06-02
2,14,9,5,0,Lincoln,2022-02-24
2,33,9,24,0,Lincoln,2022-06-28
2,35,9,26,0,Lincoln,2022-07-22
2,28,10,18,0,Lincoln,2022-02-17
2,9,0,9,0,Macon,2022-06-21
2,9,0,9,0,Macon,2022-08-03
2,15,1,14,0,Macon,2022-02-09
2,9,1,8,0,Macon,2022-06-02
2,11,2,9,0,Macon,2022-02-14
2,10,2,8,0,Macon,2022-06-17
2,11,2,9,0,Macon,2022-07-04
2,16,2,14,0,Macon,2022-07-08
2,13,2,11,0,Macon,2022-07-17
2,11,3,8,0,Macon,2022-05-23
2,10,3,7,0,Macon,2022-05-31
2,9,3,6,0,Macon,2022-08-01
2,21,4,17,0,Macon,2022-07-14
2,11,4,7,0,Macon,2022-08-04
2,16,5,11,0,Macon,2022-02-11
2,8,5,3,0,Macon,2022-05-16
2,18,8,10,0,Macon,2022-07-28
2,2,1,1,0,Madison,2022-05-28
2,9,1,8,0,Madison,2022-07-13
2,8,1,7,0,Madison,2022-08-01
2,7,2,5,0,Madison,2022-05-25
2,7,2,5,0,Madison,2022-07-14
2,7,3,4,0,Madison,2022-02-24
2,5,3,2,0,Madison,2022-05-14
2,9,3,6,0,Madison,2022-06-01
2,6,4,2,0,Madison,2022-05-11
2,7,4,3,0,Madison,2022-05-22
2,5,4,1,0,Madison,2022-07-06
2,25,5,20,0,Madison,2022-02-16
2,8,5,3,0,Madison,2022-05-18
2,27,7,20,0,Madison,2022-02-10
2,11,8,3,0,Madison,2022-05-19
2,13,9,4,0,Madison,2022-05-23
2,15,1,14,0,Martin,2022-02-08
2,16,1,15,0,Martin,2022-07-07
2,9,2,7,0,Martin,2022-02-14
2,6,2,4,0,Martin,2022-05-02
2,9,2,7,0,Martin,2022-05-23
2,11,2,9,0,Martin,2022-06-23
2,4,2,2,0,Martin,2022-07-04
2,8,2,6,0,Martin,2022-07-09
2,7,3,4,0,Martin,2022-06-24
2,10,3,7,0,Martin,2022-06-27
2,13,4,9,0,Martin,2022-06-08
2,14,5,9,0,Martin,2022-05-24
2,14,5,9,0,Martin,2022-06-07
2,17,5,12,0,Martin,2022-08-04
2,17,8,9,0,Martin,2022-07-13
2,13,0,13,0,McDowell,2022-05-11
2,12,0,12,0,McDowell,2022-05-16
2,10,0,10,0,McDowell,2022-06-10
2,9,0,9,0,McDowell,2022-06-11
2,10,0,10,0,McDowell,2022-07-17
2,9,0,9,0,McDowell,2022-08-06
2,8,1,7,0,McDowell,2022-05-19
2,11,1,10,0,McDowell,2022-05-21
2,18,1,17,0,McDowell,2022-05-24
2,14,1,13,0,McDowell,2022-05-27
2,15,1,14,0,McDowell,2022-06-22
2,9,1,8,0,McDowell,2022-08-02
2,17,2,15,0,McDowell,2022-05-31
2,19,2,17,0,McDowell,2022-06-04
2,6,3,3,0,McDowell,2022-04-21
2,15,3,12,0,McDowell,2022-05-17
2,26,3,23,0,McDowell,2022-05-23
2,19,3,16,0,McDowell,2022-06-23
2,17,4,13,0,McDowell,2022-02-22
2,7,4,3,0,McDowell,2022-04-29
2,17,4,13,0,McDowell,2022-05-09
2,10,5,5,0,McDowell,2022-06-18
2,36,16,20,0,McDowell,2022-02-09
2,33,16,17,0,McDowell,2022-02-17
2,69,14,55,0,Mecklenburg,2022-03-30
2,65,17,48,0,Mecklenburg,2022-03-23
2,4,0,4,0,Mitchell,2022-06-12
2,5,3,2,0,Mitchell,2022-05-16
2,7,3,4,0,Mitchell,2022-06-28
2,10,4,6,0,Mitchell,2022-02-09
2,6,5,1,0,Mitchell,2022-05-14
2,7,5,2,0,Mitchell,2022-06-08
2,8,5,3,0,Mitchell,2022-07-15
2,6,5,1,0,Mitchell,2022-07-19
2,7,6,1,0,Mitchell,2022-08-01
2,13,7,6,0,Mitchell,2022-05-23
2,9,7,2,0,Mitchell,2022-06-02
2,11,10,1,0,Mitchell,2022-06-20
2,5,0,5,0,Montgomery,2022-05-02
2,3,0,3,0,Montgomery,2022-06-06
2,7,0,7,0,Montgomery,2022-06-20
2,10,1,9,0,Montgomery,2022-02-16
2,4,1,3,0,Montgomery,2022-02-24
2,2,1,1,0,Montgomery,2022-03-03
2,7,1,6,0,Montgomery,2022-05-27
2,8,1,7,0,Montgomery,2022-06-17
2,5,2,3,0,Montgomery,2022-05-14
2,10,2,8,0,Montgomery,2022-06-16
2,12,2,10,0,Montgomery,2022-06-22
2,3,2,1,0,Montgomery,2022-07-04
2,8,2,6,0,Montgomery,2022-07-15
2,13,2,11,0,Montgomery,2022-07-22
2,6,4,2,0,Montgomery,2022-05-28
2,7,4,3,0,Montgomery,2022-06-23
2,18,4,14,0,Montgomery,2022-07-12
2,15,5,10,0,Montgomery,2022-07-21
2,24,7,17,0,Montgomery,2022-07-20
2,17,8,9,0,Montgomery,2022-07-29
2,14,2,12,0,Moore,2022-05-05
2,13,2,11,0,Moore,2022-05-08
2,7,3,4,0,Moore,2022-04-15
2,10,3,7,0,Moore,2022-04-24
2,18,3,15,0,Moore,2022-06-12
2,13,4,9,0,Moore,2022-04-29
2,12,5,7,0,Moore,2022-04-25
2,30,9,21,0,Moore,2022-05-19
2,28,9,19,0,Moore,2022-07-24
2,30,10,20,0,Moore,2022-06-07
2,25,11,14,0,Moore,2022-07-02
2,25,11,14,0,Moore,2022-07-15
2,34,12,22,0,Moore,2022-05-17
2,40,12,28,0,Moore,2022-06-01
2,21,13,8,0,Moore,2022-06-19
2,24,14,10,0,Moore,2022-06-25
2,9,1,8,0,Nash,2022-05-05
2,22,1,21,0,Nash,2022-07-31
2,6,2,4,0,Nash,2022-03-01
2,16,2,14,0,Nash,2022-06-05
2,7,3,4,0,Nash,2022-04-14
2,21,3,18,0,Nash,2022-04-21
2,21,3,18,0,Nash,2022-05-09
2,33,6,27,0,Nash,2022-05-26
2,22,7,15,0,Nash,2022-05-11
2,17,8,9,0,Nash,2022-06-04
2,32,10,22,0,Nash,2022-02-14
2,11,4,7,0,New Hanover,2022-04-30
2,24,5,19,0,New Hanover,2022-04-21
2,26,7,19,0,New Hanover,2022-04-19
2,30,7,23,0,New Hanover,2022-04-20
2,35,7,28,0,New Hanover,2022-05-21
2,53,9,44,0,New Hanover,2022-07-30
2,36,11,25,0,New Hanover,2022-04-13
2,69,11,58,0,New Hanover,2022-05-09
2,56,11,45,0,New Hanover,2022-07-17
2,38,12,26,0,New Hanover,2022-02-23
2,48,12,36,0,New Hanover,2022-05-10
2,55,12,43,0,New Hanover,2022-07-24
2,64,14,50,0,New Hanover,2022-05-11
2,46,15,31,0,New Hanover,2022-08-06
2,43,16,27,0,New Hanover,2022-06-26
2,14,1,13,0,Northampton,2022-07-29
2,9,2,7,0,Northampton,2022-05-16
2,9,2,7,0,Northampton,2022-08-03
2,6,3,3,0,Northampton,2022-06-23
2,12,3,9,0,Northampton,2022-07-19
2,10,3,7,0,Northampton,2022-08-04
2,10,4,6,0,Northampton,2022-05-20
2,9,4,5,0,Northampton,2022-05-25
2,10,4,6,0,Northampton,2022-07-14
2,15,4,11,0,Northampton,2022-08-02
2,11,5,6,0,Northampton,2022-06-27
2,12,5,7,0,Northampton,2022-07-13
2,6,6,0,0,Northampton,2022-05-12
2,14,6,8,0,Northampton,2022-05-31
2,12,6,6,0,Northampton,2022-07-12
2,17,7,10,0,Northampton,2022-08-01
2,10,8,2,0,Northampton,2022-06-20
2,29,1,28,0,Onslow,2022-02-25
2,20,2,18,0,Onslow,2022-02-20
2,33,2,31,0,Onslow,2022-08-06
2,21,3,18,0,Onslow,2022-05-01
2,20,5,15,0,Onslow,2022-05-28
2,42,5,37,0,Onslow,2022-07-31
2,32,6,26,0,Onslow,2022-06-12
2,18,7,11,0,Onslow,2022-03-01
2,57,0,57,0,Orange,2022-06-21
2,13,0,13,0,Orange,2022-07-04
2,29,1,28,0,Orange,2022-06-18
2,31,1,30,0,Orange,2022-07-30
2,28,2,26,0,Orange,2022-02-24
2,21,2,19,0,Orange,2022-06-19
2,31,2,29,0,Orange,2022-06-26
2,25,2,23,0,Orange,2022-07-24
2,31,3,28,0,Orange,2022-04-23
2,55,3,52,0,Orange,2022-04-27
2,27,3,24,0,Orange,2022-06-12
2,59,3,56,0,Orange,2022-06-15
2,43,3,40,0,Orange,2022-07-01
2,55,4,51,0,Orange,2022-04-07
2,64,4,60,0,Orange,2022-05-06
2,18,5,13,0,Orange,2022-04-24
2,60,5,55,0,Orange,2022-04-25
2,31,5,26,0,Orange,2022-05-08
2,71,6,65,0,Orange,2022-06-03
2,65,6,59,0,Orange,2022-06-20
2,85,8,77,0,Orange,2022-06-07
2,70,9,61,0,Orange,2022-07-14
2,7,0,7,0,Pamlico,2022-02-12
2,4,0,4,0,Pamlico,2022-05-27
2,5,3,2,0,Pamlico,2022-06-16
2,6,3,3,0,Pamlico,2022-07-10
2,27,1,26,0,Pasquotank,2022-02-16
2,9,1,8,0,Pasquotank,2022-06-27
2,7,1,6,0,Pasquotank,2022-07-06
2,3,2,1,0,Pasquotank,2022-05-03
2,9,2,7,0,Pasquotank,2022-06-22
2,12,2,10,0,Pasquotank,2022-07-12
2,7,3,4,0,Pasquotank,2022-06-15
2,6,4,2,0,Pasquotank,2022-05-30
2,7,4,3,0,Pasquotank,2022-06-07
2,12,4,8,0,Pasquotank,2022-07-01
2,9,4,5,0,Pasquotank,2022-07-14
2,12,4,8,0,Pasquotank,2022-07-22
2,9,5,4,0,Pasquotank,2022-05-13
2,14,5,9,0,Pasquotank,2022-05-17
2,8,5,3,0,Pasquotank,2022-06-16
2,7,5,2,0,Pasquotank,2022-06-18
2,16,5,11,0,Pasquotank,2022-06-20
2,14,6,8,0,Pasquotank,2022-06-03
2,10,6,4,0,Pasquotank,2022-06-13
2,17,7,10,0,Pasquotank,2022-05-19
2,10,7,3,0,Pasquotank,2022-06-09
2,12,8,4,0,Pasquotank,2022-07-18
2,15,8,7,0,Pasquotank,2022-08-01
2,16,10,6,0,Pasquotank,2022-07-11
2,17,14,3,0,Pasquotank,2022-06-06
2,21,17,4,0,Pasquotank,2022-07-27
2,11,0,11,0,Pender,2022-06-16
2,11,0,11,0,Pender,2022-06-24
2,24,1,23,0,Pender,2022-02-10
2,7,1,6,0,Pender,2022-03-15
2,13,1,12,0,Pender,2022-05-18
2,11,1,10,0,Pender,2022-06-04
2,9,1,8,0,Pender,2022-06-19
2,6,2,4,0,Pender,2022-04-24
2,22,2,20,0,Pender,2022-05-10
2,14,2,12,0,Pender,2022-05-13
2,10,2,8,0,Pender,2022-05-14
2,19,2,17,0,Pender,2022-07-30
2,15,3,12,0,Pender,2022-06-10
2,17,3,14,0,Pender,2022-06-28
2,24,3,21,0,Pender,2022-07-20
2,23,3,20,0,Pender,2022-07-31
2,16,4,12,0,Pender,2022-05-12
2,21,4,17,0,Pender,2022-06-06
2,19,4,15,0,Pender,2022-06-23
2,21,4,17,0,Pender,2022-07-21
2,27,6,21,0,Pender,2022-07-25
2,6,0,6,0,Perquimans,2022-06-15
2,5,0,5,0,Perquimans,2022-06-20
2,4,0,4,0,Perquimans,2022-07-12
2,5,1,4,0,Perquimans,2022-06-01
2,5,1,4,0,Perquimans,2022-07-29
2,2,2,0,0,Perquimans,2022-04-27
2,5,2,3,0,Perquimans,2022-06-06
2,9,4,5,0,Perquimans,2022-08-01
2,8,5,3,0,Perquimans,2022-05-31
2,7,1,6,0,Person,2022-07-02
2,14,2,12,0,Person,2022-05-04
2,12,3,9,0,Person,2022-07-09
2,15,3,12,0,Person,2022-07-15
2,7,4,3,0,Person,2022-05-08
2,16,4,12,0,Person,2022-05-11
2,11,4,7,0,Person,2022-06-02
2,11,4,7,0,Person,2022-07-03
2,13,5,8,0,Person,2022-05-29
2,18,5,13,0,Person,2022-06-01
2,7,5,2,0,Person,2022-06-17
2,15,5,10,0,Person,2022-06-23
2,22,6,16,0,Person,2022-02-10
2,22,6,16,0,Person,2022-07-20
2,16,7,9,0,Person,2022-06-14
2,18,7,11,0,Person,2022-06-29
2,23,8,15,0,Person,2022-05-23
2,23,9,14,0,Person,2022-06-27
2,7,0,7,0,Pitt,2022-03-28
2,13,0,13,0,Pitt,2022-04-06
2,11,1,10,0,Pitt,2022-04-07
2,11,1,10,0,Pitt,2022-04-22
2,24,1,23,0,Pitt,2022-04-25
2,9,2,7,0,Pitt,2022-03-10
2,22,2,20,0,Pitt,2022-04-11
2,15,2,13,0,Pitt,2022-04-14
2,26,2,24,0,Pitt,2022-06-04
2,31,7,24,0,Pitt,2022-06-18
2,2,0,2,0,Polk,2022-03-23
2,6,1,5,0,Polk,2022-07-18
2,3,2,1,0,Polk,2022-05-29
2,4,2,2,0,Polk,2022-08-02
2,3,3,0,0,Polk,2022-05-03
2,4,3,1,0,Polk,2022-06-08
2,8,4,4,0,Polk,2022-07-20
2,5,4,1,0,Polk,2022-07-23
2,10,6,4,0,Polk,2022-07-19
2,8,7,1,0,Polk,2022-07-02
2,14,8,6,0,Polk,2022-02-10
2,12,8,4,0,Polk,2022-06-27
2,12,10,2,0,Polk,2022-06-29
2,8,2,6,0,Randolph,2022-04-05
2,11,2,9,0,Randolph,2022-04-14
2,11,3,8,0,Randolph,2022-04-21
2,13,4,9,0,Randolph,2022-03-06
2,21,5,16,0,Randolph,2022-07-17
2,29,8,21,0,Randolph,2022-02-23
2,18,8,10,0,Randolph,2022-05-03
2,16,10,6,0,Randolph,2022-05-08
2,29,12,17,0,Randolph,2022-05-17
2,16,12,4,0,Randolph,2022-05-30
2,24,13,11,0,Randolph,2022-05-22
2,30,13,17,0,Randolph,2022-06-30
2,28,14,14,0,Randolph,2022-05-21
2,8,0,8,0,Richmond,2022-06-11
2,7,1,6,0,Richmond,2022-04-28
2,6,2,4,0,Richmond,2022-04-21
2,6,2,4,0,Richmond,2022-07-10
2,12,3,9,0,Richmond,2022-05-13
2,16,3,13,0,Richmond,2022-08-02
2,10,4,6,0,Richmond,2022-05-05
2,7,4,3,0,Richmond,2022-05-10
2,12,4,8,0,Richmond,2022-06-02
2,15,4,11,0,Richmond,2022-07-17
2,15,5,10,0,Richmond,2022-06-25
2,14,5,9,0,Richmond,2022-08-04
2,12,6,6,0,Richmond,2022-05-29
2,11,7,4,0,Richmond,2022-05-12
2,26,7,19,0,Richmond,2022-06-20
2,26,8,18,0,Richmond,2022-06-13
2,32,16,16,0,Richmond,2022-06-21
2,3,0,3,0,Robeson,2022-03-26
2,9,3,6,0,Robeson,2022-04-30
2,11,4,7,0,Robeson,2022-04-12
2,7,4,3,0,Robeson,2022-04-14
2,5,4,1,0,Robeson,2022-04-16
2,11,7,4,0,Robeson,2022-05-01
2,13,8,5,0,Robeson,2022-04-27
2,16,13,3,0,Robeson,2022-04-21
2,22,14,8,0,Robeson,2022-05-02
2,4,0,4,0,Rockingham,2022-04-15
2,6,0,6,0,Rockingham,2022-04-21
2,7,1,6,0,Rockingham,2022-05-01
2,7,1,6,0,Rockingham,2022-05-07
2,16,1,15,0,Rockingham,2022-07-30
2,11,2,9,0,Rockingham,2022-06-26
2,13,3,10,0,Rockingham,2022-04-25
2,17,3,14,0,Rockingham,2022-07-09
2,24,3,21,0,Rockingham,2022-07-23
2,20,4,16,0,Rockingham,2022-06-30
2,25,4,21,0,Rockingham,2022-07-11
2,21,4,17,0,Rockingham,2022-07-24
2,24,5,19,0,Rockingham,2022-07-07
2,31,6,25,0,Rockingham,2022-05-10
2,34,6,28,0,Rockingham,2022-06-06
2,35,7,28,0,Rockingham,2022-06-07
2,22,7,15,0,Rockingham,2022-07-04
2,34,8,26,0,Rockingham,2022-06-20
2,29,9,20,0,Rockingham,2022-06-22
2,9,0,9,0,Rowan,2022-02-20
2,8,0,8,0,Rowan,2022-02-26
2,10,0,10,0,Rowan,2022-03-14
2,20,0,20,0,Rowan,2022-05-14
2,9,1,8,0,Rowan,2022-03-18
2,15,1,14,0,Rowan,2022-06-19
2,20,2,18,0,Rowan,2022-04-27
2,16,2,14,0,Rowan,2022-04-28
2,27,2,25,0,Rowan,2022-05-12
2,17,2,15,0,Rowan,2022-07-09
2,11,3,8,0,Rowan,2022-03-06
2,11,3,8,0,Rowan,2022-03-22
2,12,3,9,0,Rowan,2022-04-21
2,14,3,11,0,Rowan,2022-05-07
2,12,4,8,0,Rowan,2022-04-19
2,18,4,14,0,Rowan,2022-07-30
2,3,0,3,0,Rutherford,2022-02-25
2,12,1,11,0,Rutherford,2022-05-04
2,20,1,19,0,Rutherford,2022-06-16
2,14,1,13,0,Rutherford,2022-06-24
2,12,1,11,0,Rutherford,2022-06-26
2,7,2,5,0,Rutherford,2022-04-22
2,11,2,9,0,Rutherford,2022-05-06
2,6,2,4,0,Rutherford,2022-05-07
2,16,2,14,0,Rutherford,2022-05-16
2,10,2,8,0,Rutherford,2022-05-29
2,24,2,22,0,Rutherford,2022-07-01
2,13,2,11,0,Rutherford,2022-07-29
2,13,3,10,0,Rutherford,2022-05-13
2,4,4,0,0,Rutherford,2022-03-11
2,8,4,4,0,Rutherford,2022-04-27
2,18,4,14,0,Rutherford,2022-06-27
2,28,4,24,0,Rutherford,2022-08-05
2,9,5,4,0,Rutherford,2022-05-30
2,11,5,6,0,Rutherford,2022-06-18
2,18,5,13,0,Rutherford,2022-08-03
2,10,7,3,0,Rutherford,2022-05-22
2,3,1,2,0,Sampson,2022-03-19
2,10,4,6,0,Sampson,2022-02-12
2,5,4,1,0,Sampson,2022-05-09
2,8,5,3,0,Sampson,2022-06-14
2,11,5,6,0,Sampson,2022-07-30
2,10,6,4,0,Sampson,2022-05-03
2,11,6,5,0,Sampson,2022-07-03
2,12,8,4,0,Sampson,2022-05-02
2,17,8,9,0,Sampson,2022-05-18
2,15,8,7,0,Sampson,2022-07-31
2,17,12,5,0,Sampson,2022-05-20
2,22,13,9,0,Sampson,2022-05-23
2,22,15,7,0,Sampson,2022-06-13
2,31,17,14,0,Sampson,2022-07-29
2,43,18,25,0,Sampson,2022-02-09
2,26,18,8,0,Sampson,2022-05-16
2,26,18,8,0,Sampson,2022-06-28
2,41,24,17,0,Sampson,2022-07-14
2,16,2,14,0,Scotland,2022-02-08
2,9,2,7,0,Scotland,2022-05-11
2,7,3,4,0,Scotland,2022-02-15
2,8,4,4,0,Scotland,2022-05-12
2,10,4,6,0,Scotland,2022-06-17
2,6,4,2,0,Scotland,2022-07-04
2,9,5,4,0,Scotland,2022-03-07
2,15,5,10,0,Scotland,2022-08-05
2,10,6,4,0,Scotland,2022-06-26
2,22,7,15,0,Scotland,2022-02-09
2,14,7,7,0,Scotland,2022-05-27
2,12,7,5,0,Scotland,2022-06-28
2,13,7,6,0,Scotland,2022-07-20
2,20,8,12,0,Scotland,2022-07-05
2,11,8,3,0,Scotland,2022-07-23
2,11,8,3,0,Scotland,2022-07-30
2,13,9,4,0,Scotland,2022-05-24
2,15,9,6,0,Scotland,2022-07-14
2,20,12,8,0,Scotland,2022-08-03
2,24,12,12,0,Scotland,2022-08-04
2,27,19,8,0,Scotland,2022-06-02
2,6,0,6,0,Stanly,2022-02-13
2,10,0,10,0,Stanly,2022-03-02
2,2,0,2,0,Stanly,2022-04-26
2,4,0,4,0,Stanly,2022-05-21
2,15,0,15,0,Stanly,2022-07-10
2,6,1,5,0,Stanly,2022-05-10
2,15,1,14,0,Stanly,2022-06-15
2,20,1,19,0,Stanly,2022-07-06
2,21,1,20,0,Stanly,2022-07-08
2,24,1,23,0,Stanly,2022-07-30
2,25,2,23,0,Stanly,2022-02-14
2,15,2,13,0,Stanly,2022-06-01
2,15,2,13,0,Stanly,2022-06-14
2,26,2,24,0,Stanly,2022-07-22
2,16,3,13,0,Stanly,2022-05-19
2,24,3,21,0,Stanly,2022-05-27
2,20,5,15,0,Stanly,2022-06-02
2,32,5,27,0,Stanly,2022-07-19
2,18,6,12,0,Stanly,2022-06-16
2,17,7,10,0,Stanly,2022-05-13
2,4,1,3,0,Stokes,2022-04-27
2,6,1,5,0,Stokes,2022-07-31
2,14,2,12,0,Stokes,2022-06-29
2,13,2,11,0,Stokes,2022-07-08
2,13,2,11,0,Stokes,2022-07-30
2,15,3,12,0,Stokes,2022-07-13
2,12,4,8,0,Stokes,2022-05-13
2,17,4,13,0,Stokes,2022-05-20
2,7,4,3,0,Stokes,2022-06-19
2,18,4,14,0,Stokes,2022-07-22
2,16,5,11,0,Stokes,2022-06-06
2,4,2,2,0,Surry,2022-04-20
2,16,3,13,0,Surry,2022-05-22
2,11,4,7,0,Surry,2022-04-25
2,9,4,5,0,Surry,2022-04-28
2,8,4,4,0,Surry,2022-05-07
2,18,5,13,0,Surry,2022-05-15
2,18,5,13,0,Surry,2022-06-22
2,21,6,15,0,Surry,2022-05-28
2,18,8,10,0,Surry,2022-06-05
2,35,14,21,0,Surry,2022-06-29
2,9,0,9,0,Swain,2022-07-06
2,6,1,5,0,Swain,2022-06-16
2,5,1,4,0,Swain,2022-07-09
2,7,2,5,0,Swain,2022-02-24
2,3,2,1,0,Swain,2022-04-24
2,9,2,7,0,Swain,2022-07-24
2,7,2,5,0,Swain,2022-08-02
2,13,3,10,0,Swain,2022-06-21
2,9,3,6,0,Swain,2022-07-26
2,13,5,8,0,Swain,2022-07-13
2,13,7,6,0,Swain,2022-02-11
2,6,0,6,0,Transylvania,2022-02-24
2,9,1,8,0,Transylvania,2022-05-31
2,10,1,9,0,Transylvania,2022-06-27
2,10,2,8,0,Transylvania,2022-07-21
2,12,4,8,0,Transylvania,2022-02-16
2,8,4,4,0,Transylvania,2022-05-26
2,14,4,10,0,Transylvania,2022-07-12
2,13,4,9,0,Transylvania,2022-08-03
2,10,5,5,0,Transylvania,2022-06-20
2,12,5,7,0,Transylvania,2022-07-26
2,16,5,11,0,Transylvania,2022-08-04
2,15,8,7,0,Transylvania,2022-06-23
2,11,8,3,0,Transylvania,2022-06-30
2,11,8,3,0,Transylvania,2022-07-27
2,15,8,7,0,Transylvania,2022-08-01
2,21,14,7,0,Transylvania,2022-07-25
2,4,1,3,0,Tyrrell,2022-07-05
2,8,2,6,0,Union,2022-03-30
2,40,6,34,0,Union,2022-05-08
2,53,7,46,0,Union,2022-05-14
2,20,8,12,0,Union,2022-04-23
2,38,15,23,0,Union,2022-02-23
2,3,0,3,0,Vance,2022-05-15
2,5,0,5,0,Vance,2022-05-29
2,8,1,7,0,Vance,2022-06-11
2,10,2,8,0,Vance,2022-07-16
2,17,3,14,0,Vance,2022-06-23
2,15,4,11,0,Vance,2022-05-12
2,12,4,8,0,Vance,2022-06-26
2,19,6,13,0,Vance,2022-06-15
2,23,7,16,0,Vance,2022-05-31
2,21,7,14,0,Vance,2022-07-09
2,21,9,12,0,Vance,2022-06-20
2,31,9,22,0,Vance,2022-08-01
2,27,12,15,0,Vance,2022-08-04
2,41,2,39,0,Wake,2022-04-03
2,73,16,57,0,Wake,2022-03-22
2,5,0,5,0,Warren,2022-02-17
2,2,0,2,0,Warren,2022-03-14
2,7,0,7,0,Warren,2022-05-12
2,6,0,6,0,Warren,2022-06-17
2,5,0,5,0,Warren,2022-07-16
2,10,0,10,0,Warren,2022-07-19
2,6,1,5,0,Warren,2022-06-07
2,15,2,13,0,Warren,2022-05-26
2,8,2,6,0,Warren,2022-06-27
2,7,2,5,0,Warren,2022-07-13
2,6,3,3,0,Warren,2022-05-13
2,14,3,11,0,Warren,2022-07-11
2,18,3,15,0,Warren,2022-07-25
2,8,3,5,0,Warren,2022-07-29
2,14,3,11,0,Warren,2022-08-01
2,9,5,4,0,Warren,2022-07-15
2,11,6,5,0,Warren,2022-06-13
2,3,0,3,0,Washington,2022-07-28
2,5,0,5,0,Washington,2022-08-03
2,8,2,6,0,Washington,2022-06-08
2,11,2,9,0,Washington,2022-07-22
2,6,3,3,0,Washington,2022-06-15
2,10,3,7,0,Washington,2022-07-14
2,10,3,7,0,Washington,2022-07-26
2,3,0,3,0,Watauga,2022-03-30
2,9,0,9,0,Watauga,2022-04-21
2,10,0,10,0,Watauga,2022-07-22
2,12,1,11,0,Watauga,2022-05-05
2,8,1,7,0,Watauga,2022-05-22
2,8,1,7,0,Watauga,2022-07-08
2,5,1,4,0,Watauga,2022-07-21
2,8,2,6,0,Watauga,2022-03-23
2,7,2,5,0,Watauga,2022-04-30
2,7,2,5,0,Watauga,2022-05-06
2,14,2,12,0,Watauga,2022-07-15
2,10,2,8,0,Watauga,2022-07-26
2,10,3,7,0,Watauga,2022-05-13
2,14,3,11,0,Watauga,2022-06-13
2,10,3,7,0,Watauga,2022-06-14
2,15,3,12,0,Watauga,2022-07-05
2,8,4,4,0,Watauga,2022-02-12
2,14,4,10,0,Watauga,2022-07-16
2,14,4,10,0,Watauga,2022-07-19
2,16,5,11,0,Watauga,2022-04-25
2,17,5,12,0,Watauga,2022-07-06
2,9,5,4,0,Watauga,2022-07-07
2,8,6,2,0,Watauga,2022-05-24
2,14,7,7,0,Watauga,2022-05-18
2,12,7,5,0,Watauga,2022-07-28
2,20,8,12,0,Watauga,2022-05-27
2,23,11,12,0,Watauga,2022-05-02
2,18,12,6,0,Watauga,2022-05-25
2,13,2,11,0,Wayne,2022-02-12
2,7,4,3,0,Wayne,2022-03-03
2,6,4,2,0,Wayne,2022-04-28
2,13,4,9,0,Wayne,2022-06-26
2,11,5,6,0,Wayne,2022-05-07
2,22,5,17,0,Wayne,2022-07-03
2,10,6,4,0,Wayne,2022-04-23
2,23,6,17,0,Wayne,2022-06-19
2,35,10,25,0,Wayne,2022-07-24
2,19,12,7,0,Wayne,2022-05-09
2,17,12,5,0,Wayne,2022-05-11
2,32,17,15,0,Wayne,2022-07-10
2,29,18,11,0,Wayne,2022-05-18
2,36,20,16,0,Wayne,2022-06-16
2,37,27,10,0,Wayne,2022-05-26
2,4,0,4,0,Wilkes,2022-04-25
2,9,2,7,0,Wilkes,2022-05-12
2,8,5,3,0,Wilkes,2022-02-27
2,17,5,12,0,Wilkes,2022-05-19
2,14,7,7,0,Wilkes,2022-05-13
2,13,7,6,0,Wilkes,2022-06-05
2,10,7,3,0,Wilkes,2022-06-19
2,10,7,3,0,Wilkes,2022-07-02
2,11,8,3,0,Wilkes,2022-05-21
2,29,8,21,0,Wilkes,2022-05-26
2,23,8,15,0,Wilkes,2022-05-28
2,20,9,11,0,Wilkes,2022-02-19
2,29,9,20,0,Wilkes,2022-02-25
2,15,11,4,0,Wilkes,2022-05-22
2,30,12,18,0,Wilkes,2022-02-18
2,18,12,6,0,Wilkes,2022-05-20
2,23,12,11,0,Wilkes,2022-06-20
2,25,13,12,0,Wilkes,2022-07-13
2,7,2,5,0,Wilson,2022-03-17
2,6,2,4,0,Wilson,2022-06-11
2,7,3,4,0,Wilson,2022-05-01
2,9,5,4,0,Wilson,2022-04-12
2,10,5,5,0,Wilson,2022-05-30
2,13,6,7,0,Wilson,2022-06-12
2,16,7,9,0,Wilson,2022-07-31
2,23,10,13,0,Wilson,2022-05-26
2,26,11,15,0,Wilson,2022-06-28
2,25,14,11,0,Wilson,2022-06-24
2,9,1,8,0,Yadkin,2022-05-21
2,10,3,7,0,Yadkin,2022-02-13
2,5,3,2,0,Yadkin,2022-04-25
2,12,3,9,0,Yadkin,2022-05-09
2,12,3,9,0,Yadkin,2022-06-05
2,15,3,12,0,Yadkin,2022-06-16
2,7,5,2,0,Yadkin,2022-02-18
2,15,5,10,0,Yadkin,2022-06-23
2,8,5,3,0,Yadkin,2022-07-17
2,28,8,20,0,Yadkin,2022-02-09
2,18,8,10,0,Yadkin,2022-05-24
2,14,9,5,0,Yadkin,2022-07-10
2,6,1,5,0,Yancey,2022-03-31
2,6,1,5,0,Yancey,2022-06-30
2,4,1,3,0,Yancey,2022-07-30
2,14,2,12,0,Yancey,2022-02-11
2,3,2,1,0,Yancey,2022-03-15
2,3,2,1,0,Yancey,2022-06-25
2,3,3,0,0,Yancey,2022-05-14
2,9,3,6,0,Yancey,2022-07-29
2,10,3,7,0,Yancey,2022-08-04
2,10,4,6,0,Yancey,2022-07-12
2,7,4,3,0,Yancey,2022-07-15
2,8,4,4,0,Yancey,2022-07-22
2,6,5,1,0,Yancey,2022-06-04
2,20,6,14,0,Yancey,2022-02-14
2,11,6,5,0,Yancey,2022-06-20
2,11,7,4,0,Yancey,2022-05-31
2,13,7,6,0,Yancey,2022-07-18
2,11,7,4,0,Yancey,2022-07-28
2,10,8,2,0,Yancey,2022-05-20
3,25,1,24,0,Alamance,2022-05-01
3,38,2,36,0,Alamance,2022-05-21
3,35,2,33,0,Alamance,2022-06-10
3,29,3,26,0,Alamance,2022-07-09
3,25,4,21,0,Alamance,2022-02-24
3,32,4,28,0,Alamance,2022-04-28
3,36,5,31,0,Alamance,2022-05-14
3,29,5,24,0,Alamance,2022-07-02
3,33,6,27,0,Alamance,2022-03-02
3,27,8,19,0,Alamance,2022-04-15
3,77,15,62,0,Alamance,2022-05-10
3,11,0,11,0,Alexander,2022-06-28
3,9,0,9,0,Alexander,2022-07-10
3,6,1,5,0,Alexander,2022-05-16
3,13,1,12,0,Alexander,2022-05-20
3,7,2,5,0,Alexander,2022-06-16
3,19,2,17,0,Alexander,2022-07-03
3,13,2,11,0,Alexander,2022-07-16
3,15,2,13,0,Alexander,2022-07-19
3,18,3,15,0,Alexander,2022-06-24
3,18,3,15,0,Alexander,2022-07-20
3,17,3,14,0,Alexander,2022-08-05
3,24,5,19,0,Alexander,2022-08-02
3,17,7,10,0,Alexander,2022-07-13
3,20,8,12,0,Alexander,2022-07-21
3,29,9,20,0,Alexander,2022-07-25
3,23,9,14,0,Alexander,2022-07-26
3,20,11,9,0,Alexander,2022-07-18
3,23,11,12,0,Alexander,2022-07-28
3,6,3,3,0,Alleghany,2022-06-01
3,6,3,3,0,Alleghany,2022-06-02
3,6,3,3,0,Alleghany,2022-07-26
3,5,5,0,0,Alleghany,2022-05-25
3,9,7,2,0,Alleghany,2022-05-24
3,8,0,8,0,Anson,2022-05-31
3,9,0,9,0,Anson,2022-06-15
3,15,1,14,0,Anson,2022-06-22
3,23,1,22,0,Anson,2022-07-26
3,15,2,13,0,Anson,2022-07-29
3,7,3,4,0,Anson,2022-07-07
3,12,3,9,0,Anson,2022-07-19
3,11,4,7,0,Anson,2022-07-08
3,18,4,14,0,Anson,2022-07-20
3,6,1,5,0,Ashe,2022-06-30
3,11,4,7,0,Ashe,2022-06-06
3,7,6,1,0,Ashe,2022-06-08
3,12,7,5,0,Ashe,2022-08-02
3,11,9,2,0,Ashe,2022-05-23
3,15,5,10,0,Avery,2022-02-10
3,18,6,12,0,Avery,2022-02-23
3,16,7,9,0,Avery,2022-02-16
3,25,10,15,0,Avery,2022-02-14
3,27,21,6,0,Avery,2022-07-20
3,10,0,10,0,Beaufort,2022-07-10
3,14,1,13,0,Beaufort,2022-07-08
3,10,2,8,0,Beaufort,2022-05-20
3,10,2,8,0,Beaufort,2022-05-29
3,12,2,10,0,Beaufort,2022-07-16
3,15,4,11,0,Beaufort,2022-06-15
3,17,4,13,0,Beaufort,2022-07-23
3,42,6,36,0,Beaufort,2022-07-05
3,24,10,14,0,Beaufort,2022-02-11
3,12,0,12,0,Bertie,2022-07-21
3,6,2,4,0,Bertie,2022-06-22
3,7,0,7,0,Bladen,2022-06-05
3,10,1,9,0,Bladen,2022-02-14
3,5,1,4,0,Bladen,2022-05-06
3,17,1,16,0,Bladen,2022-07-07
3,27,1,26,0,Bladen,2022-07-25
3,14,2,12,0,Bladen,2022-05-19
3,18,2,16,0,Bladen,2022-06-14
3,17,2,15,0,Bladen,2022-07-28
3,11,3,8,0,Bladen,2022-05-21
3,24,3,21,0,Bladen,2022-05-31
3,19,3,16,0,Bladen,2022-06-13
3,17,3,14,0,Bladen,2022-06-15
3,18,3,15,0,Bladen,2022-07-13
3,20,3,17,0,Bladen,2022-07-27
3,12,4,8,0,Bladen,2022-06-20
3,22,5,17,0,Bladen,2022-07-26
3,16,6,10,0,Bladen,2022-05-17
3,19,2,17,0,Brunswick,2022-04-13
3,31,2,29,0,Brunswick,2022-06-05
3,52,4,48,0,Brunswick,2022-05-17
3,67,6,61,0,Brunswick,2022-05-13
3,31,6,25,0,Brunswick,2022-05-30
3,55,6,49,0,Brunswick,2022-06-06
3,54,6,48,0,Brunswick,2022-08-04
3,29,7,22,0,Brunswick,2022-05-08
3,42,7,35,0,Brunswick,2022-06-03
3,34,7,27,0,Brunswick,2022-07-16
3,36,8,28,0,Brunswick,2022-06-19
3,22,8,14,0,Brunswick,2022-07-04
3,76,11,65,0,Brunswick,2022-05-18
3,20,7,13,0,Buncombe,2022-03-28
3,35,8,27,0,Buncombe,2022-04-15
3,41,12,29,0,Buncombe,2022-04-11
3,43,16,27,0,Buncombe,2022-04-12
3,44,16,28,0,Buncombe,2022-05-22
3,49,17,32,0,Buncombe,2022-07-03
3,42,18,24,0,Buncombe,2022-04-13
3,73,18,55,0,Buncombe,2022-08-05
3,68,19,49,0,Buncombe,2022-04-20
3,39,19,20,0,Buncombe,2022-05-08
3,49,22,27,0,Buncombe,2022-05-07
3,21,2,19,0,Burke,2022-07-31
3,15,2,13,0,Burke,2022-08-06
3,20,3,17,0,Burke,2022-06-10
3,21,3,18,0,Burke,2022-06-21
3,8,4,4,0,Burke,2022-03-07
3,28,4,24,0,Burke,2022-06-01
3,26,4,22,0,Burke,2022-06-28
3,16,5,11,0,Burke,2022-07-02
3,32,6,26,0,Burke,2022-05-19
3,35,6,29,0,Burke,2022-06-06
3,41,6,35,0,Burke,2022-06-27
3,30,6,24,0,Burke,2022-06-29
3,32,6,26,0,Burke,2022-07-15
3,30,8,22,0,Burke,2022-07-11
3,44,9,35,0,Burke,2022-07-12
3,50,16,34,0,Burke,2022-07-20
3,18,3,15,0,Cabarrus,2022-04-11
3,23,3,20,0,Cabarrus,2022-04-22
3,23,5,18,0,Cabarrus,2022-04-14
3,55,5,50,0,Cabarrus,2022-05-22
3,42,6,36,0,Cabarrus,2022-05-02
3,37,6,31,0,Cabarrus,2022-05-07
3,26,8,18,0,Cabarrus,2022-02-23
3,38,8,30,0,Cabarrus,2022-05-21
3,63,8,55,0,Cabarrus,2022-07-09
3,61,9,52,0,Cabarrus,2022-05-11
3,75,9,66,0,Cabarrus,2022-05-12
3,43,10,33,0,Cabarrus,2022-05-29
3,69,11,58,0,Cabarrus,2022-02-16
3,59,11,48,0,Cabarrus,2022-05-24
3,10,0,10,0,Caldwell,2022-02-26
3,10,1,9,0,Caldwell,2022-03-02
3,36,1,35,0,Caldwell,2022-07-30
3,23,2,21,0,Caldwell,2022-02-17
3,13,2,11,0,Caldwell,2022-04-20
3,15,2,13,0,Caldwell,2022-06-03
3,18,2,16,0,Caldwell,2022-06-19
3,11,3,8,0,Caldwell,2022-03-03
3,26,3,23,0,Caldwell,2022-06-09
3,20,4,16,0,Caldwell,2022-05-18
3,22,4,18,0,Caldwell,2022-06-22
3,28,5,23,0,Caldwell,2022-06-08
3,29,7,22,0,Caldwell,2022-06-17
3,5,3,2,0,Carteret,2022-04-11
3,14,6,8,0,Carteret,2022-05-05
3,11,6,5,0,Carteret,2022-05-09
3,23,6,17,0,Carteret,2022-06-01
3,13,6,7,0,Carteret,2022-07-31
3,23,7,16,0,Carteret,2022-05-26
3,22,8,14,0,Carteret,2022-05-23
3,36,9,27,0,Carteret,2022-05-27
3,27,11,16,0,Carteret,2022-07-09
3,22,12,10,0,Carteret,2022-05-11
3,26,13,13,0,Carteret,2022-07-21
3,31,15,16,0,Carteret,2022-07-06
3,29,17,12,0,Carteret,2022-07-22
3,38,24,14,0,Carteret,2022-07-19
3,8,0,8,0,Caswell,2022-06-22
3,4,2,2,0,Caswell,2022-05-12
3,10,5,5,0,Caswell,2022-07-20
3,13,5,8,0,Catawba,2022-05-08
3,45,10,35,0,Catawba,2022-05-22
3,25,13,12,0,Catawba,2022-05-21
3,30,14,16,0,Catawba,2022-05-11
3,30,15,15,0,Catawba,2022-05-02
3,41,20,21,0,Catawba,2022-05-27
3,50,22,28,0,Catawba,2022-05-19
3,16,2,14,0,Chatham,2022-07-31
3,29,3,26,0,Chatham,2022-07-14
3,22,4,18,0,Chatham,2022-05-08
3,28,5,23,0,Chatham,2022-06-15
3,26,6,20,0,Chatham,2022-06-03
3,26,6,20,0,Chatham,2022-07-26
3,59,7,52,0,Chatham,2022-05-31
3,27,10,17,0,Chatham,2022-08-02
3,34,11,23,0,Chatham,2022-05-02
3,35,15,20,0,Chatham,2022-02-08
3,8,1,7,0,Cherokee,2022-02-13
3,9,1,8,0,Cherokee,2022-07-13
3,16,2,14,0,Cherokee,2022-07-14
3,15,2,13,0,Cherokee,2022-07-21
3,12,3,9,0,Cherokee,2022-08-04
3,15,4,11,0,Cherokee,2022-06-14
3,10,4,6,0,Cherokee,2022-06-28
3,14,4,10,0,Cherokee,2022-07-28
3,14,4,10,0,Cherokee,2022-08-01
3,23,5,18,0,Cherokee,2022-07-18
3,26,8,18,0,Cherokee,2022-02-08
3,10,0,10,0,Chowan,2022-05-18
3,8,0,8,0,Chowan,2022-06-14
3,12,0,12,0,Chowan,2022-08-01
3,7,1,6,0,Chowan,2022-07-14
3,9,2,7,0,Chowan,2022-08-04
3,8,1,7,0,Clay,2022-08-01
3,7,3,4,0,Clay,2022-07-18
3,9,3,6,0,Clay,2022-08-02
3,17,0,17,0,Cleveland,2022-06-11
3,14,0,14,0,Cleveland,2022-06-18
3,18,1,17,0,Cleveland,2022-05-15
3,18,1,17,0,Cleveland,2022-06-02
3,6,2,4,0,Cleveland,2022-03-08
3,26,2,24,0,Cleveland,2022-05-12
3,31,2,29,0,Cleveland,2022-07-10
3,9,3,6,0,Cleveland,2022-05-21
3,26,3,23,0,Cleveland,2022-06-08
3,31,6,25,0,Cleveland,2022-06-27
3,24,8,16,0,Cleveland,2022-05-20
3,30,8,22,0,Cleveland,2022-05-23
3,11,2,9,0,Columbus,2022-06-17
3,9,2,7,0,Columbus,2022-07-03
3,8,3,5,0,Columbus,2022-05-26
3,9,4,5,0,Columbus,2022-04-26
3,10,4,6,0,Columbus,2022-05-10
3,11,4,7,0,Columbus,2022-05-13
3,8,4,4,0,Columbus,2022-06-06
3,14,5,9,0,Columbus,2022-05-19
3,14,6,8,0,Columbus,2022-06-09
3,12,7,5,0,Columbus,2022-07-17
3,27,8,19,0,Columbus,2022-07-07
3,12,9,3,0,Columbus,2022-06-23
3,21,11,10,0,Columbus,2022-07-20
3,23,13,10,0,Columbus,2022-02-16
3,17,1,16,0,Craven,2022-07-23
3,15,4,11,0,Craven,2022-05-15
3,20,7,13,0,Craven,2022-05-30
3,19,7,12,0,Craven,2022-07-24
3,29,7,22,0,Craven,2022-08-05
3,28,9,19,0,Craven,2022-06-24
3,29,9,20,0,Craven,2022-07-09
3,49,10,39,0,Craven,2022-02-16
3,28,10,18,0,Craven,2022-05-21
3,58,17,41,0,Craven,2022-02-11
3,46,18,28,0,Craven,2022-05-11
3,40,19,21,0,Craven,2022-05-02
3,25,20,5,0,Craven,2022-04-13
3,27,0,27,0,Cumberland,2022-04-15
3,14,3,11,0,Cumberland,2022-03-31
3,41,3,38,0,Cumberland,2022-04-21
3,23,5,18,0,Cumberland,2022-04-07
3,44,7,37,0,Cumberland,2022-03-01
3,36,10,26,0,Cumberland,2022-04-30
3,5,0,5,0,Currituck,2022-07-17
3,7,0,7,0,Currituck,2022-07-19
3,12,1,11,0,Currituck,2022-05-23
3,15,2,13,0,Currituck,2022-07-25
3,12,0,12,0,Dare,2022-05-03
3,19,0,19,0,Dare,2022-05-11
3,23,0,23,0,Dare,2022-05-17
3,27,0,27,0,Dare,2022-05-19
3,29,0,29,0,Dare,2022-05-23
3,28,0,28,0,Dare,2022-05-31
3,13,0,13,0,Dare,2022-06-07
3,21,0,21,0,Dare,2022-06-16
3,20,0,20,0,Dare,2022-06-21
3,9,0,9,0,Dare,2022-07-09
3,10,0,10,0,Dare,2022-07-12
3,22,0,22,0,Dare,2022-07-18
3,10,0,10,0,Dare,2022-08-01
3,18,1,17,0,Dare,2022-06-27
3,21,1,20,0,Dare,2022-07-05
3,18,1,17,0,Dare,2022-07-11
3,14,2,12,0,Dare,2022-07-06
3,21,0,21,0,Davidson,2022-06-11
3,16,0,16,0,Davidson,2022-06-12
3,5,1,4,0,Davidson,2022-03-31
3,24,1,23,0,Davidson,2022-06-05
3,17,2,15,0,Davidson,2022-04-19
3,23,2,21,0,Davidson,2022-05-21
3,21,3,18,0,Davidson,2022-05-29
3,30,3,27,0,Davidson,2022-06-26
3,27,5,22,0,Davidson,2022-05-15
3,31,7,24,0,Davidson,2022-05-11
3,34,8,26,0,Davidson,2022-05-13
3,44,10,34,0,Davidson,2022-06-07
3,12,0,12,0,Davie,2022-06-18
3,15,1,14,0,Davie,2022-06-07
3,13,1,12,0,Davie,2022-06-17
3,18,4,14,0,Davie,2022-07-13
3,16,4,12,0,Davie,2022-07-14
3,15,4,11,0,Davie,2022-08-06
3,17,5,12,0,Davie,2022-06-10
3,20,5,15,0,Davie,2022-08-05
3,14,6,8,0,Davie,2022-06-23
3,19,6,13,0,Davie,2022-07-06
3,19,7,12,0,Davie,2022-07-28
3,28,8,20,0,Davie,2022-05-18
3,32,10,22,0,Davie,2022-06-20
3,22,11,11,0,Davie,2022-07-26
3,15,3,12,0,Duplin,2022-06-26
3,17,3,14,0,Duplin,2022-07-24
3,14,5,9,0,Duplin,2022-07-23
3,22,6,16,0,Duplin,2022-07-30
3,14,8,6,0,Duplin,2022-06-01
3,21,11,10,0,Duplin,2022-06-30
3,26,12,14,0,Duplin,2022-07-22
3,39,20,19,0,Duplin,2022-07-12
3,24,0,24,0,Durham,2022-03-25
3,44,1,43,0,Durham,2022-03-16
3,23,1,22,0,Durham,2022-04-02
3,29,1,28,0,Durham,2022-04-10
3,24,3,21,0,Durham,2022-03-24
3,89,6,83,0,Durham,2022-04-11
3,17,0,17,0,Edgecombe,2022-07-16
3,13,1,12,0,Edgecombe,2022-02-11
3,11,1,10,0,Edgecombe,2022-06-04
3,19,1,18,0,Edgecombe,2022-06-08
3,12,2,10,0,Edgecombe,2022-06-10
3,10,2,8,0,Edgecombe,2022-07-04
3,27,2,25,0,Edgecombe,2022-08-04
3,9,4,5,0,Edgecombe,2022-05-02
3,21,4,17,0,Edgecombe,2022-06-22
3,17,4,13,0,Edgecombe,2022-06-29
3,15,6,9,0,Edgecombe,2022-06-20
3,29,7,22,0,Edgecombe,2022-06-28
3,27,3,24,0,Forsyth,2022-03-29
3,19,3,16,0,Forsyth,2022-04-09
3,35,5,30,0,Forsyth,2022-04-15
3,55,5,50,0,Forsyth,2022-04-22
3,33,7,26,0,Forsyth,2022-04-05
3,75,8,67,0,Forsyth,2022-06-18
3,41,9,32,0,Forsyth,2022-04-23
3,56,11,45,0,Forsyth,2022-04-30
3,83,12,71,0,Forsyth,2022-05-22
3,21,0,21,0,Franklin,2022-05-05
3,19,1,18,0,Franklin,2022-05-04
3,25,1,24,0,Franklin,2022-07-06
3,16,2,14,0,Franklin,2022-02-18
3,14,2,12,0,Franklin,2022-06-19
3,16,4,12,0,Franklin,2022-02-13
3,29,4,25,0,Franklin,2022-06-16
3,27,5,22,0,Franklin,2022-07-12
3,26,5,21,0,Franklin,2022-07-24
3,39,6,33,0,Franklin,2022-06-02
3,28,6,22,0,Franklin,2022-06-03
3,17,6,11,0,Franklin,2022-06-26
3,49,7,42,0,Franklin,2022-07-18
3,18,9,9,0,Franklin,2022-07-09
3,30,9,21,0,Franklin,2022-07-15
3,14,0,14,0,Gaston,2022-03-21
3,25,2,23,0,Gaston,2022-04-27
3,14,3,11,0,Gaston,2022-02-26
3,26,4,22,0,Gaston,2022-05-30
3,20,7,13,0,Gaston,2022-04-23
3,33,7,26,0,Gaston,2022-05-04
3,73,11,62,0,Gaston,2022-05-10
3,6,4,2,0,Gates,2022-07-05
3,5,4,1,0,Graham,2022-05-25
3,21,2,19,0,Granville,2022-05-09
3,6,2,4,0,Granville,2022-07-09
3,18,3,15,0,Granville,2022-02-15
3,21,3,18,0,Granville,2022-05-11
3,17,3,14,0,Granville,2022-06-17
3,17,3,14,0,Granville,2022-07-24
3,10,4,6,0,Granville,2022-04-21
3,13,4,9,0,Granville,2022-06-11
3,23,4,19,0,Granville,2022-08-03
3,11,5,6,0,Granville,2022-06-20
3,25,6,19,0,Granville,2022-06-24
3,19,7,12,0,Granville,2022-02-16
3,15,7,8,0,Granville,2022-05-27
3,27,7,20,0,Granville,2022-06-08
3,23,8,15,0,Granville,2022-05-05
3,32,8,24,0,Granville,2022-05-18
3,27,9,18,0,Granville,2022-07-19
3,40,11,29,0,Granville,2022-07-26
3,32,12,20,0,Granville,2022-06-13
3,32,13,19,0,Granville,2022-06-21
3,9,2,7,0,Greene,2022-07-26
3,10,3,7,0,Greene,2022-06-30
3,6,3,3,0,Greene,2022-07-31
3,15,4,11,0,Greene,2022-07-13
3,12,5,7,0,Greene,2022-07-20
3,17,6,11,0,Guilford,2022-03-12
3,28,7,21,0,Guilford,2022-03-24
3,40,11,29,0,Guilford,2022-04-10
3,70,19,51,0,Guilford,2022-02-19
3,90,27,63,0,Guilford,2022-05-01
3,8,1,7,0,Halifax,2022-04-25
3,12,2,10,0,Halifax,2022-05-13
3,21,2,19,0,Halifax,2022-07-29
3,19,4,15,0,Halifax,2022-06-01
3,18,4,14,0,Halifax,2022-06-09
3,10,5,5,0,Halifax,2022-06-26
3,16,7,9,0,Halifax,2022-05-16
3,16,8,8,0,Halifax,2022-05-09
3,15,8,7,0,Halifax,2022-06-30
3,31,10,21,0,Halifax,2022-07-06
3,24,2,22,0,Harnett,2022-05-10
3,27,4,23,0,Harnett,2022-02-23
3,27,4,23,0,Harnett,2022-08-05
3,28,5,23,0,Harnett,2022-07-10
3,33,6,27,0,Harnett,2022-07-16
3,42,7,35,0,Harnett,2022-06-01
3,35,8,27,0,Harnett,2022-05-11
3,18,8,10,0,Harnett,2022-05-30
3,32,8,24,0,Harnett,2022-06-21
3,32,9,23,0,Harnett,2022-06-29
3,50,11,39,0,Harnett,2022-06-13
3,53,20,33,0,Harnett,2022-05-26
3,12,7,5,0,Haywood,2022-08-06
3,14,8,6,0,Haywood,2022-02-19
3,22,9,13,0,Haywood,2022-05-11
3,13,9,4,0,Haywood,2022-06-21
3,20,10,10,0,Haywood,2022-06-03
3,28,11,17,0,Haywood,2022-05-31
3,24,12,12,0,Haywood,2022-05-23
3,22,12,10,0,Haywood,2022-06-14
3,28,12,16,0,Haywood,2022-07-21
3,22,13,9,0,Haywood,2022-07-12
3,31,15,16,0,Haywood,2022-06-28
3,17,15,2,0,Haywood,2022-07-04
3,30,25,5,0,Haywood,2022-07-18
3,20,2,18,0,Henderson,2022-08-06
3,15,4,11,0,Henderson,2022-04-13
3,12,6,6,0,Henderson,2022-04-30
3,29,7,22,0,Henderson,2022-05-31
3,16,8,8,0,Henderson,2022-02-24
3,17,8,9,0,Henderson,2022-04-25
3,30,8,22,0,Henderson,2022-06-16
3,21,9,12,0,Henderson,2022-06-23
3,28,9,19,0,Henderson,2022-07-17
3,20,10,10,0,Henderson,2022-05-02
3,19,11,8,0,Henderson,2022-05-30
3,30,11,19,0,Henderson,2022-07-30
3,23,12,11,0,Henderson,2022-06-03
3,40,13,27,0,Henderson,2022-07-19
3,32,14,18,0,Henderson,2022-05-09
3,36,15,21,0,Henderson,2022-06-21
3,42,15,27,0,Henderson,2022-07-29
3,37,17,20,0,Henderson,2022-07-24
3,57,32,25,0,Henderson,2022-05-16
3,9,3,6,0,Hertford,2022-06-01
3,16,3,13,0,Hertford,2022-07-19
3,9,3,6,0,Hertford,2022-08-04
3,9,4,5,0,Hertford,2022-07-12
3,19,10,9,0,Hertford,2022-07-27
3,22,2,20,0,Hoke,2022-05-19
3,11,2,9,0,Hoke,2022-07-04
3,12,3,9,0,Hoke,2022-05-13
3,30,4,26,0,Hoke,2022-06-16
3,11,4,7,0,Hoke,2022-07-10
3,29,4,25,0,Hoke,2022-07-22
3,21,4,17,0,Hoke,2022-08-05
3,29,6,23,0,Hoke,2022-07-13
3,32,7,25,0,Hoke,2022-07-26
3,27,7,20,0,Hoke,2022-07-29
3,36,9,27,0,Hoke,2022-02-09
3,14,9,5,0,Hoke,2022-05-03
3,26,9,17,0,Hoke,2022-06-23
3,32,9,23,0,Hoke,2022-07-05
3,39,10,29,0,Hoke,2022-02-08
3,25,11,14,0,Hoke,2022-05-09
3,25,11,14,0,Hoke,2022-06-07
3,36,15,21,0,Hoke,2022-07-21
3,10,4,6,0,Iredell,2022-03-24
3,8,4,4,0,Iredell,2022-04-07
3,22,6,16,0,Iredell,2022-04-24
3,33,6,27,0,Iredell,2022-06-18
3,21,9,12,0,Iredell,2022-03-02
3,30,10,20,0,Iredell,2022-04-21
3,36,10,26,0,Iredell,2022-05-06
3,34,11,23,0,Iredell,2022-06-17
3,41,12,29,0,Iredell,2022-05-12
3,39,17,22,0,Iredell,2022-07-10
3,33,18,15,0,Iredell,2022-06-04
3,58,25,33,0,Iredell,2022-06-09
3,10,0,10,0,Jackson,2022-05-26
3,15,2,13,0,Jackson,2022-06-01
3,11,2,9,0,Jackson,2022-06-27
3,13,2,11,0,Jackson,2022-07-21
3,29,3,26,0,Jackson,2022-02-10
3,10,3,7,0,Jackson,2022-07-17
3,13,4,9,0,Jackson,2022-07-13
3,20,5,15,0,Jackson,2022-07-20
3,13,6,7,0,Jackson,2022-02-18
3,17,6,11,0,Jackson,2022-02-23
3,15,7,8,0,Jackson,2022-07-06
3,14,7,7,0,Jackson,2022-07-28
3,21,8,13,0,Jackson,2022-08-03
3,9,3,6,0,Johnston,2022-03-22
3,24,6,18,0,Johnston,2022-04-20
3,24,6,18,0,Johnston,2022-04-21
3,18,6,12,0,Johnston,2022-04-23
3,21,7,14,0,Johnston,2022-04-19
3,14,8,6,0,Johnston,2022-04-15
3,37,9,28,0,Johnston,2022-04-28
3,39,10,29,0,Johnston,2022-04-25
3,49,10,39,0,Johnston,2022-06-18
3,55,16,39,0,Johnston,2022-05-13
3,18,5,13,0,Lee,2022-05-19
3,25,6,19,0,Lee,2022-06-28
3,13,6,7,0,Lee,2022-07-04
3,21,6,15,0,Lee,2022-07-07
3,18,7,11,0,Lee,2022-06-05
3,23,7,16,0,Lee,2022-07-01
3,16,7,9,0,Lee,2022-08-06
3,25,8,17,0,Lee,2022-05-24
3,23,11,12,0,Lee,2022-07-05
3,27,11,16,0,Lee,2022-07-12
3,34,11,23,0,Lee,2022-07-24
3,4,0,4,0,Lenoir,2022-06-04
3,7,1,6,0,Lenoir,2022-05-18
3,16,4,12,0,Lenoir,2022-08-06
3,14,7,7,0,Lenoir,2022-07-17
3,20,9,11,0,Lenoir,2022-06-30
3,28,9,19,0,Lenoir,2022-07-22
3,16,9,7,0,Lenoir,2022-07-31
3,38,20,18,0,Lenoir,2022-07-08
3,4,0,4,0,Lincoln,2022-04-08
3,11,1,10,0,Lincoln,2022-02-28
3,5,1,4,0,Lincoln,2022-04-12
3,12,1,11,0,Lincoln,2022-05-01
3,29,1,28,0,Lincoln,2022-07-09
3,18,2,16,0,Lincoln,2022-06-04
3,21,2,19,0,Lincoln,2022-06-05
3,21,2,19,0,Lincoln,2022-06-09
3,15,2,13,0,Lincoln,2022-06-12
3,14,3,11,0,Lincoln,2022-02-19
3,39,3,36,0,Lincoln,2022-07-28
3,19,4,15,0,Lincoln,2022-07-15
3,19,5,14,0,Lincoln,2022-02-13
3,18,5,13,0,Lincoln,2022-05-03
3,23,5,18,0,Lincoln,2022-05-17
3,35,6,29,0,Lincoln,2022-08-04
3,33,7,26,0,Lincoln,2022-06-24
3,25,7,18,0,Lincoln,2022-06-30
3,33,9,24,0,Lincoln,2022-05-24
3,31,14,17,0,Lincoln,2022-07-06
3,6,2,4,0,Macon,2022-06-03
3,12,2,10,0,Macon,2022-06-22
3,14,2,12,0,Macon,2022-07-07
3,25,2,23,0,Macon,2022-07-12
3,22,3,19,0,Macon,2022-07-26
3,20,4,16,0,Macon,2022-07-15
3,17,5,12,0,Macon,2022-06-27
3,16,6,10,0,Macon,2022-06-14
3,5,0,5,0,Madison,2022-04-27
3,16,8,8,0,Madison,2022-07-25
3,12,1,11,0,Martin,2022-08-03
3,12,2,10,0,Martin,2022-07-14
3,16,2,14,0,Martin,2022-07-19
3,12,3,9,0,Martin,2022-06-16
3,9,3,6,0,Martin,2022-07-12
3,8,4,4,0,Martin,2022-06-18
3,14,5,9,0,Martin,2022-08-02
3,14,6,8,0,Martin,2022-06-06
3,17,6,11,0,Martin,2022-07-27
3,17,8,9,0,Martin,2022-07-05
3,12,0,12,0,McDowell,2022-05-20
3,10,0,10,0,McDowell,2022-05-29
3,17,0,17,0,McDowell,2022-07-30
3,8,0,8,0,McDowell,2022-07-31
3,13,1,12,0,McDowell,2022-05-26
3,21,1,20,0,McDowell,2022-06-02
3,20,1,19,0,McDowell,2022-07-15
3,15,1,14,0,McDowell,2022-07-19
3,23,2,21,0,McDowell,2022-06-01
3,8,2,6,0,McDowell,2022-06-03
3,17,2,15,0,McDowell,2022-06-06
3,18,2,16,0,McDowell,2022-06-28
3,24,2,22,0,McDowell,2022-07-13
3,15,2,13,0,McDowell,2022-07-29
3,15,2,13,0,McDowell,2022-08-05
3,15,3,12,0,McDowell,2022-02-23
3,26,3,23,0,McDowell,2022-07-21
3,20,4,16,0,McDowell,2022-05-18
3,15,5,10,0,McDowell,2022-06-13
3,18,5,13,0,McDowell,2022-07-22
3,16,7,9,0,McDowell,2022-07-01
3,59,10,49,0,Mecklenburg,2022-04-10
3,52,12,40,0,Mecklenburg,2022-03-09
3,69,17,52,0,Mecklenburg,2022-03-31
3,5,0,5,0,Mitchell,2022-07-30
3,11,1,10,0,Mitchell,2022-07-20
3,8,5,3,0,Mitchell,2022-06-22
3,11,6,5,0,Mitchell,2022-06-07
3,11,6,5,0,Mitchell,2022-07-18
3,6,6,0,0,Mitchell,2022-07-22
3,5,0,5,0,Montgomery,2022-06-30
3,9,0,9,0,Montgomery,2022-07-09
3,15,1,14,0,Montgomery,2022-02-11
3,7,1,6,0,Montgomery,2022-07-05
3,8,1,7,0,Montgomery,2022-08-04
3,13,4,9,0,Montgomery,2022-07-11
3,11,5,6,0,Montgomery,2022-08-05
3,17,7,10,0,Montgomery,2022-07-07
3,16,9,7,0,Montgomery,2022-08-03
3,11,2,9,0,Moore,2022-04-20
3,15,2,13,0,Moore,2022-05-07
3,39,4,35,0,Moore,2022-02-17
3,26,5,21,0,Moore,2022-05-24
3,27,6,21,0,Moore,2022-05-20
3,30,6,24,0,Moore,2022-06-06
3,12,6,6,0,Moore,2022-06-10
3,31,6,25,0,Moore,2022-07-13
3,25,6,19,0,Moore,2022-08-05
3,17,7,10,0,Moore,2022-05-15
3,18,9,9,0,Moore,2022-07-03
3,24,10,14,0,Moore,2022-06-09
3,23,10,13,0,Moore,2022-06-18
3,24,11,13,0,Moore,2022-05-04
3,27,11,16,0,Moore,2022-07-14
3,34,13,21,0,Moore,2022-05-09
3,42,14,28,0,Moore,2022-05-16
3,42,17,25,0,Moore,2022-06-27
3,26,1,25,0,Nash,2022-08-06
3,6,2,4,0,Nash,2022-04-24
3,8,3,5,0,Nash,2022-05-15
3,17,3,14,0,Nash,2022-07-03
3,30,4,26,0,Nash,2022-08-05
3,33,5,28,0,Nash,2022-05-20
3,13,5,8,0,Nash,2022-05-28
3,25,6,19,0,Nash,2022-05-22
3,26,6,20,0,Nash,2022-05-25
3,27,6,21,0,Nash,2022-07-23
3,38,14,24,0,Nash,2022-07-22
3,11,3,8,0,New Hanover,2022-03-15
3,24,5,19,0,New Hanover,2022-04-14
3,32,6,26,0,New Hanover,2022-05-14
3,52,7,45,0,New Hanover,2022-05-12
3,51,8,43,0,New Hanover,2022-05-05
3,32,8,24,0,New Hanover,2022-05-30
3,41,11,30,0,New Hanover,2022-04-26
3,41,11,30,0,New Hanover,2022-05-03
3,69,12,57,0,New Hanover,2022-05-18
3,42,15,27,0,New Hanover,2022-06-19
3,74,16,58,0,New Hanover,2022-05-16
3,60,19,41,0,New Hanover,2022-06-03
3,76,21,55,0,New Hanover,2022-05-20
3,17,4,13,0,Northampton,2022-07-20
3,9,5,4,0,Northampton,2022-05-24
3,13,0,13,0,Onslow,2022-05-07
3,22,2,20,0,Onslow,2022-05-14
3,18,2,16,0,Onslow,2022-06-04
3,5,3,2,0,Onslow,2022-03-26
3,33,7,26,0,Onslow,2022-06-11
3,21,1,20,0,Orange,2022-03-23
3,32,2,30,0,Orange,2022-02-23
3,25,2,23,0,Orange,2022-05-01
3,37,2,35,0,Orange,2022-07-16
3,28,2,26,0,Orange,2022-07-17
3,44,2,42,0,Orange,2022-07-23
3,35,2,33,0,Orange,2022-07-31
3,89,3,86,0,Orange,2022-02-09
3,76,3,73,0,Orange,2022-02-14
3,84,4,80,0,Orange,2022-05-10
3,39,4,35,0,Orange,2022-07-02
3,40,4,36,0,Orange,2022-07-03
3,47,4,43,0,Orange,2022-07-09
3,49,5,44,0,Orange,2022-06-30
3,27,5,22,0,Orange,2022-07-10
3,90,6,84,0,Orange,2022-06-08
3,64,7,57,0,Orange,2022-04-21
3,54,7,47,0,Orange,2022-04-28
3,34,7,27,0,Orange,2022-05-07
3,75,7,68,0,Orange,2022-06-02
3,71,7,64,0,Orange,2022-06-09
3,77,8,69,0,Orange,2022-05-20
3,4,0,4,0,Pamlico,2022-06-28
3,6,1,5,0,Pamlico,2022-05-23
3,9,3,6,0,Pamlico,2022-05-12
3,9,3,6,0,Pamlico,2022-06-20
3,7,4,3,0,Pamlico,2022-06-21
3,7,5,2,0,Pamlico,2022-08-03
3,3,2,1,0,Pasquotank,2022-05-09
3,7,4,3,0,Pasquotank,2022-05-11
3,12,4,8,0,Pasquotank,2022-07-24
3,17,9,8,0,Pasquotank,2022-05-25
3,27,10,17,0,Pasquotank,2022-06-01
3,17,0,17,0,Pender,2022-06-17
3,7,0,7,0,Pender,2022-07-15
3,8,1,7,0,Pender,2022-07-02
3,35,2,33,0,Pender,2022-02-08
3,12,2,10,0,Pender,2022-05-20
3,21,2,19,0,Pender,2022-06-01
3,19,2,17,0,Pender,2022-06-30
3,17,2,15,0,Pender,2022-08-03
3,11,3,8,0,Pender,2022-07-04
3,18,4,14,0,Pender,2022-06-29
3,16,4,12,0,Pender,2022-07-08
3,22,5,17,0,Pender,2022-06-14
3,23,5,18,0,Pender,2022-07-26
3,28,6,22,0,Pender,2022-08-02
3,32,7,25,0,Pender,2022-07-11
3,8,2,6,0,Perquimans,2022-07-11
3,11,2,9,0,Person,2022-07-30
3,12,3,9,0,Person,2022-08-04
3,19,4,15,0,Person,2022-02-14
3,20,4,16,0,Person,2022-07-08
3,21,4,17,0,Person,2022-08-01
3,17,5,12,0,Person,2022-06-06
3,18,5,13,0,Person,2022-06-15
3,21,5,16,0,Person,2022-07-11
3,18,5,13,0,Person,2022-07-28
3,16,6,10,0,Person,2022-07-13
3,10,6,4,0,Person,2022-07-24
3,20,7,13,0,Person,2022-05-12
3,24,7,17,0,Person,2022-05-24
3,24,7,17,0,Person,2022-07-06
3,26,7,19,0,Person,2022-07-21
3,33,1,32,0,Pitt,2022-06-05
3,20,3,17,0,Pitt,2022-05-08
3,31,3,28,0,Pitt,2022-08-06
3,20,4,16,0,Pitt,2022-03-03
3,16,4,12,0,Pitt,2022-04-29
3,24,5,19,0,Pitt,2022-05-28
3,9,4,5,0,Polk,2022-07-14
3,12,7,5,0,Polk,2022-08-01
3,19,3,16,0,Randolph,2022-06-05
3,17,7,10,0,Randolph,2022-04-29
3,17,7,10,0,Randolph,2022-05-28
3,19,7,12,0,Randolph,2022-06-26
3,19,8,11,0,Randolph,2022-06-19
3,23,9,14,0,Randolph,2022-05-11
3,21,9,12,0,Randolph,2022-07-03
3,22,10,12,0,Randolph,2022-04-27
3,22,12,10,0,Randolph,2022-05-20
3,30,13,17,0,Randolph,2022-06-29
3,25,13,12,0,Randolph,2022-07-10
3,26,14,12,0,Randolph,2022-05-12
3,28,14,14,0,Randolph,2022-05-13
3,33,14,19,0,Randolph,2022-05-24
3,30,15,15,0,Randolph,2022-06-06
3,31,19,12,0,Randolph,2022-05-26
3,9,0,9,0,Richmond,2022-07-30
3,9,1,8,0,Richmond,2022-06-15
3,7,1,6,0,Richmond,2022-07-04
3,14,3,11,0,Richmond,2022-05-11
3,21,4,17,0,Richmond,2022-06-28
3,12,5,7,0,Richmond,2022-06-03
3,20,5,15,0,Richmond,2022-06-06
3,14,5,9,0,Richmond,2022-06-08
3,22,5,17,0,Richmond,2022-07-24
3,11,6,5,0,Richmond,2022-06-17
3,16,6,10,0,Richmond,2022-06-22
3,23,6,17,0,Richmond,2022-06-29
3,11,6,5,0,Richmond,2022-07-16
3,23,7,16,0,Richmond,2022-02-09
3,14,7,7,0,Richmond,2022-05-19
3,12,7,5,0,Richmond,2022-06-18
3,21,7,14,0,Richmond,2022-06-24
3,15,7,8,0,Richmond,2022-07-07
3,33,9,24,0,Richmond,2022-02-14
3,23,10,13,0,Richmond,2022-06-07
3,37,11,26,0,Richmond,2022-07-21
3,29,11,18,0,Richmond,2022-08-01
3,29,12,17,0,Richmond,2022-07-12
3,6,5,1,0,Robeson,2022-03-07
3,25,10,15,0,Robeson,2022-05-21
3,28,15,13,0,Robeson,2022-06-05
3,28,16,12,0,Robeson,2022-07-30
3,38,17,21,0,Robeson,2022-06-12
3,58,18,40,0,Robeson,2022-02-10
3,6,1,5,0,Rockingham,2022-04-24
3,15,1,14,0,Rockingham,2022-05-02
3,16,1,15,0,Rockingham,2022-06-09
3,13,1,12,0,Rockingham,2022-06-12
3,21,2,19,0,Rockingham,2022-06-27
3,19,2,17,0,Rockingham,2022-07-12
3,8,3,5,0,Rockingham,2022-04-26
3,15,4,11,0,Rockingham,2022-05-30
3,12,6,6,0,Rockingham,2022-05-29
3,17,7,10,0,Rockingham,2022-06-02
3,29,7,22,0,Rockingham,2022-06-14
3,28,8,20,0,Rockingham,2022-05-12
3,27,8,19,0,Rockingham,2022-06-25
3,6,1,5,0,Rowan,2022-04-05
3,9,1,8,0,Rowan,2022-04-14
3,48,2,46,0,Rowan,2022-02-16
3,32,2,30,0,Rowan,2022-07-02
3,15,3,12,0,Rowan,2022-04-22
3,28,5,23,0,Rowan,2022-05-04
3,35,5,30,0,Rowan,2022-05-20
3,18,5,13,0,Rowan,2022-06-04
3,19,6,13,0,Rowan,2022-05-06
3,31,6,25,0,Rowan,2022-05-09
3,24,7,17,0,Rowan,2022-06-05
3,43,9,34,0,Rowan,2022-05-19
3,11,2,9,0,Rutherford,2022-06-29
3,19,3,16,0,Rutherford,2022-06-10
3,14,3,11,0,Rutherford,2022-07-09
3,13,3,10,0,Rutherford,2022-07-16
3,13,4,9,0,Rutherford,2022-05-25
3,14,4,10,0,Rutherford,2022-06-21
3,15,4,11,0,Rutherford,2022-07-02
3,14,5,9,0,Rutherford,2022-06-03
3,20,5,15,0,Rutherford,2022-08-02
3,32,8,24,0,Rutherford,2022-02-16
3,44,18,26,0,Rutherford,2022-02-10
3,10,4,6,0,Sampson,2022-04-18
3,10,4,6,0,Sampson,2022-04-19
3,8,4,4,0,Sampson,2022-07-10
3,21,13,8,0,Sampson,2022-07-09
3,21,14,7,0,Sampson,2022-06-30
3,31,19,12,0,Sampson,2022-07-22
3,39,22,17,0,Sampson,2022-08-04
3,36,23,13,0,Sampson,2022-06-27
3,38,24,14,0,Sampson,2022-07-11
3,35,27,8,0,Sampson,2022-05-31
3,5,4,1,0,Scotland,2022-07-02
3,12,4,8,0,Scotland,2022-07-17
3,14,5,9,0,Scotland,2022-07-12
3,16,6,10,0,Scotland,2022-06-10
3,10,6,4,0,Scotland,2022-06-12
3,11,6,5,0,Scotland,2022-07-10
3,12,6,6,0,Scotland,2022-07-29
3,12,7,5,0,Scotland,2022-06-21
3,12,7,5,0,Scotland,2022-07-01
3,17,8,9,0,Scotland,2022-05-20
3,12,8,4,0,Scotland,2022-05-26
3,9,8,1,0,Scotland,2022-06-25
3,16,9,7,0,Scotland,2022-06-16
3,13,9,4,0,Scotland,2022-06-22
3,13,9,4,0,Scotland,2022-06-29
3,10,9,1,0,Scotland,2022-06-30
3,15,9,6,0,Scotland,2022-07-08
3,14,9,5,0,Scotland,2022-07-21
3,20,11,9,0,Scotland,2022-06-08
3,4,0,4,0,Stanly,2022-04-18
3,15,0,15,0,Stanly,2022-06-22
3,12,0,12,0,Stanly,2022-06-26
3,15,0,15,0,Stanly,2022-07-02
3,12,0,12,0,Stanly,2022-07-04
3,25,0,25,0,Stanly,2022-07-05
3,16,0,16,0,Stanly,2022-07-16
3,18,0,18,0,Stanly,2022-07-20
3,10,1,9,0,Stanly,2022-05-09
3,17,2,15,0,Stanly,2022-05-12
3,32,2,30,0,Stanly,2022-05-24
3,26,2,24,0,Stanly,2022-07-29
3,10,4,6,0,Stanly,2022-05-30
3,19,4,15,0,Stanly,2022-06-05
3,19,5,14,0,Stanly,2022-06-17
3,21,6,15,0,Stanly,2022-05-25
3,3,0,3,0,Stokes,2022-04-24
3,9,0,9,0,Stokes,2022-06-04
3,9,2,7,0,Stokes,2022-06-14
3,9,2,7,0,Stokes,2022-06-25
3,7,2,5,0,Stokes,2022-07-09
3,15,3,12,0,Stokes,2022-05-11
3,17,4,13,0,Stokes,2022-05-24
3,16,4,12,0,Stokes,2022-06-21
3,11,4,7,0,Stokes,2022-06-22
3,12,4,8,0,Stokes,2022-06-23
3,20,5,15,0,Stokes,2022-05-16
3,18,6,12,0,Stokes,2022-07-14
3,23,8,15,0,Stokes,2022-05-09
3,13,9,4,0,Stokes,2022-07-27
3,30,10,20,0,Stokes,2022-07-18
3,29,14,15,0,Stokes,2022-06-27
3,36,18,18,0,Stokes,2022-07-28
3,17,4,13,0,Surry,2022-05-10
3,17,5,12,0,Surry,2022-05-16
3,18,5,13,0,Surry,2022-06-11
3,27,5,22,0,Surry,2022-07-16
3,16,6,10,0,Surry,2022-05-02
3,21,8,13,0,Surry,2022-05-20
3,24,8,16,0,Surry,2022-06-03
3,16,9,7,0,Surry,2022-05-11
3,37,10,27,0,Surry,2022-02-16
3,20,10,10,0,Surry,2022-02-19
3,18,10,8,0,Surry,2022-05-12
3,30,11,19,0,Surry,2022-05-19
3,26,11,15,0,Surry,2022-06-04
3,20,11,9,0,Surry,2022-06-21
3,24,12,12,0,Surry,2022-06-06
3,29,13,16,0,Surry,2022-06-20
3,30,19,11,0,Surry,2022-06-23
3,10,2,8,0,Swain,2022-07-10
3,8,4,4,0,Swain,2022-07-12
3,10,5,5,0,Swain,2022-06-23
3,5,1,4,0,Transylvania,2022-07-31
3,12,3,9,0,Transylvania,2022-06-17
3,22,9,13,0,Transylvania,2022-06-21
3,4,1,3,0,Tyrrell,2022-07-15
3,27,3,24,0,Union,2022-04-22
3,18,5,13,0,Union,2022-02-25
3,53,6,47,0,Union,2022-04-28
3,32,7,25,0,Union,2022-04-30
3,47,8,39,0,Union,2022-04-29
3,63,12,51,0,Union,2022-05-11
3,52,17,35,0,Union,2022-06-12
3,22,1,21,0,Vance,2022-02-14
3,12,1,11,0,Vance,2022-02-16
3,18,3,15,0,Vance,2022-05-10
3,17,3,14,0,Vance,2022-06-17
3,22,3,19,0,Vance,2022-08-05
3,23,4,19,0,Vance,2022-02-09
3,26,4,22,0,Vance,2022-06-14
3,18,4,14,0,Vance,2022-06-21
3,16,5,11,0,Vance,2022-05-16
3,29,5,24,0,Vance,2022-07-20
3,15,6,9,0,Vance,2022-06-16
3,21,6,15,0,Vance,2022-07-24
3,21,6,15,0,Vance,2022-07-30
3,22,7,15,0,Vance,2022-05-18
3,23,7,16,0,Vance,2022-06-01
3,12,7,5,0,Vance,2022-07-17
3,19,7,12,0,Vance,2022-07-31
3,30,9,21,0,Vance,2022-06-06
3,33,10,23,0,Vance,2022-07-19
3,41,11,30,0,Vance,2022-02-08
3,84,13,71,0,Wake,2022-04-10
3,4,0,4,0,Warren,2022-07-26
3,15,1,14,0,Warren,2022-06-01
3,15,2,13,0,Warren,2022-08-02
3,14,4,10,0,Warren,2022-07-05
3,6,1,5,0,Washington,2022-08-06
3,6,0,6,0,Watauga,2022-06-26
3,14,4,10,0,Watauga,2022-05-14
3,10,4,6,0,Watauga,2022-06-30
3,14,4,10,0,Watauga,2022-08-05
3,20,5,15,0,Watauga,2022-02-17
3,22,6,16,0,Watauga,2022-02-16
3,15,6,9,0,Watauga,2022-07-25
3,14,7,7,0,Watauga,2022-06-22
3,19,7,12,0,Watauga,2022-08-01
3,16,8,8,0,Watauga,2022-04-11
3,16,10,6,0,Watauga,2022-05-17
3,44,26,18,0,Watauga,2022-02-14
3,9,3,6,0,Wayne,2022-04-18
3,7,3,4,0,Wayne,2022-04-22
3,15,4,11,0,Wayne,2022-02-13
3,9,7,2,0,Wayne,2022-03-14
3,14,8,6,0,Wayne,2022-05-03
3,16,11,5,0,Wayne,2022-04-26
3,45,20,25,0,Wayne,2022-06-23
3,30,22,8,0,Wayne,2022-06-03
3,55,26,29,0,Wayne,2022-06-09
3,9,1,8,0,Wilkes,2022-03-01
3,22,4,18,0,Wilkes,2022-07-06
3,13,5,8,0,Wilkes,2022-06-09
3,18,7,11,0,Wilkes,2022-03-02
3,13,7,6,0,Wilkes,2022-07-10
3,15,8,7,0,Wilkes,2022-05-11
3,19,11,8,0,Wilkes,2022-06-14
3,18,11,7,0,Wilkes,2022-07-09
3,23,12,11,0,Wilkes,2022-07-31
3,18,13,5,0,Wilkes,2022-05-27
3,36,15,21,0,Wilkes,2022-07-08
3,23,16,7,0,Wilkes,2022-06-17
3,14,2,12,0,Wilson,2022-06-25
3,8,3,5,0,Wilson,2022-04-21
3,10,4,6,0,Wilson,2022-05-05
3,10,4,6,0,Wilson,2022-07-02
3,31,5,26,0,Wilson,2022-05-18
3,22,6,16,0,Wilson,2022-07-17
3,12,8,4,0,Wilson,2022-04-26
3,17,8,9,0,Wilson,2022-06-19
3,29,9,20,0,Wilson,2022-07-15
3,27,10,17,0,Wilson,2022-05-20
3,28,11,17,0,Wilson,2022-05-25
3,28,12,16,0,Wilson,2022-02-09
3,25,12,13,0,Wilson,2022-06-09
3,31,13,18,0,Wilson,2022-05-17
3,38,15,23,0,Wilson,2022-05-31
3,13,2,11,0,Yadkin,2022-06-25
3,5,2,3,0,Yadkin,2022-07-02
3,18,3,15,0,Yadkin,2022-05-23
3,8,3,5,0,Yadkin,2022-05-29
3,12,3,9,0,Yadkin,2022-08-06
3,18,4,14,0,Yadkin,2022-02-10
3,19,4,15,0,Yadkin,2022-07-06
3,19,4,15,0,Yadkin,2022-08-04
3,14,5,9,0,Yadkin,2022-06-08
3,19,5,14,0,Yadkin,2022-07-24
3,16,6,10,0,Yadkin,2022-05-18
3,17,6,11,0,Yadkin,2022-07-01
3,18,7,11,0,Yadkin,2022-05-19
3,23,7,16,0,Yadkin,2022-06-29
3,15,7,8,0,Yadkin,2022-07-07
3,16,7,9,0,Yadkin,2022-07-23
3,20,9,11,0,Yadkin,2022-06-06
3,22,11,11,0,Yadkin,2022-05-27
3,26,11,15,0,Yadkin,2022-06-27
3,11,2,9,0,Yancey,2022-06-15
3,22,5,17,0,Yancey,2022-02-09
3,12,5,7,0,Yancey,2022-02-10
3,10,5,5,0,Yancey,2022-05-27
3,20,7,13,0,Yancey,2022-08-01
3,13,8,5,0,Yancey,2022-07-27
3,10,9,1,0,Yancey,2022-05-26
3,22,10,12,0,Yancey,2022-07-11
4,29,2,27,0,Alamance,2022-03-01
4,23,2,21,0,Alamance,2022-06-19
4,32,5,27,0,Alamance,2022-04-12
4,33,6,27,0,Alamance,2022-06-12
4,45,6,39,0,Alamance,2022-07-24
4,75,7,68,0,Alamance,2022-05-19
4,51,9,42,0,Alamance,2022-06-17
4,56,10,46,0,Alamance,2022-04-25
4,86,15,71,0,Alamance,2022-05-24
4,15,0,15,0,Alexander,2022-07-30
4,9,3,6,0,Alexander,2022-05-31
4,16,3,13,0,Alexander,2022-08-04
4,18,3,15,0,Alexander,2022-08-06
4,22,5,17,0,Alexander,2022-08-03
4,16,7,9,0,Alexander,2022-06-27
4,14,0,14,0,Anson,2022-06-24
4,16,2,14,0,Anson,2022-07-18
4,12,3,9,0,Anson,2022-07-06
4,19,7,12,0,Anson,2022-02-14
4,19,7,12,0,Anson,2022-07-05
4,8,6,2,0,Ashe,2022-08-06
4,12,7,5,0,Ashe,2022-07-25
4,14,8,6,0,Ashe,2022-08-01
4,11,4,7,0,Avery,2022-02-12
4,17,5,12,0,Avery,2022-02-18
4,11,1,10,0,Beaufort,2022-07-24
4,14,2,12,0,Beaufort,2022-06-17
4,15,3,12,0,Beaufort,2022-07-01
4,25,3,22,0,Beaufort,2022-07-22
4,13,4,9,0,Beaufort,2022-05-09
4,27,4,23,0,Beaufort,2022-07-06
4,26,4,22,0,Beaufort,2022-07-07
4,18,5,13,0,Beaufort,2022-02-16
4,21,5,16,0,Beaufort,2022-06-14
4,23,5,18,0,Beaufort,2022-06-29
4,18,7,11,0,Beaufort,2022-06-02
4,25,8,17,0,Beaufort,2022-07-15
4,14,2,12,0,Bertie,2022-08-01
4,9,3,6,0,Bertie,2022-08-04
4,11,0,11,0,Bladen,2022-06-29
4,18,1,17,0,Bladen,2022-07-11
4,24,1,23,0,Bladen,2022-07-19
4,13,1,12,0,Bladen,2022-07-29
4,11,2,9,0,Bladen,2022-06-11
4,8,2,6,0,Bladen,2022-07-10
4,13,3,10,0,Bladen,2022-07-12
4,17,3,14,0,Bladen,2022-08-05
4,22,4,18,0,Bladen,2022-05-18
4,12,4,8,0,Bladen,2022-05-26
4,16,5,11,0,Bladen,2022-05-20
4,21,5,16,0,Bladen,2022-06-01
4,30,8,22,0,Bladen,2022-07-20
4,20,3,17,0,Brunswick,2022-04-21
4,45,4,41,0,Brunswick,2022-06-30
4,41,6,35,0,Brunswick,2022-06-10
4,34,7,27,0,Brunswick,2022-07-02
4,50,8,42,0,Brunswick,2022-05-05
4,57,9,48,0,Brunswick,2022-06-01
4,39,9,30,0,Brunswick,2022-07-09
4,68,10,58,0,Brunswick,2022-05-31
4,77,11,66,0,Brunswick,2022-07-27
4,64,14,50,0,Brunswick,2022-05-10
4,45,16,29,0,Buncombe,2022-07-17
4,24,4,20,0,Burke,2022-06-20
4,26,5,21,0,Burke,2022-08-05
4,30,6,24,0,Burke,2022-05-24
4,43,8,35,0,Cabarrus,2022-06-11
4,40,11,29,0,Cabarrus,2022-04-13
4,58,12,46,0,Cabarrus,2022-05-10
4,72,13,59,0,Cabarrus,2022-05-20
4,70,18,52,0,Cabarrus,2022-02-17
4,58,21,37,0,Cabarrus,2022-05-03
4,14,1,13,0,Caldwell,2022-05-24
4,15,3,12,0,Caldwell,2022-05-16
4,17,3,14,0,Caldwell,2022-06-02
4,23,3,20,0,Caldwell,2022-07-16
4,24,3,21,0,Caldwell,2022-08-06
4,26,4,22,0,Caldwell,2022-06-12
4,27,7,20,0,Caldwell,2022-06-30
4,36,8,28,0,Caldwell,2022-06-21
4,14,3,11,0,Carteret,2022-05-29
4,12,6,6,0,Carteret,2022-05-21
4,30,10,20,0,Carteret,2022-07-26
4,29,11,18,0,Carteret,2022-06-02
4,25,13,12,0,Carteret,2022-07-28
4,31,16,15,0,Carteret,2022-05-18
4,41,19,22,0,Carteret,2022-07-13
4,51,24,27,0,Carteret,2022-07-05
4,39,25,14,0,Carteret,2022-07-20
4,11,0,11,0,Caswell,2022-07-11
4,8,1,7,0,Caswell,2022-07-06
4,16,5,11,0,Catawba,2022-04-30
4,36,6,30,0,Catawba,2022-07-02
4,26,8,18,0,Catawba,2022-03-02
4,21,8,13,0,Catawba,2022-03-07
4,16,9,7,0,Catawba,2022-04-21
4,30,9,21,0,Catawba,2022-06-11
4,31,14,17,0,Catawba,2022-05-13
4,45,15,30,0,Catawba,2022-07-30
4,42,16,26,0,Catawba,2022-07-09
4,43,23,20,0,Catawba,2022-06-09
4,51,26,25,0,Catawba,2022-05-18
4,61,30,31,0,Catawba,2022-05-31
4,44,0,44,0,Chatham,2022-07-11
4,19,2,17,0,Chatham,2022-06-22
4,20,3,17,0,Chatham,2022-05-22
4,31,3,28,0,Chatham,2022-07-08
4,30,6,24,0,Chatham,2022-06-01
4,27,6,21,0,Chatham,2022-07-20
4,27,8,19,0,Chatham,2022-05-03
4,37,8,29,0,Chatham,2022-05-04
4,33,8,25,0,Chatham,2022-05-19
4,51,13,38,0,Chatham,2022-07-05
4,13,1,12,0,Cherokee,2022-07-11
4,17,2,15,0,Cherokee,2022-07-08
4,17,4,13,0,Cherokee,2022-07-25
4,8,0,8,0,Chowan,2022-05-31
4,11,0,11,0,Chowan,2022-07-12
4,17,2,15,0,Cleveland,2022-05-05
4,15,2,13,0,Cleveland,2022-05-11
4,24,3,21,0,Cleveland,2022-05-10
4,24,3,21,0,Cleveland,2022-06-23
4,40,4,36,0,Cleveland,2022-06-28
4,29,5,24,0,Cleveland,2022-05-17
4,33,5,28,0,Cleveland,2022-07-03
4,31,5,26,0,Cleveland,2022-07-31
4,40,11,29,0,Cleveland,2022-06-06
4,13,7,6,0,Columbus,2022-05-25
4,16,7,9,0,Columbus,2022-07-13
4,21,10,11,0,Columbus,2022-05-23
4,19,12,7,0,Columbus,2022-06-21
4,34,17,17,0,Columbus,2022-07-12
4,29,4,25,0,Craven,2022-06-05
4,24,6,18,0,Craven,2022-07-30
4,25,6,19,0,Craven,2022-07-31
4,30,13,17,0,Craven,2022-06-23
4,40,13,27,0,Craven,2022-06-30
4,80,17,63,0,Craven,2022-02-09
4,45,22,23,0,Craven,2022-07-14
4,48,23,25,0,Craven,2022-05-10
4,83,25,58,0,Craven,2022-02-08
4,59,29,30,0,Craven,2022-05-26
4,44,29,15,0,Craven,2022-07-17
4,56,30,26,0,Craven,2022-06-08
4,24,3,21,0,Cumberland,2022-04-05
4,42,5,37,0,Cumberland,2022-04-14
4,23,9,14,0,Cumberland,2022-03-08
4,38,13,25,0,Cumberland,2022-04-13
4,98,19,79,0,Cumberland,2022-05-03
4,48,20,28,0,Cumberland,2022-05-14
4,17,0,17,0,Dare,2022-07-19
4,26,1,25,0,Dare,2022-05-20
4,21,1,20,0,Dare,2022-06-20
4,16,1,15,0,Davidson,2022-05-14
4,40,3,37,0,Davidson,2022-02-17
4,15,6,9,0,Davidson,2022-04-05
4,30,7,23,0,Davidson,2022-04-26
4,44,9,35,0,Davidson,2022-06-09
4,47,23,24,0,Davidson,2022-05-10
4,69,25,44,0,Davidson,2022-05-26
4,19,3,16,0,Davie,2022-07-18
4,27,6,21,0,Davie,2022-07-07
4,23,7,16,0,Davie,2022-05-25
4,21,7,14,0,Davie,2022-07-20
4,25,7,18,0,Davie,2022-07-21
4,19,8,11,0,Davie,2022-06-14
4,20,8,12,0,Davie,2022-07-22
4,22,9,13,0,Davie,2022-06-15
4,9,3,6,0,Duplin,2022-05-03
4,21,12,9,0,Duplin,2022-06-29
4,28,16,12,0,Duplin,2022-07-08
4,33,19,14,0,Duplin,2022-06-28
4,80,2,78,0,Durham,2022-04-23
4,74,4,70,0,Durham,2022-02-23
4,105,6,99,0,Durham,2022-06-25
4,90,8,82,0,Durham,2022-05-08
4,36,11,25,0,Durham,2022-03-23
4,82,11,71,0,Durham,2022-05-30
4,126,13,113,0,Durham,2022-04-20
4,12,2,10,0,Edgecombe,2022-05-26
4,10,2,8,0,Edgecombe,2022-06-11
4,10,2,8,0,Edgecombe,2022-06-18
4,19,2,17,0,Edgecombe,2022-07-24
4,16,3,13,0,Edgecombe,2022-05-19
4,26,4,22,0,Edgecombe,2022-07-29
4,27,5,22,0,Edgecombe,2022-05-31
4,31,6,25,0,Edgecombe,2022-06-02
4,29,8,21,0,Edgecombe,2022-06-09
4,41,6,35,0,Forsyth,2022-04-12
4,50,7,43,0,Forsyth,2022-06-19
4,55,14,41,0,Forsyth,2022-04-20
4,69,20,49,0,Forsyth,2022-04-21
4,6,0,6,0,Franklin,2022-03-22
4,36,0,36,0,Franklin,2022-04-25
4,23,1,22,0,Franklin,2022-02-23
4,12,1,11,0,Franklin,2022-03-07
4,34,1,33,0,Franklin,2022-05-20
4,10,2,8,0,Franklin,2022-03-09
4,15,2,13,0,Franklin,2022-04-27
4,25,2,23,0,Franklin,2022-05-13
4,39,2,37,0,Franklin,2022-06-06
4,27,2,25,0,Franklin,2022-06-22
4,25,3,22,0,Franklin,2022-05-02
4,27,3,24,0,Franklin,2022-05-03
4,40,3,37,0,Franklin,2022-06-14
4,23,3,20,0,Franklin,2022-07-17
4,54,4,50,0,Franklin,2022-05-23
4,25,4,21,0,Franklin,2022-06-20
4,21,4,17,0,Franklin,2022-08-05
4,35,5,30,0,Franklin,2022-06-09
4,43,7,36,0,Franklin,2022-02-14
4,34,7,27,0,Franklin,2022-07-11
4,43,18,25,0,Franklin,2022-07-14
4,17,2,15,0,Gaston,2022-04-11
4,12,2,10,0,Gaston,2022-04-15
4,43,3,40,0,Gaston,2022-05-22
4,20,4,16,0,Gaston,2022-04-20
4,41,4,37,0,Gaston,2022-05-28
4,46,8,38,0,Gaston,2022-05-02
4,50,8,42,0,Gaston,2022-05-06
4,8,2,6,0,Graham,2022-07-21
4,8,4,4,0,Graham,2022-07-13
4,6,4,2,0,Graham,2022-08-03
4,22,3,19,0,Granville,2022-06-25
4,26,3,23,0,Granville,2022-08-04
4,13,4,9,0,Granville,2022-07-04
4,20,5,15,0,Granville,2022-02-17
4,30,5,25,0,Granville,2022-08-01
4,25,6,19,0,Granville,2022-05-24
4,21,6,15,0,Granville,2022-07-10
4,34,7,27,0,Granville,2022-07-13
4,37,7,30,0,Granville,2022-07-14
4,28,12,16,0,Granville,2022-07-15
4,28,13,15,0,Granville,2022-06-29
4,10,0,10,0,Greene,2022-07-12
4,16,1,15,0,Greene,2022-07-11
4,9,1,8,0,Greene,2022-07-15
4,18,1,17,0,Greene,2022-07-19
4,38,2,36,0,Greene,2022-05-24
4,33,8,25,0,Guilford,2022-03-31
4,82,13,69,0,Guilford,2022-04-15
4,56,22,34,0,Guilford,2022-02-20
4,14,1,13,0,Halifax,2022-07-24
4,28,4,24,0,Halifax,2022-06-02
4,17,6,11,0,Halifax,2022-05-12
4,30,9,21,0,Halifax,2022-05-27
4,45,14,31,0,Halifax,2022-07-11
4,16,4,12,0,Harnett,2022-04-28
4,23,4,19,0,Harnett,2022-07-23
4,26,5,21,0,Harnett,2022-07-17
4,23,6,17,0,Harnett,2022-05-08
4,29,6,23,0,Harnett,2022-05-12
4,32,6,26,0,Harnett,2022-05-13
4,52,7,45,0,Harnett,2022-05-18
4,19,7,12,0,Harnett,2022-07-03
4,41,14,27,0,Harnett,2022-06-15
4,22,12,10,0,Haywood,2022-06-20
4,29,15,14,0,Haywood,2022-07-01
4,33,19,14,0,Haywood,2022-08-01
4,29,20,9,0,Haywood,2022-06-16
4,39,23,16,0,Haywood,2022-07-25
4,29,8,21,0,Henderson,2022-05-17
4,29,9,20,0,Henderson,2022-06-10
4,26,10,16,0,Henderson,2022-05-10
4,28,13,15,0,Henderson,2022-06-14
4,35,14,21,0,Henderson,2022-07-08
4,50,14,36,0,Henderson,2022-07-18
4,32,15,17,0,Henderson,2022-07-09
4,34,16,18,0,Henderson,2022-06-01
4,26,16,10,0,Henderson,2022-07-02
4,44,18,26,0,Henderson,2022-02-16
4,33,19,14,0,Henderson,2022-06-22
4,42,21,21,0,Henderson,2022-07-27
4,21,4,17,0,Hertford,2022-07-05
4,20,7,13,0,Hertford,2022-07-26
4,20,4,16,0,Hoke,2022-06-10
4,20,5,15,0,Hoke,2022-07-02
4,30,6,24,0,Hoke,2022-05-18
4,18,6,12,0,Hoke,2022-06-29
4,41,10,31,0,Hoke,2022-07-18
4,34,12,22,0,Hoke,2022-08-02
4,38,14,24,0,Hoke,2022-06-21
4,40,14,26,0,Hoke,2022-07-07
4,37,10,27,0,Iredell,2022-05-13
4,26,14,12,0,Iredell,2022-04-19
4,37,15,22,0,Iredell,2022-07-02
4,26,17,9,0,Iredell,2022-04-28
4,37,17,20,0,Iredell,2022-05-30
4,46,19,27,0,Iredell,2022-05-22
4,59,22,37,0,Iredell,2022-06-02
4,60,30,30,0,Iredell,2022-06-14
4,14,2,12,0,Jackson,2022-06-06
4,12,2,10,0,Jackson,2022-07-31
4,17,3,14,0,Jackson,2022-05-27
4,49,5,44,0,Johnston,2022-05-22
4,29,7,22,0,Johnston,2022-04-29
4,50,7,43,0,Johnston,2022-05-21
4,28,8,20,0,Johnston,2022-06-12
4,28,8,20,0,Johnston,2022-07-04
4,41,10,31,0,Johnston,2022-05-06
4,40,11,29,0,Johnston,2022-07-03
4,49,13,36,0,Johnston,2022-05-05
4,40,15,25,0,Johnston,2022-02-24
4,9,6,3,0,Jones,2022-08-01
4,28,4,24,0,Lee,2022-06-01
4,18,5,13,0,Lee,2022-07-08
4,25,5,20,0,Lee,2022-08-04
4,24,6,18,0,Lee,2022-06-09
4,16,6,10,0,Lee,2022-06-30
4,12,6,6,0,Lee,2022-07-02
4,22,6,16,0,Lee,2022-07-28
4,24,8,16,0,Lee,2022-06-07
4,24,8,16,0,Lee,2022-06-21
4,18,3,15,0,Lenoir,2022-06-10
4,19,5,14,0,Lenoir,2022-06-22
4,19,6,13,0,Lenoir,2022-06-14
4,16,6,10,0,Lenoir,2022-06-15
4,38,9,29,0,Lenoir,2022-08-04
4,18,10,8,0,Lenoir,2022-05-25
4,18,10,8,0,Lenoir,2022-07-10
4,28,12,16,0,Lenoir,2022-06-16
4,44,15,29,0,Lenoir,2022-07-13
4,32,18,14,0,Lenoir,2022-06-24
4,22,3,19,0,Lincoln,2022-06-08
4,17,4,13,0,Lincoln,2022-05-06
4,20,4,16,0,Lincoln,2022-05-20
4,26,6,20,0,Lincoln,2022-06-13
4,25,6,19,0,Lincoln,2022-07-01
4,22,6,16,0,Lincoln,2022-07-31
4,54,7,47,0,Lincoln,2022-07-27
4,41,8,33,0,Lincoln,2022-07-21
4,44,10,34,0,Lincoln,2022-07-26
4,16,7,9,0,Macon,2022-07-25
4,18,8,10,0,Macon,2022-07-21
4,18,2,16,0,Madison,2022-02-08
4,11,4,7,0,Martin,2022-05-20
4,13,5,8,0,Martin,2022-07-08
4,23,6,17,0,Martin,2022-07-28
4,19,0,19,0,McDowell,2022-06-05
4,15,0,15,0,McDowell,2022-06-12
4,29,1,28,0,McDowell,2022-07-16
4,18,2,16,0,McDowell,2022-06-24
4,24,2,22,0,McDowell,2022-07-06
4,14,2,12,0,McDowell,2022-08-03
4,22,2,20,0,McDowell,2022-08-04
4,26,4,22,0,McDowell,2022-07-25
4,23,5,18,0,McDowell,2022-07-26
4,20,6,14,0,McDowell,2022-06-30
4,17,8,9,0,McDowell,2022-07-03
4,19,10,9,0,McDowell,2022-06-16
4,27,10,17,0,McDowell,2022-06-27
4,52,9,43,0,Mecklenburg,2022-03-15
4,20,5,15,0,Montgomery,2022-07-25
4,31,6,25,0,Moore,2022-07-11
4,38,8,30,0,Moore,2022-06-20
4,23,9,14,0,Moore,2022-05-21
4,25,10,15,0,Moore,2022-06-13
4,45,10,35,0,Moore,2022-07-20
4,42,12,30,0,Moore,2022-05-25
4,30,15,15,0,Moore,2022-07-01
4,42,18,24,0,Moore,2022-06-23
4,18,1,17,0,Nash,2022-02-24
4,37,1,36,0,Nash,2022-06-01
4,21,2,19,0,Nash,2022-02-21
4,13,2,11,0,Nash,2022-04-20
4,35,4,31,0,Nash,2022-06-07
4,18,5,13,0,Nash,2022-05-10
4,22,5,17,0,Nash,2022-06-16
4,29,7,22,0,Nash,2022-05-18
4,51,9,42,0,Nash,2022-02-09
4,41,10,31,0,Nash,2022-08-02
4,53,18,35,0,Nash,2022-07-12
4,45,6,39,0,New Hanover,2022-06-04
4,38,8,30,0,New Hanover,2022-04-28
4,50,9,41,0,New Hanover,2022-04-25
4,63,10,53,0,New Hanover,2022-06-21
4,50,11,39,0,New Hanover,2022-06-11
4,48,15,33,0,New Hanover,2022-05-06
4,56,17,39,0,New Hanover,2022-05-02
4,82,18,64,0,New Hanover,2022-06-28
4,44,19,25,0,New Hanover,2022-05-15
4,82,23,59,0,New Hanover,2022-06-10
4,10,3,7,0,Northampton,2022-08-05
4,12,7,5,0,Northampton,2022-06-17
4,24,1,23,0,Onslow,2022-05-15
4,25,3,22,0,Onslow,2022-05-06
4,27,3,24,0,Onslow,2022-06-05
4,29,3,26,0,Onslow,2022-06-19
4,38,3,35,0,Onslow,2022-07-09
4,37,4,33,0,Onslow,2022-02-23
4,63,6,57,0,Onslow,2022-05-12
4,74,8,66,0,Onslow,2022-06-10
4,43,9,34,0,Onslow,2022-05-27
4,55,2,53,0,Orange,2022-06-13
4,40,2,38,0,Orange,2022-08-02
4,29,3,26,0,Orange,2022-04-04
4,37,3,34,0,Orange,2022-06-05
4,41,3,38,0,Orange,2022-06-17
4,76,4,72,0,Orange,2022-04-14
4,54,4,50,0,Orange,2022-04-22
4,62,4,58,0,Orange,2022-07-22
4,94,5,89,0,Orange,2022-04-18
4,65,6,59,0,Orange,2022-07-11
4,65,6,59,0,Orange,2022-07-12
4,94,7,87,0,Orange,2022-06-06
4,79,7,72,0,Orange,2022-06-28
4,50,7,43,0,Orange,2022-08-03
4,98,8,90,0,Orange,2022-06-01
4,103,12,91,0,Orange,2022-05-17
4,10,5,5,0,Pasquotank,2022-08-06
4,18,6,12,0,Pasquotank,2022-07-29
4,17,9,8,0,Pasquotank,2022-08-02
4,17,1,16,0,Pender,2022-05-23
4,19,3,16,0,Pender,2022-07-24
4,24,3,21,0,Pender,2022-07-27
4,25,4,21,0,Pender,2022-06-27
4,24,5,19,0,Pender,2022-05-31
4,28,5,23,0,Pender,2022-07-18
4,21,6,15,0,Pender,2022-06-22
4,21,3,18,0,Person,2022-05-17
4,18,6,12,0,Person,2022-06-07
4,31,7,24,0,Person,2022-07-12
4,11,10,1,0,Person,2022-06-04
4,36,10,26,0,Person,2022-07-19
4,26,11,15,0,Person,2022-06-21
4,16,0,16,0,Pitt,2022-04-19
4,13,1,12,0,Pitt,2022-04-05
4,41,2,39,0,Pitt,2022-02-17
4,29,2,27,0,Pitt,2022-05-29
4,34,2,32,0,Pitt,2022-07-16
4,33,5,28,0,Pitt,2022-05-03
4,12,7,5,0,Polk,2022-07-01
4,11,8,3,0,Polk,2022-07-05
4,14,9,5,0,Polk,2022-07-12
4,22,7,15,0,Randolph,2022-06-04
4,27,11,16,0,Randolph,2022-06-09
4,19,11,8,0,Randolph,2022-06-20
4,18,11,7,0,Randolph,2022-07-09
4,33,13,20,0,Randolph,2022-06-07
4,32,13,19,0,Randolph,2022-07-01
4,37,16,21,0,Randolph,2022-06-16
4,33,17,16,0,Randolph,2022-07-23
4,36,19,17,0,Randolph,2022-07-30
4,41,23,18,0,Randolph,2022-07-07
4,18,0,18,0,Richmond,2022-07-09
4,8,3,5,0,Richmond,2022-02-19
4,18,7,11,0,Richmond,2022-05-16
4,24,7,17,0,Richmond,2022-05-23
4,23,8,15,0,Richmond,2022-07-13
4,42,10,32,0,Richmond,2022-07-19
4,38,16,22,0,Richmond,2022-07-26
4,9,3,6,0,Robeson,2022-04-15
4,22,5,17,0,Robeson,2022-02-12
4,26,11,15,0,Robeson,2022-05-04
4,22,13,9,0,Robeson,2022-05-03
4,23,15,8,0,Robeson,2022-05-29
4,33,19,14,0,Robeson,2022-06-19
4,27,21,6,0,Robeson,2022-07-04
4,18,1,17,0,Rockingham,2022-05-05
4,29,2,27,0,Rockingham,2022-07-05
4,17,3,14,0,Rockingham,2022-06-23
4,12,4,8,0,Rockingham,2022-04-18
4,35,4,31,0,Rockingham,2022-05-31
4,17,4,13,0,Rockingham,2022-08-06
4,30,5,25,0,Rockingham,2022-05-16
4,30,5,25,0,Rockingham,2022-05-17
4,9,5,4,0,Rockingham,2022-05-27
4,27,5,22,0,Rockingham,2022-06-21
4,39,5,34,0,Rockingham,2022-07-19
4,20,6,14,0,Rockingham,2022-05-09
4,25,7,18,0,Rockingham,2022-05-20
4,14,3,11,0,Rowan,2022-04-13
4,35,5,30,0,Rowan,2022-06-16
4,18,6,12,0,Rowan,2022-06-25
4,23,8,15,0,Rowan,2022-05-05
4,32,8,24,0,Rowan,2022-05-13
4,19,1,18,0,Rutherford,2022-06-17
4,16,1,15,0,Rutherford,2022-06-28
4,16,2,14,0,Rutherford,2022-06-07
4,16,5,11,0,Rutherford,2022-06-01
4,22,5,17,0,Rutherford,2022-06-02
4,31,6,25,0,Rutherford,2022-07-08
4,23,6,17,0,Rutherford,2022-07-12
4,21,9,12,0,Rutherford,2022-05-23
4,16,8,8,0,Sampson,2022-05-25
4,15,11,4,0,Sampson,2022-07-17
4,18,12,6,0,Sampson,2022-05-24
4,23,12,11,0,Sampson,2022-06-01
4,20,13,7,0,Sampson,2022-08-06
4,33,17,16,0,Sampson,2022-06-07
4,35,24,11,0,Sampson,2022-07-20
4,15,3,12,0,Scotland,2022-07-07
4,14,7,7,0,Scotland,2022-06-14
4,21,8,13,0,Scotland,2022-05-25
4,13,8,5,0,Scotland,2022-05-31
4,19,8,11,0,Scotland,2022-06-20
4,14,10,4,0,Scotland,2022-07-13
4,17,10,7,0,Scotland,2022-07-22
4,12,10,2,0,Scotland,2022-07-24
4,12,10,2,0,Scotland,2022-08-06
4,8,0,8,0,Stanly,2022-07-09
4,30,0,30,0,Stanly,2022-07-24
4,15,0,15,0,Stanly,2022-08-06
4,27,1,26,0,Stanly,2022-06-20
4,12,1,11,0,Stanly,2022-06-25
4,18,1,17,0,Stanly,2022-06-27
4,18,1,17,0,Stanly,2022-07-01
4,22,2,20,0,Stanly,2022-05-20
4,19,2,17,0,Stanly,2022-06-07
4,23,2,21,0,Stanly,2022-07-12
4,25,4,21,0,Stanly,2022-05-18
4,17,2,15,0,Stokes,2022-05-27
4,14,2,12,0,Stokes,2022-07-02
4,25,4,21,0,Stokes,2022-05-18
4,19,4,15,0,Stokes,2022-06-17
4,12,4,8,0,Stokes,2022-07-06
4,29,5,24,0,Stokes,2022-02-08
4,20,5,15,0,Stokes,2022-05-17
4,22,6,16,0,Stokes,2022-08-05
4,15,4,11,0,Surry,2022-06-18
4,16,5,11,0,Surry,2022-05-18
4,21,7,14,0,Surry,2022-02-23
4,21,9,12,0,Surry,2022-05-25
4,38,10,28,0,Surry,2022-06-01
4,24,10,14,0,Surry,2022-07-02
4,39,12,27,0,Surry,2022-07-27
4,44,15,29,0,Surry,2022-07-22
4,18,2,16,0,Swain,2022-08-01
4,53,3,50,0,Union,2022-06-26
4,51,8,43,0,Union,2022-05-28
4,29,9,20,0,Union,2022-04-14
4,66,11,55,0,Union,2022-06-24
4,68,20,48,0,Union,2022-02-16
4,20,1,19,0,Vance,2022-06-08
4,14,3,11,0,Vance,2022-07-03
4,16,5,11,0,Vance,2022-06-03
4,32,6,26,0,Vance,2022-06-07
4,26,6,20,0,Vance,2022-07-26
4,34,8,26,0,Vance,2022-07-27
4,34,9,25,0,Vance,2022-07-28
4,38,11,27,0,Vance,2022-07-14
4,30,13,17,0,Vance,2022-07-07
4,28,15,13,0,Vance,2022-05-23
4,108,6,102,0,Wake,2022-04-01
4,120,13,107,0,Wake,2022-03-23
4,12,1,11,0,Washington,2022-07-27
4,7,1,6,0,Washington,2022-08-04
4,6,5,1,0,Washington,2022-06-27
4,18,7,11,0,Watauga,2022-05-19
4,22,7,15,0,Watauga,2022-06-07
4,20,12,8,0,Watauga,2022-06-03
4,10,2,8,0,Wayne,2022-06-12
4,14,4,10,0,Wayne,2022-04-20
4,17,9,8,0,Wayne,2022-05-22
4,19,9,10,0,Wayne,2022-07-02
4,28,15,13,0,Wayne,2022-06-10
4,39,17,22,0,Wayne,2022-06-15
4,44,20,24,0,Wayne,2022-02-17
4,39,24,15,0,Wayne,2022-05-19
4,36,24,12,0,Wayne,2022-06-02
4,39,29,10,0,Wayne,2022-06-06
4,16,6,10,0,Wilkes,2022-07-03
4,18,11,7,0,Wilkes,2022-06-16
4,38,13,25,0,Wilkes,2022-02-22
4,23,13,10,0,Wilkes,2022-05-18
4,20,13,7,0,Wilkes,2022-05-30
4,33,13,20,0,Wilkes,2022-06-30
4,18,14,4,0,Wilkes,2022-06-04
4,18,14,4,0,Wilkes,2022-07-05
4,20,14,6,0,Wilkes,2022-07-11
4,23,16,7,0,Wilkes,2022-06-01
4,41,21,20,0,Wilkes,2022-08-03
4,35,24,11,0,Wilkes,2022-06-29
4,23,4,19,0,Wilson,2022-08-05
4,13,5,8,0,Wilson,2022-05-03
4,23,6,17,0,Wilson,2022-06-30
4,17,6,11,0,Wilson,2022-07-10
4,23,7,16,0,Wilson,2022-07-16
4,21,10,11,0,Wilson,2022-07-24
4,27,10,17,0,Wilson,2022-07-30
4,31,11,20,0,Wilson,2022-06-16
4,31,14,17,0,Wilson,2022-05-16
4,12,6,6,0,Yadkin,2022-05-15
4,16,6,10,0,Yadkin,2022-05-16
4,23,6,17,0,Yadkin,2022-06-13
4,24,7,17,0,Yadkin,2022-06-07
4,18,8,10,0,Yadkin,2022-06-20
4,20,9,11,0,Yadkin,2022-08-01
4,16,10,6,0,Yadkin,2022-05-30
4,22,10,12,0,Yadkin,2022-06-01
4,27,10,17,0,Yadkin,2022-06-14
4,25,13,12,0,Yadkin,2022-07-20
4,32,17,15,0,Yadkin,2022-07-19
4,18,4,14,0,Yancey,2022-02-16
5,60,2,58,0,Alamance,2022-07-01
5,49,3,46,0,Alamance,2022-07-31
5,29,6,23,0,Alamance,2022-06-26
5,31,7,24,0,Alamance,2022-05-07
5,37,9,28,0,Alamance,2022-05-15
5,64,10,54,0,Alamance,2022-05-04
5,68,18,50,0,Alamance,2022-06-07
5,9,3,6,0,Alexander,2022-07-06
5,27,17,10,0,Alexander,2022-07-12
5,7,0,7,0,Anson,2022-08-03
5,17,3,14,0,Anson,2022-06-27
5,17,4,13,0,Anson,2022-07-28
5,16,6,10,0,Anson,2022-07-11
5,32,6,26,0,Anson,2022-07-25
5,23,10,13,0,Ashe,2022-02-14
5,42,22,20,0,Ashe,2022-02-08
5,17,3,14,0,Avery,2022-02-08
5,25,3,22,0,Avery,2022-08-01
5,19,6,13,0,Avery,2022-07-25
5,17,1,16,0,Beaufort,2022-06-30
5,20,2,18,0,Beaufort,2022-06-24
5,18,3,15,0,Beaufort,2022-06-08
5,20,5,15,0,Beaufort,2022-06-27
5,14,5,9,0,Beaufort,2022-07-31
5,26,6,20,0,Beaufort,2022-07-28
5,20,7,13,0,Beaufort,2022-08-03
5,22,11,11,0,Beaufort,2022-07-12
5,20,1,19,0,Bladen,2022-06-07
5,22,1,21,0,Bladen,2022-07-22
5,9,5,4,0,Bladen,2022-05-05
5,63,3,60,0,Brunswick,2022-02-11
5,36,4,32,0,Brunswick,2022-04-29
5,63,8,55,0,Brunswick,2022-06-20
5,63,9,54,0,Brunswick,2022-06-16
5,38,12,26,0,Brunswick,2022-08-05
5,56,13,43,0,Brunswick,2022-06-15
5,54,14,40,0,Brunswick,2022-05-29
5,90,20,70,0,Brunswick,2022-07-07
5,40,15,25,0,Buncombe,2022-07-09
5,68,17,51,0,Buncombe,2022-04-18
5,57,20,37,0,Buncombe,2022-06-05
5,79,21,58,0,Buncombe,2022-04-25
5,78,23,55,0,Buncombe,2022-07-20
5,58,24,34,0,Buncombe,2022-06-12
5,72,24,48,0,Buncombe,2022-06-17
5,94,29,65,0,Buncombe,2022-06-22
5,106,45,61,0,Buncombe,2022-06-08
5,23,0,23,0,Burke,2022-07-10
5,24,3,21,0,Burke,2022-06-13
5,30,3,27,0,Burke,2022-07-26
5,22,4,18,0,Burke,2022-07-07
5,41,6,35,0,Burke,2022-07-19
5,29,6,23,0,Burke,2022-08-04
5,60,12,48,0,Burke,2022-07-18
5,38,4,34,0,Cabarrus,2022-04-27
5,18,5,13,0,Cabarrus,2022-04-15
5,37,7,30,0,Cabarrus,2022-04-19
5,32,8,24,0,Cabarrus,2022-04-29
5,30,9,21,0,Cabarrus,2022-04-20
5,40,11,29,0,Cabarrus,2022-08-06
5,38,14,24,0,Cabarrus,2022-04-24
5,65,14,51,0,Cabarrus,2022-05-26
5,68,15,53,0,Cabarrus,2022-06-14
5,75,17,58,0,Cabarrus,2022-05-19
5,99,26,73,0,Cabarrus,2022-05-23
5,21,3,18,0,Caldwell,2022-05-19
5,26,6,20,0,Caldwell,2022-05-31
5,23,5,18,0,Carteret,2022-06-17
5,43,9,34,0,Carteret,2022-02-09
5,27,14,13,0,Carteret,2022-08-03
5,27,7,20,0,Catawba,2022-05-15
5,39,8,31,0,Catawba,2022-05-28
5,54,21,33,0,Catawba,2022-06-01
5,43,27,16,0,Catawba,2022-05-20
5,31,3,28,0,Chatham,2022-07-28
5,38,4,34,0,Chatham,2022-07-06
5,31,5,26,0,Chatham,2022-07-19
5,24,8,16,0,Chatham,2022-07-29
5,43,10,33,0,Chatham,2022-05-16
5,31,7,24,0,Cherokee,2022-07-26
5,10,0,10,0,Chowan,2022-07-25
5,26,2,24,0,Cleveland,2022-07-24
5,26,3,23,0,Cleveland,2022-06-15
5,27,3,24,0,Cleveland,2022-07-08
5,28,5,23,0,Cleveland,2022-05-16
5,34,5,29,0,Cleveland,2022-07-04
5,21,7,14,0,Cleveland,2022-05-26
5,16,2,14,0,Columbus,2022-07-23
5,22,6,16,0,Columbus,2022-05-17
5,28,8,20,0,Columbus,2022-07-22
5,18,10,8,0,Columbus,2022-08-04
5,29,12,17,0,Columbus,2022-07-06
5,30,12,18,0,Craven,2022-07-10
5,45,15,30,0,Craven,2022-06-13
5,49,16,33,0,Craven,2022-06-28
5,34,16,18,0,Craven,2022-07-28
5,56,18,38,0,Craven,2022-05-16
5,54,19,35,0,Craven,2022-06-29
5,50,20,30,0,Craven,2022-06-07
5,38,20,18,0,Craven,2022-07-15
5,59,24,35,0,Craven,2022-06-01
5,53,27,26,0,Craven,2022-05-25
5,55,31,24,0,Craven,2022-05-24
5,20,7,13,0,Cumberland,2022-04-23
5,69,10,59,0,Cumberland,2022-08-06
5,87,13,74,0,Cumberland,2022-07-10
5,63,13,50,0,Cumberland,2022-07-31
5,64,15,49,0,Cumberland,2022-05-21
5,66,17,49,0,Cumberland,2022-06-26
5,19,0,19,0,Dare,2022-05-25
5,14,0,14,0,Dare,2022-07-29
5,18,4,14,0,Davidson,2022-04-27
5,48,7,41,0,Davidson,2022-02-18
5,47,8,39,0,Davidson,2022-06-15
5,47,8,39,0,Davidson,2022-07-24
5,37,8,29,0,Davidson,2022-07-30
5,28,9,19,0,Davidson,2022-05-05
5,50,10,40,0,Davidson,2022-06-21
5,49,12,37,0,Davidson,2022-06-16
5,48,13,35,0,Davidson,2022-05-27
5,19,3,16,0,Davie,2022-07-01
5,25,6,19,0,Davie,2022-07-19
5,25,10,15,0,Davie,2022-05-09
5,24,10,14,0,Davie,2022-06-13
5,26,11,15,0,Davie,2022-07-11
5,20,8,12,0,Duplin,2022-06-06
5,34,10,24,0,Duplin,2022-08-05
5,26,12,14,0,Duplin,2022-06-22
5,33,14,19,0,Duplin,2022-07-29
5,39,15,24,0,Duplin,2022-07-20
5,44,0,44,0,Durham,2022-03-15
5,154,6,148,0,Durham,2022-04-25
5,129,7,122,0,Durham,2022-04-12
5,85,7,78,0,Durham,2022-07-10
5,82,8,74,0,Durham,2022-04-24
5,119,8,111,0,Durham,2022-05-14
5,129,8,121,0,Durham,2022-06-04
5,11,0,11,0,Edgecombe,2022-05-13
5,23,0,23,0,Edgecombe,2022-07-09
5,14,3,11,0,Edgecombe,2022-05-27
5,20,3,17,0,Edgecombe,2022-07-26
5,20,6,14,0,Edgecombe,2022-07-23
5,62,5,57,0,Forsyth,2022-02-24
5,86,12,74,0,Forsyth,2022-04-28
5,71,12,59,0,Forsyth,2022-06-04
5,77,21,56,0,Forsyth,2022-04-19
5,28,0,28,0,Franklin,2022-06-17
5,18,2,16,0,Franklin,2022-06-11
5,50,4,46,0,Franklin,2022-05-10
5,20,4,16,0,Franklin,2022-07-16
5,41,5,36,0,Franklin,2022-06-27
5,44,5,39,0,Franklin,2022-06-29
5,37,6,31,0,Franklin,2022-05-19
5,37,6,31,0,Franklin,2022-06-13
5,41,6,35,0,Franklin,2022-06-21
5,23,7,16,0,Franklin,2022-07-02
5,37,7,30,0,Franklin,2022-07-25
5,47,8,39,0,Franklin,2022-02-11
5,39,2,37,0,Gaston,2022-05-15
5,38,2,36,0,Gaston,2022-06-05
5,47,3,44,0,Gaston,2022-06-11
5,39,5,34,0,Gaston,2022-05-05
5,43,6,37,0,Gaston,2022-05-21
5,26,9,17,0,Gaston,2022-04-25
5,60,9,51,0,Gaston,2022-05-12
5,59,13,46,0,Gaston,2022-05-27
5,84,26,58,0,Gaston,2022-05-23
5,26,3,23,0,Granville,2022-02-10
5,31,6,25,0,Granville,2022-06-16
5,29,7,22,0,Granville,2022-06-22
5,32,8,24,0,Granville,2022-06-27
5,45,8,37,0,Granville,2022-07-11
5,28,9,19,0,Granville,2022-07-12
5,36,13,23,0,Granville,2022-05-16
5,35,13,22,0,Granville,2022-07-08
5,37,16,21,0,Granville,2022-07-27
5,53,23,30,0,Granville,2022-07-05
5,23,2,21,0,Greene,2022-07-18
5,16,3,13,0,Greene,2022-07-05
5,39,4,35,0,Guilford,2022-04-17
5,31,6,25,0,Guilford,2022-03-14
5,77,9,68,0,Guilford,2022-04-24
5,28,5,23,0,Halifax,2022-06-29
5,41,5,36,0,Halifax,2022-08-01
5,27,6,21,0,Halifax,2022-05-23
5,23,6,17,0,Halifax,2022-06-14
5,29,6,23,0,Halifax,2022-06-17
5,28,6,22,0,Halifax,2022-06-27
5,28,6,22,0,Halifax,2022-07-13
5,22,7,15,0,Halifax,2022-05-25
5,30,11,19,0,Halifax,2022-07-07
5,47,4,43,0,Harnett,2022-08-02
5,24,8,16,0,Harnett,2022-05-05
5,32,8,24,0,Harnett,2022-05-06
5,46,9,37,0,Harnett,2022-07-28
5,31,10,21,0,Harnett,2022-06-16
5,36,10,26,0,Harnett,2022-06-22
5,50,11,39,0,Harnett,2022-07-15
5,57,13,44,0,Harnett,2022-05-16
5,51,15,36,0,Harnett,2022-06-06
5,22,15,7,0,Haywood,2022-07-30
5,24,16,8,0,Haywood,2022-07-07
5,30,17,13,0,Haywood,2022-02-17
5,53,26,27,0,Haywood,2022-02-09
5,38,11,27,0,Henderson,2022-05-23
5,45,13,32,0,Henderson,2022-08-05
5,57,14,43,0,Henderson,2022-08-04
5,38,16,22,0,Henderson,2022-06-06
5,55,21,34,0,Henderson,2022-02-14
5,39,22,17,0,Henderson,2022-07-28
5,50,23,27,0,Henderson,2022-07-22
5,17,2,15,0,Hertford,2022-07-21
5,23,6,17,0,Hertford,2022-07-11
5,22,5,17,0,Hoke,2022-05-26
5,19,5,14,0,Hoke,2022-06-25
5,29,8,21,0,Hoke,2022-07-15
5,43,9,34,0,Hoke,2022-08-03
5,42,9,33,0,Iredell,2022-07-09
5,48,10,38,0,Iredell,2022-06-05
5,23,11,12,0,Iredell,2022-04-14
5,55,11,44,0,Iredell,2022-05-27
5,40,11,29,0,Iredell,2022-07-30
5,28,12,16,0,Iredell,2022-04-13
5,20,13,7,0,Iredell,2022-03-14
5,45,16,29,0,Iredell,2022-05-29
5,46,16,30,0,Iredell,2022-06-19
5,27,18,9,0,Iredell,2022-07-04
5,42,20,22,0,Iredell,2022-05-04
5,72,31,41,0,Iredell,2022-05-16
5,10,4,6,0,Jackson,2022-07-07
5,35,4,31,0,Johnston,2022-04-27
5,51,7,44,0,Johnston,2022-02-17
5,36,7,29,0,Johnston,2022-04-30
5,39,8,31,0,Johnston,2022-06-25
5,59,9,50,0,Johnston,2022-02-18
5,44,9,35,0,Johnston,2022-06-11
5,50,10,40,0,Johnston,2022-05-15
5,68,10,58,0,Johnston,2022-07-17
5,59,10,49,0,Johnston,2022-07-30
5,70,13,57,0,Johnston,2022-06-07
5,21,3,18,0,Lenoir,2022-08-05
5,14,5,9,0,Lenoir,2022-05-19
5,26,6,20,0,Lenoir,2022-06-21
5,28,8,20,0,Lenoir,2022-06-29
5,21,3,18,0,Lincoln,2022-05-13
5,27,3,24,0,Lincoln,2022-06-07
5,24,4,20,0,Lincoln,2022-07-29
5,23,6,17,0,Lincoln,2022-06-14
5,18,6,12,0,Lincoln,2022-06-15
5,26,8,18,0,Lincoln,2022-05-11
5,32,9,23,0,Lincoln,2022-07-08
5,17,8,9,0,Martin,2022-07-11
5,23,12,11,0,Martin,2022-07-18
5,13,1,12,0,McDowell,2022-07-24
5,18,1,17,0,McDowell,2022-07-27
5,23,2,21,0,McDowell,2022-07-28
5,18,3,15,0,McDowell,2022-07-09
5,16,5,11,0,McDowell,2022-07-10
5,26,11,15,0,McDowell,2022-07-11
5,32,12,20,0,McDowell,2022-07-08
5,95,24,71,0,Mecklenburg,2022-03-02
5,124,31,93,0,Mecklenburg,2022-04-23
5,21,5,16,0,Mitchell,2022-02-08
5,12,8,4,0,Mitchell,2022-06-03
5,32,5,27,0,Moore,2022-06-24
5,29,8,21,0,Moore,2022-06-22
5,30,8,22,0,Moore,2022-07-28
5,27,9,18,0,Moore,2022-05-26
5,24,11,13,0,Moore,2022-05-13
5,26,12,14,0,Moore,2022-07-17
5,39,14,25,0,Moore,2022-06-02
5,43,15,28,0,Moore,2022-06-28
5,44,19,25,0,Moore,2022-05-12
5,59,40,19,0,Moore,2022-06-30
5,51,5,46,0,Nash,2022-07-29
5,28,7,21,0,Nash,2022-05-12
5,23,7,16,0,Nash,2022-07-01
5,23,8,15,0,Nash,2022-06-11
5,18,9,9,0,Nash,2022-07-04
5,32,11,21,0,Nash,2022-07-09
5,32,13,19,0,Nash,2022-05-23
5,43,15,28,0,Nash,2022-07-14
5,35,5,30,0,New Hanover,2022-06-05
5,82,8,74,0,New Hanover,2022-08-01
5,39,9,30,0,New Hanover,2022-06-18
5,86,14,72,0,New Hanover,2022-06-02
5,86,14,72,0,New Hanover,2022-07-22
5,83,16,67,0,New Hanover,2022-06-01
5,79,18,61,0,New Hanover,2022-06-08
5,46,20,26,0,New Hanover,2022-06-25
5,73,21,52,0,New Hanover,2022-05-23
5,74,22,52,0,New Hanover,2022-07-09
5,91,24,67,0,New Hanover,2022-06-15
5,11,3,8,0,Northampton,2022-07-26
5,12,5,7,0,Northampton,2022-07-25
5,34,4,30,0,Onslow,2022-06-26
5,32,6,26,0,Onslow,2022-05-22
5,41,7,34,0,Onslow,2022-05-05
5,66,7,59,0,Onslow,2022-05-26
5,52,11,41,0,Onslow,2022-07-24
5,54,1,53,0,Orange,2022-07-27
5,64,2,62,0,Orange,2022-08-01
5,56,3,53,0,Orange,2022-06-10
5,53,3,50,0,Orange,2022-07-08
5,86,4,82,0,Orange,2022-04-19
5,66,4,62,0,Orange,2022-06-22
5,95,5,90,0,Orange,2022-04-12
5,63,5,58,0,Orange,2022-07-06
5,80,6,74,0,Orange,2022-05-05
5,62,6,56,0,Orange,2022-05-28
5,46,6,40,0,Orange,2022-06-24
5,59,6,53,0,Orange,2022-06-29
5,105,8,97,0,Orange,2022-05-09
5,85,9,76,0,Orange,2022-05-12
5,81,9,72,0,Orange,2022-06-27
5,53,10,43,0,Orange,2022-07-21
5,144,13,131,0,Orange,2022-05-31
5,61,14,47,0,Orange,2022-05-14
5,84,14,70,0,Orange,2022-05-26
5,110,17,93,0,Orange,2022-05-25
5,14,8,6,0,Pasquotank,2022-07-20
5,21,10,11,0,Pasquotank,2022-07-28
5,28,4,24,0,Pender,2022-07-06
5,24,4,20,0,Pender,2022-07-12
5,23,5,18,0,Pender,2022-06-21
5,26,8,18,0,Pender,2022-07-28
5,11,7,4,0,Perquimans,2022-07-21
5,14,2,12,0,Person,2022-08-02
5,33,7,26,0,Person,2022-07-22
5,30,10,20,0,Person,2022-07-05
5,37,1,36,0,Pitt,2022-05-05
5,41,1,40,0,Pitt,2022-05-22
5,30,2,28,0,Pitt,2022-05-02
5,23,2,21,0,Pitt,2022-05-14
5,29,5,24,0,Pitt,2022-05-06
5,49,7,42,0,Pitt,2022-07-09
5,93,8,85,0,Pitt,2022-02-10
5,63,13,50,0,Pitt,2022-05-10
5,9,6,3,0,Polk,2022-06-28
5,20,15,5,0,Polk,2022-06-30
5,33,8,25,0,Randolph,2022-06-08
5,23,8,15,0,Randolph,2022-07-16
5,30,10,20,0,Randolph,2022-06-01
5,41,19,22,0,Randolph,2022-06-27
5,43,21,22,0,Randolph,2022-07-31
5,58,24,34,0,Randolph,2022-08-02
5,41,25,16,0,Randolph,2022-06-13
5,50,27,23,0,Randolph,2022-07-22
5,14,0,14,0,Richmond,2022-05-27
5,24,6,18,0,Richmond,2022-05-31
5,23,7,16,0,Richmond,2022-07-08
5,17,8,9,0,Richmond,2022-06-14
5,25,8,17,0,Richmond,2022-07-29
5,21,12,9,0,Richmond,2022-05-25
5,35,12,23,0,Richmond,2022-07-14
5,32,13,19,0,Richmond,2022-07-28
5,24,11,13,0,Robeson,2022-05-06
5,25,12,13,0,Robeson,2022-05-15
5,28,13,15,0,Robeson,2022-06-04
5,25,14,11,0,Robeson,2022-06-25
5,29,18,11,0,Robeson,2022-05-30
5,38,20,18,0,Robeson,2022-05-12
5,33,23,10,0,Robeson,2022-05-05
5,25,2,23,0,Rockingham,2022-05-25
5,29,2,27,0,Rockingham,2022-06-28
5,21,4,17,0,Rockingham,2022-06-17
5,37,6,31,0,Rockingham,2022-08-01
5,28,7,21,0,Rockingham,2022-06-13
5,31,10,21,0,Rockingham,2022-07-06
5,14,3,11,0,Rowan,2022-04-23
5,42,4,38,0,Rowan,2022-05-16
5,40,5,35,0,Rowan,2022-06-15
5,46,6,40,0,Rowan,2022-02-17
5,31,6,25,0,Rowan,2022-05-18
5,28,8,20,0,Rowan,2022-06-10
5,26,11,15,0,Rowan,2022-05-30
5,25,1,24,0,Rutherford,2022-07-30
5,13,3,10,0,Rutherford,2022-05-17
5,26,4,22,0,Rutherford,2022-06-30
5,26,4,22,0,Rutherford,2022-07-26
5,16,5,11,0,Rutherford,2022-06-14
5,25,6,19,0,Rutherford,2022-06-22
5,32,6,26,0,Rutherford,2022-08-01
5,30,9,21,0,Rutherford,2022-07-24
5,24,14,10,0,Sampson,2022-07-16
5,31,16,15,0,Sampson,2022-02-10
5,40,29,11,0,Sampson,2022-07-07
5,50,29,21,0,Sampson,2022-07-28
5,48,32,16,0,Sampson,2022-08-03
5,44,34,10,0,Sampson,2022-07-13
5,22,9,13,0,Scotland,2022-07-11
5,23,13,10,0,Scotland,2022-07-26
5,20,13,7,0,Scotland,2022-07-31
5,33,14,19,0,Scotland,2022-07-25
5,22,15,7,0,Scotland,2022-07-27
5,26,22,4,0,Scotland,2022-08-02
5,17,0,17,0,Stanly,2022-07-31
5,21,0,21,0,Stanly,2022-08-04
5,21,1,20,0,Stanly,2022-06-29
5,22,2,20,0,Stanly,2022-06-28
5,23,2,21,0,Stanly,2022-07-11
5,22,5,17,0,Stanly,2022-06-30
5,27,6,21,0,Stanly,2022-07-14
5,25,7,18,0,Stanly,2022-06-08
5,17,2,15,0,Stokes,2022-07-12
5,19,5,14,0,Stokes,2022-07-19
5,26,5,21,0,Stokes,2022-07-20
5,21,8,13,0,Stokes,2022-07-07
5,23,8,15,0,Stokes,2022-07-21
5,30,8,22,0,Stokes,2022-07-26
5,29,9,20,0,Stokes,2022-07-29
5,32,14,18,0,Stokes,2022-08-04
5,23,10,13,0,Surry,2022-06-02
5,40,12,28,0,Surry,2022-07-30
5,41,13,28,0,Surry,2022-05-31
5,29,13,16,0,Surry,2022-07-15
5,58,27,31,0,Surry,2022-02-14
5,17,11,6,0,Transylvania,2022-07-23
5,43,1,42,0,Union,2022-06-18
5,30,4,26,0,Union,2022-04-13
5,50,5,45,0,Union,2022-05-02
5,38,6,32,0,Union,2022-06-11
5,38,8,30,0,Union,2022-04-24
5,63,9,54,0,Union,2022-06-17
5,35,10,25,0,Union,2022-04-19
5,54,10,44,0,Union,2022-05-05
5,21,4,17,0,Vance,2022-06-27
5,22,8,14,0,Vance,2022-05-20
5,33,8,25,0,Vance,2022-07-08
5,28,12,16,0,Vance,2022-07-13
5,101,14,87,0,Wake,2022-03-28
5,15,1,14,0,Warren,2022-06-08
5,20,5,15,0,Warren,2022-07-14
5,26,5,21,0,Watauga,2022-08-02
5,20,11,9,0,Wayne,2022-05-13
5,24,15,9,0,Wayne,2022-05-10
5,49,17,32,0,Wayne,2022-06-17
5,40,22,18,0,Wayne,2022-05-23
5,38,22,16,0,Wayne,2022-06-21
5,46,31,15,0,Wayne,2022-05-24
5,19,8,11,0,Wilkes,2022-07-17
5,23,10,13,0,Wilkes,2022-06-08
5,22,11,11,0,Wilkes,2022-07-29
5,22,13,9,0,Wilkes,2022-07-23
5,21,13,8,0,Wilkes,2022-07-30
5,31,15,16,0,Wilkes,2022-06-21
5,27,16,11,0,Wilkes,2022-07-20
5,18,17,1,0,Wilkes,2022-07-04
5,33,18,15,0,Wilkes,2022-07-01
5,39,19,20,0,Wilkes,2022-07-25
5,26,19,7,0,Wilkes,2022-07-26
5,25,20,5,0,Wilkes,2022-06-26
5,38,20,18,0,Wilkes,2022-07-27
5,43,23,20,0,Wilkes,2022-08-01
5,16,5,11,0,Wilson,2022-07-09
5,25,8,17,0,Wilson,2022-06-02
5,28,11,17,0,Wilson,2022-08-04
5,28,12,16,0,Wilson,2022-07-07
5,28,16,12,0,Wilson,2022-05-11
5,30,19,11,0,Wilson,2022-05-09
5,42,21,21,0,Wilson,2022-06-13
5,14,1,13,0,Yadkin,2022-07-29
5,22,2,20,0,Yadkin,2022-07-31
5,13,4,9,0,Yadkin,2022-06-30
5,14,6,8,0,Yadkin,2022-07-11
5,29,7,22,0,Yadkin,2022-02-11
5,13,7,6,0,Yadkin,2022-07-08
5,29,12,17,0,Yadkin,2022-07-21
5,9,5,4,0,Yancey,2022-06-05
5,13,7,6,0,Yancey,2022-02-08
5,11,7,4,0,Yancey,2022-07-08
6,41,3,38,0,Alamance,2022-07-23
6,75,5,70,0,Alamance,2022-06-13
6,48,5,43,0,Alamance,2022-07-30
6,37,9,28,0,Alamance,2022-05-30
6,55,10,45,0,Alamance,2022-06-16
6,69,12,57,0,Alamance,2022-05-20
6,103,21,82,0,Alamance,2022-05-16
6,16,5,11,0,Alexander,2022-06-29
6,28,5,23,0,Alexander,2022-07-27
6,17,2,15,0,Anson,2022-07-21
6,28,4,24,0,Beaufort,2022-02-15
6,13,5,8,0,Beaufort,2022-06-16
6,18,2,16,0,Bladen,2022-07-15
6,18,2,16,0,Bladen,2022-08-02
6,19,5,14,0,Bladen,2022-05-23
6,36,6,30,0,Brunswick,2022-08-06
6,42,7,35,0,Brunswick,2022-07-01
6,59,8,51,0,Brunswick,2022-06-14
6,56,11,45,0,Brunswick,2022-06-29
6,54,11,43,0,Brunswick,2022-07-24
6,67,13,54,0,Brunswick,2022-05-11
6,69,13,56,0,Brunswick,2022-05-20
6,72,23,49,0,Brunswick,2022-06-21
6,66,18,48,0,Buncombe,2022-05-14
6,70,23,47,0,Buncombe,2022-07-31
6,56,24,32,0,Buncombe,2022-04-14
6,70,29,41,0,Buncombe,2022-08-02
6,80,30,50,0,Buncombe,2022-05-27
6,75,32,43,0,Buncombe,2022-04-29
6,81,34,47,0,Buncombe,2022-04-27
6,97,37,60,0,Buncombe,2022-05-10
6,115,45,70,0,Buncombe,2022-05-20
6,32,2,30,0,Burke,2022-08-02
6,30,6,24,0,Burke,2022-08-01
6,32,8,24,0,Burke,2022-07-21
6,18,8,10,0,Burke,2022-07-29
6,36,10,26,0,Burke,2022-07-06
6,35,13,22,0,Burke,2022-08-03
6,43,7,36,0,Cabarrus,2022-06-18
6,68,8,60,0,Cabarrus,2022-06-22
6,47,9,38,0,Cabarrus,2022-05-06
6,78,10,68,0,Cabarrus,2022-06-10
6,75,13,62,0,Cabarrus,2022-05-09
6,116,31,85,0,Cabarrus,2022-02-09
6,23,2,21,0,Caldwell,2022-06-07
6,30,2,28,0,Caldwell,2022-06-14
6,27,3,24,0,Caldwell,2022-06-13
6,35,3,32,0,Caldwell,2022-06-27
6,35,3,32,0,Caldwell,2022-07-01
6,21,5,16,0,Caldwell,2022-04-25
6,31,5,26,0,Caldwell,2022-07-07
6,29,6,23,0,Caldwell,2022-06-16
6,32,11,21,0,Carteret,2022-06-23
6,18,11,7,0,Carteret,2022-07-29
6,40,16,24,0,Carteret,2022-06-27
6,42,25,17,0,Carteret,2022-06-22
6,37,26,11,0,Carteret,2022-07-25
6,52,33,19,0,Carteret,2022-05-31
6,30,7,23,0,Catawba,2022-05-29
6,29,8,21,0,Catawba,2022-06-18
6,29,8,21,0,Catawba,2022-07-17
6,33,10,23,0,Catawba,2022-06-12
6,32,11,21,0,Catawba,2022-06-25
6,40,15,25,0,Catawba,2022-05-10
6,54,21,33,0,Catawba,2022-06-08
6,52,24,28,0,Catawba,2022-06-16
6,43,7,36,0,Chatham,2022-05-18
6,31,7,24,0,Chatham,2022-07-07
6,21,3,18,0,Cleveland,2022-06-09
6,26,4,22,0,Cleveland,2022-06-26
6,35,7,28,0,Cleveland,2022-06-20
6,36,15,21,0,Cleveland,2022-05-31
6,16,8,8,0,Columbus,2022-07-28
6,20,11,9,0,Columbus,2022-06-19
6,28,12,16,0,Columbus,2022-07-21
6,27,16,11,0,Columbus,2022-07-14
6,33,25,8,0,Columbus,2022-07-26
6,39,25,14,0,Columbus,2022-08-01
6,44,10,34,0,Craven,2022-08-04
6,38,15,23,0,Craven,2022-07-16
6,61,17,44,0,Craven,2022-06-02
6,51,20,31,0,Craven,2022-06-20
6,53,22,31,0,Craven,2022-06-09
6,50,22,28,0,Craven,2022-06-14
6,69,23,46,0,Craven,2022-07-07
6,64,26,38,0,Craven,2022-06-06
6,60,26,34,0,Craven,2022-08-02
6,65,27,38,0,Craven,2022-05-31
6,44,6,38,0,Cumberland,2022-04-20
6,46,8,38,0,Cumberland,2022-06-19
6,55,9,46,0,Cumberland,2022-06-05
6,49,9,40,0,Cumberland,2022-06-11
6,35,10,25,0,Cumberland,2022-04-24
6,60,16,44,0,Cumberland,2022-07-04
6,85,22,63,0,Cumberland,2022-05-02
6,20,2,18,0,Davidson,2022-06-25
6,30,7,23,0,Davidson,2022-05-22
6,49,10,39,0,Davidson,2022-02-16
6,55,10,45,0,Davidson,2022-05-12
6,46,12,34,0,Davidson,2022-06-14
6,59,17,42,0,Davidson,2022-06-02
6,74,26,48,0,Davidson,2022-05-16
6,35,8,27,0,Davie,2022-05-31
6,28,11,17,0,Davie,2022-06-16
6,27,13,14,0,Duplin,2022-07-15
6,46,26,20,0,Duplin,2022-07-21
6,83,3,80,0,Durham,2022-04-08
6,45,3,42,0,Durham,2022-07-04
6,108,4,104,0,Durham,2022-07-16
6,83,6,77,0,Durham,2022-04-30
6,93,6,87,0,Durham,2022-05-21
6,115,10,105,0,Durham,2022-05-22
6,77,13,64,0,Durham,2022-04-15
6,27,2,25,0,Edgecombe,2022-06-01
6,19,2,17,0,Edgecombe,2022-06-30
6,40,2,38,0,Edgecombe,2022-08-01
6,18,3,15,0,Edgecombe,2022-06-14
6,17,6,11,0,Edgecombe,2022-06-13
6,26,10,16,0,Edgecombe,2022-06-27
6,56,9,47,0,Forsyth,2022-05-30
6,51,10,41,0,Forsyth,2022-04-14
6,58,1,57,0,Franklin,2022-05-18
6,18,1,17,0,Franklin,2022-08-06
6,56,2,54,0,Franklin,2022-05-24
6,23,3,20,0,Franklin,2022-07-22
6,27,4,23,0,Franklin,2022-06-24
6,29,4,25,0,Franklin,2022-06-28
6,34,5,29,0,Franklin,2022-07-29
6,42,6,36,0,Franklin,2022-06-30
6,32,6,26,0,Franklin,2022-07-26
6,37,7,30,0,Franklin,2022-05-16
6,33,9,24,0,Franklin,2022-07-07
6,40,13,27,0,Franklin,2022-07-13
6,60,6,54,0,Gaston,2022-05-13
6,56,14,42,0,Gaston,2022-05-20
6,23,3,20,0,Granville,2022-06-14
6,32,5,27,0,Granville,2022-07-18
6,47,9,38,0,Granville,2022-07-07
6,43,10,33,0,Granville,2022-06-06
6,16,3,13,0,Greene,2022-06-27
6,88,14,74,0,Guilford,2022-05-08
6,93,15,78,0,Guilford,2022-07-10
6,59,16,43,0,Guilford,2022-07-04
6,22,2,20,0,Halifax,2022-06-21
6,22,3,19,0,Halifax,2022-05-24
6,30,4,26,0,Halifax,2022-07-15
6,26,5,21,0,Halifax,2022-06-28
6,32,6,26,0,Halifax,2022-07-08
6,35,6,29,0,Halifax,2022-08-02
6,17,7,10,0,Halifax,2022-07-17
6,26,1,25,0,Harnett,2022-06-18
6,38,5,33,0,Harnett,2022-06-03
6,31,5,26,0,Harnett,2022-06-17
6,29,5,24,0,Harnett,2022-07-09
6,32,8,24,0,Harnett,2022-07-02
6,26,9,17,0,Harnett,2022-05-03
6,46,9,37,0,Harnett,2022-05-27
6,47,9,38,0,Harnett,2022-06-09
6,39,10,29,0,Harnett,2022-05-24
6,59,12,47,0,Harnett,2022-05-23
6,51,13,38,0,Harnett,2022-05-20
6,27,13,14,0,Haywood,2022-06-29
6,16,5,11,0,Henderson,2022-05-05
6,27,7,20,0,Henderson,2022-05-11
6,36,13,23,0,Henderson,2022-06-29
6,27,14,13,0,Henderson,2022-07-10
6,32,15,17,0,Henderson,2022-06-20
6,49,19,30,0,Henderson,2022-05-18
6,29,7,22,0,Hoke,2022-06-14
6,25,8,17,0,Hoke,2022-06-22
6,30,12,18,0,Hoke,2022-08-04
6,37,13,24,0,Hoke,2022-06-13
6,38,11,27,0,Iredell,2022-06-25
6,40,12,28,0,Iredell,2022-06-24
6,41,16,25,0,Iredell,2022-05-02
6,34,16,18,0,Iredell,2022-06-11
6,45,16,29,0,Iredell,2022-06-12
6,50,17,33,0,Iredell,2022-07-24
6,41,21,20,0,Iredell,2022-06-26
6,64,26,38,0,Iredell,2022-05-24
6,27,2,25,0,Jackson,2022-02-09
6,61,6,55,0,Johnston,2022-06-08
6,42,9,33,0,Johnston,2022-07-10
6,60,11,49,0,Johnston,2022-05-04
6,44,15,29,0,Johnston,2022-07-02
6,76,17,59,0,Johnston,2022-05-28
6,71,23,48,0,Johnston,2022-06-13
6,23,5,18,0,Lee,2022-06-27
6,16,7,9,0,Lee,2022-07-15
6,32,9,23,0,Lee,2022-07-21
6,20,10,10,0,Lee,2022-06-23
6,28,12,16,0,Lee,2022-07-29
6,39,14,25,0,Lee,2022-07-25
6,33,16,17,0,Lee,2022-07-22
6,34,15,19,0,Lenoir,2022-07-06
6,49,21,28,0,Lenoir,2022-07-28
6,22,3,19,0,Lincoln,2022-06-26
6,28,3,25,0,Lincoln,2022-08-03
6,25,4,21,0,Lincoln,2022-06-22
6,27,6,21,0,Lincoln,2022-07-10
6,30,9,21,0,Lincoln,2022-06-23
6,39,15,24,0,Lincoln,2022-07-19
6,15,4,11,0,Martin,2022-08-01
6,22,6,16,0,Martin,2022-07-29
6,23,2,21,0,McDowell,2022-07-20
6,25,3,22,0,McDowell,2022-07-12
6,21,6,15,0,McDowell,2022-07-14
6,27,9,18,0,McDowell,2022-07-07
6,51,9,42,0,Mecklenburg,2022-03-22
6,37,8,29,0,Moore,2022-07-31
6,34,12,22,0,Moore,2022-06-14
6,47,19,28,0,Moore,2022-07-25
6,49,20,29,0,Moore,2022-05-31
6,31,8,23,0,Nash,2022-05-19
6,27,8,19,0,Nash,2022-05-27
6,39,10,29,0,Nash,2022-05-16
6,51,18,33,0,Nash,2022-07-05
6,55,19,36,0,Nash,2022-05-31
6,85,12,73,0,New Hanover,2022-07-28
6,79,15,64,0,New Hanover,2022-05-17
6,57,16,41,0,New Hanover,2022-05-27
6,85,18,67,0,New Hanover,2022-07-29
6,82,21,61,0,New Hanover,2022-07-15
6,84,27,57,0,New Hanover,2022-02-11
6,104,36,68,0,New Hanover,2022-07-08
6,55,6,49,0,Onslow,2022-06-30
6,70,9,61,0,Onslow,2022-06-08
6,70,12,58,0,Onslow,2022-05-19
6,89,13,76,0,Onslow,2022-06-07
6,48,1,47,0,Orange,2022-06-16
6,92,3,89,0,Orange,2022-02-08
6,69,3,66,0,Orange,2022-07-07
6,59,8,51,0,Orange,2022-06-23
6,83,9,74,0,Orange,2022-07-19
6,81,12,69,0,Orange,2022-05-02
6,92,12,80,0,Orange,2022-05-18
6,27,1,26,0,Pender,2022-07-05
6,32,3,29,0,Pender,2022-07-14
6,13,3,10,0,Person,2022-06-03
6,35,9,26,0,Person,2022-07-18
6,24,3,21,0,Pitt,2022-06-11
6,41,4,37,0,Pitt,2022-06-12
6,43,4,39,0,Pitt,2022-07-10
6,55,7,48,0,Pitt,2022-05-09
6,35,7,28,0,Pitt,2022-07-02
6,65,8,57,0,Pitt,2022-05-27
6,58,11,47,0,Pitt,2022-05-13
6,85,16,69,0,Pitt,2022-06-22
6,19,8,11,0,Randolph,2022-05-05
6,21,9,12,0,Randolph,2022-07-04
6,23,11,12,0,Randolph,2022-02-24
6,34,16,18,0,Randolph,2022-05-18
6,34,16,18,0,Randolph,2022-06-24
6,28,19,9,0,Randolph,2022-06-15
6,41,21,20,0,Randolph,2022-05-19
6,43,22,21,0,Randolph,2022-07-06
6,28,3,25,0,Richmond,2022-07-23
6,30,10,20,0,Richmond,2022-06-27
6,23,10,13,0,Richmond,2022-07-15
6,34,14,20,0,Richmond,2022-07-22
6,26,10,16,0,Robeson,2022-06-11
6,22,11,11,0,Robeson,2022-04-25
6,32,13,19,0,Robeson,2022-05-10
6,29,15,14,0,Robeson,2022-05-14
6,34,17,17,0,Robeson,2022-02-14
6,45,23,22,0,Robeson,2022-05-27
6,39,23,16,0,Robeson,2022-06-26
6,43,25,18,0,Robeson,2022-06-10
6,23,3,20,0,Rockingham,2022-07-16
6,60,4,56,0,Rockingham,2022-02-10
6,26,4,22,0,Rockingham,2022-06-01
6,33,5,28,0,Rockingham,2022-08-02
6,31,6,25,0,Rockingham,2022-07-21
6,35,7,28,0,Rockingham,2022-07-15
6,35,11,24,0,Rockingham,2022-07-20
6,31,2,29,0,Rowan,2022-05-02
6,32,3,29,0,Rowan,2022-07-23
6,55,6,49,0,Rowan,2022-02-14
6,25,7,18,0,Rowan,2022-05-27
6,25,7,18,0,Rowan,2022-06-26
6,48,7,41,0,Rowan,2022-06-29
6,28,8,20,0,Rowan,2022-05-29
6,41,8,33,0,Rowan,2022-06-09
6,35,9,26,0,Rowan,2022-05-10
6,51,10,41,0,Rowan,2022-05-23
6,27,10,17,0,Rowan,2022-05-28
6,29,10,19,0,Rowan,2022-08-06
6,42,11,31,0,Rowan,2022-05-25
6,18,1,17,0,Rutherford,2022-06-08
6,18,2,16,0,Rutherford,2022-07-28
6,13,3,10,0,Rutherford,2022-06-13
6,30,4,26,0,Rutherford,2022-07-19
6,17,5,12,0,Rutherford,2022-06-06
6,18,5,13,0,Rutherford,2022-08-04
6,19,6,13,0,Rutherford,2022-05-31
6,25,6,19,0,Rutherford,2022-07-20
6,19,6,13,0,Rutherford,2022-07-25
6,37,7,30,0,Rutherford,2022-07-05
6,23,14,9,0,Sampson,2022-08-05
6,23,20,3,0,Sampson,2022-06-29
6,41,27,14,0,Sampson,2022-07-15
6,49,34,15,0,Sampson,2022-07-27
6,30,18,12,0,Scotland,2022-08-01
6,22,1,21,0,Stanly,2022-08-05
6,35,2,33,0,Stanly,2022-07-27
6,38,2,36,0,Stanly,2022-07-28
6,21,3,18,0,Stanly,2022-06-09
6,17,5,12,0,Stokes,2022-06-01
6,29,5,24,0,Stokes,2022-07-11
6,23,6,17,0,Stokes,2022-06-20
6,26,8,18,0,Stokes,2022-05-23
6,30,8,22,0,Stokes,2022-07-05
6,38,11,27,0,Stokes,2022-07-25
6,26,3,23,0,Surry,2022-06-15
6,22,4,18,0,Surry,2022-07-09
6,30,8,22,0,Surry,2022-07-17
6,39,13,26,0,Surry,2022-07-29
6,21,16,5,0,Surry,2022-06-12
6,53,17,36,0,Surry,2022-07-19
6,45,20,25,0,Surry,2022-06-30
6,36,0,36,0,Union,2022-05-01
6,39,3,36,0,Union,2022-05-30
6,48,5,43,0,Union,2022-06-04
6,39,7,32,0,Union,2022-04-20
6,57,7,50,0,Union,2022-04-27
6,71,8,63,0,Union,2022-06-07
6,30,5,25,0,Vance,2022-07-18
6,27,5,22,0,Vance,2022-07-22
6,26,12,14,0,Vance,2022-07-15
6,33,16,17,0,Vance,2022-08-03
6,39,32,7,0,Vance,2022-07-02
6,140,24,116,0,Wake,2022-02-20
6,45,11,34,0,Wayne,2022-07-31
6,29,11,18,0,Wayne,2022-08-06
6,29,13,16,0,Wayne,2022-06-14
6,36,15,21,0,Wayne,2022-07-23
6,54,18,36,0,Wayne,2022-07-17
6,51,26,25,0,Wayne,2022-06-22
6,20,10,10,0,Wilkes,2022-07-15
6,22,14,8,0,Wilkes,2022-05-29
6,25,14,11,0,Wilkes,2022-08-04
6,34,19,15,0,Wilkes,2022-06-28
6,35,21,14,0,Wilkes,2022-06-02
6,53,22,31,0,Wilkes,2022-02-10
6,33,23,10,0,Wilkes,2022-07-21
6,50,25,25,0,Wilkes,2022-05-23
6,30,7,23,0,Wilson,2022-06-15
6,25,11,14,0,Wilson,2022-06-17
6,37,15,22,0,Wilson,2022-02-08
6,27,15,12,0,Wilson,2022-06-01
6,42,17,25,0,Wilson,2022-07-14
6,48,18,30,0,Wilson,2022-08-03
6,37,22,15,0,Wilson,2022-06-20
6,14,4,10,0,Yadkin,2022-06-11
6,27,6,21,0,Yadkin,2022-08-02
6,25,7,18,0,Yadkin,2022-05-31
6,21,7,14,0,Yadkin,2022-07-12
6,28,7,21,0,Yadkin,2022-07-18
6,26,10,16,0,Yadkin,2022-07-13
6,23,11,12,0,Yadkin,2022-06-28
6,31,14,17,0,Yadkin,2022-07-05
7,50,3,47,0,Alamance,2022-02-18
7,59,7,52,0,Alamance,2022-08-04
7,52,8,44,0,Alamance,2022-06-03
7,55,8,47,0,Alamance,2022-06-22
7,60,10,50,0,Alamance,2022-05-03
7,50,10,40,0,Alamance,2022-06-04
7,57,11,46,0,Alamance,2022-06-24
7,70,12,58,0,Alamance,2022-06-30
7,56,19,37,0,Alamance,2022-05-02
7,34,10,24,0,Alexander,2022-08-01
7,36,2,34,0,Beaufort,2022-07-11
7,34,5,29,0,Beaufort,2022-05-31
7,31,5,26,0,Beaufort,2022-08-02
7,48,6,42,0,Beaufort,2022-02-14
7,20,3,17,0,Bladen,2022-07-14
7,59,6,53,0,Brunswick,2022-07-15
7,71,11,60,0,Brunswick,2022-05-25
7,71,11,60,0,Brunswick,2022-07-19
7,38,12,26,0,Brunswick,2022-05-28
7,68,13,55,0,Brunswick,2022-07-06
7,48,14,34,0,Brunswick,2022-07-30
7,55,17,38,0,Brunswick,2022-06-24
7,36,20,16,0,Buncombe,2022-05-30
7,75,24,51,0,Buncombe,2022-04-28
7,85,25,60,0,Buncombe,2022-05-15
7,73,31,42,0,Buncombe,2022-04-21
7,96,31,65,0,Buncombe,2022-06-03
7,47,9,38,0,Burke,2022-07-25
7,46,4,42,0,Cabarrus,2022-06-25
7,55,8,47,0,Cabarrus,2022-06-04
7,46,9,37,0,Cabarrus,2022-05-05
7,65,10,55,0,Cabarrus,2022-07-01
7,75,11,64,0,Cabarrus,2022-05-27
7,64,13,51,0,Cabarrus,2022-06-21
7,69,13,56,0,Cabarrus,2022-06-23
7,86,14,72,0,Cabarrus,2022-05-25
7,94,16,78,0,Cabarrus,2022-06-02
7,44,4,40,0,Caldwell,2022-08-03
7,27,6,21,0,Caldwell,2022-06-26
7,39,6,33,0,Caldwell,2022-07-20
7,39,16,23,0,Carteret,2022-06-29
7,42,25,17,0,Carteret,2022-07-08
7,21,11,10,0,Catawba,2022-06-19
7,37,11,26,0,Catawba,2022-06-26
7,37,13,24,0,Catawba,2022-06-10
7,61,16,45,0,Catawba,2022-06-02
7,66,17,49,0,Catawba,2022-08-05
7,47,18,29,0,Catawba,2022-08-06
7,31,4,27,0,Cleveland,2022-06-14
7,33,4,29,0,Cleveland,2022-07-01
7,41,4,37,0,Cleveland,2022-07-22
7,38,5,33,0,Cleveland,2022-06-16
7,38,8,30,0,Cleveland,2022-06-24
7,28,16,12,0,Columbus,2022-06-27
7,40,13,27,0,Craven,2022-06-16
7,33,14,19,0,Craven,2022-06-17
7,65,16,49,0,Craven,2022-07-06
7,83,20,63,0,Craven,2022-06-21
7,79,22,57,0,Craven,2022-06-27
7,62,15,47,0,Cumberland,2022-05-05
7,70,16,54,0,Cumberland,2022-07-03
7,57,23,34,0,Cumberland,2022-05-30
7,80,26,54,0,Cumberland,2022-06-18
7,37,5,32,0,Davidson,2022-07-17
7,37,6,31,0,Davidson,2022-05-30
7,44,6,38,0,Davidson,2022-06-24
7,38,9,29,0,Davidson,2022-05-09
7,46,9,37,0,Davidson,2022-05-18
7,38,11,27,0,Davidson,2022-05-02
7,72,16,56,0,Davidson,2022-05-17
7,46,17,29,0,Davidson,2022-05-19
7,54,18,36,0,Davidson,2022-05-20
7,21,3,18,0,Davie,2022-08-04
7,32,10,22,0,Davie,2022-07-25
7,29,13,16,0,Davie,2022-07-05
7,34,14,20,0,Duplin,2022-08-04
7,26,17,9,0,Duplin,2022-07-07
7,42,24,18,0,Duplin,2022-07-13
7,126,5,121,0,Durham,2022-04-28
7,148,6,142,0,Durham,2022-04-13
7,118,8,110,0,Durham,2022-04-22
7,74,8,66,0,Durham,2022-05-01
7,135,9,126,0,Durham,2022-05-29
7,155,11,144,0,Durham,2022-05-02
7,145,11,134,0,Durham,2022-05-06
7,94,11,83,0,Durham,2022-06-19
7,150,12,138,0,Durham,2022-05-28
7,31,2,29,0,Edgecombe,2022-08-05
7,33,7,26,0,Edgecombe,2022-07-12
7,73,6,67,0,Forsyth,2022-06-05
7,92,10,82,0,Forsyth,2022-05-21
7,77,11,66,0,Forsyth,2022-06-11
7,29,2,27,0,Franklin,2022-05-15
7,37,3,34,0,Franklin,2022-07-08
7,23,4,19,0,Franklin,2022-07-10
7,42,5,37,0,Franklin,2022-06-15
7,39,5,34,0,Franklin,2022-07-21
7,36,6,30,0,Franklin,2022-08-02
7,33,12,21,0,Franklin,2022-07-19
7,28,5,23,0,Gaston,2022-04-29
7,50,6,44,0,Gaston,2022-06-04
7,83,7,76,0,Gaston,2022-05-17
7,65,7,58,0,Gaston,2022-07-10
7,43,12,31,0,Gaston,2022-04-26
7,59,15,44,0,Gaston,2022-05-09
7,86,15,71,0,Gaston,2022-05-18
7,28,4,24,0,Granville,2022-08-02
7,52,16,36,0,Granville,2022-07-06
7,18,6,12,0,Greene,2022-07-28
7,116,23,93,0,Guilford,2022-05-29
7,18,2,16,0,Halifax,2022-06-07
7,37,6,31,0,Halifax,2022-06-20
7,33,7,26,0,Halifax,2022-08-04
7,44,12,32,0,Halifax,2022-07-22
7,27,4,23,0,Harnett,2022-05-21
7,52,5,47,0,Harnett,2022-06-28
7,34,6,28,0,Harnett,2022-07-24
7,31,6,25,0,Harnett,2022-07-30
7,46,8,38,0,Harnett,2022-06-20
7,34,9,25,0,Harnett,2022-06-08
7,49,11,38,0,Harnett,2022-08-03
7,55,17,38,0,Harnett,2022-07-12
7,44,19,25,0,Harnett,2022-07-08
7,30,18,12,0,Haywood,2022-07-22
7,43,19,24,0,Haywood,2022-02-14
7,24,11,13,0,Henderson,2022-06-09
7,41,14,27,0,Henderson,2022-07-13
7,46,16,30,0,Henderson,2022-06-30
7,47,18,29,0,Henderson,2022-06-27
7,53,21,32,0,Henderson,2022-07-20
7,37,8,29,0,Hoke,2022-07-20
7,40,13,27,0,Hoke,2022-05-31
7,39,14,25,0,Hoke,2022-08-01
7,49,11,38,0,Iredell,2022-06-03
7,41,13,28,0,Iredell,2022-07-03
7,41,16,25,0,Iredell,2022-07-08
7,43,18,25,0,Iredell,2022-06-16
7,74,11,63,0,Johnston,2022-05-11
7,61,13,48,0,Johnston,2022-05-03
7,97,13,84,0,Johnston,2022-05-25
7,82,16,66,0,Johnston,2022-05-19
7,90,17,73,0,Johnston,2022-07-26
7,72,18,54,0,Johnston,2022-07-21
7,35,6,29,0,Lee,2022-08-02
7,35,10,25,0,Lee,2022-08-01
7,47,12,35,0,Lenoir,2022-06-27
7,46,15,31,0,Lenoir,2022-07-21
7,46,16,30,0,Lenoir,2022-07-20
7,28,4,24,0,Lincoln,2022-07-14
7,24,4,20,0,Lincoln,2022-07-16
7,38,5,33,0,Lincoln,2022-08-02
7,37,7,30,0,Lincoln,2022-06-06
7,43,10,33,0,Lincoln,2022-07-12
7,48,15,33,0,Lincoln,2022-02-14
7,44,15,29,0,Lincoln,2022-05-23
7,60,20,40,0,Lincoln,2022-02-08
7,35,2,33,0,McDowell,2022-07-18
7,62,10,52,0,Mecklenburg,2022-04-01
7,51,11,40,0,Moore,2022-07-22
7,44,13,31,0,Moore,2022-05-23
7,59,13,46,0,Moore,2022-08-01
7,42,17,25,0,Moore,2022-06-29
7,45,17,28,0,Moore,2022-07-12
7,53,23,30,0,Moore,2022-07-05
7,32,3,29,0,Nash,2022-07-28
7,33,6,27,0,Nash,2022-05-17
7,42,10,32,0,Nash,2022-07-21
7,36,14,22,0,Nash,2022-06-14
7,77,24,53,0,Nash,2022-07-18
7,90,16,74,0,New Hanover,2022-05-24
7,81,16,65,0,New Hanover,2022-05-26
7,64,18,46,0,New Hanover,2022-07-02
7,95,19,76,0,New Hanover,2022-06-30
7,81,21,60,0,New Hanover,2022-06-24
7,47,25,22,0,New Hanover,2022-07-04
7,81,26,55,0,New Hanover,2022-07-13
7,18,6,12,0,Northampton,2022-07-22
7,83,5,78,0,Onslow,2022-05-17
7,59,7,52,0,Onslow,2022-05-10
7,44,7,37,0,Onslow,2022-07-30
7,98,17,81,0,Onslow,2022-07-08
7,97,2,95,0,Orange,2022-04-08
7,62,2,60,0,Orange,2022-07-20
7,56,2,54,0,Orange,2022-08-04
7,97,3,94,0,Orange,2022-04-13
7,135,6,129,0,Orange,2022-04-11
7,93,8,85,0,Orange,2022-05-11
7,93,10,83,0,Orange,2022-05-03
7,85,11,74,0,Orange,2022-05-13
7,87,13,74,0,Orange,2022-05-19
7,82,14,68,0,Orange,2022-05-24
7,37,9,28,0,Person,2022-07-25
7,27,1,26,0,Pitt,2022-04-27
7,19,3,16,0,Pitt,2022-07-04
7,33,7,26,0,Pitt,2022-06-25
7,60,8,52,0,Pitt,2022-05-12
7,72,13,59,0,Pitt,2022-05-17
7,64,15,49,0,Pitt,2022-07-01
7,23,8,15,0,Randolph,2022-05-09
7,35,17,18,0,Randolph,2022-07-24
7,29,18,11,0,Randolph,2022-06-10
7,39,18,21,0,Randolph,2022-06-22
7,35,20,15,0,Randolph,2022-05-10
7,44,21,23,0,Randolph,2022-05-27
7,48,32,16,0,Randolph,2022-07-21
7,24,7,17,0,Richmond,2022-07-20
7,23,10,13,0,Richmond,2022-02-10
7,23,12,11,0,Richmond,2022-06-30
7,31,12,19,0,Richmond,2022-07-06
7,40,16,24,0,Robeson,2022-05-09
7,43,17,26,0,Robeson,2022-07-24
7,37,5,32,0,Rockingham,2022-07-26
7,47,10,37,0,Rockingham,2022-07-27
7,41,11,30,0,Rockingham,2022-07-22
7,33,14,19,0,Rockingham,2022-08-04
7,38,4,34,0,Rowan,2022-05-03
7,61,4,57,0,Rowan,2022-07-08
7,28,10,18,0,Rowan,2022-07-04
7,56,13,43,0,Rowan,2022-06-22
7,62,13,49,0,Rowan,2022-07-20
7,24,4,20,0,Rutherford,2022-07-27
7,35,5,30,0,Rutherford,2022-07-21
7,34,6,28,0,Rutherford,2022-07-13
7,33,7,26,0,Rutherford,2022-07-18
7,31,7,24,0,Rutherford,2022-07-22
7,25,8,17,0,Rutherford,2022-05-24
7,29,10,19,0,Rutherford,2022-07-11
7,39,27,12,0,Sampson,2022-07-06
7,40,27,13,0,Sampson,2022-07-23
7,50,33,17,0,Sampson,2022-07-21
7,16,8,8,0,Scotland,2022-06-01
7,29,16,13,0,Scotland,2022-06-06
7,24,0,24,0,Stanly,2022-06-13
7,20,1,19,0,Stanly,2022-06-03
7,23,6,17,0,Stanly,2022-07-17
7,31,9,22,0,Stanly,2022-06-06
7,14,1,13,0,Stokes,2022-06-09
7,30,6,24,0,Stokes,2022-08-02
7,25,10,15,0,Surry,2022-05-09
7,33,10,23,0,Surry,2022-07-31
7,46,19,27,0,Surry,2022-07-24
7,76,6,70,0,Union,2022-06-20
7,61,7,54,0,Union,2022-05-29
7,67,7,60,0,Union,2022-06-10
7,63,7,56,0,Union,2022-07-09
7,39,9,30,0,Union,2022-04-21
7,46,9,37,0,Union,2022-07-04
7,61,13,48,0,Union,2022-05-06
7,87,22,65,0,Union,2022-02-10
7,17,5,12,0,Vance,2022-08-06
7,39,9,30,0,Vance,2022-07-12
7,21,11,10,0,Vance,2022-07-21
7,39,11,28,0,Vance,2022-08-02
7,37,19,18,0,Wayne,2022-07-04
7,31,20,11,0,Wayne,2022-05-02
7,29,20,9,0,Wayne,2022-05-25
7,38,21,17,0,Wayne,2022-06-07
7,55,35,20,0,Wayne,2022-07-08
7,54,36,18,0,Wayne,2022-06-13
7,78,43,35,0,Wayne,2022-02-08
7,77,46,31,0,Wayne,2022-07-26
7,23,8,15,0,Wilkes,2022-08-05
7,40,29,11,0,Wilkes,2022-06-27
7,23,11,12,0,Wilson,2022-07-23
7,39,20,19,0,Wilson,2022-06-27
7,56,27,29,0,Wilson,2022-07-06
7,20,5,15,0,Yadkin,2022-07-27
7,24,11,13,0,Yadkin,2022-06-02
7,23,11,12,0,Yadkin,2022-07-28
7,31,15,16,0,Yadkin,2022-07-26
8,69,2,67,0,Alamance,2022-06-29
8,72,5,67,0,Alamance,2022-08-02
8,94,11,83,0,Alamance,2022-02-09
8,69,16,53,0,Alamance,2022-05-06
8,27,10,17,0,Anson,2022-06-16
8,18,2,16,0,Beaufort,2022-06-28
8,34,7,27,0,Beaufort,2022-08-01
8,41,8,33,0,Beaufort,2022-07-21
8,25,13,12,0,Beaufort,2022-07-30
8,10,9,1,0,Bertie,2022-05-29
8,66,8,58,0,Brunswick,2022-05-24
8,66,9,57,0,Brunswick,2022-07-12
8,46,12,34,0,Brunswick,2022-06-04
8,62,12,50,0,Brunswick,2022-06-07
8,57,14,43,0,Brunswick,2022-07-29
8,63,17,46,0,Brunswick,2022-07-08
8,81,17,64,0,Brunswick,2022-08-03
8,50,13,37,0,Buncombe,2022-08-06
8,77,24,53,0,Buncombe,2022-06-15
8,87,28,59,0,Buncombe,2022-06-24
8,106,36,70,0,Buncombe,2022-07-19
8,127,41,86,0,Buncombe,2022-05-02
8,117,42,75,0,Buncombe,2022-05-26
8,120,47,73,0,Buncombe,2022-05-19
8,127,60,67,0,Buncombe,2022-05-11
8,56,10,46,0,Cabarrus,2022-07-03
8,73,16,57,0,Cabarrus,2022-06-16
8,25,4,21,0,Caldwell,2022-06-10
8,25,6,19,0,Caldwell,2022-06-15
8,43,6,37,0,Caldwell,2022-06-20
8,43,10,33,0,Caldwell,2022-08-05
8,41,12,29,0,Caldwell,2022-07-11
8,45,24,21,0,Carteret,2022-08-01
8,44,9,35,0,Catawba,2022-07-31
8,50,17,33,0,Catawba,2022-07-23
8,47,8,39,0,Chatham,2022-07-25
8,34,3,31,0,Cleveland,2022-06-30
8,40,3,37,0,Cleveland,2022-07-16
8,51,7,44,0,Cleveland,2022-07-05
8,40,12,28,0,Craven,2022-07-01
8,34,15,19,0,Craven,2022-07-27
8,43,18,25,0,Craven,2022-07-21
8,68,26,42,0,Craven,2022-07-19
8,77,34,43,0,Craven,2022-05-23
8,38,7,31,0,Cumberland,2022-05-01
8,69,7,62,0,Cumberland,2022-05-22
8,36,8,28,0,Cumberland,2022-04-19
8,69,11,58,0,Cumberland,2022-04-29
8,74,18,56,0,Cumberland,2022-05-15
8,58,18,40,0,Cumberland,2022-06-04
8,34,1,33,0,Davidson,2022-05-28
8,37,5,32,0,Davidson,2022-07-16
8,53,10,43,0,Davidson,2022-07-08
8,57,12,45,0,Davidson,2022-07-07
8,67,17,50,0,Davidson,2022-05-23
8,69,18,51,0,Davidson,2022-06-08
8,63,19,44,0,Davidson,2022-07-15
8,37,13,24,0,Davie,2022-08-01
8,26,12,14,0,Duplin,2022-07-14
8,37,25,12,0,Duplin,2022-07-05
8,42,25,17,0,Duplin,2022-07-27
8,48,34,14,0,Duplin,2022-07-11
8,43,3,40,0,Durham,2022-02-24
8,109,9,100,0,Durham,2022-02-17
8,123,17,106,0,Durham,2022-06-11
8,159,18,141,0,Durham,2022-06-14
8,20,2,18,0,Edgecombe,2022-06-06
8,41,3,38,0,Edgecombe,2022-07-15
8,47,4,43,0,Edgecombe,2022-07-11
8,38,4,34,0,Edgecombe,2022-07-21
8,42,5,37,0,Edgecombe,2022-07-27
8,43,2,41,0,Franklin,2022-05-11
8,48,2,46,0,Franklin,2022-05-25
8,36,4,32,0,Franklin,2022-07-05
8,49,10,39,0,Franklin,2022-08-04
8,66,13,53,0,Franklin,2022-02-08
8,57,8,49,0,Gaston,2022-06-12
8,46,8,38,0,Gaston,2022-06-19
8,67,11,56,0,Gaston,2022-06-10
8,55,12,43,0,Gaston,2022-02-18
8,76,15,61,0,Gaston,2022-05-24
8,33,9,24,0,Granville,2022-07-28
8,62,10,52,0,Granville,2022-02-09
8,111,19,92,0,Guilford,2022-05-21
8,111,21,90,0,Guilford,2022-04-28
8,92,21,71,0,Guilford,2022-06-19
8,89,28,61,0,Guilford,2022-04-11
8,43,5,38,0,Halifax,2022-07-27
8,39,8,31,0,Halifax,2022-07-28
8,34,11,23,0,Halifax,2022-07-12
8,51,10,41,0,Harnett,2022-07-01
8,64,12,52,0,Harnett,2022-06-27
8,62,21,41,0,Henderson,2022-07-26
8,27,12,15,0,Hertford,2022-07-25
8,18,8,10,0,Hoke,2022-06-09
8,40,12,28,0,Hoke,2022-07-25
8,44,12,32,0,Iredell,2022-08-05
8,51,22,29,0,Iredell,2022-05-09
8,55,22,33,0,Iredell,2022-05-11
8,49,23,26,0,Iredell,2022-05-10
8,56,23,33,0,Iredell,2022-06-15
8,70,30,40,0,Iredell,2022-05-18
8,66,30,36,0,Iredell,2022-06-23
8,72,33,39,0,Iredell,2022-07-21
8,70,8,62,0,Johnston,2022-07-24
8,46,9,37,0,Johnston,2022-07-31
8,66,12,54,0,Johnston,2022-06-03
8,71,13,58,0,Johnston,2022-06-21
8,75,18,57,0,Johnston,2022-07-01
8,70,21,49,0,Johnston,2022-05-12
8,88,22,66,0,Johnston,2022-07-15
8,96,23,73,0,Johnston,2022-05-26
8,36,10,26,0,Lee,2022-07-27
8,35,13,22,0,Lee,2022-07-20
8,30,7,23,0,Lenoir,2022-07-12
8,35,7,28,0,Lenoir,2022-08-02
8,27,9,18,0,Lenoir,2022-02-10
8,43,15,28,0,Lenoir,2022-07-11
8,63,16,47,0,Lenoir,2022-07-19
8,33,7,26,0,Lincoln,2022-07-30
8,32,8,24,0,Lincoln,2022-06-29
8,28,9,19,0,Lincoln,2022-06-16
8,46,10,36,0,Lincoln,2022-07-11
8,32,14,18,0,Lincoln,2022-05-16
8,26,17,9,0,Madison,2022-05-16
8,26,11,15,0,Martin,2022-07-25
8,28,4,24,0,McDowell,2022-02-18
8,48,17,31,0,McDowell,2022-07-05
8,69,3,66,0,Mecklenburg,2022-04-17
8,104,17,87,0,Mecklenburg,2022-04-05
8,92,24,68,0,Mecklenburg,2022-04-04
8,32,10,22,0,Moore,2022-07-16
8,40,10,30,0,Moore,2022-07-27
8,36,13,23,0,Moore,2022-06-15
8,35,13,22,0,Moore,2022-08-03
8,33,4,29,0,Nash,2022-07-24
8,34,9,25,0,Nash,2022-06-28
8,29,10,19,0,Nash,2022-06-15
8,22,10,12,0,Nash,2022-06-21
8,46,8,38,0,New Hanover,2022-07-31
8,54,10,44,0,New Hanover,2022-05-13
8,81,15,66,0,New Hanover,2022-06-27
8,89,15,74,0,New Hanover,2022-07-12
8,69,15,54,0,New Hanover,2022-08-05
8,76,16,60,0,New Hanover,2022-08-03
8,88,23,65,0,New Hanover,2022-06-23
8,56,4,52,0,Onslow,2022-05-20
8,56,11,45,0,Onslow,2022-05-13
8,65,11,54,0,Onslow,2022-06-20
8,51,12,39,0,Onslow,2022-06-17
8,65,15,50,0,Onslow,2022-05-09
8,119,21,98,0,Onslow,2022-07-11
8,55,2,53,0,Orange,2022-07-28
8,34,5,29,0,Pender,2022-07-19
8,46,2,44,0,Pitt,2022-07-03
8,88,13,75,0,Pitt,2022-05-24
8,65,14,51,0,Pitt,2022-06-02
8,34,11,23,0,Randolph,2022-04-25
8,58,25,33,0,Randolph,2022-07-05
8,54,29,25,0,Randolph,2022-07-11
8,53,31,22,0,Randolph,2022-07-18
8,47,32,15,0,Randolph,2022-05-25
8,56,32,24,0,Randolph,2022-07-20
8,27,7,20,0,Richmond,2022-07-27
8,30,17,13,0,Richmond,2022-07-05
8,48,17,31,0,Robeson,2022-05-13
8,27,18,9,0,Robeson,2022-05-28
8,39,21,18,0,Robeson,2022-05-20
8,57,29,28,0,Robeson,2022-05-18
8,63,35,28,0,Robeson,2022-06-28
8,33,6,27,0,Rockingham,2022-06-29
8,31,6,25,0,Rockingham,2022-07-29
8,32,8,24,0,Rockingham,2022-07-28
8,39,10,29,0,Rockingham,2022-08-05
8,25,10,15,0,Rowan,2022-04-25
8,60,15,45,0,Rowan,2022-06-07
8,56,24,32,0,Rowan,2022-06-06
8,25,5,20,0,Rutherford,2022-07-15
8,48,29,19,0,Sampson,2022-08-01
8,53,32,21,0,Sampson,2022-07-25
8,36,15,21,0,Surry,2022-05-23
8,53,16,37,0,Surry,2022-08-04
8,57,17,40,0,Surry,2022-08-03
8,48,18,30,0,Surry,2022-07-08
8,71,8,63,0,Union,2022-05-12
8,52,8,44,0,Union,2022-06-16
8,59,8,51,0,Union,2022-07-03
8,64,11,53,0,Union,2022-07-10
8,78,12,66,0,Union,2022-05-27
8,72,13,59,0,Union,2022-05-03
8,85,13,72,0,Union,2022-05-20
8,66,14,52,0,Union,2022-05-21
8,30,11,19,0,Vance,2022-07-05
8,102,6,96,0,Wake,2022-03-29
8,154,14,140,0,Wake,2022-03-01
8,152,17,135,0,Wake,2022-04-05
8,29,6,23,0,Wayne,2022-07-09
8,33,15,18,0,Wayne,2022-07-16
8,51,30,21,0,Wayne,2022-06-08
8,96,44,52,0,Wayne,2022-08-02
8,19,14,5,0,Wilkes,2022-06-24
8,30,15,15,0,Wilkes,2022-06-07
8,39,19,20,0,Wilkes,2022-07-19
8,41,22,19,0,Wilkes,2022-07-12
8,66,26,40,0,Wilkes,2022-02-14
8,29,12,17,0,Wilson,2022-06-14
8,43,17,26,0,Wilson,2022-07-28
8,42,21,21,0,Wilson,2022-07-12
8,57,27,30,0,Wilson,2022-07-05
9,67,6,61,0,Alamance,2022-07-14
9,48,7,41,0,Alamance,2022-07-29
9,81,11,70,0,Alamance,2022-07-21
9,61,13,48,0,Alamance,2022-06-15
9,69,16,53,0,Alamance,2022-07-22
9,57,18,39,0,Alamance,2022-07-15
9,107,26,81,0,Alamance,2022-02-14
9,30,3,27,0,Beaufort,2022-07-27
9,31,6,25,0,Beaufort,2022-07-26
9,40,14,26,0,Beaufort,2022-08-04
9,29,7,22,0,Bladen,2022-07-18
9,53,9,44,0,Brunswick,2022-05-02
9,74,9,65,0,Brunswick,2022-05-23
9,65,9,56,0,Brunswick,2022-07-26
9,68,11,57,0,Brunswick,2022-06-22
9,59,11,48,0,Brunswick,2022-07-22
9,59,12,47,0,Brunswick,2022-07-13
9,87,14,73,0,Brunswick,2022-05-16
9,50,15,35,0,Buncombe,2022-07-10
9,92,28,64,0,Buncombe,2022-07-06
9,93,43,50,0,Buncombe,2022-07-01
9,123,48,75,0,Buncombe,2022-05-17
9,149,54,95,0,Buncombe,2022-05-09
9,67,8,59,0,Cabarrus,2022-08-05
9,30,10,20,0,Cabarrus,2022-04-21
9,63,11,52,0,Cabarrus,2022-06-03
9,73,14,59,0,Cabarrus,2022-06-20
9,61,17,44,0,Cabarrus,2022-07-17
9,108,20,88,0,Cabarrus,2022-06-06
9,120,22,98,0,Cabarrus,2022-06-01
9,98,24,74,0,Cabarrus,2022-05-18
9,91,28,63,0,Cabarrus,2022-05-16
9,38,5,33,0,Caldwell,2022-06-29
9,42,6,36,0,Caldwell,2022-07-05
9,29,6,23,0,Caldwell,2022-07-15
9,49,6,43,0,Caldwell,2022-07-23
9,32,7,25,0,Caldwell,2022-07-10
9,38,7,31,0,Caldwell,2022-07-25
9,44,9,35,0,Caldwell,2022-07-08
9,49,10,39,0,Caldwell,2022-07-21
9,57,29,28,0,Carteret,2022-07-18
9,41,14,27,0,Catawba,2022-06-07
9,36,15,21,0,Catawba,2022-06-17
9,63,22,41,0,Catawba,2022-05-17
9,53,23,30,0,Catawba,2022-07-16
9,66,28,38,0,Catawba,2022-05-16
9,67,32,35,0,Catawba,2022-05-23
9,52,3,49,0,Cleveland,2022-07-14
9,27,4,23,0,Cleveland,2022-06-01
9,45,6,39,0,Cleveland,2022-07-07
9,62,6,56,0,Cleveland,2022-07-21
9,33,7,26,0,Cleveland,2022-06-29
9,56,11,45,0,Cleveland,2022-07-06
9,34,17,17,0,Columbus,2022-07-11
9,87,19,68,0,Craven,2022-07-05
9,59,24,35,0,Craven,2022-07-20
9,55,29,26,0,Craven,2022-05-09
9,82,30,52,0,Craven,2022-07-18
9,81,38,43,0,Craven,2022-07-11
9,79,16,63,0,Cumberland,2022-07-02
9,102,20,82,0,Cumberland,2022-06-16
9,107,23,84,0,Cumberland,2022-05-25
9,158,36,122,0,Cumberland,2022-06-20
9,59,3,56,0,Davidson,2022-07-31
9,49,10,39,0,Davidson,2022-07-12
9,68,15,53,0,Davidson,2022-05-24
9,53,16,37,0,Davidson,2022-06-20
9,64,19,45,0,Davidson,2022-06-27
9,52,19,33,0,Davidson,2022-06-28
9,62,20,42,0,Davidson,2022-07-21
9,67,22,45,0,Davidson,2022-07-13
9,83,2,81,0,Durham,2022-06-12
9,95,3,92,0,Durham,2022-07-17
9,114,4,110,0,Durham,2022-04-29
9,117,7,110,0,Durham,2022-06-18
9,99,10,89,0,Durham,2022-07-02
9,210,31,179,0,Durham,2022-06-06
9,49,2,47,0,Edgecombe,2022-07-25
9,29,3,26,0,Edgecombe,2022-07-07
9,38,5,33,0,Edgecombe,2022-07-20
9,49,6,43,0,Edgecombe,2022-08-02
9,33,8,25,0,Edgecombe,2022-07-13
9,87,5,82,0,Forsyth,2022-05-14
9,139,16,123,0,Forsyth,2022-06-15
9,83,16,67,0,Forsyth,2022-07-16
9,86,19,67,0,Forsyth,2022-04-29
9,110,26,84,0,Forsyth,2022-04-27
9,141,28,113,0,Forsyth,2022-05-12
9,23,3,20,0,Franklin,2022-07-31
9,40,4,36,0,Franklin,2022-08-01
9,40,6,34,0,Franklin,2022-05-12
9,63,5,58,0,Gaston,2022-07-30
9,72,8,64,0,Gaston,2022-07-09
9,52,12,40,0,Gaston,2022-05-26
9,26,12,14,0,Granville,2022-07-21
9,42,14,28,0,Granville,2022-07-22
9,21,2,19,0,Halifax,2022-05-20
9,43,9,34,0,Halifax,2022-07-05
9,40,7,33,0,Harnett,2022-06-14
9,55,8,47,0,Harnett,2022-08-04
9,48,11,37,0,Harnett,2022-06-30
9,59,11,48,0,Harnett,2022-07-06
9,47,12,35,0,Harnett,2022-07-29
9,48,13,35,0,Harnett,2022-07-26
9,77,16,61,0,Harnett,2022-07-19
9,54,18,36,0,Harnett,2022-05-19
9,68,28,40,0,Harnett,2022-07-05
9,47,11,36,0,Henderson,2022-08-02
9,50,18,32,0,Henderson,2022-07-15
9,26,5,21,0,Hoke,2022-06-30
9,55,20,35,0,Iredell,2022-07-13
9,77,31,46,0,Iredell,2022-05-17
9,75,32,43,0,Iredell,2022-06-01
9,51,10,41,0,Johnston,2022-06-19
9,69,11,58,0,Johnston,2022-06-22
9,64,14,50,0,Johnston,2022-06-10
9,65,14,51,0,Johnston,2022-06-23
9,64,16,48,0,Johnston,2022-07-22
9,65,17,48,0,Johnston,2022-06-09
9,99,22,77,0,Johnston,2022-05-27
9,112,29,83,0,Johnston,2022-06-02
9,48,25,23,0,Lenoir,2022-06-20
9,41,6,35,0,Lincoln,2022-05-31
9,40,13,27,0,Lincoln,2022-06-20
9,156,33,123,0,Mecklenburg,2022-04-30
9,27,11,16,0,Moore,2022-07-08
9,63,21,42,0,Moore,2022-07-21
9,26,5,21,0,Nash,2022-06-29
9,36,6,30,0,Nash,2022-06-02
9,25,6,19,0,Nash,2022-07-10
9,48,7,41,0,Nash,2022-07-25
9,40,16,24,0,Nash,2022-06-30
9,41,17,24,0,Nash,2022-06-20
9,99,9,90,0,New Hanover,2022-07-26
9,79,10,69,0,New Hanover,2022-06-20
9,69,16,53,0,New Hanover,2022-07-16
9,135,24,111,0,New Hanover,2022-07-18
9,109,30,79,0,New Hanover,2022-06-29
9,71,14,57,0,Onslow,2022-05-11
9,55,5,50,0,Orange,2022-07-26
9,96,9,87,0,Orange,2022-07-05
9,78,5,73,0,Pitt,2022-07-07
9,48,7,41,0,Pitt,2022-07-23
9,113,11,102,0,Pitt,2022-06-13
9,34,15,19,0,Randolph,2022-06-02
9,44,24,20,0,Randolph,2022-07-08
9,50,27,23,0,Randolph,2022-05-16
9,67,27,40,0,Randolph,2022-08-01
9,45,17,28,0,Richmond,2022-07-11
9,23,14,9,0,Robeson,2022-07-09
9,56,18,38,0,Robeson,2022-08-05
9,37,24,13,0,Robeson,2022-07-03
9,59,14,45,0,Rowan,2022-06-28
9,32,8,24,0,Rutherford,2022-07-06
9,26,10,16,0,Rutherford,2022-07-07
9,44,31,13,0,Sampson,2022-07-19
9,47,2,45,0,Stanly,2022-07-21
9,34,11,23,0,Surry,2022-05-17
9,47,13,34,0,Surry,2022-08-05
9,55,24,31,0,Surry,2022-07-21
9,64,29,35,0,Surry,2022-02-10
9,52,7,45,0,Union,2022-05-22
9,50,7,43,0,Union,2022-06-25
9,85,10,75,0,Union,2022-05-13
9,77,10,67,0,Union,2022-07-24
9,85,12,73,0,Union,2022-05-09
9,102,12,90,0,Union,2022-05-16
9,108,12,96,0,Union,2022-05-31
9,95,12,83,0,Union,2022-07-23
9,34,9,25,0,Vance,2022-06-29
9,50,21,29,0,Wayne,2022-06-20
9,42,28,14,0,Wayne,2022-05-27
9,34,14,20,0,Wilkes,2022-07-14
9,39,23,16,0,Wilkes,2022-07-18
9,45,24,21,0,Wilkes,2022-08-02
9,34,15,19,0,Wilson,2022-06-23
9,40,15,25,0,Wilson,2022-07-29
9,52,20,32,0,Wilson,2022-07-13
9,40,11,29,0,Yadkin,2022-02-08
9,28,13,15,0,Yadkin,2022-06-15
9,37,13,24,0,Yadkin,2022-07-25
9,27,18,9,0,Yancey,2022-06-06
10,68,9,59,0,Alamance,2022-07-13
10,86,11,75,0,Alamance,2022-05-13
10,58,14,44,0,Alamance,2022-06-09
10,30,6,24,0,Alexander,2022-07-29
10,30,5,25,0,Beaufort,2022-07-14
10,36,5,31,0,Beaufort,2022-07-20
10,50,7,43,0,Beaufort,2022-07-18
10,46,11,35,0,Beaufort,2022-02-09
10,44,15,29,0,Beaufort,2022-07-25
10,55,4,51,0,Brunswick,2022-06-23
10,56,9,47,0,Brunswick,2022-07-23
10,67,12,55,0,Brunswick,2022-07-28
10,73,13,60,0,Brunswick,2022-07-21
10,78,19,59,0,Brunswick,2022-06-27
10,58,17,41,0,Buncombe,2022-07-16
10,83,27,56,0,Buncombe,2022-06-16
10,98,44,54,0,Buncombe,2022-06-07
10,65,5,60,0,Cabarrus,2022-07-31
10,56,8,48,0,Cabarrus,2022-06-26
10,77,12,65,0,Cabarrus,2022-06-17
10,107,24,83,0,Cabarrus,2022-05-13
10,57,4,53,0,Caldwell,2022-07-22
10,39,6,33,0,Caldwell,2022-08-04
10,52,8,44,0,Caldwell,2022-07-19
10,35,9,26,0,Caldwell,2022-07-24
10,58,10,48,0,Caldwell,2022-07-29
10,58,13,45,0,Caldwell,2022-07-27
10,41,14,27,0,Catawba,2022-07-04
10,56,23,33,0,Catawba,2022-06-22
10,57,31,26,0,Catawba,2022-06-06
10,62,5,57,0,Cleveland,2022-07-19
10,51,7,44,0,Cleveland,2022-07-13
10,37,21,16,0,Columbus,2022-07-05
10,39,26,13,0,Columbus,2022-07-25
10,41,19,22,0,Craven,2022-07-22
10,77,34,43,0,Craven,2022-02-10
10,108,17,91,0,Cumberland,2022-08-05
10,93,18,75,0,Cumberland,2022-07-16
10,107,20,87,0,Cumberland,2022-06-15
10,131,24,107,0,Cumberland,2022-06-09
10,48,9,39,0,Davidson,2022-06-30
10,53,12,41,0,Davidson,2022-07-01
10,83,12,71,0,Davidson,2022-08-03
10,66,14,52,0,Davidson,2022-06-01
10,46,16,30,0,Davidson,2022-06-23
10,67,18,49,0,Davidson,2022-08-02
10,31,21,10,0,Duplin,2022-06-23
10,41,21,20,0,Duplin,2022-08-02
10,60,30,30,0,Duplin,2022-07-19
10,91,4,87,0,Durham,2022-07-31
10,99,8,91,0,Durham,2022-07-30
10,177,10,167,0,Durham,2022-05-20
10,204,17,187,0,Durham,2022-05-12
10,202,25,177,0,Durham,2022-06-21
10,46,1,45,0,Edgecombe,2022-08-03
10,54,4,50,0,Edgecombe,2022-07-18
10,132,21,111,0,Forsyth,2022-05-02
10,139,24,115,0,Forsyth,2022-05-11
10,167,36,131,0,Forsyth,2022-05-13
10,49,6,43,0,Franklin,2022-05-17
10,60,8,52,0,Gaston,2022-07-02
10,76,10,66,0,Gaston,2022-06-17
10,75,11,64,0,Gaston,2022-06-08
10,69,12,57,0,Gaston,2022-07-23
10,79,13,66,0,Gaston,2022-07-15
10,74,15,59,0,Gaston,2022-06-15
10,42,8,34,0,Granville,2022-07-20
10,56,13,43,0,Guilford,2022-04-07
10,130,18,112,0,Guilford,2022-05-15
10,157,34,123,0,Guilford,2022-05-22
10,54,9,45,0,Harnett,2022-07-22
10,46,12,34,0,Harnett,2022-05-09
10,61,12,49,0,Harnett,2022-07-13
10,60,16,44,0,Harnett,2022-07-27
10,44,18,26,0,Henderson,2022-07-11
10,67,25,42,0,Henderson,2022-08-01
10,61,20,41,0,Iredell,2022-06-08
10,55,22,33,0,Iredell,2022-05-20
10,66,27,39,0,Iredell,2022-06-30
10,78,31,47,0,Iredell,2022-07-06
10,63,34,29,0,Iredell,2022-07-17
10,86,48,38,0,Iredell,2022-08-02
10,54,9,45,0,Johnston,2022-07-09
10,61,13,48,0,Johnston,2022-06-16
10,86,15,71,0,Johnston,2022-07-28
10,83,17,66,0,Johnston,2022-07-07
10,86,17,69,0,Johnston,2022-08-04
10,31,7,24,0,Lee,2022-06-14
10,57,18,39,0,Lenoir,2022-07-27
10,155,26,129,0,Mecklenburg,2022-04-12
10,141,27,114,0,Mecklenburg,2022-04-24
10,301,46,255,0,Mecklenburg,2022-05-15
10,42,8,34,0,Nash,2022-07-19
10,47,9,38,0,Nash,2022-07-08
10,53,10,43,0,Nash,2022-08-03
10,50,15,35,0,Nash,2022-07-26
10,87,12,75,0,New Hanover,2022-05-19
10,79,16,63,0,New Hanover,2022-06-06
10,106,25,81,0,New Hanover,2022-07-20
10,42,4,38,0,Onslow,2022-05-02
10,65,6,59,0,Onslow,2022-06-03
10,85,9,76,0,Onslow,2022-08-04
10,125,10,115,0,Onslow,2022-06-06
10,81,10,71,0,Onslow,2022-07-05
10,90,11,79,0,Onslow,2022-06-22
10,83,11,72,0,Onslow,2022-07-15
10,68,14,54,0,Onslow,2022-07-01
10,80,15,65,0,Onslow,2022-06-14
10,70,6,64,0,Orange,2022-07-25
10,120,15,105,0,Orange,2022-05-23
10,28,0,28,0,Pender,2022-08-04
10,66,7,59,0,Pitt,2022-06-03
10,79,8,71,0,Pitt,2022-06-23
10,63,11,52,0,Pitt,2022-05-11
10,95,15,80,0,Pitt,2022-05-16
10,48,18,30,0,Randolph,2022-08-04
10,75,27,48,0,Richmond,2022-07-18
10,38,17,21,0,Robeson,2022-08-06
10,78,40,38,0,Robeson,2022-06-15
10,63,40,23,0,Robeson,2022-06-22
10,40,6,34,0,Rockingham,2022-05-18
10,38,7,31,0,Rockingham,2022-07-18
10,27,3,24,0,Rowan,2022-07-10
10,52,6,46,0,Rowan,2022-07-01
10,32,7,25,0,Rowan,2022-06-23
10,52,11,41,0,Rowan,2022-07-14
10,45,12,33,0,Rowan,2022-06-14
10,58,17,41,0,Rowan,2022-06-01
10,64,22,42,0,Rowan,2022-06-02
10,81,26,55,0,Rowan,2022-05-31
10,47,24,23,0,Sampson,2022-08-02
10,48,29,19,0,Sampson,2022-07-12
10,40,15,25,0,Surry,2022-07-12
10,45,6,39,0,Union,2022-08-06
10,59,9,50,0,Union,2022-06-05
10,77,10,67,0,Union,2022-07-31
10,98,17,81,0,Union,2022-05-10
10,95,17,78,0,Union,2022-05-25
10,37,13,24,0,Vance,2022-07-11
10,94,7,87,0,Wake,2022-03-14
10,71,34,37,0,Wayne,2022-07-14
10,52,38,14,0,Wayne,2022-05-31
10,62,39,23,0,Wayne,2022-07-15
10,28,18,10,0,Wilkes,2022-06-13
10,36,23,13,0,Wilkes,2022-07-22
10,43,18,25,0,Wilson,2022-08-02
10,27,9,18,0,Yadkin,2022-08-05
11,57,5,52,0,Alamance,2022-06-14
11,89,7,82,0,Alamance,2022-05-26
11,69,8,61,0,Alamance,2022-07-12
11,78,12,66,0,Alamance,2022-05-11
11,73,14,59,0,Alamance,2022-05-12
11,79,19,60,0,Alamance,2022-07-20
11,33,2,31,0,Anson,2022-06-20
11,51,8,43,0,Brunswick,2022-06-26
11,97,9,88,0,Brunswick,2022-07-05
11,59,14,45,0,Brunswick,2022-08-02
11,80,15,65,0,Brunswick,2022-08-01
11,113,33,80,0,Buncombe,2022-06-30
11,100,38,62,0,Buncombe,2022-07-28
11,70,7,63,0,Cabarrus,2022-06-29
11,41,8,33,0,Caldwell,2022-08-02
11,50,20,30,0,Catawba,2022-06-23
11,63,28,35,0,Catawba,2022-05-26
11,69,28,41,0,Catawba,2022-07-13
11,87,29,58,0,Catawba,2022-06-29
11,70,35,35,0,Catawba,2022-07-14
11,52,2,50,0,Cleveland,2022-07-11
11,47,30,17,0,Columbus,2022-07-18
11,89,41,48,0,Craven,2022-07-26
11,120,13,107,0,Cumberland,2022-08-04
11,74,15,59,0,Cumberland,2022-07-24
11,73,21,52,0,Cumberland,2022-05-29
11,57,11,46,0,Davidson,2022-07-05
11,71,18,53,0,Davidson,2022-07-22
11,33,16,17,0,Davie,2022-06-27
11,100,2,98,0,Durham,2022-08-06
11,151,3,148,0,Durham,2022-04-19
11,109,3,106,0,Durham,2022-05-15
11,106,4,102,0,Durham,2022-07-03
11,107,5,102,0,Durham,2022-07-09
11,235,7,228,0,Durham,2022-02-09
11,110,13,97,0,Durham,2022-06-05
11,159,22,137,0,Durham,2022-06-09
11,38,3,35,0,Edgecombe,2022-07-28
11,42,4,38,0,Edgecombe,2022-07-22
11,82,12,70,0,Forsyth,2022-06-12
11,93,15,78,0,Forsyth,2022-07-24
11,110,16,94,0,Forsyth,2022-07-30
11,99,17,82,0,Forsyth,2022-05-29
11,101,17,84,0,Forsyth,2022-06-17
11,45,5,40,0,Franklin,2022-08-03
11,48,7,41,0,Franklin,2022-07-27
11,40,12,28,0,Franklin,2022-06-23
11,83,10,73,0,Gaston,2022-05-16
11,77,10,67,0,Guilford,2022-06-26
11,155,28,127,0,Guilford,2022-07-01
11,39,3,36,0,Halifax,2022-06-06
11,35,8,27,0,Halifax,2022-07-20
11,67,10,57,0,Harnett,2022-07-20
11,63,17,46,0,Harnett,2022-07-07
11,60,14,46,0,Iredell,2022-07-15
11,78,37,41,0,Iredell,2022-07-05
11,78,6,72,0,Johnston,2022-07-23
11,72,14,58,0,Johnston,2022-06-20
11,66,15,51,0,Johnston,2022-06-14
11,73,15,58,0,Johnston,2022-06-30
11,88,27,61,0,Johnston,2022-08-02
11,51,11,40,0,Lenoir,2022-08-03
11,40,14,26,0,Lenoir,2022-07-29
11,45,17,28,0,Lenoir,2022-07-05
11,47,19,28,0,Lenoir,2022-08-01
11,191,38,153,0,Mecklenburg,2022-04-13
11,44,13,31,0,Moore,2022-07-26
11,43,9,34,0,Nash,2022-07-20
11,48,14,34,0,Nash,2022-08-01
11,63,15,48,0,Nash,2022-07-07
11,64,11,53,0,New Hanover,2022-07-23
11,72,16,56,0,New Hanover,2022-08-04
11,106,9,97,0,Onslow,2022-05-23
11,87,12,75,0,Onslow,2022-05-18
11,152,17,135,0,Orange,2022-05-16
11,56,6,50,0,Pitt,2022-05-20
11,100,7,93,0,Pitt,2022-06-29
11,72,10,62,0,Pitt,2022-06-07
11,91,15,76,0,Pitt,2022-05-18
11,55,26,29,0,Randolph,2022-07-13
11,35,18,17,0,Robeson,2022-06-17
11,46,32,14,0,Robeson,2022-07-17
11,63,34,29,0,Robeson,2022-05-24
11,62,35,27,0,Robeson,2022-06-27
11,84,43,41,0,Robeson,2022-05-17
11,69,44,25,0,Robeson,2022-05-25
11,81,45,36,0,Robeson,2022-05-19
11,39,11,28,0,Rowan,2022-06-13
11,59,17,42,0,Surry,2022-07-26
11,85,8,77,0,Union,2022-06-02
11,96,10,86,0,Union,2022-07-07
11,98,13,85,0,Union,2022-06-06
11,84,13,71,0,Union,2022-06-09
11,69,16,53,0,Union,2022-07-16
11,110,20,90,0,Union,2022-06-29
11,40,14,26,0,Vance,2022-07-25
11,249,22,227,0,Wake,2022-04-11
11,52,24,28,0,Wayne,2022-07-30
11,76,35,41,0,Wayne,2022-08-04
11,78,46,32,0,Wayne,2022-07-12
11,34,9,25,0,Wilson,2022-06-22
11,50,19,31,0,Wilson,2022-07-11
11,45,25,20,0,Wilson,2022-07-22
12,92,12,80,0,Alamance,2022-06-01
12,92,18,74,0,Alamance,2022-06-06
12,43,9,34,0,Beaufort,2022-07-19
12,81,15,66,0,Brunswick,2022-07-20
12,73,27,46,0,Buncombe,2022-07-29
12,100,32,68,0,Buncombe,2022-06-02
12,104,33,71,0,Buncombe,2022-06-28
12,96,36,60,0,Buncombe,2022-08-04
12,121,46,75,0,Buncombe,2022-06-01
12,129,48,81,0,Buncombe,2022-07-05
12,153,58,95,0,Buncombe,2022-05-25
12,75,11,64,0,Cabarrus,2022-06-08
12,81,11,70,0,Cabarrus,2022-07-30
12,74,12,62,0,Cabarrus,2022-07-24
12,67,14,53,0,Cabarrus,2022-07-23
12,78,18,60,0,Cabarrus,2022-06-15
12,86,18,68,0,Cabarrus,2022-06-28
12,39,6,33,0,Caldwell,2022-07-06
12,41,7,34,0,Caldwell,2022-07-13
12,63,10,53,0,Caldwell,2022-08-01
12,58,19,39,0,Catawba,2022-06-21
12,56,28,28,0,Catawba,2022-06-15
12,61,30,31,0,Catawba,2022-05-24
12,63,33,30,0,Catawba,2022-06-24
12,83,41,42,0,Catawba,2022-07-22
12,46,7,39,0,Cleveland,2022-02-16
12,85,35,50,0,Craven,2022-07-25
12,111,10,101,0,Cumberland,2022-06-10
12,70,16,54,0,Cumberland,2022-05-28
12,112,18,94,0,Cumberland,2022-04-25
12,122,22,100,0,Cumberland,2022-05-12
12,146,26,120,0,Cumberland,2022-05-26
12,140,27,113,0,Cumberland,2022-06-07
12,140,32,108,0,Cumberland,2022-06-13
12,74,16,58,0,Davidson,2022-07-20
12,86,17,69,0,Davidson,2022-05-31
12,80,19,61,0,Davidson,2022-06-06
12,70,25,45,0,Davidson,2022-07-29
12,58,24,34,0,Duplin,2022-08-03
12,54,29,25,0,Duplin,2022-08-01
12,168,4,164,0,Durham,2022-04-27
12,101,6,95,0,Durham,2022-07-24
12,150,8,142,0,Durham,2022-05-13
12,123,12,111,0,Durham,2022-02-14
12,228,15,213,0,Durham,2022-05-17
12,71,4,67,0,Forsyth,2022-06-26
12,84,14,70,0,Forsyth,2022-05-15
12,112,26,86,0,Forsyth,2022-05-03
12,64,7,57,0,Gaston,2022-06-18
12,80,11,69,0,Gaston,2022-05-19
12,87,13,74,0,Gaston,2022-06-02
12,113,14,99,0,Gaston,2022-07-12
12,119,28,91,0,Gaston,2022-02-11
12,103,5,98,0,Guilford,2022-04-22
12,86,15,71,0,Guilford,2022-06-25
12,42,6,36,0,Halifax,2022-07-26
12,57,7,50,0,Halifax,2022-07-18
12,49,13,36,0,Halifax,2022-07-21
12,57,31,26,0,Henderson,2022-07-21
12,61,22,39,0,Iredell,2022-07-22
12,79,31,48,0,Iredell,2022-05-31
12,75,31,44,0,Iredell,2022-07-11
12,72,36,36,0,Iredell,2022-07-26
12,80,41,39,0,Iredell,2022-07-07
12,91,51,40,0,Iredell,2022-08-04
12,62,15,47,0,Johnston,2022-05-02
12,78,19,59,0,Johnston,2022-07-08
12,101,26,75,0,Johnston,2022-05-18
12,67,17,50,0,Lenoir,2022-07-26
12,53,23,30,0,Lincoln,2022-07-18
12,132,19,113,0,Mecklenburg,2022-04-15
12,26,3,23,0,Nash,2022-07-17
12,39,9,30,0,Nash,2022-07-13
12,45,12,33,0,Nash,2022-06-06
12,97,17,80,0,New Hanover,2022-06-22
12,96,18,78,0,New Hanover,2022-07-07
12,111,27,84,0,New Hanover,2022-07-19
12,131,43,88,0,New Hanover,2022-07-06
12,110,9,101,0,Onslow,2022-06-01
12,108,10,98,0,Onslow,2022-06-02
12,82,10,72,0,Onslow,2022-08-05
12,99,14,85,0,Onslow,2022-06-27
12,100,11,89,0,Pitt,2022-06-01
12,42,29,13,0,Randolph,2022-07-12
12,49,17,32,0,Richmond,2022-07-25
12,67,28,39,0,Robeson,2022-05-16
12,43,9,34,0,Rowan,2022-05-17
12,81,10,71,0,Rowan,2022-07-29
12,77,10,67,0,Rowan,2022-08-02
12,80,13,67,0,Rowan,2022-07-12
12,36,23,13,0,Rowan,2022-03-01
12,34,1,33,0,Stanly,2022-08-02
12,39,3,36,0,Stanly,2022-07-25
12,52,19,33,0,Surry,2022-08-02
12,84,10,74,0,Union,2022-05-26
12,110,10,100,0,Union,2022-07-28
12,79,12,67,0,Union,2022-06-23
12,104,16,88,0,Union,2022-08-02
12,80,17,63,0,Union,2022-06-13
12,120,19,101,0,Union,2022-05-23
12,147,16,131,0,Wake,2022-03-02
12,108,16,92,0,Wake,2022-04-17
12,224,19,205,0,Wake,2022-04-12
12,146,20,126,0,Wake,2022-04-07
12,68,33,35,0,Wayne,2022-06-30
12,74,48,26,0,Wayne,2022-07-07
12,52,26,26,0,Wilson,2022-07-26
12,63,28,35,0,Wilson,2022-07-19
12,50,31,19,0,Wilson,2022-07-21
13,80,7,73,0,Alamance,2022-05-25
13,80,20,60,0,Buncombe,2022-07-08
13,101,35,66,0,Buncombe,2022-07-21
13,94,38,56,0,Buncombe,2022-07-12
13,96,43,53,0,Buncombe,2022-07-07
13,184,51,133,0,Buncombe,2022-05-31
13,178,71,107,0,Buncombe,2022-02-09
13,76,32,44,0,Burke,2022-02-14
13,80,7,73,0,Cabarrus,2022-08-03
13,61,8,53,0,Cabarrus,2022-06-19
13,87,15,72,0,Cabarrus,2022-06-30
13,114,20,94,0,Cabarrus,2022-07-25
13,93,43,50,0,Catawba,2022-08-04
13,101,46,55,0,Catawba,2022-06-27
13,100,52,48,0,Catawba,2022-07-21
13,43,5,38,0,Cleveland,2022-07-27
13,53,5,48,0,Cleveland,2022-08-03
13,49,6,43,0,Cleveland,2022-08-04
13,64,7,57,0,Cleveland,2022-07-12
13,107,17,90,0,Cumberland,2022-06-17
13,124,19,105,0,Cumberland,2022-05-11
13,115,22,93,0,Cumberland,2022-07-09
13,100,33,67,0,Cumberland,2022-07-17
13,62,8,54,0,Davidson,2022-07-23
13,86,15,71,0,Davidson,2022-08-04
13,49,25,24,0,Duplin,2022-07-28
13,121,10,111,0,Durham,2022-04-21
13,161,11,150,0,Durham,2022-06-10
13,155,11,144,0,Durham,2022-06-17
13,184,14,170,0,Durham,2022-05-05
13,92,14,78,0,Forsyth,2022-07-10
13,122,17,105,0,Forsyth,2022-07-15
13,118,22,96,0,Forsyth,2022-06-14
13,141,29,112,0,Forsyth,2022-05-09
13,144,31,113,0,Forsyth,2022-06-20
13,48,8,40,0,Franklin,2022-05-26
13,84,14,70,0,Gaston,2022-06-23
13,102,22,80,0,Gaston,2022-05-31
13,114,12,102,0,Guilford,2022-08-06
13,155,23,132,0,Guilford,2022-06-15
13,172,45,127,0,Guilford,2022-05-04
13,63,15,48,0,Harnett,2022-07-25
13,84,25,59,0,Harnett,2022-07-18
13,77,35,42,0,Henderson,2022-07-25
13,80,31,49,0,Iredell,2022-07-14
13,75,33,42,0,Iredell,2022-06-28
13,77,37,40,0,Iredell,2022-07-12
13,97,20,77,0,Johnston,2022-06-27
13,129,21,108,0,Johnston,2022-05-31
13,77,21,56,0,Johnston,2022-06-24
13,86,23,63,0,Johnston,2022-06-29
13,88,27,61,0,Johnston,2022-05-20
13,40,12,28,0,Lincoln,2022-07-20
13,52,17,35,0,Lincoln,2022-07-25
13,67,19,48,0,Lincoln,2022-02-09
13,130,18,112,0,Mecklenburg,2022-04-07
13,151,22,129,0,Mecklenburg,2022-04-11
13,63,13,50,0,Moore,2022-07-19
13,44,12,32,0,Nash,2022-07-06
13,108,14,94,0,New Hanover,2022-07-25
13,101,35,66,0,New Hanover,2022-07-11
13,133,12,121,0,Onslow,2022-07-06
13,96,14,82,0,Onslow,2022-05-25
13,104,18,86,0,Onslow,2022-06-21
13,93,25,68,0,Onslow,2022-06-13
13,148,27,121,0,Onslow,2022-05-31
13,69,6,63,0,Pitt,2022-06-10
13,88,9,79,0,Pitt,2022-05-26
13,84,9,75,0,Pitt,2022-06-14
13,98,16,82,0,Pitt,2022-05-23
13,53,25,28,0,Randolph,2022-07-15
13,38,18,20,0,Robeson,2022-07-23
13,61,30,31,0,Robeson,2022-06-21
13,53,31,22,0,Robeson,2022-05-11
13,76,35,41,0,Robeson,2022-05-23
13,63,35,28,0,Robeson,2022-06-24
13,76,35,41,0,Robeson,2022-07-13
13,81,40,41,0,Robeson,2022-07-20
13,43,4,39,0,Rowan,2022-06-08
13,66,8,58,0,Rowan,2022-07-22
13,46,13,33,0,Rowan,2022-07-24
13,68,15,53,0,Rowan,2022-07-11
13,62,15,47,0,Rowan,2022-07-15
13,73,38,35,0,Rowan,2022-06-20
13,39,16,23,0,Surry,2022-07-07
13,73,23,50,0,Surry,2022-08-01
13,53,26,27,0,Surry,2022-07-05
13,68,8,60,0,Union,2022-07-30
13,84,13,71,0,Union,2022-05-24
13,69,13,56,0,Union,2022-06-14
13,90,14,76,0,Union,2022-06-15
13,82,16,66,0,Union,2022-06-21
13,101,21,80,0,Union,2022-06-30
13,52,22,30,0,Wayne,2022-08-05
13,49,28,21,0,Wayne,2022-05-05
13,90,52,38,0,Wayne,2022-07-29
13,46,12,34,0,Wilson,2022-07-27
13,57,29,28,0,Wilson,2022-07-20
14,112,9,103,0,Alamance,2022-05-23
14,58,9,49,0,Alamance,2022-06-21
14,68,10,58,0,Alamance,2022-07-26
14,77,11,66,0,Alamance,2022-06-28
14,85,14,71,0,Alamance,2022-07-07
14,89,16,73,0,Alamance,2022-07-25
14,74,21,53,0,Buncombe,2022-07-14
14,101,31,70,0,Buncombe,2022-08-03
14,112,34,78,0,Buncombe,2022-07-26
14,106,38,68,0,Buncombe,2022-07-25
14,42,5,37,0,Caldwell,2022-07-31
14,86,26,60,0,Catawba,2022-07-27
14,56,28,28,0,Catawba,2022-06-28
14,106,44,62,0,Catawba,2022-07-18
14,41,7,34,0,Cleveland,2022-07-17
14,51,9,42,0,Cleveland,2022-08-05
14,44,11,33,0,Cleveland,2022-07-29
14,68,12,56,0,Cleveland,2022-07-26
14,61,14,47,0,Cleveland,2022-08-02
14,68,16,52,0,Cleveland,2022-07-25
14,61,21,40,0,Columbus,2022-07-19
14,81,14,67,0,Cumberland,2022-07-23
14,81,15,66,0,Cumberland,2022-07-30
14,157,21,136,0,Cumberland,2022-06-02
14,138,22,116,0,Cumberland,2022-06-08
14,127,26,101,0,Cumberland,2022-05-10
14,179,33,146,0,Cumberland,2022-07-07
14,60,15,45,0,Davidson,2022-08-05
14,89,28,61,0,Davidson,2022-07-11
14,89,58,31,0,Duplin,2022-07-25
14,151,2,149,0,Durham,2022-07-22
14,161,8,153,0,Durham,2022-05-03
14,232,13,219,0,Durham,2022-05-10
14,236,16,220,0,Durham,2022-05-25
14,190,17,173,0,Durham,2022-06-07
14,39,1,38,0,Edgecombe,2022-07-19
14,203,36,167,0,Forsyth,2022-05-18
14,62,5,57,0,Franklin,2022-05-31
14,51,2,49,0,Gaston,2022-07-03
14,77,5,72,0,Gaston,2022-07-24
14,92,15,77,0,Gaston,2022-08-01
14,89,13,76,0,Guilford,2022-06-12
14,116,17,99,0,Guilford,2022-06-05
14,168,37,131,0,Guilford,2022-05-27
14,81,22,59,0,Harnett,2022-07-11
14,77,37,40,0,Iredell,2022-06-20
14,92,37,55,0,Iredell,2022-07-19
14,98,41,57,0,Iredell,2022-07-20
14,88,46,42,0,Iredell,2022-08-01
14,87,14,73,0,Johnston,2022-08-01
14,100,19,81,0,Johnston,2022-06-01
14,98,21,77,0,Johnston,2022-06-06
14,111,32,79,0,Johnston,2022-05-23
14,182,22,160,0,Mecklenburg,2022-04-14
14,98,30,68,0,New Hanover,2022-07-27
14,96,10,86,0,Onslow,2022-07-12
14,101,25,76,0,Onslow,2022-07-21
14,92,3,89,0,Pitt,2022-07-15
14,97,15,82,0,Pitt,2022-06-30
14,55,23,32,0,Randolph,2022-07-26
14,55,28,27,0,Randolph,2022-07-28
14,67,42,25,0,Randolph,2022-07-25
14,65,42,23,0,Randolph,2022-07-27
14,69,43,26,0,Randolph,2022-05-23
14,33,22,11,0,Robeson,2022-07-10
14,81,31,50,0,Robeson,2022-06-20
14,56,32,24,0,Robeson,2022-07-29
14,73,44,29,0,Robeson,2022-07-22
14,53,8,45,0,Rowan,2022-06-30
14,43,4,39,0,Stanly,2022-08-01
14,85,6,79,0,Union,2022-07-08
14,100,9,91,0,Union,2022-07-12
14,92,11,81,0,Union,2022-07-11
14,105,17,88,0,Union,2022-05-17
14,88,19,69,0,Union,2022-07-29
14,58,30,28,0,Wayne,2022-07-01
14,77,53,24,0,Wayne,2022-07-28
14,92,57,35,0,Wayne,2022-06-27
14,56,27,29,0,Wilson,2022-08-01
15,73,7,66,0,Alamance,2022-07-08
15,82,12,70,0,Alamance,2022-07-19
15,75,14,61,0,Alamance,2022-08-03
15,88,18,70,0,Alamance,2022-07-11
15,90,15,75,0,Brunswick,2022-07-18
15,98,37,61,0,Buncombe,2022-07-27
15,168,69,99,0,Buncombe,2022-05-16
15,99,9,90,0,Cabarrus,2022-07-22
15,107,14,93,0,Cabarrus,2022-08-02
15,68,19,49,0,Cabarrus,2022-04-25
15,68,29,39,0,Catawba,2022-06-30
15,84,46,38,0,Catawba,2022-07-15
15,40,18,22,0,Columbus,2022-07-27
15,103,15,88,0,Cumberland,2022-05-13
15,99,22,77,0,Cumberland,2022-06-03
15,130,25,105,0,Cumberland,2022-05-27
15,172,28,144,0,Cumberland,2022-05-19
15,180,38,142,0,Cumberland,2022-05-23
15,159,7,152,0,Durham,2022-07-29
15,142,8,134,0,Durham,2022-06-24
15,221,12,209,0,Durham,2022-05-11
15,186,21,165,0,Durham,2022-06-27
15,199,23,176,0,Durham,2022-06-15
15,148,22,126,0,Forsyth,2022-05-10
15,124,23,101,0,Forsyth,2022-05-06
15,160,25,135,0,Forsyth,2022-07-12
15,181,27,154,0,Forsyth,2022-05-27
15,148,33,115,0,Forsyth,2022-05-20
15,75,10,65,0,Gaston,2022-08-05
15,75,13,62,0,Gaston,2022-06-20
15,116,19,97,0,Gaston,2022-07-06
15,119,36,83,0,Guilford,2022-04-14
15,52,12,40,0,Halifax,2022-07-25
15,77,27,50,0,Iredell,2022-06-22
15,82,31,51,0,Iredell,2022-05-19
15,89,32,57,0,Iredell,2022-07-27
15,86,13,73,0,Johnston,2022-07-19
15,45,10,35,0,Lincoln,2022-08-01
15,42,21,21,0,Lincoln,2022-07-13
15,192,21,171,0,Mecklenburg,2022-05-01
15,245,36,209,0,Mecklenburg,2022-04-21
15,249,37,212,0,Mecklenburg,2022-04-29
15,55,13,42,0,Nash,2022-07-11
15,97,18,79,0,New Hanover,2022-07-14
15,81,9,72,0,Onslow,2022-06-29
15,112,14,98,0,Onslow,2022-08-02
15,84,18,66,0,Onslow,2022-06-28
15,53,2,51,0,Pitt,2022-07-17
15,71,5,66,0,Pitt,2022-06-08
15,80,5,75,0,Pitt,2022-07-08
15,52,9,43,0,Pitt,2022-07-24
15,109,13,96,0,Pitt,2022-07-29
15,82,15,67,0,Pitt,2022-05-25
15,101,15,86,0,Pitt,2022-06-21
15,93,23,70,0,Pitt,2022-06-06
15,60,36,24,0,Robeson,2022-06-02
15,88,52,36,0,Robeson,2022-07-14
15,42,3,39,0,Rowan,2022-07-17
15,75,14,61,0,Rowan,2022-07-27
15,62,15,47,0,Rowan,2022-07-07
15,98,15,83,0,Rowan,2022-07-19
15,37,8,29,0,Stanly,2022-05-23
15,81,20,61,0,Surry,2022-07-28
15,83,5,78,0,Union,2022-07-17
15,100,10,90,0,Union,2022-08-05
15,119,14,105,0,Union,2022-07-21
15,126,21,105,0,Union,2022-05-18
15,100,49,51,0,Wayne,2022-07-20
15,92,58,34,0,Wayne,2022-07-22
16,83,8,75,0,Alamance,2022-08-01
16,90,31,59,0,Buncombe,2022-07-22
16,113,34,79,0,Buncombe,2022-08-01
16,121,37,84,0,Buncombe,2022-06-27
16,97,47,50,0,Buncombe,2022-06-10
16,76,10,66,0,Cabarrus,2022-06-24
16,71,10,61,0,Cabarrus,2022-07-16
16,89,12,77,0,Cabarrus,2022-07-28
16,95,14,81,0,Cabarrus,2022-07-06
16,111,21,90,0,Cabarrus,2022-07-20
16,68,13,55,0,Caldwell,2022-07-26
16,61,34,27,0,Catawba,2022-06-20
16,67,14,53,0,Cleveland,2022-08-01
16,141,25,116,0,Cumberland,2022-05-18
16,119,26,93,0,Cumberland,2022-06-24
16,131,28,103,0,Cumberland,2022-06-21
16,172,30,142,0,Cumberland,2022-06-29
16,163,30,133,0,Cumberland,2022-07-22
16,53,30,23,0,Duplin,2022-07-26
16,146,6,140,0,Durham,2022-07-08
16,163,8,155,0,Durham,2022-07-18
16,138,9,129,0,Durham,2022-02-10
16,148,12,136,0,Durham,2022-05-27
16,174,13,161,0,Durham,2022-06-08
16,150,13,137,0,Durham,2022-06-30
16,191,15,176,0,Durham,2022-06-23
16,226,17,209,0,Durham,2022-05-24
16,187,18,169,0,Durham,2022-08-01
16,182,21,161,0,Forsyth,2022-05-17
16,128,29,99,0,Forsyth,2022-05-05
16,208,55,153,0,Forsyth,2022-05-23
16,178,22,156,0,Guilford,2022-06-06
16,149,25,124,0,Guilford,2022-05-06
16,260,53,207,0,Guilford,2022-05-23
16,78,16,62,0,Johnston,2022-07-29
16,231,26,205,0,Mecklenburg,2022-05-07
16,261,49,212,0,Mecklenburg,2022-04-28
16,81,6,75,0,Pitt,2022-06-24
16,100,11,89,0,Pitt,2022-08-03
16,67,34,33,0,Robeson,2022-06-08
16,82,34,48,0,Robeson,2022-07-12
16,63,15,48,0,Rowan,2022-08-04
16,80,16,64,0,Rowan,2022-08-01
16,51,7,44,0,Stanly,2022-07-26
16,240,18,222,0,Wake,2022-04-23
16,75,39,36,0,Wayne,2022-07-27
16,72,40,32,0,Wayne,2022-06-29
16,105,45,60,0,Wayne,2022-07-21
17,81,11,70,0,Alamance,2022-07-28
17,124,15,109,0,Cabarrus,2022-07-27
17,131,25,106,0,Cabarrus,2022-05-31
17,57,17,40,0,Caldwell,2022-07-28
17,91,34,57,0,Catawba,2022-08-03
17,159,24,135,0,Cumberland,2022-06-14
17,157,26,131,0,Cumberland,2022-07-26
17,154,27,127,0,Cumberland,2022-06-06
17,156,28,128,0,Cumberland,2022-08-02
17,68,19,49,0,Davidson,2022-07-14
17,164,4,160,0,Durham,2022-07-01
17,238,12,226,0,Durham,2022-05-18
17,141,24,117,0,Forsyth,2022-07-08
17,196,31,165,0,Forsyth,2022-06-01
17,61,7,54,0,Gaston,2022-06-26
17,99,12,87,0,Gaston,2022-07-07
17,75,16,59,0,Gaston,2022-07-16
17,125,18,107,0,Gaston,2022-07-22
17,97,10,87,0,Guilford,2022-07-16
17,112,11,101,0,Guilford,2022-07-24
17,133,20,113,0,Guilford,2022-06-17
17,177,28,149,0,Guilford,2022-07-08
17,163,36,127,0,Guilford,2022-05-05
17,166,40,126,0,Guilford,2022-04-27
17,180,42,138,0,Guilford,2022-04-20
17,79,28,51,0,Iredell,2022-06-29
17,97,45,52,0,Iredell,2022-07-25
17,100,18,82,0,Johnston,2022-07-27
17,77,29,48,0,Johnston,2022-06-15
17,75,19,56,0,Lenoir,2022-07-18
17,174,29,145,0,Mecklenburg,2022-04-22
17,103,8,95,0,Onslow,2022-07-13
17,124,15,109,0,Onslow,2022-07-26
17,67,9,58,0,Pitt,2022-08-05
17,78,41,37,0,Robeson,2022-08-01
17,85,43,42,0,Robeson,2022-07-07
17,84,55,29,0,Wayne,2022-06-28
17,76,30,46,0,Wilson,2022-07-25
18,118,42,76,0,Buncombe,2022-07-11
18,118,20,98,0,Cabarrus,2022-07-15
18,116,28,88,0,Cabarrus,2022-07-13
18,119,35,84,0,Cabarrus,2022-07-05
18,118,15,103,0,Cumberland,2022-05-20
18,149,21,128,0,Cumberland,2022-08-03
18,198,25,173,0,Cumberland,2022-07-21
18,149,28,121,0,Cumberland,2022-05-24
18,87,24,63,0,Davidson,2022-07-26
18,203,11,192,0,Durham,2022-06-28
18,229,13,216,0,Durham,2022-05-16
18,214,14,200,0,Durham,2022-05-09
18,222,17,205,0,Durham,2022-06-03
18,183,34,149,0,Durham,2022-06-13
18,99,11,88,0,Forsyth,2022-08-06
18,155,28,127,0,Forsyth,2022-06-03
18,170,36,134,0,Forsyth,2022-06-02
18,93,11,82,0,Gaston,2022-06-21
18,96,11,85,0,Gaston,2022-07-29
18,110,14,96,0,Gaston,2022-07-11
18,120,20,100,0,Gaston,2022-07-13
18,147,9,138,0,Guilford,2022-07-23
18,152,15,137,0,Guilford,2022-06-13
18,209,28,181,0,Guilford,2022-05-25
18,120,24,96,0,Johnston,2022-07-20
18,122,27,95,0,Johnston,2022-07-05
18,134,30,104,0,Johnston,2022-05-16
18,61,29,32,0,Nash,2022-06-27
18,103,14,89,0,New Hanover,2022-08-02
18,127,11,116,0,Onslow,2022-07-19
18,93,24,69,0,Onslow,2022-07-07
18,119,16,103,0,Pitt,2022-07-06
18,78,19,59,0,Pitt,2022-05-19
18,70,39,31,0,Robeson,2022-06-07
18,85,45,40,0,Robeson,2022-06-06
18,93,20,73,0,Rowan,2022-07-26
18,52,14,38,0,Stokes,2022-08-01
18,66,15,51,0,Surry,2022-07-25
18,101,13,88,0,Union,2022-06-28
18,82,17,65,0,Union,2022-07-13
18,102,20,82,0,Union,2022-06-27
18,113,22,91,0,Union,2022-07-26
18,322,38,284,0,Wake,2022-04-30
18,304,40,264,0,Wake,2022-06-18
18,96,46,50,0,Wayne,2022-08-03
18,76,28,48,0,Wilson,2022-07-18
19,105,19,86,0,Alamance,2022-07-27
19,101,8,93,0,Brunswick,2022-07-25
19,81,12,69,0,Cabarrus,2022-06-07
19,80,17,63,0,Cabarrus,2022-08-04
19,93,18,75,0,Cabarrus,2022-07-21
19,105,20,85,0,Cabarrus,2022-06-27
19,85,41,44,0,Catawba,2022-07-26
19,152,33,119,0,Cumberland,2022-06-28
19,182,38,144,0,Cumberland,2022-07-14
19,80,27,53,0,Davidson,2022-07-28
19,123,4,119,0,Durham,2022-08-05
19,192,5,187,0,Durham,2022-07-26
19,180,27,153,0,Durham,2022-06-16
19,175,24,151,0,Forsyth,2022-07-28
19,151,31,120,0,Forsyth,2022-06-08
19,80,13,67,0,Gaston,2022-06-24
19,94,13,81,0,Gaston,2022-07-08
19,121,16,105,0,Gaston,2022-07-25
19,95,18,77,0,Gaston,2022-06-30
19,99,50,49,0,Iredell,2022-07-18
19,101,25,76,0,Johnston,2022-07-13
19,226,35,191,0,Mecklenburg,2022-04-20
19,303,48,255,0,Mecklenburg,2022-04-27
19,99,7,92,0,Pitt,2022-06-15
19,134,14,120,0,Pitt,2022-02-08
19,113,20,93,0,Pitt,2022-06-20
19,62,26,36,0,Robeson,2022-06-30
19,80,26,54,0,Robeson,2022-08-04
19,75,38,37,0,Robeson,2022-05-26
19,79,40,39,0,Robeson,2022-06-01
19,83,46,37,0,Robeson,2022-07-28
19,89,49,40,0,Robeson,2022-06-13
19,110,16,94,0,Union,2022-07-27
19,97,44,53,0,Wayne,2022-07-19
19,146,79,67,0,Wayne,2022-07-25
20,127,20,107,0,Cabarrus,2022-07-18
20,95,39,56,0,Catawba,2022-07-12
20,102,41,61,0,Catawba,2022-07-05
20,97,42,55,0,Catawba,2022-07-20
20,98,24,74,0,Davidson,2022-07-18
20,162,8,154,0,Durham,2022-07-21
20,234,17,217,0,Durham,2022-05-23
20,298,19,279,0,Durham,2022-06-01
20,166,19,147,0,Durham,2022-07-07
20,167,32,135,0,Durham,2022-06-20
20,133,27,106,0,Forsyth,2022-06-10
20,187,34,153,0,Forsyth,2022-05-24
20,74,12,62,0,Gaston,2022-06-22
20,171,36,135,0,Guilford,2022-06-28
20,75,15,60,0,Lenoir,2022-07-25
20,292,45,247,0,Mecklenburg,2022-05-21
20,85,6,79,0,Pitt,2022-06-16
20,97,8,89,0,Pitt,2022-07-28
20,129,12,117,0,Pitt,2022-07-20
20,82,14,68,0,Pitt,2022-06-28
20,85,41,44,0,Robeson,2022-07-06
20,99,20,79,0,Rowan,2022-07-18
20,122,15,107,0,Union,2022-07-25
20,311,28,283,0,Wake,2022-04-21
20,104,58,46,0,Wayne,2022-07-06
21,157,59,98,0,Buncombe,2022-05-23
21,91,37,54,0,Catawba,2022-07-28
21,121,40,81,0,Catawba,2022-08-02
21,194,33,161,0,Cumberland,2022-06-01
21,213,34,179,0,Cumberland,2022-07-25
21,189,44,145,0,Cumberland,2022-07-15
21,151,5,146,0,Durham,2022-07-13
21,199,9,190,0,Durham,2022-06-29
21,195,13,182,0,Durham,2022-07-27
21,188,14,174,0,Durham,2022-07-11
21,163,15,148,0,Durham,2022-07-14
21,154,22,132,0,Forsyth,2022-06-29
21,125,27,98,0,Forsyth,2022-07-14
21,89,12,77,0,Gaston,2022-07-27
21,103,16,87,0,Gaston,2022-07-21
21,203,43,160,0,Guilford,2022-05-02
21,280,42,238,0,Mecklenburg,2022-05-28
21,145,14,131,0,Onslow,2022-07-27
21,93,40,53,0,Robeson,2022-08-02
21,67,16,51,0,Rowan,2022-06-27
21,96,12,84,0,Union,2022-07-14
21,101,12,89,0,Union,2022-07-15
21,130,23,107,0,Union,2022-08-01
22,103,15,88,0,Cabarrus,2022-07-08
22,120,16,104,0,Cabarrus,2022-08-01
22,103,17,86,0,Cabarrus,2022-07-29
22,128,21,107,0,Cabarrus,2022-07-12
22,128,22,106,0,Cabarrus,2022-07-11
22,77,45,32,0,Catawba,2022-07-29
22,111,49,62,0,Catawba,2022-07-11
22,67,14,53,0,Cleveland,2022-07-18
22,161,42,119,0,Cumberland,2022-05-17
22,177,8,169,0,Durham,2022-07-20
22,221,10,211,0,Durham,2022-06-02
22,190,26,164,0,Guilford,2022-07-07
22,236,36,200,0,Guilford,2022-05-11
22,168,38,130,0,Guilford,2022-06-22
22,235,44,191,0,Guilford,2022-05-17
22,119,32,87,0,Johnston,2022-07-18
22,131,34,97,0,Johnston,2022-07-25
22,88,10,78,0,Pitt,2022-07-12
22,130,18,112,0,Pitt,2022-07-26
22,90,39,51,0,Robeson,2022-07-26
22,105,57,48,0,Robeson,2022-07-25
22,82,19,63,0,Rowan,2022-07-05
22,313,37,276,0,Wake,2022-04-19
22,255,40,215,0,Wake,2022-06-12
22,182,47,135,0,Wake,2022-07-04
22,128,78,50,0,Wayne,2022-07-18
23,90,40,50,0,Catawba,2022-07-19
23,113,57,56,0,Catawba,2022-08-01
23,96,30,66,0,Davidson,2022-07-19
23,152,12,140,0,Durham,2022-07-15
23,161,15,146,0,Durham,2022-07-28
23,145,26,119,0,Forsyth,2022-07-13
23,180,31,149,0,Forsyth,2022-06-27
23,225,36,189,0,Forsyth,2022-05-31
23,115,14,101,0,Gaston,2022-08-02
23,231,45,186,0,Guilford,2022-07-22
23,97,44,53,0,Iredell,2022-08-03
23,277,24,253,0,Mecklenburg,2022-05-29
23,86,6,80,0,Pitt,2022-08-04
23,91,9,82,0,Pitt,2022-06-17
23,102,14,88,0,Pitt,2022-08-02
23,116,15,101,0,Union,2022-07-19
23,126,16,110,0,Union,2022-07-18
23,267,43,224,0,Wake,2022-06-19
23,371,50,321,0,Wake,2022-05-29
23,132,79,53,0,Wayne,2022-08-01
24,214,33,181,0,Cumberland,2022-05-31
24,150,34,116,0,Cumberland,2022-06-30
24,212,41,171,0,Cumberland,2022-07-19
24,93,25,68,0,Davidson,2022-08-01
24,169,7,162,0,Durham,2022-08-02
24,176,10,166,0,Durham,2022-07-12
24,195,27,168,0,Guilford,2022-06-08
24,210,50,160,0,Guilford,2022-06-02
24,259,27,232,0,Mecklenburg,2022-06-05
24,220,37,183,0,Mecklenburg,2022-05-30
24,316,42,274,0,Mecklenburg,2022-05-22
24,81,8,73,0,Onslow,2022-06-15
24,123,12,111,0,Pitt,2022-07-05
24,87,54,33,0,Robeson,2022-07-21
24,76,12,64,0,Rowan,2022-07-25
24,91,22,69,0,Rowan,2022-07-21
24,108,14,94,0,Union,2022-08-04
24,279,30,249,0,Wake,2022-07-02
24,272,39,233,0,Wake,2022-06-25
24,440,58,382,0,Wake,2022-04-26
25,173,25,148,0,Cumberland,2022-07-28
25,179,33,146,0,Cumberland,2022-07-06
25,161,9,152,0,Durham,2022-08-04
25,204,11,193,0,Durham,2022-08-03
25,172,24,148,0,Forsyth,2022-07-11
25,158,29,129,0,Guilford,2022-06-27
25,219,35,184,0,Guilford,2022-05-20
25,241,32,209,0,Mecklenburg,2022-06-11
25,290,41,249,0,Mecklenburg,2022-04-25
25,83,37,46,0,Surry,2022-07-06
25,304,35,269,0,Wake,2022-04-13
25,454,40,414,0,Wake,2022-02-16
26,133,31,102,0,Cabarrus,2022-07-07
26,169,21,148,0,Cumberland,2022-07-08
26,211,40,171,0,Cumberland,2022-07-20
26,231,45,186,0,Cumberland,2022-07-12
26,124,16,108,0,Gaston,2022-07-20
26,144,20,124,0,Guilford,2022-07-31
26,170,47,123,0,Guilford,2022-04-19
26,172,27,145,0,Onslow,2022-07-25
26,123,9,114,0,Pitt,2022-07-22
26,115,14,101,0,Pitt,2022-06-27
26,138,17,121,0,Pitt,2022-08-01
26,86,38,48,0,Robeson,2022-06-29
26,91,52,39,0,Robeson,2022-05-31
26,482,35,447,0,Wake,2022-04-27
26,279,48,231,0,Wake,2022-06-26
26,344,70,274,0,Wake,2022-06-05
27,219,29,190,0,Guilford,2022-07-27
27,265,42,223,0,Guilford,2022-05-18
27,85,23,62,0,Harnett,2022-08-01
27,315,60,255,0,Mecklenburg,2022-05-06
27,148,20,128,0,Onslow,2022-08-01
27,128,15,113,0,Pitt,2022-07-21
27,151,24,127,0,Pitt,2022-05-31
27,285,45,240,0,Wake,2022-07-10
27,256,58,198,0,Wake,2022-05-30
28,178,8,170,0,Durham,2022-07-25
28,173,16,157,0,Forsyth,2022-07-19
28,205,28,177,0,Guilford,2022-07-18
28,132,9,123,0,Pitt,2022-07-19
28,118,15,103,0,Pitt,2022-07-11
28,327,38,289,0,Wake,2022-07-09
28,398,39,359,0,Wake,2022-04-29
29,139,65,74,0,Catawba,2022-07-25
29,182,34,148,0,Forsyth,2022-07-05
29,203,48,155,0,Forsyth,2022-06-06
29,309,27,282,0,Mecklenburg,2022-05-14
29,148,16,132,0,Onslow,2022-07-18
29,77,28,49,0,Rowan,2022-07-28
30,170,44,126,0,Cumberland,2022-06-27
30,235,40,195,0,Guilford,2022-08-04
30,397,62,335,0,Mecklenburg,2022-05-03
30,358,47,311,0,Wake,2022-04-20
31,189,39,150,0,Cumberland,2022-08-01
31,259,40,219,0,Cumberland,2022-07-18
31,237,56,181,0,Cumberland,2022-07-11
31,193,24,169,0,Forsyth,2022-07-29
31,168,33,135,0,Forsyth,2022-07-06
31,208,34,174,0,Forsyth,2022-07-21
31,191,32,159,0,Guilford,2022-07-06
31,217,48,169,0,Guilford,2022-07-19
31,288,17,271,0,Mecklenburg,2022-08-06
31,332,47,285,0,Mecklenburg,2022-06-25
31,96,36,60,0,Robeson,2022-07-18
31,106,59,47,0,Robeson,2022-07-11
31,477,65,412,0,Wake,2022-04-25
32,135,48,87,0,Johnston,2022-07-11
32,285,33,252,0,Mecklenburg,2022-06-19
32,265,38,227,0,Mecklenburg,2022-06-18
32,268,52,216,0,Mecklenburg,2022-04-26
32,309,41,268,0,Wake,2022-08-06
33,208,25,183,0,Cumberland,2022-07-27
33,248,40,208,0,Guilford,2022-05-19
33,172,20,152,0,Pitt,2022-07-25
33,305,34,271,0,Wake,2022-07-23
33,628,66,562,0,Wake,2022-05-03
34,204,17,187,0,Forsyth,2022-08-01
34,215,49,166,0,Forsyth,2022-07-20
34,460,74,386,0,Mecklenburg,2022-05-26
34,149,13,136,0,Pitt,2022-07-27
34,135,76,59,0,Robeson,2022-07-05
35,452,44,408,0,Mecklenburg,2022-06-09
35,504,66,438,0,Mecklenburg,2022-05-19
35,165,12,153,0,Pitt,2022-07-18
35,283,35,248,0,Wake,2022-07-24
36,182,26,156,0,Forsyth,2022-08-04
36,227,43,184,0,Forsyth,2022-07-25
36,454,64,390,0,Mecklenburg,2022-05-13
37,201,7,194,0,Durham,2022-07-19
38,231,29,202,0,Forsyth,2022-07-26
38,381,31,350,0,Mecklenburg,2022-06-17
38,265,27,238,0,Wake,2022-07-31
38,446,55,391,0,Wake,2022-08-05
39,346,32,314,0,Durham,2022-05-31
39,514,39,475,0,Wake,2022-05-06
39,630,56,574,0,Wake,2022-05-21
40,393,66,327,0,Mecklenburg,2022-05-02
40,417,68,349,0,Mecklenburg,2022-05-20
41,349,43,306,0,Mecklenburg,2022-07-16
41,505,61,444,0,Wake,2022-06-10
42,365,31,334,0,Mecklenburg,2022-07-24
43,494,56,438,0,Mecklenburg,2022-05-24
44,465,51,414,0,Mecklenburg,2022-06-22
44,419,65,354,0,Mecklenburg,2022-06-03
44,468,90,378,0,Mecklenburg,2022-05-16
44,315,46,269,0,Wake,2022-07-30
46,428,47,381,0,Mecklenburg,2022-06-15
46,466,68,398,0,Mecklenburg,2022-05-09
46,509,75,434,0,Mecklenburg,2022-05-25
46,315,37,278,0,Wake,2022-07-16
47,512,43,469,0,Wake,2022-06-16
49,416,49,367,0,Mecklenburg,2022-06-07
49,459,59,400,0,Mecklenburg,2022-06-21
49,531,72,459,0,Wake,2022-06-20
50,373,32,341,0,Mecklenburg,2022-07-31
50,456,64,392,0,Mecklenburg,2022-06-06
50,485,61,424,0,Wake,2022-07-22
53,465,55,410,0,Wake,2022-07-14
53,441,55,386,0,Wake,2022-07-15
53,641,71,570,0,Wake,2022-06-27
55,432,44,388,0,Mecklenburg,2022-08-05
55,621,74,547,0,Wake,2022-06-15
56,429,43,386,0,Mecklenburg,2022-06-14
56,412,45,367,0,Mecklenburg,2022-06-16
56,526,77,449,0,Mecklenburg,2022-05-18
56,849,83,766,0,Wake,2022-05-13
57,470,49,421,0,Mecklenburg,2022-06-20
58,444,76,368,0,Wake,2022-07-21
58,850,90,760,0,Wake,2022-05-12
59,554,79,475,0,Mecklenburg,2022-05-17
60,451,49,402,0,Wake,2022-07-26
61,476,48,428,0,Wake,2022-06-24
62,596,89,507,0,Mecklenburg,2022-07-21
62,629,63,566,0,Wake,2022-06-28
62,476,68,408,0,Wake,2022-07-28
62,839,96,743,0,Wake,2022-05-10
63,566,51,515,0,Mecklenburg,2022-07-12
63,571,66,505,0,Mecklenburg,2022-06-01
63,519,59,460,0,Wake,2022-08-02
64,493,66,427,0,Wake,2022-07-08
64,500,77,423,0,Wake,2022-08-03
64,727,92,635,0,Wake,2022-05-27
67,692,61,631,0,Wake,2022-06-07
67,824,73,751,0,Wake,2022-05-20
68,410,55,355,0,Mecklenburg,2022-06-24
68,784,68,716,0,Wake,2022-06-06
68,707,74,633,0,Wake,2022-06-03
70,580,77,503,0,Mecklenburg,2022-07-11
70,475,40,435,0,Wake,2022-08-04
70,457,50,407,0,Wake,2022-07-29
70,566,58,508,0,Wake,2022-06-21
72,680,91,589,0,Wake,2022-07-18
74,602,49,553,0,Wake,2022-07-27
75,480,60,420,0,Mecklenburg,2022-07-08
76,533,59,474,0,Mecklenburg,2022-06-28
77,536,79,457,0,Wake,2022-08-01
79,659,67,592,0,Wake,2022-07-20
81,538,49,489,0,Wake,2022-07-19
81,883,71,812,0,Wake,2022-05-25
82,501,52,449,0,Mecklenburg,2022-08-04
82,643,95,548,0,Mecklenburg,2022-07-05
83,1063,94,969,0,Wake,2022-05-23
83,1111,118,993,0,Wake,2022-05-18
89,1235,114,1121,0,Wake,2022-05-31
90,1049,119,930,0,Wake,2022-05-24
91,624,75,549,0,Mecklenburg,2022-08-01
92,609,71,538,0,Mecklenburg,2022-08-02
94,588,87,501,0,Mecklenburg,2022-07-29
102,685,98,587,0,Mecklenburg,2022-07-20
112,739,75,664,0,Wake,2022-07-25
,0,0,0,1,Alexander,2022-04-16
,0,0,0,1,Alleghany,2022-03-18
,0,0,0,1,Anson,2022-03-05
,0,0,0,1,Ashe,2022-02-26
,0,0,0,1,Ashe,2022-04-22
,0,0,0,1,Ashe,2022-04-23
,0,0,0,1,Ashe,2022-05-01
,0,0,0,1,Beaufort,2022-03-31
,0,0,0,1,Burke,2022-03-12
,0,0,0,1,Caldwell,2022-03-31
,0,0,0,1,Carteret,2022-03-31
,0,0,0,1,Caswell,2022-02-20
,0,0,0,1,Caswell,2022-03-01
,0,0,0,1,Cherokee,2022-03-06
,0,0,0,1,Cherokee,2022-03-12
,0,0,0,1,Cherokee,2022-03-16
,0,0,0,1,Cherokee,2022-03-30
,0,0,0,1,Chowan,2022-02-15
,0,0,0,1,Chowan,2022-03-03
,0,0,0,1,Clay,2022-04-02
,0,0,0,1,Clay,2022-05-04
,0,0,0,1,Columbus,2022-02-19
,0,0,0,1,Columbus,2022-03-12
,0,0,0,1,Currituck,2022-02-24
,0,0,0,1,Currituck,2022-03-04
,0,0,0,1,Duplin,2022-02-26
,0,0,0,1,Duplin,2022-03-11
,0,0,0,1,Edgecombe,2022-04-15
,0,0,0,1,Franklin,2022-03-27
,0,0,0,1,Graham,2022-03-24
,0,0,0,1,Greene,2022-07-02
,0,0,0,1,Halifax,2022-02-24
,0,0,0,1,Hertford,2022-04-05
,0,0,0,1,Jackson,2022-04-15
,0,0,0,1,Lee,2022-04-01
,0,0,0,1,Lenoir,2022-03-26
,0,0,0,1,Macon,2022-03-21
,0,0,0,1,Macon,2022-03-30
,0,0,0,1,Macon,2022-04-15
,0,0,0,1,Madison,2022-02-26
,0,0,0,1,Martin,2022-04-26
,0,0,0,1,McDowell,2022-03-22
,0,0,0,1,Northampton,2022-02-27
,0,0,0,1,Onslow,2022-04-03
,0,0,0,1,Pamlico,2022-05-08
,0,0,0,1,Pasquotank,2022-03-18
,0,0,0,1,Pasquotank,2022-03-20
,0,0,0,1,Pasquotank,2022-03-22
,0,0,0,1,Perquimans,2022-02-16
,0,0,0,1,Perquimans,2022-03-21
,0,0,0,1,Polk,2022-03-03
,0,0,0,1,Polk,2022-03-08
,0,0,0,1,Polk,2022-04-11
,0,0,0,1,Polk,2022-04-19
,0,0,0,1,Richmond,2022-02-27
,0,0,0,1,Rockingham,2022-03-12
,0,0,0,1,Rutherford,2022-03-15
,0,0,0,1,Sampson,2022-03-20
,0,0,0,1,Sampson,2022-04-09
,0,0,0,1,Stanly,2022-02-27
,0,0,0,1,Stanly,2022-03-24
,0,0,0,1,Stokes,2022-04-10
,0,0,0,1,Swain,2022-03-08
,0,0,0,1,Transylvania,2022-02-27
,0,0,0,1,Transylvania,2022-03-21
,0,0,0,1,Tyrrell,2022-04-22
,0,0,0,1,Warren,2022-03-07
,0,0,0,1,Washington,2022-02-19
,0,0,0,1,Watauga,2022-03-25
,0,0,0,1,Wilkes,2022-04-15
,0,0,0,1,Wilson,2022-03-05
,0,0,0,1,Wilson,2022-03-20
0,4,0,4,1,Alamance,2022-03-13
0,1,0,1,1,Alamance,2022-03-20
0,4,1,3,1,Alamance,2022-03-06
0,5,1,4,1,Alamance,2022-03-17
0,7,1,6,1,Alamance,2022-04-02
0,15,3,12,1,Alamance,2022-03-09
0,12,4,8,1,Alamance,2022-03-31
0,14,6,8,1,Alamance,2022-04-01
0,6,0,6,1,Alexander,2022-02-24
0,5,0,5,1,Alexander,2022-06-01
0,4,1,3,1,Alexander,2022-03-07
0,5,2,3,1,Alexander,2022-03-01
0,2,1,1,1,Alleghany,2022-05-31
0,1,1,0,1,Anson,2022-03-21
0,5,2,3,1,Anson,2022-02-13
0,12,3,9,1,Anson,2022-02-16
0,5,1,4,1,Ashe,2022-03-04
0,2,1,1,1,Ashe,2022-05-16
0,9,4,5,1,Ashe,2022-02-24
0,6,5,1,1,Ashe,2022-07-31
0,4,0,4,1,Avery,2022-03-04
0,2,0,2,1,Avery,2022-04-26
0,6,2,4,1,Avery,2022-02-20
0,7,0,7,1,Beaufort,2022-02-13
0,2,0,2,1,Beaufort,2022-02-27
0,6,0,6,1,Beaufort,2022-03-01
0,2,0,2,1,Beaufort,2022-03-04
0,5,1,4,1,Beaufort,2022-02-20
0,3,1,2,1,Beaufort,2022-04-11
0,1,0,1,1,Bertie,2022-03-11
0,3,0,3,1,Bladen,2022-02-25
0,4,0,4,1,Bladen,2022-02-28
0,3,0,3,1,Bladen,2022-03-10
0,3,1,2,1,Bladen,2022-03-08
0,4,1,3,1,Bladen,2022-03-12
0,7,0,7,1,Brunswick,2022-03-03
0,9,0,9,1,Brunswick,2022-04-08
0,3,1,2,1,Brunswick,2022-03-10
0,5,2,3,1,Brunswick,2022-03-13
0,4,2,2,1,Brunswick,2022-03-25
0,37,5,32,1,Brunswick,2022-02-18
0,7,1,6,1,Buncombe,2022-03-25
0,8,1,7,1,Buncombe,2022-04-03
0,8,3,5,1,Buncombe,2022-03-13
0,21,7,14,1,Buncombe,2022-03-29
0,49,16,33,1,Buncombe,2022-02-28
0,8,0,8,1,Burke,2022-02-20
0,1,0,1,1,Burke,2022-03-06
0,1,0,1,1,Burke,2022-03-19
0,16,0,16,1,Burke,2022-06-12
0,13,1,12,1,Burke,2022-02-19
0,8,1,7,1,Burke,2022-02-26
0,4,1,3,1,Burke,2022-03-14
0,4,1,3,1,Burke,2022-04-05
0,1,1,0,1,Burke,2022-04-30
0,8,2,6,1,Burke,2022-04-14
0,2,0,2,1,Cabarrus,2022-03-06
0,7,1,6,1,Cabarrus,2022-03-17
0,13,4,9,1,Cabarrus,2022-04-07
0,25,7,18,1,Cabarrus,2022-04-30
0,3,0,3,1,Caldwell,2022-03-18
0,2,0,2,1,Caldwell,2022-03-23
0,25,3,22,1,Caldwell,2022-06-25
0,3,0,3,1,Carteret,2022-02-25
0,6,0,6,1,Carteret,2022-03-07
0,9,5,4,1,Carteret,2022-04-28
0,12,0,12,1,Caswell,2022-02-14
0,2,0,2,1,Caswell,2022-02-22
0,3,0,3,1,Caswell,2022-03-02
0,6,1,5,1,Caswell,2022-02-18
0,2,2,0,1,Caswell,2022-02-12
0,4,0,4,1,Catawba,2022-03-30
0,5,0,5,1,Catawba,2022-04-01
0,3,1,2,1,Catawba,2022-03-22
0,3,1,2,1,Catawba,2022-03-29
0,8,2,6,1,Catawba,2022-03-15
0,21,2,19,1,Chatham,2022-06-10
0,7,0,7,1,Cherokee,2022-02-12
0,2,0,2,1,Cherokee,2022-03-04
0,1,0,1,1,Cherokee,2022-03-18
0,10,4,6,1,Cherokee,2022-02-17
0,2,0,2,1,Chowan,2022-02-24
0,1,0,1,1,Chowan,2022-02-25
0,2,1,1,1,Chowan,2022-03-10
0,3,0,3,1,Cleveland,2022-03-12
0,1,0,1,1,Cleveland,2022-03-15
0,1,0,1,1,Cleveland,2022-03-18
0,2,0,2,1,Cleveland,2022-03-26
0,2,1,1,1,Columbus,2022-03-31
0,3,1,2,1,Columbus,2022-04-20
0,2,0,2,1,Craven,2022-03-12
0,6,1,5,1,Craven,2022-03-14
0,2,2,0,1,Craven,2022-03-20
0,7,2,5,1,Cumberland,2022-03-19
0,16,3,13,1,Cumberland,2022-03-28
0,17,5,12,1,Cumberland,2022-03-21
0,25,8,17,1,Cumberland,2022-02-26
0,32,8,24,1,Cumberland,2022-03-16
0,1,0,1,1,Currituck,2022-03-22
0,3,1,2,1,Currituck,2022-07-13
0,10,2,8,1,Currituck,2022-02-16
0,7,1,6,1,Davidson,2022-02-27
0,1,0,1,1,Davie,2022-03-19
0,4,1,3,1,Davie,2022-03-17
0,4,0,4,1,Duplin,2022-02-20
0,2,0,2,1,Duplin,2022-03-04
0,3,0,3,1,Duplin,2022-03-15
0,2,0,2,1,Duplin,2022-03-16
0,2,2,0,1,Duplin,2022-03-18
0,2,2,0,1,Duplin,2022-03-28
0,3,2,1,1,Duplin,2022-05-09
0,9,3,6,1,Duplin,2022-05-17
0,9,1,8,1,Durham,2022-03-05
0,15,1,14,1,Durham,2022-03-18
0,12,1,11,1,Durham,2022-03-26
0,6,1,5,1,Edgecombe,2022-02-25
0,8,0,8,1,Forsyth,2022-03-20
0,22,1,21,1,Forsyth,2022-03-21
0,11,3,8,1,Forsyth,2022-03-08
0,4,0,4,1,Franklin,2022-03-14
0,5,1,4,1,Franklin,2022-03-06
0,1,0,1,1,Gaston,2022-03-22
0,4,0,4,1,Gaston,2022-03-25
0,4,1,3,1,Gaston,2022-03-13
0,12,2,10,1,Gaston,2022-02-27
0,14,2,12,1,Gaston,2022-03-07
0,6,2,4,1,Gaston,2022-03-30
0,6,2,4,1,Gaston,2022-04-09
0,22,9,13,1,Gaston,2022-03-03
0,14,0,14,1,Granville,2022-05-15
0,11,4,7,1,Granville,2022-04-29
0,1,0,1,1,Greene,2022-02-25
0,9,0,9,1,Greene,2022-06-07
0,4,1,3,1,Greene,2022-03-07
0,5,2,3,1,Greene,2022-02-17
0,12,4,8,1,Guilford,2022-03-20
0,5,0,5,1,Halifax,2022-02-26
0,2,0,2,1,Halifax,2022-03-26
0,6,1,5,1,Halifax,2022-02-20
0,7,0,7,1,Harnett,2022-04-24
0,6,1,5,1,Harnett,2022-02-27
0,9,1,8,1,Harnett,2022-03-18
0,9,2,7,1,Harnett,2022-04-13
0,18,4,14,1,Harnett,2022-02-19
0,21,5,16,1,Harnett,2022-02-28
0,16,5,11,1,Harnett,2022-03-07
0,33,7,26,1,Harnett,2022-02-18
0,1,0,1,1,Haywood,2022-03-18
0,3,1,2,1,Haywood,2022-03-29
0,5,2,3,1,Haywood,2022-03-15
0,4,0,4,1,Henderson,2022-03-06
0,1,0,1,1,Henderson,2022-03-17
0,3,0,3,1,Henderson,2022-03-19
0,13,2,11,1,Henderson,2022-04-15
0,10,4,6,1,Henderson,2022-03-01
0,1,0,1,1,Hertford,2022-02-11
0,7,0,7,1,Hertford,2022-07-07
0,4,1,3,1,Hertford,2022-02-16
0,2,0,2,1,Hoke,2022-02-20
0,6,0,6,1,Hoke,2022-02-28
0,1,0,1,1,Hoke,2022-03-01
0,13,2,11,1,Hoke,2022-02-17
0,7,2,5,1,Hoke,2022-03-08
0,1,0,1,1,Iredell,2022-03-12
0,1,1,0,1,Iredell,2022-04-02
0,1,0,1,1,Jackson,2022-03-27
0,7,3,4,1,Jackson,2022-03-03
0,10,5,5,1,Jackson,2022-06-14
0,6,0,6,1,Lee,2022-02-22
0,3,0,3,1,Lee,2022-02-26
0,1,0,1,1,Lee,2022-03-23
0,7,1,6,1,Lee,2022-03-08
0,4,1,3,1,Lee,2022-03-12
0,11,2,9,1,Lee,2022-02-14
0,6,3,3,1,Lee,2022-02-13
0,3,3,0,1,Lee,2022-03-06
0,7,3,4,1,Lee,2022-06-26
0,2,0,2,1,Lenoir,2022-02-23
0,1,0,1,1,Lenoir,2022-03-04
0,1,0,1,1,Lenoir,2022-03-06
0,2,0,2,1,Lenoir,2022-03-10
0,1,0,1,1,Lenoir,2022-04-14
0,1,1,0,1,Lenoir,2022-03-05
0,2,0,2,1,Lincoln,2022-03-18
0,1,0,1,1,Lincoln,2022-04-05
0,9,2,7,1,Lincoln,2022-03-01
0,1,0,1,1,Macon,2022-02-27
0,2,0,2,1,Macon,2022-03-02
0,1,0,1,1,Macon,2022-03-19
0,4,2,2,1,Macon,2022-03-07
0,3,2,1,1,Macon,2022-05-10
0,4,3,1,1,Madison,2022-02-22
0,2,0,2,1,Martin,2022-02-12
0,1,0,1,1,Martin,2022-02-25
0,1,1,0,1,Martin,2022-02-13
0,3,0,3,1,McDowell,2022-03-06
0,3,0,3,1,McDowell,2022-03-08
0,8,3,5,1,McDowell,2022-03-03
0,29,4,25,1,Mecklenburg,2022-03-19
0,5,0,5,1,Montgomery,2022-05-16
0,3,0,3,1,Montgomery,2022-06-05
0,8,0,8,1,Montgomery,2022-06-21
0,14,1,13,1,Montgomery,2022-02-09
0,3,1,2,1,Montgomery,2022-02-12
0,3,1,2,1,Montgomery,2022-02-19
0,11,1,10,1,Moore,2022-03-03
0,3,1,2,1,Moore,2022-03-10
0,20,2,18,1,Moore,2022-02-23
0,4,2,2,1,Moore,2022-03-06
0,6,2,4,1,Moore,2022-03-11
0,23,6,17,1,Moore,2022-02-24
0,1,0,1,1,Nash,2022-02-26
0,2,0,2,1,Nash,2022-03-22
0,2,0,2,1,Nash,2022-04-10
0,2,1,1,1,Nash,2022-03-24
0,3,0,3,1,New Hanover,2022-03-05
0,5,0,5,1,New Hanover,2022-03-12
0,7,1,6,1,New Hanover,2022-03-08
0,4,1,3,1,New Hanover,2022-03-18
0,21,1,20,1,New Hanover,2022-05-01
0,9,3,6,1,New Hanover,2022-03-17
0,13,4,9,1,New Hanover,2022-02-26
0,11,5,6,1,New Hanover,2022-03-11
0,3,0,3,1,Northampton,2022-02-12
0,1,0,1,1,Northampton,2022-02-13
0,1,0,1,1,Northampton,2022-03-16
0,4,0,4,1,Onslow,2022-03-22
0,15,1,14,1,Onslow,2022-03-05
0,4,1,3,1,Onslow,2022-03-14
0,8,0,8,1,Orange,2022-03-17
0,9,0,9,1,Orange,2022-03-19
0,6,2,4,1,Orange,2022-02-26
0,16,2,14,1,Orange,2022-03-03
0,38,3,35,1,Orange,2022-02-12
0,3,0,3,1,Pasquotank,2022-02-11
0,9,5,4,1,Pender,2022-02-19
0,7,1,6,1,Person,2022-02-21
0,1,1,0,1,Person,2022-03-16
0,2,0,2,1,Pitt,2022-03-16
0,3,0,3,1,Pitt,2022-03-19
0,4,0,4,1,Pitt,2022-03-25
0,3,1,2,1,Pitt,2022-03-06
0,9,1,8,1,Pitt,2022-03-17
0,5,2,3,1,Pitt,2022-03-05
0,4,2,2,1,Pitt,2022-03-08
0,1,0,1,1,Polk,2022-03-14
0,2,1,1,1,Polk,2022-02-20
0,9,8,1,1,Polk,2022-07-15
0,22,14,8,1,Polk,2022-02-08
0,5,0,5,1,Randolph,2022-03-20
0,5,1,4,1,Randolph,2022-03-08
0,5,1,4,1,Randolph,2022-03-16
0,4,1,3,1,Randolph,2022-04-15
0,15,5,10,1,Randolph,2022-04-19
0,3,0,3,1,Richmond,2022-03-04
0,11,2,9,1,Richmond,2022-02-23
0,6,4,2,1,Robeson,2022-04-13
0,9,5,4,1,Robeson,2022-05-07
0,2,0,2,1,Rockingham,2022-03-26
0,1,0,1,1,Rockingham,2022-04-13
0,7,1,6,1,Rockingham,2022-02-20
0,16,3,13,1,Rockingham,2022-02-18
0,10,3,7,1,Rowan,2022-03-15
0,18,5,13,1,Rowan,2022-02-23
0,10,2,8,1,Rutherford,2022-02-19
0,16,5,11,1,Rutherford,2022-02-17
0,4,1,3,1,Sampson,2022-03-07
0,11,2,9,1,Sampson,2022-02-18
0,2,2,0,1,Sampson,2022-03-06
0,2,2,0,1,Sampson,2022-04-16
0,9,4,5,1,Sampson,2022-03-03
0,3,0,3,1,Scotland,2022-05-02
0,1,1,0,1,Scotland,2022-04-16
0,5,2,3,1,Scotland,2022-02-12
0,3,0,3,1,Stanly,2022-03-03
0,2,0,2,1,Stanly,2022-03-05
0,2,0,2,1,Stanly,2022-03-15
0,1,0,1,1,Stanly,2022-03-16
0,1,0,1,1,Stanly,2022-03-23
0,1,0,1,1,Stanly,2022-03-29
0,3,0,3,1,Stanly,2022-03-30
0,3,0,3,1,Stokes,2022-03-11
0,1,0,1,1,Stokes,2022-04-02
0,6,1,5,1,Stokes,2022-03-01
0,7,4,3,1,Stokes,2022-07-24
0,2,0,2,1,Surry,2022-03-20
0,1,1,0,1,Surry,2022-03-22
0,3,1,2,1,Surry,2022-04-07
0,3,2,1,1,Surry,2022-03-11
0,27,9,18,1,Surry,2022-02-18
0,2,0,2,1,Swain,2022-03-07
0,1,0,1,1,Swain,2022-04-23
0,9,1,8,1,Swain,2022-05-20
0,4,1,3,1,Swain,2022-07-08
0,10,5,5,1,Swain,2022-02-14
0,2,0,2,1,Transylvania,2022-05-02
0,3,2,1,1,Transylvania,2022-03-03
0,8,5,3,1,Transylvania,2022-02-17
0,1,0,1,1,Tyrrell,2022-02-09
0,10,0,10,1,Union,2022-04-17
0,3,1,2,1,Union,2022-03-13
0,8,1,7,1,Union,2022-03-31
0,9,2,7,1,Union,2022-03-05
0,10,2,8,1,Union,2022-03-07
0,18,4,14,1,Union,2022-02-24
0,35,11,24,1,Union,2022-02-19
0,1,0,1,1,Vance,2022-03-14
0,2,0,2,1,Warren,2022-02-12
0,2,1,1,1,Warren,2022-02-13
0,1,1,0,1,Warren,2022-04-08
0,1,0,1,1,Washington,2022-02-21
0,4,3,1,1,Washington,2022-05-16
0,2,0,2,1,Watauga,2022-03-06
0,1,0,1,1,Watauga,2022-03-13
0,3,0,3,1,Wayne,2022-04-10
0,5,1,4,1,Wayne,2022-02-20
0,1,1,0,1,Wayne,2022-03-27
0,8,2,6,1,Wayne,2022-03-04
0,3,2,1,1,Wayne,2022-03-21
0,8,4,4,1,Wayne,2022-02-24
0,8,4,4,1,Wayne,2022-03-09
0,1,0,1,1,Wilkes,2022-03-16
0,2,0,2,1,Wilkes,2022-03-25
0,2,1,1,1,Wilkes,2022-04-06
0,1,1,0,1,Wilkes,2022-04-13
0,4,2,2,1,Wilkes,2022-03-10
0,20,5,15,1,Wilkes,2022-02-12
0,27,8,19,1,Wilkes,2022-02-28
0,1,0,1,1,Wilson,2022-03-28
0,1,1,0,1,Wilson,2022-03-13
0,1,1,0,1,Wilson,2022-04-05
0,3,0,3,1,Yadkin,2022-03-08
0,3,0,3,1,Yadkin,2022-04-01
0,2,0,2,1,Yadkin,2022-04-15
0,1,1,0,1,Yadkin,2022-03-10
0,21,9,12,1,Yadkin,2022-02-14
0,2,0,2,1,Yancey,2022-07-05
1,9,2,7,1,Alamance,2022-03-28
1,8,4,4,1,Alamance,2022-03-24
1,24,4,20,1,Alamance,2022-04-23
1,29,7,22,1,Alamance,2022-02-12
1,22,8,14,1,Alamance,2022-02-20
1,6,0,6,1,Anson,2022-02-23
1,1,0,1,1,Anson,2022-03-01
1,19,5,14,1,Anson,2022-02-10
1,4,2,2,1,Ashe,2022-04-25
1,17,8,9,1,Ashe,2022-02-16
1,1,1,0,1,Avery,2022-03-06
1,4,4,0,1,Avery,2022-03-22
1,5,0,5,1,Beaufort,2022-02-26
1,4,0,4,1,Beaufort,2022-03-07
1,3,0,3,1,Beaufort,2022-03-08
1,10,1,9,1,Beaufort,2022-02-25
1,15,2,13,1,Beaufort,2022-02-23
1,1,0,1,1,Bertie,2022-03-06
1,8,2,6,1,Bertie,2022-06-01
1,14,2,12,1,Bladen,2022-02-09
1,18,5,13,1,Bladen,2022-02-11
1,10,0,10,1,Brunswick,2022-03-18
1,6,1,5,1,Brunswick,2022-03-05
1,14,3,11,1,Brunswick,2022-03-17
1,17,3,14,1,Brunswick,2022-04-12
1,33,4,29,1,Brunswick,2022-02-12
1,21,4,17,1,Brunswick,2022-02-24
1,26,4,22,1,Brunswick,2022-02-25
1,53,11,42,1,Brunswick,2022-05-26
1,26,6,20,1,Buncombe,2022-03-14
1,15,8,7,1,Buncombe,2022-03-30
1,38,9,29,1,Buncombe,2022-03-03
1,11,9,2,1,Buncombe,2022-03-21
1,45,12,33,1,Buncombe,2022-04-22
1,21,2,19,1,Burke,2022-02-23
1,3,2,1,1,Burke,2022-03-22
1,13,3,10,1,Burke,2022-05-05
1,17,7,10,1,Burke,2022-02-28
1,4,1,3,1,Cabarrus,2022-04-02
1,22,5,17,1,Cabarrus,2022-02-24
1,3,0,3,1,Caldwell,2022-03-05
1,2,0,2,1,Carteret,2022-04-18
1,6,2,4,1,Carteret,2022-02-26
1,6,3,3,1,Carteret,2022-03-03
1,7,3,4,1,Carteret,2022-03-09
1,12,3,9,1,Carteret,2022-07-02
1,17,4,13,1,Carteret,2022-02-12
1,20,4,16,1,Carteret,2022-06-25
1,27,10,17,1,Carteret,2022-02-14
1,39,12,27,1,Carteret,2022-07-12
1,30,15,15,1,Carteret,2022-02-11
1,3,0,3,1,Caswell,2022-02-16
1,2,0,2,1,Catawba,2022-03-26
1,2,0,2,1,Chatham,2022-03-29
1,5,0,5,1,Chatham,2022-03-30
1,32,5,27,1,Chatham,2022-02-09
1,29,5,24,1,Chatham,2022-06-02
1,17,7,10,1,Chatham,2022-02-16
1,9,1,8,1,Cherokee,2022-07-16
1,6,2,4,1,Cherokee,2022-02-20
1,2,0,2,1,Cleveland,2022-03-06
1,2,1,1,1,Cleveland,2022-03-17
1,14,2,12,1,Cleveland,2022-02-19
1,5,2,3,1,Cleveland,2022-03-07
1,7,3,4,1,Cleveland,2022-02-27
1,1,1,0,1,Columbus,2022-04-04
1,9,3,6,1,Columbus,2022-02-17
1,8,2,6,1,Craven,2022-03-09
1,9,2,7,1,Craven,2022-04-23
1,10,3,7,1,Craven,2022-03-02
1,5,4,1,1,Craven,2022-03-21
1,30,2,28,1,Cumberland,2022-03-14
1,25,3,22,1,Cumberland,2022-03-15
1,25,6,19,1,Cumberland,2022-04-12
1,8,0,8,1,Dare,2022-06-11
1,12,0,12,1,Davidson,2022-02-26
1,6,0,6,1,Davidson,2022-03-16
1,12,4,8,1,Davidson,2022-03-08
1,3,1,2,1,Davie,2022-03-08
1,12,2,10,1,Davie,2022-02-25
1,8,2,6,1,Davie,2022-07-31
1,8,5,3,1,Davie,2022-04-28
1,17,9,8,1,Davie,2022-07-27
1,5,1,4,1,Duplin,2022-03-05
1,10,2,8,1,Duplin,2022-02-12
1,10,1,9,1,Durham,2022-03-19
1,11,0,11,1,Edgecombe,2022-07-10
1,20,2,18,1,Forsyth,2022-02-27
1,15,3,12,1,Forsyth,2022-03-11
1,3,0,3,1,Franklin,2022-02-27
1,8,3,5,1,Franklin,2022-02-24
1,8,1,7,1,Gaston,2022-03-15
1,11,1,10,1,Gaston,2022-03-16
1,9,3,6,1,Gaston,2022-04-07
1,8,4,4,1,Gaston,2022-03-28
1,13,9,4,1,Gaston,2022-03-06
1,14,6,8,1,Granville,2022-05-03
1,6,0,6,1,Greene,2022-02-12
1,1,0,1,1,Greene,2022-02-23
1,27,5,22,1,Guilford,2022-03-30
1,8,1,7,1,Halifax,2022-02-12
1,14,1,13,1,Halifax,2022-07-10
1,9,1,8,1,Harnett,2022-03-01
1,9,1,8,1,Harnett,2022-03-16
1,6,1,5,1,Harnett,2022-04-06
1,27,3,24,1,Harnett,2022-05-28
1,14,5,9,1,Harnett,2022-03-14
1,12,6,6,1,Harnett,2022-04-23
1,26,8,18,1,Harnett,2022-04-25
1,14,1,13,1,Haywood,2022-02-25
1,8,4,4,1,Haywood,2022-02-26
1,2,1,1,1,Henderson,2022-03-24
1,6,0,6,1,Hertford,2022-06-11
1,9,5,4,1,Hertford,2022-06-22
1,1,0,1,1,Hoke,2022-04-04
1,8,1,7,1,Hoke,2022-02-18
1,25,10,15,1,Iredell,2022-02-20
1,6,1,5,1,Jackson,2022-06-30
1,7,3,4,1,Jackson,2022-05-02
1,17,0,17,1,Johnston,2022-03-04
1,7,1,6,1,Johnston,2022-03-13
1,11,4,7,1,Johnston,2022-03-10
1,9,4,5,1,Johnston,2022-03-15
1,5,2,3,1,Jones,2022-07-08
1,5,4,1,1,Jones,2022-07-13
1,16,2,14,1,Lee,2022-02-17
1,20,9,11,1,Lee,2022-07-13
1,2,0,2,1,Lenoir,2022-03-08
1,5,2,3,1,Lenoir,2022-06-18
1,14,3,11,1,Lenoir,2022-06-23
1,3,0,3,1,Lincoln,2022-03-29
1,15,4,11,1,Lincoln,2022-05-02
1,2,0,2,1,Macon,2022-04-13
1,20,3,17,1,Macon,2022-02-08
1,2,2,0,1,Madison,2022-03-09
1,13,8,5,1,Madison,2022-07-18
1,2,0,2,1,Martin,2022-02-27
1,7,1,6,1,Martin,2022-02-09
1,9,2,7,1,Martin,2022-02-26
1,6,1,5,1,McDowell,2022-03-02
1,10,1,9,1,McDowell,2022-06-21
1,50,11,39,1,Mecklenburg,2022-03-16
1,53,11,42,1,Mecklenburg,2022-03-25
1,3,2,1,1,Mitchell,2022-02-13
1,5,2,3,1,Mitchell,2022-02-18
1,3,0,3,1,Montgomery,2022-06-25
1,5,0,5,1,Moore,2022-03-05
1,14,2,12,1,Moore,2022-03-01
1,21,4,17,1,Moore,2022-05-03
1,15,5,10,1,Moore,2022-02-19
1,5,0,5,1,Nash,2022-03-14
1,14,1,13,1,Nash,2022-02-12
1,8,2,6,1,Nash,2022-04-27
1,11,3,8,1,Nash,2022-02-19
1,5,4,1,1,Nash,2022-04-12
1,14,6,8,1,Nash,2022-02-18
1,10,0,10,1,New Hanover,2022-03-10
1,5,0,5,1,New Hanover,2022-03-21
1,14,3,11,1,New Hanover,2022-04-06
1,21,9,12,1,New Hanover,2022-02-20
1,37,9,28,1,New Hanover,2022-05-28
1,3,0,3,1,Onslow,2022-03-16
1,6,0,6,1,Onslow,2022-04-30
1,5,1,4,1,Onslow,2022-04-07
1,20,1,19,1,Orange,2022-03-07
1,15,1,14,1,Pender,2022-05-26
1,17,3,14,1,Pender,2022-05-25
1,29,7,22,1,Pender,2022-02-14
1,6,2,4,1,Person,2022-02-19
1,5,3,2,1,Person,2022-02-24
1,4,0,4,1,Pitt,2022-03-14
1,11,4,7,1,Polk,2022-02-09
1,7,4,3,1,Polk,2022-02-17
1,4,4,0,1,Polk,2022-07-08
1,7,0,7,1,Randolph,2022-03-11
1,4,2,2,1,Randolph,2022-04-12
1,18,10,8,1,Randolph,2022-06-12
1,5,0,5,1,Richmond,2022-02-13
1,4,1,3,1,Richmond,2022-03-05
1,7,2,5,1,Richmond,2022-06-19
1,6,1,5,1,Robeson,2022-03-28
1,6,2,4,1,Robeson,2022-04-05
1,8,4,4,1,Robeson,2022-02-27
1,14,5,9,1,Robeson,2022-02-20
1,10,1,9,1,Rockingham,2022-03-04
1,4,0,4,1,Rowan,2022-03-11
1,6,0,6,1,Rowan,2022-04-30
1,9,1,8,1,Rowan,2022-03-09
1,26,3,23,1,Rowan,2022-02-12
1,6,1,5,1,Rutherford,2022-02-12
1,4,1,3,1,Rutherford,2022-04-26
1,14,1,13,1,Rutherford,2022-06-11
1,7,3,4,1,Rutherford,2022-02-23
1,13,6,7,1,Rutherford,2022-07-04
1,28,11,17,1,Sampson,2022-02-11
1,21,18,3,1,Sampson,2022-06-21
1,2,2,0,1,Scotland,2022-03-03
1,11,5,6,1,Scotland,2022-02-10
1,19,5,14,1,Scotland,2022-02-14
1,4,0,4,1,Stanly,2022-02-19
1,10,0,10,1,Stanly,2022-05-11
1,2,1,1,1,Stokes,2022-05-01
1,13,2,11,1,Stokes,2022-02-24
1,5,4,1,1,Stokes,2022-03-03
1,3,0,3,1,Surry,2022-04-23
1,16,5,11,1,Surry,2022-02-20
1,6,3,3,1,Swain,2022-07-14
1,11,3,8,1,Swain,2022-07-19
1,10,4,6,1,Swain,2022-07-20
1,2,0,2,1,Transylvania,2022-03-02
1,9,4,5,1,Transylvania,2022-02-23
1,9,3,6,1,Union,2022-03-21
1,18,4,14,1,Union,2022-04-15
1,24,5,19,1,Union,2022-03-02
1,31,3,28,1,Wake,2022-03-19
1,2,0,2,1,Washington,2022-03-01
1,3,1,2,1,Washington,2022-07-04
1,4,1,3,1,Watauga,2022-03-28
1,11,3,8,1,Watauga,2022-03-01
1,15,7,8,1,Watauga,2022-02-23
1,3,1,2,1,Wayne,2022-03-06
1,3,1,2,1,Wayne,2022-03-12
1,3,2,1,1,Wayne,2022-03-25
1,7,2,5,1,Wayne,2022-04-24
1,7,4,3,1,Wayne,2022-03-10
1,11,6,5,1,Wayne,2022-05-08
1,10,7,3,1,Wayne,2022-03-02
1,18,11,7,1,Wayne,2022-04-25
1,36,23,13,1,Wayne,2022-02-16
1,2,0,2,1,Wilkes,2022-03-15
1,10,1,9,1,Wilkes,2022-03-07
1,18,6,12,1,Wilkes,2022-05-17
1,26,12,14,1,Wilkes,2022-02-23
1,7,0,7,1,Wilson,2022-02-25
1,3,0,3,1,Wilson,2022-02-26
1,16,1,15,1,Wilson,2022-02-11
1,3,1,2,1,Wilson,2022-03-19
1,5,2,3,1,Wilson,2022-03-04
1,9,3,6,1,Wilson,2022-05-15
1,6,4,2,1,Wilson,2022-03-07
1,10,4,6,1,Wilson,2022-06-26
1,26,6,20,1,Wilson,2022-02-14
1,9,6,3,1,Wilson,2022-02-24
1,20,1,19,1,Yadkin,2022-02-15
1,1,1,0,1,Yadkin,2022-03-14
1,2,1,1,1,Yadkin,2022-03-16
1,10,3,7,1,Yadkin,2022-02-17
2,9,0,9,1,Alamance,2022-03-14
2,15,1,14,1,Alamance,2022-03-08
2,34,3,31,1,Alamance,2022-02-23
2,27,1,26,1,Alexander,2022-02-09
2,7,2,5,1,Alexander,2022-05-18
2,27,5,22,1,Alexander,2022-02-10
2,14,6,8,1,Alexander,2022-02-18
2,28,6,22,1,Anson,2022-02-08
2,3,1,2,1,Ashe,2022-03-10
2,6,2,4,1,Bladen,2022-04-25
2,17,0,17,1,Brunswick,2022-03-02
2,53,7,46,1,Brunswick,2022-06-02
2,11,2,9,1,Buncombe,2022-03-26
2,20,4,16,1,Buncombe,2022-02-26
2,16,7,9,1,Buncombe,2022-03-16
2,20,10,10,1,Buncombe,2022-03-08
2,58,19,39,1,Buncombe,2022-06-26
2,8,3,5,1,Burke,2022-04-18
2,17,8,9,1,Burke,2022-05-10
2,9,3,6,1,Cabarrus,2022-03-07
2,13,5,8,1,Cabarrus,2022-03-10
2,35,7,28,1,Cabarrus,2022-04-26
2,8,2,6,1,Caldwell,2022-02-19
2,13,2,11,1,Caldwell,2022-03-01
2,11,3,8,1,Carteret,2022-02-17
2,42,18,24,1,Carteret,2022-06-06
2,29,20,9,1,Carteret,2022-07-14
2,12,5,7,1,Catawba,2022-04-13
2,19,5,14,1,Catawba,2022-04-20
2,29,11,18,1,Catawba,2022-05-03
2,15,2,13,1,Chatham,2022-02-18
2,9,1,8,1,Columbus,2022-07-09
2,8,1,7,1,Columbus,2022-07-10
2,14,3,11,1,Columbus,2022-02-15
2,20,10,10,1,Columbus,2022-02-11
2,16,1,15,1,Craven,2022-06-26
2,12,4,8,1,Craven,2022-07-03
2,19,6,13,1,Craven,2022-02-12
2,19,9,10,1,Craven,2022-07-04
2,35,14,21,1,Craven,2022-06-22
2,36,7,29,1,Cumberland,2022-03-02
2,39,8,31,1,Cumberland,2022-05-08
2,15,1,14,1,Davidson,2022-02-19
2,26,6,20,1,Davidson,2022-05-04
2,4,1,3,1,Davie,2022-04-23
2,6,1,5,1,Davie,2022-07-09
2,5,2,3,1,Davie,2022-03-07
2,4,2,2,1,Davie,2022-04-24
2,6,3,3,1,Davie,2022-02-13
2,11,3,8,1,Davie,2022-06-26
2,12,4,8,1,Davie,2022-02-21
2,9,5,4,1,Davie,2022-04-21
2,8,3,5,1,Duplin,2022-02-19
2,42,0,42,1,Durham,2022-03-03
2,50,2,48,1,Durham,2022-02-19
2,47,8,39,1,Durham,2022-03-29
2,4,0,4,1,Edgecombe,2022-04-27
2,21,1,20,1,Edgecombe,2022-02-08
2,15,1,14,1,Edgecombe,2022-06-15
2,32,4,28,1,Forsyth,2022-02-19
2,32,4,28,1,Forsyth,2022-03-02
2,22,4,18,1,Forsyth,2022-03-14
2,32,5,27,1,Forsyth,2022-03-07
2,22,7,15,1,Forsyth,2022-03-23
2,10,3,7,1,Gaston,2022-03-08
2,24,2,22,1,Guilford,2022-03-29
2,2,2,0,1,Halifax,2022-04-10
2,9,1,8,1,Harnett,2022-03-08
2,8,2,6,1,Haywood,2022-03-01
2,14,8,6,1,Haywood,2022-06-12
2,13,8,5,1,Haywood,2022-07-09
2,16,3,13,1,Henderson,2022-05-15
2,35,11,24,1,Henderson,2022-05-13
2,24,12,12,1,Henderson,2022-02-12
2,39,12,27,1,Henderson,2022-07-01
2,8,2,6,1,Hoke,2022-07-24
2,29,10,19,1,Iredell,2022-05-21
2,18,12,6,1,Iredell,2022-03-03
2,5,2,3,1,Jackson,2022-02-27
2,6,4,2,1,Jackson,2022-03-02
2,9,5,4,1,Jackson,2022-02-25
2,15,6,9,1,Jackson,2022-02-11
2,23,10,13,1,Jackson,2022-02-14
2,17,3,14,1,Johnston,2022-03-07
2,33,3,30,1,Johnston,2022-05-08
2,29,9,20,1,Johnston,2022-02-23
2,25,2,23,1,Lee,2022-02-16
2,17,2,15,1,Lee,2022-06-15
2,9,4,5,1,Lee,2022-03-10
2,13,3,10,1,Lenoir,2022-02-15
2,20,5,15,1,Lincoln,2022-02-18
2,14,7,7,1,Lincoln,2022-02-20
2,36,7,29,1,Lincoln,2022-07-05
2,8,2,6,1,Macon,2022-02-17
2,5,2,3,1,Macon,2022-02-24
2,8,3,5,1,Madison,2022-06-07
2,26,4,22,1,Madison,2022-02-11
2,9,3,6,1,McDowell,2022-07-02
2,33,5,28,1,McDowell,2022-02-16
2,41,9,32,1,Mecklenburg,2022-04-02
2,46,10,36,1,Mecklenburg,2022-03-24
2,50,12,38,1,Mecklenburg,2022-04-03
2,13,0,13,1,Montgomery,2022-02-14
2,23,2,21,1,Moore,2022-02-18
2,32,4,28,1,Moore,2022-02-16
2,14,6,8,1,Moore,2022-05-14
2,28,8,20,1,Moore,2022-06-26
2,7,1,6,1,Nash,2022-02-20
2,3,1,2,1,Nash,2022-04-02
2,21,5,16,1,Nash,2022-02-17
2,20,6,14,1,Nash,2022-06-17
2,35,9,26,1,Nash,2022-06-24
2,13,3,10,1,New Hanover,2022-03-03
2,58,8,50,1,New Hanover,2022-05-25
2,6,5,1,1,Northampton,2022-06-30
2,25,4,21,1,Onslow,2022-02-24
2,14,5,9,1,Onslow,2022-05-08
2,31,4,27,1,Orange,2022-06-11
2,63,7,56,1,Orange,2022-04-09
2,7,1,6,1,Pender,2022-02-25
2,15,2,13,1,Pender,2022-05-27
2,17,4,13,1,Pender,2022-05-17
2,34,6,28,1,Pender,2022-02-09
2,14,2,12,1,Person,2022-02-09
2,11,0,11,1,Pitt,2022-04-15
2,11,1,10,1,Pitt,2022-03-02
2,43,3,40,1,Pitt,2022-02-18
2,22,3,19,1,Pitt,2022-02-23
2,22,5,17,1,Pitt,2022-02-24
2,42,7,35,1,Pitt,2022-02-16
2,8,1,7,1,Randolph,2022-02-26
2,16,6,10,1,Randolph,2022-03-03
2,16,6,10,1,Randolph,2022-05-29
2,14,9,5,1,Randolph,2022-03-02
2,20,10,10,1,Randolph,2022-05-15
2,12,1,11,1,Richmond,2022-02-11
2,10,1,9,1,Richmond,2022-02-15
2,15,3,12,1,Richmond,2022-02-08
2,19,3,16,1,Robeson,2022-02-24
2,43,7,36,1,Rockingham,2022-02-11
2,5,1,4,1,Rowan,2022-03-29
2,12,5,7,1,Rowan,2022-03-07
2,8,1,7,1,Rutherford,2022-05-11
2,13,1,12,1,Rutherford,2022-07-03
2,9,3,6,1,Rutherford,2022-03-01
2,14,4,10,1,Rutherford,2022-02-24
2,17,4,13,1,Stanly,2022-06-21
2,13,2,11,1,Stokes,2022-02-16
2,15,7,8,1,Surry,2022-03-02
2,27,12,15,1,Surry,2022-06-28
2,33,13,20,1,Surry,2022-06-24
2,20,3,17,1,Transylvania,2022-02-09
2,13,6,7,1,Transylvania,2022-02-08
2,12,7,5,1,Transylvania,2022-07-15
2,22,2,20,1,Union,2022-04-07
2,14,4,10,1,Union,2022-02-26
2,76,4,72,1,Wake,2022-03-25
2,28,7,21,1,Wake,2022-03-13
2,68,7,61,1,Wake,2022-03-15
2,8,3,5,1,Washington,2022-02-11
2,12,5,7,1,Watauga,2022-07-12
2,11,5,6,1,Wayne,2022-04-27
2,13,5,8,1,Wilkes,2022-06-15
2,12,2,10,1,Wilson,2022-02-18
2,10,3,7,1,Wilson,2022-05-29
2,9,5,4,1,Wilson,2022-07-04
2,15,6,9,1,Wilson,2022-05-21
2,13,8,5,1,Wilson,2022-06-08
2,4,0,4,1,Yancey,2022-03-01
2,7,4,3,1,Yancey,2022-02-12
3,38,7,31,1,Alamance,2022-04-11
3,41,9,32,1,Alamance,2022-05-22
3,20,7,13,1,Alexander,2022-02-16
3,13,2,11,1,Anson,2022-02-09
3,7,2,5,1,Anson,2022-02-20
3,6,1,5,1,Bladen,2022-07-02
3,62,16,46,1,Brunswick,2022-07-14
3,19,10,9,1,Buncombe,2022-03-10
3,27,2,25,1,Burke,2022-05-16
3,24,2,22,1,Burke,2022-07-17
3,25,7,18,1,Burke,2022-07-01
3,28,10,18,1,Burke,2022-05-23
3,48,17,31,1,Burke,2022-02-16
3,65,15,50,1,Cabarrus,2022-02-18
3,9,0,9,1,Caldwell,2022-02-27
3,24,7,17,1,Caldwell,2022-07-02
3,38,8,30,1,Caldwell,2022-02-22
3,52,12,40,1,Caldwell,2022-02-09
3,23,2,21,1,Chatham,2022-06-14
3,36,3,33,1,Cleveland,2022-02-12
3,10,5,5,1,Cleveland,2022-02-20
3,7,1,6,1,Columbus,2022-07-24
3,15,4,11,1,Craven,2022-02-19
3,57,24,33,1,Craven,2022-05-17
3,25,10,15,1,Cumberland,2022-04-11
3,10,3,7,1,Duplin,2022-07-02
3,12,4,8,1,Duplin,2022-05-25
3,22,13,9,1,Duplin,2022-02-10
3,71,6,65,1,Durham,2022-02-12
3,14,0,14,1,Edgecombe,2022-07-17
3,19,2,17,1,Forsyth,2022-03-15
3,19,6,13,1,Forsyth,2022-03-12
3,30,7,23,1,Forsyth,2022-03-30
3,16,0,16,1,Franklin,2022-02-17
3,40,6,34,1,Granville,2022-02-14
3,9,0,9,1,Guilford,2022-03-19
3,11,4,7,1,Guilford,2022-04-02
3,31,10,21,1,Guilford,2022-03-10
3,52,18,34,1,Guilford,2022-03-01
3,28,7,21,1,Halifax,2022-02-09
3,18,8,10,1,Harnett,2022-03-02
3,24,11,13,1,Haywood,2022-06-01
3,31,22,9,1,Haywood,2022-07-11
3,49,15,34,1,Henderson,2022-02-11
3,32,18,14,1,Henderson,2022-02-18
3,67,19,48,1,Henderson,2022-02-10
3,17,6,11,1,Hoke,2022-06-24
3,29,7,22,1,Hoke,2022-06-08
3,24,7,17,1,Hoke,2022-07-14
3,22,8,14,1,Iredell,2022-02-19
3,29,8,21,1,Iredell,2022-05-15
3,31,10,21,1,Iredell,2022-02-28
3,28,12,16,1,Iredell,2022-02-23
3,61,15,46,1,Iredell,2022-06-06
3,10,4,6,1,Johnston,2022-03-24
3,21,5,16,1,Lee,2022-05-23
3,37,9,28,1,Lincoln,2022-02-16
3,23,11,12,1,Lincoln,2022-02-12
3,9,2,7,1,McDowell,2022-05-30
3,47,6,41,1,Mecklenburg,2022-03-28
3,81,13,68,1,Mecklenburg,2022-03-07
3,16,6,10,1,Moore,2022-04-28
3,55,7,48,1,Moore,2022-02-14
3,30,8,22,1,Moore,2022-07-09
3,24,7,17,1,Nash,2022-05-24
3,32,13,19,1,New Hanover,2022-07-03
3,62,5,57,1,Onslow,2022-02-17
3,28,5,23,1,Onslow,2022-07-04
3,81,10,71,1,Onslow,2022-05-16
3,72,2,70,1,Orange,2022-02-10
3,33,3,30,1,Pitt,2022-06-19
3,10,7,3,1,Polk,2022-07-11
3,32,11,21,1,Randolph,2022-06-28
3,35,16,19,1,Randolph,2022-06-21
3,21,6,15,1,Robeson,2022-02-13
3,27,10,17,1,Robeson,2022-02-16
3,12,1,11,1,Rockingham,2022-07-10
3,13,1,12,1,Rockingham,2022-07-13
3,32,2,30,1,Rockingham,2022-02-16
3,34,11,23,1,Rockingham,2022-07-25
3,15,5,10,1,Rowan,2022-03-08
3,7,0,7,1,Rutherford,2022-05-02
3,12,3,9,1,Rutherford,2022-02-18
3,27,6,21,1,Rutherford,2022-02-11
3,26,12,14,1,Rutherford,2022-02-14
3,20,6,14,1,Sampson,2022-02-17
3,13,8,5,1,Sampson,2022-02-24
3,26,0,26,1,Stanly,2022-07-15
3,12,4,8,1,Stanly,2022-02-17
3,23,3,20,1,Stokes,2022-02-11
3,17,9,8,1,Stokes,2022-06-13
3,16,6,10,1,Surry,2022-06-10
3,29,7,22,1,Surry,2022-07-14
3,35,10,25,1,Surry,2022-06-14
3,12,4,8,1,Union,2022-02-27
3,61,12,49,1,Union,2022-02-17
3,57,1,56,1,Wake,2022-04-02
3,80,5,75,1,Wake,2022-03-16
3,95,15,80,1,Wake,2022-03-24
3,8,3,5,1,Wayne,2022-03-15
3,53,17,36,1,Wayne,2022-02-11
3,9,1,8,1,Wilkes,2022-05-03
3,23,15,8,1,Wilson,2022-06-07
3,23,3,20,1,Yadkin,2022-07-14
4,66,10,56,1,Alamance,2022-06-02
4,14,3,11,1,Alexander,2022-07-22
4,23,6,17,1,Ashe,2022-02-11
4,48,5,43,1,Brunswick,2022-02-16
4,24,11,13,1,Buncombe,2022-04-07
4,74,24,50,1,Buncombe,2022-02-12
4,50,8,42,1,Cabarrus,2022-07-10
4,89,25,64,1,Cabarrus,2022-02-14
4,12,5,7,1,Carteret,2022-07-04
4,29,9,20,1,Carteret,2022-07-07
4,12,3,9,1,Cleveland,2022-04-25
4,16,5,11,1,Cleveland,2022-05-24
4,37,8,29,1,Cleveland,2022-02-17
4,37,9,28,1,Craven,2022-02-18
4,17,6,11,1,Davidson,2022-07-09
4,33,6,27,1,Davidson,2022-07-10
4,125,5,120,1,Durham,2022-02-16
4,17,3,14,1,Edgecombe,2022-06-17
4,36,8,28,1,Gaston,2022-02-24
4,51,8,43,1,Gaston,2022-05-29
4,115,32,83,1,Guilford,2022-04-29
4,54,6,48,1,Harnett,2022-02-17
4,53,9,44,1,Harnett,2022-02-11
4,55,14,41,1,Harnett,2022-02-14
4,23,12,11,1,Haywood,2022-02-24
4,40,8,32,1,Henderson,2022-06-13
4,40,10,30,1,Hoke,2022-07-19
4,30,5,25,1,Lee,2022-02-09
4,28,6,22,1,Lee,2022-07-19
4,34,17,17,1,Lee,2022-07-18
4,19,2,17,1,Lenoir,2022-02-14
4,25,9,16,1,Lenoir,2022-05-31
4,30,10,20,1,Lenoir,2022-07-14
4,30,5,25,1,Lincoln,2022-07-07
4,39,5,34,1,Mecklenburg,2022-03-06
4,52,7,45,1,Mecklenburg,2022-03-10
4,135,29,106,1,Mecklenburg,2022-02-24
4,30,10,20,1,Moore,2022-05-11
4,25,4,21,1,Nash,2022-02-16
4,14,5,9,1,Nash,2022-05-30
4,40,8,32,1,Nash,2022-02-08
4,49,12,37,1,Nash,2022-02-11
4,17,3,14,1,New Hanover,2022-03-02
4,13,9,4,1,Northampton,2022-06-14
4,38,13,25,1,Onslow,2022-05-21
4,8,2,6,1,Person,2022-07-01
4,20,11,9,1,Randolph,2022-02-19
4,28,15,13,1,Randolph,2022-05-02
4,38,17,21,1,Randolph,2022-05-31
4,30,15,15,1,Robeson,2022-06-18
4,57,10,47,1,Rockingham,2022-02-14
4,32,4,28,1,Rowan,2022-02-18
4,10,3,7,1,Rutherford,2022-05-10
4,24,6,18,1,Rutherford,2022-06-20
4,35,14,21,1,Sampson,2022-02-14
4,22,1,21,1,Stanly,2022-02-15
4,24,3,21,1,Stanly,2022-05-16
4,18,7,11,1,Surry,2022-05-27
4,41,24,17,1,Surry,2022-07-01
4,27,12,15,1,Wilkes,2022-06-10
5,31,3,28,1,Alamance,2022-06-25
5,27,1,26,1,Beaufort,2022-02-17
5,19,5,14,1,Beaufort,2022-02-18
5,41,8,33,1,Beaufort,2022-02-08
5,18,2,16,1,Bladen,2022-05-27
5,53,9,44,1,Brunswick,2022-06-28
5,109,20,89,1,Brunswick,2022-02-09
5,28,17,11,1,Buncombe,2022-07-04
5,83,35,48,1,Buncombe,2022-05-06
5,22,1,21,1,Burke,2022-06-08
5,46,9,37,1,Burke,2022-07-13
5,50,9,41,1,Cabarrus,2022-06-05
5,53,9,44,1,Cabarrus,2022-07-02
5,54,12,42,1,Caldwell,2022-02-14
5,29,8,21,1,Catawba,2022-06-05
5,79,34,45,1,Catawba,2022-02-11
5,21,9,12,1,Columbus,2022-02-10
5,48,22,26,1,Craven,2022-07-12
5,35,6,29,1,Davidson,2022-06-17
5,74,9,65,1,Davidson,2022-02-10
5,34,5,29,1,Davie,2022-02-08
5,75,3,72,1,Durham,2022-04-07
5,17,0,17,1,Edgecombe,2022-06-21
5,58,11,47,1,Gaston,2022-05-11
5,76,13,63,1,Gaston,2022-05-25
5,34,7,27,1,Guilford,2022-03-08
5,37,8,29,1,Guilford,2022-03-23
5,42,9,33,1,Guilford,2022-03-03
5,38,9,29,1,Guilford,2022-03-07
5,39,11,28,1,Guilford,2022-03-22
5,73,23,50,1,Guilford,2022-04-30
5,20,3,17,1,Halifax,2022-06-08
5,29,8,21,1,Haywood,2022-02-16
5,29,5,24,1,Henderson,2022-06-02
5,31,9,22,1,Henderson,2022-05-25
5,26,9,17,1,Iredell,2022-02-24
5,50,17,33,1,Iredell,2022-02-16
5,100,18,82,1,Johnston,2022-05-24
5,22,7,15,1,Lee,2022-07-09
5,29,8,21,1,Lenoir,2022-06-28
5,34,7,27,1,Lincoln,2022-06-27
5,46,5,41,1,Mecklenburg,2022-03-05
5,34,17,17,1,Moore,2022-06-16
5,19,4,15,1,Nash,2022-02-23
5,26,6,20,1,Nash,2022-06-09
5,40,7,33,1,Nash,2022-07-15
5,34,7,27,1,New Hanover,2022-06-12
5,19,8,11,1,New Hanover,2022-04-07
5,60,12,48,1,New Hanover,2022-06-17
5,55,20,35,1,New Hanover,2022-02-17
5,42,1,41,1,Orange,2022-07-15
5,65,7,58,1,Orange,2022-02-16
5,63,7,56,1,Pitt,2022-02-11
5,95,11,84,1,Pitt,2022-02-09
5,27,17,10,1,Randolph,2022-07-02
5,40,17,23,1,Randolph,2022-07-29
5,49,5,44,1,Rockingham,2022-02-08
5,34,9,25,1,Rowan,2022-06-17
5,37,2,35,1,Stanly,2022-02-10
5,35,2,33,1,Stanly,2022-02-11
5,37,14,23,1,Surry,2022-05-24
5,53,4,49,1,Union,2022-05-15
5,69,37,32,1,Wayne,2022-07-13
5,29,18,11,1,Wilkes,2022-06-06
5,63,23,40,1,Wilkes,2022-02-09
5,19,6,13,1,Yadkin,2022-07-22
6,70,5,65,1,Alamance,2022-05-27
6,52,8,44,1,Alamance,2022-07-10
6,60,9,51,1,Brunswick,2022-05-09
6,79,23,56,1,Brunswick,2022-07-11
6,33,14,19,1,Buncombe,2022-07-02
6,68,18,50,1,Buncombe,2022-02-24
6,67,20,47,1,Buncombe,2022-05-21
6,62,28,34,1,Buncombe,2022-04-19
6,17,3,14,1,Chatham,2022-06-24
6,33,5,28,1,Cleveland,2022-07-23
6,32,8,24,1,Cleveland,2022-06-10
6,27,11,16,1,Craven,2022-05-28
6,51,5,46,1,Cumberland,2022-03-03
6,58,12,46,1,Cumberland,2022-02-24
6,32,1,31,1,Davidson,2022-06-19
6,49,6,43,1,Davidson,2022-07-06
6,66,22,44,1,Davidson,2022-05-25
6,176,13,163,1,Durham,2022-02-08
6,35,13,22,1,Forsyth,2022-04-04
6,45,8,37,1,Franklin,2022-02-09
6,71,10,61,1,Gaston,2022-06-06
6,99,10,89,1,Guilford,2022-07-02
6,72,15,57,1,Henderson,2022-07-12
6,40,4,36,1,Hoke,2022-06-06
6,38,10,28,1,Hoke,2022-07-06
6,43,10,33,1,Iredell,2022-06-10
6,41,10,31,1,Lincoln,2022-02-11
6,34,5,29,1,Moore,2022-08-04
6,45,17,28,1,Moore,2022-07-18
6,70,7,63,1,Pitt,2022-02-14
6,45,7,38,1,Pitt,2022-06-26
6,32,5,27,1,Rowan,2022-06-03
6,26,7,19,1,Rowan,2022-05-08
6,44,12,32,1,Surry,2022-07-20
6,70,15,55,1,Union,2022-06-08
6,143,35,108,1,Union,2022-02-08
6,18,8,10,1,Wayne,2022-03-07
6,53,30,23,1,Wayne,2022-02-14
6,35,21,14,1,Wilkes,2022-05-31
7,32,4,28,1,Beaufort,2022-02-10
7,61,18,43,1,Buncombe,2022-07-24
7,89,27,62,1,Buncombe,2022-06-20
7,106,39,67,1,Buncombe,2022-06-09
7,96,42,54,1,Buncombe,2022-02-17
7,92,31,61,1,Burke,2022-02-10
7,41,2,39,1,Caldwell,2022-06-28
7,31,3,28,1,Caldwell,2022-07-17
7,38,8,30,1,Catawba,2022-07-03
7,60,22,38,1,Catawba,2022-07-06
7,34,1,33,1,Cleveland,2022-07-30
7,57,11,46,1,Davidson,2022-02-11
7,91,4,87,1,Durham,2022-06-26
7,41,0,41,1,Franklin,2022-05-09
7,29,3,26,1,Franklin,2022-07-20
7,70,8,62,1,Franklin,2022-02-10
7,64,40,24,1,Henderson,2022-07-07
7,84,34,50,1,Iredell,2022-02-11
7,96,28,68,1,Johnston,2022-05-17
7,66,13,53,1,Mecklenburg,2022-03-21
7,58,15,43,1,New Hanover,2022-07-10
7,80,12,68,1,Onslow,2022-05-24
7,49,5,44,1,Pitt,2022-07-31
7,59,16,43,1,Randolph,2022-02-11
7,83,7,76,1,Rowan,2022-02-09
7,30,2,28,1,Stanly,2022-07-18
7,32,9,23,1,Surry,2022-06-27
7,47,9,38,1,Surry,2022-07-13
7,47,5,42,1,Union,2022-07-02
7,37,16,21,1,Watauga,2022-02-10
7,43,23,20,1,Wayne,2022-02-15
7,32,14,18,1,Wilson,2022-06-29
8,69,12,57,1,Alamance,2022-07-06
8,49,6,43,1,Brunswick,2022-05-12
8,106,32,74,1,Buncombe,2022-07-18
8,121,38,83,1,Buncombe,2022-02-11
8,101,39,62,1,Buncombe,2022-06-06
8,91,36,55,1,Burke,2022-02-09
8,136,33,103,1,Cabarrus,2022-02-08
8,44,11,33,1,Caldwell,2022-02-10
8,43,13,30,1,Craven,2022-05-18
8,52,21,31,1,Craven,2022-07-13
8,135,19,116,1,Cumberland,2022-06-22
8,30,11,19,1,Duplin,2022-06-27
8,54,8,46,1,Gaston,2022-06-16
8,83,12,71,1,Gaston,2022-08-04
8,61,14,47,1,Johnston,2022-06-17
8,93,17,76,1,Mecklenburg,2022-03-29
8,50,9,41,1,Nash,2022-07-27
8,75,12,63,1,New Hanover,2022-06-07
8,80,15,65,1,New Hanover,2022-06-14
8,80,16,64,1,New Hanover,2022-06-16
8,47,6,41,1,Onslow,2022-07-23
8,65,8,57,1,Onslow,2022-06-16
8,32,3,29,1,Rowan,2022-05-11
8,53,13,40,1,Rowan,2022-05-24
8,69,13,56,1,Rowan,2022-07-06
8,25,7,18,1,Stokes,2022-06-30
8,40,14,26,1,Surry,2022-07-11
8,109,18,91,1,Union,2022-06-01
8,89,13,76,1,Wake,2022-03-31
8,148,13,135,1,Wake,2022-04-04
8,30,7,23,1,Wilson,2022-07-01
8,31,14,17,1,Wilson,2022-05-23
8,43,27,16,1,Wilson,2022-07-08
9,74,19,55,1,Alamance,2022-05-09
9,84,33,51,1,Buncombe,2022-06-23
9,31,7,24,1,Cabarrus,2022-07-04
9,40,4,36,1,Davidson,2022-07-02
9,46,31,15,1,Duplin,2022-07-18
9,119,15,104,1,Durham,2022-04-14
9,119,22,97,1,Forsyth,2022-06-16
9,90,21,69,1,Guilford,2022-04-12
9,82,31,51,1,Iredell,2022-05-25
9,103,37,66,1,Iredell,2022-02-10
9,42,11,31,1,McDowell,2022-02-14
9,57,14,43,1,Mecklenburg,2022-02-26
9,140,27,113,1,Mecklenburg,2022-02-19
9,42,15,27,1,Nash,2022-08-04
9,106,15,91,1,New Hanover,2022-05-31
9,49,31,18,1,Robeson,2022-06-16
9,40,8,32,1,Rowan,2022-07-31
9,100,9,91,1,Wake,2022-03-30
9,200,25,175,1,Wake,2022-05-01
9,188,29,159,1,Wake,2022-04-24
10,39,5,34,1,Alamance,2022-07-17
10,83,11,72,1,Alamance,2022-06-27
10,86,22,64,1,Buncombe,2022-07-13
10,111,25,86,1,Buncombe,2022-06-13
10,122,49,73,1,Buncombe,2022-05-05
10,38,10,28,1,Caldwell,2022-07-12
10,54,33,21,1,Catawba,2022-07-08
10,27,14,13,1,Columbus,2022-08-02
10,54,12,42,1,Davidson,2022-06-22
10,48,15,33,1,Davidson,2022-06-10
10,174,8,166,1,Durham,2022-05-26
10,106,16,90,1,Forsyth,2022-05-28
10,127,18,109,1,Guilford,2022-05-28
10,170,26,144,1,Guilford,2022-07-15
10,53,10,43,1,Harnett,2022-07-21
10,118,49,69,1,Iredell,2022-02-08
10,75,13,62,1,Johnston,2022-05-29
10,73,23,50,1,Johnston,2022-05-10
10,221,34,187,1,Mecklenburg,2022-05-08
10,110,14,96,1,New Hanover,2022-07-21
10,119,30,89,1,New Hanover,2022-02-10
10,66,16,50,1,Randolph,2022-02-10
10,56,7,49,1,Rowan,2022-07-13
10,39,11,28,1,Surry,2022-06-07
10,23,13,10,1,Surry,2022-07-04
10,86,16,70,1,Union,2022-06-22
10,133,7,126,1,Wake,2022-04-09
10,100,14,86,1,Wake,2022-03-04
10,175,23,152,1,Wake,2022-04-15
10,48,32,16,1,Wayne,2022-06-01
11,94,35,59,1,Buncombe,2022-06-21
11,154,55,99,1,Buncombe,2022-02-10
11,95,18,77,1,Cabarrus,2022-05-17
11,61,26,35,1,Catawba,2022-05-25
11,49,4,45,1,Cleveland,2022-06-21
11,73,10,63,1,Cumberland,2022-04-27
11,69,4,65,1,Gaston,2022-06-14
11,59,14,45,1,Gaston,2022-08-06
11,100,15,85,1,Guilford,2022-07-09
11,89,25,64,1,Guilford,2022-05-30
11,181,25,156,1,Guilford,2022-06-07
11,158,37,121,1,Guilford,2022-05-03
11,73,26,47,1,Harnett,2022-05-31
11,99,35,64,1,Harnett,2022-02-08
11,66,23,43,1,Henderson,2022-07-05
11,67,24,43,1,Iredell,2022-06-21
11,85,16,69,1,Johnston,2022-05-09
11,86,9,77,1,Onslow,2022-07-29
11,99,13,86,1,Onslow,2022-07-20
11,64,4,60,1,Orange,2022-07-18
11,63,42,21,1,Randolph,2022-07-19
11,48,14,34,1,Rowan,2022-06-21
12,66,6,60,1,Alamance,2022-06-08
12,147,57,90,1,Buncombe,2022-05-12
12,72,21,51,1,Cabarrus,2022-06-13
12,65,21,44,1,Catawba,2022-07-24
12,62,23,39,1,Catawba,2022-07-10
12,48,8,40,1,Cleveland,2022-07-28
12,65,11,54,1,Cumberland,2022-04-28
12,75,10,65,1,Forsyth,2022-06-25
12,84,21,63,1,Forsyth,2022-07-04
12,123,29,94,1,Guilford,2022-04-26
12,122,32,90,1,Guilford,2022-04-21
12,164,46,118,1,Guilford,2022-04-25
12,89,35,54,1,Iredell,2022-05-23
12,154,20,134,1,Onslow,2022-02-08
12,59,20,39,1,Surry,2022-07-18
12,63,35,28,1,Wayne,2022-06-24
13,101,14,87,1,Alamance,2022-02-08
13,65,12,53,1,Caldwell,2022-07-18
13,53,27,26,1,Catawba,2022-06-14
13,76,33,43,1,Catawba,2022-07-07
13,120,19,101,1,Cumberland,2022-07-01
13,71,7,64,1,Forsyth,2022-07-02
13,104,18,86,1,Forsyth,2022-07-09
13,94,25,69,1,Forsyth,2022-02-17
13,68,11,57,1,Gaston,2022-06-01
13,76,13,63,1,Gaston,2022-06-07
13,120,22,98,1,Guilford,2022-02-17
13,124,21,103,1,Mecklenburg,2022-04-08
13,65,37,28,1,Robeson,2022-07-15
13,103,15,88,1,Union,2022-07-06
13,95,54,41,1,Wayne,2022-07-05
13,119,69,50,1,Wayne,2022-07-11
14,66,16,50,1,Alamance,2022-06-20
14,94,22,72,1,Alamance,2022-05-17
14,70,24,46,1,Buncombe,2022-07-15
14,149,59,90,1,Buncombe,2022-05-18
14,68,7,61,1,Cleveland,2022-07-20
14,57,9,48,1,Davidson,2022-06-29
14,115,4,111,1,Durham,2022-07-23
14,198,20,178,1,Durham,2022-06-22
14,86,25,61,1,Gaston,2022-06-27
14,87,10,77,1,Guilford,2022-06-04
14,180,41,139,1,Guilford,2022-06-20
14,75,23,52,1,Johnston,2022-06-28
14,134,35,99,1,New Hanover,2022-07-05
14,110,27,83,1,Onslow,2022-07-28
15,90,12,78,1,Alamance,2022-07-05
15,111,17,94,1,Alamance,2022-05-18
15,229,9,220,1,Durham,2022-05-19
15,91,10,81,1,Gaston,2022-06-28
15,103,18,85,1,Gaston,2022-07-28
15,93,21,72,1,Johnston,2022-07-12
15,61,35,26,1,Robeson,2022-07-01
15,182,14,168,1,Wake,2022-04-08
15,299,31,268,1,Wake,2022-04-22
15,358,56,302,1,Wake,2022-05-08
16,96,10,86,1,Cabarrus,2022-07-14
16,200,12,188,1,Durham,2022-07-05
16,174,33,141,1,Forsyth,2022-05-25
16,91,14,77,1,Onslow,2022-07-22
16,80,38,42,1,Robeson,2022-07-27
16,95,11,84,1,Union,2022-07-22
16,119,21,98,1,Union,2022-05-19
17,128,15,113,1,Alamance,2022-05-31
17,133,55,78,1,Buncombe,2022-05-24
17,166,26,140,1,Forsyth,2022-06-07
17,142,23,119,1,Guilford,2022-07-30
17,170,25,145,1,Guilford,2022-07-13
17,178,30,148,1,Guilford,2022-07-12
17,209,45,164,1,Guilford,2022-05-13
17,248,47,201,1,Guilford,2022-05-10
17,115,34,81,1,Johnston,2022-07-06
17,96,9,87,1,Pitt,2022-07-13
17,57,33,24,1,Robeson,2022-07-08
18,107,20,87,1,Cabarrus,2022-07-26
18,229,56,173,1,Cumberland,2022-02-09
18,176,9,167,1,Durham,2022-07-06
18,123,22,101,1,Gaston,2022-07-05
18,85,25,60,1,Iredell,2022-07-29
18,72,34,38,1,Robeson,2022-06-09
18,113,16,97,1,Union,2022-07-20
18,130,20,110,1,Union,2022-07-05
19,100,17,83,1,Alamance,2022-07-18
19,123,22,101,1,Cabarrus,2022-07-19
19,177,30,147,1,Forsyth,2022-05-16
19,127,17,110,1,Gaston,2022-07-14
19,176,41,135,1,Guilford,2022-06-21
19,80,38,42,1,Robeson,2022-07-19
20,81,31,50,1,Craven,2022-08-01
20,90,19,71,1,Davidson,2022-07-27
20,164,23,141,1,Forsyth,2022-06-24
20,163,31,132,1,Forsyth,2022-07-22
20,103,10,93,1,Rowan,2022-02-08
21,183,45,138,1,Cumberland,2022-05-16
21,101,21,80,1,Davidson,2022-07-25
21,165,19,146,1,Forsyth,2022-08-03
21,141,20,121,1,Forsyth,2022-06-22
21,157,21,136,1,Forsyth,2022-06-21
21,82,7,75,1,Gaston,2022-06-29
21,183,23,160,1,Guilford,2022-06-30
21,74,26,48,1,Robeson,2022-06-14
22,141,21,120,1,Cumberland,2022-07-29
22,213,31,182,1,Cumberland,2022-07-05
22,195,38,157,1,Forsyth,2022-05-19
22,98,18,80,1,Johnston,2022-07-14
23,207,21,186,1,Guilford,2022-06-01
23,288,29,259,1,Mecklenburg,2022-07-03
24,182,34,148,1,Forsyth,2022-07-27
24,187,37,150,1,Guilford,2022-07-11
24,392,62,330,1,Wake,2022-05-22
25,158,28,130,1,Forsyth,2022-07-07
25,124,20,104,1,Gaston,2022-07-26
25,266,52,214,1,Guilford,2022-05-16
26,187,26,161,1,Forsyth,2022-08-02
27,168,28,140,1,Guilford,2022-06-16
27,206,45,161,1,Guilford,2022-07-20
28,217,38,179,1,Guilford,2022-07-26
28,265,43,222,1,Guilford,2022-07-05
28,368,66,302,1,Mecklenburg,2022-05-05
29,124,28,96,1,Forsyth,2022-07-17
29,165,41,124,1,Forsyth,2022-06-13
29,253,16,237,1,Mecklenburg,2022-06-12
29,247,29,218,1,Mecklenburg,2022-07-02
29,231,33,198,1,Mecklenburg,2022-07-04
30,287,63,224,1,Guilford,2022-05-09
31,189,46,143,1,Cumberland,2022-07-13
31,487,59,428,1,Wake,2022-05-28
32,212,42,170,1,Forsyth,2022-07-18
32,183,36,147,1,Guilford,2022-07-21
32,257,44,213,1,Guilford,2022-07-25
32,379,40,339,1,Wake,2022-04-28
32,328,54,274,1,Wake,2022-07-17
33,247,46,201,1,Guilford,2022-05-12
33,241,52,189,1,Guilford,2022-07-28
33,612,50,562,1,Wake,2022-02-14
35,452,58,394,1,Mecklenburg,2022-05-11
36,532,39,493,1,Wake,2022-05-07
37,262,35,227,1,Guilford,2022-08-02
38,458,69,389,1,Mecklenburg,2022-05-12
41,243,45,198,1,Guilford,2022-08-01
41,583,69,514,1,Wake,2022-05-05
42,502,60,442,1,Mecklenburg,2022-06-02
43,476,50,426,1,Mecklenburg,2022-06-08
45,439,68,371,1,Mecklenburg,2022-06-13
47,434,65,369,1,Mecklenburg,2022-05-27
48,387,35,352,1,Mecklenburg,2022-06-10
48,531,51,480,1,Wake,2022-06-14
49,366,32,334,1,Mecklenburg,2022-07-10
49,483,55,428,1,Mecklenburg,2022-05-10
49,498,76,422,1,Mecklenburg,2022-06-27
49,482,47,435,1,Wake,2022-06-17
49,518,52,466,1,Wake,2022-07-01
50,411,25,386,1,Mecklenburg,2022-07-23
50,477,70,407,1,Wake,2022-06-09
55,600,73,527,1,Mecklenburg,2022-05-31
55,484,46,438,1,Wake,2022-07-12
55,626,70,556,1,Wake,2022-06-08
55,553,75,478,1,Wake,2022-07-07
57,433,59,374,1,Mecklenburg,2022-07-01
57,537,70,467,1,Wake,2022-06-30
57,874,99,775,1,Wake,2022-05-26
58,800,87,713,1,Wake,2022-02-09
60,537,69,468,1,Mecklenburg,2022-06-30
63,470,54,416,1,Mecklenburg,2022-07-15
69,571,48,523,1,Wake,2022-07-06
69,600,50,550,1,Wake,2022-06-22
75,527,66,461,1,Wake,2022-07-13
75,809,76,733,1,Wake,2022-06-02
77,530,57,473,1,Mecklenburg,2022-07-13
78,578,72,506,1,Mecklenburg,2022-06-29
79,576,67,509,1,Mecklenburg,2022-07-22
79,658,72,586,1,Wake,2022-07-11
79,1069,119,950,1,Wake,2022-05-17
80,589,63,526,1,Mecklenburg,2022-07-07
87,1021,104,917,1,Wake,2022-05-19
88,592,49,543,1,Mecklenburg,2022-08-03
89,640,58,582,1,Mecklenburg,2022-07-27
91,1144,111,1033,1,Wake,2022-05-16
92,608,56,552,1,Mecklenburg,2022-07-28
93,664,90,574,1,Mecklenburg,2022-07-25
104,670,70,600,1,Mecklenburg,2022-07-26
108,661,72,589,1,Mecklenburg,2022-07-18
,0,0,0,2,Greene,2022-03-15
,0,0,0,2,Pender,2022-03-26
,0,0,0,2,Rowan,2022-03-05
,0,0,0,2,Rowan,2022-03-19
,0,0,0,2,Surry,2022-03-19
0,1,0,1,2,Alexander,2022-02-27
0,2,1,1,2,Alexander,2022-03-10
0,14,3,11,2,Bladen,2022-02-17
0,16,3,13,2,Brunswick,2022-03-01
0,36,4,32,2,Brunswick,2022-02-21
0,9,2,7,2,Burke,2022-02-25
0,12,2,10,2,Burke,2022-03-08
0,33,12,21,2,Burke,2022-02-12
0,1,1,0,2,Carteret,2022-03-16
0,24,14,10,2,Carteret,2022-02-16
0,2,0,2,2,Catawba,2022-03-27
0,10,2,8,2,Catawba,2022-02-26
0,3,0,3,2,Cleveland,2022-03-23
0,16,2,14,2,Cleveland,2022-02-23
0,7,0,7,2,Dare,2022-02-20
0,3,1,2,2,Duplin,2022-03-08
0,1,0,1,2,Gaston,2022-03-12
0,2,1,1,2,Gaston,2022-03-11
0,7,1,6,2,Guilford,2022-03-13
0,9,1,8,2,Guilford,2022-03-27
0,13,4,9,2,Guilford,2022-03-25
0,23,6,17,2,Guilford,2022-03-09
0,4,0,4,2,Halifax,2022-02-19
0,8,0,8,2,Halifax,2022-02-22
0,1,0,1,2,Halifax,2022-03-13
0,4,1,3,2,Haywood,2022-03-04
0,7,2,5,2,Haywood,2022-03-08
0,27,10,17,2,Haywood,2022-02-11
0,7,2,5,2,Henderson,2022-03-10
0,2,1,1,2,Iredell,2022-03-05
0,9,3,6,2,Iredell,2022-03-08
0,5,3,2,2,Johnston,2022-03-27
0,4,0,4,2,Lenoir,2022-03-01
0,2,0,2,2,Lenoir,2022-03-23
0,6,3,3,2,Lenoir,2022-02-17
0,1,0,1,2,Lincoln,2022-03-16
0,3,1,2,2,Moore,2022-03-09
0,23,3,20,2,Moore,2022-02-12
0,1,0,1,2,Nash,2022-03-06
0,7,0,7,2,Onslow,2022-02-26
0,10,4,6,2,Onslow,2022-03-02
0,4,3,1,2,Pamlico,2022-07-21
0,3,0,3,2,Randolph,2022-03-17
0,3,1,2,2,Randolph,2022-04-08
0,10,2,8,2,Randolph,2022-03-07
0,16,3,13,2,Randolph,2022-02-20
0,16,7,9,2,Robeson,2022-02-23
0,4,0,4,2,Rowan,2022-03-20
0,6,2,4,2,Rowan,2022-03-10
0,9,2,7,2,Rutherford,2022-02-13
0,2,0,2,2,Sampson,2022-02-20
0,5,0,5,2,Stanly,2022-03-01
0,12,0,12,2,Stokes,2022-02-12
0,7,0,7,2,Surry,2022-03-14
0,14,1,13,2,Union,2022-03-28
0,4,2,2,2,Vance,2022-04-11
0,1,1,0,2,Wayne,2022-03-19
0,2,0,2,2,Yadkin,2022-03-22
1,36,5,31,2,Alamance,2022-02-19
1,23,7,16,2,Alamance,2022-04-06
1,5,1,4,2,Alexander,2022-02-26
1,2,0,2,2,Brunswick,2022-03-06
1,8,2,6,2,Buncombe,2022-03-20
1,14,2,12,2,Cabarrus,2022-02-26
1,13,3,10,2,Caldwell,2022-02-23
1,17,4,13,2,Catawba,2022-03-03
1,6,5,1,2,Catawba,2022-03-23
1,10,1,9,2,Cleveland,2022-02-26
1,35,10,25,2,Craven,2022-06-10
1,20,3,17,2,Gaston,2022-04-12
1,21,5,16,2,Gaston,2022-03-02
1,11,3,8,2,Haywood,2022-03-07
1,37,9,28,2,Iredell,2022-02-12
1,24,2,22,2,Johnston,2022-03-01
1,31,8,23,2,Johnston,2022-02-19
1,16,2,14,2,Macon,2022-02-10
1,22,4,18,2,Mecklenburg,2022-03-20
1,50,15,35,2,Moore,2022-02-11
1,20,9,11,2,New Hanover,2022-02-19
1,66,17,49,2,New Hanover,2022-02-16
1,38,5,33,2,Onslow,2022-02-18
1,37,4,33,2,Orange,2022-02-18
1,18,0,18,2,Pitt,2022-02-20
1,20,1,19,2,Pitt,2022-02-12
1,7,1,6,2,Pitt,2022-02-26
1,3,0,3,2,Robeson,2022-03-13
1,13,0,13,2,Rockingham,2022-03-02
1,15,1,14,2,Rockingham,2022-02-25
1,12,1,11,2,Rowan,2022-02-24
1,4,1,3,2,Rutherford,2022-03-02
1,18,7,11,2,Sampson,2022-02-23
1,3,0,3,2,Stokes,2022-03-05
1,7,2,5,2,Surry,2022-03-03
1,14,5,9,2,Union,2022-03-08
1,97,4,93,2,Wake,2022-03-08
1,43,7,36,2,Wake,2022-03-06
1,37,14,23,2,Watauga,2022-02-09
1,28,7,21,2,Wilson,2022-02-10
2,22,3,19,2,Brunswick,2022-03-07
2,26,8,18,2,Buncombe,2022-03-04
2,43,10,33,2,Buncombe,2022-02-19
2,51,16,35,2,Burke,2022-02-11
2,11,7,4,2,Catawba,2022-03-08
2,38,11,27,2,Craven,2022-02-17
2,11,3,8,2,Cumberland,2022-03-05
2,26,8,18,2,Cumberland,2022-02-20
2,31,1,30,2,Durham,2022-03-21
2,18,2,16,2,Durham,2022-02-27
2,25,1,24,2,Forsyth,2022-02-26
2,18,7,11,2,Gaston,2022-03-01
2,16,3,13,2,Johnston,2022-02-26
2,7,1,6,2,Lincoln,2022-03-02
2,5,2,3,2,Montgomery,2022-05-30
2,50,6,44,2,Moore,2022-02-08
2,52,14,38,2,Moore,2022-02-09
2,37,4,33,2,Onslow,2022-02-12
2,74,6,68,2,Onslow,2022-02-11
2,26,4,22,2,Randolph,2022-02-12
2,8,2,6,2,Swain,2022-02-09
2,126,14,112,2,Wake,2022-02-26
2,28,9,19,2,Wilkes,2022-02-17
2,45,22,23,2,Wilkes,2022-02-11
2,2,1,1,2,Yadkin,2022-02-27
3,69,26,43,2,Buncombe,2022-02-23
3,46,11,35,2,Cabarrus,2022-02-12
3,30,16,14,2,Catawba,2022-02-24
3,15,4,11,2,Davidson,2022-03-02
3,36,5,31,2,Forsyth,2022-03-03
3,13,8,5,2,Haywood,2022-02-20
3,43,14,29,2,Iredell,2022-02-18
3,15,4,11,2,Johnston,2022-03-03
3,34,3,31,2,Nash,2022-02-10
3,96,13,83,2,Onslow,2022-02-09
3,24,4,20,2,Pender,2022-02-11
3,44,12,32,2,Randolph,2022-02-16
3,28,13,15,2,Sampson,2022-02-16
3,27,2,25,2,Stokes,2022-02-10
3,32,10,22,2,Wilkes,2022-02-16
3,10,1,9,2,Wilson,2022-02-19
4,69,4,65,2,Alamance,2022-02-16
4,24,8,16,2,Catawba,2022-02-20
4,45,20,25,2,Catawba,2022-02-12
4,22,4,18,2,Cherokee,2022-02-11
4,34,9,25,2,Cleveland,2022-02-18
4,25,16,9,2,Columbus,2022-02-14
4,40,13,27,2,Duplin,2022-02-08
4,73,12,61,2,Durham,2022-02-18
4,93,18,75,2,Mecklenburg,2022-03-01
4,28,5,23,2,Nash,2022-06-10
4,32,9,23,2,Robeson,2022-02-17
4,47,12,35,2,Surry,2022-02-11
4,45,8,37,2,Wake,2022-03-20
5,72,21,51,2,Buncombe,2022-05-29
5,67,18,49,2,Cleveland,2022-02-10
5,32,4,28,2,Davidson,2022-07-04
5,71,6,65,2,Durham,2022-04-05
5,42,8,34,2,Guilford,2022-04-09
5,32,11,21,2,Lenoir,2022-02-08
5,49,11,38,2,Lincoln,2022-02-10
5,66,12,54,2,Mecklenburg,2022-03-08
5,48,8,40,2,Moore,2022-02-10
5,17,5,12,2,Nash,2022-07-02
5,23,9,14,2,Robeson,2022-02-18
5,56,23,33,2,Robeson,2022-02-09
5,34,14,20,2,Surry,2022-07-10
5,53,15,38,2,Union,2022-02-18
5,62,9,53,2,Wake,2022-03-12
5,51,22,29,2,Wayne,2022-02-09
5,101,69,32,2,Wilkes,2022-02-08
6,90,35,55,2,Buncombe,2022-02-18
6,29,11,18,2,Burke,2022-02-17
6,57,10,47,2,Cleveland,2022-02-11
6,91,26,65,2,Guilford,2022-04-13
6,31,15,16,2,Henderson,2022-07-06
6,86,21,65,2,Johnston,2022-02-16
6,147,17,130,2,Onslow,2022-02-10
6,83,7,76,2,Wake,2022-03-10
6,122,12,110,2,Wake,2022-03-21
7,47,7,40,2,Alamance,2022-02-17
7,82,9,73,2,Alamance,2022-02-11
7,61,12,49,2,Craven,2022-02-14
7,128,11,117,2,Durham,2022-02-11
7,56,7,49,2,Forsyth,2022-02-23
7,112,14,98,2,Guilford,2022-02-12
7,80,30,50,2,Iredell,2022-02-14
7,91,33,58,2,Iredell,2022-06-27
7,116,14,102,2,Onslow,2022-02-14
7,33,10,23,2,Randolph,2022-02-17
7,94,22,72,2,Randolph,2022-02-08
7,48,17,31,2,Rutherford,2022-02-09
7,125,9,116,2,Wake,2022-03-03
8,102,30,72,2,Cabarrus,2022-02-10
8,71,13,58,2,Cumberland,2022-02-23
8,139,16,123,2,Cumberland,2022-02-16
8,97,24,73,2,Johnston,2022-02-14
8,54,8,46,2,Pitt,2022-07-30
8,37,23,14,2,Robeson,2022-07-02
8,87,16,71,2,Union,2022-02-14
9,67,5,62,2,Alamance,2022-06-23
9,93,15,78,2,Brunswick,2022-02-08
9,79,37,42,2,Catawba,2022-02-16
9,77,13,64,2,Gaston,2022-02-17
9,131,32,99,2,New Hanover,2022-02-08
9,219,31,188,2,Wake,2022-02-24
10,61,11,50,2,Cleveland,2022-02-14
10,133,13,120,2,Guilford,2022-07-17
11,78,11,67,2,Gaston,2022-07-31
11,81,34,47,2,Iredell,2022-07-28
11,109,26,83,2,Johnston,2022-02-10
12,81,13,68,2,Cabarrus,2022-06-09
12,182,18,164,2,Cumberland,2022-02-14
12,111,19,92,2,Cumberland,2022-05-09
12,122,26,96,2,Cumberland,2022-02-17
12,138,24,114,2,Guilford,2022-05-14
12,226,45,181,2,Guilford,2022-02-09
12,98,28,70,2,Union,2022-02-09
13,101,11,90,2,Davidson,2022-02-08
13,94,21,73,2,Forsyth,2022-04-25
13,116,38,78,2,Gaston,2022-02-14
13,237,41,196,2,Mecklenburg,2022-02-17
14,97,11,86,2,Guilford,2022-06-11
14,147,20,127,2,Guilford,2022-06-14
14,145,20,125,2,Guilford,2022-06-23
14,244,17,227,2,Wake,2022-04-14
15,117,48,69,2,Buncombe,2022-06-29
15,158,25,133,2,Forsyth,2022-02-14
15,74,7,67,2,Gaston,2022-07-17
15,184,27,157,2,Guilford,2022-06-29
15,178,40,138,2,Guilford,2022-02-14
16,91,49,42,2,Catawba,2022-02-14
17,95,11,84,2,Union,2022-08-03
20,178,27,151,2,Guilford,2022-07-14
21,154,29,125,2,Forsyth,2022-06-30
22,114,22,92,2,Gaston,2022-07-19
24,218,43,175,2,Mecklenburg,2022-04-19
25,162,27,135,2,Forsyth,2022-06-28
25,265,43,222,2,Mecklenburg,2022-06-04
26,258,27,231,2,Mecklenburg,2022-06-26
29,363,64,299,2,Mecklenburg,2022-02-14
30,398,69,329,2,Mecklenburg,2022-02-11
32,321,39,282,2,Wake,2022-06-11
33,202,41,161,2,Guilford,2022-07-29
34,572,51,521,2,Wake,2022-02-11
36,286,45,241,2,Guilford,2022-05-31
36,446,66,380,2,Wake,2022-05-15
39,641,45,596,2,Wake,2022-05-14
41,482,63,419,2,Wake,2022-06-04
42,300,31,269,2,Mecklenburg,2022-07-09
45,671,62,609,2,Wake,2022-05-02
47,498,79,419,2,Mecklenburg,2022-05-23
51,611,64,547,2,Wake,2022-06-13
59,641,84,557,2,Wake,2022-07-05
62,375,42,333,2,Mecklenburg,2022-07-30
64,580,61,519,2,Wake,2022-06-29
74,996,92,904,2,Wake,2022-05-09
79,604,80,524,2,Mecklenburg,2022-07-06
84,662,75,587,2,Mecklenburg,2022-07-19
89,932,104,828,2,Wake,2022-06-01
0,26,4,22,3,Buncombe,2022-03-07
0,37,7,30,3,Buncombe,2022-05-01
0,20,3,17,3,New Hanover,2022-02-25
0,2,2,0,3,Vance,2022-02-19
1,28,10,18,3,Cabarrus,2022-02-19
1,20,8,12,3,Cleveland,2022-02-22
1,34,3,31,3,Davidson,2022-02-12
1,18,5,13,3,Davidson,2022-02-24
1,34,12,22,3,Gaston,2022-02-19
1,41,15,26,3,New Hanover,2022-02-12
1,90,28,62,3,New Hanover,2022-02-14
1,7,2,5,3,Onslow,2022-03-10
1,11,2,9,3,Pitt,2022-02-19
1,31,7,24,3,Randolph,2022-02-18
1,51,12,39,3,Randolph,2022-02-14
1,14,2,12,3,Stokes,2022-02-18
1,71,8,63,3,Wake,2022-03-18
2,64,19,45,3,Buncombe,2022-06-14
2,14,3,11,3,Cabarrus,2022-03-02
2,23,5,18,3,Cabarrus,2022-02-20
2,34,9,25,3,Catawba,2022-02-23
2,23,3,20,3,Guilford,2022-03-15
2,47,10,37,3,Guilford,2022-03-04
2,59,6,53,3,Onslow,2022-02-16
2,22,13,9,3,Wayne,2022-02-28
3,32,9,23,3,Alamance,2022-02-13
3,29,6,23,3,Brunswick,2022-02-19
3,23,10,13,3,Catawba,2022-02-19
3,45,7,38,3,Guilford,2022-03-02
3,184,39,145,3,Guilford,2022-02-11
3,122,28,94,3,Mecklenburg,2022-02-20
3,44,15,29,3,Robeson,2022-02-11
4,19,5,14,3,Cabarrus,2022-03-01
4,70,13,57,3,Harnett,2022-02-10
4,34,7,27,3,Lee,2022-02-08
4,60,21,39,3,McDowell,2022-02-10
4,58,17,41,3,Union,2022-02-12
5,45,8,37,3,Caldwell,2022-02-11
5,74,24,50,3,Surry,2022-02-08
5,107,22,85,3,Union,2022-02-11
6,59,9,50,3,Brunswick,2022-02-10
6,53,13,40,3,Catawba,2022-02-18
6,88,14,74,3,Cumberland,2022-02-12
6,158,36,122,3,Guilford,2022-02-16
6,99,24,75,3,Johnston,2022-02-11
6,80,13,67,3,Mecklenburg,2022-03-03
6,193,24,169,3,Mecklenburg,2022-02-12
7,177,77,100,3,Buncombe,2022-02-14
8,116,57,59,3,Buncombe,2022-05-03
8,208,77,131,3,Buncombe,2022-02-08
8,69,15,54,3,Johnston,2022-02-12
8,38,12,26,3,McDowell,2022-02-11
8,239,19,220,3,Wake,2022-02-19
8,82,36,46,3,Wayne,2022-02-10
9,110,10,100,3,Cumberland,2022-02-18
9,68,4,64,3,Rowan,2022-02-11
9,82,9,73,3,Rowan,2022-02-10
11,128,31,97,3,Gaston,2022-02-10
11,142,31,111,3,Johnston,2022-02-08
11,84,29,55,3,Randolph,2022-02-09
12,88,10,78,3,Alamance,2022-02-10
12,152,31,121,3,Cumberland,2022-02-11
12,238,41,197,3,Guilford,2022-02-08
12,129,7,122,3,Wake,2022-03-07
13,114,41,73,3,Catawba,2022-02-10
13,132,18,114,3,Forsyth,2022-02-11
13,167,30,137,3,Forsyth,2022-02-10
14,221,37,184,3,Mecklenburg,2022-02-18
15,186,39,147,3,Gaston,2022-02-08
15,161,26,135,3,Guilford,2022-06-10
16,93,18,75,3,Cleveland,2022-02-08
19,393,45,348,3,Wake,2022-02-17
20,299,43,256,3,Mecklenburg,2022-02-16
21,209,31,178,3,Guilford,2022-05-24
23,271,24,247,3,Wake,2022-02-23
24,373,37,336,3,Wake,2022-02-18
26,174,48,126,3,Cumberland,2022-02-10
28,147,33,114,3,Gaston,2022-07-18
32,456,81,375,3,Mecklenburg,2022-02-10
33,332,36,296,3,Mecklenburg,2022-07-17
48,442,49,393,3,Mecklenburg,2022-06-23
0,21,3,18,4,Forsyth,2022-03-10
0,52,8,44,4,Wake,2022-03-05
1,15,3,12,4,Guilford,2022-03-06
1,10,3,7,4,Robeson,2022-03-01
2,21,10,11,4,Catawba,2022-03-09
2,34,5,29,4,Forsyth,2022-03-01
2,19,1,18,4,Stokes,2022-02-17
3,30,7,23,4,Gaston,2022-02-20
3,47,11,36,4,Iredell,2022-02-17
3,8,3,5,4,Robeson,2022-02-19
4,100,21,79,4,Forsyth,2022-02-18
4,46,8,38,4,Gaston,2022-02-23
4,63,17,46,4,Guilford,2022-02-24
4,104,23,81,4,Guilford,2022-02-18
5,34,7,27,4,Cumberland,2022-02-19
5,94,32,62,4,Guilford,2022-02-23
7,93,24,69,4,Buncombe,2022-02-16
8,148,74,74,4,Catawba,2022-02-08
12,94,13,81,4,Davidson,2022-02-09
16,227,51,176,4,Guilford,2022-02-10
26,498,82,416,4,Mecklenburg,2022-02-09
27,381,28,353,4,Wake,2022-02-12
0,11,4,7,5,Bladen,2022-02-10
0,7,2,5,5,Catawba,2022-03-17
0,22,2,20,5,Guilford,2022-03-05
1,40,14,26,5,Buncombe,2022-02-20
1,32,1,31,5,Forsyth,2022-02-20
1,26,8,18,5,Guilford,2022-02-26
5,27,9,18,5,Surry,2022-02-17
7,64,11,53,5,Gaston,2022-02-16
8,64,8,56,5,Forsyth,2022-02-12
11,163,31,132,5,Mecklenburg,2022-02-23
72,909,72,837,5,Wake,2022-05-11
1,21,6,15,6,Rowan,2022-02-19
9,141,39,102,6,Forsyth,2022-02-16
11,76,17,59,6,Gaston,2022-02-12
35,620,62,558,6,Wake,2022-02-10
3,20,11,9,7,Surry,2022-02-12
40,888,87,801,8,Wake,2022-02-08
