Reinfection,Total Cases by Date of Specimen collection,Total Antigen Cases by Date of Specimen Collection,Total Molecular Cases by Date of Specimen Collection,Death by Date of Death,County,Date
7,116,14,102,2,Onslow,2022-02-14
31,612,50,562,1,Wake,2022-02-14
12,182,18,164,2,Cumberland,2022-02-14
13,76,32,44,0,Burke,2022-02-14
28,363,64,299,2,Mecklenburg,2022-02-14
5,54,12,42,1,Caldwell,2022-02-14
2,13,0,13,0,Edgecombe,2022-02-14
4,35,14,21,1,Sampson,2022-02-14
1,19,0,19,0,Halifax,2022-02-14
5,55,21,34,0,Henderson,2022-02-14
2,13,0,13,1,Montgomery,2022-02-14
3,44,26,18,0,Watauga,2022-02-14
7,48,15,33,0,Lincoln,2022-02-14
3,26,12,14,1,Rutherford,2022-02-14
4,55,14,41,1,Harnett,2022-02-14
1,26,4,22,0,Burke,2022-05-31
26,89,50,39,0,Robeson,2022-05-31
1,13,5,8,0,Alexander,2022-02-14
25,215,33,182,0,Cumberland,2022-05-31
3,28,11,17,0,Haywood,2022-05-31
3,8,3,5,4,Robeson,2022-02-19
4,20,11,9,1,Randolph,2022-02-19
0,4,2,2,0,Carteret,2022-02-19
1,5,1,4,0,Chatham,2022-02-19
1,21,6,15,6,Rowan,2022-02-19
2,32,4,28,1,Forsyth,2022-02-19
9,34,15,19,0,Randolph,2022-06-02
1,21,2,19,0,Watauga,2022-06-02
14,156,20,136,0,Cumberland,2022-06-02
0,16,6,10,0,Pasquotank,2022-06-02
2,25,7,18,0,Lee,2022-06-02
1,26,14,12,0,Henderson,2022-02-19
2,30,4,26,0,Granville,2022-06-02
0,35,11,24,1,Union,2022-02-19
3,14,8,6,0,Haywood,2022-02-19
15,60,36,24,0,Robeson,2022-06-02
1,12,1,11,0,Bladen,2022-06-02
12,107,9,98,0,Onslow,2022-06-02
3,6,3,3,0,Alleghany,2022-06-02
4,17,3,14,0,Caldwell,2022-06-02
2,14,6,8,0,Burke,2022-06-02
0,9,2,7,1,Martin,2022-02-26
1,26,8,18,5,Guilford,2022-02-26
0,3,0,3,0,Hoke,2022-02-26
2,33,6,27,0,Harnett,2022-06-02
12,147,16,131,0,Wake,2022-03-02
3,18,7,11,0,Wilkes,2022-03-02
6,51,5,46,1,Cumberland,2022-03-03
2,15,7,8,1,Surry,2022-03-02
0,5,3,2,0,Hoke,2022-03-02
1,11,2,9,0,Carteret,2022-03-02
2,14,4,10,1,Union,2022-02-26
2,7,4,3,0,Wayne,2022-03-03
0,12,10,2,0,Iredell,2022-02-26
1,17,4,13,0,Onslow,2022-03-03
2,17,5,12,0,Cabarrus,2022-03-03
0,7,0,7,0,Caldwell,2022-03-06
0,2,1,1,0,Bertie,2022-03-02
0,16,1,15,0,Rowan,2022-03-02
0,14,2,12,1,Gaston,2022-03-07
0,12,1,11,0,Rockingham,2022-03-07
0,10,2,8,1,Union,2022-03-07
0,5,2,3,0,Madison,2022-03-02
1,4,1,3,0,Greene,2022-03-03
26,344,70,274,0,Wake,2022-06-05
0,4,0,4,1,Henderson,2022-03-06
2,9,1,8,1,Harnett,2022-03-08
0,7,1,6,0,Lenoir,2022-03-02
3,21,9,12,0,Iredell,2022-03-02
1,6,2,4,0,Rutherford,2022-06-05
0,14,4,10,0,New Hanover,2022-03-07
0,9,2,7,0,Johnston,2022-03-08
5,50,9,41,1,Cabarrus,2022-06-05
0,1,0,1,0,Vance,2022-03-02
3,7,0,7,0,Bladen,2022-06-05
2,15,1,14,1,Alamance,2022-03-08
2,6,4,2,1,Jackson,2022-03-02
3,31,2,29,0,Brunswick,2022-06-05
1,14,0,14,0,Caldwell,2022-06-05
2,16,2,14,0,Nash,2022-06-05
0,1,0,1,0,Pasquotank,2022-03-03
6,55,9,46,0,Cumberland,2022-06-05
1,16,0,16,0,Vance,2022-06-05
5,57,20,37,0,Buncombe,2022-06-05
0,8,1,7,0,Iredell,2022-03-06
0,1,0,1,1,Burke,2022-03-06
0,4,1,3,1,Alexander,2022-03-07
1,4,0,4,1,Beaufort,2022-03-07
0,3,0,3,0,Rockingham,2022-03-06
0,7,2,5,1,Hoke,2022-03-08
5,38,9,29,1,Guilford,2022-03-07
0,9,3,6,2,Iredell,2022-03-08
1,13,4,9,0,Cabarrus,2022-03-08
0,23,3,20,0,Harnett,2022-06-05
5,31,6,25,0,Guilford,2022-03-14
1,8,0,8,0,Gaston,2022-03-14
0,7,1,6,0,Randolph,2022-03-14
2,13,7,6,0,Wilkes,2022-06-05
0,5,0,5,0,Granville,2022-06-05
1,30,2,28,1,Cumberland,2022-03-14
2,22,4,18,1,Forsyth,2022-03-14
0,7,3,4,0,Wilson,2022-06-05
0,10,0,10,0,Watauga,2022-06-05
1,8,2,6,0,Johnston,2022-03-23
1,4,0,4,0,Rowan,2022-03-23
1,7,0,7,0,Alamance,2022-03-23
3,10,4,6,0,Iredell,2022-03-24
2,8,1,7,0,Lee,2022-03-14
0,3,0,3,0,Rockingham,2022-03-14
1,1,0,1,0,Columbus,2022-04-02
0,5,4,1,0,Pender,2022-03-14
0,2,1,1,0,Onslow,2022-04-04
8,150,17,133,0,Wake,2022-04-05
3,11,4,7,1,Guilford,2022-04-02
4,15,6,9,0,Davidson,2022-04-05
1,4,0,4,0,Lee,2022-04-04
5,37,8,29,1,Guilford,2022-03-23
2,4,2,2,0,Davie,2022-03-24
0,4,0,4,0,Caldwell,2022-04-02
1,24,5,19,0,Henderson,2022-04-12
0,11,3,8,0,Johnston,2022-04-12
4,24,3,21,0,Cumberland,2022-04-05
10,155,26,129,0,Mecklenburg,2022-04-12
0,1,0,1,0,Macon,2022-04-05
0,6,1,5,0,Harnett,2022-04-05
1,25,6,19,1,Cumberland,2022-04-12
1,20,3,17,2,Gaston,2022-04-12
1,9,1,8,0,Gaston,2022-04-05
0,1,1,0,0,Vance,2022-04-05
2,11,4,7,0,Robeson,2022-04-12
0,8,1,7,0,Wayne,2022-04-12
0,1,0,1,0,Perquimans,2022-04-25
4,56,10,46,0,Alamance,2022-04-25
4,12,3,9,1,Cleveland,2022-04-25
12,112,18,94,0,Cumberland,2022-04-25
12,164,46,118,1,Guilford,2022-04-25
0,5,4,1,0,Lee,2022-04-25
5,87,12,75,0,Forsyth,2022-04-28
8,111,21,90,0,Guilford,2022-04-28
1,4,0,4,0,Stanly,2022-04-25
3,39,10,29,0,Johnston,2022-04-25
1,8,3,5,0,Beaufort,2022-04-25
2,10,0,10,0,Dare,2022-04-25
1,6,4,2,0,Yancey,2022-04-25
0,21,6,15,0,Davidson,2022-04-25
1,16,2,14,0,Chatham,2022-04-28
4,16,4,12,0,Harnett,2022-04-28
0,4,3,1,0,Martin,2022-04-25
3,37,9,28,0,Johnston,2022-04-28
0,4,0,4,0,Bertie,2022-04-28
0,5,4,1,0,Burke,2022-04-28
10,132,21,111,0,Forsyth,2022-05-02
1,12,4,8,0,Stanly,2022-05-02
6,84,22,62,0,Cumberland,2022-05-02
4,27,8,19,0,Chatham,2022-05-03
3,41,11,30,0,New Hanover,2022-05-03
8,72,13,59,0,Union,2022-05-03
7,60,10,50,0,Alamance,2022-05-03
2,45,21,24,0,Iredell,2022-05-03
1,33,5,28,0,Gaston,2022-05-03
2,29,1,28,0,Davidson,2022-05-03
0,10,5,5,0,Jackson,2022-05-03
0,27,5,22,0,Granville,2022-05-02
2,14,3,11,0,Halifax,2022-05-02
3,12,0,12,0,Dare,2022-05-03
4,27,3,24,0,Franklin,2022-05-03
0,8,0,8,0,Dare,2022-05-05
0,14,6,8,0,Scotland,2022-05-03
1,9,0,9,0,Rockingham,2022-05-03
2,16,4,12,0,Carteret,2022-05-03
1,29,6,23,0,Chatham,2022-05-05
5,54,10,44,0,Union,2022-05-05
0,5,1,4,0,Montgomery,2022-05-03
5,33,23,10,0,Robeson,2022-05-05
0,5,2,3,0,Greene,2022-05-05
2,14,6,8,0,Hoke,2022-05-05
4,23,8,15,0,Rowan,2022-05-05
0,4,3,1,0,Watauga,2022-05-08
6,19,8,11,0,Randolph,2022-05-05
2,39,8,31,0,Cumberland,2022-05-08
0,3,0,3,0,Caswell,2022-05-08
2,52,4,48,0,Forsyth,2022-05-08
0,2,0,2,0,Columbus,2022-05-08
1,5,3,2,0,Currituck,2022-05-08
1,11,1,10,0,Lee,2022-05-08
1,11,5,6,0,Robeson,2022-05-08
39,636,45,591,2,Wake,2022-05-14
2,20,0,20,0,Rowan,2022-05-14
3,36,5,31,0,Alamance,2022-05-14
2,10,2,8,0,Pender,2022-05-14
12,138,24,114,2,Guilford,2022-05-14
1,18,2,16,0,Rockingham,2022-05-14
1,12,2,10,0,Stanly,2022-05-14
1,16,1,15,0,Chatham,2022-05-14
0,8,0,8,0,Burke,2022-05-14
1,42,6,36,0,Johnston,2022-05-14
2,4,0,4,0,Halifax,2022-05-14
2,17,7,10,0,Lincoln,2022-05-14
14,105,17,88,0,Union,2022-05-17
22,235,44,191,0,Guilford,2022-05-17
7,83,7,76,0,Gaston,2022-05-17
6,79,15,64,0,New Hanover,2022-05-17
4,30,5,25,0,Rockingham,2022-05-17
2,28,6,22,0,Hoke,2022-05-17
0,15,4,11,0,Haywood,2022-05-17
7,72,16,56,0,Davidson,2022-05-17
0,9,0,9,0,Currituck,2022-05-17
10,49,6,43,0,Franklin,2022-05-17
1,12,9,3,0,Richmond,2022-05-17
1,12,3,9,0,Beaufort,2022-05-17
9,63,22,41,0,Catawba,2022-05-17
0,8,4,4,0,Macon,2022-05-17
0,5,0,5,0,Bertie,2022-05-17
3,23,5,18,0,Lincoln,2022-05-17
5,22,6,16,0,Columbus,2022-05-17
1,20,5,15,0,Yadkin,2022-05-17
7,92,10,82,0,Forsyth,2022-05-21
3,38,2,36,0,Alamance,2022-05-21
2,35,7,28,0,New Hanover,2022-05-21
1,14,2,12,0,Stokes,2022-05-21
0,3,0,3,0,Montgomery,2022-05-21
1,9,6,3,0,Haywood,2022-05-21
4,18,10,8,0,Lenoir,2022-05-25
11,69,44,25,0,Robeson,2022-05-25
8,47,32,15,0,Randolph,2022-05-25
18,209,28,181,0,Guilford,2022-05-25
2,5,2,3,0,Greene,2022-05-25
16,174,33,141,1,Forsyth,2022-05-25
9,107,23,84,0,Cumberland,2022-05-25
5,76,13,63,1,Gaston,2022-05-25
2,48,15,33,0,Harnett,2022-05-25
1,6,0,6,0,Montgomery,2022-05-25
1,24,5,19,0,Chatham,2022-05-25
5,21,12,9,0,Richmond,2022-05-25
1,16,6,10,0,Yadkin,2022-05-25
1,25,14,11,0,Haywood,2022-05-25
2,9,4,5,0,Northampton,2022-05-25
6,55,10,45,0,Alamance,2022-06-16
3,30,8,22,0,Henderson,2022-06-16
1,23,3,20,0,Halifax,2022-06-16
8,96,20,76,0,Cumberland,2022-06-16
8,73,16,57,0,Cabarrus,2022-06-16
0,33,10,23,0,Surry,2022-06-16
6,13,5,8,0,Beaufort,2022-06-16
0,5,3,2,0,Mitchell,2022-06-16
0,10,0,10,0,Currituck,2022-06-16
5,49,12,37,0,Davidson,2022-06-16
10,61,13,48,0,Johnston,2022-06-16
1,14,7,7,0,Columbus,2022-06-16
2,18,6,12,0,Stanly,2022-06-16
23,225,36,189,0,Forsyth,2022-05-31
4,35,4,31,0,Rockingham,2022-05-31
13,148,27,121,0,Onslow,2022-05-31
2,32,7,25,0,Lee,2022-05-31
1,8,3,5,0,Greene,2022-05-31
3,7,2,5,0,Alexander,2022-06-16
12,86,17,69,0,Davidson,2022-05-31
0,10,1,9,0,Currituck,2022-05-31
0,15,4,11,0,Martin,2022-05-31
0,17,5,12,0,Columbus,2022-05-31
2,14,6,8,0,Northampton,2022-05-31
0,7,1,6,0,Watauga,2022-06-16
11,71,24,47,1,Harnett,2022-05-31
0,9,0,9,0,Caswell,2022-05-31
4,39,18,21,1,Randolph,2022-05-31
1,17,6,11,0,Watauga,2022-05-31
8,64,36,28,0,Robeson,2022-06-28
3,26,7,19,0,Lee,2022-06-28
8,57,12,45,0,Rowan,2022-06-28
5,29,2,27,0,Rockingham,2022-06-28
26,163,27,136,1,Forsyth,2022-06-28
15,90,9,81,1,Gaston,2022-06-28
20,171,36,135,0,Guilford,2022-06-28
15,84,18,66,0,Onslow,2022-06-28
0,6,1,5,0,Caswell,2022-06-28
2,28,15,13,0,Carteret,2022-06-28
21,153,22,131,0,Forsyth,2022-06-29
6,35,13,22,0,Henderson,2022-06-29
0,7,0,7,0,Bertie,2022-06-28
16,172,30,142,0,Cumberland,2022-06-29
26,86,38,48,0,Robeson,2022-06-29
2,6,1,5,0,Anson,2022-06-29
16,77,28,49,0,Iredell,2022-06-29
2,12,3,9,0,Davie,2022-06-29
5,28,5,23,0,Halifax,2022-06-29
3,31,9,22,0,Harnett,2022-06-29
3,35,14,21,0,Surry,2022-06-29
3,31,15,16,0,Haywood,2022-06-28
6,23,11,12,0,Yadkin,2022-06-28
0,9,4,5,0,Warren,2022-06-29
18,121,20,101,1,Gaston,2022-07-05
27,254,42,212,1,Guilford,2022-07-05
22,80,17,63,0,Rowan,2022-07-05
15,90,12,78,1,Alamance,2022-07-05
8,30,17,13,0,Richmond,2022-07-05
2,36,7,29,0,Lincoln,2022-07-05
19,99,40,59,0,Catawba,2022-07-05
59,638,84,554,0,Wake,2022-07-05
14,134,35,99,1,New Hanover,2022-07-05
6,31,14,17,0,Yadkin,2022-07-05
9,43,9,34,0,Halifax,2022-07-05
8,29,10,19,0,Vance,2022-07-05
6,26,0,26,0,Pender,2022-07-05
3,42,6,36,0,Beaufort,2022-07-05
4,29,2,27,0,Rockingham,2022-07-05
0,24,15,9,0,Haywood,2022-07-05
4,48,23,25,0,Carteret,2022-07-05
6,30,8,22,0,Stokes,2022-07-05
4,23,10,13,0,Ashe,2022-02-14
1,3,0,3,0,Pamlico,2022-02-14
0,3,1,2,0,Martin,2022-02-19
2,18,1,17,0,Caswell,2022-06-02
0,3,0,3,1,Lee,2022-02-26
0,5,0,5,0,Polk,2022-02-26
1,5,1,4,0,Stokes,2022-02-19
0,7,3,4,0,Moore,2022-02-26
0,7,0,7,0,Franklin,2022-02-19
0,6,4,2,0,Nash,2022-03-02
3,11,3,8,0,Caldwell,2022-03-03
0,14,4,10,0,Forsyth,2022-03-06
0,3,1,2,0,Pasquotank,2022-03-07
1,16,4,12,0,Davidson,2022-03-07
0,10,0,10,0,Dare,2022-03-03
1,19,7,12,0,Moore,2022-06-05
1,2,1,1,0,Greene,2022-06-05
1,15,3,12,4,Guilford,2022-03-06
2,9,5,4,0,Scotland,2022-03-07
0,11,2,9,0,Iredell,2022-03-07
0,13,0,13,0,Burke,2022-06-05
0,9,6,3,0,Sampson,2022-06-05
0,4,0,4,0,Caswell,2022-06-05
0,2,0,2,0,Hertford,2022-03-03
0,4,0,4,0,Lincoln,2022-04-02
1,6,1,5,0,Haywood,2022-03-23
0,6,1,5,0,Granville,2022-03-03
2,14,4,10,0,Brunswick,2022-04-05
0,18,3,15,0,Alamance,2022-04-05
1,9,1,8,0,Cleveland,2022-03-02
1,24,5,19,1,Union,2022-03-02
0,2,1,1,0,Carteret,2022-04-05
1,4,3,1,0,Ashe,2022-03-03
0,3,0,3,1,Stanly,2022-03-03
0,3,0,3,0,Currituck,2022-03-06
1,6,2,4,0,Rowan,2022-04-04
0,3,3,0,0,Henderson,2022-04-04
0,2,0,2,0,Nash,2022-04-05
1,1,0,1,0,Warren,2022-04-12
0,8,1,7,0,Lenoir,2022-03-07
1,8,3,5,0,Lincoln,2022-03-07
1,3,1,2,1,Davie,2022-03-08
2,4,2,2,0,Haywood,2022-04-12
0,3,2,1,0,Haywood,2022-03-14
1,3,2,1,0,Haywood,2022-03-24
0,3,0,3,0,Onslow,2022-03-24
1,12,7,5,0,Iredell,2022-04-05
0,2,0,2,0,Henderson,2022-04-02
1,9,1,8,0,Forsyth,2022-04-02
0,5,2,3,0,Haywood,2022-04-04
1,12,4,8,0,Pender,2022-04-25
0,27,2,25,0,Brunswick,2022-04-25
2,9,2,7,0,Hoke,2022-04-25
2,11,4,7,0,Surry,2022-04-25
0,9,0,9,0,Onslow,2022-04-12
0,3,1,2,0,Lee,2022-04-12
0,3,1,2,0,Granville,2022-04-12
0,3,0,3,0,Pasquotank,2022-04-12
0,7,1,6,0,Craven,2022-04-12
0,4,0,4,0,Caldwell,2022-04-12
2,16,2,14,0,Rowan,2022-04-28
2,23,11,12,0,Watauga,2022-05-02
0,10,6,4,0,Columbus,2022-05-02
2,5,2,3,0,Greene,2022-05-03
0,4,0,4,0,Cherokee,2022-05-03
1,10,1,9,0,Pender,2022-05-03
4,33,5,28,0,Pitt,2022-05-03
0,7,0,7,0,Caswell,2022-04-25
2,4,0,4,0,Wilkes,2022-04-25
0,4,0,4,0,Macon,2022-04-25
0,10,7,3,0,Henderson,2022-04-28
2,25,5,20,0,Gaston,2022-04-28
2,16,10,6,0,Randolph,2022-05-08
2,7,1,6,0,Lenoir,2022-05-03
0,5,1,4,0,Richmond,2022-05-03
0,6,1,5,0,Lee,2022-05-05
0,4,1,3,0,Martin,2022-05-14
2,10,1,9,0,Caldwell,2022-05-14
0,3,2,1,0,Madison,2022-05-08
1,19,5,14,0,Vance,2022-05-17
0,5,1,4,0,Martin,2022-05-17
0,2,0,2,0,Washington,2022-05-17
3,57,24,33,1,Craven,2022-05-17
1,14,9,5,0,Scotland,2022-05-17
2,3,3,0,0,Yancey,2022-05-14
2,12,4,8,0,Haywood,2022-05-14
3,25,10,15,0,Robeson,2022-05-21
5,43,6,37,0,Gaston,2022-05-21
0,10,3,7,0,Currituck,2022-05-21
0,21,7,14,0,Carteret,2022-05-17
2,22,8,14,0,Carteret,2022-05-25
1,7,0,7,0,Halifax,2022-05-21
2,42,7,35,0,Granville,2022-05-31
1,9,6,3,0,Northampton,2022-06-16
1,26,6,20,0,Lee,2022-05-25
3,32,11,21,1,Randolph,2022-06-28
0,4,0,4,0,Chowan,2022-06-28
0,5,3,2,0,Swain,2022-06-28
9,26,5,21,0,Nash,2022-06-29
1,5,0,5,0,Pamlico,2022-06-29
0,6,0,6,0,Montgomery,2022-06-29
2,20,8,12,0,Scotland,2022-07-05
1,4,2,2,0,Pamlico,2022-05-31
0,16,9,7,0,Haywood,2022-06-02
1,10,2,8,0,Rockingham,2022-02-19
0,5,3,2,0,Clay,2022-03-02
2,17,0,17,1,Brunswick,2022-03-02
0,6,0,6,1,Carteret,2022-03-07
1,7,0,7,0,Jackson,2022-02-26
2,8,0,8,0,Rowan,2022-02-26
0,4,0,4,0,Richmond,2022-03-07
3,21,8,13,0,Catawba,2022-03-07
0,2,0,2,0,Currituck,2022-03-08
0,6,0,6,0,Pasquotank,2022-06-05
1,5,2,3,1,Cleveland,2022-03-07
1,15,3,12,0,Pitt,2022-03-07
0,1,0,1,0,Montgomery,2022-03-08
1,14,5,9,1,Harnett,2022-03-14
0,6,1,5,0,Duplin,2022-06-05
2,5,3,2,0,Davidson,2022-03-23
0,5,0,5,0,Johnston,2022-04-02
0,2,0,2,0,Duplin,2022-04-05
0,1,0,1,0,McDowell,2022-04-05
1,2,1,1,1,Henderson,2022-03-24
0,1,1,0,0,Lee,2022-04-02
1,2,1,1,0,Sampson,2022-04-12
3,20,10,10,0,Henderson,2022-05-02
0,3,0,3,0,Halifax,2022-04-28
0,3,0,3,0,Northampton,2022-05-02
0,1,0,1,0,Greene,2022-04-28
0,6,1,5,0,Beaufort,2022-04-28
0,2,0,2,0,Stanly,2022-04-28
2,29,11,18,1,Catawba,2022-05-03
0,16,6,10,0,Person,2022-05-02
0,6,4,2,0,Pamlico,2022-05-02
0,3,0,3,0,Martin,2022-05-03
1,10,1,9,0,Pender,2022-05-05
3,9,1,8,1,Wilkes,2022-05-03
0,3,0,3,0,Currituck,2022-05-05
4,23,6,17,0,Harnett,2022-05-08
0,4,1,3,0,Gates,2022-05-05
0,3,2,1,0,Ashe,2022-05-05
2,14,5,9,1,Onslow,2022-05-08
2,17,5,12,0,Henderson,2022-05-14
0,2,1,1,0,Northampton,2022-05-21
5,22,7,15,0,Halifax,2022-05-25
1,8,2,6,0,Hertford,2022-06-16
3,24,3,21,0,Bladen,2022-05-31
1,16,0,16,0,Dare,2022-06-28
2,31,4,27,0,Chatham,2022-06-28
4,28,13,15,0,Granville,2022-06-29
0,4,0,4,0,Avery,2022-06-29
2,9,1,8,0,Currituck,2022-06-28
0,3,2,1,0,Jones,2022-06-29
2,9,1,8,0,Jackson,2022-06-29
0,1,0,1,0,Tyrrell,2022-06-29
3,7,1,6,0,Montgomery,2022-07-05
0,9,0,9,0,Bertie,2022-07-05
5,16,3,13,0,Greene,2022-07-05
1,8,2,6,0,Columbus,2022-06-02
0,4,2,2,0,Pamlico,2022-06-02
0,1,0,1,0,Pender,2022-02-26
2,15,4,11,0,Harnett,2022-03-03
0,1,0,1,0,Pamlico,2022-02-19
1,13,1,12,0,Alamance,2022-03-07
0,8,1,7,0,Moore,2022-03-07
1,21,5,16,2,Gaston,2022-03-02
1,9,4,5,0,Watauga,2022-03-02
1,6,0,6,0,Pender,2022-06-05
0,3,0,3,0,Northampton,2022-06-05
1,3,0,3,0,Pender,2022-03-08
0,1,0,1,1,Lee,2022-03-23
1,4,1,3,0,Onslow,2022-03-23
0,1,1,0,0,Granville,2022-03-24
0,8,2,6,0,Robeson,2022-03-14
0,4,1,3,1,Onslow,2022-03-14
1,2,2,0,0,Wayne,2022-03-24
1,6,0,6,0,Dare,2022-03-07
0,3,0,3,0,Franklin,2022-03-02
0,1,0,1,0,Cleveland,2022-04-05
1,2,0,2,0,Clay,2022-03-07
1,11,8,3,0,Robeson,2022-04-04
0,3,1,2,0,Chatham,2022-04-02
0,1,0,1,0,Bladen,2022-04-05
1,1,0,1,0,Northampton,2022-04-28
1,4,2,2,1,Randolph,2022-04-12
0,5,1,4,0,Haywood,2022-04-28
0,2,1,1,0,Jones,2022-05-02
0,2,1,1,0,Hertford,2022-05-02
2,13,4,9,0,Cleveland,2022-05-03
1,7,3,4,1,Jackson,2022-05-02
1,9,1,8,0,Beaufort,2022-05-02
2,13,8,5,0,Hoke,2022-05-03
0,1,0,1,0,Martin,2022-05-08
0,2,1,1,0,Ashe,2022-05-08
2,5,2,3,0,Montgomery,2022-05-14
3,14,4,10,0,Watauga,2022-05-14
4,20,5,15,0,Stokes,2022-05-17
0,7,1,6,0,Richmond,2022-05-21
0,1,0,1,0,Hyde,2022-05-17
0,5,0,5,0,Anson,2022-05-25
1,17,3,14,1,Pender,2022-05-25
0,2,0,2,0,Gates,2022-05-25
1,8,6,2,0,Yancey,2022-05-25
2,10,2,8,0,Montgomery,2022-06-16
1,8,2,6,0,Caswell,2022-06-16
2,8,5,3,0,Perquimans,2022-05-31
1,9,4,5,0,Person,2022-06-16
0,3,1,2,0,Gates,2022-05-31
0,3,1,2,0,Mitchell,2022-06-29
3,11,2,9,0,Rutherford,2022-06-29
1,9,3,6,0,Hertford,2022-06-29
1,8,0,8,0,Northampton,2022-02-14
0,7,2,5,0,Lee,2022-02-19
0,4,2,2,0,Yancey,2022-02-19
1,9,4,5,0,Martin,2022-06-02
1,2,1,1,0,Scotland,2022-02-19
1,6,1,5,0,Greene,2022-06-02
0,2,1,1,0,Macon,2022-02-26
0,4,0,4,0,Lenoir,2022-02-19
0,1,1,0,0,Scotland,2022-02-26
0,3,1,2,0,Mitchell,2022-02-26
2,7,1,6,2,Lincoln,2022-03-02
0,3,1,2,0,Tyrrell,2022-03-03
1,6,0,6,0,Avery,2022-03-03
0,4,1,3,1,Sampson,2022-03-07
0,1,0,1,0,Bladen,2022-03-06
0,3,0,3,0,Stanly,2022-03-08
0,4,0,4,0,Vance,2022-03-07
0,5,1,4,0,Rockingham,2022-03-08
1,3,0,3,0,Caldwell,2022-03-14
0,1,0,1,0,Beaufort,2022-03-23
0,5,1,4,0,Harnett,2022-03-23
1,3,1,2,0,Lenoir,2022-04-05
0,1,0,1,0,Camden,2022-04-12
0,4,4,0,0,Avery,2022-04-12
0,5,1,4,0,Rockingham,2022-04-12
1,6,4,2,0,Harnett,2022-04-12
0,3,2,1,0,Greene,2022-04-25
0,4,2,2,0,Warren,2022-05-02
2,5,0,5,0,Montgomery,2022-05-02
2,7,0,7,0,Beaufort,2022-05-03
0,1,0,1,0,Madison,2022-05-03
0,2,0,2,0,Currituck,2022-02-26
0,3,2,1,0,Lincoln,2022-02-26
0,1,1,0,0,Mitchell,2022-03-03
0,2,0,2,0,Jackson,2022-03-08
0,4,0,4,0,Yadkin,2022-03-07
1,1,0,1,1,Bertie,2022-03-06
0,2,0,2,0,Surry,2022-03-24
0,3,0,3,0,Rockingham,2022-03-23
0,7,1,6,1,Alamance,2022-04-02
1,5,1,4,0,Chatham,2022-04-04
1,2,1,1,0,Perquimans,2022-04-28
3,9,4,5,0,Edgecombe,2022-05-02
0,2,1,1,0,Duplin,2022-05-02
1,1,1,0,0,Yancey,2022-05-05
0,1,0,1,0,Perquimans,2022-05-03
0,3,1,2,0,Jackson,2022-05-05
0,2,2,0,0,Polk,2022-05-05
1,4,1,3,0,Perquimans,2022-05-14
0,5,0,5,0,Perquimans,2022-05-25
0,4,2,2,0,Martin,2022-05-25
1,3,2,1,0,Pamlico,2022-05-25
1,4,2,2,0,Bertie,2022-05-25
0,1,0,1,0,Clay,2022-06-28
1,6,1,5,0,Clay,2022-07-05
0,4,0,4,2,Halifax,2022-02-19
1,1,1,0,1,Avery,2022-03-06
0,1,1,0,0,Polk,2022-06-05
0,4,0,4,0,Clay,2022-03-14
0,1,0,1,0,Greene,2022-03-23
0,3,1,2,0,Madison,2022-04-05
0,1,1,0,0,Columbus,2022-03-06
1,3,2,1,0,Avery,2022-03-08
0,4,3,1,0,Henderson,2022-03-08
0,1,0,1,0,Onslow,2022-04-02
0,1,1,0,0,Pamlico,2022-04-28
0,4,1,3,0,Lenoir,2022-04-28
1,4,0,4,0,Bertie,2022-05-21
0,1,0,1,0,Caswell,2022-05-21
0,3,1,2,0,Yancey,2022-06-16
2,5,3,2,0,Pamlico,2022-06-16
1,6,0,6,0,Currituck,2022-06-29
0,1,0,1,0,Pender,2022-03-02
0,4,0,4,0,Dare,2022-03-08
0,2,0,2,0,Dare,2022-03-23
0,2,0,2,0,Halifax,2022-04-04
0,1,1,0,0,Burke,2022-04-04
1,1,1,0,1,Columbus,2022-04-04
1,3,1,2,0,Randolph,2022-04-04
0,1,0,1,0,Pasquotank,2022-04-05
1,7,2,5,0,Surry,2022-05-05
0,4,2,2,0,Clay,2022-05-17
0,3,2,1,0,Martin,2022-05-21
0,6,1,5,0,Greene,2022-06-28
0,8,2,6,0,Pamlico,2022-07-05
0,2,0,2,1,Swain,2022-03-07
0,1,0,1,0,Scotland,2022-03-02
0,3,1,2,0,Edgecombe,2022-03-07
0,4,2,2,0,Surry,2022-04-05
0,1,0,1,0,Greene,2022-03-08
0,1,0,1,0,Swain,2022-04-12
0,1,1,0,0,Vance,2022-04-12
0,2,0,2,0,Avery,2022-05-02
1,3,0,3,0,Warren,2022-06-16
1,3,1,2,0,Northampton,2022-06-29
0,2,0,2,0,Gates,2022-06-28
0,2,1,1,1,Alleghany,2022-05-31
0,1,0,1,0,Dare,2022-02-26
0,5,2,3,0,Surry,2022-03-08
0,1,0,1,0,Pamlico,2022-06-05
1,3,0,3,0,Clay,2022-06-05
0,1,0,1,1,Stanly,2022-03-23
0,1,1,0,0,Scotland,2022-04-05
0,1,0,1,0,Jones,2022-04-12
0,1,0,1,0,Davie,2022-04-12
1,1,0,1,0,Montgomery,2022-04-28
0,2,0,2,0,Perquimans,2022-03-02
0,1,1,0,0,Hoke,2022-04-05
1,2,0,2,0,Martin,2022-03-07
0,1,1,0,0,Granville,2022-03-23
1,1,1,0,0,Currituck,2022-05-02
0,2,0,2,0,Bladen,2022-05-08
0,1,1,0,0,Swain,2022-05-17
0,2,0,2,0,Pamlico,2022-05-21
0,4,0,4,0,Chatham,2022-02-26
0,1,0,1,0,Ashe,2022-06-05
0,1,0,1,0,Martin,2022-03-23
0,1,0,1,0,Yancey,2022-04-04
0,1,0,1,0,Washington,2022-04-05
0,1,0,1,0,Hyde,2022-05-25
0,1,1,0,0,Jones,2022-03-08
0,1,0,1,0,Hoke,2022-03-23
0,1,0,1,0,Hyde,2022-02-26
0,1,0,1,0,Caswell,2022-03-03
0,1,0,1,0,Hertford,2022-06-05
0,1,1,0,0,Bertie,2022-04-12
0,1,0,1,0,Burke,2022-04-02
0,1,0,1,0,Cherokee,2022-04-05
1,1,0,1,0,Mitchell,2022-02-19
0,2,0,2,0,Alexander,2022-03-02
0,1,0,1,0,Jackson,2022-03-07
0,1,0,1,0,Ashe,2022-03-08
1,1,0,1,0,Martin,2022-03-02
0,1,0,1,0,Northampton,2022-05-14
0,1,1,0,0,Gates,2022-05-17
0,1,0,1,0,Granville,2022-03-06
1,1,0,1,0,Stanly,2022-03-14
0,1,0,1,0,Gates,2022-04-25
1,1,0,1,0,Macon,2022-05-05
0,1,0,1,0,Bertie,2022-05-14
0,1,0,1,0,Jones,2022-06-16
8,97,24,73,2,Johnston,2022-02-14
0,12,1,11,0,Warren,2022-02-14
1,6,0,6,0,Greene,2022-02-14
5,58,27,31,0,Surry,2022-02-14
1,30,7,23,0,Stokes,2022-02-14
7,43,19,24,0,Haywood,2022-02-14
1,29,7,22,1,Pender,2022-02-14
4,89,25,64,1,Cabarrus,2022-02-14
4,25,16,9,2,Columbus,2022-02-14
2,23,10,13,1,Jackson,2022-02-14
14,158,25,133,2,Forsyth,2022-02-14
0,12,0,12,1,Caswell,2022-02-14
7,80,30,50,2,Iredell,2022-02-14
3,25,10,15,0,Avery,2022-02-14
0,9,4,5,0,Mitchell,2022-02-14
3,39,5,34,1,Granville,2022-02-14
2,25,2,23,0,Stanly,2022-02-14
0,9,0,9,0,Currituck,2022-02-14
2,17,2,15,0,McDowell,2022-05-31
89,1235,114,1121,0,Wake,2022-05-31
36,286,45,241,2,Guilford,2022-05-31
10,81,26,55,0,Rowan,2022-05-31
8,239,19,220,3,Wake,2022-02-19
1,6,2,4,0,McDowell,2022-02-19
9,140,27,113,1,Mecklenburg,2022-02-19
1,36,5,31,2,Alamance,2022-02-19
3,70,19,51,0,Guilford,2022-02-19
0,9,5,4,1,Pender,2022-02-19
0,8,1,7,0,Beaufort,2022-02-19
1,34,12,22,3,Gaston,2022-02-19
4,28,4,24,0,Halifax,2022-06-02
18,170,36,134,0,Forsyth,2022-06-02
6,59,17,42,0,Davidson,2022-06-02
74,799,76,723,1,Wake,2022-06-02
1,29,5,24,1,Chatham,2022-06-02
2,21,6,15,0,Lenoir,2022-06-02
1,6,0,6,0,Currituck,2022-06-02
2,26,8,18,0,Lincoln,2022-06-02
3,22,8,14,1,Iredell,2022-02-19
9,111,28,83,0,Johnston,2022-06-02
4,66,10,56,1,Alamance,2022-06-02
4,8,3,5,0,Richmond,2022-02-19
0,6,3,3,0,Swain,2022-02-19
0,5,0,5,0,Alexander,2022-02-19
3,23,10,13,3,Catawba,2022-02-19
3,17,7,10,0,Rockingham,2022-06-02
0,13,2,11,0,Pender,2022-06-02
24,210,50,160,0,Guilford,2022-06-02
2,15,1,14,1,Davidson,2022-02-19
1,14,4,10,0,Stokes,2022-06-02
10,64,22,42,0,Rowan,2022-06-02
2,6,3,3,0,Bertie,2022-06-02
4,60,23,37,0,Iredell,2022-06-02
3,21,1,20,0,McDowell,2022-06-02
0,2,0,2,0,Montgomery,2022-06-02
2,126,14,112,2,Wake,2022-02-26
7,24,11,13,0,Yadkin,2022-06-02
5,29,5,24,1,Henderson,2022-06-02
1,6,2,4,1,Carteret,2022-02-26
1,8,4,4,1,Haywood,2022-02-26
0,6,2,4,1,Orange,2022-02-26
0,4,3,1,0,Sampson,2022-02-26
5,95,24,71,0,Mecklenburg,2022-03-02
0,12,2,10,0,Orange,2022-03-02
0,1,1,0,0,Polk,2022-03-02
0,3,2,1,0,Washington,2022-03-02
2,14,3,11,3,Cabarrus,2022-03-02
1,4,1,3,2,Rutherford,2022-03-02
0,17,4,13,0,Burke,2022-03-02
0,3,2,1,0,Swain,2022-03-02
0,16,2,14,1,Orange,2022-03-03
0,10,2,8,0,Hoke,2022-03-03
2,11,1,10,1,Pitt,2022-03-02
5,42,9,33,1,Guilford,2022-03-03
0,21,1,20,0,Alamance,2022-03-03
0,13,4,9,1,New Hanover,2022-02-26
0,9,0,9,0,Rockingham,2022-02-26
2,20,4,16,1,Buncombe,2022-02-26
2,18,12,6,1,Iredell,2022-03-03
2,30,4,26,0,Cumberland,2022-03-07
0,10,1,9,1,Wilkes,2022-03-07
2,38,8,30,0,Buncombe,2022-03-02
1,10,7,3,1,Wayne,2022-03-02
3,15,4,11,2,Johnston,2022-03-03
5,34,7,27,1,Guilford,2022-03-08
2,11,3,8,0,Rowan,2022-03-06
1,7,1,6,0,Moore,2022-03-02
1,6,1,5,1,McDowell,2022-03-02
12,129,7,122,3,Wake,2022-03-07
1,13,1,12,0,Orange,2022-03-08
3,15,5,10,1,Rowan,2022-03-08
1,17,6,11,0,Wayne,2022-06-05
2,16,6,10,1,Randolph,2022-03-03
1,11,3,8,0,Haywood,2022-03-03
1,26,8,18,0,Henderson,2022-06-05
0,8,1,7,0,Rockingham,2022-03-03
3,18,7,11,0,Lee,2022-06-05
3,19,3,16,0,Randolph,2022-06-05
4,37,3,34,0,Orange,2022-06-05
3,28,15,13,0,Robeson,2022-06-05
3,36,5,31,2,Forsyth,2022-03-03
2,11,1,10,0,Davidson,2022-03-06
0,2,0,2,0,Duplin,2022-03-07
10,95,7,88,0,Wake,2022-03-14
1,10,1,9,0,Chatham,2022-06-05
0,3,0,3,0,Wilson,2022-03-08
2,10,3,7,1,Gaston,2022-03-08
0,5,0,5,0,Hoke,2022-03-07
2,22,3,19,2,Brunswick,2022-03-07
5,48,10,38,0,Iredell,2022-06-05
0,3,1,2,0,Beaufort,2022-03-14
0,3,0,3,0,Yancey,2022-03-08
0,3,0,3,0,Stokes,2022-03-14
4,27,3,24,0,Onslow,2022-06-05
0,1,0,1,0,Dare,2022-03-14
4,120,13,107,0,Wake,2022-03-23
0,3,0,3,2,Cleveland,2022-03-23
0,12,2,10,0,Union,2022-03-23
3,20,1,19,0,Orange,2022-03-23
2,22,6,16,0,Forsyth,2022-03-24
2,7,2,5,0,Cabarrus,2022-03-24
0,2,0,2,0,Hoke,2022-03-24
1,1,0,1,0,Yancey,2022-03-24
0,3,1,2,0,Rockingham,2022-03-24
0,6,0,6,0,Orange,2022-03-14
3,10,4,6,1,Johnston,2022-03-24
0,3,1,2,0,Robeson,2022-03-24
2,9,0,9,1,Alamance,2022-03-14
2,10,0,10,0,Rowan,2022-03-14
0,5,2,3,0,Stokes,2022-04-04
6,35,13,22,1,Forsyth,2022-04-04
1,10,4,6,0,Iredell,2022-04-04
1,14,1,13,0,Union,2022-04-04
0,3,2,1,0,McDowell,2022-04-04
1,29,4,25,0,Orange,2022-04-05
8,104,17,87,0,Mecklenburg,2022-04-05
0,4,0,4,0,Yadkin,2022-03-23
1,8,4,4,1,Alamance,2022-03-24
0,2,1,1,0,Stokes,2022-03-23
0,4,3,1,0,Craven,2022-04-05
4,41,6,35,0,Forsyth,2022-04-12
1,17,6,11,0,New Hanover,2022-04-04
2,15,7,8,0,Gaston,2022-04-04
1,1,0,1,0,Rutherford,2022-04-05
0,18,8,10,0,Iredell,2022-04-12
0,1,1,0,1,Wilson,2022-04-05
0,4,2,2,0,Davidson,2022-04-02
8,90,21,69,1,Guilford,2022-04-12
1,6,6,0,0,Sampson,2022-04-05
0,4,0,4,0,Franklin,2022-04-04
1,12,6,6,0,Watauga,2022-04-05
6,68,6,62,2,Durham,2022-04-05
0,1,0,1,0,Caswell,2022-04-12
2,3,0,3,0,Lenoir,2022-04-12
31,474,64,410,0,Wake,2022-04-25
1,18,4,14,0,Craven,2022-04-25
1,3,1,2,0,Duplin,2022-04-25
5,26,9,17,0,Gaston,2022-04-25
2,57,5,52,0,Orange,2022-04-25
8,25,10,15,0,Rowan,2022-04-25
1,32,18,14,0,Iredell,2022-04-25
0,16,3,13,0,Chatham,2022-04-25
0,11,4,7,0,Carteret,2022-04-25
0,10,3,7,0,Wilson,2022-04-25
32,378,40,338,1,Wake,2022-04-28
3,32,4,28,0,Alamance,2022-04-28
1,9,1,8,0,Lincoln,2022-04-25
0,4,3,1,0,Alexander,2022-04-25
4,26,17,9,0,Iredell,2022-04-28
0,13,0,13,0,Dare,2022-04-28
7,75,24,51,0,Buncombe,2022-04-28
0,17,1,16,0,Davidson,2022-04-28
21,203,43,160,0,Guilford,2022-05-02
3,34,11,23,0,Chatham,2022-05-02
3,16,6,10,0,Surry,2022-05-02
1,24,10,14,0,Hoke,2022-05-02
4,28,15,13,1,Randolph,2022-05-02
5,50,5,45,0,Union,2022-05-02
2,9,1,8,0,Hoke,2022-04-28
2,12,4,8,0,Catawba,2022-04-28
1,4,0,4,0,Caswell,2022-05-02
6,31,2,29,0,Rowan,2022-05-02
7,38,11,27,0,Davidson,2022-05-02
0,1,0,1,0,Polk,2022-04-28
7,56,19,37,0,Alamance,2022-05-02
29,396,62,334,0,Mecklenburg,2022-05-03
12,62,15,47,0,Johnston,2022-05-02
0,9,3,6,0,Lee,2022-05-02
33,624,66,558,0,Wake,2022-05-03
4,98,19,79,0,Cumberland,2022-05-03
0,16,4,12,0,Surry,2022-05-03
3,18,5,13,0,Lincoln,2022-05-03
2,17,5,12,0,Henderson,2022-05-03
0,7,0,7,0,McDowell,2022-05-03
2,44,11,33,0,Brunswick,2022-05-03
0,4,0,4,0,Anson,2022-05-03
2,9,5,4,0,Sampson,2022-05-03
0,7,2,5,0,Pender,2022-05-02
1,11,1,10,0,Halifax,2022-05-03
5,39,5,34,0,Gaston,2022-05-05
10,122,49,73,1,Buncombe,2022-05-05
17,163,36,127,0,Guilford,2022-05-05
40,578,68,510,1,Wake,2022-05-05
16,127,28,99,0,Forsyth,2022-05-05
1,24,19,5,0,Catawba,2022-05-05
1,21,10,11,0,Watauga,2022-05-03
1,26,13,13,0,Iredell,2022-05-05
3,51,8,43,0,New Hanover,2022-05-05
1,14,2,12,0,Lincoln,2022-05-05
3,21,0,21,0,Franklin,2022-05-05
3,14,6,8,0,Carteret,2022-05-05
4,77,6,71,0,Orange,2022-05-05
4,18,1,17,0,Rockingham,2022-05-05
2,16,8,8,0,Haywood,2022-05-05
1,9,2,7,0,Rockingham,2022-05-08
0,5,1,4,0,McDowell,2022-05-08
15,352,56,296,1,Wake,2022-05-08
2,23,0,23,0,Davidson,2022-05-08
2,33,3,30,1,Johnston,2022-05-08
1,3,0,3,0,Chowan,2022-05-05
6,88,14,74,0,Guilford,2022-05-08
0,6,0,6,0,Pender,2022-05-08
3,22,4,18,0,Chatham,2022-05-08
6,26,7,19,1,Rowan,2022-05-08
1,5,2,3,0,Yancey,2022-05-08
2,10,4,6,0,Beaufort,2022-05-14
6,66,18,48,0,Buncombe,2022-05-14
0,2,1,1,0,Alexander,2022-05-14
0,11,0,11,0,Cleveland,2022-05-14
3,32,6,26,0,New Hanover,2022-05-14
2,33,4,29,0,Franklin,2022-05-14
2,28,9,19,0,Catawba,2022-05-14
2,14,6,8,1,Moore,2022-05-14
0,10,0,10,0,Dare,2022-05-14
2,34,3,31,0,Gaston,2022-05-14
2,33,9,24,0,Iredell,2022-05-14
1,16,3,13,0,Nash,2022-05-14
0,6,1,5,0,Rutherford,2022-05-14
9,34,11,23,0,Surry,2022-05-17
4,21,3,18,0,Person,2022-05-17
7,33,6,27,0,Nash,2022-05-17
80,1069,120,949,1,Wake,2022-05-17
1,11,1,10,0,Lenoir,2022-05-17
0,4,2,2,0,Perquimans,2022-05-17
0,10,4,6,0,Alleghany,2022-05-17
1,15,9,6,0,Sampson,2022-05-17
7,72,13,59,0,Pitt,2022-05-17
3,52,4,48,0,Brunswick,2022-05-17
4,29,5,24,0,Cleveland,2022-05-17
1,3,0,3,0,Cherokee,2022-05-17
2,11,5,6,0,Alexander,2022-05-17
3,16,10,6,0,Watauga,2022-05-17
39,630,56,574,0,Wake,2022-05-21
4,23,9,14,0,Moore,2022-05-21
3,23,2,21,0,Davidson,2022-05-21
8,111,19,92,0,Guilford,2022-05-21
20,292,45,247,0,Mecklenburg,2022-05-21
1,9,3,6,0,Lincoln,2022-05-21
2,29,10,19,1,Iredell,2022-05-21
3,9,3,6,0,Cleveland,2022-05-21
1,5,1,4,0,Jackson,2022-05-21
0,7,2,5,0,Beaufort,2022-05-21
1,8,2,6,0,Edgecombe,2022-05-21
2,9,1,8,0,Yadkin,2022-05-21
2,23,4,19,0,Lincoln,2022-05-25
13,80,7,73,0,Alamance,2022-05-25
10,60,26,34,1,Catawba,2022-05-25
81,883,71,812,0,Wake,2022-05-25
6,42,11,31,0,Rowan,2022-05-25
4,21,9,12,0,Surry,2022-05-25
46,509,75,434,0,Mecklenburg,2022-05-25
1,23,15,8,0,Wilkes,2022-05-25
6,66,22,44,1,Davidson,2022-05-25
7,71,11,60,0,Brunswick,2022-05-25
9,82,31,51,1,Iredell,2022-05-25
3,28,11,17,0,Wilson,2022-05-25
0,33,7,26,0,Hoke,2022-05-25
3,5,4,1,0,Graham,2022-05-25
0,3,2,1,0,Clay,2022-05-25
2,19,6,13,0,Burke,2022-05-25
2,58,8,50,1,New Hanover,2022-05-25
1,9,2,7,0,Beaufort,2022-05-25
0,9,1,8,0,Alexander,2022-05-25
3,26,6,20,0,Nash,2022-05-25
2,18,12,6,0,Watauga,2022-05-25
1,23,3,20,0,Cleveland,2022-05-25
4,37,16,21,0,Randolph,2022-06-16
8,51,7,44,0,Union,2022-06-16
2,20,4,16,0,Chatham,2022-06-16
3,21,0,21,0,Dare,2022-06-16
7,43,18,25,0,Iredell,2022-06-16
3,35,5,30,0,Rowan,2022-06-16
5,34,17,17,1,Moore,2022-06-16
1,11,2,9,0,Jackson,2022-06-16
1,7,0,7,0,Macon,2022-06-16
3,29,7,22,0,Henderson,2022-05-31
7,41,14,27,0,Hoke,2022-05-31
17,128,15,113,1,Alamance,2022-05-31
1,16,5,11,0,Lee,2022-06-16
13,129,21,108,0,Johnston,2022-05-31
12,79,31,48,0,Iredell,2022-05-31
9,41,6,35,0,Lincoln,2022-05-31
3,59,7,52,0,Chatham,2022-05-31
1,27,4,23,0,Stanly,2022-05-31
1,17,2,15,0,Stokes,2022-05-31
4,25,9,16,1,Lenoir,2022-05-31
74,529,59,470,0,Mecklenburg,2022-06-28
4,40,4,36,0,Cleveland,2022-06-28
14,77,11,66,0,Alamance,2022-06-28
18,101,14,87,0,Union,2022-06-28
5,53,9,44,1,Brunswick,2022-06-28
4,79,7,72,0,Orange,2022-06-28
0,6,3,3,0,Pasquotank,2022-06-28
4,28,7,21,1,Lenoir,2022-06-28
2,24,16,8,0,Sampson,2022-06-28
2,28,13,15,1,Surry,2022-06-28
14,56,28,28,0,Catawba,2022-06-28
6,34,19,15,0,Wilkes,2022-06-28
2,32,8,24,0,Lincoln,2022-06-28
4,81,18,63,0,New Hanover,2022-06-28
9,51,18,33,0,Davidson,2022-06-28
13,75,33,42,0,Iredell,2022-06-28
1,25,6,19,0,Vance,2022-06-28
2,19,3,16,0,Pender,2022-06-28
3,10,4,6,0,Cherokee,2022-06-28
1,14,6,8,0,Stokes,2022-06-28
1,8,5,3,0,Madison,2022-06-28
7,31,13,18,1,Wilson,2022-06-29
3,18,4,14,0,Pender,2022-06-29
6,27,13,14,0,Haywood,2022-06-29
15,183,26,157,2,Guilford,2022-06-29
8,69,2,67,0,Alamance,2022-06-29
5,20,1,19,0,Stanly,2022-06-29
6,48,7,41,0,Rowan,2022-06-29
13,57,9,48,1,Davidson,2022-06-29
3,21,4,17,0,Richmond,2022-06-28
1,13,3,10,0,Martin,2022-06-28
3,18,2,16,0,McDowell,2022-06-28
1,7,1,6,0,Macon,2022-06-29
0,8,0,8,0,Alamance,2022-03-10
0,3,0,3,0,Alamance,2022-03-16
0,8,0,8,0,Alamance,2022-03-18
0,1,0,1,0,Alamance,2022-03-19
0,13,1,12,0,Alamance,2022-03-21
0,7,0,7,0,Alamance,2022-03-22
0,6,2,4,0,Alamance,2022-03-25
0,7,2,5,0,Alamance,2022-03-27
0,11,7,4,0,Alamance,2022-03-29
0,8,2,6,0,Alamance,2022-04-09
0,10,1,9,0,Alamance,2022-04-10
0,32,11,21,0,Alamance,2022-04-13
0,7,1,6,0,Alamance,2022-04-16
0,9,0,9,0,Alamance,2022-04-17
0,21,3,18,0,Alamance,2022-04-24
1,15,2,13,0,Alamance,2022-02-25
1,14,4,10,0,Alamance,2022-02-26
1,35,6,29,0,Alamance,2022-02-28
1,8,0,8,0,Alamance,2022-03-11
1,5,1,4,0,Alamance,2022-03-12
1,8,0,8,0,Alamance,2022-03-15
1,2,0,2,0,Alamance,2022-03-26
1,7,2,5,0,Alamance,2022-04-03
1,17,3,14,0,Alamance,2022-04-04
1,26,7,19,0,Alamance,2022-04-07
1,37,9,28,0,Alamance,2022-04-19
1,27,10,17,0,Alamance,2022-04-20
1,19,5,14,0,Alamance,2022-04-21
1,24,3,21,0,Alamance,2022-04-22
1,34,3,31,0,Alamance,2022-04-27
1,44,6,38,0,Alamance,2022-04-29
1,21,1,20,0,Alamance,2022-04-30
1,30,3,27,0,Alamance,2022-05-29
1,27,2,25,0,Alamance,2022-06-05
1,23,3,20,0,Alamance,2022-06-18
2,19,1,18,0,Alamance,2022-03-04
2,8,1,7,0,Alamance,2022-03-05
2,13,1,12,0,Alamance,2022-03-30
2,31,7,24,0,Alamance,2022-04-08
2,25,3,22,0,Alamance,2022-04-14
2,70,18,52,0,Alamance,2022-05-05
2,32,6,26,0,Alamance,2022-05-08
2,40,3,37,0,Alamance,2022-05-28
2,28,2,26,0,Alamance,2022-06-11
2,23,7,16,0,Alamance,2022-07-03
2,15,7,8,0,Alamance,2022-07-04
3,25,4,21,0,Alamance,2022-02-24
3,33,6,27,0,Alamance,2022-03-02
3,27,8,19,0,Alamance,2022-04-15
3,25,1,24,0,Alamance,2022-05-01
3,77,15,62,0,Alamance,2022-05-10
3,36,2,34,0,Alamance,2022-06-10
3,29,5,24,0,Alamance,2022-07-02
3,28,3,25,0,Alamance,2022-07-09
4,80,5,75,0,Alamance,2022-01-22
4,29,2,27,0,Alamance,2022-03-01
4,32,5,27,0,Alamance,2022-04-12
4,37,13,24,0,Alamance,2022-04-18
4,75,7,68,0,Alamance,2022-05-19
4,86,15,71,0,Alamance,2022-05-24
4,34,6,28,0,Alamance,2022-06-12
4,51,9,42,0,Alamance,2022-06-17
4,23,2,21,0,Alamance,2022-06-19
5,85,10,75,0,Alamance,2022-01-30
5,64,10,54,0,Alamance,2022-05-04
5,31,7,24,0,Alamance,2022-05-07
5,37,9,28,0,Alamance,2022-05-15
5,29,6,23,0,Alamance,2022-06-26
5,40,6,34,0,Alamance,2022-07-16
6,69,12,57,0,Alamance,2022-05-20
6,37,9,28,0,Alamance,2022-05-30
6,69,18,51,0,Alamance,2022-06-07
6,75,5,70,0,Alamance,2022-06-13
6,61,2,59,0,Alamance,2022-07-01
7,50,3,47,0,Alamance,2022-02-18
7,104,22,82,0,Alamance,2022-05-16
7,52,8,44,0,Alamance,2022-06-03
7,50,10,40,0,Alamance,2022-06-04
7,55,8,47,0,Alamance,2022-06-22
7,58,11,47,0,Alamance,2022-06-24
7,70,12,58,0,Alamance,2022-06-30
8,94,11,83,0,Alamance,2022-02-09
8,69,16,53,0,Alamance,2022-05-06
9,107,26,81,0,Alamance,2022-02-14
9,61,13,48,0,Alamance,2022-06-15
9,67,6,61,0,Alamance,2022-07-14
9,57,18,39,0,Alamance,2022-07-15
10,86,11,75,0,Alamance,2022-05-13
10,58,14,44,0,Alamance,2022-06-09
10,67,9,58,0,Alamance,2022-07-13
11,78,12,66,0,Alamance,2022-05-11
11,73,14,59,0,Alamance,2022-05-12
11,89,7,82,0,Alamance,2022-05-26
11,57,5,52,0,Alamance,2022-06-14
11,69,8,61,0,Alamance,2022-07-12
12,92,12,80,0,Alamance,2022-06-01
12,92,18,74,0,Alamance,2022-06-06
12,67,7,60,0,Alamance,2022-06-08
14,114,10,104,0,Alamance,2022-05-23
14,58,9,49,0,Alamance,2022-06-21
14,85,14,71,0,Alamance,2022-07-07
15,73,7,66,0,Alamance,2022-07-08
15,86,18,68,0,Alamance,2022-07-11
23,352,54,298,0,Alamance,2022-01-25
23,174,26,148,0,Alamance,2022-02-03
47,536,41,495,0,Alamance,2022-01-20
,0,0,0,0,Alexander,2022-03-06
,0,0,0,0,Alexander,2022-03-20
,0,0,0,0,Alexander,2022-03-26
,0,0,0,0,Alexander,2022-03-27
,0,0,0,0,Alexander,2022-03-28
,0,0,0,0,Alexander,2022-03-29
,0,0,0,0,Alexander,2022-03-30
,0,0,0,0,Alexander,2022-04-01
,0,0,0,0,Alexander,2022-04-02
,0,0,0,0,Alexander,2022-04-03
,0,0,0,0,Alexander,2022-04-07
,0,0,0,0,Alexander,2022-04-09
,0,0,0,0,Alexander,2022-04-10
,0,0,0,0,Alexander,2022-04-15
,0,0,0,0,Alexander,2022-04-17
,0,0,0,0,Alexander,2022-04-23
,0,0,0,0,Alexander,2022-05-01
,0,0,0,0,Alexander,2022-06-05
,0,0,0,0,Alexander,2022-06-19
0,12,2,10,0,Alexander,2022-01-29
0,13,3,10,0,Alexander,2022-02-15
0,2,0,2,0,Alexander,2022-02-22
0,1,0,1,0,Alexander,2022-02-25
0,4,1,3,0,Alexander,2022-03-03
0,1,0,1,0,Alexander,2022-03-04
0,1,0,1,0,Alexander,2022-03-05
0,1,0,1,0,Alexander,2022-03-08
0,3,0,3,0,Alexander,2022-03-09
0,1,0,1,0,Alexander,2022-03-11
0,2,2,0,0,Alexander,2022-03-14
0,1,0,1,0,Alexander,2022-03-16
0,1,0,1,0,Alexander,2022-03-17
0,2,1,1,0,Alexander,2022-03-18
0,1,0,1,0,Alexander,2022-03-19
0,2,0,2,0,Alexander,2022-03-21
0,2,0,2,0,Alexander,2022-03-23
0,2,0,2,0,Alexander,2022-03-24
0,1,0,1,0,Alexander,2022-03-25
0,1,0,1,0,Alexander,2022-03-31
0,1,1,0,0,Alexander,2022-04-04
0,2,1,1,0,Alexander,2022-04-08
0,1,1,0,0,Alexander,2022-04-11
0,3,2,1,0,Alexander,2022-04-13
0,1,0,1,0,Alexander,2022-04-14
0,1,1,0,0,Alexander,2022-04-18
0,1,0,1,0,Alexander,2022-04-20
0,1,1,0,0,Alexander,2022-04-21
0,5,2,3,0,Alexander,2022-04-22
0,1,0,1,0,Alexander,2022-04-24
0,2,1,1,0,Alexander,2022-04-29
0,2,0,2,0,Alexander,2022-04-30
0,2,1,1,0,Alexander,2022-05-02
0,2,1,1,0,Alexander,2022-05-06
0,1,0,1,0,Alexander,2022-05-07
0,1,1,0,0,Alexander,2022-05-08
0,8,5,3,0,Alexander,2022-05-09
0,5,3,2,0,Alexander,2022-05-10
0,4,1,3,0,Alexander,2022-05-11
0,4,0,4,0,Alexander,2022-05-13
0,2,0,2,0,Alexander,2022-05-15
0,1,1,0,0,Alexander,2022-05-21
0,2,0,2,0,Alexander,2022-05-22
0,2,1,1,0,Alexander,2022-05-28
0,4,0,4,0,Alexander,2022-05-29
0,4,2,2,0,Alexander,2022-05-30
0,1,0,1,0,Alexander,2022-06-04
0,7,2,5,0,Alexander,2022-06-08
0,1,1,0,0,Alexander,2022-06-11
0,2,1,1,0,Alexander,2022-06-12
0,3,1,2,0,Alexander,2022-06-14
0,3,1,2,0,Alexander,2022-06-18
0,10,4,6,0,Alexander,2022-06-21
0,5,2,3,0,Alexander,2022-06-23
0,7,0,7,0,Alexander,2022-07-02
0,5,0,5,0,Alexander,2022-07-08
0,11,0,11,0,Alexander,2022-07-09
1,16,1,15,0,Alexander,2022-01-30
1,18,4,14,0,Alexander,2022-02-11
1,8,2,6,0,Alexander,2022-02-13
1,15,7,8,0,Alexander,2022-02-21
1,7,0,7,0,Alexander,2022-02-23
1,8,2,6,0,Alexander,2022-02-28
1,3,0,3,0,Alexander,2022-03-12
1,1,1,0,0,Alexander,2022-03-13
1,2,0,2,0,Alexander,2022-03-15
1,2,2,0,0,Alexander,2022-03-22
1,2,0,2,0,Alexander,2022-04-05
1,1,1,0,0,Alexander,2022-04-06
1,2,1,1,0,Alexander,2022-04-12
1,5,1,4,0,Alexander,2022-04-27
1,6,3,3,0,Alexander,2022-04-28
1,6,3,3,0,Alexander,2022-05-03
1,3,0,3,0,Alexander,2022-05-04
1,3,0,3,0,Alexander,2022-05-05
1,3,0,3,0,Alexander,2022-05-12
1,11,3,8,0,Alexander,2022-05-19
1,8,3,5,0,Alexander,2022-05-23
1,5,0,5,0,Alexander,2022-05-27
1,6,3,3,0,Alexander,2022-06-02
1,6,1,5,0,Alexander,2022-06-03
1,10,3,7,0,Alexander,2022-06-07
1,8,1,7,0,Alexander,2022-06-09
1,8,4,4,0,Alexander,2022-06-10
1,9,1,8,0,Alexander,2022-06-13
1,4,1,3,0,Alexander,2022-06-15
1,1,0,1,0,Alexander,2022-06-17
1,8,1,7,0,Alexander,2022-06-20
1,1,1,0,0,Alexander,2022-06-26
1,7,1,6,0,Alexander,2022-07-01
1,7,1,6,0,Alexander,2022-07-04
1,9,2,7,0,Alexander,2022-07-07
1,16,6,10,0,Alexander,2022-07-14
1,13,4,9,0,Alexander,2022-07-15
2,60,12,48,0,Alexander,2022-01-28
2,30,11,19,0,Alexander,2022-02-08
2,11,0,11,0,Alexander,2022-02-12
2,13,2,11,0,Alexander,2022-02-17
2,12,0,12,0,Alexander,2022-02-20
2,3,2,1,0,Alexander,2022-04-19
2,6,1,5,0,Alexander,2022-04-26
2,9,0,9,0,Alexander,2022-05-24
2,8,3,5,0,Alexander,2022-05-26
2,9,4,5,0,Alexander,2022-06-06
2,12,4,8,0,Alexander,2022-06-22
2,5,1,4,0,Alexander,2022-06-25
2,9,4,5,0,Alexander,2022-06-30
2,9,3,6,0,Alexander,2022-07-05
2,8,0,8,0,Alexander,2022-07-10
3,41,9,32,0,Alexander,2022-02-04
3,23,5,18,0,Alexander,2022-02-05
3,6,1,5,0,Alexander,2022-05-16
3,13,1,12,0,Alexander,2022-05-20
3,18,3,15,0,Alexander,2022-06-24
3,11,0,11,0,Alexander,2022-06-28
3,18,2,16,0,Alexander,2022-07-03
3,26,11,15,0,Alexander,2022-07-11
3,17,7,10,0,Alexander,2022-07-13
3,10,2,8,0,Alexander,2022-07-16
4,64,17,47,0,Alexander,2022-01-27
4,9,3,6,0,Alexander,2022-05-31
4,16,7,9,0,Alexander,2022-06-27
5,46,15,31,0,Alexander,2022-02-01
5,9,3,6,0,Alexander,2022-07-06
5,22,12,10,0,Alexander,2022-07-12
6,38,6,32,0,Alexander,2022-02-02
6,48,15,33,0,Alexander,2022-02-07
6,16,5,11,0,Alexander,2022-06-29
8,50,20,30,0,Alexander,2022-01-22
9,85,19,66,0,Alexander,2022-01-21
9,71,24,47,0,Alexander,2022-01-31
10,85,21,64,0,Alexander,2022-01-25
15,126,26,100,0,Alexander,2022-01-20
16,143,41,102,0,Alexander,2022-01-19
,0,0,0,0,Alleghany,2022-02-12
,0,0,0,0,Alleghany,2022-02-27
,0,0,0,0,Alleghany,2022-03-06
,0,0,0,0,Alleghany,2022-03-07
,0,0,0,0,Alleghany,2022-03-08
,0,0,0,0,Alleghany,2022-03-11
,0,0,0,0,Alleghany,2022-03-12
,0,0,0,0,Alleghany,2022-03-13
,0,0,0,0,Alleghany,2022-03-14
,0,0,0,0,Alleghany,2022-03-15
,0,0,0,0,Alleghany,2022-03-17
,0,0,0,0,Alleghany,2022-03-21
,0,0,0,0,Alleghany,2022-03-22
,0,0,0,0,Alleghany,2022-03-24
,0,0,0,0,Alleghany,2022-03-25
,0,0,0,0,Alleghany,2022-03-26
,0,0,0,0,Alleghany,2022-03-27
,0,0,0,0,Alleghany,2022-03-28
,0,0,0,0,Alleghany,2022-03-31
,0,0,0,0,Alleghany,2022-04-01
,0,0,0,0,Alleghany,2022-04-02
,0,0,0,0,Alleghany,2022-04-03
,0,0,0,0,Alleghany,2022-04-04
,0,0,0,0,Alleghany,2022-04-05
,0,0,0,0,Alleghany,2022-04-07
,0,0,0,0,Alleghany,2022-04-09
,0,0,0,0,Alleghany,2022-04-10
,0,0,0,0,Alleghany,2022-04-11
,0,0,0,0,Alleghany,2022-04-12
,0,0,0,0,Alleghany,2022-04-14
,0,0,0,0,Alleghany,2022-04-16
,0,0,0,0,Alleghany,2022-04-17
,0,0,0,0,Alleghany,2022-04-19
,0,0,0,0,Alleghany,2022-04-20
,0,0,0,0,Alleghany,2022-04-22
,0,0,0,0,Alleghany,2022-04-24
,0,0,0,0,Alleghany,2022-04-25
,0,0,0,0,Alleghany,2022-04-26
,0,0,0,0,Alleghany,2022-04-27
,0,0,0,0,Alleghany,2022-04-30
,0,0,0,0,Alleghany,2022-05-03
,0,0,0,0,Alleghany,2022-05-08
,0,0,0,0,Alleghany,2022-05-12
,0,0,0,0,Alleghany,2022-06-04
,0,0,0,0,Alleghany,2022-06-05
,0,0,0,0,Alleghany,2022-06-09
,0,0,0,0,Alleghany,2022-06-10
,0,0,0,0,Alleghany,2022-06-11
,0,0,0,0,Alleghany,2022-06-17
,0,0,0,0,Alleghany,2022-06-21
,0,0,0,0,Alleghany,2022-07-02
,0,0,0,0,Alleghany,2022-07-04
,0,0,0,0,Alleghany,2022-07-07
,0,0,0,0,Alleghany,2022-07-15
,0,0,0,0,Alleghany,2022-07-16
0,11,3,8,0,Alleghany,2022-01-18
0,3,2,1,0,Alleghany,2022-01-22
0,3,1,2,0,Alleghany,2022-01-29
0,4,1,3,0,Alleghany,2022-01-30
0,19,8,11,0,Alleghany,2022-02-04
0,2,1,1,0,Alleghany,2022-02-06
0,3,0,3,0,Alleghany,2022-02-11
0,1,0,1,0,Alleghany,2022-02-13
0,5,0,5,0,Alleghany,2022-02-16
0,6,2,4,0,Alleghany,2022-02-17
0,7,4,3,0,Alleghany,2022-02-18
0,1,0,1,0,Alleghany,2022-02-19
0,1,0,1,0,Alleghany,2022-02-20
0,9,1,8,0,Alleghany,2022-02-22
0,4,0,4,0,Alleghany,2022-02-24
0,4,0,4,0,Alleghany,2022-02-25
0,4,0,4,0,Alleghany,2022-02-26
0,4,0,4,0,Alleghany,2022-02-28
0,4,2,2,0,Alleghany,2022-03-03
0,1,1,0,0,Alleghany,2022-03-05
0,3,2,1,0,Alleghany,2022-03-09
0,1,0,1,0,Alleghany,2022-03-10
0,2,2,0,0,Alleghany,2022-03-16
0,1,1,0,0,Alleghany,2022-03-19
0,3,2,1,0,Alleghany,2022-03-20
0,1,0,1,0,Alleghany,2022-03-29
0,1,1,0,0,Alleghany,2022-04-06
0,1,0,1,0,Alleghany,2022-04-08
0,1,0,1,0,Alleghany,2022-04-13
0,1,1,0,0,Alleghany,2022-04-15
0,1,1,0,0,Alleghany,2022-04-18
0,2,0,2,0,Alleghany,2022-04-21
0,1,1,0,0,Alleghany,2022-04-23
0,2,1,1,0,Alleghany,2022-04-28
0,1,0,1,0,Alleghany,2022-04-29
0,1,0,1,0,Alleghany,2022-05-01
0,1,0,1,0,Alleghany,2022-05-02
0,2,1,1,0,Alleghany,2022-05-04
0,3,1,2,0,Alleghany,2022-05-05
0,1,0,1,0,Alleghany,2022-05-06
0,1,0,1,0,Alleghany,2022-05-07
0,3,0,3,0,Alleghany,2022-05-09
0,1,0,1,0,Alleghany,2022-05-10
0,1,0,1,0,Alleghany,2022-05-11
0,1,0,1,0,Alleghany,2022-05-13
0,1,0,1,0,Alleghany,2022-05-14
0,1,0,1,0,Alleghany,2022-05-15
0,1,0,1,0,Alleghany,2022-05-16
0,5,2,3,0,Alleghany,2022-05-18
0,1,0,1,0,Alleghany,2022-05-19
0,3,2,1,0,Alleghany,2022-05-21
0,1,0,1,0,Alleghany,2022-05-26
0,2,1,1,0,Alleghany,2022-05-28
0,1,1,0,0,Alleghany,2022-05-29
0,3,2,1,0,Alleghany,2022-05-30
0,3,3,0,0,Alleghany,2022-06-03
0,1,1,0,0,Alleghany,2022-06-12
0,1,0,1,0,Alleghany,2022-06-13
0,2,0,2,0,Alleghany,2022-06-16
0,2,0,2,0,Alleghany,2022-06-18
0,1,1,0,0,Alleghany,2022-06-23
0,2,1,1,0,Alleghany,2022-06-24
0,1,1,0,0,Alleghany,2022-06-25
0,2,2,0,0,Alleghany,2022-06-26
0,1,0,1,0,Alleghany,2022-06-27
0,4,3,1,0,Alleghany,2022-06-29
0,3,3,0,0,Alleghany,2022-06-30
0,7,5,2,0,Alleghany,2022-07-01
0,2,1,1,0,Alleghany,2022-07-03
0,5,4,1,0,Alleghany,2022-07-05
0,3,0,3,0,Alleghany,2022-07-06
0,1,1,0,0,Alleghany,2022-07-08
0,1,1,0,0,Alleghany,2022-07-09
0,5,5,0,0,Alleghany,2022-07-11
0,1,0,1,0,Alleghany,2022-07-13
0,1,0,1,0,Alleghany,2022-07-14
1,23,3,20,0,Alleghany,2022-01-21
1,23,3,20,0,Alleghany,2022-01-27
1,20,6,14,0,Alleghany,2022-01-28
1,22,4,18,0,Alleghany,2022-02-02
1,3,2,1,0,Alleghany,2022-02-05
1,13,5,8,0,Alleghany,2022-02-07
1,8,1,7,0,Alleghany,2022-02-09
1,11,5,6,0,Alleghany,2022-02-10
1,11,1,10,0,Alleghany,2022-02-14
1,10,7,3,0,Alleghany,2022-02-15
1,6,1,5,0,Alleghany,2022-02-23
1,3,0,3,0,Alleghany,2022-03-01
1,2,0,2,0,Alleghany,2022-03-04
1,1,0,1,0,Alleghany,2022-03-23
1,1,1,0,0,Alleghany,2022-03-30
1,2,2,0,0,Alleghany,2022-05-22
1,6,4,2,0,Alleghany,2022-05-23
1,3,2,1,0,Alleghany,2022-05-27
1,5,3,2,0,Alleghany,2022-06-07
1,3,0,3,0,Alleghany,2022-06-14
1,3,0,3,0,Alleghany,2022-06-15
1,1,1,0,0,Alleghany,2022-06-19
1,2,0,2,0,Alleghany,2022-06-20
1,2,1,1,0,Alleghany,2022-06-22
1,2,0,2,0,Alleghany,2022-07-10
1,2,2,0,0,Alleghany,2022-07-12
2,28,8,20,0,Alleghany,2022-01-25
2,15,3,12,0,Alleghany,2022-02-03
2,7,2,5,0,Alleghany,2022-02-08
2,10,8,2,0,Alleghany,2022-02-21
2,5,2,3,0,Alleghany,2022-03-02
2,5,4,1,0,Alleghany,2022-05-20
2,5,3,2,0,Alleghany,2022-06-06
2,7,6,1,0,Alleghany,2022-06-08
2,5,3,2,0,Alleghany,2022-06-28
3,36,7,29,0,Alleghany,2022-01-19
3,21,2,19,0,Alleghany,2022-01-20
3,23,4,19,0,Alleghany,2022-01-26
3,26,7,19,0,Alleghany,2022-01-31
3,9,7,2,0,Alleghany,2022-05-24
3,5,5,0,0,Alleghany,2022-05-25
3,6,3,3,0,Alleghany,2022-06-01
4,5,4,1,0,Alleghany,2022-01-23
4,41,8,33,0,Alleghany,2022-01-24
,0,0,0,0,Anson,2022-03-02
,0,0,0,0,Anson,2022-03-08
,0,0,0,0,Anson,2022-03-09
,0,0,0,0,Anson,2022-03-11
,0,0,0,0,Anson,2022-03-17
,0,0,0,0,Anson,2022-03-19
,0,0,0,0,Anson,2022-03-23
,0,0,0,0,Anson,2022-03-24
,0,0,0,0,Anson,2022-03-25
,0,0,0,0,Anson,2022-03-26
,0,0,0,0,Anson,2022-03-27
,0,0,0,0,Anson,2022-03-28
,0,0,0,0,Anson,2022-03-29
,0,0,0,0,Anson,2022-03-30
,0,0,0,0,Anson,2022-03-31
,0,0,0,0,Anson,2022-04-01
,0,0,0,0,Anson,2022-04-02
,0,0,0,0,Anson,2022-04-03
,0,0,0,0,Anson,2022-04-04
,0,0,0,0,Anson,2022-04-05
,0,0,0,0,Anson,2022-04-07
,0,0,0,0,Anson,2022-04-08
,0,0,0,0,Anson,2022-04-09
,0,0,0,0,Anson,2022-04-10
,0,0,0,0,Anson,2022-04-11
,0,0,0,0,Anson,2022-04-12
,0,0,0,0,Anson,2022-04-13
,0,0,0,0,Anson,2022-04-15
,0,0,0,0,Anson,2022-04-16
,0,0,0,0,Anson,2022-04-17
,0,0,0,0,Anson,2022-04-18
,0,0,0,0,Anson,2022-04-19
,0,0,0,0,Anson,2022-04-21
,0,0,0,0,Anson,2022-04-22
,0,0,0,0,Anson,2022-04-23
,0,0,0,0,Anson,2022-04-24
,0,0,0,0,Anson,2022-04-25
,0,0,0,0,Anson,2022-04-26
,0,0,0,0,Anson,2022-04-27
,0,0,0,0,Anson,2022-05-01
,0,0,0,0,Anson,2022-06-04
,0,0,0,0,Anson,2022-06-19
0,24,6,18,0,Anson,2022-02-01
0,12,1,11,0,Anson,2022-02-05
0,3,1,2,0,Anson,2022-02-12
0,7,0,7,0,Anson,2022-02-15
0,3,0,3,0,Anson,2022-02-17
0,6,2,4,0,Anson,2022-02-21
0,1,1,0,0,Anson,2022-02-22
0,3,2,1,0,Anson,2022-02-24
0,2,0,2,0,Anson,2022-02-26
0,1,0,1,0,Anson,2022-02-27
0,5,1,4,0,Anson,2022-02-28
0,1,0,1,0,Anson,2022-03-03
0,1,0,1,0,Anson,2022-03-04
0,1,0,1,0,Anson,2022-03-06
0,1,0,1,0,Anson,2022-03-10
0,1,0,1,0,Anson,2022-03-12
0,1,0,1,0,Anson,2022-03-13
0,1,0,1,0,Anson,2022-03-14
0,1,0,1,0,Anson,2022-03-15
0,1,0,1,0,Anson,2022-03-16
0,1,0,1,0,Anson,2022-03-18
0,2,0,2,0,Anson,2022-03-20
0,2,0,2,0,Anson,2022-03-22
0,2,1,1,0,Anson,2022-04-14
0,1,0,1,0,Anson,2022-04-28
0,1,1,0,0,Anson,2022-04-29
0,1,1,0,0,Anson,2022-04-30
0,2,0,2,0,Anson,2022-05-02
0,1,1,0,0,Anson,2022-05-04
0,1,0,1,0,Anson,2022-05-05
0,3,1,2,0,Anson,2022-05-06
0,3,0,3,0,Anson,2022-05-07
0,4,1,3,0,Anson,2022-05-08
0,2,0,2,0,Anson,2022-05-10
0,9,1,8,0,Anson,2022-05-12
0,5,1,4,0,Anson,2022-05-13
0,4,2,2,0,Anson,2022-05-15
0,7,0,7,0,Anson,2022-05-18
0,5,0,5,0,Anson,2022-05-19
0,5,0,5,0,Anson,2022-05-20
0,3,1,2,0,Anson,2022-05-21
0,3,0,3,0,Anson,2022-05-22
0,2,0,2,0,Anson,2022-05-30
0,9,0,9,0,Anson,2022-06-02
0,5,0,5,0,Anson,2022-06-06
0,10,0,10,0,Anson,2022-06-08
0,4,1,3,0,Anson,2022-06-10
0,1,0,1,0,Anson,2022-06-12
0,16,2,14,0,Anson,2022-06-28
0,4,1,3,0,Anson,2022-07-02
0,17,3,14,0,Anson,2022-07-12
0,6,1,5,0,Anson,2022-07-13
0,13,1,12,0,Anson,2022-07-15
1,17,4,13,0,Anson,2022-01-22
1,21,3,18,0,Anson,2022-02-02
1,16,3,13,0,Anson,2022-02-04
1,20,4,16,0,Anson,2022-02-07
1,3,0,3,0,Anson,2022-02-18
1,6,5,1,0,Anson,2022-02-19
1,3,0,3,0,Anson,2022-02-25
1,3,2,1,0,Anson,2022-03-07
1,1,0,1,0,Anson,2022-04-06
1,2,0,2,0,Anson,2022-04-20
1,3,0,3,0,Anson,2022-05-14
1,3,1,2,0,Anson,2022-05-17
1,7,1,6,0,Anson,2022-05-24
1,9,3,6,0,Anson,2022-05-26
1,4,1,3,0,Anson,2022-05-28
1,5,1,4,0,Anson,2022-05-29
1,6,1,5,0,Anson,2022-06-01
1,4,0,4,0,Anson,2022-06-03
1,4,2,2,0,Anson,2022-06-05
1,8,0,8,0,Anson,2022-06-09
1,5,2,3,0,Anson,2022-06-11
1,11,0,11,0,Anson,2022-06-17
1,5,0,5,0,Anson,2022-06-18
1,14,1,13,0,Anson,2022-06-21
1,5,3,2,0,Anson,2022-06-23
1,7,0,7,0,Anson,2022-06-26
1,4,2,2,0,Anson,2022-06-30
1,2,0,2,0,Anson,2022-07-01
1,3,0,3,0,Anson,2022-07-03
1,6,1,5,0,Anson,2022-07-04
1,7,0,7,0,Anson,2022-07-10
1,8,2,6,0,Anson,2022-07-14
1,7,0,7,0,Anson,2022-07-16
2,14,2,12,0,Anson,2022-01-23
2,12,3,9,0,Anson,2022-01-29
2,44,10,34,0,Anson,2022-01-31
2,10,1,9,0,Anson,2022-02-11
2,7,1,6,0,Anson,2022-05-09
2,4,1,3,0,Anson,2022-05-11
2,7,3,4,0,Anson,2022-05-16
2,8,0,8,0,Anson,2022-05-23
2,6,0,6,0,Anson,2022-05-27
2,8,1,7,0,Anson,2022-06-07
2,8,0,8,0,Anson,2022-06-13
2,6,1,5,0,Anson,2022-06-14
2,5,0,5,0,Anson,2022-06-25
2,7,0,7,0,Anson,2022-07-09
3,36,12,24,0,Anson,2022-01-21
3,55,16,39,0,Anson,2022-01-26
3,8,0,8,0,Anson,2022-05-31
3,9,0,9,0,Anson,2022-06-15
3,15,1,14,0,Anson,2022-06-22
3,7,3,4,0,Anson,2022-07-07
3,11,4,7,0,Anson,2022-07-08
4,82,21,61,0,Anson,2022-01-24
4,19,7,12,0,Anson,2022-02-14
4,14,0,14,0,Anson,2022-06-24
4,19,7,12,0,Anson,2022-07-05
4,12,3,9,0,Anson,2022-07-06
4,13,3,10,0,Anson,2022-07-11
5,38,7,31,0,Anson,2022-01-28
5,17,3,14,0,Anson,2022-06-27
6,49,10,39,0,Anson,2022-01-27
8,27,10,17,0,Anson,2022-06-16
9,57,13,44,0,Anson,2022-01-25
10,110,29,81,0,Anson,2022-01-18
11,33,2,31,0,Anson,2022-06-20
,0,0,0,0,Ashe,2022-03-05
,0,0,0,0,Ashe,2022-03-12
,0,0,0,0,Ashe,2022-03-13
,0,0,0,0,Ashe,2022-03-15
,0,0,0,0,Ashe,2022-03-16
,0,0,0,0,Ashe,2022-03-17
,0,0,0,0,Ashe,2022-03-20
,0,0,0,0,Ashe,2022-03-22
,0,0,0,0,Ashe,2022-03-23
,0,0,0,0,Ashe,2022-03-24
,0,0,0,0,Ashe,2022-03-25
,0,0,0,0,Ashe,2022-03-26
,0,0,0,0,Ashe,2022-03-27
,0,0,0,0,Ashe,2022-03-29
,0,0,0,0,Ashe,2022-03-30
,0,0,0,0,Ashe,2022-03-31
,0,0,0,0,Ashe,2022-04-02
,0,0,0,0,Ashe,2022-04-03
,0,0,0,0,Ashe,2022-04-07
,0,0,0,0,Ashe,2022-04-09
,0,0,0,0,Ashe,2022-04-10
,0,0,0,0,Ashe,2022-04-11
,0,0,0,0,Ashe,2022-04-13
,0,0,0,0,Ashe,2022-04-15
,0,0,0,0,Ashe,2022-04-16
,0,0,0,0,Ashe,2022-04-17
,0,0,0,0,Ashe,2022-04-19
,0,0,0,0,Ashe,2022-04-29
,0,0,0,0,Ashe,2022-05-30
,0,0,0,0,Ashe,2022-06-12
,0,0,0,0,Ashe,2022-06-25
,0,0,0,0,Ashe,2022-06-26
,0,0,0,0,Ashe,2022-07-04
0,11,5,6,0,Ashe,2022-01-23
0,4,1,3,0,Ashe,2022-01-29
0,30,12,18,0,Ashe,2022-02-09
0,20,7,13,0,Ashe,2022-02-10
0,13,10,3,0,Ashe,2022-02-12
0,1,0,1,0,Ashe,2022-02-13
0,11,5,6,0,Ashe,2022-02-17
0,2,2,0,0,Ashe,2022-02-20
0,4,3,1,0,Ashe,2022-02-27
0,2,2,0,0,Ashe,2022-03-02
0,1,0,1,0,Ashe,2022-03-06
0,3,1,2,0,Ashe,2022-03-07
0,2,0,2,0,Ashe,2022-03-11
0,5,0,5,0,Ashe,2022-03-14
0,1,0,1,0,Ashe,2022-03-19
0,1,1,0,0,Ashe,2022-03-21
0,1,0,1,0,Ashe,2022-04-04
0,3,2,1,0,Ashe,2022-04-05
0,2,2,0,0,Ashe,2022-04-06
0,2,0,2,0,Ashe,2022-04-08
0,2,0,2,0,Ashe,2022-04-12
0,2,2,0,0,Ashe,2022-04-14
0,5,0,5,0,Ashe,2022-04-20
0,3,1,2,0,Ashe,2022-04-21
0,2,2,0,0,Ashe,2022-04-24
0,3,2,1,0,Ashe,2022-04-27
0,1,1,0,0,Ashe,2022-04-30
0,5,2,3,0,Ashe,2022-05-06
0,4,3,1,0,Ashe,2022-05-07
0,3,3,0,0,Ashe,2022-05-09
0,4,1,3,0,Ashe,2022-05-10
0,4,4,0,0,Ashe,2022-05-11
0,6,1,5,0,Ashe,2022-05-12
0,6,6,0,0,Ashe,2022-05-14
0,1,0,1,0,Ashe,2022-05-15
0,4,2,2,0,Ashe,2022-05-18
0,3,2,1,0,Ashe,2022-05-20
0,3,2,1,0,Ashe,2022-05-22
0,4,1,3,0,Ashe,2022-05-24
0,6,0,6,0,Ashe,2022-05-25
0,7,3,4,0,Ashe,2022-05-26
0,4,2,2,0,Ashe,2022-05-28
0,4,1,3,0,Ashe,2022-06-02
0,2,1,1,0,Ashe,2022-06-03
0,1,0,1,0,Ashe,2022-06-11
0,1,1,0,0,Ashe,2022-06-16
0,3,2,1,0,Ashe,2022-06-17
0,1,0,1,0,Ashe,2022-06-18
0,2,1,1,0,Ashe,2022-06-19
0,6,2,4,0,Ashe,2022-06-20
0,2,1,1,0,Ashe,2022-06-29
0,4,1,3,0,Ashe,2022-07-03
0,10,3,7,0,Ashe,2022-07-10
0,7,1,6,0,Ashe,2022-07-12
0,3,3,0,0,Ashe,2022-07-15
0,3,1,2,0,Ashe,2022-07-16
1,12,8,4,0,Ashe,2022-01-30
1,36,10,26,0,Ashe,2022-02-02
1,16,4,12,0,Ashe,2022-02-18
1,7,6,1,0,Ashe,2022-02-19
1,14,8,6,0,Ashe,2022-02-23
1,10,3,7,0,Ashe,2022-03-01
1,4,1,3,0,Ashe,2022-03-09
1,1,0,1,0,Ashe,2022-03-18
1,2,0,2,0,Ashe,2022-03-28
1,2,0,2,0,Ashe,2022-04-01
1,3,1,2,0,Ashe,2022-04-18
1,6,2,4,0,Ashe,2022-04-26
1,4,4,0,0,Ashe,2022-04-28
1,4,2,2,0,Ashe,2022-05-02
1,7,4,3,0,Ashe,2022-05-04
1,5,2,3,0,Ashe,2022-05-13
1,3,0,3,0,Ashe,2022-05-17
1,4,4,0,0,Ashe,2022-05-19
1,5,2,3,0,Ashe,2022-05-27
1,3,2,1,0,Ashe,2022-05-29
1,6,3,3,0,Ashe,2022-06-04
1,8,2,6,0,Ashe,2022-06-07
1,1,1,0,0,Ashe,2022-06-10
1,4,3,1,0,Ashe,2022-06-15
1,9,3,6,0,Ashe,2022-06-24
1,6,2,4,0,Ashe,2022-06-28
1,5,1,4,0,Ashe,2022-07-01
1,5,3,2,0,Ashe,2022-07-02
1,10,4,6,0,Ashe,2022-07-05
1,5,2,3,0,Ashe,2022-07-06
1,6,2,4,0,Ashe,2022-07-08
1,9,2,7,0,Ashe,2022-07-11
2,30,7,23,0,Ashe,2022-01-28
2,27,15,12,0,Ashe,2022-02-15
2,15,9,6,0,Ashe,2022-02-22
2,13,5,8,0,Ashe,2022-02-28
2,7,3,4,0,Ashe,2022-05-03
2,9,5,4,0,Ashe,2022-05-31
2,10,3,7,0,Ashe,2022-06-01
2,12,5,7,0,Ashe,2022-06-09
2,13,3,10,0,Ashe,2022-06-13
2,11,3,8,0,Ashe,2022-06-14
2,8,4,4,0,Ashe,2022-06-21
2,10,2,8,0,Ashe,2022-06-22
2,5,4,1,0,Ashe,2022-06-23
2,7,5,2,0,Ashe,2022-07-07
2,3,0,3,0,Ashe,2022-07-09
2,8,4,4,0,Ashe,2022-07-13
2,7,2,5,0,Ashe,2022-07-14
3,26,16,10,0,Ashe,2022-02-25
3,5,3,2,0,Ashe,2022-05-21
3,12,9,3,0,Ashe,2022-05-23
3,11,4,7,0,Ashe,2022-06-06
3,7,6,1,0,Ashe,2022-06-08
3,13,6,7,0,Ashe,2022-06-27
3,6,1,5,0,Ashe,2022-06-30
4,12,8,4,0,Ashe,2022-02-05
5,42,24,18,0,Ashe,2022-02-07
5,42,22,20,0,Ashe,2022-02-08
6,43,6,37,0,Ashe,2022-01-26
7,36,15,21,0,Ashe,2022-01-27
8,41,22,19,0,Ashe,2022-02-04
10,50,17,33,0,Ashe,2022-01-18
10,48,24,24,0,Ashe,2022-02-03
11,94,28,66,0,Ashe,2022-01-24
,0,0,0,0,Avery,2022-02-26
,0,0,0,0,Avery,2022-03-05
,0,0,0,0,Avery,2022-03-20
,0,0,0,0,Avery,2022-03-24
,0,0,0,0,Avery,2022-03-28
,0,0,0,0,Avery,2022-03-29
,0,0,0,0,Avery,2022-04-02
,0,0,0,0,Avery,2022-04-03
,0,0,0,0,Avery,2022-04-04
,0,0,0,0,Avery,2022-04-05
,0,0,0,0,Avery,2022-04-06
,0,0,0,0,Avery,2022-04-07
,0,0,0,0,Avery,2022-04-08
,0,0,0,0,Avery,2022-04-14
,0,0,0,0,Avery,2022-04-15
,0,0,0,0,Avery,2022-05-01
,0,0,0,0,Avery,2022-05-11
,0,0,0,0,Avery,2022-05-15
,0,0,0,0,Avery,2022-05-21
0,28,4,24,0,Avery,2022-01-26
0,17,0,17,0,Avery,2022-01-28
0,3,0,3,0,Avery,2022-01-30
0,7,4,3,0,Avery,2022-02-28
0,5,1,4,0,Avery,2022-03-01
0,2,0,2,0,Avery,2022-03-02
0,5,4,1,0,Avery,2022-03-07
0,2,2,0,0,Avery,2022-03-09
0,1,0,1,0,Avery,2022-03-11
0,1,0,1,0,Avery,2022-03-12
0,1,0,1,0,Avery,2022-03-13
0,1,1,0,0,Avery,2022-03-14
0,3,3,0,0,Avery,2022-03-15
0,1,1,0,0,Avery,2022-03-16
0,1,1,0,0,Avery,2022-03-18
0,6,4,2,0,Avery,2022-03-19
0,2,1,1,0,Avery,2022-03-21
0,1,0,1,0,Avery,2022-03-25
0,1,0,1,0,Avery,2022-03-27
0,2,1,1,0,Avery,2022-03-30
0,4,2,2,0,Avery,2022-03-31
0,1,0,1,0,Avery,2022-04-09
0,1,1,0,0,Avery,2022-04-10
0,1,1,0,0,Avery,2022-04-11
0,2,0,2,0,Avery,2022-04-13
0,1,0,1,0,Avery,2022-04-16
0,2,0,2,0,Avery,2022-04-17
0,2,0,2,0,Avery,2022-04-18
0,4,1,3,0,Avery,2022-04-19
0,1,0,1,0,Avery,2022-04-20
0,5,2,3,0,Avery,2022-04-21
0,2,1,1,0,Avery,2022-04-22
0,1,0,1,0,Avery,2022-04-23
0,3,1,2,0,Avery,2022-04-24
0,2,2,0,0,Avery,2022-04-25
0,1,0,1,0,Avery,2022-04-27
0,1,1,0,0,Avery,2022-04-28
0,2,1,1,0,Avery,2022-04-30
0,3,1,2,0,Avery,2022-05-03
0,2,0,2,0,Avery,2022-05-04
0,2,1,1,0,Avery,2022-05-05
0,3,2,1,0,Avery,2022-05-06
0,2,0,2,0,Avery,2022-05-07
0,1,1,0,0,Avery,2022-05-08
0,2,1,1,0,Avery,2022-05-09
0,3,1,2,0,Avery,2022-05-10
0,1,0,1,0,Avery,2022-05-12
0,5,1,4,0,Avery,2022-05-13
0,5,1,4,0,Avery,2022-05-18
0,1,0,1,0,Avery,2022-05-19
0,4,1,3,0,Avery,2022-05-20
0,1,0,1,0,Avery,2022-05-22
0,7,2,5,0,Avery,2022-05-24
0,3,2,1,0,Avery,2022-05-25
0,1,0,1,0,Avery,2022-05-27
0,3,1,2,0,Avery,2022-05-28
0,1,1,0,0,Avery,2022-05-29
0,5,2,3,0,Avery,2022-06-01
0,5,2,3,0,Avery,2022-06-03
0,1,0,1,0,Avery,2022-06-05
0,9,4,5,0,Avery,2022-06-06
0,3,1,2,0,Avery,2022-06-08
0,7,2,5,0,Avery,2022-06-09
0,1,0,1,0,Avery,2022-06-11
0,5,1,4,0,Avery,2022-06-13
0,3,0,3,0,Avery,2022-06-15
0,3,1,2,0,Avery,2022-06-19
0,4,0,4,0,Avery,2022-06-20
0,1,1,0,0,Avery,2022-06-21
0,3,1,2,0,Avery,2022-06-23
0,3,1,2,0,Avery,2022-06-24
0,4,0,4,0,Avery,2022-06-25
0,2,0,2,0,Avery,2022-06-26
0,7,3,4,0,Avery,2022-06-27
0,3,0,3,0,Avery,2022-07-01
0,1,0,1,0,Avery,2022-07-03
0,1,1,0,0,Avery,2022-07-04
0,5,0,5,0,Avery,2022-07-07
0,3,1,2,0,Avery,2022-07-09
0,3,0,3,0,Avery,2022-07-10
0,3,1,2,0,Avery,2022-07-13
0,4,0,4,0,Avery,2022-07-14
0,1,0,1,0,Avery,2022-07-16
1,20,2,18,0,Avery,2022-01-18
1,12,1,11,0,Avery,2022-01-22
1,35,3,32,0,Avery,2022-01-27
1,4,1,3,0,Avery,2022-01-29
1,22,4,18,0,Avery,2022-02-01
1,14,1,13,0,Avery,2022-02-04
1,28,5,23,0,Avery,2022-02-07
1,7,1,6,0,Avery,2022-02-11
1,7,2,5,0,Avery,2022-02-19
1,12,6,6,0,Avery,2022-02-22
1,5,2,3,0,Avery,2022-02-24
1,2,1,1,0,Avery,2022-02-27
1,7,2,5,0,Avery,2022-03-10
1,2,1,1,0,Avery,2022-03-23
1,1,0,1,0,Avery,2022-03-26
1,3,2,1,0,Avery,2022-04-01
1,3,1,2,0,Avery,2022-05-14
1,3,0,3,0,Avery,2022-05-16
1,9,8,1,0,Avery,2022-05-23
1,2,2,0,0,Avery,2022-05-26
1,4,1,3,0,Avery,2022-06-02
1,2,0,2,0,Avery,2022-06-04
1,8,6,2,0,Avery,2022-06-07
1,14,4,10,0,Avery,2022-06-10
1,6,1,5,0,Avery,2022-06-12
1,7,2,5,0,Avery,2022-06-14
1,3,1,2,0,Avery,2022-06-16
1,7,4,3,0,Avery,2022-06-18
1,3,2,1,0,Avery,2022-06-22
1,4,0,4,0,Avery,2022-07-02
1,9,2,7,0,Avery,2022-07-05
1,2,0,2,0,Avery,2022-07-06
1,5,2,3,0,Avery,2022-07-08
1,9,1,8,0,Avery,2022-07-15
2,13,2,11,0,Avery,2022-01-23
2,21,4,17,0,Avery,2022-01-25
2,22,3,19,0,Avery,2022-02-03
2,17,2,15,0,Avery,2022-02-09
2,15,5,10,0,Avery,2022-02-10
2,8,3,5,0,Avery,2022-02-13
2,12,7,5,0,Avery,2022-02-17
2,16,2,14,0,Avery,2022-02-21
2,5,2,3,0,Avery,2022-02-25
2,13,4,9,0,Avery,2022-05-17
2,4,1,3,0,Avery,2022-05-30
2,7,3,4,0,Avery,2022-05-31
2,12,2,10,0,Avery,2022-06-17
2,5,1,4,0,Avery,2022-06-28
2,7,1,6,0,Avery,2022-06-30
2,15,7,8,0,Avery,2022-07-11
2,11,1,10,0,Avery,2022-07-12
3,35,4,31,0,Avery,2022-01-20
3,16,3,13,0,Avery,2022-02-02
3,14,2,12,0,Avery,2022-02-05
3,16,7,9,0,Avery,2022-02-16
3,18,6,12,0,Avery,2022-02-23
3,10,9,1,0,Avery,2022-03-17
4,60,5,55,0,Avery,2022-01-19
4,29,5,24,0,Avery,2022-01-21
4,59,17,42,0,Avery,2022-01-24
4,11,4,7,0,Avery,2022-02-12
4,22,14,8,0,Avery,2022-02-15
4,17,5,12,0,Avery,2022-02-18
5,42,12,30,0,Avery,2022-01-31
5,17,3,14,0,Avery,2022-02-08
,0,0,0,0,Beaufort,2022-03-11
,0,0,0,0,Beaufort,2022-03-13
,0,0,0,0,Beaufort,2022-03-17
,0,0,0,0,Beaufort,2022-03-18
,0,0,0,0,Beaufort,2022-03-24
,0,0,0,0,Beaufort,2022-03-26
,0,0,0,0,Beaufort,2022-03-27
,0,0,0,0,Beaufort,2022-03-29
,0,0,0,0,Beaufort,2022-04-01
,0,0,0,0,Beaufort,2022-04-02
,0,0,0,0,Beaufort,2022-04-03
,0,0,0,0,Beaufort,2022-04-05
,0,0,0,0,Beaufort,2022-04-10
,0,0,0,0,Beaufort,2022-04-16
,0,0,0,0,Beaufort,2022-04-17
,0,0,0,0,Beaufort,2022-04-20
,0,0,0,0,Beaufort,2022-05-08
0,8,0,8,0,Beaufort,2022-01-22
0,7,0,7,0,Beaufort,2022-02-28
0,3,1,2,0,Beaufort,2022-03-03
0,2,0,2,0,Beaufort,2022-03-05
0,1,0,1,0,Beaufort,2022-03-06
0,2,1,1,0,Beaufort,2022-03-12
0,1,0,1,0,Beaufort,2022-03-15
0,1,0,1,0,Beaufort,2022-03-19
0,1,0,1,0,Beaufort,2022-03-20
0,1,0,1,0,Beaufort,2022-03-22
0,1,0,1,0,Beaufort,2022-03-25
0,1,0,1,0,Beaufort,2022-03-28
0,1,1,0,0,Beaufort,2022-03-30
0,1,0,1,0,Beaufort,2022-04-04
0,1,0,1,0,Beaufort,2022-04-07
0,1,1,0,0,Beaufort,2022-04-08
0,1,1,0,0,Beaufort,2022-04-09
0,1,0,1,0,Beaufort,2022-04-13
0,3,0,3,0,Beaufort,2022-04-14
0,1,0,1,0,Beaufort,2022-04-15
0,6,0,6,0,Beaufort,2022-04-18
0,3,2,1,0,Beaufort,2022-04-19
0,5,0,5,0,Beaufort,2022-04-21
0,5,0,5,0,Beaufort,2022-04-22
0,2,0,2,0,Beaufort,2022-04-29
0,2,2,0,0,Beaufort,2022-04-30
0,1,0,1,0,Beaufort,2022-05-01
0,3,0,3,0,Beaufort,2022-05-05
0,8,3,5,0,Beaufort,2022-05-06
0,3,1,2,0,Beaufort,2022-05-07
0,5,1,4,0,Beaufort,2022-05-10
0,8,1,7,0,Beaufort,2022-05-13
0,2,0,2,0,Beaufort,2022-05-15
0,15,5,10,0,Beaufort,2022-05-18
0,8,1,7,0,Beaufort,2022-05-27
0,6,2,4,0,Beaufort,2022-05-28
0,13,2,11,0,Beaufort,2022-06-07
0,4,0,4,0,Beaufort,2022-06-18
0,5,0,5,0,Beaufort,2022-07-04
1,31,0,31,0,Beaufort,2022-01-23
1,20,3,17,0,Beaufort,2022-01-29
1,10,1,9,0,Beaufort,2022-02-24
1,5,1,4,0,Beaufort,2022-03-02
1,2,0,2,0,Beaufort,2022-03-09
1,2,0,2,0,Beaufort,2022-03-10
1,2,0,2,0,Beaufort,2022-03-16
1,2,0,2,0,Beaufort,2022-03-21
1,2,0,2,0,Beaufort,2022-04-06
1,4,0,4,0,Beaufort,2022-04-12
1,5,1,4,0,Beaufort,2022-04-23
1,2,0,2,0,Beaufort,2022-04-24
1,7,2,5,0,Beaufort,2022-04-27
1,8,1,7,0,Beaufort,2022-05-04
1,8,2,6,0,Beaufort,2022-05-12
1,14,1,13,0,Beaufort,2022-05-16
1,6,0,6,0,Beaufort,2022-05-22
1,19,3,16,0,Beaufort,2022-05-23
1,15,3,12,0,Beaufort,2022-05-24
1,6,3,3,0,Beaufort,2022-06-04
1,29,6,23,0,Beaufort,2022-06-06
1,9,2,7,0,Beaufort,2022-06-11
1,5,0,5,0,Beaufort,2022-06-19
1,11,1,10,0,Beaufort,2022-06-20
1,16,2,14,0,Beaufort,2022-06-22
1,8,4,4,0,Beaufort,2022-06-25
1,5,0,5,0,Beaufort,2022-07-03
2,6,1,5,0,Beaufort,2022-02-12
2,5,1,4,0,Beaufort,2022-04-26
2,13,3,10,0,Beaufort,2022-05-11
2,13,4,9,0,Beaufort,2022-05-19
2,23,3,20,0,Beaufort,2022-05-26
2,5,1,4,0,Beaufort,2022-05-30
2,20,6,14,0,Beaufort,2022-06-01
2,16,7,9,0,Beaufort,2022-06-03
2,5,0,5,0,Beaufort,2022-06-05
2,15,2,13,0,Beaufort,2022-06-10
2,10,1,9,0,Beaufort,2022-06-12
2,13,3,10,0,Beaufort,2022-06-21
2,18,4,14,0,Beaufort,2022-06-23
2,8,2,6,0,Beaufort,2022-06-26
2,11,2,9,0,Beaufort,2022-07-02
2,9,2,7,0,Beaufort,2022-07-09
2,24,6,18,0,Beaufort,2022-07-13
2,18,1,17,0,Beaufort,2022-07-15
3,20,2,18,0,Beaufort,2022-02-05
3,24,10,14,0,Beaufort,2022-02-11
3,20,3,17,0,Beaufort,2022-02-22
3,10,2,8,0,Beaufort,2022-05-20
3,10,2,8,0,Beaufort,2022-05-29
3,15,4,11,0,Beaufort,2022-06-15
3,14,1,13,0,Beaufort,2022-07-08
3,10,0,10,0,Beaufort,2022-07-10
3,10,0,10,0,Beaufort,2022-07-16
4,18,5,13,0,Beaufort,2022-02-16
4,13,4,9,0,Beaufort,2022-05-09
4,18,7,11,0,Beaufort,2022-06-02
4,21,2,19,0,Beaufort,2022-06-13
4,21,5,16,0,Beaufort,2022-06-14
4,14,2,12,0,Beaufort,2022-06-17
4,19,1,18,0,Beaufort,2022-06-24
4,23,5,18,0,Beaufort,2022-06-29
4,15,3,12,0,Beaufort,2022-07-01
4,26,3,23,0,Beaufort,2022-07-06
4,26,4,22,0,Beaufort,2022-07-07
5,60,9,51,0,Beaufort,2022-02-02
5,43,4,39,0,Beaufort,2022-02-03
5,52,14,38,0,Beaufort,2022-02-07
5,37,5,32,0,Beaufort,2022-02-21
5,18,3,15,0,Beaufort,2022-06-08
5,20,5,15,0,Beaufort,2022-06-27
5,17,1,16,0,Beaufort,2022-06-30
5,22,11,11,0,Beaufort,2022-07-12
6,28,4,24,0,Beaufort,2022-02-15
7,48,6,42,0,Beaufort,2022-02-14
7,34,5,29,0,Beaufort,2022-05-31
7,35,2,33,0,Beaufort,2022-07-11
8,56,8,48,0,Beaufort,2022-02-01
8,18,2,16,0,Beaufort,2022-06-28
9,100,14,86,0,Beaufort,2022-01-31
10,46,11,35,0,Beaufort,2022-02-09
10,29,6,23,0,Beaufort,2022-07-14
11,122,24,98,0,Beaufort,2022-01-26
17,193,33,160,0,Beaufort,2022-01-20
21,193,22,171,0,Beaufort,2022-01-24
,0,0,0,0,Bertie,2022-02-15
,0,0,0,0,Bertie,2022-02-19
,0,0,0,0,Bertie,2022-02-23
,0,0,0,0,Bertie,2022-02-24
,0,0,0,0,Bertie,2022-02-26
,0,0,0,0,Bertie,2022-02-27
,0,0,0,0,Bertie,2022-03-01
,0,0,0,0,Bertie,2022-03-08
,0,0,0,0,Bertie,2022-03-09
,0,0,0,0,Bertie,2022-03-12
,0,0,0,0,Bertie,2022-03-13
,0,0,0,0,Bertie,2022-03-14
,0,0,0,0,Bertie,2022-03-16
,0,0,0,0,Bertie,2022-03-17
,0,0,0,0,Bertie,2022-03-18
,0,0,0,0,Bertie,2022-03-19
,0,0,0,0,Bertie,2022-03-20
,0,0,0,0,Bertie,2022-03-21
,0,0,0,0,Bertie,2022-03-22
,0,0,0,0,Bertie,2022-03-23
,0,0,0,0,Bertie,2022-03-25
,0,0,0,0,Bertie,2022-03-26
,0,0,0,0,Bertie,2022-03-29
,0,0,0,0,Bertie,2022-03-30
,0,0,0,0,Bertie,2022-03-31
,0,0,0,0,Bertie,2022-04-01
,0,0,0,0,Bertie,2022-04-02
,0,0,0,0,Bertie,2022-04-03
,0,0,0,0,Bertie,2022-04-04
,0,0,0,0,Bertie,2022-04-05
,0,0,0,0,Bertie,2022-04-06
,0,0,0,0,Bertie,2022-04-07
,0,0,0,0,Bertie,2022-04-09
,0,0,0,0,Bertie,2022-04-15
,0,0,0,0,Bertie,2022-04-16
,0,0,0,0,Bertie,2022-04-17
,0,0,0,0,Bertie,2022-04-19
,0,0,0,0,Bertie,2022-04-20
,0,0,0,0,Bertie,2022-04-22
,0,0,0,0,Bertie,2022-04-23
,0,0,0,0,Bertie,2022-04-24
,0,0,0,0,Bertie,2022-05-07
,0,0,0,0,Bertie,2022-05-09
,0,0,0,0,Bertie,2022-05-20
0,5,0,5,0,Bertie,2022-01-22
0,6,0,6,0,Bertie,2022-01-30
0,10,0,10,0,Bertie,2022-02-04
0,2,0,2,0,Bertie,2022-02-05
0,11,0,11,0,Bertie,2022-02-07
0,4,0,4,0,Bertie,2022-02-08
0,10,1,9,0,Bertie,2022-02-09
0,12,2,10,0,Bertie,2022-02-10
0,3,1,2,0,Bertie,2022-02-11
0,2,1,1,0,Bertie,2022-02-13
0,3,0,3,0,Bertie,2022-02-16
0,1,0,1,0,Bertie,2022-02-18
0,1,0,1,0,Bertie,2022-02-20
0,1,1,0,0,Bertie,2022-02-21
0,2,0,2,0,Bertie,2022-02-28
0,1,0,1,0,Bertie,2022-03-03
0,2,0,2,0,Bertie,2022-03-04
0,1,0,1,0,Bertie,2022-03-05
0,1,0,1,0,Bertie,2022-03-07
0,1,0,1,0,Bertie,2022-03-10
0,1,0,1,0,Bertie,2022-03-15
0,1,0,1,0,Bertie,2022-03-27
0,2,0,2,0,Bertie,2022-03-28
0,2,0,2,0,Bertie,2022-04-08
0,1,0,1,0,Bertie,2022-04-10
0,1,1,0,0,Bertie,2022-04-11
0,1,0,1,0,Bertie,2022-04-13
0,1,0,1,0,Bertie,2022-04-14
0,3,0,3,0,Bertie,2022-04-18
0,1,0,1,0,Bertie,2022-04-21
0,2,0,2,0,Bertie,2022-04-25
0,5,0,5,0,Bertie,2022-04-26
0,3,0,3,0,Bertie,2022-04-27
0,3,0,3,0,Bertie,2022-04-29
0,2,0,2,0,Bertie,2022-04-30
0,1,0,1,0,Bertie,2022-05-02
0,3,0,3,0,Bertie,2022-05-03
0,3,1,2,0,Bertie,2022-05-04
0,2,0,2,0,Bertie,2022-05-05
0,1,0,1,0,Bertie,2022-05-06
0,1,0,1,0,Bertie,2022-05-08
0,3,0,3,0,Bertie,2022-05-11
0,6,3,3,0,Bertie,2022-05-13
0,5,0,5,0,Bertie,2022-05-15
0,3,0,3,0,Bertie,2022-05-16
0,3,2,1,0,Bertie,2022-05-18
0,2,0,2,0,Bertie,2022-05-19
0,4,0,4,0,Bertie,2022-05-23
0,4,0,4,0,Bertie,2022-06-03
0,2,1,1,0,Bertie,2022-06-04
0,3,0,3,0,Bertie,2022-06-05
0,5,1,4,0,Bertie,2022-06-08
0,10,1,9,0,Bertie,2022-06-10
0,3,0,3,0,Bertie,2022-06-11
0,3,0,3,0,Bertie,2022-06-12
0,4,0,4,0,Bertie,2022-06-17
0,1,0,1,0,Bertie,2022-06-19
0,3,0,3,0,Bertie,2022-06-21
0,3,0,3,0,Bertie,2022-06-23
0,5,0,5,0,Bertie,2022-06-24
0,2,0,2,0,Bertie,2022-06-25
0,5,0,5,0,Bertie,2022-06-27
0,5,0,5,0,Bertie,2022-06-29
0,1,0,1,0,Bertie,2022-06-30
0,5,0,5,0,Bertie,2022-07-01
0,2,0,2,0,Bertie,2022-07-03
0,7,3,4,0,Bertie,2022-07-07
0,3,0,3,0,Bertie,2022-07-09
0,1,1,0,0,Bertie,2022-07-10
0,11,1,10,0,Bertie,2022-07-11
0,9,0,9,0,Bertie,2022-07-12
1,30,1,29,0,Bertie,2022-01-25
1,26,3,23,0,Bertie,2022-01-27
1,11,3,8,0,Bertie,2022-02-02
1,2,0,2,0,Bertie,2022-02-12
1,4,1,3,0,Bertie,2022-02-14
1,2,1,1,0,Bertie,2022-02-17
1,1,0,1,0,Bertie,2022-02-22
1,6,0,6,0,Bertie,2022-02-25
1,2,0,2,0,Bertie,2022-03-24
1,2,0,2,0,Bertie,2022-05-01
1,3,0,3,0,Bertie,2022-05-10
1,5,0,5,0,Bertie,2022-05-12
1,6,0,6,0,Bertie,2022-05-24
1,8,1,7,0,Bertie,2022-05-26
1,5,1,4,0,Bertie,2022-05-27
1,2,0,2,0,Bertie,2022-05-28
1,6,1,5,0,Bertie,2022-05-30
1,9,1,8,0,Bertie,2022-05-31
1,7,2,5,0,Bertie,2022-06-13
1,3,0,3,0,Bertie,2022-06-14
1,7,2,5,0,Bertie,2022-06-15
1,9,2,7,0,Bertie,2022-06-16
1,3,0,3,0,Bertie,2022-06-18
1,1,0,1,0,Bertie,2022-06-20
1,3,0,3,0,Bertie,2022-07-02
1,2,0,2,0,Bertie,2022-07-04
1,4,1,3,0,Bertie,2022-07-06
1,6,0,6,0,Bertie,2022-07-08
1,3,0,3,0,Bertie,2022-07-13
1,10,2,8,0,Bertie,2022-07-14
1,3,0,3,0,Bertie,2022-07-16
2,38,6,32,0,Bertie,2022-01-20
2,4,1,3,0,Bertie,2022-05-22
2,11,0,11,0,Bertie,2022-06-06
2,9,1,8,0,Bertie,2022-06-07
2,4,1,3,0,Bertie,2022-06-26
2,6,2,4,0,Bertie,2022-07-15
3,18,2,16,0,Bertie,2022-02-01
3,10,0,10,0,Bertie,2022-02-03
3,6,0,6,0,Bertie,2022-06-09
3,6,2,4,0,Bertie,2022-06-22
4,45,4,41,0,Bertie,2022-01-19
5,45,0,45,0,Bertie,2022-01-24
6,82,5,77,0,Bertie,2022-01-18
8,10,9,1,0,Bertie,2022-05-29
,0,0,0,0,Bladen,2022-02-26
,0,0,0,0,Bladen,2022-02-27
,0,0,0,0,Bladen,2022-03-05
,0,0,0,0,Bladen,2022-03-11
,0,0,0,0,Bladen,2022-03-15
,0,0,0,0,Bladen,2022-03-16
,0,0,0,0,Bladen,2022-03-19
,0,0,0,0,Bladen,2022-03-20
,0,0,0,0,Bladen,2022-03-21
,0,0,0,0,Bladen,2022-03-22
,0,0,0,0,Bladen,2022-03-23
,0,0,0,0,Bladen,2022-03-24
,0,0,0,0,Bladen,2022-03-27
,0,0,0,0,Bladen,2022-03-28
,0,0,0,0,Bladen,2022-03-30
,0,0,0,0,Bladen,2022-04-02
,0,0,0,0,Bladen,2022-04-03
,0,0,0,0,Bladen,2022-04-06
,0,0,0,0,Bladen,2022-04-07
,0,0,0,0,Bladen,2022-04-08
,0,0,0,0,Bladen,2022-04-09
,0,0,0,0,Bladen,2022-04-16
,0,0,0,0,Bladen,2022-04-17
,0,0,0,0,Bladen,2022-04-24
0,16,4,12,0,Bladen,2022-01-29
0,4,0,4,0,Bladen,2022-02-12
0,4,1,3,0,Bladen,2022-02-13
0,5,0,5,0,Bladen,2022-02-15
0,11,1,10,0,Bladen,2022-02-16
0,7,2,5,0,Bladen,2022-02-20
0,12,4,8,0,Bladen,2022-02-21
0,9,2,7,0,Bladen,2022-02-22
0,10,1,9,0,Bladen,2022-02-23
0,12,0,12,0,Bladen,2022-02-24
0,2,0,2,0,Bladen,2022-03-01
0,2,0,2,0,Bladen,2022-03-02
0,2,0,2,0,Bladen,2022-03-03
0,5,0,5,0,Bladen,2022-03-04
0,2,0,2,0,Bladen,2022-03-07
0,2,0,2,0,Bladen,2022-03-13
0,1,1,0,0,Bladen,2022-03-17
0,1,0,1,0,Bladen,2022-03-18
0,1,1,0,0,Bladen,2022-03-25
0,1,0,1,0,Bladen,2022-03-26
0,2,2,0,0,Bladen,2022-03-29
0,1,0,1,0,Bladen,2022-03-31
0,2,0,2,0,Bladen,2022-04-01
0,3,1,2,0,Bladen,2022-04-04
0,1,0,1,0,Bladen,2022-04-10
0,2,1,1,0,Bladen,2022-04-11
0,3,1,2,0,Bladen,2022-04-12
0,1,1,0,0,Bladen,2022-04-13
0,2,1,1,0,Bladen,2022-04-15
0,1,0,1,0,Bladen,2022-04-18
0,3,1,2,0,Bladen,2022-04-19
0,4,0,4,0,Bladen,2022-04-21
0,2,0,2,0,Bladen,2022-04-23
0,2,0,2,0,Bladen,2022-04-28
0,4,0,4,0,Bladen,2022-04-29
0,2,0,2,0,Bladen,2022-04-30
0,1,1,0,0,Bladen,2022-05-01
0,3,1,2,0,Bladen,2022-05-02
0,2,0,2,0,Bladen,2022-05-07
0,5,0,5,0,Bladen,2022-05-11
0,7,1,6,0,Bladen,2022-05-12
0,15,2,13,0,Bladen,2022-05-13
0,4,0,4,0,Bladen,2022-05-14
0,4,0,4,0,Bladen,2022-05-15
0,12,3,9,0,Bladen,2022-05-16
0,14,0,14,0,Bladen,2022-05-24
0,23,4,19,0,Bladen,2022-05-25
0,6,2,4,0,Bladen,2022-05-28
0,8,2,6,0,Bladen,2022-05-29
0,9,0,9,0,Bladen,2022-05-30
0,11,2,9,0,Bladen,2022-06-03
0,4,0,4,0,Bladen,2022-06-04
0,16,3,13,0,Bladen,2022-06-09
0,12,1,11,0,Bladen,2022-06-10
0,2,0,2,0,Bladen,2022-06-12
0,9,2,7,0,Bladen,2022-06-17
0,3,0,3,0,Bladen,2022-06-18
0,5,2,3,0,Bladen,2022-06-19
0,6,0,6,0,Bladen,2022-06-22
0,3,0,3,0,Bladen,2022-06-24
0,4,0,4,0,Bladen,2022-06-26
0,14,1,13,0,Bladen,2022-06-30
0,2,0,2,0,Bladen,2022-07-04
1,28,4,24,0,Bladen,2022-01-23
1,11,3,8,0,Bladen,2022-02-08
1,9,3,6,0,Bladen,2022-02-18
1,7,1,6,0,Bladen,2022-02-19
1,2,0,2,0,Bladen,2022-03-09
1,3,0,3,0,Bladen,2022-03-14
1,1,0,1,0,Bladen,2022-04-20
1,4,1,3,0,Bladen,2022-04-22
1,3,1,2,0,Bladen,2022-04-26
1,6,1,5,0,Bladen,2022-04-27
1,4,0,4,0,Bladen,2022-05-04
1,10,2,8,0,Bladen,2022-05-09
1,5,1,4,0,Bladen,2022-05-22
1,15,4,11,0,Bladen,2022-06-06
1,13,1,12,0,Bladen,2022-06-08
1,3,0,3,0,Bladen,2022-06-25
1,8,2,6,0,Bladen,2022-06-27
1,11,1,10,0,Bladen,2022-06-28
1,21,3,18,0,Bladen,2022-07-01
1,34,6,28,0,Bladen,2022-07-06
1,8,2,6,0,Bladen,2022-07-09
1,8,1,7,0,Bladen,2022-07-16
2,60,7,53,0,Bladen,2022-01-27
2,2,0,2,0,Bladen,2022-04-14
2,4,0,4,0,Bladen,2022-05-03
2,8,0,8,0,Bladen,2022-05-10
2,17,1,16,0,Bladen,2022-06-13
2,14,1,13,0,Bladen,2022-06-16
2,18,2,16,0,Bladen,2022-06-21
2,16,4,12,0,Bladen,2022-06-23
2,6,1,5,0,Bladen,2022-07-03
2,16,5,11,0,Bladen,2022-07-05
2,10,3,7,0,Bladen,2022-07-08
3,15,3,12,0,Bladen,2022-01-22
3,22,6,16,0,Bladen,2022-02-02
3,10,1,9,0,Bladen,2022-02-14
3,5,1,4,0,Bladen,2022-05-06
3,16,6,10,0,Bladen,2022-05-17
3,13,1,12,0,Bladen,2022-05-19
3,11,3,8,0,Bladen,2022-05-21
3,11,3,8,0,Bladen,2022-05-26
3,17,1,16,0,Bladen,2022-06-14
3,17,3,14,0,Bladen,2022-06-15
3,10,2,8,0,Bladen,2022-06-20
3,6,1,5,0,Bladen,2022-07-02
3,16,0,16,0,Bladen,2022-07-07
3,17,1,16,0,Bladen,2022-07-11
3,18,3,15,0,Bladen,2022-07-13
4,25,7,18,0,Bladen,2022-01-21
4,50,14,36,0,Bladen,2022-02-01
4,22,4,18,0,Bladen,2022-05-18
4,16,5,11,0,Bladen,2022-05-20
4,20,4,16,0,Bladen,2022-06-01
4,11,2,9,0,Bladen,2022-06-11
4,11,0,11,0,Bladen,2022-06-29
4,8,2,6,0,Bladen,2022-07-10
4,14,4,10,0,Bladen,2022-07-12
5,9,5,4,0,Bladen,2022-05-05
5,19,0,19,0,Bladen,2022-06-07
5,16,0,16,0,Bladen,2022-07-15
6,19,5,14,0,Bladen,2022-05-23
6,20,3,17,0,Bladen,2022-07-14
11,65,14,51,0,Bladen,2022-01-31
12,157,33,124,0,Bladen,2022-01-20
0,67,11,56,0,Brunswick,2022-02-06
0,15,3,12,0,Brunswick,2022-02-20
0,36,8,28,0,Brunswick,2022-02-23
0,13,1,12,0,Brunswick,2022-03-04
0,5,2,3,0,Brunswick,2022-03-08
0,11,2,9,0,Brunswick,2022-03-09
0,8,2,6,0,Brunswick,2022-03-11
0,3,0,3,0,Brunswick,2022-03-12
0,9,0,9,0,Brunswick,2022-03-15
0,2,1,1,0,Brunswick,2022-03-19
0,2,0,2,0,Brunswick,2022-03-20
0,6,1,5,0,Brunswick,2022-03-21
0,2,0,2,0,Brunswick,2022-03-22
0,7,3,4,0,Brunswick,2022-03-23
0,4,2,2,0,Brunswick,2022-03-24
0,2,1,1,0,Brunswick,2022-03-26
0,2,0,2,0,Brunswick,2022-03-27
0,11,2,9,0,Brunswick,2022-03-28
0,7,0,7,0,Brunswick,2022-03-29
0,6,0,6,0,Brunswick,2022-04-01
0,2,0,2,0,Brunswick,2022-04-02
0,1,0,1,0,Brunswick,2022-04-03
0,11,6,5,0,Brunswick,2022-04-04
0,19,2,17,0,Brunswick,2022-04-07
0,7,0,7,0,Brunswick,2022-04-09
0,2,1,1,0,Brunswick,2022-04-10
0,4,0,4,0,Brunswick,2022-04-15
0,16,4,12,0,Brunswick,2022-04-16
0,3,0,3,0,Brunswick,2022-04-17
0,15,1,14,0,Brunswick,2022-04-19
0,23,4,19,0,Brunswick,2022-04-20
0,16,3,13,0,Brunswick,2022-04-23
0,24,1,23,0,Brunswick,2022-04-27
0,26,4,22,0,Brunswick,2022-04-30
0,47,9,38,0,Brunswick,2022-06-08
1,42,6,36,0,Brunswick,2022-02-17
1,34,2,32,0,Brunswick,2022-02-22
1,17,1,16,0,Brunswick,2022-02-26
1,4,1,3,0,Brunswick,2022-03-14
1,5,0,5,0,Brunswick,2022-03-16
1,11,0,11,0,Brunswick,2022-03-30
1,13,3,10,0,Brunswick,2022-04-06
1,19,2,17,0,Brunswick,2022-04-11
1,32,8,24,0,Brunswick,2022-04-28
1,33,4,29,0,Brunswick,2022-05-14
1,53,10,43,0,Brunswick,2022-05-19
1,25,7,18,0,Brunswick,2022-05-21
1,30,6,24,0,Brunswick,2022-06-12
1,32,4,28,0,Brunswick,2022-06-18
2,75,6,69,0,Brunswick,2022-01-22
2,64,7,57,0,Brunswick,2022-02-14
2,14,2,12,0,Brunswick,2022-02-27
2,22,6,16,0,Brunswick,2022-02-28
2,13,2,11,0,Brunswick,2022-03-31
2,16,1,15,0,Brunswick,2022-04-14
2,19,1,18,0,Brunswick,2022-04-22
2,9,4,5,0,Brunswick,2022-04-24
2,39,6,33,0,Brunswick,2022-04-26
2,19,1,18,0,Brunswick,2022-05-01
2,41,3,38,0,Brunswick,2022-05-06
2,17,1,16,0,Brunswick,2022-05-07
2,31,6,25,0,Brunswick,2022-05-15
2,36,6,30,0,Brunswick,2022-05-22
2,48,6,42,0,Brunswick,2022-05-27
2,53,7,46,0,Brunswick,2022-06-02
2,30,9,21,0,Brunswick,2022-06-11
2,52,9,43,0,Brunswick,2022-06-17
2,41,6,35,0,Brunswick,2022-07-03
2,40,4,36,0,Brunswick,2022-07-10
3,19,2,17,0,Brunswick,2022-04-13
3,65,12,53,0,Brunswick,2022-05-04
3,29,7,22,0,Brunswick,2022-05-08
3,67,6,61,0,Brunswick,2022-05-13
3,76,11,65,0,Brunswick,2022-05-18
3,31,6,25,0,Brunswick,2022-05-30
3,42,7,35,0,Brunswick,2022-06-03
3,55,6,49,0,Brunswick,2022-06-06
3,59,11,48,0,Brunswick,2022-06-13
3,36,8,28,0,Brunswick,2022-06-19
3,29,5,24,0,Brunswick,2022-06-25
3,22,8,14,0,Brunswick,2022-07-04
3,59,15,44,0,Brunswick,2022-07-14
3,31,8,23,0,Brunswick,2022-07-16
4,17,1,16,0,Brunswick,2022-04-18
4,20,3,17,0,Brunswick,2022-04-21
4,50,8,42,0,Brunswick,2022-05-05
4,64,14,50,0,Brunswick,2022-05-10
4,68,10,58,0,Brunswick,2022-05-31
4,57,9,48,0,Brunswick,2022-06-01
4,41,6,35,0,Brunswick,2022-06-10
4,62,8,54,0,Brunswick,2022-06-20
4,45,4,41,0,Brunswick,2022-06-30
4,33,7,26,0,Brunswick,2022-07-02
4,39,9,30,0,Brunswick,2022-07-09
5,63,3,60,0,Brunswick,2022-02-11
5,36,4,32,0,Brunswick,2022-04-29
5,54,14,40,0,Brunswick,2022-05-29
5,55,12,43,0,Brunswick,2022-06-15
5,63,9,54,0,Brunswick,2022-06-16
5,90,20,70,0,Brunswick,2022-07-07
5,75,22,53,0,Brunswick,2022-07-11
5,54,4,50,0,Brunswick,2022-07-15
6,132,26,106,0,Brunswick,2022-02-07
6,67,13,54,0,Brunswick,2022-05-11
6,69,13,56,0,Brunswick,2022-05-20
6,59,8,51,0,Brunswick,2022-06-14
6,72,23,49,0,Brunswick,2022-06-21
6,56,11,45,0,Brunswick,2022-06-29
6,42,7,35,0,Brunswick,2022-07-01
7,167,24,143,0,Brunswick,2022-02-02
7,38,12,26,0,Brunswick,2022-05-28
7,55,17,38,0,Brunswick,2022-06-24
7,67,13,54,0,Brunswick,2022-07-06
8,66,8,58,0,Brunswick,2022-05-24
8,46,12,34,0,Brunswick,2022-06-04
8,62,12,50,0,Brunswick,2022-06-07
8,55,9,46,0,Brunswick,2022-06-09
8,61,17,44,0,Brunswick,2022-07-08
8,61,8,53,0,Brunswick,2022-07-12
8,56,12,44,0,Brunswick,2022-07-13
9,53,9,44,0,Brunswick,2022-05-02
9,87,14,73,0,Brunswick,2022-05-16
9,74,9,65,0,Brunswick,2022-05-23
9,68,11,57,0,Brunswick,2022-06-22
10,167,27,140,0,Brunswick,2022-01-21
10,54,4,50,0,Brunswick,2022-06-23
10,49,8,41,0,Brunswick,2022-06-26
10,78,19,59,0,Brunswick,2022-06-27
11,97,9,88,0,Brunswick,2022-07-05
0,12,6,6,0,Buncombe,2022-03-05
0,11,5,6,0,Buncombe,2022-03-06
0,11,0,11,0,Buncombe,2022-03-15
0,15,5,10,0,Buncombe,2022-03-17
0,15,5,10,0,Buncombe,2022-03-18
0,7,1,6,0,Buncombe,2022-03-19
0,18,5,13,0,Buncombe,2022-03-22
0,20,4,16,0,Buncombe,2022-04-01
0,8,1,7,0,Buncombe,2022-04-02
0,23,7,16,0,Buncombe,2022-04-05
0,13,5,8,0,Buncombe,2022-04-09
1,18,4,14,0,Buncombe,2022-02-27
1,44,15,29,0,Buncombe,2022-03-01
1,17,7,10,0,Buncombe,2022-03-11
1,11,9,2,0,Buncombe,2022-03-21
1,9,4,5,0,Buncombe,2022-03-27
1,25,13,12,0,Buncombe,2022-03-31
1,34,8,26,0,Buncombe,2022-04-08
1,22,7,15,0,Buncombe,2022-04-17
1,111,45,66,0,Buncombe,2022-05-13
1,52,13,39,0,Buncombe,2022-06-04
1,41,12,29,0,Buncombe,2022-06-19
2,22,3,19,0,Buncombe,2022-03-09
2,10,2,8,0,Buncombe,2022-03-12
2,21,7,14,0,Buncombe,2022-03-23
2,21,8,13,0,Buncombe,2022-03-24
2,33,13,20,0,Buncombe,2022-04-04
2,21,3,18,0,Buncombe,2022-04-10
2,26,11,15,0,Buncombe,2022-04-16
2,22,10,12,0,Buncombe,2022-04-23
2,21,10,11,0,Buncombe,2022-04-24
2,75,30,45,0,Buncombe,2022-04-26
2,40,9,31,0,Buncombe,2022-04-30
2,58,21,37,0,Buncombe,2022-05-28
2,41,17,24,0,Buncombe,2022-06-11
2,48,8,40,0,Buncombe,2022-06-18
3,93,32,61,0,Buncombe,2022-02-21
3,20,7,13,0,Buncombe,2022-03-28
3,41,12,29,0,Buncombe,2022-04-11
3,43,16,27,0,Buncombe,2022-04-12
3,42,18,24,0,Buncombe,2022-04-13
3,35,8,27,0,Buncombe,2022-04-15
3,68,19,49,0,Buncombe,2022-04-20
3,49,22,27,0,Buncombe,2022-05-07
3,39,19,20,0,Buncombe,2022-05-08
3,44,16,28,0,Buncombe,2022-05-22
3,49,17,32,0,Buncombe,2022-07-03
5,68,17,51,0,Buncombe,2022-04-18
5,79,21,58,0,Buncombe,2022-04-25
5,106,45,61,0,Buncombe,2022-06-08
5,58,24,34,0,Buncombe,2022-06-12
5,73,25,48,0,Buncombe,2022-06-17
5,95,30,65,0,Buncombe,2022-06-22
5,29,18,11,0,Buncombe,2022-07-04
5,41,16,25,0,Buncombe,2022-07-09
6,108,41,67,0,Buncombe,2022-02-15
6,56,24,32,0,Buncombe,2022-04-14
6,81,34,47,0,Buncombe,2022-04-27
6,77,32,45,0,Buncombe,2022-04-29
6,97,37,60,0,Buncombe,2022-05-10
6,115,45,70,0,Buncombe,2022-05-20
6,80,30,50,0,Buncombe,2022-05-27
6,33,14,19,0,Buncombe,2022-07-02
7,76,37,39,0,Buncombe,2022-02-22
7,73,31,42,0,Buncombe,2022-04-21
7,85,25,60,0,Buncombe,2022-05-15
7,36,20,16,0,Buncombe,2022-05-30
7,96,31,65,0,Buncombe,2022-06-03
8,127,41,86,0,Buncombe,2022-05-02
8,148,53,95,0,Buncombe,2022-05-09
8,127,60,67,0,Buncombe,2022-05-11
8,120,47,73,0,Buncombe,2022-05-19
8,117,42,75,0,Buncombe,2022-05-26
8,101,39,62,0,Buncombe,2022-06-06
8,76,22,54,0,Buncombe,2022-06-15
8,86,27,59,0,Buncombe,2022-06-24
8,49,15,34,0,Buncombe,2022-06-25
9,103,48,55,0,Buncombe,2022-05-04
9,123,48,75,0,Buncombe,2022-05-17
9,90,43,47,0,Buncombe,2022-07-01
9,92,28,64,0,Buncombe,2022-07-06
9,48,15,33,0,Buncombe,2022-07-10
9,82,20,62,0,Buncombe,2022-07-13
10,98,44,54,0,Buncombe,2022-06-07
10,83,27,56,0,Buncombe,2022-06-16
10,50,18,32,0,Buncombe,2022-07-16
11,113,34,79,0,Buncombe,2022-06-30
12,153,58,95,0,Buncombe,2022-05-25
12,121,46,75,0,Buncombe,2022-06-01
12,100,32,68,0,Buncombe,2022-06-02
12,129,48,81,0,Buncombe,2022-07-05
13,178,71,107,0,Buncombe,2022-02-09
13,183,51,132,0,Buncombe,2022-05-31
13,104,34,70,0,Buncombe,2022-06-28
13,96,43,53,0,Buncombe,2022-07-07
13,80,20,60,0,Buncombe,2022-07-08
13,91,38,53,0,Buncombe,2022-07-12
13,69,19,50,0,Buncombe,2022-07-14
13,66,21,45,0,Buncombe,2022-07-15
14,264,85,179,0,Buncombe,2022-02-02
15,168,69,99,0,Buncombe,2022-05-16
16,98,48,50,0,Buncombe,2022-06-10
16,121,37,84,0,Buncombe,2022-06-27
17,114,41,73,0,Buncombe,2022-07-11
19,254,35,219,0,Buncombe,2022-01-22
20,240,82,158,0,Buncombe,2022-02-03
20,156,58,98,0,Buncombe,2022-05-23
,0,0,0,0,Burke,2022-03-25
,0,0,0,0,Burke,2022-03-26
,0,0,0,0,Burke,2022-04-17
0,3,0,3,0,Burke,2022-02-27
0,5,0,5,0,Burke,2022-03-01
0,5,1,4,0,Burke,2022-03-05
0,2,1,1,0,Burke,2022-03-10
0,1,0,1,0,Burke,2022-03-13
0,4,2,2,0,Burke,2022-03-15
0,5,2,3,0,Burke,2022-03-16
0,2,2,0,0,Burke,2022-03-17
0,3,0,3,0,Burke,2022-03-18
0,1,0,1,0,Burke,2022-03-20
0,3,2,1,0,Burke,2022-03-21
0,4,1,3,0,Burke,2022-03-23
0,1,1,0,0,Burke,2022-03-24
0,3,1,2,0,Burke,2022-03-27
0,13,6,7,0,Burke,2022-03-28
0,3,2,1,0,Burke,2022-03-30
0,3,2,1,0,Burke,2022-04-01
0,1,0,1,0,Burke,2022-04-03
0,10,4,6,0,Burke,2022-04-06
0,4,1,3,0,Burke,2022-04-07
0,3,2,1,0,Burke,2022-04-08
0,4,0,4,0,Burke,2022-04-09
0,1,0,1,0,Burke,2022-04-10
0,6,4,2,0,Burke,2022-04-12
0,11,8,3,0,Burke,2022-04-15
0,3,1,2,0,Burke,2022-04-16
0,5,1,4,0,Burke,2022-04-19
0,3,1,2,0,Burke,2022-04-20
0,12,2,10,0,Burke,2022-04-21
0,1,1,0,0,Burke,2022-04-22
0,3,0,3,0,Burke,2022-04-23
0,8,2,6,0,Burke,2022-04-24
0,15,10,5,0,Burke,2022-04-26
0,4,3,1,0,Burke,2022-04-27
0,10,3,7,0,Burke,2022-04-29
0,4,2,2,0,Burke,2022-05-01
0,3,2,1,0,Burke,2022-05-08
0,12,0,12,0,Burke,2022-05-09
0,16,4,12,0,Burke,2022-05-11
0,17,4,13,0,Burke,2022-05-30
0,11,0,11,0,Burke,2022-06-04
0,21,6,15,0,Burke,2022-06-07
0,21,6,15,0,Burke,2022-06-09
0,16,0,16,0,Burke,2022-06-12
0,17,2,15,0,Burke,2022-06-14
0,16,3,13,0,Burke,2022-06-15
0,6,0,6,0,Burke,2022-06-18
0,21,4,17,0,Burke,2022-06-23
0,14,0,14,0,Burke,2022-06-25
0,10,1,9,0,Burke,2022-07-04
1,36,6,30,0,Burke,2022-02-06
1,17,3,14,0,Burke,2022-02-24
1,10,3,7,0,Burke,2022-03-03
1,6,1,5,0,Burke,2022-03-04
1,6,3,3,0,Burke,2022-03-29
1,7,2,5,0,Burke,2022-03-31
1,5,0,5,0,Burke,2022-04-11
1,10,4,6,0,Burke,2022-04-13
1,15,6,9,0,Burke,2022-05-02
1,6,0,6,0,Burke,2022-05-04
1,12,3,9,0,Burke,2022-05-06
1,9,1,8,0,Burke,2022-05-07
1,16,1,15,0,Burke,2022-05-12
1,22,9,13,0,Burke,2022-05-13
1,22,5,17,0,Burke,2022-05-17
1,27,7,20,0,Burke,2022-05-18
1,6,0,6,0,Burke,2022-05-21
1,18,1,17,0,Burke,2022-05-22
1,19,9,10,0,Burke,2022-05-27
1,16,4,12,0,Burke,2022-05-29
1,14,0,14,0,Burke,2022-06-03
1,5,0,5,0,Burke,2022-06-11
1,16,2,14,0,Burke,2022-06-17
1,15,0,15,0,Burke,2022-06-19
1,29,2,27,0,Burke,2022-06-22
1,17,3,14,0,Burke,2022-07-03
1,21,0,21,0,Burke,2022-07-09
2,20,3,17,0,Burke,2022-02-18
2,6,1,5,0,Burke,2022-03-11
2,11,5,6,0,Burke,2022-04-25
2,9,1,8,0,Burke,2022-05-03
2,10,1,9,0,Burke,2022-05-15
2,26,5,21,0,Burke,2022-05-20
2,21,13,8,0,Burke,2022-05-28
2,29,4,25,0,Burke,2022-06-16
2,15,0,15,0,Burke,2022-06-26
2,22,7,15,0,Burke,2022-06-30
2,33,7,26,0,Burke,2022-07-05
2,41,5,36,0,Burke,2022-07-08
2,29,4,25,0,Burke,2022-07-15
2,16,1,15,0,Burke,2022-07-16
3,26,11,15,0,Burke,2022-02-22
3,8,4,4,0,Burke,2022-03-07
3,32,6,26,0,Burke,2022-05-19
3,28,4,24,0,Burke,2022-06-01
3,33,6,27,0,Burke,2022-06-06
3,19,3,16,0,Burke,2022-06-10
3,21,3,18,0,Burke,2022-06-21
3,39,6,33,0,Burke,2022-06-27
3,26,4,22,0,Burke,2022-06-28
3,30,6,24,0,Burke,2022-06-29
3,25,7,18,0,Burke,2022-07-01
3,16,5,11,0,Burke,2022-07-02
3,29,7,22,0,Burke,2022-07-11
3,44,9,35,0,Burke,2022-07-12
4,54,32,22,0,Burke,2022-01-29
4,88,25,63,0,Burke,2022-02-04
4,30,6,24,0,Burke,2022-05-24
4,28,10,18,0,Burke,2022-05-26
4,24,4,20,0,Burke,2022-06-20
4,21,5,16,0,Burke,2022-06-24
5,21,1,20,0,Burke,2022-06-08
5,23,3,20,0,Burke,2022-06-13
5,21,4,17,0,Burke,2022-07-07
5,23,0,23,0,Burke,2022-07-10
5,44,8,36,0,Burke,2022-07-13
5,40,5,35,0,Burke,2022-07-14
6,36,10,26,0,Burke,2022-07-06
15,192,54,138,0,Burke,2022-01-21
21,187,42,145,0,Burke,2022-01-27
29,252,89,163,0,Burke,2022-01-20
0,86,20,66,0,Cabarrus,2022-02-11
0,8,1,7,0,Cabarrus,2022-03-05
0,5,3,2,0,Cabarrus,2022-03-11
0,5,1,4,0,Cabarrus,2022-03-12
0,5,0,5,0,Cabarrus,2022-03-13
0,6,1,5,0,Cabarrus,2022-03-14
0,3,0,3,0,Cabarrus,2022-03-15
0,4,1,3,0,Cabarrus,2022-03-18
0,4,0,4,0,Cabarrus,2022-03-20
0,5,1,4,0,Cabarrus,2022-03-23
0,3,0,3,0,Cabarrus,2022-03-26
0,6,2,4,0,Cabarrus,2022-03-27
0,6,2,4,0,Cabarrus,2022-03-29
0,4,3,1,0,Cabarrus,2022-03-30
0,8,2,6,0,Cabarrus,2022-04-01
0,3,1,2,0,Cabarrus,2022-04-09
0,5,2,3,0,Cabarrus,2022-04-10
0,20,3,17,0,Cabarrus,2022-04-12
0,12,2,10,0,Cabarrus,2022-04-16
0,9,1,8,0,Cabarrus,2022-04-17
0,20,4,16,0,Cabarrus,2022-04-23
0,20,1,19,0,Cabarrus,2022-05-01
0,53,7,46,0,Cabarrus,2022-05-15
1,9,5,4,0,Cabarrus,2022-03-04
1,10,0,10,0,Cabarrus,2022-03-09
1,6,1,5,0,Cabarrus,2022-03-16
1,6,0,6,0,Cabarrus,2022-03-19
1,5,2,3,0,Cabarrus,2022-03-21
1,12,5,7,0,Cabarrus,2022-03-28
1,6,2,4,0,Cabarrus,2022-03-31
1,7,0,7,0,Cabarrus,2022-04-03
1,13,3,10,0,Cabarrus,2022-04-04
1,7,2,5,0,Cabarrus,2022-04-05
1,9,7,2,0,Cabarrus,2022-04-06
1,12,5,7,0,Cabarrus,2022-04-08
1,29,8,21,0,Cabarrus,2022-04-18
2,11,0,11,0,Cabarrus,2022-03-22
2,6,2,4,0,Cabarrus,2022-03-25
2,36,9,27,0,Cabarrus,2022-04-28
2,35,7,28,0,Cabarrus,2022-05-08
2,48,11,37,0,Cabarrus,2022-05-14
2,29,5,24,0,Cabarrus,2022-05-28
2,34,6,28,0,Cabarrus,2022-05-30
3,69,11,58,0,Cabarrus,2022-02-16
3,70,18,52,0,Cabarrus,2022-02-17
3,26,8,18,0,Cabarrus,2022-02-23
3,18,3,15,0,Cabarrus,2022-04-11
3,23,5,18,0,Cabarrus,2022-04-14
3,23,3,20,0,Cabarrus,2022-04-22
3,42,6,36,0,Cabarrus,2022-05-02
3,68,17,51,0,Cabarrus,2022-05-04
3,36,5,31,0,Cabarrus,2022-05-07
3,62,10,52,0,Cabarrus,2022-05-11
3,75,9,66,0,Cabarrus,2022-05-12
3,38,8,30,0,Cabarrus,2022-05-21
3,55,5,50,0,Cabarrus,2022-05-22
3,58,10,48,0,Cabarrus,2022-05-24
3,43,10,33,0,Cabarrus,2022-05-29
3,63,9,54,0,Cabarrus,2022-07-09
4,41,14,27,0,Cabarrus,2022-02-22
4,40,11,29,0,Cabarrus,2022-04-13
4,58,21,37,0,Cabarrus,2022-05-03
4,57,11,46,0,Cabarrus,2022-05-10
4,72,13,59,0,Cabarrus,2022-05-20
4,43,8,35,0,Cabarrus,2022-06-11
5,150,36,114,0,Cabarrus,2022-01-22
5,18,5,13,0,Cabarrus,2022-04-15
5,37,7,30,0,Cabarrus,2022-04-19
5,30,9,21,0,Cabarrus,2022-04-20
5,38,14,24,0,Cabarrus,2022-04-24
5,38,4,34,0,Cabarrus,2022-04-27
5,32,8,24,0,Cabarrus,2022-04-29
5,75,17,58,0,Cabarrus,2022-05-19
5,97,24,73,0,Cabarrus,2022-05-23
5,65,14,51,0,Cabarrus,2022-05-26
5,68,15,53,0,Cabarrus,2022-06-14
5,51,7,44,0,Cabarrus,2022-07-02
6,116,31,85,0,Cabarrus,2022-02-09
6,47,9,38,0,Cabarrus,2022-05-06
6,74,12,62,0,Cabarrus,2022-05-09
6,78,10,68,0,Cabarrus,2022-06-10
6,43,7,36,0,Cabarrus,2022-06-18
6,68,9,59,0,Cabarrus,2022-06-22
7,46,9,37,0,Cabarrus,2022-05-05
7,86,14,72,0,Cabarrus,2022-05-25
7,75,11,64,0,Cabarrus,2022-05-27
7,94,16,78,0,Cabarrus,2022-06-02
7,55,8,47,0,Cabarrus,2022-06-04
7,63,12,51,0,Cabarrus,2022-06-21
7,69,13,56,0,Cabarrus,2022-06-23
7,46,4,42,0,Cabarrus,2022-06-25
7,65,10,55,0,Cabarrus,2022-07-01
8,146,28,118,0,Cabarrus,2022-02-04
8,55,9,46,0,Cabarrus,2022-07-03
9,30,10,20,0,Cabarrus,2022-04-21
9,90,27,63,0,Cabarrus,2022-05-16
9,98,24,74,0,Cabarrus,2022-05-18
9,120,22,98,0,Cabarrus,2022-06-01
9,63,11,52,0,Cabarrus,2022-06-03
9,108,20,88,0,Cabarrus,2022-06-06
9,73,14,59,0,Cabarrus,2022-06-20
9,31,7,24,0,Cabarrus,2022-07-04
10,106,23,83,0,Cabarrus,2022-05-13
10,55,7,48,0,Cabarrus,2022-06-26
11,78,13,65,0,Cabarrus,2022-06-17
11,86,17,69,0,Cabarrus,2022-06-28
11,69,7,62,0,Cabarrus,2022-06-29
12,75,11,64,0,Cabarrus,2022-06-08
12,78,18,60,0,Cabarrus,2022-06-15
13,61,8,53,0,Cabarrus,2022-06-19
13,86,14,72,0,Cabarrus,2022-06-30
15,68,19,49,0,Cabarrus,2022-04-25
15,111,13,98,0,Cabarrus,2022-07-15
16,75,9,66,0,Cabarrus,2022-06-24
16,94,13,81,0,Cabarrus,2022-07-06
17,131,25,106,0,Cabarrus,2022-05-31
17,116,32,84,0,Cabarrus,2022-07-05
17,110,22,88,0,Cabarrus,2022-07-13
17,74,10,64,0,Cabarrus,2022-07-16
19,81,12,69,0,Cabarrus,2022-06-07
19,104,19,85,0,Cabarrus,2022-06-27
22,101,12,89,0,Cabarrus,2022-07-08
22,128,23,105,0,Cabarrus,2022-07-11
22,130,20,110,0,Cabarrus,2022-07-12
26,127,27,100,0,Cabarrus,2022-07-07
39,397,104,293,0,Cabarrus,2022-01-21
49,528,176,352,0,Cabarrus,2022-01-24
,0,0,0,0,Caldwell,2022-04-05
0,9,0,9,0,Caldwell,2022-03-04
0,4,0,4,0,Caldwell,2022-03-07
0,6,1,5,0,Caldwell,2022-03-08
0,1,0,1,0,Caldwell,2022-03-12
0,2,1,1,0,Caldwell,2022-03-13
0,2,0,2,0,Caldwell,2022-03-15
0,7,3,4,0,Caldwell,2022-03-17
0,2,0,2,0,Caldwell,2022-03-19
0,2,0,2,0,Caldwell,2022-03-20
0,1,0,1,0,Caldwell,2022-03-21
0,3,0,3,0,Caldwell,2022-03-24
0,3,0,3,0,Caldwell,2022-03-25
0,1,0,1,0,Caldwell,2022-03-26
0,1,0,1,0,Caldwell,2022-03-27
0,5,0,5,0,Caldwell,2022-03-28
0,3,0,3,0,Caldwell,2022-03-29
0,4,0,4,0,Caldwell,2022-03-30
0,2,0,2,0,Caldwell,2022-04-01
0,2,0,2,0,Caldwell,2022-04-03
0,2,0,2,0,Caldwell,2022-04-08
0,3,0,3,0,Caldwell,2022-04-09
0,4,0,4,0,Caldwell,2022-04-10
0,2,0,2,0,Caldwell,2022-04-11
0,8,2,6,0,Caldwell,2022-04-13
0,2,0,2,0,Caldwell,2022-04-14
0,2,0,2,0,Caldwell,2022-04-17
0,5,1,4,0,Caldwell,2022-04-18
0,8,2,6,0,Caldwell,2022-04-19
0,10,3,7,0,Caldwell,2022-04-22
0,6,0,6,0,Caldwell,2022-04-23
0,6,0,6,0,Caldwell,2022-04-24
0,3,0,3,0,Caldwell,2022-04-26
0,6,3,3,0,Caldwell,2022-04-28
0,5,1,4,0,Caldwell,2022-04-30
0,4,0,4,0,Caldwell,2022-05-07
0,19,5,14,0,Caldwell,2022-05-10
0,8,0,8,0,Caldwell,2022-05-11
0,6,0,6,0,Caldwell,2022-05-28
0,15,1,14,0,Caldwell,2022-05-29
0,13,1,12,0,Caldwell,2022-06-04
1,26,3,23,0,Caldwell,2022-02-12
1,32,2,30,0,Caldwell,2022-02-16
1,17,3,14,0,Caldwell,2022-02-20
1,13,0,13,0,Caldwell,2022-02-28
1,3,0,3,0,Caldwell,2022-03-10
1,5,1,4,0,Caldwell,2022-03-11
1,2,0,2,0,Caldwell,2022-03-16
1,2,0,2,0,Caldwell,2022-03-22
1,4,0,4,0,Caldwell,2022-04-04
1,6,0,6,0,Caldwell,2022-04-15
1,3,0,3,0,Caldwell,2022-04-16
1,10,1,9,0,Caldwell,2022-04-27
1,6,0,6,0,Caldwell,2022-04-29
1,4,1,3,0,Caldwell,2022-05-03
1,4,1,3,0,Caldwell,2022-05-04
1,11,1,10,0,Caldwell,2022-05-05
1,7,1,6,0,Caldwell,2022-05-06
1,5,0,5,0,Caldwell,2022-05-08
1,13,1,12,0,Caldwell,2022-05-09
1,12,1,11,0,Caldwell,2022-05-13
1,12,3,9,0,Caldwell,2022-05-15
1,22,4,18,0,Caldwell,2022-05-17
1,8,2,6,0,Caldwell,2022-05-21
1,16,3,13,0,Caldwell,2022-05-23
1,14,0,14,0,Caldwell,2022-05-26
1,21,2,19,0,Caldwell,2022-05-27
1,9,1,8,0,Caldwell,2022-05-30
1,14,3,11,0,Caldwell,2022-07-04
1,30,5,25,0,Caldwell,2022-07-14
2,19,2,17,0,Caldwell,2022-02-18
2,18,2,16,0,Caldwell,2022-02-24
2,7,2,5,0,Caldwell,2022-03-09
2,3,0,3,0,Caldwell,2022-04-06
2,6,1,5,0,Caldwell,2022-04-07
2,16,2,14,0,Caldwell,2022-04-21
2,8,1,7,0,Caldwell,2022-05-01
2,18,3,15,0,Caldwell,2022-05-02
2,6,1,5,0,Caldwell,2022-05-12
2,16,3,13,0,Caldwell,2022-05-20
2,12,1,11,0,Caldwell,2022-05-22
2,22,3,19,0,Caldwell,2022-05-25
2,25,5,20,0,Caldwell,2022-06-01
2,22,1,21,0,Caldwell,2022-06-06
2,17,0,17,0,Caldwell,2022-06-11
2,15,3,12,0,Caldwell,2022-06-18
2,28,5,23,0,Caldwell,2022-07-09
3,23,2,21,0,Caldwell,2022-02-17
3,10,0,10,0,Caldwell,2022-02-26
3,10,1,9,0,Caldwell,2022-03-02
3,13,2,11,0,Caldwell,2022-04-20
3,20,4,16,0,Caldwell,2022-05-18
3,15,2,13,0,Caldwell,2022-06-03
3,28,5,23,0,Caldwell,2022-06-08
3,26,3,23,0,Caldwell,2022-06-09
3,29,7,22,0,Caldwell,2022-06-17
3,18,2,16,0,Caldwell,2022-06-19
3,22,4,18,0,Caldwell,2022-06-22
3,24,7,17,0,Caldwell,2022-07-02
4,112,28,84,0,Caldwell,2022-01-23
4,15,3,12,0,Caldwell,2022-05-16
4,14,1,13,0,Caldwell,2022-05-24
4,25,4,21,0,Caldwell,2022-06-12
4,36,8,28,0,Caldwell,2022-06-21
4,27,7,20,0,Caldwell,2022-06-30
4,21,1,20,0,Caldwell,2022-07-16
5,21,3,18,0,Caldwell,2022-05-19
5,26,6,20,0,Caldwell,2022-05-31
5,19,3,16,0,Caldwell,2022-06-24
6,21,5,16,0,Caldwell,2022-04-25
6,23,2,21,0,Caldwell,2022-06-07
6,27,3,24,0,Caldwell,2022-06-13
6,30,2,28,0,Caldwell,2022-06-14
6,29,6,23,0,Caldwell,2022-06-16
6,34,2,32,0,Caldwell,2022-06-23
6,35,3,32,0,Caldwell,2022-06-27
6,35,3,32,0,Caldwell,2022-07-01
6,31,5,26,0,Caldwell,2022-07-07
7,27,6,21,0,Caldwell,2022-06-26
8,71,11,60,0,Caldwell,2022-02-08
8,25,4,21,0,Caldwell,2022-06-10
8,25,6,19,0,Caldwell,2022-06-15
8,43,6,37,0,Caldwell,2022-06-20
8,31,6,25,0,Caldwell,2022-07-10
8,38,12,26,0,Caldwell,2022-07-11
8,25,2,23,0,Caldwell,2022-07-15
9,37,4,33,0,Caldwell,2022-06-29
9,42,6,36,0,Caldwell,2022-07-05
9,44,9,35,0,Caldwell,2022-07-08
9,37,9,28,0,Caldwell,2022-07-12
12,39,6,33,0,Caldwell,2022-07-06
12,41,8,33,0,Caldwell,2022-07-13
45,392,101,291,0,Caldwell,2022-01-20
,0,0,0,0,Camden,2022-02-02
,0,0,0,0,Camden,2022-02-04
,0,0,0,0,Camden,2022-02-05
,0,0,0,0,Camden,2022-02-06
,0,0,0,0,Camden,2022-02-13
,0,0,0,0,Camden,2022-02-14
,0,0,0,0,Camden,2022-02-17
,0,0,0,0,Camden,2022-02-18
,0,0,0,0,Camden,2022-02-20
,0,0,0,0,Camden,2022-02-23
,0,0,0,0,Camden,2022-02-26
,0,0,0,0,Camden,2022-02-28
,0,0,0,0,Camden,2022-03-02
,0,0,0,0,Camden,2022-03-03
,0,0,0,0,Camden,2022-03-04
,0,0,0,0,Camden,2022-03-05
,0,0,0,0,Camden,2022-03-06
,0,0,0,0,Camden,2022-03-07
,0,0,0,0,Camden,2022-03-10
,0,0,0,0,Camden,2022-03-11
,0,0,0,0,Camden,2022-03-12
,0,0,0,0,Camden,2022-03-13
,0,0,0,0,Camden,2022-03-14
,0,0,0,0,Camden,2022-03-15
,0,0,0,0,Camden,2022-03-16
,0,0,0,0,Camden,2022-03-17
,0,0,0,0,Camden,2022-03-18
,0,0,0,0,Camden,2022-03-19
,0,0,0,0,Camden,2022-03-20
,0,0,0,0,Camden,2022-03-21
,0,0,0,0,Camden,2022-03-22
,0,0,0,0,Camden,2022-03-23
,0,0,0,0,Camden,2022-03-25
,0,0,0,0,Camden,2022-03-26
,0,0,0,0,Camden,2022-03-27
,0,0,0,0,Camden,2022-03-28
,0,0,0,0,Camden,2022-03-29
,0,0,0,0,Camden,2022-03-30
,0,0,0,0,Camden,2022-04-02
,0,0,0,0,Camden,2022-04-04
,0,0,0,0,Camden,2022-04-06
,0,0,0,0,Camden,2022-04-08
,0,0,0,0,Camden,2022-04-09
,0,0,0,0,Camden,2022-04-10
,0,0,0,0,Camden,2022-04-11
,0,0,0,0,Camden,2022-04-13
,0,0,0,0,Camden,2022-04-15
,0,0,0,0,Camden,2022-04-16
,0,0,0,0,Camden,2022-04-17
,0,0,0,0,Camden,2022-04-20
,0,0,0,0,Camden,2022-04-21
,0,0,0,0,Camden,2022-04-22
,0,0,0,0,Camden,2022-04-23
,0,0,0,0,Camden,2022-04-24
,0,0,0,0,Camden,2022-04-26
,0,0,0,0,Camden,2022-04-27
,0,0,0,0,Camden,2022-04-30
,0,0,0,0,Camden,2022-05-01
,0,0,0,0,Camden,2022-05-10
,0,0,0,0,Camden,2022-05-13
,0,0,0,0,Camden,2022-05-15
,0,0,0,0,Camden,2022-05-21
,0,0,0,0,Camden,2022-05-28
,0,0,0,0,Camden,2022-06-05
,0,0,0,0,Camden,2022-06-07
,0,0,0,0,Camden,2022-06-14
,0,0,0,0,Camden,2022-06-15
,0,0,0,0,Camden,2022-06-18
,0,0,0,0,Camden,2022-06-19
,0,0,0,0,Camden,2022-06-28
,0,0,0,0,Camden,2022-07-02
,0,0,0,0,Camden,2022-07-03
,0,0,0,0,Camden,2022-07-05
,0,0,0,0,Camden,2022-07-09
,0,0,0,0,Camden,2022-07-12
0,7,2,5,0,Camden,2022-01-20
0,1,1,0,0,Camden,2022-01-21
0,1,0,1,0,Camden,2022-01-22
0,3,2,1,0,Camden,2022-01-23
0,16,10,6,0,Camden,2022-01-24
0,5,2,3,0,Camden,2022-01-25
0,11,2,9,0,Camden,2022-01-26
0,12,6,6,0,Camden,2022-01-27
0,6,0,6,0,Camden,2022-01-28
0,5,0,5,0,Camden,2022-01-30
0,1,0,1,0,Camden,2022-01-31
0,1,0,1,0,Camden,2022-02-01
0,2,1,1,0,Camden,2022-02-07
0,3,1,2,0,Camden,2022-02-09
0,1,0,1,0,Camden,2022-02-11
0,3,1,2,0,Camden,2022-02-12
0,1,0,1,0,Camden,2022-02-15
0,1,1,0,0,Camden,2022-02-21
0,4,2,2,0,Camden,2022-02-22
0,2,1,1,0,Camden,2022-02-25
0,1,1,0,0,Camden,2022-02-27
0,1,0,1,0,Camden,2022-03-01
0,1,0,1,0,Camden,2022-03-08
0,1,0,1,0,Camden,2022-03-09
0,1,0,1,0,Camden,2022-03-24
0,2,0,2,0,Camden,2022-03-31
0,1,0,1,0,Camden,2022-04-01
0,2,0,2,0,Camden,2022-04-03
0,3,0,3,0,Camden,2022-04-05
0,1,0,1,0,Camden,2022-04-07
0,1,1,0,0,Camden,2022-04-14
0,1,1,0,0,Camden,2022-04-18
0,1,0,1,0,Camden,2022-04-19
0,2,0,2,0,Camden,2022-04-25
0,2,2,0,0,Camden,2022-04-29
0,3,1,2,0,Camden,2022-05-02
0,1,0,1,0,Camden,2022-05-03
0,1,0,1,0,Camden,2022-05-04
0,1,0,1,0,Camden,2022-05-05
0,2,1,1,0,Camden,2022-05-06
0,1,0,1,0,Camden,2022-05-07
0,1,0,1,0,Camden,2022-05-08
0,2,1,1,0,Camden,2022-05-09
0,3,1,2,0,Camden,2022-05-11
0,1,0,1,0,Camden,2022-05-12
0,4,1,3,0,Camden,2022-05-14
0,2,1,1,0,Camden,2022-05-17
0,2,0,2,0,Camden,2022-05-18
0,1,0,1,0,Camden,2022-05-19
0,3,1,2,0,Camden,2022-05-20
0,2,1,1,0,Camden,2022-05-22
0,3,1,2,0,Camden,2022-05-24
0,2,2,0,0,Camden,2022-05-25
0,3,2,1,0,Camden,2022-05-26
0,6,5,1,0,Camden,2022-05-27
0,4,0,4,0,Camden,2022-05-29
0,2,2,0,0,Camden,2022-05-30
0,3,1,2,0,Camden,2022-06-01
0,1,1,0,0,Camden,2022-06-02
0,1,1,0,0,Camden,2022-06-03
0,1,1,0,0,Camden,2022-06-04
0,1,1,0,0,Camden,2022-06-06
0,3,1,2,0,Camden,2022-06-08
0,2,2,0,0,Camden,2022-06-09
0,2,0,2,0,Camden,2022-06-11
0,4,0,4,0,Camden,2022-06-12
0,2,0,2,0,Camden,2022-06-13
0,1,1,0,0,Camden,2022-06-16
0,1,1,0,0,Camden,2022-06-17
0,2,1,1,0,Camden,2022-06-20
0,2,0,2,0,Camden,2022-06-22
0,1,1,0,0,Camden,2022-06-23
0,2,0,2,0,Camden,2022-06-24
0,3,0,3,0,Camden,2022-06-25
0,2,0,2,0,Camden,2022-06-26
0,2,0,2,0,Camden,2022-07-01
0,1,0,1,0,Camden,2022-07-04
0,3,1,2,0,Camden,2022-07-06
0,3,0,3,0,Camden,2022-07-07
0,2,0,2,0,Camden,2022-07-08
0,3,0,3,0,Camden,2022-07-10
0,1,0,1,0,Camden,2022-07-11
0,3,0,3,0,Camden,2022-07-15
0,1,0,1,0,Camden,2022-07-16
1,17,5,12,0,Camden,2022-01-18
1,14,7,7,0,Camden,2022-01-19
1,1,1,0,0,Camden,2022-01-29
1,2,0,2,0,Camden,2022-02-03
1,2,1,1,0,Camden,2022-02-08
1,3,0,3,0,Camden,2022-02-16
1,1,0,1,0,Camden,2022-02-19
1,3,2,1,0,Camden,2022-04-28
1,2,0,2,0,Camden,2022-05-16
1,4,2,2,0,Camden,2022-05-23
1,3,0,3,0,Camden,2022-05-31
1,2,0,2,0,Camden,2022-06-10
1,1,0,1,0,Camden,2022-06-21
1,4,1,3,0,Camden,2022-06-27
1,4,2,2,0,Camden,2022-06-29
1,5,0,5,0,Camden,2022-06-30
1,1,0,1,0,Camden,2022-07-13
1,1,0,1,0,Camden,2022-07-14
2,3,2,1,0,Camden,2022-02-10
2,2,0,2,0,Camden,2022-02-24
,0,0,0,0,Carteret,2022-03-20
,0,0,0,0,Carteret,2022-03-26
,0,0,0,0,Carteret,2022-03-29
,0,0,0,0,Carteret,2022-04-17
0,28,5,23,0,Carteret,2022-02-05
0,24,7,17,0,Carteret,2022-02-06
0,16,4,12,0,Carteret,2022-02-23
0,3,0,3,0,Carteret,2022-02-27
0,6,1,5,0,Carteret,2022-02-28
0,4,0,4,0,Carteret,2022-03-04
0,5,0,5,0,Carteret,2022-03-05
0,3,1,2,0,Carteret,2022-03-06
0,5,2,3,0,Carteret,2022-03-10
0,6,3,3,0,Carteret,2022-03-11
0,3,0,3,0,Carteret,2022-03-12
0,2,0,2,0,Carteret,2022-03-13
0,3,0,3,0,Carteret,2022-03-14
0,5,0,5,0,Carteret,2022-03-15
0,2,1,1,0,Carteret,2022-03-17
0,2,0,2,0,Carteret,2022-03-18
0,1,0,1,0,Carteret,2022-03-19
0,3,1,2,0,Carteret,2022-03-21
0,4,2,2,0,Carteret,2022-03-22
0,1,0,1,0,Carteret,2022-03-23
0,1,0,1,0,Carteret,2022-03-24
0,2,2,0,0,Carteret,2022-03-25
0,3,1,2,0,Carteret,2022-03-28
0,3,0,3,0,Carteret,2022-04-01
0,1,0,1,0,Carteret,2022-04-02
0,2,1,1,0,Carteret,2022-04-04
0,1,0,1,0,Carteret,2022-04-06
0,2,1,1,0,Carteret,2022-04-07
0,2,1,1,0,Carteret,2022-04-08
0,2,1,1,0,Carteret,2022-04-10
0,6,2,4,0,Carteret,2022-04-12
0,4,1,3,0,Carteret,2022-04-14
0,2,1,1,0,Carteret,2022-04-15
0,2,0,2,0,Carteret,2022-04-16
0,8,4,4,0,Carteret,2022-04-20
0,8,6,2,0,Carteret,2022-04-21
0,7,2,5,0,Carteret,2022-04-22
0,7,1,6,0,Carteret,2022-04-23
0,2,0,2,0,Carteret,2022-04-24
0,9,1,8,0,Carteret,2022-04-26
0,4,0,4,0,Carteret,2022-04-27
0,4,1,3,0,Carteret,2022-04-29
0,2,0,2,0,Carteret,2022-04-30
0,11,8,3,0,Carteret,2022-05-04
0,8,3,5,0,Carteret,2022-05-07
0,7,0,7,0,Carteret,2022-05-08
0,18,10,8,0,Carteret,2022-05-10
0,12,5,7,0,Carteret,2022-05-13
0,11,1,10,0,Carteret,2022-05-14
0,4,3,1,0,Carteret,2022-05-15
0,18,8,10,0,Carteret,2022-05-20
0,12,5,7,0,Carteret,2022-06-04
0,16,4,12,0,Carteret,2022-06-05
0,19,9,10,0,Carteret,2022-06-16
0,12,2,10,0,Carteret,2022-06-26
0,17,5,12,0,Carteret,2022-07-10
0,33,14,19,0,Carteret,2022-07-11
0,16,11,5,0,Carteret,2022-07-16
1,28,6,22,0,Carteret,2022-01-22
1,31,7,24,0,Carteret,2022-01-30
1,15,8,7,0,Carteret,2022-02-18
1,6,1,5,0,Carteret,2022-02-20
1,20,7,13,0,Carteret,2022-02-22
1,17,7,10,0,Carteret,2022-02-24
1,9,2,7,0,Carteret,2022-03-01
1,6,2,4,0,Carteret,2022-03-08
1,3,0,3,0,Carteret,2022-03-27
1,2,1,1,0,Carteret,2022-03-30
1,2,2,0,0,Carteret,2022-04-03
1,3,1,2,0,Carteret,2022-04-09
1,6,4,2,0,Carteret,2022-04-13
1,5,4,1,0,Carteret,2022-04-19
1,8,1,7,0,Carteret,2022-05-01
1,12,6,6,0,Carteret,2022-05-02
1,16,3,13,0,Carteret,2022-05-12
1,13,4,9,0,Carteret,2022-05-22
1,8,2,6,0,Carteret,2022-05-30
1,20,8,12,0,Carteret,2022-06-10
1,12,1,11,0,Carteret,2022-06-12
1,21,10,11,0,Carteret,2022-06-15
1,13,5,8,0,Carteret,2022-06-19
1,40,20,20,0,Carteret,2022-06-21
1,32,9,23,0,Carteret,2022-07-12
1,17,4,13,0,Carteret,2022-07-15
2,44,13,31,0,Carteret,2022-02-08
2,42,14,28,0,Carteret,2022-02-10
2,37,17,20,0,Carteret,2022-02-15
2,10,5,5,0,Carteret,2022-05-06
2,15,3,12,0,Carteret,2022-05-16
2,22,8,14,0,Carteret,2022-05-19
2,24,9,15,0,Carteret,2022-05-24
2,21,7,14,0,Carteret,2022-05-28
2,32,14,18,0,Carteret,2022-06-03
2,42,18,24,0,Carteret,2022-06-06
2,29,19,10,0,Carteret,2022-06-07
2,19,7,12,0,Carteret,2022-06-08
2,20,7,13,0,Carteret,2022-06-11
2,23,9,14,0,Carteret,2022-06-13
2,18,4,14,0,Carteret,2022-06-14
2,17,4,13,0,Carteret,2022-06-18
2,22,7,15,0,Carteret,2022-06-20
2,35,15,20,0,Carteret,2022-06-24
2,23,9,14,0,Carteret,2022-06-30
2,16,6,10,0,Carteret,2022-07-03
2,23,15,8,0,Carteret,2022-07-14
3,5,3,2,0,Carteret,2022-04-11
3,11,6,5,0,Carteret,2022-05-09
3,22,12,10,0,Carteret,2022-05-11
3,22,8,14,0,Carteret,2022-05-23
3,23,7,16,0,Carteret,2022-05-26
3,36,9,27,0,Carteret,2022-05-27
3,23,6,17,0,Carteret,2022-06-01
3,31,15,16,0,Carteret,2022-07-06
3,25,9,16,0,Carteret,2022-07-09
4,64,25,39,0,Carteret,2022-01-21
4,31,16,15,0,Carteret,2022-05-18
4,12,6,6,0,Carteret,2022-05-21
4,14,3,11,0,Carteret,2022-05-29
4,29,11,18,0,Carteret,2022-06-02
4,22,11,11,0,Carteret,2022-06-09
4,12,5,7,0,Carteret,2022-07-04
4,28,9,19,0,Carteret,2022-07-07
4,37,15,22,0,Carteret,2022-07-13
5,119,47,72,0,Carteret,2022-01-26
5,43,9,34,0,Carteret,2022-02-09
5,24,6,18,0,Carteret,2022-06-17
5,36,16,20,0,Carteret,2022-07-01
6,93,35,58,0,Carteret,2022-02-01
6,52,33,19,0,Carteret,2022-05-31
6,42,25,17,0,Carteret,2022-06-22
6,32,11,21,0,Carteret,2022-06-23
6,40,16,24,0,Carteret,2022-06-27
7,109,34,75,0,Carteret,2022-01-27
7,79,31,48,0,Carteret,2022-02-07
7,39,16,23,0,Carteret,2022-06-29
7,42,25,17,0,Carteret,2022-07-08
8,165,56,109,0,Carteret,2022-01-25
9,171,55,116,0,Carteret,2022-01-20
11,211,79,132,0,Carteret,2022-01-19
13,266,109,157,0,Carteret,2022-01-18
17,228,112,116,0,Carteret,2022-01-24
,0,0,0,0,Caswell,2022-03-04
,0,0,0,0,Caswell,2022-03-06
,0,0,0,0,Caswell,2022-03-08
,0,0,0,0,Caswell,2022-03-09
,0,0,0,0,Caswell,2022-03-11
,0,0,0,0,Caswell,2022-03-12
,0,0,0,0,Caswell,2022-03-13
,0,0,0,0,Caswell,2022-03-14
,0,0,0,0,Caswell,2022-03-18
,0,0,0,0,Caswell,2022-03-20
,0,0,0,0,Caswell,2022-03-21
,0,0,0,0,Caswell,2022-03-22
,0,0,0,0,Caswell,2022-03-23
,0,0,0,0,Caswell,2022-03-24
,0,0,0,0,Caswell,2022-03-26
,0,0,0,0,Caswell,2022-03-27
,0,0,0,0,Caswell,2022-03-29
,0,0,0,0,Caswell,2022-04-01
,0,0,0,0,Caswell,2022-04-02
,0,0,0,0,Caswell,2022-04-03
,0,0,0,0,Caswell,2022-04-05
,0,0,0,0,Caswell,2022-04-16
,0,0,0,0,Caswell,2022-04-17
,0,0,0,0,Caswell,2022-04-18
,0,0,0,0,Caswell,2022-04-30
,0,0,0,0,Caswell,2022-05-22
0,28,2,26,0,Caswell,2022-01-26
0,3,0,3,0,Caswell,2022-01-29
0,4,1,3,0,Caswell,2022-01-30
0,4,0,4,0,Caswell,2022-02-06
0,11,1,10,0,Caswell,2022-02-07
0,13,2,11,0,Caswell,2022-02-09
0,11,1,10,0,Caswell,2022-02-10
0,10,1,9,0,Caswell,2022-02-11
0,3,1,2,0,Caswell,2022-02-13
0,7,0,7,0,Caswell,2022-02-15
0,5,1,4,0,Caswell,2022-02-17
0,2,0,2,0,Caswell,2022-02-23
0,1,0,1,0,Caswell,2022-02-26
0,1,0,1,0,Caswell,2022-02-27
0,2,0,2,0,Caswell,2022-02-28
0,1,0,1,0,Caswell,2022-03-05
0,1,0,1,0,Caswell,2022-03-07
0,2,1,1,0,Caswell,2022-03-15
0,4,1,3,0,Caswell,2022-03-16
0,1,0,1,0,Caswell,2022-03-17
0,1,0,1,0,Caswell,2022-03-19
0,2,0,2,0,Caswell,2022-03-25
0,2,0,2,0,Caswell,2022-03-28
0,1,0,1,0,Caswell,2022-03-30
0,3,0,3,0,Caswell,2022-04-04
0,1,0,1,0,Caswell,2022-04-06
0,1,0,1,0,Caswell,2022-04-07
0,1,0,1,0,Caswell,2022-04-08
0,2,0,2,0,Caswell,2022-04-09
0,1,0,1,0,Caswell,2022-04-10
0,3,0,3,0,Caswell,2022-04-11
0,1,0,1,0,Caswell,2022-04-13
0,1,0,1,0,Caswell,2022-04-14
0,2,1,1,0,Caswell,2022-04-15
0,7,0,7,0,Caswell,2022-04-19
0,1,0,1,0,Caswell,2022-04-20
0,3,1,2,0,Caswell,2022-04-21
0,2,0,2,0,Caswell,2022-04-22
0,3,0,3,0,Caswell,2022-04-23
0,3,0,3,0,Caswell,2022-04-24
0,1,0,1,0,Caswell,2022-04-26
0,4,0,4,0,Caswell,2022-04-27
0,3,1,2,0,Caswell,2022-04-28
0,1,0,1,0,Caswell,2022-04-29
0,2,1,1,0,Caswell,2022-05-01
0,2,1,1,0,Caswell,2022-05-03
0,7,1,6,0,Caswell,2022-05-04
0,2,0,2,0,Caswell,2022-05-06
0,3,0,3,0,Caswell,2022-05-07
0,5,0,5,0,Caswell,2022-05-14
0,4,0,4,0,Caswell,2022-05-15
0,3,0,3,0,Caswell,2022-05-17
0,6,1,5,0,Caswell,2022-05-24
0,5,0,5,0,Caswell,2022-05-28
0,4,1,3,0,Caswell,2022-06-04
0,11,0,11,0,Caswell,2022-06-06
0,9,0,9,0,Caswell,2022-06-08
0,5,1,4,0,Caswell,2022-06-10
0,2,0,2,0,Caswell,2022-06-11
0,10,1,9,0,Caswell,2022-06-13
0,9,0,9,0,Caswell,2022-06-14
0,6,2,4,0,Caswell,2022-06-15
0,2,0,2,0,Caswell,2022-06-18
0,3,1,2,0,Caswell,2022-06-19
0,8,0,8,0,Caswell,2022-06-24
0,5,2,3,0,Caswell,2022-06-25
0,3,0,3,0,Caswell,2022-06-29
0,5,0,5,0,Caswell,2022-06-30
0,6,0,6,0,Caswell,2022-07-01
0,1,0,1,0,Caswell,2022-07-02
0,3,1,2,0,Caswell,2022-07-03
0,2,1,1,0,Caswell,2022-07-04
0,9,0,9,0,Caswell,2022-07-08
0,2,1,1,0,Caswell,2022-07-09
0,5,1,4,0,Caswell,2022-07-10
0,3,0,3,0,Caswell,2022-07-12
0,4,0,4,0,Caswell,2022-07-14
1,45,3,42,0,Caswell,2022-01-21
1,21,0,21,0,Caswell,2022-01-23
1,8,1,7,0,Caswell,2022-02-04
1,4,0,4,0,Caswell,2022-02-05
1,3,2,1,0,Caswell,2022-02-19
1,8,0,8,0,Caswell,2022-02-21
1,5,0,5,0,Caswell,2022-02-24
1,5,0,5,0,Caswell,2022-02-25
1,1,0,1,0,Caswell,2022-03-10
1,1,0,1,0,Caswell,2022-03-31
1,6,2,4,0,Caswell,2022-05-05
1,13,3,10,0,Caswell,2022-05-09
1,9,2,7,0,Caswell,2022-05-10
1,7,1,6,0,Caswell,2022-05-13
1,9,1,8,0,Caswell,2022-05-18
1,5,1,4,0,Caswell,2022-05-19
1,2,0,2,0,Caswell,2022-05-20
1,8,1,7,0,Caswell,2022-05-25
1,8,0,8,0,Caswell,2022-05-26
1,9,0,9,0,Caswell,2022-05-27
1,7,0,7,0,Caswell,2022-05-29
1,4,2,2,0,Caswell,2022-05-30
1,7,0,7,0,Caswell,2022-06-03
1,4,1,3,0,Caswell,2022-06-12
1,7,1,6,0,Caswell,2022-06-21
1,6,1,5,0,Caswell,2022-06-23
1,4,0,4,0,Caswell,2022-06-26
1,6,2,4,0,Caswell,2022-07-07
1,6,0,6,0,Caswell,2022-07-15
1,2,0,2,0,Caswell,2022-07-16
2,51,4,47,0,Caswell,2022-01-18
2,62,2,60,0,Caswell,2022-01-25
2,25,1,24,0,Caswell,2022-02-08
2,12,1,11,0,Caswell,2022-05-11
2,9,1,8,0,Caswell,2022-05-16
2,8,1,7,0,Caswell,2022-05-23
2,9,2,7,0,Caswell,2022-06-01
2,14,0,14,0,Caswell,2022-06-07
2,10,3,7,0,Caswell,2022-06-09
2,15,1,14,0,Caswell,2022-06-17
2,8,3,5,0,Caswell,2022-06-20
2,6,1,5,0,Caswell,2022-06-27
2,12,4,8,0,Caswell,2022-07-05
2,5,0,5,0,Caswell,2022-07-13
3,4,2,2,0,Caswell,2022-05-12
3,8,0,8,0,Caswell,2022-06-22
4,17,1,16,0,Caswell,2022-02-02
4,8,1,7,0,Caswell,2022-07-06
4,10,0,10,0,Caswell,2022-07-11
5,25,3,22,0,Caswell,2022-01-28
5,26,1,25,0,Caswell,2022-01-31
6,83,8,75,0,Caswell,2022-01-19
6,33,2,31,0,Caswell,2022-01-27
7,75,7,68,0,Caswell,2022-01-24
0,7,3,4,0,Catawba,2022-03-10
0,9,4,5,0,Catawba,2022-03-18
0,3,1,2,0,Catawba,2022-03-19
0,1,0,1,0,Catawba,2022-03-20
0,1,1,0,0,Catawba,2022-03-25
0,1,1,0,0,Catawba,2022-04-02
0,5,3,2,0,Catawba,2022-04-05
0,3,2,1,0,Catawba,2022-04-08
0,1,0,1,0,Catawba,2022-04-09
0,9,0,9,0,Catawba,2022-04-10
0,9,5,4,0,Catawba,2022-04-15
0,3,2,1,0,Catawba,2022-04-17
0,16,7,9,0,Catawba,2022-04-18
0,8,2,6,0,Catawba,2022-04-23
0,7,1,6,0,Catawba,2022-05-01
1,32,14,18,0,Catawba,2022-02-25
1,15,9,6,0,Catawba,2022-03-01
1,18,6,12,0,Catawba,2022-03-04
1,13,2,11,0,Catawba,2022-03-06
1,3,2,1,0,Catawba,2022-03-12
1,8,6,2,0,Catawba,2022-03-13
1,6,3,3,0,Catawba,2022-03-16
1,7,4,3,0,Catawba,2022-03-21
1,9,6,3,0,Catawba,2022-03-24
1,6,2,4,0,Catawba,2022-03-28
1,3,1,2,0,Catawba,2022-04-06
1,11,4,7,0,Catawba,2022-04-11
1,4,3,1,0,Catawba,2022-04-12
1,8,3,5,0,Catawba,2022-04-16
1,11,4,7,0,Catawba,2022-04-19
1,9,4,5,0,Catawba,2022-04-26
1,22,8,14,0,Catawba,2022-04-27
1,10,4,6,0,Catawba,2022-04-29
1,27,9,18,0,Catawba,2022-05-06
1,41,16,25,0,Catawba,2022-05-09
1,16,8,8,0,Catawba,2022-05-30
1,22,4,18,0,Catawba,2022-06-04
2,57,23,34,0,Catawba,2022-02-17
2,8,5,3,0,Catawba,2022-03-05
2,16,4,12,0,Catawba,2022-03-11
2,7,3,4,0,Catawba,2022-03-14
2,7,3,4,0,Catawba,2022-03-31
2,2,2,0,0,Catawba,2022-04-03
2,8,5,3,0,Catawba,2022-04-04
2,4,3,1,0,Catawba,2022-04-07
2,12,5,7,0,Catawba,2022-04-14
2,16,7,9,0,Catawba,2022-04-22
2,9,3,6,0,Catawba,2022-04-24
2,19,8,11,0,Catawba,2022-04-25
2,32,16,16,0,Catawba,2022-05-12
2,43,10,33,0,Catawba,2022-05-22
2,41,23,18,0,Catawba,2022-06-03
3,30,15,15,0,Catawba,2022-05-02
3,13,5,8,0,Catawba,2022-05-08
3,30,14,16,0,Catawba,2022-05-11
3,50,22,28,0,Catawba,2022-05-19
3,25,13,12,0,Catawba,2022-05-21
3,41,20,21,0,Catawba,2022-05-27
4,26,8,18,0,Catawba,2022-03-02
4,16,9,7,0,Catawba,2022-04-21
4,16,5,11,0,Catawba,2022-04-30
4,34,18,16,0,Catawba,2022-05-04
4,17,3,14,0,Catawba,2022-05-07
4,31,14,17,0,Catawba,2022-05-13
4,51,26,25,0,Catawba,2022-05-18
4,61,30,31,0,Catawba,2022-05-31
4,43,23,20,0,Catawba,2022-06-09
4,30,9,21,0,Catawba,2022-06-11
4,50,25,25,0,Catawba,2022-07-01
4,33,5,28,0,Catawba,2022-07-02
4,41,15,26,0,Catawba,2022-07-09
5,27,7,20,0,Catawba,2022-05-15
5,43,27,16,0,Catawba,2022-05-20
5,39,8,31,0,Catawba,2022-05-28
6,75,36,39,0,Catawba,2022-02-21
6,40,15,25,0,Catawba,2022-05-10
6,30,7,23,0,Catawba,2022-05-29
6,55,21,34,0,Catawba,2022-06-01
6,54,21,33,0,Catawba,2022-06-08
6,33,10,23,0,Catawba,2022-06-12
6,52,24,28,0,Catawba,2022-06-16
6,29,8,21,0,Catawba,2022-06-18
6,32,11,21,0,Catawba,2022-06-25
7,106,35,71,0,Catawba,2022-01-30
7,61,16,45,0,Catawba,2022-06-02
7,37,13,24,0,Catawba,2022-06-10
7,21,11,10,0,Catawba,2022-06-19
7,37,11,26,0,Catawba,2022-06-26
7,58,22,36,0,Catawba,2022-07-06
7,47,20,27,0,Catawba,2022-07-16
9,66,28,38,0,Catawba,2022-05-16
9,64,30,34,0,Catawba,2022-05-23
9,41,14,27,0,Catawba,2022-06-07
9,84,51,33,0,Catawba,2022-06-13
9,36,15,21,0,Catawba,2022-06-17
9,65,32,33,0,Catawba,2022-07-14
10,57,31,26,0,Catawba,2022-06-06
10,56,23,33,0,Catawba,2022-06-22
10,39,12,27,0,Catawba,2022-07-04
10,55,34,21,0,Catawba,2022-07-08
11,63,28,35,0,Catawba,2022-05-26
11,50,20,30,0,Catawba,2022-06-23
11,87,29,58,0,Catawba,2022-06-29
11,68,27,41,0,Catawba,2022-07-13
12,61,30,31,0,Catawba,2022-05-24
12,55,27,28,0,Catawba,2022-06-15
12,58,19,39,0,Catawba,2022-06-21
12,63,33,30,0,Catawba,2022-06-24
12,59,21,38,0,Catawba,2022-07-10
13,100,46,54,0,Catawba,2022-06-27
13,74,33,41,0,Catawba,2022-07-07
13,74,39,35,0,Catawba,2022-07-15
15,215,56,159,0,Catawba,2022-01-22
15,68,29,39,0,Catawba,2022-06-30
16,61,35,26,0,Catawba,2022-06-20
17,90,34,56,0,Catawba,2022-07-12
21,108,48,60,0,Catawba,2022-07-11
48,592,217,375,0,Catawba,2022-01-24
,0,0,0,0,Chatham,2022-03-13
0,9,5,4,0,Chatham,2022-02-06
0,19,2,17,0,Chatham,2022-02-11
0,8,2,6,0,Chatham,2022-02-12
0,13,6,7,0,Chatham,2022-02-13
0,14,6,8,0,Chatham,2022-02-20
0,15,4,11,0,Chatham,2022-02-23
0,13,4,9,0,Chatham,2022-02-24
0,8,3,5,0,Chatham,2022-02-25
0,4,1,3,0,Chatham,2022-02-27
0,2,0,2,0,Chatham,2022-03-05
0,4,2,2,0,Chatham,2022-03-06
0,10,1,9,0,Chatham,2022-03-07
0,4,0,4,0,Chatham,2022-03-09
0,6,0,6,0,Chatham,2022-03-10
0,1,0,1,0,Chatham,2022-03-12
0,9,3,6,0,Chatham,2022-03-15
0,3,1,2,0,Chatham,2022-03-16
0,3,0,3,0,Chatham,2022-03-17
0,5,0,5,0,Chatham,2022-03-18
0,1,0,1,0,Chatham,2022-03-19
0,5,1,4,0,Chatham,2022-03-20
0,1,0,1,0,Chatham,2022-03-22
0,2,1,1,0,Chatham,2022-03-24
0,1,0,1,0,Chatham,2022-03-26
0,1,0,1,0,Chatham,2022-03-27
0,3,1,2,0,Chatham,2022-03-28
0,4,1,3,0,Chatham,2022-03-31
0,2,2,0,0,Chatham,2022-04-01
0,2,2,0,0,Chatham,2022-04-03
0,8,2,6,0,Chatham,2022-04-05
0,12,4,8,0,Chatham,2022-04-06
0,8,0,8,0,Chatham,2022-04-08
0,9,1,8,0,Chatham,2022-04-09
0,7,1,6,0,Chatham,2022-04-10
0,14,1,13,0,Chatham,2022-04-11
0,11,1,10,0,Chatham,2022-04-14
0,7,3,4,0,Chatham,2022-04-15
0,5,0,5,0,Chatham,2022-04-16
0,5,1,4,0,Chatham,2022-04-17
0,9,0,9,0,Chatham,2022-04-18
0,12,0,12,0,Chatham,2022-04-22
0,4,0,4,0,Chatham,2022-04-23
0,8,0,8,0,Chatham,2022-04-24
0,18,3,15,0,Chatham,2022-04-27
0,10,1,9,0,Chatham,2022-04-30
0,16,5,11,0,Chatham,2022-05-01
0,18,1,17,0,Chatham,2022-05-15
0,39,7,32,0,Chatham,2022-05-23
0,17,3,14,0,Chatham,2022-06-11
0,11,2,9,0,Chatham,2022-06-12
0,13,1,12,0,Chatham,2022-06-17
0,11,1,10,0,Chatham,2022-06-18
0,5,2,3,0,Chatham,2022-06-19
0,18,3,15,0,Chatham,2022-06-23
0,9,4,5,0,Chatham,2022-06-25
0,29,3,26,0,Chatham,2022-06-30
0,20,2,18,0,Chatham,2022-07-02
0,6,1,5,0,Chatham,2022-07-03
0,10,0,10,0,Chatham,2022-07-09
0,19,0,19,0,Chatham,2022-07-13
0,13,1,12,0,Chatham,2022-07-15
1,54,9,45,0,Chatham,2022-02-02
1,49,12,37,0,Chatham,2022-02-04
1,27,3,24,0,Chatham,2022-02-10
1,35,11,24,0,Chatham,2022-02-14
1,23,4,19,0,Chatham,2022-02-21
1,9,5,4,0,Chatham,2022-02-22
1,11,5,6,0,Chatham,2022-02-28
1,11,0,11,0,Chatham,2022-03-02
1,7,3,4,0,Chatham,2022-03-03
1,8,1,7,0,Chatham,2022-03-04
1,8,1,7,0,Chatham,2022-03-08
1,7,0,7,0,Chatham,2022-03-11
1,7,1,6,0,Chatham,2022-03-14
1,9,4,5,0,Chatham,2022-03-21
1,1,0,1,0,Chatham,2022-03-23
1,1,0,1,0,Chatham,2022-03-25
1,12,0,12,0,Chatham,2022-04-19
1,18,6,12,0,Chatham,2022-04-20
1,8,1,7,0,Chatham,2022-04-21
1,18,2,16,0,Chatham,2022-04-29
1,28,5,23,0,Chatham,2022-05-09
1,23,3,20,0,Chatham,2022-05-12
1,33,4,29,0,Chatham,2022-05-17
1,35,4,31,0,Chatham,2022-05-20
1,15,1,14,0,Chatham,2022-05-21
1,37,7,30,0,Chatham,2022-05-26
1,18,5,13,0,Chatham,2022-05-28
1,8,1,7,0,Chatham,2022-05-29
1,14,1,13,0,Chatham,2022-05-30
1,14,0,14,0,Chatham,2022-06-04
1,24,3,21,0,Chatham,2022-06-06
1,17,3,14,0,Chatham,2022-06-09
1,24,5,19,0,Chatham,2022-06-13
1,25,3,22,0,Chatham,2022-06-20
1,29,1,28,0,Chatham,2022-06-21
1,10,2,8,0,Chatham,2022-06-26
1,3,1,2,0,Chatham,2022-07-04
1,21,3,18,0,Chatham,2022-07-12
1,13,0,13,0,Chatham,2022-07-16
2,31,3,28,0,Chatham,2022-01-22
2,18,5,13,0,Chatham,2022-02-17
2,11,4,7,0,Chatham,2022-03-01
2,12,3,9,0,Chatham,2022-04-07
2,15,1,14,0,Chatham,2022-04-12
2,18,2,16,0,Chatham,2022-04-13
2,20,2,18,0,Chatham,2022-04-26
2,26,5,21,0,Chatham,2022-05-06
2,39,4,35,0,Chatham,2022-05-10
2,21,7,14,0,Chatham,2022-05-11
2,32,5,27,0,Chatham,2022-05-13
2,23,4,19,0,Chatham,2022-05-24
2,32,9,23,0,Chatham,2022-05-27
2,19,1,18,0,Chatham,2022-06-07
2,25,3,22,0,Chatham,2022-06-08
2,25,3,22,0,Chatham,2022-06-27
2,20,3,17,0,Chatham,2022-06-29
2,17,1,16,0,Chatham,2022-07-10
2,27,1,26,0,Chatham,2022-07-14
3,119,18,101,0,Chatham,2022-01-25
3,111,12,99,0,Chatham,2022-01-26
3,106,25,81,0,Chatham,2022-01-31
3,35,15,20,0,Chatham,2022-02-08
3,11,1,10,0,Chatham,2022-05-07
3,25,6,19,0,Chatham,2022-06-03
3,28,5,23,0,Chatham,2022-06-15
3,26,5,21,0,Chatham,2022-07-01
4,37,8,29,0,Chatham,2022-05-04
4,33,8,25,0,Chatham,2022-05-19
4,20,3,17,0,Chatham,2022-05-22
4,30,6,24,0,Chatham,2022-06-01
4,19,2,17,0,Chatham,2022-06-22
4,51,13,38,0,Chatham,2022-07-05
4,30,2,28,0,Chatham,2022-07-08
4,44,0,44,0,Chatham,2022-07-11
5,30,9,21,0,Chatham,2022-01-30
5,70,17,53,0,Chatham,2022-02-07
5,42,9,33,0,Chatham,2022-05-16
5,37,4,33,0,Chatham,2022-07-06
5,26,2,24,0,Chatham,2022-07-07
6,173,19,154,0,Chatham,2022-01-20
6,72,18,54,0,Chatham,2022-02-03
6,43,7,36,0,Chatham,2022-05-18
7,186,21,165,0,Chatham,2022-01-19
9,205,33,172,0,Chatham,2022-01-24
10,85,19,66,0,Chatham,2022-01-27
12,245,47,198,0,Chatham,2022-01-18
,0,0,0,0,Cherokee,2022-03-05
,0,0,0,0,Cherokee,2022-03-08
,0,0,0,0,Cherokee,2022-03-10
,0,0,0,0,Cherokee,2022-03-13
,0,0,0,0,Cherokee,2022-03-15
,0,0,0,0,Cherokee,2022-03-19
,0,0,0,0,Cherokee,2022-03-20
,0,0,0,0,Cherokee,2022-03-21
,0,0,0,0,Cherokee,2022-03-26
,0,0,0,0,Cherokee,2022-03-27
,0,0,0,0,Cherokee,2022-03-28
,0,0,0,0,Cherokee,2022-03-29
,0,0,0,0,Cherokee,2022-04-01
,0,0,0,0,Cherokee,2022-04-02
,0,0,0,0,Cherokee,2022-04-03
,0,0,0,0,Cherokee,2022-04-09
,0,0,0,0,Cherokee,2022-04-10
,0,0,0,0,Cherokee,2022-04-11
,0,0,0,0,Cherokee,2022-04-17
,0,0,0,0,Cherokee,2022-04-19
,0,0,0,0,Cherokee,2022-04-20
,0,0,0,0,Cherokee,2022-04-22
,0,0,0,0,Cherokee,2022-04-24
,0,0,0,0,Cherokee,2022-05-01
,0,0,0,0,Cherokee,2022-05-10
,0,0,0,0,Cherokee,2022-05-29
,0,0,0,0,Cherokee,2022-07-04
0,24,6,18,0,Cherokee,2022-01-22
0,13,4,9,0,Cherokee,2022-02-14
0,23,6,17,0,Cherokee,2022-02-15
0,4,0,4,0,Cherokee,2022-02-21
0,11,1,10,0,Cherokee,2022-02-22
0,3,1,2,0,Cherokee,2022-02-23
0,1,0,1,0,Cherokee,2022-02-26
0,1,0,1,0,Cherokee,2022-02-27
0,1,1,0,0,Cherokee,2022-03-02
0,4,1,3,0,Cherokee,2022-03-07
0,1,0,1,0,Cherokee,2022-03-11
0,1,0,1,0,Cherokee,2022-03-14
0,1,1,0,0,Cherokee,2022-03-17
0,1,1,0,0,Cherokee,2022-03-22
0,1,0,1,0,Cherokee,2022-03-23
0,1,0,1,0,Cherokee,2022-03-24
0,1,0,1,0,Cherokee,2022-03-25
0,1,0,1,0,Cherokee,2022-03-31
0,2,1,1,0,Cherokee,2022-04-04
0,1,1,0,0,Cherokee,2022-04-06
0,1,1,0,0,Cherokee,2022-04-07
0,1,0,1,0,Cherokee,2022-04-08
0,1,1,0,0,Cherokee,2022-04-12
0,1,0,1,0,Cherokee,2022-04-13
0,1,0,1,0,Cherokee,2022-04-14
0,3,0,3,0,Cherokee,2022-04-15
0,2,0,2,0,Cherokee,2022-04-16
0,1,0,1,0,Cherokee,2022-04-23
0,3,0,3,0,Cherokee,2022-04-25
0,2,0,2,0,Cherokee,2022-04-26
0,2,2,0,0,Cherokee,2022-04-28
0,2,0,2,0,Cherokee,2022-04-29
0,2,0,2,0,Cherokee,2022-04-30
0,4,0,4,0,Cherokee,2022-05-02
0,1,0,1,0,Cherokee,2022-05-04
0,1,1,0,0,Cherokee,2022-05-05
0,3,0,3,0,Cherokee,2022-05-06
0,1,0,1,0,Cherokee,2022-05-07
0,1,0,1,0,Cherokee,2022-05-08
0,5,0,5,0,Cherokee,2022-05-09
0,2,0,2,0,Cherokee,2022-05-11
0,1,0,1,0,Cherokee,2022-05-12
0,2,0,2,0,Cherokee,2022-05-13
0,2,0,2,0,Cherokee,2022-05-14
0,1,0,1,0,Cherokee,2022-05-15
0,1,0,1,0,Cherokee,2022-05-16
0,1,0,1,0,Cherokee,2022-05-18
0,2,0,2,0,Cherokee,2022-05-20
0,3,1,2,0,Cherokee,2022-05-21
0,4,0,4,0,Cherokee,2022-05-23
0,3,0,3,0,Cherokee,2022-05-25
0,6,2,4,0,Cherokee,2022-05-26
0,3,0,3,0,Cherokee,2022-05-28
0,3,0,3,0,Cherokee,2022-05-30
0,1,0,1,0,Cherokee,2022-06-04
0,5,1,4,0,Cherokee,2022-06-05
0,5,1,4,0,Cherokee,2022-06-07
0,3,0,3,0,Cherokee,2022-06-11
0,7,1,6,0,Cherokee,2022-06-15
0,12,2,10,0,Cherokee,2022-06-16
0,4,0,4,0,Cherokee,2022-06-17
0,5,0,5,0,Cherokee,2022-06-18
0,7,1,6,0,Cherokee,2022-06-23
0,15,1,14,0,Cherokee,2022-06-24
0,5,0,5,0,Cherokee,2022-06-26
0,2,0,2,0,Cherokee,2022-07-02
0,3,0,3,0,Cherokee,2022-07-03
0,1,0,1,0,Cherokee,2022-07-10
0,7,0,7,0,Cherokee,2022-07-12
1,7,2,5,0,Cherokee,2022-01-29
1,12,1,11,0,Cherokee,2022-02-05
1,23,4,19,0,Cherokee,2022-02-09
1,7,2,5,0,Cherokee,2022-02-18
1,6,0,6,0,Cherokee,2022-02-19
1,9,2,7,0,Cherokee,2022-02-24
1,4,1,3,0,Cherokee,2022-03-03
1,4,1,3,0,Cherokee,2022-03-09
1,1,0,1,0,Cherokee,2022-04-21
1,2,1,1,0,Cherokee,2022-04-27
1,2,0,2,0,Cherokee,2022-05-19
1,5,0,5,0,Cherokee,2022-05-22
1,1,0,1,0,Cherokee,2022-05-24
1,6,0,6,0,Cherokee,2022-05-27
1,4,1,3,0,Cherokee,2022-05-31
1,7,3,4,0,Cherokee,2022-06-01
1,5,1,4,0,Cherokee,2022-06-03
1,6,1,5,0,Cherokee,2022-06-08
1,5,0,5,0,Cherokee,2022-06-12
1,8,3,5,0,Cherokee,2022-06-19
1,11,2,9,0,Cherokee,2022-06-21
1,7,2,5,0,Cherokee,2022-06-22
1,2,0,2,0,Cherokee,2022-06-25
1,10,3,7,0,Cherokee,2022-06-27
1,5,1,4,0,Cherokee,2022-06-30
1,13,5,8,0,Cherokee,2022-07-01
1,10,2,8,0,Cherokee,2022-07-06
1,7,2,5,0,Cherokee,2022-07-07
1,7,0,7,0,Cherokee,2022-07-09
1,7,1,6,0,Cherokee,2022-07-16
2,16,6,10,0,Cherokee,2022-01-30
2,31,7,24,0,Cherokee,2022-02-01
2,21,9,12,0,Cherokee,2022-02-10
2,11,5,6,0,Cherokee,2022-02-16
2,10,1,9,0,Cherokee,2022-02-28
2,5,3,2,0,Cherokee,2022-03-01
2,4,1,3,0,Cherokee,2022-04-18
2,8,3,5,0,Cherokee,2022-06-02
2,10,1,9,0,Cherokee,2022-06-06
2,8,2,6,0,Cherokee,2022-06-09
2,10,1,9,0,Cherokee,2022-06-10
2,11,3,8,0,Cherokee,2022-06-13
2,19,6,13,0,Cherokee,2022-06-20
2,8,0,8,0,Cherokee,2022-06-29
2,15,3,12,0,Cherokee,2022-07-05
2,9,3,6,0,Cherokee,2022-07-15
3,29,8,21,0,Cherokee,2022-01-28
3,36,11,25,0,Cherokee,2022-02-07
3,26,8,18,0,Cherokee,2022-02-08
3,8,1,7,0,Cherokee,2022-02-13
3,15,4,11,0,Cherokee,2022-06-14
3,9,1,8,0,Cherokee,2022-07-13
3,16,2,14,0,Cherokee,2022-07-14
4,104,25,79,0,Cherokee,2022-01-18
4,52,13,39,0,Cherokee,2022-01-27
4,16,2,14,0,Cherokee,2022-07-08
4,13,1,12,0,Cherokee,2022-07-11
5,56,11,45,0,Cherokee,2022-01-25
5,27,5,22,0,Cherokee,2022-02-02
6,48,10,38,0,Cherokee,2022-01-26
7,91,27,64,0,Cherokee,2022-01-24
13,121,33,88,0,Cherokee,2022-01-19
,0,0,0,0,Chowan,2022-02-05
,0,0,0,0,Chowan,2022-02-19
,0,0,0,0,Chowan,2022-02-20
,0,0,0,0,Chowan,2022-02-26
,0,0,0,0,Chowan,2022-03-01
,0,0,0,0,Chowan,2022-03-04
,0,0,0,0,Chowan,2022-03-05
,0,0,0,0,Chowan,2022-03-07
,0,0,0,0,Chowan,2022-03-09
,0,0,0,0,Chowan,2022-03-12
,0,0,0,0,Chowan,2022-03-13
,0,0,0,0,Chowan,2022-03-14
,0,0,0,0,Chowan,2022-03-17
,0,0,0,0,Chowan,2022-03-19
,0,0,0,0,Chowan,2022-03-21
,0,0,0,0,Chowan,2022-03-22
,0,0,0,0,Chowan,2022-03-23
,0,0,0,0,Chowan,2022-03-24
,0,0,0,0,Chowan,2022-03-25
,0,0,0,0,Chowan,2022-03-26
,0,0,0,0,Chowan,2022-03-27
,0,0,0,0,Chowan,2022-03-29
,0,0,0,0,Chowan,2022-03-31
,0,0,0,0,Chowan,2022-04-02
,0,0,0,0,Chowan,2022-04-04
,0,0,0,0,Chowan,2022-04-06
,0,0,0,0,Chowan,2022-04-07
,0,0,0,0,Chowan,2022-04-08
,0,0,0,0,Chowan,2022-04-09
,0,0,0,0,Chowan,2022-04-10
,0,0,0,0,Chowan,2022-04-11
,0,0,0,0,Chowan,2022-04-13
,0,0,0,0,Chowan,2022-04-14
,0,0,0,0,Chowan,2022-04-17
,0,0,0,0,Chowan,2022-04-19
,0,0,0,0,Chowan,2022-04-20
,0,0,0,0,Chowan,2022-04-24
,0,0,0,0,Chowan,2022-04-27
,0,0,0,0,Chowan,2022-04-29
,0,0,0,0,Chowan,2022-05-01
,0,0,0,0,Chowan,2022-06-11
,0,0,0,0,Chowan,2022-06-12
,0,0,0,0,Chowan,2022-06-18
,0,0,0,0,Chowan,2022-06-25
,0,0,0,0,Chowan,2022-07-04
,0,0,0,0,Chowan,2022-07-10
0,12,0,12,0,Chowan,2022-01-23
0,5,0,5,0,Chowan,2022-01-30
0,7,0,7,0,Chowan,2022-02-04
0,4,0,4,0,Chowan,2022-02-08
0,2,0,2,0,Chowan,2022-02-12
0,2,1,1,0,Chowan,2022-02-13
0,3,0,3,0,Chowan,2022-02-14
0,6,0,6,0,Chowan,2022-02-16
0,8,2,6,0,Chowan,2022-02-17
0,7,0,7,0,Chowan,2022-02-18
0,1,0,1,0,Chowan,2022-02-22
0,1,0,1,0,Chowan,2022-02-27
0,4,0,4,0,Chowan,2022-02-28
0,1,0,1,0,Chowan,2022-03-06
0,2,0,2,0,Chowan,2022-03-08
0,1,0,1,0,Chowan,2022-03-15
0,1,0,1,0,Chowan,2022-03-16
0,1,0,1,0,Chowan,2022-03-18
0,3,3,0,0,Chowan,2022-03-20
0,1,0,1,0,Chowan,2022-03-28
0,1,0,1,0,Chowan,2022-03-30
0,1,0,1,0,Chowan,2022-04-01
0,1,0,1,0,Chowan,2022-04-03
0,1,0,1,0,Chowan,2022-04-05
0,2,0,2,0,Chowan,2022-04-12
0,2,0,2,0,Chowan,2022-04-15
0,1,0,1,0,Chowan,2022-04-16
0,1,0,1,0,Chowan,2022-04-21
0,1,0,1,0,Chowan,2022-04-23
0,3,0,3,0,Chowan,2022-04-25
0,1,0,1,0,Chowan,2022-04-26
0,1,0,1,0,Chowan,2022-04-30
0,1,0,1,0,Chowan,2022-05-02
0,1,0,1,0,Chowan,2022-05-04
0,1,0,1,0,Chowan,2022-05-06
0,1,0,1,0,Chowan,2022-05-07
0,1,0,1,0,Chowan,2022-05-08
0,11,0,11,0,Chowan,2022-05-13
0,2,0,2,0,Chowan,2022-05-14
0,9,0,9,0,Chowan,2022-05-16
0,4,0,4,0,Chowan,2022-05-19
0,4,0,4,0,Chowan,2022-05-20
0,1,0,1,0,Chowan,2022-05-22
0,6,1,5,0,Chowan,2022-05-23
0,5,0,5,0,Chowan,2022-05-25
0,2,0,2,0,Chowan,2022-06-03
0,1,0,1,0,Chowan,2022-06-04
0,2,0,2,0,Chowan,2022-06-05
0,3,1,2,0,Chowan,2022-06-09
0,6,0,6,0,Chowan,2022-06-10
0,5,0,5,0,Chowan,2022-06-15
0,3,0,3,0,Chowan,2022-06-17
0,4,0,4,0,Chowan,2022-06-19
0,6,0,6,0,Chowan,2022-06-21
0,1,0,1,0,Chowan,2022-06-22
0,1,1,0,0,Chowan,2022-06-24
0,1,0,1,0,Chowan,2022-07-02
0,7,2,5,0,Chowan,2022-07-05
0,12,0,12,0,Chowan,2022-07-06
0,2,0,2,0,Chowan,2022-07-09
0,3,0,3,0,Chowan,2022-07-16
1,26,3,23,0,Chowan,2022-01-31
1,9,0,9,0,Chowan,2022-02-03
1,2,0,2,0,Chowan,2022-02-10
1,7,2,5,0,Chowan,2022-02-21
1,1,0,1,0,Chowan,2022-02-23
1,1,0,1,0,Chowan,2022-03-02
1,1,0,1,0,Chowan,2022-03-11
1,2,1,1,0,Chowan,2022-04-22
1,1,0,1,0,Chowan,2022-04-28
1,4,0,4,0,Chowan,2022-05-03
1,5,1,4,0,Chowan,2022-05-10
1,4,0,4,0,Chowan,2022-05-11
1,6,0,6,0,Chowan,2022-05-17
1,1,0,1,0,Chowan,2022-05-21
1,6,1,5,0,Chowan,2022-05-24
1,8,0,8,0,Chowan,2022-05-27
1,2,1,1,0,Chowan,2022-05-28
1,1,0,1,0,Chowan,2022-05-30
1,5,0,5,0,Chowan,2022-06-01
1,4,1,3,0,Chowan,2022-06-02
1,4,0,4,0,Chowan,2022-06-06
1,2,0,2,0,Chowan,2022-06-07
1,5,0,5,0,Chowan,2022-06-08
1,5,0,5,0,Chowan,2022-06-13
1,5,0,5,0,Chowan,2022-06-16
1,3,0,3,0,Chowan,2022-06-20
1,5,0,5,0,Chowan,2022-06-23
1,7,3,4,0,Chowan,2022-06-26
1,10,0,10,0,Chowan,2022-06-27
1,2,0,2,0,Chowan,2022-06-29
1,2,0,2,0,Chowan,2022-06-30
1,4,0,4,0,Chowan,2022-07-01
1,2,0,2,0,Chowan,2022-07-03
1,4,0,4,0,Chowan,2022-07-07
1,8,0,8,0,Chowan,2022-07-08
1,5,0,5,0,Chowan,2022-07-15
2,11,5,6,0,Chowan,2022-01-21
2,8,4,4,0,Chowan,2022-01-22
2,6,0,6,0,Chowan,2022-02-09
2,4,0,4,0,Chowan,2022-02-11
2,2,0,2,0,Chowan,2022-04-18
2,5,0,5,0,Chowan,2022-05-09
2,7,0,7,0,Chowan,2022-05-12
2,7,2,5,0,Chowan,2022-05-15
2,11,0,11,0,Chowan,2022-05-26
2,7,0,7,0,Chowan,2022-05-29
2,15,0,15,0,Chowan,2022-07-11
2,12,2,10,0,Chowan,2022-07-13
3,32,1,31,0,Chowan,2022-01-26
3,10,0,10,0,Chowan,2022-05-18
3,8,0,8,0,Chowan,2022-06-14
3,7,1,6,0,Chowan,2022-07-14
4,8,0,8,0,Chowan,2022-05-31
4,11,0,11,0,Chowan,2022-07-12
5,39,4,35,0,Chowan,2022-01-19
6,19,0,19,0,Chowan,2022-02-01
11,73,4,69,0,Chowan,2022-01-24
16,117,4,113,0,Chowan,2022-01-18
,0,0,0,0,Clay,2022-02-15
,0,0,0,0,Clay,2022-02-19
,0,0,0,0,Clay,2022-02-23
,0,0,0,0,Clay,2022-02-24
,0,0,0,0,Clay,2022-02-25
,0,0,0,0,Clay,2022-02-26
,0,0,0,0,Clay,2022-02-27
,0,0,0,0,Clay,2022-03-05
,0,0,0,0,Clay,2022-03-06
,0,0,0,0,Clay,2022-03-09
,0,0,0,0,Clay,2022-03-12
,0,0,0,0,Clay,2022-03-13
,0,0,0,0,Clay,2022-03-16
,0,0,0,0,Clay,2022-03-17
,0,0,0,0,Clay,2022-03-19
,0,0,0,0,Clay,2022-03-21
,0,0,0,0,Clay,2022-03-22
,0,0,0,0,Clay,2022-03-23
,0,0,0,0,Clay,2022-03-24
,0,0,0,0,Clay,2022-03-25
,0,0,0,0,Clay,2022-03-26
,0,0,0,0,Clay,2022-03-27
,0,0,0,0,Clay,2022-03-28
,0,0,0,0,Clay,2022-03-29
,0,0,0,0,Clay,2022-03-30
,0,0,0,0,Clay,2022-03-31
,0,0,0,0,Clay,2022-04-03
,0,0,0,0,Clay,2022-04-04
,0,0,0,0,Clay,2022-04-05
,0,0,0,0,Clay,2022-04-06
,0,0,0,0,Clay,2022-04-07
,0,0,0,0,Clay,2022-04-08
,0,0,0,0,Clay,2022-04-09
,0,0,0,0,Clay,2022-04-10
,0,0,0,0,Clay,2022-04-11
,0,0,0,0,Clay,2022-04-12
,0,0,0,0,Clay,2022-04-13
,0,0,0,0,Clay,2022-04-14
,0,0,0,0,Clay,2022-04-15
,0,0,0,0,Clay,2022-04-16
,0,0,0,0,Clay,2022-04-17
,0,0,0,0,Clay,2022-04-19
,0,0,0,0,Clay,2022-04-20
,0,0,0,0,Clay,2022-04-21
,0,0,0,0,Clay,2022-04-24
,0,0,0,0,Clay,2022-04-25
,0,0,0,0,Clay,2022-04-27
,0,0,0,0,Clay,2022-04-30
,0,0,0,0,Clay,2022-05-03
,0,0,0,0,Clay,2022-05-05
,0,0,0,0,Clay,2022-05-06
,0,0,0,0,Clay,2022-05-20
,0,0,0,0,Clay,2022-05-22
,0,0,0,0,Clay,2022-05-30
,0,0,0,0,Clay,2022-06-02
,0,0,0,0,Clay,2022-06-04
,0,0,0,0,Clay,2022-06-12
,0,0,0,0,Clay,2022-06-19
,0,0,0,0,Clay,2022-06-22
,0,0,0,0,Clay,2022-07-10
0,20,4,16,0,Clay,2022-01-21
0,11,0,11,0,Clay,2022-01-22
0,18,9,9,0,Clay,2022-01-28
0,3,0,3,0,Clay,2022-01-29
0,11,1,10,0,Clay,2022-01-30
0,10,4,6,0,Clay,2022-02-01
0,9,3,6,0,Clay,2022-02-04
0,12,3,9,0,Clay,2022-02-07
0,4,1,3,0,Clay,2022-02-08
0,11,1,10,0,Clay,2022-02-09
0,7,3,4,0,Clay,2022-02-10
0,2,1,1,0,Clay,2022-02-11
0,1,0,1,0,Clay,2022-02-12
0,2,1,1,0,Clay,2022-02-13
0,5,2,3,0,Clay,2022-02-14
0,5,0,5,0,Clay,2022-02-16
0,6,2,4,0,Clay,2022-02-17
0,1,0,1,0,Clay,2022-02-20
0,2,0,2,0,Clay,2022-02-22
0,2,1,1,0,Clay,2022-02-28
0,1,0,1,0,Clay,2022-03-01
0,1,0,1,0,Clay,2022-03-03
0,1,0,1,0,Clay,2022-03-04
0,1,0,1,0,Clay,2022-03-08
0,1,0,1,0,Clay,2022-03-11
0,1,0,1,0,Clay,2022-03-15
0,1,0,1,0,Clay,2022-03-20
0,1,0,1,0,Clay,2022-04-01
0,1,0,1,0,Clay,2022-04-22
0,1,0,1,0,Clay,2022-04-23
0,2,0,2,0,Clay,2022-04-26
0,1,1,0,0,Clay,2022-04-28
0,1,0,1,0,Clay,2022-04-29
0,1,0,1,0,Clay,2022-05-01
0,2,0,2,0,Clay,2022-05-02
0,1,0,1,0,Clay,2022-05-07
0,1,0,1,0,Clay,2022-05-09
0,3,1,2,0,Clay,2022-05-10
0,1,0,1,0,Clay,2022-05-11
0,1,0,1,0,Clay,2022-05-12
0,1,0,1,0,Clay,2022-05-13
0,1,1,0,0,Clay,2022-05-14
0,1,0,1,0,Clay,2022-05-15
0,2,0,2,0,Clay,2022-05-16
0,3,2,1,0,Clay,2022-05-19
0,1,0,1,0,Clay,2022-05-21
0,2,1,1,0,Clay,2022-05-23
0,3,0,3,0,Clay,2022-05-24
0,1,0,1,0,Clay,2022-05-26
0,3,2,1,0,Clay,2022-05-31
0,1,0,1,0,Clay,2022-06-01
0,2,1,1,0,Clay,2022-06-03
0,7,2,5,0,Clay,2022-06-06
0,3,1,2,0,Clay,2022-06-07
0,4,2,2,0,Clay,2022-06-08
0,1,0,1,0,Clay,2022-06-11
0,4,0,4,0,Clay,2022-06-14
0,3,0,3,0,Clay,2022-06-15
0,3,1,2,0,Clay,2022-06-17
0,1,0,1,0,Clay,2022-06-18
0,5,1,4,0,Clay,2022-06-21
0,1,0,1,0,Clay,2022-06-26
0,2,0,2,0,Clay,2022-06-27
0,6,1,5,0,Clay,2022-06-29
0,4,1,3,0,Clay,2022-06-30
0,2,1,1,0,Clay,2022-07-01
0,5,1,4,0,Clay,2022-07-02
0,2,1,1,0,Clay,2022-07-03
0,1,1,0,0,Clay,2022-07-04
0,5,0,5,0,Clay,2022-07-06
0,8,0,8,0,Clay,2022-07-08
0,5,2,3,0,Clay,2022-07-12
0,5,1,4,0,Clay,2022-07-13
0,2,0,2,0,Clay,2022-07-16
1,16,3,13,0,Clay,2022-01-25
1,29,10,19,0,Clay,2022-01-27
1,19,5,14,0,Clay,2022-01-31
1,8,0,8,0,Clay,2022-02-18
1,1,0,1,0,Clay,2022-03-10
1,1,0,1,0,Clay,2022-03-18
1,4,0,4,0,Clay,2022-04-18
1,2,0,2,0,Clay,2022-05-08
1,5,1,4,0,Clay,2022-05-27
1,1,0,1,0,Clay,2022-05-29
1,6,1,5,0,Clay,2022-06-09
1,5,3,2,0,Clay,2022-06-10
1,2,0,2,0,Clay,2022-06-13
1,2,0,2,0,Clay,2022-06-16
1,9,3,6,0,Clay,2022-06-20
1,6,2,4,0,Clay,2022-06-23
1,2,0,2,0,Clay,2022-06-25
1,6,0,6,0,Clay,2022-07-07
1,2,0,2,0,Clay,2022-07-09
1,6,1,5,0,Clay,2022-07-14
1,3,0,3,0,Clay,2022-07-15
2,35,4,31,0,Clay,2022-01-18
2,31,6,25,0,Clay,2022-01-19
2,19,4,15,0,Clay,2022-01-26
2,8,2,6,0,Clay,2022-02-06
2,6,1,5,0,Clay,2022-05-18
2,4,0,4,0,Clay,2022-05-28
2,5,1,4,0,Clay,2022-06-24
2,4,1,3,0,Clay,2022-07-11
3,31,11,20,0,Clay,2022-01-24
4,27,3,24,0,Clay,2022-01-20
,0,0,0,0,Cleveland,2022-03-09
,0,0,0,0,Cleveland,2022-03-19
,0,0,0,0,Cleveland,2022-03-20
,0,0,0,0,Cleveland,2022-03-27
,0,0,0,0,Cleveland,2022-03-29
,0,0,0,0,Cleveland,2022-03-30
,0,0,0,0,Cleveland,2022-04-09
0,12,2,10,0,Cleveland,2022-02-28
0,8,1,7,0,Cleveland,2022-03-03
0,8,1,7,0,Cleveland,2022-03-04
0,3,1,2,0,Cleveland,2022-03-05
0,6,1,5,0,Cleveland,2022-03-10
0,1,1,0,0,Cleveland,2022-03-11
0,2,0,2,0,Cleveland,2022-03-13
0,1,0,1,0,Cleveland,2022-03-14
0,2,0,2,0,Cleveland,2022-03-21
0,2,0,2,0,Cleveland,2022-03-22
0,1,0,1,0,Cleveland,2022-03-24
0,1,0,1,0,Cleveland,2022-03-25
0,1,0,1,0,Cleveland,2022-03-28
0,1,0,1,0,Cleveland,2022-04-01
0,2,0,2,0,Cleveland,2022-04-02
0,1,0,1,0,Cleveland,2022-04-03
0,2,1,1,0,Cleveland,2022-04-04
0,3,0,3,0,Cleveland,2022-04-07
0,4,0,4,0,Cleveland,2022-04-08
0,3,0,3,0,Cleveland,2022-04-10
0,5,1,4,0,Cleveland,2022-04-11
0,2,1,1,0,Cleveland,2022-04-12
0,1,0,1,0,Cleveland,2022-04-14
0,2,0,2,0,Cleveland,2022-04-15
0,4,1,3,0,Cleveland,2022-04-16
0,1,0,1,0,Cleveland,2022-04-17
0,3,1,2,0,Cleveland,2022-04-18
0,5,1,4,0,Cleveland,2022-04-22
0,7,0,7,0,Cleveland,2022-04-23
0,4,1,3,0,Cleveland,2022-04-27
0,4,2,2,0,Cleveland,2022-04-29
0,7,1,6,0,Cleveland,2022-04-30
0,7,4,3,0,Cleveland,2022-05-02
0,10,2,8,0,Cleveland,2022-05-07
0,20,1,19,0,Cleveland,2022-05-19
0,12,2,10,0,Cleveland,2022-05-22
0,9,3,6,0,Cleveland,2022-05-30
0,14,1,13,0,Cleveland,2022-06-19
1,43,10,33,0,Cleveland,2022-02-15
1,5,0,5,0,Cleveland,2022-03-16
1,3,0,3,0,Cleveland,2022-03-31
1,3,0,3,0,Cleveland,2022-04-06
1,10,2,8,0,Cleveland,2022-04-20
1,10,3,7,0,Cleveland,2022-04-21
1,7,1,6,0,Cleveland,2022-04-24
1,20,3,17,0,Cleveland,2022-04-26
1,6,0,6,0,Cleveland,2022-05-01
1,10,1,9,0,Cleveland,2022-05-04
1,15,2,13,0,Cleveland,2022-05-13
1,19,2,17,0,Cleveland,2022-05-18
1,19,4,15,0,Cleveland,2022-05-27
1,18,1,17,0,Cleveland,2022-06-04
2,16,4,12,0,Cleveland,2022-02-24
2,10,0,10,0,Cleveland,2022-03-01
2,5,0,5,0,Cleveland,2022-04-13
2,3,1,2,0,Cleveland,2022-04-19
2,6,1,5,0,Cleveland,2022-04-28
2,10,1,9,0,Cleveland,2022-05-06
2,15,2,13,0,Cleveland,2022-05-08
2,16,3,13,0,Cleveland,2022-05-09
2,10,4,6,0,Cleveland,2022-05-28
2,16,2,14,0,Cleveland,2022-05-29
2,22,2,20,0,Cleveland,2022-06-05
2,24,6,18,0,Cleveland,2022-06-07
2,27,5,22,0,Cleveland,2022-06-12
2,28,5,23,0,Cleveland,2022-06-17
2,23,4,19,0,Cleveland,2022-06-22
2,15,1,14,0,Cleveland,2022-06-25
2,21,5,16,0,Cleveland,2022-07-02
2,18,0,18,0,Cleveland,2022-07-09
2,30,2,28,0,Cleveland,2022-07-10
2,40,4,36,0,Cleveland,2022-07-15
3,63,22,41,0,Cleveland,2022-01-30
3,6,2,4,0,Cleveland,2022-03-08
3,26,2,24,0,Cleveland,2022-05-12
3,18,1,17,0,Cleveland,2022-05-15
3,24,8,16,0,Cleveland,2022-05-20
3,30,8,22,0,Cleveland,2022-05-23
3,18,1,17,0,Cleveland,2022-06-02
3,26,3,23,0,Cleveland,2022-06-08
3,17,0,17,0,Cleveland,2022-06-11
3,14,0,14,0,Cleveland,2022-06-18
3,31,6,25,0,Cleveland,2022-06-27
4,16,1,15,0,Cleveland,2022-02-25
4,17,2,15,0,Cleveland,2022-05-05
4,24,3,21,0,Cleveland,2022-05-10
4,15,2,13,0,Cleveland,2022-05-11
4,26,12,14,0,Cleveland,2022-06-03
4,40,11,29,0,Cleveland,2022-06-06
4,24,3,21,0,Cleveland,2022-06-23
4,33,5,28,0,Cleveland,2022-07-03
5,23,4,19,0,Cleveland,2022-02-21
5,28,5,23,0,Cleveland,2022-05-16
5,21,7,14,0,Cleveland,2022-05-26
5,26,3,23,0,Cleveland,2022-06-15
5,34,5,29,0,Cleveland,2022-07-04
5,27,3,24,0,Cleveland,2022-07-08
6,62,13,49,0,Cleveland,2022-01-29
6,36,15,21,0,Cleveland,2022-05-31
6,21,3,18,0,Cleveland,2022-06-09
6,35,7,28,0,Cleveland,2022-06-20
6,26,4,22,0,Cleveland,2022-06-26
7,31,4,27,0,Cleveland,2022-06-14
7,38,5,33,0,Cleveland,2022-06-16
7,38,8,30,0,Cleveland,2022-06-24
7,33,4,29,0,Cleveland,2022-07-01
7,38,3,35,0,Cleveland,2022-07-16
8,34,3,31,0,Cleveland,2022-06-30
8,51,7,44,0,Cleveland,2022-07-05
9,27,4,23,0,Cleveland,2022-06-01
9,32,7,25,0,Cleveland,2022-06-29
9,56,11,45,0,Cleveland,2022-07-06
9,45,6,39,0,Cleveland,2022-07-07
9,52,3,49,0,Cleveland,2022-07-14
10,105,33,72,0,Cleveland,2022-01-23
10,51,7,44,0,Cleveland,2022-07-13
11,32,5,27,0,Cleveland,2022-06-13
11,52,2,50,0,Cleveland,2022-07-11
12,46,7,39,0,Cleveland,2022-02-16
13,169,21,148,0,Cleveland,2022-01-27
13,63,7,56,0,Cleveland,2022-07-12
18,153,18,135,0,Cleveland,2022-01-28
22,201,18,183,0,Cleveland,2022-01-26
32,275,50,225,0,Cleveland,2022-01-21
,0,0,0,0,Columbus,2022-03-05
,0,0,0,0,Columbus,2022-03-15
,0,0,0,0,Columbus,2022-03-19
,0,0,0,0,Columbus,2022-03-20
,0,0,0,0,Columbus,2022-03-21
,0,0,0,0,Columbus,2022-03-22
,0,0,0,0,Columbus,2022-03-24
,0,0,0,0,Columbus,2022-03-25
,0,0,0,0,Columbus,2022-03-29
,0,0,0,0,Columbus,2022-03-30
,0,0,0,0,Columbus,2022-04-01
,0,0,0,0,Columbus,2022-04-03
,0,0,0,0,Columbus,2022-04-06
,0,0,0,0,Columbus,2022-04-09
,0,0,0,0,Columbus,2022-04-10
,0,0,0,0,Columbus,2022-04-13
,0,0,0,0,Columbus,2022-04-15
,0,0,0,0,Columbus,2022-04-16
,0,0,0,0,Columbus,2022-04-17
,0,0,0,0,Columbus,2022-05-05
0,25,9,16,0,Columbus,2022-01-21
0,7,2,5,0,Columbus,2022-02-12
0,5,2,3,0,Columbus,2022-02-25
0,4,0,4,0,Columbus,2022-02-26
0,2,1,1,0,Columbus,2022-02-27
0,6,0,6,0,Columbus,2022-03-01
0,2,1,1,0,Columbus,2022-03-03
0,1,0,1,0,Columbus,2022-03-04
0,1,0,1,0,Columbus,2022-03-07
0,2,0,2,0,Columbus,2022-03-09
0,2,1,1,0,Columbus,2022-03-10
0,1,0,1,0,Columbus,2022-03-13
0,1,0,1,0,Columbus,2022-03-16
0,3,0,3,0,Columbus,2022-03-17
0,2,0,2,0,Columbus,2022-03-18
0,1,0,1,0,Columbus,2022-03-23
0,1,0,1,0,Columbus,2022-03-26
0,1,0,1,0,Columbus,2022-03-27
0,3,0,3,0,Columbus,2022-03-28
0,2,0,2,0,Columbus,2022-04-05
0,1,0,1,0,Columbus,2022-04-07
0,1,0,1,0,Columbus,2022-04-08
0,3,2,1,0,Columbus,2022-04-11
0,1,0,1,0,Columbus,2022-04-14
0,1,0,1,0,Columbus,2022-04-19
0,1,0,1,0,Columbus,2022-04-21
0,2,1,1,0,Columbus,2022-04-23
0,3,2,1,0,Columbus,2022-04-24
0,4,2,2,0,Columbus,2022-04-27
0,7,0,7,0,Columbus,2022-04-28
0,2,1,1,0,Columbus,2022-04-29
0,2,0,2,0,Columbus,2022-04-30
0,5,3,2,0,Columbus,2022-05-03
0,2,0,2,0,Columbus,2022-05-07
0,6,3,3,0,Columbus,2022-05-09
0,3,0,3,0,Columbus,2022-05-15
0,10,0,10,0,Columbus,2022-05-20
0,4,0,4,0,Columbus,2022-05-21
0,7,2,5,0,Columbus,2022-05-24
0,3,1,2,0,Columbus,2022-05-28
0,6,1,5,0,Columbus,2022-05-29
0,5,3,2,0,Columbus,2022-06-03
0,3,0,3,0,Columbus,2022-06-05
0,6,3,3,0,Columbus,2022-06-11
0,4,1,3,0,Columbus,2022-06-12
0,8,2,6,0,Columbus,2022-06-14
0,16,7,9,0,Columbus,2022-06-22
0,14,3,11,0,Columbus,2022-06-28
0,13,2,11,0,Columbus,2022-07-15
1,21,6,15,0,Columbus,2022-01-30
1,11,1,10,0,Columbus,2022-02-13
1,11,3,8,0,Columbus,2022-02-18
1,3,1,2,0,Columbus,2022-02-20
1,7,2,5,0,Columbus,2022-02-22
1,11,6,5,0,Columbus,2022-02-23
1,7,4,3,0,Columbus,2022-02-24
1,4,1,3,0,Columbus,2022-03-02
1,6,1,5,0,Columbus,2022-03-08
1,2,0,2,0,Columbus,2022-03-11
1,2,2,0,0,Columbus,2022-03-14
1,1,1,0,0,Columbus,2022-04-12
1,4,0,4,0,Columbus,2022-04-18
1,2,0,2,0,Columbus,2022-04-22
1,2,1,1,0,Columbus,2022-05-01
1,4,1,3,0,Columbus,2022-05-04
1,6,2,4,0,Columbus,2022-05-06
1,7,1,6,0,Columbus,2022-05-11
1,2,1,1,0,Columbus,2022-05-14
1,9,1,8,0,Columbus,2022-05-27
1,5,2,3,0,Columbus,2022-05-30
1,15,12,3,0,Columbus,2022-06-01
1,2,1,1,0,Columbus,2022-06-04
1,12,3,9,0,Columbus,2022-06-07
1,10,3,7,0,Columbus,2022-06-08
1,11,3,8,0,Columbus,2022-06-15
1,10,3,7,0,Columbus,2022-06-26
1,12,4,8,0,Columbus,2022-06-29
1,7,2,5,0,Columbus,2022-07-02
1,10,2,8,0,Columbus,2022-07-08
2,14,9,5,0,Columbus,2022-01-29
2,18,11,7,0,Columbus,2022-02-21
2,12,8,4,0,Columbus,2022-02-28
2,6,2,4,0,Columbus,2022-04-25
2,9,3,6,0,Columbus,2022-05-10
2,8,4,4,0,Columbus,2022-05-12
2,23,8,15,0,Columbus,2022-05-16
2,19,6,13,0,Columbus,2022-05-18
2,6,1,5,0,Columbus,2022-05-22
2,7,2,5,0,Columbus,2022-05-26
2,6,2,4,0,Columbus,2022-06-06
2,5,1,4,0,Columbus,2022-06-10
2,10,1,9,0,Columbus,2022-06-17
2,15,7,8,0,Columbus,2022-06-20
2,8,6,2,0,Columbus,2022-06-25
2,15,7,8,0,Columbus,2022-06-30
2,11,8,3,0,Columbus,2022-07-04
2,13,6,7,0,Columbus,2022-07-14
2,3,2,1,0,Columbus,2022-07-16
3,23,13,10,0,Columbus,2022-02-16
3,9,4,5,0,Columbus,2022-04-26
3,11,4,7,0,Columbus,2022-05-13
3,12,3,9,0,Columbus,2022-05-19
3,12,4,8,0,Columbus,2022-06-09
3,5,2,3,0,Columbus,2022-06-18
3,8,5,3,0,Columbus,2022-06-23
3,8,4,4,0,Columbus,2022-06-24
3,15,3,12,0,Columbus,2022-06-27
3,9,2,7,0,Columbus,2022-07-03
3,27,8,19,0,Columbus,2022-07-07
4,68,30,38,0,Columbus,2022-02-01
4,16,5,11,0,Columbus,2022-02-05
4,21,10,11,0,Columbus,2022-05-23
4,13,7,6,0,Columbus,2022-05-25
4,17,4,13,0,Columbus,2022-06-13
4,19,12,7,0,Columbus,2022-06-21
4,26,11,15,0,Columbus,2022-07-12
4,13,4,9,0,Columbus,2022-07-13
5,25,13,12,0,Columbus,2022-02-09
5,22,7,15,0,Columbus,2022-07-01
5,29,12,17,0,Columbus,2022-07-06
6,20,11,9,0,Columbus,2022-06-19
7,56,21,35,0,Columbus,2022-02-07
7,24,11,13,0,Columbus,2022-07-11
8,43,23,20,0,Columbus,2022-02-08
10,38,21,17,0,Columbus,2022-07-05
26,288,115,173,0,Columbus,2022-01-19
0,9,0,9,0,Craven,2022-02-20
0,22,4,18,0,Craven,2022-02-23
0,7,1,6,0,Craven,2022-02-26
0,4,2,2,0,Craven,2022-02-27
0,20,1,19,0,Craven,2022-02-28
0,8,2,6,0,Craven,2022-03-04
0,7,2,5,0,Craven,2022-03-08
0,10,2,8,0,Craven,2022-03-11
0,7,1,6,0,Craven,2022-03-13
0,8,2,6,0,Craven,2022-03-15
0,6,2,4,0,Craven,2022-03-16
0,5,3,2,0,Craven,2022-03-18
0,1,0,1,0,Craven,2022-03-19
0,6,1,5,0,Craven,2022-03-22
0,2,0,2,0,Craven,2022-03-23
0,3,1,2,0,Craven,2022-03-24
0,3,1,2,0,Craven,2022-03-26
0,1,0,1,0,Craven,2022-03-27
0,5,4,1,0,Craven,2022-03-28
0,3,2,1,0,Craven,2022-03-30
0,6,0,6,0,Craven,2022-03-31
0,4,0,4,0,Craven,2022-04-01
0,3,0,3,0,Craven,2022-04-02
0,1,1,0,0,Craven,2022-04-03
0,7,4,3,0,Craven,2022-04-04
0,5,1,4,0,Craven,2022-04-07
0,6,5,1,0,Craven,2022-04-08
0,2,0,2,0,Craven,2022-04-09
0,2,0,2,0,Craven,2022-04-10
0,6,3,3,0,Craven,2022-04-15
0,18,13,5,0,Craven,2022-04-18
0,7,3,4,0,Craven,2022-04-22
0,2,1,1,0,Craven,2022-04-24
0,10,3,7,0,Craven,2022-04-27
0,20,4,16,0,Craven,2022-04-28
0,18,8,10,0,Craven,2022-04-29
0,13,5,8,0,Craven,2022-05-01
0,15,8,7,0,Craven,2022-05-14
0,27,5,22,0,Craven,2022-06-12
0,18,6,12,0,Craven,2022-06-19
1,36,7,29,0,Craven,2022-02-21
1,20,3,17,0,Craven,2022-02-25
1,12,2,10,0,Craven,2022-03-01
1,3,1,2,0,Craven,2022-03-05
1,7,2,5,0,Craven,2022-03-06
1,5,2,3,0,Craven,2022-03-10
1,3,2,1,0,Craven,2022-03-25
1,3,2,1,0,Craven,2022-03-29
1,10,2,8,0,Craven,2022-04-06
1,7,2,5,0,Craven,2022-04-11
1,10,4,6,0,Craven,2022-04-14
1,5,0,5,0,Craven,2022-04-16
1,7,1,6,0,Craven,2022-04-17
1,18,5,13,0,Craven,2022-04-19
1,18,4,14,0,Craven,2022-04-26
1,8,6,2,0,Craven,2022-04-30
1,30,15,15,0,Craven,2022-05-05
1,15,7,8,0,Craven,2022-05-07
1,39,24,15,0,Craven,2022-05-13
1,41,14,27,0,Craven,2022-05-20
1,16,8,8,0,Craven,2022-06-04
1,21,7,14,0,Craven,2022-06-11
1,21,5,16,0,Craven,2022-06-18
1,19,4,15,0,Craven,2022-06-25
1,25,8,17,0,Craven,2022-07-02
2,30,7,23,0,Craven,2022-02-15
2,18,2,16,0,Craven,2022-02-24
2,8,2,6,0,Craven,2022-03-03
2,18,10,8,0,Craven,2022-03-07
2,8,3,5,0,Craven,2022-03-17
2,11,3,8,0,Craven,2022-04-20
2,10,6,4,0,Craven,2022-04-21
2,39,15,24,0,Craven,2022-05-03
2,24,8,16,0,Craven,2022-05-04
2,30,17,13,0,Craven,2022-05-06
2,19,6,13,0,Craven,2022-05-08
2,35,10,25,0,Craven,2022-05-12
2,39,15,24,0,Craven,2022-05-19
2,34,9,25,0,Craven,2022-05-22
2,43,19,24,0,Craven,2022-05-27
2,20,8,12,0,Craven,2022-05-29
2,39,14,25,0,Craven,2022-06-15
2,15,1,14,0,Craven,2022-06-26
2,19,9,10,0,Craven,2022-07-04
2,60,17,43,0,Craven,2022-07-08
2,28,4,24,0,Craven,2022-07-16
3,44,10,34,0,Craven,2022-02-05
3,58,17,41,0,Craven,2022-02-11
3,49,10,39,0,Craven,2022-02-16
3,25,8,17,0,Craven,2022-02-22
3,25,20,5,0,Craven,2022-04-13
3,40,19,21,0,Craven,2022-05-02
3,46,18,28,0,Craven,2022-05-11
3,15,4,11,0,Craven,2022-05-15
3,28,10,18,0,Craven,2022-05-21
3,20,7,13,0,Craven,2022-05-30
3,27,9,18,0,Craven,2022-06-24
3,29,9,20,0,Craven,2022-07-09
3,47,23,24,0,Craven,2022-07-14
4,83,25,58,0,Craven,2022-02-08
4,80,17,63,0,Craven,2022-02-09
4,48,23,25,0,Craven,2022-05-10
4,59,29,30,0,Craven,2022-05-26
4,29,4,25,0,Craven,2022-06-05
4,56,30,26,0,Craven,2022-06-08
4,30,13,17,0,Craven,2022-06-23
4,40,13,27,0,Craven,2022-06-30
5,56,18,38,0,Craven,2022-05-16
5,55,31,24,0,Craven,2022-05-24
5,53,27,26,0,Craven,2022-05-25
5,59,24,35,0,Craven,2022-06-01
5,50,20,30,0,Craven,2022-06-07
5,45,15,30,0,Craven,2022-06-13
5,49,16,33,0,Craven,2022-06-28
5,54,19,35,0,Craven,2022-06-29
5,29,11,18,0,Craven,2022-07-10
5,30,13,17,0,Craven,2022-07-15
6,65,27,38,0,Craven,2022-05-31
6,35,17,18,0,Craven,2022-06-03
6,64,26,38,0,Craven,2022-06-06
6,53,22,31,0,Craven,2022-06-09
6,50,22,28,0,Craven,2022-06-14
6,51,20,31,0,Craven,2022-06-20
6,57,23,34,0,Craven,2022-07-07
7,210,51,159,0,Craven,2022-01-31
7,62,17,45,0,Craven,2022-06-02
7,40,13,27,0,Craven,2022-06-16
7,33,14,19,0,Craven,2022-06-17
7,83,20,63,0,Craven,2022-06-21
7,80,23,57,0,Craven,2022-06-27
7,64,16,48,0,Craven,2022-07-06
8,77,34,43,0,Craven,2022-05-23
8,40,12,28,0,Craven,2022-07-01
8,49,18,31,0,Craven,2022-07-13
9,102,25,77,0,Craven,2022-01-21
9,55,29,26,0,Craven,2022-05-09
9,87,19,68,0,Craven,2022-07-05
9,76,33,43,0,Craven,2022-07-11
10,77,34,43,0,Craven,2022-02-10
15,269,77,192,0,Craven,2022-01-20
15,262,91,171,0,Craven,2022-01-25
26,415,110,305,0,Craven,2022-01-19
0,7,1,6,0,Cumberland,2022-03-06
0,7,2,5,0,Cumberland,2022-03-13
0,11,5,6,0,Cumberland,2022-03-18
0,4,1,3,0,Cumberland,2022-03-20
0,12,1,11,0,Cumberland,2022-03-24
0,10,6,4,0,Cumberland,2022-03-27
0,10,3,7,0,Cumberland,2022-04-01
0,5,1,4,0,Cumberland,2022-04-02
0,3,0,3,0,Cumberland,2022-04-03
0,8,4,4,0,Cumberland,2022-04-17
1,41,1,40,0,Cumberland,2022-03-11
1,11,2,9,0,Cumberland,2022-03-12
1,14,2,12,0,Cumberland,2022-03-17
1,22,2,20,0,Cumberland,2022-03-22
1,14,2,12,0,Cumberland,2022-03-23
1,17,2,15,0,Cumberland,2022-03-25
1,7,2,5,0,Cumberland,2022-03-26
1,15,6,9,0,Cumberland,2022-03-29
1,10,2,8,0,Cumberland,2022-03-30
1,19,5,14,0,Cumberland,2022-04-04
1,25,6,19,0,Cumberland,2022-04-08
1,9,4,5,0,Cumberland,2022-04-09
1,11,3,8,0,Cumberland,2022-04-10
1,60,15,45,0,Cumberland,2022-05-06
1,26,10,16,0,Cumberland,2022-05-07
2,22,3,19,0,Cumberland,2022-03-09
2,24,5,19,0,Cumberland,2022-03-10
2,22,1,21,0,Cumberland,2022-04-06
2,21,5,16,0,Cumberland,2022-04-16
2,43,6,37,0,Cumberland,2022-04-22
3,44,7,37,0,Cumberland,2022-03-01
3,14,3,11,0,Cumberland,2022-03-31
3,23,5,18,0,Cumberland,2022-04-07
3,27,0,27,0,Cumberland,2022-04-15
3,41,3,38,0,Cumberland,2022-04-21
3,36,10,26,0,Cumberland,2022-04-30
4,23,9,14,0,Cumberland,2022-03-08
4,38,13,25,0,Cumberland,2022-04-13
4,42,5,37,0,Cumberland,2022-04-14
4,48,20,28,0,Cumberland,2022-05-14
4,71,13,58,0,Cumberland,2022-07-10
5,20,7,13,0,Cumberland,2022-04-23
5,64,15,49,0,Cumberland,2022-05-21
5,64,12,52,0,Cumberland,2022-06-12
5,66,17,49,0,Cumberland,2022-06-26
6,44,6,38,0,Cumberland,2022-04-20
6,35,10,25,0,Cumberland,2022-04-24
6,49,9,40,0,Cumberland,2022-06-11
6,46,8,38,0,Cumberland,2022-06-19
6,46,16,30,0,Cumberland,2022-07-04
7,116,16,100,0,Cumberland,2022-02-05
7,46,2,44,0,Cumberland,2022-04-18
7,62,15,47,0,Cumberland,2022-05-05
7,57,23,34,0,Cumberland,2022-05-30
7,80,26,54,0,Cumberland,2022-06-18
7,62,16,46,0,Cumberland,2022-07-03
8,116,16,100,0,Cumberland,2022-02-15
8,36,8,28,0,Cumberland,2022-04-19
8,69,11,58,0,Cumberland,2022-04-29
8,38,7,31,0,Cumberland,2022-05-01
8,89,23,66,0,Cumberland,2022-05-04
8,74,18,56,0,Cumberland,2022-05-15
8,69,7,62,0,Cumberland,2022-05-22
8,58,18,40,0,Cumberland,2022-06-04
8,135,19,116,0,Cumberland,2022-06-22
8,74,16,58,0,Cumberland,2022-07-02
9,100,20,80,0,Cumberland,2022-06-15
9,158,36,122,0,Cumberland,2022-06-20
10,131,24,107,0,Cumberland,2022-06-09
10,77,18,59,0,Cumberland,2022-07-16
12,122,22,100,0,Cumberland,2022-05-12
12,145,25,120,0,Cumberland,2022-05-26
12,70,16,54,0,Cumberland,2022-05-28
12,73,21,52,0,Cumberland,2022-05-29
12,140,27,113,0,Cumberland,2022-06-07
12,111,10,101,0,Cumberland,2022-06-10
12,139,31,108,0,Cumberland,2022-06-13
12,154,33,121,0,Cumberland,2022-07-07
12,100,22,78,0,Cumberland,2022-07-09
13,123,19,104,0,Cumberland,2022-05-11
13,107,17,90,0,Cumberland,2022-06-17
13,120,19,101,0,Cumberland,2022-07-01
14,107,22,85,0,Cumberland,2022-02-21
14,127,26,101,0,Cumberland,2022-05-10
14,138,22,116,0,Cumberland,2022-06-08
15,103,15,88,0,Cumberland,2022-05-13
15,172,28,144,0,Cumberland,2022-05-19
15,180,38,142,0,Cumberland,2022-05-23
15,130,25,105,0,Cumberland,2022-05-27
15,99,22,77,0,Cumberland,2022-06-03
16,141,25,116,0,Cumberland,2022-05-18
16,131,28,103,0,Cumberland,2022-06-21
16,119,26,93,0,Cumberland,2022-06-24
16,164,35,129,0,Cumberland,2022-07-14
17,154,27,127,0,Cumberland,2022-06-06
17,157,23,134,0,Cumberland,2022-06-14
17,168,38,130,0,Cumberland,2022-07-15
18,118,15,103,0,Cumberland,2022-05-20
18,149,28,121,0,Cumberland,2022-05-24
18,119,26,93,0,Cumberland,2022-06-23
19,151,32,119,0,Cumberland,2022-06-28
21,160,42,118,0,Cumberland,2022-05-17
22,195,34,161,0,Cumberland,2022-06-01
22,149,33,116,0,Cumberland,2022-06-30
23,176,30,146,0,Cumberland,2022-07-06
23,204,44,160,0,Cumberland,2022-07-12
25,148,20,128,0,Cumberland,2022-07-08
28,169,43,126,0,Cumberland,2022-07-13
29,213,56,157,0,Cumberland,2022-07-11
30,168,42,126,0,Cumberland,2022-06-27
37,485,70,415,0,Cumberland,2022-02-01
76,1188,195,993,0,Cumberland,2022-01-20
,0,0,0,0,Currituck,2022-02-18
,0,0,0,0,Currituck,2022-02-19
,0,0,0,0,Currituck,2022-02-20
,0,0,0,0,Currituck,2022-02-21
,0,0,0,0,Currituck,2022-02-23
,0,0,0,0,Currituck,2022-02-25
,0,0,0,0,Currituck,2022-02-27
,0,0,0,0,Currituck,2022-03-01
,0,0,0,0,Currituck,2022-03-02
,0,0,0,0,Currituck,2022-03-07
,0,0,0,0,Currituck,2022-03-09
,0,0,0,0,Currituck,2022-03-11
,0,0,0,0,Currituck,2022-03-14
,0,0,0,0,Currituck,2022-03-15
,0,0,0,0,Currituck,2022-03-16
,0,0,0,0,Currituck,2022-03-17
,0,0,0,0,Currituck,2022-03-18
,0,0,0,0,Currituck,2022-03-19
,0,0,0,0,Currituck,2022-03-20
,0,0,0,0,Currituck,2022-03-21
,0,0,0,0,Currituck,2022-03-23
,0,0,0,0,Currituck,2022-03-24
,0,0,0,0,Currituck,2022-03-26
,0,0,0,0,Currituck,2022-03-27
,0,0,0,0,Currituck,2022-03-28
,0,0,0,0,Currituck,2022-03-29
,0,0,0,0,Currituck,2022-03-31
,0,0,0,0,Currituck,2022-04-02
,0,0,0,0,Currituck,2022-04-04
,0,0,0,0,Currituck,2022-04-05
,0,0,0,0,Currituck,2022-04-06
,0,0,0,0,Currituck,2022-04-08
,0,0,0,0,Currituck,2022-04-09
,0,0,0,0,Currituck,2022-04-10
,0,0,0,0,Currituck,2022-04-15
,0,0,0,0,Currituck,2022-04-16
,0,0,0,0,Currituck,2022-04-17
,0,0,0,0,Currituck,2022-04-18
,0,0,0,0,Currituck,2022-04-19
0,6,2,4,0,Currituck,2022-01-22
0,20,4,16,0,Currituck,2022-01-23
0,3,0,3,0,Currituck,2022-01-28
0,5,2,3,0,Currituck,2022-01-29
0,4,1,3,0,Currituck,2022-01-30
0,12,1,11,0,Currituck,2022-02-03
0,14,0,14,0,Currituck,2022-02-04
0,3,2,1,0,Currituck,2022-02-05
0,3,0,3,0,Currituck,2022-02-06
0,12,1,11,0,Currituck,2022-02-07
0,9,1,8,0,Currituck,2022-02-09
0,6,0,6,0,Currituck,2022-02-10
0,8,0,8,0,Currituck,2022-02-11
0,4,0,4,0,Currituck,2022-02-13
0,4,0,4,0,Currituck,2022-02-15
0,2,0,2,0,Currituck,2022-02-17
0,3,0,3,0,Currituck,2022-02-28
0,3,1,2,0,Currituck,2022-03-12
0,2,1,1,0,Currituck,2022-03-13
0,2,0,2,0,Currituck,2022-03-30
0,1,0,1,0,Currituck,2022-04-01
0,1,0,1,0,Currituck,2022-04-11
0,1,0,1,0,Currituck,2022-04-12
0,1,0,1,0,Currituck,2022-04-13
0,2,0,2,0,Currituck,2022-04-14
0,2,0,2,0,Currituck,2022-04-20
0,2,0,2,0,Currituck,2022-04-21
0,1,0,1,0,Currituck,2022-04-22
0,3,2,1,0,Currituck,2022-04-23
0,2,0,2,0,Currituck,2022-04-24
0,3,0,3,0,Currituck,2022-04-25
0,6,2,4,0,Currituck,2022-04-26
0,6,2,4,0,Currituck,2022-04-27
0,3,1,2,0,Currituck,2022-04-29
0,2,0,2,0,Currituck,2022-04-30
0,1,0,1,0,Currituck,2022-05-01
0,2,0,2,0,Currituck,2022-05-03
0,6,3,3,0,Currituck,2022-05-04
0,1,1,0,0,Currituck,2022-05-06
0,1,0,1,0,Currituck,2022-05-07
0,7,2,5,0,Currituck,2022-05-09
0,9,0,9,0,Currituck,2022-05-10
0,2,1,1,0,Currituck,2022-05-11
0,5,0,5,0,Currituck,2022-05-12
0,7,0,7,0,Currituck,2022-05-13
0,11,4,7,0,Currituck,2022-05-14
0,4,1,3,0,Currituck,2022-05-15
0,1,1,0,0,Currituck,2022-05-19
0,3,1,2,0,Currituck,2022-05-20
0,7,3,4,0,Currituck,2022-05-24
0,15,4,11,0,Currituck,2022-05-25
0,6,1,5,0,Currituck,2022-05-26
0,2,0,2,0,Currituck,2022-05-30
0,8,6,2,0,Currituck,2022-06-01
0,3,0,3,0,Currituck,2022-06-04
0,4,0,4,0,Currituck,2022-06-05
0,3,0,3,0,Currituck,2022-06-07
0,4,0,4,0,Currituck,2022-06-10
0,2,0,2,0,Currituck,2022-06-11
0,4,0,4,0,Currituck,2022-06-12
0,2,1,1,0,Currituck,2022-06-18
0,3,0,3,0,Currituck,2022-06-19
0,7,1,6,0,Currituck,2022-06-21
0,7,1,6,0,Currituck,2022-06-22
0,13,1,12,0,Currituck,2022-06-23
0,1,0,1,0,Currituck,2022-06-25
0,5,0,5,0,Currituck,2022-06-27
0,5,2,3,0,Currituck,2022-07-01
0,3,0,3,0,Currituck,2022-07-02
0,1,0,1,0,Currituck,2022-07-03
0,5,1,4,0,Currituck,2022-07-04
0,2,0,2,0,Currituck,2022-07-07
0,3,0,3,0,Currituck,2022-07-08
0,6,0,6,0,Currituck,2022-07-09
0,4,0,4,0,Currituck,2022-07-12
0,3,1,2,0,Currituck,2022-07-13
0,7,1,6,0,Currituck,2022-07-14
0,2,0,2,0,Currituck,2022-07-15
0,2,1,1,0,Currituck,2022-07-16
1,72,10,62,0,Currituck,2022-01-19
1,19,5,14,0,Currituck,2022-01-21
1,20,6,14,0,Currituck,2022-01-27
1,20,5,15,0,Currituck,2022-02-01
1,5,0,5,0,Currituck,2022-02-08
1,3,0,3,0,Currituck,2022-02-22
1,3,3,0,0,Currituck,2022-03-03
1,2,1,1,0,Currituck,2022-03-05
1,2,1,1,0,Currituck,2022-03-10
1,2,0,2,0,Currituck,2022-03-25
1,2,0,2,0,Currituck,2022-04-03
1,3,0,3,0,Currituck,2022-04-07
1,2,0,2,0,Currituck,2022-04-28
1,11,3,8,0,Currituck,2022-05-16
1,7,2,5,0,Currituck,2022-05-18
1,6,0,6,0,Currituck,2022-05-22
1,9,1,8,0,Currituck,2022-05-27
1,5,1,4,0,Currituck,2022-05-29
1,4,1,3,0,Currituck,2022-06-03
1,7,3,4,0,Currituck,2022-06-08
1,5,0,5,0,Currituck,2022-06-13
1,6,0,6,0,Currituck,2022-06-14
1,4,1,3,0,Currituck,2022-06-15
1,6,1,5,0,Currituck,2022-06-20
1,4,0,4,0,Currituck,2022-06-24
1,8,2,6,0,Currituck,2022-06-26
1,11,2,9,0,Currituck,2022-06-30
1,10,0,10,0,Currituck,2022-07-05
1,6,3,3,0,Currituck,2022-07-10
1,9,1,8,0,Currituck,2022-07-11
2,52,6,46,0,Currituck,2022-01-20
2,59,8,51,0,Currituck,2022-01-24
2,43,3,40,0,Currituck,2022-01-26
2,5,0,5,0,Currituck,2022-02-12
2,14,3,11,0,Currituck,2022-05-28
2,11,4,7,0,Currituck,2022-06-06
2,8,2,6,0,Currituck,2022-06-09
2,8,0,8,0,Currituck,2022-06-17
2,9,0,9,0,Currituck,2022-07-06
3,12,1,11,0,Currituck,2022-05-23
4,66,10,56,0,Currituck,2022-01-25
4,27,4,23,0,Currituck,2022-01-31
5,79,9,70,0,Currituck,2022-01-18
,0,0,0,0,Dare,2022-03-10
,0,0,0,0,Dare,2022-03-11
,0,0,0,0,Dare,2022-03-12
,0,0,0,0,Dare,2022-03-24
,0,0,0,0,Dare,2022-03-28
,0,0,0,0,Dare,2022-03-29
,0,0,0,0,Dare,2022-04-04
0,32,0,32,0,Dare,2022-02-04
0,9,0,9,0,Dare,2022-02-05
0,11,0,11,0,Dare,2022-02-09
0,15,0,15,0,Dare,2022-02-11
0,4,0,4,0,Dare,2022-02-12
0,3,0,3,0,Dare,2022-02-19
0,4,0,4,0,Dare,2022-02-23
0,5,0,5,0,Dare,2022-02-24
0,4,0,4,0,Dare,2022-02-25
0,1,0,1,0,Dare,2022-02-27
0,3,0,3,0,Dare,2022-02-28
0,2,0,2,0,Dare,2022-03-01
0,3,0,3,0,Dare,2022-03-02
0,3,0,3,0,Dare,2022-03-04
0,2,0,2,0,Dare,2022-03-05
0,2,0,2,0,Dare,2022-03-06
0,8,0,8,0,Dare,2022-03-09
0,3,0,3,0,Dare,2022-03-15
0,2,0,2,0,Dare,2022-03-16
0,3,0,3,0,Dare,2022-03-18
0,1,0,1,0,Dare,2022-03-19
0,2,0,2,0,Dare,2022-03-20
0,2,0,2,0,Dare,2022-03-21
0,1,0,1,0,Dare,2022-03-22
0,1,0,1,0,Dare,2022-03-25
0,1,0,1,0,Dare,2022-03-26
0,1,0,1,0,Dare,2022-03-27
0,2,1,1,0,Dare,2022-03-30
0,1,0,1,0,Dare,2022-04-01
0,1,0,1,0,Dare,2022-04-02
0,1,0,1,0,Dare,2022-04-03
0,2,0,2,0,Dare,2022-04-05
0,3,0,3,0,Dare,2022-04-06
0,2,0,2,0,Dare,2022-04-07
0,1,0,1,0,Dare,2022-04-08
0,1,0,1,0,Dare,2022-04-10
0,3,0,3,0,Dare,2022-04-11
0,1,0,1,0,Dare,2022-04-12
0,6,0,6,0,Dare,2022-04-14
0,2,0,2,0,Dare,2022-04-16
0,6,0,6,0,Dare,2022-04-18
0,2,0,2,0,Dare,2022-04-20
0,7,0,7,0,Dare,2022-04-22
0,5,0,5,0,Dare,2022-04-23
0,3,0,3,0,Dare,2022-04-24
0,8,0,8,0,Dare,2022-04-26
0,11,0,11,0,Dare,2022-04-27
0,7,0,7,0,Dare,2022-04-29
0,7,0,7,0,Dare,2022-04-30
0,1,0,1,0,Dare,2022-05-01
0,12,1,11,0,Dare,2022-05-02
0,5,0,5,0,Dare,2022-05-07
0,17,0,17,0,Dare,2022-05-10
0,16,0,16,0,Dare,2022-05-12
0,8,0,8,0,Dare,2022-05-15
0,13,0,13,0,Dare,2022-05-16
0,10,0,10,0,Dare,2022-05-22
0,24,2,22,0,Dare,2022-05-24
0,12,1,11,0,Dare,2022-05-26
0,12,0,12,0,Dare,2022-05-28
0,16,0,16,0,Dare,2022-06-03
0,8,0,8,0,Dare,2022-06-04
0,12,0,12,0,Dare,2022-06-13
0,13,1,12,0,Dare,2022-06-14
0,12,1,11,0,Dare,2022-06-30
0,7,0,7,0,Dare,2022-07-02
0,4,0,4,0,Dare,2022-07-08
0,18,0,18,0,Dare,2022-07-15
0,10,0,10,0,Dare,2022-07-16
1,30,0,30,0,Dare,2022-01-21
1,14,0,14,0,Dare,2022-01-23
1,20,0,20,0,Dare,2022-01-30
1,38,0,38,0,Dare,2022-02-01
1,21,1,20,0,Dare,2022-02-02
1,13,0,13,0,Dare,2022-02-06
1,21,2,19,0,Dare,2022-02-07
1,17,1,16,0,Dare,2022-02-08
1,14,0,14,0,Dare,2022-02-10
1,7,0,7,0,Dare,2022-02-13
1,9,0,9,0,Dare,2022-02-14
1,16,0,16,0,Dare,2022-02-15
1,12,0,12,0,Dare,2022-02-16
1,13,0,13,0,Dare,2022-02-17
1,9,0,9,0,Dare,2022-02-18
1,11,0,11,0,Dare,2022-02-21
1,6,0,6,0,Dare,2022-02-22
1,3,0,3,0,Dare,2022-03-13
1,1,0,1,0,Dare,2022-03-17
1,1,0,1,0,Dare,2022-03-31
1,2,0,2,0,Dare,2022-04-09
1,4,0,4,0,Dare,2022-04-13
1,6,0,6,0,Dare,2022-04-15
1,3,0,3,0,Dare,2022-04-17
1,7,0,7,0,Dare,2022-04-19
1,11,0,11,0,Dare,2022-05-04
1,13,0,13,0,Dare,2022-05-09
1,19,1,18,0,Dare,2022-05-13
1,9,0,9,0,Dare,2022-05-21
1,15,0,15,0,Dare,2022-05-29
1,12,0,12,0,Dare,2022-06-05
1,23,0,23,0,Dare,2022-06-08
1,8,0,8,0,Dare,2022-06-09
1,8,0,8,0,Dare,2022-06-11
1,7,0,7,0,Dare,2022-06-12
1,15,0,15,0,Dare,2022-06-17
1,6,0,6,0,Dare,2022-06-18
1,7,1,6,0,Dare,2022-06-22
1,5,0,5,0,Dare,2022-06-23
1,5,0,5,0,Dare,2022-06-24
1,13,0,13,0,Dare,2022-06-26
1,14,0,14,0,Dare,2022-07-03
1,9,0,9,0,Dare,2022-07-04
1,16,0,16,0,Dare,2022-07-10
1,7,2,5,0,Dare,2022-07-13
1,11,0,11,0,Dare,2022-07-14
2,84,1,83,0,Dare,2022-01-20
2,9,0,9,0,Dare,2022-01-29
2,9,0,9,0,Dare,2022-04-21
2,12,1,11,0,Dare,2022-05-06
2,10,0,10,0,Dare,2022-05-08
2,19,0,19,0,Dare,2022-05-18
2,20,0,20,0,Dare,2022-05-27
2,11,1,10,0,Dare,2022-05-30
2,21,0,21,0,Dare,2022-06-01
2,25,0,25,0,Dare,2022-06-02
2,17,0,17,0,Dare,2022-06-06
2,11,0,11,0,Dare,2022-06-10
2,15,0,15,0,Dare,2022-06-15
2,10,0,10,0,Dare,2022-06-19
2,10,0,10,0,Dare,2022-06-25
2,12,0,12,0,Dare,2022-06-29
2,14,0,14,0,Dare,2022-07-01
2,13,0,13,0,Dare,2022-07-07
3,96,0,96,0,Dare,2022-01-18
3,23,0,23,0,Dare,2022-01-22
3,32,1,31,0,Dare,2022-01-28
3,19,0,19,0,Dare,2022-05-11
3,23,0,23,0,Dare,2022-05-17
3,27,0,27,0,Dare,2022-05-19
3,29,0,29,0,Dare,2022-05-23
3,28,0,28,0,Dare,2022-05-31
3,13,0,13,0,Dare,2022-06-07
3,20,0,20,0,Dare,2022-06-21
3,18,1,17,0,Dare,2022-06-27
3,21,1,20,0,Dare,2022-07-05
3,14,2,12,0,Dare,2022-07-06
3,9,0,9,0,Dare,2022-07-09
3,18,1,17,0,Dare,2022-07-11
3,10,0,10,0,Dare,2022-07-12
4,84,0,84,0,Dare,2022-01-24
4,64,2,62,0,Dare,2022-01-25
4,57,2,55,0,Dare,2022-01-26
4,48,0,48,0,Dare,2022-01-27
4,26,1,25,0,Dare,2022-05-20
4,21,1,20,0,Dare,2022-06-20
5,53,2,51,0,Dare,2022-01-31
5,19,0,19,0,Dare,2022-05-25
9,108,2,106,0,Dare,2022-01-19
0,8,0,8,0,Davidson,2022-03-05
0,5,1,4,0,Davidson,2022-03-09
0,6,4,2,0,Davidson,2022-03-10
0,2,0,2,0,Davidson,2022-03-13
0,2,0,2,0,Davidson,2022-03-19
0,1,0,1,0,Davidson,2022-03-20
0,8,3,5,0,Davidson,2022-03-21
0,5,2,3,0,Davidson,2022-03-22
0,1,0,1,0,Davidson,2022-03-24
0,2,0,2,0,Davidson,2022-03-25
0,1,0,1,0,Davidson,2022-03-26
0,5,2,3,0,Davidson,2022-03-27
0,2,0,2,0,Davidson,2022-03-28
0,6,1,5,0,Davidson,2022-03-29
0,7,3,4,0,Davidson,2022-03-30
0,5,1,4,0,Davidson,2022-04-01
0,8,2,6,0,Davidson,2022-04-04
0,9,7,2,0,Davidson,2022-04-06
0,9,3,6,0,Davidson,2022-04-07
0,5,2,3,0,Davidson,2022-04-09
0,6,2,4,0,Davidson,2022-04-15
0,9,1,8,0,Davidson,2022-04-18
0,13,2,11,0,Davidson,2022-04-22
0,6,2,4,0,Davidson,2022-04-23
0,19,1,18,0,Davidson,2022-04-24
0,20,3,17,0,Davidson,2022-04-29
0,20,1,19,0,Davidson,2022-07-03
1,11,3,8,0,Davidson,2022-02-25
1,26,6,20,0,Davidson,2022-02-28
1,13,5,8,0,Davidson,2022-03-01
1,15,6,9,0,Davidson,2022-03-03
1,8,3,5,0,Davidson,2022-03-11
1,3,0,3,0,Davidson,2022-03-12
1,4,1,3,0,Davidson,2022-03-14
1,4,0,4,0,Davidson,2022-03-15
1,5,2,3,0,Davidson,2022-03-18
1,5,0,5,0,Davidson,2022-04-03
1,8,3,5,0,Davidson,2022-04-08
1,9,4,5,0,Davidson,2022-04-10
1,19,6,13,0,Davidson,2022-04-11
1,12,4,8,0,Davidson,2022-04-12
1,7,1,6,0,Davidson,2022-04-14
1,12,3,9,0,Davidson,2022-04-16
1,3,0,3,0,Davidson,2022-04-17
1,10,0,10,0,Davidson,2022-04-30
1,15,1,14,0,Davidson,2022-05-01
1,23,3,20,0,Davidson,2022-05-06
2,64,6,58,0,Davidson,2022-02-06
2,71,19,52,0,Davidson,2022-02-14
2,13,2,11,0,Davidson,2022-02-20
2,34,5,29,0,Davidson,2022-02-23
2,5,1,4,0,Davidson,2022-03-17
2,17,7,10,0,Davidson,2022-04-13
2,14,1,13,0,Davidson,2022-04-20
2,14,1,13,0,Davidson,2022-04-21
2,18,3,15,0,Davidson,2022-05-07
2,24,4,20,0,Davidson,2022-06-04
2,19,2,17,0,Davidson,2022-06-18
3,5,1,4,0,Davidson,2022-03-31
3,17,2,15,0,Davidson,2022-04-19
3,31,7,24,0,Davidson,2022-05-11
3,34,8,26,0,Davidson,2022-05-13
3,27,5,22,0,Davidson,2022-05-15
3,21,3,18,0,Davidson,2022-05-29
3,24,1,23,0,Davidson,2022-06-05
3,44,10,34,0,Davidson,2022-06-07
3,21,0,21,0,Davidson,2022-06-11
3,16,0,16,0,Davidson,2022-06-12
3,30,3,27,0,Davidson,2022-06-26
4,40,3,37,0,Davidson,2022-02-17
4,30,7,23,0,Davidson,2022-04-26
4,47,23,24,0,Davidson,2022-05-10
4,16,1,15,0,Davidson,2022-05-14
4,69,25,44,0,Davidson,2022-05-26
4,44,9,35,0,Davidson,2022-06-09
4,33,6,27,0,Davidson,2022-07-10
5,48,7,41,0,Davidson,2022-02-18
5,18,4,14,0,Davidson,2022-04-27
5,28,9,19,0,Davidson,2022-05-05
5,48,13,35,0,Davidson,2022-05-27
5,44,9,35,0,Davidson,2022-06-03
5,46,12,34,0,Davidson,2022-06-14
5,47,8,39,0,Davidson,2022-06-15
5,50,10,40,0,Davidson,2022-06-21
6,49,10,39,0,Davidson,2022-02-16
6,55,10,45,0,Davidson,2022-05-12
6,74,26,48,0,Davidson,2022-05-16
6,30,7,23,0,Davidson,2022-05-22
6,20,2,18,0,Davidson,2022-06-25
7,38,9,29,0,Davidson,2022-05-09
7,46,9,37,0,Davidson,2022-05-18
7,46,17,29,0,Davidson,2022-05-19
7,54,18,36,0,Davidson,2022-05-20
7,37,6,31,0,Davidson,2022-05-30
7,67,18,49,0,Davidson,2022-06-13
7,44,6,38,0,Davidson,2022-06-24
8,67,17,50,0,Davidson,2022-05-23
8,34,1,33,0,Davidson,2022-05-28
8,69,18,51,0,Davidson,2022-06-08
8,57,12,45,0,Davidson,2022-07-07
8,52,10,42,0,Davidson,2022-07-08
8,64,18,46,0,Davidson,2022-07-15
9,68,15,53,0,Davidson,2022-05-24
9,53,16,37,0,Davidson,2022-06-20
9,40,4,36,0,Davidson,2022-07-02
9,50,11,39,0,Davidson,2022-07-12
9,66,21,45,0,Davidson,2022-07-13
9,36,5,31,0,Davidson,2022-07-16
10,66,14,52,0,Davidson,2022-06-01
10,46,16,30,0,Davidson,2022-06-23
10,65,20,45,0,Davidson,2022-06-27
10,48,9,39,0,Davidson,2022-06-30
11,54,13,41,0,Davidson,2022-07-01
11,57,11,46,0,Davidson,2022-07-05
12,161,19,142,0,Davidson,2022-02-03
12,80,19,61,0,Davidson,2022-06-06
14,89,28,61,0,Davidson,2022-07-11
16,66,16,50,0,Davidson,2022-07-14
23,253,40,213,0,Davidson,2022-01-28
53,556,44,512,0,Davidson,2022-01-18
56,574,59,515,0,Davidson,2022-01-19
,0,0,0,0,Davie,2022-03-05
,0,0,0,0,Davie,2022-03-06
,0,0,0,0,Davie,2022-03-10
,0,0,0,0,Davie,2022-03-20
,0,0,0,0,Davie,2022-04-04
,0,0,0,0,Davie,2022-04-05
0,30,4,26,0,Davie,2022-01-29
0,28,5,23,0,Davie,2022-02-11
0,21,4,17,0,Davie,2022-02-14
0,11,2,9,0,Davie,2022-02-16
0,7,2,5,0,Davie,2022-02-19
0,13,2,11,0,Davie,2022-02-22
0,9,1,8,0,Davie,2022-02-23
0,7,1,6,0,Davie,2022-02-24
0,6,0,6,0,Davie,2022-02-26
0,4,1,3,0,Davie,2022-02-27
0,5,1,4,0,Davie,2022-03-01
0,3,0,3,0,Davie,2022-03-02
0,4,2,2,0,Davie,2022-03-03
0,6,0,6,0,Davie,2022-03-04
0,2,0,2,0,Davie,2022-03-09
0,1,0,1,0,Davie,2022-03-11
0,1,0,1,0,Davie,2022-03-12
0,2,1,1,0,Davie,2022-03-13
0,1,0,1,0,Davie,2022-03-18
0,3,1,2,0,Davie,2022-03-22
0,1,1,0,0,Davie,2022-03-23
0,2,1,1,0,Davie,2022-03-25
0,1,0,1,0,Davie,2022-03-26
0,1,0,1,0,Davie,2022-03-27
0,3,0,3,0,Davie,2022-03-28
0,2,1,1,0,Davie,2022-03-30
0,1,1,0,0,Davie,2022-04-01
0,4,3,1,0,Davie,2022-04-02
0,2,1,1,0,Davie,2022-04-03
0,1,0,1,0,Davie,2022-04-06
0,3,1,2,0,Davie,2022-04-07
0,3,0,3,0,Davie,2022-04-08
0,2,0,2,0,Davie,2022-04-10
0,3,0,3,0,Davie,2022-04-13
0,3,2,1,0,Davie,2022-04-14
0,6,2,4,0,Davie,2022-04-15
0,2,1,1,0,Davie,2022-04-16
0,2,1,1,0,Davie,2022-04-17
0,6,3,3,0,Davie,2022-04-18
0,8,4,4,0,Davie,2022-04-19
0,6,3,3,0,Davie,2022-04-20
0,9,2,7,0,Davie,2022-04-22
0,5,3,2,0,Davie,2022-04-26
0,7,3,4,0,Davie,2022-04-27
0,4,0,4,0,Davie,2022-04-30
0,4,1,3,0,Davie,2022-05-01
0,11,5,6,0,Davie,2022-05-02
0,7,2,5,0,Davie,2022-05-04
0,5,1,4,0,Davie,2022-05-07
0,4,0,4,0,Davie,2022-05-08
0,22,6,16,0,Davie,2022-05-13
0,5,0,5,0,Davie,2022-05-14
0,11,4,7,0,Davie,2022-05-15
0,11,2,9,0,Davie,2022-05-20
0,11,1,10,0,Davie,2022-05-28
0,9,3,6,0,Davie,2022-06-02
0,3,1,2,0,Davie,2022-06-03
0,2,0,2,0,Davie,2022-06-04
0,4,0,4,0,Davie,2022-06-05
0,9,3,6,0,Davie,2022-06-25
0,8,1,7,0,Davie,2022-07-02
0,3,1,2,0,Davie,2022-07-03
0,6,0,6,0,Davie,2022-07-04
1,27,9,18,0,Davie,2022-01-23
1,26,7,19,0,Davie,2022-01-30
1,20,3,17,0,Davie,2022-02-10
1,6,0,6,0,Davie,2022-02-12
1,9,3,6,0,Davie,2022-02-20
1,6,4,2,0,Davie,2022-03-14
1,3,1,2,0,Davie,2022-03-15
1,6,1,5,0,Davie,2022-03-16
1,4,2,2,0,Davie,2022-03-21
1,4,3,1,0,Davie,2022-03-29
1,2,0,2,0,Davie,2022-04-09
1,3,1,2,0,Davie,2022-04-11
1,7,5,2,0,Davie,2022-04-29
1,11,6,5,0,Davie,2022-05-03
1,17,6,11,0,Davie,2022-05-06
1,26,11,15,0,Davie,2022-05-10
1,7,2,5,0,Davie,2022-05-21
1,23,10,13,0,Davie,2022-05-23
1,17,9,8,0,Davie,2022-05-24
1,15,6,9,0,Davie,2022-05-26
1,9,0,9,0,Davie,2022-05-29
1,8,1,7,0,Davie,2022-05-30
1,23,7,16,0,Davie,2022-06-01
1,17,6,11,0,Davie,2022-06-09
1,4,0,4,0,Davie,2022-06-11
1,13,3,10,0,Davie,2022-06-21
1,13,4,9,0,Davie,2022-06-28
1,14,6,8,0,Davie,2022-06-30
1,11,4,7,0,Davie,2022-07-08
1,11,1,10,0,Davie,2022-07-10
1,10,3,7,0,Davie,2022-07-15
1,9,3,6,0,Davie,2022-07-16
2,24,3,21,0,Davie,2022-02-06
2,34,8,26,0,Davie,2022-02-09
2,18,4,14,0,Davie,2022-02-17
2,13,1,12,0,Davie,2022-02-18
2,12,8,4,0,Davie,2022-02-28
2,5,2,3,0,Davie,2022-03-31
2,13,4,9,0,Davie,2022-04-25
2,11,3,8,0,Davie,2022-05-05
2,19,8,11,0,Davie,2022-05-11
2,15,9,6,0,Davie,2022-05-12
2,16,4,12,0,Davie,2022-05-16
2,21,6,15,0,Davie,2022-05-17
2,20,7,13,0,Davie,2022-05-19
2,10,3,7,0,Davie,2022-05-22
2,16,1,15,0,Davie,2022-05-27
2,25,6,19,0,Davie,2022-06-06
2,15,0,15,0,Davie,2022-06-08
2,8,1,7,0,Davie,2022-06-19
2,20,4,16,0,Davie,2022-06-22
2,18,10,8,0,Davie,2022-06-24
2,12,2,10,0,Davie,2022-07-12
3,35,7,28,0,Davie,2022-01-22
3,69,14,55,0,Davie,2022-01-26
3,69,15,54,0,Davie,2022-02-01
3,28,8,20,0,Davie,2022-05-18
3,15,1,14,0,Davie,2022-06-07
3,17,5,12,0,Davie,2022-06-10
3,13,1,12,0,Davie,2022-06-17
3,12,0,12,0,Davie,2022-06-18
3,32,10,22,0,Davie,2022-06-20
3,14,6,8,0,Davie,2022-06-23
3,19,6,13,0,Davie,2022-07-06
3,18,4,14,0,Davie,2022-07-13
3,16,4,12,0,Davie,2022-07-14
4,51,14,37,0,Davie,2022-02-03
4,23,7,16,0,Davie,2022-05-25
4,17,9,8,0,Davie,2022-06-12
4,19,8,11,0,Davie,2022-06-14
4,22,9,13,0,Davie,2022-06-15
4,27,6,21,0,Davie,2022-07-07
5,25,10,15,0,Davie,2022-05-09
5,24,10,14,0,Davie,2022-06-13
5,19,3,16,0,Davie,2022-07-01
5,26,11,15,0,Davie,2022-07-11
6,56,15,41,0,Davie,2022-02-07
6,35,8,27,0,Davie,2022-05-31
6,28,11,17,0,Davie,2022-06-16
7,105,19,86,0,Davie,2022-01-21
8,30,13,17,0,Davie,2022-07-05
10,133,26,107,0,Davie,2022-01-24
11,94,17,77,0,Davie,2022-01-25
11,33,16,17,0,Davie,2022-06-27
12,127,30,97,0,Davie,2022-01-18
14,161,35,126,0,Davie,2022-01-20
18,185,27,158,0,Davie,2022-01-19
,0,0,0,0,Duplin,2022-03-06
,0,0,0,0,Duplin,2022-03-12
,0,0,0,0,Duplin,2022-03-13
,0,0,0,0,Duplin,2022-03-19
,0,0,0,0,Duplin,2022-03-20
,0,0,0,0,Duplin,2022-03-21
,0,0,0,0,Duplin,2022-03-23
,0,0,0,0,Duplin,2022-03-26
,0,0,0,0,Duplin,2022-03-27
,0,0,0,0,Duplin,2022-03-31
,0,0,0,0,Duplin,2022-04-10
,0,0,0,0,Duplin,2022-04-11
,0,0,0,0,Duplin,2022-04-17
0,8,1,7,0,Duplin,2022-01-29
0,22,1,21,0,Duplin,2022-01-30
0,28,9,19,0,Duplin,2022-02-09
0,7,0,7,0,Duplin,2022-02-22
0,5,2,3,0,Duplin,2022-03-01
0,6,1,5,0,Duplin,2022-03-02
0,4,2,2,0,Duplin,2022-03-03
0,3,2,1,0,Duplin,2022-03-09
0,2,0,2,0,Duplin,2022-03-10
0,4,2,2,0,Duplin,2022-03-14
0,3,1,2,0,Duplin,2022-03-17
0,2,2,0,0,Duplin,2022-03-22
0,1,1,0,0,Duplin,2022-03-25
0,1,0,1,0,Duplin,2022-03-29
0,2,1,1,0,Duplin,2022-03-30
0,2,1,1,0,Duplin,2022-04-01
0,1,0,1,0,Duplin,2022-04-02
0,1,0,1,0,Duplin,2022-04-03
0,1,1,0,0,Duplin,2022-04-06
0,1,0,1,0,Duplin,2022-04-08
0,1,0,1,0,Duplin,2022-04-09
0,1,0,1,0,Duplin,2022-04-12
0,1,1,0,0,Duplin,2022-04-13
0,2,1,1,0,Duplin,2022-04-14
0,3,0,3,0,Duplin,2022-04-16
0,2,0,2,0,Duplin,2022-04-20
0,1,1,0,0,Duplin,2022-04-22
0,1,0,1,0,Duplin,2022-04-23
0,3,1,2,0,Duplin,2022-04-26
0,8,3,5,0,Duplin,2022-04-27
0,1,1,0,0,Duplin,2022-04-28
0,2,1,1,0,Duplin,2022-04-30
0,1,0,1,0,Duplin,2022-05-01
0,2,0,2,0,Duplin,2022-05-06
0,2,1,1,0,Duplin,2022-05-08
0,8,4,4,0,Duplin,2022-05-12
0,2,0,2,0,Duplin,2022-05-14
0,2,1,1,0,Duplin,2022-05-15
0,15,6,9,0,Duplin,2022-05-16
0,2,1,1,0,Duplin,2022-05-18
0,4,2,2,0,Duplin,2022-05-20
0,2,1,1,0,Duplin,2022-05-21
0,13,2,11,0,Duplin,2022-05-26
0,4,4,0,0,Duplin,2022-05-27
0,4,1,3,0,Duplin,2022-05-28
0,1,0,1,0,Duplin,2022-05-29
0,3,0,3,0,Duplin,2022-05-30
0,3,1,2,0,Duplin,2022-06-04
0,10,3,7,0,Duplin,2022-06-07
0,6,1,5,0,Duplin,2022-06-10
0,8,3,5,0,Duplin,2022-06-12
0,15,9,6,0,Duplin,2022-06-16
0,4,0,4,0,Duplin,2022-06-18
0,22,8,14,0,Duplin,2022-06-28
0,19,8,11,0,Duplin,2022-07-01
0,5,1,4,0,Duplin,2022-07-03
0,16,4,12,0,Duplin,2022-07-16
1,11,2,9,0,Duplin,2022-02-06
1,20,9,11,0,Duplin,2022-02-11
1,26,6,20,0,Duplin,2022-02-14
1,19,6,13,0,Duplin,2022-02-16
1,11,4,7,0,Duplin,2022-02-17
1,14,4,10,0,Duplin,2022-02-21
1,10,2,8,0,Duplin,2022-02-23
1,6,3,3,0,Duplin,2022-02-24
1,5,1,4,0,Duplin,2022-02-27
1,6,2,4,0,Duplin,2022-02-28
1,2,1,1,0,Duplin,2022-03-24
1,3,3,0,0,Duplin,2022-04-04
1,1,0,1,0,Duplin,2022-04-07
1,2,1,1,0,Duplin,2022-04-15
1,2,0,2,0,Duplin,2022-04-18
1,4,1,3,0,Duplin,2022-04-19
1,4,2,2,0,Duplin,2022-04-21
1,3,0,3,0,Duplin,2022-04-24
1,3,1,2,0,Duplin,2022-05-04
1,8,4,4,0,Duplin,2022-05-05
1,3,1,2,0,Duplin,2022-05-07
1,6,1,5,0,Duplin,2022-05-10
1,10,1,9,0,Duplin,2022-05-13
1,7,1,6,0,Duplin,2022-05-22
1,16,10,6,0,Duplin,2022-05-23
1,20,10,10,0,Duplin,2022-05-31
1,9,4,5,0,Duplin,2022-06-02
1,10,2,8,0,Duplin,2022-06-09
1,12,2,10,0,Duplin,2022-06-11
1,16,9,7,0,Duplin,2022-06-14
1,9,4,5,0,Duplin,2022-06-15
1,14,3,11,0,Duplin,2022-06-17
1,5,0,5,0,Duplin,2022-06-19
1,6,2,4,0,Duplin,2022-06-24
2,14,5,9,0,Duplin,2022-02-18
2,5,2,3,0,Duplin,2022-04-29
2,8,4,4,0,Duplin,2022-05-11
2,9,5,4,0,Duplin,2022-05-19
2,16,7,9,0,Duplin,2022-05-24
2,8,3,5,0,Duplin,2022-06-03
2,6,2,4,0,Duplin,2022-06-08
2,14,6,8,0,Duplin,2022-06-13
2,17,6,11,0,Duplin,2022-06-20
2,12,3,9,0,Duplin,2022-06-21
2,9,0,9,0,Duplin,2022-06-25
2,12,5,7,0,Duplin,2022-07-04
2,40,28,12,0,Duplin,2022-07-06
2,10,5,5,0,Duplin,2022-07-09
2,13,1,12,0,Duplin,2022-07-10
3,44,10,34,0,Duplin,2022-02-03
3,14,8,6,0,Duplin,2022-06-01
3,15,3,12,0,Duplin,2022-06-26
3,19,10,9,0,Duplin,2022-06-29
3,19,9,10,0,Duplin,2022-06-30
3,21,9,12,0,Duplin,2022-07-08
3,36,17,19,0,Duplin,2022-07-12
4,9,3,6,0,Duplin,2022-05-03
4,19,5,14,0,Duplin,2022-06-22
4,18,4,14,0,Duplin,2022-07-15
5,58,18,40,0,Duplin,2022-01-21
5,20,8,12,0,Duplin,2022-06-06
5,23,14,9,0,Duplin,2022-07-07
7,16,6,10,0,Duplin,2022-06-23
7,32,20,12,0,Duplin,2022-07-05
7,43,29,14,0,Duplin,2022-07-11
7,43,24,19,0,Duplin,2022-07-13
7,26,12,14,0,Duplin,2022-07-14
10,139,51,88,0,Duplin,2022-01-26
11,62,20,42,0,Duplin,2022-02-01
14,220,93,127,0,Duplin,2022-01-24
14,110,54,56,0,Duplin,2022-01-31
35,393,158,235,0,Duplin,2022-01-18
0,23,9,14,0,Durham,2022-02-26
0,39,4,35,0,Durham,2022-03-01
0,11,0,11,0,Durham,2022-03-06
0,18,0,18,0,Durham,2022-03-08
0,23,3,20,0,Durham,2022-03-10
0,19,2,17,0,Durham,2022-03-11
0,18,1,17,0,Durham,2022-03-12
0,12,2,10,0,Durham,2022-03-13
0,73,7,66,0,Durham,2022-03-14
0,12,4,8,0,Durham,2022-03-20
0,41,3,38,0,Durham,2022-04-09
1,46,1,45,0,Durham,2022-02-20
1,48,2,46,0,Durham,2022-03-02
1,28,1,27,0,Durham,2022-03-07
1,13,2,11,0,Durham,2022-03-27
1,32,3,29,0,Durham,2022-03-28
1,59,5,54,0,Durham,2022-04-04
2,45,7,38,0,Durham,2022-02-25
2,26,5,21,0,Durham,2022-03-04
2,47,4,43,0,Durham,2022-03-22
2,32,3,29,0,Durham,2022-03-30
2,32,1,31,0,Durham,2022-03-31
2,34,3,31,0,Durham,2022-04-01
2,31,6,25,0,Durham,2022-04-03
2,37,3,34,0,Durham,2022-04-17
3,44,1,43,0,Durham,2022-03-16
3,24,3,21,0,Durham,2022-03-24
3,24,0,24,0,Durham,2022-03-25
3,23,1,22,0,Durham,2022-04-02
3,30,1,29,0,Durham,2022-04-10
3,88,6,82,0,Durham,2022-04-11
4,75,4,71,0,Durham,2022-02-23
4,42,4,38,0,Durham,2022-02-28
4,37,11,26,0,Durham,2022-03-23
4,131,14,117,0,Durham,2022-04-20
4,82,2,80,0,Durham,2022-04-23
4,100,8,92,0,Durham,2022-05-08
4,82,11,71,0,Durham,2022-05-30
4,105,6,99,0,Durham,2022-06-25
5,44,0,44,0,Durham,2022-03-15
5,114,7,107,0,Durham,2022-04-12
5,54,3,51,0,Durham,2022-04-16
5,88,8,80,0,Durham,2022-04-24
5,153,7,146,0,Durham,2022-04-25
5,126,8,118,0,Durham,2022-05-14
5,130,8,122,0,Durham,2022-06-04
5,83,7,76,0,Durham,2022-07-10
5,105,3,102,0,Durham,2022-07-16
6,78,3,75,0,Durham,2022-04-08
6,133,6,127,0,Durham,2022-04-13
6,83,6,77,0,Durham,2022-04-30
6,93,6,87,0,Durham,2022-05-21
6,115,10,105,0,Durham,2022-05-22
7,80,20,60,0,Durham,2022-04-15
7,122,9,113,0,Durham,2022-04-22
7,116,4,112,0,Durham,2022-04-29
7,78,8,70,0,Durham,2022-05-01
7,158,10,148,0,Durham,2022-05-02
7,99,8,91,0,Durham,2022-05-07
7,150,12,138,0,Durham,2022-05-28
7,135,9,126,0,Durham,2022-05-29
7,94,11,83,0,Durham,2022-06-19
7,46,4,42,0,Durham,2022-07-04
8,138,11,127,0,Durham,2022-01-29
8,111,9,102,0,Durham,2022-02-17
8,43,3,40,0,Durham,2022-02-24
8,130,6,124,0,Durham,2022-04-28
8,188,14,174,0,Durham,2022-05-04
8,150,11,139,0,Durham,2022-05-06
8,211,32,179,0,Durham,2022-06-06
8,123,17,106,0,Durham,2022-06-11
8,159,18,141,0,Durham,2022-06-14
9,83,2,81,0,Durham,2022-06-12
9,117,7,110,0,Durham,2022-06-18
10,170,5,165,0,Durham,2022-01-22
10,205,17,188,0,Durham,2022-05-12
10,177,10,167,0,Durham,2022-05-20
10,201,25,176,0,Durham,2022-06-21
10,100,9,91,0,Durham,2022-07-02
11,235,7,228,0,Durham,2022-02-09
11,150,4,146,0,Durham,2022-04-19
11,150,8,142,0,Durham,2022-04-26
11,113,3,110,0,Durham,2022-05-15
11,110,13,97,0,Durham,2022-06-05
11,159,22,137,0,Durham,2022-06-09
11,109,4,105,0,Durham,2022-07-03
12,124,13,111,0,Durham,2022-02-14
12,155,8,147,0,Durham,2022-05-13
12,229,15,214,0,Durham,2022-05-17
12,107,5,102,0,Durham,2022-07-09
13,121,10,111,0,Durham,2022-04-21
13,169,4,165,0,Durham,2022-04-27
13,161,11,150,0,Durham,2022-06-10
13,155,11,144,0,Durham,2022-06-17
13,199,21,178,0,Durham,2022-06-22
14,164,8,156,0,Durham,2022-05-03
14,237,16,221,0,Durham,2022-05-25
14,190,17,173,0,Durham,2022-06-07
15,138,9,129,0,Durham,2022-02-10
15,193,16,177,0,Durham,2022-05-05
15,228,12,216,0,Durham,2022-05-11
15,198,23,175,0,Durham,2022-06-15
15,142,8,134,0,Durham,2022-06-24
15,186,21,165,0,Durham,2022-06-27
15,144,6,138,0,Durham,2022-07-08
16,237,13,224,0,Durham,2022-05-10
16,226,17,209,0,Durham,2022-05-24
16,148,12,136,0,Durham,2022-05-27
16,174,13,161,0,Durham,2022-06-08
16,191,15,176,0,Durham,2022-06-23
16,154,13,141,0,Durham,2022-06-30
16,200,12,188,0,Durham,2022-07-05
17,219,14,205,0,Durham,2022-05-09
17,238,12,226,0,Durham,2022-05-18
18,234,13,221,0,Durham,2022-05-16
18,220,17,203,0,Durham,2022-06-03
18,184,35,149,0,Durham,2022-06-13
18,201,11,190,0,Durham,2022-06-28
18,167,4,163,0,Durham,2022-07-01
18,176,9,167,0,Durham,2022-07-06
19,180,27,153,0,Durham,2022-06-16
20,234,17,217,0,Durham,2022-05-23
20,299,19,280,0,Durham,2022-06-01
20,167,32,135,0,Durham,2022-06-20
20,165,19,146,0,Durham,2022-07-07
20,184,11,173,0,Durham,2022-07-11
20,149,4,145,0,Durham,2022-07-13
21,199,9,190,0,Durham,2022-06-29
21,158,16,142,0,Durham,2022-07-14
21,146,10,136,0,Durham,2022-07-15
23,231,10,221,0,Durham,2022-06-02
23,174,9,165,0,Durham,2022-07-12
26,491,27,464,0,Durham,2022-01-27
38,345,32,313,0,Durham,2022-05-31
,0,0,0,0,Edgecombe,2022-03-06
,0,0,0,0,Edgecombe,2022-03-12
,0,0,0,0,Edgecombe,2022-03-20
,0,0,0,0,Edgecombe,2022-03-23
,0,0,0,0,Edgecombe,2022-03-26
,0,0,0,0,Edgecombe,2022-04-01
,0,0,0,0,Edgecombe,2022-04-02
,0,0,0,0,Edgecombe,2022-04-03
,0,0,0,0,Edgecombe,2022-04-04
,0,0,0,0,Edgecombe,2022-04-07
,0,0,0,0,Edgecombe,2022-04-10
,0,0,0,0,Edgecombe,2022-04-16
,0,0,0,0,Edgecombe,2022-04-20
0,15,1,14,0,Edgecombe,2022-01-30
0,11,0,11,0,Edgecombe,2022-02-05
0,2,0,2,0,Edgecombe,2022-02-12
0,7,1,6,0,Edgecombe,2022-02-13
0,11,0,11,0,Edgecombe,2022-02-17
0,6,2,4,0,Edgecombe,2022-02-19
0,3,1,2,0,Edgecombe,2022-02-20
0,8,0,8,0,Edgecombe,2022-02-22
0,1,0,1,0,Edgecombe,2022-02-27
0,9,6,3,0,Edgecombe,2022-02-28
0,9,1,8,0,Edgecombe,2022-03-02
0,5,0,5,0,Edgecombe,2022-03-03
0,5,3,2,0,Edgecombe,2022-03-04
0,1,0,1,0,Edgecombe,2022-03-05
0,2,0,2,0,Edgecombe,2022-03-08
0,1,0,1,0,Edgecombe,2022-03-10
0,1,0,1,0,Edgecombe,2022-03-11
0,1,0,1,0,Edgecombe,2022-03-13
0,3,1,2,0,Edgecombe,2022-03-16
0,3,1,2,0,Edgecombe,2022-03-17
0,3,1,2,0,Edgecombe,2022-03-18
0,1,0,1,0,Edgecombe,2022-03-19
0,1,0,1,0,Edgecombe,2022-03-22
0,1,0,1,0,Edgecombe,2022-03-25
0,1,0,1,0,Edgecombe,2022-03-27
0,1,0,1,0,Edgecombe,2022-03-29
0,2,0,2,0,Edgecombe,2022-03-30
0,2,0,2,0,Edgecombe,2022-03-31
0,1,0,1,0,Edgecombe,2022-04-06
0,1,0,1,0,Edgecombe,2022-04-08
0,3,0,3,0,Edgecombe,2022-04-12
0,1,0,1,0,Edgecombe,2022-04-13
0,6,6,0,0,Edgecombe,2022-04-14
0,1,1,0,0,Edgecombe,2022-04-17
0,2,0,2,0,Edgecombe,2022-04-21
0,7,1,6,0,Edgecombe,2022-04-22
0,2,0,2,0,Edgecombe,2022-04-23
0,5,1,4,0,Edgecombe,2022-04-25
0,5,1,4,0,Edgecombe,2022-04-26
0,5,3,2,0,Edgecombe,2022-04-28
0,1,1,0,0,Edgecombe,2022-04-29
0,3,0,3,0,Edgecombe,2022-04-30
0,1,1,0,0,Edgecombe,2022-05-01
0,4,1,3,0,Edgecombe,2022-05-06
0,2,0,2,0,Edgecombe,2022-05-07
0,2,0,2,0,Edgecombe,2022-05-08
0,5,1,4,0,Edgecombe,2022-05-14
0,5,3,2,0,Edgecombe,2022-05-15
0,8,0,8,0,Edgecombe,2022-05-17
0,10,0,10,0,Edgecombe,2022-05-20
0,15,4,11,0,Edgecombe,2022-06-05
0,9,1,8,0,Edgecombe,2022-06-12
0,4,2,2,0,Edgecombe,2022-06-19
0,9,0,9,0,Edgecombe,2022-06-24
1,17,1,16,0,Edgecombe,2022-01-22
1,27,4,23,0,Edgecombe,2022-01-23
1,11,0,11,0,Edgecombe,2022-01-29
1,25,1,24,0,Edgecombe,2022-02-09
1,17,1,16,0,Edgecombe,2022-02-10
1,13,1,12,0,Edgecombe,2022-02-16
1,4,0,4,0,Edgecombe,2022-02-23
1,4,0,4,0,Edgecombe,2022-02-26
1,4,0,4,0,Edgecombe,2022-03-01
1,3,1,2,0,Edgecombe,2022-03-09
1,5,0,5,0,Edgecombe,2022-03-15
1,6,4,2,0,Edgecombe,2022-03-21
1,2,1,1,0,Edgecombe,2022-03-24
1,2,2,0,0,Edgecombe,2022-03-28
1,2,0,2,0,Edgecombe,2022-04-05
1,2,0,2,0,Edgecombe,2022-04-09
1,3,3,0,0,Edgecombe,2022-04-11
1,4,0,4,0,Edgecombe,2022-04-19
1,2,0,2,0,Edgecombe,2022-04-24
1,7,3,4,0,Edgecombe,2022-05-03
1,7,2,5,0,Edgecombe,2022-05-04
1,1,0,1,0,Edgecombe,2022-05-05
1,8,0,8,0,Edgecombe,2022-05-10
1,15,4,11,0,Edgecombe,2022-05-12
1,11,2,9,0,Edgecombe,2022-05-22
1,14,0,14,0,Edgecombe,2022-05-24
1,7,1,6,0,Edgecombe,2022-05-28
1,12,1,11,0,Edgecombe,2022-05-30
1,13,2,11,0,Edgecombe,2022-06-03
1,20,3,17,0,Edgecombe,2022-06-07
1,12,1,11,0,Edgecombe,2022-06-16
1,8,2,6,0,Edgecombe,2022-07-03
1,11,0,11,0,Edgecombe,2022-07-10
2,14,0,14,0,Edgecombe,2022-02-15
2,9,1,8,0,Edgecombe,2022-02-18
2,8,5,3,0,Edgecombe,2022-02-24
2,11,8,3,0,Edgecombe,2022-03-14
2,5,2,3,0,Edgecombe,2022-04-18
2,12,1,11,0,Edgecombe,2022-05-09
2,9,2,7,0,Edgecombe,2022-05-11
2,16,0,16,0,Edgecombe,2022-05-16
2,10,1,9,0,Edgecombe,2022-05-18
2,19,1,18,0,Edgecombe,2022-05-23
2,20,3,17,0,Edgecombe,2022-05-25
2,13,1,12,0,Edgecombe,2022-05-29
2,14,1,13,0,Edgecombe,2022-06-23
2,11,1,10,0,Edgecombe,2022-06-25
2,11,2,9,0,Edgecombe,2022-06-26
2,15,1,14,0,Edgecombe,2022-07-01
2,8,0,8,0,Edgecombe,2022-07-02
2,29,4,25,0,Edgecombe,2022-07-05
2,10,0,10,0,Edgecombe,2022-07-06
2,18,2,16,0,Edgecombe,2022-07-08
2,16,0,16,0,Edgecombe,2022-07-16
3,29,2,27,0,Edgecombe,2022-02-04
3,13,1,12,0,Edgecombe,2022-02-11
3,11,1,10,0,Edgecombe,2022-06-04
3,19,1,18,0,Edgecombe,2022-06-08
3,12,2,10,0,Edgecombe,2022-06-10
3,15,6,9,0,Edgecombe,2022-06-20
3,21,4,17,0,Edgecombe,2022-06-22
3,27,5,22,0,Edgecombe,2022-06-28
3,17,4,13,0,Edgecombe,2022-06-29
3,10,2,8,0,Edgecombe,2022-07-04
4,17,1,16,0,Edgecombe,2022-01-21
4,63,4,59,0,Edgecombe,2022-01-26
4,67,0,67,0,Edgecombe,2022-01-27
4,16,3,13,0,Edgecombe,2022-05-19
4,12,2,10,0,Edgecombe,2022-05-26
4,27,5,22,0,Edgecombe,2022-05-31
4,31,6,25,0,Edgecombe,2022-06-02
4,29,8,21,0,Edgecombe,2022-06-09
4,10,2,8,0,Edgecombe,2022-06-11
4,10,2,8,0,Edgecombe,2022-06-18
5,11,0,11,0,Edgecombe,2022-05-13
5,14,3,11,0,Edgecombe,2022-05-27
5,17,0,17,0,Edgecombe,2022-06-21
5,18,1,17,0,Edgecombe,2022-06-30
5,24,0,24,0,Edgecombe,2022-07-09
6,27,2,25,0,Edgecombe,2022-06-01
6,15,4,11,0,Edgecombe,2022-06-13
6,17,2,15,0,Edgecombe,2022-06-14
6,26,10,16,0,Edgecombe,2022-06-27
7,56,2,54,0,Edgecombe,2022-01-31
7,46,2,44,0,Edgecombe,2022-02-02
7,33,7,26,0,Edgecombe,2022-07-12
8,20,2,18,0,Edgecombe,2022-06-06
8,33,3,30,0,Edgecombe,2022-07-14
8,40,2,38,0,Edgecombe,2022-07-15
9,46,2,44,0,Edgecombe,2022-07-11
9,32,7,25,0,Edgecombe,2022-07-13
10,29,2,27,0,Edgecombe,2022-07-07
11,118,3,115,0,Edgecombe,2022-01-20
13,124,7,117,0,Edgecombe,2022-01-24
25,150,6,144,0,Edgecombe,2022-01-19
0,18,1,17,0,Forsyth,2022-03-05
0,12,3,9,0,Forsyth,2022-03-13
0,8,5,3,0,Forsyth,2022-03-27
0,20,5,15,0,Forsyth,2022-03-28
0,7,1,6,0,Forsyth,2022-04-01
0,6,1,5,0,Forsyth,2022-04-03
1,10,1,9,0,Forsyth,2022-03-19
1,17,4,13,0,Forsyth,2022-03-22
1,9,2,7,0,Forsyth,2022-03-26
1,18,5,13,0,Forsyth,2022-04-10
1,33,8,25,0,Forsyth,2022-04-11
1,37,2,35,0,Forsyth,2022-04-13
1,22,5,17,0,Forsyth,2022-04-16
1,18,3,15,0,Forsyth,2022-04-17
2,15,3,12,0,Forsyth,2022-03-16
2,15,4,11,0,Forsyth,2022-03-18
2,13,3,10,0,Forsyth,2022-03-25
2,27,5,22,0,Forsyth,2022-03-31
2,39,9,30,0,Forsyth,2022-04-07
2,23,3,20,0,Forsyth,2022-04-08
2,34,5,29,0,Forsyth,2022-04-24
2,45,8,37,0,Forsyth,2022-05-01
3,27,3,24,0,Forsyth,2022-03-29
3,33,7,26,0,Forsyth,2022-04-05
3,19,3,16,0,Forsyth,2022-04-09
3,35,5,30,0,Forsyth,2022-04-15
3,55,5,50,0,Forsyth,2022-04-22
3,41,9,32,0,Forsyth,2022-04-23
3,56,11,45,0,Forsyth,2022-04-30
3,83,12,71,0,Forsyth,2022-05-22
3,75,8,67,0,Forsyth,2022-06-18
4,24,5,19,0,Forsyth,2022-04-06
4,55,14,41,0,Forsyth,2022-04-20
4,69,20,49,0,Forsyth,2022-04-21
4,77,24,53,0,Forsyth,2022-04-26
4,50,7,43,0,Forsyth,2022-06-19
5,62,5,57,0,Forsyth,2022-02-24
5,77,21,56,0,Forsyth,2022-04-19
5,71,12,59,0,Forsyth,2022-06-04
6,51,10,41,0,Forsyth,2022-04-14
6,56,9,47,0,Forsyth,2022-05-30
7,58,13,45,0,Forsyth,2022-04-18
7,60,15,45,0,Forsyth,2022-05-07
7,73,6,67,0,Forsyth,2022-06-05
7,77,11,66,0,Forsyth,2022-06-11
7,86,14,72,0,Forsyth,2022-07-03
8,80,14,66,0,Forsyth,2022-07-16
9,110,26,84,0,Forsyth,2022-04-27
9,86,19,67,0,Forsyth,2022-04-29
9,141,28,113,0,Forsyth,2022-05-12
9,87,5,82,0,Forsyth,2022-05-14
9,139,16,123,0,Forsyth,2022-06-15
10,126,29,97,0,Forsyth,2022-05-04
10,139,24,115,0,Forsyth,2022-05-11
10,167,36,131,0,Forsyth,2022-05-13
11,99,17,82,0,Forsyth,2022-05-29
11,82,12,70,0,Forsyth,2022-06-12
11,101,17,84,0,Forsyth,2022-06-17
12,112,26,86,0,Forsyth,2022-05-03
12,84,14,70,0,Forsyth,2022-05-15
12,71,4,67,0,Forsyth,2022-06-26
12,88,14,74,0,Forsyth,2022-07-10
13,141,29,112,0,Forsyth,2022-05-09
13,127,34,93,0,Forsyth,2022-06-09
13,118,22,96,0,Forsyth,2022-06-14
13,144,31,113,0,Forsyth,2022-06-20
13,107,21,86,0,Forsyth,2022-07-09
13,117,16,101,0,Forsyth,2022-07-15
14,203,36,167,0,Forsyth,2022-05-18
14,156,25,131,0,Forsyth,2022-07-12
15,124,23,101,0,Forsyth,2022-05-06
15,147,22,125,0,Forsyth,2022-05-10
15,148,33,115,0,Forsyth,2022-05-20
15,181,27,154,0,Forsyth,2022-05-27
16,183,22,161,0,Forsyth,2022-05-17
16,208,55,153,0,Forsyth,2022-05-23
17,178,42,136,0,Forsyth,2022-05-26
17,196,31,165,0,Forsyth,2022-06-01
17,140,24,116,0,Forsyth,2022-07-08
18,155,28,127,0,Forsyth,2022-06-03
18,127,15,112,0,Forsyth,2022-07-01
19,151,31,120,0,Forsyth,2022-06-08
20,187,34,153,0,Forsyth,2022-05-24
20,133,27,106,0,Forsyth,2022-06-10
20,141,23,118,0,Forsyth,2022-07-13
21,123,27,96,0,Forsyth,2022-07-14
23,180,31,149,0,Forsyth,2022-06-27
26,170,23,147,0,Forsyth,2022-07-11
28,179,34,145,0,Forsyth,2022-07-05
29,203,48,155,0,Forsyth,2022-06-06
29,165,41,124,0,Forsyth,2022-06-13
30,368,48,320,0,Forsyth,2022-02-02
30,166,32,134,0,Forsyth,2022-07-06
,0,0,0,0,Franklin,2022-03-12
,0,0,0,0,Franklin,2022-03-13
0,3,0,3,0,Franklin,2022-03-05
0,6,1,5,0,Franklin,2022-03-08
0,3,0,3,0,Franklin,2022-03-10
0,1,0,1,0,Franklin,2022-03-11
0,1,0,1,0,Franklin,2022-03-15
0,2,1,1,0,Franklin,2022-03-17
0,1,0,1,0,Franklin,2022-03-19
0,2,0,2,0,Franklin,2022-03-20
0,4,0,4,0,Franklin,2022-03-21
0,1,0,1,0,Franklin,2022-03-23
0,1,0,1,0,Franklin,2022-03-24
0,1,0,1,0,Franklin,2022-03-25
0,1,0,1,0,Franklin,2022-03-26
0,1,0,1,0,Franklin,2022-03-29
0,5,0,5,0,Franklin,2022-03-30
0,1,0,1,0,Franklin,2022-04-01
0,1,0,1,0,Franklin,2022-04-03
0,2,0,2,0,Franklin,2022-04-05
0,3,0,3,0,Franklin,2022-04-07
0,7,0,7,0,Franklin,2022-04-08
0,5,1,4,0,Franklin,2022-04-09
0,2,0,2,0,Franklin,2022-04-10
0,4,0,4,0,Franklin,2022-04-11
0,10,0,10,0,Franklin,2022-04-13
0,12,0,12,0,Franklin,2022-04-19
0,13,1,12,0,Franklin,2022-04-22
0,6,0,6,0,Franklin,2022-04-24
0,11,2,9,0,Franklin,2022-04-29
0,11,3,8,0,Franklin,2022-04-30
0,24,4,20,0,Franklin,2022-05-29
0,7,3,4,0,Franklin,2022-05-30
0,19,2,17,0,Franklin,2022-06-12
1,16,2,14,0,Franklin,2022-02-12
1,12,1,11,0,Franklin,2022-02-20
1,15,1,14,0,Franklin,2022-02-25
1,5,0,5,0,Franklin,2022-02-26
1,16,2,14,0,Franklin,2022-02-28
1,6,2,4,0,Franklin,2022-03-01
1,8,1,7,0,Franklin,2022-03-03
1,1,0,1,0,Franklin,2022-03-16
1,1,1,0,0,Franklin,2022-03-18
1,3,0,3,0,Franklin,2022-03-28
1,4,1,3,0,Franklin,2022-03-31
1,2,0,2,0,Franklin,2022-04-02
1,1,0,1,0,Franklin,2022-04-06
1,10,3,7,0,Franklin,2022-04-12
1,14,2,12,0,Franklin,2022-04-14
1,4,1,3,0,Franklin,2022-04-17
1,18,1,17,0,Franklin,2022-04-18
1,14,3,11,0,Franklin,2022-04-21
1,13,2,11,0,Franklin,2022-04-26
1,8,0,8,0,Franklin,2022-04-28
1,11,3,8,0,Franklin,2022-05-01
1,17,2,15,0,Franklin,2022-05-07
1,9,0,9,0,Franklin,2022-05-08
1,14,1,13,0,Franklin,2022-05-21
1,19,0,19,0,Franklin,2022-05-22
1,22,4,18,0,Franklin,2022-05-27
1,5,0,5,0,Franklin,2022-06-05
1,28,6,22,0,Franklin,2022-06-07
1,13,1,12,0,Franklin,2022-06-18
1,8,4,4,0,Franklin,2022-07-04
2,42,7,35,0,Franklin,2022-01-23
2,45,6,39,0,Franklin,2022-02-05
2,29,2,27,0,Franklin,2022-02-15
2,36,3,33,0,Franklin,2022-02-16
2,14,1,13,0,Franklin,2022-02-22
2,6,2,4,0,Franklin,2022-03-04
2,13,5,8,0,Franklin,2022-04-15
2,11,1,10,0,Franklin,2022-04-16
2,9,2,7,0,Franklin,2022-04-20
2,8,1,7,0,Franklin,2022-04-23
2,19,1,18,0,Franklin,2022-05-06
2,22,1,21,0,Franklin,2022-05-28
2,44,5,39,0,Franklin,2022-06-01
2,16,0,16,0,Franklin,2022-06-04
2,26,1,25,0,Franklin,2022-06-08
2,30,6,24,0,Franklin,2022-06-10
2,13,1,12,0,Franklin,2022-06-25
2,10,1,9,0,Franklin,2022-07-03
2,30,7,23,0,Franklin,2022-07-15
3,31,2,29,0,Franklin,2022-02-06
3,16,4,12,0,Franklin,2022-02-13
3,16,2,14,0,Franklin,2022-02-18
3,23,7,16,0,Franklin,2022-02-21
3,19,1,18,0,Franklin,2022-05-04
3,39,6,33,0,Franklin,2022-06-02
3,28,6,22,0,Franklin,2022-06-03
3,29,4,25,0,Franklin,2022-06-16
3,13,1,12,0,Franklin,2022-06-19
3,17,6,11,0,Franklin,2022-06-26
3,25,1,24,0,Franklin,2022-07-06
3,18,9,9,0,Franklin,2022-07-09
3,27,5,22,0,Franklin,2022-07-12
4,43,7,36,0,Franklin,2022-02-14
4,23,1,22,0,Franklin,2022-02-23
4,12,1,11,0,Franklin,2022-03-07
4,10,2,8,0,Franklin,2022-03-09
4,6,0,6,0,Franklin,2022-03-22
4,36,0,36,0,Franklin,2022-04-25
4,15,2,13,0,Franklin,2022-04-27
4,25,3,22,0,Franklin,2022-05-02
4,25,2,23,0,Franklin,2022-05-13
4,34,1,33,0,Franklin,2022-05-20
4,54,4,50,0,Franklin,2022-05-23
4,39,2,37,0,Franklin,2022-06-06
4,35,5,30,0,Franklin,2022-06-09
4,40,3,37,0,Franklin,2022-06-14
4,25,4,21,0,Franklin,2022-06-20
4,27,2,25,0,Franklin,2022-06-22
4,43,4,39,0,Franklin,2022-06-29
4,35,8,27,0,Franklin,2022-07-11
4,37,13,24,0,Franklin,2022-07-14
4,18,1,17,0,Franklin,2022-07-16
5,39,3,36,0,Franklin,2022-01-22
5,47,3,44,0,Franklin,2022-01-29
5,47,8,39,0,Franklin,2022-02-11
5,50,4,46,0,Franklin,2022-05-10
5,37,6,31,0,Franklin,2022-05-19
5,18,2,16,0,Franklin,2022-06-11
5,37,6,31,0,Franklin,2022-06-13
5,28,0,28,0,Franklin,2022-06-17
5,41,6,35,0,Franklin,2022-06-21
5,41,5,36,0,Franklin,2022-06-27
5,35,9,26,0,Franklin,2022-07-01
5,22,6,16,0,Franklin,2022-07-02
5,31,7,24,0,Franklin,2022-07-07
6,89,11,78,0,Franklin,2022-02-02
6,37,7,30,0,Franklin,2022-05-16
6,58,1,57,0,Franklin,2022-05-18
6,56,2,54,0,Franklin,2022-05-24
6,27,4,23,0,Franklin,2022-06-24
6,29,4,25,0,Franklin,2022-06-28
6,42,6,36,0,Franklin,2022-06-30
6,40,13,27,0,Franklin,2022-07-13
7,29,2,27,0,Franklin,2022-05-15
7,42,5,37,0,Franklin,2022-06-15
7,36,2,34,0,Franklin,2022-07-08
7,23,4,19,0,Franklin,2022-07-10
8,98,9,89,0,Franklin,2022-01-21
8,66,13,53,0,Franklin,2022-02-08
8,43,2,41,0,Franklin,2022-05-11
8,48,2,46,0,Franklin,2022-05-25
8,36,4,32,0,Franklin,2022-07-05
9,229,12,217,0,Franklin,2022-01-25
9,40,6,34,0,Franklin,2022-05-12
11,162,6,156,0,Franklin,2022-01-27
11,40,12,28,0,Franklin,2022-06-23
12,203,12,191,0,Franklin,2022-01-26
12,98,4,94,0,Franklin,2022-02-01
12,77,6,71,0,Franklin,2022-02-03
13,155,4,151,0,Franklin,2022-01-28
13,48,8,40,0,Franklin,2022-05-26
14,62,5,57,0,Franklin,2022-05-31
21,315,9,306,0,Franklin,2022-01-20
26,171,9,162,0,Franklin,2022-01-31
48,549,27,522,0,Franklin,2022-01-18
0,7,2,5,0,Gaston,2022-03-04
0,9,2,7,0,Gaston,2022-03-09
0,11,1,10,0,Gaston,2022-03-10
0,5,1,4,0,Gaston,2022-03-18
0,2,1,1,0,Gaston,2022-03-19
0,3,0,3,0,Gaston,2022-03-20
0,8,2,6,0,Gaston,2022-03-23
0,2,0,2,0,Gaston,2022-03-24
0,3,0,3,0,Gaston,2022-03-26
0,3,0,3,0,Gaston,2022-03-27
0,8,4,4,0,Gaston,2022-04-01
0,4,3,1,0,Gaston,2022-04-02
0,17,7,10,0,Gaston,2022-04-14
0,17,1,16,0,Gaston,2022-04-22
1,9,5,4,0,Gaston,2022-03-29
1,7,2,5,0,Gaston,2022-04-03
1,11,6,5,0,Gaston,2022-04-06
1,26,9,17,0,Gaston,2022-04-13
1,15,3,12,0,Gaston,2022-04-16
1,5,0,5,0,Gaston,2022-04-17
1,21,5,16,0,Gaston,2022-04-18
1,14,0,14,0,Gaston,2022-04-19
1,12,2,10,0,Gaston,2022-04-24
1,21,4,17,0,Gaston,2022-05-01
1,20,5,15,0,Gaston,2022-05-07
2,14,3,11,0,Gaston,2022-02-26
2,18,3,15,0,Gaston,2022-02-28
2,7,3,4,0,Gaston,2022-03-05
2,11,2,9,0,Gaston,2022-03-31
2,20,5,15,0,Gaston,2022-04-08
2,9,2,7,0,Gaston,2022-04-10
2,21,4,17,0,Gaston,2022-04-21
2,27,3,24,0,Gaston,2022-04-30
2,23,3,20,0,Gaston,2022-05-08
2,40,7,33,0,Gaston,2022-07-04
3,14,0,14,0,Gaston,2022-03-21
3,20,7,13,0,Gaston,2022-04-23
3,25,2,23,0,Gaston,2022-04-27
3,33,7,26,0,Gaston,2022-05-04
3,73,11,62,0,Gaston,2022-05-10
4,17,2,15,0,Gaston,2022-04-11
4,12,2,10,0,Gaston,2022-04-15
4,20,4,16,0,Gaston,2022-04-20
4,46,8,38,0,Gaston,2022-05-02
4,50,8,42,0,Gaston,2022-05-06
4,43,3,40,0,Gaston,2022-05-22
4,41,4,37,0,Gaston,2022-05-28
4,27,5,22,0,Gaston,2022-05-30
5,60,9,51,0,Gaston,2022-05-12
5,39,2,37,0,Gaston,2022-05-15
5,84,26,58,0,Gaston,2022-05-23
5,59,13,46,0,Gaston,2022-05-27
5,38,2,36,0,Gaston,2022-06-05
5,47,3,44,0,Gaston,2022-06-11
6,60,6,54,0,Gaston,2022-05-13
6,56,14,42,0,Gaston,2022-05-20
7,42,11,31,0,Gaston,2022-04-26
7,28,5,23,0,Gaston,2022-04-29
7,59,15,44,0,Gaston,2022-05-09
7,86,15,71,0,Gaston,2022-05-18
7,51,7,44,0,Gaston,2022-06-04
7,65,7,58,0,Gaston,2022-07-10
8,56,12,44,0,Gaston,2022-02-18
8,76,15,61,0,Gaston,2022-05-24
8,75,8,67,0,Gaston,2022-06-09
8,67,11,56,0,Gaston,2022-06-10
8,57,8,49,0,Gaston,2022-06-12
8,46,8,38,0,Gaston,2022-06-19
9,52,12,40,0,Gaston,2022-05-26
9,50,11,39,0,Gaston,2022-06-25
9,71,7,64,0,Gaston,2022-07-09
10,75,11,64,0,Gaston,2022-06-08
10,73,14,59,0,Gaston,2022-06-15
10,76,10,66,0,Gaston,2022-06-17
10,89,11,78,0,Gaston,2022-07-01
10,58,7,51,0,Gaston,2022-07-02
10,77,13,64,0,Gaston,2022-07-15
11,83,10,73,0,Gaston,2022-05-16
11,80,11,69,0,Gaston,2022-05-19
11,69,4,65,0,Gaston,2022-06-14
12,119,28,91,0,Gaston,2022-02-11
12,87,13,74,0,Gaston,2022-06-02
12,64,7,57,0,Gaston,2022-06-18
12,112,13,99,0,Gaston,2022-07-12
13,102,22,80,0,Gaston,2022-05-31
13,76,13,63,0,Gaston,2022-06-07
13,84,14,70,0,Gaston,2022-06-23
14,239,45,194,0,Gaston,2022-02-02
14,52,2,50,0,Gaston,2022-07-03
15,75,13,62,0,Gaston,2022-06-20
15,116,19,97,0,Gaston,2022-07-06
16,70,14,56,0,Gaston,2022-07-16
17,61,7,54,0,Gaston,2022-06-26
17,117,18,99,0,Gaston,2022-07-13
18,93,11,82,0,Gaston,2022-06-21
18,100,13,87,0,Gaston,2022-07-07
18,110,14,96,0,Gaston,2022-07-11
19,105,13,92,0,Gaston,2022-06-13
19,73,11,62,0,Gaston,2022-06-22
19,80,13,67,0,Gaston,2022-06-24
19,94,17,77,0,Gaston,2022-06-30
19,92,12,80,0,Gaston,2022-07-08
19,124,14,110,0,Gaston,2022-07-14
,0,0,0,0,Gates,2022-01-29
,0,0,0,0,Gates,2022-02-05
,0,0,0,0,Gates,2022-02-06
,0,0,0,0,Gates,2022-02-11
,0,0,0,0,Gates,2022-02-12
,0,0,0,0,Gates,2022-02-13
,0,0,0,0,Gates,2022-02-15
,0,0,0,0,Gates,2022-02-19
,0,0,0,0,Gates,2022-02-26
,0,0,0,0,Gates,2022-02-27
,0,0,0,0,Gates,2022-03-01
,0,0,0,0,Gates,2022-03-03
,0,0,0,0,Gates,2022-03-04
,0,0,0,0,Gates,2022-03-05
,0,0,0,0,Gates,2022-03-06
,0,0,0,0,Gates,2022-03-07
,0,0,0,0,Gates,2022-03-08
,0,0,0,0,Gates,2022-03-09
,0,0,0,0,Gates,2022-03-10
,0,0,0,0,Gates,2022-03-11
,0,0,0,0,Gates,2022-03-12
,0,0,0,0,Gates,2022-03-13
,0,0,0,0,Gates,2022-03-14
,0,0,0,0,Gates,2022-03-15
,0,0,0,0,Gates,2022-03-16
,0,0,0,0,Gates,2022-03-17
,0,0,0,0,Gates,2022-03-18
,0,0,0,0,Gates,2022-03-19
,0,0,0,0,Gates,2022-03-21
,0,0,0,0,Gates,2022-03-22
,0,0,0,0,Gates,2022-03-23
,0,0,0,0,Gates,2022-03-24
,0,0,0,0,Gates,2022-03-25
,0,0,0,0,Gates,2022-03-26
,0,0,0,0,Gates,2022-03-28
,0,0,0,0,Gates,2022-03-29
,0,0,0,0,Gates,2022-03-31
,0,0,0,0,Gates,2022-04-02
,0,0,0,0,Gates,2022-04-03
,0,0,0,0,Gates,2022-04-04
,0,0,0,0,Gates,2022-04-05
,0,0,0,0,Gates,2022-04-06
,0,0,0,0,Gates,2022-04-07
,0,0,0,0,Gates,2022-04-08
,0,0,0,0,Gates,2022-04-10
,0,0,0,0,Gates,2022-04-11
,0,0,0,0,Gates,2022-04-13
,0,0,0,0,Gates,2022-04-15
,0,0,0,0,Gates,2022-04-16
,0,0,0,0,Gates,2022-04-17
,0,0,0,0,Gates,2022-04-18
,0,0,0,0,Gates,2022-04-19
,0,0,0,0,Gates,2022-04-20
,0,0,0,0,Gates,2022-04-24
,0,0,0,0,Gates,2022-04-26
,0,0,0,0,Gates,2022-04-27
,0,0,0,0,Gates,2022-04-28
,0,0,0,0,Gates,2022-04-29
,0,0,0,0,Gates,2022-05-01
,0,0,0,0,Gates,2022-05-08
,0,0,0,0,Gates,2022-05-09
,0,0,0,0,Gates,2022-05-13
,0,0,0,0,Gates,2022-05-27
,0,0,0,0,Gates,2022-05-29
,0,0,0,0,Gates,2022-06-05
,0,0,0,0,Gates,2022-06-16
,0,0,0,0,Gates,2022-06-18
,0,0,0,0,Gates,2022-06-25
,0,0,0,0,Gates,2022-06-29
,0,0,0,0,Gates,2022-07-03
,0,0,0,0,Gates,2022-07-04
,0,0,0,0,Gates,2022-07-16
0,46,8,38,0,Gates,2022-01-18
0,9,2,7,0,Gates,2022-01-21
0,6,2,4,0,Gates,2022-01-23
0,21,4,17,0,Gates,2022-01-24
0,14,1,13,0,Gates,2022-01-26
0,7,0,7,0,Gates,2022-01-27
0,4,0,4,0,Gates,2022-01-28
0,2,0,2,0,Gates,2022-01-30
0,8,1,7,0,Gates,2022-02-01
0,5,2,3,0,Gates,2022-02-03
0,8,2,6,0,Gates,2022-02-04
0,1,0,1,0,Gates,2022-02-07
0,3,1,2,0,Gates,2022-02-08
0,1,1,0,0,Gates,2022-02-09
0,1,0,1,0,Gates,2022-02-10
0,3,3,0,0,Gates,2022-02-14
0,1,0,1,0,Gates,2022-02-16
0,2,0,2,0,Gates,2022-02-17
0,3,0,3,0,Gates,2022-02-18
0,2,0,2,0,Gates,2022-02-20
0,4,0,4,0,Gates,2022-02-21
0,1,0,1,0,Gates,2022-02-22
0,1,0,1,0,Gates,2022-02-23
0,1,0,1,0,Gates,2022-02-24
0,1,0,1,0,Gates,2022-02-25
0,2,0,2,0,Gates,2022-02-28
0,1,0,1,0,Gates,2022-03-02
0,1,1,0,0,Gates,2022-03-20
0,1,0,1,0,Gates,2022-03-27
0,1,0,1,0,Gates,2022-03-30
0,1,1,0,0,Gates,2022-04-01
0,1,0,1,0,Gates,2022-04-09
0,1,0,1,0,Gates,2022-04-12
0,1,1,0,0,Gates,2022-04-14
0,1,0,1,0,Gates,2022-04-21
0,1,0,1,0,Gates,2022-04-22
0,1,1,0,0,Gates,2022-04-23
0,1,0,1,0,Gates,2022-04-30
0,2,1,1,0,Gates,2022-05-03
0,1,0,1,0,Gates,2022-05-04
0,1,0,1,0,Gates,2022-05-06
0,2,2,0,0,Gates,2022-05-07
0,3,0,3,0,Gates,2022-05-10
0,3,1,2,0,Gates,2022-05-11
0,1,0,1,0,Gates,2022-05-12
0,3,1,2,0,Gates,2022-05-14
0,1,1,0,0,Gates,2022-05-15
0,3,1,2,0,Gates,2022-05-16
0,3,0,3,0,Gates,2022-05-18
0,3,1,2,0,Gates,2022-05-19
0,3,1,2,0,Gates,2022-05-20
0,1,0,1,0,Gates,2022-05-21
0,1,0,1,0,Gates,2022-05-22
0,3,0,3,0,Gates,2022-05-23
0,1,1,0,0,Gates,2022-05-26
0,1,1,0,0,Gates,2022-05-28
0,2,1,1,0,Gates,2022-05-30
0,5,4,1,0,Gates,2022-06-01
0,4,1,3,0,Gates,2022-06-02
0,3,3,0,0,Gates,2022-06-03
0,1,1,0,0,Gates,2022-06-06
0,2,1,1,0,Gates,2022-06-07
0,3,0,3,0,Gates,2022-06-08
0,6,1,5,0,Gates,2022-06-13
0,1,0,1,0,Gates,2022-06-17
0,1,0,1,0,Gates,2022-06-19
0,2,0,2,0,Gates,2022-06-20
0,6,3,3,0,Gates,2022-06-21
0,2,0,2,0,Gates,2022-06-22
0,1,1,0,0,Gates,2022-06-24
0,1,0,1,0,Gates,2022-06-26
0,2,1,1,0,Gates,2022-06-30
0,3,1,2,0,Gates,2022-07-01
0,1,0,1,0,Gates,2022-07-02
0,2,1,1,0,Gates,2022-07-07
0,2,2,0,0,Gates,2022-07-08
0,2,0,2,0,Gates,2022-07-10
0,4,3,1,0,Gates,2022-07-12
0,2,0,2,0,Gates,2022-07-13
0,5,4,1,0,Gates,2022-07-14
0,1,0,1,0,Gates,2022-07-15
1,23,6,17,0,Gates,2022-01-20
1,6,2,4,0,Gates,2022-01-22
1,37,10,27,0,Gates,2022-01-25
1,3,0,3,0,Gates,2022-05-02
1,2,1,1,0,Gates,2022-05-24
1,2,2,0,0,Gates,2022-06-04
1,2,2,0,0,Gates,2022-06-09
1,4,3,1,0,Gates,2022-06-10
1,2,1,1,0,Gates,2022-06-11
1,4,0,4,0,Gates,2022-06-12
1,2,0,2,0,Gates,2022-06-15
1,1,1,0,0,Gates,2022-06-23
1,2,1,1,0,Gates,2022-06-27
1,2,2,0,0,Gates,2022-07-06
1,2,0,2,0,Gates,2022-07-09
1,5,4,1,0,Gates,2022-07-11
2,22,3,19,0,Gates,2022-01-19
2,12,2,10,0,Gates,2022-01-31
2,6,0,6,0,Gates,2022-02-02
2,5,2,3,0,Gates,2022-06-14
3,6,4,2,0,Gates,2022-07-05
,0,0,0,0,Graham,2022-02-19
,0,0,0,0,Graham,2022-02-25
,0,0,0,0,Graham,2022-02-26
,0,0,0,0,Graham,2022-02-27
,0,0,0,0,Graham,2022-03-05
,0,0,0,0,Graham,2022-03-06
,0,0,0,0,Graham,2022-03-08
,0,0,0,0,Graham,2022-03-09
,0,0,0,0,Graham,2022-03-10
,0,0,0,0,Graham,2022-03-11
,0,0,0,0,Graham,2022-03-12
,0,0,0,0,Graham,2022-03-13
,0,0,0,0,Graham,2022-03-14
,0,0,0,0,Graham,2022-03-15
,0,0,0,0,Graham,2022-03-17
,0,0,0,0,Graham,2022-03-18
,0,0,0,0,Graham,2022-03-19
,0,0,0,0,Graham,2022-03-20
,0,0,0,0,Graham,2022-03-21
,0,0,0,0,Graham,2022-03-22
,0,0,0,0,Graham,2022-03-23
,0,0,0,0,Graham,2022-03-25
,0,0,0,0,Graham,2022-03-26
,0,0,0,0,Graham,2022-03-30
,0,0,0,0,Graham,2022-03-31
,0,0,0,0,Graham,2022-04-01
,0,0,0,0,Graham,2022-04-02
,0,0,0,0,Graham,2022-04-03
,0,0,0,0,Graham,2022-04-04
,0,0,0,0,Graham,2022-04-05
,0,0,0,0,Graham,2022-04-06
,0,0,0,0,Graham,2022-04-08
,0,0,0,0,Graham,2022-04-09
,0,0,0,0,Graham,2022-04-10
,0,0,0,0,Graham,2022-04-13
,0,0,0,0,Graham,2022-04-14
,0,0,0,0,Graham,2022-04-15
,0,0,0,0,Graham,2022-04-16
,0,0,0,0,Graham,2022-04-17
,0,0,0,0,Graham,2022-04-20
,0,0,0,0,Graham,2022-04-21
,0,0,0,0,Graham,2022-04-24
,0,0,0,0,Graham,2022-04-26
,0,0,0,0,Graham,2022-04-27
,0,0,0,0,Graham,2022-04-28
,0,0,0,0,Graham,2022-04-30
,0,0,0,0,Graham,2022-05-01
,0,0,0,0,Graham,2022-05-03
,0,0,0,0,Graham,2022-05-04
,0,0,0,0,Graham,2022-05-05
,0,0,0,0,Graham,2022-05-06
,0,0,0,0,Graham,2022-05-07
,0,0,0,0,Graham,2022-05-14
,0,0,0,0,Graham,2022-05-15
,0,0,0,0,Graham,2022-05-16
,0,0,0,0,Graham,2022-05-17
,0,0,0,0,Graham,2022-05-21
,0,0,0,0,Graham,2022-05-22
,0,0,0,0,Graham,2022-05-23
,0,0,0,0,Graham,2022-05-27
,0,0,0,0,Graham,2022-05-29
,0,0,0,0,Graham,2022-06-03
,0,0,0,0,Graham,2022-06-04
,0,0,0,0,Graham,2022-06-12
,0,0,0,0,Graham,2022-06-19
,0,0,0,0,Graham,2022-06-22
,0,0,0,0,Graham,2022-06-24
0,19,10,9,0,Graham,2022-01-26
0,23,15,8,0,Graham,2022-01-28
0,4,0,4,0,Graham,2022-01-29
0,18,13,5,0,Graham,2022-02-01
0,5,1,4,0,Graham,2022-02-05
0,2,2,0,0,Graham,2022-02-06
0,4,3,1,0,Graham,2022-02-08
0,13,8,5,0,Graham,2022-02-09
0,3,3,0,0,Graham,2022-02-10
0,2,0,2,0,Graham,2022-02-12
0,1,0,1,0,Graham,2022-02-13
0,5,3,2,0,Graham,2022-02-17
0,2,2,0,0,Graham,2022-02-18
0,1,0,1,0,Graham,2022-02-20
0,2,2,0,0,Graham,2022-02-21
0,2,2,0,0,Graham,2022-02-22
0,3,2,1,0,Graham,2022-02-28
0,1,1,0,0,Graham,2022-03-01
0,1,1,0,0,Graham,2022-03-02
0,2,1,1,0,Graham,2022-03-03
0,1,1,0,0,Graham,2022-03-04
0,3,1,2,0,Graham,2022-03-07
0,1,0,1,0,Graham,2022-03-16
0,1,1,0,0,Graham,2022-03-27
0,1,0,1,0,Graham,2022-03-28
0,1,0,1,0,Graham,2022-03-29
0,1,0,1,0,Graham,2022-04-07
0,1,0,1,0,Graham,2022-04-11
0,1,0,1,0,Graham,2022-04-12
0,2,1,1,0,Graham,2022-04-19
0,1,1,0,0,Graham,2022-04-22
0,1,0,1,0,Graham,2022-04-23
0,3,1,2,0,Graham,2022-04-25
0,2,1,1,0,Graham,2022-04-29
0,1,1,0,0,Graham,2022-05-02
0,1,0,1,0,Graham,2022-05-08
0,1,1,0,0,Graham,2022-05-10
0,3,2,1,0,Graham,2022-05-11
0,2,2,0,0,Graham,2022-05-12
0,1,1,0,0,Graham,2022-05-13
0,2,2,0,0,Graham,2022-05-18
0,1,1,0,0,Graham,2022-05-19
0,2,1,1,0,Graham,2022-05-20
0,1,1,0,0,Graham,2022-05-26
0,1,0,1,0,Graham,2022-05-28
0,2,1,1,0,Graham,2022-05-30
0,1,1,0,0,Graham,2022-05-31
0,1,1,0,0,Graham,2022-06-01
0,2,2,0,0,Graham,2022-06-05
0,3,2,1,0,Graham,2022-06-06
0,1,0,1,0,Graham,2022-06-07
0,1,1,0,0,Graham,2022-06-08
0,4,4,0,0,Graham,2022-06-09
0,1,1,0,0,Graham,2022-06-13
0,2,2,0,0,Graham,2022-06-15
0,3,0,3,0,Graham,2022-06-17
0,1,0,1,0,Graham,2022-06-18
0,1,1,0,0,Graham,2022-06-21
0,2,1,1,0,Graham,2022-06-23
0,1,1,0,0,Graham,2022-06-25
0,2,2,0,0,Graham,2022-06-26
0,1,0,1,0,Graham,2022-06-28
0,8,2,6,0,Graham,2022-06-29
0,4,1,3,0,Graham,2022-06-30
0,7,5,2,0,Graham,2022-07-01
0,9,0,9,0,Graham,2022-07-07
0,6,3,3,0,Graham,2022-07-08
0,3,0,3,0,Graham,2022-07-10
0,5,2,3,0,Graham,2022-07-11
0,3,3,0,0,Graham,2022-07-12
0,2,1,1,0,Graham,2022-07-15
0,2,1,1,0,Graham,2022-07-16
1,12,3,9,0,Graham,2022-01-22
1,9,7,2,0,Graham,2022-01-23
1,8,7,1,0,Graham,2022-02-04
1,12,11,1,0,Graham,2022-02-07
1,3,2,1,0,Graham,2022-02-11
1,8,4,4,0,Graham,2022-02-14
1,5,5,0,0,Graham,2022-02-16
1,3,2,1,0,Graham,2022-02-23
1,2,2,0,0,Graham,2022-02-24
1,5,5,0,0,Graham,2022-04-18
1,4,2,2,0,Graham,2022-05-09
1,2,2,0,0,Graham,2022-05-24
1,2,2,0,0,Graham,2022-06-02
1,1,0,1,0,Graham,2022-06-11
1,1,1,0,0,Graham,2022-06-14
1,2,1,1,0,Graham,2022-06-16
1,2,2,0,0,Graham,2022-06-20
1,3,1,2,0,Graham,2022-06-27
1,3,0,3,0,Graham,2022-07-02
1,11,0,11,0,Graham,2022-07-04
1,9,0,9,0,Graham,2022-07-06
1,3,0,3,0,Graham,2022-07-09
1,7,3,4,0,Graham,2022-07-14
2,39,22,17,0,Graham,2022-01-19
2,29,15,14,0,Graham,2022-01-25
2,10,7,3,0,Graham,2022-01-30
2,7,4,3,0,Graham,2022-02-15
2,3,1,2,0,Graham,2022-06-10
2,3,0,3,0,Graham,2022-07-03
2,9,2,7,0,Graham,2022-07-05
3,34,18,16,0,Graham,2022-01-20
3,17,9,8,0,Graham,2022-01-27
3,30,22,8,0,Graham,2022-01-31
3,10,8,2,0,Graham,2022-02-03
3,7,4,3,0,Graham,2022-07-13
4,37,25,12,0,Graham,2022-01-18
4,32,22,10,0,Graham,2022-01-21
4,52,16,36,0,Graham,2022-01-24
8,26,19,7,0,Graham,2022-02-02
,0,0,0,0,Granville,2022-03-12
,0,0,0,0,Granville,2022-03-19
,0,0,0,0,Granville,2022-03-20
,0,0,0,0,Granville,2022-03-27
,0,0,0,0,Granville,2022-03-30
,0,0,0,0,Granville,2022-04-03
0,24,3,21,0,Granville,2022-02-06
0,13,1,12,0,Granville,2022-02-18
0,9,0,9,0,Granville,2022-02-19
0,4,0,4,0,Granville,2022-02-20
0,10,2,8,0,Granville,2022-02-22
0,9,3,6,0,Granville,2022-02-23
0,11,2,9,0,Granville,2022-02-24
0,3,0,3,0,Granville,2022-02-25
0,3,0,3,0,Granville,2022-02-27
0,3,0,3,0,Granville,2022-03-04
0,2,1,1,0,Granville,2022-03-05
0,6,0,6,0,Granville,2022-03-07
0,5,2,3,0,Granville,2022-03-09
0,2,0,2,0,Granville,2022-03-10
0,2,2,0,0,Granville,2022-03-11
0,2,1,1,0,Granville,2022-03-13
0,3,0,3,0,Granville,2022-03-14
0,3,0,3,0,Granville,2022-03-15
0,1,0,1,0,Granville,2022-03-16
0,1,0,1,0,Granville,2022-03-17
0,3,0,3,0,Granville,2022-03-18
0,2,1,1,0,Granville,2022-03-22
0,1,0,1,0,Granville,2022-03-26
0,1,0,1,0,Granville,2022-03-28
0,2,0,2,0,Granville,2022-03-29
0,1,0,1,0,Granville,2022-04-01
0,1,1,0,0,Granville,2022-04-02
0,4,3,1,0,Granville,2022-04-05
0,4,1,3,0,Granville,2022-04-06
0,5,2,3,0,Granville,2022-04-08
0,3,2,1,0,Granville,2022-04-10
0,10,2,8,0,Granville,2022-04-14
0,3,0,3,0,Granville,2022-04-15
0,10,0,10,0,Granville,2022-04-16
0,4,0,4,0,Granville,2022-04-17
0,9,2,7,0,Granville,2022-04-20
0,6,0,6,0,Granville,2022-04-22
0,5,1,4,0,Granville,2022-04-23
0,5,1,4,0,Granville,2022-04-24
0,13,6,7,0,Granville,2022-04-25
0,8,0,8,0,Granville,2022-04-30
0,5,2,3,0,Granville,2022-05-01
0,5,0,5,0,Granville,2022-05-06
0,9,0,9,0,Granville,2022-05-07
0,7,1,6,0,Granville,2022-05-08
0,16,1,15,0,Granville,2022-05-10
0,25,7,18,0,Granville,2022-05-13
0,15,2,13,0,Granville,2022-05-14
0,33,10,23,0,Granville,2022-05-25
0,10,3,7,0,Granville,2022-05-30
0,33,3,30,0,Granville,2022-06-01
0,4,0,4,0,Granville,2022-06-04
0,15,2,13,0,Granville,2022-07-02
1,35,1,34,0,Granville,2022-01-29
1,27,5,22,0,Granville,2022-02-11
1,12,3,9,0,Granville,2022-02-12
1,13,0,13,0,Granville,2022-02-13
1,5,0,5,0,Granville,2022-02-26
1,8,0,8,0,Granville,2022-03-02
1,3,1,2,0,Granville,2022-03-21
1,3,0,3,0,Granville,2022-03-25
1,2,0,2,0,Granville,2022-03-31
1,3,1,2,0,Granville,2022-04-04
1,7,2,5,0,Granville,2022-04-07
1,3,0,3,0,Granville,2022-04-09
1,6,2,4,0,Granville,2022-04-13
1,5,1,4,0,Granville,2022-04-18
1,7,2,5,0,Granville,2022-04-19
1,14,3,11,0,Granville,2022-04-26
1,12,5,7,0,Granville,2022-04-27
1,12,3,9,0,Granville,2022-04-28
1,21,4,17,0,Granville,2022-05-19
1,24,7,17,0,Granville,2022-05-20
1,10,5,5,0,Granville,2022-05-28
1,12,3,9,0,Granville,2022-05-29
1,11,1,10,0,Granville,2022-06-12
1,17,1,16,0,Granville,2022-06-15
1,8,1,7,0,Granville,2022-06-19
1,11,5,6,0,Granville,2022-06-26
1,7,0,7,0,Granville,2022-07-16
2,42,3,39,0,Granville,2022-01-22
2,56,7,49,0,Granville,2022-01-23
2,47,4,43,0,Granville,2022-02-04
2,11,2,9,0,Granville,2022-02-28
2,14,3,11,0,Granville,2022-03-01
2,10,5,5,0,Granville,2022-03-08
2,8,2,6,0,Granville,2022-04-11
2,25,7,18,0,Granville,2022-05-12
2,37,17,20,0,Granville,2022-05-17
2,15,3,12,0,Granville,2022-05-21
2,20,5,15,0,Granville,2022-05-22
2,48,17,31,0,Granville,2022-05-23
2,21,3,18,0,Granville,2022-06-03
2,21,2,19,0,Granville,2022-06-07
2,26,7,19,0,Granville,2022-06-09
2,29,8,21,0,Granville,2022-06-10
2,15,1,14,0,Granville,2022-06-18
2,27,9,18,0,Granville,2022-06-23
2,22,10,12,0,Granville,2022-06-28
2,24,10,14,0,Granville,2022-06-30
2,25,6,19,0,Granville,2022-07-01
3,61,5,56,0,Granville,2022-01-21
3,18,3,15,0,Granville,2022-02-15
3,19,7,12,0,Granville,2022-02-16
3,22,10,12,0,Granville,2022-02-21
3,10,4,6,0,Granville,2022-04-21
3,17,2,15,0,Granville,2022-05-04
3,23,8,15,0,Granville,2022-05-05
3,21,2,19,0,Granville,2022-05-09
3,21,3,18,0,Granville,2022-05-11
3,32,8,24,0,Granville,2022-05-18
3,29,5,24,0,Granville,2022-05-26
3,15,7,8,0,Granville,2022-05-27
3,27,7,20,0,Granville,2022-06-08
3,14,5,9,0,Granville,2022-06-11
3,32,12,20,0,Granville,2022-06-13
3,17,3,14,0,Granville,2022-06-17
3,11,5,6,0,Granville,2022-06-20
3,32,13,19,0,Granville,2022-06-21
3,25,6,19,0,Granville,2022-06-24
3,7,3,4,0,Granville,2022-07-09
3,31,6,25,0,Granville,2022-07-13
4,36,3,33,0,Granville,2022-02-05
4,20,5,15,0,Granville,2022-02-17
4,25,6,19,0,Granville,2022-05-24
4,22,3,19,0,Granville,2022-06-25
4,19,5,14,0,Granville,2022-07-03
4,13,4,9,0,Granville,2022-07-04
4,20,6,14,0,Granville,2022-07-10
4,36,6,30,0,Granville,2022-07-14
4,28,12,16,0,Granville,2022-07-15
5,88,6,82,0,Granville,2022-01-26
5,82,8,74,0,Granville,2022-01-27
5,26,3,23,0,Granville,2022-02-10
5,36,13,23,0,Granville,2022-05-16
5,31,6,25,0,Granville,2022-06-16
5,29,7,22,0,Granville,2022-06-22
5,32,8,24,0,Granville,2022-06-27
5,53,23,30,0,Granville,2022-07-05
5,33,13,20,0,Granville,2022-07-08
5,45,8,37,0,Granville,2022-07-11
6,67,2,65,0,Granville,2022-02-01
6,51,15,36,0,Granville,2022-02-07
6,43,10,33,0,Granville,2022-06-06
6,23,3,20,0,Granville,2022-06-14
6,47,9,38,0,Granville,2022-07-07
6,29,11,18,0,Granville,2022-07-12
7,51,14,37,0,Granville,2022-02-08
7,52,16,36,0,Granville,2022-07-06
8,89,3,86,0,Granville,2022-01-31
8,61,11,50,0,Granville,2022-02-02
8,62,10,52,0,Granville,2022-02-09
10,78,4,74,0,Granville,2022-01-28
11,160,12,148,0,Granville,2022-01-20
12,191,19,172,0,Granville,2022-01-19
15,186,9,177,0,Granville,2022-01-24
,0,0,0,0,Greene,2022-02-19
,0,0,0,0,Greene,2022-03-02
,0,0,0,0,Greene,2022-03-05
,0,0,0,0,Greene,2022-03-06
,0,0,0,0,Greene,2022-03-09
,0,0,0,0,Greene,2022-03-10
,0,0,0,0,Greene,2022-03-11
,0,0,0,0,Greene,2022-03-12
,0,0,0,0,Greene,2022-03-13
,0,0,0,0,Greene,2022-03-14
,0,0,0,0,Greene,2022-03-16
,0,0,0,0,Greene,2022-03-17
,0,0,0,0,Greene,2022-03-18
,0,0,0,0,Greene,2022-03-19
,0,0,0,0,Greene,2022-03-20
,0,0,0,0,Greene,2022-03-21
,0,0,0,0,Greene,2022-03-22
,0,0,0,0,Greene,2022-03-24
,0,0,0,0,Greene,2022-03-25
,0,0,0,0,Greene,2022-03-26
,0,0,0,0,Greene,2022-03-27
,0,0,0,0,Greene,2022-03-28
,0,0,0,0,Greene,2022-03-29
,0,0,0,0,Greene,2022-03-31
,0,0,0,0,Greene,2022-04-01
,0,0,0,0,Greene,2022-04-02
,0,0,0,0,Greene,2022-04-03
,0,0,0,0,Greene,2022-04-04
,0,0,0,0,Greene,2022-04-06
,0,0,0,0,Greene,2022-04-07
,0,0,0,0,Greene,2022-04-08
,0,0,0,0,Greene,2022-04-09
,0,0,0,0,Greene,2022-04-10
,0,0,0,0,Greene,2022-04-11
,0,0,0,0,Greene,2022-04-12
,0,0,0,0,Greene,2022-04-13
,0,0,0,0,Greene,2022-04-15
,0,0,0,0,Greene,2022-04-16
,0,0,0,0,Greene,2022-04-17
,0,0,0,0,Greene,2022-04-20
,0,0,0,0,Greene,2022-04-21
,0,0,0,0,Greene,2022-04-22
,0,0,0,0,Greene,2022-04-23
,0,0,0,0,Greene,2022-04-26
,0,0,0,0,Greene,2022-04-27
,0,0,0,0,Greene,2022-04-30
,0,0,0,0,Greene,2022-05-02
,0,0,0,0,Greene,2022-05-08
,0,0,0,0,Greene,2022-05-14
,0,0,0,0,Greene,2022-05-29
,0,0,0,0,Greene,2022-06-25
,0,0,0,0,Greene,2022-06-26
,0,0,0,0,Greene,2022-07-02
,0,0,0,0,Greene,2022-07-08
0,25,9,16,0,Greene,2022-01-21
0,6,5,1,0,Greene,2022-01-22
0,44,6,38,0,Greene,2022-01-27
0,5,0,5,0,Greene,2022-01-30
0,5,0,5,0,Greene,2022-02-05
0,8,2,6,0,Greene,2022-02-06
0,11,1,10,0,Greene,2022-02-08
0,4,0,4,0,Greene,2022-02-10
0,4,2,2,0,Greene,2022-02-11
0,2,0,2,0,Greene,2022-02-16
0,1,0,1,0,Greene,2022-02-20
0,4,0,4,0,Greene,2022-02-22
0,4,0,4,0,Greene,2022-02-24
0,2,1,1,0,Greene,2022-02-26
0,1,0,1,0,Greene,2022-02-27
0,5,4,1,0,Greene,2022-02-28
0,2,0,2,0,Greene,2022-03-01
0,1,0,1,0,Greene,2022-03-04
0,2,0,2,0,Greene,2022-03-30
0,1,0,1,0,Greene,2022-04-05
0,4,0,4,0,Greene,2022-04-14
0,1,0,1,0,Greene,2022-04-18
0,4,0,4,0,Greene,2022-04-19
0,2,0,2,0,Greene,2022-04-24
0,1,1,0,0,Greene,2022-04-29
0,3,0,3,0,Greene,2022-05-01
0,2,1,1,0,Greene,2022-05-04
0,1,0,1,0,Greene,2022-05-06
0,2,0,2,0,Greene,2022-05-07
0,3,0,3,0,Greene,2022-05-10
0,3,1,2,0,Greene,2022-05-11
0,5,0,5,0,Greene,2022-05-12
0,3,2,1,0,Greene,2022-05-13
0,1,1,0,0,Greene,2022-05-15
0,1,0,1,0,Greene,2022-05-18
0,1,1,0,0,Greene,2022-05-21
0,3,1,2,0,Greene,2022-05-22
0,5,4,1,0,Greene,2022-05-23
0,5,0,5,0,Greene,2022-05-26
0,2,1,1,0,Greene,2022-05-28
0,1,1,0,0,Greene,2022-05-30
0,5,1,4,0,Greene,2022-06-03
0,3,0,3,0,Greene,2022-06-04
0,10,3,7,0,Greene,2022-06-09
0,7,3,4,0,Greene,2022-06-10
0,1,0,1,0,Greene,2022-06-11
0,4,1,3,0,Greene,2022-06-15
0,5,1,4,0,Greene,2022-06-19
0,6,0,6,0,Greene,2022-06-20
0,1,0,1,0,Greene,2022-06-21
0,7,1,6,0,Greene,2022-06-23
0,8,2,6,0,Greene,2022-06-29
0,1,0,1,0,Greene,2022-07-03
0,6,0,6,0,Greene,2022-07-06
0,6,2,4,0,Greene,2022-07-07
0,12,0,12,0,Greene,2022-07-14
1,8,1,7,0,Greene,2022-01-29
1,4,1,3,0,Greene,2022-02-18
1,11,5,6,0,Greene,2022-05-09
1,8,2,6,0,Greene,2022-05-17
1,2,2,0,0,Greene,2022-05-19
1,8,4,4,0,Greene,2022-05-20
1,5,0,5,0,Greene,2022-05-27
1,5,4,1,0,Greene,2022-06-01
1,2,0,2,0,Greene,2022-06-12
1,18,8,10,0,Greene,2022-06-13
1,8,1,7,0,Greene,2022-06-17
1,7,4,3,0,Greene,2022-07-01
1,2,1,1,0,Greene,2022-07-04
1,3,1,2,0,Greene,2022-07-09
1,1,0,1,0,Greene,2022-07-10
1,1,0,1,0,Greene,2022-07-16
2,28,5,23,0,Greene,2022-01-28
2,14,3,11,0,Greene,2022-02-03
2,17,4,13,0,Greene,2022-02-04
2,11,6,5,0,Greene,2022-02-09
2,4,2,2,0,Greene,2022-05-16
2,8,3,5,0,Greene,2022-06-06
2,14,5,9,0,Greene,2022-06-08
2,12,0,12,0,Greene,2022-06-14
2,7,1,6,0,Greene,2022-06-16
2,3,0,3,0,Greene,2022-06-18
2,5,0,5,0,Greene,2022-06-22
3,14,3,11,0,Greene,2022-02-02
3,10,2,8,0,Greene,2022-02-15
3,9,2,7,0,Greene,2022-02-21
3,9,0,9,0,Greene,2022-06-24
3,10,3,7,0,Greene,2022-06-30
3,15,4,11,0,Greene,2022-07-13
3,9,1,8,0,Greene,2022-07-15
4,27,5,22,0,Greene,2022-02-01
4,38,2,36,0,Greene,2022-05-24
4,17,1,16,0,Greene,2022-07-11
4,11,0,11,0,Greene,2022-07-12
6,16,3,13,0,Greene,2022-06-27
9,90,32,58,0,Greene,2022-01-20
9,67,19,48,0,Greene,2022-01-25
12,171,38,133,0,Greene,2022-01-18
17,124,28,96,0,Greene,2022-01-24
0,15,3,12,0,Guilford,2022-03-18
1,27,4,23,0,Guilford,2022-03-16
1,13,1,12,0,Guilford,2022-03-26
1,21,8,13,0,Guilford,2022-03-28
1,17,3,14,0,Guilford,2022-04-03
1,27,10,17,0,Guilford,2022-04-06
1,63,10,53,0,Guilford,2022-04-23
2,39,9,30,0,Guilford,2022-03-21
2,25,11,14,0,Guilford,2022-04-01
2,36,7,29,0,Guilford,2022-04-04
2,26,3,23,0,Guilford,2022-04-05
2,45,9,36,0,Guilford,2022-04-08
3,17,6,11,0,Guilford,2022-03-12
3,28,7,21,0,Guilford,2022-03-24
3,40,11,29,0,Guilford,2022-04-10
3,90,27,63,0,Guilford,2022-05-01
4,56,22,34,0,Guilford,2022-02-20
4,28,9,19,0,Guilford,2022-03-17
4,33,8,25,0,Guilford,2022-03-31
4,82,13,69,0,Guilford,2022-04-15
4,91,15,76,0,Guilford,2022-05-07
5,39,4,35,0,Guilford,2022-04-17
5,76,9,67,0,Guilford,2022-04-24
6,55,16,39,0,Guilford,2022-07-04
6,90,13,77,0,Guilford,2022-07-10
7,116,23,93,0,Guilford,2022-05-29
7,161,20,141,0,Guilford,2022-07-15
8,89,28,61,0,Guilford,2022-04-11
8,92,21,71,0,Guilford,2022-06-19
9,81,13,68,0,Guilford,2022-06-18
10,56,13,43,0,Guilford,2022-04-07
10,130,18,112,0,Guilford,2022-05-15
10,157,34,123,0,Guilford,2022-05-22
11,76,10,66,0,Guilford,2022-06-26
11,146,27,119,0,Guilford,2022-07-01
12,103,5,98,0,Guilford,2022-04-22
12,86,15,71,0,Guilford,2022-06-25
13,172,45,127,0,Guilford,2022-05-04
13,155,23,132,0,Guilford,2022-06-15
14,168,37,131,0,Guilford,2022-05-27
14,116,17,99,0,Guilford,2022-06-05
14,89,13,76,0,Guilford,2022-06-12
14,180,41,139,0,Guilford,2022-06-20
15,119,36,83,0,Guilford,2022-04-14
15,95,10,85,0,Guilford,2022-07-16
16,149,25,124,0,Guilford,2022-05-06
16,260,53,207,0,Guilford,2022-05-23
16,178,22,156,0,Guilford,2022-06-06
16,173,29,144,0,Guilford,2022-07-12
17,179,42,137,0,Guilford,2022-04-20
17,166,40,126,0,Guilford,2022-04-27
17,154,33,121,0,Guilford,2022-06-03
17,133,20,113,0,Guilford,2022-06-17
17,164,24,140,0,Guilford,2022-07-08
17,166,23,143,0,Guilford,2022-07-13
18,153,16,137,0,Guilford,2022-06-13
22,236,36,200,0,Guilford,2022-05-11
22,168,38,130,0,Guilford,2022-06-22
22,189,26,163,0,Guilford,2022-07-07
24,195,27,168,0,Guilford,2022-06-08
24,182,34,148,0,Guilford,2022-07-11
25,219,35,184,0,Guilford,2022-05-20
25,157,29,128,0,Guilford,2022-06-27
26,170,47,123,0,Guilford,2022-04-19
27,265,42,223,0,Guilford,2022-05-18
27,168,28,140,0,Guilford,2022-06-16
31,208,32,176,0,Guilford,2022-05-26
31,181,32,149,0,Guilford,2022-07-06
33,248,40,208,0,Guilford,2022-05-19
,0,0,0,0,Halifax,2022-03-06
,0,0,0,0,Halifax,2022-03-10
,0,0,0,0,Halifax,2022-03-16
,0,0,0,0,Halifax,2022-03-18
,0,0,0,0,Halifax,2022-03-20
,0,0,0,0,Halifax,2022-03-22
,0,0,0,0,Halifax,2022-03-23
,0,0,0,0,Halifax,2022-03-24
,0,0,0,0,Halifax,2022-03-25
,0,0,0,0,Halifax,2022-03-27
,0,0,0,0,Halifax,2022-03-28
,0,0,0,0,Halifax,2022-03-29
,0,0,0,0,Halifax,2022-03-30
,0,0,0,0,Halifax,2022-04-01
,0,0,0,0,Halifax,2022-04-02
,0,0,0,0,Halifax,2022-04-03
,0,0,0,0,Halifax,2022-04-07
,0,0,0,0,Halifax,2022-04-09
,0,0,0,0,Halifax,2022-04-11
,0,0,0,0,Halifax,2022-04-12
,0,0,0,0,Halifax,2022-04-16
,0,0,0,0,Halifax,2022-05-01
0,19,0,19,0,Halifax,2022-02-17
0,12,3,9,0,Halifax,2022-02-18
0,14,3,11,0,Halifax,2022-02-23
0,5,1,4,0,Halifax,2022-02-25
0,4,1,3,0,Halifax,2022-02-27
0,9,1,8,0,Halifax,2022-02-28
0,10,2,8,0,Halifax,2022-03-01
0,3,0,3,0,Halifax,2022-03-02
0,1,0,1,0,Halifax,2022-03-05
0,4,0,4,0,Halifax,2022-03-07
0,1,0,1,0,Halifax,2022-03-08
0,1,0,1,0,Halifax,2022-03-09
0,2,1,1,0,Halifax,2022-03-11
0,2,1,1,0,Halifax,2022-03-12
0,1,0,1,0,Halifax,2022-03-15
0,2,0,2,0,Halifax,2022-03-17
0,1,0,1,0,Halifax,2022-03-19
0,1,1,0,0,Halifax,2022-03-21
0,1,0,1,0,Halifax,2022-03-31
0,1,0,1,0,Halifax,2022-04-05
0,2,0,2,0,Halifax,2022-04-13
0,3,1,2,0,Halifax,2022-04-14
0,1,0,1,0,Halifax,2022-04-17
0,3,0,3,0,Halifax,2022-04-18
0,1,0,1,0,Halifax,2022-04-19
0,3,1,2,0,Halifax,2022-04-20
0,1,0,1,0,Halifax,2022-04-23
0,5,0,5,0,Halifax,2022-04-26
0,3,0,3,0,Halifax,2022-04-29
0,2,1,1,0,Halifax,2022-04-30
0,3,1,2,0,Halifax,2022-05-05
0,6,2,4,0,Halifax,2022-05-15
0,16,5,11,0,Halifax,2022-05-18
0,5,0,5,0,Halifax,2022-05-29
0,7,3,4,0,Halifax,2022-06-04
0,4,2,2,0,Halifax,2022-06-19
0,8,2,6,0,Halifax,2022-06-25
1,23,4,19,0,Halifax,2022-02-08
1,14,6,8,0,Halifax,2022-02-21
1,8,1,7,0,Halifax,2022-03-03
1,3,2,1,0,Halifax,2022-03-14
1,2,0,2,0,Halifax,2022-04-06
1,3,0,3,0,Halifax,2022-04-08
1,3,0,3,0,Halifax,2022-04-15
1,5,1,4,0,Halifax,2022-04-21
1,5,0,5,0,Halifax,2022-04-24
1,7,2,5,0,Halifax,2022-04-27
1,7,2,5,0,Halifax,2022-05-07
1,3,3,0,0,Halifax,2022-05-08
1,18,6,12,0,Halifax,2022-05-10
1,22,8,14,0,Halifax,2022-05-17
1,23,4,19,0,Halifax,2022-05-19
1,8,3,5,0,Halifax,2022-05-22
1,5,2,3,0,Halifax,2022-05-28
1,7,2,5,0,Halifax,2022-06-05
1,14,3,11,0,Halifax,2022-06-10
1,8,1,7,0,Halifax,2022-06-11
1,7,2,5,0,Halifax,2022-06-18
1,19,4,15,0,Halifax,2022-06-23
1,24,6,18,0,Halifax,2022-07-01
1,7,1,6,0,Halifax,2022-07-03
1,5,1,4,0,Halifax,2022-07-04
1,18,3,15,0,Halifax,2022-07-09
2,16,2,14,0,Halifax,2022-01-23
2,58,12,46,0,Halifax,2022-02-01
2,16,4,12,0,Halifax,2022-02-10
2,14,0,14,0,Halifax,2022-02-11
2,6,0,6,0,Halifax,2022-02-13
2,12,2,10,0,Halifax,2022-02-15
2,15,1,14,0,Halifax,2022-02-16
2,7,1,6,0,Halifax,2022-03-04
2,11,8,3,0,Halifax,2022-04-22
2,7,1,6,0,Halifax,2022-05-06
2,18,7,11,0,Halifax,2022-05-11
2,5,1,4,0,Halifax,2022-05-30
2,23,3,20,0,Halifax,2022-05-31
2,15,4,11,0,Halifax,2022-06-03
2,10,3,7,0,Halifax,2022-06-12
2,17,3,14,0,Halifax,2022-06-15
2,22,4,18,0,Halifax,2022-06-22
2,7,1,6,0,Halifax,2022-07-02
3,8,1,7,0,Halifax,2022-04-25
3,16,8,8,0,Halifax,2022-05-09
3,12,2,10,0,Halifax,2022-05-13
3,16,7,9,0,Halifax,2022-05-16
3,12,3,9,0,Halifax,2022-05-26
3,19,4,15,0,Halifax,2022-06-01
3,18,4,14,0,Halifax,2022-06-09
3,10,5,5,0,Halifax,2022-06-26
3,15,8,7,0,Halifax,2022-06-30
3,30,9,21,0,Halifax,2022-07-06
3,17,6,11,0,Halifax,2022-07-16
4,17,6,11,0,Halifax,2022-05-12
4,30,9,21,0,Halifax,2022-05-27
5,51,17,34,0,Halifax,2022-02-02
5,12,4,8,0,Halifax,2022-05-04
5,27,6,21,0,Halifax,2022-05-23
5,23,6,17,0,Halifax,2022-06-14
5,29,6,23,0,Halifax,2022-06-17
5,24,1,23,0,Halifax,2022-06-24
5,28,7,21,0,Halifax,2022-06-27
5,31,12,19,0,Halifax,2022-07-07
5,46,15,31,0,Halifax,2022-07-11
5,28,6,22,0,Halifax,2022-07-13
6,88,25,63,0,Halifax,2022-01-31
6,22,3,19,0,Halifax,2022-05-24
6,22,2,20,0,Halifax,2022-06-21
6,26,5,21,0,Halifax,2022-06-28
6,32,6,26,0,Halifax,2022-07-08
6,33,6,27,0,Halifax,2022-07-14
6,30,4,26,0,Halifax,2022-07-15
7,18,2,16,0,Halifax,2022-06-07
7,36,11,25,0,Halifax,2022-06-13
7,37,6,31,0,Halifax,2022-06-20
8,67,12,55,0,Halifax,2022-01-28
8,44,9,35,0,Halifax,2022-02-07
8,35,12,23,0,Halifax,2022-07-12
9,82,20,62,0,Halifax,2022-01-26
10,22,3,19,0,Halifax,2022-05-20
11,39,3,36,0,Halifax,2022-06-06
21,202,24,178,0,Halifax,2022-01-19
25,257,42,215,0,Halifax,2022-01-18
0,29,4,25,0,Harnett,2022-02-12
0,3,1,2,0,Harnett,2022-03-05
0,6,0,6,0,Harnett,2022-03-06
0,13,2,11,0,Harnett,2022-03-09
0,8,3,5,0,Harnett,2022-03-10
0,1,0,1,0,Harnett,2022-03-12
0,1,0,1,0,Harnett,2022-03-19
0,3,1,2,0,Harnett,2022-03-20
0,4,2,2,0,Harnett,2022-03-22
0,3,0,3,0,Harnett,2022-03-24
0,1,0,1,0,Harnett,2022-03-25
0,1,0,1,0,Harnett,2022-03-26
0,2,0,2,0,Harnett,2022-03-27
0,3,3,0,0,Harnett,2022-03-28
0,8,0,8,0,Harnett,2022-03-29
0,8,2,6,0,Harnett,2022-03-30
0,2,0,2,0,Harnett,2022-03-31
0,7,0,7,0,Harnett,2022-04-01
0,4,0,4,0,Harnett,2022-04-02
0,4,1,3,0,Harnett,2022-04-03
0,5,0,5,0,Harnett,2022-04-04
0,6,0,6,0,Harnett,2022-04-07
0,3,1,2,0,Harnett,2022-04-10
0,4,1,3,0,Harnett,2022-04-17
0,13,3,10,0,Harnett,2022-04-19
0,10,3,7,0,Harnett,2022-04-22
0,10,3,7,0,Harnett,2022-04-30
0,3,0,3,0,Harnett,2022-05-01
0,21,1,20,0,Harnett,2022-05-29
1,39,4,35,0,Harnett,2022-02-16
1,13,1,12,0,Harnett,2022-02-20
1,11,2,9,0,Harnett,2022-02-26
1,5,0,5,0,Harnett,2022-03-13
1,4,1,3,0,Harnett,2022-03-15
1,8,3,5,0,Harnett,2022-03-17
1,1,0,1,0,Harnett,2022-04-08
1,4,0,4,0,Harnett,2022-04-09
1,11,1,10,0,Harnett,2022-04-11
1,8,0,8,0,Harnett,2022-04-14
1,6,2,4,0,Harnett,2022-04-15
1,5,1,4,0,Harnett,2022-04-16
1,21,9,12,0,Harnett,2022-04-20
1,16,5,11,0,Harnett,2022-04-27
1,25,3,22,0,Harnett,2022-05-04
1,20,3,17,0,Harnett,2022-05-15
1,16,1,15,0,Harnett,2022-06-04
1,34,7,27,0,Harnett,2022-06-07
1,17,4,13,0,Harnett,2022-06-26
2,67,12,55,0,Harnett,2022-02-09
2,12,1,11,0,Harnett,2022-02-24
2,10,1,9,0,Harnett,2022-03-04
2,9,0,9,0,Harnett,2022-03-21
2,17,8,9,0,Harnett,2022-04-18
2,26,12,14,0,Harnett,2022-04-21
2,23,5,18,0,Harnett,2022-04-26
2,19,4,15,0,Harnett,2022-04-29
2,31,10,21,0,Harnett,2022-05-02
2,12,3,9,0,Harnett,2022-05-07
2,24,5,19,0,Harnett,2022-05-14
2,35,8,27,0,Harnett,2022-05-17
2,19,2,17,0,Harnett,2022-05-22
2,31,6,25,0,Harnett,2022-06-10
2,21,2,19,0,Harnett,2022-06-11
2,49,10,39,0,Harnett,2022-06-13
2,23,6,17,0,Harnett,2022-06-19
2,15,3,12,0,Harnett,2022-07-04
3,46,10,36,0,Harnett,2022-01-22
3,27,4,23,0,Harnett,2022-02-23
3,22,7,15,0,Harnett,2022-02-25
3,24,2,22,0,Harnett,2022-05-10
3,35,8,27,0,Harnett,2022-05-11
3,53,20,33,0,Harnett,2022-05-26
3,18,8,10,0,Harnett,2022-05-30
3,42,7,35,0,Harnett,2022-06-01
3,32,8,24,0,Harnett,2022-06-21
3,40,6,34,0,Harnett,2022-06-24
3,26,5,21,0,Harnett,2022-07-10
3,27,6,21,0,Harnett,2022-07-16
4,39,14,25,0,Harnett,2022-02-21
4,27,5,22,0,Harnett,2022-05-12
4,32,6,26,0,Harnett,2022-05-13
4,52,7,45,0,Harnett,2022-05-18
4,41,14,27,0,Harnett,2022-06-15
4,25,3,22,0,Harnett,2022-06-25
4,19,7,12,0,Harnett,2022-07-03
4,48,11,37,0,Harnett,2022-07-15
5,25,8,17,0,Harnett,2022-05-03
5,22,7,15,0,Harnett,2022-05-05
5,31,7,24,0,Harnett,2022-05-06
5,56,13,43,0,Harnett,2022-05-16
5,45,9,36,0,Harnett,2022-06-06
5,30,4,26,0,Harnett,2022-06-12
5,32,11,21,0,Harnett,2022-06-16
5,35,9,26,0,Harnett,2022-06-22
6,50,12,38,0,Harnett,2022-05-20
6,59,12,47,0,Harnett,2022-05-23
6,39,10,29,0,Harnett,2022-05-24
6,46,9,37,0,Harnett,2022-05-27
6,37,4,33,0,Harnett,2022-06-03
6,47,9,38,0,Harnett,2022-06-09
6,31,5,26,0,Harnett,2022-06-17
6,26,1,25,0,Harnett,2022-06-18
6,33,9,24,0,Harnett,2022-07-02
6,50,5,45,0,Harnett,2022-07-14
7,110,15,95,0,Harnett,2022-02-03
7,27,4,23,0,Harnett,2022-05-21
7,34,9,25,0,Harnett,2022-06-08
7,46,8,38,0,Harnett,2022-06-20
7,52,5,47,0,Harnett,2022-06-28
7,40,17,23,0,Harnett,2022-07-08
7,28,5,23,0,Harnett,2022-07-09
7,51,15,36,0,Harnett,2022-07-12
8,64,12,52,0,Harnett,2022-06-27
8,51,10,41,0,Harnett,2022-07-01
9,151,35,116,0,Harnett,2022-02-02
9,53,17,36,0,Harnett,2022-05-19
9,40,7,33,0,Harnett,2022-06-14
9,50,13,37,0,Harnett,2022-06-30
9,62,25,37,0,Harnett,2022-07-05
9,57,9,48,0,Harnett,2022-07-06
10,44,10,34,0,Harnett,2022-05-09
10,53,10,43,0,Harnett,2022-07-13
11,223,43,180,0,Harnett,2022-01-31
11,55,13,42,0,Harnett,2022-07-07
12,212,35,177,0,Harnett,2022-01-27
12,78,24,54,0,Harnett,2022-07-11
13,110,37,73,0,Harnett,2022-02-07
17,223,37,186,0,Harnett,2022-01-28
39,731,162,569,0,Harnett,2022-01-18
,0,0,0,0,Haywood,2022-03-06
,0,0,0,0,Haywood,2022-03-19
,0,0,0,0,Haywood,2022-03-20
,0,0,0,0,Haywood,2022-03-26
,0,0,0,0,Haywood,2022-04-03
,0,0,0,0,Haywood,2022-04-17
0,19,5,14,0,Haywood,2022-02-23
0,6,2,4,0,Haywood,2022-02-27
0,1,0,1,0,Haywood,2022-03-02
0,1,0,1,0,Haywood,2022-03-12
0,2,0,2,0,Haywood,2022-03-13
0,14,1,13,0,Haywood,2022-03-16
0,3,1,2,0,Haywood,2022-03-21
0,2,0,2,0,Haywood,2022-03-22
0,1,0,1,0,Haywood,2022-03-25
0,2,1,1,0,Haywood,2022-03-28
0,6,3,3,0,Haywood,2022-03-30
0,2,0,2,0,Haywood,2022-03-31
0,2,1,1,0,Haywood,2022-04-02
0,1,0,1,0,Haywood,2022-04-05
0,3,1,2,0,Haywood,2022-04-07
0,2,1,1,0,Haywood,2022-04-08
0,1,0,1,0,Haywood,2022-04-09
0,6,1,5,0,Haywood,2022-04-11
0,5,2,3,0,Haywood,2022-04-13
0,3,1,2,0,Haywood,2022-04-14
0,4,4,0,0,Haywood,2022-04-16
0,4,3,1,0,Haywood,2022-04-18
0,6,4,2,0,Haywood,2022-04-20
0,6,3,3,0,Haywood,2022-04-21
0,2,1,1,0,Haywood,2022-04-23
0,3,0,3,0,Haywood,2022-04-24
0,15,10,5,0,Haywood,2022-04-25
0,6,4,2,0,Haywood,2022-04-29
0,4,3,1,0,Haywood,2022-05-01
0,12,5,7,0,Haywood,2022-05-02
0,13,5,8,0,Haywood,2022-05-06
0,7,1,6,0,Haywood,2022-05-07
0,5,2,3,0,Haywood,2022-05-08
0,9,5,4,0,Haywood,2022-05-09
0,17,13,4,0,Haywood,2022-05-10
0,13,5,8,0,Haywood,2022-05-13
0,6,4,2,0,Haywood,2022-05-15
0,13,7,6,0,Haywood,2022-05-20
0,13,4,9,0,Haywood,2022-05-27
0,14,4,10,0,Haywood,2022-05-29
0,8,4,4,0,Haywood,2022-06-04
0,24,5,19,0,Haywood,2022-06-06
0,15,6,9,0,Haywood,2022-06-18
0,18,7,11,0,Haywood,2022-06-22
0,9,7,2,0,Haywood,2022-07-03
0,8,6,2,0,Haywood,2022-07-16
1,17,6,11,0,Haywood,2022-02-12
1,19,2,17,0,Haywood,2022-02-13
1,18,6,12,0,Haywood,2022-02-18
1,3,0,3,0,Haywood,2022-03-05
1,4,2,2,0,Haywood,2022-03-10
1,4,0,4,0,Haywood,2022-03-11
1,3,1,2,0,Haywood,2022-03-17
1,1,0,1,0,Haywood,2022-04-01
1,4,2,2,0,Haywood,2022-04-06
1,2,0,2,0,Haywood,2022-04-10
1,2,1,1,0,Haywood,2022-04-15
1,2,0,2,0,Haywood,2022-04-19
1,6,3,3,0,Haywood,2022-04-26
1,10,2,8,0,Haywood,2022-04-27
1,5,4,1,0,Haywood,2022-04-30
1,20,11,9,0,Haywood,2022-05-12
1,15,1,14,0,Haywood,2022-05-18
1,18,5,13,0,Haywood,2022-05-19
1,12,8,4,0,Haywood,2022-05-22
1,6,5,1,0,Haywood,2022-05-28
1,14,9,5,0,Haywood,2022-06-05
1,20,11,9,0,Haywood,2022-06-07
1,14,7,7,0,Haywood,2022-06-10
1,11,4,7,0,Haywood,2022-06-11
1,18,6,12,0,Haywood,2022-06-17
1,15,6,9,0,Haywood,2022-06-19
1,18,9,9,0,Haywood,2022-06-23
1,16,7,9,0,Haywood,2022-06-24
1,14,8,6,0,Haywood,2022-06-30
1,19,11,8,0,Haywood,2022-07-08
1,21,13,8,0,Haywood,2022-07-14
1,9,2,7,0,Haywood,2022-07-15
2,38,16,22,0,Haywood,2022-02-10
2,7,6,1,0,Haywood,2022-03-27
2,7,1,6,0,Haywood,2022-04-22
2,17,7,10,0,Haywood,2022-05-03
2,38,18,20,0,Haywood,2022-05-16
2,18,14,4,0,Haywood,2022-05-24
2,13,10,3,0,Haywood,2022-05-26
2,11,5,6,0,Haywood,2022-05-30
2,18,9,9,0,Haywood,2022-06-08
2,26,6,20,0,Haywood,2022-06-09
2,31,11,20,0,Haywood,2022-06-13
2,21,13,8,0,Haywood,2022-06-15
2,9,8,1,0,Haywood,2022-06-26
2,26,12,14,0,Haywood,2022-06-27
2,19,16,3,0,Haywood,2022-07-02
2,13,7,6,0,Haywood,2022-07-06
2,29,20,9,0,Haywood,2022-07-11
2,14,11,3,0,Haywood,2022-07-13
3,22,9,13,0,Haywood,2022-05-11
3,24,12,12,0,Haywood,2022-05-23
3,24,11,13,0,Haywood,2022-06-01
3,20,10,10,0,Haywood,2022-06-03
3,22,12,10,0,Haywood,2022-06-14
3,13,9,4,0,Haywood,2022-06-21
3,17,15,2,0,Haywood,2022-07-04
3,12,6,6,0,Haywood,2022-07-10
3,22,13,9,0,Haywood,2022-07-12
4,60,14,46,0,Haywood,2022-01-22
4,65,11,54,0,Haywood,2022-01-23
4,75,30,45,0,Haywood,2022-02-04
4,16,8,8,0,Haywood,2022-05-04
4,30,20,10,0,Haywood,2022-06-16
4,22,12,10,0,Haywood,2022-06-20
4,29,15,14,0,Haywood,2022-07-01
5,161,62,99,0,Haywood,2022-01-18
5,118,29,89,0,Haywood,2022-01-25
5,53,26,27,0,Haywood,2022-02-09
5,30,17,13,0,Haywood,2022-02-17
5,24,16,8,0,Haywood,2022-07-07
6,23,12,11,0,Haywood,2022-02-28
9,131,35,96,0,Haywood,2022-01-26
13,171,44,127,0,Haywood,2022-01-20
14,147,33,114,0,Haywood,2022-01-21
18,200,68,132,0,Haywood,2022-01-19
0,10,4,6,0,Henderson,2022-02-20
0,8,2,6,0,Henderson,2022-02-26
0,4,2,2,0,Henderson,2022-02-27
0,6,1,5,0,Henderson,2022-03-05
0,1,0,1,0,Henderson,2022-03-12
0,4,3,1,0,Henderson,2022-03-14
0,7,1,6,0,Henderson,2022-03-15
0,2,1,1,0,Henderson,2022-03-16
0,1,0,1,0,Henderson,2022-03-18
0,5,4,1,0,Henderson,2022-03-20
0,2,2,0,0,Henderson,2022-03-21
0,6,4,2,0,Henderson,2022-03-22
0,1,1,0,0,Henderson,2022-03-23
0,4,1,3,0,Henderson,2022-03-25
0,1,1,0,0,Henderson,2022-03-27
0,2,0,2,0,Henderson,2022-03-30
0,8,2,6,0,Henderson,2022-03-31
0,3,1,2,0,Henderson,2022-04-01
0,3,1,2,0,Henderson,2022-04-03
0,5,1,4,0,Henderson,2022-04-05
0,4,3,1,0,Henderson,2022-04-06
0,2,0,2,0,Henderson,2022-04-07
0,5,3,2,0,Henderson,2022-04-08
0,2,0,2,0,Henderson,2022-04-09
0,2,1,1,0,Henderson,2022-04-10
0,4,4,0,0,Henderson,2022-04-16
0,3,0,3,0,Henderson,2022-04-17
0,13,6,7,0,Henderson,2022-04-18
0,13,4,9,0,Henderson,2022-04-19
0,9,3,6,0,Henderson,2022-04-23
0,12,7,5,0,Henderson,2022-04-27
0,13,7,6,0,Henderson,2022-05-06
0,15,7,8,0,Henderson,2022-05-07
0,34,6,28,0,Henderson,2022-05-24
0,20,8,12,0,Henderson,2022-06-12
0,29,13,16,0,Henderson,2022-06-15
0,10,6,4,0,Henderson,2022-06-18
1,28,11,17,0,Henderson,2022-02-17
1,19,4,15,0,Henderson,2022-02-25
1,17,12,5,0,Henderson,2022-02-28
1,9,5,4,0,Henderson,2022-03-02
1,8,2,6,0,Henderson,2022-03-03
1,13,4,9,0,Henderson,2022-03-04
1,13,6,7,0,Henderson,2022-03-07
1,3,1,2,0,Henderson,2022-03-13
1,2,1,1,0,Henderson,2022-03-26
1,6,2,4,0,Henderson,2022-03-28
1,5,0,5,0,Henderson,2022-04-14
1,12,4,8,0,Henderson,2022-04-20
1,13,7,6,0,Henderson,2022-04-21
1,11,3,8,0,Henderson,2022-04-22
1,5,4,1,0,Henderson,2022-04-24
1,14,6,8,0,Henderson,2022-04-29
1,6,1,5,0,Henderson,2022-05-01
1,18,10,8,0,Henderson,2022-05-08
1,14,2,12,0,Henderson,2022-05-21
1,25,11,14,0,Henderson,2022-05-26
1,24,11,13,0,Henderson,2022-06-04
1,23,9,14,0,Henderson,2022-06-07
1,22,10,12,0,Henderson,2022-07-03
1,22,14,8,0,Henderson,2022-07-04
2,21,9,12,0,Henderson,2022-02-23
2,4,1,3,0,Henderson,2022-03-29
2,13,2,11,0,Henderson,2022-04-11
2,22,11,11,0,Henderson,2022-05-04
2,23,10,13,0,Henderson,2022-05-12
2,47,22,25,0,Henderson,2022-05-19
2,39,12,27,0,Henderson,2022-05-20
2,23,9,14,0,Henderson,2022-05-22
2,31,17,14,0,Henderson,2022-05-27
2,17,8,9,0,Henderson,2022-05-28
2,17,9,8,0,Henderson,2022-05-29
2,26,10,16,0,Henderson,2022-06-08
2,23,15,8,0,Henderson,2022-06-11
2,24,6,18,0,Henderson,2022-06-17
2,17,8,9,0,Henderson,2022-06-19
2,19,5,14,0,Henderson,2022-06-25
2,30,18,12,0,Henderson,2022-06-26
2,41,21,20,0,Henderson,2022-06-28
2,38,11,27,0,Henderson,2022-07-01
2,20,4,16,0,Henderson,2022-07-16
3,54,17,37,0,Henderson,2022-01-29
3,16,8,8,0,Henderson,2022-02-24
3,15,4,11,0,Henderson,2022-04-13
3,17,8,9,0,Henderson,2022-04-25
3,12,6,6,0,Henderson,2022-04-30
3,32,14,18,0,Henderson,2022-05-09
3,57,32,25,0,Henderson,2022-05-16
3,19,11,8,0,Henderson,2022-05-30
3,23,12,11,0,Henderson,2022-06-03
3,36,15,21,0,Henderson,2022-06-21
3,21,9,12,0,Henderson,2022-06-23
4,44,18,26,0,Henderson,2022-02-16
4,26,10,16,0,Henderson,2022-05-10
4,29,8,21,0,Henderson,2022-05-17
4,33,15,18,0,Henderson,2022-06-01
4,29,9,20,0,Henderson,2022-06-10
4,28,13,15,0,Henderson,2022-06-14
4,33,19,14,0,Henderson,2022-06-22
4,26,16,10,0,Henderson,2022-07-02
4,35,14,21,0,Henderson,2022-07-08
4,32,15,17,0,Henderson,2022-07-09
5,44,17,27,0,Henderson,2022-02-15
5,38,11,27,0,Henderson,2022-05-23
5,38,16,22,0,Henderson,2022-06-06
5,35,13,22,0,Henderson,2022-06-24
5,69,14,55,0,Henderson,2022-07-12
5,37,11,26,0,Henderson,2022-07-13
5,43,12,31,0,Henderson,2022-07-15
6,16,5,11,0,Henderson,2022-05-05
6,27,7,20,0,Henderson,2022-05-11
6,49,19,30,0,Henderson,2022-05-18
6,32,15,17,0,Henderson,2022-06-20
6,43,13,30,0,Henderson,2022-06-30
6,30,14,16,0,Henderson,2022-07-06
6,25,12,13,0,Henderson,2022-07-10
7,24,11,13,0,Henderson,2022-06-09
7,46,17,29,0,Henderson,2022-06-27
7,60,36,24,0,Henderson,2022-07-07
9,41,19,22,0,Henderson,2022-07-14
10,44,18,26,0,Henderson,2022-07-11
11,63,21,42,0,Henderson,2022-07-05
23,181,65,116,0,Henderson,2022-01-21
26,255,103,152,0,Henderson,2022-01-24
,0,0,0,0,Hertford,2022-02-14
,0,0,0,0,Hertford,2022-02-28
,0,0,0,0,Hertford,2022-03-05
,0,0,0,0,Hertford,2022-03-06
,0,0,0,0,Hertford,2022-03-08
,0,0,0,0,Hertford,2022-03-09
,0,0,0,0,Hertford,2022-03-12
,0,0,0,0,Hertford,2022-03-13
,0,0,0,0,Hertford,2022-03-14
,0,0,0,0,Hertford,2022-03-15
,0,0,0,0,Hertford,2022-03-16
,0,0,0,0,Hertford,2022-03-17
,0,0,0,0,Hertford,2022-03-18
,0,0,0,0,Hertford,2022-03-19
,0,0,0,0,Hertford,2022-03-20
,0,0,0,0,Hertford,2022-03-22
,0,0,0,0,Hertford,2022-03-24
,0,0,0,0,Hertford,2022-03-26
,0,0,0,0,Hertford,2022-03-27
,0,0,0,0,Hertford,2022-03-30
,0,0,0,0,Hertford,2022-03-31
,0,0,0,0,Hertford,2022-04-01
,0,0,0,0,Hertford,2022-04-02
,0,0,0,0,Hertford,2022-04-03
,0,0,0,0,Hertford,2022-04-04
,0,0,0,0,Hertford,2022-04-06
,0,0,0,0,Hertford,2022-04-07
,0,0,0,0,Hertford,2022-04-09
,0,0,0,0,Hertford,2022-04-17
,0,0,0,0,Hertford,2022-04-19
,0,0,0,0,Hertford,2022-04-21
,0,0,0,0,Hertford,2022-04-22
,0,0,0,0,Hertford,2022-04-27
,0,0,0,0,Hertford,2022-05-01
,0,0,0,0,Hertford,2022-05-11
,0,0,0,0,Hertford,2022-05-14
,0,0,0,0,Hertford,2022-05-15
0,39,12,27,0,Hertford,2022-01-20
0,38,9,29,0,Hertford,2022-01-25
0,2,0,2,0,Hertford,2022-01-29
0,4,1,3,0,Hertford,2022-01-30
0,6,1,5,0,Hertford,2022-02-03
0,3,0,3,0,Hertford,2022-02-04
0,5,3,2,0,Hertford,2022-02-07
0,7,1,6,0,Hertford,2022-02-08
0,6,2,4,0,Hertford,2022-02-09
0,4,0,4,0,Hertford,2022-02-10
0,1,0,1,0,Hertford,2022-02-12
0,2,0,2,0,Hertford,2022-02-13
0,1,0,1,0,Hertford,2022-02-15
0,4,0,4,0,Hertford,2022-02-17
0,3,0,3,0,Hertford,2022-02-18
0,4,0,4,0,Hertford,2022-02-19
0,1,1,0,0,Hertford,2022-02-20
0,6,1,5,0,Hertford,2022-02-21
0,2,1,1,0,Hertford,2022-02-22
0,2,1,1,0,Hertford,2022-02-23
0,2,0,2,0,Hertford,2022-02-24
0,3,0,3,0,Hertford,2022-02-25
0,4,1,3,0,Hertford,2022-02-26
0,3,1,2,0,Hertford,2022-02-27
0,2,0,2,0,Hertford,2022-03-01
0,3,0,3,0,Hertford,2022-03-02
0,3,1,2,0,Hertford,2022-03-04
0,1,0,1,0,Hertford,2022-03-07
0,1,0,1,0,Hertford,2022-03-11
0,1,0,1,0,Hertford,2022-03-21
0,1,0,1,0,Hertford,2022-03-23
0,3,0,3,0,Hertford,2022-03-25
0,1,0,1,0,Hertford,2022-03-28
0,1,0,1,0,Hertford,2022-03-29
0,1,0,1,0,Hertford,2022-04-08
0,1,0,1,0,Hertford,2022-04-10
0,1,0,1,0,Hertford,2022-04-11
0,1,1,0,0,Hertford,2022-04-12
0,1,0,1,0,Hertford,2022-04-13
0,2,0,2,0,Hertford,2022-04-14
0,1,0,1,0,Hertford,2022-04-16
0,2,0,2,0,Hertford,2022-04-20
0,1,0,1,0,Hertford,2022-04-23
0,1,0,1,0,Hertford,2022-04-24
0,1,0,1,0,Hertford,2022-04-25
0,2,1,1,0,Hertford,2022-04-26
0,1,0,1,0,Hertford,2022-04-29
0,1,0,1,0,Hertford,2022-04-30
0,1,1,0,0,Hertford,2022-05-04
0,2,1,1,0,Hertford,2022-05-06
0,6,0,6,0,Hertford,2022-05-16
0,3,0,3,0,Hertford,2022-05-17
0,5,1,4,0,Hertford,2022-05-18
0,2,0,2,0,Hertford,2022-05-20
0,3,0,3,0,Hertford,2022-05-21
0,3,2,1,0,Hertford,2022-05-24
0,1,0,1,0,Hertford,2022-05-27
0,1,0,1,0,Hertford,2022-05-30
0,2,0,2,0,Hertford,2022-06-03
0,1,0,1,0,Hertford,2022-06-09
0,4,1,3,0,Hertford,2022-06-10
0,1,0,1,0,Hertford,2022-06-12
0,3,1,2,0,Hertford,2022-06-17
0,9,1,8,0,Hertford,2022-06-18
0,4,0,4,0,Hertford,2022-06-19
0,11,1,10,0,Hertford,2022-06-20
0,1,0,1,0,Hertford,2022-06-26
0,6,2,4,0,Hertford,2022-06-27
0,4,0,4,0,Hertford,2022-06-28
0,9,4,5,0,Hertford,2022-06-30
0,4,1,3,0,Hertford,2022-07-09
0,1,0,1,0,Hertford,2022-07-10
1,10,0,10,0,Hertford,2022-01-21
1,6,1,5,0,Hertford,2022-01-23
1,12,3,9,0,Hertford,2022-02-01
1,5,3,2,0,Hertford,2022-02-02
1,2,0,2,0,Hertford,2022-02-05
1,5,0,5,0,Hertford,2022-02-06
1,2,0,2,0,Hertford,2022-03-10
1,2,0,2,0,Hertford,2022-04-15
1,1,0,1,0,Hertford,2022-04-18
1,2,0,2,0,Hertford,2022-04-28
1,1,0,1,0,Hertford,2022-05-03
1,7,1,6,0,Hertford,2022-05-05
1,1,0,1,0,Hertford,2022-05-07
1,2,0,2,0,Hertford,2022-05-08
1,5,3,2,0,Hertford,2022-05-09
1,3,0,3,0,Hertford,2022-05-10
1,8,2,6,0,Hertford,2022-05-12
1,4,1,3,0,Hertford,2022-05-13
1,2,0,2,0,Hertford,2022-05-22
1,6,0,6,0,Hertford,2022-05-23
1,8,2,6,0,Hertford,2022-05-25
1,3,1,2,0,Hertford,2022-05-26
1,4,0,4,0,Hertford,2022-05-28
1,3,2,1,0,Hertford,2022-05-29
1,8,1,7,0,Hertford,2022-06-02
1,4,1,3,0,Hertford,2022-06-04
1,7,3,4,0,Hertford,2022-06-07
1,5,2,3,0,Hertford,2022-06-08
1,11,1,10,0,Hertford,2022-06-13
1,8,0,8,0,Hertford,2022-06-14
1,8,4,4,0,Hertford,2022-06-21
1,4,2,2,0,Hertford,2022-06-23
1,4,3,1,0,Hertford,2022-06-25
1,5,0,5,0,Hertford,2022-07-01
1,4,0,4,0,Hertford,2022-07-02
1,10,3,7,0,Hertford,2022-07-13
1,17,6,11,0,Hertford,2022-07-14
1,8,2,6,0,Hertford,2022-07-16
2,9,4,5,0,Hertford,2022-05-19
2,22,6,16,0,Hertford,2022-05-31
2,11,2,9,0,Hertford,2022-06-06
2,4,3,1,0,Hertford,2022-06-15
2,8,3,5,0,Hertford,2022-06-24
2,5,1,4,0,Hertford,2022-07-03
2,8,1,7,0,Hertford,2022-07-04
2,11,1,10,0,Hertford,2022-07-06
2,13,3,10,0,Hertford,2022-07-08
2,16,0,16,0,Hertford,2022-07-15
3,9,3,6,0,Hertford,2022-06-01
3,9,4,5,0,Hertford,2022-07-12
4,18,3,15,0,Hertford,2022-01-27
4,21,4,17,0,Hertford,2022-07-05
5,52,12,40,0,Hertford,2022-01-24
5,23,6,17,0,Hertford,2022-07-11
6,82,13,69,0,Hertford,2022-01-18
,0,0,0,0,Hoke,2022-03-18
,0,0,0,0,Hoke,2022-03-20
,0,0,0,0,Hoke,2022-03-27
,0,0,0,0,Hoke,2022-04-10
0,22,2,20,0,Hoke,2022-01-22
0,19,2,17,0,Hoke,2022-01-30
0,22,7,15,0,Hoke,2022-02-10
0,8,2,6,0,Hoke,2022-02-13
0,30,5,25,0,Hoke,2022-02-14
0,26,6,20,0,Hoke,2022-02-15
0,3,0,3,0,Hoke,2022-02-19
0,14,3,11,0,Hoke,2022-02-22
0,10,3,7,0,Hoke,2022-02-24
0,5,3,2,0,Hoke,2022-02-27
0,3,0,3,0,Hoke,2022-03-04
0,2,0,2,0,Hoke,2022-03-05
0,1,1,0,0,Hoke,2022-03-06
0,3,1,2,0,Hoke,2022-03-09
0,4,0,4,0,Hoke,2022-03-10
0,4,0,4,0,Hoke,2022-03-11
0,1,1,0,0,Hoke,2022-03-12
0,1,0,1,0,Hoke,2022-03-13
0,1,0,1,0,Hoke,2022-03-14
0,2,1,1,0,Hoke,2022-03-15
0,2,1,1,0,Hoke,2022-03-16
0,1,0,1,0,Hoke,2022-03-17
0,1,0,1,0,Hoke,2022-03-19
0,2,0,2,0,Hoke,2022-03-21
0,3,0,3,0,Hoke,2022-03-22
0,2,0,2,0,Hoke,2022-03-25
0,3,1,2,0,Hoke,2022-03-26
0,1,0,1,0,Hoke,2022-03-28
0,3,0,3,0,Hoke,2022-03-29
0,1,1,0,0,Hoke,2022-03-30
0,1,0,1,0,Hoke,2022-03-31
0,3,2,1,0,Hoke,2022-04-01
0,3,0,3,0,Hoke,2022-04-02
0,2,0,2,0,Hoke,2022-04-03
0,4,0,4,0,Hoke,2022-04-06
0,1,0,1,0,Hoke,2022-04-07
0,2,0,2,0,Hoke,2022-04-08
0,2,1,1,0,Hoke,2022-04-09
0,4,0,4,0,Hoke,2022-04-11
0,3,1,2,0,Hoke,2022-04-12
0,6,3,3,0,Hoke,2022-04-13
0,8,4,4,0,Hoke,2022-04-14
0,3,2,1,0,Hoke,2022-04-15
0,2,0,2,0,Hoke,2022-04-17
0,9,1,8,0,Hoke,2022-04-18
0,2,1,1,0,Hoke,2022-04-19
0,4,1,3,0,Hoke,2022-04-21
0,2,0,2,0,Hoke,2022-04-22
0,4,1,3,0,Hoke,2022-04-24
0,10,2,8,0,Hoke,2022-04-26
0,12,3,9,0,Hoke,2022-04-27
0,7,1,6,0,Hoke,2022-04-29
0,6,0,6,0,Hoke,2022-04-30
0,5,3,2,0,Hoke,2022-05-01
0,4,1,3,0,Hoke,2022-05-14
0,26,7,19,0,Hoke,2022-05-23
0,10,2,8,0,Hoke,2022-05-27
0,9,2,7,0,Hoke,2022-05-29
0,12,4,8,0,Hoke,2022-05-30
0,21,6,15,0,Hoke,2022-06-02
0,7,0,7,0,Hoke,2022-06-04
0,20,4,16,0,Hoke,2022-06-27
0,15,2,13,0,Hoke,2022-07-08
0,10,1,9,0,Hoke,2022-07-09
0,22,8,14,0,Hoke,2022-07-12
1,15,3,12,0,Hoke,2022-02-05
1,20,4,16,0,Hoke,2022-02-06
1,12,1,11,0,Hoke,2022-02-12
1,19,1,18,0,Hoke,2022-02-16
1,7,0,7,0,Hoke,2022-02-25
1,3,0,3,0,Hoke,2022-04-16
1,3,0,3,0,Hoke,2022-04-20
1,4,2,2,0,Hoke,2022-04-23
1,12,3,9,0,Hoke,2022-05-06
1,7,3,4,0,Hoke,2022-05-08
1,24,7,17,0,Hoke,2022-05-12
1,17,8,9,0,Hoke,2022-05-15
1,35,8,27,0,Hoke,2022-05-16
1,13,2,11,0,Hoke,2022-05-20
1,13,3,10,0,Hoke,2022-05-21
1,26,6,20,0,Hoke,2022-05-24
1,25,7,18,0,Hoke,2022-06-01
1,11,2,9,0,Hoke,2022-06-05
1,11,2,9,0,Hoke,2022-06-11
1,20,5,15,0,Hoke,2022-06-17
1,11,2,9,0,Hoke,2022-07-03
1,10,2,8,0,Hoke,2022-07-16
2,92,11,81,0,Hoke,2022-01-21
2,64,5,59,0,Hoke,2022-01-23
2,27,2,25,0,Hoke,2022-01-29
2,20,7,13,0,Hoke,2022-02-11
2,11,1,10,0,Hoke,2022-02-21
2,10,2,8,0,Hoke,2022-02-23
2,21,4,17,0,Hoke,2022-05-04
2,18,3,15,0,Hoke,2022-05-10
2,16,7,9,0,Hoke,2022-05-11
2,6,0,6,0,Hoke,2022-05-22
2,14,1,13,0,Hoke,2022-05-28
2,8,2,6,0,Hoke,2022-06-03
2,14,4,10,0,Hoke,2022-06-12
2,20,8,12,0,Hoke,2022-06-15
2,6,1,5,0,Hoke,2022-06-18
2,11,4,7,0,Hoke,2022-06-19
2,31,8,23,0,Hoke,2022-06-20
2,9,2,7,0,Hoke,2022-06-26
2,16,5,11,0,Hoke,2022-06-28
2,17,5,12,0,Hoke,2022-07-01
2,15,0,15,0,Hoke,2022-07-11
3,78,19,59,0,Hoke,2022-01-31
3,45,12,33,0,Hoke,2022-02-07
3,39,10,29,0,Hoke,2022-02-08
3,36,9,27,0,Hoke,2022-02-09
3,25,11,14,0,Hoke,2022-05-09
3,12,3,9,0,Hoke,2022-05-13
3,22,2,20,0,Hoke,2022-05-19
3,25,11,14,0,Hoke,2022-06-07
3,19,3,16,0,Hoke,2022-06-10
3,30,4,26,0,Hoke,2022-06-16
3,26,9,17,0,Hoke,2022-06-23
3,10,2,8,0,Hoke,2022-07-04
3,31,9,22,0,Hoke,2022-07-05
3,11,4,7,0,Hoke,2022-07-10
3,29,6,23,0,Hoke,2022-07-13
3,23,6,17,0,Hoke,2022-07-14
4,9,2,7,0,Hoke,2022-05-07
4,30,6,24,0,Hoke,2022-05-18
4,38,14,24,0,Hoke,2022-06-21
4,18,6,12,0,Hoke,2022-06-29
4,21,5,16,0,Hoke,2022-07-02
5,22,5,17,0,Hoke,2022-05-26
5,23,6,17,0,Hoke,2022-06-22
5,19,5,14,0,Hoke,2022-06-25
5,40,15,25,0,Hoke,2022-07-07
5,26,7,19,0,Hoke,2022-07-15
6,36,12,24,0,Hoke,2022-06-13
6,29,7,22,0,Hoke,2022-06-14
6,37,10,27,0,Hoke,2022-07-06
8,19,9,10,0,Hoke,2022-06-09
9,26,5,21,0,Hoke,2022-06-30
10,164,22,142,0,Hoke,2022-01-25
18,248,46,202,0,Hoke,2022-01-20
25,381,35,346,0,Hoke,2022-01-18
,0,0,0,0,Hyde,2022-02-06
,0,0,0,0,Hyde,2022-02-13
,0,0,0,0,Hyde,2022-02-16
,0,0,0,0,Hyde,2022-02-19
,0,0,0,0,Hyde,2022-02-20
,0,0,0,0,Hyde,2022-02-24
,0,0,0,0,Hyde,2022-02-27
,0,0,0,0,Hyde,2022-02-28
,0,0,0,0,Hyde,2022-03-02
,0,0,0,0,Hyde,2022-03-05
,0,0,0,0,Hyde,2022-03-06
,0,0,0,0,Hyde,2022-03-08
,0,0,0,0,Hyde,2022-03-09
,0,0,0,0,Hyde,2022-03-11
,0,0,0,0,Hyde,2022-03-12
,0,0,0,0,Hyde,2022-03-14
,0,0,0,0,Hyde,2022-03-15
,0,0,0,0,Hyde,2022-03-16
,0,0,0,0,Hyde,2022-03-17
,0,0,0,0,Hyde,2022-03-18
,0,0,0,0,Hyde,2022-03-19
,0,0,0,0,Hyde,2022-03-20
,0,0,0,0,Hyde,2022-03-21
,0,0,0,0,Hyde,2022-03-23
,0,0,0,0,Hyde,2022-03-24
,0,0,0,0,Hyde,2022-03-25
,0,0,0,0,Hyde,2022-03-26
,0,0,0,0,Hyde,2022-03-27
,0,0,0,0,Hyde,2022-03-28
,0,0,0,0,Hyde,2022-03-29
,0,0,0,0,Hyde,2022-03-30
,0,0,0,0,Hyde,2022-03-31
,0,0,0,0,Hyde,2022-04-01
,0,0,0,0,Hyde,2022-04-02
,0,0,0,0,Hyde,2022-04-03
,0,0,0,0,Hyde,2022-04-04
,0,0,0,0,Hyde,2022-04-05
,0,0,0,0,Hyde,2022-04-06
,0,0,0,0,Hyde,2022-04-07
,0,0,0,0,Hyde,2022-04-08
,0,0,0,0,Hyde,2022-04-09
,0,0,0,0,Hyde,2022-04-10
,0,0,0,0,Hyde,2022-04-14
,0,0,0,0,Hyde,2022-04-15
,0,0,0,0,Hyde,2022-04-16
,0,0,0,0,Hyde,2022-04-17
,0,0,0,0,Hyde,2022-04-19
,0,0,0,0,Hyde,2022-04-21
,0,0,0,0,Hyde,2022-04-23
,0,0,0,0,Hyde,2022-04-24
,0,0,0,0,Hyde,2022-04-25
,0,0,0,0,Hyde,2022-04-27
,0,0,0,0,Hyde,2022-04-28
,0,0,0,0,Hyde,2022-04-30
,0,0,0,0,Hyde,2022-05-01
,0,0,0,0,Hyde,2022-05-05
,0,0,0,0,Hyde,2022-05-07
,0,0,0,0,Hyde,2022-05-08
,0,0,0,0,Hyde,2022-05-14
,0,0,0,0,Hyde,2022-05-21
,0,0,0,0,Hyde,2022-05-27
,0,0,0,0,Hyde,2022-05-28
,0,0,0,0,Hyde,2022-05-29
,0,0,0,0,Hyde,2022-06-03
,0,0,0,0,Hyde,2022-06-04
,0,0,0,0,Hyde,2022-06-05
,0,0,0,0,Hyde,2022-06-08
,0,0,0,0,Hyde,2022-06-11
,0,0,0,0,Hyde,2022-06-12
,0,0,0,0,Hyde,2022-06-15
,0,0,0,0,Hyde,2022-06-17
,0,0,0,0,Hyde,2022-06-18
,0,0,0,0,Hyde,2022-06-19
,0,0,0,0,Hyde,2022-06-24
,0,0,0,0,Hyde,2022-06-26
,0,0,0,0,Hyde,2022-07-02
,0,0,0,0,Hyde,2022-07-03
,0,0,0,0,Hyde,2022-07-05
,0,0,0,0,Hyde,2022-07-09
,0,0,0,0,Hyde,2022-07-16
0,24,1,23,0,Hyde,2022-01-18
0,6,1,5,0,Hyde,2022-01-21
0,1,0,1,0,Hyde,2022-01-22
0,6,1,5,0,Hyde,2022-01-28
0,2,0,2,0,Hyde,2022-01-29
0,5,0,5,0,Hyde,2022-02-04
0,1,1,0,0,Hyde,2022-02-05
0,2,0,2,0,Hyde,2022-02-08
0,1,0,1,0,Hyde,2022-02-09
0,3,0,3,0,Hyde,2022-02-10
0,5,0,5,0,Hyde,2022-02-11
0,3,0,3,0,Hyde,2022-02-12
0,2,0,2,0,Hyde,2022-02-14
0,2,0,2,0,Hyde,2022-02-15
0,3,0,3,0,Hyde,2022-02-17
0,1,0,1,0,Hyde,2022-02-18
0,4,1,3,0,Hyde,2022-02-21
0,3,0,3,0,Hyde,2022-02-22
0,1,1,0,0,Hyde,2022-02-23
0,1,0,1,0,Hyde,2022-02-25
0,1,0,1,0,Hyde,2022-03-01
0,1,0,1,0,Hyde,2022-03-03
0,1,0,1,0,Hyde,2022-03-04
0,1,0,1,0,Hyde,2022-03-07
0,1,0,1,0,Hyde,2022-03-10
0,1,0,1,0,Hyde,2022-03-13
0,1,0,1,0,Hyde,2022-03-22
0,1,0,1,0,Hyde,2022-04-11
0,1,0,1,0,Hyde,2022-04-12
0,1,0,1,0,Hyde,2022-04-13
0,1,1,0,0,Hyde,2022-04-18
0,1,0,1,0,Hyde,2022-04-20
0,2,0,2,0,Hyde,2022-04-22
0,1,0,1,0,Hyde,2022-04-26
0,4,0,4,0,Hyde,2022-04-29
0,8,0,8,0,Hyde,2022-05-02
0,6,0,6,0,Hyde,2022-05-03
0,3,1,2,0,Hyde,2022-05-04
0,2,0,2,0,Hyde,2022-05-06
0,2,0,2,0,Hyde,2022-05-12
0,3,0,3,0,Hyde,2022-05-13
0,2,0,2,0,Hyde,2022-05-15
0,5,0,5,0,Hyde,2022-05-18
0,1,0,1,0,Hyde,2022-05-22
0,1,0,1,0,Hyde,2022-05-24
0,3,0,3,0,Hyde,2022-05-30
0,7,0,7,0,Hyde,2022-05-31
0,3,0,3,0,Hyde,2022-06-02
0,4,0,4,0,Hyde,2022-06-06
0,2,0,2,0,Hyde,2022-06-09
0,3,0,3,0,Hyde,2022-06-10
0,1,0,1,0,Hyde,2022-06-14
0,6,0,6,0,Hyde,2022-06-20
0,2,0,2,0,Hyde,2022-06-21
0,1,0,1,0,Hyde,2022-06-23
0,2,1,1,0,Hyde,2022-06-25
0,2,0,2,0,Hyde,2022-06-27
0,2,0,2,0,Hyde,2022-06-28
0,1,0,1,0,Hyde,2022-06-29
0,1,0,1,0,Hyde,2022-07-01
0,1,0,1,0,Hyde,2022-07-04
0,1,0,1,0,Hyde,2022-07-07
0,1,0,1,0,Hyde,2022-07-08
0,1,0,1,0,Hyde,2022-07-10
0,4,0,4,0,Hyde,2022-07-12
0,1,0,1,0,Hyde,2022-07-14
0,1,0,1,0,Hyde,2022-07-15
1,13,2,11,0,Hyde,2022-01-20
1,3,0,3,0,Hyde,2022-01-23
1,19,3,16,0,Hyde,2022-01-24
1,11,0,11,0,Hyde,2022-01-25
1,7,0,7,0,Hyde,2022-01-26
1,11,3,8,0,Hyde,2022-01-27
1,3,0,3,0,Hyde,2022-01-30
1,4,0,4,0,Hyde,2022-02-02
1,5,1,4,0,Hyde,2022-02-03
1,7,0,7,0,Hyde,2022-02-07
1,3,2,1,0,Hyde,2022-05-09
1,6,0,6,0,Hyde,2022-05-10
1,3,0,3,0,Hyde,2022-05-11
1,15,0,15,0,Hyde,2022-05-16
1,4,0,4,0,Hyde,2022-05-19
1,5,0,5,0,Hyde,2022-05-20
1,5,0,5,0,Hyde,2022-05-23
1,8,0,8,0,Hyde,2022-05-26
1,4,0,4,0,Hyde,2022-06-01
1,3,0,3,0,Hyde,2022-06-07
1,6,0,6,0,Hyde,2022-06-13
1,3,1,2,0,Hyde,2022-06-16
1,3,0,3,0,Hyde,2022-06-22
1,2,0,2,0,Hyde,2022-06-30
1,2,0,2,0,Hyde,2022-07-06
1,5,0,5,0,Hyde,2022-07-11
1,3,0,3,0,Hyde,2022-07-13
2,18,2,16,0,Hyde,2022-01-19
2,10,1,9,0,Hyde,2022-02-01
3,18,0,18,0,Hyde,2022-01-31
0,6,4,2,0,Iredell,2022-03-04
0,11,5,6,0,Iredell,2022-03-09
0,3,0,3,0,Iredell,2022-03-10
0,3,0,3,0,Iredell,2022-03-13
0,6,2,4,0,Iredell,2022-03-16
0,5,1,4,0,Iredell,2022-03-18
0,10,7,3,0,Iredell,2022-03-19
0,13,8,5,0,Iredell,2022-03-21
0,8,3,5,0,Iredell,2022-03-22
0,6,2,4,0,Iredell,2022-03-23
0,2,1,1,0,Iredell,2022-03-25
0,2,0,2,0,Iredell,2022-04-03
0,7,4,3,0,Iredell,2022-04-06
0,10,4,6,0,Iredell,2022-04-09
0,11,1,10,0,Iredell,2022-04-15
0,13,7,6,0,Iredell,2022-04-17
0,24,5,19,0,Iredell,2022-04-20
0,36,8,28,0,Iredell,2022-04-29
0,36,17,19,0,Iredell,2022-05-28
1,16,7,9,0,Iredell,2022-02-25
1,6,4,2,0,Iredell,2022-03-11
1,7,2,5,0,Iredell,2022-03-15
1,6,3,3,0,Iredell,2022-03-17
1,5,1,4,0,Iredell,2022-03-20
1,6,3,3,0,Iredell,2022-03-26
1,6,5,1,0,Iredell,2022-03-27
1,8,5,3,0,Iredell,2022-03-28
1,6,3,3,0,Iredell,2022-03-29
1,6,4,2,0,Iredell,2022-03-30
1,8,5,3,0,Iredell,2022-03-31
1,5,3,2,0,Iredell,2022-04-01
1,10,5,5,0,Iredell,2022-04-08
1,13,6,7,0,Iredell,2022-04-10
1,25,2,23,0,Iredell,2022-04-22
1,9,2,7,0,Iredell,2022-04-23
1,34,12,22,0,Iredell,2022-04-27
1,10,4,6,0,Iredell,2022-04-30
1,13,6,7,0,Iredell,2022-05-01
1,20,11,9,0,Iredell,2022-05-08
2,14,8,6,0,Iredell,2022-02-27
2,21,8,13,0,Iredell,2022-03-01
2,23,7,16,0,Iredell,2022-04-11
2,23,8,15,0,Iredell,2022-04-26
2,22,8,14,0,Iredell,2022-05-07
2,54,16,38,0,Iredell,2022-06-07
3,8,4,4,0,Iredell,2022-04-07
3,10,4,6,0,Iredell,2022-04-16
3,30,10,20,0,Iredell,2022-04-21
3,22,6,16,0,Iredell,2022-04-24
3,36,10,26,0,Iredell,2022-05-06
3,41,12,29,0,Iredell,2022-05-12
3,33,18,15,0,Iredell,2022-06-04
3,58,25,33,0,Iredell,2022-06-09
3,41,8,33,0,Iredell,2022-06-13
3,34,11,23,0,Iredell,2022-06-17
3,33,6,27,0,Iredell,2022-06-18
3,39,17,22,0,Iredell,2022-07-10
3,43,12,31,0,Iredell,2022-07-16
4,70,24,46,0,Iredell,2022-02-06
4,28,16,12,0,Iredell,2022-04-18
4,26,14,12,0,Iredell,2022-04-19
4,37,10,27,0,Iredell,2022-05-13
4,46,19,27,0,Iredell,2022-05-22
4,37,17,20,0,Iredell,2022-05-30
4,60,30,30,0,Iredell,2022-06-14
4,37,15,22,0,Iredell,2022-07-02
5,20,13,7,0,Iredell,2022-03-14
5,28,12,16,0,Iredell,2022-04-13
5,23,11,12,0,Iredell,2022-04-14
5,42,20,22,0,Iredell,2022-05-04
5,72,31,41,0,Iredell,2022-05-16
5,61,33,28,0,Iredell,2022-05-26
5,55,11,44,0,Iredell,2022-05-27
5,45,16,29,0,Iredell,2022-05-29
5,46,16,30,0,Iredell,2022-06-19
5,27,18,9,0,Iredell,2022-07-04
5,42,9,33,0,Iredell,2022-07-09
6,41,16,25,0,Iredell,2022-05-02
6,64,26,38,0,Iredell,2022-05-24
6,34,16,18,0,Iredell,2022-06-11
6,45,16,29,0,Iredell,2022-06-12
6,41,13,28,0,Iredell,2022-06-24
6,38,11,27,0,Iredell,2022-06-25
6,41,21,20,0,Iredell,2022-06-26
7,49,11,38,0,Iredell,2022-06-03
7,40,13,27,0,Iredell,2022-07-03
7,40,15,25,0,Iredell,2022-07-08
8,51,22,29,0,Iredell,2022-05-09
8,49,23,26,0,Iredell,2022-05-10
8,54,22,32,0,Iredell,2022-05-11
8,70,30,40,0,Iredell,2022-05-18
8,56,23,33,0,Iredell,2022-06-15
8,66,30,36,0,Iredell,2022-06-23
8,52,18,34,0,Iredell,2022-07-13
9,77,31,46,0,Iredell,2022-05-17
9,75,32,43,0,Iredell,2022-06-01
10,55,22,33,0,Iredell,2022-05-20
10,61,20,41,0,Iredell,2022-06-08
10,66,27,39,0,Iredell,2022-06-30
10,78,31,47,0,Iredell,2022-07-06
10,54,12,42,0,Iredell,2022-07-15
11,67,24,43,0,Iredell,2022-06-21
11,77,37,40,0,Iredell,2022-07-05
12,80,41,39,0,Iredell,2022-07-07
12,72,31,41,0,Iredell,2022-07-11
12,74,34,40,0,Iredell,2022-07-12
13,79,30,49,0,Iredell,2022-07-14
14,162,45,117,0,Iredell,2022-02-07
14,50,13,37,0,Iredell,2022-07-01
15,82,31,51,0,Iredell,2022-05-19
15,77,27,50,0,Iredell,2022-06-22
46,506,153,353,0,Iredell,2022-01-24
,0,0,0,0,Jackson,2022-03-05
,0,0,0,0,Jackson,2022-03-06
,0,0,0,0,Jackson,2022-03-11
,0,0,0,0,Jackson,2022-03-13
,0,0,0,0,Jackson,2022-03-16
,0,0,0,0,Jackson,2022-03-19
,0,0,0,0,Jackson,2022-03-26
,0,0,0,0,Jackson,2022-03-31
,0,0,0,0,Jackson,2022-04-01
,0,0,0,0,Jackson,2022-04-02
,0,0,0,0,Jackson,2022-04-17
,0,0,0,0,Jackson,2022-04-23
,0,0,0,0,Jackson,2022-05-11
0,6,1,5,0,Jackson,2022-01-29
0,52,10,42,0,Jackson,2022-02-01
0,10,2,8,0,Jackson,2022-02-06
0,10,3,7,0,Jackson,2022-02-24
0,12,5,7,0,Jackson,2022-02-28
0,12,3,9,0,Jackson,2022-03-01
0,3,0,3,0,Jackson,2022-03-09
0,3,0,3,0,Jackson,2022-03-10
0,1,0,1,0,Jackson,2022-03-12
0,2,2,0,0,Jackson,2022-03-14
0,3,1,2,0,Jackson,2022-03-15
0,2,0,2,0,Jackson,2022-03-17
0,2,1,1,0,Jackson,2022-03-18
0,1,0,1,0,Jackson,2022-03-21
0,2,2,0,0,Jackson,2022-03-22
0,2,1,1,0,Jackson,2022-03-23
0,1,1,0,0,Jackson,2022-03-28
0,2,1,1,0,Jackson,2022-03-29
0,2,0,2,0,Jackson,2022-04-03
0,1,0,1,0,Jackson,2022-04-04
0,2,0,2,0,Jackson,2022-04-05
0,1,0,1,0,Jackson,2022-04-06
0,5,3,2,0,Jackson,2022-04-07
0,2,1,1,0,Jackson,2022-04-08
0,4,1,3,0,Jackson,2022-04-09
0,1,0,1,0,Jackson,2022-04-10
0,1,1,0,0,Jackson,2022-04-11
0,3,0,3,0,Jackson,2022-04-13
0,2,0,2,0,Jackson,2022-04-16
0,2,0,2,0,Jackson,2022-04-19
0,4,1,3,0,Jackson,2022-04-21
0,4,2,2,0,Jackson,2022-04-22
0,3,1,2,0,Jackson,2022-04-24
0,8,1,7,0,Jackson,2022-04-25
0,1,0,1,0,Jackson,2022-04-30
0,2,0,2,0,Jackson,2022-05-01
0,5,2,3,0,Jackson,2022-05-07
0,4,0,4,0,Jackson,2022-05-08
0,10,3,7,0,Jackson,2022-05-10
0,6,0,6,0,Jackson,2022-05-12
0,13,3,10,0,Jackson,2022-05-13
0,4,1,3,0,Jackson,2022-05-15
0,17,3,14,0,Jackson,2022-05-19
0,4,0,4,0,Jackson,2022-05-22
0,9,0,9,0,Jackson,2022-05-24
0,4,1,3,0,Jackson,2022-05-25
0,6,1,5,0,Jackson,2022-05-29
0,9,4,5,0,Jackson,2022-05-31
0,13,2,11,0,Jackson,2022-06-02
0,8,0,8,0,Jackson,2022-06-03
0,5,1,4,0,Jackson,2022-06-05
0,2,1,1,0,Jackson,2022-06-11
0,10,5,5,0,Jackson,2022-06-14
0,3,1,2,0,Jackson,2022-06-17
0,4,2,2,0,Jackson,2022-06-18
0,10,4,6,0,Jackson,2022-06-21
0,8,3,5,0,Jackson,2022-06-24
0,7,1,6,0,Jackson,2022-06-25
0,10,2,8,0,Jackson,2022-06-26
0,7,3,4,0,Jackson,2022-06-28
0,8,1,7,0,Jackson,2022-07-01
0,5,0,5,0,Jackson,2022-07-03
0,8,2,6,0,Jackson,2022-07-04
0,11,4,7,0,Jackson,2022-07-05
0,14,7,7,0,Jackson,2022-07-11
0,15,5,10,0,Jackson,2022-07-14
1,12,2,10,0,Jackson,2022-02-05
1,24,5,19,0,Jackson,2022-02-08
1,7,1,6,0,Jackson,2022-02-12
1,3,0,3,0,Jackson,2022-02-13
1,28,11,17,0,Jackson,2022-02-16
1,18,7,11,0,Jackson,2022-02-17
1,7,4,3,0,Jackson,2022-02-19
1,11,5,6,0,Jackson,2022-02-21
1,5,1,4,0,Jackson,2022-03-04
1,1,1,0,0,Jackson,2022-03-20
1,2,1,1,0,Jackson,2022-03-24
1,3,1,2,0,Jackson,2022-03-25
1,1,1,0,0,Jackson,2022-03-30
1,1,0,1,0,Jackson,2022-04-12
1,2,0,2,0,Jackson,2022-04-14
1,5,1,4,0,Jackson,2022-04-18
1,6,1,5,0,Jackson,2022-04-20
1,3,0,3,0,Jackson,2022-04-27
1,2,1,1,0,Jackson,2022-04-28
1,5,1,4,0,Jackson,2022-04-29
1,7,4,3,0,Jackson,2022-05-06
1,5,0,5,0,Jackson,2022-05-14
1,16,5,11,0,Jackson,2022-05-16
1,8,0,8,0,Jackson,2022-05-17
1,13,2,11,0,Jackson,2022-05-18
1,7,2,5,0,Jackson,2022-05-20
1,12,1,11,0,Jackson,2022-05-23
1,6,3,3,0,Jackson,2022-05-28
1,4,0,4,0,Jackson,2022-05-30
1,4,0,4,0,Jackson,2022-06-04
1,11,4,7,0,Jackson,2022-06-07
1,7,2,5,0,Jackson,2022-06-10
1,8,0,8,0,Jackson,2022-06-12
1,16,6,10,0,Jackson,2022-06-13
1,10,3,7,0,Jackson,2022-06-15
1,9,2,7,0,Jackson,2022-06-19
1,6,1,5,0,Jackson,2022-06-30
1,10,0,10,0,Jackson,2022-07-02
1,11,5,6,0,Jackson,2022-07-08
1,4,2,2,0,Jackson,2022-07-09
1,12,1,11,0,Jackson,2022-07-16
2,67,16,51,0,Jackson,2022-01-31
2,41,15,26,0,Jackson,2022-02-02
2,41,10,31,0,Jackson,2022-02-07
2,28,8,20,0,Jackson,2022-02-15
2,8,4,4,0,Jackson,2022-02-20
2,7,1,6,0,Jackson,2022-04-26
2,7,1,6,0,Jackson,2022-05-04
2,11,4,7,0,Jackson,2022-05-09
2,9,3,6,0,Jackson,2022-06-08
2,8,5,3,0,Jackson,2022-06-09
2,12,4,8,0,Jackson,2022-06-20
2,10,0,10,0,Jackson,2022-06-22
2,12,2,10,0,Jackson,2022-06-23
2,9,1,8,0,Jackson,2022-07-10
2,14,3,11,0,Jackson,2022-07-12
2,13,5,8,0,Jackson,2022-07-15
3,38,3,35,0,Jackson,2022-01-22
3,26,4,22,0,Jackson,2022-01-23
3,44,14,30,0,Jackson,2022-02-03
3,29,3,26,0,Jackson,2022-02-10
3,13,6,7,0,Jackson,2022-02-18
3,17,6,11,0,Jackson,2022-02-23
3,10,0,10,0,Jackson,2022-05-26
3,15,2,13,0,Jackson,2022-06-01
3,11,2,9,0,Jackson,2022-06-27
3,15,7,8,0,Jackson,2022-07-06
3,13,4,9,0,Jackson,2022-07-13
4,40,12,28,0,Jackson,2022-01-28
4,30,6,24,0,Jackson,2022-01-30
4,16,3,13,0,Jackson,2022-05-27
4,14,2,12,0,Jackson,2022-06-06
5,10,4,6,0,Jackson,2022-07-07
6,27,2,25,0,Jackson,2022-02-09
9,101,24,77,0,Jackson,2022-01-18
10,112,36,76,0,Jackson,2022-01-25
11,122,30,92,0,Jackson,2022-01-20
14,134,49,85,0,Jackson,2022-01-19
16,117,40,77,0,Jackson,2022-01-24
0,5,1,4,0,Johnston,2022-03-05
0,6,0,6,0,Johnston,2022-03-12
0,14,1,13,0,Johnston,2022-03-14
0,6,2,4,0,Johnston,2022-03-16
0,10,2,8,0,Johnston,2022-03-19
0,3,1,2,0,Johnston,2022-03-20
0,6,2,4,0,Johnston,2022-03-26
0,6,1,5,0,Johnston,2022-03-30
0,5,1,4,0,Johnston,2022-04-01
0,1,0,1,0,Johnston,2022-04-03
0,12,3,9,0,Johnston,2022-04-13
0,19,0,19,0,Johnston,2022-04-22
1,13,4,9,0,Johnston,2022-02-20
1,18,4,14,0,Johnston,2022-03-02
1,9,5,4,0,Johnston,2022-03-11
1,9,1,8,0,Johnston,2022-03-18
1,14,3,11,0,Johnston,2022-03-21
1,7,1,6,0,Johnston,2022-03-25
1,19,4,15,0,Johnston,2022-03-28
1,7,2,5,0,Johnston,2022-03-29
1,11,2,9,0,Johnston,2022-03-31
1,10,3,7,0,Johnston,2022-04-05
1,15,6,9,0,Johnston,2022-04-06
1,8,1,7,0,Johnston,2022-04-07
1,5,3,2,0,Johnston,2022-04-08
1,10,2,8,0,Johnston,2022-04-10
1,14,4,10,0,Johnston,2022-04-11
1,8,2,6,0,Johnston,2022-04-16
1,26,8,18,0,Johnston,2022-04-18
1,16,3,13,0,Johnston,2022-04-24
1,14,4,10,0,Johnston,2022-05-01
1,29,10,19,0,Johnston,2022-05-07
1,39,12,27,0,Johnston,2022-05-30
2,27,11,16,0,Johnston,2022-02-28
2,11,2,9,0,Johnston,2022-03-06
2,12,4,8,0,Johnston,2022-03-09
2,10,2,8,0,Johnston,2022-03-17
2,11,1,10,0,Johnston,2022-04-04
2,10,3,7,0,Johnston,2022-04-09
2,17,3,14,0,Johnston,2022-04-14
2,9,2,7,0,Johnston,2022-04-17
2,32,1,31,0,Johnston,2022-06-04
2,42,2,40,0,Johnston,2022-06-05
2,40,6,34,0,Johnston,2022-06-26
3,31,7,24,0,Johnston,2022-02-25
3,9,3,6,0,Johnston,2022-03-22
3,14,8,6,0,Johnston,2022-04-15
3,21,7,14,0,Johnston,2022-04-19
3,24,6,18,0,Johnston,2022-04-20
3,24,6,18,0,Johnston,2022-04-21
3,18,6,12,0,Johnston,2022-04-23
3,55,16,39,0,Johnston,2022-05-13
3,49,10,39,0,Johnston,2022-06-18
4,40,15,25,0,Johnston,2022-02-24
4,41,6,35,0,Johnston,2022-04-26
4,29,7,22,0,Johnston,2022-04-29
4,49,13,36,0,Johnston,2022-05-05
4,41,10,31,0,Johnston,2022-05-06
4,50,7,43,0,Johnston,2022-05-21
4,49,5,44,0,Johnston,2022-05-22
4,28,8,20,0,Johnston,2022-06-12
4,40,11,29,0,Johnston,2022-07-03
4,27,8,19,0,Johnston,2022-07-04
5,51,7,44,0,Johnston,2022-02-17
5,59,9,50,0,Johnston,2022-02-18
5,35,4,31,0,Johnston,2022-04-27
5,36,7,29,0,Johnston,2022-04-30
5,50,10,40,0,Johnston,2022-05-15
5,70,13,57,0,Johnston,2022-06-07
5,44,9,35,0,Johnston,2022-06-11
5,39,8,31,0,Johnston,2022-06-25
6,72,24,48,0,Johnston,2022-02-06
6,60,11,49,0,Johnston,2022-05-04
6,76,17,59,0,Johnston,2022-05-28
6,61,6,55,0,Johnston,2022-06-08
6,72,24,48,0,Johnston,2022-06-13
6,45,15,30,0,Johnston,2022-07-02
6,41,8,33,0,Johnston,2022-07-10
7,61,13,48,0,Johnston,2022-05-03
7,73,10,63,0,Johnston,2022-05-11
7,82,16,66,0,Johnston,2022-05-19
7,97,13,84,0,Johnston,2022-05-25
7,86,19,67,0,Johnston,2022-07-15
8,70,21,49,0,Johnston,2022-05-12
8,97,24,73,0,Johnston,2022-05-26
8,66,12,54,0,Johnston,2022-06-03
8,71,13,58,0,Johnston,2022-06-21
8,74,17,57,0,Johnston,2022-07-01
8,80,15,65,0,Johnston,2022-07-07
9,98,21,77,0,Johnston,2022-05-27
9,65,17,48,0,Johnston,2022-06-09
9,64,14,50,0,Johnston,2022-06-10
9,51,10,41,0,Johnston,2022-06-19
9,69,11,58,0,Johnston,2022-06-22
9,65,14,51,0,Johnston,2022-06-23
9,54,9,45,0,Johnston,2022-07-09
10,78,32,46,0,Johnston,2022-02-21
11,66,15,51,0,Johnston,2022-06-14
11,72,14,58,0,Johnston,2022-06-20
11,73,15,58,0,Johnston,2022-06-30
12,101,26,75,0,Johnston,2022-05-18
12,75,20,55,0,Johnston,2022-07-08
13,88,27,61,0,Johnston,2022-05-20
13,76,20,56,0,Johnston,2022-06-24
13,96,20,76,0,Johnston,2022-06-27
13,86,23,63,0,Johnston,2022-06-29
14,111,32,79,0,Johnston,2022-05-23
14,100,19,81,0,Johnston,2022-06-01
14,98,21,77,0,Johnston,2022-06-06
16,92,21,71,0,Johnston,2022-07-12
17,77,29,48,0,Johnston,2022-06-15
17,121,27,94,0,Johnston,2022-07-05
17,96,24,72,0,Johnston,2022-07-13
18,132,28,104,0,Johnston,2022-05-16
25,365,81,284,0,Johnston,2022-01-31
32,136,49,87,0,Johnston,2022-07-11
66,760,116,644,0,Johnston,2022-01-20
,0,0,0,0,Jones,2022-02-12
,0,0,0,0,Jones,2022-02-13
,0,0,0,0,Jones,2022-02-25
,0,0,0,0,Jones,2022-02-26
,0,0,0,0,Jones,2022-03-02
,0,0,0,0,Jones,2022-03-03
,0,0,0,0,Jones,2022-03-05
,0,0,0,0,Jones,2022-03-06
,0,0,0,0,Jones,2022-03-07
,0,0,0,0,Jones,2022-03-10
,0,0,0,0,Jones,2022-03-12
,0,0,0,0,Jones,2022-03-13
,0,0,0,0,Jones,2022-03-14
,0,0,0,0,Jones,2022-03-15
,0,0,0,0,Jones,2022-03-16
,0,0,0,0,Jones,2022-03-18
,0,0,0,0,Jones,2022-03-19
,0,0,0,0,Jones,2022-03-20
,0,0,0,0,Jones,2022-03-21
,0,0,0,0,Jones,2022-03-22
,0,0,0,0,Jones,2022-03-23
,0,0,0,0,Jones,2022-03-24
,0,0,0,0,Jones,2022-03-25
,0,0,0,0,Jones,2022-03-26
,0,0,0,0,Jones,2022-03-27
,0,0,0,0,Jones,2022-03-28
,0,0,0,0,Jones,2022-03-29
,0,0,0,0,Jones,2022-03-30
,0,0,0,0,Jones,2022-03-31
,0,0,0,0,Jones,2022-04-01
,0,0,0,0,Jones,2022-04-02
,0,0,0,0,Jones,2022-04-04
,0,0,0,0,Jones,2022-04-05
,0,0,0,0,Jones,2022-04-06
,0,0,0,0,Jones,2022-04-07
,0,0,0,0,Jones,2022-04-08
,0,0,0,0,Jones,2022-04-09
,0,0,0,0,Jones,2022-04-10
,0,0,0,0,Jones,2022-04-11
,0,0,0,0,Jones,2022-04-13
,0,0,0,0,Jones,2022-04-15
,0,0,0,0,Jones,2022-04-16
,0,0,0,0,Jones,2022-04-17
,0,0,0,0,Jones,2022-04-18
,0,0,0,0,Jones,2022-04-19
,0,0,0,0,Jones,2022-04-21
,0,0,0,0,Jones,2022-04-22
,0,0,0,0,Jones,2022-04-23
,0,0,0,0,Jones,2022-04-26
,0,0,0,0,Jones,2022-04-27
,0,0,0,0,Jones,2022-04-30
,0,0,0,0,Jones,2022-05-01
,0,0,0,0,Jones,2022-05-03
,0,0,0,0,Jones,2022-05-08
,0,0,0,0,Jones,2022-05-15
,0,0,0,0,Jones,2022-05-24
,0,0,0,0,Jones,2022-05-29
,0,0,0,0,Jones,2022-06-04
,0,0,0,0,Jones,2022-06-05
,0,0,0,0,Jones,2022-06-17
,0,0,0,0,Jones,2022-06-25
0,3,1,2,0,Jones,2022-01-21
0,1,0,1,0,Jones,2022-01-22
0,5,1,4,0,Jones,2022-01-23
0,21,5,16,0,Jones,2022-01-27
0,1,0,1,0,Jones,2022-01-30
0,2,1,1,0,Jones,2022-02-02
0,6,2,4,0,Jones,2022-02-04
0,4,1,3,0,Jones,2022-02-05
0,1,0,1,0,Jones,2022-02-06
0,10,3,7,0,Jones,2022-02-07
0,1,1,0,0,Jones,2022-02-08
0,3,1,2,0,Jones,2022-02-09
0,5,2,3,0,Jones,2022-02-10
0,4,0,4,0,Jones,2022-02-11
0,7,1,6,0,Jones,2022-02-14
0,2,1,1,0,Jones,2022-02-15
0,3,2,1,0,Jones,2022-02-18
0,2,2,0,0,Jones,2022-02-19
0,1,0,1,0,Jones,2022-02-20
0,3,0,3,0,Jones,2022-02-22
0,1,0,1,0,Jones,2022-02-23
0,1,0,1,0,Jones,2022-02-27
0,1,0,1,0,Jones,2022-02-28
0,1,1,0,0,Jones,2022-03-01
0,1,0,1,0,Jones,2022-03-09
0,1,0,1,0,Jones,2022-03-11
0,1,0,1,0,Jones,2022-03-17
0,1,0,1,0,Jones,2022-04-14
0,2,0,2,0,Jones,2022-04-20
0,2,0,2,0,Jones,2022-04-25
0,1,1,0,0,Jones,2022-04-28
0,1,0,1,0,Jones,2022-04-29
0,1,1,0,0,Jones,2022-05-05
0,1,1,0,0,Jones,2022-05-09
0,3,1,2,0,Jones,2022-05-10
0,3,2,1,0,Jones,2022-05-12
0,3,0,3,0,Jones,2022-05-13
0,2,0,2,0,Jones,2022-05-14
0,4,1,3,0,Jones,2022-05-16
0,3,0,3,0,Jones,2022-05-17
0,6,1,5,0,Jones,2022-05-18
0,1,0,1,0,Jones,2022-05-19
0,4,2,2,0,Jones,2022-05-20
0,2,1,1,0,Jones,2022-05-21
0,3,1,2,0,Jones,2022-05-22
0,1,1,0,0,Jones,2022-05-23
0,7,1,6,0,Jones,2022-05-25
0,5,3,2,0,Jones,2022-05-26
0,1,0,1,0,Jones,2022-05-28
0,7,0,7,0,Jones,2022-06-01
0,1,1,0,0,Jones,2022-06-02
0,1,1,0,0,Jones,2022-06-03
0,6,3,3,0,Jones,2022-06-06
0,3,1,2,0,Jones,2022-06-10
0,2,1,1,0,Jones,2022-06-12
0,6,3,3,0,Jones,2022-06-14
0,3,2,1,0,Jones,2022-06-18
0,1,1,0,0,Jones,2022-06-19
0,3,1,2,0,Jones,2022-06-20
0,2,0,2,0,Jones,2022-06-21
0,1,0,1,0,Jones,2022-06-26
0,3,1,2,0,Jones,2022-06-28
0,2,1,1,0,Jones,2022-06-30
0,2,1,1,0,Jones,2022-07-02
0,1,0,1,0,Jones,2022-07-03
0,5,1,4,0,Jones,2022-07-04
0,6,6,0,0,Jones,2022-07-05
0,3,2,1,0,Jones,2022-07-07
0,2,1,1,0,Jones,2022-07-09
0,1,0,1,0,Jones,2022-07-10
0,3,2,1,0,Jones,2022-07-11
0,6,4,2,0,Jones,2022-07-12
0,5,2,3,0,Jones,2022-07-14
0,4,3,1,0,Jones,2022-07-15
0,6,1,5,0,Jones,2022-07-16
1,11,2,9,0,Jones,2022-01-28
1,3,1,2,0,Jones,2022-01-29
1,21,11,10,0,Jones,2022-01-31
1,9,2,7,0,Jones,2022-02-03
1,2,1,1,0,Jones,2022-02-16
1,3,1,2,0,Jones,2022-02-17
1,7,4,3,0,Jones,2022-02-21
1,1,0,1,0,Jones,2022-02-24
1,1,0,1,0,Jones,2022-03-04
1,1,0,1,0,Jones,2022-04-03
1,2,0,2,0,Jones,2022-04-24
1,2,0,2,0,Jones,2022-05-04
1,2,1,1,0,Jones,2022-05-06
1,2,1,1,0,Jones,2022-05-07
1,2,1,1,0,Jones,2022-05-11
1,2,1,1,0,Jones,2022-05-27
1,2,2,0,0,Jones,2022-05-30
1,2,0,2,0,Jones,2022-05-31
1,5,4,1,0,Jones,2022-06-08
1,10,3,7,0,Jones,2022-06-09
1,4,0,4,0,Jones,2022-06-11
1,3,2,1,0,Jones,2022-06-23
1,6,3,3,0,Jones,2022-06-27
1,6,2,4,0,Jones,2022-07-01
1,5,2,3,0,Jones,2022-07-08
1,5,4,1,0,Jones,2022-07-13
2,7,2,5,0,Jones,2022-06-07
2,6,4,2,0,Jones,2022-06-13
2,4,2,2,0,Jones,2022-06-15
2,3,2,1,0,Jones,2022-06-22
2,4,1,3,0,Jones,2022-06-24
2,10,2,8,0,Jones,2022-07-06
3,21,9,12,0,Jones,2022-02-01
4,47,12,35,0,Jones,2022-01-18
4,25,12,13,0,Jones,2022-01-20
5,39,16,23,0,Jones,2022-01-19
5,42,18,24,0,Jones,2022-01-24
8,49,31,18,0,Jones,2022-01-25
,0,0,0,0,Lee,2022-02-27
,0,0,0,0,Lee,2022-03-19
,0,0,0,0,Lee,2022-03-20
,0,0,0,0,Lee,2022-03-22
,0,0,0,0,Lee,2022-03-26
,0,0,0,0,Lee,2022-03-27
,0,0,0,0,Lee,2022-04-09
,0,0,0,0,Lee,2022-04-16
0,29,4,25,0,Lee,2022-01-30
0,21,2,19,0,Lee,2022-02-10
0,18,5,13,0,Lee,2022-02-15
0,9,2,7,0,Lee,2022-02-18
0,8,0,8,0,Lee,2022-02-24
0,4,0,4,0,Lee,2022-02-25
0,4,1,3,0,Lee,2022-02-28
0,5,2,3,0,Lee,2022-03-01
0,10,1,9,0,Lee,2022-03-02
0,4,1,3,0,Lee,2022-03-03
0,6,1,5,0,Lee,2022-03-04
0,1,0,1,0,Lee,2022-03-05
0,5,4,1,0,Lee,2022-03-07
0,3,0,3,0,Lee,2022-03-09
0,1,1,0,0,Lee,2022-03-11
0,1,1,0,0,Lee,2022-03-13
0,1,0,1,0,Lee,2022-03-17
0,4,1,3,0,Lee,2022-03-21
0,2,0,2,0,Lee,2022-03-24
0,4,0,4,0,Lee,2022-03-25
0,2,1,1,0,Lee,2022-03-28
0,1,0,1,0,Lee,2022-03-29
0,4,1,3,0,Lee,2022-03-31
0,2,0,2,0,Lee,2022-04-03
0,1,0,1,0,Lee,2022-04-05
0,1,0,1,0,Lee,2022-04-06
0,3,1,2,0,Lee,2022-04-07
0,2,0,2,0,Lee,2022-04-08
0,1,0,1,0,Lee,2022-04-11
0,5,1,4,0,Lee,2022-04-13
0,5,0,5,0,Lee,2022-04-14
0,4,2,2,0,Lee,2022-04-15
0,2,0,2,0,Lee,2022-04-17
0,4,2,2,0,Lee,2022-04-18
0,12,0,12,0,Lee,2022-04-20
0,10,2,8,0,Lee,2022-04-22
0,8,0,8,0,Lee,2022-04-23
0,2,1,1,0,Lee,2022-04-24
0,7,0,7,0,Lee,2022-04-28
0,7,1,6,0,Lee,2022-04-30
0,8,2,6,0,Lee,2022-05-06
0,7,0,7,0,Lee,2022-05-07
0,9,0,9,0,Lee,2022-05-10
0,12,3,9,0,Lee,2022-05-14
0,10,5,5,0,Lee,2022-05-21
0,13,1,12,0,Lee,2022-05-27
0,11,3,8,0,Lee,2022-05-28
0,4,3,1,0,Lee,2022-05-29
0,7,2,5,0,Lee,2022-06-04
0,19,4,15,0,Lee,2022-06-17
0,5,0,5,0,Lee,2022-06-19
0,9,4,5,0,Lee,2022-06-24
0,7,3,4,0,Lee,2022-06-26
0,14,3,11,0,Lee,2022-07-16
1,38,4,34,0,Lee,2022-02-03
1,26,3,23,0,Lee,2022-02-06
1,7,1,6,0,Lee,2022-02-12
1,13,1,12,0,Lee,2022-02-21
1,1,1,0,0,Lee,2022-03-15
1,5,3,2,0,Lee,2022-03-16
1,4,0,4,0,Lee,2022-03-18
1,5,0,5,0,Lee,2022-03-30
1,1,0,1,0,Lee,2022-04-10
1,4,0,4,0,Lee,2022-04-19
1,6,1,5,0,Lee,2022-04-21
1,5,0,5,0,Lee,2022-04-26
1,12,1,11,0,Lee,2022-04-27
1,6,0,6,0,Lee,2022-04-29
1,3,1,2,0,Lee,2022-05-01
1,14,3,11,0,Lee,2022-05-03
1,14,3,11,0,Lee,2022-05-04
1,17,1,16,0,Lee,2022-05-09
1,14,1,13,0,Lee,2022-05-11
1,15,0,15,0,Lee,2022-05-12
1,17,4,13,0,Lee,2022-05-13
1,23,4,19,0,Lee,2022-05-18
1,19,3,16,0,Lee,2022-05-26
1,14,6,8,0,Lee,2022-05-30
1,12,0,12,0,Lee,2022-06-10
1,8,1,7,0,Lee,2022-06-11
1,9,2,7,0,Lee,2022-06-12
1,8,2,6,0,Lee,2022-06-18
1,22,8,14,0,Lee,2022-06-20
1,11,2,9,0,Lee,2022-06-22
1,13,8,5,0,Lee,2022-06-25
1,10,1,9,0,Lee,2022-07-03
1,18,8,10,0,Lee,2022-07-13
2,25,7,18,0,Lee,2022-01-29
2,22,2,20,0,Lee,2022-02-11
2,8,2,6,0,Lee,2022-02-20
2,7,0,7,0,Lee,2022-02-23
2,13,6,7,0,Lee,2022-05-15
2,26,5,21,0,Lee,2022-05-16
2,23,6,17,0,Lee,2022-05-17
2,23,5,18,0,Lee,2022-05-20
2,12,2,10,0,Lee,2022-05-22
2,9,2,7,0,Lee,2022-06-03
2,22,10,12,0,Lee,2022-06-06
2,13,3,10,0,Lee,2022-06-08
2,20,4,16,0,Lee,2022-06-13
2,17,2,15,0,Lee,2022-06-15
2,24,5,19,0,Lee,2022-06-29
2,23,8,15,0,Lee,2022-07-06
2,13,7,6,0,Lee,2022-07-10
2,16,5,11,0,Lee,2022-07-11
3,18,5,13,0,Lee,2022-05-19
3,25,8,17,0,Lee,2022-05-24
3,22,7,15,0,Lee,2022-07-01
3,13,6,7,0,Lee,2022-07-04
3,22,10,12,0,Lee,2022-07-05
3,21,6,15,0,Lee,2022-07-07
3,27,11,16,0,Lee,2022-07-12
4,50,17,33,0,Lee,2022-01-23
4,81,6,75,0,Lee,2022-01-31
4,41,3,38,0,Lee,2022-02-04
4,36,10,26,0,Lee,2022-02-07
4,28,4,24,0,Lee,2022-06-01
4,24,8,16,0,Lee,2022-06-07
4,24,6,18,0,Lee,2022-06-09
4,24,8,16,0,Lee,2022-06-21
4,16,6,10,0,Lee,2022-06-30
4,12,6,6,0,Lee,2022-07-02
4,18,5,13,0,Lee,2022-07-08
5,126,36,90,0,Lee,2022-01-25
5,22,7,15,0,Lee,2022-07-09
6,78,11,67,0,Lee,2022-01-27
6,71,8,63,0,Lee,2022-02-02
6,20,10,10,0,Lee,2022-06-23
6,23,5,18,0,Lee,2022-06-27
6,16,7,9,0,Lee,2022-07-15
7,80,13,67,0,Lee,2022-01-21
10,136,22,114,0,Lee,2022-01-26
10,31,7,24,0,Lee,2022-06-14
10,26,6,20,0,Lee,2022-07-14
13,180,42,138,0,Lee,2022-01-24
17,210,72,138,0,Lee,2022-01-20
21,239,51,188,0,Lee,2022-01-18
21,302,39,263,0,Lee,2022-01-19
,0,0,0,0,Lenoir,2022-03-12
,0,0,0,0,Lenoir,2022-03-15
,0,0,0,0,Lenoir,2022-03-16
,0,0,0,0,Lenoir,2022-03-19
,0,0,0,0,Lenoir,2022-03-20
,0,0,0,0,Lenoir,2022-03-25
,0,0,0,0,Lenoir,2022-04-01
,0,0,0,0,Lenoir,2022-04-02
,0,0,0,0,Lenoir,2022-04-07
,0,0,0,0,Lenoir,2022-04-16
,0,0,0,0,Lenoir,2022-04-17
,0,0,0,0,Lenoir,2022-05-01
,0,0,0,0,Lenoir,2022-05-06
0,11,0,11,0,Lenoir,2022-02-18
0,4,0,4,0,Lenoir,2022-02-20
0,1,0,1,0,Lenoir,2022-02-26
0,4,1,3,0,Lenoir,2022-02-27
0,3,0,3,0,Lenoir,2022-03-03
0,2,2,0,0,Lenoir,2022-03-09
0,4,0,4,0,Lenoir,2022-03-11
0,1,0,1,0,Lenoir,2022-03-13
0,2,0,2,0,Lenoir,2022-03-14
0,2,1,1,0,Lenoir,2022-03-22
0,1,0,1,0,Lenoir,2022-03-24
0,2,2,0,0,Lenoir,2022-03-29
0,1,0,1,0,Lenoir,2022-03-30
0,1,0,1,0,Lenoir,2022-04-03
0,1,1,0,0,Lenoir,2022-04-04
0,1,0,1,0,Lenoir,2022-04-06
0,1,0,1,0,Lenoir,2022-04-08
0,1,0,1,0,Lenoir,2022-04-09
0,1,0,1,0,Lenoir,2022-04-10
0,2,1,1,0,Lenoir,2022-04-13
0,1,1,0,0,Lenoir,2022-04-15
0,2,1,1,0,Lenoir,2022-04-19
0,2,1,1,0,Lenoir,2022-04-21
0,3,1,2,0,Lenoir,2022-04-22
0,1,1,0,0,Lenoir,2022-04-23
0,3,0,3,0,Lenoir,2022-04-25
0,3,2,1,0,Lenoir,2022-04-29
0,3,3,0,0,Lenoir,2022-04-30
0,6,1,5,0,Lenoir,2022-05-02
0,2,0,2,0,Lenoir,2022-05-07
0,2,1,1,0,Lenoir,2022-05-08
0,4,1,3,0,Lenoir,2022-05-14
0,2,0,2,0,Lenoir,2022-05-21
0,16,5,11,0,Lenoir,2022-05-23
0,11,5,6,0,Lenoir,2022-05-26
0,14,5,9,0,Lenoir,2022-05-27
0,6,3,3,0,Lenoir,2022-05-28
0,7,1,6,0,Lenoir,2022-06-05
0,4,1,3,0,Lenoir,2022-06-11
0,14,7,7,0,Lenoir,2022-06-25
1,31,10,21,0,Lenoir,2022-02-04
1,6,4,2,0,Lenoir,2022-02-12
1,13,1,12,0,Lenoir,2022-02-21
1,7,1,6,0,Lenoir,2022-02-22
1,11,0,11,0,Lenoir,2022-02-24
1,2,0,2,0,Lenoir,2022-03-17
1,1,0,1,0,Lenoir,2022-03-18
1,1,0,1,0,Lenoir,2022-03-21
1,2,1,1,0,Lenoir,2022-03-28
1,2,0,2,0,Lenoir,2022-03-31
1,2,0,2,0,Lenoir,2022-04-11
1,3,3,0,0,Lenoir,2022-04-24
1,2,1,1,0,Lenoir,2022-04-26
1,1,0,1,0,Lenoir,2022-04-27
1,7,0,7,0,Lenoir,2022-05-05
1,7,2,5,0,Lenoir,2022-05-10
1,4,2,2,0,Lenoir,2022-05-11
1,9,3,6,0,Lenoir,2022-05-13
1,9,3,6,0,Lenoir,2022-05-15
1,19,5,14,0,Lenoir,2022-05-16
1,12,4,8,0,Lenoir,2022-05-20
1,6,5,1,0,Lenoir,2022-05-22
1,10,3,7,0,Lenoir,2022-05-24
1,3,1,2,0,Lenoir,2022-05-29
1,3,2,1,0,Lenoir,2022-05-30
1,17,8,9,0,Lenoir,2022-06-01
1,9,6,3,0,Lenoir,2022-06-03
1,19,7,12,0,Lenoir,2022-06-07
1,11,3,8,0,Lenoir,2022-06-17
1,9,5,4,0,Lenoir,2022-06-19
1,9,3,6,0,Lenoir,2022-07-04
1,11,4,7,0,Lenoir,2022-07-09
1,10,3,7,0,Lenoir,2022-07-16
2,10,3,7,0,Lenoir,2022-01-22
2,23,5,18,0,Lenoir,2022-02-11
2,14,2,12,0,Lenoir,2022-02-16
2,2,0,2,0,Lenoir,2022-03-27
2,5,3,2,0,Lenoir,2022-04-18
2,3,2,1,0,Lenoir,2022-04-20
2,8,3,5,0,Lenoir,2022-05-04
2,5,2,3,0,Lenoir,2022-05-09
2,13,4,9,0,Lenoir,2022-05-12
2,17,3,14,0,Lenoir,2022-06-06
2,19,9,10,0,Lenoir,2022-06-08
2,5,2,3,0,Lenoir,2022-06-12
2,18,11,7,0,Lenoir,2022-06-26
2,13,4,9,0,Lenoir,2022-07-02
2,11,6,5,0,Lenoir,2022-07-03
2,23,8,15,0,Lenoir,2022-07-07
2,39,18,21,0,Lenoir,2022-07-15
3,7,1,6,0,Lenoir,2022-05-18
3,4,0,4,0,Lenoir,2022-06-04
3,19,6,13,0,Lenoir,2022-06-09
3,20,9,11,0,Lenoir,2022-06-30
3,31,13,18,0,Lenoir,2022-07-08
3,42,13,29,0,Lenoir,2022-07-13
4,38,8,30,0,Lenoir,2022-01-21
4,43,14,29,0,Lenoir,2022-01-23
4,18,3,15,0,Lenoir,2022-06-10
4,19,6,13,0,Lenoir,2022-06-14
4,16,6,10,0,Lenoir,2022-06-15
4,27,11,16,0,Lenoir,2022-06-16
4,19,5,14,0,Lenoir,2022-06-22
4,32,18,14,0,Lenoir,2022-06-24
4,18,10,8,0,Lenoir,2022-07-10
5,14,5,9,0,Lenoir,2022-05-19
5,26,6,20,0,Lenoir,2022-06-21
5,28,8,20,0,Lenoir,2022-06-29
6,27,11,16,0,Lenoir,2022-06-13
6,34,15,19,0,Lenoir,2022-07-06
7,50,14,36,0,Lenoir,2022-02-03
7,47,12,35,0,Lenoir,2022-06-27
8,53,10,43,0,Lenoir,2022-02-02
8,27,9,18,0,Lenoir,2022-02-10
8,43,15,28,0,Lenoir,2022-07-11
8,29,6,23,0,Lenoir,2022-07-12
9,48,25,23,0,Lenoir,2022-06-20
11,45,17,28,0,Lenoir,2022-07-05
18,250,55,195,0,Lenoir,2022-01-20
29,334,76,258,0,Lenoir,2022-01-19
,0,0,0,0,Lincoln,2022-03-10
,0,0,0,0,Lincoln,2022-03-22
,0,0,0,0,Lincoln,2022-03-25
,0,0,0,0,Lincoln,2022-03-26
,0,0,0,0,Lincoln,2022-04-01
,0,0,0,0,Lincoln,2022-04-04
0,4,2,2,0,Lincoln,2022-02-27
0,3,2,1,0,Lincoln,2022-03-03
0,5,2,3,0,Lincoln,2022-03-04
0,4,1,3,0,Lincoln,2022-03-05
0,1,1,0,0,Lincoln,2022-03-06
0,4,0,4,0,Lincoln,2022-03-12
0,1,0,1,0,Lincoln,2022-03-13
0,7,2,5,0,Lincoln,2022-03-14
0,9,0,9,0,Lincoln,2022-03-15
0,3,0,3,0,Lincoln,2022-03-17
0,2,1,1,0,Lincoln,2022-03-19
0,1,1,0,0,Lincoln,2022-03-20
0,1,0,1,0,Lincoln,2022-03-21
0,4,1,3,0,Lincoln,2022-03-23
0,2,0,2,0,Lincoln,2022-03-24
0,1,0,1,0,Lincoln,2022-03-27
0,1,0,1,0,Lincoln,2022-03-28
0,2,0,2,0,Lincoln,2022-03-30
0,2,0,2,0,Lincoln,2022-03-31
0,1,0,1,0,Lincoln,2022-04-03
0,2,0,2,0,Lincoln,2022-04-06
0,2,1,1,0,Lincoln,2022-04-07
0,3,2,1,0,Lincoln,2022-04-10
0,4,1,3,0,Lincoln,2022-04-11
0,3,0,3,0,Lincoln,2022-04-13
0,9,1,8,0,Lincoln,2022-04-14
0,3,1,2,0,Lincoln,2022-04-16
0,1,0,1,0,Lincoln,2022-04-17
0,7,0,7,0,Lincoln,2022-04-18
0,6,2,4,0,Lincoln,2022-04-20
0,3,1,2,0,Lincoln,2022-04-21
0,5,0,5,0,Lincoln,2022-04-23
0,6,2,4,0,Lincoln,2022-04-24
0,20,2,18,0,Lincoln,2022-04-26
0,13,4,9,0,Lincoln,2022-04-29
0,9,3,6,0,Lincoln,2022-05-07
0,7,1,6,0,Lincoln,2022-05-28
0,5,2,3,0,Lincoln,2022-05-29
0,30,13,17,0,Lincoln,2022-06-01
1,5,2,3,0,Lincoln,2022-02-23
1,16,1,15,0,Lincoln,2022-02-25
1,3,0,3,0,Lincoln,2022-03-09
1,4,1,3,0,Lincoln,2022-03-11
1,4,0,4,0,Lincoln,2022-04-15
1,5,0,5,0,Lincoln,2022-04-19
1,4,0,4,0,Lincoln,2022-04-22
1,6,0,6,0,Lincoln,2022-04-28
1,6,1,5,0,Lincoln,2022-04-30
1,7,1,6,0,Lincoln,2022-05-08
1,5,2,3,0,Lincoln,2022-05-15
1,16,4,12,0,Lincoln,2022-05-30
1,15,5,10,0,Lincoln,2022-06-03
1,15,2,13,0,Lincoln,2022-06-10
1,11,5,6,0,Lincoln,2022-06-25
1,16,4,12,0,Lincoln,2022-07-02
1,10,1,9,0,Lincoln,2022-07-04
2,28,10,18,0,Lincoln,2022-02-17
2,14,9,5,0,Lincoln,2022-02-24
2,4,0,4,0,Lincoln,2022-03-08
2,4,1,3,0,Lincoln,2022-04-09
2,9,1,8,0,Lincoln,2022-04-27
2,14,2,12,0,Lincoln,2022-05-09
2,21,5,16,0,Lincoln,2022-05-10
2,26,7,19,0,Lincoln,2022-05-12
2,27,5,22,0,Lincoln,2022-05-18
2,34,8,26,0,Lincoln,2022-05-19
2,10,0,10,0,Lincoln,2022-05-22
2,27,8,19,0,Lincoln,2022-05-26
2,17,4,13,0,Lincoln,2022-05-27
2,17,2,15,0,Lincoln,2022-06-11
2,24,4,20,0,Lincoln,2022-06-17
2,31,3,28,0,Lincoln,2022-06-18
2,15,4,11,0,Lincoln,2022-06-19
2,27,5,22,0,Lincoln,2022-06-21
2,30,13,17,0,Lincoln,2022-07-06
3,42,7,35,0,Lincoln,2022-02-05
3,19,5,14,0,Lincoln,2022-02-13
3,14,3,11,0,Lincoln,2022-02-19
3,23,4,19,0,Lincoln,2022-02-21
3,11,1,10,0,Lincoln,2022-02-28
3,4,0,4,0,Lincoln,2022-04-08
3,5,1,4,0,Lincoln,2022-04-12
3,12,1,11,0,Lincoln,2022-05-01
3,33,9,24,0,Lincoln,2022-05-24
3,18,2,16,0,Lincoln,2022-06-04
3,21,2,19,0,Lincoln,2022-06-05
3,21,2,19,0,Lincoln,2022-06-09
3,15,2,13,0,Lincoln,2022-06-12
3,31,6,25,0,Lincoln,2022-06-24
3,25,7,18,0,Lincoln,2022-06-30
3,23,6,17,0,Lincoln,2022-07-03
3,29,4,25,0,Lincoln,2022-07-07
3,29,1,28,0,Lincoln,2022-07-09
3,15,1,14,0,Lincoln,2022-07-15
4,19,7,12,0,Lincoln,2022-05-04
4,17,4,13,0,Lincoln,2022-05-06
4,20,4,16,0,Lincoln,2022-05-20
4,22,3,19,0,Lincoln,2022-06-08
4,26,6,20,0,Lincoln,2022-06-13
4,25,6,19,0,Lincoln,2022-07-01
5,93,22,71,0,Lincoln,2022-01-22
5,26,8,18,0,Lincoln,2022-05-11
5,21,3,18,0,Lincoln,2022-05-13
5,27,3,24,0,Lincoln,2022-06-07
5,23,6,17,0,Lincoln,2022-06-14
5,18,6,12,0,Lincoln,2022-06-15
5,32,8,24,0,Lincoln,2022-07-08
5,21,2,19,0,Lincoln,2022-07-16
6,25,4,21,0,Lincoln,2022-06-22
6,30,9,21,0,Lincoln,2022-06-23
6,22,3,19,0,Lincoln,2022-06-26
6,27,6,21,0,Lincoln,2022-07-10
6,39,8,31,0,Lincoln,2022-07-12
7,60,20,40,0,Lincoln,2022-02-08
7,44,15,29,0,Lincoln,2022-05-23
7,37,7,30,0,Lincoln,2022-06-06
7,45,9,36,0,Lincoln,2022-07-11
7,26,3,23,0,Lincoln,2022-07-14
8,32,14,18,0,Lincoln,2022-05-16
8,28,9,19,0,Lincoln,2022-06-16
8,32,8,24,0,Lincoln,2022-06-29
9,108,41,67,0,Lincoln,2022-01-28
9,40,13,27,0,Lincoln,2022-06-20
10,96,26,70,0,Lincoln,2022-02-02
10,85,27,58,0,Lincoln,2022-02-03
13,67,19,48,0,Lincoln,2022-02-09
14,41,20,21,0,Lincoln,2022-07-13
19,180,63,117,0,Lincoln,2022-01-26
22,205,76,129,0,Lincoln,2022-01-24
25,228,78,150,0,Lincoln,2022-01-25
,0,0,0,0,Macon,2022-03-05
,0,0,0,0,Macon,2022-03-06
,0,0,0,0,Macon,2022-03-12
,0,0,0,0,Macon,2022-03-13
,0,0,0,0,Macon,2022-03-20
,0,0,0,0,Macon,2022-03-22
,0,0,0,0,Macon,2022-03-23
,0,0,0,0,Macon,2022-03-24
,0,0,0,0,Macon,2022-03-25
,0,0,0,0,Macon,2022-03-26
,0,0,0,0,Macon,2022-03-27
,0,0,0,0,Macon,2022-03-28
,0,0,0,0,Macon,2022-03-31
,0,0,0,0,Macon,2022-04-09
,0,0,0,0,Macon,2022-04-11
,0,0,0,0,Macon,2022-04-16
,0,0,0,0,Macon,2022-04-17
,0,0,0,0,Macon,2022-05-14
,0,0,0,0,Macon,2022-05-22
0,28,4,24,0,Macon,2022-02-02
0,9,0,9,0,Macon,2022-02-05
0,5,1,4,0,Macon,2022-02-06
0,6,0,6,0,Macon,2022-02-12
0,3,0,3,0,Macon,2022-02-13
0,11,0,11,0,Macon,2022-02-15
0,12,2,10,0,Macon,2022-02-16
0,6,1,5,0,Macon,2022-02-18
0,3,0,3,0,Macon,2022-02-19
0,2,1,1,0,Macon,2022-02-20
0,2,1,1,0,Macon,2022-02-23
0,3,2,1,0,Macon,2022-02-25
0,2,0,2,0,Macon,2022-02-28
0,2,0,2,0,Macon,2022-03-01
0,3,1,2,0,Macon,2022-03-03
0,2,0,2,0,Macon,2022-03-04
0,3,1,2,0,Macon,2022-03-08
0,1,0,1,0,Macon,2022-03-09
0,1,0,1,0,Macon,2022-03-10
0,2,0,2,0,Macon,2022-03-11
0,2,0,2,0,Macon,2022-03-14
0,2,0,2,0,Macon,2022-03-15
0,1,0,1,0,Macon,2022-03-16
0,2,0,2,0,Macon,2022-03-17
0,2,0,2,0,Macon,2022-03-18
0,3,1,2,0,Macon,2022-03-29
0,1,1,0,0,Macon,2022-04-01
0,1,0,1,0,Macon,2022-04-02
0,4,0,4,0,Macon,2022-04-03
0,1,1,0,0,Macon,2022-04-04
0,2,1,1,0,Macon,2022-04-07
0,3,0,3,0,Macon,2022-04-08
0,1,0,1,0,Macon,2022-04-10
0,1,0,1,0,Macon,2022-04-12
0,1,0,1,0,Macon,2022-04-19
0,2,2,0,0,Macon,2022-04-20
0,1,0,1,0,Macon,2022-04-21
0,1,0,1,0,Macon,2022-04-22
0,1,0,1,0,Macon,2022-04-23
0,1,0,1,0,Macon,2022-04-24
0,2,0,2,0,Macon,2022-04-26
0,2,1,1,0,Macon,2022-04-27
0,4,2,2,0,Macon,2022-04-28
0,1,0,1,0,Macon,2022-04-29
0,3,0,3,0,Macon,2022-04-30
0,2,0,2,0,Macon,2022-05-01
0,2,0,2,0,Macon,2022-05-02
0,1,0,1,0,Macon,2022-05-04
0,2,0,2,0,Macon,2022-05-07
0,4,0,4,0,Macon,2022-05-08
0,4,0,4,0,Macon,2022-05-09
0,2,1,1,0,Macon,2022-05-11
0,7,1,6,0,Macon,2022-05-12
0,2,0,2,0,Macon,2022-05-13
0,2,0,2,0,Macon,2022-05-15
0,14,3,11,0,Macon,2022-05-18
0,7,1,6,0,Macon,2022-05-20
0,7,2,5,0,Macon,2022-05-21
0,7,1,6,0,Macon,2022-05-24
0,11,1,10,0,Macon,2022-05-25
0,9,6,3,0,Macon,2022-05-27
0,2,0,2,0,Macon,2022-05-28
0,3,0,3,0,Macon,2022-05-29
0,2,0,2,0,Macon,2022-05-30
0,4,1,3,0,Macon,2022-06-04
0,2,0,2,0,Macon,2022-06-05
0,4,2,2,0,Macon,2022-06-07
0,14,6,8,0,Macon,2022-06-08
0,7,1,6,0,Macon,2022-06-09
0,9,2,7,0,Macon,2022-06-10
0,6,2,4,0,Macon,2022-06-11
0,3,0,3,0,Macon,2022-06-12
0,7,3,4,0,Macon,2022-06-13
0,1,0,1,0,Macon,2022-06-19
0,5,2,3,0,Macon,2022-06-23
0,3,1,2,0,Macon,2022-06-24
0,2,0,2,0,Macon,2022-06-26
0,5,0,5,0,Macon,2022-07-02
0,13,1,12,0,Macon,2022-07-06
0,6,0,6,0,Macon,2022-07-09
0,10,0,10,0,Macon,2022-07-13
0,4,0,4,0,Macon,2022-07-16
1,33,9,24,0,Macon,2022-01-28
1,7,0,7,0,Macon,2022-01-29
1,11,2,9,0,Macon,2022-02-14
1,7,3,4,0,Macon,2022-02-21
1,2,1,1,0,Macon,2022-04-06
1,1,0,1,0,Macon,2022-04-14
1,2,1,1,0,Macon,2022-04-18
1,2,1,1,0,Macon,2022-05-03
1,3,2,1,0,Macon,2022-05-06
1,11,2,9,0,Macon,2022-05-19
1,8,2,6,0,Macon,2022-05-26
1,15,9,6,0,Macon,2022-06-01
1,15,5,10,0,Macon,2022-06-06
1,19,8,11,0,Macon,2022-06-15
1,6,0,6,0,Macon,2022-06-18
1,12,0,12,0,Macon,2022-06-20
1,7,1,6,0,Macon,2022-06-25
1,12,7,5,0,Macon,2022-06-28
1,6,4,2,0,Macon,2022-06-30
1,6,2,4,0,Macon,2022-07-01
1,2,0,2,0,Macon,2022-07-03
1,19,4,15,0,Macon,2022-07-05
1,11,1,10,0,Macon,2022-07-10
1,13,0,13,0,Macon,2022-07-11
2,28,4,24,0,Macon,2022-01-22
2,19,3,16,0,Macon,2022-01-23
2,28,4,24,0,Macon,2022-02-04
2,34,7,27,0,Macon,2022-02-07
2,15,1,14,0,Macon,2022-02-09
2,16,5,11,0,Macon,2022-02-11
2,8,5,3,0,Macon,2022-05-16
2,11,3,8,0,Macon,2022-05-23
2,10,3,7,0,Macon,2022-05-31
2,9,1,8,0,Macon,2022-06-02
2,10,2,8,0,Macon,2022-06-17
2,9,0,9,0,Macon,2022-06-21
2,11,2,9,0,Macon,2022-07-04
2,16,2,14,0,Macon,2022-07-08
2,20,4,16,0,Macon,2022-07-14
2,16,4,12,0,Macon,2022-07-15
3,51,4,47,0,Macon,2022-01-25
3,16,2,14,0,Macon,2022-01-30
3,6,2,4,0,Macon,2022-06-03
3,16,6,10,0,Macon,2022-06-14
3,12,2,10,0,Macon,2022-06-22
3,17,5,12,0,Macon,2022-06-27
3,14,2,12,0,Macon,2022-07-07
3,23,2,21,0,Macon,2022-07-12
4,32,6,26,0,Macon,2022-02-01
4,25,6,19,0,Macon,2022-02-03
5,52,5,47,0,Macon,2022-01-26
7,74,12,62,0,Macon,2022-01-21
10,95,11,84,0,Macon,2022-01-24
,0,0,0,0,Madison,2022-03-05
,0,0,0,0,Madison,2022-03-12
,0,0,0,0,Madison,2022-03-19
,0,0,0,0,Madison,2022-03-20
,0,0,0,0,Madison,2022-03-23
,0,0,0,0,Madison,2022-03-25
,0,0,0,0,Madison,2022-03-26
,0,0,0,0,Madison,2022-03-27
,0,0,0,0,Madison,2022-03-30
,0,0,0,0,Madison,2022-04-01
,0,0,0,0,Madison,2022-04-02
,0,0,0,0,Madison,2022-04-03
,0,0,0,0,Madison,2022-04-04
,0,0,0,0,Madison,2022-04-09
,0,0,0,0,Madison,2022-04-15
,0,0,0,0,Madison,2022-05-01
,0,0,0,0,Madison,2022-05-15
,0,0,0,0,Madison,2022-06-26
,0,0,0,0,Madison,2022-07-09
0,43,4,39,0,Madison,2022-01-28
0,5,2,3,0,Madison,2022-01-29
0,9,2,7,0,Madison,2022-02-12
0,11,2,9,0,Madison,2022-02-18
0,2,1,1,0,Madison,2022-02-19
0,4,4,0,0,Madison,2022-02-20
0,5,0,5,0,Madison,2022-02-23
0,8,4,4,0,Madison,2022-02-25
0,3,0,3,0,Madison,2022-02-27
0,3,1,2,0,Madison,2022-03-03
0,4,1,3,0,Madison,2022-03-04
0,1,1,0,0,Madison,2022-03-06
0,3,0,3,0,Madison,2022-03-07
0,4,2,2,0,Madison,2022-03-08
0,2,0,2,0,Madison,2022-03-10
0,1,0,1,0,Madison,2022-03-11
0,1,1,0,0,Madison,2022-03-13
0,2,0,2,0,Madison,2022-03-15
0,2,1,1,0,Madison,2022-03-16
0,1,0,1,0,Madison,2022-03-17
0,1,0,1,0,Madison,2022-03-18
0,1,0,1,0,Madison,2022-03-21
0,1,0,1,0,Madison,2022-03-22
0,1,0,1,0,Madison,2022-03-24
0,3,0,3,0,Madison,2022-03-28
0,2,0,2,0,Madison,2022-03-29
0,3,0,3,0,Madison,2022-03-31
0,3,1,2,0,Madison,2022-04-06
0,2,2,0,0,Madison,2022-04-07
0,1,0,1,0,Madison,2022-04-08
0,3,2,1,0,Madison,2022-04-12
0,3,0,3,0,Madison,2022-04-13
0,1,1,0,0,Madison,2022-04-16
0,1,0,1,0,Madison,2022-04-17
0,2,1,1,0,Madison,2022-04-19
0,6,1,5,0,Madison,2022-04-20
0,3,0,3,0,Madison,2022-04-21
0,4,1,3,0,Madison,2022-04-22
0,2,2,0,0,Madison,2022-04-23
0,2,1,1,0,Madison,2022-04-24
0,3,2,1,0,Madison,2022-04-25
0,2,1,1,0,Madison,2022-04-29
0,1,0,1,0,Madison,2022-04-30
0,3,2,1,0,Madison,2022-05-02
0,4,3,1,0,Madison,2022-05-04
0,4,3,1,0,Madison,2022-05-05
0,6,4,2,0,Madison,2022-05-06
0,1,1,0,0,Madison,2022-05-07
0,8,2,6,0,Madison,2022-05-09
0,7,6,1,0,Madison,2022-05-10
0,9,6,3,0,Madison,2022-05-12
0,11,6,5,0,Madison,2022-05-13
0,6,4,2,0,Madison,2022-05-21
0,6,2,4,0,Madison,2022-05-24
0,1,0,1,0,Madison,2022-05-29
0,13,6,7,0,Madison,2022-05-31
0,6,2,4,0,Madison,2022-06-02
0,11,1,10,0,Madison,2022-06-03
0,3,3,0,0,Madison,2022-06-05
0,6,1,5,0,Madison,2022-06-09
0,5,3,2,0,Madison,2022-06-10
0,1,1,0,0,Madison,2022-06-11
0,2,1,1,0,Madison,2022-06-12
0,5,2,3,0,Madison,2022-06-13
0,5,2,3,0,Madison,2022-06-15
0,8,1,7,0,Madison,2022-06-16
0,5,2,3,0,Madison,2022-06-17
0,4,1,3,0,Madison,2022-06-18
0,3,1,2,0,Madison,2022-06-19
0,3,2,1,0,Madison,2022-06-23
0,2,0,2,0,Madison,2022-06-25
0,12,7,5,0,Madison,2022-06-27
0,9,4,5,0,Madison,2022-06-29
0,1,1,0,0,Madison,2022-07-01
0,1,0,1,0,Madison,2022-07-02
0,3,2,1,0,Madison,2022-07-03
0,3,0,3,0,Madison,2022-07-04
0,3,1,2,0,Madison,2022-07-07
0,3,1,2,0,Madison,2022-07-08
0,4,1,3,0,Madison,2022-07-12
0,1,0,1,0,Madison,2022-07-16
1,43,5,38,0,Madison,2022-01-21
1,10,5,5,0,Madison,2022-01-23
1,12,1,11,0,Madison,2022-01-30
1,7,1,6,0,Madison,2022-02-05
1,29,5,24,0,Madison,2022-02-09
1,7,3,4,0,Madison,2022-02-13
1,31,6,25,0,Madison,2022-02-14
1,9,1,8,0,Madison,2022-02-15
1,19,3,16,0,Madison,2022-02-17
1,6,4,2,0,Madison,2022-02-28
1,6,0,6,0,Madison,2022-03-01
1,4,0,4,0,Madison,2022-03-14
1,2,0,2,0,Madison,2022-04-10
1,4,2,2,0,Madison,2022-04-11
1,5,2,3,0,Madison,2022-04-14
1,6,2,4,0,Madison,2022-04-18
1,8,0,8,0,Madison,2022-04-26
1,7,4,3,0,Madison,2022-04-28
1,13,4,9,0,Madison,2022-05-17
1,6,3,3,0,Madison,2022-05-20
1,5,4,1,0,Madison,2022-05-26
1,3,0,3,0,Madison,2022-05-27
1,5,3,2,0,Madison,2022-05-30
1,4,1,3,0,Madison,2022-06-04
1,7,4,3,0,Madison,2022-06-06
1,7,1,6,0,Madison,2022-06-08
1,10,5,5,0,Madison,2022-06-14
1,11,4,7,0,Madison,2022-06-20
1,8,4,4,0,Madison,2022-06-21
1,9,5,4,0,Madison,2022-06-22
1,2,0,2,0,Madison,2022-06-24
1,3,1,2,0,Madison,2022-06-30
1,8,1,7,0,Madison,2022-07-05
1,3,0,3,0,Madison,2022-07-10
1,9,5,4,0,Madison,2022-07-11
1,3,1,2,0,Madison,2022-07-15
2,38,7,31,0,Madison,2022-01-26
2,37,8,29,0,Madison,2022-02-03
2,25,5,20,0,Madison,2022-02-16
2,19,6,13,0,Madison,2022-02-21
2,7,3,4,0,Madison,2022-02-24
2,6,4,2,0,Madison,2022-05-11
2,5,3,2,0,Madison,2022-05-14
2,8,5,3,0,Madison,2022-05-18
2,11,8,3,0,Madison,2022-05-19
2,7,4,3,0,Madison,2022-05-22
2,13,9,4,0,Madison,2022-05-23
2,7,2,5,0,Madison,2022-05-25
2,2,1,1,0,Madison,2022-05-28
2,9,3,6,0,Madison,2022-06-01
2,5,4,1,0,Madison,2022-07-06
2,9,1,8,0,Madison,2022-07-13
2,6,2,4,0,Madison,2022-07-14
3,18,7,11,0,Madison,2022-02-04
3,28,8,20,0,Madison,2022-02-10
3,5,0,5,0,Madison,2022-04-27
4,84,6,78,0,Madison,2022-01-19
4,33,2,31,0,Madison,2022-01-22
4,52,13,39,0,Madison,2022-02-07
4,18,2,16,0,Madison,2022-02-08
6,62,7,55,0,Madison,2022-01-25
6,36,11,25,0,Madison,2022-02-02
8,47,7,40,0,Madison,2022-01-31
8,26,17,9,0,Madison,2022-05-16
10,52,10,42,0,Madison,2022-01-20
10,74,19,55,0,Madison,2022-01-24
,0,0,0,0,Martin,2022-02-17
,0,0,0,0,Martin,2022-03-06
,0,0,0,0,Martin,2022-03-08
,0,0,0,0,Martin,2022-03-12
,0,0,0,0,Martin,2022-03-13
,0,0,0,0,Martin,2022-03-14
,0,0,0,0,Martin,2022-03-17
,0,0,0,0,Martin,2022-03-18
,0,0,0,0,Martin,2022-03-19
,0,0,0,0,Martin,2022-03-20
,0,0,0,0,Martin,2022-03-21
,0,0,0,0,Martin,2022-03-22
,0,0,0,0,Martin,2022-03-24
,0,0,0,0,Martin,2022-03-25
,0,0,0,0,Martin,2022-03-26
,0,0,0,0,Martin,2022-03-27
,0,0,0,0,Martin,2022-03-28
,0,0,0,0,Martin,2022-03-29
,0,0,0,0,Martin,2022-03-30
,0,0,0,0,Martin,2022-03-31
,0,0,0,0,Martin,2022-04-02
,0,0,0,0,Martin,2022-04-03
,0,0,0,0,Martin,2022-04-04
,0,0,0,0,Martin,2022-04-05
,0,0,0,0,Martin,2022-04-08
,0,0,0,0,Martin,2022-04-09
,0,0,0,0,Martin,2022-04-10
,0,0,0,0,Martin,2022-04-11
,0,0,0,0,Martin,2022-04-14
,0,0,0,0,Martin,2022-04-15
,0,0,0,0,Martin,2022-04-16
,0,0,0,0,Martin,2022-04-17
,0,0,0,0,Martin,2022-04-18
,0,0,0,0,Martin,2022-04-19
,0,0,0,0,Martin,2022-04-23
,0,0,0,0,Martin,2022-04-24
,0,0,0,0,Martin,2022-04-30
,0,0,0,0,Martin,2022-05-01
,0,0,0,0,Martin,2022-05-07
,0,0,0,0,Martin,2022-06-25
0,2,1,1,0,Martin,2022-01-22
0,2,0,2,0,Martin,2022-01-29
0,3,1,2,0,Martin,2022-01-30
0,12,0,12,0,Martin,2022-02-04
0,1,0,1,0,Martin,2022-02-06
0,1,0,1,0,Martin,2022-02-20
0,10,1,9,0,Martin,2022-02-21
0,3,0,3,0,Martin,2022-02-22
0,2,0,2,0,Martin,2022-02-23
0,2,0,2,0,Martin,2022-02-24
0,1,0,1,0,Martin,2022-03-04
0,1,0,1,0,Martin,2022-03-05
0,1,0,1,0,Martin,2022-03-09
0,1,0,1,0,Martin,2022-03-10
0,1,0,1,0,Martin,2022-03-11
0,1,1,0,0,Martin,2022-03-15
0,1,0,1,0,Martin,2022-03-16
0,1,0,1,0,Martin,2022-04-01
0,2,1,1,0,Martin,2022-04-06
0,1,0,1,0,Martin,2022-04-07
0,1,1,0,0,Martin,2022-04-12
0,1,0,1,0,Martin,2022-04-13
0,3,2,1,0,Martin,2022-04-20
0,2,0,2,0,Martin,2022-04-22
0,2,0,2,0,Martin,2022-04-28
0,3,2,1,0,Martin,2022-05-05
0,2,1,1,0,Martin,2022-05-10
0,1,1,0,0,Martin,2022-05-11
0,4,1,3,0,Martin,2022-05-12
0,5,0,5,0,Martin,2022-05-13
0,1,0,1,0,Martin,2022-05-15
0,9,2,7,0,Martin,2022-05-18
0,4,0,4,0,Martin,2022-05-29
0,4,1,3,0,Martin,2022-06-04
0,1,0,1,0,Martin,2022-06-05
0,9,2,7,0,Martin,2022-06-09
0,2,0,2,0,Martin,2022-06-10
0,2,0,2,0,Martin,2022-06-12
0,3,0,3,0,Martin,2022-06-17
0,2,0,2,0,Martin,2022-06-19
0,12,4,8,0,Martin,2022-06-21
0,9,2,7,0,Martin,2022-06-22
0,1,1,0,0,Martin,2022-07-03
0,8,2,6,0,Martin,2022-07-06
0,3,0,3,0,Martin,2022-07-10
0,10,1,9,0,Martin,2022-07-15
0,1,0,1,0,Martin,2022-07-16
1,4,0,4,0,Martin,2022-01-21
1,11,2,9,0,Martin,2022-02-05
1,19,1,18,0,Martin,2022-02-07
1,10,1,9,0,Martin,2022-02-10
1,14,1,13,0,Martin,2022-02-11
1,4,0,4,0,Martin,2022-02-15
1,4,1,3,0,Martin,2022-02-16
1,4,0,4,0,Martin,2022-02-18
1,4,0,4,0,Martin,2022-03-01
1,1,0,1,0,Martin,2022-03-03
1,2,1,1,0,Martin,2022-04-21
1,2,0,2,0,Martin,2022-04-27
1,3,1,2,0,Martin,2022-04-29
1,5,2,3,0,Martin,2022-05-04
1,2,1,1,0,Martin,2022-05-06
1,3,1,2,0,Martin,2022-05-09
1,9,2,7,0,Martin,2022-05-16
1,11,4,7,0,Martin,2022-05-19
1,5,1,4,0,Martin,2022-05-22
1,7,2,5,0,Martin,2022-05-26
1,7,3,4,0,Martin,2022-05-27
1,4,2,2,0,Martin,2022-05-28
1,2,1,1,0,Martin,2022-05-30
1,8,2,6,0,Martin,2022-06-01
1,6,2,4,0,Martin,2022-06-03
1,2,0,2,0,Martin,2022-06-11
1,14,2,12,0,Martin,2022-06-14
1,13,3,10,0,Martin,2022-06-15
1,12,3,9,0,Martin,2022-06-20
1,3,0,3,0,Martin,2022-06-26
1,8,4,4,0,Martin,2022-06-29
1,11,2,9,0,Martin,2022-06-30
1,3,0,3,0,Martin,2022-07-02
2,21,1,20,0,Martin,2022-02-02
2,15,1,14,0,Martin,2022-02-08
2,9,2,7,0,Martin,2022-02-14
2,6,2,4,0,Martin,2022-05-02
2,9,2,7,0,Martin,2022-05-23
2,14,5,9,0,Martin,2022-05-24
2,14,5,9,0,Martin,2022-06-07
2,13,4,9,0,Martin,2022-06-08
2,11,2,9,0,Martin,2022-06-13
2,11,2,9,0,Martin,2022-06-23
2,7,3,4,0,Martin,2022-06-24
2,10,3,7,0,Martin,2022-06-27
2,4,2,2,0,Martin,2022-07-04
2,16,1,15,0,Martin,2022-07-07
2,8,2,6,0,Martin,2022-07-09
2,16,7,9,0,Martin,2022-07-13
3,34,2,32,0,Martin,2022-01-28
3,41,2,39,0,Martin,2022-01-31
3,14,6,8,0,Martin,2022-06-06
3,12,3,9,0,Martin,2022-06-16
3,8,4,4,0,Martin,2022-06-18
3,10,4,6,0,Martin,2022-07-01
3,17,8,9,0,Martin,2022-07-05
3,9,3,6,0,Martin,2022-07-12
3,12,2,10,0,Martin,2022-07-14
4,45,4,41,0,Martin,2022-02-01
4,11,4,7,0,Martin,2022-05-20
4,13,5,8,0,Martin,2022-07-08
5,46,13,33,0,Martin,2022-01-25
5,17,8,9,0,Martin,2022-07-11
7,76,10,66,0,Martin,2022-01-20
11,110,6,104,0,Martin,2022-01-19
,0,0,0,0,McDowell,2022-03-12
,0,0,0,0,McDowell,2022-03-19
,0,0,0,0,McDowell,2022-03-23
,0,0,0,0,McDowell,2022-03-26
,0,0,0,0,McDowell,2022-03-27
,0,0,0,0,McDowell,2022-03-31
,0,0,0,0,McDowell,2022-04-03
,0,0,0,0,McDowell,2022-04-15
0,13,2,11,0,McDowell,2022-02-24
0,6,1,5,0,McDowell,2022-02-25
0,3,2,1,0,McDowell,2022-02-26
0,7,1,6,0,McDowell,2022-02-27
0,12,1,11,0,McDowell,2022-03-01
0,4,0,4,0,McDowell,2022-03-04
0,5,0,5,0,McDowell,2022-03-07
0,4,3,1,0,McDowell,2022-03-10
0,2,0,2,0,McDowell,2022-03-11
0,2,2,0,0,McDowell,2022-03-13
0,2,0,2,0,McDowell,2022-03-14
0,5,1,4,0,McDowell,2022-03-16
0,1,1,0,0,McDowell,2022-03-17
0,1,0,1,0,McDowell,2022-03-18
0,1,1,0,0,McDowell,2022-03-20
0,2,1,1,0,McDowell,2022-03-21
0,1,1,0,0,McDowell,2022-03-24
0,2,0,2,0,McDowell,2022-03-25
0,2,0,2,0,McDowell,2022-03-28
0,3,0,3,0,McDowell,2022-03-29
0,1,0,1,0,McDowell,2022-03-30
0,2,0,2,0,McDowell,2022-04-02
0,4,0,4,0,McDowell,2022-04-07
0,2,1,1,0,McDowell,2022-04-08
0,2,0,2,0,McDowell,2022-04-09
0,3,0,3,0,McDowell,2022-04-11
0,2,0,2,0,McDowell,2022-04-12
0,2,0,2,0,McDowell,2022-04-13
0,1,0,1,0,McDowell,2022-04-16
0,1,1,0,0,McDowell,2022-04-17
0,5,2,3,0,McDowell,2022-04-19
0,5,2,3,0,McDowell,2022-04-22
0,3,1,2,0,McDowell,2022-04-23
0,1,1,0,0,McDowell,2022-04-24
0,6,0,6,0,McDowell,2022-04-26
0,1,0,1,0,McDowell,2022-04-30
0,9,2,7,0,McDowell,2022-05-02
0,9,2,7,0,McDowell,2022-05-04
0,3,0,3,0,McDowell,2022-05-07
0,3,0,3,0,McDowell,2022-05-10
0,3,2,1,0,McDowell,2022-05-12
0,9,0,9,0,McDowell,2022-05-13
0,7,0,7,0,McDowell,2022-05-14
0,8,1,7,0,McDowell,2022-05-22
0,9,1,8,0,McDowell,2022-05-28
0,19,3,16,0,McDowell,2022-06-15
0,8,0,8,0,McDowell,2022-06-25
1,41,20,21,0,McDowell,2022-02-05
1,22,10,12,0,McDowell,2022-02-12
1,13,1,12,0,McDowell,2022-02-20
1,10,1,9,0,McDowell,2022-02-28
1,5,2,3,0,McDowell,2022-03-05
1,3,1,2,0,McDowell,2022-03-09
1,3,0,3,0,McDowell,2022-03-15
1,5,0,5,0,McDowell,2022-04-01
1,2,2,0,0,McDowell,2022-04-06
1,1,0,1,0,McDowell,2022-04-10
1,4,2,2,0,McDowell,2022-04-14
1,4,1,3,0,McDowell,2022-04-18
1,8,1,7,0,McDowell,2022-04-20
1,5,0,5,0,McDowell,2022-04-25
1,5,1,4,0,McDowell,2022-04-27
1,4,2,2,0,McDowell,2022-04-28
1,1,0,1,0,McDowell,2022-05-01
1,8,2,6,0,McDowell,2022-05-05
1,9,0,9,0,McDowell,2022-05-06
1,6,0,6,0,McDowell,2022-05-15
1,13,2,11,0,McDowell,2022-05-25
1,8,1,7,0,McDowell,2022-06-07
1,7,2,5,0,McDowell,2022-06-09
1,14,2,12,0,McDowell,2022-06-14
1,19,3,16,0,McDowell,2022-06-17
1,8,4,4,0,McDowell,2022-06-19
1,19,7,12,0,McDowell,2022-06-20
1,10,1,9,0,McDowell,2022-06-21
1,5,0,5,0,McDowell,2022-06-26
1,18,2,16,0,McDowell,2022-06-29
1,14,5,9,0,McDowell,2022-07-01
1,14,3,11,0,McDowell,2022-07-04
2,42,17,25,0,McDowell,2022-01-30
2,36,16,20,0,McDowell,2022-02-09
2,19,6,13,0,McDowell,2022-02-13
2,33,16,17,0,McDowell,2022-02-17
2,17,4,13,0,McDowell,2022-02-22
2,6,3,3,0,McDowell,2022-04-21
2,7,4,3,0,McDowell,2022-04-29
2,17,4,13,0,McDowell,2022-05-09
2,13,0,13,0,McDowell,2022-05-11
2,12,0,12,0,McDowell,2022-05-16
2,15,3,12,0,McDowell,2022-05-17
2,8,1,7,0,McDowell,2022-05-19
2,11,1,10,0,McDowell,2022-05-21
2,26,3,23,0,McDowell,2022-05-23
2,18,1,17,0,McDowell,2022-05-24
2,14,1,13,0,McDowell,2022-05-27
2,19,2,17,0,McDowell,2022-06-04
2,14,2,12,0,McDowell,2022-06-08
2,10,0,10,0,McDowell,2022-06-10
2,10,5,5,0,McDowell,2022-06-18
2,15,1,14,0,McDowell,2022-06-22
2,19,3,16,0,McDowell,2022-06-23
2,9,3,6,0,McDowell,2022-07-02
3,15,3,12,0,McDowell,2022-02-23
3,20,4,16,0,McDowell,2022-05-18
3,12,0,12,0,McDowell,2022-05-20
3,13,1,12,0,McDowell,2022-05-26
3,10,0,10,0,McDowell,2022-05-29
3,23,2,21,0,McDowell,2022-06-01
3,8,2,6,0,McDowell,2022-06-03
3,17,2,15,0,McDowell,2022-06-06
3,10,0,10,0,McDowell,2022-06-11
3,24,2,22,0,McDowell,2022-07-13
3,18,1,17,0,McDowell,2022-07-15
4,19,0,19,0,McDowell,2022-06-05
4,15,0,15,0,McDowell,2022-06-12
4,16,5,11,0,McDowell,2022-06-13
4,19,10,9,0,McDowell,2022-06-16
4,18,2,16,0,McDowell,2022-06-24
4,27,10,17,0,McDowell,2022-06-27
4,20,6,14,0,McDowell,2022-06-30
4,17,8,9,0,McDowell,2022-07-03
4,24,2,22,0,McDowell,2022-07-06
4,29,1,28,0,McDowell,2022-07-16
5,56,16,40,0,McDowell,2022-01-22
5,31,11,20,0,McDowell,2022-07-08
5,18,3,15,0,McDowell,2022-07-09
5,16,5,11,0,McDowell,2022-07-10
5,26,11,15,0,McDowell,2022-07-11
5,20,5,15,0,McDowell,2022-07-14
6,56,26,30,0,McDowell,2022-01-29
6,27,9,18,0,McDowell,2022-07-07
6,25,2,23,0,McDowell,2022-07-12
7,40,14,26,0,McDowell,2022-02-15
8,111,54,57,0,McDowell,2022-01-21
8,28,4,24,0,McDowell,2022-02-18
8,48,17,31,0,McDowell,2022-07-05
9,118,33,85,0,McDowell,2022-01-26
13,125,45,80,0,McDowell,2022-01-28
14,109,31,78,0,McDowell,2022-01-27
15,102,41,61,0,McDowell,2022-01-31
25,170,63,107,0,McDowell,2022-01-19
1,28,8,20,0,Mecklenburg,2022-03-12
1,20,5,15,0,Mecklenburg,2022-03-13
1,52,9,43,0,Mecklenburg,2022-03-14
1,37,7,30,0,Mecklenburg,2022-03-18
1,38,8,30,0,Mecklenburg,2022-03-26
1,46,4,42,0,Mecklenburg,2022-04-09
2,65,17,48,0,Mecklenburg,2022-03-23
2,69,14,55,0,Mecklenburg,2022-03-30
3,52,12,40,0,Mecklenburg,2022-03-09
3,69,17,52,0,Mecklenburg,2022-03-31
3,59,10,49,0,Mecklenburg,2022-04-10
4,52,9,43,0,Mecklenburg,2022-03-15
4,39,5,34,0,Mecklenburg,2022-03-27
5,111,16,95,0,Mecklenburg,2022-04-16
5,124,31,93,0,Mecklenburg,2022-04-23
6,51,9,42,0,Mecklenburg,2022-03-22
6,108,19,89,0,Mecklenburg,2022-04-06
7,62,10,52,0,Mecklenburg,2022-04-01
8,69,3,66,0,Mecklenburg,2022-04-17
9,57,14,43,0,Mecklenburg,2022-02-26
9,92,24,68,0,Mecklenburg,2022-04-04
9,156,33,123,0,Mecklenburg,2022-04-30
10,141,27,114,0,Mecklenburg,2022-04-24
10,301,46,255,0,Mecklenburg,2022-05-15
11,191,38,153,0,Mecklenburg,2022-04-13
12,132,19,113,0,Mecklenburg,2022-04-15
13,130,18,112,0,Mecklenburg,2022-04-07
13,151,22,129,0,Mecklenburg,2022-04-11
14,182,22,160,0,Mecklenburg,2022-04-14
15,245,36,209,0,Mecklenburg,2022-04-21
15,249,37,212,0,Mecklenburg,2022-04-29
15,192,21,171,0,Mecklenburg,2022-05-01
16,261,49,212,0,Mecklenburg,2022-04-28
16,231,26,205,0,Mecklenburg,2022-05-07
17,174,29,145,0,Mecklenburg,2022-04-22
19,226,35,191,0,Mecklenburg,2022-04-20
19,303,48,255,0,Mecklenburg,2022-04-27
21,280,42,238,0,Mecklenburg,2022-05-28
23,277,24,253,0,Mecklenburg,2022-05-29
24,316,42,274,0,Mecklenburg,2022-05-22
24,220,37,183,0,Mecklenburg,2022-05-30
24,259,27,232,0,Mecklenburg,2022-06-05
25,290,41,249,0,Mecklenburg,2022-04-25
25,241,32,209,0,Mecklenburg,2022-06-11
26,314,60,254,0,Mecklenburg,2022-05-06
29,309,27,282,0,Mecklenburg,2022-05-14
29,253,16,237,0,Mecklenburg,2022-06-12
29,230,32,198,0,Mecklenburg,2022-07-04
31,333,47,286,0,Mecklenburg,2022-06-25
32,268,52,216,0,Mecklenburg,2022-04-26
32,265,38,227,0,Mecklenburg,2022-06-18
32,285,33,252,0,Mecklenburg,2022-06-19
34,461,75,386,0,Mecklenburg,2022-05-26
35,504,66,438,0,Mecklenburg,2022-05-19
35,453,45,408,0,Mecklenburg,2022-06-09
36,454,64,390,0,Mecklenburg,2022-05-13
38,381,31,350,0,Mecklenburg,2022-06-17
38,333,38,295,0,Mecklenburg,2022-07-16
40,393,66,327,0,Mecklenburg,2022-05-02
40,417,68,349,0,Mecklenburg,2022-05-20
41,296,29,267,0,Mecklenburg,2022-07-09
43,495,57,438,0,Mecklenburg,2022-05-24
44,468,90,378,0,Mecklenburg,2022-05-16
44,419,65,354,0,Mecklenburg,2022-06-03
44,463,49,414,0,Mecklenburg,2022-06-22
46,466,68,398,0,Mecklenburg,2022-05-09
46,428,47,381,0,Mecklenburg,2022-06-15
49,416,49,367,0,Mecklenburg,2022-06-07
49,459,59,400,0,Mecklenburg,2022-06-21
49,364,30,334,0,Mecklenburg,2022-07-10
50,456,64,392,0,Mecklenburg,2022-06-06
56,526,77,449,0,Mecklenburg,2022-05-18
56,428,43,385,0,Mecklenburg,2022-06-14
56,412,45,367,0,Mecklenburg,2022-06-16
57,470,49,421,0,Mecklenburg,2022-06-20
57,433,59,374,0,Mecklenburg,2022-07-01
59,554,79,475,0,Mecklenburg,2022-05-17
62,569,65,504,0,Mecklenburg,2022-06-01
63,561,53,508,0,Mecklenburg,2022-07-12
65,564,73,491,0,Mecklenburg,2022-07-11
67,410,54,356,0,Mecklenburg,2022-06-24
72,512,57,455,0,Mecklenburg,2022-07-14
73,472,54,418,0,Mecklenburg,2022-07-08
75,524,55,469,0,Mecklenburg,2022-07-13
78,577,71,506,0,Mecklenburg,2022-06-29
82,643,95,548,0,Mecklenburg,2022-07-05
,0,0,0,0,Mitchell,2022-02-17
,0,0,0,0,Mitchell,2022-02-27
,0,0,0,0,Mitchell,2022-03-05
,0,0,0,0,Mitchell,2022-03-06
,0,0,0,0,Mitchell,2022-03-10
,0,0,0,0,Mitchell,2022-03-12
,0,0,0,0,Mitchell,2022-03-14
,0,0,0,0,Mitchell,2022-03-16
,0,0,0,0,Mitchell,2022-03-18
,0,0,0,0,Mitchell,2022-03-22
,0,0,0,0,Mitchell,2022-03-23
,0,0,0,0,Mitchell,2022-03-26
,0,0,0,0,Mitchell,2022-03-27
,0,0,0,0,Mitchell,2022-03-28
,0,0,0,0,Mitchell,2022-04-01
,0,0,0,0,Mitchell,2022-04-02
,0,0,0,0,Mitchell,2022-04-03
,0,0,0,0,Mitchell,2022-04-04
,0,0,0,0,Mitchell,2022-04-05
,0,0,0,0,Mitchell,2022-04-06
,0,0,0,0,Mitchell,2022-04-07
,0,0,0,0,Mitchell,2022-04-09
,0,0,0,0,Mitchell,2022-04-10
,0,0,0,0,Mitchell,2022-04-11
,0,0,0,0,Mitchell,2022-04-14
,0,0,0,0,Mitchell,2022-04-16
,0,0,0,0,Mitchell,2022-04-17
,0,0,0,0,Mitchell,2022-04-18
,0,0,0,0,Mitchell,2022-04-19
,0,0,0,0,Mitchell,2022-04-23
,0,0,0,0,Mitchell,2022-04-24
,0,0,0,0,Mitchell,2022-04-25
,0,0,0,0,Mitchell,2022-04-28
,0,0,0,0,Mitchell,2022-04-29
,0,0,0,0,Mitchell,2022-04-30
,0,0,0,0,Mitchell,2022-05-01
,0,0,0,0,Mitchell,2022-05-02
,0,0,0,0,Mitchell,2022-05-05
,0,0,0,0,Mitchell,2022-05-07
,0,0,0,0,Mitchell,2022-05-08
,0,0,0,0,Mitchell,2022-05-15
,0,0,0,0,Mitchell,2022-05-28
,0,0,0,0,Mitchell,2022-06-19
,0,0,0,0,Mitchell,2022-07-04
0,4,0,4,0,Mitchell,2022-01-23
0,15,2,13,0,Mitchell,2022-01-26
0,22,9,13,0,Mitchell,2022-01-31
0,13,3,10,0,Mitchell,2022-02-02
0,22,2,20,0,Mitchell,2022-02-04
0,2,0,2,0,Mitchell,2022-02-05
0,3,1,2,0,Mitchell,2022-02-06
0,8,2,6,0,Mitchell,2022-02-10
0,7,2,5,0,Mitchell,2022-02-11
0,2,0,2,0,Mitchell,2022-02-12
0,1,0,1,0,Mitchell,2022-02-20
0,4,1,3,0,Mitchell,2022-02-22
0,3,1,2,0,Mitchell,2022-02-24
0,4,0,4,0,Mitchell,2022-02-25
0,3,2,1,0,Mitchell,2022-03-02
0,1,1,0,0,Mitchell,2022-03-04
0,1,0,1,0,Mitchell,2022-03-07
0,1,0,1,0,Mitchell,2022-03-09
0,1,1,0,0,Mitchell,2022-03-11
0,1,1,0,0,Mitchell,2022-03-13
0,1,1,0,0,Mitchell,2022-03-15
0,1,0,1,0,Mitchell,2022-03-17
0,1,0,1,0,Mitchell,2022-03-19
0,1,1,0,0,Mitchell,2022-03-20
0,2,1,1,0,Mitchell,2022-03-24
0,1,0,1,0,Mitchell,2022-03-29
0,2,1,1,0,Mitchell,2022-03-31
0,1,1,0,0,Mitchell,2022-04-08
0,1,1,0,0,Mitchell,2022-04-12
0,1,1,0,0,Mitchell,2022-04-13
0,1,0,1,0,Mitchell,2022-04-15
0,2,0,2,0,Mitchell,2022-04-21
0,1,0,1,0,Mitchell,2022-04-26
0,1,1,0,0,Mitchell,2022-04-27
0,3,2,1,0,Mitchell,2022-05-04
0,1,1,0,0,Mitchell,2022-05-06
0,1,0,1,0,Mitchell,2022-05-10
0,1,0,1,0,Mitchell,2022-05-13
0,3,3,0,0,Mitchell,2022-05-18
0,3,2,1,0,Mitchell,2022-05-19
0,5,1,4,0,Mitchell,2022-05-20
0,2,0,2,0,Mitchell,2022-05-21
0,3,0,3,0,Mitchell,2022-05-22
0,4,2,2,0,Mitchell,2022-05-25
0,5,1,4,0,Mitchell,2022-05-27
0,5,0,5,0,Mitchell,2022-05-29
0,7,3,4,0,Mitchell,2022-06-09
0,3,2,1,0,Mitchell,2022-06-11
0,8,2,6,0,Mitchell,2022-06-15
0,6,2,4,0,Mitchell,2022-06-18
0,9,4,5,0,Mitchell,2022-06-21
0,5,1,4,0,Mitchell,2022-06-23
0,3,2,1,0,Mitchell,2022-06-25
0,6,1,5,0,Mitchell,2022-06-26
0,4,2,2,0,Mitchell,2022-06-30
0,8,2,6,0,Mitchell,2022-07-01
0,1,0,1,0,Mitchell,2022-07-02
0,1,0,1,0,Mitchell,2022-07-03
0,8,5,3,0,Mitchell,2022-07-05
0,4,0,4,0,Mitchell,2022-07-06
0,3,2,1,0,Mitchell,2022-07-07
0,5,3,2,0,Mitchell,2022-07-09
0,7,3,4,0,Mitchell,2022-07-11
0,2,0,2,0,Mitchell,2022-07-13
0,3,0,3,0,Mitchell,2022-07-14
0,1,0,1,0,Mitchell,2022-07-16
1,25,3,22,0,Mitchell,2022-01-21
1,4,3,1,0,Mitchell,2022-01-29
1,7,4,3,0,Mitchell,2022-01-30
1,7,5,2,0,Mitchell,2022-02-15
1,10,6,4,0,Mitchell,2022-02-16
1,3,2,1,0,Mitchell,2022-02-23
1,3,1,2,0,Mitchell,2022-02-28
1,3,1,2,0,Mitchell,2022-03-01
1,1,0,1,0,Mitchell,2022-03-08
1,1,0,1,0,Mitchell,2022-03-25
1,5,1,4,0,Mitchell,2022-03-30
1,1,0,1,0,Mitchell,2022-04-20
1,2,0,2,0,Mitchell,2022-04-22
1,3,2,1,0,Mitchell,2022-05-03
1,2,1,1,0,Mitchell,2022-05-09
1,1,1,0,0,Mitchell,2022-05-11
1,2,1,1,0,Mitchell,2022-05-12
1,4,4,0,0,Mitchell,2022-05-17
1,3,0,3,0,Mitchell,2022-05-24
1,6,4,2,0,Mitchell,2022-05-26
1,5,0,5,0,Mitchell,2022-05-30
1,10,4,6,0,Mitchell,2022-05-31
1,3,1,2,0,Mitchell,2022-06-01
1,5,0,5,0,Mitchell,2022-06-04
1,2,1,1,0,Mitchell,2022-06-05
1,16,11,5,0,Mitchell,2022-06-06
1,5,3,2,0,Mitchell,2022-06-10
1,11,6,5,0,Mitchell,2022-06-14
1,8,6,2,0,Mitchell,2022-06-17
1,11,10,1,0,Mitchell,2022-06-20
1,7,5,2,0,Mitchell,2022-06-24
1,12,5,7,0,Mitchell,2022-06-27
1,7,4,3,0,Mitchell,2022-07-08
1,3,1,2,0,Mitchell,2022-07-10
1,6,2,4,0,Mitchell,2022-07-12
2,20,5,15,0,Mitchell,2022-01-18
2,10,4,6,0,Mitchell,2022-02-09
2,6,5,1,0,Mitchell,2022-05-14
2,5,3,2,0,Mitchell,2022-05-16
2,13,7,6,0,Mitchell,2022-05-23
2,9,7,2,0,Mitchell,2022-06-02
2,7,5,2,0,Mitchell,2022-06-08
2,4,0,4,0,Mitchell,2022-06-12
2,11,6,5,0,Mitchell,2022-06-13
2,7,3,4,0,Mitchell,2022-06-28
2,8,5,3,0,Mitchell,2022-07-15
3,18,1,17,0,Mitchell,2022-01-20
3,25,10,15,0,Mitchell,2022-01-25
3,23,3,20,0,Mitchell,2022-02-07
3,11,6,5,0,Mitchell,2022-06-07
3,8,5,3,0,Mitchell,2022-06-22
4,11,3,8,0,Mitchell,2022-02-21
5,21,5,16,0,Mitchell,2022-02-08
5,12,8,4,0,Mitchell,2022-06-03
6,18,7,11,0,Mitchell,2022-01-27
6,28,13,15,0,Mitchell,2022-02-01
7,52,14,38,0,Mitchell,2022-01-24
,0,0,0,0,Montgomery,2022-02-26
,0,0,0,0,Montgomery,2022-02-27
,0,0,0,0,Montgomery,2022-03-05
,0,0,0,0,Montgomery,2022-03-06
,0,0,0,0,Montgomery,2022-03-10
,0,0,0,0,Montgomery,2022-03-12
,0,0,0,0,Montgomery,2022-03-13
,0,0,0,0,Montgomery,2022-03-15
,0,0,0,0,Montgomery,2022-03-16
,0,0,0,0,Montgomery,2022-03-18
,0,0,0,0,Montgomery,2022-03-19
,0,0,0,0,Montgomery,2022-03-20
,0,0,0,0,Montgomery,2022-03-21
,0,0,0,0,Montgomery,2022-03-24
,0,0,0,0,Montgomery,2022-03-28
,0,0,0,0,Montgomery,2022-03-30
,0,0,0,0,Montgomery,2022-03-31
,0,0,0,0,Montgomery,2022-04-01
,0,0,0,0,Montgomery,2022-04-02
,0,0,0,0,Montgomery,2022-04-03
,0,0,0,0,Montgomery,2022-04-04
,0,0,0,0,Montgomery,2022-04-06
,0,0,0,0,Montgomery,2022-04-07
,0,0,0,0,Montgomery,2022-04-08
,0,0,0,0,Montgomery,2022-04-09
,0,0,0,0,Montgomery,2022-04-10
,0,0,0,0,Montgomery,2022-04-11
,0,0,0,0,Montgomery,2022-04-13
,0,0,0,0,Montgomery,2022-04-14
,0,0,0,0,Montgomery,2022-04-15
,0,0,0,0,Montgomery,2022-04-16
,0,0,0,0,Montgomery,2022-04-17
,0,0,0,0,Montgomery,2022-04-18
,0,0,0,0,Montgomery,2022-04-19
,0,0,0,0,Montgomery,2022-04-21
,0,0,0,0,Montgomery,2022-04-22
,0,0,0,0,Montgomery,2022-04-23
,0,0,0,0,Montgomery,2022-04-24
,0,0,0,0,Montgomery,2022-05-01
,0,0,0,0,Montgomery,2022-05-07
,0,0,0,0,Montgomery,2022-06-26
0,17,3,14,0,Montgomery,2022-01-22
0,17,3,14,0,Montgomery,2022-01-23
0,21,2,19,0,Montgomery,2022-02-01
0,12,2,10,0,Montgomery,2022-02-04
0,7,1,6,0,Montgomery,2022-02-17
0,11,1,10,0,Montgomery,2022-02-18
0,2,0,2,0,Montgomery,2022-02-20
0,5,1,4,0,Montgomery,2022-02-21
0,5,1,4,0,Montgomery,2022-02-23
0,2,0,2,0,Montgomery,2022-03-01
0,1,0,1,0,Montgomery,2022-03-02
0,2,0,2,0,Montgomery,2022-03-04
0,2,0,2,0,Montgomery,2022-03-09
0,2,0,2,0,Montgomery,2022-03-11
0,1,0,1,0,Montgomery,2022-03-17
0,1,0,1,0,Montgomery,2022-03-22
0,1,0,1,0,Montgomery,2022-03-23
0,1,1,0,0,Montgomery,2022-03-25
0,1,0,1,0,Montgomery,2022-03-26
0,1,0,1,0,Montgomery,2022-03-27
0,2,1,1,0,Montgomery,2022-03-29
0,1,0,1,0,Montgomery,2022-04-12
0,5,5,0,0,Montgomery,2022-04-25
0,4,1,3,0,Montgomery,2022-04-27
0,1,1,0,0,Montgomery,2022-04-30
0,4,1,3,0,Montgomery,2022-05-05
0,1,0,1,0,Montgomery,2022-05-06
0,1,0,1,0,Montgomery,2022-05-08
0,1,0,1,0,Montgomery,2022-05-11
0,4,1,3,0,Montgomery,2022-05-12
0,4,0,4,0,Montgomery,2022-05-13
0,6,0,6,0,Montgomery,2022-05-15
0,2,1,1,0,Montgomery,2022-05-17
0,2,0,2,0,Montgomery,2022-05-18
0,4,3,1,0,Montgomery,2022-05-19
0,5,2,3,0,Montgomery,2022-05-20
0,10,2,8,0,Montgomery,2022-05-23
0,1,0,1,0,Montgomery,2022-05-29
0,5,2,3,0,Montgomery,2022-05-31
0,7,1,6,0,Montgomery,2022-06-01
0,2,0,2,0,Montgomery,2022-06-03
0,8,3,5,0,Montgomery,2022-06-08
0,4,2,2,0,Montgomery,2022-06-09
0,2,0,2,0,Montgomery,2022-06-12
0,6,1,5,0,Montgomery,2022-06-13
0,3,0,3,0,Montgomery,2022-06-28
0,1,0,1,0,Montgomery,2022-07-01
0,3,1,2,0,Montgomery,2022-07-02
0,10,5,5,0,Montgomery,2022-07-06
0,8,2,6,0,Montgomery,2022-07-08
0,3,1,2,0,Montgomery,2022-07-10
0,3,0,3,0,Montgomery,2022-07-16
1,5,1,4,0,Montgomery,2022-02-13
1,8,0,8,0,Montgomery,2022-02-15
1,4,2,2,0,Montgomery,2022-02-25
1,2,1,1,0,Montgomery,2022-02-28
1,4,2,2,0,Montgomery,2022-03-07
1,1,1,0,0,Montgomery,2022-03-14
1,1,0,1,0,Montgomery,2022-04-05
1,1,1,0,0,Montgomery,2022-04-20
1,4,2,2,0,Montgomery,2022-04-26
1,2,1,1,0,Montgomery,2022-04-29
1,2,0,2,0,Montgomery,2022-05-09
1,6,1,5,0,Montgomery,2022-05-10
1,2,0,2,0,Montgomery,2022-05-22
1,2,1,1,0,Montgomery,2022-05-24
1,5,3,2,0,Montgomery,2022-06-04
1,9,1,8,0,Montgomery,2022-06-07
1,3,1,2,0,Montgomery,2022-06-10
1,3,0,3,0,Montgomery,2022-06-11
1,10,3,7,0,Montgomery,2022-06-14
1,6,2,4,0,Montgomery,2022-06-15
1,7,1,6,0,Montgomery,2022-06-17
1,6,0,6,0,Montgomery,2022-06-18
1,2,2,0,0,Montgomery,2022-06-19
1,7,2,5,0,Montgomery,2022-06-24
1,3,0,3,0,Montgomery,2022-06-25
1,4,0,4,0,Montgomery,2022-06-27
1,1,0,1,0,Montgomery,2022-07-03
1,15,4,11,0,Montgomery,2022-07-13
1,6,3,3,0,Montgomery,2022-07-14
2,13,3,10,0,Montgomery,2022-02-10
2,10,1,9,0,Montgomery,2022-02-16
2,4,1,3,0,Montgomery,2022-02-24
2,2,1,1,0,Montgomery,2022-03-03
2,4,2,2,0,Montgomery,2022-05-04
2,6,2,4,0,Montgomery,2022-05-26
2,7,1,6,0,Montgomery,2022-05-27
2,6,4,2,0,Montgomery,2022-05-28
2,3,0,3,0,Montgomery,2022-06-06
2,7,0,7,0,Montgomery,2022-06-20
2,12,2,10,0,Montgomery,2022-06-22
2,7,4,3,0,Montgomery,2022-06-23
2,3,2,1,0,Montgomery,2022-07-04
2,17,3,14,0,Montgomery,2022-07-12
2,6,2,4,0,Montgomery,2022-07-15
3,58,11,47,0,Montgomery,2022-01-25
3,15,1,14,0,Montgomery,2022-02-11
3,7,3,4,0,Montgomery,2022-02-22
3,5,0,5,0,Montgomery,2022-06-30
3,17,7,10,0,Montgomery,2022-07-07
3,9,0,9,0,Montgomery,2022-07-09
3,13,4,9,0,Montgomery,2022-07-11
4,43,11,32,0,Montgomery,2022-01-27
5,37,5,32,0,Montgomery,2022-01-31
6,71,13,58,0,Montgomery,2022-01-20
6,56,3,53,0,Montgomery,2022-01-26
7,55,12,43,0,Montgomery,2022-01-21
9,87,11,76,0,Montgomery,2022-01-24
17,114,15,99,0,Montgomery,2022-01-19
18,144,17,127,0,Montgomery,2022-01-18
,0,0,0,0,Moore,2022-03-12
,0,0,0,0,Moore,2022-03-20
,0,0,0,0,Moore,2022-03-29
0,22,4,18,0,Moore,2022-02-05
0,31,5,26,0,Moore,2022-02-22
0,9,2,7,0,Moore,2022-02-25
0,8,4,4,0,Moore,2022-02-27
0,10,1,9,0,Moore,2022-03-04
0,4,1,3,0,Moore,2022-03-08
0,3,1,2,0,Moore,2022-03-13
0,8,0,8,0,Moore,2022-03-14
0,5,0,5,0,Moore,2022-03-16
0,3,0,3,0,Moore,2022-03-17
0,3,0,3,0,Moore,2022-03-18
0,1,0,1,0,Moore,2022-03-19
0,2,0,2,0,Moore,2022-03-21
0,3,1,2,0,Moore,2022-03-22
0,1,0,1,0,Moore,2022-03-23
0,1,0,1,0,Moore,2022-03-24
0,1,0,1,0,Moore,2022-03-25
0,2,2,0,0,Moore,2022-03-26
0,3,1,2,0,Moore,2022-03-28
0,4,2,2,0,Moore,2022-03-30
0,3,1,2,0,Moore,2022-03-31
0,1,0,1,0,Moore,2022-04-01
0,1,1,0,0,Moore,2022-04-02
0,1,0,1,0,Moore,2022-04-03
0,3,1,2,0,Moore,2022-04-04
0,1,0,1,0,Moore,2022-04-05
0,2,1,1,0,Moore,2022-04-08
0,2,0,2,0,Moore,2022-04-09
0,1,0,1,0,Moore,2022-04-10
0,10,5,5,0,Moore,2022-04-14
0,12,3,9,0,Moore,2022-04-16
0,4,2,2,0,Moore,2022-04-17
0,10,2,8,0,Moore,2022-04-18
0,14,6,8,0,Moore,2022-04-19
0,10,2,8,0,Moore,2022-04-21
0,13,7,6,0,Moore,2022-04-23
0,10,3,7,0,Moore,2022-04-26
0,23,10,13,0,Moore,2022-05-06
0,29,10,19,0,Moore,2022-05-29
0,23,9,14,0,Moore,2022-06-03
0,10,0,10,0,Moore,2022-06-11
0,33,9,24,0,Moore,2022-07-07
1,42,6,36,0,Moore,2022-01-29
1,20,6,14,0,Moore,2022-02-20
1,6,0,6,0,Moore,2022-03-15
1,2,1,1,0,Moore,2022-03-27
1,6,2,4,0,Moore,2022-04-07
1,9,2,7,0,Moore,2022-04-11
1,5,2,3,0,Moore,2022-04-12
1,7,2,5,0,Moore,2022-04-13
1,6,2,4,0,Moore,2022-04-22
1,15,4,11,0,Moore,2022-04-27
1,12,4,8,0,Moore,2022-04-30
1,8,6,2,0,Moore,2022-05-01
1,32,10,22,0,Moore,2022-05-02
1,15,1,14,0,Moore,2022-05-10
1,36,10,26,0,Moore,2022-05-18
1,31,11,20,0,Moore,2022-05-22
1,32,14,18,0,Moore,2022-05-27
1,36,9,27,0,Moore,2022-05-28
1,19,10,9,0,Moore,2022-05-30
1,12,4,8,0,Moore,2022-06-04
1,26,10,16,0,Moore,2022-06-08
1,33,12,21,0,Moore,2022-06-17
1,41,18,23,0,Moore,2022-06-21
1,23,10,13,0,Moore,2022-07-04
1,32,10,22,0,Moore,2022-07-06
1,17,4,13,0,Moore,2022-07-10
2,35,7,28,0,Moore,2022-01-22
2,27,6,21,0,Moore,2022-02-13
2,17,3,14,0,Moore,2022-02-28
2,7,3,4,0,Moore,2022-04-15
2,10,3,7,0,Moore,2022-04-24
2,12,5,7,0,Moore,2022-04-25
2,13,4,9,0,Moore,2022-04-29
2,14,2,12,0,Moore,2022-05-05
2,13,2,11,0,Moore,2022-05-08
2,34,12,22,0,Moore,2022-05-17
2,30,9,21,0,Moore,2022-05-19
2,40,12,28,0,Moore,2022-06-01
2,30,10,20,0,Moore,2022-06-07
2,18,3,15,0,Moore,2022-06-12
2,21,13,8,0,Moore,2022-06-19
2,23,13,10,0,Moore,2022-06-25
2,25,11,14,0,Moore,2022-07-02
2,23,11,12,0,Moore,2022-07-15
3,40,5,35,0,Moore,2022-02-17
3,11,2,9,0,Moore,2022-04-20
3,24,11,13,0,Moore,2022-05-04
3,15,2,13,0,Moore,2022-05-07
3,34,13,21,0,Moore,2022-05-09
3,17,7,10,0,Moore,2022-05-15
3,42,14,28,0,Moore,2022-05-16
3,27,6,21,0,Moore,2022-05-20
3,26,5,21,0,Moore,2022-05-24
3,24,10,14,0,Moore,2022-06-09
3,12,6,6,0,Moore,2022-06-10
3,23,10,13,0,Moore,2022-06-18
3,42,17,25,0,Moore,2022-06-27
3,18,9,9,0,Moore,2022-07-03
3,31,6,25,0,Moore,2022-07-13
3,28,12,16,0,Moore,2022-07-14
4,42,12,30,0,Moore,2022-05-25
4,31,7,24,0,Moore,2022-06-06
4,25,10,15,0,Moore,2022-06-13
4,38,8,30,0,Moore,2022-06-20
4,42,18,24,0,Moore,2022-06-23
4,29,14,15,0,Moore,2022-07-01
4,29,6,23,0,Moore,2022-07-11
5,34,7,27,0,Moore,2022-02-21
5,44,19,25,0,Moore,2022-05-12
5,24,11,13,0,Moore,2022-05-13
5,27,9,18,0,Moore,2022-05-26
5,39,14,25,0,Moore,2022-06-02
5,29,8,21,0,Moore,2022-06-22
5,32,5,27,0,Moore,2022-06-24
5,43,15,28,0,Moore,2022-06-28
5,40,16,24,0,Moore,2022-07-12
6,104,10,94,0,Moore,2022-01-28
6,49,20,29,0,Moore,2022-05-31
6,33,12,21,0,Moore,2022-06-14
6,60,41,19,0,Moore,2022-06-30
7,44,13,31,0,Moore,2022-05-23
7,42,17,25,0,Moore,2022-06-29
7,52,22,30,0,Moore,2022-07-05
8,36,13,23,0,Moore,2022-06-15
8,31,10,21,0,Moore,2022-07-16
9,28,12,16,0,Moore,2022-07-08
10,168,33,135,0,Moore,2022-01-21
11,155,24,131,0,Moore,2022-01-31
,0,0,0,0,Nash,2022-03-19
,0,0,0,0,Nash,2022-03-26
,0,0,0,0,Nash,2022-03-31
,0,0,0,0,Nash,2022-04-03
0,6,2,4,0,Nash,2022-02-27
0,4,0,4,0,Nash,2022-03-04
0,7,0,7,0,Nash,2022-03-05
0,5,0,5,0,Nash,2022-03-07
0,6,0,6,0,Nash,2022-03-08
0,4,0,4,0,Nash,2022-03-09
0,5,0,5,0,Nash,2022-03-10
0,3,1,2,0,Nash,2022-03-11
0,1,0,1,0,Nash,2022-03-12
0,3,0,3,0,Nash,2022-03-13
0,3,0,3,0,Nash,2022-03-15
0,3,0,3,0,Nash,2022-03-16
0,6,0,6,0,Nash,2022-03-17
0,2,0,2,0,Nash,2022-03-18
0,1,0,1,0,Nash,2022-03-20
0,6,0,6,0,Nash,2022-03-23
0,2,0,2,0,Nash,2022-03-25
0,2,0,2,0,Nash,2022-03-27
0,3,1,2,0,Nash,2022-03-28
0,1,0,1,0,Nash,2022-03-29
0,1,0,1,0,Nash,2022-03-30
0,1,0,1,0,Nash,2022-04-01
0,2,0,2,0,Nash,2022-04-04
0,3,0,3,0,Nash,2022-04-07
0,1,0,1,0,Nash,2022-04-08
0,2,0,2,0,Nash,2022-04-09
0,9,1,8,0,Nash,2022-04-11
0,4,0,4,0,Nash,2022-04-15
0,2,0,2,0,Nash,2022-04-17
0,5,1,4,0,Nash,2022-04-18
0,9,6,3,0,Nash,2022-04-19
0,6,1,5,0,Nash,2022-04-22
0,8,3,5,0,Nash,2022-04-26
0,7,3,4,0,Nash,2022-05-06
0,7,1,6,0,Nash,2022-05-07
0,10,3,7,0,Nash,2022-06-19
1,10,2,8,0,Nash,2022-02-13
1,11,4,7,0,Nash,2022-02-28
1,8,2,6,0,Nash,2022-03-03
1,4,0,4,0,Nash,2022-03-21
1,7,0,7,0,Nash,2022-04-13
1,5,1,4,0,Nash,2022-04-23
1,5,0,5,0,Nash,2022-04-25
1,10,0,10,0,Nash,2022-04-28
1,12,5,7,0,Nash,2022-04-29
1,5,0,5,0,Nash,2022-04-30
1,2,0,2,0,Nash,2022-05-01
1,10,4,6,0,Nash,2022-05-02
1,10,0,10,0,Nash,2022-05-03
1,14,4,10,0,Nash,2022-05-04
1,7,1,6,0,Nash,2022-05-08
1,11,5,6,0,Nash,2022-05-13
1,22,4,18,0,Nash,2022-05-21
1,24,5,19,0,Nash,2022-05-29
1,22,5,17,0,Nash,2022-06-03
1,24,7,17,0,Nash,2022-06-08
1,25,6,19,0,Nash,2022-06-18
1,32,6,26,0,Nash,2022-06-22
1,16,3,13,0,Nash,2022-06-26
1,27,4,23,0,Nash,2022-07-16
2,32,10,22,0,Nash,2022-02-14
2,6,2,4,0,Nash,2022-03-01
2,7,3,4,0,Nash,2022-04-14
2,21,3,18,0,Nash,2022-04-21
2,9,1,8,0,Nash,2022-05-05
2,21,3,18,0,Nash,2022-05-09
2,22,7,15,0,Nash,2022-05-11
2,33,6,27,0,Nash,2022-05-26
2,17,8,9,0,Nash,2022-06-04
2,27,7,20,0,Nash,2022-06-23
3,15,1,14,0,Nash,2022-02-25
3,6,2,4,0,Nash,2022-04-24
3,8,3,5,0,Nash,2022-05-15
3,33,5,28,0,Nash,2022-05-20
3,25,6,19,0,Nash,2022-05-22
3,13,5,8,0,Nash,2022-05-28
3,31,8,23,0,Nash,2022-06-13
3,15,4,11,0,Nash,2022-06-25
3,17,3,14,0,Nash,2022-07-03
3,16,7,9,0,Nash,2022-07-04
4,33,12,21,0,Nash,2022-02-06
4,51,9,42,0,Nash,2022-02-09
4,21,2,19,0,Nash,2022-02-21
4,18,1,17,0,Nash,2022-02-24
4,13,2,11,0,Nash,2022-04-20
4,18,5,13,0,Nash,2022-05-10
4,29,7,22,0,Nash,2022-05-18
4,37,1,36,0,Nash,2022-06-01
4,35,4,31,0,Nash,2022-06-07
4,16,3,13,0,Nash,2022-06-12
4,22,5,17,0,Nash,2022-06-16
4,43,10,33,0,Nash,2022-07-05
4,52,17,35,0,Nash,2022-07-12
5,30,1,29,0,Nash,2022-01-22
5,28,7,21,0,Nash,2022-05-12
5,32,13,19,0,Nash,2022-05-23
5,23,8,15,0,Nash,2022-06-11
5,23,7,16,0,Nash,2022-07-01
5,17,5,12,0,Nash,2022-07-02
5,26,6,20,0,Nash,2022-07-09
5,43,15,28,0,Nash,2022-07-14
5,40,8,32,0,Nash,2022-07-15
6,39,10,29,0,Nash,2022-05-16
6,31,8,23,0,Nash,2022-05-19
6,27,8,19,0,Nash,2022-05-27
6,55,19,36,0,Nash,2022-05-31
6,35,11,24,0,Nash,2022-06-30
7,74,14,60,0,Nash,2022-02-03
7,36,14,22,0,Nash,2022-06-14
7,33,8,25,0,Nash,2022-06-28
7,53,6,47,0,Nash,2022-07-07
8,29,10,19,0,Nash,2022-06-15
8,22,10,12,0,Nash,2022-06-21
9,36,6,30,0,Nash,2022-06-02
9,41,17,24,0,Nash,2022-06-20
9,25,6,19,0,Nash,2022-07-10
10,46,8,38,0,Nash,2022-07-08
11,96,12,84,0,Nash,2022-02-01
11,40,8,32,0,Nash,2022-07-06
12,45,12,33,0,Nash,2022-06-06
12,39,9,30,0,Nash,2022-07-13
15,57,16,41,0,Nash,2022-07-11
18,60,28,32,0,Nash,2022-06-27
22,271,27,244,0,Nash,2022-01-20
,0,0,0,0,New Hanover,2022-03-26
0,12,3,9,0,New Hanover,2022-03-01
0,10,0,10,0,New Hanover,2022-03-04
0,6,3,3,0,New Hanover,2022-03-13
0,8,0,8,0,New Hanover,2022-03-14
0,6,0,6,0,New Hanover,2022-03-16
0,3,1,2,0,New Hanover,2022-03-19
0,8,2,6,0,New Hanover,2022-03-20
0,6,1,5,0,New Hanover,2022-03-22
0,8,3,5,0,New Hanover,2022-03-24
0,5,1,4,0,New Hanover,2022-03-28
0,9,5,4,0,New Hanover,2022-04-01
0,5,1,4,0,New Hanover,2022-04-03
0,14,3,11,0,New Hanover,2022-04-05
0,11,4,7,0,New Hanover,2022-04-08
0,8,1,7,0,New Hanover,2022-04-09
0,20,1,19,0,New Hanover,2022-04-12
0,18,4,14,0,New Hanover,2022-04-15
0,8,1,7,0,New Hanover,2022-04-16
0,5,1,4,0,New Hanover,2022-04-17
0,26,2,24,0,New Hanover,2022-04-22
0,16,4,12,0,New Hanover,2022-04-24
0,19,1,18,0,New Hanover,2022-05-08
1,37,8,29,0,New Hanover,2022-02-18
1,38,12,26,0,New Hanover,2022-02-23
1,32,5,27,0,New Hanover,2022-02-24
1,5,2,3,0,New Hanover,2022-03-06
1,16,4,12,0,New Hanover,2022-03-23
1,7,1,6,0,New Hanover,2022-03-25
1,4,0,4,0,New Hanover,2022-03-27
1,10,2,8,0,New Hanover,2022-03-29
1,10,4,6,0,New Hanover,2022-03-30
1,8,5,3,0,New Hanover,2022-03-31
1,6,0,6,0,New Hanover,2022-04-02
1,5,1,4,0,New Hanover,2022-04-10
1,16,8,8,0,New Hanover,2022-04-11
1,36,6,30,0,New Hanover,2022-04-18
1,27,6,21,0,New Hanover,2022-04-23
1,39,15,24,0,New Hanover,2022-04-27
1,41,12,29,0,New Hanover,2022-04-29
1,22,8,14,0,New Hanover,2022-05-07
1,32,10,22,0,New Hanover,2022-05-22
1,29,3,26,0,New Hanover,2022-05-29
2,17,5,12,0,New Hanover,2022-03-09
2,36,11,25,0,New Hanover,2022-04-13
2,26,7,19,0,New Hanover,2022-04-19
2,24,5,19,0,New Hanover,2022-04-21
2,11,4,7,0,New Hanover,2022-04-30
2,69,11,58,0,New Hanover,2022-05-09
2,48,12,36,0,New Hanover,2022-05-10
2,64,14,50,0,New Hanover,2022-05-11
2,43,16,27,0,New Hanover,2022-06-26
3,11,3,8,0,New Hanover,2022-03-15
3,24,5,19,0,New Hanover,2022-04-14
3,31,8,23,0,New Hanover,2022-04-20
3,41,11,30,0,New Hanover,2022-04-26
3,52,7,45,0,New Hanover,2022-05-12
3,69,12,57,0,New Hanover,2022-05-18
3,32,8,24,0,New Hanover,2022-05-30
3,60,19,41,0,New Hanover,2022-06-03
3,42,15,27,0,New Hanover,2022-06-19
4,50,9,41,0,New Hanover,2022-04-25
4,38,8,30,0,New Hanover,2022-04-28
4,56,17,39,0,New Hanover,2022-05-02
4,61,10,51,0,New Hanover,2022-05-04
4,48,15,33,0,New Hanover,2022-05-06
4,44,19,25,0,New Hanover,2022-05-15
4,76,17,59,0,New Hanover,2022-05-16
4,77,21,56,0,New Hanover,2022-05-20
4,45,6,39,0,New Hanover,2022-06-04
4,82,23,59,0,New Hanover,2022-06-10
4,49,10,39,0,New Hanover,2022-06-11
4,63,10,53,0,New Hanover,2022-06-21
4,69,14,55,0,New Hanover,2022-07-15
5,84,27,57,0,New Hanover,2022-02-11
5,73,21,52,0,New Hanover,2022-05-23
5,83,16,67,0,New Hanover,2022-06-01
5,86,14,72,0,New Hanover,2022-06-02
5,35,5,30,0,New Hanover,2022-06-05
5,79,18,61,0,New Hanover,2022-06-08
5,55,10,45,0,New Hanover,2022-06-09
5,34,7,27,0,New Hanover,2022-06-12
5,39,9,30,0,New Hanover,2022-06-18
5,46,20,26,0,New Hanover,2022-06-25
5,94,31,63,0,New Hanover,2022-07-08
5,68,17,51,0,New Hanover,2022-07-09
6,57,16,41,0,New Hanover,2022-05-27
6,93,25,68,0,New Hanover,2022-06-15
6,53,14,39,0,New Hanover,2022-07-10
7,90,16,74,0,New Hanover,2022-05-24
7,81,16,65,0,New Hanover,2022-05-26
7,87,22,65,0,New Hanover,2022-06-23
7,75,16,59,0,New Hanover,2022-06-24
7,94,18,76,0,New Hanover,2022-06-30
7,64,18,46,0,New Hanover,2022-07-02
7,46,24,22,0,New Hanover,2022-07-04
7,79,24,55,0,New Hanover,2022-07-13
7,61,12,49,0,New Hanover,2022-07-16
8,54,10,44,0,New Hanover,2022-05-13
8,78,13,65,0,New Hanover,2022-06-27
8,88,14,74,0,New Hanover,2022-07-12
9,79,16,63,0,New Hanover,2022-06-06
9,77,7,70,0,New Hanover,2022-06-13
9,78,9,69,0,New Hanover,2022-06-20
9,106,29,77,0,New Hanover,2022-06-29
9,74,18,56,0,New Hanover,2022-07-01
10,87,12,75,0,New Hanover,2022-05-19
10,118,31,87,0,New Hanover,2022-07-06
10,95,31,64,0,New Hanover,2022-07-11
11,93,15,78,0,New Hanover,2022-07-07
12,97,17,80,0,New Hanover,2022-06-22
14,95,17,78,0,New Hanover,2022-07-14
19,257,69,188,0,New Hanover,2022-02-02
53,888,201,687,0,New Hanover,2022-01-19
,0,0,0,0,Northampton,2022-02-19
,0,0,0,0,Northampton,2022-03-01
,0,0,0,0,Northampton,2022-03-05
,0,0,0,0,Northampton,2022-03-08
,0,0,0,0,Northampton,2022-03-09
,0,0,0,0,Northampton,2022-03-10
,0,0,0,0,Northampton,2022-03-11
,0,0,0,0,Northampton,2022-03-13
,0,0,0,0,Northampton,2022-03-14
,0,0,0,0,Northampton,2022-03-15
,0,0,0,0,Northampton,2022-03-17
,0,0,0,0,Northampton,2022-03-18
,0,0,0,0,Northampton,2022-03-19
,0,0,0,0,Northampton,2022-03-20
,0,0,0,0,Northampton,2022-03-23
,0,0,0,0,Northampton,2022-03-24
,0,0,0,0,Northampton,2022-03-25
,0,0,0,0,Northampton,2022-03-26
,0,0,0,0,Northampton,2022-03-27
,0,0,0,0,Northampton,2022-03-28
,0,0,0,0,Northampton,2022-03-29
,0,0,0,0,Northampton,2022-03-30
,0,0,0,0,Northampton,2022-03-31
,0,0,0,0,Northampton,2022-04-01
,0,0,0,0,Northampton,2022-04-02
,0,0,0,0,Northampton,2022-04-03
,0,0,0,0,Northampton,2022-04-04
,0,0,0,0,Northampton,2022-04-05
,0,0,0,0,Northampton,2022-04-07
,0,0,0,0,Northampton,2022-04-09
,0,0,0,0,Northampton,2022-04-10
,0,0,0,0,Northampton,2022-04-11
,0,0,0,0,Northampton,2022-04-12
,0,0,0,0,Northampton,2022-04-14
,0,0,0,0,Northampton,2022-04-15
,0,0,0,0,Northampton,2022-04-17
,0,0,0,0,Northampton,2022-04-18
,0,0,0,0,Northampton,2022-04-23
,0,0,0,0,Northampton,2022-04-24
,0,0,0,0,Northampton,2022-04-27
,0,0,0,0,Northampton,2022-04-30
,0,0,0,0,Northampton,2022-05-01
,0,0,0,0,Northampton,2022-05-06
,0,0,0,0,Northampton,2022-05-15
0,3,1,2,0,Northampton,2022-01-22
0,6,1,5,0,Northampton,2022-01-29
0,6,2,4,0,Northampton,2022-02-03
0,2,1,1,0,Northampton,2022-02-05
0,4,1,3,0,Northampton,2022-02-06
0,9,1,8,0,Northampton,2022-02-07
0,1,0,1,0,Northampton,2022-02-08
0,6,2,4,0,Northampton,2022-02-09
0,6,0,6,0,Northampton,2022-02-10
0,2,0,2,0,Northampton,2022-02-16
0,4,0,4,0,Northampton,2022-02-17
0,1,0,1,0,Northampton,2022-02-18
0,5,2,3,0,Northampton,2022-02-21
0,1,0,1,0,Northampton,2022-02-23
0,1,0,1,0,Northampton,2022-02-24
0,1,0,1,0,Northampton,2022-02-26
0,1,0,1,0,Northampton,2022-02-28
0,1,0,1,0,Northampton,2022-03-02
0,2,1,1,0,Northampton,2022-03-03
0,1,1,0,0,Northampton,2022-03-04
0,1,0,1,0,Northampton,2022-03-06
0,1,0,1,0,Northampton,2022-03-07
0,1,0,1,0,Northampton,2022-03-12
0,4,0,4,0,Northampton,2022-03-21
0,1,0,1,0,Northampton,2022-03-22
0,1,1,0,0,Northampton,2022-04-06
0,1,0,1,0,Northampton,2022-04-08
0,1,0,1,0,Northampton,2022-04-13
0,1,0,1,0,Northampton,2022-04-16
0,1,0,1,0,Northampton,2022-04-19
0,2,0,2,0,Northampton,2022-04-20
0,1,0,1,0,Northampton,2022-04-21
0,1,1,0,0,Northampton,2022-04-22
0,2,0,2,0,Northampton,2022-04-29
0,3,0,3,0,Northampton,2022-05-03
0,5,2,3,0,Northampton,2022-05-04
0,2,1,1,0,Northampton,2022-05-05
0,1,0,1,0,Northampton,2022-05-07
0,1,1,0,0,Northampton,2022-05-08
0,4,0,4,0,Northampton,2022-05-09
0,1,0,1,0,Northampton,2022-05-13
0,3,1,2,0,Northampton,2022-05-22
0,4,1,3,0,Northampton,2022-05-23
0,2,1,1,0,Northampton,2022-05-28
0,3,1,2,0,Northampton,2022-05-29
0,2,1,1,0,Northampton,2022-05-30
0,13,4,9,0,Northampton,2022-06-01
0,4,0,4,0,Northampton,2022-06-04
0,14,3,11,0,Northampton,2022-06-06
0,10,5,5,0,Northampton,2022-06-07
0,6,3,3,0,Northampton,2022-06-09
0,5,1,4,0,Northampton,2022-06-12
0,11,3,8,0,Northampton,2022-06-13
0,7,0,7,0,Northampton,2022-06-21
0,4,0,4,0,Northampton,2022-06-25
0,1,0,1,0,Northampton,2022-07-04
0,6,1,5,0,Northampton,2022-07-08
0,3,0,3,0,Northampton,2022-07-10
0,19,6,13,0,Northampton,2022-07-11
0,12,5,7,0,Northampton,2022-07-15
1,8,0,8,0,Northampton,2022-01-23
1,24,5,19,0,Northampton,2022-01-26
1,3,0,3,0,Northampton,2022-02-11
1,7,0,7,0,Northampton,2022-02-15
1,2,0,2,0,Northampton,2022-02-20
1,1,0,1,0,Northampton,2022-02-25
1,3,2,1,0,Northampton,2022-04-25
1,6,0,6,0,Northampton,2022-04-26
1,5,4,1,0,Northampton,2022-05-10
1,3,0,3,0,Northampton,2022-05-11
1,3,0,3,0,Northampton,2022-05-17
1,4,3,1,0,Northampton,2022-05-18
1,8,0,8,0,Northampton,2022-05-19
1,3,2,1,0,Northampton,2022-05-26
1,8,2,6,0,Northampton,2022-05-27
1,6,2,4,0,Northampton,2022-06-02
1,11,1,10,0,Northampton,2022-06-03
1,8,3,5,0,Northampton,2022-06-08
1,6,3,3,0,Northampton,2022-06-10
1,10,5,5,0,Northampton,2022-06-11
1,5,2,3,0,Northampton,2022-06-15
1,9,2,7,0,Northampton,2022-06-18
1,5,2,3,0,Northampton,2022-06-19
1,6,1,5,0,Northampton,2022-06-22
1,5,1,4,0,Northampton,2022-06-24
1,4,1,3,0,Northampton,2022-06-26
1,7,4,3,0,Northampton,2022-06-28
1,3,1,2,0,Northampton,2022-07-02
1,11,2,9,0,Northampton,2022-07-03
1,15,6,9,0,Northampton,2022-07-05
1,6,2,4,0,Northampton,2022-07-06
1,7,2,5,0,Northampton,2022-07-07
1,3,1,2,0,Northampton,2022-07-09
1,6,2,4,0,Northampton,2022-07-16
2,6,6,0,0,Northampton,2022-05-12
2,9,2,7,0,Northampton,2022-05-16
2,10,4,6,0,Northampton,2022-05-20
2,10,8,2,0,Northampton,2022-06-20
2,6,3,3,0,Northampton,2022-06-23
2,11,5,6,0,Northampton,2022-06-27
2,6,5,1,0,Northampton,2022-06-30
2,10,2,8,0,Northampton,2022-07-01
2,12,6,6,0,Northampton,2022-07-12
2,11,5,6,0,Northampton,2022-07-13
2,10,4,6,0,Northampton,2022-07-14
3,51,7,44,0,Northampton,2022-01-20
3,45,12,33,0,Northampton,2022-01-25
3,9,5,4,0,Northampton,2022-05-24
4,57,4,53,0,Northampton,2022-01-19
4,20,6,14,0,Northampton,2022-02-01
4,12,7,5,0,Northampton,2022-06-17
7,71,18,53,0,Northampton,2022-01-18
0,7,1,6,0,Onslow,2022-03-04
0,5,1,4,0,Onslow,2022-03-09
0,3,0,3,0,Onslow,2022-03-12
0,5,0,5,0,Onslow,2022-03-15
0,4,0,4,0,Onslow,2022-03-17
0,4,1,3,0,Onslow,2022-03-20
0,7,0,7,0,Onslow,2022-03-21
0,4,1,3,0,Onslow,2022-03-25
0,5,4,1,0,Onslow,2022-03-27
0,3,0,3,0,Onslow,2022-03-28
0,4,1,3,0,Onslow,2022-03-29
0,6,2,4,0,Onslow,2022-03-30
0,2,1,1,0,Onslow,2022-04-01
0,8,0,8,0,Onslow,2022-04-05
0,6,0,6,0,Onslow,2022-04-06
0,8,1,7,0,Onslow,2022-04-10
0,2,0,2,0,Onslow,2022-04-15
0,2,0,2,0,Onslow,2022-04-17
0,11,2,9,0,Onslow,2022-04-21
0,21,3,18,0,Onslow,2022-04-25
0,21,3,18,0,Onslow,2022-04-27
0,22,4,18,0,Onslow,2022-05-29
1,16,3,13,0,Onslow,2022-02-19
1,6,1,5,0,Onslow,2022-03-06
1,16,1,15,0,Onslow,2022-03-07
1,21,4,17,0,Onslow,2022-03-08
1,6,1,5,0,Onslow,2022-03-13
1,6,0,6,0,Onslow,2022-03-18
1,3,0,3,0,Onslow,2022-03-19
1,5,1,4,0,Onslow,2022-03-31
1,8,1,7,0,Onslow,2022-04-08
1,5,0,5,0,Onslow,2022-04-09
1,12,4,8,0,Onslow,2022-04-11
1,11,2,9,0,Onslow,2022-04-13
1,8,2,6,0,Onslow,2022-04-14
1,8,0,8,0,Onslow,2022-04-16
1,18,3,15,0,Onslow,2022-04-18
1,18,3,15,0,Onslow,2022-04-19
1,16,2,14,0,Onslow,2022-04-20
1,18,0,18,0,Onslow,2022-04-22
1,9,0,9,0,Onslow,2022-04-23
1,8,1,7,0,Onslow,2022-04-24
1,26,1,25,0,Onslow,2022-04-28
1,22,3,19,0,Onslow,2022-04-29
1,31,3,28,0,Onslow,2022-05-03
1,17,10,7,0,Onslow,2022-05-30
1,53,3,50,0,Onslow,2022-06-09
1,25,2,23,0,Onslow,2022-07-02
1,24,5,19,0,Onslow,2022-07-03
1,35,4,31,0,Onslow,2022-07-10
2,20,2,18,0,Onslow,2022-02-20
2,29,1,28,0,Onslow,2022-02-25
2,18,7,11,0,Onslow,2022-03-01
2,21,3,18,0,Onslow,2022-05-01
2,48,9,39,0,Onslow,2022-05-04
2,20,5,15,0,Onslow,2022-05-28
2,32,6,26,0,Onslow,2022-06-12
2,34,6,28,0,Onslow,2022-06-18
3,5,3,2,0,Onslow,2022-03-26
3,13,0,13,0,Onslow,2022-05-07
3,22,2,20,0,Onslow,2022-05-14
3,18,2,16,0,Onslow,2022-06-04
3,33,7,26,0,Onslow,2022-06-11
3,36,10,26,0,Onslow,2022-07-16
4,21,0,21,0,Onslow,2022-02-21
4,37,4,33,0,Onslow,2022-02-23
4,35,7,28,0,Onslow,2022-02-28
4,21,4,17,0,Onslow,2022-04-26
4,25,3,22,0,Onslow,2022-05-06
4,62,5,57,0,Onslow,2022-05-12
4,24,1,23,0,Onslow,2022-05-15
4,43,9,34,0,Onslow,2022-05-27
4,74,8,66,0,Onslow,2022-06-10
4,29,3,26,0,Onslow,2022-06-19
4,47,7,40,0,Onslow,2022-06-25
4,38,3,35,0,Onslow,2022-07-09
4,65,23,42,0,Onslow,2022-07-11
5,41,7,34,0,Onslow,2022-05-05
5,32,6,26,0,Onslow,2022-05-22
5,66,7,59,0,Onslow,2022-05-26
5,34,4,30,0,Onslow,2022-06-26
5,51,11,40,0,Onslow,2022-07-14
6,70,12,58,0,Onslow,2022-05-19
6,89,13,76,0,Onslow,2022-06-07
6,70,9,61,0,Onslow,2022-06-08
6,49,10,39,0,Onslow,2022-07-15
7,58,6,52,0,Onslow,2022-05-10
7,83,5,78,0,Onslow,2022-05-17
7,56,6,50,0,Onslow,2022-06-30
7,85,18,67,0,Onslow,2022-07-08
8,65,15,50,0,Onslow,2022-05-09
8,56,11,45,0,Onslow,2022-05-13
8,56,4,52,0,Onslow,2022-05-20
8,51,12,39,0,Onslow,2022-06-17
8,66,12,54,0,Onslow,2022-06-20
9,129,4,125,0,Onslow,2022-01-30
9,88,11,77,0,Onslow,2022-02-15
9,71,14,57,0,Onslow,2022-05-11
9,79,14,65,0,Onslow,2022-06-14
9,98,13,85,0,Onslow,2022-06-27
9,113,11,102,0,Onslow,2022-07-06
10,42,4,38,0,Onslow,2022-05-02
10,65,6,59,0,Onslow,2022-06-03
10,125,10,115,0,Onslow,2022-06-06
10,88,10,78,0,Onslow,2022-06-22
10,67,14,53,0,Onslow,2022-07-01
10,78,7,71,0,Onslow,2022-07-05
10,65,9,56,0,Onslow,2022-07-12
11,86,11,75,0,Onslow,2022-05-18
11,106,9,97,0,Onslow,2022-05-23
12,154,20,134,0,Onslow,2022-02-08
12,108,7,101,0,Onslow,2022-06-01
12,90,22,68,0,Onslow,2022-06-13
12,69,10,59,0,Onslow,2022-06-23
13,96,14,82,0,Onslow,2022-05-25
13,104,18,86,0,Onslow,2022-06-21
15,97,8,89,0,Onslow,2022-07-13
16,78,6,72,0,Onslow,2022-06-29
17,89,23,66,0,Onslow,2022-07-07
24,81,8,73,0,Onslow,2022-06-15
84,1154,91,1063,0,Onslow,2022-01-18
0,53,3,50,0,Orange,2022-02-05
0,59,3,56,0,Orange,2022-02-11
0,16,2,14,0,Orange,2022-02-13
0,22,2,20,0,Orange,2022-02-19
0,16,3,13,0,Orange,2022-02-20
0,16,1,15,0,Orange,2022-03-01
0,13,3,10,0,Orange,2022-03-04
0,7,0,7,0,Orange,2022-03-05
0,20,3,17,0,Orange,2022-03-09
0,15,0,15,0,Orange,2022-03-10
0,9,1,8,0,Orange,2022-03-11
0,9,3,6,0,Orange,2022-03-12
0,7,0,7,0,Orange,2022-03-13
0,10,2,8,0,Orange,2022-03-15
0,12,0,12,0,Orange,2022-03-16
0,9,1,8,0,Orange,2022-03-18
0,13,1,12,0,Orange,2022-03-24
0,19,6,13,0,Orange,2022-03-25
0,5,0,5,0,Orange,2022-03-26
0,10,0,10,0,Orange,2022-03-27
0,20,1,19,0,Orange,2022-03-30
0,11,5,6,0,Orange,2022-04-01
0,7,1,6,0,Orange,2022-04-02
0,9,2,7,0,Orange,2022-04-03
0,9,1,8,0,Orange,2022-04-17
0,40,5,35,0,Orange,2022-05-15
0,40,2,38,0,Orange,2022-05-30
0,45,1,44,0,Orange,2022-07-13
1,44,2,42,0,Orange,2022-02-17
1,18,1,17,0,Orange,2022-02-25
1,5,1,4,0,Orange,2022-02-27
1,22,1,21,0,Orange,2022-02-28
1,7,0,7,0,Orange,2022-03-06
1,4,2,2,0,Orange,2022-03-20
1,22,4,18,0,Orange,2022-03-21
1,17,3,14,0,Orange,2022-03-22
1,20,1,19,0,Orange,2022-03-28
1,21,1,20,0,Orange,2022-03-29
1,22,2,20,0,Orange,2022-03-31
1,57,2,55,0,Orange,2022-04-06
1,26,2,24,0,Orange,2022-04-10
1,57,2,55,0,Orange,2022-04-15
1,30,1,29,0,Orange,2022-04-16
1,53,6,47,0,Orange,2022-04-20
1,51,4,47,0,Orange,2022-04-29
1,31,4,27,0,Orange,2022-04-30
1,63,4,59,0,Orange,2022-05-06
1,42,4,38,0,Orange,2022-05-21
1,36,1,35,0,Orange,2022-05-22
1,54,5,49,0,Orange,2022-05-27
1,42,3,39,0,Orange,2022-05-29
1,44,1,43,0,Orange,2022-06-04
1,64,5,59,0,Orange,2022-06-14
1,31,2,29,0,Orange,2022-06-25
2,76,4,72,0,Orange,2022-01-29
2,56,5,51,0,Orange,2022-02-15
2,31,1,30,0,Orange,2022-02-22
2,28,2,26,0,Orange,2022-02-24
2,55,4,51,0,Orange,2022-04-07
2,31,3,28,0,Orange,2022-04-23
2,18,5,13,0,Orange,2022-04-24
2,53,3,50,0,Orange,2022-04-27
2,72,4,68,0,Orange,2022-05-04
2,31,5,26,0,Orange,2022-05-08
2,71,6,65,0,Orange,2022-06-03
2,85,8,77,0,Orange,2022-06-07
2,27,3,24,0,Orange,2022-06-12
2,59,3,56,0,Orange,2022-06-15
2,29,1,28,0,Orange,2022-06-18
2,21,2,19,0,Orange,2022-06-19
2,65,6,59,0,Orange,2022-06-20
2,57,0,57,0,Orange,2022-06-21
2,31,2,29,0,Orange,2022-06-26
2,42,3,39,0,Orange,2022-07-01
2,13,0,13,0,Orange,2022-07-04
2,62,7,55,0,Orange,2022-07-14
2,31,0,31,0,Orange,2022-07-16
3,53,6,47,0,Orange,2022-01-22
3,135,8,127,0,Orange,2022-02-07
3,89,3,86,0,Orange,2022-02-09
3,76,3,73,0,Orange,2022-02-14
3,32,2,30,0,Orange,2022-02-23
3,62,7,55,0,Orange,2022-04-21
3,57,6,51,0,Orange,2022-04-26
3,52,7,45,0,Orange,2022-04-28
3,25,2,23,0,Orange,2022-05-01
3,32,7,25,0,Orange,2022-05-07
3,83,4,79,0,Orange,2022-05-10
3,77,8,69,0,Orange,2022-05-20
3,75,7,68,0,Orange,2022-06-02
3,90,6,84,0,Orange,2022-06-08
3,71,7,64,0,Orange,2022-06-09
3,40,2,38,0,Orange,2022-06-17
3,49,5,44,0,Orange,2022-06-30
3,39,4,35,0,Orange,2022-07-02
3,39,4,35,0,Orange,2022-07-03
3,47,4,43,0,Orange,2022-07-09
3,26,4,22,0,Orange,2022-07-10
4,197,6,191,0,Orange,2022-01-21
4,142,9,133,0,Orange,2022-02-03
4,29,3,26,0,Orange,2022-04-04
4,75,4,71,0,Orange,2022-04-14
4,92,5,87,0,Orange,2022-04-18
4,52,3,49,0,Orange,2022-04-22
4,102,12,90,0,Orange,2022-05-17
4,98,8,90,0,Orange,2022-06-01
4,94,7,87,0,Orange,2022-06-06
4,55,2,53,0,Orange,2022-06-13
4,80,8,72,0,Orange,2022-06-27
4,48,1,47,0,Orange,2022-07-08
4,61,4,57,0,Orange,2022-07-11
4,65,6,59,0,Orange,2022-07-12
5,94,5,89,0,Orange,2022-04-12
5,83,3,80,0,Orange,2022-04-19
5,81,12,69,0,Orange,2022-05-02
5,103,8,95,0,Orange,2022-05-09
5,85,9,76,0,Orange,2022-05-12
5,61,14,47,0,Orange,2022-05-14
5,110,17,93,0,Orange,2022-05-25
5,84,14,70,0,Orange,2022-05-26
5,62,6,56,0,Orange,2022-05-28
5,56,3,53,0,Orange,2022-06-10
5,66,4,62,0,Orange,2022-06-22
5,46,6,40,0,Orange,2022-06-24
5,59,6,53,0,Orange,2022-06-29
5,63,5,58,0,Orange,2022-07-06
5,41,2,39,0,Orange,2022-07-15
6,156,9,147,0,Orange,2022-02-01
6,127,7,120,0,Orange,2022-02-02
6,92,3,89,0,Orange,2022-02-08
6,92,12,80,0,Orange,2022-05-18
6,145,13,132,0,Orange,2022-05-31
6,48,1,47,0,Orange,2022-06-16
6,58,7,51,0,Orange,2022-06-23
6,69,3,66,0,Orange,2022-07-07
7,97,2,95,0,Orange,2022-04-08
7,135,6,129,0,Orange,2022-04-11
7,97,3,94,0,Orange,2022-04-13
7,92,10,82,0,Orange,2022-05-03
7,93,8,85,0,Orange,2022-05-11
7,85,11,74,0,Orange,2022-05-13
7,87,13,74,0,Orange,2022-05-19
7,82,14,68,0,Orange,2022-05-24
8,95,9,86,0,Orange,2022-07-05
9,173,11,162,0,Orange,2022-01-28
10,120,15,105,0,Orange,2022-05-23
11,230,12,218,0,Orange,2022-01-31
11,150,17,133,0,Orange,2022-05-16
15,254,10,244,0,Orange,2022-01-26
28,516,25,491,0,Orange,2022-01-18
,0,0,0,0,Pamlico,2022-02-20
,0,0,0,0,Pamlico,2022-02-27
,0,0,0,0,Pamlico,2022-02-28
,0,0,0,0,Pamlico,2022-03-05
,0,0,0,0,Pamlico,2022-03-06
,0,0,0,0,Pamlico,2022-03-08
,0,0,0,0,Pamlico,2022-03-10
,0,0,0,0,Pamlico,2022-03-11
,0,0,0,0,Pamlico,2022-03-12
,0,0,0,0,Pamlico,2022-03-13
,0,0,0,0,Pamlico,2022-03-14
,0,0,0,0,Pamlico,2022-03-15
,0,0,0,0,Pamlico,2022-03-18
,0,0,0,0,Pamlico,2022-03-19
,0,0,0,0,Pamlico,2022-03-20
,0,0,0,0,Pamlico,2022-03-22
,0,0,0,0,Pamlico,2022-03-23
,0,0,0,0,Pamlico,2022-03-24
,0,0,0,0,Pamlico,2022-03-25
,0,0,0,0,Pamlico,2022-03-26
,0,0,0,0,Pamlico,2022-03-27
,0,0,0,0,Pamlico,2022-03-28
,0,0,0,0,Pamlico,2022-03-29
,0,0,0,0,Pamlico,2022-03-31
,0,0,0,0,Pamlico,2022-04-01
,0,0,0,0,Pamlico,2022-04-02
,0,0,0,0,Pamlico,2022-04-03
,0,0,0,0,Pamlico,2022-04-04
,0,0,0,0,Pamlico,2022-04-06
,0,0,0,0,Pamlico,2022-04-07
,0,0,0,0,Pamlico,2022-04-09
,0,0,0,0,Pamlico,2022-04-10
,0,0,0,0,Pamlico,2022-04-11
,0,0,0,0,Pamlico,2022-04-12
,0,0,0,0,Pamlico,2022-04-15
,0,0,0,0,Pamlico,2022-04-16
,0,0,0,0,Pamlico,2022-04-21
,0,0,0,0,Pamlico,2022-04-23
,0,0,0,0,Pamlico,2022-04-24
,0,0,0,0,Pamlico,2022-04-26
,0,0,0,0,Pamlico,2022-05-03
,0,0,0,0,Pamlico,2022-05-14
,0,0,0,0,Pamlico,2022-05-30
0,5,0,5,0,Pamlico,2022-01-21
0,1,0,1,0,Pamlico,2022-01-22
0,5,0,5,0,Pamlico,2022-01-23
0,22,1,21,0,Pamlico,2022-01-25
0,13,1,12,0,Pamlico,2022-01-26
0,17,3,14,0,Pamlico,2022-01-27
0,5,0,5,0,Pamlico,2022-01-29
0,2,0,2,0,Pamlico,2022-02-05
0,8,0,8,0,Pamlico,2022-02-06
0,4,0,4,0,Pamlico,2022-02-09
0,4,0,4,0,Pamlico,2022-02-10
0,5,1,4,0,Pamlico,2022-02-11
0,2,0,2,0,Pamlico,2022-02-13
0,6,0,6,0,Pamlico,2022-02-15
0,7,1,6,0,Pamlico,2022-02-16
0,3,1,2,0,Pamlico,2022-02-18
0,4,0,4,0,Pamlico,2022-02-21
0,2,0,2,0,Pamlico,2022-02-22
0,3,0,3,0,Pamlico,2022-02-23
0,2,0,2,0,Pamlico,2022-02-24
0,1,0,1,0,Pamlico,2022-02-26
0,2,0,2,0,Pamlico,2022-03-01
0,1,0,1,0,Pamlico,2022-03-02
0,1,0,1,0,Pamlico,2022-03-03
0,1,0,1,0,Pamlico,2022-03-04
0,1,0,1,0,Pamlico,2022-03-07
0,2,0,2,0,Pamlico,2022-03-09
0,2,0,2,0,Pamlico,2022-03-16
0,1,1,0,0,Pamlico,2022-03-17
0,1,1,0,0,Pamlico,2022-03-21
0,1,1,0,0,Pamlico,2022-03-30
0,2,2,0,0,Pamlico,2022-04-05
0,3,2,1,0,Pamlico,2022-04-08
0,2,0,2,0,Pamlico,2022-04-13
0,3,0,3,0,Pamlico,2022-04-14
0,1,1,0,0,Pamlico,2022-04-17
0,3,1,2,0,Pamlico,2022-04-18
0,3,2,1,0,Pamlico,2022-04-19
0,1,0,1,0,Pamlico,2022-04-20
0,2,1,1,0,Pamlico,2022-04-22
0,2,1,1,0,Pamlico,2022-04-25
0,1,1,0,0,Pamlico,2022-04-27
0,1,1,0,0,Pamlico,2022-04-29
0,1,0,1,0,Pamlico,2022-04-30
0,2,0,2,0,Pamlico,2022-05-01
0,3,3,0,0,Pamlico,2022-05-04
0,3,2,1,0,Pamlico,2022-05-05
0,2,1,1,0,Pamlico,2022-05-06
0,2,1,1,0,Pamlico,2022-05-07
0,5,2,3,0,Pamlico,2022-05-10
0,4,2,2,0,Pamlico,2022-05-13
0,1,0,1,0,Pamlico,2022-05-15
0,2,0,2,0,Pamlico,2022-05-17
0,6,4,2,0,Pamlico,2022-05-20
0,5,2,3,0,Pamlico,2022-05-26
0,4,2,2,0,Pamlico,2022-05-28
0,1,0,1,0,Pamlico,2022-05-29
0,3,1,2,0,Pamlico,2022-06-03
0,2,1,1,0,Pamlico,2022-06-04
0,5,3,2,0,Pamlico,2022-06-06
0,5,3,2,0,Pamlico,2022-06-07
0,3,2,1,0,Pamlico,2022-06-08
0,5,2,3,0,Pamlico,2022-06-09
0,1,0,1,0,Pamlico,2022-06-11
0,7,0,7,0,Pamlico,2022-06-12
0,2,1,1,0,Pamlico,2022-06-13
0,2,1,1,0,Pamlico,2022-06-15
0,1,0,1,0,Pamlico,2022-06-18
0,2,0,2,0,Pamlico,2022-06-19
0,4,1,3,0,Pamlico,2022-06-22
0,4,1,3,0,Pamlico,2022-06-23
0,1,0,1,0,Pamlico,2022-06-25
0,2,1,1,0,Pamlico,2022-06-26
0,4,1,3,0,Pamlico,2022-06-30
0,5,1,4,0,Pamlico,2022-07-01
0,3,2,1,0,Pamlico,2022-07-02
0,1,0,1,0,Pamlico,2022-07-03
0,3,0,3,0,Pamlico,2022-07-09
0,2,1,1,0,Pamlico,2022-07-12
0,3,2,1,0,Pamlico,2022-07-13
0,2,1,1,0,Pamlico,2022-07-14
0,3,0,3,0,Pamlico,2022-07-16
1,9,0,9,0,Pamlico,2022-01-28
1,6,0,6,0,Pamlico,2022-01-30
1,18,4,14,0,Pamlico,2022-01-31
1,13,0,13,0,Pamlico,2022-02-02
1,9,0,9,0,Pamlico,2022-02-03
1,6,0,6,0,Pamlico,2022-02-04
1,11,1,10,0,Pamlico,2022-02-07
1,16,1,15,0,Pamlico,2022-02-08
1,7,3,4,0,Pamlico,2022-02-17
1,3,1,2,0,Pamlico,2022-02-25
1,6,2,4,0,Pamlico,2022-05-09
1,7,1,6,0,Pamlico,2022-05-11
1,5,3,2,0,Pamlico,2022-05-16
1,2,0,2,0,Pamlico,2022-05-18
1,9,6,3,0,Pamlico,2022-05-19
1,8,0,8,0,Pamlico,2022-05-22
1,8,2,6,0,Pamlico,2022-05-24
1,3,1,2,0,Pamlico,2022-06-01
1,3,1,2,0,Pamlico,2022-06-10
1,4,1,3,0,Pamlico,2022-06-14
1,5,1,4,0,Pamlico,2022-06-17
1,7,3,4,0,Pamlico,2022-06-24
1,5,1,4,0,Pamlico,2022-06-27
1,4,0,4,0,Pamlico,2022-07-04
1,10,4,6,0,Pamlico,2022-07-06
1,5,1,4,0,Pamlico,2022-07-07
1,4,2,2,0,Pamlico,2022-07-08
1,12,8,4,0,Pamlico,2022-07-11
1,6,2,4,0,Pamlico,2022-07-15
2,45,4,41,0,Pamlico,2022-01-19
2,7,0,7,0,Pamlico,2022-02-12
2,4,0,4,0,Pamlico,2022-05-27
2,6,3,3,0,Pamlico,2022-07-10
3,32,4,28,0,Pamlico,2022-01-20
3,39,2,37,0,Pamlico,2022-01-24
3,9,3,6,0,Pamlico,2022-05-12
3,6,1,5,0,Pamlico,2022-05-23
3,9,3,6,0,Pamlico,2022-06-20
3,7,4,3,0,Pamlico,2022-06-21
3,4,0,4,0,Pamlico,2022-06-28
4,40,5,35,0,Pamlico,2022-01-18
,0,0,0,0,Pasquotank,2022-02-25
,0,0,0,0,Pasquotank,2022-03-05
,0,0,0,0,Pasquotank,2022-03-06
,0,0,0,0,Pasquotank,2022-03-09
,0,0,0,0,Pasquotank,2022-03-12
,0,0,0,0,Pasquotank,2022-03-14
,0,0,0,0,Pasquotank,2022-03-15
,0,0,0,0,Pasquotank,2022-03-21
,0,0,0,0,Pasquotank,2022-03-24
,0,0,0,0,Pasquotank,2022-03-27
,0,0,0,0,Pasquotank,2022-03-29
,0,0,0,0,Pasquotank,2022-03-31
,0,0,0,0,Pasquotank,2022-04-01
,0,0,0,0,Pasquotank,2022-04-02
,0,0,0,0,Pasquotank,2022-04-03
,0,0,0,0,Pasquotank,2022-04-04
,0,0,0,0,Pasquotank,2022-04-09
,0,0,0,0,Pasquotank,2022-04-13
,0,0,0,0,Pasquotank,2022-04-14
,0,0,0,0,Pasquotank,2022-04-21
,0,0,0,0,Pasquotank,2022-04-30
,0,0,0,0,Pasquotank,2022-07-10
0,9,0,9,0,Pasquotank,2022-01-22
0,4,0,4,0,Pasquotank,2022-02-06
0,6,0,6,0,Pasquotank,2022-02-09
0,6,2,4,0,Pasquotank,2022-02-12
0,2,1,1,0,Pasquotank,2022-02-13
0,9,2,7,0,Pasquotank,2022-02-14
0,5,1,4,0,Pasquotank,2022-02-18
0,2,1,1,0,Pasquotank,2022-02-19
0,4,0,4,0,Pasquotank,2022-02-20
0,4,0,4,0,Pasquotank,2022-02-21
0,5,0,5,0,Pasquotank,2022-02-22
0,9,2,7,0,Pasquotank,2022-02-24
0,2,0,2,0,Pasquotank,2022-02-26
0,1,0,1,0,Pasquotank,2022-02-27
0,5,1,4,0,Pasquotank,2022-02-28
0,2,0,2,0,Pasquotank,2022-03-04
0,1,1,0,0,Pasquotank,2022-03-08
0,1,0,1,0,Pasquotank,2022-03-10
0,2,0,2,0,Pasquotank,2022-03-11
0,2,1,1,0,Pasquotank,2022-03-13
0,2,0,2,0,Pasquotank,2022-03-16
0,3,2,1,0,Pasquotank,2022-03-17
0,1,0,1,0,Pasquotank,2022-03-19
0,2,2,0,0,Pasquotank,2022-03-23
0,4,2,2,0,Pasquotank,2022-03-25
0,1,0,1,0,Pasquotank,2022-03-26
0,2,1,1,0,Pasquotank,2022-03-28
0,1,1,0,0,Pasquotank,2022-03-30
0,1,0,1,0,Pasquotank,2022-04-06
0,2,0,2,0,Pasquotank,2022-04-07
0,1,0,1,0,Pasquotank,2022-04-08
0,1,0,1,0,Pasquotank,2022-04-10
0,2,0,2,0,Pasquotank,2022-04-11
0,1,1,0,0,Pasquotank,2022-04-15
0,1,0,1,0,Pasquotank,2022-04-16
0,1,1,0,0,Pasquotank,2022-04-17
0,1,0,1,0,Pasquotank,2022-04-18
0,1,0,1,0,Pasquotank,2022-04-19
0,2,1,1,0,Pasquotank,2022-04-20
0,2,1,1,0,Pasquotank,2022-04-22
0,1,0,1,0,Pasquotank,2022-04-23
0,2,0,2,0,Pasquotank,2022-04-24
0,2,0,2,0,Pasquotank,2022-04-25
0,2,1,1,0,Pasquotank,2022-04-26
0,2,1,1,0,Pasquotank,2022-04-27
0,9,3,6,0,Pasquotank,2022-04-28
0,3,1,2,0,Pasquotank,2022-04-29
0,2,1,1,0,Pasquotank,2022-05-01
0,1,1,0,0,Pasquotank,2022-05-02
0,5,1,4,0,Pasquotank,2022-05-05
0,8,2,6,0,Pasquotank,2022-05-06
0,4,2,2,0,Pasquotank,2022-05-07
0,2,0,2,0,Pasquotank,2022-05-08
0,8,3,5,0,Pasquotank,2022-05-10
0,5,1,4,0,Pasquotank,2022-05-14
0,3,0,3,0,Pasquotank,2022-05-15
0,10,5,5,0,Pasquotank,2022-05-18
0,5,2,3,0,Pasquotank,2022-05-21
0,3,3,0,0,Pasquotank,2022-05-22
0,8,6,2,0,Pasquotank,2022-05-23
0,8,5,3,0,Pasquotank,2022-05-24
0,13,6,7,0,Pasquotank,2022-05-26
0,4,1,3,0,Pasquotank,2022-05-27
0,4,1,3,0,Pasquotank,2022-05-28
0,2,1,1,0,Pasquotank,2022-05-29
0,10,6,4,0,Pasquotank,2022-06-08
0,8,4,4,0,Pasquotank,2022-06-10
0,8,4,4,0,Pasquotank,2022-06-11
0,6,1,5,0,Pasquotank,2022-06-25
0,2,0,2,0,Pasquotank,2022-07-02
0,1,0,1,0,Pasquotank,2022-07-03
0,2,1,1,0,Pasquotank,2022-07-04
0,9,2,7,0,Pasquotank,2022-07-07
0,7,2,5,0,Pasquotank,2022-07-13
0,4,1,3,0,Pasquotank,2022-07-15
0,6,2,4,0,Pasquotank,2022-07-16
1,6,4,2,0,Pasquotank,2022-02-08
1,8,1,7,0,Pasquotank,2022-02-10
1,8,5,3,0,Pasquotank,2022-02-15
1,13,4,9,0,Pasquotank,2022-02-17
1,7,5,2,0,Pasquotank,2022-02-23
1,5,3,2,0,Pasquotank,2022-03-01
1,2,0,2,0,Pasquotank,2022-03-02
1,8,1,7,0,Pasquotank,2022-05-04
1,8,4,4,0,Pasquotank,2022-05-12
1,10,3,7,0,Pasquotank,2022-05-16
1,12,7,5,0,Pasquotank,2022-05-20
1,16,7,9,0,Pasquotank,2022-05-31
1,7,2,5,0,Pasquotank,2022-06-04
1,10,5,5,0,Pasquotank,2022-06-12
1,9,2,7,0,Pasquotank,2022-06-14
1,5,2,3,0,Pasquotank,2022-06-17
1,2,0,2,0,Pasquotank,2022-06-19
1,11,4,7,0,Pasquotank,2022-06-21
1,9,4,5,0,Pasquotank,2022-06-24
1,10,6,4,0,Pasquotank,2022-06-26
1,3,2,1,0,Pasquotank,2022-06-29
1,12,2,10,0,Pasquotank,2022-06-30
1,12,4,8,0,Pasquotank,2022-07-05
1,13,6,7,0,Pasquotank,2022-07-08
1,6,2,4,0,Pasquotank,2022-07-09
2,45,9,36,0,Pasquotank,2022-01-31
2,34,6,28,0,Pasquotank,2022-02-07
2,27,1,26,0,Pasquotank,2022-02-16
2,3,2,1,0,Pasquotank,2022-05-03
2,9,5,4,0,Pasquotank,2022-05-13
2,14,5,9,0,Pasquotank,2022-05-17
2,17,7,10,0,Pasquotank,2022-05-19
2,6,4,2,0,Pasquotank,2022-05-30
2,14,6,8,0,Pasquotank,2022-06-03
2,17,14,3,0,Pasquotank,2022-06-06
2,7,4,3,0,Pasquotank,2022-06-07
2,10,7,3,0,Pasquotank,2022-06-09
2,10,6,4,0,Pasquotank,2022-06-13
2,7,3,4,0,Pasquotank,2022-06-15
2,8,5,3,0,Pasquotank,2022-06-16
2,7,5,2,0,Pasquotank,2022-06-18
2,15,4,11,0,Pasquotank,2022-06-20
2,9,2,7,0,Pasquotank,2022-06-22
2,9,6,3,0,Pasquotank,2022-06-23
2,9,1,8,0,Pasquotank,2022-06-27
2,12,4,8,0,Pasquotank,2022-07-01
2,7,1,6,0,Pasquotank,2022-07-06
2,15,9,6,0,Pasquotank,2022-07-11
2,12,2,10,0,Pasquotank,2022-07-12
2,9,4,5,0,Pasquotank,2022-07-14
3,3,2,1,0,Pasquotank,2022-05-09
3,7,4,3,0,Pasquotank,2022-05-11
3,17,9,8,0,Pasquotank,2022-05-25
3,27,10,17,0,Pasquotank,2022-06-01
4,16,2,14,0,Pasquotank,2022-01-29
6,63,12,51,0,Pasquotank,2022-01-27
6,33,9,24,0,Pasquotank,2022-02-01
8,138,19,119,0,Pasquotank,2022-01-19
8,101,13,88,0,Pasquotank,2022-01-20
8,67,6,61,0,Pasquotank,2022-01-26
12,94,16,78,0,Pasquotank,2022-01-24
,0,0,0,0,Pender,2022-03-10
,0,0,0,0,Pender,2022-03-13
,0,0,0,0,Pender,2022-03-18
,0,0,0,0,Pender,2022-03-20
,0,0,0,0,Pender,2022-03-23
,0,0,0,0,Pender,2022-03-25
,0,0,0,0,Pender,2022-03-27
,0,0,0,0,Pender,2022-04-02
,0,0,0,0,Pender,2022-04-03
,0,0,0,0,Pender,2022-04-05
,0,0,0,0,Pender,2022-04-10
,0,0,0,0,Pender,2022-05-01
0,15,4,11,0,Pender,2022-02-05
0,16,1,15,0,Pender,2022-02-16
0,5,0,5,0,Pender,2022-02-17
0,4,1,3,0,Pender,2022-02-20
0,5,0,5,0,Pender,2022-02-23
0,5,1,4,0,Pender,2022-02-24
0,1,0,1,0,Pender,2022-02-28
0,5,1,4,0,Pender,2022-03-01
0,5,2,3,0,Pender,2022-03-03
0,2,0,2,0,Pender,2022-03-04
0,1,0,1,0,Pender,2022-03-05
0,2,0,2,0,Pender,2022-03-06
0,3,0,3,0,Pender,2022-03-07
0,1,0,1,0,Pender,2022-03-09
0,1,0,1,0,Pender,2022-03-11
0,1,0,1,0,Pender,2022-03-12
0,5,0,5,0,Pender,2022-03-17
0,1,0,1,0,Pender,2022-03-19
0,2,0,2,0,Pender,2022-03-21
0,1,0,1,0,Pender,2022-03-22
0,1,0,1,0,Pender,2022-03-24
0,2,0,2,0,Pender,2022-03-28
0,1,0,1,0,Pender,2022-03-29
0,2,0,2,0,Pender,2022-03-30
0,2,0,2,0,Pender,2022-03-31
0,2,0,2,0,Pender,2022-04-01
0,2,0,2,0,Pender,2022-04-06
0,5,0,5,0,Pender,2022-04-07
0,2,0,2,0,Pender,2022-04-09
0,8,1,7,0,Pender,2022-04-13
0,5,2,3,0,Pender,2022-04-14
0,7,1,6,0,Pender,2022-04-15
0,1,0,1,0,Pender,2022-04-16
0,2,0,2,0,Pender,2022-04-17
0,3,1,2,0,Pender,2022-04-18
0,3,3,0,0,Pender,2022-04-19
0,2,0,2,0,Pender,2022-04-20
0,7,1,6,0,Pender,2022-04-21
0,5,1,4,0,Pender,2022-04-22
0,3,0,3,0,Pender,2022-04-23
0,4,1,3,0,Pender,2022-04-26
0,1,0,1,0,Pender,2022-04-30
0,5,1,4,0,Pender,2022-05-06
0,12,3,9,0,Pender,2022-05-11
0,7,0,7,0,Pender,2022-05-15
0,26,3,23,0,Pender,2022-05-16
0,6,1,5,0,Pender,2022-05-22
0,17,1,16,0,Pender,2022-05-24
0,6,1,5,0,Pender,2022-05-29
0,6,1,5,0,Pender,2022-05-30
0,13,1,12,0,Pender,2022-06-03
0,18,1,17,0,Pender,2022-06-07
0,9,0,9,0,Pender,2022-06-09
0,12,4,8,0,Pender,2022-06-15
0,8,1,7,0,Pender,2022-06-18
0,2,0,2,0,Pender,2022-06-26
0,18,0,18,0,Pender,2022-07-13
1,12,1,11,0,Pender,2022-02-12
1,4,1,3,0,Pender,2022-02-13
1,15,0,15,0,Pender,2022-02-15
1,9,3,6,0,Pender,2022-02-18
1,7,0,7,0,Pender,2022-02-21
1,12,1,11,0,Pender,2022-02-22
1,5,1,4,0,Pender,2022-02-27
1,2,0,2,0,Pender,2022-03-16
1,4,0,4,0,Pender,2022-04-04
1,9,0,9,0,Pender,2022-04-08
1,9,2,7,0,Pender,2022-04-11
1,6,1,5,0,Pender,2022-04-12
1,9,3,6,0,Pender,2022-04-27
1,6,0,6,0,Pender,2022-04-28
1,4,1,3,0,Pender,2022-04-29
1,11,2,9,0,Pender,2022-05-04
1,3,0,3,0,Pender,2022-05-07
1,13,1,12,0,Pender,2022-05-09
1,20,1,19,0,Pender,2022-05-19
1,12,0,12,0,Pender,2022-05-21
1,12,2,10,0,Pender,2022-05-28
1,7,2,5,0,Pender,2022-06-08
1,13,0,13,0,Pender,2022-06-11
1,6,0,6,0,Pender,2022-06-12
1,14,4,10,0,Pender,2022-06-20
1,10,2,8,0,Pender,2022-06-25
1,15,2,13,0,Pender,2022-07-01
1,23,6,17,0,Pender,2022-07-07
1,8,2,6,0,Pender,2022-07-09
1,10,1,9,0,Pender,2022-07-10
1,9,2,7,0,Pender,2022-07-16
2,36,5,31,0,Pender,2022-01-22
2,24,1,23,0,Pender,2022-02-10
2,7,1,6,0,Pender,2022-03-15
2,6,2,4,0,Pender,2022-04-24
2,22,2,20,0,Pender,2022-05-10
2,16,4,12,0,Pender,2022-05-12
2,14,2,12,0,Pender,2022-05-13
2,13,1,12,0,Pender,2022-05-18
2,11,1,10,0,Pender,2022-06-04
2,21,4,17,0,Pender,2022-06-06
2,15,3,12,0,Pender,2022-06-10
2,18,1,17,0,Pender,2022-06-13
2,11,0,11,0,Pender,2022-06-16
2,9,1,8,0,Pender,2022-06-19
2,19,4,15,0,Pender,2022-06-23
2,12,0,12,0,Pender,2022-06-24
2,6,1,5,0,Pender,2022-07-15
3,35,2,33,0,Pender,2022-02-08
3,12,2,10,0,Pender,2022-05-20
3,21,2,19,0,Pender,2022-06-01
3,22,5,17,0,Pender,2022-06-14
3,17,0,17,0,Pender,2022-06-17
3,19,2,17,0,Pender,2022-06-30
3,8,1,7,0,Pender,2022-07-02
3,11,3,8,0,Pender,2022-07-04
3,15,4,11,0,Pender,2022-07-08
3,24,3,21,0,Pender,2022-07-14
4,55,16,39,0,Pender,2022-01-23
4,17,1,16,0,Pender,2022-05-23
4,24,5,19,0,Pender,2022-05-31
4,21,6,15,0,Pender,2022-06-22
4,37,12,25,0,Pender,2022-07-11
5,103,14,89,0,Pender,2022-01-28
5,62,14,48,0,Pender,2022-02-02
5,23,5,18,0,Pender,2022-06-21
5,25,4,21,0,Pender,2022-06-27
5,16,2,14,0,Pender,2022-07-03
5,28,4,24,0,Pender,2022-07-06
5,24,4,20,0,Pender,2022-07-12
6,78,6,72,0,Pender,2022-02-01
6,83,14,69,0,Pender,2022-02-07
14,104,18,86,0,Pender,2022-01-27
16,281,42,239,0,Pender,2022-01-19
21,344,53,291,0,Pender,2022-01-18
22,224,26,198,0,Pender,2022-01-20
22,267,45,222,0,Pender,2022-01-24
,0,0,0,0,Perquimans,2022-02-19
,0,0,0,0,Perquimans,2022-02-24
,0,0,0,0,Perquimans,2022-02-25
,0,0,0,0,Perquimans,2022-02-27
,0,0,0,0,Perquimans,2022-03-05
,0,0,0,0,Perquimans,2022-03-07
,0,0,0,0,Perquimans,2022-03-09
,0,0,0,0,Perquimans,2022-03-10
,0,0,0,0,Perquimans,2022-03-12
,0,0,0,0,Perquimans,2022-03-14
,0,0,0,0,Perquimans,2022-03-15
,0,0,0,0,Perquimans,2022-03-16
,0,0,0,0,Perquimans,2022-03-17
,0,0,0,0,Perquimans,2022-03-19
,0,0,0,0,Perquimans,2022-03-20
,0,0,0,0,Perquimans,2022-03-22
,0,0,0,0,Perquimans,2022-03-23
,0,0,0,0,Perquimans,2022-03-25
,0,0,0,0,Perquimans,2022-03-26
,0,0,0,0,Perquimans,2022-03-28
,0,0,0,0,Perquimans,2022-03-29
,0,0,0,0,Perquimans,2022-03-30
,0,0,0,0,Perquimans,2022-03-31
,0,0,0,0,Perquimans,2022-04-01
,0,0,0,0,Perquimans,2022-04-02
,0,0,0,0,Perquimans,2022-04-03
,0,0,0,0,Perquimans,2022-04-05
,0,0,0,0,Perquimans,2022-04-07
,0,0,0,0,Perquimans,2022-04-08
,0,0,0,0,Perquimans,2022-04-09
,0,0,0,0,Perquimans,2022-04-10
,0,0,0,0,Perquimans,2022-04-12
,0,0,0,0,Perquimans,2022-04-13
,0,0,0,0,Perquimans,2022-04-14
,0,0,0,0,Perquimans,2022-04-15
,0,0,0,0,Perquimans,2022-04-16
,0,0,0,0,Perquimans,2022-04-17
,0,0,0,0,Perquimans,2022-04-18
,0,0,0,0,Perquimans,2022-04-19
,0,0,0,0,Perquimans,2022-04-20
,0,0,0,0,Perquimans,2022-04-21
,0,0,0,0,Perquimans,2022-04-22
,0,0,0,0,Perquimans,2022-04-23
,0,0,0,0,Perquimans,2022-04-30
,0,0,0,0,Perquimans,2022-05-07
,0,0,0,0,Perquimans,2022-05-08
,0,0,0,0,Perquimans,2022-05-10
,0,0,0,0,Perquimans,2022-05-12
,0,0,0,0,Perquimans,2022-05-13
,0,0,0,0,Perquimans,2022-06-05
,0,0,0,0,Perquimans,2022-06-19
,0,0,0,0,Perquimans,2022-07-08
0,10,1,9,0,Perquimans,2022-01-21
0,21,7,14,0,Perquimans,2022-01-26
0,4,0,4,0,Perquimans,2022-01-29
0,8,1,7,0,Perquimans,2022-02-02
0,5,1,4,0,Perquimans,2022-02-06
0,4,2,2,0,Perquimans,2022-02-10
0,3,0,3,0,Perquimans,2022-02-11
0,1,0,1,0,Perquimans,2022-02-12
0,7,3,4,0,Perquimans,2022-02-14
0,2,0,2,0,Perquimans,2022-02-15
0,2,0,2,0,Perquimans,2022-02-17
0,2,0,2,0,Perquimans,2022-02-18
0,2,0,2,0,Perquimans,2022-02-20
0,2,2,0,0,Perquimans,2022-02-22
0,1,1,0,0,Perquimans,2022-02-23
0,1,0,1,0,Perquimans,2022-02-26
0,1,0,1,0,Perquimans,2022-02-28
0,1,0,1,0,Perquimans,2022-03-01
0,1,0,1,0,Perquimans,2022-03-03
0,1,0,1,0,Perquimans,2022-03-06
0,2,0,2,0,Perquimans,2022-03-08
0,3,0,3,0,Perquimans,2022-03-11
0,1,0,1,0,Perquimans,2022-03-13
0,1,1,0,0,Perquimans,2022-03-18
0,1,1,0,0,Perquimans,2022-03-27
0,1,0,1,0,Perquimans,2022-04-04
0,1,1,0,0,Perquimans,2022-04-11
0,2,2,0,0,Perquimans,2022-04-24
0,1,0,1,0,Perquimans,2022-04-29
0,2,1,1,0,Perquimans,2022-05-02
0,5,0,5,0,Perquimans,2022-05-04
0,6,5,1,0,Perquimans,2022-05-05
0,3,1,2,0,Perquimans,2022-05-06
0,3,0,3,0,Perquimans,2022-05-09
0,2,1,1,0,Perquimans,2022-05-11
0,2,0,2,0,Perquimans,2022-05-15
0,2,1,1,0,Perquimans,2022-05-16
0,2,0,2,0,Perquimans,2022-05-18
0,5,2,3,0,Perquimans,2022-05-19
0,4,1,3,0,Perquimans,2022-05-20
0,2,2,0,0,Perquimans,2022-05-21
0,4,2,2,0,Perquimans,2022-05-23
0,5,2,3,0,Perquimans,2022-05-24
0,3,2,1,0,Perquimans,2022-05-28
0,2,0,2,0,Perquimans,2022-05-29
0,2,1,1,0,Perquimans,2022-05-30
0,3,1,2,0,Perquimans,2022-06-02
0,2,0,2,0,Perquimans,2022-06-03
0,2,0,2,0,Perquimans,2022-06-04
0,4,1,3,0,Perquimans,2022-06-07
0,2,0,2,0,Perquimans,2022-06-08
0,1,0,1,0,Perquimans,2022-06-10
0,3,0,3,0,Perquimans,2022-06-11
0,1,1,0,0,Perquimans,2022-06-12
0,9,2,7,0,Perquimans,2022-06-14
0,3,0,3,0,Perquimans,2022-06-16
0,5,2,3,0,Perquimans,2022-06-17
0,3,1,2,0,Perquimans,2022-06-21
0,2,0,2,0,Perquimans,2022-06-22
0,3,2,1,0,Perquimans,2022-06-24
0,3,1,2,0,Perquimans,2022-06-25
0,2,0,2,0,Perquimans,2022-06-27
0,3,1,2,0,Perquimans,2022-06-29
0,2,1,1,0,Perquimans,2022-07-01
0,2,0,2,0,Perquimans,2022-07-02
0,1,0,1,0,Perquimans,2022-07-03
0,1,0,1,0,Perquimans,2022-07-04
0,1,0,1,0,Perquimans,2022-07-05
0,3,0,3,0,Perquimans,2022-07-06
0,2,1,1,0,Perquimans,2022-07-09
0,1,0,1,0,Perquimans,2022-07-10
0,3,0,3,0,Perquimans,2022-07-13
0,3,1,2,0,Perquimans,2022-07-14
0,10,8,2,0,Perquimans,2022-07-15
0,1,0,1,0,Perquimans,2022-07-16
1,24,5,19,0,Perquimans,2022-01-19
1,6,1,5,0,Perquimans,2022-01-22
1,6,0,6,0,Perquimans,2022-01-23
1,5,0,5,0,Perquimans,2022-01-30
1,5,3,2,0,Perquimans,2022-02-05
1,5,1,4,0,Perquimans,2022-02-08
1,17,0,17,0,Perquimans,2022-02-09
1,6,1,5,0,Perquimans,2022-02-13
1,4,0,4,0,Perquimans,2022-02-21
1,1,1,0,0,Perquimans,2022-03-04
1,1,0,1,0,Perquimans,2022-03-24
1,3,2,1,0,Perquimans,2022-04-06
1,3,0,3,0,Perquimans,2022-04-26
1,2,0,2,0,Perquimans,2022-05-01
1,2,0,2,0,Perquimans,2022-05-22
1,5,2,3,0,Perquimans,2022-05-26
1,4,1,3,0,Perquimans,2022-05-27
1,1,1,0,0,Perquimans,2022-06-09
1,3,0,3,0,Perquimans,2022-06-13
1,3,1,2,0,Perquimans,2022-06-18
1,3,2,1,0,Perquimans,2022-06-23
1,1,0,1,0,Perquimans,2022-06-26
1,1,1,0,0,Perquimans,2022-06-28
1,3,1,2,0,Perquimans,2022-06-30
1,3,0,3,0,Perquimans,2022-07-07
2,29,4,25,0,Perquimans,2022-01-24
2,23,4,19,0,Perquimans,2022-01-25
2,11,1,10,0,Perquimans,2022-01-28
2,19,3,16,0,Perquimans,2022-01-31
2,12,4,8,0,Perquimans,2022-02-01
2,2,2,0,0,Perquimans,2022-04-27
2,5,1,4,0,Perquimans,2022-06-01
2,5,2,3,0,Perquimans,2022-06-06
2,6,0,6,0,Perquimans,2022-06-15
2,5,0,5,0,Perquimans,2022-06-20
2,7,1,6,0,Perquimans,2022-07-11
2,4,0,4,0,Perquimans,2022-07-12
3,29,7,22,0,Perquimans,2022-01-20
3,22,6,16,0,Perquimans,2022-01-27
3,13,0,13,0,Perquimans,2022-02-03
3,12,3,9,0,Perquimans,2022-02-07
,0,0,0,0,Person,2022-03-11
,0,0,0,0,Person,2022-03-12
,0,0,0,0,Person,2022-03-23
,0,0,0,0,Person,2022-03-24
,0,0,0,0,Person,2022-03-25
,0,0,0,0,Person,2022-03-27
,0,0,0,0,Person,2022-03-28
,0,0,0,0,Person,2022-04-03
,0,0,0,0,Person,2022-04-08
,0,0,0,0,Person,2022-04-21
0,9,2,7,0,Person,2022-02-12
0,4,0,4,0,Person,2022-02-13
0,11,2,9,0,Person,2022-02-16
0,8,2,6,0,Person,2022-02-18
0,2,0,2,0,Person,2022-02-20
0,5,2,3,0,Person,2022-02-25
0,2,1,1,0,Person,2022-02-26
0,4,0,4,0,Person,2022-02-27
0,3,1,2,0,Person,2022-02-28
0,7,2,5,0,Person,2022-03-01
0,4,0,4,0,Person,2022-03-03
0,3,0,3,0,Person,2022-03-04
0,1,0,1,0,Person,2022-03-05
0,3,3,0,0,Person,2022-03-06
0,2,1,1,0,Person,2022-03-07
0,2,1,1,0,Person,2022-03-08
0,6,1,5,0,Person,2022-03-09
0,1,0,1,0,Person,2022-03-10
0,1,0,1,0,Person,2022-03-13
0,6,0,6,0,Person,2022-03-14
0,1,1,0,0,Person,2022-03-15
0,3,0,3,0,Person,2022-03-17
0,1,1,0,0,Person,2022-03-18
0,1,0,1,0,Person,2022-03-19
0,1,1,0,0,Person,2022-03-20
0,3,0,3,0,Person,2022-03-21
0,2,0,2,0,Person,2022-03-22
0,1,0,1,0,Person,2022-03-26
0,2,0,2,0,Person,2022-03-30
0,2,1,1,0,Person,2022-03-31
0,2,0,2,0,Person,2022-04-01
0,1,1,0,0,Person,2022-04-02
0,3,0,3,0,Person,2022-04-04
0,2,1,1,0,Person,2022-04-05
0,1,0,1,0,Person,2022-04-06
0,3,0,3,0,Person,2022-04-07
0,2,1,1,0,Person,2022-04-09
0,1,0,1,0,Person,2022-04-10
0,3,0,3,0,Person,2022-04-11
0,4,1,3,0,Person,2022-04-13
0,2,0,2,0,Person,2022-04-14
0,3,0,3,0,Person,2022-04-15
0,1,0,1,0,Person,2022-04-16
0,1,0,1,0,Person,2022-04-17
0,2,0,2,0,Person,2022-04-20
0,5,3,2,0,Person,2022-04-22
0,4,3,1,0,Person,2022-04-27
0,5,1,4,0,Person,2022-04-30
0,6,2,4,0,Person,2022-05-03
0,10,2,8,0,Person,2022-05-06
0,2,1,1,0,Person,2022-05-07
0,13,3,10,0,Person,2022-05-09
0,9,1,8,0,Person,2022-05-10
0,19,4,15,0,Person,2022-05-13
0,16,3,13,0,Person,2022-05-14
0,8,5,3,0,Person,2022-05-15
0,7,1,6,0,Person,2022-05-22
0,12,5,7,0,Person,2022-05-25
0,16,4,12,0,Person,2022-05-26
0,14,3,11,0,Person,2022-05-28
0,3,2,1,0,Person,2022-06-11
0,11,4,7,0,Person,2022-06-13
0,3,0,3,0,Person,2022-06-18
0,10,5,5,0,Person,2022-06-19
0,11,6,5,0,Person,2022-06-22
0,8,2,6,0,Person,2022-06-26
0,11,1,10,0,Person,2022-06-30
0,3,2,1,0,Person,2022-07-04
0,5,1,4,0,Person,2022-07-16
1,15,3,12,0,Person,2022-02-05
1,9,2,7,0,Person,2022-02-11
1,11,2,9,0,Person,2022-02-15
1,14,2,12,0,Person,2022-02-17
1,10,3,7,0,Person,2022-02-22
1,13,2,11,0,Person,2022-02-23
1,11,3,8,0,Person,2022-03-02
1,1,1,0,0,Person,2022-03-29
1,4,1,3,0,Person,2022-04-12
1,1,1,0,0,Person,2022-04-18
1,2,2,0,0,Person,2022-04-19
1,3,1,2,0,Person,2022-04-23
1,2,1,1,0,Person,2022-04-24
1,13,3,10,0,Person,2022-04-25
1,3,1,2,0,Person,2022-04-26
1,11,1,10,0,Person,2022-04-28
1,7,2,5,0,Person,2022-04-29
1,6,3,3,0,Person,2022-05-01
1,8,3,5,0,Person,2022-05-05
1,15,6,9,0,Person,2022-05-16
1,13,4,9,0,Person,2022-05-18
1,15,5,10,0,Person,2022-05-19
1,13,3,10,0,Person,2022-05-20
1,12,3,9,0,Person,2022-05-21
1,12,3,9,0,Person,2022-05-27
1,8,4,4,0,Person,2022-05-30
1,13,1,12,0,Person,2022-05-31
1,8,2,6,0,Person,2022-06-05
1,19,4,15,0,Person,2022-06-08
1,6,1,5,0,Person,2022-06-09
1,16,3,13,0,Person,2022-06-10
1,6,1,5,0,Person,2022-06-12
1,16,8,8,0,Person,2022-06-20
1,11,4,7,0,Person,2022-06-24
1,7,4,3,0,Person,2022-06-25
1,16,7,9,0,Person,2022-06-28
1,21,3,18,0,Person,2022-07-07
1,4,1,3,0,Person,2022-07-10
1,13,5,8,0,Person,2022-07-14
2,53,3,50,0,Person,2022-01-23
2,75,13,62,0,Person,2022-01-26
2,33,11,22,0,Person,2022-01-30
2,44,5,39,0,Person,2022-02-02
2,30,6,24,0,Person,2022-02-04
2,15,1,14,0,Person,2022-02-06
2,22,6,16,0,Person,2022-02-10
2,14,2,12,0,Person,2022-05-04
2,6,4,2,0,Person,2022-05-08
2,16,4,12,0,Person,2022-05-11
2,23,8,15,0,Person,2022-05-23
2,13,5,8,0,Person,2022-05-29
2,18,5,13,0,Person,2022-06-01
2,11,4,7,0,Person,2022-06-02
2,16,7,9,0,Person,2022-06-14
2,7,5,2,0,Person,2022-06-17
2,15,5,10,0,Person,2022-06-23
2,23,9,14,0,Person,2022-06-27
2,18,7,11,0,Person,2022-06-29
2,7,1,6,0,Person,2022-07-02
2,11,4,7,0,Person,2022-07-03
2,12,3,9,0,Person,2022-07-09
2,16,3,13,0,Person,2022-07-15
3,62,15,47,0,Person,2022-01-21
3,25,1,24,0,Person,2022-01-22
3,66,8,58,0,Person,2022-01-27
3,59,16,43,0,Person,2022-01-28
3,31,6,25,0,Person,2022-02-08
3,19,4,15,0,Person,2022-02-14
3,20,7,13,0,Person,2022-05-12
3,24,7,17,0,Person,2022-05-24
3,17,5,12,0,Person,2022-06-06
3,18,5,13,0,Person,2022-06-15
3,24,7,17,0,Person,2022-07-06
3,19,3,16,0,Person,2022-07-08
3,21,5,16,0,Person,2022-07-11
3,16,6,10,0,Person,2022-07-13
4,28,4,24,0,Person,2022-02-07
4,11,10,1,0,Person,2022-06-04
4,18,6,12,0,Person,2022-06-07
4,26,11,15,0,Person,2022-06-21
4,30,6,24,0,Person,2022-07-12
5,30,10,20,0,Person,2022-07-05
6,13,3,10,0,Person,2022-06-03
7,74,14,60,0,Person,2022-01-31
13,148,23,125,0,Person,2022-01-24
,0,0,0,0,Pitt,2022-03-27
0,7,0,7,0,Pitt,2022-02-27
0,5,1,4,0,Pitt,2022-03-11
0,1,0,1,0,Pitt,2022-03-12
0,1,0,1,0,Pitt,2022-03-13
0,4,1,3,0,Pitt,2022-03-15
0,6,1,5,0,Pitt,2022-03-18
0,2,0,2,0,Pitt,2022-03-20
0,3,0,3,0,Pitt,2022-03-21
0,4,1,3,0,Pitt,2022-03-22
0,5,0,5,0,Pitt,2022-03-23
0,4,0,4,0,Pitt,2022-03-26
0,4,1,3,0,Pitt,2022-03-30
0,2,0,2,0,Pitt,2022-03-31
0,4,0,4,0,Pitt,2022-04-01
0,4,0,4,0,Pitt,2022-04-03
0,10,3,7,0,Pitt,2022-04-04
0,16,0,16,0,Pitt,2022-04-13
0,4,0,4,0,Pitt,2022-04-16
0,3,1,2,0,Pitt,2022-04-17
0,12,5,7,0,Pitt,2022-04-20
0,11,0,11,0,Pitt,2022-04-21
0,12,4,8,0,Pitt,2022-04-23
0,2,0,2,0,Pitt,2022-04-24
0,15,3,12,0,Pitt,2022-05-07
1,11,1,10,0,Pitt,2022-03-01
1,10,3,7,0,Pitt,2022-03-09
1,3,1,2,0,Pitt,2022-03-24
1,3,1,2,0,Pitt,2022-03-29
1,3,0,3,0,Pitt,2022-04-02
1,11,0,11,0,Pitt,2022-04-08
1,6,0,6,0,Pitt,2022-04-09
1,5,0,5,0,Pitt,2022-04-10
1,16,3,13,0,Pitt,2022-04-12
1,12,0,12,0,Pitt,2022-04-18
1,25,7,18,0,Pitt,2022-04-26
1,24,3,21,0,Pitt,2022-04-28
1,9,0,9,0,Pitt,2022-04-30
1,11,1,10,0,Pitt,2022-05-01
1,34,2,32,0,Pitt,2022-05-15
1,24,4,20,0,Pitt,2022-05-21
1,16,3,13,0,Pitt,2022-05-30
2,9,2,7,0,Pitt,2022-03-10
2,7,0,7,0,Pitt,2022-03-28
2,13,0,13,0,Pitt,2022-04-06
2,11,1,10,0,Pitt,2022-04-07
2,22,2,20,0,Pitt,2022-04-11
2,15,2,13,0,Pitt,2022-04-14
2,11,1,10,0,Pitt,2022-04-22
2,24,1,23,0,Pitt,2022-04-25
2,26,2,24,0,Pitt,2022-06-04
2,31,7,24,0,Pitt,2022-06-18
3,41,3,38,0,Pitt,2022-02-13
3,20,4,16,0,Pitt,2022-03-03
3,16,4,12,0,Pitt,2022-04-29
3,20,3,17,0,Pitt,2022-05-08
3,24,5,19,0,Pitt,2022-05-28
3,33,1,32,0,Pitt,2022-06-05
4,41,2,39,0,Pitt,2022-02-17
4,42,6,36,0,Pitt,2022-02-22
4,13,1,12,0,Pitt,2022-04-05
4,16,0,16,0,Pitt,2022-04-19
4,29,2,27,0,Pitt,2022-05-29
4,32,2,30,0,Pitt,2022-07-16
5,93,8,85,0,Pitt,2022-02-10
5,62,13,49,0,Pitt,2022-02-15
5,30,2,28,0,Pitt,2022-05-02
5,38,2,36,0,Pitt,2022-05-04
5,37,1,36,0,Pitt,2022-05-05
5,28,5,23,0,Pitt,2022-05-06
5,63,13,50,0,Pitt,2022-05-10
5,23,2,21,0,Pitt,2022-05-14
5,41,1,40,0,Pitt,2022-05-22
5,43,1,42,0,Pitt,2022-07-09
6,61,2,59,0,Pitt,2022-02-06
6,42,5,37,0,Pitt,2022-02-21
6,28,2,26,0,Pitt,2022-02-28
6,55,7,48,0,Pitt,2022-05-09
6,58,11,47,0,Pitt,2022-05-13
6,65,8,57,0,Pitt,2022-05-27
6,24,3,21,0,Pitt,2022-06-11
6,41,4,37,0,Pitt,2022-06-12
6,84,16,68,0,Pitt,2022-06-22
6,32,4,28,0,Pitt,2022-07-02
6,42,3,39,0,Pitt,2022-07-10
7,27,1,26,0,Pitt,2022-04-27
7,60,8,52,0,Pitt,2022-05-12
7,33,7,26,0,Pitt,2022-06-25
7,62,13,49,0,Pitt,2022-07-01
7,19,3,16,0,Pitt,2022-07-04
8,88,13,75,0,Pitt,2022-05-24
8,64,13,51,0,Pitt,2022-06-02
8,65,9,56,0,Pitt,2022-06-09
8,46,2,44,0,Pitt,2022-07-03
9,113,11,102,0,Pitt,2022-06-13
9,77,4,73,0,Pitt,2022-07-07
10,63,11,52,0,Pitt,2022-05-11
10,95,15,80,0,Pitt,2022-05-16
10,66,7,59,0,Pitt,2022-06-03
10,80,9,71,0,Pitt,2022-06-23
11,91,15,76,0,Pitt,2022-05-18
11,56,6,50,0,Pitt,2022-05-20
11,72,10,62,0,Pitt,2022-06-07
11,100,7,93,0,Pitt,2022-06-29
12,100,11,89,0,Pitt,2022-06-01
12,87,1,86,0,Pitt,2022-07-15
13,157,8,149,0,Pitt,2022-02-04
13,98,16,82,0,Pitt,2022-05-23
13,88,9,79,0,Pitt,2022-05-26
13,70,7,63,0,Pitt,2022-06-10
13,84,9,75,0,Pitt,2022-06-14
14,97,15,82,0,Pitt,2022-06-30
15,129,5,124,0,Pitt,2022-01-30
15,82,15,67,0,Pitt,2022-05-25
15,93,23,70,0,Pitt,2022-06-06
15,70,5,65,0,Pitt,2022-06-08
15,101,15,86,0,Pitt,2022-06-21
15,78,3,75,0,Pitt,2022-07-08
16,109,0,109,0,Pitt,2022-01-21
16,81,6,75,0,Pitt,2022-06-24
16,91,4,87,0,Pitt,2022-07-13
16,89,5,84,0,Pitt,2022-07-14
17,114,12,102,0,Pitt,2022-07-06
18,78,19,59,0,Pitt,2022-05-19
18,112,19,93,0,Pitt,2022-06-20
19,134,14,120,0,Pitt,2022-02-08
19,99,7,92,0,Pitt,2022-06-15
20,85,6,79,0,Pitt,2022-06-16
20,82,14,68,0,Pitt,2022-06-28
21,83,6,77,0,Pitt,2022-07-12
23,91,9,82,0,Pitt,2022-06-17
23,118,7,111,0,Pitt,2022-07-05
25,106,4,102,0,Pitt,2022-07-11
26,115,14,101,0,Pitt,2022-06-27
27,151,24,127,0,Pitt,2022-05-31
64,673,58,615,0,Pitt,2022-01-24
75,844,96,748,0,Pitt,2022-01-19
84,719,67,652,0,Pitt,2022-01-20
,0,0,0,0,Polk,2022-03-06
,0,0,0,0,Polk,2022-03-09
,0,0,0,0,Polk,2022-03-11
,0,0,0,0,Polk,2022-03-12
,0,0,0,0,Polk,2022-03-13
,0,0,0,0,Polk,2022-03-15
,0,0,0,0,Polk,2022-03-16
,0,0,0,0,Polk,2022-03-17
,0,0,0,0,Polk,2022-03-20
,0,0,0,0,Polk,2022-04-02
,0,0,0,0,Polk,2022-04-03
,0,0,0,0,Polk,2022-04-05
,0,0,0,0,Polk,2022-04-06
,0,0,0,0,Polk,2022-04-08
,0,0,0,0,Polk,2022-04-10
,0,0,0,0,Polk,2022-04-12
,0,0,0,0,Polk,2022-04-14
,0,0,0,0,Polk,2022-04-17
,0,0,0,0,Polk,2022-04-20
,0,0,0,0,Polk,2022-04-21
,0,0,0,0,Polk,2022-04-23
,0,0,0,0,Polk,2022-04-24
,0,0,0,0,Polk,2022-04-27
,0,0,0,0,Polk,2022-05-04
,0,0,0,0,Polk,2022-05-06
,0,0,0,0,Polk,2022-05-15
,0,0,0,0,Polk,2022-05-26
,0,0,0,0,Polk,2022-07-09
0,16,7,9,0,Polk,2022-01-22
0,12,6,6,0,Polk,2022-01-23
0,9,6,3,0,Polk,2022-02-05
0,4,1,3,0,Polk,2022-02-12
0,1,1,0,0,Polk,2022-02-13
0,4,3,1,0,Polk,2022-02-15
0,5,2,3,0,Polk,2022-02-16
0,3,1,2,0,Polk,2022-02-18
0,2,0,2,0,Polk,2022-02-19
0,5,2,3,0,Polk,2022-02-21
0,1,0,1,0,Polk,2022-02-22
0,3,2,1,0,Polk,2022-02-23
0,2,1,1,0,Polk,2022-02-25
0,1,1,0,0,Polk,2022-02-28
0,3,1,2,0,Polk,2022-03-04
0,2,1,1,0,Polk,2022-03-05
0,1,1,0,0,Polk,2022-03-07
0,1,0,1,0,Polk,2022-03-10
0,1,1,0,0,Polk,2022-03-18
0,2,2,0,0,Polk,2022-03-19
0,1,0,1,0,Polk,2022-03-21
0,3,0,3,0,Polk,2022-03-22
0,4,1,3,0,Polk,2022-03-24
0,5,1,4,0,Polk,2022-03-25
0,2,2,0,0,Polk,2022-03-26
0,1,1,0,0,Polk,2022-03-27
0,5,2,3,0,Polk,2022-03-28
0,5,0,5,0,Polk,2022-03-29
0,10,3,7,0,Polk,2022-03-30
0,6,4,2,0,Polk,2022-03-31
0,3,1,2,0,Polk,2022-04-01
0,5,4,1,0,Polk,2022-04-04
0,2,2,0,0,Polk,2022-04-07
0,1,1,0,0,Polk,2022-04-09
0,1,0,1,0,Polk,2022-04-13
0,1,1,0,0,Polk,2022-04-15
0,1,0,1,0,Polk,2022-04-16
0,1,0,1,0,Polk,2022-04-22
0,1,1,0,0,Polk,2022-04-25
0,1,0,1,0,Polk,2022-04-26
0,1,0,1,0,Polk,2022-04-29
0,2,1,1,0,Polk,2022-04-30
0,1,0,1,0,Polk,2022-05-01
0,1,0,1,0,Polk,2022-05-07
0,1,1,0,0,Polk,2022-05-08
0,2,1,1,0,Polk,2022-05-09
0,2,0,2,0,Polk,2022-05-10
0,1,1,0,0,Polk,2022-05-11
0,3,1,2,0,Polk,2022-05-12
0,2,0,2,0,Polk,2022-05-13
0,2,1,1,0,Polk,2022-05-14
0,4,4,0,0,Polk,2022-05-17
0,2,1,1,0,Polk,2022-05-18
0,3,1,2,0,Polk,2022-05-19
0,2,1,1,0,Polk,2022-05-20
0,2,1,1,0,Polk,2022-05-21
0,2,1,1,0,Polk,2022-05-22
0,1,1,0,0,Polk,2022-05-23
0,2,0,2,0,Polk,2022-05-24
0,5,2,3,0,Polk,2022-05-25
0,2,1,1,0,Polk,2022-05-30
0,4,2,2,0,Polk,2022-05-31
0,4,2,2,0,Polk,2022-06-01
0,2,2,0,0,Polk,2022-06-03
0,2,1,1,0,Polk,2022-06-04
0,5,3,2,0,Polk,2022-06-06
0,5,1,4,0,Polk,2022-06-10
0,1,1,0,0,Polk,2022-06-11
0,1,0,1,0,Polk,2022-06-12
0,4,1,3,0,Polk,2022-06-13
0,3,0,3,0,Polk,2022-06-14
0,2,2,0,0,Polk,2022-06-15
0,2,1,1,0,Polk,2022-06-17
0,4,3,1,0,Polk,2022-06-18
0,3,2,1,0,Polk,2022-06-19
0,8,4,4,0,Polk,2022-06-21
0,5,3,2,0,Polk,2022-06-22
0,4,1,3,0,Polk,2022-06-26
0,5,5,0,0,Polk,2022-07-03
0,7,6,1,0,Polk,2022-07-04
0,5,4,1,0,Polk,2022-07-06
0,4,2,2,0,Polk,2022-07-07
0,6,6,0,0,Polk,2022-07-10
0,9,8,1,0,Polk,2022-07-15
1,41,23,18,0,Polk,2022-01-19
1,28,13,15,0,Polk,2022-01-26
1,10,3,7,0,Polk,2022-01-29
1,15,10,5,0,Polk,2022-02-02
1,3,1,2,0,Polk,2022-02-06
1,9,4,5,0,Polk,2022-02-11
1,8,3,5,0,Polk,2022-02-14
1,4,4,0,0,Polk,2022-02-24
1,2,1,1,0,Polk,2022-02-27
1,2,2,0,0,Polk,2022-03-01
1,1,1,0,0,Polk,2022-04-18
1,5,3,2,0,Polk,2022-05-02
1,8,3,5,0,Polk,2022-05-16
1,7,2,5,0,Polk,2022-05-27
1,5,1,4,0,Polk,2022-05-28
1,8,4,4,0,Polk,2022-06-02
1,4,2,2,0,Polk,2022-06-07
1,2,0,2,0,Polk,2022-06-09
1,3,1,2,0,Polk,2022-06-16
1,3,3,0,0,Polk,2022-06-20
1,2,1,1,0,Polk,2022-06-23
1,4,2,2,0,Polk,2022-06-24
1,2,2,0,0,Polk,2022-06-25
1,4,4,0,0,Polk,2022-07-08
1,4,3,1,0,Polk,2022-07-13
1,5,4,1,0,Polk,2022-07-16
2,46,29,17,0,Polk,2022-01-18
2,29,13,16,0,Polk,2022-01-25
2,26,15,11,0,Polk,2022-01-27
2,23,15,8,0,Polk,2022-02-07
2,14,8,6,0,Polk,2022-02-10
2,2,0,2,0,Polk,2022-03-23
2,3,3,0,0,Polk,2022-05-03
2,3,2,1,0,Polk,2022-05-29
2,4,3,1,0,Polk,2022-06-08
2,12,8,4,0,Polk,2022-06-27
2,12,10,2,0,Polk,2022-06-29
2,8,7,1,0,Polk,2022-07-02
3,29,12,17,0,Polk,2022-01-31
3,8,6,2,0,Polk,2022-07-11
3,7,4,3,0,Polk,2022-07-14
4,47,26,21,0,Polk,2022-01-20
4,35,15,20,0,Polk,2022-01-21
4,61,23,38,0,Polk,2022-01-24
4,12,7,5,0,Polk,2022-07-01
4,11,8,3,0,Polk,2022-07-05
4,14,9,5,0,Polk,2022-07-12
5,28,14,14,0,Polk,2022-02-01
5,9,6,3,0,Polk,2022-06-28
5,20,15,5,0,Polk,2022-06-30
0,8,1,7,0,Randolph,2022-02-27
0,9,3,6,0,Randolph,2022-03-04
0,11,1,10,0,Randolph,2022-03-09
0,5,1,4,0,Randolph,2022-03-10
0,2,0,2,0,Randolph,2022-03-12
0,5,3,2,0,Randolph,2022-03-13
0,3,0,3,0,Randolph,2022-03-15
0,3,1,2,0,Randolph,2022-03-18
0,3,3,0,0,Randolph,2022-03-19
0,5,1,4,0,Randolph,2022-03-22
0,1,0,1,0,Randolph,2022-03-23
0,2,0,2,0,Randolph,2022-03-24
0,1,0,1,0,Randolph,2022-03-27
0,3,1,2,0,Randolph,2022-03-28
0,4,1,3,0,Randolph,2022-03-29
0,5,1,4,0,Randolph,2022-03-30
0,2,2,0,0,Randolph,2022-03-31
0,2,1,1,0,Randolph,2022-04-01
0,3,0,3,0,Randolph,2022-04-02
0,3,0,3,0,Randolph,2022-04-03
0,7,4,3,0,Randolph,2022-04-06
0,8,4,4,0,Randolph,2022-04-09
0,2,0,2,0,Randolph,2022-04-10
0,2,1,1,0,Randolph,2022-04-17
0,9,1,8,0,Randolph,2022-04-22
0,3,1,2,0,Randolph,2022-04-23
0,4,2,2,0,Randolph,2022-04-24
0,18,8,10,0,Randolph,2022-04-26
0,14,5,9,0,Randolph,2022-05-06
0,14,5,9,0,Randolph,2022-05-14
0,23,12,11,0,Randolph,2022-06-11
1,21,4,17,0,Randolph,2022-02-25
1,16,5,11,0,Randolph,2022-03-01
1,11,5,6,0,Randolph,2022-03-05
1,4,0,4,0,Randolph,2022-03-21
1,2,0,2,0,Randolph,2022-03-25
1,2,1,1,0,Randolph,2022-03-26
1,4,1,3,0,Randolph,2022-04-07
1,9,6,3,0,Randolph,2022-04-11
1,12,1,11,0,Randolph,2022-04-13
1,4,1,3,0,Randolph,2022-04-16
1,4,1,3,0,Randolph,2022-04-20
1,21,15,6,0,Randolph,2022-04-28
1,5,3,2,0,Randolph,2022-04-30
1,13,4,9,0,Randolph,2022-05-01
1,18,10,8,0,Randolph,2022-06-12
1,40,17,23,0,Randolph,2022-06-14
1,22,11,11,0,Randolph,2022-06-17
1,16,8,8,0,Randolph,2022-06-18
2,29,8,21,0,Randolph,2022-02-23
2,24,9,15,0,Randolph,2022-02-28
2,13,4,9,0,Randolph,2022-03-06
2,8,2,6,0,Randolph,2022-04-05
2,11,2,9,0,Randolph,2022-04-14
2,11,3,8,0,Randolph,2022-04-21
2,18,8,10,0,Randolph,2022-05-03
2,29,12,17,0,Randolph,2022-05-17
2,28,14,14,0,Randolph,2022-05-21
2,24,13,11,0,Randolph,2022-05-22
2,16,12,4,0,Randolph,2022-05-30
2,30,13,17,0,Randolph,2022-06-30
3,11,7,4,0,Randolph,2022-04-18
3,22,10,12,0,Randolph,2022-04-27
3,17,7,10,0,Randolph,2022-04-29
3,11,4,7,0,Randolph,2022-05-04
3,14,8,6,0,Randolph,2022-05-07
3,23,9,14,0,Randolph,2022-05-11
3,26,14,12,0,Randolph,2022-05-12
3,28,14,14,0,Randolph,2022-05-13
3,22,12,10,0,Randolph,2022-05-20
3,33,14,19,0,Randolph,2022-05-24
3,31,19,12,0,Randolph,2022-05-26
3,17,7,10,0,Randolph,2022-05-28
3,30,15,15,0,Randolph,2022-06-06
3,19,8,11,0,Randolph,2022-06-19
3,35,16,19,0,Randolph,2022-06-21
3,19,7,12,0,Randolph,2022-06-26
3,30,13,17,0,Randolph,2022-06-29
3,20,9,11,0,Randolph,2022-07-03
3,16,9,7,0,Randolph,2022-07-09
3,23,11,12,0,Randolph,2022-07-10
4,22,7,15,0,Randolph,2022-06-04
4,33,13,20,0,Randolph,2022-06-07
4,27,11,16,0,Randolph,2022-06-09
4,19,11,8,0,Randolph,2022-06-20
4,26,17,9,0,Randolph,2022-06-25
4,32,13,19,0,Randolph,2022-07-01
4,39,21,18,0,Randolph,2022-07-07
4,21,6,15,0,Randolph,2022-07-16
5,30,10,20,0,Randolph,2022-06-01
5,33,8,25,0,Randolph,2022-06-08
5,41,25,16,0,Randolph,2022-06-13
5,41,19,22,0,Randolph,2022-06-27
6,23,11,12,0,Randolph,2022-02-24
6,34,16,18,0,Randolph,2022-05-18
6,41,21,20,0,Randolph,2022-05-19
6,28,19,9,0,Randolph,2022-06-15
6,34,16,18,0,Randolph,2022-06-24
6,21,9,12,0,Randolph,2022-07-04
6,43,22,21,0,Randolph,2022-07-06
7,23,8,15,0,Randolph,2022-05-09
7,35,20,15,0,Randolph,2022-05-10
7,44,21,23,0,Randolph,2022-05-27
7,29,18,11,0,Randolph,2022-06-10
7,39,18,21,0,Randolph,2022-06-22
8,34,11,23,0,Randolph,2022-04-25
8,42,22,20,0,Randolph,2022-07-08
8,54,29,25,0,Randolph,2022-07-11
8,38,23,15,0,Randolph,2022-07-14
9,50,27,23,0,Randolph,2022-05-16
9,39,16,23,0,Randolph,2022-06-23
9,59,25,34,0,Randolph,2022-07-05
11,55,26,29,0,Randolph,2022-07-13
12,43,29,14,0,Randolph,2022-07-12
12,49,21,28,0,Randolph,2022-07-15
14,69,43,26,0,Randolph,2022-05-23
,0,0,0,0,Richmond,2022-03-06
,0,0,0,0,Richmond,2022-03-12
,0,0,0,0,Richmond,2022-03-15
,0,0,0,0,Richmond,2022-03-17
,0,0,0,0,Richmond,2022-03-18
,0,0,0,0,Richmond,2022-03-19
,0,0,0,0,Richmond,2022-03-20
,0,0,0,0,Richmond,2022-03-22
,0,0,0,0,Richmond,2022-03-26
,0,0,0,0,Richmond,2022-03-27
,0,0,0,0,Richmond,2022-03-28
,0,0,0,0,Richmond,2022-03-29
,0,0,0,0,Richmond,2022-03-30
,0,0,0,0,Richmond,2022-03-31
,0,0,0,0,Richmond,2022-04-02
,0,0,0,0,Richmond,2022-04-03
,0,0,0,0,Richmond,2022-04-06
,0,0,0,0,Richmond,2022-04-07
,0,0,0,0,Richmond,2022-04-08
,0,0,0,0,Richmond,2022-04-09
,0,0,0,0,Richmond,2022-04-17
0,23,5,18,0,Richmond,2022-01-30
0,14,6,8,0,Richmond,2022-02-16
0,11,1,10,0,Richmond,2022-02-18
0,2,1,1,0,Richmond,2022-02-20
0,11,1,10,0,Richmond,2022-02-21
0,12,0,12,0,Richmond,2022-02-22
0,1,0,1,0,Richmond,2022-02-24
0,2,0,2,0,Richmond,2022-02-26
0,1,0,1,0,Richmond,2022-03-01
0,2,1,1,0,Richmond,2022-03-03
0,4,1,3,0,Richmond,2022-03-09
0,2,0,2,0,Richmond,2022-03-10
0,1,0,1,0,Richmond,2022-03-11
0,3,0,3,0,Richmond,2022-03-13
0,2,0,2,0,Richmond,2022-03-14
0,1,1,0,0,Richmond,2022-03-16
0,1,0,1,0,Richmond,2022-03-21
0,1,0,1,0,Richmond,2022-03-23
0,1,0,1,0,Richmond,2022-03-25
0,1,1,0,0,Richmond,2022-04-01
0,1,0,1,0,Richmond,2022-04-05
0,1,0,1,0,Richmond,2022-04-10
0,1,0,1,0,Richmond,2022-04-11
0,2,0,2,0,Richmond,2022-04-12
0,4,1,3,0,Richmond,2022-04-14
0,3,0,3,0,Richmond,2022-04-15
0,1,1,0,0,Richmond,2022-04-16
0,4,1,3,0,Richmond,2022-04-19
0,5,3,2,0,Richmond,2022-04-22
0,1,0,1,0,Richmond,2022-04-23
0,5,1,4,0,Richmond,2022-04-24
0,3,2,1,0,Richmond,2022-04-25
0,6,0,6,0,Richmond,2022-04-27
0,4,0,4,0,Richmond,2022-05-01
0,14,3,11,0,Richmond,2022-05-02
0,5,3,2,0,Richmond,2022-05-04
0,12,6,6,0,Richmond,2022-05-06
0,2,0,2,0,Richmond,2022-05-07
0,2,0,2,0,Richmond,2022-05-08
0,6,2,4,0,Richmond,2022-05-14
0,11,5,6,0,Richmond,2022-05-20
0,4,2,2,0,Richmond,2022-05-28
0,7,1,6,0,Richmond,2022-05-30
0,10,1,9,0,Richmond,2022-06-26
0,8,2,6,0,Richmond,2022-07-03
1,12,2,10,0,Richmond,2022-02-05
1,7,1,6,0,Richmond,2022-02-12
1,12,4,8,0,Richmond,2022-02-17
1,9,1,8,0,Richmond,2022-02-28
1,5,2,3,0,Richmond,2022-03-02
1,3,0,3,0,Richmond,2022-03-08
1,4,1,3,0,Richmond,2022-03-24
1,1,0,1,0,Richmond,2022-04-04
1,6,4,2,0,Richmond,2022-04-13
1,4,0,4,0,Richmond,2022-04-18
1,7,1,6,0,Richmond,2022-04-20
1,3,1,2,0,Richmond,2022-04-26
1,5,2,3,0,Richmond,2022-04-29
1,4,1,3,0,Richmond,2022-04-30
1,12,6,6,0,Richmond,2022-05-09
1,9,3,6,0,Richmond,2022-05-15
1,14,5,9,0,Richmond,2022-05-18
1,6,0,6,0,Richmond,2022-05-22
1,22,14,8,0,Richmond,2022-05-24
1,18,10,8,0,Richmond,2022-05-26
1,17,6,11,0,Richmond,2022-06-01
1,7,4,3,0,Richmond,2022-06-04
1,6,1,5,0,Richmond,2022-06-05
1,16,3,13,0,Richmond,2022-06-09
1,10,6,4,0,Richmond,2022-06-10
1,4,0,4,0,Richmond,2022-06-12
1,15,5,10,0,Richmond,2022-06-16
1,14,7,7,0,Richmond,2022-06-23
1,10,2,8,0,Richmond,2022-07-02
2,41,4,37,0,Richmond,2022-01-23
2,6,2,4,0,Richmond,2022-04-21
2,7,1,6,0,Richmond,2022-04-28
2,10,4,6,0,Richmond,2022-05-05
2,7,4,3,0,Richmond,2022-05-10
2,10,6,4,0,Richmond,2022-05-12
2,12,3,9,0,Richmond,2022-05-13
2,12,6,6,0,Richmond,2022-05-29
2,12,4,8,0,Richmond,2022-06-02
2,8,0,8,0,Richmond,2022-06-11
2,25,7,18,0,Richmond,2022-06-13
2,26,7,19,0,Richmond,2022-06-20
2,32,16,16,0,Richmond,2022-06-21
2,15,5,10,0,Richmond,2022-06-25
2,13,5,8,0,Richmond,2022-07-07
2,6,2,4,0,Richmond,2022-07-10
3,23,7,16,0,Richmond,2022-02-09
3,33,9,24,0,Richmond,2022-02-14
3,14,3,11,0,Richmond,2022-05-11
3,17,6,11,0,Richmond,2022-05-16
3,14,7,7,0,Richmond,2022-05-19
3,12,5,7,0,Richmond,2022-06-03
3,20,5,15,0,Richmond,2022-06-06
3,23,10,13,0,Richmond,2022-06-07
3,14,5,9,0,Richmond,2022-06-08
3,10,2,8,0,Richmond,2022-06-15
3,11,6,5,0,Richmond,2022-06-17
3,12,7,5,0,Richmond,2022-06-18
3,16,6,10,0,Richmond,2022-06-22
3,21,7,14,0,Richmond,2022-06-24
3,23,6,17,0,Richmond,2022-06-29
3,7,1,6,0,Richmond,2022-07-04
3,30,12,18,0,Richmond,2022-07-12
3,21,6,15,0,Richmond,2022-07-13
3,10,5,5,0,Richmond,2022-07-16
4,24,7,17,0,Richmond,2022-05-23
4,16,8,8,0,Richmond,2022-06-14
4,18,0,18,0,Richmond,2022-07-09
5,68,8,60,0,Richmond,2022-01-28
5,78,26,52,0,Richmond,2022-01-31
5,14,0,14,0,Richmond,2022-05-27
5,25,7,18,0,Richmond,2022-05-31
5,23,7,16,0,Richmond,2022-07-08
5,35,12,23,0,Richmond,2022-07-14
6,29,9,20,0,Richmond,2022-06-27
6,23,12,11,0,Richmond,2022-06-30
6,26,10,16,0,Richmond,2022-07-01
6,23,10,13,0,Richmond,2022-07-15
7,23,10,13,0,Richmond,2022-02-10
7,32,12,20,0,Richmond,2022-07-06
8,47,19,28,0,Richmond,2022-07-11
9,55,21,34,0,Richmond,2022-02-01
28,352,61,291,0,Richmond,2022-01-18
,0,0,0,0,Robeson,2022-03-19
,0,0,0,0,Robeson,2022-03-22
0,7,3,4,0,Robeson,2022-03-05
0,5,4,1,0,Robeson,2022-03-10
0,3,1,2,0,Robeson,2022-03-11
0,3,2,1,0,Robeson,2022-03-12
0,3,3,0,0,Robeson,2022-03-16
0,2,1,1,0,Robeson,2022-03-18
0,2,0,2,0,Robeson,2022-03-20
0,7,3,4,0,Robeson,2022-03-23
0,1,1,0,0,Robeson,2022-03-25
0,4,0,4,0,Robeson,2022-03-30
0,3,1,2,0,Robeson,2022-03-31
0,1,1,0,0,Robeson,2022-04-02
0,2,1,1,0,Robeson,2022-04-03
0,4,2,2,0,Robeson,2022-04-07
0,2,2,0,0,Robeson,2022-04-10
0,5,1,4,0,Robeson,2022-04-17
0,8,3,5,0,Robeson,2022-04-18
0,3,1,2,0,Robeson,2022-04-20
0,15,9,6,0,Robeson,2022-04-28
1,4,1,3,0,Robeson,2022-02-26
1,9,2,7,0,Robeson,2022-02-28
1,13,7,6,0,Robeson,2022-03-02
1,12,3,9,0,Robeson,2022-03-03
1,7,0,7,0,Robeson,2022-03-04
1,3,2,1,0,Robeson,2022-03-06
1,8,4,4,0,Robeson,2022-03-08
1,6,2,4,0,Robeson,2022-03-15
1,8,3,5,0,Robeson,2022-03-17
1,4,1,3,0,Robeson,2022-03-21
1,1,0,1,0,Robeson,2022-03-27
1,7,3,4,0,Robeson,2022-03-29
1,3,3,0,0,Robeson,2022-04-01
1,10,5,5,0,Robeson,2022-04-06
1,10,5,5,0,Robeson,2022-04-08
1,3,3,0,0,Robeson,2022-04-09
1,9,6,3,0,Robeson,2022-04-11
1,10,5,5,0,Robeson,2022-04-19
1,7,5,2,0,Robeson,2022-04-22
1,6,5,1,0,Robeson,2022-04-23
1,4,1,3,0,Robeson,2022-04-24
1,18,10,8,0,Robeson,2022-04-26
1,17,13,4,0,Robeson,2022-04-29
1,22,11,11,0,Robeson,2022-05-22
2,3,0,3,0,Robeson,2022-03-26
2,7,4,3,0,Robeson,2022-04-14
2,5,4,1,0,Robeson,2022-04-16
2,16,13,3,0,Robeson,2022-04-21
2,13,8,5,0,Robeson,2022-04-27
2,9,3,6,0,Robeson,2022-04-30
2,11,7,4,0,Robeson,2022-05-01
2,22,14,8,0,Robeson,2022-05-02
3,34,6,28,0,Robeson,2022-02-15
3,6,5,1,0,Robeson,2022-03-07
3,38,17,21,0,Robeson,2022-06-12
4,22,5,17,0,Robeson,2022-02-12
4,34,12,22,0,Robeson,2022-02-22
4,9,3,6,0,Robeson,2022-04-15
4,22,13,9,0,Robeson,2022-05-03
4,26,11,15,0,Robeson,2022-05-04
4,23,15,8,0,Robeson,2022-05-29
4,33,19,14,0,Robeson,2022-06-19
4,28,21,7,0,Robeson,2022-07-04
5,43,26,17,0,Robeson,2022-01-22
5,24,11,13,0,Robeson,2022-05-06
5,38,20,18,0,Robeson,2022-05-12
5,25,12,13,0,Robeson,2022-05-15
5,29,18,11,0,Robeson,2022-05-30
5,28,13,15,0,Robeson,2022-06-04
5,25,14,11,0,Robeson,2022-06-25
6,34,17,17,0,Robeson,2022-02-14
6,22,11,11,0,Robeson,2022-04-25
6,32,13,19,0,Robeson,2022-05-10
6,29,15,14,0,Robeson,2022-05-14
6,45,23,22,0,Robeson,2022-05-27
6,43,25,18,0,Robeson,2022-06-10
6,26,10,16,0,Robeson,2022-06-11
6,38,23,15,0,Robeson,2022-06-26
6,41,24,17,0,Robeson,2022-07-16
7,40,16,24,0,Robeson,2022-05-09
8,48,17,31,0,Robeson,2022-05-13
8,57,29,28,0,Robeson,2022-05-18
8,39,21,18,0,Robeson,2022-05-20
8,27,18,9,0,Robeson,2022-05-28
9,155,61,94,0,Robeson,2022-02-01
9,37,24,13,0,Robeson,2022-07-03
9,24,15,9,0,Robeson,2022-07-09
10,51,26,25,0,Robeson,2022-06-03
10,78,40,38,0,Robeson,2022-06-15
10,34,17,17,0,Robeson,2022-06-17
10,62,39,23,0,Robeson,2022-06-22
10,59,32,27,0,Robeson,2022-06-27
11,84,43,41,0,Robeson,2022-05-17
11,81,45,36,0,Robeson,2022-05-19
11,63,34,29,0,Robeson,2022-05-24
12,67,28,39,0,Robeson,2022-05-16
12,61,33,28,0,Robeson,2022-06-24
12,75,37,38,0,Robeson,2022-07-13
12,60,34,26,0,Robeson,2022-07-15
13,53,31,22,0,Robeson,2022-05-11
13,77,36,41,0,Robeson,2022-05-23
13,61,30,31,0,Robeson,2022-06-21
13,34,23,11,0,Robeson,2022-07-10
14,81,31,50,0,Robeson,2022-06-20
15,76,31,45,0,Robeson,2022-07-12
15,85,49,36,0,Robeson,2022-07-14
16,66,33,33,0,Robeson,2022-06-08
17,71,37,34,0,Robeson,2022-06-23
17,84,42,42,0,Robeson,2022-07-07
18,83,43,40,0,Robeson,2022-06-06
18,69,38,31,0,Robeson,2022-06-07
18,71,33,38,0,Robeson,2022-06-09
18,87,47,40,0,Robeson,2022-06-13
19,75,38,37,0,Robeson,2022-05-26
19,79,40,39,0,Robeson,2022-06-01
19,61,25,36,0,Robeson,2022-06-30
19,83,39,44,0,Robeson,2022-07-06
22,235,80,155,0,Robeson,2022-01-31
28,103,56,47,0,Robeson,2022-07-11
33,134,76,58,0,Robeson,2022-07-05
46,500,185,315,0,Robeson,2022-01-24
,0,0,0,0,Rockingham,2022-03-17
,0,0,0,0,Rockingham,2022-04-02
0,11,2,9,0,Rockingham,2022-02-12
0,27,6,21,0,Rockingham,2022-02-17
0,11,2,9,0,Rockingham,2022-02-23
0,11,2,9,0,Rockingham,2022-03-01
0,4,0,4,0,Rockingham,2022-03-05
0,6,0,6,0,Rockingham,2022-03-10
0,2,0,2,0,Rockingham,2022-03-11
0,1,0,1,0,Rockingham,2022-03-13
0,4,0,4,0,Rockingham,2022-03-15
0,1,0,1,0,Rockingham,2022-03-16
0,5,0,5,0,Rockingham,2022-03-19
0,3,0,3,0,Rockingham,2022-03-21
0,3,0,3,0,Rockingham,2022-03-25
0,1,0,1,0,Rockingham,2022-03-27
0,7,1,6,0,Rockingham,2022-03-28
0,3,3,0,0,Rockingham,2022-03-31
0,1,0,1,0,Rockingham,2022-04-01
0,2,0,2,0,Rockingham,2022-04-03
0,4,0,4,0,Rockingham,2022-04-05
0,4,0,4,0,Rockingham,2022-04-06
0,1,0,1,0,Rockingham,2022-04-07
0,3,0,3,0,Rockingham,2022-04-08
0,3,1,2,0,Rockingham,2022-04-09
0,1,1,0,0,Rockingham,2022-04-14
0,1,0,1,0,Rockingham,2022-04-16
0,1,0,1,0,Rockingham,2022-04-17
0,7,1,6,0,Rockingham,2022-04-22
0,3,0,3,0,Rockingham,2022-04-23
0,6,1,5,0,Rockingham,2022-04-29
0,5,0,5,0,Rockingham,2022-04-30
0,11,5,6,0,Rockingham,2022-05-15
0,23,8,15,0,Rockingham,2022-05-24
0,12,4,8,0,Rockingham,2022-05-28
0,14,1,13,0,Rockingham,2022-06-03
0,24,5,19,0,Rockingham,2022-06-15
1,12,2,10,0,Rockingham,2022-02-24
1,9,0,9,0,Rockingham,2022-02-27
1,23,3,20,0,Rockingham,2022-02-28
1,7,1,6,0,Rockingham,2022-03-18
1,1,0,1,0,Rockingham,2022-03-20
1,2,0,2,0,Rockingham,2022-03-22
1,6,0,6,0,Rockingham,2022-03-29
1,2,0,2,0,Rockingham,2022-03-30
1,4,0,4,0,Rockingham,2022-04-04
1,6,0,6,0,Rockingham,2022-04-10
1,10,3,7,0,Rockingham,2022-04-11
1,6,1,5,0,Rockingham,2022-04-19
1,5,2,3,0,Rockingham,2022-04-20
1,6,0,6,0,Rockingham,2022-04-27
1,13,1,12,0,Rockingham,2022-04-28
1,14,5,9,0,Rockingham,2022-05-04
1,16,4,12,0,Rockingham,2022-05-06
1,20,5,15,0,Rockingham,2022-05-11
1,15,7,8,0,Rockingham,2022-05-13
1,28,5,23,0,Rockingham,2022-05-19
1,14,2,12,0,Rockingham,2022-05-21
1,19,0,19,0,Rockingham,2022-05-22
1,33,4,29,0,Rockingham,2022-05-23
1,9,2,7,0,Rockingham,2022-06-04
1,12,4,8,0,Rockingham,2022-06-05
1,20,3,17,0,Rockingham,2022-06-08
1,11,4,7,0,Rockingham,2022-06-10
1,10,1,9,0,Rockingham,2022-06-11
1,23,5,18,0,Rockingham,2022-06-16
1,13,2,11,0,Rockingham,2022-06-19
1,15,3,12,0,Rockingham,2022-07-02
1,14,1,13,0,Rockingham,2022-07-03
1,25,5,20,0,Rockingham,2022-07-08
1,17,0,17,0,Rockingham,2022-07-14
2,29,4,25,0,Rockingham,2022-02-06
2,25,3,22,0,Rockingham,2022-02-22
2,4,0,4,0,Rockingham,2022-04-15
2,6,0,6,0,Rockingham,2022-04-21
2,13,3,10,0,Rockingham,2022-04-25
2,7,1,6,0,Rockingham,2022-05-01
2,7,1,6,0,Rockingham,2022-05-07
2,31,6,25,0,Rockingham,2022-05-10
2,34,6,28,0,Rockingham,2022-06-06
2,34,8,26,0,Rockingham,2022-06-20
2,11,2,9,0,Rockingham,2022-06-26
2,19,4,15,0,Rockingham,2022-06-30
2,17,1,16,0,Rockingham,2022-07-01
2,22,7,15,0,Rockingham,2022-07-04
2,24,5,19,0,Rockingham,2022-07-07
2,17,3,14,0,Rockingham,2022-07-09
2,26,4,22,0,Rockingham,2022-07-11
3,105,6,99,0,Rockingham,2022-02-01
3,6,1,5,0,Rockingham,2022-04-24
3,8,3,5,0,Rockingham,2022-04-26
3,15,1,14,0,Rockingham,2022-05-02
3,28,8,20,0,Rockingham,2022-05-12
3,15,4,11,0,Rockingham,2022-05-30
3,36,8,28,0,Rockingham,2022-06-07
3,16,1,15,0,Rockingham,2022-06-09
3,13,1,12,0,Rockingham,2022-06-12
3,29,7,22,0,Rockingham,2022-06-14
3,31,10,21,0,Rockingham,2022-06-22
3,19,4,15,0,Rockingham,2022-06-24
3,27,8,19,0,Rockingham,2022-06-25
3,21,2,19,0,Rockingham,2022-06-27
3,19,2,17,0,Rockingham,2022-07-12
3,13,1,12,0,Rockingham,2022-07-13
4,12,4,8,0,Rockingham,2022-04-18
4,20,6,14,0,Rockingham,2022-05-09
4,30,5,25,0,Rockingham,2022-05-16
4,25,7,18,0,Rockingham,2022-05-20
4,9,5,4,0,Rockingham,2022-05-27
4,13,7,6,0,Rockingham,2022-05-29
4,27,5,22,0,Rockingham,2022-06-21
4,17,3,14,0,Rockingham,2022-06-23
5,25,2,23,0,Rockingham,2022-05-25
5,31,11,20,0,Rockingham,2022-05-26
5,28,7,21,0,Rockingham,2022-06-13
5,21,4,17,0,Rockingham,2022-06-17
5,33,6,27,0,Rockingham,2022-07-15
5,21,3,18,0,Rockingham,2022-07-16
6,42,5,37,0,Rockingham,2022-01-30
6,60,4,56,0,Rockingham,2022-02-10
6,26,4,22,0,Rockingham,2022-06-01
6,32,11,21,0,Rockingham,2022-07-06
8,33,6,27,0,Rockingham,2022-06-29
10,40,6,34,0,Rockingham,2022-05-18
24,291,65,226,0,Rockingham,2022-01-24
,0,0,0,0,Rowan,2022-03-27
,0,0,0,0,Rowan,2022-04-02
0,6,0,6,0,Rowan,2022-03-04
0,2,1,1,0,Rowan,2022-03-12
0,2,0,2,0,Rowan,2022-03-13
0,7,1,6,0,Rowan,2022-03-16
0,4,0,4,0,Rowan,2022-03-17
0,3,1,2,0,Rowan,2022-03-21
0,5,2,3,0,Rowan,2022-03-25
0,3,1,2,0,Rowan,2022-03-26
0,3,1,2,0,Rowan,2022-03-30
0,2,1,1,0,Rowan,2022-03-31
0,3,0,3,0,Rowan,2022-04-01
0,4,2,2,0,Rowan,2022-04-03
0,6,3,3,0,Rowan,2022-04-06
0,3,0,3,0,Rowan,2022-04-09
0,3,1,2,0,Rowan,2022-04-16
0,12,1,11,0,Rowan,2022-04-20
0,13,1,12,0,Rowan,2022-04-24
0,6,3,3,0,Rowan,2022-05-01
1,21,3,18,0,Rowan,2022-02-28
1,2,0,2,0,Rowan,2022-03-03
1,5,2,3,0,Rowan,2022-03-24
1,2,0,2,0,Rowan,2022-03-28
1,9,4,5,0,Rowan,2022-04-07
1,8,2,6,0,Rowan,2022-04-08
1,4,1,3,0,Rowan,2022-04-10
1,6,0,6,0,Rowan,2022-04-11
1,12,2,10,0,Rowan,2022-04-12
1,11,1,10,0,Rowan,2022-04-15
1,7,2,5,0,Rowan,2022-04-17
1,11,3,8,0,Rowan,2022-04-18
1,12,1,11,0,Rowan,2022-04-29
1,28,8,20,0,Rowan,2022-05-15
1,9,0,9,0,Rowan,2022-05-21
1,12,3,9,0,Rowan,2022-05-22
1,23,2,21,0,Rowan,2022-06-11
1,18,3,15,0,Rowan,2022-06-12
2,9,0,9,0,Rowan,2022-02-20
2,9,1,8,0,Rowan,2022-03-18
2,11,3,8,0,Rowan,2022-03-22
2,12,4,8,0,Rowan,2022-04-19
2,12,3,9,0,Rowan,2022-04-21
2,20,2,18,0,Rowan,2022-04-27
2,14,3,11,0,Rowan,2022-05-07
2,27,2,25,0,Rowan,2022-05-12
2,15,3,12,0,Rowan,2022-06-18
2,15,1,14,0,Rowan,2022-06-19
2,30,1,29,0,Rowan,2022-07-02
2,18,3,15,0,Rowan,2022-07-09
3,48,2,46,0,Rowan,2022-02-16
3,6,1,5,0,Rowan,2022-04-05
3,9,1,8,0,Rowan,2022-04-14
3,15,3,12,0,Rowan,2022-04-22
3,28,5,23,0,Rowan,2022-05-04
3,19,6,13,0,Rowan,2022-05-06
3,31,6,25,0,Rowan,2022-05-09
3,43,9,34,0,Rowan,2022-05-19
3,35,5,30,0,Rowan,2022-05-20
3,18,5,13,0,Rowan,2022-06-04
3,24,7,17,0,Rowan,2022-06-05
3,17,5,12,0,Rowan,2022-06-25
3,26,6,20,0,Rowan,2022-07-03
4,14,3,11,0,Rowan,2022-04-13
4,32,8,24,0,Rowan,2022-05-13
5,46,6,40,0,Rowan,2022-02-17
5,31,6,25,0,Rowan,2022-02-22
5,14,3,11,0,Rowan,2022-04-23
5,42,4,38,0,Rowan,2022-05-16
5,31,6,25,0,Rowan,2022-05-18
5,50,9,41,0,Rowan,2022-05-26
5,26,11,15,0,Rowan,2022-05-30
5,28,8,20,0,Rowan,2022-06-10
5,40,5,35,0,Rowan,2022-06-15
6,66,17,49,0,Rowan,2022-01-29
6,55,6,49,0,Rowan,2022-02-14
6,35,9,26,0,Rowan,2022-05-10
6,51,10,41,0,Rowan,2022-05-23
6,25,7,18,0,Rowan,2022-05-27
6,27,10,17,0,Rowan,2022-05-28
6,28,8,20,0,Rowan,2022-05-29
6,41,8,33,0,Rowan,2022-06-09
6,39,8,31,0,Rowan,2022-06-24
6,25,7,18,0,Rowan,2022-06-26
7,38,4,34,0,Rowan,2022-05-03
7,55,12,43,0,Rowan,2022-06-22
7,23,5,18,0,Rowan,2022-07-04
7,66,11,55,0,Rowan,2022-07-06
7,60,4,56,0,Rowan,2022-07-08
8,119,15,104,0,Rowan,2022-02-03
8,56,24,32,0,Rowan,2022-06-06
8,60,15,45,0,Rowan,2022-06-07
8,44,4,40,0,Rowan,2022-07-16
9,53,5,48,0,Rowan,2022-02-15
9,49,3,46,0,Rowan,2022-07-01
9,24,0,24,0,Rowan,2022-07-10
9,51,11,40,0,Rowan,2022-07-14
10,58,17,41,0,Rowan,2022-06-01
10,45,12,33,0,Rowan,2022-06-14
10,31,6,25,0,Rowan,2022-06-23
10,55,7,48,0,Rowan,2022-07-13
11,39,11,28,0,Rowan,2022-06-13
12,36,23,13,0,Rowan,2022-03-01
12,43,9,34,0,Rowan,2022-05-17
12,72,37,35,0,Rowan,2022-06-20
12,83,13,70,0,Rowan,2022-07-12
13,43,4,39,0,Rowan,2022-06-08
13,68,15,53,0,Rowan,2022-07-11
13,63,15,48,0,Rowan,2022-07-15
14,53,8,45,0,Rowan,2022-06-30
15,62,15,47,0,Rowan,2022-07-07
18,178,16,162,0,Rowan,2022-02-01
19,247,36,211,0,Rowan,2022-01-31
20,64,13,51,0,Rowan,2022-06-27
37,317,54,263,0,Rowan,2022-01-25
,0,0,0,0,Rutherford,2022-03-13
,0,0,0,0,Rutherford,2022-03-14
,0,0,0,0,Rutherford,2022-03-17
,0,0,0,0,Rutherford,2022-03-20
,0,0,0,0,Rutherford,2022-03-24
,0,0,0,0,Rutherford,2022-03-26
,0,0,0,0,Rutherford,2022-04-01
,0,0,0,0,Rutherford,2022-04-03
,0,0,0,0,Rutherford,2022-04-07
,0,0,0,0,Rutherford,2022-04-09
,0,0,0,0,Rutherford,2022-04-11
,0,0,0,0,Rutherford,2022-04-30
0,6,0,6,0,Rutherford,2022-02-20
0,3,0,3,0,Rutherford,2022-02-26
0,4,0,4,0,Rutherford,2022-02-27
0,7,2,5,0,Rutherford,2022-02-28
0,3,1,2,0,Rutherford,2022-03-03
0,4,0,4,0,Rutherford,2022-03-05
0,1,1,0,0,Rutherford,2022-03-06
0,1,0,1,0,Rutherford,2022-03-07
0,2,0,2,0,Rutherford,2022-03-09
0,4,3,1,0,Rutherford,2022-03-10
0,3,0,3,0,Rutherford,2022-03-12
0,6,1,5,0,Rutherford,2022-03-16
0,1,0,1,0,Rutherford,2022-03-18
0,1,0,1,0,Rutherford,2022-03-19
0,2,1,1,0,Rutherford,2022-03-21
0,1,1,0,0,Rutherford,2022-03-22
0,1,1,0,0,Rutherford,2022-03-23
0,3,1,2,0,Rutherford,2022-03-25
0,2,0,2,0,Rutherford,2022-03-27
0,2,0,2,0,Rutherford,2022-03-28
0,1,1,0,0,Rutherford,2022-03-29
0,1,0,1,0,Rutherford,2022-03-31
0,1,0,1,0,Rutherford,2022-04-02
0,1,0,1,0,Rutherford,2022-04-06
0,1,0,1,0,Rutherford,2022-04-10
0,3,2,1,0,Rutherford,2022-04-12
0,3,0,3,0,Rutherford,2022-04-13
0,1,0,1,0,Rutherford,2022-04-15
0,2,0,2,0,Rutherford,2022-04-16
0,1,0,1,0,Rutherford,2022-04-17
0,1,0,1,0,Rutherford,2022-04-19
0,3,1,2,0,Rutherford,2022-04-24
0,2,1,1,0,Rutherford,2022-04-28
0,3,1,2,0,Rutherford,2022-04-29
0,2,0,2,0,Rutherford,2022-05-01
0,3,0,3,0,Rutherford,2022-05-03
0,5,1,4,0,Rutherford,2022-05-05
0,4,2,2,0,Rutherford,2022-05-15
0,14,4,10,0,Rutherford,2022-06-25
1,13,0,13,0,Rutherford,2022-02-06
1,5,1,4,0,Rutherford,2022-03-04
1,1,0,1,0,Rutherford,2022-03-08
1,3,1,2,0,Rutherford,2022-03-30
1,2,0,2,0,Rutherford,2022-04-04
1,3,0,3,0,Rutherford,2022-04-08
1,4,0,4,0,Rutherford,2022-04-14
1,5,1,4,0,Rutherford,2022-04-18
1,6,0,6,0,Rutherford,2022-04-20
1,4,0,4,0,Rutherford,2022-04-21
1,3,1,2,0,Rutherford,2022-04-23
1,4,1,3,0,Rutherford,2022-04-25
1,5,1,4,0,Rutherford,2022-05-08
1,5,0,5,0,Rutherford,2022-05-09
1,11,5,6,0,Rutherford,2022-05-12
1,25,8,17,0,Rutherford,2022-05-18
1,18,4,14,0,Rutherford,2022-05-19
1,10,4,6,0,Rutherford,2022-05-20
1,8,4,4,0,Rutherford,2022-05-21
1,10,6,4,0,Rutherford,2022-05-26
1,11,3,8,0,Rutherford,2022-05-27
1,7,3,4,0,Rutherford,2022-05-28
1,9,2,7,0,Rutherford,2022-06-04
1,19,3,16,0,Rutherford,2022-06-09
1,10,4,6,0,Rutherford,2022-06-15
1,9,6,3,0,Rutherford,2022-06-19
1,13,6,7,0,Rutherford,2022-07-04
1,10,3,7,0,Rutherford,2022-07-10
2,3,0,3,0,Rutherford,2022-02-25
2,4,4,0,0,Rutherford,2022-03-11
2,7,2,5,0,Rutherford,2022-04-22
2,8,4,4,0,Rutherford,2022-04-27
2,12,1,11,0,Rutherford,2022-05-04
2,11,2,9,0,Rutherford,2022-05-06
2,6,2,4,0,Rutherford,2022-05-07
2,13,3,10,0,Rutherford,2022-05-13
2,16,2,14,0,Rutherford,2022-05-16
2,10,7,3,0,Rutherford,2022-05-22
2,10,2,8,0,Rutherford,2022-05-29
2,9,5,4,0,Rutherford,2022-05-30
2,20,1,19,0,Rutherford,2022-06-16
2,11,5,6,0,Rutherford,2022-06-18
2,14,1,13,0,Rutherford,2022-06-24
2,12,1,11,0,Rutherford,2022-06-26
2,18,4,14,0,Rutherford,2022-06-27
2,24,2,22,0,Rutherford,2022-07-01
3,44,18,26,0,Rutherford,2022-02-10
3,32,8,24,0,Rutherford,2022-02-16
3,13,3,10,0,Rutherford,2022-02-21
3,10,2,8,0,Rutherford,2022-02-22
3,13,4,9,0,Rutherford,2022-05-25
3,13,4,9,0,Rutherford,2022-06-03
3,19,3,16,0,Rutherford,2022-06-10
3,14,4,10,0,Rutherford,2022-06-21
3,15,3,12,0,Rutherford,2022-06-23
3,15,4,11,0,Rutherford,2022-07-02
3,14,3,11,0,Rutherford,2022-07-09
3,12,2,10,0,Rutherford,2022-07-16
4,21,9,12,0,Rutherford,2022-05-23
4,16,5,11,0,Rutherford,2022-06-01
4,22,5,17,0,Rutherford,2022-06-02
4,16,2,14,0,Rutherford,2022-06-07
4,19,1,18,0,Rutherford,2022-06-17
4,16,1,15,0,Rutherford,2022-06-28
4,31,6,25,0,Rutherford,2022-07-08
4,21,6,15,0,Rutherford,2022-07-12
4,19,2,17,0,Rutherford,2022-07-14
5,33,12,21,0,Rutherford,2022-01-30
5,13,3,10,0,Rutherford,2022-05-17
5,16,5,11,0,Rutherford,2022-06-14
5,25,6,19,0,Rutherford,2022-06-22
5,26,4,22,0,Rutherford,2022-06-30
5,29,11,18,0,Rutherford,2022-07-11
6,75,23,52,0,Rutherford,2022-02-02
6,19,6,13,0,Rutherford,2022-05-31
6,17,5,12,0,Rutherford,2022-06-06
6,17,0,17,0,Rutherford,2022-06-08
6,13,3,10,0,Rutherford,2022-06-13
6,37,7,30,0,Rutherford,2022-07-05
6,21,4,17,0,Rutherford,2022-07-15
7,25,8,17,0,Rutherford,2022-05-24
7,30,3,27,0,Rutherford,2022-07-13
9,32,8,24,0,Rutherford,2022-07-06
9,27,10,17,0,Rutherford,2022-07-07
13,76,34,42,0,Rutherford,2022-02-07
14,184,68,116,0,Rutherford,2022-01-19
15,123,51,72,0,Rutherford,2022-01-26
16,149,50,99,0,Rutherford,2022-01-21
16,124,31,93,0,Rutherford,2022-01-27
20,192,69,123,0,Rutherford,2022-01-20
,0,0,0,0,Sampson,2022-03-10
,0,0,0,0,Sampson,2022-03-27
,0,0,0,0,Sampson,2022-04-01
,0,0,0,0,Sampson,2022-04-10
,0,0,0,0,Sampson,2022-04-13
,0,0,0,0,Sampson,2022-04-17
0,3,1,2,0,Sampson,2022-02-19
0,3,1,2,0,Sampson,2022-02-27
0,8,0,8,0,Sampson,2022-02-28
0,4,1,3,0,Sampson,2022-03-02
0,3,1,2,0,Sampson,2022-03-04
0,1,1,0,0,Sampson,2022-03-05
0,3,1,2,0,Sampson,2022-03-08
0,1,1,0,0,Sampson,2022-03-09
0,1,0,1,0,Sampson,2022-03-11
0,1,0,1,0,Sampson,2022-03-12
0,1,0,1,0,Sampson,2022-03-13
0,6,4,2,0,Sampson,2022-03-15
0,4,2,2,0,Sampson,2022-03-16
0,3,1,2,0,Sampson,2022-03-17
0,2,1,1,0,Sampson,2022-03-18
0,3,1,2,0,Sampson,2022-03-22
0,1,0,1,0,Sampson,2022-03-23
0,1,0,1,0,Sampson,2022-03-25
0,1,0,1,0,Sampson,2022-03-26
0,3,3,0,0,Sampson,2022-03-29
0,10,0,10,0,Sampson,2022-03-31
0,1,1,0,0,Sampson,2022-04-02
0,3,3,0,0,Sampson,2022-04-03
0,2,1,1,0,Sampson,2022-04-04
0,4,2,2,0,Sampson,2022-04-07
0,1,0,1,0,Sampson,2022-04-08
0,4,1,3,0,Sampson,2022-04-11
0,9,3,6,0,Sampson,2022-04-14
0,4,1,3,0,Sampson,2022-04-15
0,5,4,1,0,Sampson,2022-04-20
0,9,6,3,0,Sampson,2022-04-22
0,1,0,1,0,Sampson,2022-04-23
0,2,1,1,0,Sampson,2022-04-24
0,6,4,2,0,Sampson,2022-04-25
0,4,2,2,0,Sampson,2022-04-28
0,4,2,2,0,Sampson,2022-04-29
0,1,1,0,0,Sampson,2022-04-30
0,8,5,3,0,Sampson,2022-05-04
0,1,0,1,0,Sampson,2022-05-06
0,4,3,1,0,Sampson,2022-05-08
0,4,1,3,0,Sampson,2022-05-10
0,3,1,2,0,Sampson,2022-05-11
0,7,3,4,0,Sampson,2022-05-13
0,2,2,0,0,Sampson,2022-05-15
0,12,6,6,0,Sampson,2022-05-19
0,6,4,2,0,Sampson,2022-05-22
0,9,7,2,0,Sampson,2022-05-26
0,11,7,4,0,Sampson,2022-05-29
0,25,13,12,0,Sampson,2022-06-06
0,5,3,2,0,Sampson,2022-06-11
0,5,1,4,0,Sampson,2022-06-12
0,14,7,7,0,Sampson,2022-06-15
0,10,7,3,0,Sampson,2022-06-18
0,5,1,4,0,Sampson,2022-06-19
0,30,18,12,0,Sampson,2022-06-20
0,21,11,10,0,Sampson,2022-06-22
0,4,4,0,0,Sampson,2022-06-25
0,11,7,4,0,Sampson,2022-06-26
0,10,7,3,0,Sampson,2022-07-04
0,35,21,14,0,Sampson,2022-07-05
1,16,7,9,0,Sampson,2022-02-15
1,25,11,14,0,Sampson,2022-02-21
1,12,5,7,0,Sampson,2022-02-22
1,7,5,2,0,Sampson,2022-03-01
1,4,3,1,0,Sampson,2022-03-14
1,3,1,2,0,Sampson,2022-03-21
1,5,3,2,0,Sampson,2022-03-24
1,2,0,2,0,Sampson,2022-03-28
1,7,5,2,0,Sampson,2022-03-30
1,11,7,4,0,Sampson,2022-04-06
1,6,4,2,0,Sampson,2022-04-21
1,10,3,7,0,Sampson,2022-04-26
1,1,1,0,0,Sampson,2022-04-27
1,3,2,1,0,Sampson,2022-05-01
1,13,9,4,0,Sampson,2022-05-05
1,5,1,4,0,Sampson,2022-05-07
1,3,2,1,0,Sampson,2022-05-09
1,11,4,7,0,Sampson,2022-05-12
1,5,3,2,0,Sampson,2022-05-14
1,8,7,1,0,Sampson,2022-05-21
1,10,6,4,0,Sampson,2022-05-27
1,4,1,3,0,Sampson,2022-05-28
1,6,6,0,0,Sampson,2022-05-30
1,30,22,8,0,Sampson,2022-05-31
1,19,14,5,0,Sampson,2022-06-02
1,13,9,4,0,Sampson,2022-06-03
1,7,5,2,0,Sampson,2022-06-04
1,12,3,9,0,Sampson,2022-06-08
1,11,7,4,0,Sampson,2022-06-09
1,14,9,5,0,Sampson,2022-06-10
1,14,10,4,0,Sampson,2022-06-16
1,9,6,3,0,Sampson,2022-06-17
1,14,9,5,0,Sampson,2022-07-01
1,8,5,3,0,Sampson,2022-07-02
1,25,15,10,0,Sampson,2022-07-08
2,75,22,53,0,Sampson,2022-02-01
2,43,18,25,0,Sampson,2022-02-09
2,10,4,6,0,Sampson,2022-02-12
2,15,5,10,0,Sampson,2022-02-25
2,3,1,2,0,Sampson,2022-03-19
2,12,8,4,0,Sampson,2022-05-02
2,25,17,8,0,Sampson,2022-05-16
2,17,8,9,0,Sampson,2022-05-18
2,16,11,5,0,Sampson,2022-05-20
2,19,10,9,0,Sampson,2022-05-23
2,21,14,7,0,Sampson,2022-06-13
2,7,4,3,0,Sampson,2022-06-14
2,21,13,8,0,Sampson,2022-06-23
2,18,9,9,0,Sampson,2022-06-24
2,19,13,6,0,Sampson,2022-06-30
2,11,6,5,0,Sampson,2022-07-03
2,37,20,17,0,Sampson,2022-07-14
3,26,10,16,0,Sampson,2022-01-22
3,42,6,36,0,Sampson,2022-01-23
3,54,17,37,0,Sampson,2022-02-04
3,10,4,6,0,Sampson,2022-04-18
3,10,4,6,0,Sampson,2022-04-19
3,33,20,13,0,Sampson,2022-06-27
3,21,13,8,0,Sampson,2022-07-09
3,8,4,4,0,Sampson,2022-07-10
3,33,19,14,0,Sampson,2022-07-11
3,36,21,15,0,Sampson,2022-07-15
3,20,10,10,0,Sampson,2022-07-16
4,101,36,65,0,Sampson,2022-01-28
4,17,11,6,0,Sampson,2022-05-24
4,16,8,8,0,Sampson,2022-05-25
4,23,12,11,0,Sampson,2022-06-01
4,33,17,16,0,Sampson,2022-06-07
4,38,27,11,0,Sampson,2022-07-07
5,31,16,15,0,Sampson,2022-02-10
5,39,30,9,0,Sampson,2022-07-13
6,111,45,66,0,Sampson,2022-01-27
6,21,18,3,0,Sampson,2022-06-29
6,38,26,12,0,Sampson,2022-07-06
7,59,22,37,0,Sampson,2022-01-21
9,42,23,19,0,Sampson,2022-07-12
,0,0,0,0,Scotland,2022-03-12
,0,0,0,0,Scotland,2022-03-13
,0,0,0,0,Scotland,2022-03-23
,0,0,0,0,Scotland,2022-03-26
,0,0,0,0,Scotland,2022-03-27
,0,0,0,0,Scotland,2022-03-31
,0,0,0,0,Scotland,2022-04-01
,0,0,0,0,Scotland,2022-04-02
,0,0,0,0,Scotland,2022-04-03
,0,0,0,0,Scotland,2022-04-06
,0,0,0,0,Scotland,2022-04-07
,0,0,0,0,Scotland,2022-04-10
,0,0,0,0,Scotland,2022-04-17
,0,0,0,0,Scotland,2022-04-29
0,12,5,7,0,Scotland,2022-02-05
0,10,1,9,0,Scotland,2022-02-16
0,12,6,6,0,Scotland,2022-02-17
0,4,2,2,0,Scotland,2022-02-18
0,5,1,4,0,Scotland,2022-02-20
0,2,1,1,0,Scotland,2022-02-22
0,1,0,1,0,Scotland,2022-02-23
0,3,2,1,0,Scotland,2022-02-24
0,6,1,5,0,Scotland,2022-02-25
0,1,1,0,0,Scotland,2022-02-27
0,6,1,5,0,Scotland,2022-02-28
0,1,0,1,0,Scotland,2022-03-01
0,1,0,1,0,Scotland,2022-03-04
0,1,1,0,0,Scotland,2022-03-06
0,1,1,0,0,Scotland,2022-03-08
0,2,0,2,0,Scotland,2022-03-09
0,1,0,1,0,Scotland,2022-03-10
0,2,0,2,0,Scotland,2022-03-11
0,2,1,1,0,Scotland,2022-03-15
0,2,1,1,0,Scotland,2022-03-16
0,1,0,1,0,Scotland,2022-03-17
0,1,0,1,0,Scotland,2022-03-18
0,1,0,1,0,Scotland,2022-03-19
0,1,1,0,0,Scotland,2022-03-20
0,2,1,1,0,Scotland,2022-03-21
0,1,0,1,0,Scotland,2022-03-22
0,2,2,0,0,Scotland,2022-03-24
0,2,0,2,0,Scotland,2022-03-25
0,1,1,0,0,Scotland,2022-03-28
0,3,1,2,0,Scotland,2022-03-30
0,2,2,0,0,Scotland,2022-04-04
0,5,0,5,0,Scotland,2022-04-08
0,1,1,0,0,Scotland,2022-04-09
0,3,2,1,0,Scotland,2022-04-12
0,1,1,0,0,Scotland,2022-04-14
0,8,2,6,0,Scotland,2022-04-20
0,4,3,1,0,Scotland,2022-04-23
0,3,1,2,0,Scotland,2022-04-24
0,4,3,1,0,Scotland,2022-04-26
0,6,3,3,0,Scotland,2022-04-27
0,3,3,0,0,Scotland,2022-04-30
0,3,3,0,0,Scotland,2022-05-01
0,3,0,3,0,Scotland,2022-05-02
0,8,3,5,0,Scotland,2022-05-04
0,4,1,3,0,Scotland,2022-05-05
0,10,4,6,0,Scotland,2022-05-06
0,9,5,4,0,Scotland,2022-05-08
0,8,2,6,0,Scotland,2022-05-09
0,4,1,3,0,Scotland,2022-05-10
0,15,4,11,0,Scotland,2022-05-13
0,4,4,0,0,Scotland,2022-05-15
0,5,2,3,0,Scotland,2022-05-18
0,6,3,3,0,Scotland,2022-05-21
0,12,4,8,0,Scotland,2022-05-28
0,9,7,2,0,Scotland,2022-05-29
0,9,7,2,0,Scotland,2022-05-30
0,1,0,1,0,Scotland,2022-07-03
0,11,7,4,0,Scotland,2022-07-15
1,7,2,5,0,Scotland,2022-02-11
1,6,3,3,0,Scotland,2022-02-13
1,1,1,0,0,Scotland,2022-03-05
1,2,1,1,0,Scotland,2022-03-14
1,1,0,1,0,Scotland,2022-03-29
1,4,2,2,0,Scotland,2022-04-11
1,9,0,9,0,Scotland,2022-04-13
1,8,1,7,0,Scotland,2022-04-15
1,2,2,0,0,Scotland,2022-04-18
1,2,1,1,0,Scotland,2022-04-19
1,2,1,1,0,Scotland,2022-04-21
1,9,6,3,0,Scotland,2022-04-22
1,4,1,3,0,Scotland,2022-04-25
1,5,2,3,0,Scotland,2022-04-28
1,7,3,4,0,Scotland,2022-05-07
1,6,1,5,0,Scotland,2022-05-14
1,17,4,13,0,Scotland,2022-05-16
1,13,9,4,0,Scotland,2022-05-19
1,13,5,8,0,Scotland,2022-05-22
1,20,12,8,0,Scotland,2022-05-23
1,20,13,7,0,Scotland,2022-06-03
1,14,13,1,0,Scotland,2022-06-04
1,5,3,2,0,Scotland,2022-06-05
1,15,8,7,0,Scotland,2022-06-07
1,11,8,3,0,Scotland,2022-06-09
1,9,6,3,0,Scotland,2022-06-11
1,13,6,7,0,Scotland,2022-06-15
1,10,7,3,0,Scotland,2022-06-18
1,7,6,1,0,Scotland,2022-06-19
1,14,8,6,0,Scotland,2022-06-23
1,11,5,6,0,Scotland,2022-06-24
1,9,6,3,0,Scotland,2022-06-27
1,11,5,6,0,Scotland,2022-07-06
1,8,5,3,0,Scotland,2022-07-09
1,9,6,3,0,Scotland,2022-07-16
2,29,10,19,0,Scotland,2022-01-23
2,50,17,33,0,Scotland,2022-01-31
2,38,10,28,0,Scotland,2022-02-03
2,32,11,21,0,Scotland,2022-02-07
2,16,2,14,0,Scotland,2022-02-08
2,22,7,15,0,Scotland,2022-02-09
2,7,3,4,0,Scotland,2022-02-15
2,10,5,5,0,Scotland,2022-02-21
2,9,2,7,0,Scotland,2022-05-11
2,8,4,4,0,Scotland,2022-05-12
2,14,10,4,0,Scotland,2022-05-24
2,14,7,7,0,Scotland,2022-05-27
2,27,19,8,0,Scotland,2022-06-02
2,22,15,7,0,Scotland,2022-06-13
2,10,4,6,0,Scotland,2022-06-17
2,10,6,4,0,Scotland,2022-06-26
2,12,7,5,0,Scotland,2022-06-28
2,12,8,4,0,Scotland,2022-06-29
2,6,4,2,0,Scotland,2022-07-04
2,15,9,6,0,Scotland,2022-07-14
3,17,8,9,0,Scotland,2022-05-20
3,12,8,4,0,Scotland,2022-05-26
3,20,11,9,0,Scotland,2022-06-08
3,16,6,10,0,Scotland,2022-06-10
3,10,6,4,0,Scotland,2022-06-12
3,16,9,7,0,Scotland,2022-06-16
3,12,7,5,0,Scotland,2022-06-21
3,13,9,4,0,Scotland,2022-06-22
3,9,8,1,0,Scotland,2022-06-25
3,10,9,1,0,Scotland,2022-06-30
3,12,7,5,0,Scotland,2022-07-01
3,5,4,1,0,Scotland,2022-07-02
3,15,9,6,0,Scotland,2022-07-08
3,11,6,5,0,Scotland,2022-07-10
3,14,5,9,0,Scotland,2022-07-12
4,21,8,13,0,Scotland,2022-05-25
4,12,7,5,0,Scotland,2022-05-31
4,14,7,7,0,Scotland,2022-06-14
4,19,8,11,0,Scotland,2022-06-20
4,15,3,12,0,Scotland,2022-07-07
4,13,9,4,0,Scotland,2022-07-13
5,116,38,78,0,Scotland,2022-01-20
5,23,10,13,0,Scotland,2022-07-11
6,62,16,46,0,Scotland,2022-01-27
7,82,28,54,0,Scotland,2022-01-25
7,16,8,8,0,Scotland,2022-06-01
7,29,16,13,0,Scotland,2022-06-06
9,59,19,40,0,Scotland,2022-01-26
14,197,55,142,0,Scotland,2022-01-18
,0,0,0,0,Stanly,2022-03-06
,0,0,0,0,Stanly,2022-03-09
,0,0,0,0,Stanly,2022-03-10
,0,0,0,0,Stanly,2022-03-11
,0,0,0,0,Stanly,2022-03-13
,0,0,0,0,Stanly,2022-03-26
,0,0,0,0,Stanly,2022-03-28
,0,0,0,0,Stanly,2022-04-01
,0,0,0,0,Stanly,2022-04-02
,0,0,0,0,Stanly,2022-04-04
,0,0,0,0,Stanly,2022-04-08
,0,0,0,0,Stanly,2022-04-11
,0,0,0,0,Stanly,2022-04-15
,0,0,0,0,Stanly,2022-04-17
,0,0,0,0,Stanly,2022-04-23
0,13,1,12,0,Stanly,2022-02-16
0,5,0,5,0,Stanly,2022-02-20
0,22,1,21,0,Stanly,2022-02-21
0,6,1,5,0,Stanly,2022-02-23
0,1,1,0,0,Stanly,2022-02-26
0,3,1,2,0,Stanly,2022-03-04
0,1,0,1,0,Stanly,2022-03-12
0,2,0,2,0,Stanly,2022-03-17
0,1,0,1,0,Stanly,2022-03-19
0,1,0,1,0,Stanly,2022-03-20
0,1,0,1,0,Stanly,2022-03-21
0,1,0,1,0,Stanly,2022-03-22
0,2,0,2,0,Stanly,2022-03-25
0,3,1,2,0,Stanly,2022-03-27
0,1,0,1,0,Stanly,2022-03-31
0,1,0,1,0,Stanly,2022-04-03
0,1,0,1,0,Stanly,2022-04-06
0,1,0,1,0,Stanly,2022-04-09
0,1,0,1,0,Stanly,2022-04-10
0,1,0,1,0,Stanly,2022-04-12
0,3,0,3,0,Stanly,2022-04-16
0,2,0,2,0,Stanly,2022-04-22
0,2,1,1,0,Stanly,2022-04-24
0,8,0,8,0,Stanly,2022-04-27
0,1,0,1,0,Stanly,2022-05-01
0,6,0,6,0,Stanly,2022-05-03
0,8,0,8,0,Stanly,2022-05-04
0,5,1,4,0,Stanly,2022-05-05
0,2,0,2,0,Stanly,2022-05-06
0,11,0,11,0,Stanly,2022-05-22
0,8,1,7,0,Stanly,2022-06-10
0,13,1,12,0,Stanly,2022-06-11
0,11,1,10,0,Stanly,2022-06-12
0,15,0,15,0,Stanly,2022-06-19
1,11,0,11,0,Stanly,2022-02-12
1,13,1,12,0,Stanly,2022-02-18
1,9,0,9,0,Stanly,2022-02-24
1,3,0,3,0,Stanly,2022-03-07
1,2,0,2,0,Stanly,2022-03-18
1,2,0,2,0,Stanly,2022-04-05
1,2,0,2,0,Stanly,2022-04-07
1,2,0,2,0,Stanly,2022-04-13
1,4,1,3,0,Stanly,2022-04-14
1,4,0,4,0,Stanly,2022-04-19
1,3,0,3,0,Stanly,2022-04-20
1,2,0,2,0,Stanly,2022-04-21
1,4,1,3,0,Stanly,2022-04-29
1,2,1,1,0,Stanly,2022-04-30
1,2,0,2,0,Stanly,2022-05-07
1,3,2,1,0,Stanly,2022-05-08
1,10,5,5,0,Stanly,2022-05-15
1,16,0,16,0,Stanly,2022-05-17
1,15,4,11,0,Stanly,2022-05-26
1,12,0,12,0,Stanly,2022-05-28
1,12,0,12,0,Stanly,2022-05-29
1,12,0,12,0,Stanly,2022-06-04
1,6,0,6,0,Stanly,2022-06-18
1,12,2,10,0,Stanly,2022-06-23
1,15,0,15,0,Stanly,2022-06-24
1,9,0,9,0,Stanly,2022-07-03
1,24,1,23,0,Stanly,2022-07-07
1,22,2,20,0,Stanly,2022-07-13
2,6,0,6,0,Stanly,2022-02-13
2,15,2,13,0,Stanly,2022-02-22
2,10,0,10,0,Stanly,2022-03-02
2,2,0,2,0,Stanly,2022-04-26
2,6,1,5,0,Stanly,2022-05-10
2,17,7,10,0,Stanly,2022-05-13
2,16,3,13,0,Stanly,2022-05-19
2,4,0,4,0,Stanly,2022-05-21
2,24,3,21,0,Stanly,2022-05-27
2,15,2,13,0,Stanly,2022-06-01
2,20,5,15,0,Stanly,2022-06-02
2,15,2,13,0,Stanly,2022-06-14
2,15,1,14,0,Stanly,2022-06-15
2,17,4,13,0,Stanly,2022-06-21
2,20,1,19,0,Stanly,2022-07-06
2,21,1,20,0,Stanly,2022-07-08
2,15,0,15,0,Stanly,2022-07-10
3,34,9,25,0,Stanly,2022-01-29
3,63,7,56,0,Stanly,2022-02-01
3,9,1,8,0,Stanly,2022-02-25
3,4,0,4,0,Stanly,2022-04-18
3,10,1,9,0,Stanly,2022-05-09
3,17,2,15,0,Stanly,2022-05-12
3,32,2,30,0,Stanly,2022-05-24
3,21,6,15,0,Stanly,2022-05-25
3,10,4,6,0,Stanly,2022-05-30
3,19,4,15,0,Stanly,2022-06-05
3,19,5,14,0,Stanly,2022-06-17
3,15,0,15,0,Stanly,2022-06-22
3,12,1,11,0,Stanly,2022-06-25
3,12,0,12,0,Stanly,2022-06-26
3,15,0,15,0,Stanly,2022-07-02
3,12,0,12,0,Stanly,2022-07-04
3,25,0,25,0,Stanly,2022-07-05
3,25,0,25,0,Stanly,2022-07-15
3,14,0,14,0,Stanly,2022-07-16
4,25,4,21,0,Stanly,2022-05-18
4,22,2,20,0,Stanly,2022-05-20
4,19,2,17,0,Stanly,2022-06-07
4,27,1,26,0,Stanly,2022-06-20
4,18,1,17,0,Stanly,2022-06-27
4,18,1,17,0,Stanly,2022-07-01
4,8,0,8,0,Stanly,2022-07-09
4,23,2,21,0,Stanly,2022-07-12
4,25,4,21,0,Stanly,2022-07-14
5,25,7,18,0,Stanly,2022-06-08
5,22,2,20,0,Stanly,2022-06-28
5,22,5,17,0,Stanly,2022-06-30
5,23,2,21,0,Stanly,2022-07-11
6,57,3,54,0,Stanly,2022-02-03
6,20,0,20,0,Stanly,2022-02-06
6,53,7,46,0,Stanly,2022-02-07
6,21,3,18,0,Stanly,2022-06-09
7,20,1,19,0,Stanly,2022-06-03
7,31,9,22,0,Stanly,2022-06-06
7,24,0,24,0,Stanly,2022-06-13
8,108,5,103,0,Stanly,2022-01-28
15,37,8,29,0,Stanly,2022-05-23
37,255,50,205,0,Stanly,2022-01-20
,0,0,0,0,Stokes,2022-03-13
,0,0,0,0,Stokes,2022-03-16
,0,0,0,0,Stokes,2022-03-17
,0,0,0,0,Stokes,2022-03-18
,0,0,0,0,Stokes,2022-03-20
,0,0,0,0,Stokes,2022-03-22
,0,0,0,0,Stokes,2022-03-24
,0,0,0,0,Stokes,2022-03-25
,0,0,0,0,Stokes,2022-04-03
,0,0,0,0,Stokes,2022-04-07
,0,0,0,0,Stokes,2022-04-12
,0,0,0,0,Stokes,2022-04-16
,0,0,0,0,Stokes,2022-04-17
0,15,3,12,0,Stokes,2022-02-06
0,6,3,3,0,Stokes,2022-02-20
0,3,0,3,0,Stokes,2022-02-26
0,2,0,2,0,Stokes,2022-02-27
0,2,0,2,0,Stokes,2022-03-02
0,4,1,3,0,Stokes,2022-03-04
0,2,0,2,0,Stokes,2022-03-06
0,5,0,5,0,Stokes,2022-03-07
0,5,0,5,0,Stokes,2022-03-08
0,3,1,2,0,Stokes,2022-03-09
0,2,2,0,0,Stokes,2022-03-10
0,2,0,2,0,Stokes,2022-03-12
0,1,0,1,0,Stokes,2022-03-15
0,1,0,1,0,Stokes,2022-03-19
0,4,4,0,0,Stokes,2022-03-26
0,1,0,1,0,Stokes,2022-03-27
0,2,2,0,0,Stokes,2022-03-29
0,4,0,4,0,Stokes,2022-03-30
0,3,3,0,0,Stokes,2022-03-31
0,1,1,0,0,Stokes,2022-04-01
0,1,1,0,0,Stokes,2022-04-05
0,3,0,3,0,Stokes,2022-04-06
0,1,1,0,0,Stokes,2022-04-09
0,2,0,2,0,Stokes,2022-04-11
0,3,1,2,0,Stokes,2022-04-13
0,2,0,2,0,Stokes,2022-04-14
0,1,0,1,0,Stokes,2022-04-15
0,1,0,1,0,Stokes,2022-04-18
0,1,0,1,0,Stokes,2022-04-19
0,4,3,1,0,Stokes,2022-04-20
0,4,0,4,0,Stokes,2022-04-21
0,2,0,2,0,Stokes,2022-04-22
0,2,1,1,0,Stokes,2022-04-23
0,5,2,3,0,Stokes,2022-04-29
0,4,1,3,0,Stokes,2022-04-30
0,10,2,8,0,Stokes,2022-05-02
0,4,0,4,0,Stokes,2022-05-03
0,8,0,8,0,Stokes,2022-05-04
0,4,2,2,0,Stokes,2022-05-08
0,11,3,8,0,Stokes,2022-05-12
0,8,2,6,0,Stokes,2022-05-15
0,11,3,8,0,Stokes,2022-05-25
0,6,3,3,0,Stokes,2022-05-29
0,3,1,2,0,Stokes,2022-05-30
0,6,3,3,0,Stokes,2022-06-05
0,7,2,5,0,Stokes,2022-06-07
0,13,4,9,0,Stokes,2022-06-08
0,9,1,8,0,Stokes,2022-06-10
0,8,3,5,0,Stokes,2022-06-26
0,7,1,6,0,Stokes,2022-07-03
0,7,2,5,0,Stokes,2022-07-04
1,13,2,11,0,Stokes,2022-02-13
1,8,3,5,0,Stokes,2022-02-23
1,8,1,7,0,Stokes,2022-02-25
1,7,1,6,0,Stokes,2022-02-28
1,3,2,1,0,Stokes,2022-03-21
1,3,1,2,0,Stokes,2022-03-28
1,2,0,2,0,Stokes,2022-04-08
1,4,1,3,0,Stokes,2022-04-25
1,6,1,5,0,Stokes,2022-04-26
1,5,1,4,0,Stokes,2022-04-28
1,17,6,11,0,Stokes,2022-05-05
1,8,2,6,0,Stokes,2022-05-06
1,6,1,5,0,Stokes,2022-05-07
1,16,4,12,0,Stokes,2022-05-10
1,10,2,8,0,Stokes,2022-05-14
1,20,5,15,0,Stokes,2022-05-19
1,5,2,3,0,Stokes,2022-05-22
1,13,2,11,0,Stokes,2022-05-26
1,7,1,6,0,Stokes,2022-05-28
1,9,3,6,0,Stokes,2022-06-03
1,6,1,5,0,Stokes,2022-06-11
1,5,3,2,0,Stokes,2022-06-12
1,8,1,7,0,Stokes,2022-06-15
1,10,1,9,0,Stokes,2022-06-16
1,11,1,10,0,Stokes,2022-06-18
1,9,0,9,0,Stokes,2022-07-10
1,13,2,11,0,Stokes,2022-07-15
2,17,1,16,0,Stokes,2022-02-05
2,4,1,3,0,Stokes,2022-04-27
2,12,4,8,0,Stokes,2022-05-13
2,17,4,13,0,Stokes,2022-05-20
2,16,5,11,0,Stokes,2022-06-06
2,7,4,3,0,Stokes,2022-06-19
2,14,2,12,0,Stokes,2022-06-29
2,13,2,11,0,Stokes,2022-07-08
2,6,1,5,0,Stokes,2022-07-09
2,17,5,12,0,Stokes,2022-07-14
2,11,1,10,0,Stokes,2022-07-16
3,32,6,26,0,Stokes,2022-01-23
3,46,6,40,0,Stokes,2022-02-02
3,32,4,28,0,Stokes,2022-02-09
3,3,0,3,0,Stokes,2022-04-24
3,23,8,15,0,Stokes,2022-05-09
3,15,3,12,0,Stokes,2022-05-11
3,20,5,15,0,Stokes,2022-05-16
3,17,4,13,0,Stokes,2022-05-24
3,9,0,9,0,Stokes,2022-06-04
3,9,2,7,0,Stokes,2022-06-14
3,16,4,12,0,Stokes,2022-06-21
3,11,4,7,0,Stokes,2022-06-22
3,12,4,8,0,Stokes,2022-06-23
3,9,2,7,0,Stokes,2022-06-25
3,29,14,15,0,Stokes,2022-06-27
4,45,9,36,0,Stokes,2022-02-01
4,29,5,24,0,Stokes,2022-02-08
4,25,4,21,0,Stokes,2022-05-18
4,17,2,15,0,Stokes,2022-05-27
4,19,4,15,0,Stokes,2022-06-17
4,14,2,12,0,Stokes,2022-07-02
4,12,4,8,0,Stokes,2022-07-06
4,17,5,12,0,Stokes,2022-07-13
5,21,8,13,0,Stokes,2022-07-07
5,16,2,14,0,Stokes,2022-07-12
6,80,12,68,0,Stokes,2022-01-27
6,26,8,18,0,Stokes,2022-05-23
6,17,5,12,0,Stokes,2022-06-01
6,23,6,17,0,Stokes,2022-06-20
6,29,6,23,0,Stokes,2022-07-11
7,14,1,13,0,Stokes,2022-06-09
8,29,14,15,0,Stokes,2022-06-24
10,90,16,74,0,Stokes,2022-01-31
13,166,43,123,0,Stokes,2022-01-24
19,138,21,117,0,Stokes,2022-01-19
,0,0,0,0,Surry,2022-03-25
,0,0,0,0,Surry,2022-04-01
0,15,1,14,0,Surry,2022-02-13
0,20,5,15,0,Surry,2022-02-24
0,4,2,2,0,Surry,2022-02-27
0,16,6,10,0,Surry,2022-02-28
0,9,3,6,0,Surry,2022-03-01
0,6,2,4,0,Surry,2022-03-04
0,2,1,1,0,Surry,2022-03-06
0,6,3,3,0,Surry,2022-03-07
0,10,2,8,0,Surry,2022-03-09
0,4,2,2,0,Surry,2022-03-10
0,1,0,1,0,Surry,2022-03-15
0,2,0,2,0,Surry,2022-03-17
0,2,1,1,0,Surry,2022-03-18
0,1,1,0,0,Surry,2022-03-23
0,1,0,1,0,Surry,2022-03-27
0,1,0,1,0,Surry,2022-03-28
0,1,0,1,0,Surry,2022-03-29
0,1,0,1,0,Surry,2022-03-31
0,1,1,0,0,Surry,2022-04-02
0,1,0,1,0,Surry,2022-04-03
0,4,1,3,0,Surry,2022-04-04
0,3,1,2,0,Surry,2022-04-06
0,1,0,1,0,Surry,2022-04-08
0,4,1,3,0,Surry,2022-04-09
0,1,0,1,0,Surry,2022-04-10
0,4,0,4,0,Surry,2022-04-11
0,2,1,1,0,Surry,2022-04-12
0,4,0,4,0,Surry,2022-04-13
0,2,0,2,0,Surry,2022-04-14
0,1,1,0,0,Surry,2022-04-15
0,3,1,2,0,Surry,2022-04-16
0,5,0,5,0,Surry,2022-04-22
0,1,1,0,0,Surry,2022-04-24
0,13,5,8,0,Surry,2022-04-26
0,2,0,2,0,Surry,2022-04-29
0,2,0,2,0,Surry,2022-04-30
0,7,3,4,0,Surry,2022-05-08
0,11,2,9,0,Surry,2022-05-21
0,18,5,13,0,Surry,2022-05-30
0,11,5,6,0,Surry,2022-06-19
0,16,10,6,0,Surry,2022-07-03
1,30,12,18,0,Surry,2022-02-21
1,7,3,4,0,Surry,2022-02-26
1,3,1,2,0,Surry,2022-03-05
1,6,2,4,0,Surry,2022-03-12
1,2,1,1,0,Surry,2022-03-13
1,2,0,2,0,Surry,2022-03-16
1,4,0,4,0,Surry,2022-03-21
1,1,1,0,0,Surry,2022-03-26
1,1,0,1,0,Surry,2022-03-30
1,3,1,2,0,Surry,2022-04-17
1,7,1,6,0,Surry,2022-04-18
1,7,0,7,0,Surry,2022-04-19
1,11,3,8,0,Surry,2022-04-21
1,9,3,6,0,Surry,2022-04-27
1,7,5,2,0,Surry,2022-05-01
1,9,3,6,0,Surry,2022-05-04
1,10,4,6,0,Surry,2022-05-06
1,13,1,12,0,Surry,2022-05-13
1,4,0,4,0,Surry,2022-05-14
1,24,7,17,0,Surry,2022-05-26
1,16,8,8,0,Surry,2022-05-29
1,18,7,11,0,Surry,2022-06-08
1,20,4,16,0,Surry,2022-06-17
1,14,1,13,0,Surry,2022-06-25
2,13,4,9,0,Surry,2022-02-25
2,4,2,2,0,Surry,2022-04-20
2,9,4,5,0,Surry,2022-04-28
2,8,4,4,0,Surry,2022-05-07
2,18,5,13,0,Surry,2022-05-15
2,16,3,13,0,Surry,2022-05-22
2,21,6,15,0,Surry,2022-05-28
2,18,8,10,0,Surry,2022-06-05
2,26,11,15,0,Surry,2022-06-09
2,18,5,13,0,Surry,2022-06-22
2,25,11,14,0,Surry,2022-06-26
3,37,10,27,0,Surry,2022-02-16
3,20,10,10,0,Surry,2022-02-19
3,17,4,13,0,Surry,2022-05-10
3,16,9,7,0,Surry,2022-05-11
3,18,10,8,0,Surry,2022-05-12
3,17,5,12,0,Surry,2022-05-16
3,30,11,19,0,Surry,2022-05-19
3,21,8,13,0,Surry,2022-05-20
3,24,8,16,0,Surry,2022-06-03
3,26,11,15,0,Surry,2022-06-04
3,24,12,12,0,Surry,2022-06-06
3,18,5,13,0,Surry,2022-06-11
3,29,13,16,0,Surry,2022-06-20
3,20,11,9,0,Surry,2022-06-21
3,29,18,11,0,Surry,2022-06-23
3,24,4,20,0,Surry,2022-07-14
3,24,4,20,0,Surry,2022-07-16
4,21,7,14,0,Surry,2022-02-23
4,16,5,11,0,Surry,2022-05-18
4,38,10,28,0,Surry,2022-06-01
4,15,4,11,0,Surry,2022-06-18
4,41,24,17,0,Surry,2022-07-01
4,24,10,14,0,Surry,2022-07-02
4,21,5,16,0,Surry,2022-07-15
5,41,13,28,0,Surry,2022-05-31
5,23,10,13,0,Surry,2022-06-02
5,44,20,24,0,Surry,2022-06-30
6,21,16,5,0,Surry,2022-06-12
6,26,3,23,0,Surry,2022-06-15
6,22,4,18,0,Surry,2022-07-09
7,25,10,15,0,Surry,2022-05-09
7,47,9,38,0,Surry,2022-07-13
8,36,15,21,0,Surry,2022-05-23
8,32,11,21,0,Surry,2022-06-13
9,62,20,42,0,Surry,2022-02-09
9,64,29,35,0,Surry,2022-02-10
9,47,17,30,0,Surry,2022-07-08
10,80,27,53,0,Surry,2022-02-03
10,39,11,28,0,Surry,2022-06-07
10,23,13,10,0,Surry,2022-07-04
10,40,15,25,0,Surry,2022-07-12
12,38,15,23,0,Surry,2022-07-07
13,149,51,98,0,Surry,2022-01-31
13,52,25,27,0,Surry,2022-07-05
14,72,36,36,0,Surry,2022-02-07
20,233,86,147,0,Surry,2022-01-24
20,140,79,61,0,Surry,2022-02-02
24,80,36,44,0,Surry,2022-07-06
26,219,75,144,0,Surry,2022-01-20
,0,0,0,0,Swain,2022-02-26
,0,0,0,0,Swain,2022-02-27
,0,0,0,0,Swain,2022-03-09
,0,0,0,0,Swain,2022-03-11
,0,0,0,0,Swain,2022-03-12
,0,0,0,0,Swain,2022-03-14
,0,0,0,0,Swain,2022-03-15
,0,0,0,0,Swain,2022-03-16
,0,0,0,0,Swain,2022-03-17
,0,0,0,0,Swain,2022-03-18
,0,0,0,0,Swain,2022-03-19
,0,0,0,0,Swain,2022-03-20
,0,0,0,0,Swain,2022-03-21
,0,0,0,0,Swain,2022-03-25
,0,0,0,0,Swain,2022-03-26
,0,0,0,0,Swain,2022-03-27
,0,0,0,0,Swain,2022-03-28
,0,0,0,0,Swain,2022-03-30
,0,0,0,0,Swain,2022-03-31
,0,0,0,0,Swain,2022-04-01
,0,0,0,0,Swain,2022-04-03
,0,0,0,0,Swain,2022-04-04
,0,0,0,0,Swain,2022-04-05
,0,0,0,0,Swain,2022-04-08
,0,0,0,0,Swain,2022-04-10
,0,0,0,0,Swain,2022-04-11
,0,0,0,0,Swain,2022-04-13
,0,0,0,0,Swain,2022-04-16
,0,0,0,0,Swain,2022-04-17
,0,0,0,0,Swain,2022-06-17
0,7,4,3,0,Swain,2022-01-29
0,10,9,1,0,Swain,2022-02-03
0,11,2,9,0,Swain,2022-02-04
0,4,3,1,0,Swain,2022-02-05
0,6,2,4,0,Swain,2022-02-10
0,3,3,0,0,Swain,2022-02-12
0,2,2,0,0,Swain,2022-02-13
0,8,7,1,0,Swain,2022-02-15
0,3,1,2,0,Swain,2022-02-18
0,4,0,4,0,Swain,2022-02-21
0,3,3,0,0,Swain,2022-02-23
0,6,3,3,0,Swain,2022-02-25
0,4,3,1,0,Swain,2022-02-28
0,2,0,2,0,Swain,2022-03-01
0,3,0,3,0,Swain,2022-03-03
0,1,0,1,0,Swain,2022-03-04
0,2,0,2,0,Swain,2022-03-05
0,2,0,2,0,Swain,2022-03-06
0,1,1,0,0,Swain,2022-03-10
0,1,0,1,0,Swain,2022-03-13
0,1,0,1,0,Swain,2022-03-22
0,1,0,1,0,Swain,2022-03-23
0,2,1,1,0,Swain,2022-03-24
0,3,1,2,0,Swain,2022-03-29
0,1,1,0,0,Swain,2022-04-02
0,1,1,0,0,Swain,2022-04-06
0,2,0,2,0,Swain,2022-04-07
0,1,1,0,0,Swain,2022-04-09
0,1,0,1,0,Swain,2022-04-15
0,2,2,0,0,Swain,2022-04-19
0,1,1,0,0,Swain,2022-04-20
0,1,0,1,0,Swain,2022-04-21
0,2,1,1,0,Swain,2022-04-25
0,2,1,1,0,Swain,2022-04-26
0,4,0,4,0,Swain,2022-04-27
0,1,0,1,0,Swain,2022-04-28
0,1,0,1,0,Swain,2022-04-29
0,2,2,0,0,Swain,2022-04-30
0,2,1,1,0,Swain,2022-05-01
0,2,2,0,0,Swain,2022-05-02
0,2,0,2,0,Swain,2022-05-03
0,3,2,1,0,Swain,2022-05-04
0,2,1,1,0,Swain,2022-05-05
0,2,2,0,0,Swain,2022-05-06
0,2,1,1,0,Swain,2022-05-08
0,3,1,2,0,Swain,2022-05-09
0,5,3,2,0,Swain,2022-05-10
0,5,2,3,0,Swain,2022-05-11
0,2,1,1,0,Swain,2022-05-12
0,1,1,0,0,Swain,2022-05-13
0,3,0,3,0,Swain,2022-05-14
0,2,0,2,0,Swain,2022-05-15
0,4,2,2,0,Swain,2022-05-18
0,10,2,8,0,Swain,2022-05-19
0,1,0,1,0,Swain,2022-05-21
0,4,0,4,0,Swain,2022-05-22
0,4,2,2,0,Swain,2022-05-23
0,5,1,4,0,Swain,2022-05-24
0,4,0,4,0,Swain,2022-05-25
0,2,0,2,0,Swain,2022-05-26
0,1,1,0,0,Swain,2022-05-30
0,1,1,0,0,Swain,2022-06-01
0,7,2,5,0,Swain,2022-06-02
0,3,0,3,0,Swain,2022-06-05
0,8,0,8,0,Swain,2022-06-07
0,3,0,3,0,Swain,2022-06-08
0,2,1,1,0,Swain,2022-06-10
0,2,1,1,0,Swain,2022-06-11
0,1,0,1,0,Swain,2022-06-12
0,8,4,4,0,Swain,2022-06-13
0,8,4,4,0,Swain,2022-06-14
0,4,4,0,0,Swain,2022-06-19
0,7,2,5,0,Swain,2022-06-20
0,8,4,4,0,Swain,2022-06-22
0,1,0,1,0,Swain,2022-06-24
0,7,3,4,0,Swain,2022-06-25
0,4,2,2,0,Swain,2022-06-26
0,3,1,2,0,Swain,2022-07-01
0,7,4,3,0,Swain,2022-07-02
0,1,1,0,0,Swain,2022-07-04
0,7,0,7,0,Swain,2022-07-05
0,6,2,4,0,Swain,2022-07-07
0,3,1,2,0,Swain,2022-07-08
0,4,1,3,0,Swain,2022-07-16
1,49,20,29,0,Swain,2022-01-19
1,15,8,7,0,Swain,2022-01-22
1,16,7,9,0,Swain,2022-01-23
1,27,9,18,0,Swain,2022-02-01
1,23,9,14,0,Swain,2022-02-02
1,10,3,7,0,Swain,2022-02-07
1,15,6,9,0,Swain,2022-02-08
1,4,2,2,0,Swain,2022-02-16
1,15,12,3,0,Swain,2022-02-17
1,3,3,0,0,Swain,2022-02-20
1,11,4,7,0,Swain,2022-02-22
1,3,1,2,0,Swain,2022-04-14
1,1,1,0,0,Swain,2022-04-18
1,4,2,2,0,Swain,2022-04-22
1,2,0,2,0,Swain,2022-05-07
1,3,2,1,0,Swain,2022-05-16
1,9,1,8,0,Swain,2022-05-27
1,2,1,1,0,Swain,2022-05-28
1,3,0,3,0,Swain,2022-05-29
1,10,0,10,0,Swain,2022-05-31
1,10,2,8,0,Swain,2022-06-03
1,6,2,4,0,Swain,2022-06-04
1,7,0,7,0,Swain,2022-06-06
1,4,0,4,0,Swain,2022-06-09
1,8,3,5,0,Swain,2022-06-15
1,5,1,4,0,Swain,2022-06-18
1,7,2,5,0,Swain,2022-06-27
1,4,1,3,0,Swain,2022-06-29
1,9,2,7,0,Swain,2022-06-30
1,3,2,1,0,Swain,2022-07-03
1,5,3,2,0,Swain,2022-07-11
1,6,1,5,0,Swain,2022-07-15
2,31,8,23,0,Swain,2022-01-25
2,33,20,13,0,Swain,2022-01-31
2,13,7,6,0,Swain,2022-02-11
2,7,2,5,0,Swain,2022-02-24
2,3,2,1,0,Swain,2022-04-24
2,6,1,5,0,Swain,2022-06-16
2,13,3,10,0,Swain,2022-06-21
2,9,0,9,0,Swain,2022-07-06
2,5,1,4,0,Swain,2022-07-09
2,11,5,6,0,Swain,2022-07-13
3,24,10,14,0,Swain,2022-01-26
3,10,5,5,0,Swain,2022-06-23
3,10,2,8,0,Swain,2022-07-10
3,7,3,4,0,Swain,2022-07-12
4,36,23,13,0,Swain,2022-01-18
4,40,19,21,0,Swain,2022-01-21
4,41,18,23,0,Swain,2022-01-24
5,49,21,28,0,Swain,2022-01-20
5,27,14,13,0,Swain,2022-01-27
,0,0,0,0,Transylvania,2022-02-19
,0,0,0,0,Transylvania,2022-03-04
,0,0,0,0,Transylvania,2022-03-09
,0,0,0,0,Transylvania,2022-03-10
,0,0,0,0,Transylvania,2022-03-11
,0,0,0,0,Transylvania,2022-03-12
,0,0,0,0,Transylvania,2022-03-13
,0,0,0,0,Transylvania,2022-03-15
,0,0,0,0,Transylvania,2022-03-17
,0,0,0,0,Transylvania,2022-03-19
,0,0,0,0,Transylvania,2022-03-20
,0,0,0,0,Transylvania,2022-03-24
,0,0,0,0,Transylvania,2022-03-25
,0,0,0,0,Transylvania,2022-03-26
,0,0,0,0,Transylvania,2022-03-27
,0,0,0,0,Transylvania,2022-03-29
,0,0,0,0,Transylvania,2022-03-31
,0,0,0,0,Transylvania,2022-04-02
,0,0,0,0,Transylvania,2022-04-03
,0,0,0,0,Transylvania,2022-04-05
,0,0,0,0,Transylvania,2022-04-10
,0,0,0,0,Transylvania,2022-04-13
,0,0,0,0,Transylvania,2022-04-14
,0,0,0,0,Transylvania,2022-04-15
,0,0,0,0,Transylvania,2022-04-17
,0,0,0,0,Transylvania,2022-04-28
0,12,5,7,0,Transylvania,2022-01-29
0,7,5,2,0,Transylvania,2022-02-12
0,5,5,0,0,Transylvania,2022-02-13
0,17,11,6,0,Transylvania,2022-02-14
0,11,5,6,0,Transylvania,2022-02-15
0,5,3,2,0,Transylvania,2022-02-18
0,3,2,1,0,Transylvania,2022-02-20
0,1,1,0,0,Transylvania,2022-02-21
0,5,3,2,0,Transylvania,2022-02-22
0,1,1,0,0,Transylvania,2022-02-25
0,1,1,0,0,Transylvania,2022-02-26
0,1,1,0,0,Transylvania,2022-02-28
0,2,0,2,0,Transylvania,2022-03-01
0,1,1,0,0,Transylvania,2022-03-05
0,1,1,0,0,Transylvania,2022-03-06
0,3,2,1,0,Transylvania,2022-03-07
0,1,1,0,0,Transylvania,2022-03-08
0,4,1,3,0,Transylvania,2022-03-14
0,1,1,0,0,Transylvania,2022-03-16
0,1,1,0,0,Transylvania,2022-03-18
0,1,1,0,0,Transylvania,2022-03-22
0,1,0,1,0,Transylvania,2022-03-23
0,1,0,1,0,Transylvania,2022-03-28
0,3,2,1,0,Transylvania,2022-03-30
0,1,0,1,0,Transylvania,2022-04-01
0,1,0,1,0,Transylvania,2022-04-04
0,5,2,3,0,Transylvania,2022-04-06
0,2,2,0,0,Transylvania,2022-04-07
0,2,1,1,0,Transylvania,2022-04-09
0,4,4,0,0,Transylvania,2022-04-11
0,2,0,2,0,Transylvania,2022-04-12
0,1,0,1,0,Transylvania,2022-04-16
0,5,2,3,0,Transylvania,2022-04-19
0,2,2,0,0,Transylvania,2022-04-21
0,1,0,1,0,Transylvania,2022-04-22
0,2,1,1,0,Transylvania,2022-04-23
0,2,1,1,0,Transylvania,2022-04-24
0,8,5,3,0,Transylvania,2022-04-26
0,3,1,2,0,Transylvania,2022-04-27
0,1,1,0,0,Transylvania,2022-04-29
0,2,1,1,0,Transylvania,2022-04-30
0,5,2,3,0,Transylvania,2022-05-01
0,3,2,1,0,Transylvania,2022-05-03
0,1,1,0,0,Transylvania,2022-05-04
0,4,1,3,0,Transylvania,2022-05-05
0,3,3,0,0,Transylvania,2022-05-07
0,3,0,3,0,Transylvania,2022-05-08
0,2,1,1,0,Transylvania,2022-05-09
0,7,3,4,0,Transylvania,2022-05-10
0,10,7,3,0,Transylvania,2022-05-12
0,6,3,3,0,Transylvania,2022-05-13
0,5,2,3,0,Transylvania,2022-05-14
0,3,2,1,0,Transylvania,2022-05-15
0,9,5,4,0,Transylvania,2022-05-16
0,8,6,2,0,Transylvania,2022-05-17
0,2,2,0,0,Transylvania,2022-05-18
0,6,2,4,0,Transylvania,2022-05-20
0,6,3,3,0,Transylvania,2022-05-21
0,6,3,3,0,Transylvania,2022-05-22
0,10,1,9,0,Transylvania,2022-05-23
0,5,2,3,0,Transylvania,2022-05-24
0,6,2,4,0,Transylvania,2022-05-27
0,7,3,4,0,Transylvania,2022-06-01
0,3,2,1,0,Transylvania,2022-06-04
0,1,0,1,0,Transylvania,2022-06-05
0,4,3,1,0,Transylvania,2022-06-06
0,7,2,5,0,Transylvania,2022-06-10
0,3,1,2,0,Transylvania,2022-06-11
0,7,4,3,0,Transylvania,2022-06-12
0,13,8,5,0,Transylvania,2022-06-16
0,3,2,1,0,Transylvania,2022-06-18
0,4,2,2,0,Transylvania,2022-06-19
0,4,1,3,0,Transylvania,2022-06-26
0,8,2,6,0,Transylvania,2022-07-01
0,4,3,1,0,Transylvania,2022-07-02
0,4,2,2,0,Transylvania,2022-07-03
0,7,6,1,0,Transylvania,2022-07-04
0,13,10,3,0,Transylvania,2022-07-08
0,10,8,2,0,Transylvania,2022-07-10
0,6,3,3,0,Transylvania,2022-07-16
1,23,4,19,0,Transylvania,2022-01-25
1,24,6,18,0,Transylvania,2022-01-28
1,13,3,10,0,Transylvania,2022-01-30
1,27,16,11,0,Transylvania,2022-02-02
1,13,8,5,0,Transylvania,2022-02-03
1,14,5,9,0,Transylvania,2022-02-05
1,16,6,10,0,Transylvania,2022-02-06
1,14,5,9,0,Transylvania,2022-02-10
1,11,6,5,0,Transylvania,2022-02-11
1,2,1,1,0,Transylvania,2022-04-08
1,3,1,2,0,Transylvania,2022-04-18
1,3,1,2,0,Transylvania,2022-04-20
1,1,0,1,0,Transylvania,2022-04-25
1,4,3,1,0,Transylvania,2022-05-06
1,5,2,3,0,Transylvania,2022-05-11
1,11,2,9,0,Transylvania,2022-05-19
1,6,1,5,0,Transylvania,2022-05-25
1,9,3,6,0,Transylvania,2022-05-28
1,8,4,4,0,Transylvania,2022-05-29
1,5,3,2,0,Transylvania,2022-05-30
1,11,7,4,0,Transylvania,2022-06-02
1,11,9,2,0,Transylvania,2022-06-03
1,11,4,7,0,Transylvania,2022-06-07
1,9,3,6,0,Transylvania,2022-06-08
1,7,3,4,0,Transylvania,2022-06-09
1,10,7,3,0,Transylvania,2022-06-13
1,10,7,3,0,Transylvania,2022-06-14
1,8,7,1,0,Transylvania,2022-06-15
1,8,3,5,0,Transylvania,2022-06-22
1,7,4,3,0,Transylvania,2022-06-24
1,10,4,6,0,Transylvania,2022-06-25
1,16,13,3,0,Transylvania,2022-06-28
1,11,4,7,0,Transylvania,2022-06-29
1,17,10,7,0,Transylvania,2022-07-05
1,14,6,8,0,Transylvania,2022-07-06
1,21,9,12,0,Transylvania,2022-07-07
1,7,3,4,0,Transylvania,2022-07-09
1,17,8,9,0,Transylvania,2022-07-11
1,15,7,8,0,Transylvania,2022-07-13
1,8,3,5,0,Transylvania,2022-07-14
2,48,18,30,0,Transylvania,2022-01-21
2,22,14,8,0,Transylvania,2022-01-23
2,43,15,28,0,Transylvania,2022-01-26
2,12,4,8,0,Transylvania,2022-02-16
2,6,0,6,0,Transylvania,2022-02-24
2,8,4,4,0,Transylvania,2022-05-26
2,9,1,8,0,Transylvania,2022-05-31
2,10,5,5,0,Transylvania,2022-06-20
2,15,8,7,0,Transylvania,2022-06-23
2,11,2,9,0,Transylvania,2022-06-27
2,11,8,3,0,Transylvania,2022-06-30
2,14,4,10,0,Transylvania,2022-07-12
3,35,15,20,0,Transylvania,2022-01-31
3,32,9,23,0,Transylvania,2022-02-01
3,12,3,9,0,Transylvania,2022-06-17
3,22,9,13,0,Transylvania,2022-06-21
4,31,12,19,0,Transylvania,2022-01-27
5,84,32,52,0,Transylvania,2022-01-20
8,41,15,26,0,Transylvania,2022-01-24
,0,0,0,0,Tyrrell,2022-01-22
,0,0,0,0,Tyrrell,2022-02-05
,0,0,0,0,Tyrrell,2022-02-06
,0,0,0,0,Tyrrell,2022-02-13
,0,0,0,0,Tyrrell,2022-02-17
,0,0,0,0,Tyrrell,2022-02-19
,0,0,0,0,Tyrrell,2022-02-20
,0,0,0,0,Tyrrell,2022-02-21
,0,0,0,0,Tyrrell,2022-02-23
,0,0,0,0,Tyrrell,2022-02-24
,0,0,0,0,Tyrrell,2022-02-25
,0,0,0,0,Tyrrell,2022-02-26
,0,0,0,0,Tyrrell,2022-02-27
,0,0,0,0,Tyrrell,2022-02-28
,0,0,0,0,Tyrrell,2022-03-04
,0,0,0,0,Tyrrell,2022-03-05
,0,0,0,0,Tyrrell,2022-03-06
,0,0,0,0,Tyrrell,2022-03-07
,0,0,0,0,Tyrrell,2022-03-09
,0,0,0,0,Tyrrell,2022-03-10
,0,0,0,0,Tyrrell,2022-03-12
,0,0,0,0,Tyrrell,2022-03-13
,0,0,0,0,Tyrrell,2022-03-14
,0,0,0,0,Tyrrell,2022-03-15
,0,0,0,0,Tyrrell,2022-03-16
,0,0,0,0,Tyrrell,2022-03-17
,0,0,0,0,Tyrrell,2022-03-18
,0,0,0,0,Tyrrell,2022-03-19
,0,0,0,0,Tyrrell,2022-03-20
,0,0,0,0,Tyrrell,2022-03-21
,0,0,0,0,Tyrrell,2022-03-22
,0,0,0,0,Tyrrell,2022-03-23
,0,0,0,0,Tyrrell,2022-03-24
,0,0,0,0,Tyrrell,2022-03-25
,0,0,0,0,Tyrrell,2022-03-26
,0,0,0,0,Tyrrell,2022-03-27
,0,0,0,0,Tyrrell,2022-03-28
,0,0,0,0,Tyrrell,2022-03-29
,0,0,0,0,Tyrrell,2022-03-30
,0,0,0,0,Tyrrell,2022-03-31
,0,0,0,0,Tyrrell,2022-04-01
,0,0,0,0,Tyrrell,2022-04-02
,0,0,0,0,Tyrrell,2022-04-03
,0,0,0,0,Tyrrell,2022-04-04
,0,0,0,0,Tyrrell,2022-04-05
,0,0,0,0,Tyrrell,2022-04-06
,0,0,0,0,Tyrrell,2022-04-07
,0,0,0,0,Tyrrell,2022-04-08
,0,0,0,0,Tyrrell,2022-04-09
,0,0,0,0,Tyrrell,2022-04-10
,0,0,0,0,Tyrrell,2022-04-11
,0,0,0,0,Tyrrell,2022-04-13
,0,0,0,0,Tyrrell,2022-04-14
,0,0,0,0,Tyrrell,2022-04-15
,0,0,0,0,Tyrrell,2022-04-16
,0,0,0,0,Tyrrell,2022-04-17
,0,0,0,0,Tyrrell,2022-04-18
,0,0,0,0,Tyrrell,2022-04-19
,0,0,0,0,Tyrrell,2022-04-20
,0,0,0,0,Tyrrell,2022-04-21
,0,0,0,0,Tyrrell,2022-04-23
,0,0,0,0,Tyrrell,2022-04-24
,0,0,0,0,Tyrrell,2022-04-26
,0,0,0,0,Tyrrell,2022-04-28
,0,0,0,0,Tyrrell,2022-05-01
,0,0,0,0,Tyrrell,2022-05-02
,0,0,0,0,Tyrrell,2022-05-03
,0,0,0,0,Tyrrell,2022-05-04
,0,0,0,0,Tyrrell,2022-05-05
,0,0,0,0,Tyrrell,2022-05-06
,0,0,0,0,Tyrrell,2022-05-07
,0,0,0,0,Tyrrell,2022-05-08
,0,0,0,0,Tyrrell,2022-05-13
,0,0,0,0,Tyrrell,2022-05-16
,0,0,0,0,Tyrrell,2022-05-18
,0,0,0,0,Tyrrell,2022-05-21
,0,0,0,0,Tyrrell,2022-05-22
,0,0,0,0,Tyrrell,2022-05-24
,0,0,0,0,Tyrrell,2022-05-25
,0,0,0,0,Tyrrell,2022-05-28
,0,0,0,0,Tyrrell,2022-05-29
,0,0,0,0,Tyrrell,2022-06-02
,0,0,0,0,Tyrrell,2022-06-04
,0,0,0,0,Tyrrell,2022-06-05
,0,0,0,0,Tyrrell,2022-06-06
,0,0,0,0,Tyrrell,2022-06-09
,0,0,0,0,Tyrrell,2022-06-12
,0,0,0,0,Tyrrell,2022-06-14
,0,0,0,0,Tyrrell,2022-06-15
,0,0,0,0,Tyrrell,2022-06-18
,0,0,0,0,Tyrrell,2022-06-19
,0,0,0,0,Tyrrell,2022-06-20
,0,0,0,0,Tyrrell,2022-06-23
,0,0,0,0,Tyrrell,2022-06-26
,0,0,0,0,Tyrrell,2022-06-27
,0,0,0,0,Tyrrell,2022-06-30
,0,0,0,0,Tyrrell,2022-07-02
,0,0,0,0,Tyrrell,2022-07-03
,0,0,0,0,Tyrrell,2022-07-04
,0,0,0,0,Tyrrell,2022-07-10
0,28,4,24,0,Tyrrell,2022-01-18
0,1,0,1,0,Tyrrell,2022-01-21
0,13,3,10,0,Tyrrell,2022-01-24
0,12,1,11,0,Tyrrell,2022-01-25
0,8,2,6,0,Tyrrell,2022-01-26
0,3,1,2,0,Tyrrell,2022-01-27
0,5,1,4,0,Tyrrell,2022-01-28
0,3,0,3,0,Tyrrell,2022-01-29
0,3,0,3,0,Tyrrell,2022-01-31
0,6,0,6,0,Tyrrell,2022-02-01
0,5,4,1,0,Tyrrell,2022-02-03
0,3,0,3,0,Tyrrell,2022-02-04
0,4,1,3,0,Tyrrell,2022-02-07
0,8,0,8,0,Tyrrell,2022-02-11
0,4,0,4,0,Tyrrell,2022-02-12
0,3,1,2,0,Tyrrell,2022-02-14
0,2,1,1,0,Tyrrell,2022-02-15
0,2,0,2,0,Tyrrell,2022-02-18
0,1,0,1,0,Tyrrell,2022-02-22
0,3,0,3,0,Tyrrell,2022-03-01
0,2,0,2,0,Tyrrell,2022-03-02
0,1,1,0,0,Tyrrell,2022-03-08
0,1,0,1,0,Tyrrell,2022-03-11
0,2,0,2,0,Tyrrell,2022-04-12
0,1,1,0,0,Tyrrell,2022-04-27
0,1,0,1,0,Tyrrell,2022-04-29
0,1,0,1,0,Tyrrell,2022-04-30
0,2,1,1,0,Tyrrell,2022-05-09
0,1,0,1,0,Tyrrell,2022-05-10
0,1,1,0,0,Tyrrell,2022-05-11
0,4,2,2,0,Tyrrell,2022-05-12
0,1,0,1,0,Tyrrell,2022-05-14
0,1,1,0,0,Tyrrell,2022-05-15
0,2,0,2,0,Tyrrell,2022-05-20
0,1,0,1,0,Tyrrell,2022-05-23
0,2,0,2,0,Tyrrell,2022-05-27
0,1,0,1,0,Tyrrell,2022-05-30
0,1,0,1,0,Tyrrell,2022-06-03
0,1,0,1,0,Tyrrell,2022-06-07
0,2,0,2,0,Tyrrell,2022-06-08
0,3,2,1,0,Tyrrell,2022-06-10
0,1,1,0,0,Tyrrell,2022-06-13
0,1,1,0,0,Tyrrell,2022-06-16
0,1,0,1,0,Tyrrell,2022-06-17
0,1,0,1,0,Tyrrell,2022-06-22
0,1,0,1,0,Tyrrell,2022-06-24
0,1,0,1,0,Tyrrell,2022-06-25
0,1,0,1,0,Tyrrell,2022-06-28
0,4,0,4,0,Tyrrell,2022-07-01
0,3,3,0,0,Tyrrell,2022-07-06
0,1,0,1,0,Tyrrell,2022-07-08
0,1,0,1,0,Tyrrell,2022-07-11
0,2,0,2,0,Tyrrell,2022-07-12
0,6,3,3,0,Tyrrell,2022-07-13
0,1,0,1,0,Tyrrell,2022-07-14
0,1,0,1,0,Tyrrell,2022-07-16
1,23,3,20,0,Tyrrell,2022-01-19
1,2,0,2,0,Tyrrell,2022-01-23
1,1,0,1,0,Tyrrell,2022-01-30
1,5,3,2,0,Tyrrell,2022-02-02
1,4,0,4,0,Tyrrell,2022-02-08
1,2,1,1,0,Tyrrell,2022-02-10
1,2,0,2,0,Tyrrell,2022-02-16
1,1,0,1,0,Tyrrell,2022-04-25
1,2,1,1,0,Tyrrell,2022-05-17
1,4,3,1,0,Tyrrell,2022-05-19
1,1,1,0,0,Tyrrell,2022-05-26
1,4,0,4,0,Tyrrell,2022-05-31
1,1,0,1,0,Tyrrell,2022-06-01
1,1,0,1,0,Tyrrell,2022-06-11
1,2,0,2,0,Tyrrell,2022-06-21
1,2,1,1,0,Tyrrell,2022-07-07
1,1,0,1,0,Tyrrell,2022-07-09
2,14,1,13,0,Tyrrell,2022-01-20
2,4,1,3,0,Tyrrell,2022-07-05
2,3,0,3,0,Tyrrell,2022-07-15
,0,0,0,0,Union,2022-03-20
0,31,13,18,0,Union,2022-02-20
0,27,8,19,0,Union,2022-02-28
0,18,3,15,0,Union,2022-03-01
0,15,2,13,0,Union,2022-03-04
0,6,3,3,0,Union,2022-03-06
0,6,0,6,0,Union,2022-03-10
0,7,1,6,0,Union,2022-03-11
0,8,0,8,0,Union,2022-03-14
0,8,0,8,0,Union,2022-03-16
0,2,0,2,0,Union,2022-03-18
0,9,0,9,0,Union,2022-03-22
0,8,1,7,0,Union,2022-03-24
0,9,1,8,0,Union,2022-03-25
0,4,1,3,0,Union,2022-03-26
0,11,3,8,0,Union,2022-03-27
0,7,3,4,0,Union,2022-03-29
0,4,1,3,0,Union,2022-04-01
0,10,1,9,0,Union,2022-04-05
0,15,2,13,0,Union,2022-04-06
0,3,1,2,0,Union,2022-04-09
0,8,1,7,0,Union,2022-04-10
0,52,18,34,0,Union,2022-04-25
1,14,6,8,0,Union,2022-03-03
1,7,0,7,0,Union,2022-03-09
1,9,3,6,0,Union,2022-03-12
1,5,1,4,0,Union,2022-03-15
1,8,1,7,0,Union,2022-03-17
1,3,1,2,0,Union,2022-03-19
1,9,2,7,0,Union,2022-04-02
1,6,2,4,0,Union,2022-04-03
1,13,2,11,0,Union,2022-04-08
1,17,3,14,0,Union,2022-04-11
1,23,4,19,0,Union,2022-04-12
1,13,1,12,0,Union,2022-04-16
1,48,6,42,0,Union,2022-04-26
1,38,5,33,0,Union,2022-05-07
1,32,4,28,0,Union,2022-06-19
2,38,15,23,0,Union,2022-02-23
2,8,2,6,0,Union,2022-03-30
2,30,6,24,0,Union,2022-04-18
2,20,8,12,0,Union,2022-04-23
2,40,6,34,0,Union,2022-05-08
2,53,7,46,0,Union,2022-05-14
3,41,8,33,0,Union,2022-02-13
3,18,5,13,0,Union,2022-02-25
3,27,3,24,0,Union,2022-04-22
3,53,6,47,0,Union,2022-04-28
3,47,8,39,0,Union,2022-04-29
3,32,7,25,0,Union,2022-04-30
3,63,12,51,0,Union,2022-05-11
3,52,17,35,0,Union,2022-06-12
4,68,20,48,0,Union,2022-02-16
4,29,9,20,0,Union,2022-04-14
4,51,8,43,0,Union,2022-05-28
4,65,11,54,0,Union,2022-06-24
4,53,3,50,0,Union,2022-06-26
5,30,4,26,0,Union,2022-04-13
5,35,10,25,0,Union,2022-04-19
5,38,8,30,0,Union,2022-04-24
5,38,6,32,0,Union,2022-06-11
5,63,9,54,0,Union,2022-06-17
5,43,1,42,0,Union,2022-06-18
6,38,7,31,0,Union,2022-04-20
6,57,7,50,0,Union,2022-04-27
6,36,0,36,0,Union,2022-05-01
6,39,3,36,0,Union,2022-05-30
6,67,13,54,0,Union,2022-06-03
6,48,5,43,0,Union,2022-06-04
6,71,8,63,0,Union,2022-06-07
7,87,22,65,0,Union,2022-02-10
7,39,9,30,0,Union,2022-04-21
7,61,13,48,0,Union,2022-05-06
7,62,8,54,0,Union,2022-05-29
7,67,7,60,0,Union,2022-06-10
7,76,6,70,0,Union,2022-06-20
7,42,5,37,0,Union,2022-07-04
7,63,7,56,0,Union,2022-07-09
8,71,8,63,0,Union,2022-05-12
8,85,13,72,0,Union,2022-05-20
8,66,14,52,0,Union,2022-05-21
8,78,12,66,0,Union,2022-05-27
8,59,8,51,0,Union,2022-07-03
8,64,11,53,0,Union,2022-07-10
9,85,12,73,0,Union,2022-05-09
9,85,10,75,0,Union,2022-05-13
9,102,12,90,0,Union,2022-05-16
9,52,7,45,0,Union,2022-05-22
9,108,12,96,0,Union,2022-05-31
9,49,7,42,0,Union,2022-06-25
10,98,17,81,0,Union,2022-05-10
10,95,17,78,0,Union,2022-05-25
10,59,9,50,0,Union,2022-06-05
11,85,8,77,0,Union,2022-06-02
11,98,13,85,0,Union,2022-06-06
11,84,13,71,0,Union,2022-06-09
11,110,20,90,0,Union,2022-06-29
11,95,10,85,0,Union,2022-07-07
11,65,13,52,0,Union,2022-07-16
12,120,19,101,0,Union,2022-05-23
12,84,10,74,0,Union,2022-05-26
12,80,17,63,0,Union,2022-06-13
12,79,12,67,0,Union,2022-06-23
13,84,13,71,0,Union,2022-05-24
13,69,13,56,0,Union,2022-06-14
13,89,13,76,0,Union,2022-06-15
13,82,16,66,0,Union,2022-06-21
13,99,19,80,0,Union,2022-06-30
13,79,8,71,0,Union,2022-07-01
13,100,13,87,0,Union,2022-07-06
14,86,6,80,0,Union,2022-07-08
14,91,11,80,0,Union,2022-07-11
14,98,9,89,0,Union,2022-07-12
15,131,29,102,0,Union,2022-01-30
15,126,21,105,0,Union,2022-05-18
18,102,20,82,0,Union,2022-06-27
18,130,20,110,0,Union,2022-07-05
18,82,17,65,0,Union,2022-07-13
19,95,11,84,0,Union,2022-07-15
20,97,13,84,0,Union,2022-07-14
29,311,83,228,0,Union,2022-01-31
79,824,193,631,0,Union,2022-01-19
,0,0,0,0,Vance,2022-02-26
,0,0,0,0,Vance,2022-03-06
,0,0,0,0,Vance,2022-03-12
,0,0,0,0,Vance,2022-03-16
,0,0,0,0,Vance,2022-03-17
,0,0,0,0,Vance,2022-03-19
,0,0,0,0,Vance,2022-03-27
,0,0,0,0,Vance,2022-03-29
,0,0,0,0,Vance,2022-03-30
,0,0,0,0,Vance,2022-04-15
,0,0,0,0,Vance,2022-04-17
0,22,3,19,0,Vance,2022-01-22
0,9,1,8,0,Vance,2022-02-06
0,20,5,15,0,Vance,2022-02-11
0,2,0,2,0,Vance,2022-02-20
0,6,1,5,0,Vance,2022-02-22
0,6,0,6,0,Vance,2022-02-23
0,4,1,3,0,Vance,2022-02-24
0,4,0,4,0,Vance,2022-02-27
0,3,3,0,0,Vance,2022-02-28
0,4,1,3,0,Vance,2022-03-01
0,2,0,2,0,Vance,2022-03-04
0,7,4,3,0,Vance,2022-03-08
0,4,0,4,0,Vance,2022-03-09
0,1,0,1,0,Vance,2022-03-10
0,3,1,2,0,Vance,2022-03-11
0,1,1,0,0,Vance,2022-03-13
0,1,1,0,0,Vance,2022-03-15
0,2,0,2,0,Vance,2022-03-20
0,1,1,0,0,Vance,2022-03-21
0,2,1,1,0,Vance,2022-03-22
0,3,1,2,0,Vance,2022-03-24
0,2,0,2,0,Vance,2022-03-25
0,2,1,1,0,Vance,2022-03-26
0,1,0,1,0,Vance,2022-03-28
0,2,1,1,0,Vance,2022-03-31
0,1,0,1,0,Vance,2022-04-02
0,1,1,0,0,Vance,2022-04-03
0,1,1,0,0,Vance,2022-04-04
0,2,0,2,0,Vance,2022-04-07
0,5,2,3,0,Vance,2022-04-08
0,3,0,3,0,Vance,2022-04-09
0,2,1,1,0,Vance,2022-04-10
0,2,1,1,0,Vance,2022-04-13
0,2,1,1,0,Vance,2022-04-16
0,1,0,1,0,Vance,2022-04-18
0,2,1,1,0,Vance,2022-04-20
0,1,0,1,0,Vance,2022-04-21
0,5,2,3,0,Vance,2022-04-22
0,2,0,2,0,Vance,2022-04-23
0,2,1,1,0,Vance,2022-04-24
0,4,0,4,0,Vance,2022-04-26
0,2,1,1,0,Vance,2022-04-27
0,5,3,2,0,Vance,2022-04-29
0,3,2,1,0,Vance,2022-04-30
0,5,0,5,0,Vance,2022-05-02
0,9,1,8,0,Vance,2022-05-04
0,8,3,5,0,Vance,2022-05-05
0,7,1,6,0,Vance,2022-05-06
0,7,4,3,0,Vance,2022-05-07
0,4,1,3,0,Vance,2022-05-08
0,8,3,5,0,Vance,2022-05-11
0,9,3,6,0,Vance,2022-05-14
0,19,5,14,0,Vance,2022-05-19
0,8,5,3,0,Vance,2022-05-22
0,11,2,9,0,Vance,2022-05-26
0,12,3,9,0,Vance,2022-05-28
0,7,6,1,0,Vance,2022-05-30
0,7,4,3,0,Vance,2022-06-10
0,22,6,16,0,Vance,2022-06-13
0,9,1,8,0,Vance,2022-06-18
0,2,1,1,0,Vance,2022-06-19
0,13,2,11,0,Vance,2022-06-22
0,22,5,17,0,Vance,2022-07-06
0,10,1,9,0,Vance,2022-07-10
1,17,1,16,0,Vance,2022-01-29
1,33,7,26,0,Vance,2022-02-02
1,18,1,17,0,Vance,2022-02-10
1,7,1,6,0,Vance,2022-02-12
1,4,2,2,0,Vance,2022-02-13
1,13,3,10,0,Vance,2022-02-17
1,9,1,8,0,Vance,2022-02-18
1,10,5,5,0,Vance,2022-02-21
1,5,0,5,0,Vance,2022-02-25
1,6,1,5,0,Vance,2022-03-03
1,3,2,1,0,Vance,2022-03-05
1,4,0,4,0,Vance,2022-03-18
1,2,0,2,0,Vance,2022-03-23
1,2,0,2,0,Vance,2022-04-01
1,5,0,5,0,Vance,2022-04-06
1,5,2,3,0,Vance,2022-04-14
1,3,2,1,0,Vance,2022-04-19
1,8,3,5,0,Vance,2022-04-25
1,4,1,3,0,Vance,2022-04-28
1,4,1,3,0,Vance,2022-05-01
1,8,2,6,0,Vance,2022-05-03
1,17,4,13,0,Vance,2022-05-09
1,9,2,7,0,Vance,2022-05-13
1,12,3,9,0,Vance,2022-05-21
1,14,4,10,0,Vance,2022-05-24
1,16,6,10,0,Vance,2022-05-25
1,10,5,5,0,Vance,2022-05-27
1,15,3,12,0,Vance,2022-06-02
1,13,2,11,0,Vance,2022-06-04
1,5,2,3,0,Vance,2022-06-12
1,15,4,11,0,Vance,2022-06-30
1,18,3,15,0,Vance,2022-07-01
1,7,3,4,0,Vance,2022-07-04
1,8,2,6,0,Vance,2022-07-16
2,10,0,10,0,Vance,2022-02-05
2,15,4,11,0,Vance,2022-05-12
2,3,0,3,0,Vance,2022-05-15
2,5,0,5,0,Vance,2022-05-29
2,23,7,16,0,Vance,2022-05-31
2,8,1,7,0,Vance,2022-06-11
2,19,6,13,0,Vance,2022-06-15
2,21,9,12,0,Vance,2022-06-20
2,17,3,14,0,Vance,2022-06-23
2,9,3,6,0,Vance,2022-06-25
2,12,4,8,0,Vance,2022-06-26
2,21,7,14,0,Vance,2022-07-09
3,47,2,45,0,Vance,2022-01-28
3,41,11,30,0,Vance,2022-02-08
3,23,4,19,0,Vance,2022-02-09
3,22,1,21,0,Vance,2022-02-14
3,12,1,11,0,Vance,2022-02-16
3,18,3,15,0,Vance,2022-05-10
3,16,5,11,0,Vance,2022-05-16
3,22,7,15,0,Vance,2022-05-18
3,23,7,16,0,Vance,2022-06-01
3,30,9,21,0,Vance,2022-06-06
3,26,4,22,0,Vance,2022-06-14
3,15,6,9,0,Vance,2022-06-16
3,17,3,14,0,Vance,2022-06-17
3,18,4,14,0,Vance,2022-06-21
4,28,15,13,0,Vance,2022-05-23
4,16,5,11,0,Vance,2022-06-03
4,32,6,26,0,Vance,2022-06-07
4,20,1,19,0,Vance,2022-06-08
4,14,3,11,0,Vance,2022-07-03
4,29,12,17,0,Vance,2022-07-07
4,38,11,27,0,Vance,2022-07-14
5,61,4,57,0,Vance,2022-02-01
5,22,8,14,0,Vance,2022-05-20
5,14,4,10,0,Vance,2022-06-24
5,21,4,17,0,Vance,2022-06-27
5,33,8,25,0,Vance,2022-07-08
5,28,12,16,0,Vance,2022-07-13
6,59,5,54,0,Vance,2022-01-21
6,39,32,7,0,Vance,2022-07-02
6,22,11,11,0,Vance,2022-07-15
7,35,12,23,0,Vance,2022-02-07
7,23,4,19,0,Vance,2022-06-09
7,39,9,30,0,Vance,2022-07-12
9,35,10,25,0,Vance,2022-06-29
10,37,13,24,0,Vance,2022-07-11
13,171,27,144,0,Vance,2022-01-18
14,137,7,130,0,Vance,2022-01-24
15,91,5,86,0,Vance,2022-01-26
16,157,15,142,0,Vance,2022-01-19
1,60,4,56,0,Wake,2022-03-26
2,72,15,57,0,Wake,2022-03-22
2,41,2,39,0,Wake,2022-04-03
3,76,14,62,0,Wake,2022-02-27
3,83,13,70,0,Wake,2022-04-10
4,90,9,81,0,Wake,2022-03-17
4,108,6,102,0,Wake,2022-04-01
5,101,14,87,0,Wake,2022-03-28
6,140,24,116,0,Wake,2022-02-20
6,204,21,183,0,Wake,2022-02-28
7,154,14,140,0,Wake,2022-03-01
8,102,6,96,0,Wake,2022-03-29
11,246,22,224,0,Wake,2022-04-11
11,105,16,89,0,Wake,2022-04-17
12,146,20,126,0,Wake,2022-04-07
12,224,19,205,0,Wake,2022-04-12
14,345,57,288,0,Wake,2022-02-06
14,176,15,161,0,Wake,2022-04-06
16,236,18,218,0,Wake,2022-04-23
18,320,38,282,0,Wake,2022-04-30
18,305,41,264,0,Wake,2022-06-18
19,175,40,135,0,Wake,2022-07-04
20,309,28,281,0,Wake,2022-04-21
22,311,37,274,0,Wake,2022-04-19
22,254,40,214,0,Wake,2022-06-12
23,371,50,321,0,Wake,2022-05-29
23,266,42,224,0,Wake,2022-06-19
24,454,40,414,0,Wake,2022-02-16
24,438,58,380,0,Wake,2022-04-26
24,279,31,248,0,Wake,2022-07-02
25,303,35,268,0,Wake,2022-04-13
25,479,35,444,0,Wake,2022-04-27
25,272,38,234,0,Wake,2022-06-25
25,227,40,187,0,Wake,2022-07-03
26,279,48,231,0,Wake,2022-06-26
26,282,42,240,0,Wake,2022-07-10
27,441,41,400,0,Wake,2022-04-18
27,256,58,198,0,Wake,2022-05-30
28,397,40,357,0,Wake,2022-04-29
28,324,36,288,0,Wake,2022-07-09
30,356,47,309,0,Wake,2022-04-20
31,622,79,543,0,Wake,2022-05-04
38,510,39,471,0,Wake,2022-05-06
41,504,60,444,0,Wake,2022-06-10
44,303,30,273,0,Wake,2022-07-16
47,512,43,469,0,Wake,2022-06-16
48,530,71,459,0,Wake,2022-06-20
49,482,47,435,0,Wake,2022-06-17
49,514,52,462,0,Wake,2022-07-01
49,446,53,393,0,Wake,2022-07-14
50,414,47,367,0,Wake,2022-07-15
52,542,70,472,0,Wake,2022-07-07
52,470,41,429,0,Wake,2022-07-12
53,641,72,569,0,Wake,2022-06-27
55,620,74,546,0,Wake,2022-06-15
56,845,83,762,0,Wake,2022-05-13
57,531,68,463,0,Wake,2022-06-30
58,850,90,760,0,Wake,2022-05-12
60,836,97,739,0,Wake,2022-05-10
60,474,47,427,0,Wake,2022-06-24
62,627,62,565,0,Wake,2022-06-28
62,489,64,425,0,Wake,2022-07-08
64,727,92,635,0,Wake,2022-05-27
67,824,73,751,0,Wake,2022-05-20
67,692,61,631,0,Wake,2022-06-07
68,706,74,632,0,Wake,2022-06-03
68,784,68,716,0,Wake,2022-06-06
69,566,58,508,0,Wake,2022-06-21
69,600,50,550,0,Wake,2022-06-22
69,568,49,519,0,Wake,2022-07-06
73,518,67,451,0,Wake,2022-07-13
76,647,65,582,0,Wake,2022-07-11
82,1112,119,993,0,Wake,2022-05-18
83,1063,94,969,0,Wake,2022-05-23
90,1049,119,930,0,Wake,2022-05-24
,0,0,0,0,Warren,2022-02-26
,0,0,0,0,Warren,2022-03-03
,0,0,0,0,Warren,2022-03-06
,0,0,0,0,Warren,2022-03-10
,0,0,0,0,Warren,2022-03-11
,0,0,0,0,Warren,2022-03-12
,0,0,0,0,Warren,2022-03-13
,0,0,0,0,Warren,2022-03-15
,0,0,0,0,Warren,2022-03-17
,0,0,0,0,Warren,2022-03-18
,0,0,0,0,Warren,2022-03-19
,0,0,0,0,Warren,2022-03-20
,0,0,0,0,Warren,2022-03-21
,0,0,0,0,Warren,2022-03-24
,0,0,0,0,Warren,2022-03-26
,0,0,0,0,Warren,2022-03-27
,0,0,0,0,Warren,2022-03-28
,0,0,0,0,Warren,2022-03-29
,0,0,0,0,Warren,2022-03-30
,0,0,0,0,Warren,2022-03-31
,0,0,0,0,Warren,2022-04-01
,0,0,0,0,Warren,2022-04-02
,0,0,0,0,Warren,2022-04-03
,0,0,0,0,Warren,2022-04-07
,0,0,0,0,Warren,2022-04-09
,0,0,0,0,Warren,2022-04-10
,0,0,0,0,Warren,2022-04-15
,0,0,0,0,Warren,2022-04-17
,0,0,0,0,Warren,2022-04-20
,0,0,0,0,Warren,2022-04-24
,0,0,0,0,Warren,2022-04-29
,0,0,0,0,Warren,2022-05-20
0,25,5,20,0,Warren,2022-01-31
0,23,2,21,0,Warren,2022-02-01
0,11,3,8,0,Warren,2022-02-07
0,6,0,6,0,Warren,2022-02-08
0,6,1,5,0,Warren,2022-02-09
0,7,3,4,0,Warren,2022-02-10
0,6,3,3,0,Warren,2022-02-15
0,4,0,4,0,Warren,2022-02-16
0,1,0,1,0,Warren,2022-02-18
0,1,0,1,0,Warren,2022-02-19
0,4,1,3,0,Warren,2022-02-21
0,3,1,2,0,Warren,2022-02-22
0,2,0,2,0,Warren,2022-02-23
0,4,1,3,0,Warren,2022-02-24
0,1,0,1,0,Warren,2022-02-25
0,1,0,1,0,Warren,2022-02-27
0,2,0,2,0,Warren,2022-03-02
0,1,0,1,0,Warren,2022-03-04
0,2,1,1,0,Warren,2022-03-08
0,1,1,0,0,Warren,2022-03-09
0,1,0,1,0,Warren,2022-03-16
0,1,0,1,0,Warren,2022-03-22
0,1,1,0,0,Warren,2022-03-23
0,3,0,3,0,Warren,2022-03-25
0,2,0,2,0,Warren,2022-04-04
0,3,0,3,0,Warren,2022-04-05
0,2,0,2,0,Warren,2022-04-06
0,2,0,2,0,Warren,2022-04-11
0,1,1,0,0,Warren,2022-04-13
0,2,0,2,0,Warren,2022-04-14
0,1,0,1,0,Warren,2022-04-16
0,1,0,1,0,Warren,2022-04-18
0,3,2,1,0,Warren,2022-04-21
0,2,0,2,0,Warren,2022-04-23
0,5,0,5,0,Warren,2022-04-25
0,3,0,3,0,Warren,2022-04-26
0,3,0,3,0,Warren,2022-04-27
0,1,0,1,0,Warren,2022-04-28
0,2,0,2,0,Warren,2022-04-30
0,1,0,1,0,Warren,2022-05-01
0,5,3,2,0,Warren,2022-05-03
0,5,1,4,0,Warren,2022-05-04
0,3,1,2,0,Warren,2022-05-07
0,2,1,1,0,Warren,2022-05-11
0,2,0,2,0,Warren,2022-05-14
0,1,0,1,0,Warren,2022-05-15
0,13,4,9,0,Warren,2022-05-16
0,7,4,3,0,Warren,2022-05-19
0,2,0,2,0,Warren,2022-05-24
0,7,2,5,0,Warren,2022-05-25
0,10,2,8,0,Warren,2022-05-28
0,4,3,1,0,Warren,2022-05-30
0,12,3,9,0,Warren,2022-06-02
0,4,1,3,0,Warren,2022-06-05
0,6,2,4,0,Warren,2022-06-06
0,4,1,3,0,Warren,2022-06-09
0,4,1,3,0,Warren,2022-06-10
0,3,0,3,0,Warren,2022-06-11
0,1,0,1,0,Warren,2022-06-12
0,3,1,2,0,Warren,2022-06-14
0,7,1,6,0,Warren,2022-06-15
0,6,1,5,0,Warren,2022-06-21
0,2,1,1,0,Warren,2022-06-24
0,8,2,6,0,Warren,2022-06-28
0,13,0,13,0,Warren,2022-06-30
0,4,3,1,0,Warren,2022-07-02
0,2,1,1,0,Warren,2022-07-04
0,10,4,6,0,Warren,2022-07-07
0,9,0,9,0,Warren,2022-07-08
0,3,0,3,0,Warren,2022-07-09
0,6,2,4,0,Warren,2022-07-10
0,6,0,6,0,Warren,2022-07-12
1,10,3,7,0,Warren,2022-01-21
1,16,2,14,0,Warren,2022-02-02
1,14,3,11,0,Warren,2022-02-03
1,11,3,8,0,Warren,2022-02-04
1,4,1,3,0,Warren,2022-02-05
1,6,0,6,0,Warren,2022-02-06
1,6,0,6,0,Warren,2022-02-11
1,2,1,1,0,Warren,2022-02-20
1,1,0,1,0,Warren,2022-02-28
1,1,0,1,0,Warren,2022-03-01
1,1,1,0,0,Warren,2022-03-05
1,2,0,2,0,Warren,2022-04-19
1,4,3,1,0,Warren,2022-04-22
1,6,1,5,0,Warren,2022-05-05
1,9,1,8,0,Warren,2022-05-06
1,2,0,2,0,Warren,2022-05-08
1,9,1,8,0,Warren,2022-05-09
1,4,0,4,0,Warren,2022-05-10
1,7,2,5,0,Warren,2022-05-17
1,7,2,5,0,Warren,2022-05-18
1,4,1,3,0,Warren,2022-05-21
1,3,0,3,0,Warren,2022-05-22
1,11,0,11,0,Warren,2022-05-23
1,5,1,4,0,Warren,2022-05-27
1,1,0,1,0,Warren,2022-05-29
1,7,1,6,0,Warren,2022-05-31
1,7,3,4,0,Warren,2022-06-03
1,3,1,2,0,Warren,2022-06-04
1,4,3,1,0,Warren,2022-06-18
1,3,1,2,0,Warren,2022-06-19
1,5,1,4,0,Warren,2022-06-20
1,3,1,2,0,Warren,2022-06-22
1,13,1,12,0,Warren,2022-06-23
1,2,0,2,0,Warren,2022-06-25
1,3,1,2,0,Warren,2022-06-26
1,7,6,1,0,Warren,2022-07-01
1,3,0,3,0,Warren,2022-07-03
1,14,1,13,0,Warren,2022-07-06
1,8,5,3,0,Warren,2022-07-15
2,59,8,51,0,Warren,2022-01-19
2,11,2,9,0,Warren,2022-01-25
2,10,0,10,0,Warren,2022-01-29
2,17,5,12,0,Warren,2022-01-30
2,5,0,5,0,Warren,2022-02-17
2,2,0,2,0,Warren,2022-03-14
2,7,0,7,0,Warren,2022-05-12
2,6,3,3,0,Warren,2022-05-13
2,15,2,13,0,Warren,2022-05-26
2,6,1,5,0,Warren,2022-06-07
2,11,6,5,0,Warren,2022-06-13
2,6,0,6,0,Warren,2022-06-17
2,8,2,6,0,Warren,2022-06-27
2,15,3,12,0,Warren,2022-07-11
2,8,2,6,0,Warren,2022-07-13
2,5,0,5,0,Warren,2022-07-16
3,7,2,5,0,Warren,2022-01-22
3,19,2,17,0,Warren,2022-01-26
3,15,1,14,0,Warren,2022-06-01
3,14,4,10,0,Warren,2022-07-05
4,47,15,32,0,Warren,2022-01-20
4,66,7,59,0,Warren,2022-01-24
5,15,1,14,0,Warren,2022-06-08
5,20,5,15,0,Warren,2022-07-14
6,72,12,60,0,Warren,2022-01-18
,0,0,0,0,Washington,2022-02-23
,0,0,0,0,Washington,2022-02-26
,0,0,0,0,Washington,2022-03-03
,0,0,0,0,Washington,2022-03-05
,0,0,0,0,Washington,2022-03-10
,0,0,0,0,Washington,2022-03-11
,0,0,0,0,Washington,2022-03-12
,0,0,0,0,Washington,2022-03-13
,0,0,0,0,Washington,2022-03-16
,0,0,0,0,Washington,2022-03-17
,0,0,0,0,Washington,2022-03-18
,0,0,0,0,Washington,2022-03-19
,0,0,0,0,Washington,2022-03-20
,0,0,0,0,Washington,2022-03-21
,0,0,0,0,Washington,2022-03-22
,0,0,0,0,Washington,2022-03-24
,0,0,0,0,Washington,2022-03-25
,0,0,0,0,Washington,2022-03-26
,0,0,0,0,Washington,2022-03-28
,0,0,0,0,Washington,2022-03-30
,0,0,0,0,Washington,2022-03-31
,0,0,0,0,Washington,2022-04-02
,0,0,0,0,Washington,2022-04-04
,0,0,0,0,Washington,2022-04-06
,0,0,0,0,Washington,2022-04-07
,0,0,0,0,Washington,2022-04-09
,0,0,0,0,Washington,2022-04-10
,0,0,0,0,Washington,2022-04-11
,0,0,0,0,Washington,2022-04-12
,0,0,0,0,Washington,2022-04-13
,0,0,0,0,Washington,2022-04-14
,0,0,0,0,Washington,2022-04-15
,0,0,0,0,Washington,2022-04-16
,0,0,0,0,Washington,2022-04-21
,0,0,0,0,Washington,2022-04-22
,0,0,0,0,Washington,2022-04-23
,0,0,0,0,Washington,2022-04-24
,0,0,0,0,Washington,2022-04-29
,0,0,0,0,Washington,2022-05-01
,0,0,0,0,Washington,2022-05-03
,0,0,0,0,Washington,2022-05-04
,0,0,0,0,Washington,2022-05-05
,0,0,0,0,Washington,2022-05-06
,0,0,0,0,Washington,2022-05-07
,0,0,0,0,Washington,2022-05-08
,0,0,0,0,Washington,2022-05-11
,0,0,0,0,Washington,2022-05-18
,0,0,0,0,Washington,2022-05-21
,0,0,0,0,Washington,2022-05-22
,0,0,0,0,Washington,2022-06-04
,0,0,0,0,Washington,2022-06-05
,0,0,0,0,Washington,2022-06-25
,0,0,0,0,Washington,2022-06-26
0,4,3,1,0,Washington,2022-01-21
0,2,2,0,0,Washington,2022-01-22
0,9,3,6,0,Washington,2022-01-23
0,29,12,17,0,Washington,2022-01-26
0,15,4,11,0,Washington,2022-01-27
0,5,2,3,0,Washington,2022-01-29
0,6,2,4,0,Washington,2022-01-30
0,17,5,12,0,Washington,2022-02-04
0,3,1,2,0,Washington,2022-02-09
0,2,0,2,0,Washington,2022-02-10
0,4,0,4,0,Washington,2022-02-12
0,1,0,1,0,Washington,2022-02-13
0,7,2,5,0,Washington,2022-02-14
0,6,4,2,0,Washington,2022-02-16
0,2,1,1,0,Washington,2022-02-17
0,2,1,1,0,Washington,2022-02-18
0,1,0,1,0,Washington,2022-02-20
0,3,0,3,0,Washington,2022-02-22
0,2,0,2,0,Washington,2022-02-24
0,1,1,0,0,Washington,2022-02-25
0,1,0,1,0,Washington,2022-02-27
0,2,0,2,0,Washington,2022-02-28
0,1,0,1,0,Washington,2022-03-06
0,2,0,2,0,Washington,2022-03-08
0,1,0,1,0,Washington,2022-03-14
0,2,2,0,0,Washington,2022-03-15
0,1,0,1,0,Washington,2022-03-23
0,1,1,0,0,Washington,2022-03-29
0,3,1,2,0,Washington,2022-04-03
0,1,1,0,0,Washington,2022-04-08
0,1,0,1,0,Washington,2022-04-17
0,1,0,1,0,Washington,2022-04-18
0,1,1,0,0,Washington,2022-04-19
0,2,1,1,0,Washington,2022-04-20
0,2,1,1,0,Washington,2022-04-25
0,3,0,3,0,Washington,2022-04-26
0,1,0,1,0,Washington,2022-04-27
0,3,1,2,0,Washington,2022-04-28
0,1,0,1,0,Washington,2022-04-30
0,1,1,0,0,Washington,2022-05-02
0,2,1,1,0,Washington,2022-05-09
0,4,1,3,0,Washington,2022-05-10
0,1,1,0,0,Washington,2022-05-12
0,3,1,2,0,Washington,2022-05-13
0,3,1,2,0,Washington,2022-05-15
0,4,2,2,0,Washington,2022-05-19
0,1,0,1,0,Washington,2022-05-20
0,2,1,1,0,Washington,2022-05-24
0,1,0,1,0,Washington,2022-05-25
0,2,0,2,0,Washington,2022-05-26
0,1,1,0,0,Washington,2022-05-27
0,1,0,1,0,Washington,2022-05-29
0,1,0,1,0,Washington,2022-05-30
0,1,0,1,0,Washington,2022-05-31
0,3,0,3,0,Washington,2022-06-01
0,4,2,2,0,Washington,2022-06-02
0,4,1,3,0,Washington,2022-06-03
0,3,2,1,0,Washington,2022-06-10
0,1,0,1,0,Washington,2022-06-11
0,1,0,1,0,Washington,2022-06-12
0,4,1,3,0,Washington,2022-06-14
0,5,0,5,0,Washington,2022-06-17
0,2,1,1,0,Washington,2022-06-18
0,6,1,5,0,Washington,2022-06-19
0,2,1,1,0,Washington,2022-06-21
0,12,7,5,0,Washington,2022-06-22
0,5,0,5,0,Washington,2022-06-23
0,5,0,5,0,Washington,2022-06-29
0,3,0,3,0,Washington,2022-06-30
0,4,2,2,0,Washington,2022-07-02
0,1,0,1,0,Washington,2022-07-03
0,3,1,2,0,Washington,2022-07-07
0,1,1,0,0,Washington,2022-07-08
0,2,1,1,0,Washington,2022-07-10
0,3,1,2,0,Washington,2022-07-11
0,6,2,4,0,Washington,2022-07-13
0,5,1,4,0,Washington,2022-07-15
0,4,0,4,0,Washington,2022-07-16
1,47,8,39,0,Washington,2022-01-25
1,13,4,9,0,Washington,2022-02-01
1,12,2,10,0,Washington,2022-02-08
1,2,0,2,0,Washington,2022-03-04
1,1,0,1,0,Washington,2022-03-07
1,1,0,1,0,Washington,2022-03-09
1,1,0,1,0,Washington,2022-03-27
1,1,0,1,0,Washington,2022-04-01
1,4,1,3,0,Washington,2022-05-14
1,3,1,2,0,Washington,2022-05-23
1,1,0,1,0,Washington,2022-05-28
1,4,0,4,0,Washington,2022-06-06
1,4,3,1,0,Washington,2022-06-07
1,7,2,5,0,Washington,2022-06-09
1,6,2,4,0,Washington,2022-06-13
1,5,1,4,0,Washington,2022-06-16
1,7,4,3,0,Washington,2022-06-20
1,6,3,3,0,Washington,2022-06-24
1,9,4,5,0,Washington,2022-06-28
1,3,0,3,0,Washington,2022-07-01
1,3,1,2,0,Washington,2022-07-04
1,6,2,4,0,Washington,2022-07-05
1,7,0,7,0,Washington,2022-07-06
1,1,0,1,0,Washington,2022-07-09
1,5,1,4,0,Washington,2022-07-12
2,32,7,25,0,Washington,2022-01-20
2,48,26,22,0,Washington,2022-01-24
2,7,0,7,0,Washington,2022-02-03
2,13,4,9,0,Washington,2022-02-07
2,9,6,3,0,Washington,2022-02-15
2,8,2,6,0,Washington,2022-06-08
2,6,3,3,0,Washington,2022-06-15
2,9,2,7,0,Washington,2022-07-14
4,6,5,1,0,Washington,2022-06-27
5,68,9,59,0,Washington,2022-01-19
8,69,6,63,0,Washington,2022-01-18
,0,0,0,0,Watauga,2022-03-12
,0,0,0,0,Watauga,2022-03-27
,0,0,0,0,Watauga,2022-04-02
0,19,9,10,0,Watauga,2022-01-29
0,29,11,18,0,Watauga,2022-02-11
0,6,0,6,0,Watauga,2022-02-19
0,3,0,3,0,Watauga,2022-02-20
0,26,10,16,0,Watauga,2022-02-21
0,15,1,14,0,Watauga,2022-02-24
0,5,0,5,0,Watauga,2022-02-26
0,1,1,0,0,Watauga,2022-02-27
0,11,6,5,0,Watauga,2022-02-28
0,4,2,2,0,Watauga,2022-03-05
0,2,0,2,0,Watauga,2022-03-07
0,2,1,1,0,Watauga,2022-03-08
0,3,1,2,0,Watauga,2022-03-09
0,1,0,1,0,Watauga,2022-03-16
0,1,0,1,0,Watauga,2022-03-19
0,1,1,0,0,Watauga,2022-03-20
0,3,2,1,0,Watauga,2022-03-21
0,3,1,2,0,Watauga,2022-03-24
0,2,0,2,0,Watauga,2022-03-26
0,1,1,0,0,Watauga,2022-03-31
0,1,0,1,0,Watauga,2022-04-01
0,2,0,2,0,Watauga,2022-04-03
0,4,2,2,0,Watauga,2022-04-06
0,6,1,5,0,Watauga,2022-04-09
0,1,0,1,0,Watauga,2022-04-10
0,16,5,11,0,Watauga,2022-04-12
0,11,4,7,0,Watauga,2022-04-13
0,14,5,9,0,Watauga,2022-04-14
0,4,4,0,0,Watauga,2022-04-15
0,6,1,5,0,Watauga,2022-04-16
0,13,4,9,0,Watauga,2022-04-19
0,9,3,6,0,Watauga,2022-04-20
0,3,1,2,0,Watauga,2022-04-24
0,11,0,11,0,Watauga,2022-04-28
0,5,1,4,0,Watauga,2022-05-01
0,7,4,3,0,Watauga,2022-05-07
0,9,2,7,0,Watauga,2022-05-10
0,8,2,6,0,Watauga,2022-05-11
0,14,3,11,0,Watauga,2022-05-12
0,15,6,9,0,Watauga,2022-05-26
0,7,1,6,0,Watauga,2022-05-29
0,9,3,6,0,Watauga,2022-05-30
0,10,3,7,0,Watauga,2022-06-06
0,8,1,7,0,Watauga,2022-06-17
0,11,1,10,0,Watauga,2022-06-21
0,10,1,9,0,Watauga,2022-06-23
0,14,8,6,0,Watauga,2022-07-01
0,3,1,2,0,Watauga,2022-07-02
0,4,2,2,0,Watauga,2022-07-09
0,3,1,2,0,Watauga,2022-07-10
0,10,0,10,0,Watauga,2022-07-14
1,18,8,10,0,Watauga,2022-02-05
1,13,3,10,0,Watauga,2022-02-06
1,7,2,5,0,Watauga,2022-02-13
1,18,7,11,0,Watauga,2022-02-18
1,13,2,11,0,Watauga,2022-03-03
1,4,0,4,0,Watauga,2022-03-10
1,4,1,3,0,Watauga,2022-03-11
1,6,2,4,0,Watauga,2022-03-14
1,2,1,1,0,Watauga,2022-03-15
1,2,0,2,0,Watauga,2022-03-17
1,3,1,2,0,Watauga,2022-03-18
1,3,0,3,0,Watauga,2022-03-22
1,1,0,1,0,Watauga,2022-03-29
1,6,1,5,0,Watauga,2022-04-04
1,9,7,2,0,Watauga,2022-04-07
1,7,4,3,0,Watauga,2022-04-08
1,2,0,2,0,Watauga,2022-04-17
1,14,5,9,0,Watauga,2022-04-18
1,13,5,8,0,Watauga,2022-04-22
1,2,0,2,0,Watauga,2022-04-23
1,13,2,11,0,Watauga,2022-04-26
1,13,3,10,0,Watauga,2022-04-27
1,18,5,13,0,Watauga,2022-04-29
1,15,1,14,0,Watauga,2022-05-04
1,17,9,8,0,Watauga,2022-05-09
1,5,1,4,0,Watauga,2022-05-15
1,25,15,10,0,Watauga,2022-05-16
1,17,7,10,0,Watauga,2022-05-20
1,11,1,10,0,Watauga,2022-05-21
1,16,4,12,0,Watauga,2022-05-23
1,10,4,6,0,Watauga,2022-05-28
1,19,5,14,0,Watauga,2022-06-01
1,8,3,5,0,Watauga,2022-06-04
1,12,2,10,0,Watauga,2022-06-08
1,15,1,14,0,Watauga,2022-06-09
1,12,2,10,0,Watauga,2022-06-10
1,8,1,7,0,Watauga,2022-06-11
1,13,4,9,0,Watauga,2022-06-15
1,8,3,5,0,Watauga,2022-06-19
1,17,7,10,0,Watauga,2022-06-20
1,7,4,3,0,Watauga,2022-06-25
1,20,7,13,0,Watauga,2022-06-27
1,9,1,8,0,Watauga,2022-06-28
1,12,2,10,0,Watauga,2022-06-29
1,6,0,6,0,Watauga,2022-07-03
1,4,1,3,0,Watauga,2022-07-04
1,13,1,12,0,Watauga,2022-07-11
1,10,0,10,0,Watauga,2022-07-13
1,11,4,7,0,Watauga,2022-07-16
2,8,4,4,0,Watauga,2022-02-12
2,20,7,13,0,Watauga,2022-02-22
2,8,2,6,0,Watauga,2022-03-23
2,3,0,3,0,Watauga,2022-03-30
2,9,0,9,0,Watauga,2022-04-21
2,16,5,11,0,Watauga,2022-04-25
2,7,2,5,0,Watauga,2022-04-30
2,12,1,11,0,Watauga,2022-05-05
2,7,2,5,0,Watauga,2022-05-06
2,10,3,7,0,Watauga,2022-05-13
2,14,7,7,0,Watauga,2022-05-18
2,8,1,7,0,Watauga,2022-05-22
2,8,6,2,0,Watauga,2022-05-24
2,20,8,12,0,Watauga,2022-05-27
2,5,0,5,0,Watauga,2022-06-12
2,14,3,11,0,Watauga,2022-06-13
2,10,3,7,0,Watauga,2022-06-14
2,5,2,3,0,Watauga,2022-06-18
2,10,3,7,0,Watauga,2022-06-24
2,15,3,12,0,Watauga,2022-07-05
2,17,5,12,0,Watauga,2022-07-06
2,9,5,4,0,Watauga,2022-07-07
2,8,1,7,0,Watauga,2022-07-08
2,11,2,9,0,Watauga,2022-07-15
3,29,10,19,0,Watauga,2022-01-30
3,22,6,16,0,Watauga,2022-02-16
3,20,5,15,0,Watauga,2022-02-17
3,16,8,8,0,Watauga,2022-04-11
3,14,7,7,0,Watauga,2022-06-22
3,6,0,6,0,Watauga,2022-06-26
3,10,4,6,0,Watauga,2022-06-30
4,18,7,11,0,Watauga,2022-05-19
4,20,12,8,0,Watauga,2022-06-03
4,22,7,15,0,Watauga,2022-06-07
6,49,24,25,0,Watauga,2022-02-04
8,83,50,33,0,Watauga,2022-01-18
8,52,26,26,0,Watauga,2022-02-08
9,112,57,55,0,Watauga,2022-01-26
9,111,45,66,0,Watauga,2022-02-01
10,167,69,98,0,Watauga,2022-01-24
11,113,54,59,0,Watauga,2022-01-31
12,117,37,80,0,Watauga,2022-01-27
13,211,73,138,0,Watauga,2022-01-25
21,238,66,172,0,Watauga,2022-01-19
29,205,59,146,0,Watauga,2022-01-20
,0,0,0,0,Wayne,2022-03-26
0,16,5,11,0,Wayne,2022-02-23
0,15,6,9,0,Wayne,2022-02-25
0,3,0,3,0,Wayne,2022-02-26
0,3,0,3,0,Wayne,2022-02-27
0,11,5,6,0,Wayne,2022-03-01
0,5,0,5,0,Wayne,2022-03-05
0,12,3,9,0,Wayne,2022-03-08
0,4,3,1,0,Wayne,2022-03-11
0,1,1,0,0,Wayne,2022-03-13
0,1,0,1,0,Wayne,2022-03-20
0,5,0,5,0,Wayne,2022-03-22
0,4,3,1,0,Wayne,2022-03-23
0,9,5,4,0,Wayne,2022-03-28
0,2,1,1,0,Wayne,2022-03-29
0,3,1,2,0,Wayne,2022-03-31
0,2,0,2,0,Wayne,2022-04-01
0,1,0,1,0,Wayne,2022-04-05
0,3,2,1,0,Wayne,2022-04-06
0,1,1,0,0,Wayne,2022-04-09
0,9,6,3,0,Wayne,2022-04-14
0,4,0,4,0,Wayne,2022-04-15
0,1,0,1,0,Wayne,2022-04-17
0,9,4,5,0,Wayne,2022-04-19
0,6,1,5,0,Wayne,2022-05-01
0,21,11,10,0,Wayne,2022-05-12
0,29,18,11,0,Wayne,2022-05-16
0,25,13,12,0,Wayne,2022-05-17
0,12,5,7,0,Wayne,2022-05-29
0,18,9,9,0,Wayne,2022-05-30
1,28,13,15,0,Wayne,2022-02-18
1,10,2,8,0,Wayne,2022-02-19
1,8,7,1,0,Wayne,2022-03-16
1,3,1,2,0,Wayne,2022-03-18
1,9,3,6,0,Wayne,2022-03-30
1,6,2,4,0,Wayne,2022-04-02
1,3,0,3,0,Wayne,2022-04-03
1,7,4,3,0,Wayne,2022-04-04
1,4,1,3,0,Wayne,2022-04-07
1,7,4,3,0,Wayne,2022-04-08
1,13,8,5,0,Wayne,2022-04-11
1,5,2,3,0,Wayne,2022-04-13
1,5,2,3,0,Wayne,2022-04-16
1,12,2,10,0,Wayne,2022-04-21
1,7,3,4,0,Wayne,2022-04-29
1,5,3,2,0,Wayne,2022-04-30
1,13,9,4,0,Wayne,2022-05-06
1,13,4,9,0,Wayne,2022-05-14
1,11,2,9,0,Wayne,2022-05-15
1,23,10,13,0,Wayne,2022-05-20
1,11,5,6,0,Wayne,2022-05-21
1,13,3,10,0,Wayne,2022-05-28
1,12,8,4,0,Wayne,2022-06-04
1,15,6,9,0,Wayne,2022-06-11
1,34,18,16,0,Wayne,2022-06-16
1,15,4,11,0,Wayne,2022-06-18
2,41,5,36,0,Wayne,2022-01-22
2,13,2,11,0,Wayne,2022-02-12
2,23,15,8,0,Wayne,2022-02-21
2,10,6,4,0,Wayne,2022-04-23
2,6,4,2,0,Wayne,2022-04-28
2,11,5,6,0,Wayne,2022-05-07
2,19,12,7,0,Wayne,2022-05-09
2,17,12,5,0,Wayne,2022-05-11
2,28,17,11,0,Wayne,2022-05-18
2,37,27,10,0,Wayne,2022-05-26
2,23,6,17,0,Wayne,2022-06-19
2,13,4,9,0,Wayne,2022-06-26
2,22,5,17,0,Wayne,2022-07-03
2,26,11,15,0,Wayne,2022-07-10
3,15,4,11,0,Wayne,2022-02-13
3,22,6,16,0,Wayne,2022-02-22
3,9,7,2,0,Wayne,2022-03-14
3,9,3,6,0,Wayne,2022-04-18
3,7,3,4,0,Wayne,2022-04-22
3,16,11,5,0,Wayne,2022-04-26
3,14,8,6,0,Wayne,2022-05-03
3,22,13,9,0,Wayne,2022-05-04
3,29,21,8,0,Wayne,2022-06-03
3,55,26,29,0,Wayne,2022-06-09
3,44,19,25,0,Wayne,2022-06-23
3,19,2,17,0,Wayne,2022-07-16
4,44,20,24,0,Wayne,2022-02-17
4,14,4,10,0,Wayne,2022-04-20
4,19,10,9,0,Wayne,2022-05-13
4,39,24,15,0,Wayne,2022-05-19
4,17,9,8,0,Wayne,2022-05-22
4,35,23,12,0,Wayne,2022-06-02
4,39,29,10,0,Wayne,2022-06-06
4,28,15,13,0,Wayne,2022-06-10
4,10,2,8,0,Wayne,2022-06-12
4,37,15,22,0,Wayne,2022-06-15
4,19,9,10,0,Wayne,2022-07-02
4,63,31,32,0,Wayne,2022-07-13
5,24,15,9,0,Wayne,2022-05-10
5,40,22,18,0,Wayne,2022-05-23
5,45,30,15,0,Wayne,2022-05-24
5,49,17,32,0,Wayne,2022-06-17
5,36,20,16,0,Wayne,2022-06-21
5,36,11,25,0,Wayne,2022-06-25
6,28,12,16,0,Wayne,2022-06-14
6,50,25,25,0,Wayne,2022-06-22
7,78,43,35,0,Wayne,2022-02-08
7,31,20,11,0,Wayne,2022-05-02
7,29,20,9,0,Wayne,2022-05-25
7,37,20,17,0,Wayne,2022-06-07
7,52,34,18,0,Wayne,2022-06-13
7,54,34,20,0,Wayne,2022-07-08
7,56,20,36,0,Wayne,2022-07-14
8,51,30,21,0,Wayne,2022-06-08
8,38,20,18,0,Wayne,2022-07-04
8,25,2,23,0,Wayne,2022-07-09
8,52,30,22,0,Wayne,2022-07-15
9,42,28,14,0,Wayne,2022-05-27
9,50,21,29,0,Wayne,2022-06-20
9,67,35,32,0,Wayne,2022-07-12
10,52,38,14,0,Wayne,2022-05-31
11,66,40,26,0,Wayne,2022-07-07
12,185,71,114,0,Wayne,2022-01-27
12,63,29,34,0,Wayne,2022-06-30
12,107,58,49,0,Wayne,2022-07-11
13,49,28,21,0,Wayne,2022-05-05
13,90,49,41,0,Wayne,2022-07-05
14,91,56,35,0,Wayne,2022-06-27
14,58,30,28,0,Wayne,2022-07-01
16,72,40,32,0,Wayne,2022-06-29
17,84,55,29,0,Wayne,2022-06-28
20,100,54,46,0,Wayne,2022-07-06
29,218,107,111,0,Wayne,2022-01-26
53,458,211,247,0,Wayne,2022-01-20
61,549,222,327,0,Wayne,2022-01-19
,0,0,0,0,Wilkes,2022-03-19
,0,0,0,0,Wilkes,2022-03-26
,0,0,0,0,Wilkes,2022-03-27
,0,0,0,0,Wilkes,2022-03-29
,0,0,0,0,Wilkes,2022-04-05
,0,0,0,0,Wilkes,2022-04-16
,0,0,0,0,Wilkes,2022-04-17
0,14,6,8,0,Wilkes,2022-02-24
0,8,3,5,0,Wilkes,2022-03-03
0,11,5,6,0,Wilkes,2022-03-04
0,4,0,4,0,Wilkes,2022-03-05
0,2,1,1,0,Wilkes,2022-03-06
0,6,1,5,0,Wilkes,2022-03-08
0,9,2,7,0,Wilkes,2022-03-09
0,3,1,2,0,Wilkes,2022-03-11
0,3,2,1,0,Wilkes,2022-03-12
0,2,0,2,0,Wilkes,2022-03-17
0,2,1,1,0,Wilkes,2022-03-18
0,1,0,1,0,Wilkes,2022-03-20
0,2,2,0,0,Wilkes,2022-03-21
0,1,0,1,0,Wilkes,2022-03-22
0,2,0,2,0,Wilkes,2022-03-24
0,1,0,1,0,Wilkes,2022-03-30
0,1,0,1,0,Wilkes,2022-03-31
0,1,0,1,0,Wilkes,2022-04-01
0,1,0,1,0,Wilkes,2022-04-02
0,1,0,1,0,Wilkes,2022-04-03
0,3,1,2,0,Wilkes,2022-04-04
0,2,0,2,0,Wilkes,2022-04-07
0,5,1,4,0,Wilkes,2022-04-08
0,1,0,1,0,Wilkes,2022-04-09
0,1,1,0,0,Wilkes,2022-04-10
0,1,0,1,0,Wilkes,2022-04-11
0,5,2,3,0,Wilkes,2022-04-12
0,5,1,4,0,Wilkes,2022-04-18
0,2,0,2,0,Wilkes,2022-04-19
0,4,0,4,0,Wilkes,2022-04-20
0,6,3,3,0,Wilkes,2022-04-21
0,5,2,3,0,Wilkes,2022-04-22
0,4,2,2,0,Wilkes,2022-04-24
0,2,2,0,0,Wilkes,2022-04-28
0,8,5,3,0,Wilkes,2022-04-29
0,4,1,3,0,Wilkes,2022-04-30
0,9,3,6,0,Wilkes,2022-05-07
0,4,1,3,0,Wilkes,2022-05-08
0,18,9,9,0,Wilkes,2022-05-09
0,10,4,6,0,Wilkes,2022-05-24
0,9,4,5,0,Wilkes,2022-06-11
0,9,6,3,0,Wilkes,2022-06-12
1,15,9,6,0,Wilkes,2022-02-20
1,4,2,2,0,Wilkes,2022-02-26
1,3,0,3,0,Wilkes,2022-03-13
1,8,2,6,0,Wilkes,2022-03-14
1,1,0,1,0,Wilkes,2022-03-23
1,2,1,1,0,Wilkes,2022-03-28
1,1,1,0,0,Wilkes,2022-04-14
1,4,2,2,0,Wilkes,2022-04-23
1,5,4,1,0,Wilkes,2022-04-26
1,2,2,0,0,Wilkes,2022-04-27
1,3,3,0,0,Wilkes,2022-05-01
1,8,3,5,0,Wilkes,2022-05-02
1,16,5,11,0,Wilkes,2022-05-04
1,12,2,10,0,Wilkes,2022-05-05
1,15,11,4,0,Wilkes,2022-05-06
1,8,4,4,0,Wilkes,2022-05-10
1,17,8,9,0,Wilkes,2022-05-14
1,14,6,8,0,Wilkes,2022-05-15
1,15,4,11,0,Wilkes,2022-05-16
1,11,8,3,0,Wilkes,2022-06-18
1,21,10,11,0,Wilkes,2022-06-22
1,23,17,6,0,Wilkes,2022-07-07
1,11,8,3,0,Wilkes,2022-07-16
2,38,15,23,0,Wilkes,2022-02-05
2,22,10,12,0,Wilkes,2022-02-13
2,30,12,18,0,Wilkes,2022-02-18
2,20,9,11,0,Wilkes,2022-02-19
2,22,7,15,0,Wilkes,2022-02-21
2,29,9,20,0,Wilkes,2022-02-25
2,8,5,3,0,Wilkes,2022-02-27
2,9,2,7,0,Wilkes,2022-05-12
2,14,7,7,0,Wilkes,2022-05-13
2,17,5,12,0,Wilkes,2022-05-19
2,18,12,6,0,Wilkes,2022-05-20
2,11,8,3,0,Wilkes,2022-05-21
2,15,11,4,0,Wilkes,2022-05-22
2,29,8,21,0,Wilkes,2022-05-26
2,23,8,15,0,Wilkes,2022-05-28
2,15,5,10,0,Wilkes,2022-06-03
2,10,7,3,0,Wilkes,2022-06-19
2,23,12,11,0,Wilkes,2022-06-20
2,10,7,3,0,Wilkes,2022-07-02
2,24,13,11,0,Wilkes,2022-07-13
3,56,10,46,0,Wilkes,2022-01-23
3,9,1,8,0,Wilkes,2022-03-01
3,15,8,7,0,Wilkes,2022-05-11
3,18,13,5,0,Wilkes,2022-05-27
3,13,5,8,0,Wilkes,2022-06-09
3,19,11,8,0,Wilkes,2022-06-14
3,23,16,7,0,Wilkes,2022-06-17
3,14,11,3,0,Wilkes,2022-06-25
3,22,4,18,0,Wilkes,2022-07-06
3,36,15,21,0,Wilkes,2022-07-08
3,18,11,7,0,Wilkes,2022-07-09
3,13,7,6,0,Wilkes,2022-07-10
4,38,13,25,0,Wilkes,2022-02-22
4,23,13,10,0,Wilkes,2022-05-18
4,20,13,7,0,Wilkes,2022-05-30
4,23,16,7,0,Wilkes,2022-06-01
4,18,14,4,0,Wilkes,2022-06-04
4,18,11,7,0,Wilkes,2022-06-16
4,35,24,11,0,Wilkes,2022-06-29
4,33,13,20,0,Wilkes,2022-06-30
4,16,6,10,0,Wilkes,2022-07-03
4,18,14,4,0,Wilkes,2022-07-05
4,20,14,6,0,Wilkes,2022-07-11
5,23,10,13,0,Wilkes,2022-06-08
5,31,15,16,0,Wilkes,2022-06-21
5,25,20,5,0,Wilkes,2022-06-26
5,34,19,15,0,Wilkes,2022-07-01
5,18,17,1,0,Wilkes,2022-07-04
5,17,8,9,0,Wilkes,2022-07-15
6,74,20,54,0,Wilkes,2022-02-02
6,53,22,31,0,Wilkes,2022-02-10
6,50,25,25,0,Wilkes,2022-05-23
6,22,14,8,0,Wilkes,2022-05-29
6,35,21,14,0,Wilkes,2022-06-02
7,40,29,11,0,Wilkes,2022-06-27
8,66,26,40,0,Wilkes,2022-02-14
8,30,15,15,0,Wilkes,2022-06-07
8,19,14,5,0,Wilkes,2022-06-24
8,41,22,19,0,Wilkes,2022-07-12
8,32,12,20,0,Wilkes,2022-07-14
10,28,18,10,0,Wilkes,2022-06-13
20,252,67,185,0,Wilkes,2022-01-19
,0,0,0,0,Wilson,2022-03-22
,0,0,0,0,Wilson,2022-03-24
,0,0,0,0,Wilson,2022-03-26
,0,0,0,0,Wilson,2022-03-27
,0,0,0,0,Wilson,2022-04-03
,0,0,0,0,Wilson,2022-04-04
0,23,0,23,0,Wilson,2022-01-22
0,9,0,9,0,Wilson,2022-02-23
0,3,1,2,0,Wilson,2022-02-27
0,8,2,6,0,Wilson,2022-02-28
0,2,0,2,0,Wilson,2022-03-03
0,3,1,2,0,Wilson,2022-03-06
0,3,0,3,0,Wilson,2022-03-11
0,3,0,3,0,Wilson,2022-03-12
0,5,0,5,0,Wilson,2022-03-14
0,1,0,1,0,Wilson,2022-03-15
0,1,1,0,0,Wilson,2022-03-18
0,2,1,1,0,Wilson,2022-03-21
0,5,1,4,0,Wilson,2022-03-23
0,1,0,1,0,Wilson,2022-03-25
0,3,3,0,0,Wilson,2022-03-30
0,4,2,2,0,Wilson,2022-03-31
0,2,0,2,0,Wilson,2022-04-01
0,2,0,2,0,Wilson,2022-04-02
0,1,0,1,0,Wilson,2022-04-06
0,5,2,3,0,Wilson,2022-04-07
0,5,0,5,0,Wilson,2022-04-08
0,2,0,2,0,Wilson,2022-04-09
0,5,2,3,0,Wilson,2022-04-15
0,1,0,1,0,Wilson,2022-04-16
0,1,1,0,0,Wilson,2022-04-17
0,4,4,0,0,Wilson,2022-04-18
0,4,0,4,0,Wilson,2022-04-22
0,3,2,1,0,Wilson,2022-04-24
0,4,3,1,0,Wilson,2022-04-28
0,3,2,1,0,Wilson,2022-04-30
0,14,5,9,0,Wilson,2022-05-04
0,11,4,7,0,Wilson,2022-05-06
0,7,1,6,0,Wilson,2022-05-07
0,16,6,10,0,Wilson,2022-05-24
0,7,4,3,0,Wilson,2022-05-28
0,21,7,14,0,Wilson,2022-06-03
0,8,2,6,0,Wilson,2022-06-04
0,6,4,2,0,Wilson,2022-06-18
1,35,6,29,0,Wilson,2022-01-29
1,43,10,33,0,Wilson,2022-02-04
1,8,0,8,0,Wilson,2022-02-12
1,15,6,9,0,Wilson,2022-02-16
1,20,7,13,0,Wilson,2022-02-17
1,10,3,7,0,Wilson,2022-02-20
1,16,4,12,0,Wilson,2022-02-22
1,6,2,4,0,Wilson,2022-03-01
1,8,2,6,0,Wilson,2022-03-02
1,4,2,2,0,Wilson,2022-03-09
1,6,3,3,0,Wilson,2022-03-10
1,1,0,1,0,Wilson,2022-03-16
1,7,3,4,0,Wilson,2022-03-29
1,6,2,4,0,Wilson,2022-04-10
1,6,1,5,0,Wilson,2022-04-11
1,7,6,1,0,Wilson,2022-04-13
1,4,3,1,0,Wilson,2022-04-14
1,7,1,6,0,Wilson,2022-04-19
1,10,3,7,0,Wilson,2022-04-20
1,4,1,3,0,Wilson,2022-04-23
1,14,4,10,0,Wilson,2022-04-27
1,7,4,3,0,Wilson,2022-04-29
1,14,5,9,0,Wilson,2022-05-02
1,6,2,4,0,Wilson,2022-05-08
1,21,12,9,0,Wilson,2022-05-10
1,19,9,10,0,Wilson,2022-05-12
1,17,11,6,0,Wilson,2022-05-13
1,14,4,10,0,Wilson,2022-05-14
1,21,9,12,0,Wilson,2022-05-19
1,13,5,8,0,Wilson,2022-05-22
1,16,5,11,0,Wilson,2022-05-27
1,23,7,16,0,Wilson,2022-06-06
1,15,3,12,0,Wilson,2022-06-10
1,26,11,15,0,Wilson,2022-06-21
1,25,14,11,0,Wilson,2022-06-24
1,14,5,9,0,Wilson,2022-07-03
2,7,2,5,0,Wilson,2022-03-17
2,9,5,4,0,Wilson,2022-04-12
2,7,3,4,0,Wilson,2022-05-01
2,23,10,13,0,Wilson,2022-05-26
2,10,5,5,0,Wilson,2022-05-30
2,13,8,5,0,Wilson,2022-06-08
2,6,2,4,0,Wilson,2022-06-11
2,13,6,7,0,Wilson,2022-06-12
2,25,10,15,0,Wilson,2022-06-28
2,9,5,4,0,Wilson,2022-07-04
3,21,5,16,0,Wilson,2022-01-30
3,28,12,16,0,Wilson,2022-02-09
3,8,3,5,0,Wilson,2022-04-21
3,12,8,4,0,Wilson,2022-04-26
3,10,4,6,0,Wilson,2022-05-05
3,31,13,18,0,Wilson,2022-05-17
3,31,5,26,0,Wilson,2022-05-18
3,27,10,17,0,Wilson,2022-05-20
3,38,15,23,0,Wilson,2022-05-31
3,25,12,13,0,Wilson,2022-06-09
3,17,8,9,0,Wilson,2022-06-19
3,14,2,12,0,Wilson,2022-06-25
3,15,4,11,0,Wilson,2022-07-10
3,28,8,20,0,Wilson,2022-07-15
3,14,7,7,0,Wilson,2022-07-16
4,13,5,8,0,Wilson,2022-05-03
4,31,14,17,0,Wilson,2022-05-16
4,31,11,20,0,Wilson,2022-06-16
4,23,6,17,0,Wilson,2022-06-30
4,27,11,16,0,Wilson,2022-07-07
5,30,19,11,0,Wilson,2022-05-09
5,28,16,12,0,Wilson,2022-05-11
5,25,8,17,0,Wilson,2022-06-02
5,43,21,22,0,Wilson,2022-06-13
5,16,5,11,0,Wilson,2022-07-09
6,37,15,22,0,Wilson,2022-02-08
6,27,15,12,0,Wilson,2022-06-01
6,30,7,23,0,Wilson,2022-06-15
6,25,11,14,0,Wilson,2022-06-17
6,37,22,15,0,Wilson,2022-06-20
6,53,24,29,0,Wilson,2022-07-06
6,40,19,21,0,Wilson,2022-07-12
6,38,13,25,0,Wilson,2022-07-14
7,39,20,19,0,Wilson,2022-06-27
8,29,12,17,0,Wilson,2022-06-14
8,53,23,30,0,Wilson,2022-07-05
8,50,18,32,0,Wilson,2022-07-13
9,34,15,19,0,Wilson,2022-06-23
10,82,11,71,0,Wilson,2022-02-01
11,34,9,25,0,Wilson,2022-06-22
11,46,15,31,0,Wilson,2022-07-11
14,272,50,222,0,Wilson,2022-01-20
19,273,63,210,0,Wilson,2022-01-19
,0,0,0,0,Yadkin,2022-03-11
,0,0,0,0,Yadkin,2022-03-12
,0,0,0,0,Yadkin,2022-03-18
,0,0,0,0,Yadkin,2022-03-19
,0,0,0,0,Yadkin,2022-03-20
,0,0,0,0,Yadkin,2022-03-24
,0,0,0,0,Yadkin,2022-03-26
,0,0,0,0,Yadkin,2022-03-27
,0,0,0,0,Yadkin,2022-04-02
,0,0,0,0,Yadkin,2022-04-03
,0,0,0,0,Yadkin,2022-04-11
,0,0,0,0,Yadkin,2022-04-12
0,23,6,17,0,Yadkin,2022-01-29
0,14,4,10,0,Yadkin,2022-02-12
0,27,11,16,0,Yadkin,2022-02-16
0,7,4,3,0,Yadkin,2022-02-19
0,10,3,7,0,Yadkin,2022-02-23
0,6,1,5,0,Yadkin,2022-02-24
0,6,3,3,0,Yadkin,2022-02-25
0,6,0,6,0,Yadkin,2022-02-28
0,7,2,5,0,Yadkin,2022-03-01
0,4,2,2,0,Yadkin,2022-03-04
0,1,0,1,0,Yadkin,2022-03-05
0,2,0,2,0,Yadkin,2022-03-06
0,1,1,0,0,Yadkin,2022-03-17
0,4,3,1,0,Yadkin,2022-03-21
0,1,1,0,0,Yadkin,2022-03-25
0,2,1,1,0,Yadkin,2022-03-28
0,2,0,2,0,Yadkin,2022-03-29
0,3,1,2,0,Yadkin,2022-03-30
0,1,1,0,0,Yadkin,2022-04-05
0,1,0,1,0,Yadkin,2022-04-07
0,2,1,1,0,Yadkin,2022-04-08
0,3,1,2,0,Yadkin,2022-04-09
0,1,0,1,0,Yadkin,2022-04-10
0,3,1,2,0,Yadkin,2022-04-13
0,3,0,3,0,Yadkin,2022-04-14
0,3,0,3,0,Yadkin,2022-04-16
0,3,2,1,0,Yadkin,2022-04-17
0,4,3,1,0,Yadkin,2022-04-18
0,1,0,1,0,Yadkin,2022-04-19
0,7,5,2,0,Yadkin,2022-04-20
0,4,2,2,0,Yadkin,2022-04-21
0,2,0,2,0,Yadkin,2022-04-22
0,1,0,1,0,Yadkin,2022-04-23
0,2,0,2,0,Yadkin,2022-04-27
0,5,5,0,0,Yadkin,2022-04-29
0,2,0,2,0,Yadkin,2022-04-30
0,1,0,1,0,Yadkin,2022-05-01
0,5,1,4,0,Yadkin,2022-05-07
0,9,2,7,0,Yadkin,2022-05-11
0,9,0,9,0,Yadkin,2022-05-22
0,6,3,3,0,Yadkin,2022-05-26
0,18,6,12,0,Yadkin,2022-06-17
0,8,3,5,0,Yadkin,2022-06-24
0,19,7,12,0,Yadkin,2022-07-15
1,7,2,5,0,Yadkin,2022-02-20
1,11,5,6,0,Yadkin,2022-02-22
1,7,1,6,0,Yadkin,2022-02-26
1,4,2,2,0,Yadkin,2022-03-02
1,2,0,2,0,Yadkin,2022-03-03
1,1,1,0,0,Yadkin,2022-03-09
1,2,0,2,0,Yadkin,2022-03-13
1,1,0,1,0,Yadkin,2022-03-15
1,2,1,1,0,Yadkin,2022-03-31
1,2,1,1,0,Yadkin,2022-04-04
1,4,1,3,0,Yadkin,2022-04-06
1,4,1,3,0,Yadkin,2022-04-24
1,3,1,2,0,Yadkin,2022-04-26
1,3,1,2,0,Yadkin,2022-04-28
1,13,7,6,0,Yadkin,2022-05-02
1,4,1,3,0,Yadkin,2022-05-03
1,8,2,6,0,Yadkin,2022-05-04
1,6,2,4,0,Yadkin,2022-05-05
1,8,3,5,0,Yadkin,2022-05-06
1,5,0,5,0,Yadkin,2022-05-08
1,11,2,9,0,Yadkin,2022-05-10
1,6,3,3,0,Yadkin,2022-05-12
1,13,4,9,0,Yadkin,2022-05-13
1,9,3,6,0,Yadkin,2022-05-14
1,10,2,8,0,Yadkin,2022-05-20
1,13,8,5,0,Yadkin,2022-05-28
1,12,3,9,0,Yadkin,2022-06-03
1,13,6,7,0,Yadkin,2022-06-04
1,12,2,10,0,Yadkin,2022-06-09
1,22,5,17,0,Yadkin,2022-06-10
1,6,0,6,0,Yadkin,2022-06-12
1,13,3,10,0,Yadkin,2022-06-18
1,10,4,6,0,Yadkin,2022-06-19
1,12,3,9,0,Yadkin,2022-06-21
1,9,5,4,0,Yadkin,2022-06-22
1,14,6,8,0,Yadkin,2022-06-26
1,11,3,8,0,Yadkin,2022-07-03
1,3,1,2,0,Yadkin,2022-07-04
1,13,3,10,0,Yadkin,2022-07-09
1,14,3,11,0,Yadkin,2022-07-16
2,28,5,23,0,Yadkin,2022-01-30
2,16,5,11,0,Yadkin,2022-02-05
2,28,8,20,0,Yadkin,2022-02-09
2,10,3,7,0,Yadkin,2022-02-13
2,7,5,2,0,Yadkin,2022-02-18
2,5,3,2,0,Yadkin,2022-04-25
2,12,3,9,0,Yadkin,2022-05-09
2,18,8,10,0,Yadkin,2022-05-24
2,12,3,9,0,Yadkin,2022-06-05
2,15,3,12,0,Yadkin,2022-06-16
2,15,5,10,0,Yadkin,2022-06-23
2,14,9,5,0,Yadkin,2022-07-10
3,82,25,57,0,Yadkin,2022-01-24
3,41,11,30,0,Yadkin,2022-02-03
3,18,7,11,0,Yadkin,2022-02-06
3,29,5,24,0,Yadkin,2022-02-07
3,18,4,14,0,Yadkin,2022-02-10
3,16,6,10,0,Yadkin,2022-05-18
3,18,7,11,0,Yadkin,2022-05-19
3,18,3,15,0,Yadkin,2022-05-23
3,22,11,11,0,Yadkin,2022-05-27
3,8,3,5,0,Yadkin,2022-05-29
3,20,9,11,0,Yadkin,2022-06-06
3,14,5,9,0,Yadkin,2022-06-08
3,13,2,11,0,Yadkin,2022-06-25
3,26,11,15,0,Yadkin,2022-06-27
3,23,7,16,0,Yadkin,2022-06-29
3,17,6,11,0,Yadkin,2022-07-01
3,5,2,3,0,Yadkin,2022-07-02
3,19,4,15,0,Yadkin,2022-07-06
3,15,7,8,0,Yadkin,2022-07-07
3,23,3,20,0,Yadkin,2022-07-14
4,41,10,31,0,Yadkin,2022-02-04
4,12,6,6,0,Yadkin,2022-05-15
4,16,6,10,0,Yadkin,2022-05-16
4,16,10,6,0,Yadkin,2022-05-30
4,22,10,12,0,Yadkin,2022-06-01
4,24,7,17,0,Yadkin,2022-06-07
4,23,6,17,0,Yadkin,2022-06-13
4,27,10,17,0,Yadkin,2022-06-14
4,18,8,10,0,Yadkin,2022-06-20
5,59,15,44,0,Yadkin,2022-01-22
5,29,7,22,0,Yadkin,2022-02-11
5,13,4,9,0,Yadkin,2022-06-30
5,13,7,6,0,Yadkin,2022-07-08
5,14,6,8,0,Yadkin,2022-07-11
6,53,11,42,0,Yadkin,2022-02-01
6,25,7,18,0,Yadkin,2022-05-31
6,14,4,10,0,Yadkin,2022-06-11
6,21,7,14,0,Yadkin,2022-07-12
6,26,10,16,0,Yadkin,2022-07-13
8,106,25,81,0,Yadkin,2022-01-21
8,89,17,72,0,Yadkin,2022-01-26
9,40,11,29,0,Yadkin,2022-02-08
9,28,13,15,0,Yadkin,2022-06-15
15,103,18,85,0,Yadkin,2022-01-18
20,153,29,124,0,Yadkin,2022-01-19
,0,0,0,0,Yancey,2022-03-11
,0,0,0,0,Yancey,2022-03-12
,0,0,0,0,Yancey,2022-03-13
,0,0,0,0,Yancey,2022-03-17
,0,0,0,0,Yancey,2022-03-19
,0,0,0,0,Yancey,2022-03-20
,0,0,0,0,Yancey,2022-03-22
,0,0,0,0,Yancey,2022-03-23
,0,0,0,0,Yancey,2022-03-26
,0,0,0,0,Yancey,2022-03-27
,0,0,0,0,Yancey,2022-03-30
,0,0,0,0,Yancey,2022-04-01
,0,0,0,0,Yancey,2022-04-03
,0,0,0,0,Yancey,2022-04-06
,0,0,0,0,Yancey,2022-04-07
,0,0,0,0,Yancey,2022-04-09
,0,0,0,0,Yancey,2022-04-10
,0,0,0,0,Yancey,2022-04-11
,0,0,0,0,Yancey,2022-04-15
,0,0,0,0,Yancey,2022-04-17
,0,0,0,0,Yancey,2022-04-24
,0,0,0,0,Yancey,2022-05-12
,0,0,0,0,Yancey,2022-06-12
,0,0,0,0,Yancey,2022-07-10
0,21,7,14,0,Yancey,2022-01-22
0,5,1,4,0,Yancey,2022-01-29
0,1,0,1,0,Yancey,2022-01-30
0,18,6,12,0,Yancey,2022-02-03
0,5,2,3,0,Yancey,2022-02-05
0,2,1,1,0,Yancey,2022-02-13
0,9,6,3,0,Yancey,2022-02-15
0,8,1,7,0,Yancey,2022-02-18
0,2,2,0,0,Yancey,2022-02-20
0,10,0,10,0,Yancey,2022-02-21
0,7,4,3,0,Yancey,2022-02-23
0,7,3,4,0,Yancey,2022-02-24
0,3,1,2,0,Yancey,2022-02-26
0,1,0,1,0,Yancey,2022-02-27
0,4,2,2,0,Yancey,2022-03-03
0,2,0,2,0,Yancey,2022-03-04
0,1,0,1,0,Yancey,2022-03-05
0,2,2,0,0,Yancey,2022-03-06
0,2,2,0,0,Yancey,2022-03-07
0,1,1,0,0,Yancey,2022-03-09
0,2,1,1,0,Yancey,2022-03-10
0,1,0,1,0,Yancey,2022-03-14
0,2,0,2,0,Yancey,2022-03-21
0,1,1,0,0,Yancey,2022-03-25
0,2,0,2,0,Yancey,2022-03-28
0,3,0,3,0,Yancey,2022-03-29
0,1,0,1,0,Yancey,2022-04-02
0,1,0,1,0,Yancey,2022-04-05
0,2,1,1,0,Yancey,2022-04-12
0,2,2,0,0,Yancey,2022-04-13
0,2,2,0,0,Yancey,2022-04-14
0,2,2,0,0,Yancey,2022-04-16
0,1,1,0,0,Yancey,2022-04-18
0,1,1,0,0,Yancey,2022-04-19
0,1,0,1,0,Yancey,2022-04-20
0,2,1,1,0,Yancey,2022-04-21
0,1,1,0,0,Yancey,2022-04-23
0,3,2,1,0,Yancey,2022-04-27
0,1,0,1,0,Yancey,2022-04-28
0,1,0,1,0,Yancey,2022-04-30
0,1,0,1,0,Yancey,2022-05-01
0,2,1,1,0,Yancey,2022-05-02
0,2,2,0,0,Yancey,2022-05-04
0,2,0,2,0,Yancey,2022-05-06
0,1,0,1,0,Yancey,2022-05-07
0,5,4,1,0,Yancey,2022-05-10
0,5,2,3,0,Yancey,2022-05-11
0,7,4,3,0,Yancey,2022-05-13
0,1,1,0,0,Yancey,2022-05-15
0,5,2,3,0,Yancey,2022-05-21
0,1,0,1,0,Yancey,2022-05-28
0,3,3,0,0,Yancey,2022-05-29
0,1,0,1,0,Yancey,2022-05-30
0,12,5,7,0,Yancey,2022-06-01
0,4,2,2,0,Yancey,2022-06-02
0,2,1,1,0,Yancey,2022-06-07
0,7,4,3,0,Yancey,2022-06-08
0,6,4,2,0,Yancey,2022-06-11
0,2,0,2,0,Yancey,2022-06-19
0,7,4,3,0,Yancey,2022-06-23
0,2,2,0,0,Yancey,2022-06-26
0,11,5,6,0,Yancey,2022-06-27
0,2,1,1,0,Yancey,2022-06-28
0,9,3,6,0,Yancey,2022-06-29
0,3,0,3,0,Yancey,2022-07-01
0,2,2,0,0,Yancey,2022-07-03
0,5,0,5,0,Yancey,2022-07-04
0,2,0,2,0,Yancey,2022-07-05
0,5,2,3,0,Yancey,2022-07-06
0,1,1,0,0,Yancey,2022-07-09
0,3,2,1,0,Yancey,2022-07-14
1,5,5,0,0,Yancey,2022-02-06
1,11,4,7,0,Yancey,2022-02-17
1,4,1,3,0,Yancey,2022-02-22
1,4,1,3,0,Yancey,2022-02-28
1,4,2,2,0,Yancey,2022-03-02
1,2,1,1,0,Yancey,2022-03-16
1,2,0,2,0,Yancey,2022-03-18
1,2,1,1,0,Yancey,2022-04-08
1,3,2,1,0,Yancey,2022-04-22
1,6,2,4,0,Yancey,2022-04-26
1,4,4,0,0,Yancey,2022-04-29
1,3,2,1,0,Yancey,2022-05-03
1,7,4,3,0,Yancey,2022-05-09
1,9,6,3,0,Yancey,2022-05-16
1,6,3,3,0,Yancey,2022-05-17
1,9,7,2,0,Yancey,2022-05-18
1,7,4,3,0,Yancey,2022-05-19
1,6,4,2,0,Yancey,2022-05-22
1,7,5,2,0,Yancey,2022-05-23
1,3,1,2,0,Yancey,2022-05-24
1,10,6,4,0,Yancey,2022-05-31
1,5,5,0,0,Yancey,2022-06-03
1,2,1,1,0,Yancey,2022-06-10
1,4,4,0,0,Yancey,2022-06-13
1,3,2,1,0,Yancey,2022-06-14
1,12,8,4,0,Yancey,2022-06-17
1,4,2,2,0,Yancey,2022-06-18
1,7,3,4,0,Yancey,2022-06-21
1,5,3,2,0,Yancey,2022-06-22
1,10,5,5,0,Yancey,2022-06-24
1,2,1,1,0,Yancey,2022-07-02
1,4,0,4,0,Yancey,2022-07-07
1,8,1,7,0,Yancey,2022-07-13
1,5,3,2,0,Yancey,2022-07-15
1,3,0,3,0,Yancey,2022-07-16
2,46,12,34,0,Yancey,2022-01-20
2,29,10,19,0,Yancey,2022-01-28
2,17,12,5,0,Yancey,2022-02-01
2,30,9,21,0,Yancey,2022-02-02
2,15,4,11,0,Yancey,2022-02-04
2,29,3,26,0,Yancey,2022-02-07
2,14,2,12,0,Yancey,2022-02-11
2,20,6,14,0,Yancey,2022-02-14
2,3,2,1,0,Yancey,2022-03-15
2,6,1,5,0,Yancey,2022-03-31
2,10,8,2,0,Yancey,2022-05-20
2,6,5,1,0,Yancey,2022-06-04
2,7,5,2,0,Yancey,2022-06-09
2,11,6,5,0,Yancey,2022-06-20
2,3,2,1,0,Yancey,2022-06-25
2,6,1,5,0,Yancey,2022-06-30
2,9,4,5,0,Yancey,2022-07-12
3,22,5,17,0,Yancey,2022-02-09
3,12,5,7,0,Yancey,2022-02-10
3,5,2,3,0,Yancey,2022-02-25
3,10,9,1,0,Yancey,2022-05-26
3,10,5,5,0,Yancey,2022-05-27
3,11,2,9,0,Yancey,2022-06-15
3,22,10,12,0,Yancey,2022-07-11
4,18,4,14,0,Yancey,2022-02-16
4,8,4,4,0,Yancey,2022-06-05
5,48,16,32,0,Yancey,2022-01-26
5,37,9,28,0,Yancey,2022-01-31
5,13,7,6,0,Yancey,2022-02-08
5,11,7,4,0,Yancey,2022-07-08
9,27,18,9,0,Yancey,2022-06-06
0,14,2,12,1,Alamance,2022-02-27
0,4,1,3,1,Alamance,2022-03-06
0,15,3,12,1,Alamance,2022-03-09
0,4,0,4,1,Alamance,2022-03-13
0,5,1,4,1,Alamance,2022-03-17
0,1,0,1,1,Alamance,2022-03-20
0,12,4,8,1,Alamance,2022-03-31
0,14,6,8,1,Alamance,2022-04-01
1,29,7,22,1,Alamance,2022-02-12
1,22,8,14,1,Alamance,2022-02-20
1,9,2,7,1,Alamance,2022-03-28
1,24,4,20,1,Alamance,2022-04-23
2,69,11,58,1,Alamance,2022-02-21
2,34,3,31,1,Alamance,2022-02-23
3,38,7,31,1,Alamance,2022-04-11
3,41,9,32,1,Alamance,2022-05-22
5,37,4,33,1,Alamance,2022-04-26
5,31,3,28,1,Alamance,2022-06-25
5,51,7,44,1,Alamance,2022-07-10
6,66,7,59,1,Alamance,2022-02-15
6,70,5,65,1,Alamance,2022-05-27
8,69,12,57,1,Alamance,2022-07-06
9,73,19,54,1,Alamance,2022-05-09
10,123,9,114,1,Alamance,2022-01-23
10,83,11,72,1,Alamance,2022-06-27
14,102,14,88,1,Alamance,2022-02-08
14,94,22,72,1,Alamance,2022-05-17
14,66,16,50,1,Alamance,2022-06-20
15,139,21,118,1,Alamance,2022-02-07
15,111,17,94,1,Alamance,2022-05-18
38,505,53,452,1,Alamance,2022-01-24
,0,0,0,1,Alexander,2022-04-16
0,6,0,6,1,Alexander,2022-02-24
0,5,2,3,1,Alexander,2022-03-01
0,5,0,5,1,Alexander,2022-06-01
1,12,5,7,1,Alexander,2022-02-06
2,27,1,26,1,Alexander,2022-02-09
2,27,5,22,1,Alexander,2022-02-10
2,14,6,8,1,Alexander,2022-02-18
2,7,2,5,1,Alexander,2022-05-18
3,42,11,31,1,Alexander,2022-02-03
3,20,7,13,1,Alexander,2022-02-16
7,45,21,24,1,Alexander,2022-01-23
10,87,22,65,1,Alexander,2022-01-26
14,119,44,75,1,Alexander,2022-01-18
,0,0,0,1,Alleghany,2022-03-18
,0,0,0,1,Anson,2022-03-05
0,13,4,9,1,Anson,2022-02-03
0,5,2,3,1,Anson,2022-02-13
0,12,3,9,1,Anson,2022-02-16
0,1,1,0,1,Anson,2022-03-21
1,19,5,14,1,Anson,2022-02-10
1,6,0,6,1,Anson,2022-02-23
1,1,0,1,1,Anson,2022-03-01
2,15,2,13,1,Anson,2022-02-06
2,28,6,22,1,Anson,2022-02-08
3,13,2,11,1,Anson,2022-02-09
3,7,2,5,1,Anson,2022-02-20
4,18,8,10,1,Anson,2022-01-30
8,68,16,52,1,Anson,2022-01-20
10,110,31,79,1,Anson,2022-01-19
,0,0,0,1,Ashe,2022-02-26
,0,0,0,1,Ashe,2022-04-22
,0,0,0,1,Ashe,2022-04-23
,0,0,0,1,Ashe,2022-05-01
0,9,4,5,1,Ashe,2022-02-24
0,5,1,4,1,Ashe,2022-03-04
0,2,1,1,1,Ashe,2022-05-16
1,66,27,39,1,Ashe,2022-01-21
1,9,2,7,1,Ashe,2022-01-22
1,17,8,9,1,Ashe,2022-02-16
1,4,2,2,1,Ashe,2022-04-25
2,7,4,3,1,Ashe,2022-02-06
2,3,1,2,1,Ashe,2022-03-10
3,39,12,27,1,Ashe,2022-02-01
4,23,6,17,1,Ashe,2022-02-11
4,31,12,19,1,Ashe,2022-02-21
6,83,25,58,1,Ashe,2022-01-20
7,78,34,44,1,Ashe,2022-01-31
9,106,26,80,1,Ashe,2022-01-19
0,6,0,6,1,Avery,2022-02-06
0,6,2,4,1,Avery,2022-02-20
0,4,0,4,1,Avery,2022-03-04
0,2,0,2,1,Avery,2022-04-26
0,5,0,5,1,Avery,2022-04-29
1,4,4,0,1,Avery,2022-03-22
,0,0,0,1,Beaufort,2022-03-31
0,7,0,7,1,Beaufort,2022-02-13
0,5,1,4,1,Beaufort,2022-02-20
0,2,0,2,1,Beaufort,2022-02-27
0,6,0,6,1,Beaufort,2022-03-01
0,2,0,2,1,Beaufort,2022-03-04
0,3,1,2,1,Beaufort,2022-04-11
1,50,7,43,1,Beaufort,2022-02-04
1,12,0,12,1,Beaufort,2022-02-06
1,15,2,13,1,Beaufort,2022-02-23
1,10,1,9,1,Beaufort,2022-02-25
1,5,0,5,1,Beaufort,2022-02-26
1,3,0,3,1,Beaufort,2022-03-08
2,18,1,17,1,Beaufort,2022-01-30
2,15,6,9,1,Beaufort,2022-06-09
4,19,5,14,1,Beaufort,2022-02-18
5,20,5,15,1,Beaufort,2022-01-21
5,41,8,33,1,Beaufort,2022-02-08
5,27,1,26,1,Beaufort,2022-02-17
6,82,14,68,1,Beaufort,2022-01-27
7,65,12,53,1,Beaufort,2022-01-28
7,32,4,28,1,Beaufort,2022-02-10
20,212,40,172,1,Beaufort,2022-01-19
33,339,34,305,1,Beaufort,2022-01-18
0,11,0,11,1,Bertie,2022-01-21
0,1,0,1,1,Bertie,2022-03-11
1,19,4,15,1,Bertie,2022-01-26
1,2,1,1,1,Bertie,2022-02-06
1,7,2,5,1,Bertie,2022-06-01
2,7,0,7,1,Bertie,2022-01-23
4,20,2,18,1,Bertie,2022-01-28
7,26,1,25,1,Bertie,2022-01-31
0,17,6,11,1,Bladen,2022-01-30
0,3,0,3,1,Bladen,2022-02-05
0,3,0,3,1,Bladen,2022-02-25
0,4,0,4,1,Bladen,2022-02-28
0,3,1,2,1,Bladen,2022-03-08
0,3,0,3,1,Bladen,2022-03-10
0,4,1,3,1,Bladen,2022-03-12
1,25,4,21,1,Bladen,2022-02-04
1,10,1,9,1,Bladen,2022-02-06
1,14,2,12,1,Bladen,2022-02-09
1,18,5,13,1,Bladen,2022-02-11
2,30,7,23,1,Bladen,2022-02-03
2,23,10,13,1,Bladen,2022-02-07
2,6,2,4,1,Bladen,2022-04-25
3,88,18,70,1,Bladen,2022-01-25
3,47,10,37,1,Bladen,2022-01-28
5,18,2,16,1,Bladen,2022-05-27
17,162,31,131,1,Bladen,2022-01-24
18,171,37,134,1,Bladen,2022-01-19
0,28,4,24,1,Brunswick,2022-02-13
0,37,5,32,1,Brunswick,2022-02-18
0,7,0,7,1,Brunswick,2022-03-03
0,3,1,2,1,Brunswick,2022-03-10
0,5,2,3,1,Brunswick,2022-03-13
0,4,2,2,1,Brunswick,2022-03-25
0,9,0,9,1,Brunswick,2022-04-08
1,33,4,29,1,Brunswick,2022-02-12
1,21,4,17,1,Brunswick,2022-02-24
1,26,4,22,1,Brunswick,2022-02-25
1,6,1,5,1,Brunswick,2022-03-05
1,14,3,11,1,Brunswick,2022-03-17
1,10,0,10,1,Brunswick,2022-03-18
1,17,3,14,1,Brunswick,2022-04-12
1,53,11,42,1,Brunswick,2022-05-26
4,48,5,43,1,Brunswick,2022-02-16
5,109,20,89,1,Brunswick,2022-02-09
6,60,9,51,1,Brunswick,2022-05-09
8,49,6,43,1,Brunswick,2022-05-12
9,244,58,186,1,Brunswick,2022-01-26
13,240,58,182,1,Brunswick,2022-01-27
14,169,26,143,1,Brunswick,2022-01-28
15,253,34,219,1,Brunswick,2022-01-31
22,487,61,426,1,Brunswick,2022-01-18
0,49,16,33,1,Buncombe,2022-02-28
0,8,3,5,1,Buncombe,2022-03-13
0,7,1,6,1,Buncombe,2022-03-25
0,21,7,14,1,Buncombe,2022-03-29
0,8,1,7,1,Buncombe,2022-04-03
1,38,9,29,1,Buncombe,2022-03-03
1,26,6,20,1,Buncombe,2022-03-14
1,15,8,7,1,Buncombe,2022-03-30
1,32,6,26,1,Buncombe,2022-04-06
1,45,12,33,1,Buncombe,2022-04-22
2,20,10,10,1,Buncombe,2022-03-08
2,16,7,9,1,Buncombe,2022-03-16
2,11,2,9,1,Buncombe,2022-03-26
2,64,19,45,1,Buncombe,2022-06-14
2,58,19,39,1,Buncombe,2022-06-26
3,19,10,9,1,Buncombe,2022-03-10
4,106,29,77,1,Buncombe,2022-02-06
4,74,24,50,1,Buncombe,2022-02-12
4,24,11,13,1,Buncombe,2022-04-07
5,83,35,48,1,Buncombe,2022-05-06
6,68,18,50,1,Buncombe,2022-02-24
6,62,28,34,1,Buncombe,2022-04-19
6,67,20,47,1,Buncombe,2022-05-21
7,96,42,54,1,Buncombe,2022-02-17
7,106,39,67,1,Buncombe,2022-06-09
7,89,27,62,1,Buncombe,2022-06-20
8,121,38,83,1,Buncombe,2022-02-11
9,84,33,51,1,Buncombe,2022-06-23
10,111,25,86,1,Buncombe,2022-06-13
11,213,48,165,1,Buncombe,2022-01-23
11,154,55,99,1,Buncombe,2022-02-10
11,92,35,57,1,Buncombe,2022-06-21
12,147,57,90,1,Buncombe,2022-05-12
14,148,58,90,1,Buncombe,2022-05-18
17,133,55,78,1,Buncombe,2022-05-24
19,278,91,187,1,Buncombe,2022-02-01
23,375,113,262,1,Buncombe,2022-01-27
37,610,164,446,1,Buncombe,2022-01-19
44,575,163,412,1,Buncombe,2022-01-18
,0,0,0,1,Burke,2022-03-12
0,13,1,12,1,Burke,2022-02-19
0,8,0,8,1,Burke,2022-02-20
0,8,1,7,1,Burke,2022-02-26
0,12,4,8,1,Burke,2022-03-09
0,4,1,3,1,Burke,2022-03-14
0,1,0,1,1,Burke,2022-03-19
0,4,1,3,1,Burke,2022-04-05
0,8,2,6,1,Burke,2022-04-14
0,1,1,0,1,Burke,2022-04-30
1,21,2,19,1,Burke,2022-02-23
1,17,7,10,1,Burke,2022-02-28
1,3,2,1,1,Burke,2022-03-22
1,13,3,10,1,Burke,2022-05-05
2,8,3,5,1,Burke,2022-04-18
2,17,8,9,1,Burke,2022-05-10
3,35,10,25,1,Burke,2022-01-30
3,25,4,21,1,Burke,2022-02-13
3,48,17,31,1,Burke,2022-02-16
3,27,2,25,1,Burke,2022-05-16
3,26,10,16,1,Burke,2022-05-23
4,75,35,40,1,Burke,2022-01-22
4,35,10,25,1,Burke,2022-02-05
5,63,21,42,1,Burke,2022-01-23
5,57,16,41,1,Burke,2022-02-15
7,92,31,61,1,Burke,2022-02-10
8,92,36,56,1,Burke,2022-02-09
12,114,44,70,1,Burke,2022-02-01
13,127,36,91,1,Burke,2022-02-02
14,239,113,126,1,Burke,2022-01-25
16,213,60,153,1,Burke,2022-01-26
16,181,79,102,1,Burke,2022-01-31
20,231,69,162,1,Burke,2022-01-18
30,324,97,227,1,Burke,2022-01-19
0,2,0,2,1,Cabarrus,2022-03-06
0,7,1,6,1,Cabarrus,2022-03-17
0,13,4,9,1,Cabarrus,2022-04-07
0,25,7,18,1,Cabarrus,2022-04-30
1,22,5,17,1,Cabarrus,2022-02-24
1,16,10,6,1,Cabarrus,2022-02-27
1,20,3,17,1,Cabarrus,2022-02-28
1,4,1,3,1,Cabarrus,2022-04-02
2,47,15,32,1,Cabarrus,2022-02-21
2,9,3,6,1,Cabarrus,2022-03-07
2,13,5,8,1,Cabarrus,2022-03-10
2,35,7,28,1,Cabarrus,2022-04-26
2,30,3,27,1,Cabarrus,2022-06-12
3,65,15,50,1,Cabarrus,2022-02-18
3,48,6,42,1,Cabarrus,2022-07-10
4,68,15,53,1,Cabarrus,2022-02-06
7,102,22,80,1,Cabarrus,2022-01-30
8,136,33,103,1,Cabarrus,2022-02-08
11,94,17,77,1,Cabarrus,2022-05-17
12,72,21,51,1,Cabarrus,2022-06-13
15,138,27,111,1,Cabarrus,2022-02-07
16,95,10,85,1,Cabarrus,2022-07-14
27,346,90,256,1,Cabarrus,2022-01-26
56,693,256,437,1,Cabarrus,2022-01-18
,0,0,0,1,Caldwell,2022-03-31
0,3,0,3,1,Caldwell,2022-03-18
0,2,0,2,1,Caldwell,2022-03-23
0,24,2,22,1,Caldwell,2022-06-25
1,3,0,3,1,Caldwell,2022-03-05
2,27,4,23,1,Caldwell,2022-02-13
2,8,2,6,1,Caldwell,2022-02-19
2,26,5,21,1,Caldwell,2022-02-21
2,13,2,11,1,Caldwell,2022-03-01
2,26,5,21,1,Caldwell,2022-07-03
3,52,12,40,1,Caldwell,2022-02-09
3,38,8,30,1,Caldwell,2022-02-22
3,9,0,9,1,Caldwell,2022-02-27
4,57,12,45,1,Caldwell,2022-01-30
5,69,5,64,1,Caldwell,2022-01-29
7,46,7,39,1,Caldwell,2022-02-15
7,41,2,39,1,Caldwell,2022-06-28
8,44,11,33,1,Caldwell,2022-02-10
11,151,26,125,1,Caldwell,2022-01-25
12,182,17,165,1,Caldwell,2022-01-18
12,96,22,74,1,Caldwell,2022-02-03
14,118,14,104,1,Caldwell,2022-01-26
17,157,48,109,1,Caldwell,2022-01-24
33,266,46,220,1,Caldwell,2022-01-21
37,315,65,250,1,Caldwell,2022-01-19
,0,0,0,1,Carteret,2022-03-31
0,50,10,40,1,Carteret,2022-01-23
0,30,6,24,1,Carteret,2022-01-29
0,3,0,3,1,Carteret,2022-02-25
0,9,5,4,1,Carteret,2022-04-28
1,59,22,37,1,Carteret,2022-02-03
1,30,15,15,1,Carteret,2022-02-11
1,17,4,13,1,Carteret,2022-02-12
1,27,10,17,1,Carteret,2022-02-14
1,6,3,3,1,Carteret,2022-03-03
1,7,3,4,1,Carteret,2022-03-09
1,2,0,2,1,Carteret,2022-04-18
1,20,4,16,1,Carteret,2022-06-25
1,12,3,9,1,Carteret,2022-07-02
2,18,1,17,1,Carteret,2022-02-13
2,11,3,8,1,Carteret,2022-02-17
2,20,11,9,1,Carteret,2022-02-21
3,78,23,55,1,Carteret,2022-02-02
4,63,22,41,1,Carteret,2022-02-04
,0,0,0,1,Caswell,2022-02-20
,0,0,0,1,Caswell,2022-03-01
0,13,1,12,1,Caswell,2022-01-22
0,2,2,0,1,Caswell,2022-02-12
0,6,1,5,1,Caswell,2022-02-18
0,2,0,2,1,Caswell,2022-02-22
0,3,0,3,1,Caswell,2022-03-02
1,3,0,3,1,Caswell,2022-02-16
2,22,1,21,1,Caswell,2022-02-01
4,84,12,72,1,Caswell,2022-01-20
0,8,2,6,1,Catawba,2022-03-15
0,3,1,2,1,Catawba,2022-03-22
0,3,1,2,1,Catawba,2022-03-29
0,4,0,4,1,Catawba,2022-03-30
0,5,0,5,1,Catawba,2022-04-01
1,2,0,2,1,Catawba,2022-03-26
2,12,5,7,1,Catawba,2022-04-13
2,19,5,14,1,Catawba,2022-04-20
3,56,22,34,1,Catawba,2022-02-06
3,38,14,24,1,Catawba,2022-02-13
3,43,20,23,1,Catawba,2022-02-28
4,79,34,45,1,Catawba,2022-02-11
5,29,8,21,1,Catawba,2022-06-05
6,35,8,27,1,Catawba,2022-07-03
8,46,15,31,1,Catawba,2022-02-22
12,125,38,87,1,Catawba,2022-01-29
13,53,27,26,1,Catawba,2022-06-14
14,105,49,56,1,Catawba,2022-02-15
18,179,65,114,1,Catawba,2022-02-07
22,180,68,112,1,Catawba,2022-02-03
24,176,76,100,1,Catawba,2022-02-04
34,325,137,188,1,Catawba,2022-01-31
0,19,5,14,1,Chatham,2022-02-05
0,21,2,19,1,Chatham,2022-06-10
1,28,3,25,1,Chatham,2022-01-29
1,65,18,47,1,Chatham,2022-02-01
1,32,5,27,1,Chatham,2022-02-09
1,18,0,18,1,Chatham,2022-02-15
1,17,7,10,1,Chatham,2022-02-16
1,2,0,2,1,Chatham,2022-03-29
1,5,0,5,1,Chatham,2022-03-30
2,70,13,57,1,Chatham,2022-01-28
2,15,2,13,1,Chatham,2022-02-18
3,23,2,21,1,Chatham,2022-06-14
4,71,11,60,1,Chatham,2022-01-21
6,17,3,14,1,Chatham,2022-06-24
,0,0,0,1,Cherokee,2022-03-06
,0,0,0,1,Cherokee,2022-03-12
,0,0,0,1,Cherokee,2022-03-16
,0,0,0,1,Cherokee,2022-03-30
0,7,0,7,1,Cherokee,2022-02-12
0,10,4,6,1,Cherokee,2022-02-17
0,3,1,2,1,Cherokee,2022-02-25
0,2,0,2,1,Cherokee,2022-03-04
0,1,0,1,1,Cherokee,2022-03-18
1,5,0,5,1,Cherokee,2022-02-06
1,6,2,4,1,Cherokee,2022-02-20
2,48,9,39,1,Cherokee,2022-01-21
2,23,2,21,1,Cherokee,2022-02-03
3,28,7,21,1,Cherokee,2022-01-23
4,73,18,55,1,Cherokee,2022-01-31
7,107,29,78,1,Cherokee,2022-01-20
,0,0,0,1,Chowan,2022-02-15
,0,0,0,1,Chowan,2022-03-03
0,5,0,5,1,Chowan,2022-01-29
0,2,0,2,1,Chowan,2022-02-24
0,1,0,1,1,Chowan,2022-02-25
0,2,1,1,1,Chowan,2022-03-10
1,4,0,4,1,Chowan,2022-02-06
2,13,0,13,1,Chowan,2022-02-02
2,12,0,12,1,Chowan,2022-02-07
3,49,0,49,1,Chowan,2022-01-25
5,18,0,18,1,Chowan,2022-01-28
14,67,6,61,1,Chowan,2022-01-20
,0,0,0,1,Clay,2022-04-02
,0,0,0,1,Clay,2022-05-04
0,6,2,4,1,Clay,2022-01-23
0,15,1,14,1,Clay,2022-02-02
0,7,1,6,1,Clay,2022-02-21
2,15,5,10,1,Clay,2022-02-03
2,6,2,4,1,Clay,2022-02-05
0,3,0,3,1,Cleveland,2022-03-12
0,1,0,1,1,Cleveland,2022-03-15
0,1,0,1,1,Cleveland,2022-03-18
0,2,0,2,1,Cleveland,2022-03-26
1,14,2,12,1,Cleveland,2022-02-19
1,7,3,4,1,Cleveland,2022-02-27
1,2,0,2,1,Cleveland,2022-03-06
1,2,1,1,1,Cleveland,2022-03-17
2,24,3,21,1,Cleveland,2022-02-13
3,36,3,33,1,Cleveland,2022-02-12
3,10,5,5,1,Cleveland,2022-02-20
4,37,8,29,1,Cleveland,2022-02-17
4,16,5,11,1,Cleveland,2022-05-24
6,46,3,43,1,Cleveland,2022-02-06
6,32,8,24,1,Cleveland,2022-06-10
8,97,27,70,1,Cleveland,2022-01-22
9,80,13,67,1,Cleveland,2022-02-04
11,49,4,45,1,Cleveland,2022-06-21
16,144,20,124,1,Cleveland,2022-02-01
18,241,35,206,1,Cleveland,2022-01-25
20,157,19,138,1,Cleveland,2022-01-31
45,328,81,247,1,Cleveland,2022-01-18
,0,0,0,1,Columbus,2022-02-19
,0,0,0,1,Columbus,2022-03-12
0,2,1,1,1,Columbus,2022-03-31
0,3,1,2,1,Columbus,2022-04-20
1,25,8,17,1,Columbus,2022-01-23
1,8,4,4,1,Columbus,2022-02-06
2,20,10,10,1,Columbus,2022-02-11
2,14,3,11,1,Columbus,2022-02-15
2,10,3,7,1,Columbus,2022-02-17
2,9,1,8,1,Columbus,2022-07-09
2,8,1,7,1,Columbus,2022-07-10
3,56,15,41,1,Columbus,2022-02-04
4,25,13,12,1,Columbus,2022-01-22
4,93,37,56,1,Columbus,2022-01-27
4,59,23,36,1,Columbus,2022-02-02
5,21,9,12,1,Columbus,2022-02-10
8,104,29,75,1,Columbus,2022-01-28
12,136,49,87,1,Columbus,2022-01-25
21,129,60,69,1,Columbus,2022-01-31
0,2,0,2,1,Craven,2022-03-12
0,6,1,5,1,Craven,2022-03-14
0,2,2,0,1,Craven,2022-03-20
1,10,3,7,1,Craven,2022-03-02
1,8,2,6,1,Craven,2022-03-09
1,5,4,1,1,Craven,2022-03-21
1,9,2,7,1,Craven,2022-04-23
1,35,10,25,1,Craven,2022-06-10
2,36,8,28,1,Craven,2022-02-06
2,19,6,13,1,Craven,2022-02-12
2,35,14,21,1,Craven,2022-06-22
2,11,4,7,1,Craven,2022-07-03
3,17,3,14,1,Craven,2022-02-13
3,15,4,11,1,Craven,2022-02-19
4,77,15,62,1,Craven,2022-01-23
4,64,15,49,1,Craven,2022-01-29
4,37,9,28,1,Craven,2022-02-18
5,104,22,82,1,Craven,2022-02-04
6,27,11,16,1,Craven,2022-05-28
6,43,17,26,1,Craven,2022-07-12
8,43,13,30,1,Craven,2022-05-18
9,130,37,93,1,Craven,2022-02-07
10,166,44,122,1,Craven,2022-01-27
10,60,21,39,1,Craven,2022-01-30
12,250,61,189,1,Craven,2022-01-26
0,25,8,17,1,Cumberland,2022-02-26
0,32,8,24,1,Cumberland,2022-03-16
0,7,2,5,1,Cumberland,2022-03-19
0,17,5,12,1,Cumberland,2022-03-21
0,16,3,13,1,Cumberland,2022-03-28
1,11,3,8,1,Cumberland,2022-02-27
1,25,3,22,1,Cumberland,2022-03-15
2,36,7,29,1,Cumberland,2022-03-02
3,25,10,15,1,Cumberland,2022-04-11
6,58,12,46,1,Cumberland,2022-02-24
6,80,11,69,1,Cumberland,2022-02-28
6,69,20,49,1,Cumberland,2022-06-25
11,73,10,63,1,Cumberland,2022-04-27
12,65,11,54,1,Cumberland,2022-04-28
18,229,56,173,1,Cumberland,2022-02-09
21,183,45,138,1,Cumberland,2022-05-16
21,206,31,175,1,Cumberland,2022-07-05
53,681,96,585,1,Cumberland,2022-01-31
,0,0,0,1,Currituck,2022-02-24
,0,0,0,1,Currituck,2022-03-04
0,30,7,23,1,Currituck,2022-02-02
0,10,2,8,1,Currituck,2022-02-16
0,1,0,1,1,Currituck,2022-03-22
1,20,0,20,1,Dare,2022-02-03
0,7,1,6,1,Davidson,2022-02-27
0,10,3,7,1,Davidson,2022-03-04
1,12,0,12,1,Davidson,2022-02-26
1,12,4,8,1,Davidson,2022-03-08
1,6,0,6,1,Davidson,2022-03-16
2,50,2,48,1,Davidson,2022-02-05
2,26,6,20,1,Davidson,2022-05-04
4,44,8,36,1,Davidson,2022-02-22
4,16,5,11,1,Davidson,2022-07-09
5,74,9,65,1,Davidson,2022-02-10
5,35,6,29,1,Davidson,2022-06-17
6,85,5,80,1,Davidson,2022-01-30
6,32,1,31,1,Davidson,2022-06-19
6,49,6,43,1,Davidson,2022-07-06
7,57,11,46,1,Davidson,2022-02-11
10,48,15,33,1,Davidson,2022-06-10
10,54,12,42,1,Davidson,2022-06-22
11,55,9,46,1,Davidson,2022-02-15
18,235,36,199,1,Davidson,2022-01-27
23,310,39,271,1,Davidson,2022-01-26
34,412,40,372,1,Davidson,2022-01-21
52,539,56,483,1,Davidson,2022-01-24
59,543,73,470,1,Davidson,2022-01-20
0,4,1,3,1,Davie,2022-03-17
0,1,0,1,1,Davie,2022-03-19
1,22,4,18,1,Davie,2022-02-15
1,12,2,10,1,Davie,2022-02-25
1,8,5,3,1,Davie,2022-04-28
2,6,3,3,1,Davie,2022-02-13
2,12,4,8,1,Davie,2022-02-21
2,5,2,3,1,Davie,2022-03-07
2,9,5,4,1,Davie,2022-04-21
2,4,1,3,1,Davie,2022-04-23
2,4,2,2,1,Davie,2022-04-24
2,11,3,8,1,Davie,2022-06-26
2,6,1,5,1,Davie,2022-07-09
3,39,12,27,1,Davie,2022-02-04
5,64,16,48,1,Davie,2022-02-02
5,19,1,18,1,Davie,2022-02-05
5,34,5,29,1,Davie,2022-02-08
7,69,13,56,1,Davie,2022-01-28
,0,0,0,1,Duplin,2022-02-26
,0,0,0,1,Duplin,2022-03-11
0,9,0,9,1,Duplin,2022-02-13
0,4,0,4,1,Duplin,2022-02-20
0,10,5,5,1,Duplin,2022-02-25
0,2,0,2,1,Duplin,2022-03-04
0,3,0,3,1,Duplin,2022-03-15
0,2,0,2,1,Duplin,2022-03-16
0,2,2,0,1,Duplin,2022-03-18
0,2,2,0,1,Duplin,2022-03-28
0,3,2,1,1,Duplin,2022-05-09
0,9,3,6,1,Duplin,2022-05-17
1,15,3,12,1,Duplin,2022-01-22
1,38,13,25,1,Duplin,2022-02-04
1,10,2,8,1,Duplin,2022-02-12
1,5,1,4,1,Duplin,2022-03-05
2,8,3,5,1,Duplin,2022-02-19
3,22,13,9,1,Duplin,2022-02-10
3,12,4,8,1,Duplin,2022-05-25
3,10,3,7,1,Duplin,2022-07-02
4,66,18,48,1,Duplin,2022-02-02
5,40,6,34,1,Duplin,2022-01-23
6,53,27,26,1,Duplin,2022-02-07
8,30,11,19,1,Duplin,2022-06-27
10,110,42,68,1,Duplin,2022-01-27
33,254,116,138,1,Duplin,2022-01-20
0,9,1,8,1,Durham,2022-03-05
0,15,1,14,1,Durham,2022-03-18
0,12,1,11,1,Durham,2022-03-26
1,10,1,9,1,Durham,2022-03-19
2,50,2,48,1,Durham,2022-02-19
2,42,0,42,1,Durham,2022-03-03
2,34,2,32,1,Durham,2022-03-09
2,25,2,23,1,Durham,2022-03-17
2,47,8,39,1,Durham,2022-03-29
3,71,6,65,1,Durham,2022-02-12
3,81,4,77,1,Durham,2022-02-21
3,63,3,60,1,Durham,2022-04-06
4,119,6,113,1,Durham,2022-02-06
4,126,5,121,1,Durham,2022-02-16
5,71,4,67,1,Durham,2022-02-22
5,70,3,67,1,Durham,2022-04-07
6,135,7,128,1,Durham,2022-02-05
6,176,13,163,1,Durham,2022-02-08
6,101,4,97,1,Durham,2022-02-15
7,139,8,131,1,Durham,2022-04-18
7,90,4,86,1,Durham,2022-06-26
8,186,14,172,1,Durham,2022-01-30
9,114,14,100,1,Durham,2022-04-14
10,237,28,209,1,Durham,2022-02-07
10,174,8,166,1,Durham,2022-05-26
11,191,3,188,1,Durham,2022-02-04
15,229,9,220,1,Durham,2022-05-19
17,288,32,256,1,Durham,2022-02-03
19,324,20,304,1,Durham,2022-02-02
21,332,18,314,1,Durham,2022-02-01
37,468,42,426,1,Durham,2022-01-31
46,801,34,767,1,Durham,2022-01-24
64,1039,51,988,1,Durham,2022-01-19
69,1308,92,1216,1,Durham,2022-01-18
,0,0,0,1,Edgecombe,2022-04-15
0,20,1,19,1,Edgecombe,2022-02-03
0,6,1,5,1,Edgecombe,2022-02-25
2,39,2,37,1,Edgecombe,2022-02-01
2,21,1,20,1,Edgecombe,2022-02-08
2,18,4,14,1,Edgecombe,2022-02-21
2,4,0,4,1,Edgecombe,2022-04-27
2,15,1,14,1,Edgecombe,2022-06-15
3,27,2,25,1,Edgecombe,2022-02-07
4,17,3,14,1,Edgecombe,2022-06-17
7,66,3,63,1,Edgecombe,2022-01-25
0,11,3,8,1,Forsyth,2022-03-08
0,8,0,8,1,Forsyth,2022-03-20
0,22,1,21,1,Forsyth,2022-03-21
1,20,2,18,1,Forsyth,2022-02-27
1,25,9,16,1,Forsyth,2022-03-09
1,15,3,12,1,Forsyth,2022-03-11
2,32,4,28,1,Forsyth,2022-03-02
2,32,5,27,1,Forsyth,2022-03-07
2,24,7,17,1,Forsyth,2022-03-17
2,22,7,15,1,Forsyth,2022-03-23
3,43,13,30,1,Forsyth,2022-02-28
3,19,6,13,1,Forsyth,2022-03-12
3,19,2,17,1,Forsyth,2022-03-15
3,30,7,23,1,Forsyth,2022-03-30
7,62,9,53,1,Forsyth,2022-02-13
8,85,16,69,1,Forsyth,2022-02-21
9,105,15,90,1,Forsyth,2022-05-28
9,118,21,97,1,Forsyth,2022-06-16
12,75,10,65,1,Forsyth,2022-06-25
12,82,21,61,1,Forsyth,2022-07-04
13,94,25,69,1,Forsyth,2022-02-17
13,71,7,64,1,Forsyth,2022-07-02
14,237,47,190,1,Forsyth,2022-02-08
17,166,26,140,1,Forsyth,2022-06-07
19,177,30,147,1,Forsyth,2022-05-16
20,164,23,141,1,Forsyth,2022-06-24
21,157,21,136,1,Forsyth,2022-06-21
21,141,20,121,1,Forsyth,2022-06-22
22,195,38,157,1,Forsyth,2022-05-19
23,156,26,130,1,Forsyth,2022-07-07
31,401,68,333,1,Forsyth,2022-02-01
33,156,25,131,1,Forsyth,2022-06-23
,0,0,0,1,Franklin,2022-03-27
0,5,1,4,1,Franklin,2022-03-06
0,4,0,4,1,Franklin,2022-03-14
1,29,7,22,1,Franklin,2022-01-30
1,8,3,5,1,Franklin,2022-02-24
1,3,0,3,1,Franklin,2022-02-27
3,16,0,16,1,Franklin,2022-02-17
6,99,30,69,1,Franklin,2022-02-07
6,45,8,37,1,Franklin,2022-02-09
7,70,8,62,1,Franklin,2022-02-10
7,41,0,41,1,Franklin,2022-05-09
8,65,2,63,1,Franklin,2022-02-04
24,422,21,401,1,Franklin,2022-01-19
0,12,2,10,1,Gaston,2022-02-27
0,22,9,13,1,Gaston,2022-03-03
0,4,1,3,1,Gaston,2022-03-13
0,5,2,3,1,Gaston,2022-03-17
0,1,0,1,1,Gaston,2022-03-22
0,4,0,4,1,Gaston,2022-03-25
0,6,2,4,1,Gaston,2022-03-30
0,6,2,4,1,Gaston,2022-04-09
1,13,9,4,1,Gaston,2022-03-06
1,8,1,7,1,Gaston,2022-03-15
1,11,1,10,1,Gaston,2022-03-16
1,8,4,4,1,Gaston,2022-03-28
1,9,3,6,1,Gaston,2022-04-07
2,14,3,11,1,Gaston,2022-02-25
4,36,8,28,1,Gaston,2022-02-24
4,51,8,43,1,Gaston,2022-05-29
5,58,11,47,1,Gaston,2022-05-11
6,48,13,35,1,Gaston,2022-02-22
6,70,9,61,1,Gaston,2022-06-06
7,58,10,48,1,Gaston,2022-02-21
8,64,9,55,1,Gaston,2022-06-03
8,54,8,46,1,Gaston,2022-06-16
13,68,11,57,1,Gaston,2022-06-01
14,86,25,61,1,Gaston,2022-06-27
20,81,7,74,1,Gaston,2022-06-29
,0,0,0,1,Graham,2022-03-24
0,11,4,7,1,Granville,2022-04-29
0,13,0,13,1,Granville,2022-05-15
1,14,6,8,1,Granville,2022-05-03
2,34,1,33,1,Granville,2022-01-30
11,59,1,58,1,Granville,2022-02-03
17,264,19,245,1,Granville,2022-01-18
0,14,5,9,1,Greene,2022-01-23
0,2,0,2,1,Greene,2022-02-13
0,5,2,3,1,Greene,2022-02-17
0,1,0,1,1,Greene,2022-02-25
0,4,1,3,1,Greene,2022-03-07
0,9,0,9,1,Greene,2022-06-07
1,32,10,22,1,Greene,2022-02-07
1,6,0,6,1,Greene,2022-02-12
1,1,0,1,1,Greene,2022-02-23
2,49,17,32,1,Greene,2022-01-26
7,41,12,29,1,Greene,2022-01-31
12,97,41,56,1,Greene,2022-01-19
0,23,7,16,1,Guilford,2022-03-11
0,12,4,8,1,Guilford,2022-03-20
1,27,5,22,1,Guilford,2022-03-30
2,24,2,22,1,Guilford,2022-03-29
3,52,18,34,1,Guilford,2022-03-01
3,31,10,21,1,Guilford,2022-03-10
3,9,0,9,1,Guilford,2022-03-19
4,115,32,83,1,Guilford,2022-04-29
5,39,11,28,1,Guilford,2022-03-22
5,64,7,57,1,Guilford,2022-04-16
5,73,23,50,1,Guilford,2022-04-30
6,97,10,87,1,Guilford,2022-07-02
8,67,10,57,1,Guilford,2022-02-28
8,77,11,66,1,Guilford,2022-07-03
10,127,18,109,1,Guilford,2022-05-28
10,97,12,85,1,Guilford,2022-07-09
11,158,37,121,1,Guilford,2022-05-03
11,89,25,64,1,Guilford,2022-05-30
11,181,25,156,1,Guilford,2022-06-07
12,122,32,90,1,Guilford,2022-04-21
12,123,29,94,1,Guilford,2022-04-26
13,120,22,98,1,Guilford,2022-02-17
14,87,10,77,1,Guilford,2022-06-04
17,247,47,200,1,Guilford,2022-05-10
17,209,45,164,1,Guilford,2022-05-13
19,176,41,135,1,Guilford,2022-06-21
20,175,26,149,1,Guilford,2022-07-14
21,177,22,155,1,Guilford,2022-06-30
23,207,21,186,1,Guilford,2022-06-01
25,266,52,214,1,Guilford,2022-05-16
27,204,20,184,1,Guilford,2022-06-09
28,572,122,450,1,Guilford,2022-01-31
29,170,70,100,1,Guilford,2022-04-18
30,287,63,224,1,Guilford,2022-05-09
33,247,46,201,1,Guilford,2022-05-12
61,927,122,805,1,Guilford,2022-01-21
79,1458,186,1272,1,Guilford,2022-01-19
,0,0,0,1,Halifax,2022-02-24
0,8,0,8,1,Halifax,2022-02-06
0,6,1,5,1,Halifax,2022-02-20
0,5,0,5,1,Halifax,2022-02-26
0,2,0,2,1,Halifax,2022-03-26
1,23,3,20,1,Halifax,2022-01-21
1,12,1,11,1,Halifax,2022-01-22
1,9,4,5,1,Halifax,2022-02-05
1,8,1,7,1,Halifax,2022-02-12
1,14,1,13,1,Halifax,2022-07-10
2,18,5,13,1,Halifax,2022-01-29
2,2,2,0,1,Halifax,2022-04-10
3,28,7,21,1,Halifax,2022-02-09
4,66,17,49,1,Halifax,2022-01-27
5,20,3,17,1,Halifax,2022-06-08
7,95,16,79,1,Halifax,2022-01-25
21,147,20,127,1,Halifax,2022-01-20
0,33,7,26,1,Harnett,2022-02-18
0,18,4,14,1,Harnett,2022-02-19
0,27,1,26,1,Harnett,2022-02-22
0,6,1,5,1,Harnett,2022-02-27
0,21,5,16,1,Harnett,2022-02-28
0,16,5,11,1,Harnett,2022-03-07
0,9,1,8,1,Harnett,2022-03-18
0,9,2,7,1,Harnett,2022-04-13
0,7,0,7,1,Harnett,2022-04-24
1,9,1,8,1,Harnett,2022-03-01
1,7,0,7,1,Harnett,2022-03-11
1,9,1,8,1,Harnett,2022-03-16
1,6,1,5,1,Harnett,2022-04-06
1,12,6,6,1,Harnett,2022-04-23
1,26,8,18,1,Harnett,2022-04-25
1,28,4,24,1,Harnett,2022-05-28
2,38,11,27,1,Harnett,2022-06-23
3,76,17,59,1,Harnett,2022-01-30
3,43,4,39,1,Harnett,2022-02-05
3,18,8,10,1,Harnett,2022-03-02
4,62,8,54,1,Harnett,2022-01-29
4,33,5,28,1,Harnett,2022-02-06
4,53,9,44,1,Harnett,2022-02-11
4,54,6,48,1,Harnett,2022-02-17
6,83,8,75,1,Harnett,2022-01-23
6,42,6,36,1,Harnett,2022-02-15
9,105,23,82,1,Harnett,2022-02-04
11,174,39,135,1,Harnett,2022-01-21
11,99,35,64,1,Harnett,2022-02-08
34,483,70,413,1,Harnett,2022-01-20
42,626,109,517,1,Harnett,2022-01-19
0,20,2,18,1,Haywood,2022-01-29
0,34,13,21,1,Haywood,2022-02-05
0,14,10,4,1,Haywood,2022-02-22
0,5,2,3,1,Haywood,2022-03-15
0,1,0,1,1,Haywood,2022-03-18
0,3,1,2,1,Haywood,2022-03-29
0,12,11,1,1,Haywood,2022-06-25
1,54,9,45,1,Haywood,2022-01-30
1,14,1,13,1,Haywood,2022-02-25
2,93,29,64,1,Haywood,2022-01-28
2,8,2,6,1,Haywood,2022-03-01
2,14,8,6,1,Haywood,2022-06-12
2,13,8,5,1,Haywood,2022-07-09
4,36,13,23,1,Haywood,2022-02-06
4,45,15,30,1,Haywood,2022-02-08
4,23,12,11,1,Haywood,2022-02-24
5,53,26,27,1,Haywood,2022-02-07
5,29,8,21,1,Haywood,2022-02-16
6,106,46,60,1,Haywood,2022-01-31
7,112,29,83,1,Haywood,2022-01-27
7,89,30,59,1,Haywood,2022-02-02
9,93,48,45,1,Haywood,2022-02-01
0,10,4,6,1,Henderson,2022-03-01
0,3,2,1,1,Henderson,2022-03-09
0,1,0,1,1,Henderson,2022-03-17
0,3,0,3,1,Henderson,2022-03-19
0,13,2,11,1,Henderson,2022-04-15
2,24,12,12,1,Henderson,2022-02-12
2,7,5,2,1,Henderson,2022-03-11
2,35,11,24,1,Henderson,2022-05-13
2,16,3,13,1,Henderson,2022-05-15
3,67,19,48,1,Henderson,2022-02-10
3,49,15,34,1,Henderson,2022-02-11
3,32,18,14,1,Henderson,2022-02-18
3,22,7,15,1,Henderson,2022-02-22
4,40,8,32,1,Henderson,2022-06-13
5,31,9,22,1,Henderson,2022-05-25
6,46,21,25,1,Henderson,2022-02-06
9,65,18,47,1,Henderson,2022-02-08
10,108,34,74,1,Henderson,2022-02-01
10,106,36,70,1,Henderson,2022-02-04
15,108,36,72,1,Henderson,2022-02-07
18,152,50,102,1,Henderson,2022-01-31
26,230,86,144,1,Henderson,2022-01-18
,0,0,0,1,Hertford,2022-04-05
0,2,0,2,1,Hertford,2022-01-22
0,13,3,10,1,Hertford,2022-01-31
0,1,0,1,1,Hertford,2022-02-11
0,4,1,3,1,Hertford,2022-02-16
0,7,0,7,1,Hertford,2022-07-07
1,6,0,6,1,Hertford,2022-06-11
1,9,5,4,1,Hertford,2022-06-22
2,20,3,17,1,Hertford,2022-01-28
3,23,6,17,1,Hertford,2022-01-26
5,48,7,41,1,Hertford,2022-01-19
0,54,4,50,1,Hoke,2022-02-02
0,13,2,11,1,Hoke,2022-02-17
0,2,0,2,1,Hoke,2022-02-20
0,6,0,6,1,Hoke,2022-02-28
0,1,0,1,1,Hoke,2022-03-01
1,55,6,49,1,Hoke,2022-02-04
1,8,1,7,1,Hoke,2022-02-18
1,1,0,1,1,Hoke,2022-04-04
3,29,7,22,1,Hoke,2022-06-08
3,16,6,10,1,Hoke,2022-06-24
4,93,17,76,1,Hoke,2022-01-27
6,40,4,36,1,Hoke,2022-06-06
7,75,14,61,1,Hoke,2022-02-01
17,310,27,283,1,Hoke,2022-01-19
21,215,34,181,1,Hoke,2022-01-24
0,1,0,1,1,Iredell,2022-03-12
0,1,1,0,1,Iredell,2022-04-02
1,25,10,15,1,Iredell,2022-02-20
2,37,13,24,1,Iredell,2022-02-22
3,62,24,38,1,Iredell,2022-02-21
3,28,12,16,1,Iredell,2022-02-23
3,31,10,21,1,Iredell,2022-02-28
3,29,8,21,1,Iredell,2022-05-15
3,61,15,46,1,Iredell,2022-06-06
5,58,23,35,1,Iredell,2022-02-15
5,50,17,33,1,Iredell,2022-02-16
5,26,9,17,1,Iredell,2022-02-24
6,43,10,33,1,Iredell,2022-06-10
7,67,14,53,1,Iredell,2022-02-05
7,84,34,50,1,Iredell,2022-02-11
9,118,49,69,1,Iredell,2022-02-08
9,103,37,66,1,Iredell,2022-02-10
12,190,59,131,1,Iredell,2022-02-03
12,89,35,54,1,Iredell,2022-05-23
14,77,37,40,1,Iredell,2022-06-20
19,273,98,175,1,Iredell,2022-01-27
19,219,86,133,1,Iredell,2022-02-01
54,629,239,390,1,Iredell,2022-01-19
,0,0,0,1,Jackson,2022-04-15
0,7,3,4,1,Jackson,2022-03-03
0,1,0,1,1,Jackson,2022-03-27
2,15,6,9,1,Jackson,2022-02-11
2,11,4,7,1,Jackson,2022-02-22
2,9,5,4,1,Jackson,2022-02-25
2,5,2,3,1,Jackson,2022-02-27
3,39,11,28,1,Jackson,2022-02-04
6,68,21,47,1,Jackson,2022-01-26
10,100,36,64,1,Jackson,2022-01-27
11,70,7,63,1,Jackson,2022-01-21
1,16,3,13,1,Johnston,2022-02-27
1,17,0,17,1,Johnston,2022-03-04
1,11,4,7,1,Johnston,2022-03-10
1,7,1,6,1,Johnston,2022-03-13
1,9,4,5,1,Johnston,2022-03-15
2,29,9,20,1,Johnston,2022-02-23
2,17,3,14,1,Johnston,2022-03-07
3,41,6,35,1,Johnston,2022-02-22
5,99,15,84,1,Johnston,2022-02-05
5,100,18,82,1,Johnston,2022-05-24
7,94,26,68,1,Johnston,2022-05-17
8,61,14,47,1,Johnston,2022-06-17
9,56,5,51,1,Johnston,2022-07-16
10,261,54,207,1,Johnston,2022-01-21
10,72,22,50,1,Johnston,2022-05-10
10,75,13,62,1,Johnston,2022-05-29
11,85,16,69,1,Johnston,2022-05-09
12,108,34,74,1,Johnston,2022-02-09
14,74,22,52,1,Johnston,2022-06-28
15,160,31,129,1,Johnston,2022-01-23
15,114,33,81,1,Johnston,2022-07-06
17,330,78,252,1,Johnston,2022-01-28
17,201,39,162,1,Johnston,2022-02-07
20,100,17,83,1,Johnston,2022-07-14
23,254,60,194,1,Johnston,2022-02-02
29,279,67,212,1,Johnston,2022-02-01
69,865,150,715,1,Johnston,2022-01-24
85,979,138,841,1,Johnston,2022-01-19
104,1207,198,1009,1,Johnston,2022-01-18
1,21,15,6,1,Jones,2022-01-26
,0,0,0,1,Lee,2022-04-01
0,15,1,14,1,Lee,2022-02-05
0,6,3,3,1,Lee,2022-02-13
0,11,2,9,1,Lee,2022-02-14
0,6,0,6,1,Lee,2022-02-22
0,3,3,0,1,Lee,2022-03-06
0,7,1,6,1,Lee,2022-03-08
0,4,1,3,1,Lee,2022-03-12
1,16,2,14,1,Lee,2022-02-17
2,25,2,23,1,Lee,2022-02-16
2,9,4,5,1,Lee,2022-03-10
3,69,5,64,1,Lee,2022-01-28
3,21,5,16,1,Lee,2022-05-23
4,53,10,43,1,Lee,2022-02-01
4,30,5,25,1,Lee,2022-02-09
,0,0,0,1,Lenoir,2022-03-26
0,14,3,11,1,Lenoir,2022-01-30
0,10,1,9,1,Lenoir,2022-02-06
0,2,0,2,1,Lenoir,2022-02-13
0,2,0,2,1,Lenoir,2022-02-23
0,6,1,5,1,Lenoir,2022-02-25
0,1,0,1,1,Lenoir,2022-03-04
0,1,1,0,1,Lenoir,2022-03-05
0,1,0,1,1,Lenoir,2022-03-06
0,2,0,2,1,Lenoir,2022-03-10
0,1,0,1,1,Lenoir,2022-04-14
1,2,0,2,1,Lenoir,2022-03-08
1,5,2,3,1,Lenoir,2022-06-18
1,14,3,11,1,Lenoir,2022-06-23
1,17,8,9,1,Lenoir,2022-07-01
2,15,2,13,1,Lenoir,2022-02-05
2,13,3,10,1,Lenoir,2022-02-15
3,24,9,15,1,Lenoir,2022-01-29
3,28,8,20,1,Lenoir,2022-07-14
4,19,2,17,1,Lenoir,2022-02-14
5,55,13,42,1,Lenoir,2022-02-01
5,52,13,39,1,Lenoir,2022-02-07
10,88,17,71,1,Lenoir,2022-01-31
12,137,28,109,1,Lenoir,2022-01-26
17,183,33,150,1,Lenoir,2022-01-25
21,248,41,207,1,Lenoir,2022-01-24
27,351,69,282,1,Lenoir,2022-01-18
0,9,2,7,1,Lincoln,2022-03-01
0,2,0,2,1,Lincoln,2022-03-18
0,1,0,1,1,Lincoln,2022-04-05
1,12,6,6,1,Lincoln,2022-02-22
1,3,0,3,1,Lincoln,2022-03-29
1,15,4,11,1,Lincoln,2022-05-02
2,31,8,23,1,Lincoln,2022-02-06
2,20,5,15,1,Lincoln,2022-02-18
2,14,7,7,1,Lincoln,2022-02-20
3,40,11,29,1,Lincoln,2022-01-30
3,23,11,12,1,Lincoln,2022-02-12
3,43,13,30,1,Lincoln,2022-02-15
3,37,9,28,1,Lincoln,2022-02-16
5,34,7,27,1,Lincoln,2022-06-27
6,41,10,31,1,Lincoln,2022-02-11
10,71,25,46,1,Lincoln,2022-01-23
12,130,39,91,1,Lincoln,2022-02-01
,0,0,0,1,Macon,2022-03-21
,0,0,0,1,Macon,2022-03-30
,0,0,0,1,Macon,2022-04-15
0,1,0,1,1,Macon,2022-02-27
0,2,0,2,1,Macon,2022-03-02
0,4,2,2,1,Macon,2022-03-07
0,1,0,1,1,Macon,2022-03-19
0,3,2,1,1,Macon,2022-05-10
1,33,10,23,1,Macon,2022-01-27
1,20,3,17,1,Macon,2022-02-08
1,6,2,4,1,Macon,2022-02-22
1,2,0,2,1,Macon,2022-04-13
2,8,2,6,1,Macon,2022-02-17
2,5,2,3,1,Macon,2022-02-24
4,58,16,42,1,Macon,2022-01-31
19,108,29,79,1,Macon,2022-01-18
,0,0,0,1,Madison,2022-02-26
0,4,3,1,1,Madison,2022-02-22
1,4,0,4,1,Madison,2022-02-06
1,2,2,0,1,Madison,2022-03-09
2,26,4,22,1,Madison,2022-02-11
2,8,3,5,1,Madison,2022-06-07
3,34,6,28,1,Madison,2022-01-27
7,56,3,53,1,Madison,2022-01-18
8,53,11,42,1,Madison,2022-02-01
,0,0,0,1,Martin,2022-04-26
0,2,0,2,1,Martin,2022-02-12
0,1,1,0,1,Martin,2022-02-13
0,1,0,1,1,Martin,2022-02-25
1,16,3,13,1,Martin,2022-01-23
1,7,1,6,1,Martin,2022-02-09
1,2,0,2,1,Martin,2022-02-27
1,3,0,3,1,Martin,2022-02-28
2,35,1,34,1,Martin,2022-01-27
4,43,2,41,1,Martin,2022-01-26
6,87,7,80,1,Martin,2022-01-24
9,115,5,110,1,Martin,2022-01-18
,0,0,0,1,McDowell,2022-03-22
0,17,7,10,1,McDowell,2022-02-21
0,8,3,5,1,McDowell,2022-03-03
0,3,0,3,1,McDowell,2022-03-06
0,3,0,3,1,McDowell,2022-03-08
2,33,5,28,1,McDowell,2022-02-16
3,9,2,7,1,McDowell,2022-05-30
4,53,12,41,1,McDowell,2022-01-23
4,52,14,38,1,McDowell,2022-02-04
4,32,10,22,1,McDowell,2022-02-06
5,98,16,82,1,McDowell,2022-01-18
6,67,18,49,1,McDowell,2022-02-02
7,82,28,54,1,McDowell,2022-02-01
9,60,14,46,1,McDowell,2022-02-08
9,41,11,30,1,McDowell,2022-02-14
13,167,60,107,1,McDowell,2022-01-24
15,126,34,92,1,McDowell,2022-01-25
16,74,19,55,1,McDowell,2022-02-03
0,29,4,25,1,Mecklenburg,2022-03-19
1,50,11,39,1,Mecklenburg,2022-03-16
1,53,11,42,1,Mecklenburg,2022-03-25
2,67,10,57,1,Mecklenburg,2022-03-04
2,46,10,36,1,Mecklenburg,2022-03-24
2,41,9,32,1,Mecklenburg,2022-04-02
2,50,12,38,1,Mecklenburg,2022-04-03
3,81,13,68,1,Mecklenburg,2022-03-07
3,54,8,46,1,Mecklenburg,2022-03-11
3,47,6,41,1,Mecklenburg,2022-03-28
4,135,29,106,1,Mecklenburg,2022-02-24
4,39,5,34,1,Mecklenburg,2022-03-06
4,52,7,45,1,Mecklenburg,2022-03-10
5,66,11,55,1,Mecklenburg,2022-02-27
5,46,5,41,1,Mecklenburg,2022-03-05
7,66,13,53,1,Mecklenburg,2022-03-21
8,93,17,76,1,Mecklenburg,2022-03-29
10,221,34,187,1,Mecklenburg,2022-05-08
12,182,31,151,1,Mecklenburg,2022-02-22
13,228,41,187,1,Mecklenburg,2022-02-21
13,124,21,103,1,Mecklenburg,2022-04-08
19,234,47,187,1,Mecklenburg,2022-04-18
23,286,28,258,1,Mecklenburg,2022-07-03
26,258,27,231,1,Mecklenburg,2022-06-26
28,368,66,302,1,Mecklenburg,2022-05-05
28,246,29,217,1,Mecklenburg,2022-07-02
35,452,58,394,1,Mecklenburg,2022-05-11
38,458,69,389,1,Mecklenburg,2022-05-12
42,502,60,442,1,Mecklenburg,2022-06-02
44,477,51,426,1,Mecklenburg,2022-06-08
45,439,68,371,1,Mecklenburg,2022-06-13
47,433,64,369,1,Mecklenburg,2022-05-27
48,387,35,352,1,Mecklenburg,2022-06-10
49,483,55,428,1,Mecklenburg,2022-05-10
49,497,76,421,1,Mecklenburg,2022-06-27
55,600,73,527,1,Mecklenburg,2022-05-31
59,456,46,410,1,Mecklenburg,2022-07-15
61,539,71,468,1,Mecklenburg,2022-06-30
81,589,62,527,1,Mecklenburg,2022-07-07
,0,0,0,1,Mitchell,2022-03-21
1,20,1,19,1,Mitchell,2022-01-19
1,3,2,1,1,Mitchell,2022-02-13
1,5,2,3,1,Mitchell,2022-02-18
2,9,1,8,1,Mitchell,2022-01-22
2,16,6,10,1,Mitchell,2022-02-03
4,17,5,12,1,Mitchell,2022-01-28
0,2,0,2,1,Montgomery,2022-01-30
0,16,1,15,1,Montgomery,2022-02-08
0,14,1,13,1,Montgomery,2022-02-09
0,3,1,2,1,Montgomery,2022-02-12
0,3,1,2,1,Montgomery,2022-02-19
0,5,0,5,1,Montgomery,2022-05-16
0,3,0,3,1,Montgomery,2022-06-05
0,8,0,8,1,Montgomery,2022-06-21
1,12,2,10,1,Montgomery,2022-01-29
2,34,6,28,1,Montgomery,2022-01-28
2,3,1,2,1,Montgomery,2022-02-06
2,13,0,13,1,Montgomery,2022-02-07
2,5,2,3,1,Montgomery,2022-05-30
4,24,6,18,1,Montgomery,2022-02-02
5,31,9,22,1,Montgomery,2022-02-03
0,20,2,18,1,Moore,2022-02-23
0,23,6,17,1,Moore,2022-02-24
0,10,1,9,1,Moore,2022-03-03
0,4,2,2,1,Moore,2022-03-06
0,3,1,2,1,Moore,2022-03-10
0,6,2,4,1,Moore,2022-03-11
1,15,5,10,1,Moore,2022-02-19
1,14,2,12,1,Moore,2022-03-01
1,5,0,5,1,Moore,2022-03-05
1,4,2,2,1,Moore,2022-04-06
1,21,4,17,1,Moore,2022-05-03
2,32,4,28,1,Moore,2022-02-16
2,23,2,21,1,Moore,2022-02-18
2,28,8,20,1,Moore,2022-06-26
3,55,7,48,1,Moore,2022-02-14
3,16,6,10,1,Moore,2022-04-28
3,30,9,21,1,Moore,2022-07-09
4,30,10,20,1,Moore,2022-05-11
5,92,10,82,1,Moore,2022-01-23
5,84,13,71,1,Moore,2022-02-03
6,74,15,59,1,Moore,2022-02-04
11,194,36,158,1,Moore,2022-01-25
11,129,25,104,1,Moore,2022-02-01
17,133,31,102,1,Moore,2022-01-27
24,318,39,279,1,Moore,2022-01-24
26,428,69,359,1,Moore,2022-01-18
0,1,0,1,1,Nash,2022-02-26
0,2,0,2,1,Nash,2022-03-22
0,2,1,1,1,Nash,2022-03-24
0,2,0,2,1,Nash,2022-04-10
1,14,1,13,1,Nash,2022-02-12
1,14,6,8,1,Nash,2022-02-18
1,11,3,8,1,Nash,2022-02-19
1,5,0,5,1,Nash,2022-03-14
1,4,0,4,1,Nash,2022-04-06
1,5,4,1,1,Nash,2022-04-12
1,5,2,3,1,Nash,2022-04-16
1,8,2,6,1,Nash,2022-04-27
2,21,5,16,1,Nash,2022-02-17
2,7,1,6,1,Nash,2022-02-20
2,3,1,2,1,Nash,2022-04-02
2,20,6,14,1,Nash,2022-06-17
2,35,9,26,1,Nash,2022-06-24
3,49,8,41,1,Nash,2022-01-23
3,38,8,30,1,Nash,2022-01-29
3,40,8,32,1,Nash,2022-02-08
3,24,7,17,1,Nash,2022-05-24
4,49,12,37,1,Nash,2022-02-11
4,25,4,21,1,Nash,2022-02-16
4,13,1,12,1,Nash,2022-02-22
4,14,5,9,1,Nash,2022-05-30
5,29,2,27,1,Nash,2022-02-05
5,19,4,15,1,Nash,2022-02-23
5,26,6,20,1,Nash,2022-06-09
6,59,0,59,1,Nash,2022-01-21
9,109,19,90,1,Nash,2022-01-28
9,67,14,53,1,Nash,2022-02-04
9,69,10,59,1,Nash,2022-02-07
15,122,11,111,1,Nash,2022-01-27
28,248,27,221,1,Nash,2022-01-25
38,497,34,463,1,Nash,2022-01-18
0,18,2,16,1,New Hanover,2022-02-28
0,3,0,3,1,New Hanover,2022-03-05
0,7,1,6,1,New Hanover,2022-03-08
0,11,5,6,1,New Hanover,2022-03-11
0,5,0,5,1,New Hanover,2022-03-12
0,9,3,6,1,New Hanover,2022-03-17
0,4,1,3,1,New Hanover,2022-03-18
0,21,1,20,1,New Hanover,2022-05-01
1,79,19,60,1,New Hanover,2022-02-05
1,74,12,62,1,New Hanover,2022-02-06
1,21,9,12,1,New Hanover,2022-02-20
1,10,0,10,1,New Hanover,2022-03-10
1,5,0,5,1,New Hanover,2022-03-21
1,14,3,11,1,New Hanover,2022-04-06
1,37,9,28,1,New Hanover,2022-05-28
2,13,3,10,1,New Hanover,2022-03-03
3,34,10,24,1,New Hanover,2022-02-13
3,69,17,52,1,New Hanover,2022-02-15
3,17,3,14,1,New Hanover,2022-03-02
3,32,13,19,1,New Hanover,2022-07-03
4,172,42,130,1,New Hanover,2022-02-07
5,55,20,35,1,New Hanover,2022-02-17
5,19,8,11,1,New Hanover,2022-04-07
5,60,12,48,1,New Hanover,2022-06-17
6,102,31,71,1,New Hanover,2022-01-30
7,122,21,101,1,New Hanover,2022-01-22
8,90,24,66,1,New Hanover,2022-02-09
8,75,12,63,1,New Hanover,2022-06-07
8,78,13,65,1,New Hanover,2022-06-14
8,78,14,64,1,New Hanover,2022-06-16
10,191,48,143,1,New Hanover,2022-01-23
10,119,30,89,1,New Hanover,2022-02-10
10,107,15,92,1,New Hanover,2022-05-31
15,228,50,178,1,New Hanover,2022-01-21
18,249,46,203,1,New Hanover,2022-02-01
20,398,66,332,1,New Hanover,2022-01-26
41,652,169,483,1,New Hanover,2022-01-20
,0,0,0,1,Northampton,2022-02-27
0,8,1,7,1,Northampton,2022-01-21
0,4,0,4,1,Northampton,2022-01-30
0,3,0,3,1,Northampton,2022-02-12
0,1,0,1,1,Northampton,2022-02-13
0,6,0,6,1,Northampton,2022-02-22
0,1,0,1,1,Northampton,2022-03-16
1,10,4,6,1,Northampton,2022-02-04
2,21,3,18,1,Northampton,2022-01-31
2,15,5,10,1,Northampton,2022-02-02
4,27,8,19,1,Northampton,2022-01-28
4,13,9,4,1,Northampton,2022-06-14
,0,0,0,1,Onslow,2022-04-03
0,6,1,5,1,Onslow,2022-02-27
0,15,1,14,1,Onslow,2022-03-05
0,8,1,7,1,Onslow,2022-03-11
0,4,0,4,1,Onslow,2022-03-22
1,3,0,3,1,Onslow,2022-03-16
1,5,1,4,1,Onslow,2022-04-07
1,6,0,6,1,Onslow,2022-04-30
2,25,4,21,1,Onslow,2022-02-24
3,62,5,57,1,Onslow,2022-02-17
3,81,10,71,1,Onslow,2022-05-16
3,28,5,23,1,Onslow,2022-07-04
4,38,13,25,1,Onslow,2022-05-21
7,80,12,68,1,Onslow,2022-05-24
8,65,8,57,1,Onslow,2022-06-16
8,54,10,44,1,Onslow,2022-06-24
15,179,27,152,1,Onslow,2022-01-21
17,261,39,222,1,Onslow,2022-02-07
21,273,31,242,1,Onslow,2022-02-01
33,437,55,382,1,Onslow,2022-01-31
41,427,59,368,1,Onslow,2022-01-26
57,883,114,769,1,Onslow,2022-01-19
0,38,3,35,1,Orange,2022-02-12
0,44,4,40,1,Orange,2022-02-21
0,8,0,8,1,Orange,2022-03-17
0,9,0,9,1,Orange,2022-03-19
1,57,5,52,1,Orange,2022-01-30
1,20,1,19,1,Orange,2022-03-07
2,61,6,55,1,Orange,2022-04-09
2,31,4,27,1,Orange,2022-06-11
3,52,2,50,1,Orange,2022-02-06
3,72,2,70,1,Orange,2022-02-10
4,108,3,105,1,Orange,2022-02-04
5,123,4,119,1,Orange,2022-01-23
5,65,7,58,1,Orange,2022-02-16
7,287,12,275,1,Orange,2022-01-25
10,182,7,175,1,Orange,2022-01-27
19,420,14,406,1,Orange,2022-01-24
27,413,13,400,1,Orange,2022-01-20
,0,0,0,1,Pamlico,2022-05-08
2,16,0,16,1,Pamlico,2022-02-01
,0,0,0,1,Pasquotank,2022-03-18
,0,0,0,1,Pasquotank,2022-03-20
,0,0,0,1,Pasquotank,2022-03-22
0,3,0,3,1,Pasquotank,2022-02-11
1,26,7,19,1,Pasquotank,2022-01-21
1,14,1,13,1,Pasquotank,2022-01-30
1,9,1,8,1,Pasquotank,2022-02-05
2,29,2,27,1,Pasquotank,2022-01-23
2,30,5,25,1,Pasquotank,2022-02-02
4,90,24,66,1,Pasquotank,2022-01-25
6,34,11,23,1,Pasquotank,2022-02-03
1,35,0,35,1,Pender,2022-01-29
1,33,2,31,1,Pender,2022-01-30
1,34,6,28,1,Pender,2022-02-09
1,15,1,14,1,Pender,2022-05-26
2,7,1,6,1,Pender,2022-02-25
2,17,4,13,1,Pender,2022-05-17
2,15,2,13,1,Pender,2022-05-27
3,18,0,18,1,Pender,2022-02-06
4,60,9,51,1,Pender,2022-02-03
4,55,6,49,1,Pender,2022-02-04
5,53,7,46,1,Pender,2022-01-21
8,116,10,106,1,Pender,2022-01-31
9,121,13,108,1,Pender,2022-01-26
16,165,16,149,1,Pender,2022-01-25
,0,0,0,1,Perquimans,2022-02-16
,0,0,0,1,Perquimans,2022-03-21
0,3,1,2,1,Perquimans,2022-02-04
5,45,7,38,1,Perquimans,2022-01-18
0,21,5,16,1,Person,2022-01-29
0,7,1,6,1,Person,2022-02-21
0,1,1,0,1,Person,2022-03-16
1,6,2,4,1,Person,2022-02-19
1,5,3,2,1,Person,2022-02-24
2,14,2,12,1,Person,2022-02-09
4,48,18,30,1,Person,2022-02-01
4,8,2,6,1,Person,2022-07-01
5,39,11,28,1,Person,2022-02-03
9,188,14,174,1,Person,2022-01-19
13,184,32,152,1,Person,2022-01-18
18,111,24,87,1,Person,2022-01-20
0,5,2,3,1,Pitt,2022-03-05
0,3,1,2,1,Pitt,2022-03-06
0,4,2,2,1,Pitt,2022-03-08
0,2,0,2,1,Pitt,2022-03-16
0,9,1,8,1,Pitt,2022-03-17
0,3,0,3,1,Pitt,2022-03-19
0,4,0,4,1,Pitt,2022-03-25
1,15,2,13,1,Pitt,2022-03-04
1,4,0,4,1,Pitt,2022-03-14
2,42,7,35,1,Pitt,2022-02-16
2,43,3,40,1,Pitt,2022-02-18
2,22,3,19,1,Pitt,2022-02-23
2,22,5,17,1,Pitt,2022-02-24
2,20,1,19,1,Pitt,2022-02-25
2,11,0,11,1,Pitt,2022-04-15
3,33,3,30,1,Pitt,2022-06-19
4,71,12,59,1,Pitt,2022-01-29
5,95,11,84,1,Pitt,2022-02-09
5,63,7,56,1,Pitt,2022-02-11
6,56,1,55,1,Pitt,2022-01-22
6,69,6,63,1,Pitt,2022-02-14
6,45,7,38,1,Pitt,2022-06-26
12,158,14,144,1,Pitt,2022-02-03
15,146,11,135,1,Pitt,2022-02-07
21,174,11,163,1,Pitt,2022-02-02
25,287,26,261,1,Pitt,2022-01-28
29,314,35,279,1,Pitt,2022-01-31
,0,0,0,1,Polk,2022-03-03
,0,0,0,1,Polk,2022-03-08
,0,0,0,1,Polk,2022-04-11
,0,0,0,1,Polk,2022-04-19
0,12,5,7,1,Polk,2022-01-30
0,12,5,7,1,Polk,2022-02-04
0,22,14,8,1,Polk,2022-02-08
0,2,1,1,1,Polk,2022-02-20
0,1,0,1,1,Polk,2022-03-14
1,11,4,7,1,Polk,2022-02-09
1,7,4,3,1,Polk,2022-02-17
3,17,12,5,1,Polk,2022-02-03
0,5,1,4,1,Randolph,2022-03-08
0,5,1,4,1,Randolph,2022-03-16
0,5,0,5,1,Randolph,2022-03-20
0,4,1,3,1,Randolph,2022-04-15
0,15,5,10,1,Randolph,2022-04-19
1,7,0,7,1,Randolph,2022-03-11
2,8,1,7,1,Randolph,2022-02-26
2,14,9,5,1,Randolph,2022-03-02
2,20,10,10,1,Randolph,2022-05-15
2,16,6,10,1,Randolph,2022-05-29
3,25,5,20,1,Randolph,2022-02-22
5,76,24,52,1,Randolph,2022-01-22
5,62,15,47,1,Randolph,2022-02-15
5,35,12,23,1,Randolph,2022-06-03
5,27,17,10,1,Randolph,2022-07-02
7,94,22,72,1,Randolph,2022-02-08
7,59,16,43,1,Randolph,2022-02-11
9,60,16,44,1,Randolph,2022-01-29
9,136,32,104,1,Randolph,2022-02-03
10,66,16,50,1,Randolph,2022-02-10
16,169,59,110,1,Randolph,2022-01-28
18,136,46,90,1,Randolph,2022-02-02
18,115,39,76,1,Randolph,2022-02-07
28,248,82,166,1,Randolph,2022-01-27
53,631,145,486,1,Randolph,2022-01-19
57,612,148,464,1,Randolph,2022-01-18
,0,0,0,1,Richmond,2022-02-27
0,32,4,28,1,Richmond,2022-02-04
0,11,2,9,1,Richmond,2022-02-23
0,3,0,3,1,Richmond,2022-03-04
1,15,3,12,1,Richmond,2022-02-08
1,5,0,5,1,Richmond,2022-02-13
1,4,1,3,1,Richmond,2022-03-05
1,7,2,5,1,Richmond,2022-06-19
2,12,1,11,1,Richmond,2022-02-11
2,10,1,9,1,Richmond,2022-02-15
2,8,0,8,1,Richmond,2022-02-25
3,36,4,32,1,Richmond,2022-01-21
3,24,6,18,1,Richmond,2022-02-03
5,80,29,51,1,Richmond,2022-01-27
6,45,21,24,1,Richmond,2022-02-02
8,118,31,87,1,Richmond,2022-01-25
17,187,29,158,1,Richmond,2022-01-19
19,145,81,64,1,Richmond,2022-01-26
0,6,4,2,1,Robeson,2022-04-13
0,9,5,4,1,Robeson,2022-05-07
1,14,5,9,1,Robeson,2022-02-20
1,8,4,4,1,Robeson,2022-02-27
1,6,1,5,1,Robeson,2022-03-28
1,6,2,4,1,Robeson,2022-04-05
2,19,3,16,1,Robeson,2022-02-24
3,58,18,40,1,Robeson,2022-02-10
3,21,6,15,1,Robeson,2022-02-13
3,28,10,18,1,Robeson,2022-02-16
3,7,3,4,1,Robeson,2022-03-09
4,30,15,15,1,Robeson,2022-06-18
5,34,18,16,1,Robeson,2022-02-06
9,49,31,18,1,Robeson,2022-06-16
10,125,54,71,1,Robeson,2022-02-03
11,89,33,56,1,Robeson,2022-02-04
12,109,37,72,1,Robeson,2022-02-02
15,61,35,26,1,Robeson,2022-07-01
17,58,34,24,1,Robeson,2022-07-08
21,73,25,48,1,Robeson,2022-06-14
30,242,99,143,1,Robeson,2022-01-26
34,357,113,244,1,Robeson,2022-01-25
72,629,206,423,1,Robeson,2022-01-19
78,855,301,554,1,Robeson,2022-01-18
,0,0,0,1,Rockingham,2022-03-12
0,16,3,13,1,Rockingham,2022-02-18
0,7,1,6,1,Rockingham,2022-02-20
0,2,0,2,1,Rockingham,2022-03-26
0,1,0,1,1,Rockingham,2022-04-13
1,10,1,9,1,Rockingham,2022-03-04
2,43,7,36,1,Rockingham,2022-02-11
3,28,5,23,1,Rockingham,2022-02-15
3,32,2,30,1,Rockingham,2022-02-16
3,12,1,11,1,Rockingham,2022-07-10
4,57,10,47,1,Rockingham,2022-02-14
5,24,2,22,1,Rockingham,2022-02-05
5,27,6,21,1,Rockingham,2022-02-21
6,49,5,44,1,Rockingham,2022-02-08
8,94,9,85,1,Rockingham,2022-01-23
8,177,27,150,1,Rockingham,2022-01-26
8,114,8,106,1,Rockingham,2022-01-28
10,64,9,55,1,Rockingham,2022-02-09
12,81,8,73,1,Rockingham,2022-02-07
14,159,24,135,1,Rockingham,2022-01-27
16,269,63,206,1,Rockingham,2022-01-18
19,195,35,160,1,Rockingham,2022-01-25
28,343,64,279,1,Rockingham,2022-01-19
0,18,5,13,1,Rowan,2022-02-23
0,7,0,7,1,Rowan,2022-02-27
0,10,3,7,1,Rowan,2022-03-15
1,44,4,40,1,Rowan,2022-02-05
1,26,3,23,1,Rowan,2022-02-12
1,9,1,8,1,Rowan,2022-03-09
1,4,0,4,1,Rowan,2022-03-11
1,6,0,6,1,Rowan,2022-04-30
2,32,6,26,1,Rowan,2022-02-13
2,13,2,11,1,Rowan,2022-02-25
2,12,5,7,1,Rowan,2022-03-07
2,5,1,4,1,Rowan,2022-03-29
3,47,11,36,1,Rowan,2022-02-06
4,32,4,28,1,Rowan,2022-02-18
4,32,8,24,1,Rowan,2022-06-17
5,68,10,58,1,Rowan,2022-01-30
6,32,5,27,1,Rowan,2022-06-03
7,83,7,76,1,Rowan,2022-02-09
8,32,3,29,1,Rowan,2022-05-11
8,52,12,40,1,Rowan,2022-05-24
10,46,12,34,1,Rowan,2022-06-21
11,145,21,124,1,Rowan,2022-02-02
13,120,24,96,1,Rowan,2022-02-07
18,228,24,204,1,Rowan,2022-01-28
20,103,10,93,1,Rowan,2022-02-08
22,226,43,183,1,Rowan,2022-01-27
46,446,72,374,1,Rowan,2022-01-20
51,509,88,421,1,Rowan,2022-01-19
58,481,99,382,1,Rowan,2022-01-18
,0,0,0,1,Rutherford,2022-03-15
0,16,5,11,1,Rutherford,2022-02-17
0,10,2,8,1,Rutherford,2022-02-19
1,21,9,12,1,Rutherford,2022-02-05
1,6,1,5,1,Rutherford,2022-02-12
1,7,3,4,1,Rutherford,2022-02-23
1,4,1,3,1,Rutherford,2022-04-26
1,14,1,13,1,Rutherford,2022-06-11
2,44,18,26,1,Rutherford,2022-01-29
2,26,15,11,1,Rutherford,2022-02-15
2,14,4,10,1,Rutherford,2022-02-24
2,9,3,6,1,Rutherford,2022-03-01
2,8,1,7,1,Rutherford,2022-05-11
2,13,1,12,1,Rutherford,2022-07-03
3,59,28,31,1,Rutherford,2022-02-08
3,27,6,21,1,Rutherford,2022-02-11
3,12,3,9,1,Rutherford,2022-02-18
3,7,0,7,1,Rutherford,2022-05-02
3,13,0,13,1,Rutherford,2022-06-12
4,10,3,7,1,Rutherford,2022-05-10
4,24,6,18,1,Rutherford,2022-06-20
5,57,18,39,1,Rutherford,2022-01-23
6,93,32,61,1,Rutherford,2022-01-28
8,69,34,35,1,Rutherford,2022-01-22
25,187,60,127,1,Rutherford,2022-01-18
,0,0,0,1,Sampson,2022-03-20
,0,0,0,1,Sampson,2022-04-09
0,11,2,9,1,Sampson,2022-02-18
0,9,4,5,1,Sampson,2022-03-03
0,2,2,0,1,Sampson,2022-03-06
0,2,2,0,1,Sampson,2022-04-16
0,17,14,3,1,Sampson,2022-06-21
1,24,10,14,1,Sampson,2022-01-30
1,14,6,8,1,Sampson,2022-02-05
1,28,11,17,1,Sampson,2022-02-11
1,7,4,3,1,Sampson,2022-02-13
2,15,6,9,1,Sampson,2022-01-29
2,59,18,41,1,Sampson,2022-02-02
2,51,19,32,1,Sampson,2022-02-03
3,20,6,14,1,Sampson,2022-02-17
3,13,8,5,1,Sampson,2022-02-24
4,102,35,67,1,Sampson,2022-01-31
6,55,23,32,1,Sampson,2022-02-07
16,228,97,131,1,Sampson,2022-01-24
19,268,95,173,1,Sampson,2022-01-20
25,414,92,322,1,Sampson,2022-01-18
0,24,6,18,1,Scotland,2022-01-21
0,8,3,5,1,Scotland,2022-02-06
0,5,2,3,1,Scotland,2022-02-12
0,1,1,0,1,Scotland,2022-04-16
1,8,2,6,1,Scotland,2022-01-22
1,5,3,2,1,Scotland,2022-01-29
1,25,15,10,1,Scotland,2022-02-02
1,11,5,6,1,Scotland,2022-02-10
1,19,5,14,1,Scotland,2022-02-14
1,2,2,0,1,Scotland,2022-03-03
2,38,11,27,1,Scotland,2022-01-28
2,19,6,13,1,Scotland,2022-02-04
8,133,37,96,1,Scotland,2022-01-19
,0,0,0,1,Stanly,2022-02-27
,0,0,0,1,Stanly,2022-03-24
0,3,0,3,1,Stanly,2022-02-28
0,2,0,2,1,Stanly,2022-03-05
0,2,0,2,1,Stanly,2022-03-15
0,1,0,1,1,Stanly,2022-03-16
0,1,0,1,1,Stanly,2022-03-29
0,3,0,3,1,Stanly,2022-03-30
1,29,2,27,1,Stanly,2022-01-22
1,43,1,42,1,Stanly,2022-02-08
1,4,0,4,1,Stanly,2022-02-19
1,10,0,10,1,Stanly,2022-05-11
2,45,3,42,1,Stanly,2022-02-02
3,17,2,15,1,Stanly,2022-02-05
3,12,4,8,1,Stanly,2022-02-17
4,22,1,21,1,Stanly,2022-02-15
4,24,3,21,1,Stanly,2022-05-16
5,37,2,35,1,Stanly,2022-02-10
5,35,2,33,1,Stanly,2022-02-11
6,45,3,42,1,Stanly,2022-02-09
8,134,21,113,1,Stanly,2022-01-21
8,154,30,124,1,Stanly,2022-01-25
8,39,20,19,1,Stanly,2022-01-30
11,113,8,105,1,Stanly,2022-01-27
19,179,29,150,1,Stanly,2022-01-26
29,251,47,204,1,Stanly,2022-01-24
31,323,51,272,1,Stanly,2022-01-18
33,290,52,238,1,Stanly,2022-01-19
,0,0,0,1,Stokes,2022-04-10
0,6,1,5,1,Stokes,2022-03-01
0,3,0,3,1,Stokes,2022-03-11
0,1,0,1,1,Stokes,2022-04-02
1,13,2,11,1,Stokes,2022-02-24
1,5,4,1,1,Stokes,2022-03-03
1,2,1,1,1,Stokes,2022-05-01
2,36,6,30,1,Stokes,2022-02-04
2,13,2,11,1,Stokes,2022-02-16
2,20,3,17,1,Stokes,2022-02-21
2,13,1,12,1,Stokes,2022-07-01
3,12,3,9,1,Stokes,2022-01-30
3,23,3,20,1,Stokes,2022-02-11
3,26,2,24,1,Stokes,2022-02-15
3,17,9,8,1,Stokes,2022-06-13
4,63,4,59,1,Stokes,2022-01-28
5,38,6,32,1,Stokes,2022-02-07
5,20,4,16,1,Stokes,2022-02-22
6,90,19,71,1,Stokes,2022-01-21
8,84,16,68,1,Stokes,2022-01-26
8,25,7,18,1,Stokes,2022-06-30
0,27,9,18,1,Surry,2022-02-18
0,3,2,1,1,Surry,2022-03-11
0,2,0,2,1,Surry,2022-03-20
0,1,1,0,1,Surry,2022-03-22
0,3,1,2,1,Surry,2022-04-07
1,38,9,29,1,Surry,2022-02-05
1,16,5,11,1,Surry,2022-02-20
1,3,0,3,1,Surry,2022-04-23
2,35,10,25,1,Surry,2022-06-14
2,33,13,20,1,Surry,2022-06-24
3,16,6,10,1,Surry,2022-06-10
4,18,7,11,1,Surry,2022-05-27
5,37,14,23,1,Surry,2022-05-24
6,31,8,23,1,Surry,2022-06-27
8,40,14,26,1,Surry,2022-07-11
11,158,56,102,1,Surry,2022-01-21
12,157,53,104,1,Surry,2022-01-25
12,116,44,72,1,Surry,2022-01-28
13,208,67,141,1,Surry,2022-01-18
15,133,39,94,1,Surry,2022-01-26
15,120,45,75,1,Surry,2022-01-27
28,245,64,181,1,Surry,2022-01-19
,0,0,0,1,Swain,2022-03-08
0,10,5,5,1,Swain,2022-02-14
0,1,0,1,1,Swain,2022-04-23
0,9,1,8,1,Swain,2022-05-20
1,12,5,7,1,Swain,2022-01-30
1,6,3,3,1,Swain,2022-07-14
2,6,2,4,1,Swain,2022-02-06
3,14,5,9,1,Swain,2022-01-28
,0,0,0,1,Transylvania,2022-02-27
,0,0,0,1,Transylvania,2022-03-21
0,8,5,3,1,Transylvania,2022-02-17
0,3,2,1,1,Transylvania,2022-03-03
0,2,0,2,1,Transylvania,2022-05-02
1,36,22,14,1,Transylvania,2022-01-18
1,9,4,5,1,Transylvania,2022-02-23
1,2,0,2,1,Transylvania,2022-03-02
2,13,6,7,1,Transylvania,2022-02-08
2,20,3,17,1,Transylvania,2022-02-09
2,12,7,5,1,Transylvania,2022-07-15
3,40,13,27,1,Transylvania,2022-01-19
4,23,14,9,1,Transylvania,2022-01-22
4,17,6,11,1,Transylvania,2022-02-07
,0,0,0,1,Tyrrell,2022-04-22
0,1,0,1,1,Tyrrell,2022-02-09
0,32,10,22,1,Union,2022-02-22
0,18,4,14,1,Union,2022-02-24
0,9,2,7,1,Union,2022-03-05
0,3,1,2,1,Union,2022-03-13
0,8,1,7,1,Union,2022-03-31
0,10,0,10,1,Union,2022-04-17
1,9,3,6,1,Union,2022-03-21
1,18,4,14,1,Union,2022-04-15
2,22,2,20,1,Union,2022-04-07
3,61,12,49,1,Union,2022-02-17
3,12,4,8,1,Union,2022-02-27
4,73,20,53,1,Union,2022-05-04
5,53,4,49,1,Union,2022-05-15
6,143,35,108,1,Union,2022-02-08
6,70,15,55,1,Union,2022-06-08
7,91,16,75,1,Union,2022-02-05
7,73,26,47,1,Union,2022-02-15
7,47,5,42,1,Union,2022-07-02
8,109,18,91,1,Union,2022-06-01
10,84,16,68,1,Union,2022-06-22
16,119,21,98,1,Union,2022-05-19
19,226,64,162,1,Union,2022-01-23
20,255,51,204,1,Union,2022-02-01
31,413,99,314,1,Union,2022-01-26
34,337,58,279,1,Union,2022-01-27
42,483,96,387,1,Union,2022-01-25
65,892,190,702,1,Union,2022-01-18
0,1,0,1,1,Vance,2022-03-14
1,26,1,25,1,Vance,2022-02-03
2,35,4,31,1,Vance,2022-01-23
2,27,3,24,1,Vance,2022-02-04
2,9,2,7,1,Vance,2022-02-15
3,60,6,54,1,Vance,2022-01-27
7,92,10,82,1,Vance,2022-01-25
7,61,8,53,1,Vance,2022-01-31
8,118,14,104,1,Vance,2022-01-20
1,31,3,28,1,Wake,2022-03-19
2,28,7,21,1,Wake,2022-03-13
2,68,7,61,1,Wake,2022-03-15
2,76,4,72,1,Wake,2022-03-25
2,28,5,23,1,Wake,2022-03-27
3,59,7,52,1,Wake,2022-03-11
3,80,5,75,1,Wake,2022-03-16
3,95,15,80,1,Wake,2022-03-24
3,57,1,56,1,Wake,2022-04-02
8,89,13,76,1,Wake,2022-03-31
8,147,13,134,1,Wake,2022-04-04
8,182,29,153,1,Wake,2022-04-24
9,212,16,196,1,Wake,2022-02-25
9,100,14,86,1,Wake,2022-03-04
9,100,9,91,1,Wake,2022-03-30
9,196,25,171,1,Wake,2022-05-01
10,133,7,126,1,Wake,2022-04-09
10,174,22,152,1,Wake,2022-04-15
11,180,29,151,1,Wake,2022-04-16
15,182,14,168,1,Wake,2022-04-08
15,297,31,266,1,Wake,2022-04-22
24,392,62,330,1,Wake,2022-05-22
31,487,59,428,1,Wake,2022-05-28
32,321,39,282,1,Wake,2022-06-11
36,529,39,490,1,Wake,2022-05-07
41,482,63,419,1,Wake,2022-06-04
48,530,50,480,1,Wake,2022-06-14
50,477,70,407,1,Wake,2022-06-09
55,625,70,555,1,Wake,2022-06-08
56,874,99,775,1,Wake,2022-05-26
58,800,87,713,1,Wake,2022-02-09
61,516,35,481,1,Wake,2022-06-23
63,578,60,518,1,Wake,2022-06-29
75,1461,122,1339,1,Wake,2022-02-01
87,1021,104,917,1,Wake,2022-05-19
90,1141,111,1030,1,Wake,2022-05-16
116,2121,142,1979,1,Wake,2022-01-31
,0,0,0,1,Warren,2022-03-07
0,2,0,2,1,Warren,2022-02-12
0,2,1,1,1,Warren,2022-02-13
0,1,1,0,1,Warren,2022-04-08
1,18,3,15,1,Warren,2022-01-23
1,21,6,15,1,Warren,2022-01-27
5,26,4,22,1,Warren,2022-01-28
,0,0,0,1,Washington,2022-02-19
0,24,11,13,1,Washington,2022-01-31
0,4,1,3,1,Washington,2022-02-05
0,4,0,4,1,Washington,2022-02-06
0,1,0,1,1,Washington,2022-02-21
0,4,3,1,1,Washington,2022-05-16
1,18,13,5,1,Washington,2022-01-28
1,2,0,2,1,Washington,2022-03-01
2,18,7,11,1,Washington,2022-02-02
2,8,3,5,1,Washington,2022-02-11
,0,0,0,1,Watauga,2022-03-25
0,9,1,8,1,Watauga,2022-03-04
0,2,0,2,1,Watauga,2022-03-06
0,1,0,1,1,Watauga,2022-03-13
1,15,7,8,1,Watauga,2022-02-23
1,11,3,8,1,Watauga,2022-03-01
1,4,1,3,1,Watauga,2022-03-28
2,12,5,7,1,Watauga,2022-07-12
3,31,15,16,1,Watauga,2022-02-15
3,19,1,18,1,Watauga,2022-02-25
4,78,40,38,1,Watauga,2022-02-07
6,68,30,38,1,Watauga,2022-02-03
7,37,16,21,1,Watauga,2022-02-10
9,91,30,61,1,Watauga,2022-02-02
13,135,45,90,1,Watauga,2022-01-21
0,5,1,4,1,Wayne,2022-02-20
0,8,4,4,1,Wayne,2022-02-24
0,8,2,6,1,Wayne,2022-03-04
0,8,4,4,1,Wayne,2022-03-09
0,12,3,9,1,Wayne,2022-03-17
0,3,2,1,1,Wayne,2022-03-21
0,1,1,0,1,Wayne,2022-03-27
0,3,0,3,1,Wayne,2022-04-10
1,42,1,41,1,Wayne,2022-01-29
1,36,23,13,1,Wayne,2022-02-16
1,3,1,2,1,Wayne,2022-03-06
1,7,4,3,1,Wayne,2022-03-10
1,3,1,2,1,Wayne,2022-03-12
1,3,2,1,1,Wayne,2022-03-25
1,7,2,5,1,Wayne,2022-04-24
1,18,11,7,1,Wayne,2022-04-25
1,11,6,5,1,Wayne,2022-05-08
2,11,5,6,1,Wayne,2022-04-27
3,31,7,24,1,Wayne,2022-02-05
3,53,17,36,1,Wayne,2022-02-11
3,8,3,5,1,Wayne,2022-03-15
4,32,4,28,1,Wayne,2022-02-06
6,53,30,23,1,Wayne,2022-02-14
6,18,8,10,1,Wayne,2022-03-07
7,43,23,20,1,Wayne,2022-02-15
9,47,31,16,1,Wayne,2022-06-01
10,107,55,52,1,Wayne,2022-02-02
10,88,44,44,1,Wayne,2022-02-03
10,60,32,28,1,Wayne,2022-06-24
12,102,14,88,1,Wayne,2022-01-23
13,152,70,82,1,Wayne,2022-02-01
59,713,296,417,1,Wayne,2022-01-18
,0,0,0,1,Wilkes,2022-04-15
0,20,5,15,1,Wilkes,2022-02-12
0,27,8,19,1,Wilkes,2022-02-28
0,4,2,2,1,Wilkes,2022-03-10
0,1,0,1,1,Wilkes,2022-03-16
0,2,0,2,1,Wilkes,2022-03-25
0,2,1,1,1,Wilkes,2022-04-06
0,1,1,0,1,Wilkes,2022-04-13
1,47,18,29,1,Wilkes,2022-01-29
1,26,12,14,1,Wilkes,2022-02-23
1,2,0,2,1,Wilkes,2022-03-15
1,18,6,12,1,Wilkes,2022-05-17
2,29,21,8,1,Wilkes,2022-02-06
2,13,5,8,1,Wilkes,2022-06-15
3,24,8,16,1,Wilkes,2022-02-15
4,27,12,15,1,Wilkes,2022-06-10
5,63,23,40,1,Wilkes,2022-02-09
5,29,18,11,1,Wilkes,2022-06-06
6,129,29,100,1,Wilkes,2022-01-26
6,35,21,14,1,Wilkes,2022-05-31
9,117,38,79,1,Wilkes,2022-01-31
10,90,28,62,1,Wilkes,2022-01-22
10,110,53,57,1,Wilkes,2022-01-28
11,31,21,10,1,Wilkes,2022-06-23
12,179,60,119,1,Wilkes,2022-01-21
17,111,42,69,1,Wilkes,2022-02-01
,0,0,0,1,Wilson,2022-03-05
,0,0,0,1,Wilson,2022-03-20
0,1,1,0,1,Wilson,2022-03-13
0,1,0,1,1,Wilson,2022-03-28
1,16,6,10,1,Wilson,2022-02-05
1,20,3,17,1,Wilson,2022-02-06
1,16,1,15,1,Wilson,2022-02-11
1,26,6,20,1,Wilson,2022-02-14
1,30,5,25,1,Wilson,2022-02-15
1,13,4,9,1,Wilson,2022-02-21
1,9,6,3,1,Wilson,2022-02-24
1,7,0,7,1,Wilson,2022-02-25
1,3,0,3,1,Wilson,2022-02-26
1,5,2,3,1,Wilson,2022-03-04
1,6,4,2,1,Wilson,2022-03-07
1,3,1,2,1,Wilson,2022-03-19
1,9,3,6,1,Wilson,2022-05-15
1,10,4,6,1,Wilson,2022-06-26
2,73,12,61,1,Wilson,2022-02-02
2,12,2,10,1,Wilson,2022-02-18
2,15,6,9,1,Wilson,2022-05-21
2,10,3,7,1,Wilson,2022-05-29
3,23,15,8,1,Wilson,2022-06-07
3,9,3,6,1,Wilson,2022-07-02
4,52,10,42,1,Wilson,2022-01-21
5,42,18,24,1,Wilson,2022-02-07
7,60,19,41,1,Wilson,2022-01-23
7,40,24,16,1,Wilson,2022-07-08
8,31,14,17,1,Wilson,2022-05-23
8,29,6,23,1,Wilson,2022-07-01
19,258,80,178,1,Wilson,2022-01-24
0,21,9,12,1,Yadkin,2022-02-14
0,20,1,19,1,Yadkin,2022-02-15
0,3,0,3,1,Yadkin,2022-03-08
0,1,1,0,1,Yadkin,2022-03-10
0,3,0,3,1,Yadkin,2022-04-01
0,2,0,2,1,Yadkin,2022-04-15
1,10,3,7,1,Yadkin,2022-02-17
1,11,2,9,1,Yadkin,2022-02-21
1,1,1,0,1,Yadkin,2022-03-14
1,2,1,1,1,Yadkin,2022-03-16
3,55,17,38,1,Yadkin,2022-01-31
4,48,19,29,1,Yadkin,2022-01-23
4,45,12,33,1,Yadkin,2022-01-28
5,60,17,43,1,Yadkin,2022-01-27
11,113,27,86,1,Yadkin,2022-01-25
21,154,42,112,1,Yadkin,2022-01-20
2,7,4,3,1,Yancey,2022-02-12
2,4,0,4,1,Yancey,2022-03-01
3,11,9,2,1,Yancey,2022-01-23
3,30,14,16,1,Yancey,2022-01-25
3,22,7,15,1,Yancey,2022-01-27
7,43,11,32,1,Yancey,2022-01-21
8,70,19,51,1,Yancey,2022-01-24
18,87,19,68,1,Yancey,2022-01-19
1,23,7,16,2,Alamance,2022-04-06
4,69,4,65,2,Alamance,2022-02-16
7,86,9,77,2,Alamance,2022-01-29
7,82,9,73,2,Alamance,2022-02-11
7,47,7,40,2,Alamance,2022-02-17
9,67,5,62,2,Alamance,2022-06-23
10,43,9,34,2,Alamance,2022-02-22
16,269,34,235,2,Alamance,2022-01-21
19,164,27,137,2,Alamance,2022-02-01
27,319,31,288,2,Alamance,2022-01-26
0,1,0,1,2,Alexander,2022-02-27
0,2,1,1,2,Alexander,2022-03-10
1,5,1,4,2,Alexander,2022-02-26
13,110,23,87,2,Alexander,2022-01-24
5,30,13,17,2,Alleghany,2022-02-01
8,69,15,54,2,Ashe,2022-01-25
7,111,20,91,2,Beaufort,2022-01-25
0,14,3,11,2,Bladen,2022-02-17
10,73,22,51,2,Bladen,2022-01-26
23,196,46,150,2,Bladen,2022-01-18
0,36,4,32,2,Brunswick,2022-02-21
0,16,3,13,2,Brunswick,2022-03-01
1,2,0,2,2,Brunswick,2022-03-06
7,120,17,103,2,Brunswick,2022-01-23
9,93,15,78,2,Brunswick,2022-02-08
13,142,15,127,2,Brunswick,2022-02-03
16,398,65,333,2,Brunswick,2022-01-20
17,183,23,160,2,Brunswick,2022-02-01
1,8,2,6,2,Buncombe,2022-03-20
2,43,10,33,2,Buncombe,2022-02-19
2,54,17,37,2,Buncombe,2022-02-25
2,26,8,18,2,Buncombe,2022-03-04
3,69,26,43,2,Buncombe,2022-02-23
5,72,21,51,2,Buncombe,2022-05-29
6,90,35,55,2,Buncombe,2022-02-18
8,137,23,114,2,Buncombe,2022-01-30
11,279,76,203,2,Buncombe,2022-01-28
15,115,48,67,2,Buncombe,2022-06-29
29,460,115,345,2,Buncombe,2022-01-21
0,33,12,21,2,Burke,2022-02-12
0,9,2,7,2,Burke,2022-02-25
0,12,2,10,2,Burke,2022-03-08
2,51,16,35,2,Burke,2022-02-11
5,30,11,19,2,Burke,2022-02-17
5,39,12,27,2,Burke,2022-02-21
9,137,35,102,2,Burke,2022-01-28
1,14,2,12,2,Cabarrus,2022-02-26
2,27,5,22,2,Cabarrus,2022-02-25
3,46,11,35,2,Cabarrus,2022-02-12
8,102,30,72,2,Cabarrus,2022-02-10
12,81,13,68,2,Cabarrus,2022-06-09
18,227,67,160,2,Cabarrus,2022-01-23
25,237,62,175,2,Cabarrus,2022-02-01
27,385,98,287,2,Cabarrus,2022-01-25
32,322,98,224,2,Cabarrus,2022-01-31
48,611,131,480,2,Cabarrus,2022-01-20
0,10,0,10,2,Caldwell,2022-02-25
1,13,3,10,2,Caldwell,2022-02-23
4,40,3,37,2,Caldwell,2022-02-06
9,78,14,64,2,Caldwell,2022-02-04
10,120,18,102,2,Caldwell,2022-01-22
12,101,16,85,2,Caldwell,2022-02-02
18,100,25,75,2,Caldwell,2022-01-28
28,188,36,152,2,Caldwell,2022-01-31
0,24,14,10,2,Carteret,2022-02-16
0,1,1,0,2,Carteret,2022-03-16
7,77,25,52,2,Carteret,2022-01-28
9,118,57,61,2,Carteret,2022-01-31
4,32,3,29,2,Caswell,2022-02-03
0,10,2,8,2,Catawba,2022-02-26
0,2,0,2,2,Catawba,2022-03-27
1,8,4,4,2,Catawba,2022-02-27
1,17,4,13,2,Catawba,2022-03-03
1,6,5,1,2,Catawba,2022-03-23
2,30,16,14,2,Catawba,2022-02-24
2,11,7,4,2,Catawba,2022-03-08
4,45,20,25,2,Catawba,2022-02-12
4,24,8,16,2,Catawba,2022-02-20
9,79,37,42,2,Catawba,2022-02-16
16,91,49,42,2,Catawba,2022-02-14
23,244,110,134,2,Catawba,2022-02-01
28,351,138,213,2,Catawba,2022-01-26
31,317,108,209,2,Catawba,2022-01-27
43,452,178,274,2,Catawba,2022-01-21
45,605,228,377,2,Catawba,2022-01-20
75,724,274,450,2,Catawba,2022-01-19
2,64,20,44,2,Chatham,2022-01-23
0,29,1,28,2,Cherokee,2022-02-04
4,22,4,18,2,Cherokee,2022-02-11
5,31,2,29,2,Chowan,2022-01-27
0,16,2,14,2,Cleveland,2022-02-23
1,10,1,9,2,Cleveland,2022-02-26
4,33,9,24,2,Cleveland,2022-02-18
5,61,7,54,2,Cleveland,2022-02-05
5,67,18,49,2,Cleveland,2022-02-10
6,57,10,47,2,Cleveland,2022-02-11
10,61,11,50,2,Cleveland,2022-02-14
14,151,21,130,2,Cleveland,2022-02-02
37,385,69,316,2,Cleveland,2022-01-19
16,187,64,123,2,Columbus,2022-01-20
35,326,116,210,2,Columbus,2022-01-18
35,266,107,159,2,Columbus,2022-01-24
0,33,0,33,2,Craven,2022-01-22
2,38,11,27,2,Craven,2022-02-17
7,141,35,106,2,Craven,2022-02-01
7,106,30,76,2,Craven,2022-02-03
7,61,12,49,2,Craven,2022-02-14
8,162,34,128,2,Craven,2022-01-28
9,120,19,101,2,Craven,2022-02-02
17,386,88,298,2,Craven,2022-01-24
22,507,136,371,2,Craven,2022-01-18
2,26,8,18,2,Cumberland,2022-02-20
2,11,3,8,2,Cumberland,2022-03-05
3,18,2,16,2,Cumberland,2022-03-04
8,139,16,123,2,Cumberland,2022-02-16
8,72,13,59,2,Cumberland,2022-02-23
9,93,18,75,2,Cumberland,2022-02-06
9,77,16,61,2,Cumberland,2022-04-26
11,122,26,96,2,Cumberland,2022-02-17
12,114,6,108,2,Cumberland,2022-02-22
12,111,19,92,2,Cumberland,2022-05-09
14,209,12,197,2,Cumberland,2022-01-22
15,209,21,188,2,Cumberland,2022-01-29
16,292,72,220,2,Cumberland,2022-02-08
24,305,62,243,2,Cumberland,2022-02-07
32,366,45,321,2,Cumberland,2022-02-04
38,724,58,666,2,Cumberland,2022-01-26
44,438,57,381,2,Cumberland,2022-02-02
95,1631,159,1472,2,Cumberland,2022-01-18
96,1461,126,1335,2,Cumberland,2022-01-19
0,7,0,7,2,Dare,2022-02-20
3,15,4,11,2,Davidson,2022-03-02
4,28,2,26,2,Davidson,2022-02-13
5,105,16,89,2,Davidson,2022-01-22
6,33,5,28,2,Davidson,2022-07-04
9,133,29,104,2,Davidson,2022-02-07
13,101,11,90,2,Davidson,2022-02-08
14,152,23,129,2,Davidson,2022-01-23
27,258,34,224,2,Davidson,2022-01-31
5,60,13,47,2,Davie,2022-01-27
8,93,20,73,2,Davie,2022-01-31
0,3,1,2,2,Duplin,2022-03-08
1,9,2,7,2,Duplin,2022-02-05
3,22,8,14,2,Duplin,2022-02-15
4,40,13,27,2,Duplin,2022-02-08
10,99,51,48,2,Duplin,2022-01-28
18,170,60,110,2,Duplin,2022-01-25
2,18,2,16,2,Durham,2022-02-27
2,31,1,30,2,Durham,2022-03-21
3,73,12,61,2,Durham,2022-02-18
7,128,11,117,2,Durham,2022-02-11
16,333,30,303,2,Durham,2022-01-28
23,422,11,411,2,Durham,2022-01-23
41,634,41,593,2,Durham,2022-01-26
45,914,33,881,2,Durham,2022-01-20
4,43,1,42,2,Edgecombe,2022-01-28
23,216,7,209,2,Edgecombe,2022-01-18
0,17,3,14,2,Forsyth,2022-03-04
2,25,1,24,2,Forsyth,2022-02-26
3,36,6,30,2,Forsyth,2022-02-25
6,153,13,140,2,Forsyth,2022-02-05
7,56,7,49,2,Forsyth,2022-02-23
10,186,17,169,2,Forsyth,2022-01-29
10,122,23,99,2,Forsyth,2022-02-15
13,94,21,73,2,Forsyth,2022-04-25
21,153,28,125,2,Forsyth,2022-06-30
22,301,24,277,2,Forsyth,2022-01-23
41,694,72,622,2,Forsyth,2022-01-26
29,361,27,334,2,Franklin,2022-01-24
0,2,1,1,2,Gaston,2022-03-11
0,1,0,1,2,Gaston,2022-03-12
2,51,9,42,2,Gaston,2022-02-13
2,18,7,11,2,Gaston,2022-03-01
8,92,19,73,2,Gaston,2022-02-06
9,77,13,64,2,Gaston,2022-02-17
13,154,31,123,2,Gaston,2022-01-30
13,116,38,78,2,Gaston,2022-02-14
19,216,43,173,2,Gaston,2022-02-03
41,357,86,271,2,Gaston,2022-01-31
47,450,98,352,2,Gaston,2022-01-26
51,525,103,422,2,Gaston,2022-01-21
68,713,141,572,2,Gaston,2022-01-20
12,115,9,106,2,Granville,2022-01-25
,0,0,0,2,Greene,2022-03-15
0,47,10,37,2,Guilford,2022-02-25
0,23,6,17,2,Guilford,2022-03-09
0,7,1,6,2,Guilford,2022-03-13
0,13,4,9,2,Guilford,2022-03-25
0,9,1,8,2,Guilford,2022-03-27
2,21,8,13,2,Guilford,2022-02-27
5,42,8,34,2,Guilford,2022-04-09
6,91,26,65,2,Guilford,2022-04-13
7,112,14,98,2,Guilford,2022-02-12
10,198,41,157,2,Guilford,2022-02-15
12,226,45,181,2,Guilford,2022-02-09
14,178,40,138,2,Guilford,2022-02-14
14,97,11,86,2,Guilford,2022-06-11
14,147,20,127,2,Guilford,2022-06-14
14,144,19,125,2,Guilford,2022-06-23
15,213,33,180,2,Guilford,2022-01-29
19,151,17,134,2,Guilford,2022-06-24
27,436,87,349,2,Guilford,2022-02-02
0,8,0,8,2,Halifax,2022-02-22
0,1,0,1,2,Halifax,2022-03-13
2,29,10,19,2,Halifax,2022-02-04
3,34,8,26,2,Halifax,2022-02-03
18,172,34,138,2,Halifax,2022-01-24
9,177,54,123,2,Harnett,2022-02-01
21,267,53,214,2,Harnett,2022-01-26
34,500,109,391,2,Harnett,2022-01-24
0,27,10,17,2,Haywood,2022-02-11
0,4,1,3,2,Haywood,2022-03-04
0,7,2,5,2,Haywood,2022-03-08
1,22,5,17,2,Haywood,2022-02-15
1,11,3,8,2,Haywood,2022-03-07
1,3,1,2,2,Haywood,2022-03-09
3,13,8,5,2,Haywood,2022-02-20
4,65,19,46,2,Haywood,2022-02-03
8,44,25,19,2,Haywood,2022-02-21
0,7,2,5,2,Henderson,2022-03-10
2,19,8,11,2,Henderson,2022-04-26
6,55,19,36,2,Henderson,2022-01-30
7,78,23,55,2,Henderson,2022-01-22
7,49,21,28,2,Henderson,2022-02-05
8,123,40,83,2,Henderson,2022-02-02
9,38,19,19,2,Henderson,2022-02-21
11,92,37,55,2,Henderson,2022-01-23
15,156,50,106,2,Henderson,2022-01-27
18,136,53,83,2,Henderson,2022-01-28
29,276,100,176,2,Henderson,2022-01-19
1,51,11,40,2,Hoke,2022-02-03
4,77,4,73,2,Hoke,2022-01-28
7,116,19,97,2,Hoke,2022-01-26
0,2,1,1,2,Iredell,2022-03-05
1,37,9,28,2,Iredell,2022-02-12
2,36,14,22,2,Iredell,2022-02-13
3,91,21,70,2,Iredell,2022-01-29
3,43,14,29,2,Iredell,2022-02-18
5,106,45,61,2,Iredell,2022-02-09
7,91,33,58,2,Iredell,2022-06-27
20,334,113,221,2,Iredell,2022-01-21
30,334,102,232,2,Iredell,2022-01-31
32,505,158,347,2,Iredell,2022-01-20
0,5,3,2,2,Johnston,2022-03-27
1,31,8,23,2,Johnston,2022-02-19
1,24,2,22,2,Johnston,2022-03-01
2,41,13,28,2,Johnston,2022-02-13
2,16,3,13,2,Johnston,2022-02-26
6,86,21,65,2,Johnston,2022-02-16
9,97,17,80,2,Johnston,2022-01-22
11,109,26,83,2,Johnston,2022-02-10
11,88,19,69,2,Johnston,2022-02-15
21,409,59,350,2,Johnston,2022-01-27
1,23,3,20,2,Lee,2022-01-22
0,6,3,3,2,Lenoir,2022-02-17
0,9,4,5,2,Lenoir,2022-02-28
0,4,0,4,2,Lenoir,2022-03-01
0,2,0,2,2,Lenoir,2022-03-23
5,32,11,21,2,Lenoir,2022-02-08
8,104,27,77,2,Lenoir,2022-01-27
10,99,17,82,2,Lenoir,2022-01-28
0,1,0,1,2,Lincoln,2022-03-16
5,49,11,38,2,Lincoln,2022-02-10
6,45,11,34,2,Lincoln,2022-01-29
12,78,22,56,2,Lincoln,2022-02-07
18,185,61,124,2,Lincoln,2022-01-21
21,163,69,94,2,Lincoln,2022-01-31
23,286,67,219,2,Lincoln,2022-01-18
33,253,69,184,2,Lincoln,2022-01-20
1,16,2,14,2,Macon,2022-02-10
5,61,18,43,2,Macon,2022-01-19
4,18,0,18,2,Martin,2022-02-03
6,91,28,63,2,McDowell,2022-02-07
15,147,51,96,2,McDowell,2022-01-20
0,49,17,32,2,Mecklenburg,2022-03-17
1,22,4,18,2,Mecklenburg,2022-03-20
4,93,18,75,2,Mecklenburg,2022-03-01
5,137,28,109,2,Mecklenburg,2022-02-25
5,66,12,54,2,Mecklenburg,2022-03-08
9,129,23,106,2,Mecklenburg,2022-02-28
13,237,41,196,2,Mecklenburg,2022-02-17
24,218,43,175,2,Mecklenburg,2022-04-19
25,264,43,221,2,Mecklenburg,2022-06-04
30,398,69,329,2,Mecklenburg,2022-02-11
41,400,52,348,2,Mecklenburg,2022-05-04
47,498,79,419,2,Mecklenburg,2022-05-23
79,603,79,524,2,Mecklenburg,2022-07-06
2,10,0,10,2,Montgomery,2022-02-05
0,23,3,20,2,Moore,2022-02-12
0,3,1,2,2,Moore,2022-03-09
1,26,5,21,2,Moore,2022-01-30
1,50,6,44,2,Moore,2022-02-08
1,50,15,35,2,Moore,2022-02-11
1,39,10,29,2,Moore,2022-02-15
2,52,14,38,2,Moore,2022-02-09
5,48,8,40,2,Moore,2022-02-10
10,105,18,87,2,Moore,2022-02-02
23,309,52,257,2,Moore,2022-01-20
33,424,62,362,2,Moore,2022-01-19
0,1,0,1,2,Nash,2022-03-06
3,34,3,31,2,Nash,2022-02-10
4,28,5,23,2,Nash,2022-06-10
5,34,4,30,2,Nash,2022-01-30
10,82,11,71,2,Nash,2022-02-02
11,135,14,121,2,Nash,2022-01-26
22,282,34,248,2,Nash,2022-01-24
46,388,27,361,2,Nash,2022-01-19
0,10,2,8,2,New Hanover,2022-02-27
1,66,17,49,2,New Hanover,2022-02-16
1,20,9,11,2,New Hanover,2022-02-19
8,113,23,90,2,New Hanover,2022-01-29
8,208,34,174,2,New Hanover,2022-02-04
9,132,32,100,2,New Hanover,2022-02-08
12,299,62,237,2,New Hanover,2022-01-28
18,322,66,256,2,New Hanover,2022-01-31
62,872,297,575,2,New Hanover,2022-01-18
3,18,7,11,2,Northampton,2022-01-27
0,32,4,28,2,Onslow,2022-02-13
0,7,0,7,2,Onslow,2022-02-26
0,10,4,6,2,Onslow,2022-03-02
1,38,5,33,2,Onslow,2022-02-18
2,74,6,68,2,Onslow,2022-02-11
2,37,4,33,2,Onslow,2022-02-12
3,96,13,83,2,Onslow,2022-02-09
3,54,5,49,2,Onslow,2022-02-22
5,67,2,65,2,Onslow,2022-02-06
6,46,1,45,2,Onslow,2022-02-05
6,147,17,130,2,Onslow,2022-02-10
12,245,35,210,2,Onslow,2022-02-02
41,789,87,702,2,Onslow,2022-01-24
47,756,109,647,2,Onslow,2022-01-20
1,37,4,33,2,Orange,2022-02-18
22,556,20,536,2,Orange,2022-01-19
1,43,8,35,2,Pasquotank,2022-01-28
1,19,5,14,2,Pasquotank,2022-02-04
7,103,20,83,2,Pasquotank,2022-01-18
,0,0,0,2,Pender,2022-03-26
3,24,4,20,2,Pender,2022-02-11
3,74,3,71,2,Person,2022-01-25
1,20,1,19,2,Pitt,2022-02-12
1,18,0,18,2,Pitt,2022-02-20
1,7,1,6,2,Pitt,2022-02-26
18,246,10,236,2,Pitt,2022-01-23
42,483,38,445,2,Pitt,2022-01-25
46,449,52,397,2,Pitt,2022-01-26
109,1036,92,944,2,Pitt,2022-01-18
1,19,9,10,2,Polk,2022-01-28
0,16,3,13,2,Randolph,2022-02-20
0,10,2,8,2,Randolph,2022-03-07
0,3,0,3,2,Randolph,2022-03-17
0,3,1,2,2,Randolph,2022-04-08
2,26,4,22,2,Randolph,2022-02-12
2,44,12,32,2,Randolph,2022-02-16
3,21,7,14,2,Randolph,2022-02-13
4,46,7,39,2,Randolph,2022-02-06
7,32,9,23,2,Randolph,2022-02-17
11,87,34,53,2,Randolph,2022-02-04
13,157,39,118,2,Randolph,2022-02-01
17,161,33,128,2,Randolph,2022-01-23
19,271,69,202,2,Randolph,2022-01-26
30,323,108,215,2,Randolph,2022-01-21
33,396,98,298,2,Randolph,2022-01-24
0,9,2,7,2,Richmond,2022-01-22
1,5,1,4,2,Richmond,2022-02-06
2,14,3,11,2,Richmond,2022-01-29
6,53,22,31,2,Richmond,2022-02-07
19,149,39,110,2,Richmond,2022-01-20
20,179,47,132,2,Richmond,2022-01-24
0,16,7,9,2,Robeson,2022-02-23
1,12,6,6,2,Robeson,2022-02-25
1,3,0,3,2,Robeson,2022-03-13
3,28,16,12,2,Robeson,2022-02-21
4,74,18,56,2,Robeson,2022-02-08
4,32,9,23,2,Robeson,2022-02-17
5,56,23,33,2,Robeson,2022-02-09
5,23,9,14,2,Robeson,2022-02-18
7,87,31,56,2,Robeson,2022-01-21
8,37,23,14,2,Robeson,2022-07-02
24,111,50,61,2,Robeson,2022-02-07
0,14,2,12,2,Rockingham,2022-02-13
0,12,3,9,2,Rockingham,2022-06-18
1,15,1,14,2,Rockingham,2022-02-25
1,13,0,13,2,Rockingham,2022-03-02
3,72,8,64,2,Rockingham,2022-02-03
3,63,4,59,2,Rockingham,2022-02-04
12,209,21,188,2,Rockingham,2022-01-21
15,130,9,121,2,Rockingham,2022-01-31
,0,0,0,2,Rowan,2022-03-05
,0,0,0,2,Rowan,2022-03-19
0,6,2,4,2,Rowan,2022-03-10
0,4,0,4,2,Rowan,2022-03-20
1,12,1,11,2,Rowan,2022-02-24
3,22,2,20,2,Rowan,2022-04-26
4,36,6,30,2,Rowan,2022-02-21
7,104,9,95,2,Rowan,2022-02-04
13,108,35,73,2,Rowan,2022-01-23
15,256,38,218,2,Rowan,2022-01-21
0,9,2,7,2,Rutherford,2022-02-13
5,90,38,52,2,Rutherford,2022-02-01
6,73,14,59,2,Rutherford,2022-02-03
6,46,15,31,2,Rutherford,2022-02-09
8,205,128,77,2,Rutherford,2022-01-25
0,7,3,4,2,Sampson,2022-02-06
0,34,10,24,2,Sampson,2022-02-08
0,2,0,2,2,Sampson,2022-02-20
1,18,7,11,2,Sampson,2022-02-23
3,28,13,15,2,Sampson,2022-02-16
5,156,55,101,2,Sampson,2022-01-26
10,192,73,119,2,Sampson,2022-01-25
33,278,75,203,2,Sampson,2022-01-19
0,12,7,5,2,Scotland,2022-01-30
4,33,8,25,2,Scotland,2022-02-01
11,115,35,80,2,Scotland,2022-01-24
0,5,0,5,2,Stanly,2022-03-01
8,62,30,32,2,Stanly,2022-01-23
10,52,3,49,2,Stanly,2022-02-04
18,109,14,95,2,Stanly,2022-01-31
0,12,0,12,2,Stokes,2022-02-12
1,19,5,14,2,Stokes,2022-01-29
1,3,0,3,2,Stokes,2022-03-05
2,41,5,36,2,Stokes,2022-02-03
3,27,2,25,2,Stokes,2022-02-10
10,106,18,88,2,Stokes,2022-01-25
17,131,19,112,2,Stokes,2022-01-18
,0,0,0,2,Surry,2022-03-19
0,7,0,7,2,Surry,2022-03-14
1,7,2,5,2,Surry,2022-03-03
2,58,29,29,2,Surry,2022-01-30
3,22,7,15,2,Surry,2022-02-22
4,47,12,35,2,Surry,2022-02-11
4,33,14,19,2,Surry,2022-07-10
2,8,2,6,2,Swain,2022-02-09
0,24,3,21,2,Transylvania,2022-02-04
0,14,1,13,2,Union,2022-03-28
1,14,5,9,2,Union,2022-03-08
3,41,11,30,2,Union,2022-02-21
5,53,15,38,2,Union,2022-02-18
8,87,16,71,2,Union,2022-02-14
9,180,45,135,2,Union,2022-02-02
10,170,44,126,2,Union,2022-02-07
12,98,28,70,2,Union,2022-02-09
28,297,61,236,2,Union,2022-01-28
49,568,107,461,2,Union,2022-01-21
0,4,2,2,2,Vance,2022-04-11
4,24,3,21,2,Vance,2022-01-30
1,43,7,36,2,Wake,2022-03-06
1,97,4,93,2,Wake,2022-03-08
4,45,8,37,2,Wake,2022-03-20
5,124,9,115,2,Wake,2022-03-03
5,62,9,53,2,Wake,2022-03-12
6,83,7,76,2,Wake,2022-03-10
6,122,12,110,2,Wake,2022-03-21
9,219,31,188,2,Wake,2022-02-24
14,243,17,226,2,Wake,2022-04-14
15,295,29,266,2,Wake,2022-02-22
28,383,39,344,2,Wake,2022-02-21
34,572,51,521,2,Wake,2022-02-11
36,757,46,711,2,Wake,2022-02-05
36,444,66,378,2,Wake,2022-05-15
43,666,62,604,2,Wake,2022-05-02
51,609,63,546,2,Wake,2022-06-13
68,1102,98,1004,2,Wake,2022-02-03
74,992,92,900,2,Wake,2022-05-09
88,930,103,827,2,Wake,2022-06-01
141,3109,212,2897,2,Wake,2022-01-25
317,5341,291,5050,2,Wake,2022-01-19
1,37,14,23,2,Watauga,2022-02-09
3,24,6,18,2,Watauga,2022-01-22
4,38,9,29,2,Watauga,2022-01-23
4,80,38,42,2,Watauga,2022-01-28
0,1,1,0,2,Wayne,2022-03-19
3,58,4,54,2,Wayne,2022-01-30
5,51,22,29,2,Wayne,2022-02-09
8,99,61,38,2,Wayne,2022-02-07
14,164,61,103,2,Wayne,2022-01-28
17,191,82,109,2,Wayne,2022-01-31
45,434,206,228,2,Wayne,2022-01-24
2,45,22,23,2,Wilkes,2022-02-11
2,28,9,19,2,Wilkes,2022-02-17
3,32,10,22,2,Wilkes,2022-02-16
5,101,69,32,2,Wilkes,2022-02-08
10,200,44,156,2,Wilkes,2022-01-24
10,55,16,39,2,Wilkes,2022-02-07
13,105,36,69,2,Wilkes,2022-01-27
1,28,7,21,2,Wilson,2022-02-10
3,10,1,9,2,Wilson,2022-02-19
4,95,27,68,2,Wilson,2022-01-31
9,114,25,89,2,Wilson,2022-01-27
22,190,41,149,2,Wilson,2022-01-25
38,336,70,266,2,Wilson,2022-01-18
0,2,0,2,2,Yadkin,2022-03-22
2,2,1,1,2,Yadkin,2022-02-27
7,50,12,38,2,Yadkin,2022-02-02
2,45,29,16,2,Yancey,2022-01-18
3,32,9,23,3,Alamance,2022-02-13
12,88,10,78,3,Alamance,2022-02-10
13,141,12,129,3,Alamance,2022-02-02
13,140,15,125,3,Alamance,2022-02-04
18,205,15,190,3,Alamance,2022-01-28
21,239,27,212,3,Alamance,2022-01-31
46,555,44,511,3,Alamance,2022-01-19
47,557,77,480,3,Alamance,2022-01-18
1,10,0,10,3,Bertie,2022-01-29
2,48,10,38,3,Brunswick,2022-02-15
3,29,6,23,3,Brunswick,2022-02-19
4,88,6,82,3,Brunswick,2022-01-29
4,87,20,67,3,Brunswick,2022-01-30
4,114,19,95,3,Brunswick,2022-02-04
6,71,2,69,3,Brunswick,2022-02-05
6,59,9,50,3,Brunswick,2022-02-10
8,392,55,337,3,Brunswick,2022-01-24
45,482,77,405,3,Brunswick,2022-01-19
0,26,4,22,3,Buncombe,2022-03-07
0,37,7,30,3,Buncombe,2022-05-01
6,98,21,77,3,Buncombe,2022-01-29
7,178,77,101,3,Buncombe,2022-02-14
8,208,77,131,3,Buncombe,2022-02-08
8,116,57,59,3,Buncombe,2022-05-03
17,235,87,148,3,Buncombe,2022-02-04
21,219,98,121,3,Buncombe,2022-02-07
35,696,213,483,3,Buncombe,2022-01-20
7,97,30,67,3,Burke,2022-02-08
10,110,31,79,3,Burke,2022-02-03
23,291,92,199,3,Burke,2022-01-24
1,28,10,18,3,Cabarrus,2022-02-19
2,23,5,18,3,Cabarrus,2022-02-20
4,46,14,32,3,Cabarrus,2022-02-13
4,19,5,14,3,Cabarrus,2022-03-01
6,97,20,77,3,Cabarrus,2022-02-05
9,117,32,85,3,Cabarrus,2022-01-29
16,182,39,143,3,Cabarrus,2022-02-03
28,313,73,240,3,Cabarrus,2022-01-27
2,36,3,33,3,Caldwell,2022-02-05
5,45,8,37,3,Caldwell,2022-02-11
13,138,28,110,3,Caldwell,2022-02-01
24,187,38,149,3,Caldwell,2022-01-27
2,34,9,25,3,Catawba,2022-02-23
3,69,24,45,3,Catawba,2022-02-05
6,53,13,40,3,Catawba,2022-02-18
13,114,41,73,3,Catawba,2022-02-10
47,410,156,254,3,Catawba,2022-01-25
53,608,194,414,3,Catawba,2022-01-18
1,20,8,12,3,Cleveland,2022-02-22
3,60,8,52,3,Cleveland,2022-02-09
8,107,19,88,3,Cleveland,2022-02-07
16,93,18,75,3,Cleveland,2022-02-08
34,324,44,280,3,Cleveland,2022-01-20
6,45,18,27,3,Columbus,2022-02-03
8,123,52,71,3,Columbus,2022-01-26
4,42,4,38,3,Cumberland,2022-02-25
6,88,14,74,3,Cumberland,2022-02-12
9,110,10,100,3,Cumberland,2022-02-18
12,152,31,121,3,Cumberland,2022-02-11
24,174,48,126,3,Cumberland,2022-02-10
27,376,49,327,3,Cumberland,2022-02-03
36,618,80,538,3,Cumberland,2022-01-28
54,1030,73,957,3,Cumberland,2022-01-25
1,34,3,31,3,Davidson,2022-02-12
1,18,5,13,3,Davidson,2022-02-24
7,44,11,33,3,Davidson,2022-02-21
10,80,7,73,3,Davidson,2022-01-29
16,169,28,141,3,Davidson,2022-02-02
17,198,15,183,3,Davidson,2022-02-01
17,148,17,131,3,Davidson,2022-02-04
21,341,36,305,3,Davidson,2022-01-25
24,348,144,204,3,Duplin,2022-01-19
2,60,5,55,3,Durham,2022-02-13
21,314,19,295,3,Durham,2022-01-21
32,649,26,623,3,Durham,2022-01-25
2,4,1,3,3,Edgecombe,2022-02-06
10,94,12,82,3,Forsyth,2022-02-22
13,167,30,137,3,Forsyth,2022-02-10
13,132,18,114,3,Forsyth,2022-02-11
14,357,22,335,3,Forsyth,2022-01-22
15,287,34,253,3,Forsyth,2022-02-03
20,197,37,160,3,Forsyth,2022-02-09
56,787,88,699,3,Forsyth,2022-01-25
67,1002,136,866,3,Forsyth,2022-01-18
11,128,31,97,3,Gaston,2022-02-10
15,186,39,147,3,Gaston,2022-02-08
20,212,35,177,3,Gaston,2022-01-22
22,241,72,169,3,Gaston,2022-02-07
28,168,39,129,3,Gaston,2022-02-09
55,618,110,508,3,Gaston,2022-01-24
2,45,7,38,3,Guilford,2022-03-02
2,47,10,37,3,Guilford,2022-03-04
2,23,3,20,3,Guilford,2022-03-15
3,184,39,145,3,Guilford,2022-02-11
3,104,27,77,3,Guilford,2022-02-22
4,94,32,62,3,Guilford,2022-02-23
5,91,24,67,3,Guilford,2022-02-13
6,158,36,122,3,Guilford,2022-02-16
9,117,21,96,3,Guilford,2022-02-06
12,238,41,197,3,Guilford,2022-02-08
15,161,26,135,3,Guilford,2022-06-10
19,300,56,244,3,Guilford,2022-02-07
21,210,32,178,3,Guilford,2022-05-24
30,472,82,390,3,Guilford,2022-02-01
50,897,85,812,3,Guilford,2022-01-25
0,15,4,11,3,Halifax,2022-01-30
0,23,6,17,3,Harnett,2022-02-13
4,70,13,57,3,Harnett,2022-02-10
14,392,119,273,3,Harnett,2022-01-25
6,22,10,12,3,Henderson,2022-02-13
9,100,32,68,3,Henderson,2022-02-03
9,92,34,58,3,Henderson,2022-02-09
12,147,54,93,3,Henderson,2022-01-26
30,263,117,146,3,Henderson,2022-01-20
5,101,32,69,3,Iredell,2022-01-30
10,175,55,120,3,Iredell,2022-01-22
32,376,106,270,3,Iredell,2022-01-26
43,568,220,348,3,Iredell,2022-01-18
6,99,24,75,3,Johnston,2022-02-11
8,69,15,54,3,Johnston,2022-02-12
11,142,31,111,3,Johnston,2022-02-08
13,125,27,98,3,Johnston,2022-01-30
20,186,44,142,3,Johnston,2022-02-04
42,600,110,490,3,Johnston,2022-01-25
4,34,7,27,3,Lee,2022-02-08
4,24,5,19,3,Lenoir,2022-02-09
10,90,23,67,3,Lincoln,2022-02-04
35,337,83,254,3,Lincoln,2022-01-19
11,107,27,80,3,Macon,2022-01-20
3,60,21,39,3,McDowell,2022-02-10
9,38,12,26,3,McDowell,2022-02-11
3,122,28,94,3,Mecklenburg,2022-02-20
6,193,24,169,3,Mecklenburg,2022-02-12
6,176,29,147,3,Mecklenburg,2022-02-13
6,80,13,67,3,Mecklenburg,2022-03-03
14,221,37,184,3,Mecklenburg,2022-02-18
20,299,43,256,3,Mecklenburg,2022-02-16
23,354,44,310,3,Mecklenburg,2022-02-05
31,456,81,375,3,Mecklenburg,2022-02-10
55,910,130,780,3,Mecklenburg,2022-02-02
82,1333,153,1180,3,Mecklenburg,2022-01-27
0,19,4,15,3,Moore,2022-02-06
17,182,34,148,3,Moore,2022-01-26
4,27,2,25,3,Nash,2022-02-15
26,163,26,137,3,Nash,2022-01-31
0,20,3,17,3,New Hanover,2022-02-25
1,41,15,26,3,New Hanover,2022-02-12
1,90,28,62,3,New Hanover,2022-02-14
4,53,12,41,3,New Hanover,2022-02-21
17,196,53,143,3,New Hanover,2022-02-03
19,508,128,380,3,New Hanover,2022-01-25
26,361,78,283,3,New Hanover,2022-01-27
31,769,217,552,3,New Hanover,2022-01-24
4,49,12,37,3,Northampton,2022-01-24
1,7,2,5,3,Onslow,2022-03-10
2,59,6,53,3,Onslow,2022-02-16
4,199,37,162,3,Onslow,2022-02-03
7,273,22,251,3,Onslow,2022-01-23
10,159,22,137,3,Onslow,2022-02-04
21,305,39,266,3,Onslow,2022-01-27
28,515,88,427,3,Onslow,2022-01-25
1,11,2,9,3,Pitt,2022-02-19
3,48,7,41,3,Pitt,2022-02-05
25,241,24,217,3,Pitt,2022-02-01
1,51,12,39,3,Randolph,2022-02-14
1,31,7,24,3,Randolph,2022-02-18
1,36,12,24,3,Randolph,2022-02-21
5,44,15,29,3,Randolph,2022-02-05
11,84,29,55,3,Randolph,2022-02-09
31,404,107,297,3,Randolph,2022-01-20
3,53,22,31,3,Robeson,2022-01-29
3,44,15,29,3,Robeson,2022-02-11
4,56,24,32,3,Robeson,2022-01-30
5,49,27,22,3,Robeson,2022-02-05
11,166,57,109,3,Robeson,2022-01-28
15,193,59,134,3,Robeson,2022-01-27
0,2,0,2,3,Rockingham,2022-03-09
1,38,1,37,3,Rockingham,2022-01-29
8,72,8,64,3,Rockingham,2022-02-02
9,84,22,62,3,Rowan,2022-01-22
9,82,9,73,3,Rowan,2022-02-10
9,68,4,64,3,Rowan,2022-02-11
28,279,43,236,3,Rowan,2022-01-26
50,477,89,388,3,Rowan,2022-01-24
4,55,12,43,3,Rutherford,2022-02-04
13,116,43,73,3,Rutherford,2022-01-31
18,194,76,118,3,Rutherford,2022-01-24
1,14,2,12,3,Stokes,2022-02-18
2,56,9,47,3,Stokes,2022-01-22
5,74,24,50,3,Surry,2022-02-08
6,40,15,25,3,Surry,2022-02-06
8,65,25,40,3,Surry,2022-02-04
10,66,33,33,3,Surry,2022-01-23
4,58,17,41,3,Union,2022-02-12
5,107,22,85,3,Union,2022-02-11
10,127,33,94,3,Union,2022-01-29
14,213,38,175,3,Union,2022-01-22
49,666,120,546,3,Union,2022-01-24
54,673,131,542,3,Union,2022-01-20
0,2,2,0,3,Vance,2022-02-19
1,70,8,62,3,Wake,2022-03-18
15,464,26,438,3,Wake,2022-01-22
19,393,45,348,3,Wake,2022-02-17
23,373,37,336,3,Wake,2022-02-18
23,271,24,247,3,Wake,2022-02-23
25,528,63,465,3,Wake,2022-01-30
61,1348,92,1256,3,Wake,2022-02-02
98,1831,134,1697,3,Wake,2022-01-28
129,2544,162,2382,3,Wake,2022-01-26
230,4144,230,3914,3,Wake,2022-01-20
342,6162,398,5764,3,Wake,2022-01-18
2,22,13,9,3,Wayne,2022-02-28
8,82,36,46,3,Wayne,2022-02-10
16,156,36,120,3,Wayne,2022-01-21
26,345,167,178,3,Wayne,2022-01-25
4,50,30,20,3,Wilkes,2022-01-30
7,80,29,51,3,Wilkes,2022-02-03
11,71,26,45,3,Wilkes,2022-02-04
14,182,79,103,3,Wilkes,2022-01-18
1,13,2,11,3,Wilson,2022-02-13
4,61,5,56,3,Wilson,2022-02-03
8,79,22,57,3,Wilson,2022-01-28
0,57,9,48,4,Alamance,2022-02-05
16,276,29,247,4,Alamance,2022-01-27
19,301,68,233,4,Brunswick,2022-01-25
7,86,27,59,4,Buncombe,2022-02-13
7,93,24,69,4,Buncombe,2022-02-16
21,426,117,309,4,Buncombe,2022-01-26
29,367,138,229,4,Buncombe,2022-01-31
33,449,142,307,4,Buncombe,2022-01-25
7,139,50,89,4,Burke,2022-02-07
7,75,15,60,4,Cabarrus,2022-02-15
10,235,70,165,4,Cabarrus,2022-02-02
44,654,151,503,4,Cabarrus,2022-01-19
3,81,22,59,4,Caldwell,2022-02-07
2,21,10,11,4,Catawba,2022-03-09
7,148,74,74,4,Catawba,2022-02-08
14,114,48,66,4,Catawba,2022-02-09
40,332,52,280,4,Cleveland,2022-01-24
5,34,7,27,4,Cumberland,2022-02-19
12,94,13,81,4,Davidson,2022-02-09
0,21,3,18,4,Forsyth,2022-03-10
2,34,5,29,4,Forsyth,2022-03-01
3,100,21,79,4,Forsyth,2022-02-18
20,289,33,256,4,Forsyth,2022-02-04
42,543,64,479,4,Forsyth,2022-01-27
49,550,88,462,4,Forsyth,2022-01-31
3,30,7,23,4,Gaston,2022-02-20
4,46,8,38,4,Gaston,2022-02-23
27,310,69,241,4,Gaston,2022-02-01
28,387,57,330,4,Gaston,2022-01-27
48,536,116,420,4,Gaston,2022-01-25
74,866,129,737,4,Gaston,2022-01-19
4,104,23,81,4,Guilford,2022-02-18
4,63,17,46,4,Guilford,2022-02-24
11,234,36,198,4,Guilford,2022-01-30
16,227,51,176,4,Guilford,2022-02-10
23,359,34,325,4,Guilford,2022-01-22
36,533,77,456,4,Guilford,2022-01-28
7,150,54,96,4,Haywood,2022-01-24
3,47,11,36,4,Iredell,2022-02-17
10,211,48,163,4,Iredell,2022-01-28
12,202,100,102,4,Iredell,2022-01-23
21,379,151,228,4,Iredell,2022-01-25
4,104,21,83,4,Johnston,2022-01-29
13,229,36,193,4,Johnston,2022-02-03
17,146,48,98,4,Lincoln,2022-01-27
24,324,63,261,4,Mecklenburg,2022-02-15
25,497,82,415,4,Mecklenburg,2022-02-09
48,442,49,393,4,Mecklenburg,2022-06-23
93,1755,310,1445,4,Mecklenburg,2022-01-21
129,2161,336,1825,4,Mecklenburg,2022-01-24
6,73,14,59,4,Moore,2022-02-07
2,39,7,32,4,New Hanover,2022-02-22
10,90,10,80,4,Onslow,2022-01-22
14,326,37,289,4,Onslow,2022-01-28
41,242,83,159,4,Randolph,2022-01-31
1,10,3,7,4,Robeson,2022-03-01
15,156,74,82,4,Robeson,2022-01-23
57,528,148,380,4,Robeson,2022-01-20
5,83,13,70,4,Rockingham,2022-01-22
27,284,40,244,4,Rockingham,2022-01-20
2,19,1,18,4,Stokes,2022-02-17
3,30,12,18,4,Surry,2022-02-15
6,81,28,53,4,Surry,2022-01-22
6,56,17,39,4,Surry,2022-01-29
9,88,24,64,4,Union,2022-02-06
10,176,73,103,4,Union,2022-02-04
0,52,8,44,4,Wake,2022-03-05
5,96,7,89,4,Wake,2022-03-09
23,452,62,390,4,Wake,2022-02-15
25,381,28,353,4,Wake,2022-02-12
56,1062,89,973,4,Wake,2022-02-04
72,901,72,829,4,Wake,2022-05-11
224,4436,289,4147,4,Wake,2022-01-24
6,93,43,50,4,Wayne,2022-02-04
9,212,83,129,4,Wilkes,2022-01-20
16,136,40,96,4,Wilkes,2022-01-25
10,143,27,116,4,Wilson,2022-01-26
6,64,10,54,5,Alamance,2022-02-06
0,11,4,7,5,Bladen,2022-02-10
1,40,14,26,5,Buncombe,2022-02-20
10,115,25,90,5,Buncombe,2022-02-05
38,629,218,411,5,Buncombe,2022-01-24
0,7,2,5,5,Catawba,2022-03-17
22,197,76,121,5,Catawba,2022-02-02
29,287,116,171,5,Catawba,2022-01-28
2,40,7,33,5,Cumberland,2022-02-13
10,246,41,205,5,Cumberland,2022-01-23
38,684,65,619,5,Cumberland,2022-01-27
96,1587,133,1454,5,Cumberland,2022-01-24
1,32,1,31,5,Forsyth,2022-02-20
8,64,8,56,5,Forsyth,2022-02-12
9,203,26,177,5,Forsyth,2022-01-30
35,496,65,431,5,Forsyth,2022-01-28
70,1165,120,1045,5,Forsyth,2022-01-20
97,1242,122,1120,5,Forsyth,2022-01-19
7,64,11,53,5,Gaston,2022-02-16
8,200,43,157,5,Gaston,2022-01-23
13,111,24,87,5,Gaston,2022-02-05
20,168,46,122,5,Gaston,2022-02-04
28,324,63,261,5,Gaston,2022-01-28
0,22,2,20,5,Guilford,2022-03-05
7,145,23,122,5,Guilford,2022-02-05
8,122,33,89,5,Guilford,2022-02-21
21,335,67,268,5,Guilford,2022-02-03
15,180,62,118,5,Henderson,2022-01-25
7,211,70,141,5,Iredell,2022-02-02
12,154,47,107,5,Iredell,2022-02-04
33,456,85,371,5,Johnston,2022-01-26
11,163,31,132,5,Mecklenburg,2022-02-23
66,772,113,659,5,Mecklenburg,2022-02-03
68,941,138,803,5,Mecklenburg,2022-02-01
174,2793,405,2388,5,Mecklenburg,2022-01-20
5,85,31,54,5,Randolph,2022-01-30
21,280,81,199,5,Randolph,2022-01-25
5,27,9,18,5,Surry,2022-02-17
10,109,34,75,5,Surry,2022-02-01
26,209,49,160,5,Union,2022-02-03
55,1189,98,1091,5,Wake,2022-02-07
104,1978,124,1854,5,Wake,2022-01-27
11,178,53,125,6,Catawba,2022-01-23
10,202,28,174,6,Cumberland,2022-01-30
39,509,49,460,6,Cumberland,2022-01-21
7,141,39,102,6,Forsyth,2022-02-16
10,99,33,66,6,Gaston,2022-02-15
11,76,17,59,6,Gaston,2022-02-12
16,167,29,138,6,Gaston,2022-01-29
29,549,90,459,6,Mecklenburg,2022-01-30
39,764,158,606,6,Mecklenburg,2022-01-22
65,1134,137,997,6,Mecklenburg,2022-01-28
123,1584,249,1335,6,Mecklenburg,2022-01-26
212,3257,445,2812,6,Mecklenburg,2022-01-18
21,298,35,263,6,Pitt,2022-01-27
26,137,32,105,6,Stokes,2022-01-20
11,232,38,194,6,Wake,2022-02-13
28,612,67,545,6,Wake,2022-01-29
34,620,62,558,6,Wake,2022-02-10
49,1072,124,948,6,Wake,2022-01-23
70,1108,150,958,6,Wake,2022-01-21
54,918,88,830,7,Forsyth,2022-01-21
32,488,47,441,7,Guilford,2022-01-23
68,1275,212,1063,7,Guilford,2022-01-18
78,1194,172,1022,7,Guilford,2022-01-24
81,1351,168,1183,7,Guilford,2022-01-20
23,341,48,293,7,Mecklenburg,2022-02-06
49,688,112,576,7,Mecklenburg,2022-02-07
204,3193,416,2777,7,Mecklenburg,2022-01-19
3,20,11,9,7,Surry,2022-02-12
27,330,81,249,8,Cabarrus,2022-01-28
11,109,21,88,8,Cleveland,2022-02-03
25,279,50,229,8,Forsyth,2022-02-07
85,731,134,597,8,Gaston,2022-01-18
14,321,47,274,8,Guilford,2022-02-04
29,514,96,418,8,Mecklenburg,2022-01-29
68,998,166,832,8,Mecklenburg,2022-01-23
40,888,87,801,8,Wake,2022-02-08
8,112,7,105,9,Forsyth,2022-02-06
52,751,106,645,9,Guilford,2022-01-26
78,1172,189,983,9,Mecklenburg,2022-01-31
70,1011,112,899,10,Forsyth,2022-01-24
49,654,93,561,10,Guilford,2022-01-27
9,69,9,60,10,Onslow,2022-01-29
45,578,109,469,11,Mecklenburg,2022-02-08
115,1811,304,1507,11,Mecklenburg,2022-01-25
53,670,92,578,12,Mecklenburg,2022-02-04
