Total Cases by Date of Specimen collection,Total Antigen Cases by Date of Specimen Collection,Total Molecular Cases by Date of Specimen Collection,Death by Date of Death,County,Date
83,37,46,0,Buncombe,2021-11-15
87,26,61,0,Johnston,2021-11-15
58,6,52,0,Durham,2021-11-15
69,14,55,0,Cumberland,2021-11-15
76,27,49,1,Cabarrus,2021-11-15
5,1,4,0,Bertie,2021-11-18
44,4,40,0,Davidson,2021-11-18
8,2,6,0,Vance,2021-11-18
67,24,43,0,Buncombe,2021-11-18
37,22,15,0,Surry,2021-11-18
20,4,16,0,New Hanover,2021-11-18
34,5,29,0,Nash,2021-11-15
1,1,0,0,Polk,2021-11-18
5,3,2,0,Macon,2021-11-18
11,1,10,0,Pasquotank,2021-11-15
26,3,23,0,Caldwell,2021-11-15
18,3,15,0,Moore,2021-11-15
8,3,5,0,Polk,2021-11-15
10,3,7,0,Person,2021-11-15
101,16,85,0,Guilford,2021-11-18
54,22,32,0,Henderson,2021-11-15
34,8,26,1,Stanly,2021-11-15
10,1,9,0,Stanly,2021-11-20
20,13,7,0,Henderson,2021-11-20
44,4,40,0,Durham,2021-11-18
20,0,20,0,Orange,2021-11-18
14,3,11,0,Stokes,2021-11-18
2,0,2,1,Martin,2021-11-18
69,18,51,2,Gaston,2021-11-18
66,16,50,3,Union,2021-11-18
6,0,6,0,Richmond,2021-11-18
15,7,8,0,Ashe,2021-11-15
40,8,32,0,Lincoln,2021-11-18
8,3,5,0,McDowell,2021-11-18
8,2,6,0,Lenoir,2021-11-18
17,8,9,0,Craven,2021-11-18
49,15,34,0,Catawba,2021-11-18
17,10,7,1,Sampson,2021-11-15
8,3,5,0,Granville,2021-11-15
6,0,6,0,Edgecombe,2021-11-20
2,2,0,0,Transylvania,2021-11-20
30,5,25,0,Rockingham,2021-11-18
7,4,3,0,Perquimans,2021-11-18
20,4,16,0,Wilkes,2021-11-20
29,5,24,1,Cabarrus,2021-11-20
5,2,3,1,Cleveland,2021-11-25
10,4,6,1,Buncombe,2021-11-25
23,6,17,0,Harnett,2021-11-15
14,10,4,1,Wayne,2021-11-20
11,2,9,0,Lincoln,2021-11-25
18,5,13,0,Guilford,2021-11-25
37,8,29,1,Wake,2021-11-25
25,10,15,0,Craven,2021-12-01
27,7,20,0,Robeson,2021-12-01
51,8,43,0,Brunswick,2021-12-01
110,30,80,1,Cabarrus,2021-12-01
23,9,14,0,Watauga,2021-12-01
21,2,19,0,Caldwell,2021-12-01
17,3,14,0,Craven,2021-12-04
10,4,6,0,Alexander,2021-11-20
41,6,35,1,Mecklenburg,2021-11-25
260,15,245,0,Wake,2021-12-04
28,2,26,1,Alamance,2021-12-04
13,3,10,0,Yancey,2021-12-04
18,5,13,0,Brunswick,2021-12-05
13,2,11,1,Craven,2021-12-05
7,1,6,0,Franklin,2021-12-05
4,1,3,0,Lee,2021-12-05
4,2,2,1,Camden,2021-12-01
33,3,30,0,Rowan,2021-12-05
388,41,347,0,Wake,2021-12-06
19,6,13,0,Watauga,2021-12-06
76,11,65,0,Durham,2021-12-06
85,10,75,1,Pitt,2021-12-06
24,5,19,0,Davie,2021-12-01
16,3,13,0,Granville,2021-12-01
31,21,10,0,Duplin,2021-12-01
8,0,8,0,Cherokee,2021-12-01
51,9,42,0,Cleveland,2021-12-06
18,7,11,1,Wilson,2021-12-06
21,7,14,0,Burke,2021-12-01
27,1,26,0,Orange,2021-12-01
7,1,6,0,Lenoir,2021-12-04
36,9,27,0,Johnston,2021-12-04
17,1,16,0,Franklin,2021-12-04
17,0,17,0,Moore,2021-12-04
45,21,24,0,Buncombe,2021-12-04
37,0,37,0,Davidson,2021-12-04
26,17,9,0,Wilkes,2021-12-04
13,4,9,0,McDowell,2021-12-04
45,15,30,1,Union,2021-12-05
15,1,14,0,Moore,2021-12-05
50,5,45,0,Gaston,2021-12-05
5,2,3,0,Carteret,2021-12-05
49,8,41,0,Cabarrus,2021-12-05
14,4,10,0,Chatham,2021-12-05
19,7,12,0,Wayne,2021-12-05
32,6,26,0,Alleghany,2021-12-06
6,2,4,0,Lenoir,2021-12-05
21,7,14,0,Person,2021-12-06
26,12,14,0,Alexander,2021-12-06
12,4,8,0,McDowell,2021-12-06
28,2,26,0,Bladen,2021-12-06
21,0,21,1,Nash,2021-12-06
26,0,26,0,Moore,2021-12-01
69,12,57,0,Onslow,2021-12-06
53,39,14,0,Wayne,2021-12-06
66,13,53,2,Brunswick,2021-12-06
26,11,15,0,Sampson,2021-12-01
15,2,13,0,Ashe,2021-12-01
15,2,13,0,Duplin,2021-12-04
9,0,9,1,Richmond,2021-12-04
2,1,1,0,Swain,2021-12-04
8,0,8,0,Anson,2021-12-06
332,46,286,2,Forsyth,2021-12-23
74,14,60,0,Brunswick,2021-12-23
65,14,51,1,Lincoln,2021-12-23
39,13,26,0,Craven,2021-12-23
125,9,116,0,Orange,2021-12-23
51,6,45,0,Cleveland,2021-12-23
648,113,535,1,Wake,2021-12-24
146,8,138,0,Pitt,2021-12-23
17,7,10,0,Craven,2021-12-24
53,9,44,0,Orange,2021-12-24
49,9,40,1,Rowan,2021-12-24
46,12,34,0,Hoke,2021-12-23
57,20,37,0,Catawba,2021-12-24
6,1,5,0,Beaufort,2021-11-18
4,0,4,0,Wilson,2021-11-20
5,1,4,1,Burke,2021-11-25
18,6,12,0,Craven,2021-11-15
4,2,2,0,Halifax,2021-11-15
13,4,9,0,Burke,2021-11-20
5,1,4,0,Orange,2021-11-25
12,3,9,0,Gaston,2021-11-25
9,0,9,0,Davie,2021-11-20
4,0,4,0,Moore,2021-11-20
34,9,25,0,Catawba,2021-12-05
12,4,8,0,Wilson,2021-12-05
10,0,10,0,Bladen,2021-12-01
20,2,18,0,Stanly,2021-12-01
6,1,5,0,Camden,2021-12-06
6,2,4,0,Transylvania,2021-12-06
8,3,5,0,Wayne,2021-11-25
2,1,1,0,Polk,2021-11-25
7,1,6,0,Hertford,2021-12-01
23,5,18,0,Lincoln,2021-12-04
10,8,2,0,Wilson,2021-12-04
13,2,11,1,Orange,2021-12-04
19,1,18,0,Orange,2021-12-05
21,1,20,0,Lenoir,2021-12-06
15,2,13,0,Edgecombe,2021-12-06
11,1,10,1,Cherokee,2021-12-06
28,18,10,0,Transylvania,2021-12-23
26,4,22,0,Lenoir,2021-12-23
56,0,56,0,Franklin,2021-12-23
6,0,6,0,Perquimans,2021-12-23
30,12,18,0,Rutherford,2021-12-23
21,16,5,0,Wilkes,2021-12-24
12,4,8,0,Pasquotank,2021-12-24
40,1,39,0,Moore,2021-12-24
10,3,7,0,Macon,2021-12-23
104,36,68,0,New Hanover,2021-12-24
47,13,34,0,Brunswick,2021-12-24
43,10,33,0,Nash,2021-12-24
33,10,23,0,Lincoln,2021-12-24
27,5,22,0,Burke,2021-12-24
4,2,2,0,Swain,2021-12-24
22,5,17,0,Vance,2021-12-24
22,6,16,0,Wilson,2021-12-24
48,13,35,0,Pasquotank,2021-12-27
49,17,32,0,Person,2021-12-27
364,73,291,2,Buncombe,2021-12-27
3640,212,3428,1,Wake,2021-12-27
20,4,16,0,Madison,2021-12-27
62,35,27,0,Alexander,2021-12-27
16,5,11,0,McDowell,2021-12-23
121,5,116,0,Edgecombe,2021-12-27
428,23,405,0,Pitt,2021-12-27
18,0,18,0,Beaufort,2021-12-23
115,16,99,2,Burke,2021-12-27
98,25,73,0,Granville,2021-12-27
117,42,75,0,Surry,2021-12-27
108,19,89,1,Caldwell,2021-12-27
47,9,38,0,Jackson,2021-12-27
41,16,25,0,Duplin,2021-12-27
50,12,38,0,Rutherford,2021-12-27
11,0,11,0,Chowan,2021-12-23
34,9,25,1,Carteret,2021-12-23
100,7,93,0,Moore,2021-12-27
30,6,24,1,Transylvania,2021-12-27
17,3,14,0,McDowell,2021-12-24
3,0,3,0,Beaufort,2021-12-24
3,1,2,0,Chowan,2021-12-24
102,32,70,1,Wilkes,2021-12-27
50,15,35,0,Anson,2021-12-27
58,29,29,1,Sampson,2021-12-27
7,4,3,0,Alleghany,2021-12-27
99,27,72,0,Craven,2021-12-27
57,12,45,0,Beaufort,2021-12-27
203,81,122,0,Catawba,2021-12-31
2141,438,1703,2,Mecklenburg,2021-12-31
45,8,37,0,McDowell,2021-12-31
567,41,526,0,Durham,2021-12-31
134,7,127,0,Orange,2021-12-31
132,24,108,0,Wilson,2021-12-31
24,9,15,0,Jackson,2021-12-31
281,81,200,1,Gaston,2021-12-31
110,13,97,0,Moore,2021-12-31
2,0,2,0,Madison,2021-12-24
23,8,15,0,Cherokee,2021-12-27
9,1,8,1,Anson,2021-12-23
4,2,2,0,Camden,2021-12-23
22,4,18,1,Caldwell,2021-12-24
9,0,9,0,Clay,2021-12-27
23,18,5,0,Washington,2021-12-27
7,3,4,0,Graham,2021-12-27
84,15,69,0,Lenoir,2021-12-31
257,84,173,2,New Hanover,2021-12-31
314,104,210,0,Union,2021-12-31
92,36,56,0,Vance,2021-12-31
65,30,35,0,Stokes,2021-12-31
312,71,241,2,Buncombe,2021-12-31
118,13,105,0,Franklin,2021-12-31
74,22,52,0,Craven,2021-12-31
69,39,30,0,Sampson,2021-12-31
69,30,39,0,Surry,2021-12-31
15,3,12,1,Madison,2021-12-31
294,25,269,2,Cumberland,2022-01-01
44,12,32,0,Caldwell,2022-01-01
103,11,92,0,Harnett,2022-01-01
65,3,62,1,Hoke,2022-01-01
26,3,23,2,Duplin,2022-01-01
94,8,86,0,Orange,2022-01-01
7,2,5,0,Cherokee,2022-01-01
65,7,58,0,Nash,2022-01-01
46,2,44,0,Brunswick,2022-01-01
15,3,12,1,Bladen,2022-01-01
132,45,87,1,Cabarrus,2022-01-01
14,2,12,0,Madison,2022-01-01
36,10,26,0,Person,2022-01-01
46,18,28,1,Wilson,2022-01-01
1321,132,1189,1,Wake,2022-01-02
145,7,138,0,Orange,2022-01-02
265,100,165,3,Cabarrus,2022-01-02
79,11,68,0,Caldwell,2022-01-02
38,7,31,0,Pasquotank,2022-01-02
337,36,301,1,Cumberland,2022-01-02
125,6,119,1,Moore,2022-01-02
54,15,39,1,Lincoln,2022-01-02
44,0,44,0,Chowan,2021-12-31
69,3,66,0,Richmond,2021-12-31
40,9,31,0,Carteret,2022-01-02
69,7,62,2,Burke,2022-01-02
72,17,55,0,Craven,2022-01-02
111,47,64,2,Randolph,2022-01-02
52,0,52,0,Bertie,2021-12-31
25,1,24,0,Washington,2021-12-31
6,0,6,1,Macon,2022-01-01
243,46,197,0,Buncombe,2022-01-02
1036,101,935,2,Forsyth,2022-01-03
645,169,476,0,New Hanover,2022-01-03
302,81,221,0,Cleveland,2022-01-03
74,5,69,0,Martin,2022-01-03
292,27,265,0,Franklin,2022-01-03
501,194,307,2,Catawba,2022-01-03
575,153,422,2,Union,2022-01-03
118,15,103,0,Pasquotank,2022-01-03
160,21,139,1,Lenoir,2022-01-03
253,55,198,0,Craven,2022-01-03
331,43,288,1,Brunswick,2022-01-03
156,74,82,1,Vance,2022-01-03
561,151,410,1,Buncombe,2022-01-03
44,24,20,0,Wilkes,2022-01-01
120,25,95,1,McDowell,2022-01-03
86,2,84,0,Chowan,2022-01-03
172,13,159,0,Hoke,2022-01-03
164,56,108,0,Lincoln,2022-01-03
180,78,102,0,Surry,2022-01-03
30,4,26,0,Duplin,2022-01-02
66,20,46,1,Wilson,2022-01-02
88,19,69,0,Wayne,2022-01-02
60,3,57,0,Franklin,2022-01-02
200,18,182,0,Pender,2022-01-03
9,4,5,0,Graham,2022-01-02
49,19,30,0,Rutherford,2022-01-02
49,14,35,0,Scotland,2022-01-02
38,6,32,0,McDowell,2022-01-02
22,16,6,0,Ashe,2022-01-02
42,7,35,0,Washington,2022-01-03
30,6,24,0,Clay,2022-01-03
58,12,46,0,Burke,2022-01-01
11,0,11,0,Chowan,2022-01-01
85,18,67,0,Anson,2022-01-03
35,8,27,1,Craven,2022-01-01
59,15,44,0,Chatham,2022-01-02
46,11,35,0,Scotland,2021-12-31
19,5,14,0,Camden,2022-01-03
24,16,8,0,Swain,2021-12-31
6667,305,6362,3,Wake,2022-01-04
1548,128,1420,0,Durham,2022-01-04
716,243,473,0,New Hanover,2022-01-04
204,21,183,0,Richmond,2022-01-04
340,71,269,1,Brunswick,2022-01-04
107,12,95,0,Anson,2022-01-04
156,37,119,0,Pender,2022-01-04
144,67,77,0,Duplin,2022-01-04
114,26,88,0,Rutherford,2022-01-04
159,40,119,1,Scotland,2022-01-04
16,12,4,0,Watauga,2022-01-01
62,11,51,0,Washington,2022-01-04
768,172,596,2,Union,2022-01-04
390,25,365,0,Franklin,2022-01-04
14,9,5,0,Transylvania,2022-01-01
154,49,105,0,Surry,2022-01-04
188,30,158,0,Chatham,2022-01-04
81,19,62,1,Macon,2022-01-03
46,9,37,0,Yadkin,2022-01-02
252,26,226,0,Hoke,2022-01-04
419,165,254,2,Catawba,2022-01-04
19,7,12,0,Gates,2022-01-04
44,3,41,1,Richmond,2022-01-02
2,1,1,0,Jones,2022-01-02
295,36,259,1,Moore,2022-01-04
30,3,27,0,Perquimans,2022-01-03
605,19,586,1,Nash,2022-01-04
61,0,61,0,Chowan,2022-01-04
144,26,118,0,Yadkin,2022-01-04
71,4,67,0,Macon,2022-01-04
78,22,56,0,Alexander,2022-01-04
71,15,56,0,Ashe,2022-01-04
41,17,24,0,Polk,2022-01-04
148,71,77,1,Wilkes,2022-01-04
116,44,72,2,Carteret,2022-01-04
84,16,68,0,Cherokee,2022-01-04
4120,688,3432,7,Mecklenburg,2022-01-11
5897,315,5582,1,Wake,2022-01-11
398,56,342,1,Cleveland,2022-01-11
1979,177,1802,6,Guilford,2022-01-11
662,79,583,1,Davidson,2022-01-11
127,8,119,0,Martin,2022-01-11
339,113,226,1,Lincoln,2022-01-11
1467,140,1327,2,Cumberland,2022-01-11
456,60,396,1,Brunswick,2022-01-11
586,25,561,0,Orange,2022-01-11
215,42,173,0,Scotland,2022-01-11
304,104,200,0,Craven,2022-01-11
202,82,120,1,Carteret,2022-01-11
309,79,230,0,Rutherford,2022-01-11
634,127,507,0,Harnett,2022-01-11
213,79,134,1,Wilkes,2022-01-11
373,28,345,0,Nash,2022-01-11
72,34,38,0,Pasquotank,2022-01-11
151,44,107,0,Alexander,2022-01-11
199,35,164,0,Yadkin,2022-01-11
19,1,18,0,Clay,2022-01-11
130,14,116,0,Vance,2022-01-11
37,10,27,0,Alleghany,2022-01-11
30,23,7,0,Graham,2022-01-11
336,70,266,2,Wilson,2022-01-18
693,255,438,1,Cabarrus,2022-01-18
1205,197,1008,1,Johnston,2022-01-18
196,46,150,2,Bladen,2022-01-18
1630,159,1471,2,Cumberland,2022-01-18
323,51,272,1,Stanly,2022-01-18
557,77,480,3,Alamance,2022-01-18
510,24,486,0,Orange,2022-01-18
183,80,103,3,Wilkes,2022-01-18
127,30,97,0,Davie,2022-01-18
1272,99,1173,1,Durham,2022-01-18
709,294,415,1,Wayne,2022-01-18
730,162,568,0,Harnett,2022-01-18
499,34,465,1,Nash,2022-01-18
72,12,60,0,Warren,2022-01-18
182,17,165,1,Caldwell,2022-01-18
257,42,215,0,Halifax,2022-01-18
82,13,69,0,Hertford,2022-01-18
104,25,79,0,Cherokee,2022-01-18
171,38,133,0,Greene,2022-01-18
231,69,162,1,Burke,2022-01-18
397,163,234,0,Duplin,2022-01-18
74,21,53,0,Northampton,2022-01-18
51,4,47,0,Caswell,2022-01-18
180,31,149,1,Person,2022-01-18
55,3,52,1,Madison,2022-01-18
46,29,17,0,Polk,2022-01-18
47,12,35,0,Jones,2022-01-18
17,5,12,0,Camden,2022-01-18
156,74,82,4,Robeson,2022-01-23
161,33,128,2,Randolph,2022-01-23
50,17,33,0,Lee,2022-01-23
431,10,421,2,Durham,2022-01-23
20,4,16,0,Currituck,2022-01-23
160,31,129,1,Johnston,2022-01-23
291,25,266,2,Forsyth,2022-01-23
108,35,73,2,Rowan,2022-01-23
25,8,17,1,Columbus,2022-01-23
64,20,44,1,Chatham,2022-01-23
65,11,54,0,Haywood,2022-01-23
449,142,307,4,Buncombe,2022-01-25
409,156,253,3,Catawba,2022-01-25
190,41,149,2,Wilson,2022-01-25
248,27,221,1,Nash,2022-01-25
662,27,635,3,Durham,2022-01-25
535,116,419,4,Gaston,2022-01-25
508,128,380,3,New Hanover,2022-01-25
30,10,20,0,Alleghany,2022-01-25
301,68,233,4,Brunswick,2022-01-25
118,18,100,0,Chatham,2022-01-25
285,12,273,1,Orange,2022-01-25
82,28,54,0,Scotland,2022-01-25
63,8,55,0,Madison,2022-01-25
268,97,171,0,Craven,2022-01-25
229,12,217,0,Franklin,2022-01-25
49,0,49,1,Chowan,2022-01-25
165,56,109,0,Carteret,2022-01-25
185,35,150,1,Lenoir,2022-01-25
241,35,206,1,Cleveland,2022-01-25
46,13,33,0,Martin,2022-01-25
30,1,29,0,Bertie,2022-01-25
340,162,178,3,Wayne,2022-01-25
29,13,16,0,Polk,2022-01-25
57,12,45,0,Cherokee,2022-01-25
16,3,13,0,Clay,2022-01-25
24,5,19,0,Perquimans,2022-01-25
29,15,14,0,Graham,2022-01-25
36,13,23,0,Swain,2022-01-25
21,0,21,0,Caswell,2022-01-23
32,7,25,0,Stokes,2022-01-23
14,0,14,0,Dare,2022-01-23
114,25,89,2,Wilson,2022-01-27
169,47,122,1,Craven,2022-01-27
187,42,145,0,Burke,2022-01-27
110,42,68,1,Duplin,2022-01-27
123,11,112,1,Nash,2022-01-27
313,73,240,3,Cabarrus,2022-01-27
185,38,147,3,Caldwell,2022-01-27
337,58,279,1,Union,2022-01-27
35,3,32,0,Avery,2022-01-27
375,113,262,1,Buncombe,2022-01-27
304,39,265,3,Onslow,2022-01-27
109,31,78,0,McDowell,2022-01-27
123,30,93,0,Rutherford,2022-01-27
162,6,156,0,Franklin,2022-01-27
52,13,39,0,Cherokee,2022-01-27
240,58,182,1,Brunswick,2022-01-27
182,7,175,1,Orange,2022-01-27
60,13,47,2,Davie,2022-01-27
49,10,39,0,Anson,2022-01-27
34,6,28,1,Madison,2022-01-27
18,10,8,0,Graham,2022-01-27
111,45,66,0,Sampson,2022-01-27
82,8,74,0,Granville,2022-01-27
63,12,51,0,Pasquotank,2022-01-27
57,13,44,0,Anson,2022-01-25
451,48,403,1,Durham,2022-01-31
326,137,189,1,Catawba,2022-01-31
188,36,152,2,Caldwell,2022-01-31
103,42,61,0,McDowell,2022-01-31
2118,143,1975,0,Wake,2022-01-31
181,79,102,1,Burke,2022-01-31
157,19,138,1,Cleveland,2022-01-31
1172,189,983,8,Mecklenburg,2022-01-31
171,9,162,0,Franklin,2022-01-31
323,66,257,1,New Hanover,2022-01-31
65,14,51,0,Bladen,2022-01-31
89,18,71,1,Lenoir,2022-01-31
236,80,156,0,Robeson,2022-01-31
437,55,382,0,Onslow,2022-01-31
121,43,78,1,Wilkes,2022-01-31
129,60,69,1,Columbus,2022-01-31
163,26,137,3,Nash,2022-01-31
322,98,224,3,Cabarrus,2022-01-31
72,25,47,0,Alexander,2022-01-31
74,19,55,1,Cherokee,2022-01-31
27,4,23,0,Currituck,2022-01-31
254,34,220,1,Brunswick,2022-01-31
106,46,60,1,Haywood,2022-01-31
62,8,54,1,Vance,2022-01-31
47,7,40,0,Madison,2022-01-31
35,15,20,0,Transylvania,2022-01-31
103,36,67,1,Sampson,2022-01-31
31,2,29,2,Chowan,2022-01-27
60,7,53,0,Bladen,2022-01-27
182,39,143,3,Cabarrus,2022-02-03
110,15,95,0,Harnett,2022-02-03
773,113,660,5,Mecklenburg,2022-02-03
278,32,246,1,Durham,2022-02-03
287,34,253,3,Forsyth,2022-02-03
21,5,16,0,Jones,2022-01-27
230,37,193,4,Johnston,2022-02-03
72,34,38,1,Watauga,2022-02-03
96,22,74,1,Caldwell,2022-02-03
20,1,19,1,Edgecombe,2022-02-03
45,18,27,3,Columbus,2022-02-03
30,7,23,1,Bladen,2022-02-03
14,3,11,0,Warren,2022-02-03
37,8,29,0,Madison,2022-02-03
160,15,145,0,Pitt,2022-02-03
53,29,24,0,Ashe,2022-02-03
35,11,24,1,Pasquotank,2022-02-03
120,24,96,1,Rowan,2022-02-07
226,29,197,1,Durham,2022-02-07
202,40,162,1,Johnston,2022-02-07
50,15,35,0,Granville,2022-02-07
45,27,18,0,Ashe,2022-02-07
138,28,110,1,Cabarrus,2022-02-07
53,7,46,0,Stanly,2022-02-07
261,39,222,1,Onslow,2022-02-07
43,18,25,1,Wilson,2022-02-07
56,21,35,0,Columbus,2022-02-07
108,36,72,1,Henderson,2022-02-07
17,6,11,1,Transylvania,2022-02-07
138,50,88,4,Burke,2022-02-07
111,37,74,0,Harnett,2022-02-07
70,17,53,0,Chatham,2022-02-07
36,10,26,0,Yancey,2022-02-07
99,61,38,2,Wayne,2022-02-07
40,11,29,0,Yadkin,2022-02-08
30,7,23,0,Avery,2022-02-07
887,88,799,8,Wake,2022-02-08
137,34,103,1,Cabarrus,2022-02-08
132,32,100,2,New Hanover,2022-02-08
45,9,36,0,Pasquotank,2022-01-31
149,74,75,4,Catawba,2022-02-08
12,2,10,0,Washington,2022-02-08
20,4,16,1,Macon,2022-02-08
35,15,20,0,Chatham,2022-02-08
143,35,108,1,Union,2022-02-08
4,0,4,0,Bertie,2022-02-08
495,81,414,5,Mecklenburg,2022-02-09
799,87,712,1,Wake,2022-02-09
15,1,14,0,Macon,2022-02-09
44,10,34,0,Anson,2022-01-31
51,9,42,0,Nash,2022-02-09
99,29,70,2,Union,2022-02-09
20,3,17,1,Transylvania,2022-02-09
117,31,86,0,Cabarrus,2022-02-09
95,10,85,1,Pitt,2022-02-09
177,70,107,0,Buncombe,2022-02-09
92,36,56,1,Burke,2022-02-09
109,20,89,1,Brunswick,2022-02-09
52,14,38,2,Moore,2022-02-09
40,17,23,2,Watauga,2022-02-09
46,15,31,2,Rutherford,2022-02-09
23,7,16,0,Richmond,2022-02-09
42,9,33,0,Carteret,2022-02-09
13,8,5,0,Graham,2022-02-09
62,10,52,0,Granville,2022-02-09
25,1,24,0,Edgecombe,2022-02-09
7,0,7,1,Beaufort,2022-02-13
32,9,23,3,Alamance,2022-02-13
4,1,3,0,Pender,2022-02-13
27,6,21,0,Moore,2022-02-13
9,0,9,0,Perquimans,2021-12-31
9,3,6,0,Clay,2021-12-31
35,2,33,0,Bladen,2022-01-02
4,2,2,0,Alleghany,2022-01-02
16,0,16,0,Martin,2021-12-31
3,3,0,0,Graham,2022-01-01
5,3,2,0,Washington,2022-01-01
26,16,10,0,Watauga,2022-01-02
13,0,13,0,Hyde,2022-01-04
25,9,16,0,Wilkes,2022-02-15
324,63,261,4,Mecklenburg,2022-02-15
62,13,49,0,Pitt,2022-02-15
30,12,18,4,Surry,2022-02-15
43,10,33,0,Cleveland,2022-02-15
29,9,20,0,Jackson,2022-02-15
48,10,38,3,Brunswick,2022-02-15
42,6,36,1,Harnett,2022-02-15
39,10,29,2,Moore,2022-02-15
108,41,67,0,Buncombe,2022-02-15
54,5,49,0,Orange,2022-02-15
18,3,15,0,Granville,2022-02-15
26,15,11,1,Rutherford,2022-02-15
35,19,16,1,Watauga,2022-02-15
22,4,18,1,Davie,2022-02-15
88,44,44,1,Wayne,2022-02-03
39,5,34,1,Stokes,2022-02-03
79,7,72,1,Durham,2022-02-21
5,2,3,0,Polk,2022-02-21
22,1,21,0,Stanly,2022-02-21
23,15,8,0,Wayne,2022-02-21
114,6,108,1,Cumberland,2022-02-22
47,15,32,1,Cabarrus,2022-02-21
25,11,14,0,Sampson,2022-02-21
34,7,27,0,Moore,2022-02-21
22,7,15,1,Henderson,2022-02-22
15,2,13,0,Stanly,2022-02-22
93,12,81,3,Forsyth,2022-02-22
41,14,27,0,Cabarrus,2022-02-22
20,12,8,1,Alexander,2022-02-21
8,0,8,2,Halifax,2022-02-22
41,8,33,1,Alamance,2022-02-22
3,1,2,0,Warren,2022-02-22
4,1,3,0,Mitchell,2022-02-22
20,3,17,0,Craven,2022-02-25
6,1,5,0,McDowell,2022-02-25
214,17,197,1,Wake,2022-02-25
42,4,38,2,Cumberland,2022-02-25
15,5,10,0,Sampson,2022-02-25
19,1,18,1,Watauga,2022-02-25
55,17,38,2,Buncombe,2022-02-25
3,0,3,0,Bladen,2022-02-25
10,5,5,1,Duplin,2022-02-25
26,16,10,0,Ashe,2022-02-25
66,11,55,1,Mecklenburg,2022-02-27
10,2,8,2,New Hanover,2022-02-27
8,4,4,2,Catawba,2022-02-27
28,2,26,0,Pitt,2022-02-28
2,0,2,0,Pamlico,2022-02-25
7,4,3,0,Madison,2022-02-25
12,8,4,0,Davie,2022-02-28
128,23,105,1,Mecklenburg,2022-02-28
17,3,14,0,Moore,2022-02-28
3,3,0,0,Vance,2022-02-28
16,1,15,0,Lincoln,2022-02-25
21,8,13,1,Guilford,2022-02-27
7,0,7,0,Pitt,2022-02-27
75,15,60,0,Wake,2022-02-27
10,1,9,0,Moore,2022-03-04
13,1,12,0,Brunswick,2022-03-04
4,0,4,0,Bladen,2022-02-28
13,0,13,0,Caldwell,2022-02-28
17,5,12,0,New Hanover,2022-03-09
3,2,1,0,Alleghany,2022-03-09
8,3,5,0,Davidson,2022-03-11
3,0,3,0,Granville,2022-03-04
88,9,79,0,Wake,2022-03-17
53,13,40,0,Mecklenburg,2022-03-09
33,2,31,1,Durham,2022-03-09
7,1,6,0,Union,2022-03-11
2,1,1,0,Carteret,2022-03-17
8,1,7,0,Union,2022-03-17
9,4,5,0,Buncombe,2022-03-27
4,0,4,0,New Hanover,2022-03-27
34,6,28,0,Pasquotank,2022-02-07
66,13,53,0,Franklin,2022-02-08
10,4,6,0,Burke,2022-04-06
176,15,161,0,Wake,2022-04-06
29,6,23,1,Wake,2022-03-27
62,2,60,0,Durham,2022-04-06
107,19,88,0,Mecklenburg,2022-04-06
57,2,55,0,Orange,2022-04-06
3,1,2,0,Gates,2022-02-08
40,13,27,2,Duplin,2022-02-08
14,1,13,0,Martin,2022-02-08
13,5,8,0,Alleghany,2022-02-07
3,2,1,0,Wayne,2022-04-06
39,10,29,0,Hoke,2022-02-08
10,2,8,0,Craven,2022-04-06
15,3,12,1,Richmond,2022-02-08
35,2,33,0,Pender,2022-02-08
3,1,2,0,Washington,2022-02-09
28,8,20,0,Yadkin,2022-02-09
28,12,16,0,Wilson,2022-02-09
22,7,15,0,Scotland,2022-02-09
6,2,4,0,Hertford,2022-02-09
182,31,151,0,Wake,2022-04-16
112,17,95,0,Mecklenburg,2022-04-16
3,0,3,0,Hoke,2022-04-16
26,11,15,0,Buncombe,2022-04-16
234,47,187,1,Mecklenburg,2022-04-18
58,14,44,0,Forsyth,2022-04-18
17,8,9,0,Watauga,2022-04-18
16,4,12,0,Brunswick,2022-04-16
29,8,21,0,Cabarrus,2022-04-18
12,7,5,0,Craven,2022-04-18
3,1,2,0,Transylvania,2022-04-18
27,2,25,2,Davidson,2022-02-13
41,13,28,2,Johnston,2022-02-13
19,2,17,0,Haywood,2022-02-13
32,6,26,1,Rowan,2022-02-13
11,1,10,0,Columbus,2022-02-13
7,6,1,0,Yancey,2022-02-13
75,30,45,0,Buncombe,2022-04-26
18,3,15,0,Cleveland,2022-04-26
38,6,32,0,Brunswick,2022-04-26
5,1,4,0,Edgecombe,2022-04-26
151,9,142,0,Durham,2022-04-26
17,6,11,0,Watauga,2022-04-26
14,3,11,0,Granville,2022-04-26
58,6,52,0,Orange,2022-04-26
5,0,5,0,Bladen,2022-02-15
27,2,25,3,Nash,2022-02-15
35,12,23,0,Craven,2022-02-15
9,1,8,0,Madison,2022-02-15
46,7,39,1,Caldwell,2022-02-15
14,0,14,0,Edgecombe,2022-02-15
609,72,537,0,Wake,2022-05-04
14,5,9,0,Wilson,2022-05-04
66,5,61,0,Orange,2022-05-04
57,9,48,0,Brunswick,2022-05-04
19,7,12,0,Lincoln,2022-05-04
34,8,26,0,Gaston,2022-05-04
11,1,10,0,Rutherford,2022-05-04
16,1,15,0,Franklin,2021-11-18
9,1,8,0,Alleghany,2021-11-15
27,0,27,0,Orange,2021-11-15
15,0,15,0,Franklin,2021-11-20
6,0,6,0,Pitt,2021-11-20
4,1,3,0,Brunswick,2021-11-25
8,3,5,0,Caldwell,2021-11-20
2,1,1,0,New Hanover,2021-11-25
6,0,6,0,Hoke,2021-12-04
10,7,3,1,Yadkin,2021-12-05
31,15,16,0,Watauga,2022-02-21
38,19,19,2,Henderson,2022-02-21
16,2,14,0,Avery,2022-02-21
6,1,5,0,Hertford,2022-02-21
3,1,2,0,Sampson,2022-05-07
8,1,7,0,Burke,2022-05-07
8,0,8,0,Granville,2022-05-07
22,6,16,0,Wayne,2022-02-22
7,3,4,0,Montgomery,2022-02-22
34,4,30,0,Cabarrus,2022-05-07
41,6,35,1,Johnston,2022-02-22
18,11,7,0,Columbus,2022-02-21
2,1,1,0,Hertford,2022-02-22
15,1,14,0,Brunswick,2022-05-07
17,1,16,0,Orange,2022-02-25
15,1,14,0,Nash,2022-02-25
8,4,4,0,Moore,2022-02-27
6,1,5,1,Harnett,2022-02-27
5,1,4,0,Pender,2022-02-27
4,0,4,0,Chowan,2022-02-28
11,2,9,0,Granville,2022-02-28
6,2,4,0,Duplin,2022-02-28
9,2,7,2,Burke,2022-02-25
20,1,19,0,Craven,2022-02-28
20,3,17,1,Cabarrus,2022-02-28
8,1,7,0,Cleveland,2022-03-04
9,2,7,0,Pitt,2022-03-09
26,8,18,2,Buncombe,2022-03-04
7,2,5,0,Gaston,2022-03-04
11,2,9,0,Brunswick,2022-03-09
9,3,6,1,Craven,2022-03-09
17,7,10,0,Buncombe,2022-03-11
3,0,3,0,Chatham,2022-03-17
3,0,3,0,Gaston,2022-03-27
15,2,13,0,Union,2022-04-06
4,3,1,0,Henderson,2022-04-06
11,7,4,0,Sampson,2022-04-06
30,1,29,0,Orange,2022-04-16
11,0,11,0,Pitt,2022-04-18
2,0,2,0,Duplin,2022-04-18
18,3,15,0,Onslow,2022-04-18
10,4,6,0,Sampson,2022-04-18
5,1,4,0,Mitchell,2022-01-23
7,0,7,1,Bertie,2022-01-23
18,3,15,1,Warren,2022-01-23
21,19,2,1,Yancey,2022-01-23
5,1,4,0,Jones,2022-01-23
23,4,19,0,Transylvania,2022-01-25
18,3,15,0,Hertford,2022-01-27
23,3,20,0,Alleghany,2022-01-27
12,4,8,0,Surry,2022-04-26
8,3,5,0,Nash,2022-04-26
6,3,3,0,Transylvania,2022-04-26
2,0,2,0,Stanly,2022-05-07
30,7,23,0,Orange,2022-05-07
7,0,7,0,Hertford,2021-11-15
3,0,3,0,Warren,2021-11-15
1,0,1,0,Hyde,2021-11-18
1,1,0,0,Camden,2021-11-20
2,1,1,0,Swain,2021-11-18
5,0,5,0,Durham,2021-11-25
4,0,4,0,Moore,2021-11-25
7,0,7,1,Madison,2021-11-18
4,1,3,1,Macon,2021-11-20
7,0,7,0,Madison,2021-12-01
4,4,0,0,Graham,2021-12-01
15,14,1,0,Wilkes,2021-12-05
14,7,7,2,Yadkin,2021-12-04
10,6,4,0,Scotland,2021-12-05
27,9,18,0,Rutherford,2021-12-06
12,4,8,0,Madison,2021-12-06
7,1,6,0,Polk,2021-12-06
5,2,3,0,Alexander,2021-12-04
12,2,10,0,Stokes,2021-12-05
4,2,2,0,Perquimans,2021-12-06
3,0,3,0,Martin,2021-12-23
15,1,14,0,Bladen,2021-12-24
10,6,4,0,Macon,2021-12-24
2,0,2,0,Tyrrell,2021-12-27
10,5,5,0,Cherokee,2021-12-31
5,1,4,0,Avery,2022-01-01
15,2,13,0,Cherokee,2022-01-02
9,0,9,0,Hertford,2022-01-01
22,13,9,0,Swain,2022-01-02
6,2,4,0,Gates,2022-01-23
15,4,11,0,Washington,2022-01-27
12,1,11,0,Currituck,2022-02-03
28,5,23,0,Stokes,2022-02-08
11,4,7,1,Polk,2022-02-09
31,13,18,0,Ashe,2022-02-09
2,0,2,0,Washington,2021-11-25
7,0,7,0,Nash,2021-12-04
2,2,0,0,Polk,2021-12-05
4,0,4,0,Chowan,2021-12-06
9,2,7,0,Jones,2022-02-03
13,8,5,0,Transylvania,2022-02-03
1,0,1,0,Camden,2022-02-03
5,4,1,0,Tyrrell,2022-02-03
22,14,8,1,Polk,2022-02-08
2,1,1,0,Chowan,2022-02-13
20,7,13,2,Randolph,2022-02-13
3,0,3,0,Macon,2022-02-13
14,2,12,2,Rockingham,2022-02-13
22,14,8,0,Avery,2022-02-15
19,5,14,0,Lincoln,2022-02-13
13,3,10,0,Alexander,2022-02-15
4,0,4,0,Currituck,2022-02-13
23,6,17,0,Cherokee,2022-02-15
21,7,14,0,Harnett,2022-02-25
23,7,16,0,Franklin,2022-02-21
11,3,8,0,Cumberland,2022-02-27
8,5,3,0,Wilkes,2022-02-27
3,0,3,0,Carteret,2022-02-27
27,11,16,0,Johnston,2022-02-28
14,5,9,1,Wilson,2022-02-21
7,0,7,0,Duplin,2022-02-22
7,2,5,0,Columbus,2022-02-22
10,3,7,0,Person,2022-02-22
6,1,5,0,Scotland,2022-02-28
4,2,2,0,Yadkin,2022-03-04
10,0,10,0,New Hanover,2022-03-04
18,6,12,0,Catawba,2022-03-04
5,2,3,0,Person,2022-02-25
4,0,4,0,Vance,2022-02-27
7,3,4,1,Cleveland,2022-02-27
10,1,9,0,Cherokee,2022-02-28
21,1,20,0,Orange,2022-02-28
9,2,7,0,Robeson,2022-02-28
22,10,12,0,Granville,2022-02-21
3,0,3,1,Richmond,2022-03-04
20,3,17,0,Orange,2022-03-09
1,1,0,0,Transylvania,2022-02-21
4,2,2,0,Camden,2022-02-22
10,3,7,0,Wilkes,2022-03-09
1,0,1,0,Dare,2022-03-27
4,0,4,0,Lenoir,2022-03-11
8,0,8,0,Alamance,2022-03-11
14,3,11,1,Brunswick,2022-03-17
4,0,4,0,Nash,2022-04-06
7,2,5,5,Catawba,2022-03-17
5,2,3,1,Gaston,2022-03-17
9,1,8,0,Pitt,2022-03-17
11,3,8,0,Union,2022-03-27
2,0,2,0,Lenoir,2022-03-27
7,5,2,0,Watauga,2022-04-06
5,2,3,0,Nash,2022-04-16
5,0,5,0,Craven,2022-04-16
5,2,3,0,Edgecombe,2022-04-18
6,4,2,0,Lenoir,2022-04-18
8,3,5,0,Robeson,2022-04-18
17,1,16,0,Brunswick,2022-04-18
13,1,12,0,Union,2022-04-16
12,7,5,0,Watauga,2022-04-16
10,0,10,0,Granville,2022-04-16
11,7,4,0,Randolph,2022-04-18
23,5,18,0,Harnett,2022-04-26
10,3,7,0,Moore,2022-04-26
10,7,3,0,Carteret,2022-05-04
9,2,7,0,McDowell,2022-05-04
3,2,1,0,Mitchell,2022-05-04
8,2,6,0,Yadkin,2022-05-04
24,11,13,0,Moore,2022-05-04
10,2,8,0,Craven,2022-05-07
15,2,13,0,Moore,2022-05-07
6,2,4,0,Franklin,2022-03-04
11,5,6,1,New Hanover,2022-03-11
7,1,6,0,Cabarrus,2022-03-17
4,0,4,0,Pitt,2022-04-16
12,2,10,0,Cabarrus,2022-04-16
1,0,1,0,Polk,2022-04-16
8,2,6,0,Hoke,2022-02-13
6,3,3,1,Lee,2022-02-13
5,3,2,0,Davie,2022-04-26
7,0,7,0,Anson,2022-02-15
4,2,2,0,Duplin,2022-05-04
7,4,3,0,Wayne,2022-05-07
4,0,4,0,Caldwell,2022-05-07
1,1,0,0,Madison,2022-05-07
1,0,1,0,Polk,2021-11-20
2,1,1,0,Camden,2021-11-25
1,0,1,0,Swain,2021-11-25
8,0,8,0,Macon,2021-12-04
2,2,0,0,Perquimans,2021-12-05
1,0,1,0,Craven,2021-11-20
2,0,2,0,Jones,2021-12-01
3,0,3,0,Cherokee,2021-12-24
24,4,20,0,Davie,2022-01-01
8,6,2,0,Polk,2022-01-01
4,1,3,0,Camden,2022-01-01
5,2,3,0,Camden,2022-01-25
7,2,5,0,Chowan,2022-02-21
2,0,2,0,Pamlico,2022-02-22
10,0,10,2,Caldwell,2022-02-25
4,0,4,0,Alleghany,2022-02-25
13,5,8,0,Ashe,2022-02-28
3,0,3,0,Wilson,2022-03-11
5,0,5,0,Washington,2021-12-23
5,2,3,0,Clay,2021-12-23
6,3,3,0,Yancey,2022-02-22
5,2,3,0,Jackson,2022-02-27
4,2,2,0,Craven,2022-02-27
16,2,14,0,Franklin,2022-02-28
2,1,1,0,Polk,2022-02-25
1,1,0,0,Mitchell,2022-03-04
3,0,3,0,Dare,2022-03-04
1,1,0,0,Cleveland,2022-03-11
2,0,2,0,Lenoir,2022-03-17
4,0,4,0,Rowan,2022-03-17
3,0,3,0,Duplin,2022-04-16
1,1,0,0,Scotland,2022-04-16
1,0,1,0,Anson,2022-04-06
3,0,3,0,Yadkin,2022-04-16
8,3,5,0,Burke,2022-04-18
10,3,7,0,Yadkin,2022-02-13
2,1,1,0,Avery,2022-04-26
2,1,1,0,Bertie,2022-02-13
4,1,3,0,Warren,2022-02-21
3,0,3,0,Jones,2022-02-22
5,1,4,0,Halifax,2022-02-25
2,0,2,0,Caswell,2022-02-22
4,2,2,0,Surry,2022-02-27
2,0,2,1,Martin,2022-02-27
6,2,4,1,Moore,2022-03-11
1,0,1,0,Jones,2022-02-28
4,0,4,0,Alleghany,2022-02-28
3,0,3,0,Alexander,2022-03-09
2,1,1,0,Cleveland,2022-03-17
3,0,3,0,Moore,2022-03-17
3,1,2,0,Person,2022-04-26
3,0,3,0,Currituck,2022-02-22
5,1,4,0,Pasquotank,2022-02-28
1,0,1,0,Chowan,2022-03-11
1,1,0,1,Wayne,2022-03-27
3,1,2,0,Ashe,2022-04-18
3,1,2,0,Bladen,2022-04-26
11,2,9,0,Harnett,2022-05-07
1,0,1,0,Camden,2021-12-04
2,2,0,0,Graham,2021-12-04
1,0,1,0,Clay,2021-11-18
6,2,4,0,Beaufort,2021-12-04
1,0,1,0,Clay,2021-12-05
1,1,0,0,Graham,2021-12-05
6,5,1,0,Graham,2022-02-08
11,1,10,0,Clay,2022-02-09
2,1,1,0,Tyrrell,2022-02-15
6,2,4,0,Nash,2022-02-27
6,1,5,0,Carteret,2022-02-28
4,0,4,0,Hoke,2022-03-11
4,2,2,0,Cabarrus,2022-03-11
3,0,3,0,Carteret,2022-03-27
1,0,1,0,Transylvania,2022-04-16
1,0,1,0,Hertford,2022-04-18
4,0,4,0,Madison,2022-04-18
4,0,4,0,Pasquotank,2022-02-21
9,2,7,0,Moore,2022-02-25
2,1,1,0,Polk,2022-02-27
1,1,0,0,Camden,2022-02-21
2,1,1,0,Camden,2022-02-25
5,0,5,0,Vance,2022-02-25
6,2,4,0,Surry,2022-03-04
4,0,4,0,Nash,2022-03-09
2,0,2,0,Macon,2022-03-11
1,0,1,0,Warren,2022-04-18
5,4,1,0,Wilkes,2022-04-26
4,1,3,0,Davie,2022-05-07
1,0,1,0,Watauga,2021-11-20
2,1,1,0,Duplin,2021-11-20
3,1,2,0,Scotland,2021-11-18
4,2,2,0,Pitt,2021-11-25
4,3,1,0,Swain,2021-12-05
4,0,4,0,Chowan,2022-02-08
3,1,2,0,Camden,2022-02-09
11,5,6,0,Transylvania,2022-02-15
5,2,3,1,Wilson,2022-03-04
3,1,2,2,Moore,2022-03-09
2,1,1,1,Alexander,2022-02-27
5,1,4,0,Jackson,2022-03-04
10,6,4,0,Johnston,2022-03-11
3,0,3,0,Lincoln,2022-03-17
1,0,1,0,Bertie,2022-03-27
4,0,4,0,Clay,2022-04-18
1,0,1,0,Hertford,2022-04-16
6,1,5,0,Alexander,2022-04-26
3,1,2,0,Duplin,2022-04-26
6,1,5,0,Jackson,2022-05-04
2,1,1,0,Pamlico,2022-05-07
2,0,2,0,Bladen,2022-05-07
2,1,1,0,Duplin,2022-05-07
9,4,5,0,Burke,2022-04-26
1,0,1,0,Cherokee,2022-05-04
6,2,4,0,Richmond,2021-12-05
4,2,2,0,Lincoln,2022-02-27
2,0,2,0,Washington,2022-02-28
53,5,48,0,Alamance,2021-11-09
49,5,44,0,Alamance,2021-11-10
40,1,39,0,Alamance,2021-11-12
24,1,23,0,Alamance,2021-11-13
19,3,16,0,Alamance,2021-11-14
57,9,48,0,Alamance,2021-11-15
39,3,36,0,Alamance,2021-11-16
33,2,31,0,Alamance,2021-11-19
18,2,16,0,Alamance,2021-11-20
24,6,18,0,Alamance,2021-11-21
54,4,50,0,Alamance,2021-11-23
45,6,39,0,Alamance,2021-11-24
3,0,3,0,Alamance,2021-11-25
52,3,49,0,Alamance,2021-11-26
26,1,25,0,Alamance,2021-11-27
37,7,30,0,Alamance,2021-11-28
63,4,59,0,Alamance,2021-12-01
56,2,54,0,Alamance,2021-12-02
60,2,58,0,Alamance,2021-12-03
69,5,64,0,Alamance,2021-12-07
63,3,60,0,Alamance,2021-12-08
60,3,57,0,Alamance,2021-12-09
54,5,49,0,Alamance,2021-12-10
120,4,116,0,Alamance,2021-12-13
81,5,76,0,Alamance,2021-12-15
62,8,54,0,Alamance,2021-12-17
33,1,32,0,Alamance,2021-12-19
144,14,130,0,Alamance,2021-12-22
159,25,134,0,Alamance,2021-12-23
31,6,25,0,Alamance,2021-12-25
446,74,372,0,Alamance,2021-12-27
478,41,437,0,Alamance,2021-12-28
499,55,444,0,Alamance,2021-12-29
503,68,435,0,Alamance,2021-12-30
104,20,84,0,Alamance,2022-01-01
763,78,685,0,Alamance,2022-01-05
275,43,232,0,Alamance,2022-01-09
204,41,163,0,Alamance,2022-01-17
535,41,494,0,Alamance,2022-01-20
80,5,75,0,Alamance,2022-01-22
353,55,298,0,Alamance,2022-01-25
85,10,75,0,Alamance,2022-01-30
174,26,148,0,Alamance,2022-02-03
94,11,83,0,Alamance,2022-02-09
105,26,79,0,Alamance,2022-02-14
50,3,47,0,Alamance,2022-02-18
25,4,21,0,Alamance,2022-02-24
16,2,14,0,Alamance,2022-02-25
14,4,10,0,Alamance,2022-02-26
34,6,28,0,Alamance,2022-02-28
29,2,27,0,Alamance,2022-03-01
33,6,27,0,Alamance,2022-03-02
21,1,20,0,Alamance,2022-03-03
19,1,18,0,Alamance,2022-03-04
8,1,7,0,Alamance,2022-03-05
4,1,3,0,Alamance,2022-03-06
13,1,12,0,Alamance,2022-03-07
8,0,8,0,Alamance,2022-03-10
5,1,4,0,Alamance,2022-03-12
8,0,8,0,Alamance,2022-03-15
4,0,4,0,Alamance,2022-03-16
8,0,8,0,Alamance,2022-03-18
1,0,1,0,Alamance,2022-03-19
14,1,13,0,Alamance,2022-03-21
7,0,7,0,Alamance,2022-03-22
8,0,8,0,Alamance,2022-03-23
6,2,4,0,Alamance,2022-03-25
2,0,2,0,Alamance,2022-03-26
7,2,5,0,Alamance,2022-03-27
11,7,4,0,Alamance,2022-03-29
12,1,11,0,Alamance,2022-03-30
14,6,8,0,Alamance,2022-04-01
7,1,6,0,Alamance,2022-04-02
7,2,5,0,Alamance,2022-04-03
17,3,14,0,Alamance,2022-04-04
18,3,15,0,Alamance,2022-04-05
26,7,19,0,Alamance,2022-04-07
31,7,24,0,Alamance,2022-04-08
8,2,6,0,Alamance,2022-04-09
10,1,9,0,Alamance,2022-04-10
32,5,27,0,Alamance,2022-04-12
32,11,21,0,Alamance,2022-04-13
26,4,22,0,Alamance,2022-04-14
27,9,18,0,Alamance,2022-04-15
7,1,6,0,Alamance,2022-04-16
9,0,9,0,Alamance,2022-04-17
37,13,24,0,Alamance,2022-04-18
37,9,28,0,Alamance,2022-04-19
27,10,17,0,Alamance,2022-04-20
20,5,15,0,Alamance,2022-04-21
24,3,21,0,Alamance,2022-04-22
24,4,20,0,Alamance,2022-04-23
21,3,18,0,Alamance,2022-04-24
55,9,46,0,Alamance,2022-04-25
34,3,31,0,Alamance,2022-04-27
33,5,28,0,Alamance,2022-04-28
44,6,38,0,Alamance,2022-04-29
21,1,20,0,Alamance,2022-04-30
23,0,23,0,Alamance,2022-05-01
54,16,38,0,Alamance,2022-05-02
60,10,50,0,Alamance,2022-05-03
62,10,52,0,Alamance,2022-05-04
68,19,49,0,Alamance,2022-05-05
67,16,51,0,Alamance,2022-05-06
28,6,22,0,Alamance,2022-05-07
7,2,5,0,Alexander,2021-11-09
8,7,1,0,Alexander,2021-11-10
2,1,1,0,Alexander,2021-11-11
8,2,6,0,Alexander,2021-11-12
9,8,1,0,Alexander,2021-11-13
4,3,1,0,Alexander,2021-11-14
24,10,14,0,Alexander,2021-11-15
18,9,9,0,Alexander,2021-11-16
13,6,7,0,Alexander,2021-11-17
18,4,14,0,Alexander,2021-11-18
12,3,9,0,Alexander,2021-11-19
6,4,2,0,Alexander,2021-11-21
14,7,7,0,Alexander,2021-11-22
15,5,10,0,Alexander,2021-11-23
14,3,11,0,Alexander,2021-11-24
0,0,0,0,Alexander,2021-11-25
6,4,2,0,Alexander,2021-11-26
7,4,3,0,Alexander,2021-11-27
7,1,6,0,Alexander,2021-11-28
12,8,4,0,Alexander,2021-11-29
11,7,4,0,Alexander,2021-11-30
20,6,14,0,Alexander,2021-12-01
23,14,9,0,Alexander,2021-12-02
10,6,4,0,Alexander,2021-12-05
27,17,10,0,Alexander,2021-12-07
18,8,10,0,Alexander,2021-12-09
12,4,8,0,Alexander,2021-12-10
9,7,2,0,Alexander,2021-12-11
6,4,2,0,Alexander,2021-12-12
22,5,17,0,Alexander,2021-12-13
11,4,7,0,Alexander,2021-12-14
15,9,6,0,Alexander,2021-12-15
19,11,8,0,Alexander,2021-12-16
15,7,8,0,Alexander,2021-12-17
8,6,2,0,Alexander,2021-12-18
8,5,3,0,Alexander,2021-12-19
25,10,15,0,Alexander,2021-12-20
19,9,10,0,Alexander,2021-12-21
21,13,8,0,Alexander,2021-12-22
31,12,19,0,Alexander,2021-12-23
2,0,2,0,Alexander,2021-12-25
14,11,3,0,Alexander,2021-12-26
47,29,18,0,Alexander,2021-12-28
64,35,29,0,Alexander,2021-12-29
81,39,42,0,Alexander,2021-12-30
37,20,17,0,Alexander,2021-12-31
20,10,10,0,Alexander,2022-01-01
32,4,28,0,Alexander,2022-01-02
98,42,56,0,Alexander,2022-01-03
90,30,60,0,Alexander,2022-01-05
96,28,68,0,Alexander,2022-01-06
55,16,39,0,Alexander,2022-01-07
53,11,42,0,Alexander,2022-01-08
40,8,32,0,Alexander,2022-01-09
145,63,82,0,Alexander,2022-01-10
130,42,88,0,Alexander,2022-01-12
121,27,94,0,Alexander,2022-01-13
104,17,87,0,Alexander,2022-01-14
43,1,42,0,Alexander,2022-01-15
23,13,10,0,Alexander,2022-01-17
146,44,102,0,Alexander,2022-01-19
129,29,100,0,Alexander,2022-01-20
85,19,66,0,Alexander,2022-01-21
53,23,30,0,Alexander,2022-01-22
86,21,65,0,Alexander,2022-01-25
65,18,47,0,Alexander,2022-01-27
62,14,48,0,Alexander,2022-01-28
13,3,10,0,Alexander,2022-01-29
17,2,15,0,Alexander,2022-01-30
46,15,31,0,Alexander,2022-02-01
39,7,32,0,Alexander,2022-02-02
41,10,31,0,Alexander,2022-02-04
23,5,18,0,Alexander,2022-02-05
13,6,7,0,Alexander,2022-02-06
49,16,33,0,Alexander,2022-02-07
31,12,19,0,Alexander,2022-02-08
21,7,14,0,Alexander,2022-02-11
15,3,12,0,Alexander,2022-02-12
9,3,6,0,Alexander,2022-02-13
13,5,8,0,Alexander,2022-02-14
13,2,11,0,Alexander,2022-02-17
5,0,5,0,Alexander,2022-02-19
13,1,12,0,Alexander,2022-02-20
2,0,2,0,Alexander,2022-02-22
8,1,7,0,Alexander,2022-02-23
1,0,1,0,Alexander,2022-02-25
8,2,6,0,Alexander,2022-02-28
2,0,2,0,Alexander,2022-03-02
4,1,3,0,Alexander,2022-03-03
1,0,1,0,Alexander,2022-03-04
2,1,1,0,Alexander,2022-03-05
0,0,0,0,Alexander,2022-03-06
1,0,1,0,Alexander,2022-03-08
1,0,1,0,Alexander,2022-03-11
3,0,3,0,Alexander,2022-03-12
1,1,0,0,Alexander,2022-03-13
2,2,0,0,Alexander,2022-03-14
2,0,2,0,Alexander,2022-03-15
1,0,1,0,Alexander,2022-03-16
1,0,1,0,Alexander,2022-03-17
2,1,1,0,Alexander,2022-03-18
1,0,1,0,Alexander,2022-03-19
0,0,0,0,Alexander,2022-03-20
2,0,2,0,Alexander,2022-03-21
2,2,0,0,Alexander,2022-03-22
2,0,2,0,Alexander,2022-03-23
2,0,2,0,Alexander,2022-03-24
1,0,1,0,Alexander,2022-03-25
0,0,0,0,Alexander,2022-03-26
0,0,0,0,Alexander,2022-03-27
0,0,0,0,Alexander,2022-03-28
0,0,0,0,Alexander,2022-03-29
0,0,0,0,Alexander,2022-03-30
1,0,1,0,Alexander,2022-03-31
0,0,0,0,Alexander,2022-04-01
0,0,0,0,Alexander,2022-04-02
0,0,0,0,Alexander,2022-04-03
1,1,0,0,Alexander,2022-04-04
2,0,2,0,Alexander,2022-04-05
1,1,0,0,Alexander,2022-04-06
0,0,0,0,Alexander,2022-04-07
2,1,1,0,Alexander,2022-04-08
0,0,0,0,Alexander,2022-04-09
0,0,0,0,Alexander,2022-04-10
1,1,0,0,Alexander,2022-04-11
2,1,1,0,Alexander,2022-04-12
3,2,1,0,Alexander,2022-04-13
1,0,1,0,Alexander,2022-04-14
0,0,0,0,Alexander,2022-04-15
0,0,0,0,Alexander,2022-04-16
0,0,0,0,Alexander,2022-04-17
1,1,0,0,Alexander,2022-04-18
3,2,1,0,Alexander,2022-04-19
1,0,1,0,Alexander,2022-04-20
1,1,0,0,Alexander,2022-04-21
5,2,3,0,Alexander,2022-04-22
0,0,0,0,Alexander,2022-04-23
1,0,1,0,Alexander,2022-04-24
5,4,1,0,Alexander,2022-04-25
8,4,4,0,Alexander,2022-04-27
6,3,3,0,Alexander,2022-04-28
3,2,1,0,Alexander,2022-04-29
2,0,2,0,Alexander,2022-04-30
0,0,0,0,Alexander,2022-05-01
2,1,1,0,Alexander,2022-05-02
6,3,3,0,Alexander,2022-05-03
2,0,2,0,Alexander,2022-05-04
3,0,3,0,Alexander,2022-05-05
2,1,1,0,Alexander,2022-05-06
1,0,1,0,Alexander,2022-05-07
9,1,8,0,Alleghany,2021-11-09
6,0,6,0,Alleghany,2021-11-10
2,0,2,0,Alleghany,2021-11-11
21,1,20,0,Alleghany,2021-11-12
9,1,8,0,Alleghany,2021-11-13
4,0,4,0,Alleghany,2021-11-14
3,1,2,0,Alleghany,2021-11-16
16,1,15,0,Alleghany,2021-11-17
17,3,14,0,Alleghany,2021-11-18
10,1,9,0,Alleghany,2021-11-19
1,0,1,0,Alleghany,2021-11-20
1,0,1,0,Alleghany,2021-11-21
16,7,9,0,Alleghany,2021-11-22
8,1,7,0,Alleghany,2021-11-23
6,2,4,0,Alleghany,2021-11-24
3,2,1,0,Alleghany,2021-11-25
5,2,3,0,Alleghany,2021-11-26
2,1,1,0,Alleghany,2021-11-27
3,2,1,0,Alleghany,2021-11-28
13,1,12,0,Alleghany,2021-11-29
9,1,8,0,Alleghany,2021-11-30
9,2,7,0,Alleghany,2021-12-01
3,2,1,0,Alleghany,2021-12-02
9,0,9,0,Alleghany,2021-12-03
4,0,4,0,Alleghany,2021-12-04
3,3,0,0,Alleghany,2021-12-05
7,2,5,0,Alleghany,2021-12-07
22,5,17,0,Alleghany,2021-12-08
14,2,12,0,Alleghany,2021-12-09
5,0,5,0,Alleghany,2021-12-10
5,3,2,0,Alleghany,2021-12-11
4,1,3,0,Alleghany,2021-12-12
16,3,13,0,Alleghany,2021-12-13
14,6,8,0,Alleghany,2021-12-14
9,2,7,0,Alleghany,2021-12-15
16,3,13,0,Alleghany,2021-12-17
2,2,0,0,Alleghany,2021-12-18
4,3,1,0,Alleghany,2021-12-19
11,4,7,0,Alleghany,2021-12-20
8,2,6,0,Alleghany,2021-12-21
8,1,7,0,Alleghany,2021-12-22
4,2,2,0,Alleghany,2021-12-23
2,1,1,0,Alleghany,2021-12-24
2,2,0,0,Alleghany,2021-12-25
3,0,3,0,Alleghany,2021-12-26
15,5,10,0,Alleghany,2021-12-30
3,1,2,0,Alleghany,2022-01-01
25,5,20,0,Alleghany,2022-01-05
28,7,21,0,Alleghany,2022-01-06
7,5,2,0,Alleghany,2022-01-07
9,6,3,0,Alleghany,2022-01-08
9,7,2,0,Alleghany,2022-01-09
50,12,38,0,Alleghany,2022-01-10
38,5,33,0,Alleghany,2022-01-12
31,12,19,0,Alleghany,2022-01-14
3,3,0,0,Alleghany,2022-01-15
3,3,0,0,Alleghany,2022-01-16
8,5,3,0,Alleghany,2022-01-17
11,3,8,0,Alleghany,2022-01-18
37,8,29,0,Alleghany,2022-01-19
21,2,19,0,Alleghany,2022-01-20
24,4,20,0,Alleghany,2022-01-21
4,3,1,0,Alleghany,2022-01-22
5,4,1,0,Alleghany,2022-01-23
41,8,33,0,Alleghany,2022-01-24
23,4,19,0,Alleghany,2022-01-26
20,6,14,0,Alleghany,2022-01-28
4,2,2,0,Alleghany,2022-01-29
4,1,3,0,Alleghany,2022-01-30
26,7,19,0,Alleghany,2022-01-31
22,4,18,0,Alleghany,2022-02-02
17,5,12,0,Alleghany,2022-02-03
21,10,11,0,Alleghany,2022-02-04
3,2,1,0,Alleghany,2022-02-05
3,2,1,0,Alleghany,2022-02-06
7,2,5,0,Alleghany,2022-02-08
8,1,7,0,Alleghany,2022-02-09
11,5,6,0,Alleghany,2022-02-10
3,0,3,0,Alleghany,2022-02-11
0,0,0,0,Alleghany,2022-02-12
2,1,1,0,Alleghany,2022-02-13
11,2,9,0,Alleghany,2022-02-14
10,7,3,0,Alleghany,2022-02-15
5,0,5,0,Alleghany,2022-02-16
6,2,4,0,Alleghany,2022-02-17
7,4,3,0,Alleghany,2022-02-18
1,0,1,0,Alleghany,2022-02-19
1,0,1,0,Alleghany,2022-02-20
10,8,2,0,Alleghany,2022-02-21
9,1,8,0,Alleghany,2022-02-22
6,1,5,0,Alleghany,2022-02-23
6,2,4,0,Alleghany,2022-02-24
4,0,4,0,Alleghany,2022-02-26
0,0,0,0,Alleghany,2022-02-27
3,0,3,0,Alleghany,2022-03-01
5,2,3,0,Alleghany,2022-03-02
4,2,2,0,Alleghany,2022-03-03
2,0,2,0,Alleghany,2022-03-04
1,1,0,0,Alleghany,2022-03-05
0,0,0,0,Alleghany,2022-03-06
0,0,0,0,Alleghany,2022-03-07
1,1,0,0,Alleghany,2022-03-08
1,0,1,0,Alleghany,2022-03-10
0,0,0,0,Alleghany,2022-03-11
0,0,0,0,Alleghany,2022-03-12
0,0,0,0,Alleghany,2022-03-13
0,0,0,0,Alleghany,2022-03-14
0,0,0,0,Alleghany,2022-03-15
2,2,0,0,Alleghany,2022-03-16
0,0,0,0,Alleghany,2022-03-17
1,1,0,0,Alleghany,2022-03-19
3,2,1,0,Alleghany,2022-03-20
0,0,0,0,Alleghany,2022-03-21
0,0,0,0,Alleghany,2022-03-22
1,0,1,0,Alleghany,2022-03-23
0,0,0,0,Alleghany,2022-03-24
1,1,0,0,Alleghany,2022-03-25
0,0,0,0,Alleghany,2022-03-26
0,0,0,0,Alleghany,2022-03-27
0,0,0,0,Alleghany,2022-03-28
1,0,1,0,Alleghany,2022-03-29
1,1,0,0,Alleghany,2022-03-30
0,0,0,0,Alleghany,2022-03-31
0,0,0,0,Alleghany,2022-04-01
0,0,0,0,Alleghany,2022-04-02
0,0,0,0,Alleghany,2022-04-03
0,0,0,0,Alleghany,2022-04-04
0,0,0,0,Alleghany,2022-04-05
1,1,0,0,Alleghany,2022-04-06
0,0,0,0,Alleghany,2022-04-07
1,0,1,0,Alleghany,2022-04-08
0,0,0,0,Alleghany,2022-04-09
0,0,0,0,Alleghany,2022-04-10
0,0,0,0,Alleghany,2022-04-11
0,0,0,0,Alleghany,2022-04-12
1,0,1,0,Alleghany,2022-04-13
0,0,0,0,Alleghany,2022-04-14
1,1,0,0,Alleghany,2022-04-15
0,0,0,0,Alleghany,2022-04-16
0,0,0,0,Alleghany,2022-04-17
1,1,0,0,Alleghany,2022-04-18
0,0,0,0,Alleghany,2022-04-19
0,0,0,0,Alleghany,2022-04-20
2,0,2,0,Alleghany,2022-04-21
0,0,0,0,Alleghany,2022-04-22
1,1,0,0,Alleghany,2022-04-23
0,0,0,0,Alleghany,2022-04-24
0,0,0,0,Alleghany,2022-04-25
0,0,0,0,Alleghany,2022-04-26
0,0,0,0,Alleghany,2022-04-27
2,1,1,0,Alleghany,2022-04-28
1,0,1,0,Alleghany,2022-04-29
0,0,0,0,Alleghany,2022-04-30
1,0,1,0,Alleghany,2022-05-01
1,0,1,0,Alleghany,2022-05-02
1,1,0,0,Alleghany,2022-05-03
2,1,1,0,Alleghany,2022-05-04
3,1,2,0,Alleghany,2022-05-05
1,0,1,0,Alleghany,2022-05-06
1,0,1,0,Alleghany,2022-05-07
7,1,6,0,Anson,2021-11-09
8,1,7,0,Anson,2021-11-10
6,1,5,0,Anson,2021-11-11
6,0,6,0,Anson,2021-11-12
2,0,2,0,Anson,2021-11-14
2,0,2,0,Anson,2021-11-15
1,0,1,0,Anson,2021-11-16
7,1,6,0,Anson,2021-11-17
1,0,1,0,Anson,2021-11-18
7,0,7,0,Anson,2021-11-19
4,0,4,0,Anson,2021-11-20
7,0,7,0,Anson,2021-11-21
2,1,1,0,Anson,2021-11-22
2,0,2,0,Anson,2021-11-23
3,2,1,0,Anson,2021-11-24
0,0,0,0,Anson,2021-11-25
3,1,2,0,Anson,2021-11-26
1,0,1,0,Anson,2021-11-27
5,0,5,0,Anson,2021-11-28
10,0,10,0,Anson,2021-11-29
5,0,5,0,Anson,2021-11-30
7,3,4,0,Anson,2021-12-01
3,1,2,0,Anson,2021-12-02
8,0,8,0,Anson,2021-12-03
1,0,1,0,Anson,2021-12-04
4,0,4,0,Anson,2021-12-05
7,2,5,0,Anson,2021-12-07
6,0,6,0,Anson,2021-12-08
6,0,6,0,Anson,2021-12-09
1,0,1,0,Anson,2021-12-11
4,1,3,0,Anson,2021-12-12
4,2,2,0,Anson,2021-12-13
6,2,4,0,Anson,2021-12-15
7,1,6,0,Anson,2021-12-16
3,0,3,0,Anson,2021-12-17
6,0,6,0,Anson,2021-12-18
4,0,4,0,Anson,2021-12-19
13,2,11,0,Anson,2021-12-20
17,5,12,0,Anson,2021-12-21
14,2,12,0,Anson,2021-12-22
4,2,2,0,Anson,2021-12-24
5,0,5,0,Anson,2021-12-25
10,1,9,0,Anson,2021-12-26
65,2,63,0,Anson,2021-12-28
44,5,39,0,Anson,2021-12-29
53,8,45,0,Anson,2021-12-30
33,7,26,0,Anson,2021-12-31
22,3,19,0,Anson,2022-01-01
85,15,70,0,Anson,2022-01-05
63,10,53,0,Anson,2022-01-06
85,9,76,0,Anson,2022-01-07
26,2,24,0,Anson,2022-01-08
114,19,95,0,Anson,2022-01-10
105,9,96,0,Anson,2022-01-11
88,11,77,0,Anson,2022-01-12
94,16,78,0,Anson,2022-01-13
75,11,64,0,Anson,2022-01-14
31,2,29,0,Anson,2022-01-15
8,0,8,0,Anson,2022-01-16
45,6,39,0,Anson,2022-01-17
110,29,81,0,Anson,2022-01-18
36,12,24,0,Anson,2022-01-21
17,4,13,0,Anson,2022-01-22
14,2,12,0,Anson,2022-01-23
82,21,61,0,Anson,2022-01-24
55,16,39,0,Anson,2022-01-26
38,7,31,0,Anson,2022-01-28
12,3,9,0,Anson,2022-01-29
24,6,18,0,Anson,2022-02-01
21,3,18,0,Anson,2022-02-02
13,4,9,0,Anson,2022-02-03
16,3,13,0,Anson,2022-02-04
12,1,11,0,Anson,2022-02-05
20,4,16,0,Anson,2022-02-07
10,1,9,0,Anson,2022-02-11
3,1,2,0,Anson,2022-02-12
19,7,12,0,Anson,2022-02-14
3,0,3,0,Anson,2022-02-17
3,0,3,0,Anson,2022-02-18
6,5,1,0,Anson,2022-02-19
6,2,4,0,Anson,2022-02-21
1,1,0,0,Anson,2022-02-22
3,2,1,0,Anson,2022-02-24
3,0,3,0,Anson,2022-02-25
2,0,2,0,Anson,2022-02-26
1,0,1,0,Anson,2022-02-27
5,1,4,0,Anson,2022-02-28
1,0,1,0,Anson,2022-03-01
0,0,0,0,Anson,2022-03-02
1,0,1,0,Anson,2022-03-03
1,0,1,0,Anson,2022-03-04
1,0,1,0,Anson,2022-03-06
3,2,1,0,Anson,2022-03-07
0,0,0,0,Anson,2022-03-08
0,0,0,0,Anson,2022-03-09
1,0,1,0,Anson,2022-03-10
0,0,0,0,Anson,2022-03-11
1,0,1,0,Anson,2022-03-12
1,0,1,0,Anson,2022-03-13
1,0,1,0,Anson,2022-03-14
1,0,1,0,Anson,2022-03-15
1,0,1,0,Anson,2022-03-16
0,0,0,0,Anson,2022-03-17
1,0,1,0,Anson,2022-03-18
0,0,0,0,Anson,2022-03-19
2,0,2,0,Anson,2022-03-20
2,0,2,0,Anson,2022-03-22
0,0,0,0,Anson,2022-03-23
0,0,0,0,Anson,2022-03-24
0,0,0,0,Anson,2022-03-25
0,0,0,0,Anson,2022-03-26
0,0,0,0,Anson,2022-03-27
0,0,0,0,Anson,2022-03-28
0,0,0,0,Anson,2022-03-29
0,0,0,0,Anson,2022-03-30
0,0,0,0,Anson,2022-03-31
0,0,0,0,Anson,2022-04-01
0,0,0,0,Anson,2022-04-02
0,0,0,0,Anson,2022-04-03
0,0,0,0,Anson,2022-04-04
0,0,0,0,Anson,2022-04-05
0,0,0,0,Anson,2022-04-07
0,0,0,0,Anson,2022-04-08
0,0,0,0,Anson,2022-04-09
0,0,0,0,Anson,2022-04-10
0,0,0,0,Anson,2022-04-11
0,0,0,0,Anson,2022-04-12
0,0,0,0,Anson,2022-04-13
2,1,1,0,Anson,2022-04-14
0,0,0,0,Anson,2022-04-15
0,0,0,0,Anson,2022-04-16
0,0,0,0,Anson,2022-04-17
0,0,0,0,Anson,2022-04-18
0,0,0,0,Anson,2022-04-19
2,0,2,0,Anson,2022-04-20
0,0,0,0,Anson,2022-04-21
0,0,0,0,Anson,2022-04-22
0,0,0,0,Anson,2022-04-23
0,0,0,0,Anson,2022-04-24
0,0,0,0,Anson,2022-04-25
0,0,0,0,Anson,2022-04-26
0,0,0,0,Anson,2022-04-27
1,0,1,0,Anson,2022-04-28
1,1,0,0,Anson,2022-04-29
1,1,0,0,Anson,2022-04-30
0,0,0,0,Anson,2022-05-01
2,0,2,0,Anson,2022-05-02
4,0,4,0,Anson,2022-05-03
1,1,0,0,Anson,2022-05-04
1,0,1,0,Anson,2022-05-05
3,1,2,0,Anson,2022-05-06
3,0,3,0,Anson,2022-05-07
6,3,3,0,Ashe,2021-11-09
6,1,5,0,Ashe,2021-11-10
2,0,2,0,Ashe,2021-11-11
3,1,2,0,Ashe,2021-11-13
6,2,4,0,Ashe,2021-11-16
10,4,6,0,Ashe,2021-11-18
7,3,4,0,Ashe,2021-11-19
1,0,1,0,Ashe,2021-11-20
3,0,3,0,Ashe,2021-11-21
21,8,13,0,Ashe,2021-11-22
7,1,6,0,Ashe,2021-11-23
5,1,4,0,Ashe,2021-11-24
1,1,0,0,Ashe,2021-11-25
5,3,2,0,Ashe,2021-11-27
7,2,5,0,Ashe,2021-11-28
24,9,15,0,Ashe,2021-11-29
20,3,17,0,Ashe,2021-11-30
14,2,12,0,Ashe,2021-12-02
10,3,7,0,Ashe,2021-12-05
32,8,24,0,Ashe,2021-12-06
15,7,8,0,Ashe,2021-12-07
26,9,17,0,Ashe,2021-12-08
19,5,14,0,Ashe,2021-12-09
23,13,10,0,Ashe,2021-12-10
11,1,10,0,Ashe,2021-12-11
3,1,2,0,Ashe,2021-12-12
18,4,14,0,Ashe,2021-12-14
14,4,10,0,Ashe,2021-12-15
15,7,8,0,Ashe,2021-12-17
8,2,6,0,Ashe,2021-12-18
4,0,4,0,Ashe,2021-12-19
24,9,15,0,Ashe,2021-12-20
16,7,9,0,Ashe,2021-12-21
14,3,11,0,Ashe,2021-12-22
6,0,6,0,Ashe,2021-12-23
9,3,6,0,Ashe,2021-12-24
3,1,2,0,Ashe,2021-12-25
12,7,5,0,Ashe,2021-12-26
19,9,10,0,Ashe,2021-12-27
48,10,38,0,Ashe,2021-12-28
48,10,38,0,Ashe,2021-12-29
37,12,25,0,Ashe,2021-12-30
19,12,7,0,Ashe,2021-12-31
28,9,19,0,Ashe,2022-01-03
55,11,44,0,Ashe,2022-01-05
29,10,19,0,Ashe,2022-01-07
19,11,8,0,Ashe,2022-01-08
10,5,5,0,Ashe,2022-01-09
95,27,68,0,Ashe,2022-01-10
70,30,40,0,Ashe,2022-01-13
20,10,10,0,Ashe,2022-01-15
8,5,3,0,Ashe,2022-01-16
17,11,6,0,Ashe,2022-01-17
53,20,33,0,Ashe,2022-01-18
16,10,6,0,Ashe,2022-01-23
96,30,66,0,Ashe,2022-01-24
44,7,37,0,Ashe,2022-01-26
39,18,21,0,Ashe,2022-01-27
33,10,23,0,Ashe,2022-01-28
5,2,3,0,Ashe,2022-01-29
13,9,4,0,Ashe,2022-01-30
45,19,26,0,Ashe,2022-02-02
43,24,19,0,Ashe,2022-02-04
13,9,4,0,Ashe,2022-02-05
43,23,20,0,Ashe,2022-02-08
22,9,13,0,Ashe,2022-02-10
25,8,17,0,Ashe,2022-02-11
17,14,3,0,Ashe,2022-02-12
2,1,1,0,Ashe,2022-02-13
25,12,13,0,Ashe,2022-02-14
29,17,12,0,Ashe,2022-02-15
14,8,6,0,Ashe,2022-02-17
19,7,12,0,Ashe,2022-02-18
7,6,1,0,Ashe,2022-02-19
5,5,0,0,Ashe,2022-02-20
15,9,6,0,Ashe,2022-02-22
15,9,6,0,Ashe,2022-02-23
4,3,1,0,Ashe,2022-02-27
10,3,7,0,Ashe,2022-03-01
2,2,0,0,Ashe,2022-03-02
4,3,1,0,Ashe,2022-03-03
0,0,0,0,Ashe,2022-03-05
1,0,1,0,Ashe,2022-03-06
5,3,2,0,Ashe,2022-03-07
4,3,1,0,Ashe,2022-03-08
4,1,3,0,Ashe,2022-03-09
2,0,2,0,Ashe,2022-03-11
1,1,0,0,Ashe,2022-03-12
0,0,0,0,Ashe,2022-03-13
6,1,5,0,Ashe,2022-03-14
0,0,0,0,Ashe,2022-03-15
0,0,0,0,Ashe,2022-03-16
0,0,0,0,Ashe,2022-03-17
1,0,1,0,Ashe,2022-03-18
1,0,1,0,Ashe,2022-03-19
0,0,0,0,Ashe,2022-03-20
1,1,0,0,Ashe,2022-03-21
0,0,0,0,Ashe,2022-03-22
0,0,0,0,Ashe,2022-03-23
0,0,0,0,Ashe,2022-03-24
0,0,0,0,Ashe,2022-03-25
0,0,0,0,Ashe,2022-03-26
0,0,0,0,Ashe,2022-03-27
2,0,2,0,Ashe,2022-03-28
0,0,0,0,Ashe,2022-03-29
1,1,0,0,Ashe,2022-03-30
0,0,0,0,Ashe,2022-03-31
2,0,2,0,Ashe,2022-04-01
0,0,0,0,Ashe,2022-04-02
0,0,0,0,Ashe,2022-04-03
1,0,1,0,Ashe,2022-04-04
3,2,1,0,Ashe,2022-04-05
2,2,0,0,Ashe,2022-04-06
0,0,0,0,Ashe,2022-04-07
2,0,2,0,Ashe,2022-04-08
0,0,0,0,Ashe,2022-04-09
1,1,0,0,Ashe,2022-04-10
1,1,0,0,Ashe,2022-04-11
2,0,2,0,Ashe,2022-04-12
0,0,0,0,Ashe,2022-04-13
2,2,0,0,Ashe,2022-04-14
0,0,0,0,Ashe,2022-04-15
0,0,0,0,Ashe,2022-04-16
0,0,0,0,Ashe,2022-04-17
0,0,0,0,Ashe,2022-04-19
5,0,5,0,Ashe,2022-04-20
3,1,2,0,Ashe,2022-04-21
1,1,0,0,Ashe,2022-04-22
0,0,0,0,Ashe,2022-04-23
4,4,0,0,Ashe,2022-04-24
5,3,2,0,Ashe,2022-04-25
8,4,4,0,Ashe,2022-04-26
3,2,1,0,Ashe,2022-04-27
6,6,0,0,Ashe,2022-04-28
1,1,0,0,Ashe,2022-04-29
0,0,0,0,Ashe,2022-04-30
0,0,0,0,Ashe,2022-05-01
4,2,2,0,Ashe,2022-05-02
6,2,4,0,Ashe,2022-05-03
7,4,3,0,Ashe,2022-05-04
3,2,1,0,Ashe,2022-05-05
9,6,3,0,Ashe,2022-05-06
5,4,1,0,Ashe,2022-05-07
1,1,0,0,Avery,2021-11-09
5,2,3,0,Avery,2021-11-10
2,1,1,0,Avery,2021-11-11
7,1,6,0,Avery,2021-11-12
1,0,1,0,Avery,2021-11-13
0,0,0,0,Avery,2021-11-14
9,0,9,0,Avery,2021-11-15
2,1,1,0,Avery,2021-11-16
4,1,3,0,Avery,2021-11-17
2,0,2,0,Avery,2021-11-18
4,2,2,0,Avery,2021-11-19
1,0,1,0,Avery,2021-11-20
1,0,1,0,Avery,2021-11-21
13,3,10,0,Avery,2021-11-22
1,1,0,0,Avery,2021-11-23
1,0,1,0,Avery,2021-11-24
1,0,1,0,Avery,2021-11-25
5,1,4,0,Avery,2021-11-26
4,1,3,0,Avery,2021-11-27
5,3,2,0,Avery,2021-11-28
8,5,3,0,Avery,2021-11-29
5,1,4,0,Avery,2021-11-30
5,3,2,0,Avery,2021-12-01
4,2,2,0,Avery,2021-12-02
8,0,8,0,Avery,2021-12-03
9,1,8,0,Avery,2021-12-04
3,1,2,0,Avery,2021-12-05
14,6,8,0,Avery,2021-12-06
8,6,2,0,Avery,2021-12-07
8,6,2,0,Avery,2021-12-08
13,5,8,0,Avery,2021-12-09
11,5,6,0,Avery,2021-12-10
1,0,1,0,Avery,2021-12-11
3,1,2,0,Avery,2021-12-12
10,4,6,0,Avery,2021-12-13
6,4,2,0,Avery,2021-12-14
15,6,9,0,Avery,2021-12-15
14,10,4,0,Avery,2021-12-16
10,8,2,0,Avery,2021-12-17
20,7,13,0,Avery,2021-12-18
8,5,3,0,Avery,2021-12-19
29,12,17,0,Avery,2021-12-20
18,6,12,0,Avery,2021-12-21
12,12,0,0,Avery,2021-12-22
17,6,11,0,Avery,2021-12-23
6,3,3,0,Avery,2021-12-24
0,0,0,0,Avery,2021-12-25
7,3,4,0,Avery,2021-12-26
36,20,16,0,Avery,2021-12-27
42,22,20,0,Avery,2021-12-28
26,13,13,0,Avery,2021-12-29
25,7,18,0,Avery,2021-12-30
10,5,5,0,Avery,2021-12-31
8,0,8,0,Avery,2022-01-02
14,1,13,0,Avery,2022-01-03
39,3,36,0,Avery,2022-01-04
42,6,36,0,Avery,2022-01-05
28,4,24,0,Avery,2022-01-06
18,4,14,0,Avery,2022-01-07
15,2,13,0,Avery,2022-01-08
11,5,6,0,Avery,2022-01-09
73,13,60,0,Avery,2022-01-10
34,3,31,0,Avery,2022-01-11
44,5,39,0,Avery,2022-01-12
38,6,32,0,Avery,2022-01-13
46,1,45,0,Avery,2022-01-14
18,0,18,0,Avery,2022-01-15
0,0,0,0,Avery,2022-01-16
5,1,4,0,Avery,2022-01-17
23,5,18,0,Avery,2022-01-18
63,8,55,0,Avery,2022-01-19
36,5,31,0,Avery,2022-01-20
29,5,24,0,Avery,2022-01-21
12,1,11,0,Avery,2022-01-22
16,5,11,0,Avery,2022-01-23
59,17,42,0,Avery,2022-01-24
21,4,17,0,Avery,2022-01-25
28,4,24,0,Avery,2022-01-26
17,0,17,0,Avery,2022-01-28
4,1,3,0,Avery,2022-01-29
3,0,3,0,Avery,2022-01-30
44,14,30,0,Avery,2022-01-31
24,6,18,0,Avery,2022-02-01
15,2,13,0,Avery,2022-02-02
22,3,19,0,Avery,2022-02-03
14,1,13,0,Avery,2022-02-04
14,2,12,0,Avery,2022-02-05
18,4,14,0,Avery,2022-02-08
17,2,15,0,Avery,2022-02-09
15,5,10,0,Avery,2022-02-10
8,2,6,0,Avery,2022-02-11
12,5,7,0,Avery,2022-02-12
9,4,5,0,Avery,2022-02-13
25,10,15,0,Avery,2022-02-14
17,7,10,0,Avery,2022-02-16
13,8,5,0,Avery,2022-02-17
16,4,12,0,Avery,2022-02-18
7,2,5,0,Avery,2022-02-19
12,6,6,0,Avery,2022-02-22
18,6,12,0,Avery,2022-02-23
5,2,3,0,Avery,2022-02-24
5,2,3,0,Avery,2022-02-25
0,0,0,0,Avery,2022-02-26
2,1,1,0,Avery,2022-02-27
7,4,3,0,Avery,2022-02-28
5,1,4,0,Avery,2022-03-01
2,0,2,0,Avery,2022-03-02
6,0,6,0,Avery,2022-03-03
0,0,0,0,Avery,2022-03-05
5,4,1,0,Avery,2022-03-07
3,2,1,0,Avery,2022-03-08
2,2,0,0,Avery,2022-03-09
7,2,5,0,Avery,2022-03-10
1,0,1,0,Avery,2022-03-11
1,0,1,0,Avery,2022-03-12
1,0,1,0,Avery,2022-03-13
1,1,0,0,Avery,2022-03-14
3,3,0,0,Avery,2022-03-15
1,1,0,0,Avery,2022-03-16
10,9,1,0,Avery,2022-03-17
1,1,0,0,Avery,2022-03-18
6,4,2,0,Avery,2022-03-19
0,0,0,0,Avery,2022-03-20
2,1,1,0,Avery,2022-03-21
2,1,1,0,Avery,2022-03-23
0,0,0,0,Avery,2022-03-24
1,0,1,0,Avery,2022-03-25
1,0,1,0,Avery,2022-03-26
1,0,1,0,Avery,2022-03-27
0,0,0,0,Avery,2022-03-28
0,0,0,0,Avery,2022-03-29
2,1,1,0,Avery,2022-03-30
4,2,2,0,Avery,2022-03-31
3,2,1,0,Avery,2022-04-01
0,0,0,0,Avery,2022-04-02
0,0,0,0,Avery,2022-04-03
0,0,0,0,Avery,2022-04-04
0,0,0,0,Avery,2022-04-05
0,0,0,0,Avery,2022-04-06
0,0,0,0,Avery,2022-04-07
0,0,0,0,Avery,2022-04-08
1,0,1,0,Avery,2022-04-09
1,1,0,0,Avery,2022-04-10
1,1,0,0,Avery,2022-04-11
4,4,0,0,Avery,2022-04-12
2,0,2,0,Avery,2022-04-13
0,0,0,0,Avery,2022-04-14
1,1,0,0,Avery,2022-04-15
1,0,1,0,Avery,2022-04-16
2,0,2,0,Avery,2022-04-17
2,0,2,0,Avery,2022-04-18
4,1,3,0,Avery,2022-04-19
1,0,1,0,Avery,2022-04-20
5,2,3,0,Avery,2022-04-21
2,1,1,0,Avery,2022-04-22
1,0,1,0,Avery,2022-04-23
3,1,2,0,Avery,2022-04-24
2,2,0,0,Avery,2022-04-25
1,0,1,0,Avery,2022-04-27
0,0,0,0,Avery,2022-04-28
5,0,5,0,Avery,2022-04-29
2,1,1,0,Avery,2022-04-30
0,0,0,0,Avery,2022-05-01
2,0,2,0,Avery,2022-05-02
3,1,2,0,Avery,2022-05-03
2,0,2,0,Avery,2022-05-04
2,1,1,0,Avery,2022-05-05
1,1,0,0,Avery,2022-05-06
2,2,0,0,Avery,2022-05-07
7,1,6,0,Beaufort,2021-11-09
3,1,2,0,Beaufort,2021-11-10
5,0,5,0,Beaufort,2021-11-12
1,1,0,0,Beaufort,2021-11-13
2,0,2,0,Beaufort,2021-11-14
6,0,6,0,Beaufort,2021-11-15
11,4,7,0,Beaufort,2021-11-16
7,1,6,0,Beaufort,2021-11-17
2,1,1,0,Beaufort,2021-11-19
3,0,3,0,Beaufort,2021-11-20
5,0,5,0,Beaufort,2021-11-21
15,3,12,0,Beaufort,2021-11-22
6,2,4,0,Beaufort,2021-11-23
3,2,1,0,Beaufort,2021-11-24
0,0,0,0,Beaufort,2021-11-25
10,0,10,0,Beaufort,2021-11-26
4,0,4,0,Beaufort,2021-11-27
6,1,5,0,Beaufort,2021-11-28
25,4,21,0,Beaufort,2021-11-29
14,3,11,0,Beaufort,2021-11-30
17,6,11,0,Beaufort,2021-12-01
14,3,11,0,Beaufort,2021-12-02
20,3,17,0,Beaufort,2021-12-03
7,0,7,0,Beaufort,2021-12-05
25,6,19,0,Beaufort,2021-12-06
17,1,16,0,Beaufort,2021-12-07
9,1,8,0,Beaufort,2021-12-08
18,1,17,0,Beaufort,2021-12-10
7,2,5,0,Beaufort,2021-12-11
4,0,4,0,Beaufort,2021-12-12
14,1,13,0,Beaufort,2021-12-14
14,1,13,0,Beaufort,2021-12-15
11,0,11,0,Beaufort,2021-12-16
8,2,6,0,Beaufort,2021-12-18
5,0,5,0,Beaufort,2021-12-19
20,2,18,0,Beaufort,2021-12-20
19,3,16,0,Beaufort,2021-12-21
2,0,2,0,Beaufort,2021-12-25
16,0,16,0,Beaufort,2021-12-26
49,6,43,0,Beaufort,2021-12-28
71,14,57,0,Beaufort,2021-12-29
66,6,60,0,Beaufort,2021-12-30
46,1,45,0,Beaufort,2021-12-31
17,1,16,0,Beaufort,2022-01-01
37,0,37,0,Beaufort,2022-01-02
142,18,124,0,Beaufort,2022-01-03
113,20,93,0,Beaufort,2022-01-04
139,22,117,0,Beaufort,2022-01-07
64,20,44,0,Beaufort,2022-01-08
275,31,244,0,Beaufort,2022-01-10
233,32,201,0,Beaufort,2022-01-11
228,23,205,0,Beaufort,2022-01-12
204,30,174,0,Beaufort,2022-01-13
83,18,65,0,Beaufort,2022-01-15
42,1,41,0,Beaufort,2022-01-16
193,33,160,0,Beaufort,2022-01-20
8,0,8,0,Beaufort,2022-01-22
31,0,31,0,Beaufort,2022-01-23
190,20,170,0,Beaufort,2022-01-24
122,24,98,0,Beaufort,2022-01-26
20,3,17,0,Beaufort,2022-01-29
99,13,86,0,Beaufort,2022-01-31
56,8,48,0,Beaufort,2022-02-01
60,9,51,0,Beaufort,2022-02-02
42,4,38,0,Beaufort,2022-02-03
20,2,18,0,Beaufort,2022-02-05
52,14,38,0,Beaufort,2022-02-07
45,11,34,0,Beaufort,2022-02-09
25,10,15,0,Beaufort,2022-02-11
7,1,6,0,Beaufort,2022-02-12
47,6,41,0,Beaufort,2022-02-14
27,4,23,0,Beaufort,2022-02-15
18,5,13,0,Beaufort,2022-02-16
27,1,26,0,Beaufort,2022-02-17
18,5,13,0,Beaufort,2022-02-18
37,5,32,0,Beaufort,2022-02-21
20,3,17,0,Beaufort,2022-02-22
10,1,9,0,Beaufort,2022-02-24
7,0,7,0,Beaufort,2022-02-28
5,1,4,0,Beaufort,2022-03-02
3,1,2,0,Beaufort,2022-03-03
2,0,2,0,Beaufort,2022-03-05
1,0,1,0,Beaufort,2022-03-06
2,0,2,0,Beaufort,2022-03-09
2,0,2,0,Beaufort,2022-03-10
0,0,0,0,Beaufort,2022-03-11
2,1,1,0,Beaufort,2022-03-12
0,0,0,0,Beaufort,2022-03-13
3,1,2,0,Beaufort,2022-03-14
1,0,1,0,Beaufort,2022-03-15
2,0,2,0,Beaufort,2022-03-16
0,0,0,0,Beaufort,2022-03-17
0,0,0,0,Beaufort,2022-03-18
1,0,1,0,Beaufort,2022-03-19
1,0,1,0,Beaufort,2022-03-20
2,0,2,0,Beaufort,2022-03-21
1,0,1,0,Beaufort,2022-03-22
1,0,1,0,Beaufort,2022-03-23
0,0,0,0,Beaufort,2022-03-24
1,0,1,0,Beaufort,2022-03-25
0,0,0,0,Beaufort,2022-03-26
0,0,0,0,Beaufort,2022-03-27
1,0,1,0,Beaufort,2022-03-28
0,0,0,0,Beaufort,2022-03-29
1,1,0,0,Beaufort,2022-03-30
0,0,0,0,Beaufort,2022-04-01
0,0,0,0,Beaufort,2022-04-02
0,0,0,0,Beaufort,2022-04-03
1,0,1,0,Beaufort,2022-04-04
0,0,0,0,Beaufort,2022-04-05
2,0,2,0,Beaufort,2022-04-06
1,0,1,0,Beaufort,2022-04-07
1,1,0,0,Beaufort,2022-04-08
1,1,0,0,Beaufort,2022-04-09
0,0,0,0,Beaufort,2022-04-10
3,1,2,0,Beaufort,2022-04-11
4,0,4,0,Beaufort,2022-04-12
1,0,1,0,Beaufort,2022-04-13
3,0,3,0,Beaufort,2022-04-14
1,0,1,0,Beaufort,2022-04-15
0,0,0,0,Beaufort,2022-04-16
0,0,0,0,Beaufort,2022-04-17
6,0,6,0,Beaufort,2022-04-18
3,2,1,0,Beaufort,2022-04-19
0,0,0,0,Beaufort,2022-04-20
5,0,5,0,Beaufort,2022-04-21
5,0,5,0,Beaufort,2022-04-22
5,1,4,0,Beaufort,2022-04-23
2,0,2,0,Beaufort,2022-04-24
8,3,5,0,Beaufort,2022-04-25
5,1,4,0,Beaufort,2022-04-26
6,1,5,0,Beaufort,2022-04-27
6,1,5,0,Beaufort,2022-04-28
2,0,2,0,Beaufort,2022-04-29
2,2,0,0,Beaufort,2022-04-30
1,0,1,0,Beaufort,2022-05-01
9,1,8,0,Beaufort,2022-05-02
7,0,7,0,Beaufort,2022-05-03
8,1,7,0,Beaufort,2022-05-04
3,0,3,0,Beaufort,2022-05-05
7,2,5,0,Beaufort,2022-05-06
3,1,2,0,Beaufort,2022-05-07
3,0,3,0,Bertie,2021-11-09
3,0,3,0,Bertie,2021-11-10
2,0,2,0,Bertie,2021-11-11
2,0,2,0,Bertie,2021-11-12
0,0,0,0,Bertie,2021-11-13
1,0,1,0,Bertie,2021-11-14
5,0,5,0,Bertie,2021-11-16
0,0,0,0,Bertie,2021-11-17
2,0,2,0,Bertie,2021-11-19
1,0,1,0,Bertie,2021-11-20
1,0,1,0,Bertie,2021-11-21
0,0,0,0,Bertie,2021-11-22
1,0,1,0,Bertie,2021-11-23
3,0,3,0,Bertie,2021-11-24
0,0,0,0,Bertie,2021-11-25
4,0,4,0,Bertie,2021-11-26
3,0,3,0,Bertie,2021-11-27
1,0,1,0,Bertie,2021-11-28
8,0,8,0,Bertie,2021-11-29
4,0,4,0,Bertie,2021-11-30
4,0,4,0,Bertie,2021-12-01
5,0,5,0,Bertie,2021-12-02
6,0,6,0,Bertie,2021-12-03
2,0,2,0,Bertie,2021-12-04
0,0,0,0,Bertie,2021-12-05
1,0,1,0,Bertie,2021-12-06
3,0,3,0,Bertie,2021-12-07
1,0,1,0,Bertie,2021-12-08
3,0,3,0,Bertie,2021-12-10
1,0,1,0,Bertie,2021-12-11
2,0,2,0,Bertie,2021-12-12
4,0,4,0,Bertie,2021-12-13
3,0,3,0,Bertie,2021-12-14
5,1,4,0,Bertie,2021-12-15
7,0,7,0,Bertie,2021-12-16
4,0,4,0,Bertie,2021-12-17
1,0,1,0,Bertie,2021-12-18
0,0,0,0,Bertie,2021-12-19
10,2,8,0,Bertie,2021-12-20
14,1,13,0,Bertie,2021-12-21
7,0,7,0,Bertie,2021-12-22
5,1,4,0,Bertie,2021-12-23
5,0,5,0,Bertie,2021-12-24
2,0,2,0,Bertie,2021-12-25
6,0,6,0,Bertie,2021-12-26
27,1,26,0,Bertie,2021-12-27
38,5,33,0,Bertie,2021-12-28
56,10,46,0,Bertie,2021-12-29
39,3,36,0,Bertie,2021-12-30
18,0,18,0,Bertie,2022-01-01
15,0,15,0,Bertie,2022-01-02
78,3,75,0,Bertie,2022-01-03
81,12,69,0,Bertie,2022-01-04
55,3,52,0,Bertie,2022-01-05
64,6,58,0,Bertie,2022-01-06
20,2,18,0,Bertie,2022-01-08
9,0,9,0,Bertie,2022-01-09
84,11,73,0,Bertie,2022-01-11
99,44,55,0,Bertie,2022-01-12
119,48,71,0,Bertie,2022-01-13
19,1,18,0,Bertie,2022-01-15
9,0,9,0,Bertie,2022-01-16
35,7,28,0,Bertie,2022-01-17
82,5,77,0,Bertie,2022-01-18
45,4,41,0,Bertie,2022-01-19
38,6,32,0,Bertie,2022-01-20
5,0,5,0,Bertie,2022-01-22
45,0,45,0,Bertie,2022-01-24
26,3,23,0,Bertie,2022-01-27
6,0,6,0,Bertie,2022-01-30
18,2,16,0,Bertie,2022-02-01
11,3,8,0,Bertie,2022-02-02
10,0,10,0,Bertie,2022-02-03
10,0,10,0,Bertie,2022-02-04
2,0,2,0,Bertie,2022-02-05
11,0,11,0,Bertie,2022-02-07
10,1,9,0,Bertie,2022-02-09
12,2,10,0,Bertie,2022-02-10
3,1,2,0,Bertie,2022-02-11
2,0,2,0,Bertie,2022-02-12
4,1,3,0,Bertie,2022-02-14
0,0,0,0,Bertie,2022-02-15
3,0,3,0,Bertie,2022-02-16
2,1,1,0,Bertie,2022-02-17
1,0,1,0,Bertie,2022-02-18
0,0,0,0,Bertie,2022-02-19
1,0,1,0,Bertie,2022-02-20
1,1,0,0,Bertie,2022-02-21
1,0,1,0,Bertie,2022-02-22
0,0,0,0,Bertie,2022-02-23
0,0,0,0,Bertie,2022-02-24
6,0,6,0,Bertie,2022-02-25
0,0,0,0,Bertie,2022-02-26
0,0,0,0,Bertie,2022-02-27
2,0,2,0,Bertie,2022-02-28
0,0,0,0,Bertie,2022-03-01
2,1,1,0,Bertie,2022-03-02
1,0,1,0,Bertie,2022-03-03
2,0,2,0,Bertie,2022-03-04
1,0,1,0,Bertie,2022-03-05
1,0,1,0,Bertie,2022-03-07
0,0,0,0,Bertie,2022-03-08
0,0,0,0,Bertie,2022-03-09
1,0,1,0,Bertie,2022-03-10
0,0,0,0,Bertie,2022-03-12
0,0,0,0,Bertie,2022-03-13
0,0,0,0,Bertie,2022-03-14
1,0,1,0,Bertie,2022-03-15
0,0,0,0,Bertie,2022-03-16
0,0,0,0,Bertie,2022-03-17
0,0,0,0,Bertie,2022-03-18
0,0,0,0,Bertie,2022-03-19
0,0,0,0,Bertie,2022-03-20
0,0,0,0,Bertie,2022-03-21
0,0,0,0,Bertie,2022-03-22
0,0,0,0,Bertie,2022-03-23
2,0,2,0,Bertie,2022-03-24
0,0,0,0,Bertie,2022-03-25
0,0,0,0,Bertie,2022-03-26
2,0,2,0,Bertie,2022-03-28
0,0,0,0,Bertie,2022-03-29
0,0,0,0,Bertie,2022-03-30
0,0,0,0,Bertie,2022-03-31
0,0,0,0,Bertie,2022-04-01
0,0,0,0,Bertie,2022-04-02
0,0,0,0,Bertie,2022-04-03
0,0,0,0,Bertie,2022-04-04
0,0,0,0,Bertie,2022-04-05
0,0,0,0,Bertie,2022-04-06
0,0,0,0,Bertie,2022-04-07
2,0,2,0,Bertie,2022-04-08
0,0,0,0,Bertie,2022-04-09
1,0,1,0,Bertie,2022-04-10
1,1,0,0,Bertie,2022-04-11
1,1,0,0,Bertie,2022-04-12
1,0,1,0,Bertie,2022-04-13
1,0,1,0,Bertie,2022-04-14
0,0,0,0,Bertie,2022-04-15
0,0,0,0,Bertie,2022-04-16
0,0,0,0,Bertie,2022-04-17
3,0,3,0,Bertie,2022-04-18
0,0,0,0,Bertie,2022-04-19
0,0,0,0,Bertie,2022-04-20
1,0,1,0,Bertie,2022-04-21
0,0,0,0,Bertie,2022-04-22
0,0,0,0,Bertie,2022-04-23
0,0,0,0,Bertie,2022-04-24
2,0,2,0,Bertie,2022-04-25
5,0,5,0,Bertie,2022-04-26
3,0,3,0,Bertie,2022-04-27
3,0,3,0,Bertie,2022-04-28
3,0,3,0,Bertie,2022-04-29
2,0,2,0,Bertie,2022-04-30
2,0,2,0,Bertie,2022-05-01
1,0,1,0,Bertie,2022-05-02
3,0,3,0,Bertie,2022-05-03
3,1,2,0,Bertie,2022-05-04
2,0,2,0,Bertie,2022-05-05
1,0,1,0,Bertie,2022-05-06
0,0,0,0,Bertie,2022-05-07
5,1,4,0,Bladen,2021-11-09
3,0,3,0,Bladen,2021-11-10
1,0,1,0,Bladen,2021-11-11
2,0,2,0,Bladen,2021-11-12
1,1,0,0,Bladen,2021-11-13
0,0,0,0,Bladen,2021-11-14
5,3,2,0,Bladen,2021-11-15
10,1,9,0,Bladen,2021-11-16
7,2,5,0,Bladen,2021-11-17
12,1,11,0,Bladen,2021-11-18
6,0,6,0,Bladen,2021-11-19
1,0,1,0,Bladen,2021-11-20
7,1,6,0,Bladen,2021-11-21
15,2,13,0,Bladen,2021-11-22
8,2,6,0,Bladen,2021-11-23
2,2,0,0,Bladen,2021-11-24
2,0,2,0,Bladen,2021-11-25
8,2,6,0,Bladen,2021-11-26
3,1,2,0,Bladen,2021-11-27
5,0,5,0,Bladen,2021-11-28
20,1,19,0,Bladen,2021-11-29
7,4,3,0,Bladen,2021-11-30
11,2,9,0,Bladen,2021-12-02
7,1,6,0,Bladen,2021-12-03
3,0,3,0,Bladen,2021-12-04
2,0,2,0,Bladen,2021-12-05
8,2,6,0,Bladen,2021-12-07
6,3,3,0,Bladen,2021-12-08
9,3,6,0,Bladen,2021-12-09
5,1,4,0,Bladen,2021-12-10
2,1,1,0,Bladen,2021-12-11
5,0,5,0,Bladen,2021-12-12
15,4,11,0,Bladen,2021-12-13
14,1,13,0,Bladen,2021-12-15
8,1,7,0,Bladen,2021-12-16
8,2,6,0,Bladen,2021-12-17
8,2,6,0,Bladen,2021-12-18
5,0,5,0,Bladen,2021-12-19
11,2,9,0,Bladen,2021-12-20
16,2,14,0,Bladen,2021-12-21
9,0,9,0,Bladen,2021-12-22
15,3,12,0,Bladen,2021-12-23
32,3,29,0,Bladen,2021-12-27
56,6,50,0,Bladen,2021-12-28
68,3,65,0,Bladen,2021-12-29
85,11,74,0,Bladen,2021-12-30
32,5,27,0,Bladen,2021-12-31
100,9,91,0,Bladen,2022-01-03
145,20,125,0,Bladen,2022-01-04
105,14,91,0,Bladen,2022-01-05
121,16,105,0,Bladen,2022-01-06
92,14,78,0,Bladen,2022-01-07
38,3,35,0,Bladen,2022-01-09
221,38,183,0,Bladen,2022-01-10
158,28,130,0,Bladen,2022-01-11
156,32,124,0,Bladen,2022-01-12
165,33,132,0,Bladen,2022-01-13
47,14,33,0,Bladen,2022-01-15
42,8,34,0,Bladen,2022-01-16
157,33,124,0,Bladen,2022-01-20
25,7,18,0,Bladen,2022-01-21
15,3,12,0,Bladen,2022-01-22
28,4,24,0,Bladen,2022-01-23
16,4,12,0,Bladen,2022-01-29
50,14,36,0,Bladen,2022-02-01
22,6,16,0,Bladen,2022-02-02
11,3,8,0,Bladen,2022-02-08
4,0,4,0,Bladen,2022-02-12
4,1,3,0,Bladen,2022-02-13
10,1,9,0,Bladen,2022-02-14
11,1,10,0,Bladen,2022-02-16
9,3,6,0,Bladen,2022-02-18
7,1,6,0,Bladen,2022-02-19
7,2,5,0,Bladen,2022-02-20
12,4,8,0,Bladen,2022-02-21
9,2,7,0,Bladen,2022-02-22
10,1,9,0,Bladen,2022-02-23
12,0,12,0,Bladen,2022-02-24
0,0,0,0,Bladen,2022-02-26
0,0,0,0,Bladen,2022-02-27
2,0,2,0,Bladen,2022-03-01
2,0,2,0,Bladen,2022-03-02
2,0,2,0,Bladen,2022-03-03
5,0,5,0,Bladen,2022-03-04
0,0,0,0,Bladen,2022-03-05
1,0,1,0,Bladen,2022-03-06
2,0,2,0,Bladen,2022-03-07
2,0,2,0,Bladen,2022-03-09
3,0,3,0,Bladen,2022-03-10
0,0,0,0,Bladen,2022-03-11
2,0,2,0,Bladen,2022-03-13
3,0,3,0,Bladen,2022-03-14
0,0,0,0,Bladen,2022-03-15
0,0,0,0,Bladen,2022-03-16
1,1,0,0,Bladen,2022-03-17
1,0,1,0,Bladen,2022-03-18
0,0,0,0,Bladen,2022-03-19
0,0,0,0,Bladen,2022-03-20
0,0,0,0,Bladen,2022-03-21
0,0,0,0,Bladen,2022-03-22
0,0,0,0,Bladen,2022-03-23
0,0,0,0,Bladen,2022-03-24
1,1,0,0,Bladen,2022-03-25
1,0,1,0,Bladen,2022-03-26
0,0,0,0,Bladen,2022-03-27
0,0,0,0,Bladen,2022-03-28
2,2,0,0,Bladen,2022-03-29
0,0,0,0,Bladen,2022-03-30
1,0,1,0,Bladen,2022-03-31
2,0,2,0,Bladen,2022-04-01
0,0,0,0,Bladen,2022-04-02
0,0,0,0,Bladen,2022-04-03
4,2,2,0,Bladen,2022-04-04
1,0,1,0,Bladen,2022-04-05
0,0,0,0,Bladen,2022-04-06
0,0,0,0,Bladen,2022-04-07
0,0,0,0,Bladen,2022-04-08
0,0,0,0,Bladen,2022-04-09
1,0,1,0,Bladen,2022-04-10
2,1,1,0,Bladen,2022-04-11
3,1,2,0,Bladen,2022-04-12
1,1,0,0,Bladen,2022-04-13
2,0,2,0,Bladen,2022-04-14
2,1,1,0,Bladen,2022-04-15
0,0,0,0,Bladen,2022-04-16
0,0,0,0,Bladen,2022-04-17
1,0,1,0,Bladen,2022-04-18
3,1,2,0,Bladen,2022-04-19
1,0,1,0,Bladen,2022-04-20
4,0,4,0,Bladen,2022-04-21
4,1,3,0,Bladen,2022-04-22
1,0,1,0,Bladen,2022-04-23
0,0,0,0,Bladen,2022-04-24
6,2,4,0,Bladen,2022-04-25
6,1,5,0,Bladen,2022-04-27
2,0,2,0,Bladen,2022-04-28
4,0,4,0,Bladen,2022-04-29
2,0,2,0,Bladen,2022-04-30
1,1,0,0,Bladen,2022-05-01
3,1,2,0,Bladen,2022-05-02
4,0,4,0,Bladen,2022-05-03
4,0,4,0,Bladen,2022-05-04
9,5,4,0,Bladen,2022-05-05
5,1,4,0,Bladen,2022-05-06
21,5,16,0,Brunswick,2021-11-09
21,2,19,0,Brunswick,2021-11-10
22,3,19,0,Brunswick,2021-11-11
19,1,18,0,Brunswick,2021-11-12
17,1,16,0,Brunswick,2021-11-13
7,2,5,0,Brunswick,2021-11-14
26,8,18,0,Brunswick,2021-11-15
26,2,24,0,Brunswick,2021-11-16
27,4,23,0,Brunswick,2021-11-17
21,5,16,0,Brunswick,2021-11-18
27,6,21,0,Brunswick,2021-11-19
17,1,16,0,Brunswick,2021-11-20
21,5,16,0,Brunswick,2021-11-22
25,6,19,0,Brunswick,2021-11-23
21,2,19,0,Brunswick,2021-11-24
23,1,22,0,Brunswick,2021-11-26
24,4,20,0,Brunswick,2021-11-27
25,3,22,0,Brunswick,2021-11-28
54,4,50,0,Brunswick,2021-11-30
48,5,43,0,Brunswick,2021-12-02
55,8,47,0,Brunswick,2021-12-03
25,2,23,0,Brunswick,2021-12-04
48,9,39,0,Brunswick,2021-12-07
48,12,36,0,Brunswick,2021-12-08
38,5,33,0,Brunswick,2021-12-10
25,2,23,0,Brunswick,2021-12-11
32,3,29,0,Brunswick,2021-12-12
45,10,35,0,Brunswick,2021-12-14
44,10,34,0,Brunswick,2021-12-15
67,12,55,0,Brunswick,2021-12-16
59,7,52,0,Brunswick,2021-12-17
28,5,23,0,Brunswick,2021-12-19
63,11,52,0,Brunswick,2021-12-21
69,7,62,0,Brunswick,2021-12-22
21,3,18,0,Brunswick,2021-12-25
183,27,156,0,Brunswick,2021-12-27
205,31,174,0,Brunswick,2021-12-28
232,27,205,0,Brunswick,2021-12-29
143,21,122,0,Brunswick,2021-12-31
131,20,111,0,Brunswick,2022-01-02
402,88,314,0,Brunswick,2022-01-05
316,40,276,0,Brunswick,2022-01-06
333,42,291,0,Brunswick,2022-01-07
454,57,397,0,Brunswick,2022-01-10
397,50,347,0,Brunswick,2022-01-13
412,50,362,0,Brunswick,2022-01-14
422,44,378,0,Brunswick,2022-01-17
167,27,140,0,Brunswick,2022-01-21
75,6,69,0,Brunswick,2022-01-22
243,58,185,0,Brunswick,2022-01-26
167,24,143,0,Brunswick,2022-02-02
67,11,56,0,Brunswick,2022-02-06
132,26,106,0,Brunswick,2022-02-07
63,3,60,0,Brunswick,2022-02-11
64,7,57,0,Brunswick,2022-02-14
42,6,36,0,Brunswick,2022-02-17
15,3,12,0,Brunswick,2022-02-20
34,2,32,0,Brunswick,2022-02-22
36,8,28,0,Brunswick,2022-02-23
17,1,16,0,Brunswick,2022-02-26
15,3,12,0,Brunswick,2022-02-27
22,6,16,0,Brunswick,2022-02-28
5,2,3,0,Brunswick,2022-03-08
8,2,6,0,Brunswick,2022-03-11
3,0,3,0,Brunswick,2022-03-12
4,1,3,0,Brunswick,2022-03-14
9,0,9,0,Brunswick,2022-03-15
5,0,5,0,Brunswick,2022-03-16
2,1,1,0,Brunswick,2022-03-19
2,0,2,0,Brunswick,2022-03-20
6,1,5,0,Brunswick,2022-03-21
2,0,2,0,Brunswick,2022-03-22
7,3,4,0,Brunswick,2022-03-23
4,2,2,0,Brunswick,2022-03-24
2,1,1,0,Brunswick,2022-03-26
2,0,2,0,Brunswick,2022-03-27
11,2,9,0,Brunswick,2022-03-28
7,0,7,0,Brunswick,2022-03-29
11,0,11,0,Brunswick,2022-03-30
13,2,11,0,Brunswick,2022-03-31
6,0,6,0,Brunswick,2022-04-01
2,0,2,0,Brunswick,2022-04-02
1,0,1,0,Brunswick,2022-04-03
11,6,5,0,Brunswick,2022-04-04
14,4,10,0,Brunswick,2022-04-05
13,3,10,0,Brunswick,2022-04-06
19,2,17,0,Brunswick,2022-04-07
9,0,9,0,Brunswick,2022-04-08
7,0,7,0,Brunswick,2022-04-09
2,1,1,0,Brunswick,2022-04-10
19,2,17,0,Brunswick,2022-04-11
18,4,14,0,Brunswick,2022-04-12
19,2,17,0,Brunswick,2022-04-13
16,1,15,0,Brunswick,2022-04-14
4,0,4,0,Brunswick,2022-04-15
3,0,3,0,Brunswick,2022-04-17
15,1,14,0,Brunswick,2022-04-19
23,4,19,0,Brunswick,2022-04-20
20,4,16,0,Brunswick,2022-04-21
19,1,18,0,Brunswick,2022-04-22
16,3,13,0,Brunswick,2022-04-23
9,4,5,0,Brunswick,2022-04-24
28,3,25,0,Brunswick,2022-04-25
23,1,22,0,Brunswick,2022-04-27
32,8,24,0,Brunswick,2022-04-28
36,4,32,0,Brunswick,2022-04-29
26,4,22,0,Brunswick,2022-04-30
18,2,16,0,Brunswick,2022-05-01
53,9,44,0,Brunswick,2022-05-02
43,11,32,0,Brunswick,2022-05-03
42,6,36,0,Brunswick,2022-05-05
35,2,33,0,Brunswick,2022-05-06
55,20,35,0,Buncombe,2021-11-09
63,22,41,0,Buncombe,2021-11-10
45,8,37,0,Buncombe,2021-11-11
63,17,46,0,Buncombe,2021-11-12
45,11,34,0,Buncombe,2021-11-13
21,8,13,0,Buncombe,2021-11-14
64,23,41,0,Buncombe,2021-11-16
53,19,34,0,Buncombe,2021-11-17
38,14,24,0,Buncombe,2021-11-20
63,23,40,0,Buncombe,2021-11-28
97,43,54,0,Buncombe,2021-11-29
111,51,60,0,Buncombe,2021-11-30
115,37,78,0,Buncombe,2021-12-01
67,28,39,0,Buncombe,2021-12-02
70,21,49,0,Buncombe,2021-12-03
49,18,31,0,Buncombe,2021-12-05
85,32,53,0,Buncombe,2021-12-06
59,25,34,0,Buncombe,2021-12-07
35,6,29,0,Buncombe,2021-12-11
35,11,24,0,Buncombe,2021-12-12
130,54,76,0,Buncombe,2021-12-15
110,43,67,0,Buncombe,2021-12-16
96,41,55,0,Buncombe,2021-12-17
58,24,34,0,Buncombe,2021-12-18
158,23,135,0,Buncombe,2021-12-21
166,29,137,0,Buncombe,2021-12-22
78,12,66,0,Buncombe,2021-12-24
753,221,532,0,Buncombe,2022-01-04
682,230,452,0,Buncombe,2022-01-05
275,40,235,0,Buncombe,2022-01-09
819,311,508,0,Buncombe,2022-01-11
254,35,219,0,Buncombe,2022-01-22
264,85,179,0,Buncombe,2022-02-02
240,82,158,0,Buncombe,2022-02-03
93,32,61,0,Buncombe,2022-02-21
76,37,39,0,Buncombe,2022-02-22
69,19,50,0,Buncombe,2022-02-24
18,4,14,0,Buncombe,2022-02-27
43,15,28,0,Buncombe,2022-03-01
38,8,30,0,Buncombe,2022-03-02
12,6,6,0,Buncombe,2022-03-05
11,5,6,0,Buncombe,2022-03-06
22,3,19,0,Buncombe,2022-03-09
10,2,8,0,Buncombe,2022-03-12
15,5,10,0,Buncombe,2022-03-17
15,5,10,0,Buncombe,2022-03-18
11,9,2,0,Buncombe,2022-03-21
18,5,13,0,Buncombe,2022-03-22
21,7,14,0,Buncombe,2022-03-23
21,8,13,0,Buncombe,2022-03-24
20,7,13,0,Buncombe,2022-03-28
25,13,12,0,Buncombe,2022-03-31
20,4,16,0,Buncombe,2022-04-01
9,2,7,0,Buncombe,2022-04-02
33,13,20,0,Buncombe,2022-04-04
22,7,15,0,Buncombe,2022-04-05
34,8,26,0,Buncombe,2022-04-08
13,5,8,0,Buncombe,2022-04-09
21,3,18,0,Buncombe,2022-04-10
41,12,29,0,Buncombe,2022-04-11
42,15,27,0,Buncombe,2022-04-12
42,18,24,0,Buncombe,2022-04-13
55,23,32,0,Buncombe,2022-04-14
37,9,28,0,Buncombe,2022-04-15
23,7,16,0,Buncombe,2022-04-17
68,17,51,0,Buncombe,2022-04-18
62,28,34,0,Buncombe,2022-04-19
67,18,49,0,Buncombe,2022-04-20
73,31,42,0,Buncombe,2022-04-21
45,12,33,0,Buncombe,2022-04-22
22,10,12,0,Buncombe,2022-04-23
21,10,11,0,Buncombe,2022-04-24
72,15,57,0,Buncombe,2022-04-25
81,35,46,0,Buncombe,2022-04-27
75,24,51,0,Buncombe,2022-04-28
75,31,44,0,Buncombe,2022-04-29
41,10,31,0,Buncombe,2022-04-30
124,39,85,0,Buncombe,2022-05-02
103,48,55,0,Buncombe,2022-05-04
116,47,69,0,Buncombe,2022-05-05
79,31,48,0,Buncombe,2022-05-06
44,20,24,0,Buncombe,2022-05-07
14,6,8,0,Burke,2021-11-09
14,5,9,0,Burke,2021-11-12
9,2,7,0,Burke,2021-11-13
9,2,7,0,Burke,2021-11-14
21,6,15,0,Burke,2021-11-15
13,1,12,0,Burke,2021-11-17
10,2,8,0,Burke,2021-11-18
11,1,10,0,Burke,2021-11-19
15,4,11,0,Burke,2021-11-22
19,3,16,0,Burke,2021-11-23
17,3,14,0,Burke,2021-11-24
17,2,15,0,Burke,2021-11-26
11,3,8,0,Burke,2021-11-27
10,4,6,0,Burke,2021-11-28
29,5,24,0,Burke,2021-11-29
28,6,22,0,Burke,2021-11-30
15,4,11,0,Burke,2021-12-02
19,3,16,0,Burke,2021-12-03
19,10,9,0,Burke,2021-12-04
11,1,10,0,Burke,2021-12-05
48,11,37,0,Burke,2021-12-06
29,12,17,0,Burke,2021-12-07
27,9,18,0,Burke,2021-12-08
20,6,14,0,Burke,2021-12-10
11,3,8,0,Burke,2021-12-12
40,15,25,0,Burke,2021-12-13
33,6,27,0,Burke,2021-12-15
18,5,13,0,Burke,2021-12-16
29,6,23,0,Burke,2021-12-17
14,4,10,0,Burke,2021-12-18
16,4,12,0,Burke,2021-12-19
39,8,31,0,Burke,2021-12-20
35,6,29,0,Burke,2021-12-21
38,9,29,0,Burke,2021-12-22
53,18,35,0,Burke,2021-12-23
27,9,18,0,Burke,2021-12-26
130,39,91,0,Burke,2021-12-30
96,28,68,0,Burke,2021-12-31
256,65,191,0,Burke,2022-01-06
214,53,161,0,Burke,2022-01-07
98,37,61,0,Burke,2022-01-09
393,124,269,0,Burke,2022-01-12
25,10,15,0,Burke,2022-01-16
77,13,64,0,Burke,2022-01-17
252,89,163,0,Burke,2022-01-20
192,54,138,0,Burke,2022-01-21
54,32,22,0,Burke,2022-01-29
88,25,63,0,Burke,2022-02-04
36,6,30,0,Burke,2022-02-06
25,4,21,0,Burke,2022-02-13
77,33,44,0,Burke,2022-02-14
20,3,17,0,Burke,2022-02-18
26,11,15,0,Burke,2022-02-22
17,3,14,0,Burke,2022-02-24
3,0,3,0,Burke,2022-02-27
5,0,5,0,Burke,2022-03-01
17,4,13,0,Burke,2022-03-02
10,3,7,0,Burke,2022-03-03
6,1,5,0,Burke,2022-03-04
5,1,4,0,Burke,2022-03-05
8,4,4,0,Burke,2022-03-07
2,1,1,0,Burke,2022-03-10
6,1,5,0,Burke,2022-03-11
1,0,1,0,Burke,2022-03-13
4,2,2,0,Burke,2022-03-15
5,2,3,0,Burke,2022-03-16
2,2,0,0,Burke,2022-03-17
3,0,3,0,Burke,2022-03-18
1,0,1,0,Burke,2022-03-19
1,0,1,0,Burke,2022-03-20
3,2,1,0,Burke,2022-03-21
4,1,3,0,Burke,2022-03-23
1,1,0,0,Burke,2022-03-24
0,0,0,0,Burke,2022-03-25
0,0,0,0,Burke,2022-03-26
3,1,2,0,Burke,2022-03-27
13,6,7,0,Burke,2022-03-28
6,3,3,0,Burke,2022-03-29
4,3,1,0,Burke,2022-03-30
7,2,5,0,Burke,2022-03-31
3,2,1,0,Burke,2022-04-01
1,0,1,0,Burke,2022-04-02
1,0,1,0,Burke,2022-04-03
1,1,0,0,Burke,2022-04-04
4,1,3,0,Burke,2022-04-05
4,1,3,0,Burke,2022-04-07
3,2,1,0,Burke,2022-04-08
4,0,4,0,Burke,2022-04-09
1,0,1,0,Burke,2022-04-10
5,0,5,0,Burke,2022-04-11
6,4,2,0,Burke,2022-04-12
10,4,6,0,Burke,2022-04-13
10,8,2,0,Burke,2022-04-15
2,1,1,0,Burke,2022-04-16
0,0,0,0,Burke,2022-04-17
5,1,4,0,Burke,2022-04-19
3,1,2,0,Burke,2022-04-20
12,2,10,0,Burke,2022-04-21
1,1,0,0,Burke,2022-04-22
3,0,3,0,Burke,2022-04-23
8,2,6,0,Burke,2022-04-24
11,5,6,0,Burke,2022-04-25
4,3,1,0,Burke,2022-04-27
5,4,1,0,Burke,2022-04-28
10,3,7,0,Burke,2022-04-29
2,0,2,0,Burke,2022-05-01
12,3,9,0,Burke,2022-05-02
8,0,8,0,Burke,2022-05-03
6,0,6,0,Burke,2022-05-04
14,3,11,0,Burke,2022-05-05
13,3,10,0,Burke,2022-05-06
41,16,25,0,Cabarrus,2021-11-10
44,12,32,0,Cabarrus,2021-11-11
51,13,38,0,Cabarrus,2021-11-12
27,4,23,0,Cabarrus,2021-11-13
38,7,31,0,Cabarrus,2021-11-14
73,26,47,0,Cabarrus,2021-11-17
42,5,37,0,Cabarrus,2021-11-18
22,3,19,0,Cabarrus,2021-11-21
84,19,65,0,Cabarrus,2021-11-22
72,16,56,0,Cabarrus,2021-11-24
12,5,7,0,Cabarrus,2021-11-25
40,8,32,0,Cabarrus,2021-11-27
100,23,77,0,Cabarrus,2021-11-29
85,28,57,0,Cabarrus,2021-12-02
77,14,63,0,Cabarrus,2021-12-03
85,19,66,0,Cabarrus,2021-12-06
121,45,76,0,Cabarrus,2021-12-07
79,24,55,0,Cabarrus,2021-12-09
68,17,51,0,Cabarrus,2021-12-10
104,15,89,0,Cabarrus,2021-12-14
115,37,78,0,Cabarrus,2021-12-16
112,21,91,0,Cabarrus,2021-12-17
161,30,131,0,Cabarrus,2021-12-20
117,32,85,0,Cabarrus,2021-12-24
503,132,371,0,Cabarrus,2021-12-27
505,107,398,0,Cabarrus,2021-12-29
578,135,443,0,Cabarrus,2021-12-30
353,86,267,0,Cabarrus,2021-12-31
639,192,447,0,Cabarrus,2022-01-03
702,129,573,0,Cabarrus,2022-01-04
279,70,209,0,Cabarrus,2022-01-09
398,105,293,0,Cabarrus,2022-01-21
150,36,114,0,Cabarrus,2022-01-22
530,176,354,0,Cabarrus,2022-01-24
102,22,80,0,Cabarrus,2022-01-30
146,28,118,0,Cabarrus,2022-02-04
87,20,67,0,Cabarrus,2022-02-11
69,11,58,0,Cabarrus,2022-02-16
70,18,52,0,Cabarrus,2022-02-17
26,8,18,0,Cabarrus,2022-02-23
17,5,12,0,Cabarrus,2022-03-03
9,5,4,0,Cabarrus,2022-03-04
8,1,7,0,Cabarrus,2022-03-05
13,4,9,0,Cabarrus,2022-03-08
10,0,10,0,Cabarrus,2022-03-09
5,1,4,0,Cabarrus,2022-03-12
5,0,5,0,Cabarrus,2022-03-13
6,1,5,0,Cabarrus,2022-03-14
3,0,3,0,Cabarrus,2022-03-15
6,1,5,0,Cabarrus,2022-03-16
4,1,3,0,Cabarrus,2022-03-18
6,0,6,0,Cabarrus,2022-03-19
4,0,4,0,Cabarrus,2022-03-20
5,2,3,0,Cabarrus,2022-03-21
11,0,11,0,Cabarrus,2022-03-22
5,1,4,0,Cabarrus,2022-03-23
7,2,5,0,Cabarrus,2022-03-24
6,2,4,0,Cabarrus,2022-03-25
3,0,3,0,Cabarrus,2022-03-26
6,2,4,0,Cabarrus,2022-03-27
12,5,7,0,Cabarrus,2022-03-28
6,2,4,0,Cabarrus,2022-03-29
4,3,1,0,Cabarrus,2022-03-30
6,2,4,0,Cabarrus,2022-03-31
8,2,6,0,Cabarrus,2022-04-01
7,0,7,0,Cabarrus,2022-04-03
13,3,10,0,Cabarrus,2022-04-04
7,2,5,0,Cabarrus,2022-04-05
9,7,2,0,Cabarrus,2022-04-06
12,5,7,0,Cabarrus,2022-04-08
3,1,2,0,Cabarrus,2022-04-09
5,2,3,0,Cabarrus,2022-04-10
18,3,15,0,Cabarrus,2022-04-11
20,3,17,0,Cabarrus,2022-04-12
39,10,29,0,Cabarrus,2022-04-13
22,5,17,0,Cabarrus,2022-04-14
18,5,13,0,Cabarrus,2022-04-15
9,1,8,0,Cabarrus,2022-04-17
37,7,30,0,Cabarrus,2022-04-19
29,8,21,0,Cabarrus,2022-04-20
30,10,20,0,Cabarrus,2022-04-21
23,3,20,0,Cabarrus,2022-04-22
20,4,16,0,Cabarrus,2022-04-23
38,14,24,0,Cabarrus,2022-04-24
68,19,49,0,Cabarrus,2022-04-25
38,4,34,0,Cabarrus,2022-04-27
32,9,23,0,Cabarrus,2022-04-28
28,7,21,0,Cabarrus,2022-04-29
24,6,18,0,Cabarrus,2022-04-30
19,1,18,0,Cabarrus,2022-05-01
38,6,32,0,Cabarrus,2022-05-02
56,20,36,0,Cabarrus,2022-05-03
65,17,48,0,Cabarrus,2022-05-04
44,8,36,0,Cabarrus,2022-05-05
46,7,39,0,Cabarrus,2022-05-06
18,3,15,0,Caldwell,2021-11-09
23,1,22,0,Caldwell,2021-11-10
17,0,17,0,Caldwell,2021-11-11
10,1,9,0,Caldwell,2021-11-12
11,1,10,0,Caldwell,2021-11-13
7,0,7,0,Caldwell,2021-11-14
17,1,16,0,Caldwell,2021-11-16
18,0,18,0,Caldwell,2021-11-19
21,0,21,0,Caldwell,2021-11-23
10,0,10,0,Caldwell,2021-11-24
18,0,18,0,Caldwell,2021-11-26
12,2,10,0,Caldwell,2021-11-27
24,4,20,0,Caldwell,2021-11-29
12,0,12,0,Caldwell,2021-11-30
20,5,15,0,Caldwell,2021-12-02
27,8,19,0,Caldwell,2021-12-03
11,0,11,0,Caldwell,2021-12-04
22,0,22,0,Caldwell,2021-12-05
32,3,29,0,Caldwell,2021-12-06
40,2,38,0,Caldwell,2021-12-07
44,6,38,0,Caldwell,2021-12-08
31,2,29,0,Caldwell,2021-12-09
16,6,10,0,Caldwell,2021-12-11
17,4,13,0,Caldwell,2021-12-12
53,7,46,0,Caldwell,2021-12-13
31,9,22,0,Caldwell,2021-12-14
23,5,18,0,Caldwell,2021-12-17
21,5,16,0,Caldwell,2021-12-18
20,4,16,0,Caldwell,2021-12-19
42,7,35,0,Caldwell,2021-12-20
42,10,32,0,Caldwell,2021-12-21
54,4,50,0,Caldwell,2021-12-22
52,11,41,0,Caldwell,2021-12-23
22,5,17,0,Caldwell,2021-12-25
138,17,121,0,Caldwell,2021-12-28
133,23,110,0,Caldwell,2021-12-30
78,11,67,0,Caldwell,2021-12-31
219,31,188,0,Caldwell,2022-01-04
213,43,170,0,Caldwell,2022-01-05
205,42,163,0,Caldwell,2022-01-07
98,24,74,0,Caldwell,2022-01-08
298,42,256,0,Caldwell,2022-01-10
321,77,244,0,Caldwell,2022-01-13
397,106,291,0,Caldwell,2022-01-20
112,28,84,0,Caldwell,2022-01-23
71,11,60,0,Caldwell,2022-02-08
26,3,23,0,Caldwell,2022-02-12
27,4,23,0,Caldwell,2022-02-13
32,2,30,0,Caldwell,2022-02-16
23,2,21,0,Caldwell,2022-02-17
19,2,17,0,Caldwell,2022-02-18
15,3,12,0,Caldwell,2022-02-20
18,2,16,0,Caldwell,2022-02-24
10,0,10,0,Caldwell,2022-02-26
10,1,9,0,Caldwell,2022-03-02
11,3,8,0,Caldwell,2022-03-03
9,0,9,0,Caldwell,2022-03-04
7,0,7,0,Caldwell,2022-03-06
4,0,4,0,Caldwell,2022-03-07
6,1,5,0,Caldwell,2022-03-08
6,1,5,0,Caldwell,2022-03-09
3,0,3,0,Caldwell,2022-03-10
5,1,4,0,Caldwell,2022-03-11
1,0,1,0,Caldwell,2022-03-12
2,1,1,0,Caldwell,2022-03-13
3,0,3,0,Caldwell,2022-03-14
2,0,2,0,Caldwell,2022-03-15
2,0,2,0,Caldwell,2022-03-16
7,3,4,0,Caldwell,2022-03-17
2,0,2,0,Caldwell,2022-03-19
2,0,2,0,Caldwell,2022-03-20
1,0,1,0,Caldwell,2022-03-21
2,0,2,0,Caldwell,2022-03-22
3,0,3,0,Caldwell,2022-03-24
3,0,3,0,Caldwell,2022-03-25
1,0,1,0,Caldwell,2022-03-26
1,0,1,0,Caldwell,2022-03-27
5,0,5,0,Caldwell,2022-03-28
3,0,3,0,Caldwell,2022-03-29
4,0,4,0,Caldwell,2022-03-30
2,0,2,0,Caldwell,2022-04-01
4,0,4,0,Caldwell,2022-04-02
2,0,2,0,Caldwell,2022-04-03
4,0,4,0,Caldwell,2022-04-04
0,0,0,0,Caldwell,2022-04-05
3,0,3,0,Caldwell,2022-04-06
6,1,5,0,Caldwell,2022-04-07
2,0,2,0,Caldwell,2022-04-08
3,0,3,0,Caldwell,2022-04-09
4,0,4,0,Caldwell,2022-04-10
2,0,2,0,Caldwell,2022-04-11
4,0,4,0,Caldwell,2022-04-12
8,2,6,0,Caldwell,2022-04-13
2,0,2,0,Caldwell,2022-04-14
6,0,6,0,Caldwell,2022-04-15
3,0,3,0,Caldwell,2022-04-16
1,0,1,0,Caldwell,2022-04-17
5,1,4,0,Caldwell,2022-04-18
8,2,6,0,Caldwell,2022-04-19
13,2,11,0,Caldwell,2022-04-20
16,2,14,0,Caldwell,2022-04-21
10,3,7,0,Caldwell,2022-04-22
6,0,6,0,Caldwell,2022-04-23
6,0,6,0,Caldwell,2022-04-24
21,5,16,0,Caldwell,2022-04-25
3,0,3,0,Caldwell,2022-04-26
10,1,9,0,Caldwell,2022-04-27
6,3,3,0,Caldwell,2022-04-28
6,0,6,0,Caldwell,2022-04-29
5,1,4,0,Caldwell,2022-04-30
7,1,6,0,Caldwell,2022-05-01
18,3,15,0,Caldwell,2022-05-02
4,1,3,0,Caldwell,2022-05-03
4,1,3,0,Caldwell,2022-05-04
10,1,9,0,Caldwell,2022-05-05
6,1,5,0,Caldwell,2022-05-06
2,1,1,0,Camden,2021-11-09
1,1,0,0,Camden,2021-11-10
1,0,1,0,Camden,2021-11-11
2,2,0,0,Camden,2021-11-12
2,0,2,0,Camden,2021-11-13
0,0,0,0,Camden,2021-11-14
1,0,1,0,Camden,2021-11-15
5,4,1,0,Camden,2021-11-16
1,1,0,0,Camden,2021-11-17
1,0,1,0,Camden,2021-11-18
1,0,1,0,Camden,2021-11-19
1,0,1,0,Camden,2021-11-21
4,1,3,0,Camden,2021-11-22
4,0,4,0,Camden,2021-11-23
2,1,1,0,Camden,2021-11-24
0,0,0,0,Camden,2021-11-26
6,1,5,0,Camden,2021-11-27
3,1,2,0,Camden,2021-11-28
6,1,5,0,Camden,2021-11-29
4,0,4,0,Camden,2021-11-30
2,2,0,0,Camden,2021-12-02
5,1,4,0,Camden,2021-12-03
1,0,1,0,Camden,2021-12-05
8,6,2,0,Camden,2021-12-07
2,2,0,0,Camden,2021-12-08
8,2,6,0,Camden,2021-12-09
6,4,2,0,Camden,2021-12-10
5,0,5,0,Camden,2021-12-11
2,0,2,0,Camden,2021-12-12
2,0,2,0,Camden,2021-12-13
4,1,3,0,Camden,2021-12-14
2,0,2,0,Camden,2021-12-15
6,1,5,0,Camden,2021-12-16
2,0,2,0,Camden,2021-12-17
1,0,1,0,Camden,2021-12-18
5,3,2,0,Camden,2021-12-19
6,4,2,0,Camden,2021-12-20
2,0,2,0,Camden,2021-12-21
3,2,1,0,Camden,2021-12-22
3,0,3,0,Camden,2021-12-24
0,0,0,0,Camden,2021-12-25
5,3,2,0,Camden,2021-12-26
7,0,7,0,Camden,2021-12-27
15,5,10,0,Camden,2021-12-28
10,3,7,0,Camden,2021-12-29
15,3,12,0,Camden,2021-12-30
5,0,5,0,Camden,2021-12-31
7,1,6,0,Camden,2022-01-02
18,4,14,0,Camden,2022-01-04
23,5,18,0,Camden,2022-01-05
20,7,13,0,Camden,2022-01-06
12,3,9,0,Camden,2022-01-07
5,1,4,0,Camden,2022-01-08
5,1,4,0,Camden,2022-01-09
14,3,11,0,Camden,2022-01-10
19,5,14,0,Camden,2022-01-11
21,8,13,0,Camden,2022-01-12
25,10,15,0,Camden,2022-01-13
12,3,9,0,Camden,2022-01-14
9,3,6,0,Camden,2022-01-15
5,2,3,0,Camden,2022-01-16
7,6,1,0,Camden,2022-01-17
14,7,7,0,Camden,2022-01-19
7,2,5,0,Camden,2022-01-20
1,1,0,0,Camden,2022-01-21
1,0,1,0,Camden,2022-01-22
3,2,1,0,Camden,2022-01-23
16,10,6,0,Camden,2022-01-24
11,2,9,0,Camden,2022-01-26
12,6,6,0,Camden,2022-01-27
6,0,6,0,Camden,2022-01-28
1,1,0,0,Camden,2022-01-29
5,0,5,0,Camden,2022-01-30
1,0,1,0,Camden,2022-01-31
1,0,1,0,Camden,2022-02-01
0,0,0,0,Camden,2022-02-02
0,0,0,0,Camden,2022-02-04
0,0,0,0,Camden,2022-02-05
0,0,0,0,Camden,2022-02-06
2,1,1,0,Camden,2022-02-07
2,1,1,0,Camden,2022-02-08
3,2,1,0,Camden,2022-02-10
1,0,1,0,Camden,2022-02-11
3,1,2,0,Camden,2022-02-12
0,0,0,0,Camden,2022-02-13
0,0,0,0,Camden,2022-02-14
1,0,1,0,Camden,2022-02-15
3,0,3,0,Camden,2022-02-16
0,0,0,0,Camden,2022-02-17
0,0,0,0,Camden,2022-02-18
1,0,1,0,Camden,2022-02-19
0,0,0,0,Camden,2022-02-20
0,0,0,0,Camden,2022-02-23
2,0,2,0,Camden,2022-02-24
0,0,0,0,Camden,2022-02-26
1,1,0,0,Camden,2022-02-27
0,0,0,0,Camden,2022-02-28
1,0,1,0,Camden,2022-03-01
0,0,0,0,Camden,2022-03-02
0,0,0,0,Camden,2022-03-03
0,0,0,0,Camden,2022-03-04
0,0,0,0,Camden,2022-03-05
0,0,0,0,Camden,2022-03-06
0,0,0,0,Camden,2022-03-07
1,0,1,0,Camden,2022-03-08
1,0,1,0,Camden,2022-03-09
0,0,0,0,Camden,2022-03-10
0,0,0,0,Camden,2022-03-11
0,0,0,0,Camden,2022-03-12
0,0,0,0,Camden,2022-03-13
0,0,0,0,Camden,2022-03-14
0,0,0,0,Camden,2022-03-15
0,0,0,0,Camden,2022-03-16
0,0,0,0,Camden,2022-03-17
0,0,0,0,Camden,2022-03-18
0,0,0,0,Camden,2022-03-19
0,0,0,0,Camden,2022-03-20
0,0,0,0,Camden,2022-03-21
0,0,0,0,Camden,2022-03-22
0,0,0,0,Camden,2022-03-23
1,0,1,0,Camden,2022-03-24
0,0,0,0,Camden,2022-03-25
0,0,0,0,Camden,2022-03-26
0,0,0,0,Camden,2022-03-27
0,0,0,0,Camden,2022-03-28
0,0,0,0,Camden,2022-03-29
0,0,0,0,Camden,2022-03-30
1,0,1,0,Camden,2022-03-31
1,0,1,0,Camden,2022-04-01
0,0,0,0,Camden,2022-04-02
2,0,2,0,Camden,2022-04-03
0,0,0,0,Camden,2022-04-04
3,0,3,0,Camden,2022-04-05
0,0,0,0,Camden,2022-04-06
1,0,1,0,Camden,2022-04-07
0,0,0,0,Camden,2022-04-08
0,0,0,0,Camden,2022-04-09
0,0,0,0,Camden,2022-04-10
0,0,0,0,Camden,2022-04-11
1,0,1,0,Camden,2022-04-12
0,0,0,0,Camden,2022-04-13
1,1,0,0,Camden,2022-04-14
0,0,0,0,Camden,2022-04-15
0,0,0,0,Camden,2022-04-16
0,0,0,0,Camden,2022-04-17
0,0,0,0,Camden,2022-04-18
1,0,1,0,Camden,2022-04-19
0,0,0,0,Camden,2022-04-20
0,0,0,0,Camden,2022-04-21
0,0,0,0,Camden,2022-04-22
0,0,0,0,Camden,2022-04-23
0,0,0,0,Camden,2022-04-24
2,0,2,0,Camden,2022-04-25
0,0,0,0,Camden,2022-04-26
0,0,0,0,Camden,2022-04-27
3,2,1,0,Camden,2022-04-28
1,1,0,0,Camden,2022-04-29
0,0,0,0,Camden,2022-04-30
0,0,0,0,Camden,2022-05-01
3,1,2,0,Camden,2022-05-02
1,0,1,0,Camden,2022-05-03
1,0,1,0,Camden,2022-05-04
1,0,1,0,Camden,2022-05-05
1,0,1,0,Camden,2022-05-06
1,0,1,0,Camden,2022-05-07
11,2,9,0,Carteret,2021-11-09
18,3,15,0,Carteret,2021-11-10
11,1,10,0,Carteret,2021-11-11
9,2,7,0,Carteret,2021-11-12
6,0,6,0,Carteret,2021-11-13
5,1,4,0,Carteret,2021-11-14
15,4,11,0,Carteret,2021-11-15
13,2,11,0,Carteret,2021-11-16
7,1,6,0,Carteret,2021-11-17
23,2,21,0,Carteret,2021-11-18
4,0,4,0,Carteret,2021-11-19
14,2,12,0,Carteret,2021-11-21
22,5,17,0,Carteret,2021-11-22
12,1,11,0,Carteret,2021-11-23
4,0,4,0,Carteret,2021-11-24
0,0,0,0,Carteret,2021-11-25
13,4,9,0,Carteret,2021-11-26
6,0,6,0,Carteret,2021-11-27
7,2,5,0,Carteret,2021-11-28
16,5,11,0,Carteret,2021-11-29
7,5,2,0,Carteret,2021-11-30
12,2,10,0,Carteret,2021-12-02
13,0,13,0,Carteret,2021-12-03
4,2,2,0,Carteret,2021-12-04
12,2,10,0,Carteret,2021-12-07
9,2,7,0,Carteret,2021-12-09
7,2,5,0,Carteret,2021-12-10
4,1,3,0,Carteret,2021-12-11
6,1,5,0,Carteret,2021-12-12
19,8,11,0,Carteret,2021-12-15
13,1,12,0,Carteret,2021-12-16
15,6,9,0,Carteret,2021-12-17
10,2,8,0,Carteret,2021-12-18
17,4,13,0,Carteret,2021-12-19
29,5,24,0,Carteret,2021-12-20
26,7,19,0,Carteret,2021-12-21
26,10,16,0,Carteret,2021-12-22
16,4,12,0,Carteret,2021-12-24
2,1,1,0,Carteret,2021-12-25
24,7,17,0,Carteret,2021-12-26
60,12,48,0,Carteret,2021-12-27
67,19,48,0,Carteret,2021-12-28
82,27,55,0,Carteret,2021-12-29
94,38,56,0,Carteret,2021-12-30
38,11,27,0,Carteret,2021-12-31
7,4,3,0,Carteret,2022-01-01
129,50,79,0,Carteret,2022-01-05
127,55,72,0,Carteret,2022-01-06
139,54,85,0,Carteret,2022-01-07
30,11,19,0,Carteret,2022-01-08
55,17,38,0,Carteret,2022-01-09
190,83,107,0,Carteret,2022-01-10
193,70,123,0,Carteret,2022-01-14
51,14,37,0,Carteret,2022-01-15
53,9,44,0,Carteret,2022-01-16
266,109,157,0,Carteret,2022-01-18
212,80,132,0,Carteret,2022-01-19
170,55,115,0,Carteret,2022-01-20
64,25,39,0,Carteret,2022-01-21
29,7,22,0,Carteret,2022-01-22
51,11,40,0,Carteret,2022-01-23
228,112,116,0,Carteret,2022-01-24
119,47,72,0,Carteret,2022-01-26
110,35,75,0,Carteret,2022-01-27
32,7,25,0,Carteret,2022-01-30
93,35,58,0,Carteret,2022-02-01
63,22,41,0,Carteret,2022-02-04
28,5,23,0,Carteret,2022-02-05
24,7,17,0,Carteret,2022-02-06
79,31,48,0,Carteret,2022-02-07
44,13,31,0,Carteret,2022-02-08
42,14,28,0,Carteret,2022-02-10
37,17,20,0,Carteret,2022-02-15
15,8,7,0,Carteret,2022-02-18
4,2,2,0,Carteret,2022-02-19
6,1,5,0,Carteret,2022-02-20
20,7,13,0,Carteret,2022-02-22
16,4,12,0,Carteret,2022-02-23
17,7,10,0,Carteret,2022-02-24
9,2,7,0,Carteret,2022-03-01
11,2,9,0,Carteret,2022-03-02
4,0,4,0,Carteret,2022-03-04
5,0,5,0,Carteret,2022-03-05
3,1,2,0,Carteret,2022-03-06
6,2,4,0,Carteret,2022-03-08
7,3,4,0,Carteret,2022-03-09
5,2,3,0,Carteret,2022-03-10
6,3,3,0,Carteret,2022-03-11
3,0,3,0,Carteret,2022-03-12
2,0,2,0,Carteret,2022-03-13
3,0,3,0,Carteret,2022-03-14
5,0,5,0,Carteret,2022-03-15
2,0,2,0,Carteret,2022-03-18
1,0,1,0,Carteret,2022-03-19
0,0,0,0,Carteret,2022-03-20
3,1,2,0,Carteret,2022-03-21
4,2,2,0,Carteret,2022-03-22
1,0,1,0,Carteret,2022-03-23
1,0,1,0,Carteret,2022-03-24
2,2,0,0,Carteret,2022-03-25
0,0,0,0,Carteret,2022-03-26
3,1,2,0,Carteret,2022-03-28
0,0,0,0,Carteret,2022-03-29
2,1,1,0,Carteret,2022-03-30
0,0,0,0,Carteret,2022-03-31
3,0,3,0,Carteret,2022-04-01
1,0,1,0,Carteret,2022-04-02
2,2,0,0,Carteret,2022-04-03
2,1,1,0,Carteret,2022-04-04
2,1,1,0,Carteret,2022-04-05
1,0,1,0,Carteret,2022-04-06
2,1,1,0,Carteret,2022-04-07
2,1,1,0,Carteret,2022-04-08
3,1,2,0,Carteret,2022-04-09
2,1,1,0,Carteret,2022-04-10
5,3,2,0,Carteret,2022-04-11
6,2,4,0,Carteret,2022-04-12
6,4,2,0,Carteret,2022-04-13
4,1,3,0,Carteret,2022-04-14
2,1,1,0,Carteret,2022-04-15
2,0,2,0,Carteret,2022-04-16
0,0,0,0,Carteret,2022-04-17
4,3,1,0,Carteret,2022-04-19
7,3,4,0,Carteret,2022-04-20
8,6,2,0,Carteret,2022-04-21
7,2,5,0,Carteret,2022-04-22
6,0,6,0,Carteret,2022-04-23
2,0,2,0,Carteret,2022-04-24
7,0,7,0,Carteret,2022-04-25
9,1,8,0,Carteret,2022-04-26
3,0,3,0,Carteret,2022-04-27
4,0,4,0,Carteret,2022-04-28
4,1,3,0,Carteret,2022-04-29
2,0,2,0,Carteret,2022-04-30
8,1,7,0,Carteret,2022-05-01
12,6,6,0,Carteret,2022-05-02
16,4,12,0,Carteret,2022-05-03
13,5,8,0,Carteret,2022-05-05
10,5,5,0,Carteret,2022-05-06
8,3,5,0,Carteret,2022-05-07
7,0,7,0,Caswell,2021-11-10
1,0,1,0,Caswell,2021-11-11
4,1,3,0,Caswell,2021-11-12
5,1,4,0,Caswell,2021-11-13
3,0,3,0,Caswell,2021-11-14
5,0,5,0,Caswell,2021-11-15
1,0,1,0,Caswell,2021-11-16
0,0,0,0,Caswell,2021-11-17
6,0,6,0,Caswell,2021-11-19
1,0,1,0,Caswell,2021-11-20
3,2,1,0,Caswell,2021-11-21
5,0,5,0,Caswell,2021-11-22
7,1,6,0,Caswell,2021-11-23
1,0,1,0,Caswell,2021-11-24
1,1,0,0,Caswell,2021-11-25
4,0,4,0,Caswell,2021-11-26
6,1,5,0,Caswell,2021-11-27
3,2,1,0,Caswell,2021-11-28
10,2,8,0,Caswell,2021-11-29
9,0,9,0,Caswell,2021-11-30
11,0,11,0,Caswell,2021-12-01
12,1,11,0,Caswell,2021-12-02
5,1,4,0,Caswell,2021-12-03
3,0,3,0,Caswell,2021-12-04
2,0,2,0,Caswell,2021-12-05
13,1,12,0,Caswell,2021-12-06
11,2,9,0,Caswell,2021-12-07
5,0,5,0,Caswell,2021-12-08
3,0,3,0,Caswell,2021-12-09
11,1,10,0,Caswell,2021-12-10
5,0,5,0,Caswell,2021-12-11
1,0,1,0,Caswell,2021-12-12
9,0,9,0,Caswell,2021-12-13
8,3,5,0,Caswell,2021-12-14
11,0,11,0,Caswell,2021-12-15
3,0,3,0,Caswell,2021-12-16
1,0,1,0,Caswell,2021-12-17
2,0,2,0,Caswell,2021-12-18
4,1,3,0,Caswell,2021-12-19
19,1,18,0,Caswell,2021-12-20
8,0,8,0,Caswell,2021-12-21
9,1,8,0,Caswell,2021-12-22
11,0,11,0,Caswell,2021-12-23
7,2,5,0,Caswell,2021-12-24
2,1,1,0,Caswell,2021-12-25
12,0,12,0,Caswell,2021-12-26
55,1,54,0,Caswell,2021-12-27
38,2,36,0,Caswell,2021-12-28
25,2,23,0,Caswell,2021-12-29
50,6,44,0,Caswell,2021-12-30
12,3,9,0,Caswell,2021-12-31
8,1,7,0,Caswell,2022-01-01
9,0,9,0,Caswell,2022-01-02
49,3,46,0,Caswell,2022-01-03
63,4,59,0,Caswell,2022-01-04
88,7,81,0,Caswell,2022-01-05
67,2,65,0,Caswell,2022-01-06
49,1,48,0,Caswell,2022-01-07
14,1,13,0,Caswell,2022-01-08
19,1,18,0,Caswell,2022-01-09
89,5,84,0,Caswell,2022-01-10
69,0,69,0,Caswell,2022-01-11
96,8,88,0,Caswell,2022-01-12
76,8,68,0,Caswell,2022-01-13
54,5,49,0,Caswell,2022-01-14
22,2,20,0,Caswell,2022-01-15
5,1,4,0,Caswell,2022-01-16
28,1,27,0,Caswell,2022-01-17
83,8,75,0,Caswell,2022-01-19
45,3,42,0,Caswell,2022-01-21
13,1,12,0,Caswell,2022-01-22
75,7,68,0,Caswell,2022-01-24
62,2,60,0,Caswell,2022-01-25
28,2,26,0,Caswell,2022-01-26
33,2,31,0,Caswell,2022-01-27
25,3,22,0,Caswell,2022-01-28
3,0,3,0,Caswell,2022-01-29
4,1,3,0,Caswell,2022-01-30
26,1,25,0,Caswell,2022-01-31
22,1,21,0,Caswell,2022-02-01
17,1,16,0,Caswell,2022-02-02
8,1,7,0,Caswell,2022-02-04
4,0,4,0,Caswell,2022-02-05
4,0,4,0,Caswell,2022-02-06
11,1,10,0,Caswell,2022-02-07
24,1,23,0,Caswell,2022-02-08
12,2,10,0,Caswell,2022-02-09
11,1,10,0,Caswell,2022-02-10
10,1,9,0,Caswell,2022-02-11
3,1,2,0,Caswell,2022-02-13
7,0,7,0,Caswell,2022-02-15
5,1,4,0,Caswell,2022-02-17
3,2,1,0,Caswell,2022-02-19
0,0,0,0,Caswell,2022-02-20
7,0,7,0,Caswell,2022-02-21
2,0,2,0,Caswell,2022-02-23
5,0,5,0,Caswell,2022-02-24
4,0,4,0,Caswell,2022-02-25
1,0,1,0,Caswell,2022-02-26
1,0,1,0,Caswell,2022-02-27
2,0,2,0,Caswell,2022-02-28
0,0,0,0,Caswell,2022-03-01
1,0,1,0,Caswell,2022-03-03
0,0,0,0,Caswell,2022-03-04
1,0,1,0,Caswell,2022-03-05
0,0,0,0,Caswell,2022-03-06
1,0,1,0,Caswell,2022-03-07
0,0,0,0,Caswell,2022-03-08
0,0,0,0,Caswell,2022-03-09
1,0,1,0,Caswell,2022-03-10
0,0,0,0,Caswell,2022-03-11
0,0,0,0,Caswell,2022-03-12
0,0,0,0,Caswell,2022-03-13
0,0,0,0,Caswell,2022-03-14
2,1,1,0,Caswell,2022-03-15
4,1,3,0,Caswell,2022-03-16
1,0,1,0,Caswell,2022-03-17
0,0,0,0,Caswell,2022-03-18
1,0,1,0,Caswell,2022-03-19
0,0,0,0,Caswell,2022-03-20
0,0,0,0,Caswell,2022-03-21
0,0,0,0,Caswell,2022-03-22
0,0,0,0,Caswell,2022-03-23
0,0,0,0,Caswell,2022-03-24
2,0,2,0,Caswell,2022-03-25
0,0,0,0,Caswell,2022-03-26
0,0,0,0,Caswell,2022-03-27
2,0,2,0,Caswell,2022-03-28
0,0,0,0,Caswell,2022-03-29
1,0,1,0,Caswell,2022-03-30
1,0,1,0,Caswell,2022-03-31
0,0,0,0,Caswell,2022-04-01
0,0,0,0,Caswell,2022-04-02
0,0,0,0,Caswell,2022-04-03
3,0,3,0,Caswell,2022-04-04
0,0,0,0,Caswell,2022-04-05
1,0,1,0,Caswell,2022-04-06
1,0,1,0,Caswell,2022-04-07
1,0,1,0,Caswell,2022-04-08
2,0,2,0,Caswell,2022-04-09
1,0,1,0,Caswell,2022-04-10
3,0,3,0,Caswell,2022-04-11
1,0,1,0,Caswell,2022-04-12
1,0,1,0,Caswell,2022-04-13
1,0,1,0,Caswell,2022-04-14
2,1,1,0,Caswell,2022-04-15
0,0,0,0,Caswell,2022-04-16
0,0,0,0,Caswell,2022-04-17
0,0,0,0,Caswell,2022-04-18
7,0,7,0,Caswell,2022-04-19
1,0,1,0,Caswell,2022-04-20
3,1,2,0,Caswell,2022-04-21
2,0,2,0,Caswell,2022-04-22
3,0,3,0,Caswell,2022-04-23
2,0,2,0,Caswell,2022-04-24
7,0,7,0,Caswell,2022-04-25
1,0,1,0,Caswell,2022-04-26
4,0,4,0,Caswell,2022-04-27
3,1,2,0,Caswell,2022-04-28
1,0,1,0,Caswell,2022-04-29
0,0,0,0,Caswell,2022-04-30
2,1,1,0,Caswell,2022-05-01
4,0,4,0,Caswell,2022-05-02
2,1,1,0,Caswell,2022-05-03
7,1,6,0,Caswell,2022-05-04
6,1,5,0,Caswell,2022-05-05
2,0,2,0,Caswell,2022-05-06
3,0,3,0,Caswell,2022-05-07
37,5,32,0,Catawba,2021-11-10
21,5,16,0,Catawba,2021-11-11
24,9,15,0,Catawba,2021-11-13
17,8,9,0,Catawba,2021-11-14
50,16,34,0,Catawba,2021-11-15
37,12,25,0,Catawba,2021-11-17
44,16,28,0,Catawba,2021-11-22
34,8,26,0,Catawba,2021-11-24
56,18,38,0,Catawba,2021-11-26
38,6,32,0,Catawba,2021-11-28
77,29,48,0,Catawba,2021-11-30
34,13,21,0,Catawba,2021-12-04
79,29,50,0,Catawba,2021-12-06
69,22,47,0,Catawba,2021-12-08
30,10,20,0,Catawba,2021-12-12
94,38,56,0,Catawba,2021-12-13
67,25,42,0,Catawba,2021-12-14
88,42,46,0,Catawba,2021-12-15
71,31,40,0,Catawba,2021-12-16
43,13,30,0,Catawba,2021-12-18
34,8,26,0,Catawba,2021-12-19
105,25,80,0,Catawba,2021-12-20
100,23,77,0,Catawba,2021-12-26
254,75,179,0,Catawba,2021-12-27
316,119,197,0,Catawba,2021-12-29
443,167,276,0,Catawba,2022-01-07
55,21,34,0,Catawba,2022-01-16
216,57,159,0,Catawba,2022-01-22
594,219,375,0,Catawba,2022-01-24
106,35,71,0,Catawba,2022-01-30
91,49,42,0,Catawba,2022-02-14
56,23,33,0,Catawba,2022-02-17
25,9,16,0,Catawba,2022-02-20
32,14,18,0,Catawba,2022-02-25
15,9,6,0,Catawba,2022-03-01
26,8,18,0,Catawba,2022-03-02
8,5,3,0,Catawba,2022-03-05
13,2,11,0,Catawba,2022-03-06
21,8,13,0,Catawba,2022-03-07
7,3,4,0,Catawba,2022-03-10
16,4,12,0,Catawba,2022-03-11
3,2,1,0,Catawba,2022-03-12
8,6,2,0,Catawba,2022-03-13
7,3,4,0,Catawba,2022-03-14
6,3,3,0,Catawba,2022-03-16
9,4,5,0,Catawba,2022-03-18
3,1,2,0,Catawba,2022-03-19
1,0,1,0,Catawba,2022-03-20
7,4,3,0,Catawba,2022-03-21
9,6,3,0,Catawba,2022-03-24
1,1,0,0,Catawba,2022-03-25
2,0,2,0,Catawba,2022-03-26
6,2,4,0,Catawba,2022-03-28
5,1,4,0,Catawba,2022-03-30
7,3,4,0,Catawba,2022-03-31
5,0,5,0,Catawba,2022-04-01
1,1,0,0,Catawba,2022-04-02
2,2,0,0,Catawba,2022-04-03
8,5,3,0,Catawba,2022-04-04
5,3,2,0,Catawba,2022-04-05
4,2,2,0,Catawba,2022-04-06
4,3,1,0,Catawba,2022-04-07
3,2,1,0,Catawba,2022-04-08
1,0,1,0,Catawba,2022-04-09
9,0,9,0,Catawba,2022-04-10
11,4,7,0,Catawba,2022-04-11
4,3,1,0,Catawba,2022-04-12
12,5,7,0,Catawba,2022-04-13
12,5,7,0,Catawba,2022-04-14
9,5,4,0,Catawba,2022-04-15
9,3,6,0,Catawba,2022-04-16
3,2,1,0,Catawba,2022-04-17
15,6,9,0,Catawba,2022-04-18
11,4,7,0,Catawba,2022-04-19
16,9,7,0,Catawba,2022-04-21
16,7,9,0,Catawba,2022-04-22
8,2,6,0,Catawba,2022-04-23
9,3,6,0,Catawba,2022-04-24
19,8,11,0,Catawba,2022-04-25
9,4,5,0,Catawba,2022-04-26
22,8,14,0,Catawba,2022-04-27
12,4,8,0,Catawba,2022-04-28
10,4,6,0,Catawba,2022-04-29
15,5,10,0,Catawba,2022-04-30
6,0,6,0,Catawba,2022-05-01
28,13,15,0,Catawba,2022-05-02
29,11,18,0,Catawba,2022-05-03
33,17,16,0,Catawba,2022-05-04
22,17,5,0,Catawba,2022-05-05
26,8,18,0,Catawba,2022-05-06
17,3,14,0,Catawba,2022-05-07
10,1,9,0,Chatham,2021-11-09
7,1,6,0,Chatham,2021-11-10
8,4,4,0,Chatham,2021-11-11
10,1,9,0,Chatham,2021-11-12
6,1,5,0,Chatham,2021-11-13
5,1,4,0,Chatham,2021-11-14
9,3,6,0,Chatham,2021-11-15
6,0,6,0,Chatham,2021-11-16
19,3,16,0,Chatham,2021-11-17
9,0,9,0,Chatham,2021-11-18
6,1,5,0,Chatham,2021-11-19
7,3,4,0,Chatham,2021-11-20
8,1,7,0,Chatham,2021-11-21
11,3,8,0,Chatham,2021-11-23
2,1,1,0,Chatham,2021-11-25
10,4,6,0,Chatham,2021-11-26
12,3,9,0,Chatham,2021-11-27
4,3,1,0,Chatham,2021-11-28
32,1,31,0,Chatham,2021-11-29
18,3,15,0,Chatham,2021-12-01
15,3,12,0,Chatham,2021-12-02
7,0,7,0,Chatham,2021-12-03
7,2,5,0,Chatham,2021-12-04
35,9,26,0,Chatham,2021-12-06
20,5,15,0,Chatham,2021-12-07
15,3,12,0,Chatham,2021-12-09
20,4,16,0,Chatham,2021-12-10
13,0,13,0,Chatham,2021-12-11
10,2,8,0,Chatham,2021-12-12
26,7,19,0,Chatham,2021-12-13
17,0,17,0,Chatham,2021-12-14
29,4,25,0,Chatham,2021-12-15
30,4,26,0,Chatham,2021-12-16
25,4,21,0,Chatham,2021-12-17
19,5,14,0,Chatham,2021-12-18
9,4,5,0,Chatham,2021-12-19
38,2,36,0,Chatham,2021-12-20
42,8,34,0,Chatham,2021-12-21
51,9,42,0,Chatham,2021-12-23
33,2,31,0,Chatham,2021-12-24
8,4,4,0,Chatham,2021-12-25
40,2,38,0,Chatham,2021-12-26
146,19,127,0,Chatham,2021-12-27
121,25,96,0,Chatham,2021-12-28
128,26,102,0,Chatham,2021-12-29
106,18,88,0,Chatham,2021-12-30
65,15,50,0,Chatham,2021-12-31
20,3,17,0,Chatham,2022-01-01
167,28,139,0,Chatham,2022-01-03
170,35,135,0,Chatham,2022-01-05
166,24,142,0,Chatham,2022-01-06
112,24,88,0,Chatham,2022-01-07
79,12,67,0,Chatham,2022-01-08
56,13,43,0,Chatham,2022-01-09
266,44,222,0,Chatham,2022-01-10
169,6,163,0,Chatham,2022-01-11
181,5,176,0,Chatham,2022-01-12
167,26,141,0,Chatham,2022-01-14
84,13,71,0,Chatham,2022-01-15
14,1,13,0,Chatham,2022-01-16
87,3,84,0,Chatham,2022-01-17
244,48,196,0,Chatham,2022-01-18
185,21,164,0,Chatham,2022-01-19
171,19,152,0,Chatham,2022-01-20
31,3,28,0,Chatham,2022-01-22
205,33,172,0,Chatham,2022-01-24
111,12,99,0,Chatham,2022-01-26
85,19,66,0,Chatham,2022-01-27
30,9,21,0,Chatham,2022-01-30
106,25,81,0,Chatham,2022-01-31
54,9,45,0,Chatham,2022-02-02
71,18,53,0,Chatham,2022-02-03
49,12,37,0,Chatham,2022-02-04
19,5,14,0,Chatham,2022-02-05
27,3,24,0,Chatham,2022-02-10
19,2,17,0,Chatham,2022-02-11
8,2,6,0,Chatham,2022-02-12
13,6,7,0,Chatham,2022-02-13
35,11,24,0,Chatham,2022-02-14
18,5,13,0,Chatham,2022-02-17
5,1,4,0,Chatham,2022-02-19
14,6,8,0,Chatham,2022-02-20
23,4,19,0,Chatham,2022-02-21
9,5,4,0,Chatham,2022-02-22
15,4,11,0,Chatham,2022-02-23
13,4,9,0,Chatham,2022-02-24
8,3,5,0,Chatham,2022-02-25
4,0,4,0,Chatham,2022-02-26
4,1,3,0,Chatham,2022-02-27
10,5,5,0,Chatham,2022-02-28
11,4,7,0,Chatham,2022-03-01
11,0,11,0,Chatham,2022-03-02
7,3,4,0,Chatham,2022-03-03
8,1,7,0,Chatham,2022-03-04
2,0,2,0,Chatham,2022-03-05
4,2,2,0,Chatham,2022-03-06
10,1,9,0,Chatham,2022-03-07
8,1,7,0,Chatham,2022-03-08
4,0,4,0,Chatham,2022-03-09
6,0,6,0,Chatham,2022-03-10
7,0,7,0,Chatham,2022-03-11
1,0,1,0,Chatham,2022-03-12
0,0,0,0,Chatham,2022-03-13
7,1,6,0,Chatham,2022-03-14
9,3,6,0,Chatham,2022-03-15
3,1,2,0,Chatham,2022-03-16
5,0,5,0,Chatham,2022-03-18
1,0,1,0,Chatham,2022-03-19
5,1,4,0,Chatham,2022-03-20
9,4,5,0,Chatham,2022-03-21
1,0,1,0,Chatham,2022-03-22
1,0,1,0,Chatham,2022-03-23
2,1,1,0,Chatham,2022-03-24
1,0,1,0,Chatham,2022-03-25
1,0,1,0,Chatham,2022-03-26
1,0,1,0,Chatham,2022-03-27
3,1,2,0,Chatham,2022-03-28
5,0,5,0,Chatham,2022-03-30
4,1,3,0,Chatham,2022-03-31
2,2,0,0,Chatham,2022-04-01
3,1,2,0,Chatham,2022-04-02
2,2,0,0,Chatham,2022-04-03
6,2,4,0,Chatham,2022-04-04
8,2,6,0,Chatham,2022-04-05
12,4,8,0,Chatham,2022-04-06
12,3,9,0,Chatham,2022-04-07
8,0,8,0,Chatham,2022-04-08
9,1,8,0,Chatham,2022-04-09
6,1,5,0,Chatham,2022-04-10
13,1,12,0,Chatham,2022-04-11
15,1,14,0,Chatham,2022-04-12
17,2,15,0,Chatham,2022-04-13
11,1,10,0,Chatham,2022-04-14
7,3,4,0,Chatham,2022-04-15
5,0,5,0,Chatham,2022-04-16
5,1,4,0,Chatham,2022-04-17
9,0,9,0,Chatham,2022-04-18
12,0,12,0,Chatham,2022-04-19
18,6,12,0,Chatham,2022-04-20
7,1,6,0,Chatham,2022-04-21
12,0,12,0,Chatham,2022-04-22
4,0,4,0,Chatham,2022-04-23
8,0,8,0,Chatham,2022-04-24
16,3,13,0,Chatham,2022-04-25
18,1,17,0,Chatham,2022-04-26
18,3,15,0,Chatham,2022-04-27
16,2,14,0,Chatham,2022-04-28
18,2,16,0,Chatham,2022-04-29
10,1,9,0,Chatham,2022-04-30
16,5,11,0,Chatham,2022-05-01
33,10,23,0,Chatham,2022-05-02
26,7,19,0,Chatham,2022-05-03
38,9,29,0,Chatham,2022-05-04
30,6,24,0,Chatham,2022-05-05
24,4,20,0,Chatham,2022-05-06
11,1,10,0,Chatham,2022-05-07
13,1,12,0,Cherokee,2021-11-09
1,0,1,0,Cherokee,2021-11-11
6,2,4,0,Cherokee,2021-11-12
0,0,0,0,Cherokee,2021-11-13
1,0,1,0,Cherokee,2021-11-14
8,2,6,0,Cherokee,2021-11-15
4,0,4,0,Cherokee,2021-11-16
4,0,4,0,Cherokee,2021-11-17
2,0,2,0,Cherokee,2021-11-18
3,2,1,0,Cherokee,2021-11-19
2,1,1,0,Cherokee,2021-11-20
0,0,0,0,Cherokee,2021-11-21
3,0,3,0,Cherokee,2021-11-22
4,3,1,0,Cherokee,2021-11-23
2,0,2,0,Cherokee,2021-11-24
0,0,0,0,Cherokee,2021-11-25
6,2,4,0,Cherokee,2021-11-26
1,0,1,0,Cherokee,2021-11-27
3,2,1,0,Cherokee,2021-11-28
6,2,4,0,Cherokee,2021-11-29
7,2,5,0,Cherokee,2021-11-30
11,5,6,0,Cherokee,2021-12-02
7,1,6,0,Cherokee,2021-12-03
2,0,2,0,Cherokee,2021-12-04
4,0,4,0,Cherokee,2021-12-05
10,4,6,0,Cherokee,2021-12-07
6,0,6,0,Cherokee,2021-12-08
10,2,8,0,Cherokee,2021-12-10
3,0,3,0,Cherokee,2021-12-11
2,1,1,0,Cherokee,2021-12-12
10,1,9,0,Cherokee,2021-12-13
5,0,5,0,Cherokee,2021-12-14
3,0,3,0,Cherokee,2021-12-15
9,2,7,0,Cherokee,2021-12-16
3,0,3,0,Cherokee,2021-12-17
3,0,3,0,Cherokee,2021-12-18
2,0,2,0,Cherokee,2021-12-19
7,2,5,0,Cherokee,2021-12-20
9,0,9,0,Cherokee,2021-12-21
11,1,10,0,Cherokee,2021-12-22
6,3,3,0,Cherokee,2021-12-23
2,1,1,0,Cherokee,2021-12-25
10,2,8,0,Cherokee,2021-12-26
27,8,19,0,Cherokee,2021-12-29
53,15,38,0,Cherokee,2021-12-30
69,10,59,0,Cherokee,2022-01-03
56,15,41,0,Cherokee,2022-01-06
29,9,20,0,Cherokee,2022-01-08
19,1,18,0,Cherokee,2022-01-09
108,35,73,0,Cherokee,2022-01-10
76,26,50,0,Cherokee,2022-01-11
70,14,56,0,Cherokee,2022-01-12
87,24,63,0,Cherokee,2022-01-14
10,0,10,0,Cherokee,2022-01-16
120,32,88,0,Cherokee,2022-01-19
24,6,18,0,Cherokee,2022-01-22
90,26,64,0,Cherokee,2022-01-24
48,10,38,0,Cherokee,2022-01-26
29,8,21,0,Cherokee,2022-01-28
7,2,5,0,Cherokee,2022-01-29
16,6,10,0,Cherokee,2022-01-30
31,7,24,0,Cherokee,2022-02-01
27,5,22,0,Cherokee,2022-02-02
12,1,11,0,Cherokee,2022-02-05
36,11,25,0,Cherokee,2022-02-07
26,8,18,0,Cherokee,2022-02-08
23,4,19,0,Cherokee,2022-02-09
21,9,12,0,Cherokee,2022-02-10
8,1,7,0,Cherokee,2022-02-13
15,6,9,0,Cherokee,2022-02-14
11,5,6,0,Cherokee,2022-02-16
7,2,5,0,Cherokee,2022-02-18
6,0,6,0,Cherokee,2022-02-19
5,1,4,0,Cherokee,2022-02-21
11,1,10,0,Cherokee,2022-02-22
3,1,2,0,Cherokee,2022-02-23
9,2,7,0,Cherokee,2022-02-24
3,1,2,0,Cherokee,2022-02-25
1,0,1,0,Cherokee,2022-02-26
1,0,1,0,Cherokee,2022-02-27
5,3,2,0,Cherokee,2022-03-01
1,1,0,0,Cherokee,2022-03-02
4,1,3,0,Cherokee,2022-03-03
0,0,0,0,Cherokee,2022-03-05
4,1,3,0,Cherokee,2022-03-07
0,0,0,0,Cherokee,2022-03-08
4,1,3,0,Cherokee,2022-03-09
0,0,0,0,Cherokee,2022-03-10
1,0,1,0,Cherokee,2022-03-11
0,0,0,0,Cherokee,2022-03-12
0,0,0,0,Cherokee,2022-03-13
1,0,1,0,Cherokee,2022-03-14
0,0,0,0,Cherokee,2022-03-15
1,1,0,0,Cherokee,2022-03-17
0,0,0,0,Cherokee,2022-03-19
0,0,0,0,Cherokee,2022-03-20
0,0,0,0,Cherokee,2022-03-21
1,1,0,0,Cherokee,2022-03-22
1,0,1,0,Cherokee,2022-03-23
1,0,1,0,Cherokee,2022-03-24
1,0,1,0,Cherokee,2022-03-25
0,0,0,0,Cherokee,2022-03-26
0,0,0,0,Cherokee,2022-03-27
0,0,0,0,Cherokee,2022-03-28
0,0,0,0,Cherokee,2022-03-29
0,0,0,0,Cherokee,2022-03-30
1,0,1,0,Cherokee,2022-03-31
0,0,0,0,Cherokee,2022-04-01
0,0,0,0,Cherokee,2022-04-02
0,0,0,0,Cherokee,2022-04-03
2,1,1,0,Cherokee,2022-04-04
1,0,1,0,Cherokee,2022-04-05
1,1,0,0,Cherokee,2022-04-06
1,1,0,0,Cherokee,2022-04-07
1,0,1,0,Cherokee,2022-04-08
0,0,0,0,Cherokee,2022-04-09
0,0,0,0,Cherokee,2022-04-10
0,0,0,0,Cherokee,2022-04-11
1,1,0,0,Cherokee,2022-04-12
1,0,1,0,Cherokee,2022-04-13
1,0,1,0,Cherokee,2022-04-14
3,0,3,0,Cherokee,2022-04-15
2,0,2,0,Cherokee,2022-04-16
0,0,0,0,Cherokee,2022-04-17
4,1,3,0,Cherokee,2022-04-18
0,0,0,0,Cherokee,2022-04-19
0,0,0,0,Cherokee,2022-04-20
1,0,1,0,Cherokee,2022-04-21
0,0,0,0,Cherokee,2022-04-22
1,0,1,0,Cherokee,2022-04-23
0,0,0,0,Cherokee,2022-04-24
3,0,3,0,Cherokee,2022-04-25
2,0,2,0,Cherokee,2022-04-26
1,0,1,0,Cherokee,2022-04-27
2,2,0,0,Cherokee,2022-04-28
2,0,2,0,Cherokee,2022-04-29
2,0,2,0,Cherokee,2022-04-30
0,0,0,0,Cherokee,2022-05-01
4,0,4,0,Cherokee,2022-05-02
4,0,4,0,Cherokee,2022-05-03
1,1,0,0,Cherokee,2022-05-05
3,0,3,0,Cherokee,2022-05-06
1,0,1,0,Cherokee,2022-05-07
7,0,7,0,Chowan,2021-11-09
1,0,1,0,Chowan,2021-11-11
1,0,1,0,Chowan,2021-11-12
4,1,3,0,Chowan,2021-11-13
0,0,0,0,Chowan,2021-11-14
4,2,2,0,Chowan,2021-11-15
4,0,4,0,Chowan,2021-11-17
3,0,3,0,Chowan,2021-11-18
1,0,1,0,Chowan,2021-11-19
3,0,3,0,Chowan,2021-11-20
1,0,1,0,Chowan,2021-11-21
1,0,1,0,Chowan,2021-11-22
2,0,2,0,Chowan,2021-11-23
4,1,3,0,Chowan,2021-11-24
0,0,0,0,Chowan,2021-11-25
1,0,1,0,Chowan,2021-11-26
3,0,3,0,Chowan,2021-11-27
0,0,0,0,Chowan,2021-11-28
11,0,11,0,Chowan,2021-11-29
4,0,4,0,Chowan,2021-11-30
3,1,2,0,Chowan,2021-12-01
5,0,5,0,Chowan,2021-12-02
3,1,2,0,Chowan,2021-12-03
0,0,0,0,Chowan,2021-12-04
2,0,2,0,Chowan,2021-12-05
0,0,0,0,Chowan,2021-12-07
0,0,0,0,Chowan,2021-12-08
2,0,2,0,Chowan,2021-12-09
3,0,3,0,Chowan,2021-12-10
0,0,0,0,Chowan,2021-12-11
2,0,2,0,Chowan,2021-12-12
9,0,9,0,Chowan,2021-12-13
5,0,5,0,Chowan,2021-12-14
5,1,4,0,Chowan,2021-12-15
4,0,4,0,Chowan,2021-12-16
8,1,7,0,Chowan,2021-12-17
4,0,4,0,Chowan,2021-12-18
3,0,3,0,Chowan,2021-12-19
9,1,8,0,Chowan,2021-12-20
10,0,10,0,Chowan,2021-12-21
7,0,7,0,Chowan,2021-12-22
8,1,7,0,Chowan,2021-12-25
2,0,2,0,Chowan,2021-12-26
43,1,42,0,Chowan,2021-12-27
61,0,61,0,Chowan,2021-12-29
35,0,35,0,Chowan,2021-12-30
18,0,18,0,Chowan,2022-01-02
57,2,55,0,Chowan,2022-01-05
53,4,49,0,Chowan,2022-01-06
39,2,37,0,Chowan,2022-01-07
9,0,9,0,Chowan,2022-01-09
59,1,58,0,Chowan,2022-01-11
86,4,82,0,Chowan,2022-01-12
48,1,47,0,Chowan,2022-01-13
30,1,29,0,Chowan,2022-01-15
12,4,8,0,Chowan,2022-01-16
31,6,25,0,Chowan,2022-01-17
117,4,113,0,Chowan,2022-01-18
39,4,35,0,Chowan,2022-01-19
11,5,6,0,Chowan,2022-01-21
8,4,4,0,Chowan,2022-01-22
12,0,12,0,Chowan,2022-01-23
73,4,69,0,Chowan,2022-01-24
32,1,31,0,Chowan,2022-01-26
5,0,5,0,Chowan,2022-01-30
26,3,23,0,Chowan,2022-01-31
19,0,19,0,Chowan,2022-02-01
9,0,9,0,Chowan,2022-02-03
7,0,7,0,Chowan,2022-02-04
0,0,0,0,Chowan,2022-02-05
6,0,6,0,Chowan,2022-02-09
2,0,2,0,Chowan,2022-02-10
4,0,4,0,Chowan,2022-02-11
2,0,2,0,Chowan,2022-02-12
3,0,3,0,Chowan,2022-02-14
6,0,6,0,Chowan,2022-02-16
8,2,6,0,Chowan,2022-02-17
7,0,7,0,Chowan,2022-02-18
0,0,0,0,Chowan,2022-02-19
0,0,0,0,Chowan,2022-02-20
1,0,1,0,Chowan,2022-02-22
1,0,1,0,Chowan,2022-02-23
1,0,1,0,Chowan,2022-02-25
0,0,0,0,Chowan,2022-02-26
1,0,1,0,Chowan,2022-02-27
0,0,0,0,Chowan,2022-03-01
1,0,1,0,Chowan,2022-03-02
0,0,0,0,Chowan,2022-03-04
0,0,0,0,Chowan,2022-03-05
1,0,1,0,Chowan,2022-03-06
0,0,0,0,Chowan,2022-03-07
2,0,2,0,Chowan,2022-03-08
0,0,0,0,Chowan,2022-03-09
0,0,0,0,Chowan,2022-03-12
0,0,0,0,Chowan,2022-03-13
0,0,0,0,Chowan,2022-03-14
1,0,1,0,Chowan,2022-03-15
1,0,1,0,Chowan,2022-03-16
0,0,0,0,Chowan,2022-03-17
1,0,1,0,Chowan,2022-03-18
0,0,0,0,Chowan,2022-03-19
3,3,0,0,Chowan,2022-03-20
0,0,0,0,Chowan,2022-03-21
0,0,0,0,Chowan,2022-03-22
0,0,0,0,Chowan,2022-03-23
0,0,0,0,Chowan,2022-03-24
0,0,0,0,Chowan,2022-03-25
0,0,0,0,Chowan,2022-03-26
0,0,0,0,Chowan,2022-03-27
1,0,1,0,Chowan,2022-03-28
0,0,0,0,Chowan,2022-03-29
1,0,1,0,Chowan,2022-03-30
0,0,0,0,Chowan,2022-03-31
1,0,1,0,Chowan,2022-04-01
0,0,0,0,Chowan,2022-04-02
1,0,1,0,Chowan,2022-04-03
0,0,0,0,Chowan,2022-04-04
1,0,1,0,Chowan,2022-04-05
0,0,0,0,Chowan,2022-04-06
0,0,0,0,Chowan,2022-04-07
0,0,0,0,Chowan,2022-04-08
0,0,0,0,Chowan,2022-04-09
0,0,0,0,Chowan,2022-04-10
0,0,0,0,Chowan,2022-04-11
2,0,2,0,Chowan,2022-04-12
0,0,0,0,Chowan,2022-04-13
0,0,0,0,Chowan,2022-04-14
2,0,2,0,Chowan,2022-04-15
1,0,1,0,Chowan,2022-04-16
0,0,0,0,Chowan,2022-04-17
2,0,2,0,Chowan,2022-04-18
0,0,0,0,Chowan,2022-04-19
0,0,0,0,Chowan,2022-04-20
1,0,1,0,Chowan,2022-04-21
2,1,1,0,Chowan,2022-04-22
1,0,1,0,Chowan,2022-04-23
0,0,0,0,Chowan,2022-04-24
3,0,3,0,Chowan,2022-04-25
1,0,1,0,Chowan,2022-04-26
0,0,0,0,Chowan,2022-04-27
1,0,1,0,Chowan,2022-04-28
0,0,0,0,Chowan,2022-04-29
1,0,1,0,Chowan,2022-04-30
0,0,0,0,Chowan,2022-05-01
1,0,1,0,Chowan,2022-05-02
4,0,4,0,Chowan,2022-05-03
1,0,1,0,Chowan,2022-05-04
3,0,3,0,Chowan,2022-05-05
1,0,1,0,Chowan,2022-05-06
1,0,1,0,Chowan,2022-05-07
0,0,0,0,Clay,2021-11-09
1,0,1,0,Clay,2021-11-10
0,0,0,0,Clay,2021-11-11
3,1,2,0,Clay,2021-11-12
0,0,0,0,Clay,2021-11-13
0,0,0,0,Clay,2021-11-14
0,0,0,0,Clay,2021-11-15
1,0,1,0,Clay,2021-11-16
0,0,0,0,Clay,2021-11-17
4,2,2,0,Clay,2021-11-19
0,0,0,0,Clay,2021-11-20
1,0,1,0,Clay,2021-11-21
0,0,0,0,Clay,2021-11-22
1,1,0,0,Clay,2021-11-23
0,0,0,0,Clay,2021-11-24
0,0,0,0,Clay,2021-11-25
0,0,0,0,Clay,2021-11-26
1,0,1,0,Clay,2021-11-27
1,0,1,0,Clay,2021-11-28
1,1,0,0,Clay,2021-11-29
7,2,5,0,Clay,2021-11-30
3,1,2,0,Clay,2021-12-01
4,0,4,0,Clay,2021-12-02
1,0,1,0,Clay,2021-12-03
0,0,0,0,Clay,2021-12-04
3,1,2,0,Clay,2021-12-06
2,0,2,0,Clay,2021-12-07
4,0,4,0,Clay,2021-12-08
2,0,2,0,Clay,2021-12-09
3,0,3,0,Clay,2021-12-10
0,0,0,0,Clay,2021-12-11
1,0,1,0,Clay,2021-12-12
3,2,1,0,Clay,2021-12-13
0,0,0,0,Clay,2021-12-14
3,0,3,0,Clay,2021-12-15
1,0,1,0,Clay,2021-12-16
5,0,5,0,Clay,2021-12-17
1,0,1,0,Clay,2021-12-18
1,0,1,0,Clay,2021-12-19
0,0,0,0,Clay,2021-12-20
0,0,0,0,Clay,2021-12-21
3,1,2,0,Clay,2021-12-22
3,0,3,0,Clay,2021-12-24
0,0,0,0,Clay,2021-12-25
4,0,4,0,Clay,2021-12-26
10,1,9,0,Clay,2021-12-28
13,3,10,0,Clay,2021-12-29
14,2,12,0,Clay,2021-12-30
1,0,1,0,Clay,2022-01-01
7,1,6,0,Clay,2022-01-02
33,7,26,0,Clay,2022-01-04
18,3,15,0,Clay,2022-01-05
30,7,23,0,Clay,2022-01-06
25,2,23,0,Clay,2022-01-07
9,2,7,0,Clay,2022-01-08
43,11,32,0,Clay,2022-01-10
32,10,22,0,Clay,2022-01-12
28,4,24,0,Clay,2022-01-13
29,10,19,0,Clay,2022-01-14
13,0,13,0,Clay,2022-01-15
11,8,3,0,Clay,2022-01-16
22,16,6,0,Clay,2022-01-17
35,4,31,0,Clay,2022-01-18
31,6,25,0,Clay,2022-01-19
27,3,24,0,Clay,2022-01-20
20,4,16,0,Clay,2022-01-21
11,0,11,0,Clay,2022-01-22
31,11,20,0,Clay,2022-01-24
19,4,15,0,Clay,2022-01-26
29,10,19,0,Clay,2022-01-27
18,9,9,0,Clay,2022-01-28
3,0,3,0,Clay,2022-01-29
11,1,10,0,Clay,2022-01-30
19,5,14,0,Clay,2022-01-31
10,4,6,0,Clay,2022-02-01
9,3,6,0,Clay,2022-02-04
8,2,6,0,Clay,2022-02-06
12,3,9,0,Clay,2022-02-07
4,1,3,0,Clay,2022-02-08
7,3,4,0,Clay,2022-02-10
2,1,1,0,Clay,2022-02-11
1,0,1,0,Clay,2022-02-12
2,1,1,0,Clay,2022-02-13
5,2,3,0,Clay,2022-02-14
0,0,0,0,Clay,2022-02-15
5,0,5,0,Clay,2022-02-16
6,2,4,0,Clay,2022-02-17
8,0,8,0,Clay,2022-02-18
0,0,0,0,Clay,2022-02-19
1,0,1,0,Clay,2022-02-20
6,1,5,0,Clay,2022-02-21
2,0,2,0,Clay,2022-02-22
0,0,0,0,Clay,2022-02-23
0,0,0,0,Clay,2022-02-24
0,0,0,0,Clay,2022-02-25
0,0,0,0,Clay,2022-02-26
0,0,0,0,Clay,2022-02-27
2,1,1,0,Clay,2022-02-28
1,0,1,0,Clay,2022-03-01
5,3,2,0,Clay,2022-03-02
1,0,1,0,Clay,2022-03-03
1,0,1,0,Clay,2022-03-04
0,0,0,0,Clay,2022-03-05
0,0,0,0,Clay,2022-03-06
2,0,2,0,Clay,2022-03-07
1,0,1,0,Clay,2022-03-08
0,0,0,0,Clay,2022-03-09
1,0,1,0,Clay,2022-03-10
1,0,1,0,Clay,2022-03-11
0,0,0,0,Clay,2022-03-12
0,0,0,0,Clay,2022-03-13
4,0,4,0,Clay,2022-03-14
1,0,1,0,Clay,2022-03-15
0,0,0,0,Clay,2022-03-16
0,0,0,0,Clay,2022-03-17
1,0,1,0,Clay,2022-03-18
0,0,0,0,Clay,2022-03-19
1,0,1,0,Clay,2022-03-20
0,0,0,0,Clay,2022-03-21
0,0,0,0,Clay,2022-03-22
0,0,0,0,Clay,2022-03-23
0,0,0,0,Clay,2022-03-24
0,0,0,0,Clay,2022-03-25
0,0,0,0,Clay,2022-03-26
0,0,0,0,Clay,2022-03-27
0,0,0,0,Clay,2022-03-28
0,0,0,0,Clay,2022-03-29
0,0,0,0,Clay,2022-03-30
0,0,0,0,Clay,2022-03-31
1,0,1,0,Clay,2022-04-01
0,0,0,0,Clay,2022-04-02
0,0,0,0,Clay,2022-04-03
0,0,0,0,Clay,2022-04-04
0,0,0,0,Clay,2022-04-05
0,0,0,0,Clay,2022-04-06
0,0,0,0,Clay,2022-04-07
0,0,0,0,Clay,2022-04-08
0,0,0,0,Clay,2022-04-09
0,0,0,0,Clay,2022-04-10
0,0,0,0,Clay,2022-04-11
0,0,0,0,Clay,2022-04-12
0,0,0,0,Clay,2022-04-13
0,0,0,0,Clay,2022-04-14
0,0,0,0,Clay,2022-04-15
0,0,0,0,Clay,2022-04-16
0,0,0,0,Clay,2022-04-17
0,0,0,0,Clay,2022-04-19
0,0,0,0,Clay,2022-04-20
0,0,0,0,Clay,2022-04-21
1,0,1,0,Clay,2022-04-22
0,0,0,0,Clay,2022-04-23
0,0,0,0,Clay,2022-04-24
0,0,0,0,Clay,2022-04-25
2,0,2,0,Clay,2022-04-26
0,0,0,0,Clay,2022-04-27
1,1,0,0,Clay,2022-04-28
1,0,1,0,Clay,2022-04-29
0,0,0,0,Clay,2022-04-30
1,0,1,0,Clay,2022-05-01
2,0,2,0,Clay,2022-05-02
0,0,0,0,Clay,2022-05-03
0,0,0,0,Clay,2022-05-04
0,0,0,0,Clay,2022-05-05
0,0,0,0,Clay,2022-05-06
1,0,1,0,Clay,2022-05-07
22,5,17,0,Cleveland,2021-11-09
31,3,28,0,Cleveland,2021-11-10
17,5,12,0,Cleveland,2021-11-11
27,4,23,0,Cleveland,2021-11-12
15,7,8,0,Cleveland,2021-11-13
7,0,7,0,Cleveland,2021-11-14
18,2,16,0,Cleveland,2021-11-15
27,2,25,0,Cleveland,2021-11-16
17,3,14,0,Cleveland,2021-11-17
24,5,19,0,Cleveland,2021-11-18
17,6,11,0,Cleveland,2021-11-19
5,2,3,0,Cleveland,2021-11-21
23,4,19,0,Cleveland,2021-11-22
25,3,22,0,Cleveland,2021-11-23
26,4,22,0,Cleveland,2021-11-24
29,3,26,0,Cleveland,2021-11-26
8,1,7,0,Cleveland,2021-11-27
24,1,23,0,Cleveland,2021-11-28
41,10,31,0,Cleveland,2021-11-30
25,2,23,0,Cleveland,2021-12-01
33,8,25,0,Cleveland,2021-12-02
17,2,15,0,Cleveland,2021-12-03
9,1,8,0,Cleveland,2021-12-04
23,1,22,0,Cleveland,2021-12-05
30,4,26,0,Cleveland,2021-12-07
28,4,24,0,Cleveland,2021-12-08
31,10,21,0,Cleveland,2021-12-09
25,4,21,0,Cleveland,2021-12-10
19,2,17,0,Cleveland,2021-12-11
27,7,20,0,Cleveland,2021-12-12
57,10,47,0,Cleveland,2021-12-13
42,6,36,0,Cleveland,2021-12-15
41,7,34,0,Cleveland,2021-12-16
21,5,16,0,Cleveland,2021-12-17
23,4,19,0,Cleveland,2021-12-18
64,8,56,0,Cleveland,2021-12-21
59,5,54,0,Cleveland,2021-12-22
32,3,29,0,Cleveland,2021-12-24
127,15,112,0,Cleveland,2021-12-27
165,28,137,0,Cleveland,2021-12-28
219,56,163,0,Cleveland,2021-12-29
241,50,191,0,Cleveland,2021-12-30
154,41,113,0,Cleveland,2021-12-31
96,22,74,0,Cleveland,2022-01-01
125,50,75,0,Cleveland,2022-01-02
304,73,231,0,Cleveland,2022-01-04
155,42,113,0,Cleveland,2022-01-08
126,46,80,0,Cleveland,2022-01-09
414,85,329,0,Cleveland,2022-01-10
358,73,285,0,Cleveland,2022-01-12
106,16,90,0,Cleveland,2022-01-17
275,50,225,0,Cleveland,2022-01-21
105,33,72,0,Cleveland,2022-01-23
202,19,183,0,Cleveland,2022-01-26
169,21,148,0,Cleveland,2022-01-27
153,18,135,0,Cleveland,2022-01-28
63,14,49,0,Cleveland,2022-01-29
63,22,41,0,Cleveland,2022-01-30
46,7,39,0,Cleveland,2022-02-16
23,4,19,0,Cleveland,2022-02-21
16,4,12,0,Cleveland,2022-02-24
16,1,15,0,Cleveland,2022-02-25
12,2,10,0,Cleveland,2022-02-28
10,0,10,0,Cleveland,2022-03-01
9,1,8,0,Cleveland,2022-03-02
8,1,7,0,Cleveland,2022-03-03
3,1,2,0,Cleveland,2022-03-05
2,0,2,0,Cleveland,2022-03-06
6,2,4,0,Cleveland,2022-03-08
1,0,1,0,Cleveland,2022-03-09
6,1,5,0,Cleveland,2022-03-10
3,0,3,0,Cleveland,2022-03-12
2,0,2,0,Cleveland,2022-03-13
1,0,1,0,Cleveland,2022-03-14
1,0,1,0,Cleveland,2022-03-15
1,0,1,0,Cleveland,2022-03-18
0,0,0,0,Cleveland,2022-03-19
0,0,0,0,Cleveland,2022-03-20
2,0,2,0,Cleveland,2022-03-21
2,0,2,0,Cleveland,2022-03-22
3,0,3,0,Cleveland,2022-03-23
1,0,1,0,Cleveland,2022-03-25
0,0,0,0,Cleveland,2022-03-27
1,0,1,0,Cleveland,2022-03-28
0,0,0,0,Cleveland,2022-03-29
0,0,0,0,Cleveland,2022-03-30
3,0,3,0,Cleveland,2022-03-31
1,0,1,0,Cleveland,2022-04-01
2,0,2,0,Cleveland,2022-04-02
1,0,1,0,Cleveland,2022-04-03
2,1,1,0,Cleveland,2022-04-04
1,0,1,0,Cleveland,2022-04-05
3,0,3,0,Cleveland,2022-04-06
3,0,3,0,Cleveland,2022-04-07
4,0,4,0,Cleveland,2022-04-08
0,0,0,0,Cleveland,2022-04-09
3,0,3,0,Cleveland,2022-04-10
5,1,4,0,Cleveland,2022-04-11
2,1,1,0,Cleveland,2022-04-12
5,0,5,0,Cleveland,2022-04-13
1,0,1,0,Cleveland,2022-04-14
2,0,2,0,Cleveland,2022-04-15
4,1,3,0,Cleveland,2022-04-16
1,0,1,0,Cleveland,2022-04-17
3,1,2,0,Cleveland,2022-04-18
3,1,2,0,Cleveland,2022-04-19
9,2,7,0,Cleveland,2022-04-20
10,3,7,0,Cleveland,2022-04-21
3,1,2,0,Cleveland,2022-04-22
7,0,7,0,Cleveland,2022-04-23
7,1,6,0,Cleveland,2022-04-24
12,3,9,0,Cleveland,2022-04-25
4,1,3,0,Cleveland,2022-04-27
6,1,5,0,Cleveland,2022-04-28
4,2,2,0,Cleveland,2022-04-29
7,1,6,0,Cleveland,2022-04-30
6,0,6,0,Cleveland,2022-05-01
7,4,3,0,Cleveland,2022-05-02
13,4,9,0,Cleveland,2022-05-03
9,1,8,0,Cleveland,2022-05-04
16,2,14,0,Cleveland,2022-05-05
10,1,9,0,Cleveland,2022-05-06
9,1,8,0,Cleveland,2022-05-07
8,3,5,0,Columbus,2021-11-09
5,1,4,0,Columbus,2021-11-11
11,2,9,0,Columbus,2021-11-12
1,0,1,0,Columbus,2021-11-13
2,1,1,0,Columbus,2021-11-14
10,4,6,0,Columbus,2021-11-15
8,1,7,0,Columbus,2021-11-16
14,5,9,0,Columbus,2021-11-17
17,9,8,0,Columbus,2021-11-18
2,0,2,0,Columbus,2021-11-19
4,0,4,0,Columbus,2021-11-20
3,0,3,0,Columbus,2021-11-21
10,3,7,0,Columbus,2021-11-22
6,3,3,0,Columbus,2021-11-23
9,5,4,0,Columbus,2021-11-24
2,0,2,0,Columbus,2021-11-25
11,1,10,0,Columbus,2021-11-27
5,0,5,0,Columbus,2021-11-28
31,8,23,0,Columbus,2021-11-29
13,7,6,0,Columbus,2021-11-30
15,6,9,0,Columbus,2021-12-01
6,3,3,0,Columbus,2021-12-02
8,2,6,0,Columbus,2021-12-03
7,1,6,0,Columbus,2021-12-04
3,1,2,0,Columbus,2021-12-05
30,19,11,0,Columbus,2021-12-06
10,5,5,0,Columbus,2021-12-07
20,7,13,0,Columbus,2021-12-08
10,3,7,0,Columbus,2021-12-10
5,1,4,0,Columbus,2021-12-11
5,2,3,0,Columbus,2021-12-12
25,12,13,0,Columbus,2021-12-13
9,6,3,0,Columbus,2021-12-15
21,10,11,0,Columbus,2021-12-16
14,4,10,0,Columbus,2021-12-17
2,0,2,0,Columbus,2021-12-18
4,0,4,0,Columbus,2021-12-19
25,9,16,0,Columbus,2021-12-20
19,7,12,0,Columbus,2021-12-21
20,2,18,0,Columbus,2021-12-22
26,4,22,0,Columbus,2021-12-23
13,2,11,0,Columbus,2021-12-24
7,2,5,0,Columbus,2021-12-25
9,3,6,0,Columbus,2021-12-26
77,4,73,0,Columbus,2021-12-28
96,14,82,0,Columbus,2021-12-29
85,11,74,0,Columbus,2021-12-30
50,9,41,0,Columbus,2021-12-31
15,5,10,0,Columbus,2022-01-01
29,8,21,0,Columbus,2022-01-02
120,26,94,0,Columbus,2022-01-03
156,78,78,0,Columbus,2022-01-04
161,85,76,0,Columbus,2022-01-05
113,29,84,0,Columbus,2022-01-07
40,16,24,0,Columbus,2022-01-08
40,7,33,0,Columbus,2022-01-09
259,68,191,0,Columbus,2022-01-11
273,117,156,0,Columbus,2022-01-13
54,9,45,0,Columbus,2022-01-15
39,13,26,0,Columbus,2022-01-16
189,59,130,0,Columbus,2022-01-17
288,115,173,0,Columbus,2022-01-19
25,9,16,0,Columbus,2022-01-21
15,9,6,0,Columbus,2022-01-29
21,6,15,0,Columbus,2022-01-30
68,30,38,0,Columbus,2022-02-01
16,5,11,0,Columbus,2022-02-05
43,23,20,0,Columbus,2022-02-08
25,13,12,0,Columbus,2022-02-09
7,2,5,0,Columbus,2022-02-12
23,13,10,0,Columbus,2022-02-16
11,3,8,0,Columbus,2022-02-18
3,1,2,0,Columbus,2022-02-20
11,6,5,0,Columbus,2022-02-23
7,4,3,0,Columbus,2022-02-24
5,2,3,0,Columbus,2022-02-25
4,0,4,0,Columbus,2022-02-26
2,1,1,0,Columbus,2022-02-27
12,8,4,0,Columbus,2022-02-28
6,0,6,0,Columbus,2022-03-01
4,1,3,0,Columbus,2022-03-02
2,1,1,0,Columbus,2022-03-03
1,0,1,0,Columbus,2022-03-04
0,0,0,0,Columbus,2022-03-05
1,1,0,0,Columbus,2022-03-06
1,0,1,0,Columbus,2022-03-07
6,1,5,0,Columbus,2022-03-08
2,0,2,0,Columbus,2022-03-09
2,1,1,0,Columbus,2022-03-10
2,0,2,0,Columbus,2022-03-11
1,0,1,0,Columbus,2022-03-13
2,2,0,0,Columbus,2022-03-14
0,0,0,0,Columbus,2022-03-15
1,0,1,0,Columbus,2022-03-16
3,0,3,0,Columbus,2022-03-17
2,0,2,0,Columbus,2022-03-18
0,0,0,0,Columbus,2022-03-19
0,0,0,0,Columbus,2022-03-20
0,0,0,0,Columbus,2022-03-21
0,0,0,0,Columbus,2022-03-22
1,0,1,0,Columbus,2022-03-23
0,0,0,0,Columbus,2022-03-24
0,0,0,0,Columbus,2022-03-25
1,0,1,0,Columbus,2022-03-26
1,0,1,0,Columbus,2022-03-27
3,0,3,0,Columbus,2022-03-28
0,0,0,0,Columbus,2022-03-29
0,0,0,0,Columbus,2022-03-30
2,1,1,0,Columbus,2022-03-31
0,0,0,0,Columbus,2022-04-01
1,0,1,0,Columbus,2022-04-02
0,0,0,0,Columbus,2022-04-03
1,1,0,0,Columbus,2022-04-04
2,0,2,0,Columbus,2022-04-05
0,0,0,0,Columbus,2022-04-06
1,0,1,0,Columbus,2022-04-07
1,0,1,0,Columbus,2022-04-08
0,0,0,0,Columbus,2022-04-09
0,0,0,0,Columbus,2022-04-10
3,2,1,0,Columbus,2022-04-11
1,1,0,0,Columbus,2022-04-12
0,0,0,0,Columbus,2022-04-13
1,0,1,0,Columbus,2022-04-14
0,0,0,0,Columbus,2022-04-15
0,0,0,0,Columbus,2022-04-16
0,0,0,0,Columbus,2022-04-17
4,0,4,0,Columbus,2022-04-18
1,0,1,0,Columbus,2022-04-19
3,1,2,0,Columbus,2022-04-20
1,1,0,0,Columbus,2022-04-21
2,0,2,0,Columbus,2022-04-22
2,1,1,0,Columbus,2022-04-23
3,2,1,0,Columbus,2022-04-24
6,2,4,0,Columbus,2022-04-25
8,3,5,0,Columbus,2022-04-26
5,3,2,0,Columbus,2022-04-27
7,0,7,0,Columbus,2022-04-28
2,1,1,0,Columbus,2022-04-29
2,0,2,0,Columbus,2022-04-30
1,0,1,0,Columbus,2022-05-01
10,6,4,0,Columbus,2022-05-02
5,3,2,0,Columbus,2022-05-03
4,1,3,0,Columbus,2022-05-04
0,0,0,0,Columbus,2022-05-05
4,2,2,0,Columbus,2022-05-06
2,0,2,0,Columbus,2022-05-07
19,11,8,0,Craven,2021-11-09
9,4,5,0,Craven,2021-11-10
4,1,3,0,Craven,2021-11-11
7,1,6,0,Craven,2021-11-12
4,0,4,0,Craven,2021-11-13
5,2,3,0,Craven,2021-11-14
30,2,28,0,Craven,2021-11-16
3,2,1,0,Craven,2021-11-21
16,9,7,0,Craven,2021-11-22
14,5,9,0,Craven,2021-11-23
2,0,2,0,Craven,2021-11-24
0,0,0,0,Craven,2021-11-25
15,2,13,0,Craven,2021-11-26
7,4,3,0,Craven,2021-11-27
16,5,11,0,Craven,2021-11-28
28,12,16,0,Craven,2021-11-29
30,9,21,0,Craven,2021-11-30
18,5,13,0,Craven,2021-12-02
16,1,15,0,Craven,2021-12-06
20,9,11,0,Craven,2021-12-07
24,10,14,0,Craven,2021-12-08
19,6,13,0,Craven,2021-12-10
14,5,9,0,Craven,2021-12-11
14,4,10,0,Craven,2021-12-12
32,11,21,0,Craven,2021-12-13
21,9,12,0,Craven,2021-12-14
32,8,24,0,Craven,2021-12-15
28,10,18,0,Craven,2021-12-16
34,14,20,0,Craven,2021-12-17
14,5,9,0,Craven,2021-12-18
41,16,25,0,Craven,2021-12-20
47,18,29,0,Craven,2021-12-21
58,13,45,0,Craven,2021-12-22
9,1,8,0,Craven,2021-12-25
37,8,29,0,Craven,2021-12-26
131,45,86,0,Craven,2021-12-28
133,32,101,0,Craven,2021-12-29
114,20,94,0,Craven,2021-12-30
229,54,175,0,Craven,2022-01-05
216,67,149,0,Craven,2022-01-06
265,85,180,0,Craven,2022-01-07
77,24,53,0,Craven,2022-01-08
86,26,60,0,Craven,2022-01-09
412,130,282,0,Craven,2022-01-10
317,105,212,0,Craven,2022-01-12
281,94,187,0,Craven,2022-01-13
280,62,218,0,Craven,2022-01-14
426,121,305,0,Craven,2022-01-19
279,87,192,0,Craven,2022-01-20
109,32,77,0,Craven,2022-01-21
213,54,159,0,Craven,2022-01-31
46,12,34,0,Craven,2022-02-05
87,29,58,0,Craven,2022-02-08
84,21,63,0,Craven,2022-02-09
80,37,43,0,Craven,2022-02-10
59,18,41,0,Craven,2022-02-11
54,15,39,0,Craven,2022-02-16
9,0,9,0,Craven,2022-02-20
37,8,29,0,Craven,2022-02-21
26,9,17,0,Craven,2022-02-22
24,6,18,0,Craven,2022-02-23
18,2,16,0,Craven,2022-02-24
8,2,6,0,Craven,2022-02-26
12,2,10,0,Craven,2022-03-01
13,6,7,0,Craven,2022-03-02
8,2,6,0,Craven,2022-03-03
9,3,6,0,Craven,2022-03-04
4,2,2,0,Craven,2022-03-05
8,3,5,0,Craven,2022-03-06
18,10,8,0,Craven,2022-03-07
7,2,5,0,Craven,2022-03-08
6,3,3,0,Craven,2022-03-10
12,4,8,0,Craven,2022-03-11
7,1,6,0,Craven,2022-03-13
8,2,6,0,Craven,2022-03-15
6,2,4,0,Craven,2022-03-16
9,4,5,0,Craven,2022-03-17
5,3,2,0,Craven,2022-03-18
1,0,1,0,Craven,2022-03-19
6,1,5,0,Craven,2022-03-22
2,0,2,0,Craven,2022-03-23
3,1,2,0,Craven,2022-03-24
3,2,1,0,Craven,2022-03-25
3,1,2,0,Craven,2022-03-26
1,0,1,0,Craven,2022-03-27
5,4,1,0,Craven,2022-03-28
3,2,1,0,Craven,2022-03-29
3,2,1,0,Craven,2022-03-30
6,0,6,0,Craven,2022-03-31
4,0,4,0,Craven,2022-04-01
3,0,3,0,Craven,2022-04-02
1,1,0,0,Craven,2022-04-03
8,5,3,0,Craven,2022-04-04
5,4,1,0,Craven,2022-04-05
6,2,4,0,Craven,2022-04-07
6,5,1,0,Craven,2022-04-08
2,0,2,0,Craven,2022-04-09
2,0,2,0,Craven,2022-04-10
8,2,6,0,Craven,2022-04-11
8,2,6,0,Craven,2022-04-12
25,20,5,0,Craven,2022-04-13
10,4,6,0,Craven,2022-04-14
6,3,3,0,Craven,2022-04-15
7,1,6,0,Craven,2022-04-17
18,5,13,0,Craven,2022-04-19
11,3,8,0,Craven,2022-04-20
10,6,4,0,Craven,2022-04-21
9,5,4,0,Craven,2022-04-22
3,2,1,0,Craven,2022-04-24
18,4,14,0,Craven,2022-04-25
19,5,14,0,Craven,2022-04-26
10,3,7,0,Craven,2022-04-27
21,5,16,0,Craven,2022-04-28
18,9,9,0,Craven,2022-04-29
8,6,2,0,Craven,2022-04-30
13,5,8,0,Craven,2022-05-01
40,19,21,0,Craven,2022-05-02
40,16,24,0,Craven,2022-05-03
23,7,16,0,Craven,2022-05-04
23,9,14,0,Craven,2022-05-05
21,9,12,0,Craven,2022-05-06
48,4,44,0,Cumberland,2021-11-09
46,8,38,0,Cumberland,2021-11-10
42,4,38,0,Cumberland,2021-11-12
23,6,17,0,Cumberland,2021-11-13
58,12,46,0,Cumberland,2021-11-17
55,8,47,0,Cumberland,2021-11-19
22,4,18,0,Cumberland,2021-11-21
76,22,54,0,Cumberland,2021-11-22
72,9,63,0,Cumberland,2021-11-26
42,7,35,0,Cumberland,2021-11-28
156,25,131,0,Cumberland,2021-11-29
142,17,125,0,Cumberland,2021-11-30
112,15,97,0,Cumberland,2021-12-02
99,11,88,0,Cumberland,2021-12-03
136,18,118,0,Cumberland,2021-12-07
161,41,120,0,Cumberland,2021-12-10
58,9,49,0,Cumberland,2021-12-11
41,8,33,0,Cumberland,2021-12-12
179,25,154,0,Cumberland,2021-12-13
136,21,115,0,Cumberland,2021-12-14
168,30,138,0,Cumberland,2021-12-15
130,21,109,0,Cumberland,2021-12-17
79,13,66,0,Cumberland,2021-12-18
70,7,63,0,Cumberland,2021-12-19
194,21,173,0,Cumberland,2021-12-20
238,36,202,0,Cumberland,2021-12-21
235,36,199,0,Cumberland,2021-12-22
285,41,244,0,Cumberland,2021-12-23
66,1,65,0,Cumberland,2021-12-25
194,32,162,0,Cumberland,2021-12-26
524,86,438,0,Cumberland,2021-12-27
667,87,580,0,Cumberland,2021-12-28
1011,108,903,0,Cumberland,2021-12-29
609,61,548,0,Cumberland,2021-12-31
1408,122,1286,0,Cumberland,2022-01-04
461,26,435,0,Cumberland,2022-01-09
1188,195,993,0,Cumberland,2022-01-20
488,72,416,0,Cumberland,2022-02-01
117,17,100,0,Cumberland,2022-02-05
229,57,172,0,Cumberland,2022-02-09
116,16,100,0,Cumberland,2022-02-15
106,22,84,0,Cumberland,2022-02-21
45,7,38,0,Cumberland,2022-03-01
51,5,46,0,Cumberland,2022-03-03
7,1,6,0,Cumberland,2022-03-06
30,4,26,0,Cumberland,2022-03-07
23,9,14,0,Cumberland,2022-03-08
22,3,19,0,Cumberland,2022-03-09
24,5,19,0,Cumberland,2022-03-10
41,1,40,0,Cumberland,2022-03-11
11,2,9,0,Cumberland,2022-03-12
7,2,5,0,Cumberland,2022-03-13
25,3,22,0,Cumberland,2022-03-15
14,2,12,0,Cumberland,2022-03-17
11,5,6,0,Cumberland,2022-03-18
7,2,5,0,Cumberland,2022-03-19
4,1,3,0,Cumberland,2022-03-20
22,2,20,0,Cumberland,2022-03-22
14,2,12,0,Cumberland,2022-03-23
12,1,11,0,Cumberland,2022-03-24
17,2,15,0,Cumberland,2022-03-25
7,2,5,0,Cumberland,2022-03-26
9,6,3,0,Cumberland,2022-03-27
16,3,13,0,Cumberland,2022-03-28
15,6,9,0,Cumberland,2022-03-29
10,2,8,0,Cumberland,2022-03-30
14,3,11,0,Cumberland,2022-03-31
10,3,7,0,Cumberland,2022-04-01
5,1,4,0,Cumberland,2022-04-02
2,0,2,0,Cumberland,2022-04-03
19,5,14,0,Cumberland,2022-04-04
25,4,21,0,Cumberland,2022-04-05
21,1,20,0,Cumberland,2022-04-06
23,5,18,0,Cumberland,2022-04-07
25,6,19,0,Cumberland,2022-04-08
9,4,5,0,Cumberland,2022-04-09
10,2,8,0,Cumberland,2022-04-10
25,12,13,0,Cumberland,2022-04-11
24,6,18,0,Cumberland,2022-04-12
38,13,25,0,Cumberland,2022-04-13
42,5,37,0,Cumberland,2022-04-14
26,0,26,0,Cumberland,2022-04-15
22,6,16,0,Cumberland,2022-04-16
7,3,4,0,Cumberland,2022-04-17
45,2,43,0,Cumberland,2022-04-18
35,8,27,0,Cumberland,2022-04-19
42,6,36,0,Cumberland,2022-04-20
41,5,36,0,Cumberland,2022-04-21
43,6,37,0,Cumberland,2022-04-22
20,7,13,0,Cumberland,2022-04-23
35,10,25,0,Cumberland,2022-04-24
109,16,93,0,Cumberland,2022-04-25
77,18,59,0,Cumberland,2022-04-26
71,10,61,0,Cumberland,2022-04-27
62,10,52,0,Cumberland,2022-04-28
67,9,58,0,Cumberland,2022-04-29
36,11,25,0,Cumberland,2022-04-30
38,7,31,0,Cumberland,2022-05-01
77,17,60,0,Cumberland,2022-05-02
94,18,76,0,Cumberland,2022-05-03
82,23,59,0,Cumberland,2022-05-04
55,15,40,0,Cumberland,2022-05-05
61,17,44,0,Cumberland,2022-05-06
26,11,15,0,Cumberland,2022-05-07
11,0,11,0,Currituck,2021-11-09
14,2,12,0,Currituck,2021-11-10
5,2,3,0,Currituck,2021-11-11
15,1,14,0,Currituck,2021-11-12
5,0,5,0,Currituck,2021-11-13
9,1,8,0,Currituck,2021-11-15
12,6,6,0,Currituck,2021-11-16
11,3,8,0,Currituck,2021-11-17
6,1,5,0,Currituck,2021-11-18
6,0,6,0,Currituck,2021-11-19
4,1,3,0,Currituck,2021-11-20
6,1,5,0,Currituck,2021-11-21
7,1,6,0,Currituck,2021-11-22
4,0,4,0,Currituck,2021-11-23
7,3,4,0,Currituck,2021-11-24
0,0,0,0,Currituck,2021-11-25
6,1,5,0,Currituck,2021-11-26
4,1,3,0,Currituck,2021-11-27
7,0,7,0,Currituck,2021-11-28
18,2,16,0,Currituck,2021-11-29
15,3,12,0,Currituck,2021-11-30
14,4,10,0,Currituck,2021-12-01
10,0,10,0,Currituck,2021-12-02
6,0,6,0,Currituck,2021-12-03
3,0,3,0,Currituck,2021-12-04
5,1,4,0,Currituck,2021-12-05
11,3,8,0,Currituck,2021-12-06
14,4,10,0,Currituck,2021-12-07
2,0,2,0,Currituck,2021-12-08
3,0,3,0,Currituck,2021-12-09
10,2,8,0,Currituck,2021-12-10
3,1,2,0,Currituck,2021-12-11
7,0,7,0,Currituck,2021-12-12
9,1,8,0,Currituck,2021-12-13
8,1,7,0,Currituck,2021-12-14
8,1,7,0,Currituck,2021-12-15
11,3,8,0,Currituck,2021-12-16
8,3,5,0,Currituck,2021-12-17
11,4,7,0,Currituck,2021-12-18
7,0,7,0,Currituck,2021-12-19
16,4,12,0,Currituck,2021-12-20
19,7,12,0,Currituck,2021-12-21
16,3,13,0,Currituck,2021-12-23
10,7,3,0,Currituck,2021-12-25
21,6,15,0,Currituck,2021-12-26
35,4,31,0,Currituck,2021-12-27
32,4,28,0,Currituck,2021-12-28
46,5,41,0,Currituck,2021-12-29
18,0,18,0,Currituck,2021-12-31
31,6,25,0,Currituck,2022-01-01
26,8,18,0,Currituck,2022-01-02
62,13,49,0,Currituck,2022-01-03
60,11,49,0,Currituck,2022-01-04
54,8,46,0,Currituck,2022-01-05
57,4,53,0,Currituck,2022-01-06
39,6,33,0,Currituck,2022-01-07
25,1,24,0,Currituck,2022-01-08
23,3,20,0,Currituck,2022-01-09
77,11,66,0,Currituck,2022-01-10
64,7,57,0,Currituck,2022-01-12
66,6,60,0,Currituck,2022-01-13
62,4,58,0,Currituck,2022-01-14
34,11,23,0,Currituck,2022-01-15
29,3,26,0,Currituck,2022-01-16
68,18,50,0,Currituck,2022-01-17
78,9,69,0,Currituck,2022-01-18
72,10,62,0,Currituck,2022-01-19
52,6,46,0,Currituck,2022-01-20
19,5,14,0,Currituck,2022-01-21
6,2,4,0,Currituck,2022-01-22
59,8,51,0,Currituck,2022-01-24
66,10,56,0,Currituck,2022-01-25
43,3,40,0,Currituck,2022-01-26
20,6,14,0,Currituck,2022-01-27
3,0,3,0,Currituck,2022-01-28
5,2,3,0,Currituck,2022-01-29
4,1,3,0,Currituck,2022-01-30
20,5,15,0,Currituck,2022-02-01
14,0,14,0,Currituck,2022-02-04
3,2,1,0,Currituck,2022-02-05
3,0,3,0,Currituck,2022-02-06
12,1,11,0,Currituck,2022-02-07
5,0,5,0,Currituck,2022-02-08
9,1,8,0,Currituck,2022-02-09
6,0,6,0,Currituck,2022-02-10
8,0,8,0,Currituck,2022-02-11
5,0,5,0,Currituck,2022-02-12
9,0,9,0,Currituck,2022-02-14
4,0,4,0,Currituck,2022-02-15
2,0,2,0,Currituck,2022-02-17
0,0,0,0,Currituck,2022-02-18
0,0,0,0,Currituck,2022-02-19
0,0,0,0,Currituck,2022-02-20
0,0,0,0,Currituck,2022-02-21
0,0,0,0,Currituck,2022-02-23
0,0,0,0,Currituck,2022-02-25
2,0,2,0,Currituck,2022-02-26
0,0,0,0,Currituck,2022-02-27
3,0,3,0,Currituck,2022-02-28
0,0,0,0,Currituck,2022-03-01
0,0,0,0,Currituck,2022-03-02
3,3,0,0,Currituck,2022-03-03
3,2,1,0,Currituck,2022-03-05
3,0,3,0,Currituck,2022-03-06
0,0,0,0,Currituck,2022-03-07
2,0,2,0,Currituck,2022-03-08
0,0,0,0,Currituck,2022-03-09
2,1,1,0,Currituck,2022-03-10
0,0,0,0,Currituck,2022-03-11
3,1,2,0,Currituck,2022-03-12
2,1,1,0,Currituck,2022-03-13
0,0,0,0,Currituck,2022-03-14
0,0,0,0,Currituck,2022-03-15
0,0,0,0,Currituck,2022-03-16
0,0,0,0,Currituck,2022-03-17
0,0,0,0,Currituck,2022-03-18
0,0,0,0,Currituck,2022-03-19
0,0,0,0,Currituck,2022-03-20
0,0,0,0,Currituck,2022-03-21
1,0,1,0,Currituck,2022-03-22
0,0,0,0,Currituck,2022-03-23
0,0,0,0,Currituck,2022-03-24
2,0,2,0,Currituck,2022-03-25
0,0,0,0,Currituck,2022-03-26
0,0,0,0,Currituck,2022-03-27
0,0,0,0,Currituck,2022-03-28
0,0,0,0,Currituck,2022-03-29
2,0,2,0,Currituck,2022-03-30
0,0,0,0,Currituck,2022-03-31
1,0,1,0,Currituck,2022-04-01
0,0,0,0,Currituck,2022-04-02
2,0,2,0,Currituck,2022-04-03
0,0,0,0,Currituck,2022-04-04
0,0,0,0,Currituck,2022-04-05
0,0,0,0,Currituck,2022-04-06
3,0,3,0,Currituck,2022-04-07
0,0,0,0,Currituck,2022-04-08
0,0,0,0,Currituck,2022-04-09
0,0,0,0,Currituck,2022-04-10
1,0,1,0,Currituck,2022-04-11
1,0,1,0,Currituck,2022-04-12
1,0,1,0,Currituck,2022-04-13
2,0,2,0,Currituck,2022-04-14
0,0,0,0,Currituck,2022-04-15
0,0,0,0,Currituck,2022-04-16
0,0,0,0,Currituck,2022-04-17
0,0,0,0,Currituck,2022-04-18
0,0,0,0,Currituck,2022-04-19
2,0,2,0,Currituck,2022-04-20
1,0,1,0,Currituck,2022-04-21
1,0,1,0,Currituck,2022-04-22
2,2,0,0,Currituck,2022-04-23
2,0,2,0,Currituck,2022-04-24
3,0,3,0,Currituck,2022-04-25
6,2,4,0,Currituck,2022-04-26
6,2,4,0,Currituck,2022-04-27
2,0,2,0,Currituck,2022-04-28
3,1,2,0,Currituck,2022-04-29
2,0,2,0,Currituck,2022-04-30
1,0,1,0,Currituck,2022-05-01
1,1,0,0,Currituck,2022-05-02
3,0,3,0,Currituck,2022-05-03
6,3,3,0,Currituck,2022-05-04
3,0,3,0,Currituck,2022-05-05
1,1,0,0,Currituck,2022-05-06
1,0,1,0,Currituck,2022-05-07
12,0,12,0,Dare,2021-11-09
12,0,12,0,Dare,2021-11-10
8,0,8,0,Dare,2021-11-11
7,0,7,0,Dare,2021-11-12
9,0,9,0,Dare,2021-11-13
7,0,7,0,Dare,2021-11-14
8,0,8,0,Dare,2021-11-15
7,0,7,0,Dare,2021-11-16
8,0,8,0,Dare,2021-11-17
7,0,7,0,Dare,2021-11-19
6,0,6,0,Dare,2021-11-20
5,0,5,0,Dare,2021-11-21
13,0,13,0,Dare,2021-11-22
12,0,12,0,Dare,2021-11-23
12,1,11,0,Dare,2021-11-24
3,0,3,0,Dare,2021-11-25
16,1,15,0,Dare,2021-11-26
7,0,7,0,Dare,2021-11-27
12,0,12,0,Dare,2021-11-28
22,0,22,0,Dare,2021-11-29
9,0,9,0,Dare,2021-11-30
11,0,11,0,Dare,2021-12-01
18,0,18,0,Dare,2021-12-02
28,0,28,0,Dare,2021-12-03
8,0,8,0,Dare,2021-12-05
20,0,20,0,Dare,2021-12-07
13,0,13,0,Dare,2021-12-08
19,0,19,0,Dare,2021-12-09
15,0,15,0,Dare,2021-12-10
18,1,17,0,Dare,2021-12-11
19,0,19,0,Dare,2021-12-12
33,0,33,0,Dare,2021-12-13
16,0,16,0,Dare,2021-12-14
15,1,14,0,Dare,2021-12-15
24,0,24,0,Dare,2021-12-16
19,0,19,0,Dare,2021-12-17
7,0,7,0,Dare,2021-12-18
8,0,8,0,Dare,2021-12-19
24,2,22,0,Dare,2021-12-20
20,0,20,0,Dare,2021-12-21
25,0,25,0,Dare,2021-12-22
31,0,31,0,Dare,2021-12-23
23,0,23,0,Dare,2021-12-24
0,0,0,0,Dare,2021-12-25
29,0,29,0,Dare,2021-12-26
49,0,49,0,Dare,2021-12-27
68,1,67,0,Dare,2021-12-28
58,1,57,0,Dare,2021-12-29
64,0,64,0,Dare,2021-12-30
52,0,52,0,Dare,2021-12-31
18,0,18,0,Dare,2022-01-01
44,1,43,0,Dare,2022-01-02
91,0,91,0,Dare,2022-01-03
98,0,98,0,Dare,2022-01-04
102,0,102,0,Dare,2022-01-05
103,0,103,0,Dare,2022-01-06
78,0,78,0,Dare,2022-01-07
50,0,50,0,Dare,2022-01-08
128,0,128,0,Dare,2022-01-10
109,0,109,0,Dare,2022-01-11
102,1,101,0,Dare,2022-01-12
109,1,108,0,Dare,2022-01-13
110,1,109,0,Dare,2022-01-14
51,0,51,0,Dare,2022-01-15
41,1,40,0,Dare,2022-01-16
77,0,77,0,Dare,2022-01-17
96,0,96,0,Dare,2022-01-18
108,2,106,0,Dare,2022-01-19
84,1,83,0,Dare,2022-01-20
30,0,30,0,Dare,2022-01-21
23,0,23,0,Dare,2022-01-22
84,0,84,0,Dare,2022-01-24
64,2,62,0,Dare,2022-01-25
57,2,55,0,Dare,2022-01-26
48,0,48,0,Dare,2022-01-27
32,1,31,0,Dare,2022-01-28
9,0,9,0,Dare,2022-01-29
20,0,20,0,Dare,2022-01-30
53,2,51,0,Dare,2022-01-31
38,0,38,0,Dare,2022-02-01
21,1,20,0,Dare,2022-02-02
32,0,32,0,Dare,2022-02-04
9,0,9,0,Dare,2022-02-05
13,0,13,0,Dare,2022-02-06
21,2,19,0,Dare,2022-02-07
17,1,16,0,Dare,2022-02-08
11,0,11,0,Dare,2022-02-09
14,0,14,0,Dare,2022-02-10
15,0,15,0,Dare,2022-02-11
4,0,4,0,Dare,2022-02-12
7,0,7,0,Dare,2022-02-13
9,0,9,0,Dare,2022-02-14
16,0,16,0,Dare,2022-02-15
12,0,12,0,Dare,2022-02-16
13,0,13,0,Dare,2022-02-17
9,0,9,0,Dare,2022-02-18
3,0,3,0,Dare,2022-02-19
11,0,11,0,Dare,2022-02-21
6,0,6,0,Dare,2022-02-22
4,0,4,0,Dare,2022-02-23
5,0,5,0,Dare,2022-02-24
4,0,4,0,Dare,2022-02-25
1,0,1,0,Dare,2022-02-26
1,0,1,0,Dare,2022-02-27
3,0,3,0,Dare,2022-02-28
2,0,2,0,Dare,2022-03-01
3,0,3,0,Dare,2022-03-02
10,0,10,0,Dare,2022-03-03
2,0,2,0,Dare,2022-03-05
2,0,2,0,Dare,2022-03-06
6,0,6,0,Dare,2022-03-07
4,0,4,0,Dare,2022-03-08
8,0,8,0,Dare,2022-03-09
0,0,0,0,Dare,2022-03-10
0,0,0,0,Dare,2022-03-11
0,0,0,0,Dare,2022-03-12
3,0,3,0,Dare,2022-03-13
1,0,1,0,Dare,2022-03-14
3,0,3,0,Dare,2022-03-15
2,0,2,0,Dare,2022-03-16
1,0,1,0,Dare,2022-03-17
3,0,3,0,Dare,2022-03-18
1,0,1,0,Dare,2022-03-19
2,0,2,0,Dare,2022-03-20
2,0,2,0,Dare,2022-03-21
1,0,1,0,Dare,2022-03-22
2,0,2,0,Dare,2022-03-23
0,0,0,0,Dare,2022-03-24
1,0,1,0,Dare,2022-03-25
1,0,1,0,Dare,2022-03-26
0,0,0,0,Dare,2022-03-28
0,0,0,0,Dare,2022-03-29
2,1,1,0,Dare,2022-03-30
1,0,1,0,Dare,2022-03-31
1,0,1,0,Dare,2022-04-01
1,0,1,0,Dare,2022-04-02
1,0,1,0,Dare,2022-04-03
0,0,0,0,Dare,2022-04-04
1,0,1,0,Dare,2022-04-05
3,0,3,0,Dare,2022-04-06
2,0,2,0,Dare,2022-04-07
1,0,1,0,Dare,2022-04-08
2,0,2,0,Dare,2022-04-09
1,0,1,0,Dare,2022-04-10
3,0,3,0,Dare,2022-04-11
1,0,1,0,Dare,2022-04-12
4,0,4,0,Dare,2022-04-13
6,0,6,0,Dare,2022-04-14
6,0,6,0,Dare,2022-04-15
2,0,2,0,Dare,2022-04-16
3,0,3,0,Dare,2022-04-17
6,0,6,0,Dare,2022-04-18
7,0,7,0,Dare,2022-04-19
2,0,2,0,Dare,2022-04-20
9,0,9,0,Dare,2022-04-21
7,0,7,0,Dare,2022-04-22
5,0,5,0,Dare,2022-04-23
3,0,3,0,Dare,2022-04-24
10,0,10,0,Dare,2022-04-25
8,0,8,0,Dare,2022-04-26
11,0,11,0,Dare,2022-04-27
13,0,13,0,Dare,2022-04-28
7,0,7,0,Dare,2022-04-29
7,0,7,0,Dare,2022-04-30
1,0,1,0,Dare,2022-05-01
12,1,11,0,Dare,2022-05-02
12,0,12,0,Dare,2022-05-03
9,0,9,0,Dare,2022-05-04
8,0,8,0,Dare,2022-05-05
11,0,11,0,Dare,2022-05-06
5,0,5,0,Dare,2022-05-07
34,3,31,0,Davidson,2021-11-09
40,5,35,0,Davidson,2021-11-10
45,7,38,0,Davidson,2021-11-12
16,2,14,0,Davidson,2021-11-13
18,0,18,0,Davidson,2021-11-14
46,6,40,0,Davidson,2021-11-16
45,4,41,0,Davidson,2021-11-17
49,6,43,0,Davidson,2021-11-19
35,3,32,0,Davidson,2021-11-20
28,3,25,0,Davidson,2021-11-21
62,11,51,0,Davidson,2021-11-22
5,0,5,0,Davidson,2021-11-25
43,1,42,0,Davidson,2021-11-28
67,8,59,0,Davidson,2021-11-29
68,11,57,0,Davidson,2021-11-30
74,6,68,0,Davidson,2021-12-03
77,16,61,0,Davidson,2021-12-08
73,7,66,0,Davidson,2021-12-10
34,1,33,0,Davidson,2021-12-11
48,1,47,0,Davidson,2021-12-12
105,17,88,0,Davidson,2021-12-13
77,3,74,0,Davidson,2021-12-14
40,2,38,0,Davidson,2021-12-18
110,15,95,0,Davidson,2021-12-20
96,15,81,0,Davidson,2021-12-23
270,36,234,0,Davidson,2021-12-27
355,41,314,0,Davidson,2021-12-29
411,63,348,0,Davidson,2022-01-03
220,17,203,0,Davidson,2022-01-08
186,18,168,0,Davidson,2022-01-09
228,23,205,0,Davidson,2022-01-15
556,44,512,0,Davidson,2022-01-18
574,60,514,0,Davidson,2022-01-19
252,39,213,0,Davidson,2022-01-28
161,19,142,0,Davidson,2022-02-03
62,5,57,0,Davidson,2022-02-06
71,19,52,0,Davidson,2022-02-14
49,10,39,0,Davidson,2022-02-16
40,3,37,0,Davidson,2022-02-17
45,7,38,0,Davidson,2022-02-18
13,2,11,0,Davidson,2022-02-20
34,5,29,0,Davidson,2022-02-23
11,3,8,0,Davidson,2022-02-25
26,6,20,0,Davidson,2022-02-28
13,5,8,0,Davidson,2022-03-01
15,6,9,0,Davidson,2022-03-03
8,0,8,0,Davidson,2022-03-05
11,1,10,0,Davidson,2022-03-06
15,4,11,0,Davidson,2022-03-07
5,1,4,0,Davidson,2022-03-09
6,4,2,0,Davidson,2022-03-10
3,0,3,0,Davidson,2022-03-12
2,0,2,0,Davidson,2022-03-13
3,1,2,0,Davidson,2022-03-14
4,0,4,0,Davidson,2022-03-15
5,1,4,0,Davidson,2022-03-17
5,2,3,0,Davidson,2022-03-18
2,0,2,0,Davidson,2022-03-19
1,0,1,0,Davidson,2022-03-20
8,3,5,0,Davidson,2022-03-21
5,2,3,0,Davidson,2022-03-22
5,3,2,0,Davidson,2022-03-23
1,0,1,0,Davidson,2022-03-24
2,0,2,0,Davidson,2022-03-25
1,0,1,0,Davidson,2022-03-26
5,2,3,0,Davidson,2022-03-27
2,0,2,0,Davidson,2022-03-28
6,1,5,0,Davidson,2022-03-29
7,3,4,0,Davidson,2022-03-30
5,1,4,0,Davidson,2022-03-31
5,1,4,0,Davidson,2022-04-01
4,2,2,0,Davidson,2022-04-02
5,0,5,0,Davidson,2022-04-03
8,2,6,0,Davidson,2022-04-04
15,6,9,0,Davidson,2022-04-05
10,8,2,0,Davidson,2022-04-06
11,3,8,0,Davidson,2022-04-07
8,3,5,0,Davidson,2022-04-08
6,2,4,0,Davidson,2022-04-09
9,4,5,0,Davidson,2022-04-10
18,6,12,0,Davidson,2022-04-11
12,4,8,0,Davidson,2022-04-12
16,6,10,0,Davidson,2022-04-13
7,1,6,0,Davidson,2022-04-14
6,2,4,0,Davidson,2022-04-15
12,3,9,0,Davidson,2022-04-16
3,0,3,0,Davidson,2022-04-17
9,1,8,0,Davidson,2022-04-18
17,2,15,0,Davidson,2022-04-19
14,1,13,0,Davidson,2022-04-20
14,1,13,0,Davidson,2022-04-21
13,2,11,0,Davidson,2022-04-22
6,2,4,0,Davidson,2022-04-23
19,1,18,0,Davidson,2022-04-24
21,6,15,0,Davidson,2022-04-25
31,7,24,0,Davidson,2022-04-26
20,4,16,0,Davidson,2022-04-27
20,1,19,0,Davidson,2022-04-28
20,3,17,0,Davidson,2022-04-29
10,0,10,0,Davidson,2022-04-30
14,1,13,0,Davidson,2022-05-01
37,11,26,0,Davidson,2022-05-02
29,1,28,0,Davidson,2022-05-03
25,6,19,0,Davidson,2022-05-04
28,9,19,0,Davidson,2022-05-05
23,3,20,0,Davidson,2022-05-06
18,3,15,0,Davidson,2022-05-07
9,3,6,0,Davie,2021-11-09
7,0,7,0,Davie,2021-11-10
7,1,6,0,Davie,2021-11-11
9,0,9,0,Davie,2021-11-12
5,1,4,0,Davie,2021-11-13
7,0,7,0,Davie,2021-11-14
12,1,11,0,Davie,2021-11-15
13,3,10,0,Davie,2021-11-16
10,2,8,0,Davie,2021-11-18
13,2,11,0,Davie,2021-11-19
9,2,7,0,Davie,2021-11-21
9,4,5,0,Davie,2021-11-22
16,6,10,0,Davie,2021-11-23
16,5,11,0,Davie,2021-11-24
0,0,0,0,Davie,2021-11-25
15,3,12,0,Davie,2021-11-26
16,2,14,0,Davie,2021-11-27
18,3,15,0,Davie,2021-11-28
37,7,30,0,Davie,2021-11-29
21,10,11,0,Davie,2021-11-30
20,10,10,0,Davie,2021-12-02
13,3,10,0,Davie,2021-12-04
16,2,14,0,Davie,2021-12-05
32,8,24,0,Davie,2021-12-06
31,4,27,0,Davie,2021-12-07
26,6,20,0,Davie,2021-12-08
29,4,25,0,Davie,2021-12-09
28,9,19,0,Davie,2021-12-10
16,1,15,0,Davie,2021-12-11
4,1,3,0,Davie,2021-12-12
41,8,33,0,Davie,2021-12-13
30,6,24,0,Davie,2021-12-14
42,10,32,0,Davie,2021-12-15
30,7,23,0,Davie,2021-12-16
30,12,18,0,Davie,2021-12-17
18,6,12,0,Davie,2021-12-18
15,3,12,0,Davie,2021-12-19
37,8,29,0,Davie,2021-12-20
47,7,40,0,Davie,2021-12-21
27,1,26,0,Davie,2021-12-22
32,6,26,0,Davie,2021-12-23
12,1,11,0,Davie,2021-12-24
2,0,2,0,Davie,2021-12-25
21,4,17,0,Davie,2021-12-26
88,10,78,0,Davie,2021-12-27
76,9,67,0,Davie,2021-12-28
76,10,66,0,Davie,2021-12-29
79,8,71,0,Davie,2021-12-30
34,5,29,0,Davie,2021-12-31
76,13,63,0,Davie,2022-01-03
110,23,87,0,Davie,2022-01-04
109,17,92,0,Davie,2022-01-05
113,11,102,0,Davie,2022-01-06
75,6,69,0,Davie,2022-01-07
27,2,25,0,Davie,2022-01-09
136,20,116,0,Davie,2022-01-10
166,16,150,0,Davie,2022-01-11
153,23,130,0,Davie,2022-01-12
129,28,101,0,Davie,2022-01-13
157,29,128,0,Davie,2022-01-14
35,7,28,0,Davie,2022-01-15
9,1,8,0,Davie,2022-01-16
185,27,158,0,Davie,2022-01-19
161,35,126,0,Davie,2022-01-20
105,19,86,0,Davie,2022-01-21
35,7,28,0,Davie,2022-01-22
27,9,18,0,Davie,2022-01-23
133,26,107,0,Davie,2022-01-24
94,17,77,0,Davie,2022-01-25
69,14,55,0,Davie,2022-01-26
30,4,26,0,Davie,2022-01-29
26,7,19,0,Davie,2022-01-30
69,15,54,0,Davie,2022-02-01
51,14,37,0,Davie,2022-02-03
24,3,21,0,Davie,2022-02-06
56,15,41,0,Davie,2022-02-07
34,8,26,0,Davie,2022-02-09
20,3,17,0,Davie,2022-02-10
28,5,23,0,Davie,2022-02-11
6,0,6,0,Davie,2022-02-12
21,4,17,0,Davie,2022-02-14
11,2,9,0,Davie,2022-02-16
18,4,14,0,Davie,2022-02-17
13,1,12,0,Davie,2022-02-18
7,2,5,0,Davie,2022-02-19
9,3,6,0,Davie,2022-02-20
13,2,11,0,Davie,2022-02-22
9,1,8,0,Davie,2022-02-23
7,1,6,0,Davie,2022-02-24
11,1,10,0,Davie,2022-02-25
6,0,6,0,Davie,2022-02-26
4,1,3,0,Davie,2022-02-27
5,1,4,0,Davie,2022-03-01
3,0,3,0,Davie,2022-03-02
4,2,2,0,Davie,2022-03-03
6,0,6,0,Davie,2022-03-04
0,0,0,0,Davie,2022-03-05
0,0,0,0,Davie,2022-03-06
2,0,2,0,Davie,2022-03-09
0,0,0,0,Davie,2022-03-10
1,0,1,0,Davie,2022-03-11
1,0,1,0,Davie,2022-03-12
2,1,1,0,Davie,2022-03-13
6,4,2,0,Davie,2022-03-14
3,1,2,0,Davie,2022-03-15
6,1,5,0,Davie,2022-03-16
1,0,1,0,Davie,2022-03-18
0,0,0,0,Davie,2022-03-20
4,2,2,0,Davie,2022-03-21
3,1,2,0,Davie,2022-03-22
1,1,0,0,Davie,2022-03-23
4,2,2,0,Davie,2022-03-24
2,1,1,0,Davie,2022-03-25
1,0,1,0,Davie,2022-03-26
1,0,1,0,Davie,2022-03-27
3,0,3,0,Davie,2022-03-28
4,3,1,0,Davie,2022-03-29
2,1,1,0,Davie,2022-03-30
5,2,3,0,Davie,2022-03-31
1,1,0,0,Davie,2022-04-01
4,3,1,0,Davie,2022-04-02
2,1,1,0,Davie,2022-04-03
0,0,0,0,Davie,2022-04-04
0,0,0,0,Davie,2022-04-05
1,0,1,0,Davie,2022-04-06
3,1,2,0,Davie,2022-04-07
3,0,3,0,Davie,2022-04-08
2,0,2,0,Davie,2022-04-09
2,0,2,0,Davie,2022-04-10
4,2,2,0,Davie,2022-04-11
1,0,1,0,Davie,2022-04-12
3,0,3,0,Davie,2022-04-13
3,2,1,0,Davie,2022-04-14
6,2,4,0,Davie,2022-04-15
2,1,1,0,Davie,2022-04-16
2,1,1,0,Davie,2022-04-17
6,3,3,0,Davie,2022-04-18
8,4,4,0,Davie,2022-04-19
6,3,3,0,Davie,2022-04-20
9,2,7,0,Davie,2022-04-22
13,4,9,0,Davie,2022-04-25
7,3,4,0,Davie,2022-04-27
8,5,3,0,Davie,2022-04-28
7,5,2,0,Davie,2022-04-29
4,0,4,0,Davie,2022-04-30
4,1,3,0,Davie,2022-05-01
12,6,6,0,Davie,2022-05-02
11,6,5,0,Davie,2022-05-03
6,1,5,0,Davie,2022-05-04
11,3,8,0,Davie,2022-05-05
16,6,10,0,Davie,2022-05-06
13,7,6,0,Duplin,2021-11-10
5,3,2,0,Duplin,2021-11-11
1,0,1,0,Duplin,2021-11-12
4,1,3,0,Duplin,2021-11-13
4,1,3,0,Duplin,2021-11-14
13,7,6,0,Duplin,2021-11-15
13,3,10,0,Duplin,2021-11-16
5,0,5,0,Duplin,2021-11-18
2,1,1,0,Duplin,2021-11-21
6,1,5,0,Duplin,2021-11-22
7,1,6,0,Duplin,2021-11-24
1,1,0,0,Duplin,2021-11-25
5,0,5,0,Duplin,2021-11-26
6,4,2,0,Duplin,2021-11-27
5,1,4,0,Duplin,2021-11-28
27,13,14,0,Duplin,2021-11-29
22,9,13,0,Duplin,2021-11-30
38,12,26,0,Duplin,2021-12-02
35,17,18,0,Duplin,2021-12-03
5,3,2,0,Duplin,2021-12-05
35,10,25,0,Duplin,2021-12-06
29,11,18,0,Duplin,2021-12-07
31,17,14,0,Duplin,2021-12-08
15,4,11,0,Duplin,2021-12-09
19,8,11,0,Duplin,2021-12-10
8,1,7,0,Duplin,2021-12-11
3,0,3,0,Duplin,2021-12-12
35,17,18,0,Duplin,2021-12-13
20,6,14,0,Duplin,2021-12-14
16,7,9,0,Duplin,2021-12-15
10,4,6,0,Duplin,2021-12-16
8,3,5,0,Duplin,2021-12-17
2,0,2,0,Duplin,2021-12-18
6,1,5,0,Duplin,2021-12-19
22,8,14,0,Duplin,2021-12-20
20,12,8,0,Duplin,2021-12-21
16,7,9,0,Duplin,2021-12-22
4,1,3,0,Duplin,2021-12-24
2,0,2,0,Duplin,2021-12-25
15,5,10,0,Duplin,2021-12-26
72,25,47,0,Duplin,2021-12-28
91,21,70,0,Duplin,2021-12-29
93,43,50,0,Duplin,2021-12-30
49,21,28,0,Duplin,2021-12-31
178,52,126,0,Duplin,2022-01-03
235,88,147,0,Duplin,2022-01-05
255,99,156,0,Duplin,2022-01-06
195,73,122,0,Duplin,2022-01-07
125,59,66,0,Duplin,2022-01-08
294,124,170,0,Duplin,2022-01-11
297,146,151,0,Duplin,2022-01-13
264,102,162,0,Duplin,2022-01-14
105,54,51,0,Duplin,2022-01-15
58,18,40,0,Duplin,2022-01-21
225,96,129,0,Duplin,2022-01-24
142,52,90,0,Duplin,2022-01-26
10,3,7,0,Duplin,2022-01-29
22,1,21,0,Duplin,2022-01-30
110,54,56,0,Duplin,2022-01-31
63,21,42,0,Duplin,2022-02-01
44,10,34,0,Duplin,2022-02-03
11,2,9,0,Duplin,2022-02-06
28,9,19,0,Duplin,2022-02-09
20,9,11,0,Duplin,2022-02-11
26,6,20,0,Duplin,2022-02-14
19,6,13,0,Duplin,2022-02-16
11,4,7,0,Duplin,2022-02-17
14,5,9,0,Duplin,2022-02-18
14,4,10,0,Duplin,2022-02-21
10,2,8,0,Duplin,2022-02-23
6,3,3,0,Duplin,2022-02-24
5,1,4,0,Duplin,2022-02-27
5,2,3,0,Duplin,2022-03-01
6,1,5,0,Duplin,2022-03-02
4,2,2,0,Duplin,2022-03-03
0,0,0,0,Duplin,2022-03-06
2,0,2,0,Duplin,2022-03-07
3,2,1,0,Duplin,2022-03-09
2,0,2,0,Duplin,2022-03-10
0,0,0,0,Duplin,2022-03-12
0,0,0,0,Duplin,2022-03-13
4,2,2,0,Duplin,2022-03-14
3,1,2,0,Duplin,2022-03-17
0,0,0,0,Duplin,2022-03-19
0,0,0,0,Duplin,2022-03-20
0,0,0,0,Duplin,2022-03-21
2,2,0,0,Duplin,2022-03-22
0,0,0,0,Duplin,2022-03-23
2,1,1,0,Duplin,2022-03-24
1,1,0,0,Duplin,2022-03-25
0,0,0,0,Duplin,2022-03-26
0,0,0,0,Duplin,2022-03-27
1,0,1,0,Duplin,2022-03-29
2,1,1,0,Duplin,2022-03-30
0,0,0,0,Duplin,2022-03-31
2,1,1,0,Duplin,2022-04-01
1,0,1,0,Duplin,2022-04-02
1,0,1,0,Duplin,2022-04-03
3,3,0,0,Duplin,2022-04-04
2,0,2,0,Duplin,2022-04-05
1,1,0,0,Duplin,2022-04-06
1,0,1,0,Duplin,2022-04-07
1,0,1,0,Duplin,2022-04-08
1,0,1,0,Duplin,2022-04-09
0,0,0,0,Duplin,2022-04-10
0,0,0,0,Duplin,2022-04-11
1,0,1,0,Duplin,2022-04-12
1,1,0,0,Duplin,2022-04-13
2,1,1,0,Duplin,2022-04-14
2,1,1,0,Duplin,2022-04-15
0,0,0,0,Duplin,2022-04-17
4,1,3,0,Duplin,2022-04-19
1,0,1,0,Duplin,2022-04-20
5,3,2,0,Duplin,2022-04-21
1,1,0,0,Duplin,2022-04-22
1,0,1,0,Duplin,2022-04-23
3,0,3,0,Duplin,2022-04-24
3,1,2,0,Duplin,2022-04-25
8,3,5,0,Duplin,2022-04-27
1,1,0,0,Duplin,2022-04-28
5,2,3,0,Duplin,2022-04-29
2,1,1,0,Duplin,2022-04-30
1,0,1,0,Duplin,2022-05-01
2,1,1,0,Duplin,2022-05-02
9,3,6,0,Duplin,2022-05-03
9,5,4,0,Duplin,2022-05-05
1,0,1,0,Duplin,2022-05-06
66,2,64,0,Durham,2021-11-09
49,2,47,0,Durham,2021-11-10
54,1,53,0,Durham,2021-11-11
47,0,47,0,Durham,2021-11-12
31,3,28,0,Durham,2021-11-13
24,0,24,0,Durham,2021-11-14
55,4,51,0,Durham,2021-11-16
45,5,40,0,Durham,2021-11-17
40,5,35,0,Durham,2021-11-19
12,1,11,0,Durham,2021-11-21
38,4,34,0,Durham,2021-11-22
46,3,43,0,Durham,2021-11-23
24,0,24,0,Durham,2021-11-24
36,1,35,0,Durham,2021-11-26
27,3,24,0,Durham,2021-11-27
45,2,43,0,Durham,2021-11-28
80,7,73,0,Durham,2021-11-29
98,7,91,0,Durham,2021-12-01
68,5,63,0,Durham,2021-12-02
55,5,50,0,Durham,2021-12-03
53,4,49,0,Durham,2021-12-04
78,9,69,0,Durham,2021-12-07
71,9,62,0,Durham,2021-12-09
64,2,62,0,Durham,2021-12-10
42,5,37,0,Durham,2021-12-11
30,1,29,0,Durham,2021-12-12
79,10,69,0,Durham,2021-12-15
88,8,80,0,Durham,2021-12-16
94,6,88,0,Durham,2021-12-17
87,7,80,0,Durham,2021-12-18
66,4,62,0,Durham,2021-12-19
158,8,150,0,Durham,2021-12-20
192,19,173,0,Durham,2021-12-21
255,13,242,0,Durham,2021-12-22
270,12,258,0,Durham,2021-12-23
172,6,166,0,Durham,2021-12-24
85,3,82,0,Durham,2021-12-25
270,10,260,0,Durham,2021-12-26
618,44,574,0,Durham,2021-12-27
907,55,852,0,Durham,2021-12-28
973,37,936,0,Durham,2021-12-29
1067,72,995,0,Durham,2021-12-30
327,16,311,0,Durham,2022-01-01
682,49,633,0,Durham,2022-01-02
1324,96,1228,0,Durham,2022-01-06
717,45,672,0,Durham,2022-01-08
1288,81,1207,0,Durham,2022-01-12
1210,53,1157,0,Durham,2022-01-13
602,48,554,0,Durham,2022-01-17
179,6,173,0,Durham,2022-01-22
483,30,453,0,Durham,2022-01-27
147,10,137,0,Durham,2022-01-29
220,8,212,0,Durham,2022-02-09
137,10,127,0,Durham,2022-02-10
132,12,120,0,Durham,2022-02-11
117,14,103,0,Durham,2022-02-14
114,10,104,0,Durham,2022-02-17
50,2,48,0,Durham,2022-02-19
74,4,70,0,Durham,2022-02-23
43,4,39,0,Durham,2022-02-24
44,7,37,0,Durham,2022-02-25
25,9,16,0,Durham,2022-02-26
43,4,39,0,Durham,2022-02-28
36,4,32,0,Durham,2022-03-01
42,2,40,0,Durham,2022-03-02
26,5,21,0,Durham,2022-03-04
10,0,10,0,Durham,2022-03-06
28,1,27,0,Durham,2022-03-07
18,0,18,0,Durham,2022-03-08
23,3,20,0,Durham,2022-03-10
19,2,17,0,Durham,2022-03-11
17,1,16,0,Durham,2022-03-12
13,2,11,0,Durham,2022-03-13
44,7,37,0,Durham,2022-03-14
24,0,24,0,Durham,2022-03-15
41,1,40,0,Durham,2022-03-16
13,4,9,0,Durham,2022-03-20
42,5,37,0,Durham,2022-03-22
36,11,25,0,Durham,2022-03-23
25,3,22,0,Durham,2022-03-24
23,0,23,0,Durham,2022-03-25
12,1,11,0,Durham,2022-03-26
14,2,12,0,Durham,2022-03-27
30,3,27,0,Durham,2022-03-28
44,9,35,0,Durham,2022-03-29
31,2,29,0,Durham,2022-03-30
31,1,30,0,Durham,2022-03-31
33,3,30,0,Durham,2022-04-01
23,1,22,0,Durham,2022-04-02
33,7,26,0,Durham,2022-04-03
55,6,49,0,Durham,2022-04-04
70,3,67,0,Durham,2022-04-07
77,3,74,0,Durham,2022-04-08
41,3,38,0,Durham,2022-04-09
30,1,29,0,Durham,2022-04-10
87,5,82,0,Durham,2022-04-11
115,8,107,0,Durham,2022-04-12
132,6,126,0,Durham,2022-04-13
116,16,100,0,Durham,2022-04-14
80,20,60,0,Durham,2022-04-15
52,3,49,0,Durham,2022-04-16
37,3,34,0,Durham,2022-04-17
138,8,130,0,Durham,2022-04-18
146,5,141,0,Durham,2022-04-19
128,14,114,0,Durham,2022-04-20
120,11,109,0,Durham,2022-04-21
122,9,113,0,Durham,2022-04-22
80,2,78,0,Durham,2022-04-23
90,9,81,0,Durham,2022-04-24
150,9,141,0,Durham,2022-04-25
163,4,159,0,Durham,2022-04-27
127,7,120,0,Durham,2022-04-28
112,4,108,0,Durham,2022-04-29
82,5,77,0,Durham,2022-04-30
77,7,70,0,Durham,2022-05-01
153,10,143,0,Durham,2022-05-02
164,10,154,0,Durham,2022-05-03
177,11,166,0,Durham,2022-05-04
185,18,167,0,Durham,2022-05-05
142,11,131,0,Durham,2022-05-06
88,5,83,0,Durham,2022-05-07
6,0,6,0,Edgecombe,2021-11-09
8,1,7,0,Edgecombe,2021-11-10
4,0,4,0,Edgecombe,2021-11-11
5,1,4,0,Edgecombe,2021-11-12
2,0,2,0,Edgecombe,2021-11-13
7,0,7,0,Edgecombe,2021-11-14
12,1,11,0,Edgecombe,2021-11-16
8,0,8,0,Edgecombe,2021-11-17
7,1,6,0,Edgecombe,2021-11-18
8,2,6,0,Edgecombe,2021-11-19
5,0,5,0,Edgecombe,2021-11-21
10,0,10,0,Edgecombe,2021-11-22
4,0,4,0,Edgecombe,2021-11-23
7,0,7,0,Edgecombe,2021-11-24
0,0,0,0,Edgecombe,2021-11-25
9,2,7,0,Edgecombe,2021-11-26
4,0,4,0,Edgecombe,2021-11-27
7,0,7,0,Edgecombe,2021-11-28
25,1,24,0,Edgecombe,2021-11-29
8,0,8,0,Edgecombe,2021-11-30
9,3,6,0,Edgecombe,2021-12-01
11,1,10,0,Edgecombe,2021-12-02
7,1,6,0,Edgecombe,2021-12-03
4,0,4,0,Edgecombe,2021-12-04
3,0,3,0,Edgecombe,2021-12-05
16,0,16,0,Edgecombe,2021-12-07
7,1,6,0,Edgecombe,2021-12-08
9,0,9,0,Edgecombe,2021-12-09
9,1,8,0,Edgecombe,2021-12-10
6,0,6,0,Edgecombe,2021-12-11
3,1,2,0,Edgecombe,2021-12-12
16,0,16,0,Edgecombe,2021-12-14
8,1,7,0,Edgecombe,2021-12-15
14,1,13,0,Edgecombe,2021-12-16
19,1,18,0,Edgecombe,2021-12-17
8,1,7,0,Edgecombe,2021-12-18
9,2,7,0,Edgecombe,2021-12-19
15,0,15,0,Edgecombe,2021-12-20
28,0,28,0,Edgecombe,2021-12-21
36,4,32,0,Edgecombe,2021-12-22
51,3,48,0,Edgecombe,2021-12-23
14,5,9,0,Edgecombe,2021-12-24
26,6,20,0,Edgecombe,2021-12-25
35,2,33,0,Edgecombe,2021-12-26
170,12,158,0,Edgecombe,2021-12-28
171,8,163,0,Edgecombe,2021-12-29
141,4,137,0,Edgecombe,2021-12-31
57,1,56,0,Edgecombe,2022-01-01
60,2,58,0,Edgecombe,2022-01-02
287,13,274,0,Edgecombe,2022-01-03
285,10,275,0,Edgecombe,2022-01-04
244,3,241,0,Edgecombe,2022-01-06
166,7,159,0,Edgecombe,2022-01-07
54,0,54,0,Edgecombe,2022-01-08
272,9,263,0,Edgecombe,2022-01-10
60,0,60,0,Edgecombe,2022-01-15
17,2,15,0,Edgecombe,2022-01-16
79,12,67,0,Edgecombe,2022-01-17
150,6,144,0,Edgecombe,2022-01-19
118,3,115,0,Edgecombe,2022-01-20
17,1,16,0,Edgecombe,2022-01-21
17,1,16,0,Edgecombe,2022-01-22
27,4,23,0,Edgecombe,2022-01-23
124,7,117,0,Edgecombe,2022-01-24
63,4,59,0,Edgecombe,2022-01-26
67,0,67,0,Edgecombe,2022-01-27
11,0,11,0,Edgecombe,2022-01-29
15,1,14,0,Edgecombe,2022-01-30
57,2,55,0,Edgecombe,2022-01-31
46,2,44,0,Edgecombe,2022-02-02
29,2,27,0,Edgecombe,2022-02-04
11,0,11,0,Edgecombe,2022-02-05
17,1,16,0,Edgecombe,2022-02-10
13,1,12,0,Edgecombe,2022-02-11
2,0,2,0,Edgecombe,2022-02-12
7,1,6,0,Edgecombe,2022-02-13
13,0,13,0,Edgecombe,2022-02-14
13,1,12,0,Edgecombe,2022-02-16
11,0,11,0,Edgecombe,2022-02-17
9,1,8,0,Edgecombe,2022-02-18
6,2,4,0,Edgecombe,2022-02-19
3,1,2,0,Edgecombe,2022-02-20
8,0,8,0,Edgecombe,2022-02-22
4,0,4,0,Edgecombe,2022-02-23
8,5,3,0,Edgecombe,2022-02-24
4,0,4,0,Edgecombe,2022-02-26
1,0,1,0,Edgecombe,2022-02-27
9,6,3,0,Edgecombe,2022-02-28
4,0,4,0,Edgecombe,2022-03-01
9,1,8,0,Edgecombe,2022-03-02
5,0,5,0,Edgecombe,2022-03-03
5,3,2,0,Edgecombe,2022-03-04
1,0,1,0,Edgecombe,2022-03-05
0,0,0,0,Edgecombe,2022-03-06
3,1,2,0,Edgecombe,2022-03-07
2,0,2,0,Edgecombe,2022-03-08
3,1,2,0,Edgecombe,2022-03-09
1,0,1,0,Edgecombe,2022-03-10
1,0,1,0,Edgecombe,2022-03-11
0,0,0,0,Edgecombe,2022-03-12
1,0,1,0,Edgecombe,2022-03-13
11,8,3,0,Edgecombe,2022-03-14
5,0,5,0,Edgecombe,2022-03-15
3,1,2,0,Edgecombe,2022-03-16
3,1,2,0,Edgecombe,2022-03-17
3,1,2,0,Edgecombe,2022-03-18
1,0,1,0,Edgecombe,2022-03-19
0,0,0,0,Edgecombe,2022-03-20
6,4,2,0,Edgecombe,2022-03-21
1,0,1,0,Edgecombe,2022-03-22
0,0,0,0,Edgecombe,2022-03-23
2,1,1,0,Edgecombe,2022-03-24
1,0,1,0,Edgecombe,2022-03-25
0,0,0,0,Edgecombe,2022-03-26
1,0,1,0,Edgecombe,2022-03-27
2,2,0,0,Edgecombe,2022-03-28
1,0,1,0,Edgecombe,2022-03-29
2,0,2,0,Edgecombe,2022-03-30
2,0,2,0,Edgecombe,2022-03-31
0,0,0,0,Edgecombe,2022-04-01
0,0,0,0,Edgecombe,2022-04-02
0,0,0,0,Edgecombe,2022-04-03
0,0,0,0,Edgecombe,2022-04-04
1,0,1,0,Edgecombe,2022-04-05
1,0,1,0,Edgecombe,2022-04-06
0,0,0,0,Edgecombe,2022-04-07
1,0,1,0,Edgecombe,2022-04-08
2,0,2,0,Edgecombe,2022-04-09
0,0,0,0,Edgecombe,2022-04-10
3,3,0,0,Edgecombe,2022-04-11
3,0,3,0,Edgecombe,2022-04-12
1,0,1,0,Edgecombe,2022-04-13
6,6,0,0,Edgecombe,2022-04-14
0,0,0,0,Edgecombe,2022-04-16
1,1,0,0,Edgecombe,2022-04-17
4,0,4,0,Edgecombe,2022-04-19
0,0,0,0,Edgecombe,2022-04-20
2,0,2,0,Edgecombe,2022-04-21
7,1,6,0,Edgecombe,2022-04-22
2,0,2,0,Edgecombe,2022-04-23
2,0,2,0,Edgecombe,2022-04-24
5,1,4,0,Edgecombe,2022-04-25
5,3,2,0,Edgecombe,2022-04-28
1,1,0,0,Edgecombe,2022-04-29
2,0,2,0,Edgecombe,2022-04-30
1,1,0,0,Edgecombe,2022-05-01
9,4,5,0,Edgecombe,2022-05-02
7,3,4,0,Edgecombe,2022-05-03
7,2,5,0,Edgecombe,2022-05-04
1,0,1,0,Edgecombe,2022-05-05
4,1,3,0,Edgecombe,2022-05-06
2,0,2,0,Edgecombe,2022-05-07
70,8,62,0,Forsyth,2021-11-10
85,9,76,0,Forsyth,2021-11-12
55,5,50,0,Forsyth,2021-11-13
51,3,48,0,Forsyth,2021-11-14
87,13,74,0,Forsyth,2021-11-16
100,11,89,0,Forsyth,2021-11-17
103,13,90,0,Forsyth,2021-11-18
120,6,114,0,Forsyth,2021-11-19
75,4,71,0,Forsyth,2021-11-20
122,16,106,0,Forsyth,2021-11-22
95,6,89,0,Forsyth,2021-11-23
116,11,105,0,Forsyth,2021-11-24
94,15,79,0,Forsyth,2021-11-26
178,23,155,0,Forsyth,2021-11-29
155,17,138,0,Forsyth,2021-12-01
118,20,98,0,Forsyth,2021-12-03
131,19,112,0,Forsyth,2021-12-09
118,14,104,0,Forsyth,2021-12-10
114,9,105,0,Forsyth,2021-12-14
146,21,125,0,Forsyth,2021-12-15
218,21,197,0,Forsyth,2021-12-26
585,68,517,0,Forsyth,2021-12-31
1216,152,1064,0,Forsyth,2022-01-04
393,67,326,0,Forsyth,2022-02-01
363,48,315,0,Forsyth,2022-02-02
62,5,57,0,Forsyth,2022-02-24
19,2,17,0,Forsyth,2022-03-05
14,4,10,0,Forsyth,2022-03-06
12,3,9,0,Forsyth,2022-03-13
15,3,12,0,Forsyth,2022-03-16
15,4,11,0,Forsyth,2022-03-18
10,1,9,0,Forsyth,2022-03-19
8,0,8,0,Forsyth,2022-03-20
17,4,13,0,Forsyth,2022-03-22
22,6,16,0,Forsyth,2022-03-24
13,3,10,0,Forsyth,2022-03-25
9,2,7,0,Forsyth,2022-03-26
8,5,3,0,Forsyth,2022-03-27
20,5,15,0,Forsyth,2022-03-28
27,3,24,0,Forsyth,2022-03-29
27,5,22,0,Forsyth,2022-03-31
7,1,6,0,Forsyth,2022-04-01
9,1,8,0,Forsyth,2022-04-02
6,1,5,0,Forsyth,2022-04-03
33,7,26,0,Forsyth,2022-04-05
23,4,19,0,Forsyth,2022-04-06
39,9,30,0,Forsyth,2022-04-07
23,3,20,0,Forsyth,2022-04-08
21,5,16,0,Forsyth,2022-04-09
18,5,13,0,Forsyth,2022-04-10
33,8,25,0,Forsyth,2022-04-11
41,6,35,0,Forsyth,2022-04-12
37,2,35,0,Forsyth,2022-04-13
51,10,41,0,Forsyth,2022-04-14
36,6,30,0,Forsyth,2022-04-15
23,6,17,0,Forsyth,2022-04-16
20,5,15,0,Forsyth,2022-04-17
79,23,56,0,Forsyth,2022-04-19
55,14,41,0,Forsyth,2022-04-20
69,20,49,0,Forsyth,2022-04-21
53,4,49,0,Forsyth,2022-04-22
41,9,32,0,Forsyth,2022-04-23
35,6,29,0,Forsyth,2022-04-24
76,23,53,0,Forsyth,2022-04-26
110,27,83,0,Forsyth,2022-04-27
83,11,72,0,Forsyth,2022-04-28
83,18,65,0,Forsyth,2022-04-29
56,11,45,0,Forsyth,2022-04-30
44,7,37,0,Forsyth,2022-05-01
137,26,111,0,Forsyth,2022-05-02
111,26,85,0,Forsyth,2022-05-03
125,28,97,0,Forsyth,2022-05-04
127,29,98,0,Forsyth,2022-05-05
119,19,100,0,Forsyth,2022-05-06
54,13,41,0,Forsyth,2022-05-07
20,0,20,0,Franklin,2021-11-09
16,1,15,0,Franklin,2021-11-10
7,1,6,0,Franklin,2021-11-11
12,1,11,0,Franklin,2021-11-12
14,0,14,0,Franklin,2021-11-13
3,0,3,0,Franklin,2021-11-14
18,0,18,0,Franklin,2021-11-15
15,1,14,0,Franklin,2021-11-17
18,0,18,0,Franklin,2021-11-19
7,0,7,0,Franklin,2021-11-21
18,0,18,0,Franklin,2021-11-22
20,1,19,0,Franklin,2021-11-23
22,0,22,0,Franklin,2021-11-24
1,0,1,0,Franklin,2021-11-25
14,1,13,0,Franklin,2021-11-26
11,2,9,0,Franklin,2021-11-27
8,0,8,0,Franklin,2021-11-28
20,3,17,0,Franklin,2021-11-29
21,1,20,0,Franklin,2021-11-30
23,1,22,0,Franklin,2021-12-01
29,4,25,0,Franklin,2021-12-02
20,0,20,0,Franklin,2021-12-03
34,2,32,0,Franklin,2021-12-06
25,2,23,0,Franklin,2021-12-07
41,2,39,0,Franklin,2021-12-08
20,1,19,0,Franklin,2021-12-09
26,2,24,0,Franklin,2021-12-10
12,0,12,0,Franklin,2021-12-11
12,2,10,0,Franklin,2021-12-12
34,5,29,0,Franklin,2021-12-13
30,3,27,0,Franklin,2021-12-14
26,0,26,0,Franklin,2021-12-15
18,0,18,0,Franklin,2021-12-16
31,2,29,0,Franklin,2021-12-17
17,0,17,0,Franklin,2021-12-18
9,1,8,0,Franklin,2021-12-19
32,3,29,0,Franklin,2021-12-20
54,1,53,0,Franklin,2021-12-21
42,3,39,0,Franklin,2021-12-22
22,4,18,0,Franklin,2021-12-24
6,0,6,0,Franklin,2021-12-25
36,4,32,0,Franklin,2021-12-26
158,14,144,0,Franklin,2021-12-27
215,12,203,0,Franklin,2021-12-28
213,9,204,0,Franklin,2021-12-29
199,27,172,0,Franklin,2021-12-30
393,20,373,0,Franklin,2022-01-05
331,6,325,0,Franklin,2022-01-06
288,12,276,0,Franklin,2022-01-07
179,8,171,0,Franklin,2022-01-08
86,13,73,0,Franklin,2022-01-09
441,19,422,0,Franklin,2022-01-10
404,19,385,0,Franklin,2022-01-11
384,15,369,0,Franklin,2022-01-12
344,17,327,0,Franklin,2022-01-13
202,12,190,0,Franklin,2022-01-15
237,32,205,0,Franklin,2022-01-17
550,27,523,0,Franklin,2022-01-18
314,9,305,0,Franklin,2022-01-20
98,9,89,0,Franklin,2022-01-21
39,3,36,0,Franklin,2022-01-22
42,7,35,0,Franklin,2022-01-23
203,12,191,0,Franklin,2022-01-26
155,4,151,0,Franklin,2022-01-28
47,3,44,0,Franklin,2022-01-29
98,4,94,0,Franklin,2022-02-01
91,11,80,0,Franklin,2022-02-02
77,6,71,0,Franklin,2022-02-03
45,6,39,0,Franklin,2022-02-05
31,2,29,0,Franklin,2022-02-06
47,8,39,0,Franklin,2022-02-11
16,2,14,0,Franklin,2022-02-12
16,4,12,0,Franklin,2022-02-13
44,7,37,0,Franklin,2022-02-14
29,2,27,0,Franklin,2022-02-15
36,3,33,0,Franklin,2022-02-16
16,2,14,0,Franklin,2022-02-18
7,0,7,0,Franklin,2022-02-19
12,1,11,0,Franklin,2022-02-20
14,1,13,0,Franklin,2022-02-22
23,1,22,0,Franklin,2022-02-23
8,3,5,0,Franklin,2022-02-24
15,1,14,0,Franklin,2022-02-25
5,0,5,0,Franklin,2022-02-26
6,2,4,0,Franklin,2022-03-01
3,0,3,0,Franklin,2022-03-02
8,1,7,0,Franklin,2022-03-03
3,0,3,0,Franklin,2022-03-05
12,1,11,0,Franklin,2022-03-07
6,1,5,0,Franklin,2022-03-08
10,2,8,0,Franklin,2022-03-09
3,0,3,0,Franklin,2022-03-10
1,0,1,0,Franklin,2022-03-11
1,1,0,0,Franklin,2022-03-12
0,0,0,0,Franklin,2022-03-13
4,0,4,0,Franklin,2022-03-14
1,0,1,0,Franklin,2022-03-15
1,0,1,0,Franklin,2022-03-16
2,1,1,0,Franklin,2022-03-17
1,1,0,0,Franklin,2022-03-18
1,0,1,0,Franklin,2022-03-19
2,0,2,0,Franklin,2022-03-20
4,0,4,0,Franklin,2022-03-21
6,0,6,0,Franklin,2022-03-22
1,0,1,0,Franklin,2022-03-23
2,0,2,0,Franklin,2022-03-24
1,0,1,0,Franklin,2022-03-25
1,0,1,0,Franklin,2022-03-26
3,0,3,0,Franklin,2022-03-28
1,0,1,0,Franklin,2022-03-29
5,0,5,0,Franklin,2022-03-30
4,1,3,0,Franklin,2022-03-31
1,0,1,0,Franklin,2022-04-01
2,0,2,0,Franklin,2022-04-02
1,0,1,0,Franklin,2022-04-03
4,0,4,0,Franklin,2022-04-04
2,0,2,0,Franklin,2022-04-05
1,0,1,0,Franklin,2022-04-06
3,0,3,0,Franklin,2022-04-07
7,0,7,0,Franklin,2022-04-08
5,1,4,0,Franklin,2022-04-09
2,0,2,0,Franklin,2022-04-10
4,0,4,0,Franklin,2022-04-11
10,3,7,0,Franklin,2022-04-12
10,0,10,0,Franklin,2022-04-13
14,2,12,0,Franklin,2022-04-14
13,5,8,0,Franklin,2022-04-15
11,1,10,0,Franklin,2022-04-16
4,1,3,0,Franklin,2022-04-17
18,1,17,0,Franklin,2022-04-18
12,0,12,0,Franklin,2022-04-19
9,2,7,0,Franklin,2022-04-20
14,3,11,0,Franklin,2022-04-21
12,0,12,0,Franklin,2022-04-22
8,1,7,0,Franklin,2022-04-23
6,0,6,0,Franklin,2022-04-24
35,0,35,0,Franklin,2022-04-25
13,2,11,0,Franklin,2022-04-26
14,2,12,0,Franklin,2022-04-27
9,1,8,0,Franklin,2022-04-28
10,1,9,0,Franklin,2022-04-29
12,3,9,0,Franklin,2022-04-30
11,3,8,0,Franklin,2022-05-01
25,3,22,0,Franklin,2022-05-02
27,3,24,0,Franklin,2022-05-03
19,1,18,0,Franklin,2022-05-04
21,0,21,0,Franklin,2022-05-05
20,2,18,0,Franklin,2022-05-06
17,2,15,0,Franklin,2022-05-07
76,14,62,0,Gaston,2021-11-09
57,11,46,0,Gaston,2021-11-10
66,16,50,0,Gaston,2021-11-11
40,9,31,0,Gaston,2021-11-13
36,12,24,0,Gaston,2021-11-14
85,29,56,0,Gaston,2021-11-16
96,19,77,0,Gaston,2021-11-17
50,15,35,0,Gaston,2021-11-19
42,11,31,0,Gaston,2021-11-20
49,16,33,0,Gaston,2021-11-21
73,19,54,0,Gaston,2021-11-22
46,4,42,0,Gaston,2021-11-27
82,25,57,0,Gaston,2021-11-28
144,44,100,0,Gaston,2021-11-29
121,36,85,0,Gaston,2021-11-30
109,25,84,0,Gaston,2021-12-01
114,29,85,0,Gaston,2021-12-02
98,25,73,0,Gaston,2021-12-09
58,16,42,0,Gaston,2021-12-12
76,15,61,0,Gaston,2021-12-18
207,42,165,0,Gaston,2021-12-22
198,46,152,0,Gaston,2021-12-23
182,37,145,0,Gaston,2021-12-26
397,72,325,0,Gaston,2021-12-27
592,97,495,0,Gaston,2021-12-28
485,83,402,0,Gaston,2021-12-29
161,35,126,0,Gaston,2022-01-01
689,144,545,0,Gaston,2022-01-13
241,47,194,0,Gaston,2022-02-02
120,29,91,0,Gaston,2022-02-11
55,11,44,0,Gaston,2022-02-18
14,3,11,0,Gaston,2022-02-26
18,3,15,0,Gaston,2022-02-28
7,3,4,0,Gaston,2022-03-05
9,2,7,0,Gaston,2022-03-09
11,1,10,0,Gaston,2022-03-10
1,0,1,0,Gaston,2022-03-12
8,0,8,0,Gaston,2022-03-14
5,1,4,0,Gaston,2022-03-18
2,1,1,0,Gaston,2022-03-19
3,0,3,0,Gaston,2022-03-20
14,0,14,0,Gaston,2022-03-21
1,0,1,0,Gaston,2022-03-22
8,2,6,0,Gaston,2022-03-23
2,0,2,0,Gaston,2022-03-24
3,0,3,0,Gaston,2022-03-26
8,4,4,0,Gaston,2022-03-28
9,5,4,0,Gaston,2022-03-29
11,2,9,0,Gaston,2022-03-31
8,4,4,0,Gaston,2022-04-01
4,3,1,0,Gaston,2022-04-02
7,2,5,0,Gaston,2022-04-03
15,7,8,0,Gaston,2022-04-04
9,1,8,0,Gaston,2022-04-05
11,6,5,0,Gaston,2022-04-06
9,3,6,0,Gaston,2022-04-07
20,5,15,0,Gaston,2022-04-08
6,2,4,0,Gaston,2022-04-09
9,2,7,0,Gaston,2022-04-10
17,2,15,0,Gaston,2022-04-11
20,3,17,0,Gaston,2022-04-12
26,9,17,0,Gaston,2022-04-13
17,7,10,0,Gaston,2022-04-14
12,2,10,0,Gaston,2022-04-15
15,3,12,0,Gaston,2022-04-16
5,0,5,0,Gaston,2022-04-17
21,5,16,0,Gaston,2022-04-18
13,0,13,0,Gaston,2022-04-19
22,5,17,0,Gaston,2022-04-20
21,4,17,0,Gaston,2022-04-21
17,1,16,0,Gaston,2022-04-22
20,7,13,0,Gaston,2022-04-23
12,2,10,0,Gaston,2022-04-24
26,9,17,0,Gaston,2022-04-25
42,11,31,0,Gaston,2022-04-26
26,3,23,0,Gaston,2022-04-27
25,5,20,0,Gaston,2022-04-28
28,6,22,0,Gaston,2022-04-29
27,3,24,0,Gaston,2022-04-30
21,4,17,0,Gaston,2022-05-01
45,8,37,0,Gaston,2022-05-02
33,5,28,0,Gaston,2022-05-03
37,5,32,0,Gaston,2022-05-05
52,9,43,0,Gaston,2022-05-06
20,5,15,0,Gaston,2022-05-07
0,0,0,0,Gates,2021-11-09
3,2,1,0,Gates,2021-11-10
2,0,2,0,Gates,2021-11-11
3,1,2,0,Gates,2021-11-12
0,0,0,0,Gates,2021-11-13
0,0,0,0,Gates,2021-11-14
3,2,1,0,Gates,2021-11-15
1,0,1,0,Gates,2021-11-16
3,1,2,0,Gates,2021-11-17
3,0,3,0,Gates,2021-11-18
5,4,1,0,Gates,2021-11-19
1,0,1,0,Gates,2021-11-20
1,0,1,0,Gates,2021-11-21
1,0,1,0,Gates,2021-11-22
2,0,2,0,Gates,2021-11-23
3,1,2,0,Gates,2021-11-24
0,0,0,0,Gates,2021-11-25
0,0,0,0,Gates,2021-11-26
0,0,0,0,Gates,2021-11-27
0,0,0,0,Gates,2021-11-28
1,1,0,0,Gates,2021-11-29
1,0,1,0,Gates,2021-11-30
4,0,4,0,Gates,2021-12-01
3,1,2,0,Gates,2021-12-02
6,2,4,0,Gates,2021-12-03
6,1,5,0,Gates,2021-12-04
0,0,0,0,Gates,2021-12-05
3,2,1,0,Gates,2021-12-06
2,0,2,0,Gates,2021-12-07
3,0,3,0,Gates,2021-12-08
5,2,3,0,Gates,2021-12-09
3,1,2,0,Gates,2021-12-10
2,0,2,0,Gates,2021-12-11
0,0,0,0,Gates,2021-12-12
5,0,5,0,Gates,2021-12-13
4,1,3,0,Gates,2021-12-14
3,0,3,0,Gates,2021-12-15
4,3,1,0,Gates,2021-12-16
2,0,2,0,Gates,2021-12-17
2,1,1,0,Gates,2021-12-18
4,1,3,0,Gates,2021-12-19
6,0,6,0,Gates,2021-12-20
3,0,3,0,Gates,2021-12-21
9,6,3,0,Gates,2021-12-22
8,0,8,0,Gates,2021-12-23
2,1,1,0,Gates,2021-12-24
7,2,5,0,Gates,2021-12-25
3,1,2,0,Gates,2021-12-26
14,8,6,0,Gates,2021-12-27
14,4,10,0,Gates,2021-12-28
17,3,14,0,Gates,2021-12-29
14,3,11,0,Gates,2021-12-30
12,1,11,0,Gates,2021-12-31
8,1,7,0,Gates,2022-01-01
1,0,1,0,Gates,2022-01-02
20,4,16,0,Gates,2022-01-03
18,4,14,0,Gates,2022-01-05
23,7,16,0,Gates,2022-01-06
3,0,3,0,Gates,2022-01-08
3,0,3,0,Gates,2022-01-09
64,32,32,0,Gates,2022-01-10
37,14,23,0,Gates,2022-01-11
41,16,25,0,Gates,2022-01-12
26,2,24,0,Gates,2022-01-13
10,6,4,0,Gates,2022-01-15
5,2,3,0,Gates,2022-01-16
17,6,11,0,Gates,2022-01-17
46,8,38,0,Gates,2022-01-18
22,3,19,0,Gates,2022-01-19
23,6,17,0,Gates,2022-01-20
9,2,7,0,Gates,2022-01-21
6,2,4,0,Gates,2022-01-22
21,4,17,0,Gates,2022-01-24
37,10,27,0,Gates,2022-01-25
14,1,13,0,Gates,2022-01-26
7,0,7,0,Gates,2022-01-27
4,0,4,0,Gates,2022-01-28
0,0,0,0,Gates,2022-01-29
2,0,2,0,Gates,2022-01-30
12,2,10,0,Gates,2022-01-31
8,1,7,0,Gates,2022-02-01
6,0,6,0,Gates,2022-02-02
5,2,3,0,Gates,2022-02-03
8,2,6,0,Gates,2022-02-04
0,0,0,0,Gates,2022-02-05
0,0,0,0,Gates,2022-02-06
1,0,1,0,Gates,2022-02-07
1,1,0,0,Gates,2022-02-09
1,0,1,0,Gates,2022-02-10
0,0,0,0,Gates,2022-02-11
0,0,0,0,Gates,2022-02-12
0,0,0,0,Gates,2022-02-13
3,3,0,0,Gates,2022-02-14
0,0,0,0,Gates,2022-02-15
1,0,1,0,Gates,2022-02-16
2,0,2,0,Gates,2022-02-17
3,0,3,0,Gates,2022-02-18
0,0,0,0,Gates,2022-02-19
2,0,2,0,Gates,2022-02-20
4,0,4,0,Gates,2022-02-21
1,0,1,0,Gates,2022-02-22
1,0,1,0,Gates,2022-02-23
1,0,1,0,Gates,2022-02-24
1,0,1,0,Gates,2022-02-25
0,0,0,0,Gates,2022-02-26
0,0,0,0,Gates,2022-02-27
2,0,2,0,Gates,2022-02-28
0,0,0,0,Gates,2022-03-01
1,0,1,0,Gates,2022-03-02
0,0,0,0,Gates,2022-03-03
0,0,0,0,Gates,2022-03-04
0,0,0,0,Gates,2022-03-05
0,0,0,0,Gates,2022-03-06
0,0,0,0,Gates,2022-03-07
0,0,0,0,Gates,2022-03-08
0,0,0,0,Gates,2022-03-09
0,0,0,0,Gates,2022-03-10
0,0,0,0,Gates,2022-03-11
0,0,0,0,Gates,2022-03-12
0,0,0,0,Gates,2022-03-13
0,0,0,0,Gates,2022-03-14
0,0,0,0,Gates,2022-03-15
0,0,0,0,Gates,2022-03-16
0,0,0,0,Gates,2022-03-17
0,0,0,0,Gates,2022-03-18
0,0,0,0,Gates,2022-03-19
1,1,0,0,Gates,2022-03-20
0,0,0,0,Gates,2022-03-21
0,0,0,0,Gates,2022-03-22
0,0,0,0,Gates,2022-03-23
0,0,0,0,Gates,2022-03-24
0,0,0,0,Gates,2022-03-25
0,0,0,0,Gates,2022-03-26
1,0,1,0,Gates,2022-03-27
0,0,0,0,Gates,2022-03-28
0,0,0,0,Gates,2022-03-29
1,0,1,0,Gates,2022-03-30
0,0,0,0,Gates,2022-03-31
1,1,0,0,Gates,2022-04-01
0,0,0,0,Gates,2022-04-02
0,0,0,0,Gates,2022-04-03
0,0,0,0,Gates,2022-04-04
0,0,0,0,Gates,2022-04-05
0,0,0,0,Gates,2022-04-06
0,0,0,0,Gates,2022-04-07
0,0,0,0,Gates,2022-04-08
1,0,1,0,Gates,2022-04-09
0,0,0,0,Gates,2022-04-10
0,0,0,0,Gates,2022-04-11
1,0,1,0,Gates,2022-04-12
0,0,0,0,Gates,2022-04-13
0,0,0,0,Gates,2022-04-14
0,0,0,0,Gates,2022-04-15
0,0,0,0,Gates,2022-04-16
0,0,0,0,Gates,2022-04-17
0,0,0,0,Gates,2022-04-18
0,0,0,0,Gates,2022-04-19
0,0,0,0,Gates,2022-04-20
1,0,1,0,Gates,2022-04-21
1,0,1,0,Gates,2022-04-22
0,0,0,0,Gates,2022-04-23
0,0,0,0,Gates,2022-04-24
1,0,1,0,Gates,2022-04-25
0,0,0,0,Gates,2022-04-26
0,0,0,0,Gates,2022-04-27
0,0,0,0,Gates,2022-04-28
0,0,0,0,Gates,2022-04-29
0,0,0,0,Gates,2022-04-30
0,0,0,0,Gates,2022-05-01
3,0,3,0,Gates,2022-05-02
2,1,1,0,Gates,2022-05-03
1,0,1,0,Gates,2022-05-04
3,1,2,0,Gates,2022-05-05
1,0,1,0,Gates,2022-05-06
2,2,0,0,Gates,2022-05-07
1,1,0,0,Graham,2021-11-09
4,4,0,0,Graham,2021-11-10
0,0,0,0,Graham,2021-11-11
1,0,1,0,Graham,2021-11-12
0,0,0,0,Graham,2021-11-13
1,1,0,0,Graham,2021-11-14
2,1,1,0,Graham,2021-11-15
0,0,0,0,Graham,2021-11-16
0,0,0,0,Graham,2021-11-17
2,2,0,0,Graham,2021-11-18
2,2,0,0,Graham,2021-11-19
0,0,0,0,Graham,2021-11-20
1,1,0,0,Graham,2021-11-21
1,1,0,0,Graham,2021-11-22
1,0,1,0,Graham,2021-11-23
2,2,0,0,Graham,2021-11-24
0,0,0,0,Graham,2021-11-25
1,0,1,0,Graham,2021-11-26
0,0,0,0,Graham,2021-11-27
1,1,0,0,Graham,2021-11-28
6,6,0,0,Graham,2021-11-29
3,3,0,0,Graham,2021-11-30
5,4,1,0,Graham,2021-12-02
5,3,2,0,Graham,2021-12-03
5,2,3,0,Graham,2021-12-06
4,4,0,0,Graham,2021-12-07
3,3,0,0,Graham,2021-12-08
1,1,0,0,Graham,2021-12-09
1,0,1,0,Graham,2021-12-10
4,0,4,0,Graham,2021-12-11
0,0,0,0,Graham,2021-12-12
2,2,0,0,Graham,2021-12-13
3,2,1,0,Graham,2021-12-14
9,7,2,0,Graham,2021-12-15
2,2,0,0,Graham,2021-12-16
9,4,5,0,Graham,2021-12-17
2,2,0,0,Graham,2021-12-18
0,0,0,0,Graham,2021-12-19
6,6,0,0,Graham,2021-12-20
1,0,1,0,Graham,2021-12-21
2,2,0,0,Graham,2021-12-22
7,6,1,0,Graham,2021-12-23
0,0,0,0,Graham,2021-12-24
3,1,2,0,Graham,2021-12-25
3,3,0,0,Graham,2021-12-26
8,7,1,0,Graham,2021-12-28
15,13,2,0,Graham,2021-12-29
14,7,7,0,Graham,2021-12-30
10,6,4,0,Graham,2021-12-31
8,4,4,0,Graham,2022-01-03
25,21,4,0,Graham,2022-01-04
6,6,0,0,Graham,2022-01-05
15,11,4,0,Graham,2022-01-06
15,13,2,0,Graham,2022-01-07
6,2,4,0,Graham,2022-01-08
11,7,4,0,Graham,2022-01-09
22,10,12,0,Graham,2022-01-12
20,6,14,0,Graham,2022-01-13
26,12,14,0,Graham,2022-01-14
3,2,1,0,Graham,2022-01-16
13,7,6,0,Graham,2022-01-17
39,27,12,0,Graham,2022-01-18
41,24,17,0,Graham,2022-01-19
35,19,16,0,Graham,2022-01-20
33,23,10,0,Graham,2022-01-21
13,4,9,0,Graham,2022-01-22
12,10,2,0,Graham,2022-01-23
53,17,36,0,Graham,2022-01-24
21,12,9,0,Graham,2022-01-26
24,16,8,0,Graham,2022-01-28
4,0,4,0,Graham,2022-01-29
10,7,3,0,Graham,2022-01-30
30,22,8,0,Graham,2022-01-31
18,13,5,0,Graham,2022-02-01
26,19,7,0,Graham,2022-02-02
10,8,2,0,Graham,2022-02-03
8,7,1,0,Graham,2022-02-04
7,3,4,0,Graham,2022-02-05
2,2,0,0,Graham,2022-02-06
14,13,1,0,Graham,2022-02-07
3,3,0,0,Graham,2022-02-10
3,2,1,0,Graham,2022-02-11
2,0,2,0,Graham,2022-02-12
3,2,1,0,Graham,2022-02-13
8,4,4,0,Graham,2022-02-14
7,4,3,0,Graham,2022-02-15
6,6,0,0,Graham,2022-02-16
5,3,2,0,Graham,2022-02-17
2,2,0,0,Graham,2022-02-18
0,0,0,0,Graham,2022-02-19
1,0,1,0,Graham,2022-02-20
2,2,0,0,Graham,2022-02-21
3,3,0,0,Graham,2022-02-22
3,2,1,0,Graham,2022-02-23
2,2,0,0,Graham,2022-02-24
0,0,0,0,Graham,2022-02-25
0,0,0,0,Graham,2022-02-26
0,0,0,0,Graham,2022-02-27
3,2,1,0,Graham,2022-02-28
1,1,0,0,Graham,2022-03-01
1,1,0,0,Graham,2022-03-02
2,1,1,0,Graham,2022-03-03
0,0,0,0,Graham,2022-03-04
0,0,0,0,Graham,2022-03-05
0,0,0,0,Graham,2022-03-06
3,1,2,0,Graham,2022-03-07
0,0,0,0,Graham,2022-03-08
0,0,0,0,Graham,2022-03-09
0,0,0,0,Graham,2022-03-10
0,0,0,0,Graham,2022-03-11
0,0,0,0,Graham,2022-03-12
0,0,0,0,Graham,2022-03-13
0,0,0,0,Graham,2022-03-14
0,0,0,0,Graham,2022-03-15
1,0,1,0,Graham,2022-03-16
0,0,0,0,Graham,2022-03-17
0,0,0,0,Graham,2022-03-18
0,0,0,0,Graham,2022-03-19
1,1,0,0,Graham,2022-03-20
0,0,0,0,Graham,2022-03-21
0,0,0,0,Graham,2022-03-22
0,0,0,0,Graham,2022-03-23
0,0,0,0,Graham,2022-03-25
0,0,0,0,Graham,2022-03-26
1,1,0,0,Graham,2022-03-27
1,0,1,0,Graham,2022-03-28
1,0,1,0,Graham,2022-03-29
0,0,0,0,Graham,2022-03-30
0,0,0,0,Graham,2022-03-31
0,0,0,0,Graham,2022-04-01
0,0,0,0,Graham,2022-04-02
0,0,0,0,Graham,2022-04-03
0,0,0,0,Graham,2022-04-04
0,0,0,0,Graham,2022-04-05
0,0,0,0,Graham,2022-04-06
0,0,0,0,Graham,2022-04-07
0,0,0,0,Graham,2022-04-08
0,0,0,0,Graham,2022-04-09
0,0,0,0,Graham,2022-04-10
1,0,1,0,Graham,2022-04-11
1,0,1,0,Graham,2022-04-12
0,0,0,0,Graham,2022-04-13
0,0,0,0,Graham,2022-04-14
0,0,0,0,Graham,2022-04-15
0,0,0,0,Graham,2022-04-16
0,0,0,0,Graham,2022-04-17
6,6,0,0,Graham,2022-04-18
3,2,1,0,Graham,2022-04-19
4,4,0,0,Graham,2022-04-20
0,0,0,0,Graham,2022-04-21
1,1,0,0,Graham,2022-04-22
1,0,1,0,Graham,2022-04-23
0,0,0,0,Graham,2022-04-24
3,1,2,0,Graham,2022-04-25
0,0,0,0,Graham,2022-04-26
0,0,0,0,Graham,2022-04-27
0,0,0,0,Graham,2022-04-28
2,1,1,0,Graham,2022-04-29
0,0,0,0,Graham,2022-04-30
0,0,0,0,Graham,2022-05-01
1,1,0,0,Graham,2022-05-02
0,0,0,0,Graham,2022-05-03
0,0,0,0,Graham,2022-05-04
0,0,0,0,Graham,2022-05-05
0,0,0,0,Graham,2022-05-06
0,0,0,0,Graham,2022-05-07
6,0,6,0,Granville,2021-11-09
14,3,11,0,Granville,2021-11-10
6,1,5,0,Granville,2021-11-11
9,0,9,0,Granville,2021-11-14
16,3,13,0,Granville,2021-11-16
16,6,10,0,Granville,2021-11-17
19,6,13,0,Granville,2021-11-18
13,7,6,0,Granville,2021-11-19
9,3,6,0,Granville,2021-11-20
5,0,5,0,Granville,2021-11-21
14,6,8,0,Granville,2021-11-22
12,3,9,0,Granville,2021-11-23
21,5,16,0,Granville,2021-11-24
2,1,1,0,Granville,2021-11-25
11,2,9,0,Granville,2021-11-26
15,1,14,0,Granville,2021-11-27
40,15,25,0,Granville,2021-11-29
25,4,21,0,Granville,2021-11-30
14,1,13,0,Granville,2021-12-02
18,5,13,0,Granville,2021-12-03
12,0,12,0,Granville,2021-12-04
6,0,6,0,Granville,2021-12-05
18,4,14,0,Granville,2021-12-06
14,1,13,0,Granville,2021-12-07
19,8,11,0,Granville,2021-12-08
23,9,14,0,Granville,2021-12-09
17,3,14,0,Granville,2021-12-10
9,0,9,0,Granville,2021-12-11
8,1,7,0,Granville,2021-12-12
35,7,28,0,Granville,2021-12-13
21,2,19,0,Granville,2021-12-14
23,10,13,0,Granville,2021-12-15
21,7,14,0,Granville,2021-12-16
18,5,13,0,Granville,2021-12-17
16,2,14,0,Granville,2021-12-18
16,3,13,0,Granville,2021-12-19
28,4,24,0,Granville,2021-12-20
31,10,21,0,Granville,2021-12-22
25,6,19,0,Granville,2021-12-23
22,9,13,0,Granville,2021-12-24
16,6,10,0,Granville,2021-12-25
42,7,35,0,Granville,2021-12-26
169,45,124,0,Granville,2021-12-28
178,65,113,0,Granville,2021-12-29
196,92,104,0,Granville,2021-12-30
103,53,50,0,Granville,2021-12-31
42,8,34,0,Granville,2022-01-01
79,22,57,0,Granville,2022-01-02
157,65,92,0,Granville,2022-01-03
169,25,144,0,Granville,2022-01-04
175,14,161,0,Granville,2022-01-05
150,15,135,0,Granville,2022-01-06
111,15,96,0,Granville,2022-01-08
49,9,40,0,Granville,2022-01-09
243,20,223,0,Granville,2022-01-10
214,27,187,0,Granville,2022-01-11
215,20,195,0,Granville,2022-01-12
175,10,165,0,Granville,2022-01-13
172,13,159,0,Granville,2022-01-14
87,8,79,0,Granville,2022-01-15
27,8,19,0,Granville,2022-01-16
138,19,119,0,Granville,2022-01-17
188,18,170,0,Granville,2022-01-19
160,12,148,0,Granville,2022-01-20
60,5,55,0,Granville,2022-01-21
41,3,38,0,Granville,2022-01-22
56,7,49,0,Granville,2022-01-23
184,9,175,0,Granville,2022-01-24
88,6,82,0,Granville,2022-01-26
77,4,73,0,Granville,2022-01-28
35,1,34,0,Granville,2022-01-29
88,3,85,0,Granville,2022-01-31
67,2,65,0,Granville,2022-02-01
60,10,50,0,Granville,2022-02-02
47,4,43,0,Granville,2022-02-04
36,3,33,0,Granville,2022-02-05
23,3,20,0,Granville,2022-02-06
50,14,36,0,Granville,2022-02-08
26,3,23,0,Granville,2022-02-10
27,5,22,0,Granville,2022-02-11
12,3,9,0,Granville,2022-02-12
13,0,13,0,Granville,2022-02-13
19,7,12,0,Granville,2022-02-16
20,5,15,0,Granville,2022-02-17
13,1,12,0,Granville,2022-02-18
9,0,9,0,Granville,2022-02-19
4,0,4,0,Granville,2022-02-20
10,2,8,0,Granville,2022-02-22
9,3,6,0,Granville,2022-02-23
10,1,9,0,Granville,2022-02-24
3,0,3,0,Granville,2022-02-25
5,0,5,0,Granville,2022-02-26
3,0,3,0,Granville,2022-02-27
14,3,11,0,Granville,2022-03-01
8,0,8,0,Granville,2022-03-02
6,1,5,0,Granville,2022-03-03
2,1,1,0,Granville,2022-03-05
1,0,1,0,Granville,2022-03-06
6,0,6,0,Granville,2022-03-07
10,5,5,0,Granville,2022-03-08
5,2,3,0,Granville,2022-03-09
2,0,2,0,Granville,2022-03-10
2,2,0,0,Granville,2022-03-11
1,0,1,0,Granville,2022-03-12
2,1,1,0,Granville,2022-03-13
3,0,3,0,Granville,2022-03-14
3,0,3,0,Granville,2022-03-15
1,0,1,0,Granville,2022-03-16
1,0,1,0,Granville,2022-03-17
3,0,3,0,Granville,2022-03-18
0,0,0,0,Granville,2022-03-19
0,0,0,0,Granville,2022-03-20
3,1,2,0,Granville,2022-03-21
2,1,1,0,Granville,2022-03-22
1,1,0,0,Granville,2022-03-23
1,1,0,0,Granville,2022-03-24
3,0,3,0,Granville,2022-03-25
1,0,1,0,Granville,2022-03-26
0,0,0,0,Granville,2022-03-27
1,0,1,0,Granville,2022-03-28
2,0,2,0,Granville,2022-03-29
0,0,0,0,Granville,2022-03-30
2,0,2,0,Granville,2022-03-31
1,0,1,0,Granville,2022-04-01
2,2,0,0,Granville,2022-04-02
0,0,0,0,Granville,2022-04-03
3,1,2,0,Granville,2022-04-04
4,3,1,0,Granville,2022-04-05
4,1,3,0,Granville,2022-04-06
7,2,5,0,Granville,2022-04-07
5,2,3,0,Granville,2022-04-08
3,0,3,0,Granville,2022-04-09
3,2,1,0,Granville,2022-04-10
8,2,6,0,Granville,2022-04-11
3,1,2,0,Granville,2022-04-12
6,2,4,0,Granville,2022-04-13
10,2,8,0,Granville,2022-04-14
3,0,3,0,Granville,2022-04-15
4,0,4,0,Granville,2022-04-17
5,1,4,0,Granville,2022-04-18
7,2,5,0,Granville,2022-04-19
9,2,7,0,Granville,2022-04-20
10,4,6,0,Granville,2022-04-21
6,0,6,0,Granville,2022-04-22
5,1,4,0,Granville,2022-04-23
5,1,4,0,Granville,2022-04-24
13,6,7,0,Granville,2022-04-25
12,5,7,0,Granville,2022-04-27
12,3,9,0,Granville,2022-04-28
11,4,7,0,Granville,2022-04-29
8,0,8,0,Granville,2022-04-30
4,2,2,0,Granville,2022-05-01
25,4,21,0,Granville,2022-05-02
17,2,15,0,Granville,2022-05-04
22,7,15,0,Granville,2022-05-05
5,0,5,0,Granville,2022-05-06
1,1,0,0,Greene,2021-11-09
4,2,2,0,Greene,2021-11-10
1,0,1,0,Greene,2021-11-11
1,1,0,0,Greene,2021-11-12
1,0,1,0,Greene,2021-11-13
2,1,1,0,Greene,2021-11-14
3,1,2,0,Greene,2021-11-15
4,0,4,0,Greene,2021-11-16
1,0,1,0,Greene,2021-11-17
10,3,7,0,Greene,2021-11-18
1,1,0,0,Greene,2021-11-19
1,0,1,0,Greene,2021-11-20
0,0,0,0,Greene,2021-11-21
6,0,6,0,Greene,2021-11-22
2,2,0,0,Greene,2021-11-23
1,1,0,0,Greene,2021-11-24
0,0,0,0,Greene,2021-11-25
2,0,2,0,Greene,2021-11-26
2,0,2,0,Greene,2021-11-27
1,0,1,0,Greene,2021-11-28
14,2,12,0,Greene,2021-11-29
6,1,5,0,Greene,2021-11-30
3,1,2,0,Greene,2021-12-01
1,0,1,0,Greene,2021-12-02
4,1,3,0,Greene,2021-12-03
3,0,3,0,Greene,2021-12-04
1,0,1,0,Greene,2021-12-05
7,2,5,0,Greene,2021-12-06
10,2,8,0,Greene,2021-12-07
5,3,2,0,Greene,2021-12-08
4,0,4,0,Greene,2021-12-09
7,2,5,0,Greene,2021-12-10
3,0,3,0,Greene,2021-12-11
2,0,2,0,Greene,2021-12-12
15,1,14,0,Greene,2021-12-13
10,5,5,0,Greene,2021-12-14
4,1,3,0,Greene,2021-12-15
26,0,26,0,Greene,2021-12-16
17,9,8,0,Greene,2021-12-17
3,0,3,0,Greene,2021-12-18
5,2,3,0,Greene,2021-12-19
16,2,14,0,Greene,2021-12-20
16,5,11,0,Greene,2021-12-21
25,4,21,0,Greene,2021-12-22
12,3,9,0,Greene,2021-12-23
2,1,1,0,Greene,2021-12-24
3,1,2,0,Greene,2021-12-25
9,1,8,0,Greene,2021-12-26
17,3,14,0,Greene,2021-12-27
49,10,39,0,Greene,2021-12-28
36,14,22,0,Greene,2021-12-29
71,12,59,0,Greene,2021-12-30
25,5,20,0,Greene,2021-12-31
8,0,8,0,Greene,2022-01-02
83,7,76,0,Greene,2022-01-03
73,14,59,0,Greene,2022-01-04
52,21,31,0,Greene,2022-01-05
87,6,81,0,Greene,2022-01-06
41,6,35,0,Greene,2022-01-07
13,1,12,0,Greene,2022-01-08
23,3,20,0,Greene,2022-01-09
130,28,102,0,Greene,2022-01-10
106,25,81,0,Greene,2022-01-11
67,20,47,0,Greene,2022-01-12
125,14,111,0,Greene,2022-01-13
68,19,49,0,Greene,2022-01-14
15,3,12,0,Greene,2022-01-15
12,7,5,0,Greene,2022-01-16
78,29,49,0,Greene,2022-01-17
91,33,58,0,Greene,2022-01-20
25,9,16,0,Greene,2022-01-21
6,5,1,0,Greene,2022-01-22
125,29,96,0,Greene,2022-01-24
67,19,48,0,Greene,2022-01-25
48,17,31,0,Greene,2022-01-26
44,6,38,0,Greene,2022-01-27
28,5,23,0,Greene,2022-01-28
8,1,7,0,Greene,2022-01-29
5,0,5,0,Greene,2022-01-30
41,12,29,0,Greene,2022-01-31
27,5,22,0,Greene,2022-02-01
14,3,11,0,Greene,2022-02-02
14,3,11,0,Greene,2022-02-03
17,4,13,0,Greene,2022-02-04
5,0,5,0,Greene,2022-02-05
8,2,6,0,Greene,2022-02-06
11,1,10,0,Greene,2022-02-08
11,6,5,0,Greene,2022-02-09
4,0,4,0,Greene,2022-02-10
4,2,2,0,Greene,2022-02-11
6,0,6,0,Greene,2022-02-14
10,2,8,0,Greene,2022-02-15
2,0,2,0,Greene,2022-02-16
4,1,3,0,Greene,2022-02-18
0,0,0,0,Greene,2022-02-19
1,0,1,0,Greene,2022-02-20
8,1,7,0,Greene,2022-02-21
4,0,4,0,Greene,2022-02-22
4,0,4,0,Greene,2022-02-24
2,1,1,0,Greene,2022-02-26
1,0,1,0,Greene,2022-02-27
5,4,1,0,Greene,2022-02-28
2,0,2,0,Greene,2022-03-01
0,0,0,0,Greene,2022-03-02
4,1,3,0,Greene,2022-03-03
1,0,1,0,Greene,2022-03-04
0,0,0,0,Greene,2022-03-05
0,0,0,0,Greene,2022-03-06
4,1,3,0,Greene,2022-03-07
1,0,1,0,Greene,2022-03-08
0,0,0,0,Greene,2022-03-09
0,0,0,0,Greene,2022-03-10
0,0,0,0,Greene,2022-03-11
0,0,0,0,Greene,2022-03-12
0,0,0,0,Greene,2022-03-13
0,0,0,0,Greene,2022-03-14
0,0,0,0,Greene,2022-03-16
0,0,0,0,Greene,2022-03-17
0,0,0,0,Greene,2022-03-18
0,0,0,0,Greene,2022-03-19
0,0,0,0,Greene,2022-03-20
0,0,0,0,Greene,2022-03-21
0,0,0,0,Greene,2022-03-22
1,0,1,0,Greene,2022-03-23
0,0,0,0,Greene,2022-03-24
0,0,0,0,Greene,2022-03-25
0,0,0,0,Greene,2022-03-26
0,0,0,0,Greene,2022-03-27
0,0,0,0,Greene,2022-03-28
0,0,0,0,Greene,2022-03-29
2,0,2,0,Greene,2022-03-30
0,0,0,0,Greene,2022-03-31
0,0,0,0,Greene,2022-04-01
0,0,0,0,Greene,2022-04-02
0,0,0,0,Greene,2022-04-03
0,0,0,0,Greene,2022-04-04
1,0,1,0,Greene,2022-04-05
0,0,0,0,Greene,2022-04-06
0,0,0,0,Greene,2022-04-07
0,0,0,0,Greene,2022-04-08
0,0,0,0,Greene,2022-04-09
0,0,0,0,Greene,2022-04-10
0,0,0,0,Greene,2022-04-11
0,0,0,0,Greene,2022-04-12
0,0,0,0,Greene,2022-04-13
4,0,4,0,Greene,2022-04-14
0,0,0,0,Greene,2022-04-15
0,0,0,0,Greene,2022-04-16
0,0,0,0,Greene,2022-04-17
1,0,1,0,Greene,2022-04-18
4,0,4,0,Greene,2022-04-19
0,0,0,0,Greene,2022-04-20
0,0,0,0,Greene,2022-04-21
0,0,0,0,Greene,2022-04-22
0,0,0,0,Greene,2022-04-23
2,0,2,0,Greene,2022-04-24
2,1,1,0,Greene,2022-04-25
0,0,0,0,Greene,2022-04-26
0,0,0,0,Greene,2022-04-27
1,0,1,0,Greene,2022-04-28
1,1,0,0,Greene,2022-04-29
0,0,0,0,Greene,2022-04-30
3,0,3,0,Greene,2022-05-01
0,0,0,0,Greene,2022-05-02
3,1,2,0,Greene,2022-05-03
2,1,1,0,Greene,2022-05-04
3,0,3,0,Greene,2022-05-05
1,0,1,0,Greene,2022-05-06
1,0,1,0,Greene,2022-05-07
97,19,78,0,Guilford,2021-11-12
106,18,88,0,Guilford,2021-11-17
109,18,91,0,Guilford,2021-11-24
105,17,88,0,Guilford,2021-11-26
73,6,67,0,Guilford,2021-11-28
221,23,198,0,Guilford,2021-11-29
162,32,130,0,Guilford,2021-12-01
151,24,127,0,Guilford,2021-12-08
116,8,108,0,Guilford,2021-12-11
80,7,73,0,Guilford,2021-12-12
192,31,161,0,Guilford,2021-12-13
221,39,182,0,Guilford,2021-12-16
212,32,180,0,Guilford,2021-12-17
148,25,123,0,Guilford,2021-12-18
286,39,247,0,Guilford,2021-12-20
100,14,86,0,Guilford,2021-12-25
1648,242,1406,0,Guilford,2022-01-04
69,19,50,0,Guilford,2022-02-19
56,23,33,0,Guilford,2022-02-20
17,6,11,0,Guilford,2022-03-12
31,6,25,0,Guilford,2022-03-14
26,3,23,0,Guilford,2022-03-16
27,8,19,0,Guilford,2022-03-17
15,3,12,0,Guilford,2022-03-18
12,4,8,0,Guilford,2022-03-20
37,7,30,0,Guilford,2022-03-21
24,3,21,0,Guilford,2022-03-24
13,1,12,0,Guilford,2022-03-26
21,8,13,0,Guilford,2022-03-28
32,7,25,0,Guilford,2022-03-31
22,8,14,0,Guilford,2022-04-01
17,3,14,0,Guilford,2022-04-03
33,4,29,0,Guilford,2022-04-04
26,3,23,0,Guilford,2022-04-05
26,10,16,0,Guilford,2022-04-06
54,13,41,0,Guilford,2022-04-07
45,9,36,0,Guilford,2022-04-08
40,11,29,0,Guilford,2022-04-10
81,22,59,0,Guilford,2022-04-11
81,14,67,0,Guilford,2022-04-12
118,36,82,0,Guilford,2022-04-14
83,13,70,0,Guilford,2022-04-15
40,4,36,0,Guilford,2022-04-17
138,32,106,0,Guilford,2022-04-19
163,41,122,0,Guilford,2022-04-20
119,32,87,0,Guilford,2022-04-21
98,1,97,0,Guilford,2022-04-22
61,9,52,0,Guilford,2022-04-23
75,8,67,0,Guilford,2022-04-24
118,26,92,0,Guilford,2022-04-26
138,23,115,0,Guilford,2022-04-27
100,16,84,0,Guilford,2022-04-28
83,25,58,0,Guilford,2022-05-01
184,28,156,0,Guilford,2022-05-02
154,33,121,0,Guilford,2022-05-03
168,42,126,0,Guilford,2022-05-04
159,35,124,0,Guilford,2022-05-05
145,24,121,0,Guilford,2022-05-06
86,14,72,0,Guilford,2022-05-07
4,0,4,0,Halifax,2021-11-09
3,1,2,0,Halifax,2021-11-10
2,0,2,0,Halifax,2021-11-11
2,0,2,0,Halifax,2021-11-12
2,1,1,0,Halifax,2021-11-13
0,0,0,0,Halifax,2021-11-14
12,4,8,0,Halifax,2021-11-16
4,2,2,0,Halifax,2021-11-17
4,4,0,0,Halifax,2021-11-18
1,0,1,0,Halifax,2021-11-19
1,0,1,0,Halifax,2021-11-20
1,0,1,0,Halifax,2021-11-21
4,0,4,0,Halifax,2021-11-22
4,2,2,0,Halifax,2021-11-23
7,1,6,0,Halifax,2021-11-24
1,0,1,0,Halifax,2021-11-25
4,4,0,0,Halifax,2021-11-26
2,0,2,0,Halifax,2021-11-27
2,1,1,0,Halifax,2021-11-28
10,3,7,0,Halifax,2021-11-29
7,2,5,0,Halifax,2021-11-30
4,1,3,0,Halifax,2021-12-01
0,0,0,0,Halifax,2021-12-02
11,3,8,0,Halifax,2021-12-03
0,0,0,0,Halifax,2021-12-04
3,1,2,0,Halifax,2021-12-05
8,0,8,0,Halifax,2021-12-06
5,2,3,0,Halifax,2021-12-08
9,0,9,0,Halifax,2021-12-09
8,0,8,0,Halifax,2021-12-10
2,1,1,0,Halifax,2021-12-11
4,2,2,0,Halifax,2021-12-12
18,3,15,0,Halifax,2021-12-13
12,3,9,0,Halifax,2021-12-14
9,0,9,0,Halifax,2021-12-15
15,4,11,0,Halifax,2021-12-16
7,1,6,0,Halifax,2021-12-18
2,1,1,0,Halifax,2021-12-19
20,2,18,0,Halifax,2021-12-20
22,3,19,0,Halifax,2021-12-21
39,6,33,0,Halifax,2021-12-22
16,2,14,0,Halifax,2021-12-24
17,2,15,0,Halifax,2021-12-25
25,6,19,0,Halifax,2021-12-26
86,13,73,0,Halifax,2021-12-27
172,22,150,0,Halifax,2021-12-28
215,25,190,0,Halifax,2021-12-30
195,6,189,0,Halifax,2021-12-31
59,2,57,0,Halifax,2022-01-01
204,37,167,0,Halifax,2022-01-03
303,55,248,0,Halifax,2022-01-06
259,17,242,0,Halifax,2022-01-07
60,6,54,0,Halifax,2022-01-08
62,8,54,0,Halifax,2022-01-09
274,20,254,0,Halifax,2022-01-10
183,13,170,0,Halifax,2022-01-13
57,3,54,0,Halifax,2022-01-15
92,25,67,0,Halifax,2022-01-17
202,23,179,0,Halifax,2022-01-19
16,2,14,0,Halifax,2022-01-23
82,20,62,0,Halifax,2022-01-26
67,12,55,0,Halifax,2022-01-28
88,25,63,0,Halifax,2022-01-31
58,12,46,0,Halifax,2022-02-01
51,17,34,0,Halifax,2022-02-02
45,9,36,0,Halifax,2022-02-07
23,4,19,0,Halifax,2022-02-08
16,4,12,0,Halifax,2022-02-10
14,0,14,0,Halifax,2022-02-11
6,0,6,0,Halifax,2022-02-13
19,0,19,0,Halifax,2022-02-14
12,2,10,0,Halifax,2022-02-15
15,1,14,0,Halifax,2022-02-16
19,0,19,0,Halifax,2022-02-17
12,3,9,0,Halifax,2022-02-18
6,1,5,0,Halifax,2022-02-20
14,6,8,0,Halifax,2022-02-21
14,3,11,0,Halifax,2022-02-23
4,1,3,0,Halifax,2022-02-27
9,1,8,0,Halifax,2022-02-28
10,2,8,0,Halifax,2022-03-01
3,0,3,0,Halifax,2022-03-02
8,1,7,0,Halifax,2022-03-03
7,1,6,0,Halifax,2022-03-04
1,0,1,0,Halifax,2022-03-05
0,0,0,0,Halifax,2022-03-06
4,0,4,0,Halifax,2022-03-07
1,0,1,0,Halifax,2022-03-08
1,0,1,0,Halifax,2022-03-09
0,0,0,0,Halifax,2022-03-10
2,1,1,0,Halifax,2022-03-11
2,1,1,0,Halifax,2022-03-12
3,2,1,0,Halifax,2022-03-14
1,0,1,0,Halifax,2022-03-15
0,0,0,0,Halifax,2022-03-16
2,0,2,0,Halifax,2022-03-17
0,0,0,0,Halifax,2022-03-18
1,0,1,0,Halifax,2022-03-19
0,0,0,0,Halifax,2022-03-20
1,1,0,0,Halifax,2022-03-21
0,0,0,0,Halifax,2022-03-22
0,0,0,0,Halifax,2022-03-23
0,0,0,0,Halifax,2022-03-24
0,0,0,0,Halifax,2022-03-25
0,0,0,0,Halifax,2022-03-27
0,0,0,0,Halifax,2022-03-28
0,0,0,0,Halifax,2022-03-29
0,0,0,0,Halifax,2022-03-30
1,0,1,0,Halifax,2022-03-31
0,0,0,0,Halifax,2022-04-01
1,1,0,0,Halifax,2022-04-02
0,0,0,0,Halifax,2022-04-03
2,0,2,0,Halifax,2022-04-04
1,0,1,0,Halifax,2022-04-05
2,0,2,0,Halifax,2022-04-06
0,0,0,0,Halifax,2022-04-07
3,0,3,0,Halifax,2022-04-08
0,0,0,0,Halifax,2022-04-09
0,0,0,0,Halifax,2022-04-11
0,0,0,0,Halifax,2022-04-12
2,0,2,0,Halifax,2022-04-13
3,1,2,0,Halifax,2022-04-14
3,0,3,0,Halifax,2022-04-15
0,0,0,0,Halifax,2022-04-16
1,0,1,0,Halifax,2022-04-17
3,0,3,0,Halifax,2022-04-18
1,0,1,0,Halifax,2022-04-19
3,1,2,0,Halifax,2022-04-20
5,1,4,0,Halifax,2022-04-21
11,8,3,0,Halifax,2022-04-22
1,0,1,0,Halifax,2022-04-23
5,0,5,0,Halifax,2022-04-24
8,1,7,0,Halifax,2022-04-25
5,0,5,0,Halifax,2022-04-26
7,2,5,0,Halifax,2022-04-27
3,0,3,0,Halifax,2022-04-28
3,0,3,0,Halifax,2022-04-29
2,1,1,0,Halifax,2022-04-30
0,0,0,0,Halifax,2022-05-01
14,3,11,0,Halifax,2022-05-02
11,1,10,0,Halifax,2022-05-03
9,4,5,0,Halifax,2022-05-04
3,1,2,0,Halifax,2022-05-05
7,1,6,0,Halifax,2022-05-06
7,2,5,0,Halifax,2022-05-07
20,2,18,0,Harnett,2021-11-09
18,2,16,0,Harnett,2021-11-10
19,4,15,0,Harnett,2021-11-11
16,4,12,0,Harnett,2021-11-12
11,2,9,0,Harnett,2021-11-13
15,6,9,0,Harnett,2021-11-16
25,6,19,0,Harnett,2021-11-18
22,4,18,0,Harnett,2021-11-19
11,2,9,0,Harnett,2021-11-20
9,5,4,0,Harnett,2021-11-21
28,7,21,0,Harnett,2021-11-22
25,5,20,0,Harnett,2021-11-23
24,6,18,0,Harnett,2021-11-24
2,0,2,0,Harnett,2021-11-25
18,5,13,0,Harnett,2021-11-27
13,1,12,0,Harnett,2021-11-28
53,17,36,0,Harnett,2021-11-29
41,7,34,0,Harnett,2021-11-30
26,4,22,0,Harnett,2021-12-02
23,4,19,0,Harnett,2021-12-03
17,5,12,0,Harnett,2021-12-05
55,8,47,0,Harnett,2021-12-06
43,9,34,0,Harnett,2021-12-07
43,8,35,0,Harnett,2021-12-09
37,11,26,0,Harnett,2021-12-10
29,4,25,0,Harnett,2021-12-11
22,2,20,0,Harnett,2021-12-12
48,8,40,0,Harnett,2021-12-13
55,12,43,0,Harnett,2021-12-14
52,8,44,0,Harnett,2021-12-16
58,19,39,0,Harnett,2021-12-17
28,5,23,0,Harnett,2021-12-19
73,22,51,0,Harnett,2021-12-20
56,13,43,0,Harnett,2021-12-22
71,14,57,0,Harnett,2021-12-23
38,8,30,0,Harnett,2021-12-24
21,4,17,0,Harnett,2021-12-25
50,9,41,0,Harnett,2021-12-26
272,51,221,0,Harnett,2021-12-30
166,21,145,0,Harnett,2021-12-31
426,105,321,0,Harnett,2022-01-03
497,89,408,0,Harnett,2022-01-04
470,60,410,0,Harnett,2022-01-05
64,14,50,0,Harnett,2022-01-16
46,10,36,0,Harnett,2022-01-22
213,36,177,0,Harnett,2022-01-27
222,37,185,0,Harnett,2022-01-28
222,44,178,0,Harnett,2022-01-31
152,36,116,0,Harnett,2022-02-02
44,5,39,0,Harnett,2022-02-05
67,12,55,0,Harnett,2022-02-09
29,4,25,0,Harnett,2022-02-12
40,5,35,0,Harnett,2022-02-16
53,6,47,0,Harnett,2022-02-17
13,1,12,0,Harnett,2022-02-20
39,14,25,0,Harnett,2022-02-21
27,4,23,0,Harnett,2022-02-23
12,1,11,0,Harnett,2022-02-24
11,2,9,0,Harnett,2022-02-26
15,4,11,0,Harnett,2022-03-03
10,1,9,0,Harnett,2022-03-04
3,1,2,0,Harnett,2022-03-05
6,0,6,0,Harnett,2022-03-06
13,2,11,0,Harnett,2022-03-09
8,3,5,0,Harnett,2022-03-10
1,0,1,0,Harnett,2022-03-12
5,0,5,0,Harnett,2022-03-13
4,1,3,0,Harnett,2022-03-15
8,3,5,0,Harnett,2022-03-17
2,1,1,0,Harnett,2022-03-19
3,1,2,0,Harnett,2022-03-20
9,0,9,0,Harnett,2022-03-21
5,3,2,0,Harnett,2022-03-22
5,1,4,0,Harnett,2022-03-23
3,0,3,0,Harnett,2022-03-24
1,0,1,0,Harnett,2022-03-25
1,0,1,0,Harnett,2022-03-26
2,0,2,0,Harnett,2022-03-27
3,3,0,0,Harnett,2022-03-28
8,0,8,0,Harnett,2022-03-29
8,2,6,0,Harnett,2022-03-30
2,0,2,0,Harnett,2022-03-31
7,0,7,0,Harnett,2022-04-01
4,0,4,0,Harnett,2022-04-02
4,1,3,0,Harnett,2022-04-03
5,0,5,0,Harnett,2022-04-04
6,1,5,0,Harnett,2022-04-05
5,1,4,0,Harnett,2022-04-06
6,1,5,0,Harnett,2022-04-07
1,0,1,0,Harnett,2022-04-08
4,0,4,0,Harnett,2022-04-09
3,1,2,0,Harnett,2022-04-10
10,1,9,0,Harnett,2022-04-11
6,4,2,0,Harnett,2022-04-12
9,2,7,0,Harnett,2022-04-13
8,0,8,0,Harnett,2022-04-14
6,2,4,0,Harnett,2022-04-15
5,1,4,0,Harnett,2022-04-16
4,1,3,0,Harnett,2022-04-17
15,6,9,0,Harnett,2022-04-18
13,3,10,0,Harnett,2022-04-19
21,9,12,0,Harnett,2022-04-20
26,12,14,0,Harnett,2022-04-21
10,3,7,0,Harnett,2022-04-22
7,0,7,0,Harnett,2022-04-24
17,5,12,0,Harnett,2022-04-27
16,4,12,0,Harnett,2022-04-28
19,4,15,0,Harnett,2022-04-29
10,3,7,0,Harnett,2022-04-30
3,0,3,0,Harnett,2022-05-01
33,11,22,0,Harnett,2022-05-02
30,13,17,0,Harnett,2022-05-03
27,5,22,0,Harnett,2022-05-04
20,6,14,0,Harnett,2022-05-05
27,8,19,0,Harnett,2022-05-06
13,2,11,0,Haywood,2021-11-09
11,6,5,0,Haywood,2021-11-11
11,3,8,0,Haywood,2021-11-12
7,3,4,0,Haywood,2021-11-13
8,0,8,0,Haywood,2021-11-14
19,8,11,0,Haywood,2021-11-15
18,10,8,0,Haywood,2021-11-16
14,1,13,0,Haywood,2021-11-17
14,3,11,0,Haywood,2021-11-19
10,2,8,0,Haywood,2021-11-21
15,1,14,0,Haywood,2021-11-23
12,6,6,0,Haywood,2021-11-24
2,1,1,0,Haywood,2021-11-25
17,10,7,0,Haywood,2021-11-26
5,1,4,0,Haywood,2021-11-27
16,3,13,0,Haywood,2021-11-28
28,8,20,0,Haywood,2021-11-29
32,7,25,0,Haywood,2021-11-30
27,12,15,0,Haywood,2021-12-01
24,7,17,0,Haywood,2021-12-02
27,10,17,0,Haywood,2021-12-03
11,0,11,0,Haywood,2021-12-04
20,5,15,0,Haywood,2021-12-05
35,5,30,0,Haywood,2021-12-06
28,9,19,0,Haywood,2021-12-08
24,11,13,0,Haywood,2021-12-09
14,8,6,0,Haywood,2021-12-11
28,8,20,0,Haywood,2021-12-13
22,8,14,0,Haywood,2021-12-14
26,4,22,0,Haywood,2021-12-15
12,7,5,0,Haywood,2021-12-16
10,3,7,0,Haywood,2021-12-19
25,12,13,0,Haywood,2021-12-23
7,1,6,0,Haywood,2021-12-25
18,10,8,0,Haywood,2021-12-26
55,14,41,0,Haywood,2021-12-28
58,22,36,0,Haywood,2021-12-30
24,8,16,0,Haywood,2022-01-01
94,32,62,0,Haywood,2022-01-03
93,25,68,0,Haywood,2022-01-04
143,34,109,0,Haywood,2022-01-06
47,17,30,0,Haywood,2022-01-08
55,4,51,0,Haywood,2022-01-09
152,62,90,0,Haywood,2022-01-12
153,62,91,0,Haywood,2022-01-13
11,6,5,0,Haywood,2022-01-16
161,62,99,0,Haywood,2022-01-18
200,68,132,0,Haywood,2022-01-19
169,43,126,0,Haywood,2022-01-20
148,34,114,0,Haywood,2022-01-21
59,13,46,0,Haywood,2022-01-22
116,27,89,0,Haywood,2022-01-25
131,35,96,0,Haywood,2022-01-26
60,15,45,0,Haywood,2022-02-04
56,27,29,0,Haywood,2022-02-09
38,16,22,0,Haywood,2022-02-10
17,6,11,0,Haywood,2022-02-12
27,8,19,0,Haywood,2022-02-16
30,17,13,0,Haywood,2022-02-17
18,6,12,0,Haywood,2022-02-18
14,8,6,0,Haywood,2022-02-19
19,5,14,0,Haywood,2022-02-23
6,2,4,0,Haywood,2022-02-27
23,12,11,0,Haywood,2022-02-28
1,0,1,0,Haywood,2022-03-02
11,3,8,0,Haywood,2022-03-03
3,0,3,0,Haywood,2022-03-05
1,0,1,0,Haywood,2022-03-06
4,2,2,0,Haywood,2022-03-10
4,0,4,0,Haywood,2022-03-11
1,0,1,0,Haywood,2022-03-12
2,0,2,0,Haywood,2022-03-13
3,2,1,0,Haywood,2022-03-14
5,2,3,0,Haywood,2022-03-15
14,1,13,0,Haywood,2022-03-16
3,1,2,0,Haywood,2022-03-17
1,0,1,0,Haywood,2022-03-18
0,0,0,0,Haywood,2022-03-19
0,0,0,0,Haywood,2022-03-20
3,1,2,0,Haywood,2022-03-21
2,0,2,0,Haywood,2022-03-22
6,1,5,0,Haywood,2022-03-23
3,2,1,0,Haywood,2022-03-24
1,0,1,0,Haywood,2022-03-25
0,0,0,0,Haywood,2022-03-26
7,6,1,0,Haywood,2022-03-27
2,1,1,0,Haywood,2022-03-28
6,3,3,0,Haywood,2022-03-30
2,0,2,0,Haywood,2022-03-31
1,0,1,0,Haywood,2022-04-01
2,1,1,0,Haywood,2022-04-02
0,0,0,0,Haywood,2022-04-03
5,2,3,0,Haywood,2022-04-04
1,0,1,0,Haywood,2022-04-05
4,2,2,0,Haywood,2022-04-06
3,1,2,0,Haywood,2022-04-07
2,1,1,0,Haywood,2022-04-08
1,0,1,0,Haywood,2022-04-09
2,0,2,0,Haywood,2022-04-10
6,1,5,0,Haywood,2022-04-11
4,2,2,0,Haywood,2022-04-12
5,2,3,0,Haywood,2022-04-13
3,1,2,0,Haywood,2022-04-14
2,1,1,0,Haywood,2022-04-15
4,4,0,0,Haywood,2022-04-16
0,0,0,0,Haywood,2022-04-17
4,3,1,0,Haywood,2022-04-18
2,0,2,0,Haywood,2022-04-19
6,4,2,0,Haywood,2022-04-20
6,3,3,0,Haywood,2022-04-21
7,1,6,0,Haywood,2022-04-22
2,1,1,0,Haywood,2022-04-23
3,0,3,0,Haywood,2022-04-24
15,10,5,0,Haywood,2022-04-25
6,3,3,0,Haywood,2022-04-26
10,2,8,0,Haywood,2022-04-27
6,1,5,0,Haywood,2022-04-28
6,4,2,0,Haywood,2022-04-29
5,4,1,0,Haywood,2022-04-30
4,3,1,0,Haywood,2022-05-01
12,5,7,0,Haywood,2022-05-02
16,7,9,0,Haywood,2022-05-03
16,8,8,0,Haywood,2022-05-04
16,8,8,0,Haywood,2022-05-05
12,5,7,0,Haywood,2022-05-06
6,1,5,0,Haywood,2022-05-07
26,13,13,0,Henderson,2021-11-09
28,15,13,0,Henderson,2021-11-10
15,4,11,0,Henderson,2021-11-13
17,10,7,0,Henderson,2021-11-14
40,21,19,0,Henderson,2021-11-16
31,14,17,0,Henderson,2021-11-17
37,18,19,0,Henderson,2021-11-18
23,8,15,0,Henderson,2021-11-19
51,25,26,0,Henderson,2021-11-24
22,9,13,0,Henderson,2021-11-28
60,23,37,0,Henderson,2021-11-29
49,13,36,0,Henderson,2021-11-30
44,25,19,0,Henderson,2021-12-02
25,13,12,0,Henderson,2021-12-04
55,26,29,0,Henderson,2021-12-06
58,25,33,0,Henderson,2021-12-08
40,12,28,0,Henderson,2021-12-09
48,11,37,0,Henderson,2021-12-10
68,26,42,0,Henderson,2021-12-13
63,32,31,0,Henderson,2021-12-14
52,15,37,0,Henderson,2021-12-16
51,19,32,0,Henderson,2021-12-17
25,12,13,0,Henderson,2021-12-18
42,23,19,0,Henderson,2021-12-19
64,15,49,0,Henderson,2021-12-20
60,16,44,0,Henderson,2021-12-21
70,22,48,0,Henderson,2021-12-22
92,26,66,0,Henderson,2021-12-23
34,8,26,0,Henderson,2021-12-24
141,14,127,0,Henderson,2021-12-27
118,26,92,0,Henderson,2021-12-31
60,24,36,0,Henderson,2022-01-01
91,37,54,0,Henderson,2022-01-02
212,32,180,0,Henderson,2022-01-04
248,51,197,0,Henderson,2022-01-05
198,71,127,0,Henderson,2022-01-06
373,112,261,0,Henderson,2022-01-10
313,92,221,0,Henderson,2022-01-11
295,96,199,0,Henderson,2022-01-12
180,65,115,0,Henderson,2022-01-21
256,102,154,0,Henderson,2022-01-24
54,17,37,0,Henderson,2022-01-29
106,36,70,0,Henderson,2022-02-04
24,12,12,0,Henderson,2022-02-12
55,21,34,0,Henderson,2022-02-14
44,17,27,0,Henderson,2022-02-15
44,18,26,0,Henderson,2022-02-16
28,11,17,0,Henderson,2022-02-17
26,14,12,0,Henderson,2022-02-19
10,4,6,0,Henderson,2022-02-20
21,9,12,0,Henderson,2022-02-23
16,8,8,0,Henderson,2022-02-24
19,4,15,0,Henderson,2022-02-25
8,2,6,0,Henderson,2022-02-26
4,2,2,0,Henderson,2022-02-27
17,12,5,0,Henderson,2022-02-28
9,5,4,0,Henderson,2022-03-02
8,2,6,0,Henderson,2022-03-03
13,4,9,0,Henderson,2022-03-04
6,1,5,0,Henderson,2022-03-05
13,6,7,0,Henderson,2022-03-07
4,3,1,0,Henderson,2022-03-08
1,0,1,0,Henderson,2022-03-12
3,1,2,0,Henderson,2022-03-13
4,3,1,0,Henderson,2022-03-14
7,1,6,0,Henderson,2022-03-15
2,1,1,0,Henderson,2022-03-16
1,0,1,0,Henderson,2022-03-18
5,4,1,0,Henderson,2022-03-20
2,2,0,0,Henderson,2022-03-21
6,4,2,0,Henderson,2022-03-22
1,1,0,0,Henderson,2022-03-23
4,1,3,0,Henderson,2022-03-25
2,1,1,0,Henderson,2022-03-26
1,1,0,0,Henderson,2022-03-27
6,2,4,0,Henderson,2022-03-28
4,1,3,0,Henderson,2022-03-29
2,0,2,0,Henderson,2022-03-30
8,2,6,0,Henderson,2022-03-31
3,1,2,0,Henderson,2022-04-01
2,0,2,0,Henderson,2022-04-02
3,1,2,0,Henderson,2022-04-03
3,3,0,0,Henderson,2022-04-04
5,1,4,0,Henderson,2022-04-05
2,0,2,0,Henderson,2022-04-07
5,3,2,0,Henderson,2022-04-08
2,0,2,0,Henderson,2022-04-09
2,1,1,0,Henderson,2022-04-10
13,2,11,0,Henderson,2022-04-11
24,5,19,0,Henderson,2022-04-12
15,4,11,0,Henderson,2022-04-13
5,0,5,0,Henderson,2022-04-14
13,2,11,0,Henderson,2022-04-15
4,4,0,0,Henderson,2022-04-16
3,0,3,0,Henderson,2022-04-17
13,6,7,0,Henderson,2022-04-18
13,4,9,0,Henderson,2022-04-19
12,4,8,0,Henderson,2022-04-20
13,7,6,0,Henderson,2022-04-21
11,3,8,0,Henderson,2022-04-22
9,3,6,0,Henderson,2022-04-23
5,4,1,0,Henderson,2022-04-24
16,7,9,0,Henderson,2022-04-25
18,7,11,0,Henderson,2022-04-26
12,7,5,0,Henderson,2022-04-27
10,7,3,0,Henderson,2022-04-28
14,6,8,0,Henderson,2022-04-29
12,6,6,0,Henderson,2022-04-30
6,1,5,0,Henderson,2022-05-01
20,10,10,0,Henderson,2022-05-02
17,5,12,0,Henderson,2022-05-03
23,11,12,0,Henderson,2022-05-04
16,5,11,0,Henderson,2022-05-05
13,7,6,0,Henderson,2022-05-06
15,7,8,0,Henderson,2022-05-07
4,2,2,0,Hertford,2021-11-09
2,0,2,0,Hertford,2021-11-10
1,0,1,0,Hertford,2021-11-11
0,0,0,0,Hertford,2021-11-12
2,0,2,0,Hertford,2021-11-13
0,0,0,0,Hertford,2021-11-14
1,0,1,0,Hertford,2021-11-16
2,0,2,0,Hertford,2021-11-17
0,0,0,0,Hertford,2021-11-18
1,0,1,0,Hertford,2021-11-19
0,0,0,0,Hertford,2021-11-20
0,0,0,0,Hertford,2021-11-21
2,0,2,0,Hertford,2021-11-22
0,0,0,0,Hertford,2021-11-23
3,0,3,0,Hertford,2021-11-24
1,0,1,0,Hertford,2021-11-25
2,0,2,0,Hertford,2021-11-26
1,0,1,0,Hertford,2021-11-27
1,0,1,0,Hertford,2021-11-28
2,1,1,0,Hertford,2021-11-29
2,0,2,0,Hertford,2021-11-30
2,0,2,0,Hertford,2021-12-02
3,1,2,0,Hertford,2021-12-03
0,0,0,0,Hertford,2021-12-04
0,0,0,0,Hertford,2021-12-05
6,0,6,0,Hertford,2021-12-06
3,1,2,0,Hertford,2021-12-07
5,2,3,0,Hertford,2021-12-08
7,1,6,0,Hertford,2021-12-09
3,0,3,0,Hertford,2021-12-10
3,0,3,0,Hertford,2021-12-11
2,0,2,0,Hertford,2021-12-12
7,1,6,0,Hertford,2021-12-13
3,1,2,0,Hertford,2021-12-14
2,0,2,0,Hertford,2021-12-16
4,0,4,0,Hertford,2021-12-17
2,1,1,0,Hertford,2021-12-18
1,0,1,0,Hertford,2021-12-19
9,1,8,0,Hertford,2021-12-20
6,3,3,0,Hertford,2021-12-21
2,2,0,0,Hertford,2021-12-22
7,1,6,0,Hertford,2021-12-23
7,0,7,0,Hertford,2021-12-24
2,0,2,0,Hertford,2021-12-25
11,0,11,0,Hertford,2021-12-26
18,5,13,0,Hertford,2021-12-27
48,6,42,0,Hertford,2021-12-28
62,27,35,0,Hertford,2021-12-29
54,8,46,0,Hertford,2021-12-30
64,8,56,0,Hertford,2021-12-31
87,17,70,0,Hertford,2022-01-03
107,40,67,0,Hertford,2022-01-04
98,15,83,0,Hertford,2022-01-06
70,10,60,0,Hertford,2022-01-07
33,6,27,0,Hertford,2022-01-08
14,0,14,0,Hertford,2022-01-09
106,24,82,0,Hertford,2022-01-10
77,14,63,0,Hertford,2022-01-11
76,19,57,0,Hertford,2022-01-12
65,10,55,0,Hertford,2022-01-14
12,3,9,0,Hertford,2022-01-15
11,1,10,0,Hertford,2022-01-16
23,4,19,0,Hertford,2022-01-17
39,12,27,0,Hertford,2022-01-20
10,0,10,0,Hertford,2022-01-21
6,1,5,0,Hertford,2022-01-23
52,12,40,0,Hertford,2022-01-24
38,9,29,0,Hertford,2022-01-25
23,6,17,0,Hertford,2022-01-26
2,0,2,0,Hertford,2022-01-29
4,1,3,0,Hertford,2022-01-30
12,3,9,0,Hertford,2022-02-01
5,3,2,0,Hertford,2022-02-02
6,1,5,0,Hertford,2022-02-03
3,0,3,0,Hertford,2022-02-04
2,0,2,0,Hertford,2022-02-05
5,0,5,0,Hertford,2022-02-06
5,3,2,0,Hertford,2022-02-07
7,1,6,0,Hertford,2022-02-08
4,0,4,0,Hertford,2022-02-10
1,0,1,0,Hertford,2022-02-12
2,0,2,0,Hertford,2022-02-13
0,0,0,0,Hertford,2022-02-14
1,0,1,0,Hertford,2022-02-15
4,0,4,0,Hertford,2022-02-17
3,0,3,0,Hertford,2022-02-18
4,0,4,0,Hertford,2022-02-19
1,1,0,0,Hertford,2022-02-20
2,1,1,0,Hertford,2022-02-23
2,0,2,0,Hertford,2022-02-24
3,0,3,0,Hertford,2022-02-25
4,1,3,0,Hertford,2022-02-26
3,1,2,0,Hertford,2022-02-27
0,0,0,0,Hertford,2022-02-28
2,0,2,0,Hertford,2022-03-01
3,0,3,0,Hertford,2022-03-02
2,0,2,0,Hertford,2022-03-03
3,1,2,0,Hertford,2022-03-04
0,0,0,0,Hertford,2022-03-05
0,0,0,0,Hertford,2022-03-06
1,0,1,0,Hertford,2022-03-07
0,0,0,0,Hertford,2022-03-08
0,0,0,0,Hertford,2022-03-09
2,0,2,0,Hertford,2022-03-10
1,0,1,0,Hertford,2022-03-11
0,0,0,0,Hertford,2022-03-12
0,0,0,0,Hertford,2022-03-13
0,0,0,0,Hertford,2022-03-14
0,0,0,0,Hertford,2022-03-15
0,0,0,0,Hertford,2022-03-16
0,0,0,0,Hertford,2022-03-17
0,0,0,0,Hertford,2022-03-18
0,0,0,0,Hertford,2022-03-19
0,0,0,0,Hertford,2022-03-20
1,0,1,0,Hertford,2022-03-21
0,0,0,0,Hertford,2022-03-22
1,0,1,0,Hertford,2022-03-23
0,0,0,0,Hertford,2022-03-24
3,0,3,0,Hertford,2022-03-25
0,0,0,0,Hertford,2022-03-26
0,0,0,0,Hertford,2022-03-27
1,0,1,0,Hertford,2022-03-28
1,0,1,0,Hertford,2022-03-29
0,0,0,0,Hertford,2022-03-30
0,0,0,0,Hertford,2022-03-31
0,0,0,0,Hertford,2022-04-01
0,0,0,0,Hertford,2022-04-02
0,0,0,0,Hertford,2022-04-03
0,0,0,0,Hertford,2022-04-04
0,0,0,0,Hertford,2022-04-05
0,0,0,0,Hertford,2022-04-06
0,0,0,0,Hertford,2022-04-07
1,0,1,0,Hertford,2022-04-08
0,0,0,0,Hertford,2022-04-09
1,0,1,0,Hertford,2022-04-10
1,0,1,0,Hertford,2022-04-11
1,1,0,0,Hertford,2022-04-12
1,0,1,0,Hertford,2022-04-13
2,0,2,0,Hertford,2022-04-14
2,0,2,0,Hertford,2022-04-15
0,0,0,0,Hertford,2022-04-17
0,0,0,0,Hertford,2022-04-19
2,0,2,0,Hertford,2022-04-20
0,0,0,0,Hertford,2022-04-21
0,0,0,0,Hertford,2022-04-22
0,0,0,0,Hertford,2022-04-23
1,0,1,0,Hertford,2022-04-24
1,0,1,0,Hertford,2022-04-25
2,1,1,0,Hertford,2022-04-26
0,0,0,0,Hertford,2022-04-27
2,0,2,0,Hertford,2022-04-28
1,0,1,0,Hertford,2022-04-29
1,0,1,0,Hertford,2022-04-30
0,0,0,0,Hertford,2022-05-01
2,1,1,0,Hertford,2022-05-02
1,0,1,0,Hertford,2022-05-03
1,1,0,0,Hertford,2022-05-04
7,1,6,0,Hertford,2022-05-05
2,1,1,0,Hertford,2022-05-06
1,0,1,0,Hertford,2022-05-07
12,2,10,0,Hoke,2021-11-09
13,3,10,0,Hoke,2021-11-10
13,4,9,0,Hoke,2021-11-11
30,2,28,0,Hoke,2021-11-12
5,0,5,0,Hoke,2021-11-13
5,0,5,0,Hoke,2021-11-14
20,5,15,0,Hoke,2021-11-15
15,2,13,0,Hoke,2021-11-16
12,1,11,0,Hoke,2021-11-17
12,1,11,0,Hoke,2021-11-19
4,0,4,0,Hoke,2021-11-20
3,0,3,0,Hoke,2021-11-21
15,3,12,0,Hoke,2021-11-22
10,3,7,0,Hoke,2021-11-23
9,2,7,0,Hoke,2021-11-24
3,1,2,0,Hoke,2021-11-25
11,3,8,0,Hoke,2021-11-26
6,1,5,0,Hoke,2021-11-27
7,1,6,0,Hoke,2021-11-28
15,3,12,0,Hoke,2021-11-29
21,7,14,0,Hoke,2021-11-30
31,3,28,0,Hoke,2021-12-01
10,2,8,0,Hoke,2021-12-02
17,1,16,0,Hoke,2021-12-03
10,1,9,0,Hoke,2021-12-05
26,3,23,0,Hoke,2021-12-07
9,1,8,0,Hoke,2021-12-09
12,3,9,0,Hoke,2021-12-10
5,0,5,0,Hoke,2021-12-11
0,0,0,0,Hoke,2021-12-12
19,2,17,0,Hoke,2021-12-13
18,3,15,0,Hoke,2021-12-14
20,4,16,0,Hoke,2021-12-15
10,1,9,0,Hoke,2021-12-16
20,2,18,0,Hoke,2021-12-17
9,5,4,0,Hoke,2021-12-18
12,1,11,0,Hoke,2021-12-19
19,4,15,0,Hoke,2021-12-20
43,12,31,0,Hoke,2021-12-21
40,8,32,0,Hoke,2021-12-22
27,4,23,0,Hoke,2021-12-24
19,2,17,0,Hoke,2021-12-25
35,6,29,0,Hoke,2021-12-26
93,9,84,0,Hoke,2021-12-27
135,6,129,0,Hoke,2021-12-28
146,8,138,0,Hoke,2021-12-29
159,31,128,0,Hoke,2021-12-30
101,12,89,0,Hoke,2021-12-31
79,1,78,0,Hoke,2022-01-02
263,24,239,0,Hoke,2022-01-06
212,13,199,0,Hoke,2022-01-07
154,3,151,0,Hoke,2022-01-08
379,45,334,0,Hoke,2022-01-10
351,34,317,0,Hoke,2022-01-11
290,38,252,0,Hoke,2022-01-12
242,15,227,0,Hoke,2022-01-14
19,1,18,0,Hoke,2022-01-16
280,31,249,0,Hoke,2022-01-17
382,36,346,0,Hoke,2022-01-18
247,46,201,0,Hoke,2022-01-20
92,11,81,0,Hoke,2022-01-21
22,2,20,0,Hoke,2022-01-22
64,5,59,0,Hoke,2022-01-23
164,22,142,0,Hoke,2022-01-25
27,2,25,0,Hoke,2022-01-29
19,2,17,0,Hoke,2022-01-30
74,19,55,0,Hoke,2022-01-31
15,3,12,0,Hoke,2022-02-05
20,4,16,0,Hoke,2022-02-06
45,12,33,0,Hoke,2022-02-07
36,9,27,0,Hoke,2022-02-09
22,7,15,0,Hoke,2022-02-10
20,7,13,0,Hoke,2022-02-11
12,1,11,0,Hoke,2022-02-12
30,5,25,0,Hoke,2022-02-14
26,6,20,0,Hoke,2022-02-15
19,1,18,0,Hoke,2022-02-16
3,0,3,0,Hoke,2022-02-19
11,1,10,0,Hoke,2022-02-21
14,3,11,0,Hoke,2022-02-22
10,2,8,0,Hoke,2022-02-23
10,3,7,0,Hoke,2022-02-24
7,0,7,0,Hoke,2022-02-25
3,0,3,0,Hoke,2022-02-26
5,3,2,0,Hoke,2022-02-27
1,0,1,0,Hoke,2022-03-01
5,3,2,0,Hoke,2022-03-02
10,2,8,0,Hoke,2022-03-03
3,0,3,0,Hoke,2022-03-04
2,0,2,0,Hoke,2022-03-05
1,1,0,0,Hoke,2022-03-06
5,0,5,0,Hoke,2022-03-07
3,1,2,0,Hoke,2022-03-09
4,0,4,0,Hoke,2022-03-10
1,1,0,0,Hoke,2022-03-12
1,0,1,0,Hoke,2022-03-13
1,0,1,0,Hoke,2022-03-14
2,1,1,0,Hoke,2022-03-15
3,2,1,0,Hoke,2022-03-16
1,0,1,0,Hoke,2022-03-17
0,0,0,0,Hoke,2022-03-18
1,0,1,0,Hoke,2022-03-19
0,0,0,0,Hoke,2022-03-20
2,0,2,0,Hoke,2022-03-21
3,0,3,0,Hoke,2022-03-22
1,0,1,0,Hoke,2022-03-23
2,0,2,0,Hoke,2022-03-24
2,0,2,0,Hoke,2022-03-25
3,1,2,0,Hoke,2022-03-26
0,0,0,0,Hoke,2022-03-27
1,0,1,0,Hoke,2022-03-28
3,0,3,0,Hoke,2022-03-29
2,2,0,0,Hoke,2022-03-30
1,0,1,0,Hoke,2022-03-31
3,2,1,0,Hoke,2022-04-01
3,0,3,0,Hoke,2022-04-02
2,0,2,0,Hoke,2022-04-03
1,1,0,0,Hoke,2022-04-05
4,0,4,0,Hoke,2022-04-06
1,0,1,0,Hoke,2022-04-07
2,0,2,0,Hoke,2022-04-08
3,2,1,0,Hoke,2022-04-09
0,0,0,0,Hoke,2022-04-10
4,0,4,0,Hoke,2022-04-11
3,1,2,0,Hoke,2022-04-12
6,3,3,0,Hoke,2022-04-13
8,4,4,0,Hoke,2022-04-14
3,2,1,0,Hoke,2022-04-15
2,0,2,0,Hoke,2022-04-17
9,1,8,0,Hoke,2022-04-18
2,1,1,0,Hoke,2022-04-19
3,0,3,0,Hoke,2022-04-20
4,1,3,0,Hoke,2022-04-21
2,0,2,0,Hoke,2022-04-22
4,2,2,0,Hoke,2022-04-23
4,1,3,0,Hoke,2022-04-24
9,2,7,0,Hoke,2022-04-25
10,2,8,0,Hoke,2022-04-26
12,3,9,0,Hoke,2022-04-27
9,1,8,0,Hoke,2022-04-28
7,1,6,0,Hoke,2022-04-29
6,0,6,0,Hoke,2022-04-30
5,3,2,0,Hoke,2022-05-01
22,8,14,0,Hoke,2022-05-02
13,8,5,0,Hoke,2022-05-03
20,4,16,0,Hoke,2022-05-04
11,4,7,0,Hoke,2022-05-05
11,2,9,0,Hoke,2022-05-06
8,1,7,0,Hoke,2022-05-07
2,0,2,0,Hyde,2021-11-09
0,0,0,0,Hyde,2021-11-10
0,0,0,0,Hyde,2021-11-11
3,0,3,0,Hyde,2021-11-12
1,0,1,0,Hyde,2021-11-13
1,0,1,0,Hyde,2021-11-14
6,1,5,0,Hyde,2021-11-15
2,0,2,0,Hyde,2021-11-16
1,0,1,0,Hyde,2021-11-17
0,0,0,0,Hyde,2021-11-19
0,0,0,0,Hyde,2021-11-20
0,0,0,0,Hyde,2021-11-21
1,0,1,0,Hyde,2021-11-22
1,0,1,0,Hyde,2021-11-23
1,0,1,0,Hyde,2021-11-24
0,0,0,0,Hyde,2021-11-25
1,0,1,0,Hyde,2021-11-26
1,0,1,0,Hyde,2021-11-27
1,0,1,0,Hyde,2021-11-28
1,0,1,0,Hyde,2021-11-29
2,0,2,0,Hyde,2021-11-30
0,0,0,0,Hyde,2021-12-01
1,0,1,0,Hyde,2021-12-02
0,0,0,0,Hyde,2021-12-03
1,0,1,0,Hyde,2021-12-04
1,0,1,0,Hyde,2021-12-05
0,0,0,0,Hyde,2021-12-06
1,0,1,0,Hyde,2021-12-07
1,0,1,0,Hyde,2021-12-08
0,0,0,0,Hyde,2021-12-09
2,1,1,0,Hyde,2021-12-10
0,0,0,0,Hyde,2021-12-11
0,0,0,0,Hyde,2021-12-12
5,0,5,0,Hyde,2021-12-13
0,0,0,0,Hyde,2021-12-14
1,1,0,0,Hyde,2021-12-15
1,0,1,0,Hyde,2021-12-16
2,0,2,0,Hyde,2021-12-17
2,0,2,0,Hyde,2021-12-18
0,0,0,0,Hyde,2021-12-19
3,0,3,0,Hyde,2021-12-20
0,0,0,0,Hyde,2021-12-21
2,1,1,0,Hyde,2021-12-22
1,0,1,0,Hyde,2021-12-23
1,0,1,0,Hyde,2021-12-24
0,0,0,0,Hyde,2021-12-25
1,0,1,0,Hyde,2021-12-26
6,0,6,0,Hyde,2021-12-27
4,0,4,0,Hyde,2021-12-28
4,0,4,0,Hyde,2021-12-29
1,0,1,0,Hyde,2021-12-31
1,0,1,0,Hyde,2022-01-01
4,0,4,0,Hyde,2022-01-02
21,0,21,0,Hyde,2022-01-03
8,0,8,0,Hyde,2022-01-05
7,1,6,0,Hyde,2022-01-06
13,1,12,0,Hyde,2022-01-07
2,0,2,0,Hyde,2022-01-08
3,0,3,0,Hyde,2022-01-09
13,1,12,0,Hyde,2022-01-10
11,0,11,0,Hyde,2022-01-11
23,1,22,0,Hyde,2022-01-12
12,0,12,0,Hyde,2022-01-13
50,14,36,0,Hyde,2022-01-14
4,0,4,0,Hyde,2022-01-15
7,0,7,0,Hyde,2022-01-16
7,1,6,0,Hyde,2022-01-17
24,1,23,0,Hyde,2022-01-18
18,2,16,0,Hyde,2022-01-19
13,2,11,0,Hyde,2022-01-20
6,1,5,0,Hyde,2022-01-21
1,0,1,0,Hyde,2022-01-22
3,0,3,0,Hyde,2022-01-23
19,3,16,0,Hyde,2022-01-24
11,0,11,0,Hyde,2022-01-25
7,0,7,0,Hyde,2022-01-26
11,3,8,0,Hyde,2022-01-27
6,1,5,0,Hyde,2022-01-28
2,0,2,0,Hyde,2022-01-29
3,0,3,0,Hyde,2022-01-30
18,0,18,0,Hyde,2022-01-31
10,1,9,0,Hyde,2022-02-01
4,0,4,0,Hyde,2022-02-02
5,1,4,0,Hyde,2022-02-03
5,0,5,0,Hyde,2022-02-04
1,1,0,0,Hyde,2022-02-05
0,0,0,0,Hyde,2022-02-06
7,0,7,0,Hyde,2022-02-07
2,0,2,0,Hyde,2022-02-08
1,0,1,0,Hyde,2022-02-09
3,0,3,0,Hyde,2022-02-10
5,0,5,0,Hyde,2022-02-11
3,0,3,0,Hyde,2022-02-12
0,0,0,0,Hyde,2022-02-13
2,0,2,0,Hyde,2022-02-14
2,0,2,0,Hyde,2022-02-15
0,0,0,0,Hyde,2022-02-16
3,0,3,0,Hyde,2022-02-17
1,0,1,0,Hyde,2022-02-18
0,0,0,0,Hyde,2022-02-19
0,0,0,0,Hyde,2022-02-20
4,1,3,0,Hyde,2022-02-21
3,0,3,0,Hyde,2022-02-22
1,1,0,0,Hyde,2022-02-23
0,0,0,0,Hyde,2022-02-24
1,0,1,0,Hyde,2022-02-25
1,0,1,0,Hyde,2022-02-26
0,0,0,0,Hyde,2022-02-27
0,0,0,0,Hyde,2022-02-28
1,0,1,0,Hyde,2022-03-01
0,0,0,0,Hyde,2022-03-02
1,0,1,0,Hyde,2022-03-03
1,0,1,0,Hyde,2022-03-04
0,0,0,0,Hyde,2022-03-05
0,0,0,0,Hyde,2022-03-06
1,0,1,0,Hyde,2022-03-07
0,0,0,0,Hyde,2022-03-08
0,0,0,0,Hyde,2022-03-09
1,0,1,0,Hyde,2022-03-10
0,0,0,0,Hyde,2022-03-11
0,0,0,0,Hyde,2022-03-12
1,0,1,0,Hyde,2022-03-13
0,0,0,0,Hyde,2022-03-14
0,0,0,0,Hyde,2022-03-15
0,0,0,0,Hyde,2022-03-16
0,0,0,0,Hyde,2022-03-17
0,0,0,0,Hyde,2022-03-18
0,0,0,0,Hyde,2022-03-19
0,0,0,0,Hyde,2022-03-20
0,0,0,0,Hyde,2022-03-21
1,0,1,0,Hyde,2022-03-22
0,0,0,0,Hyde,2022-03-23
0,0,0,0,Hyde,2022-03-24
0,0,0,0,Hyde,2022-03-25
0,0,0,0,Hyde,2022-03-26
0,0,0,0,Hyde,2022-03-27
0,0,0,0,Hyde,2022-03-28
0,0,0,0,Hyde,2022-03-29
0,0,0,0,Hyde,2022-03-30
0,0,0,0,Hyde,2022-03-31
0,0,0,0,Hyde,2022-04-01
0,0,0,0,Hyde,2022-04-02
0,0,0,0,Hyde,2022-04-03
0,0,0,0,Hyde,2022-04-04
0,0,0,0,Hyde,2022-04-05
0,0,0,0,Hyde,2022-04-06
0,0,0,0,Hyde,2022-04-07
0,0,0,0,Hyde,2022-04-08
0,0,0,0,Hyde,2022-04-09
0,0,0,0,Hyde,2022-04-10
1,0,1,0,Hyde,2022-04-11
1,0,1,0,Hyde,2022-04-12
1,0,1,0,Hyde,2022-04-13
0,0,0,0,Hyde,2022-04-14
0,0,0,0,Hyde,2022-04-15
0,0,0,0,Hyde,2022-04-16
0,0,0,0,Hyde,2022-04-17
1,1,0,0,Hyde,2022-04-18
0,0,0,0,Hyde,2022-04-19
1,0,1,0,Hyde,2022-04-20
0,0,0,0,Hyde,2022-04-21
2,0,2,0,Hyde,2022-04-22
0,0,0,0,Hyde,2022-04-23
0,0,0,0,Hyde,2022-04-24
0,0,0,0,Hyde,2022-04-25
1,0,1,0,Hyde,2022-04-26
0,0,0,0,Hyde,2022-04-27
0,0,0,0,Hyde,2022-04-28
4,0,4,0,Hyde,2022-04-29
0,0,0,0,Hyde,2022-04-30
0,0,0,0,Hyde,2022-05-01
8,0,8,0,Hyde,2022-05-02
6,0,6,0,Hyde,2022-05-03
3,1,2,0,Hyde,2022-05-04
0,0,0,0,Hyde,2022-05-05
2,0,2,0,Hyde,2022-05-06
0,0,0,0,Hyde,2022-05-07
72,16,56,0,Iredell,2021-11-09
56,25,31,0,Iredell,2021-11-10
47,17,30,0,Iredell,2021-11-11
61,13,48,0,Iredell,2021-11-12
31,9,22,0,Iredell,2021-11-13
46,13,33,0,Iredell,2021-11-14
70,28,42,0,Iredell,2021-11-16
61,20,41,0,Iredell,2021-11-17
52,19,33,0,Iredell,2021-11-19
44,12,32,0,Iredell,2021-11-20
38,11,27,0,Iredell,2021-11-21
67,29,38,0,Iredell,2021-11-22
57,21,36,0,Iredell,2021-11-23
61,24,37,0,Iredell,2021-11-24
40,6,34,0,Iredell,2021-11-26
43,11,32,0,Iredell,2021-11-28
88,27,61,0,Iredell,2021-11-30
71,11,60,0,Iredell,2021-12-03
53,15,38,0,Iredell,2021-12-04
108,40,68,0,Iredell,2021-12-06
103,42,61,0,Iredell,2021-12-09
46,9,37,0,Iredell,2021-12-11
104,37,67,0,Iredell,2021-12-15
105,42,63,0,Iredell,2021-12-16
165,66,99,0,Iredell,2021-12-23
44,14,30,0,Iredell,2021-12-25
216,92,124,0,Iredell,2021-12-31
526,182,344,0,Iredell,2022-01-05
675,213,462,0,Iredell,2022-01-11
44,23,21,0,Iredell,2022-01-16
507,154,353,0,Iredell,2022-01-24
70,24,46,0,Iredell,2022-02-06
161,45,116,0,Iredell,2022-02-07
84,34,50,0,Iredell,2022-02-11
15,6,9,0,Iredell,2022-02-25
12,10,2,0,Iredell,2022-02-26
14,8,6,0,Iredell,2022-02-27
21,8,13,0,Iredell,2022-03-01
21,9,12,0,Iredell,2022-03-02
6,4,2,0,Iredell,2022-03-04
8,1,7,0,Iredell,2022-03-06
11,2,9,0,Iredell,2022-03-07
11,5,6,0,Iredell,2022-03-09
3,0,3,0,Iredell,2022-03-10
6,4,2,0,Iredell,2022-03-11
3,0,3,0,Iredell,2022-03-13
20,13,7,0,Iredell,2022-03-14
7,2,5,0,Iredell,2022-03-15
7,2,5,0,Iredell,2022-03-16
6,3,3,0,Iredell,2022-03-17
5,1,4,0,Iredell,2022-03-18
10,7,3,0,Iredell,2022-03-19
5,1,4,0,Iredell,2022-03-20
13,8,5,0,Iredell,2022-03-21
8,3,5,0,Iredell,2022-03-22
6,2,4,0,Iredell,2022-03-23
10,4,6,0,Iredell,2022-03-24
2,1,1,0,Iredell,2022-03-25
6,3,3,0,Iredell,2022-03-26
6,5,1,0,Iredell,2022-03-27
8,5,3,0,Iredell,2022-03-28
6,3,3,0,Iredell,2022-03-29
6,4,2,0,Iredell,2022-03-30
8,5,3,0,Iredell,2022-03-31
5,3,2,0,Iredell,2022-04-01
1,1,0,0,Iredell,2022-04-02
2,0,2,0,Iredell,2022-04-03
10,4,6,0,Iredell,2022-04-04
12,7,5,0,Iredell,2022-04-05
7,4,3,0,Iredell,2022-04-06
9,5,4,0,Iredell,2022-04-07
10,5,5,0,Iredell,2022-04-08
10,4,6,0,Iredell,2022-04-09
13,6,7,0,Iredell,2022-04-10
23,7,16,0,Iredell,2022-04-11
18,8,10,0,Iredell,2022-04-12
28,12,16,0,Iredell,2022-04-13
23,11,12,0,Iredell,2022-04-14
11,1,10,0,Iredell,2022-04-15
11,5,6,0,Iredell,2022-04-16
14,8,6,0,Iredell,2022-04-17
28,16,12,0,Iredell,2022-04-18
26,14,12,0,Iredell,2022-04-19
24,5,19,0,Iredell,2022-04-20
29,10,19,0,Iredell,2022-04-21
25,2,23,0,Iredell,2022-04-22
9,2,7,0,Iredell,2022-04-23
22,6,16,0,Iredell,2022-04-24
32,18,14,0,Iredell,2022-04-25
23,8,15,0,Iredell,2022-04-26
34,12,22,0,Iredell,2022-04-27
26,17,9,0,Iredell,2022-04-28
35,8,27,0,Iredell,2022-04-29
11,5,6,0,Iredell,2022-04-30
13,6,7,0,Iredell,2022-05-01
39,16,23,0,Iredell,2022-05-02
45,21,24,0,Iredell,2022-05-03
42,20,22,0,Iredell,2022-05-04
25,12,13,0,Iredell,2022-05-05
32,8,24,0,Iredell,2022-05-06
21,8,13,0,Iredell,2022-05-07
3,1,2,0,Jackson,2021-11-09
6,0,6,0,Jackson,2021-11-10
10,3,7,0,Jackson,2021-11-12
3,0,3,0,Jackson,2021-11-13
2,0,2,0,Jackson,2021-11-14
10,2,8,0,Jackson,2021-11-15
5,0,5,0,Jackson,2021-11-16
14,1,13,0,Jackson,2021-11-17
3,0,3,0,Jackson,2021-11-18
8,2,6,0,Jackson,2021-11-19
3,0,3,0,Jackson,2021-11-20
7,0,7,0,Jackson,2021-11-21
7,2,5,0,Jackson,2021-11-22
8,0,8,0,Jackson,2021-11-23
6,0,6,0,Jackson,2021-11-24
1,0,1,0,Jackson,2021-11-25
3,1,2,0,Jackson,2021-11-26
4,0,4,0,Jackson,2021-11-27
5,2,3,0,Jackson,2021-11-28
25,2,23,0,Jackson,2021-11-29
10,1,9,0,Jackson,2021-11-30
11,3,8,0,Jackson,2021-12-01
16,3,13,0,Jackson,2021-12-02
17,3,14,0,Jackson,2021-12-03
8,1,7,0,Jackson,2021-12-04
10,1,9,0,Jackson,2021-12-05
19,3,16,0,Jackson,2021-12-06
9,0,9,0,Jackson,2021-12-08
7,1,6,0,Jackson,2021-12-09
9,1,8,0,Jackson,2021-12-10
8,1,7,0,Jackson,2021-12-12
8,4,4,0,Jackson,2021-12-13
16,2,14,0,Jackson,2021-12-14
11,5,6,0,Jackson,2021-12-15
9,1,8,0,Jackson,2021-12-18
8,4,4,0,Jackson,2021-12-19
16,3,13,0,Jackson,2021-12-20
21,4,17,0,Jackson,2021-12-22
17,2,15,0,Jackson,2021-12-23
8,1,7,0,Jackson,2021-12-24
4,1,3,0,Jackson,2021-12-25
27,5,22,0,Jackson,2021-12-26
55,5,50,0,Jackson,2021-12-28
63,11,52,0,Jackson,2021-12-29
66,6,60,0,Jackson,2021-12-30
53,7,46,0,Jackson,2022-01-02
102,8,94,0,Jackson,2022-01-03
39,3,36,0,Jackson,2022-01-08
52,5,47,0,Jackson,2022-01-09
134,38,96,0,Jackson,2022-01-10
103,13,90,0,Jackson,2022-01-11
105,17,88,0,Jackson,2022-01-12
122,16,106,0,Jackson,2022-01-13
21,3,18,0,Jackson,2022-01-15
6,0,6,0,Jackson,2022-01-16
37,4,33,0,Jackson,2022-01-17
101,26,75,0,Jackson,2022-01-18
135,52,83,0,Jackson,2022-01-19
121,30,91,0,Jackson,2022-01-20
39,4,35,0,Jackson,2022-01-22
26,4,22,0,Jackson,2022-01-23
116,46,70,0,Jackson,2022-01-24
110,38,72,0,Jackson,2022-01-25
43,15,28,0,Jackson,2022-01-28
6,1,5,0,Jackson,2022-01-29
31,7,24,0,Jackson,2022-01-30
67,15,52,0,Jackson,2022-01-31
53,11,42,0,Jackson,2022-02-01
43,17,26,0,Jackson,2022-02-02
44,14,30,0,Jackson,2022-02-03
12,2,10,0,Jackson,2022-02-05
10,2,8,0,Jackson,2022-02-06
41,11,30,0,Jackson,2022-02-07
25,6,19,0,Jackson,2022-02-08
28,3,25,0,Jackson,2022-02-09
29,3,26,0,Jackson,2022-02-10
7,1,6,0,Jackson,2022-02-12
3,0,3,0,Jackson,2022-02-13
28,11,17,0,Jackson,2022-02-16
18,7,11,0,Jackson,2022-02-17
14,7,7,0,Jackson,2022-02-18
7,4,3,0,Jackson,2022-02-19
8,4,4,0,Jackson,2022-02-20
11,5,6,0,Jackson,2022-02-21
17,6,11,0,Jackson,2022-02-23
9,3,6,0,Jackson,2022-02-24
7,0,7,0,Jackson,2022-02-26
11,5,6,0,Jackson,2022-02-28
12,3,9,0,Jackson,2022-03-01
0,0,0,0,Jackson,2022-03-05
0,0,0,0,Jackson,2022-03-06
1,0,1,0,Jackson,2022-03-07
2,0,2,0,Jackson,2022-03-08
3,0,3,0,Jackson,2022-03-09
3,0,3,0,Jackson,2022-03-10
0,0,0,0,Jackson,2022-03-11
1,0,1,0,Jackson,2022-03-12
0,0,0,0,Jackson,2022-03-13
2,2,0,0,Jackson,2022-03-14
3,1,2,0,Jackson,2022-03-15
0,0,0,0,Jackson,2022-03-16
2,0,2,0,Jackson,2022-03-17
2,1,1,0,Jackson,2022-03-18
0,0,0,0,Jackson,2022-03-19
1,1,0,0,Jackson,2022-03-20
1,0,1,0,Jackson,2022-03-21
2,2,0,0,Jackson,2022-03-22
2,1,1,0,Jackson,2022-03-23
2,1,1,0,Jackson,2022-03-24
3,1,2,0,Jackson,2022-03-25
0,0,0,0,Jackson,2022-03-26
1,1,0,0,Jackson,2022-03-28
2,1,1,0,Jackson,2022-03-29
1,1,0,0,Jackson,2022-03-30
0,0,0,0,Jackson,2022-03-31
0,0,0,0,Jackson,2022-04-01
0,0,0,0,Jackson,2022-04-02
2,0,2,0,Jackson,2022-04-03
1,0,1,0,Jackson,2022-04-04
2,0,2,0,Jackson,2022-04-05
1,0,1,0,Jackson,2022-04-06
5,3,2,0,Jackson,2022-04-07
2,1,1,0,Jackson,2022-04-08
4,1,3,0,Jackson,2022-04-09
1,0,1,0,Jackson,2022-04-10
1,1,0,0,Jackson,2022-04-11
1,0,1,0,Jackson,2022-04-12
3,0,3,0,Jackson,2022-04-13
2,0,2,0,Jackson,2022-04-14
0,0,0,0,Jackson,2022-04-15
3,1,2,0,Jackson,2022-04-16
0,0,0,0,Jackson,2022-04-17
6,2,4,0,Jackson,2022-04-18
2,0,2,0,Jackson,2022-04-19
6,1,5,0,Jackson,2022-04-20
4,1,3,0,Jackson,2022-04-21
4,2,2,0,Jackson,2022-04-22
0,0,0,0,Jackson,2022-04-23
3,1,2,0,Jackson,2022-04-24
8,1,7,0,Jackson,2022-04-25
7,1,6,0,Jackson,2022-04-26
3,1,2,0,Jackson,2022-04-27
4,3,1,0,Jackson,2022-04-28
5,1,4,0,Jackson,2022-04-29
2,1,1,0,Jackson,2022-04-30
2,0,2,0,Jackson,2022-05-01
7,3,4,0,Jackson,2022-05-02
10,5,5,0,Jackson,2022-05-03
3,1,2,0,Jackson,2022-05-05
7,4,3,0,Jackson,2022-05-06
1,1,0,0,Jackson,2022-05-07
56,12,44,0,Johnston,2021-11-10
54,10,44,0,Johnston,2021-11-12
45,9,36,0,Johnston,2021-11-13
27,5,22,0,Johnston,2021-11-14
55,12,43,0,Johnston,2021-11-16
56,8,48,0,Johnston,2021-11-17
25,7,18,0,Johnston,2021-11-20
20,5,15,0,Johnston,2021-11-21
38,17,21,0,Johnston,2021-11-23
6,1,5,0,Johnston,2021-11-25
37,16,21,0,Johnston,2021-11-26
36,13,23,0,Johnston,2021-11-27
84,17,67,0,Johnston,2021-11-29
86,18,68,0,Johnston,2021-11-30
65,25,40,0,Johnston,2021-12-01
78,16,62,0,Johnston,2021-12-02
82,18,64,0,Johnston,2021-12-03
26,10,16,0,Johnston,2021-12-05
77,23,54,0,Johnston,2021-12-06
84,27,57,0,Johnston,2021-12-09
85,22,63,0,Johnston,2021-12-10
65,19,46,0,Johnston,2021-12-11
51,11,40,0,Johnston,2021-12-12
133,41,92,0,Johnston,2021-12-13
121,31,90,0,Johnston,2021-12-14
107,23,84,0,Johnston,2021-12-16
112,17,95,0,Johnston,2021-12-17
93,21,72,0,Johnston,2021-12-18
56,13,43,0,Johnston,2021-12-19
141,21,120,0,Johnston,2021-12-21
179,24,155,0,Johnston,2021-12-23
83,16,67,0,Johnston,2021-12-24
122,24,98,0,Johnston,2021-12-26
400,49,351,0,Johnston,2021-12-27
532,86,446,0,Johnston,2021-12-28
295,35,260,0,Johnston,2021-12-31
171,18,153,0,Johnston,2022-01-01
875,83,792,0,Johnston,2022-01-05
765,99,666,0,Johnston,2022-01-06
695,96,599,0,Johnston,2022-01-07
1032,123,909,0,Johnston,2022-01-10
1010,171,839,0,Johnston,2022-01-12
764,115,649,0,Johnston,2022-01-13
758,116,642,0,Johnston,2022-01-20
73,25,48,0,Johnston,2022-02-06
51,7,44,0,Johnston,2022-02-17
59,9,50,0,Johnston,2022-02-18
13,4,9,0,Johnston,2022-02-20
78,32,46,0,Johnston,2022-02-21
40,15,25,0,Johnston,2022-02-24
31,7,24,0,Johnston,2022-02-25
18,4,14,0,Johnston,2022-03-02
5,1,4,0,Johnston,2022-03-05
11,2,9,0,Johnston,2022-03-06
9,2,7,0,Johnston,2022-03-08
12,4,8,0,Johnston,2022-03-09
6,0,6,0,Johnston,2022-03-12
14,1,13,0,Johnston,2022-03-14
6,2,4,0,Johnston,2022-03-16
10,2,8,0,Johnston,2022-03-17
9,1,8,0,Johnston,2022-03-18
10,2,8,0,Johnston,2022-03-19
3,1,2,0,Johnston,2022-03-20
14,3,11,0,Johnston,2022-03-21
9,3,6,0,Johnston,2022-03-22
8,2,6,0,Johnston,2022-03-23
7,1,6,0,Johnston,2022-03-25
6,2,4,0,Johnston,2022-03-26
19,4,15,0,Johnston,2022-03-28
7,2,5,0,Johnston,2022-03-29
6,1,5,0,Johnston,2022-03-30
11,2,9,0,Johnston,2022-03-31
5,1,4,0,Johnston,2022-04-01
5,0,5,0,Johnston,2022-04-02
1,0,1,0,Johnston,2022-04-03
11,1,10,0,Johnston,2022-04-04
10,3,7,0,Johnston,2022-04-05
15,6,9,0,Johnston,2022-04-06
8,1,7,0,Johnston,2022-04-07
5,3,2,0,Johnston,2022-04-08
10,3,7,0,Johnston,2022-04-09
10,2,8,0,Johnston,2022-04-10
14,4,10,0,Johnston,2022-04-11
11,3,8,0,Johnston,2022-04-12
12,3,9,0,Johnston,2022-04-13
17,3,14,0,Johnston,2022-04-14
14,8,6,0,Johnston,2022-04-15
8,2,6,0,Johnston,2022-04-16
9,2,7,0,Johnston,2022-04-17
26,8,18,0,Johnston,2022-04-18
21,7,14,0,Johnston,2022-04-19
24,6,18,0,Johnston,2022-04-20
23,6,17,0,Johnston,2022-04-21
19,0,19,0,Johnston,2022-04-22
18,6,12,0,Johnston,2022-04-23
16,3,13,0,Johnston,2022-04-24
39,10,29,0,Johnston,2022-04-25
40,5,35,0,Johnston,2022-04-26
34,4,30,0,Johnston,2022-04-27
37,9,28,0,Johnston,2022-04-28
29,7,22,0,Johnston,2022-04-29
36,7,29,0,Johnston,2022-04-30
15,5,10,0,Johnston,2022-05-01
62,16,46,0,Johnston,2022-05-02
61,13,48,0,Johnston,2022-05-03
57,10,47,0,Johnston,2022-05-04
43,6,37,0,Johnston,2022-05-05
38,9,29,0,Johnston,2022-05-06
26,10,16,0,Johnston,2022-05-07
1,1,0,0,Jones,2021-11-09
1,0,1,0,Jones,2021-11-10
0,0,0,0,Jones,2021-11-11
0,0,0,0,Jones,2021-11-12
0,0,0,0,Jones,2021-11-13
0,0,0,0,Jones,2021-11-14
3,0,3,0,Jones,2021-11-15
0,0,0,0,Jones,2021-11-17
0,0,0,0,Jones,2021-11-18
1,0,1,0,Jones,2021-11-19
0,0,0,0,Jones,2021-11-20
0,0,0,0,Jones,2021-11-21
0,0,0,0,Jones,2021-11-22
0,0,0,0,Jones,2021-11-23
0,0,0,0,Jones,2021-11-24
1,1,0,0,Jones,2021-11-25
0,0,0,0,Jones,2021-11-26
0,0,0,0,Jones,2021-11-27
1,0,1,0,Jones,2021-11-28
0,0,0,0,Jones,2021-11-30
1,0,1,0,Jones,2021-12-02
1,1,0,0,Jones,2021-12-03
0,0,0,0,Jones,2021-12-04
0,0,0,0,Jones,2021-12-05
2,0,2,0,Jones,2021-12-06
2,1,1,0,Jones,2021-12-07
0,0,0,0,Jones,2021-12-08
4,1,3,0,Jones,2021-12-09
0,0,0,0,Jones,2021-12-10
1,0,1,0,Jones,2021-12-11
1,0,1,0,Jones,2021-12-12
0,0,0,0,Jones,2021-12-14
2,1,1,0,Jones,2021-12-15
2,1,1,0,Jones,2021-12-16
4,1,3,0,Jones,2021-12-17
1,0,1,0,Jones,2021-12-18
1,0,1,0,Jones,2021-12-19
0,0,0,0,Jones,2021-12-20
5,2,3,0,Jones,2021-12-21
2,1,1,0,Jones,2021-12-22
3,1,2,0,Jones,2021-12-23
2,2,0,0,Jones,2021-12-24
1,0,1,0,Jones,2021-12-25
5,0,5,0,Jones,2021-12-26
9,1,8,0,Jones,2021-12-27
10,1,9,0,Jones,2021-12-28
15,4,11,0,Jones,2021-12-29
15,3,12,0,Jones,2021-12-30
6,2,4,0,Jones,2021-12-31
5,2,3,0,Jones,2022-01-01
25,9,16,0,Jones,2022-01-03
11,3,8,0,Jones,2022-01-04
23,12,11,0,Jones,2022-01-05
23,10,13,0,Jones,2022-01-06
24,10,14,0,Jones,2022-01-07
14,3,11,0,Jones,2022-01-08
6,5,1,0,Jones,2022-01-09
44,19,25,0,Jones,2022-01-10
37,16,21,0,Jones,2022-01-11
24,7,17,0,Jones,2022-01-12
30,11,19,0,Jones,2022-01-13
26,10,16,0,Jones,2022-01-14
7,2,5,0,Jones,2022-01-15
7,1,6,0,Jones,2022-01-16
30,16,14,0,Jones,2022-01-17
39,16,23,0,Jones,2022-01-19
25,12,13,0,Jones,2022-01-20
3,1,2,0,Jones,2022-01-21
1,0,1,0,Jones,2022-01-22
42,18,24,0,Jones,2022-01-24
50,31,19,0,Jones,2022-01-25
12,2,10,0,Jones,2022-01-28
3,1,2,0,Jones,2022-01-29
1,0,1,0,Jones,2022-01-30
21,11,10,0,Jones,2022-01-31
21,9,12,0,Jones,2022-02-01
2,1,1,0,Jones,2022-02-02
6,2,4,0,Jones,2022-02-04
5,2,3,0,Jones,2022-02-05
1,0,1,0,Jones,2022-02-06
10,3,7,0,Jones,2022-02-07
1,1,0,0,Jones,2022-02-08
3,1,2,0,Jones,2022-02-09
5,2,3,0,Jones,2022-02-10
4,0,4,0,Jones,2022-02-11
0,0,0,0,Jones,2022-02-12
0,0,0,0,Jones,2022-02-13
7,1,6,0,Jones,2022-02-14
2,1,1,0,Jones,2022-02-15
2,1,1,0,Jones,2022-02-16
3,1,2,0,Jones,2022-02-17
3,2,1,0,Jones,2022-02-18
2,2,0,0,Jones,2022-02-19
1,0,1,0,Jones,2022-02-20
7,4,3,0,Jones,2022-02-21
1,0,1,0,Jones,2022-02-23
1,0,1,0,Jones,2022-02-24
0,0,0,0,Jones,2022-02-25
0,0,0,0,Jones,2022-02-26
1,0,1,0,Jones,2022-02-27
1,1,0,0,Jones,2022-03-01
0,0,0,0,Jones,2022-03-02
0,0,0,0,Jones,2022-03-03
1,0,1,0,Jones,2022-03-04
0,0,0,0,Jones,2022-03-05
0,0,0,0,Jones,2022-03-06
0,0,0,0,Jones,2022-03-07
1,1,0,0,Jones,2022-03-08
0,0,0,0,Jones,2022-03-09
0,0,0,0,Jones,2022-03-10
1,0,1,0,Jones,2022-03-11
0,0,0,0,Jones,2022-03-12
0,0,0,0,Jones,2022-03-13
0,0,0,0,Jones,2022-03-14
0,0,0,0,Jones,2022-03-15
0,0,0,0,Jones,2022-03-16
1,0,1,0,Jones,2022-03-17
0,0,0,0,Jones,2022-03-18
0,0,0,0,Jones,2022-03-19
0,0,0,0,Jones,2022-03-20
0,0,0,0,Jones,2022-03-21
0,0,0,0,Jones,2022-03-22
0,0,0,0,Jones,2022-03-23
0,0,0,0,Jones,2022-03-24
0,0,0,0,Jones,2022-03-25
0,0,0,0,Jones,2022-03-26
0,0,0,0,Jones,2022-03-27
0,0,0,0,Jones,2022-03-28
0,0,0,0,Jones,2022-03-29
0,0,0,0,Jones,2022-03-30
0,0,0,0,Jones,2022-03-31
0,0,0,0,Jones,2022-04-01
0,0,0,0,Jones,2022-04-02
1,0,1,0,Jones,2022-04-03
0,0,0,0,Jones,2022-04-04
0,0,0,0,Jones,2022-04-05
0,0,0,0,Jones,2022-04-06
0,0,0,0,Jones,2022-04-07
0,0,0,0,Jones,2022-04-08
0,0,0,0,Jones,2022-04-09
0,0,0,0,Jones,2022-04-10
0,0,0,0,Jones,2022-04-11
1,0,1,0,Jones,2022-04-12
0,0,0,0,Jones,2022-04-13
1,0,1,0,Jones,2022-04-14
0,0,0,0,Jones,2022-04-15
0,0,0,0,Jones,2022-04-16
0,0,0,0,Jones,2022-04-17
0,0,0,0,Jones,2022-04-18
0,0,0,0,Jones,2022-04-19
2,0,2,0,Jones,2022-04-20
0,0,0,0,Jones,2022-04-21
0,0,0,0,Jones,2022-04-22
0,0,0,0,Jones,2022-04-23
2,0,2,0,Jones,2022-04-24
2,0,2,0,Jones,2022-04-25
0,0,0,0,Jones,2022-04-26
0,0,0,0,Jones,2022-04-27
1,1,0,0,Jones,2022-04-28
1,0,1,0,Jones,2022-04-29
0,0,0,0,Jones,2022-04-30
0,0,0,0,Jones,2022-05-01
2,1,1,0,Jones,2022-05-02
0,0,0,0,Jones,2022-05-03
2,0,2,0,Jones,2022-05-04
1,1,0,0,Jones,2022-05-05
2,1,1,0,Jones,2022-05-06
1,0,1,0,Jones,2022-05-07
7,0,7,0,Lee,2021-11-09
8,1,7,0,Lee,2021-11-10
8,0,8,0,Lee,2021-11-11
5,2,3,0,Lee,2021-11-12
2,0,2,0,Lee,2021-11-13
5,0,5,0,Lee,2021-11-14
9,2,7,0,Lee,2021-11-15
3,1,2,0,Lee,2021-11-16
9,2,7,0,Lee,2021-11-17
6,0,6,0,Lee,2021-11-18
8,0,8,0,Lee,2021-11-19
3,0,3,0,Lee,2021-11-20
2,1,1,0,Lee,2021-11-21
7,0,7,0,Lee,2021-11-22
4,1,3,0,Lee,2021-11-23
0,0,0,0,Lee,2021-11-25
2,0,2,0,Lee,2021-11-26
9,1,8,0,Lee,2021-11-28
22,3,19,0,Lee,2021-11-29
9,1,8,0,Lee,2021-12-03
10,1,9,0,Lee,2021-12-04
33,2,31,0,Lee,2021-12-06
12,3,9,0,Lee,2021-12-07
17,3,14,0,Lee,2021-12-08
27,1,26,0,Lee,2021-12-09
14,1,13,0,Lee,2021-12-10
11,1,10,0,Lee,2021-12-11
8,0,8,0,Lee,2021-12-12
20,1,19,0,Lee,2021-12-13
28,1,27,0,Lee,2021-12-16
23,5,18,0,Lee,2021-12-17
15,2,13,0,Lee,2021-12-18
10,1,9,0,Lee,2021-12-19
24,1,23,0,Lee,2021-12-20
26,2,24,0,Lee,2021-12-22
32,6,26,0,Lee,2021-12-23
47,4,43,0,Lee,2021-12-26
86,16,70,0,Lee,2021-12-27
131,22,109,0,Lee,2021-12-28
120,24,96,0,Lee,2021-12-29
149,19,130,0,Lee,2021-12-30
75,9,66,0,Lee,2021-12-31
43,4,39,0,Lee,2022-01-01
74,8,66,0,Lee,2022-01-02
178,20,158,0,Lee,2022-01-03
160,12,148,0,Lee,2022-01-07
67,16,51,0,Lee,2022-01-09
281,24,257,0,Lee,2022-01-11
285,49,236,0,Lee,2022-01-13
157,20,137,0,Lee,2022-01-15
25,6,19,0,Lee,2022-01-16
239,51,188,0,Lee,2022-01-18
302,39,263,0,Lee,2022-01-19
211,72,139,0,Lee,2022-01-20
80,13,67,0,Lee,2022-01-21
179,42,137,0,Lee,2022-01-24
126,36,90,0,Lee,2022-01-25
137,23,114,0,Lee,2022-01-26
78,11,67,0,Lee,2022-01-27
25,7,18,0,Lee,2022-01-29
29,4,25,0,Lee,2022-01-30
80,6,74,0,Lee,2022-01-31
71,8,63,0,Lee,2022-02-02
38,4,34,0,Lee,2022-02-03
41,3,38,0,Lee,2022-02-04
26,3,23,0,Lee,2022-02-06
36,10,26,0,Lee,2022-02-07
21,2,19,0,Lee,2022-02-10
22,2,20,0,Lee,2022-02-11
7,1,6,0,Lee,2022-02-12
18,5,13,0,Lee,2022-02-15
9,2,7,0,Lee,2022-02-18
6,2,4,0,Lee,2022-02-19
8,2,6,0,Lee,2022-02-20
13,1,12,0,Lee,2022-02-21
7,0,7,0,Lee,2022-02-23
8,0,8,0,Lee,2022-02-24
4,0,4,0,Lee,2022-02-25
0,0,0,0,Lee,2022-02-27
4,1,3,0,Lee,2022-02-28
5,2,3,0,Lee,2022-03-01
10,1,9,0,Lee,2022-03-02
4,1,3,0,Lee,2022-03-03
6,1,5,0,Lee,2022-03-04
1,0,1,0,Lee,2022-03-05
5,4,1,0,Lee,2022-03-07
3,0,3,0,Lee,2022-03-09
1,1,0,0,Lee,2022-03-11
1,1,0,0,Lee,2022-03-13
9,2,7,0,Lee,2022-03-14
1,1,0,0,Lee,2022-03-15
5,3,2,0,Lee,2022-03-16
1,0,1,0,Lee,2022-03-17
4,0,4,0,Lee,2022-03-18
0,0,0,0,Lee,2022-03-19
0,0,0,0,Lee,2022-03-20
4,1,3,0,Lee,2022-03-21
0,0,0,0,Lee,2022-03-22
2,0,2,0,Lee,2022-03-24
4,0,4,0,Lee,2022-03-25
0,0,0,0,Lee,2022-03-26
0,0,0,0,Lee,2022-03-27
2,1,1,0,Lee,2022-03-28
1,0,1,0,Lee,2022-03-29
5,0,5,0,Lee,2022-03-30
4,1,3,0,Lee,2022-03-31
1,1,0,0,Lee,2022-04-02
2,0,2,0,Lee,2022-04-03
4,0,4,0,Lee,2022-04-04
1,0,1,0,Lee,2022-04-05
1,0,1,0,Lee,2022-04-06
3,1,2,0,Lee,2022-04-07
2,0,2,0,Lee,2022-04-08
0,0,0,0,Lee,2022-04-09
1,0,1,0,Lee,2022-04-10
1,0,1,0,Lee,2022-04-11
3,1,2,0,Lee,2022-04-12
5,1,4,0,Lee,2022-04-13
5,0,5,0,Lee,2022-04-14
4,2,2,0,Lee,2022-04-15
0,0,0,0,Lee,2022-04-16
2,0,2,0,Lee,2022-04-17
4,2,2,0,Lee,2022-04-18
4,0,4,0,Lee,2022-04-19
12,0,12,0,Lee,2022-04-20
6,1,5,0,Lee,2022-04-21
9,2,7,0,Lee,2022-04-22
8,0,8,0,Lee,2022-04-23
2,1,1,0,Lee,2022-04-24
5,4,1,0,Lee,2022-04-25
5,0,5,0,Lee,2022-04-26
12,1,11,0,Lee,2022-04-27
7,0,7,0,Lee,2022-04-28
6,0,6,0,Lee,2022-04-29
6,1,5,0,Lee,2022-04-30
3,1,2,0,Lee,2022-05-01
9,3,6,0,Lee,2022-05-02
13,3,10,0,Lee,2022-05-03
15,4,11,0,Lee,2022-05-04
6,1,5,0,Lee,2022-05-05
7,2,5,0,Lee,2022-05-06
5,0,5,0,Lee,2022-05-07
8,3,5,0,Lenoir,2021-11-09
7,2,5,0,Lenoir,2021-11-10
8,2,6,0,Lenoir,2021-11-11
4,1,3,0,Lenoir,2021-11-12
2,2,0,0,Lenoir,2021-11-13
16,2,14,0,Lenoir,2021-11-15
2,0,2,0,Lenoir,2021-11-16
9,4,5,0,Lenoir,2021-11-17
10,2,8,0,Lenoir,2021-11-19
2,1,1,0,Lenoir,2021-11-20
10,4,6,0,Lenoir,2021-11-22
8,5,3,0,Lenoir,2021-11-23
5,1,4,0,Lenoir,2021-11-24
1,1,0,0,Lenoir,2021-11-25
7,4,3,0,Lenoir,2021-11-26
5,2,3,0,Lenoir,2021-11-28
25,6,19,0,Lenoir,2021-11-29
17,6,11,0,Lenoir,2021-11-30
15,4,11,0,Lenoir,2021-12-01
15,6,9,0,Lenoir,2021-12-02
15,5,10,0,Lenoir,2021-12-03
22,10,12,0,Lenoir,2021-12-07
20,3,17,0,Lenoir,2021-12-08
9,1,8,0,Lenoir,2021-12-09
12,5,7,0,Lenoir,2021-12-10
5,1,4,0,Lenoir,2021-12-11
7,2,5,0,Lenoir,2021-12-12
32,11,21,0,Lenoir,2021-12-13
16,1,15,0,Lenoir,2021-12-14
13,1,12,0,Lenoir,2021-12-15
13,2,11,0,Lenoir,2021-12-16
15,5,10,0,Lenoir,2021-12-17
9,0,9,0,Lenoir,2021-12-18
14,5,9,0,Lenoir,2021-12-19
24,3,21,0,Lenoir,2021-12-20
35,4,31,0,Lenoir,2021-12-21
11,1,10,0,Lenoir,2021-12-24
12,2,10,0,Lenoir,2021-12-25
20,2,18,0,Lenoir,2021-12-26
74,11,63,0,Lenoir,2021-12-27
111,15,96,0,Lenoir,2021-12-29
131,18,113,0,Lenoir,2021-12-30
52,14,38,0,Lenoir,2022-01-02
195,47,148,0,Lenoir,2022-01-04
164,53,111,0,Lenoir,2022-01-05
141,24,117,0,Lenoir,2022-01-06
163,34,129,0,Lenoir,2022-01-07
45,17,28,0,Lenoir,2022-01-08
317,80,237,0,Lenoir,2022-01-10
256,38,218,0,Lenoir,2022-01-11
263,47,216,0,Lenoir,2022-01-12
229,52,177,0,Lenoir,2022-01-14
73,22,51,0,Lenoir,2022-01-15
44,17,27,0,Lenoir,2022-01-16
157,59,98,0,Lenoir,2022-01-17
341,76,265,0,Lenoir,2022-01-19
254,58,196,0,Lenoir,2022-01-20
38,8,30,0,Lenoir,2022-01-21
12,5,7,0,Lenoir,2022-01-22
44,15,29,0,Lenoir,2022-01-23
53,10,43,0,Lenoir,2022-02-02
50,14,36,0,Lenoir,2022-02-03
31,10,21,0,Lenoir,2022-02-04
27,9,18,0,Lenoir,2022-02-10
22,4,18,0,Lenoir,2022-02-11
6,4,2,0,Lenoir,2022-02-12
3,0,3,0,Lenoir,2022-02-13
14,2,12,0,Lenoir,2022-02-16
11,0,11,0,Lenoir,2022-02-18
4,0,4,0,Lenoir,2022-02-19
4,0,4,0,Lenoir,2022-02-20
13,1,12,0,Lenoir,2022-02-21
7,1,6,0,Lenoir,2022-02-22
11,0,11,0,Lenoir,2022-02-24
1,0,1,0,Lenoir,2022-02-26
4,1,3,0,Lenoir,2022-02-27
7,1,6,0,Lenoir,2022-03-02
3,0,3,0,Lenoir,2022-03-03
1,0,1,0,Lenoir,2022-03-04
8,1,7,0,Lenoir,2022-03-07
2,0,2,0,Lenoir,2022-03-08
4,3,1,0,Lenoir,2022-03-09
0,0,0,0,Lenoir,2022-03-12
1,0,1,0,Lenoir,2022-03-13
2,0,2,0,Lenoir,2022-03-14
0,0,0,0,Lenoir,2022-03-15
0,0,0,0,Lenoir,2022-03-16
1,0,1,0,Lenoir,2022-03-18
0,0,0,0,Lenoir,2022-03-19
0,0,0,0,Lenoir,2022-03-20
1,0,1,0,Lenoir,2022-03-21
2,1,1,0,Lenoir,2022-03-22
2,0,2,0,Lenoir,2022-03-23
1,0,1,0,Lenoir,2022-03-24
0,0,0,0,Lenoir,2022-03-25
2,1,1,0,Lenoir,2022-03-28
2,2,0,0,Lenoir,2022-03-29
1,0,1,0,Lenoir,2022-03-30
2,0,2,0,Lenoir,2022-03-31
0,0,0,0,Lenoir,2022-04-01
0,0,0,0,Lenoir,2022-04-02
1,0,1,0,Lenoir,2022-04-03
1,1,0,0,Lenoir,2022-04-04
3,1,2,0,Lenoir,2022-04-05
1,0,1,0,Lenoir,2022-04-06
0,0,0,0,Lenoir,2022-04-07
1,0,1,0,Lenoir,2022-04-08
1,0,1,0,Lenoir,2022-04-09
1,0,1,0,Lenoir,2022-04-10
2,0,2,0,Lenoir,2022-04-11
3,0,3,0,Lenoir,2022-04-12
2,1,1,0,Lenoir,2022-04-13
2,1,1,0,Lenoir,2022-04-14
1,1,0,0,Lenoir,2022-04-15
0,0,0,0,Lenoir,2022-04-16
1,1,0,0,Lenoir,2022-04-17
2,1,1,0,Lenoir,2022-04-19
3,2,1,0,Lenoir,2022-04-20
2,1,1,0,Lenoir,2022-04-21
3,1,2,0,Lenoir,2022-04-22
1,1,0,0,Lenoir,2022-04-23
3,3,0,0,Lenoir,2022-04-24
4,1,3,0,Lenoir,2022-04-25
2,1,1,0,Lenoir,2022-04-26
1,0,1,0,Lenoir,2022-04-27
4,1,3,0,Lenoir,2022-04-28
3,2,1,0,Lenoir,2022-04-29
3,3,0,0,Lenoir,2022-04-30
0,0,0,0,Lenoir,2022-05-01
6,1,5,0,Lenoir,2022-05-02
8,1,7,0,Lenoir,2022-05-03
8,3,5,0,Lenoir,2022-05-04
7,0,7,0,Lenoir,2022-05-05
0,0,0,0,Lenoir,2022-05-06
1,0,1,0,Lenoir,2022-05-07
39,12,27,0,Lincoln,2021-11-09
28,7,21,0,Lincoln,2021-11-11
17,3,14,0,Lincoln,2021-11-12
17,1,16,0,Lincoln,2021-11-13
13,2,11,0,Lincoln,2021-11-14
32,11,21,0,Lincoln,2021-11-15
39,7,32,0,Lincoln,2021-11-16
30,10,20,0,Lincoln,2021-11-17
24,5,19,0,Lincoln,2021-11-19
11,4,7,0,Lincoln,2021-11-20
21,6,15,0,Lincoln,2021-11-21
37,11,26,0,Lincoln,2021-11-22
46,11,35,0,Lincoln,2021-11-23
26,3,23,0,Lincoln,2021-11-24
34,12,22,0,Lincoln,2021-11-26
57,19,38,0,Lincoln,2021-11-29
46,11,35,0,Lincoln,2021-11-30
38,9,29,0,Lincoln,2021-12-01
31,7,24,0,Lincoln,2021-12-03
52,21,31,0,Lincoln,2021-12-07
55,20,35,0,Lincoln,2021-12-08
40,8,32,0,Lincoln,2021-12-10
21,6,15,0,Lincoln,2021-12-11
20,3,17,0,Lincoln,2021-12-12
47,11,36,0,Lincoln,2021-12-14
29,9,20,0,Lincoln,2021-12-15
56,20,36,0,Lincoln,2021-12-16
49,6,43,0,Lincoln,2021-12-17
23,1,22,0,Lincoln,2021-12-18
18,4,14,0,Lincoln,2021-12-19
58,18,40,0,Lincoln,2021-12-20
64,17,47,0,Lincoln,2021-12-21
64,9,55,0,Lincoln,2021-12-22
7,2,5,0,Lincoln,2021-12-25
45,5,40,0,Lincoln,2021-12-26
203,46,157,0,Lincoln,2021-12-28
174,48,126,0,Lincoln,2021-12-29
203,58,145,0,Lincoln,2021-12-30
76,29,47,0,Lincoln,2021-12-31
32,9,23,0,Lincoln,2022-01-01
252,44,208,0,Lincoln,2022-01-05
232,45,187,0,Lincoln,2022-01-06
169,56,113,0,Lincoln,2022-01-07
66,17,49,0,Lincoln,2022-01-09
312,90,222,0,Lincoln,2022-01-14
140,30,110,0,Lincoln,2022-01-15
16,5,11,0,Lincoln,2022-01-16
89,28,61,0,Lincoln,2022-01-17
93,22,71,0,Lincoln,2022-01-22
204,76,128,0,Lincoln,2022-01-24
227,77,150,0,Lincoln,2022-01-25
180,63,117,0,Lincoln,2022-01-26
108,41,67,0,Lincoln,2022-01-28
96,26,70,0,Lincoln,2022-02-02
85,27,58,0,Lincoln,2022-02-03
42,7,35,0,Lincoln,2022-02-05
59,20,39,0,Lincoln,2022-02-08
67,19,48,0,Lincoln,2022-02-09
48,15,33,0,Lincoln,2022-02-14
43,13,30,0,Lincoln,2022-02-15
28,10,18,0,Lincoln,2022-02-17
14,3,11,0,Lincoln,2022-02-19
23,4,19,0,Lincoln,2022-02-21
5,2,3,0,Lincoln,2022-02-23
14,9,5,0,Lincoln,2022-02-24
3,2,1,0,Lincoln,2022-02-26
11,1,10,0,Lincoln,2022-02-28
9,2,7,0,Lincoln,2022-03-01
3,2,1,0,Lincoln,2022-03-03
5,2,3,0,Lincoln,2022-03-04
4,1,3,0,Lincoln,2022-03-05
1,1,0,0,Lincoln,2022-03-06
8,3,5,0,Lincoln,2022-03-07
4,0,4,0,Lincoln,2022-03-08
3,0,3,0,Lincoln,2022-03-09
0,0,0,0,Lincoln,2022-03-10
4,1,3,0,Lincoln,2022-03-11
4,0,4,0,Lincoln,2022-03-12
1,0,1,0,Lincoln,2022-03-13
7,2,5,0,Lincoln,2022-03-14
9,0,9,0,Lincoln,2022-03-15
2,1,1,0,Lincoln,2022-03-19
1,1,0,0,Lincoln,2022-03-20
1,0,1,0,Lincoln,2022-03-21
0,0,0,0,Lincoln,2022-03-22
4,1,3,0,Lincoln,2022-03-23
2,0,2,0,Lincoln,2022-03-24
0,0,0,0,Lincoln,2022-03-25
0,0,0,0,Lincoln,2022-03-26
1,0,1,0,Lincoln,2022-03-27
1,0,1,0,Lincoln,2022-03-28
3,0,3,0,Lincoln,2022-03-29
2,0,2,0,Lincoln,2022-03-30
2,0,2,0,Lincoln,2022-03-31
0,0,0,0,Lincoln,2022-04-01
4,0,4,0,Lincoln,2022-04-02
1,0,1,0,Lincoln,2022-04-03
0,0,0,0,Lincoln,2022-04-04
1,0,1,0,Lincoln,2022-04-05
2,0,2,0,Lincoln,2022-04-06
2,1,1,0,Lincoln,2022-04-07
4,0,4,0,Lincoln,2022-04-08
4,1,3,0,Lincoln,2022-04-09
3,2,1,0,Lincoln,2022-04-10
4,1,3,0,Lincoln,2022-04-11
5,1,4,0,Lincoln,2022-04-12
3,0,3,0,Lincoln,2022-04-13
9,1,8,0,Lincoln,2022-04-14
4,0,4,0,Lincoln,2022-04-15
3,1,2,0,Lincoln,2022-04-16
1,0,1,0,Lincoln,2022-04-17
7,0,7,0,Lincoln,2022-04-18
5,0,5,0,Lincoln,2022-04-19
6,2,4,0,Lincoln,2022-04-20
3,1,2,0,Lincoln,2022-04-21
4,0,4,0,Lincoln,2022-04-22
5,0,5,0,Lincoln,2022-04-23
6,2,4,0,Lincoln,2022-04-24
9,1,8,0,Lincoln,2022-04-25
20,2,18,0,Lincoln,2022-04-26
9,1,8,0,Lincoln,2022-04-27
6,0,6,0,Lincoln,2022-04-28
13,4,9,0,Lincoln,2022-04-29
5,1,4,0,Lincoln,2022-04-30
12,1,11,0,Lincoln,2022-05-01
15,4,11,0,Lincoln,2022-05-02
17,5,12,0,Lincoln,2022-05-03
15,3,12,0,Lincoln,2022-05-05
17,4,13,0,Lincoln,2022-05-06
9,3,6,0,Lincoln,2022-05-07
11,3,8,0,Macon,2021-11-09
7,4,3,0,Macon,2021-11-10
7,5,2,0,Macon,2021-11-11
2,0,2,0,Macon,2021-11-13
2,0,2,0,Macon,2021-11-14
14,4,10,0,Macon,2021-11-15
3,1,2,0,Macon,2021-11-16
3,0,3,0,Macon,2021-11-17
6,2,4,0,Macon,2021-11-19
1,0,1,0,Macon,2021-11-23
4,0,4,0,Macon,2021-11-24
0,0,0,0,Macon,2021-11-25
1,0,1,0,Macon,2021-11-26
1,0,1,0,Macon,2021-11-27
2,0,2,0,Macon,2021-11-28
9,5,4,0,Macon,2021-11-29
6,2,4,0,Macon,2021-12-01
9,3,6,0,Macon,2021-12-02
10,1,9,0,Macon,2021-12-03
7,1,6,0,Macon,2021-12-05
19,8,11,0,Macon,2021-12-06
11,4,7,0,Macon,2021-12-07
17,7,10,0,Macon,2021-12-08
10,4,6,0,Macon,2021-12-09
6,0,6,0,Macon,2021-12-10
2,0,2,0,Macon,2021-12-11
2,0,2,0,Macon,2021-12-12
11,4,7,0,Macon,2021-12-13
4,1,3,0,Macon,2021-12-15
8,2,6,0,Macon,2021-12-17
1,0,1,0,Macon,2021-12-19
6,2,4,0,Macon,2021-12-20
11,5,6,0,Macon,2021-12-21
13,3,10,0,Macon,2021-12-22
9,2,7,0,Macon,2021-12-26
24,6,18,0,Macon,2021-12-27
44,7,37,0,Macon,2021-12-28
48,12,36,0,Macon,2021-12-29
12,2,10,0,Macon,2021-12-31
23,3,20,0,Macon,2022-01-02
63,10,53,0,Macon,2022-01-05
16,1,15,0,Macon,2022-01-08
111,34,77,0,Macon,2022-01-10
88,13,75,0,Macon,2022-01-11
92,25,67,0,Macon,2022-01-12
91,29,62,0,Macon,2022-01-13
23,3,20,0,Macon,2022-01-15
28,6,22,0,Macon,2022-01-17
73,11,62,0,Macon,2022-01-21
28,4,24,0,Macon,2022-01-22
19,3,16,0,Macon,2022-01-23
94,10,84,0,Macon,2022-01-24
51,4,47,0,Macon,2022-01-25
54,7,47,0,Macon,2022-01-26
35,11,24,0,Macon,2022-01-28
7,0,7,0,Macon,2022-01-29
16,2,14,0,Macon,2022-01-30
32,6,26,0,Macon,2022-02-01
28,4,24,0,Macon,2022-02-02
25,7,18,0,Macon,2022-02-03
28,4,24,0,Macon,2022-02-04
10,1,9,0,Macon,2022-02-05
5,1,4,0,Macon,2022-02-06
34,7,27,0,Macon,2022-02-07
16,5,11,0,Macon,2022-02-11
6,0,6,0,Macon,2022-02-12
11,2,9,0,Macon,2022-02-14
11,0,11,0,Macon,2022-02-15
12,2,10,0,Macon,2022-02-16
6,1,5,0,Macon,2022-02-18
3,0,3,0,Macon,2022-02-19
2,1,1,0,Macon,2022-02-20
8,4,4,0,Macon,2022-02-21
2,1,1,0,Macon,2022-02-23
3,2,1,0,Macon,2022-02-25
2,1,1,0,Macon,2022-02-26
2,0,2,0,Macon,2022-02-28
2,0,2,0,Macon,2022-03-01
3,1,2,0,Macon,2022-03-03
2,0,2,0,Macon,2022-03-04
0,0,0,0,Macon,2022-03-05
0,0,0,0,Macon,2022-03-06
3,1,2,0,Macon,2022-03-08
1,0,1,0,Macon,2022-03-09
2,1,1,0,Macon,2022-03-10
0,0,0,0,Macon,2022-03-12
0,0,0,0,Macon,2022-03-13
2,0,2,0,Macon,2022-03-14
2,0,2,0,Macon,2022-03-15
1,0,1,0,Macon,2022-03-16
2,0,2,0,Macon,2022-03-17
2,0,2,0,Macon,2022-03-18
0,0,0,0,Macon,2022-03-20
0,0,0,0,Macon,2022-03-22
0,0,0,0,Macon,2022-03-23
0,0,0,0,Macon,2022-03-24
0,0,0,0,Macon,2022-03-25
0,0,0,0,Macon,2022-03-26
0,0,0,0,Macon,2022-03-27
0,0,0,0,Macon,2022-03-28
3,1,2,0,Macon,2022-03-29
0,0,0,0,Macon,2022-03-31
1,1,0,0,Macon,2022-04-01
1,0,1,0,Macon,2022-04-02
4,0,4,0,Macon,2022-04-03
1,1,0,0,Macon,2022-04-04
1,0,1,0,Macon,2022-04-05
2,1,1,0,Macon,2022-04-06
2,1,1,0,Macon,2022-04-07
3,0,3,0,Macon,2022-04-08
0,0,0,0,Macon,2022-04-09
1,0,1,0,Macon,2022-04-10
0,0,0,0,Macon,2022-04-11
1,0,1,0,Macon,2022-04-12
2,0,2,0,Macon,2022-04-13
1,0,1,0,Macon,2022-04-14
2,2,0,0,Macon,2022-04-16
0,0,0,0,Macon,2022-04-17
5,4,1,0,Macon,2022-04-18
2,1,1,0,Macon,2022-04-19
3,3,0,0,Macon,2022-04-20
1,0,1,0,Macon,2022-04-21
1,0,1,0,Macon,2022-04-22
1,0,1,0,Macon,2022-04-23
1,0,1,0,Macon,2022-04-24
3,0,3,0,Macon,2022-04-25
2,0,2,0,Macon,2022-04-26
2,1,1,0,Macon,2022-04-27
4,2,2,0,Macon,2022-04-28
1,0,1,0,Macon,2022-04-29
3,0,3,0,Macon,2022-04-30
2,0,2,0,Macon,2022-05-01
2,0,2,0,Macon,2022-05-02
3,2,1,0,Macon,2022-05-03
1,0,1,0,Macon,2022-05-04
1,0,1,0,Macon,2022-05-05
1,0,1,0,Macon,2022-05-06
2,0,2,0,Macon,2022-05-07
4,0,4,0,Madison,2021-11-11
7,0,7,0,Madison,2021-11-12
4,1,3,0,Madison,2021-11-13
10,0,10,0,Madison,2021-11-15
4,0,4,0,Madison,2021-11-17
9,3,6,0,Madison,2021-11-19
2,0,2,0,Madison,2021-11-20
2,1,1,0,Madison,2021-11-21
6,0,6,0,Madison,2021-11-22
6,0,6,0,Madison,2021-11-23
8,0,8,0,Madison,2021-11-24
0,0,0,0,Madison,2021-11-25
5,0,5,0,Madison,2021-11-26
6,2,4,0,Madison,2021-11-27
2,0,2,0,Madison,2021-11-28
12,2,10,0,Madison,2021-11-29
6,2,4,0,Madison,2021-11-30
6,1,5,0,Madison,2021-12-02
9,1,8,0,Madison,2021-12-03
7,0,7,0,Madison,2021-12-04
3,2,1,0,Madison,2021-12-05
3,0,3,0,Madison,2021-12-07
16,6,10,0,Madison,2021-12-08
12,8,4,0,Madison,2021-12-09
8,1,7,0,Madison,2021-12-10
5,0,5,0,Madison,2021-12-11
1,0,1,0,Madison,2021-12-12
22,5,17,0,Madison,2021-12-13
6,3,3,0,Madison,2021-12-14
16,3,13,0,Madison,2021-12-15
11,4,7,0,Madison,2021-12-16
6,1,5,0,Madison,2021-12-17
4,2,2,0,Madison,2021-12-18
0,0,0,0,Madison,2021-12-19
12,1,11,0,Madison,2021-12-20
16,0,16,0,Madison,2021-12-21
7,2,5,0,Madison,2021-12-22
0,0,0,0,Madison,2021-12-25
8,2,6,0,Madison,2021-12-26
35,2,33,0,Madison,2021-12-28
24,2,22,0,Madison,2021-12-29
22,0,22,0,Madison,2021-12-30
12,1,11,0,Madison,2022-01-02
35,3,32,0,Madison,2022-01-03
50,5,45,0,Madison,2022-01-04
82,7,75,0,Madison,2022-01-05
47,3,44,0,Madison,2022-01-06
30,2,28,0,Madison,2022-01-07
94,12,82,0,Madison,2022-01-10
62,9,53,0,Madison,2022-01-11
83,10,73,0,Madison,2022-01-12
57,3,54,0,Madison,2022-01-13
34,2,32,0,Madison,2022-01-15
4,1,3,0,Madison,2022-01-16
20,1,19,0,Madison,2022-01-17
84,6,78,0,Madison,2022-01-19
52,10,42,0,Madison,2022-01-20
43,5,38,0,Madison,2022-01-21
33,2,31,0,Madison,2022-01-22
10,5,5,0,Madison,2022-01-23
74,19,55,0,Madison,2022-01-24
38,7,31,0,Madison,2022-01-26
44,4,40,0,Madison,2022-01-28
5,2,3,0,Madison,2022-01-29
12,1,11,0,Madison,2022-01-30
36,11,25,0,Madison,2022-02-02
18,7,11,0,Madison,2022-02-04
7,1,6,0,Madison,2022-02-05
54,14,40,0,Madison,2022-02-07
29,5,24,0,Madison,2022-02-09
27,7,20,0,Madison,2022-02-10
9,2,7,0,Madison,2022-02-12
7,3,4,0,Madison,2022-02-13
31,6,25,0,Madison,2022-02-14
25,5,20,0,Madison,2022-02-16
19,3,16,0,Madison,2022-02-17
11,2,9,0,Madison,2022-02-18
2,1,1,0,Madison,2022-02-19
4,4,0,0,Madison,2022-02-20
19,6,13,0,Madison,2022-02-21
5,0,5,0,Madison,2022-02-23
6,2,4,0,Madison,2022-02-24
3,0,3,0,Madison,2022-02-27
6,4,2,0,Madison,2022-02-28
6,0,6,0,Madison,2022-03-01
5,2,3,0,Madison,2022-03-02
3,1,2,0,Madison,2022-03-03
4,1,3,0,Madison,2022-03-04
0,0,0,0,Madison,2022-03-05
1,1,0,0,Madison,2022-03-06
3,0,3,0,Madison,2022-03-07
4,2,2,0,Madison,2022-03-08
2,2,0,0,Madison,2022-03-09
2,0,2,0,Madison,2022-03-10
1,0,1,0,Madison,2022-03-11
0,0,0,0,Madison,2022-03-12
1,1,0,0,Madison,2022-03-13
4,0,4,0,Madison,2022-03-14
2,0,2,0,Madison,2022-03-15
2,1,1,0,Madison,2022-03-16
1,0,1,0,Madison,2022-03-17
1,0,1,0,Madison,2022-03-18
0,0,0,0,Madison,2022-03-19
0,0,0,0,Madison,2022-03-20
1,0,1,0,Madison,2022-03-21
1,0,1,0,Madison,2022-03-22
0,0,0,0,Madison,2022-03-23
1,0,1,0,Madison,2022-03-24
0,0,0,0,Madison,2022-03-25
0,0,0,0,Madison,2022-03-26
0,0,0,0,Madison,2022-03-27
3,0,3,0,Madison,2022-03-28
2,0,2,0,Madison,2022-03-29
0,0,0,0,Madison,2022-03-30
3,0,3,0,Madison,2022-03-31
0,0,0,0,Madison,2022-04-01
0,0,0,0,Madison,2022-04-02
0,0,0,0,Madison,2022-04-03
0,0,0,0,Madison,2022-04-04
3,1,2,0,Madison,2022-04-05
3,1,2,0,Madison,2022-04-06
2,2,0,0,Madison,2022-04-07
1,0,1,0,Madison,2022-04-08
0,0,0,0,Madison,2022-04-09
2,0,2,0,Madison,2022-04-10
4,2,2,0,Madison,2022-04-11
3,2,1,0,Madison,2022-04-12
3,0,3,0,Madison,2022-04-13
5,2,3,0,Madison,2022-04-14
0,0,0,0,Madison,2022-04-15
1,1,0,0,Madison,2022-04-16
1,0,1,0,Madison,2022-04-17
2,1,1,0,Madison,2022-04-19
6,1,5,0,Madison,2022-04-20
3,0,3,0,Madison,2022-04-21
4,1,3,0,Madison,2022-04-22
2,2,0,0,Madison,2022-04-23
2,1,1,0,Madison,2022-04-24
3,2,1,0,Madison,2022-04-25
8,0,8,0,Madison,2022-04-26
5,0,5,0,Madison,2022-04-27
7,4,3,0,Madison,2022-04-28
2,1,1,0,Madison,2022-04-29
1,0,1,0,Madison,2022-04-30
0,0,0,0,Madison,2022-05-01
3,2,1,0,Madison,2022-05-02
1,0,1,0,Madison,2022-05-03
4,3,1,0,Madison,2022-05-04
4,3,1,0,Madison,2022-05-05
5,4,1,0,Madison,2022-05-06
4,0,4,0,Martin,2021-11-09
8,0,8,0,Martin,2021-11-10
1,0,1,0,Martin,2021-11-11
1,0,1,0,Martin,2021-11-12
1,0,1,0,Martin,2021-11-13
1,0,1,0,Martin,2021-11-14
15,0,15,0,Martin,2021-11-15
4,0,4,0,Martin,2021-11-16
0,0,0,0,Martin,2021-11-17
1,0,1,0,Martin,2021-11-19
0,0,0,0,Martin,2021-11-20
2,0,2,0,Martin,2021-11-21
9,0,9,0,Martin,2021-11-22
3,0,3,0,Martin,2021-11-23
6,0,6,0,Martin,2021-11-24
2,0,2,0,Martin,2021-11-25
3,0,3,0,Martin,2021-11-26
5,0,5,0,Martin,2021-11-27
2,0,2,0,Martin,2021-11-28
15,2,13,0,Martin,2021-11-29
5,0,5,0,Martin,2021-11-30
1,0,1,0,Martin,2021-12-01
4,0,4,0,Martin,2021-12-02
6,1,5,0,Martin,2021-12-03
3,0,3,0,Martin,2021-12-04
1,0,1,0,Martin,2021-12-05
8,0,8,0,Martin,2021-12-06
7,1,6,0,Martin,2021-12-07
6,0,6,0,Martin,2021-12-08
1,1,0,0,Martin,2021-12-09
3,0,3,0,Martin,2021-12-10
3,0,3,0,Martin,2021-12-11
1,0,1,0,Martin,2021-12-12
7,1,6,0,Martin,2021-12-13
3,1,2,0,Martin,2021-12-14
2,1,1,0,Martin,2021-12-15
5,0,5,0,Martin,2021-12-16
3,0,3,0,Martin,2021-12-17
1,1,0,0,Martin,2021-12-18
3,0,3,0,Martin,2021-12-19
11,3,8,0,Martin,2021-12-20
5,2,3,0,Martin,2021-12-21
10,0,10,0,Martin,2021-12-22
0,0,0,0,Martin,2021-12-24
0,0,0,0,Martin,2021-12-25
2,1,1,0,Martin,2021-12-26
16,5,11,0,Martin,2021-12-27
53,5,48,0,Martin,2021-12-29
57,8,49,0,Martin,2021-12-30
10,3,7,0,Martin,2022-01-01
105,9,96,0,Martin,2022-01-04
78,8,70,0,Martin,2022-01-05
93,7,86,0,Martin,2022-01-06
44,9,35,0,Martin,2022-01-08
20,6,14,0,Martin,2022-01-09
112,12,100,0,Martin,2022-01-10
86,4,82,0,Martin,2022-01-12
92,5,87,0,Martin,2022-01-13
94,23,71,0,Martin,2022-01-14
37,9,28,0,Martin,2022-01-15
14,10,4,0,Martin,2022-01-16
95,23,72,0,Martin,2022-01-17
110,6,104,0,Martin,2022-01-19
76,10,66,0,Martin,2022-01-20
4,0,4,0,Martin,2022-01-21
2,1,1,0,Martin,2022-01-22
34,2,32,0,Martin,2022-01-28
2,0,2,0,Martin,2022-01-29
3,1,2,0,Martin,2022-01-30
41,2,39,0,Martin,2022-01-31
45,4,41,0,Martin,2022-02-01
21,1,20,0,Martin,2022-02-02
12,0,12,0,Martin,2022-02-04
11,2,9,0,Martin,2022-02-05
1,0,1,0,Martin,2022-02-06
19,1,18,0,Martin,2022-02-07
10,1,9,0,Martin,2022-02-10
13,1,12,0,Martin,2022-02-11
9,2,7,0,Martin,2022-02-14
4,0,4,0,Martin,2022-02-15
4,1,3,0,Martin,2022-02-16
0,0,0,0,Martin,2022-02-17
4,0,4,0,Martin,2022-02-18
3,1,2,0,Martin,2022-02-19
1,0,1,0,Martin,2022-02-20
10,1,9,0,Martin,2022-02-21
3,0,3,0,Martin,2022-02-22
2,0,2,0,Martin,2022-02-23
2,0,2,0,Martin,2022-02-24
4,0,4,0,Martin,2022-03-01
1,0,1,0,Martin,2022-03-02
1,0,1,0,Martin,2022-03-03
1,0,1,0,Martin,2022-03-04
1,0,1,0,Martin,2022-03-05
0,0,0,0,Martin,2022-03-06
2,0,2,0,Martin,2022-03-07
0,0,0,0,Martin,2022-03-08
1,0,1,0,Martin,2022-03-09
1,0,1,0,Martin,2022-03-10
1,0,1,0,Martin,2022-03-11
0,0,0,0,Martin,2022-03-12
0,0,0,0,Martin,2022-03-13
0,0,0,0,Martin,2022-03-14
0,0,0,0,Martin,2022-03-15
1,0,1,0,Martin,2022-03-16
0,0,0,0,Martin,2022-03-17
0,0,0,0,Martin,2022-03-18
0,0,0,0,Martin,2022-03-19
0,0,0,0,Martin,2022-03-20
0,0,0,0,Martin,2022-03-21
0,0,0,0,Martin,2022-03-22
1,0,1,0,Martin,2022-03-23
0,0,0,0,Martin,2022-03-24
0,0,0,0,Martin,2022-03-25
0,0,0,0,Martin,2022-03-26
0,0,0,0,Martin,2022-03-27
0,0,0,0,Martin,2022-03-28
0,0,0,0,Martin,2022-03-29
0,0,0,0,Martin,2022-03-30
0,0,0,0,Martin,2022-03-31
1,0,1,0,Martin,2022-04-01
0,0,0,0,Martin,2022-04-02
0,0,0,0,Martin,2022-04-03
0,0,0,0,Martin,2022-04-04
0,0,0,0,Martin,2022-04-05
2,1,1,0,Martin,2022-04-06
1,0,1,0,Martin,2022-04-07
0,0,0,0,Martin,2022-04-08
1,1,0,0,Martin,2022-04-09
0,0,0,0,Martin,2022-04-10
0,0,0,0,Martin,2022-04-11
1,1,0,0,Martin,2022-04-12
1,0,1,0,Martin,2022-04-13
0,0,0,0,Martin,2022-04-14
0,0,0,0,Martin,2022-04-15
0,0,0,0,Martin,2022-04-16
0,0,0,0,Martin,2022-04-17
0,0,0,0,Martin,2022-04-18
0,0,0,0,Martin,2022-04-19
3,2,1,0,Martin,2022-04-20
2,1,1,0,Martin,2022-04-21
2,0,2,0,Martin,2022-04-22
0,0,0,0,Martin,2022-04-23
0,0,0,0,Martin,2022-04-24
4,3,1,0,Martin,2022-04-25
2,0,2,0,Martin,2022-04-27
2,0,2,0,Martin,2022-04-28
3,1,2,0,Martin,2022-04-29
0,0,0,0,Martin,2022-04-30
0,0,0,0,Martin,2022-05-01
6,2,4,0,Martin,2022-05-02
3,0,3,0,Martin,2022-05-03
5,2,3,0,Martin,2022-05-04
3,2,1,0,Martin,2022-05-05
2,1,1,0,Martin,2022-05-06
0,0,0,0,Martin,2022-05-07
6,0,6,0,McDowell,2021-11-09
5,1,4,0,McDowell,2021-11-10
6,1,5,0,McDowell,2021-11-11
4,1,3,0,McDowell,2021-11-13
6,1,5,0,McDowell,2021-11-14
19,9,10,0,McDowell,2021-11-16
5,1,4,0,McDowell,2021-11-17
6,2,4,0,McDowell,2021-11-20
11,3,8,0,McDowell,2021-11-22
4,0,4,0,McDowell,2021-11-23
2,0,2,0,McDowell,2021-11-24
1,0,1,0,McDowell,2021-11-25
6,1,5,0,McDowell,2021-11-26
5,1,4,0,McDowell,2021-11-27
9,1,8,0,McDowell,2021-11-28
9,1,8,0,McDowell,2021-11-29
12,5,7,0,McDowell,2021-11-30
10,6,4,0,McDowell,2021-12-01
12,1,11,0,McDowell,2021-12-02
8,1,7,0,McDowell,2021-12-03
10,1,9,0,McDowell,2021-12-05
8,1,7,0,McDowell,2021-12-07
13,3,10,0,McDowell,2021-12-08
17,3,14,0,McDowell,2021-12-09
7,0,7,0,McDowell,2021-12-10
11,3,8,0,McDowell,2021-12-11
9,2,7,0,McDowell,2021-12-12
32,6,26,0,McDowell,2021-12-13
19,4,15,0,McDowell,2021-12-14
13,5,8,0,McDowell,2021-12-15
29,7,22,0,McDowell,2021-12-16
14,9,5,0,McDowell,2021-12-17
9,3,6,0,McDowell,2021-12-18
10,6,4,0,McDowell,2021-12-19
32,7,25,0,McDowell,2021-12-21
29,6,23,0,McDowell,2021-12-22
3,0,3,0,McDowell,2021-12-25
13,1,12,0,McDowell,2021-12-26
73,16,57,0,McDowell,2021-12-27
58,9,49,0,McDowell,2021-12-28
70,17,53,0,McDowell,2021-12-29
69,13,56,0,McDowell,2021-12-30
110,30,80,0,McDowell,2022-01-04
110,25,85,0,McDowell,2022-01-05
98,32,66,0,McDowell,2022-01-06
102,30,72,0,McDowell,2022-01-07
51,14,37,0,McDowell,2022-01-08
162,33,129,0,McDowell,2022-01-10
137,36,101,0,McDowell,2022-01-12
120,39,81,0,McDowell,2022-01-14
41,8,33,0,McDowell,2022-01-17
171,64,107,0,McDowell,2022-01-19
111,54,57,0,McDowell,2022-01-21
56,16,40,0,McDowell,2022-01-22
118,33,85,0,McDowell,2022-01-26
125,45,80,0,McDowell,2022-01-28
56,26,30,0,McDowell,2022-01-29
41,16,25,0,McDowell,2022-01-30
42,21,21,0,McDowell,2022-02-05
36,16,20,0,McDowell,2022-02-09
21,9,12,0,McDowell,2022-02-12
19,6,13,0,McDowell,2022-02-13
41,15,26,0,McDowell,2022-02-15
33,16,17,0,McDowell,2022-02-17
28,4,24,0,McDowell,2022-02-18
6,2,4,0,McDowell,2022-02-19
13,1,12,0,McDowell,2022-02-20
17,4,13,0,McDowell,2022-02-22
15,3,12,0,McDowell,2022-02-23
13,2,11,0,McDowell,2022-02-24
3,2,1,0,McDowell,2022-02-26
7,1,6,0,McDowell,2022-02-27
10,1,9,0,McDowell,2022-02-28
12,1,11,0,McDowell,2022-03-01
4,0,4,0,McDowell,2022-03-04
5,2,3,0,McDowell,2022-03-05
6,1,5,0,McDowell,2022-03-07
3,1,2,0,McDowell,2022-03-09
4,3,1,0,McDowell,2022-03-10
2,0,2,0,McDowell,2022-03-11
0,0,0,0,McDowell,2022-03-12
1,1,0,0,McDowell,2022-03-13
2,0,2,0,McDowell,2022-03-14
3,0,3,0,McDowell,2022-03-15
5,1,4,0,McDowell,2022-03-16
1,1,0,0,McDowell,2022-03-17
1,0,1,0,McDowell,2022-03-18
0,0,0,0,McDowell,2022-03-19
1,1,0,0,McDowell,2022-03-20
2,1,1,0,McDowell,2022-03-21
0,0,0,0,McDowell,2022-03-23
0,0,0,0,McDowell,2022-03-24
2,0,2,0,McDowell,2022-03-25
0,0,0,0,McDowell,2022-03-26
0,0,0,0,McDowell,2022-03-27
2,0,2,0,McDowell,2022-03-28
3,0,3,0,McDowell,2022-03-29
1,0,1,0,McDowell,2022-03-30
0,0,0,0,McDowell,2022-03-31
5,0,5,0,McDowell,2022-04-01
2,0,2,0,McDowell,2022-04-02
0,0,0,0,McDowell,2022-04-03
3,2,1,0,McDowell,2022-04-04
1,0,1,0,McDowell,2022-04-05
2,2,0,0,McDowell,2022-04-06
4,0,4,0,McDowell,2022-04-07
2,1,1,0,McDowell,2022-04-08
2,0,2,0,McDowell,2022-04-09
1,0,1,0,McDowell,2022-04-10
3,0,3,0,McDowell,2022-04-11
2,0,2,0,McDowell,2022-04-12
2,0,2,0,McDowell,2022-04-13
4,2,2,0,McDowell,2022-04-14
0,0,0,0,McDowell,2022-04-15
1,0,1,0,McDowell,2022-04-16
0,0,0,0,McDowell,2022-04-17
4,1,3,0,McDowell,2022-04-18
5,2,3,0,McDowell,2022-04-19
8,1,7,0,McDowell,2022-04-20
6,3,3,0,McDowell,2022-04-21
5,2,3,0,McDowell,2022-04-22
3,1,2,0,McDowell,2022-04-23
0,0,0,0,McDowell,2022-04-24
5,0,5,0,McDowell,2022-04-25
6,0,6,0,McDowell,2022-04-26
5,1,4,0,McDowell,2022-04-27
3,1,2,0,McDowell,2022-04-28
7,4,3,0,McDowell,2022-04-29
1,0,1,0,McDowell,2022-04-30
1,0,1,0,McDowell,2022-05-01
9,2,7,0,McDowell,2022-05-02
7,0,7,0,McDowell,2022-05-03
3,1,2,0,McDowell,2022-05-05
5,0,5,0,McDowell,2022-05-06
3,0,3,0,McDowell,2022-05-07
129,19,110,0,Mecklenburg,2021-11-13
105,7,98,0,Mecklenburg,2021-11-14
211,33,178,0,Mecklenburg,2021-11-17
204,21,183,0,Mecklenburg,2021-11-19
133,22,111,0,Mecklenburg,2021-11-20
246,43,203,0,Mecklenburg,2021-11-22
228,34,194,0,Mecklenburg,2021-11-23
366,59,307,0,Mecklenburg,2021-12-07
293,57,236,0,Mecklenburg,2021-12-08
292,38,254,0,Mecklenburg,2021-12-10
353,73,280,0,Mecklenburg,2021-12-13
1533,243,1290,0,Mecklenburg,2022-01-15
57,14,43,0,Mecklenburg,2022-02-26
95,24,71,0,Mecklenburg,2022-03-02
68,11,57,0,Mecklenburg,2022-03-04
53,8,45,0,Mecklenburg,2022-03-11
27,8,19,0,Mecklenburg,2022-03-12
20,5,15,0,Mecklenburg,2022-03-13
52,9,43,0,Mecklenburg,2022-03-14
52,9,43,0,Mecklenburg,2022-03-15
49,17,32,0,Mecklenburg,2022-03-17
37,7,30,0,Mecklenburg,2022-03-18
51,9,42,0,Mecklenburg,2022-03-22
66,18,48,0,Mecklenburg,2022-03-23
45,10,35,0,Mecklenburg,2022-03-24
53,11,42,0,Mecklenburg,2022-03-25
38,8,30,0,Mecklenburg,2022-03-26
39,5,34,0,Mecklenburg,2022-03-27
47,6,41,0,Mecklenburg,2022-03-28
93,17,76,0,Mecklenburg,2022-03-29
69,14,55,0,Mecklenburg,2022-03-30
69,17,52,0,Mecklenburg,2022-03-31
61,10,51,0,Mecklenburg,2022-04-01
41,9,32,0,Mecklenburg,2022-04-02
92,24,68,0,Mecklenburg,2022-04-04
104,17,87,0,Mecklenburg,2022-04-05
128,17,111,0,Mecklenburg,2022-04-07
46,4,42,0,Mecklenburg,2022-04-09
59,10,49,0,Mecklenburg,2022-04-10
151,22,129,0,Mecklenburg,2022-04-11
157,26,131,0,Mecklenburg,2022-04-12
191,38,153,0,Mecklenburg,2022-04-13
182,23,159,0,Mecklenburg,2022-04-14
131,18,113,0,Mecklenburg,2022-04-15
69,3,66,0,Mecklenburg,2022-04-17
218,43,175,0,Mecklenburg,2022-04-19
224,33,191,0,Mecklenburg,2022-04-20
246,36,210,0,Mecklenburg,2022-04-21
174,29,145,0,Mecklenburg,2022-04-22
123,31,92,0,Mecklenburg,2022-04-23
140,27,113,0,Mecklenburg,2022-04-24
287,40,247,0,Mecklenburg,2022-04-25
266,51,215,0,Mecklenburg,2022-04-26
299,45,254,0,Mecklenburg,2022-04-27
257,51,206,0,Mecklenburg,2022-04-28
249,39,210,0,Mecklenburg,2022-04-29
155,32,123,0,Mecklenburg,2022-04-30
190,22,168,0,Mecklenburg,2022-05-01
381,65,316,0,Mecklenburg,2022-05-02
381,58,323,0,Mecklenburg,2022-05-03
392,49,343,0,Mecklenburg,2022-05-04
363,64,299,0,Mecklenburg,2022-05-05
302,56,246,0,Mecklenburg,2022-05-06
230,28,202,0,Mecklenburg,2022-05-07
5,3,2,0,Mitchell,2021-11-09
6,3,3,0,Mitchell,2021-11-10
1,0,1,0,Mitchell,2021-11-11
3,1,2,0,Mitchell,2021-11-12
3,2,1,0,Mitchell,2021-11-13
0,0,0,0,Mitchell,2021-11-14
10,4,6,0,Mitchell,2021-11-15
3,2,1,0,Mitchell,2021-11-16
4,1,3,0,Mitchell,2021-11-17
3,1,2,0,Mitchell,2021-11-18
0,0,0,0,Mitchell,2021-11-20
4,1,3,0,Mitchell,2021-11-21
3,1,2,0,Mitchell,2021-11-22
6,1,5,0,Mitchell,2021-11-23
3,1,2,0,Mitchell,2021-11-24
1,1,0,0,Mitchell,2021-11-25
3,3,0,0,Mitchell,2021-11-27
1,0,1,0,Mitchell,2021-11-28
18,8,10,0,Mitchell,2021-11-29
10,1,9,0,Mitchell,2021-11-30
5,3,2,0,Mitchell,2021-12-02
10,1,9,0,Mitchell,2021-12-03
2,1,1,0,Mitchell,2021-12-04
0,0,0,0,Mitchell,2021-12-05
17,7,10,0,Mitchell,2021-12-06
6,0,6,0,Mitchell,2021-12-07
12,8,4,0,Mitchell,2021-12-08
4,2,2,0,Mitchell,2021-12-09
12,5,7,0,Mitchell,2021-12-10
2,1,1,0,Mitchell,2021-12-11
2,1,1,0,Mitchell,2021-12-12
6,1,5,0,Mitchell,2021-12-13
8,4,4,0,Mitchell,2021-12-14
7,3,4,0,Mitchell,2021-12-15
8,7,1,0,Mitchell,2021-12-16
11,8,3,0,Mitchell,2021-12-17
7,2,5,0,Mitchell,2021-12-18
2,1,1,0,Mitchell,2021-12-19
13,4,9,0,Mitchell,2021-12-20
6,2,4,0,Mitchell,2021-12-21
7,4,3,0,Mitchell,2021-12-22
13,8,5,0,Mitchell,2021-12-23
4,1,3,0,Mitchell,2021-12-24
1,0,1,0,Mitchell,2021-12-25
34,23,11,0,Mitchell,2021-12-27
23,5,18,0,Mitchell,2021-12-28
27,11,16,0,Mitchell,2021-12-29
9,2,7,0,Mitchell,2021-12-31
9,3,6,0,Mitchell,2022-01-01
5,2,3,0,Mitchell,2022-01-02
45,10,35,0,Mitchell,2022-01-04
34,10,24,0,Mitchell,2022-01-05
36,10,26,0,Mitchell,2022-01-06
15,6,9,0,Mitchell,2022-01-07
21,1,20,0,Mitchell,2022-01-08
8,1,7,0,Mitchell,2022-01-09
53,8,45,0,Mitchell,2022-01-10
29,1,28,0,Mitchell,2022-01-12
40,6,34,0,Mitchell,2022-01-14
20,6,14,0,Mitchell,2022-01-15
6,5,1,0,Mitchell,2022-01-17
21,6,15,0,Mitchell,2022-01-18
19,2,17,0,Mitchell,2022-01-20
25,3,22,0,Mitchell,2022-01-21
53,15,38,0,Mitchell,2022-01-24
26,11,15,0,Mitchell,2022-01-25
15,2,13,0,Mitchell,2022-01-26
18,7,11,0,Mitchell,2022-01-27
6,5,1,0,Mitchell,2022-01-29
7,4,3,0,Mitchell,2022-01-30
23,10,13,0,Mitchell,2022-01-31
30,15,15,0,Mitchell,2022-02-01
14,4,10,0,Mitchell,2022-02-02
22,2,20,0,Mitchell,2022-02-04
4,2,2,0,Mitchell,2022-02-05
3,1,2,0,Mitchell,2022-02-06
23,3,20,0,Mitchell,2022-02-07
22,6,16,0,Mitchell,2022-02-08
7,1,6,0,Mitchell,2022-02-09
11,5,6,0,Mitchell,2022-02-10
6,1,5,0,Mitchell,2022-02-11
5,3,2,0,Mitchell,2022-02-12
9,8,1,0,Mitchell,2022-02-13
10,5,5,0,Mitchell,2022-02-14
8,6,2,0,Mitchell,2022-02-15
10,6,4,0,Mitchell,2022-02-16
0,0,0,0,Mitchell,2022-02-17
1,0,1,0,Mitchell,2022-02-19
1,0,1,0,Mitchell,2022-02-20
11,3,8,0,Mitchell,2022-02-21
3,2,1,0,Mitchell,2022-02-23
3,1,2,0,Mitchell,2022-02-24
5,1,4,0,Mitchell,2022-02-25
3,1,2,0,Mitchell,2022-02-26
0,0,0,0,Mitchell,2022-02-27
3,1,2,0,Mitchell,2022-02-28
3,1,2,0,Mitchell,2022-03-01
3,2,1,0,Mitchell,2022-03-02
1,1,0,0,Mitchell,2022-03-03
0,0,0,0,Mitchell,2022-03-05
0,0,0,0,Mitchell,2022-03-06
1,0,1,0,Mitchell,2022-03-07
1,0,1,0,Mitchell,2022-03-08
1,0,1,0,Mitchell,2022-03-09
0,0,0,0,Mitchell,2022-03-10
1,1,0,0,Mitchell,2022-03-11
0,0,0,0,Mitchell,2022-03-12
1,1,0,0,Mitchell,2022-03-13
0,0,0,0,Mitchell,2022-03-14
1,1,0,0,Mitchell,2022-03-15
0,0,0,0,Mitchell,2022-03-16
1,0,1,0,Mitchell,2022-03-17
0,0,0,0,Mitchell,2022-03-18
1,0,1,0,Mitchell,2022-03-19
1,1,0,0,Mitchell,2022-03-20
0,0,0,0,Mitchell,2022-03-22
0,0,0,0,Mitchell,2022-03-23
2,1,1,0,Mitchell,2022-03-24
1,0,1,0,Mitchell,2022-03-25
0,0,0,0,Mitchell,2022-03-26
0,0,0,0,Mitchell,2022-03-27
0,0,0,0,Mitchell,2022-03-28
1,0,1,0,Mitchell,2022-03-29
5,1,4,0,Mitchell,2022-03-30
2,1,1,0,Mitchell,2022-03-31
0,0,0,0,Mitchell,2022-04-01
0,0,0,0,Mitchell,2022-04-02
0,0,0,0,Mitchell,2022-04-03
0,0,0,0,Mitchell,2022-04-04
0,0,0,0,Mitchell,2022-04-05
0,0,0,0,Mitchell,2022-04-06
0,0,0,0,Mitchell,2022-04-07
1,1,0,0,Mitchell,2022-04-08
0,0,0,0,Mitchell,2022-04-09
0,0,0,0,Mitchell,2022-04-10
0,0,0,0,Mitchell,2022-04-11
0,0,0,0,Mitchell,2022-04-12
1,1,0,0,Mitchell,2022-04-13
0,0,0,0,Mitchell,2022-04-14
1,0,1,0,Mitchell,2022-04-15
0,0,0,0,Mitchell,2022-04-16
0,0,0,0,Mitchell,2022-04-17
0,0,0,0,Mitchell,2022-04-18
0,0,0,0,Mitchell,2022-04-19
1,0,1,0,Mitchell,2022-04-20
2,0,2,0,Mitchell,2022-04-21
2,0,2,0,Mitchell,2022-04-22
0,0,0,0,Mitchell,2022-04-23
0,0,0,0,Mitchell,2022-04-24
0,0,0,0,Mitchell,2022-04-25
1,0,1,0,Mitchell,2022-04-26
1,1,0,0,Mitchell,2022-04-27
0,0,0,0,Mitchell,2022-04-28
0,0,0,0,Mitchell,2022-04-29
0,0,0,0,Mitchell,2022-04-30
0,0,0,0,Mitchell,2022-05-01
0,0,0,0,Mitchell,2022-05-02
3,2,1,0,Mitchell,2022-05-03
0,0,0,0,Mitchell,2022-05-05
0,0,0,0,Mitchell,2022-05-06
1,1,0,0,Mitchell,2022-05-07
4,1,3,0,Montgomery,2021-11-09
5,0,5,0,Montgomery,2021-11-10
6,1,5,0,Montgomery,2021-11-11
6,2,4,0,Montgomery,2021-11-12
2,0,2,0,Montgomery,2021-11-13
0,0,0,0,Montgomery,2021-11-14
3,0,3,0,Montgomery,2021-11-15
8,1,7,0,Montgomery,2021-11-16
5,1,4,0,Montgomery,2021-11-17
3,0,3,0,Montgomery,2021-11-18
7,1,6,0,Montgomery,2021-11-19
2,0,2,0,Montgomery,2021-11-20
1,0,1,0,Montgomery,2021-11-21
7,1,6,0,Montgomery,2021-11-22
6,1,5,0,Montgomery,2021-11-23
0,0,0,0,Montgomery,2021-11-24
1,0,1,0,Montgomery,2021-11-25
5,1,4,0,Montgomery,2021-11-26
2,1,1,0,Montgomery,2021-11-27
2,0,2,0,Montgomery,2021-11-28
6,1,5,0,Montgomery,2021-11-29
6,0,6,0,Montgomery,2021-11-30
6,2,4,0,Montgomery,2021-12-01
10,1,9,0,Montgomery,2021-12-02
8,2,6,0,Montgomery,2021-12-03
5,0,5,0,Montgomery,2021-12-04
3,0,3,0,Montgomery,2021-12-05
12,1,11,0,Montgomery,2021-12-06
6,1,5,0,Montgomery,2021-12-07
9,3,6,0,Montgomery,2021-12-08
4,0,4,0,Montgomery,2021-12-09
6,0,6,0,Montgomery,2021-12-10
6,0,6,0,Montgomery,2021-12-11
3,0,3,0,Montgomery,2021-12-12
9,1,8,0,Montgomery,2021-12-13
8,0,8,0,Montgomery,2021-12-14
10,0,10,0,Montgomery,2021-12-15
13,2,11,0,Montgomery,2021-12-16
5,0,5,0,Montgomery,2021-12-17
3,0,3,0,Montgomery,2021-12-18
2,1,1,0,Montgomery,2021-12-19
9,0,9,0,Montgomery,2021-12-20
13,3,10,0,Montgomery,2021-12-21
13,0,13,0,Montgomery,2021-12-22
10,2,8,0,Montgomery,2021-12-23
9,1,8,0,Montgomery,2021-12-24
1,0,1,0,Montgomery,2021-12-25
3,0,3,0,Montgomery,2021-12-26
25,5,20,0,Montgomery,2021-12-27
30,2,28,0,Montgomery,2021-12-28
32,2,30,0,Montgomery,2021-12-29
28,6,22,0,Montgomery,2021-12-31
9,0,9,0,Montgomery,2022-01-01
20,2,18,0,Montgomery,2022-01-02
53,11,42,0,Montgomery,2022-01-03
83,9,74,0,Montgomery,2022-01-04
78,14,64,0,Montgomery,2022-01-05
87,10,77,0,Montgomery,2022-01-06
42,6,36,0,Montgomery,2022-01-08
139,17,122,0,Montgomery,2022-01-10
143,11,132,0,Montgomery,2022-01-11
133,15,118,0,Montgomery,2022-01-12
98,12,86,0,Montgomery,2022-01-14
3,0,3,0,Montgomery,2022-01-16
61,17,44,0,Montgomery,2022-01-17
144,17,127,0,Montgomery,2022-01-18
114,15,99,0,Montgomery,2022-01-19
71,13,58,0,Montgomery,2022-01-20
55,12,43,0,Montgomery,2022-01-21
17,3,14,0,Montgomery,2022-01-22
17,3,14,0,Montgomery,2022-01-23
87,11,76,0,Montgomery,2022-01-24
58,11,47,0,Montgomery,2022-01-25
56,3,53,0,Montgomery,2022-01-26
43,11,32,0,Montgomery,2022-01-27
37,5,32,0,Montgomery,2022-01-31
21,2,19,0,Montgomery,2022-02-01
12,2,10,0,Montgomery,2022-02-04
13,3,10,0,Montgomery,2022-02-10
16,1,15,0,Montgomery,2022-02-11
5,1,4,0,Montgomery,2022-02-13
8,0,8,0,Montgomery,2022-02-15
10,1,9,0,Montgomery,2022-02-16
7,1,6,0,Montgomery,2022-02-17
11,1,10,0,Montgomery,2022-02-18
2,0,2,0,Montgomery,2022-02-20
5,1,4,0,Montgomery,2022-02-21
5,1,4,0,Montgomery,2022-02-23
4,1,3,0,Montgomery,2022-02-24
4,2,2,0,Montgomery,2022-02-25
0,0,0,0,Montgomery,2022-02-26
0,0,0,0,Montgomery,2022-02-27
2,1,1,0,Montgomery,2022-02-28
2,0,2,0,Montgomery,2022-03-01
1,0,1,0,Montgomery,2022-03-02
2,1,1,0,Montgomery,2022-03-03
2,0,2,0,Montgomery,2022-03-04
0,0,0,0,Montgomery,2022-03-05
0,0,0,0,Montgomery,2022-03-06
4,2,2,0,Montgomery,2022-03-07
1,0,1,0,Montgomery,2022-03-08
2,0,2,0,Montgomery,2022-03-09
0,0,0,0,Montgomery,2022-03-10
2,0,2,0,Montgomery,2022-03-11
0,0,0,0,Montgomery,2022-03-12
0,0,0,0,Montgomery,2022-03-13
1,1,0,0,Montgomery,2022-03-14
0,0,0,0,Montgomery,2022-03-15
0,0,0,0,Montgomery,2022-03-16
1,0,1,0,Montgomery,2022-03-17
0,0,0,0,Montgomery,2022-03-18
0,0,0,0,Montgomery,2022-03-19
0,0,0,0,Montgomery,2022-03-20
0,0,0,0,Montgomery,2022-03-21
1,0,1,0,Montgomery,2022-03-22
1,0,1,0,Montgomery,2022-03-23
0,0,0,0,Montgomery,2022-03-24
1,1,0,0,Montgomery,2022-03-25
1,0,1,0,Montgomery,2022-03-26
1,0,1,0,Montgomery,2022-03-27
0,0,0,0,Montgomery,2022-03-28
2,1,1,0,Montgomery,2022-03-29
0,0,0,0,Montgomery,2022-03-30
0,0,0,0,Montgomery,2022-03-31
0,0,0,0,Montgomery,2022-04-01
0,0,0,0,Montgomery,2022-04-02
0,0,0,0,Montgomery,2022-04-03
0,0,0,0,Montgomery,2022-04-04
1,0,1,0,Montgomery,2022-04-05
0,0,0,0,Montgomery,2022-04-06
0,0,0,0,Montgomery,2022-04-07
0,0,0,0,Montgomery,2022-04-08
0,0,0,0,Montgomery,2022-04-09
0,0,0,0,Montgomery,2022-04-10
0,0,0,0,Montgomery,2022-04-11
1,0,1,0,Montgomery,2022-04-12
0,0,0,0,Montgomery,2022-04-13
0,0,0,0,Montgomery,2022-04-14
0,0,0,0,Montgomery,2022-04-15
0,0,0,0,Montgomery,2022-04-16
0,0,0,0,Montgomery,2022-04-17
0,0,0,0,Montgomery,2022-04-18
0,0,0,0,Montgomery,2022-04-19
1,1,0,0,Montgomery,2022-04-20
0,0,0,0,Montgomery,2022-04-21
0,0,0,0,Montgomery,2022-04-22
0,0,0,0,Montgomery,2022-04-23
0,0,0,0,Montgomery,2022-04-24
5,5,0,0,Montgomery,2022-04-25
4,2,2,0,Montgomery,2022-04-26
4,1,3,0,Montgomery,2022-04-27
1,0,1,0,Montgomery,2022-04-28
2,1,1,0,Montgomery,2022-04-29
1,1,0,0,Montgomery,2022-04-30
0,0,0,0,Montgomery,2022-05-01
4,0,4,0,Montgomery,2022-05-02
5,1,4,0,Montgomery,2022-05-03
4,2,2,0,Montgomery,2022-05-04
3,0,3,0,Montgomery,2022-05-05
0,0,0,0,Montgomery,2022-05-06
0,0,0,0,Montgomery,2022-05-07
5,0,5,0,Moore,2021-11-11
16,2,14,0,Moore,2021-11-12
3,0,3,0,Moore,2021-11-13
8,0,8,0,Moore,2021-11-14
11,2,9,0,Moore,2021-11-16
17,3,14,0,Moore,2021-11-17
16,0,16,0,Moore,2021-11-18
19,1,18,0,Moore,2021-11-19
3,0,3,0,Moore,2021-11-21
16,0,16,0,Moore,2021-11-22
11,2,9,0,Moore,2021-11-23
20,4,16,0,Moore,2021-11-24
16,1,15,0,Moore,2021-11-26
7,0,7,0,Moore,2021-11-28
25,1,24,0,Moore,2021-11-29
29,3,26,0,Moore,2021-11-30
31,3,28,0,Moore,2021-12-02
19,0,19,0,Moore,2021-12-03
50,5,45,0,Moore,2021-12-06
34,1,33,0,Moore,2021-12-07
24,2,22,0,Moore,2021-12-10
22,0,22,0,Moore,2021-12-11
20,0,20,0,Moore,2021-12-12
32,3,29,0,Moore,2021-12-15
32,6,26,0,Moore,2021-12-16
28,2,26,0,Moore,2021-12-17
28,2,26,0,Moore,2021-12-19
49,5,44,0,Moore,2021-12-20
75,13,62,0,Moore,2021-12-21
55,7,48,0,Moore,2021-12-23
12,1,11,0,Moore,2021-12-25
187,33,154,0,Moore,2021-12-28
204,30,174,0,Moore,2021-12-29
178,23,155,0,Moore,2021-12-30
80,12,68,0,Moore,2022-01-01
241,30,211,0,Moore,2022-01-03
268,15,253,0,Moore,2022-01-07
203,15,188,0,Moore,2022-01-08
411,45,366,0,Moore,2022-01-12
416,41,375,0,Moore,2022-01-13
394,21,373,0,Moore,2022-01-14
206,20,186,0,Moore,2022-01-15
332,53,279,0,Moore,2022-01-17
168,33,135,0,Moore,2022-01-21
35,7,28,0,Moore,2022-01-22
104,10,94,0,Moore,2022-01-28
41,6,35,0,Moore,2022-01-29
152,24,128,0,Moore,2022-01-31
22,4,18,0,Moore,2022-02-05
40,5,35,0,Moore,2022-02-17
20,6,14,0,Moore,2022-02-20
31,5,26,0,Moore,2022-02-22
7,3,4,0,Moore,2022-02-26
7,1,6,0,Moore,2022-03-02
8,1,7,0,Moore,2022-03-07
4,1,3,0,Moore,2022-03-08
3,1,2,0,Moore,2022-03-10
0,0,0,0,Moore,2022-03-12
3,1,2,0,Moore,2022-03-13
8,0,8,0,Moore,2022-03-14
6,0,6,0,Moore,2022-03-15
5,0,5,0,Moore,2022-03-16
3,0,3,0,Moore,2022-03-18
1,0,1,0,Moore,2022-03-19
0,0,0,0,Moore,2022-03-20
2,0,2,0,Moore,2022-03-21
3,1,2,0,Moore,2022-03-22
1,0,1,0,Moore,2022-03-23
1,0,1,0,Moore,2022-03-24
1,0,1,0,Moore,2022-03-25
2,2,0,0,Moore,2022-03-26
2,1,1,0,Moore,2022-03-27
3,1,2,0,Moore,2022-03-28
0,0,0,0,Moore,2022-03-29
4,2,2,0,Moore,2022-03-30
3,1,2,0,Moore,2022-03-31
1,0,1,0,Moore,2022-04-01
1,1,0,0,Moore,2022-04-02
1,0,1,0,Moore,2022-04-03
3,1,2,0,Moore,2022-04-04
1,0,1,0,Moore,2022-04-05
4,2,2,0,Moore,2022-04-06
6,2,4,0,Moore,2022-04-07
2,1,1,0,Moore,2022-04-08
2,0,2,0,Moore,2022-04-09
1,0,1,0,Moore,2022-04-10
9,2,7,0,Moore,2022-04-11
5,2,3,0,Moore,2022-04-12
7,2,5,0,Moore,2022-04-13
10,5,5,0,Moore,2022-04-14
7,3,4,0,Moore,2022-04-15
12,3,9,0,Moore,2022-04-16
4,2,2,0,Moore,2022-04-17
10,2,8,0,Moore,2022-04-18
14,6,8,0,Moore,2022-04-19
11,2,9,0,Moore,2022-04-20
10,2,8,0,Moore,2022-04-21
7,3,4,0,Moore,2022-04-22
13,7,6,0,Moore,2022-04-23
10,3,7,0,Moore,2022-04-24
11,5,6,0,Moore,2022-04-25
15,4,11,0,Moore,2022-04-27
13,4,9,0,Moore,2022-04-29
12,4,8,0,Moore,2022-04-30
7,5,2,0,Moore,2022-05-01
32,10,22,0,Moore,2022-05-02
21,4,17,0,Moore,2022-05-03
12,2,10,0,Moore,2022-05-05
22,10,12,0,Moore,2022-05-06
14,3,11,0,Nash,2021-11-09
9,3,6,0,Nash,2021-11-10
12,6,6,0,Nash,2021-11-11
8,0,8,0,Nash,2021-11-13
3,0,3,0,Nash,2021-11-14
11,2,9,0,Nash,2021-11-17
26,4,22,0,Nash,2021-11-18
7,0,7,0,Nash,2021-11-19
2,0,2,0,Nash,2021-11-20
7,2,5,0,Nash,2021-11-21
26,2,24,0,Nash,2021-11-22
13,3,10,0,Nash,2021-11-23
1,1,0,0,Nash,2021-11-25
12,0,12,0,Nash,2021-11-28
41,5,36,0,Nash,2021-11-29
29,8,21,0,Nash,2021-11-30
22,3,19,0,Nash,2021-12-01
12,3,9,0,Nash,2021-12-02
23,2,21,0,Nash,2021-12-03
10,1,9,0,Nash,2021-12-05
25,5,20,0,Nash,2021-12-07
29,2,27,0,Nash,2021-12-09
11,0,11,0,Nash,2021-12-11
12,1,11,0,Nash,2021-12-12
40,3,37,0,Nash,2021-12-13
29,4,25,0,Nash,2021-12-14
38,3,35,0,Nash,2021-12-16
34,3,31,0,Nash,2021-12-18
62,0,62,0,Nash,2021-12-20
59,4,55,0,Nash,2021-12-21
66,13,53,0,Nash,2021-12-22
29,5,24,0,Nash,2021-12-25
60,8,52,0,Nash,2021-12-26
244,20,224,0,Nash,2021-12-28
294,39,255,0,Nash,2021-12-29
394,56,338,0,Nash,2021-12-30
123,8,115,0,Nash,2022-01-02
473,38,435,0,Nash,2022-01-05
100,12,88,0,Nash,2022-01-08
418,27,391,0,Nash,2022-01-12
299,22,277,0,Nash,2022-01-14
266,34,232,0,Nash,2022-01-17
271,27,244,0,Nash,2022-01-20
30,1,29,0,Nash,2022-01-22
96,12,84,0,Nash,2022-02-01
75,15,60,0,Nash,2022-02-03
33,12,21,0,Nash,2022-02-06
10,2,8,0,Nash,2022-02-13
32,10,22,0,Nash,2022-02-14
21,2,19,0,Nash,2022-02-21
13,1,12,0,Nash,2022-02-22
18,1,17,0,Nash,2022-02-24
11,4,7,0,Nash,2022-02-28
6,2,4,0,Nash,2022-03-01
6,4,2,0,Nash,2022-03-02
8,2,6,0,Nash,2022-03-03
4,0,4,0,Nash,2022-03-04
7,0,7,0,Nash,2022-03-05
5,0,5,0,Nash,2022-03-07
6,0,6,0,Nash,2022-03-08
5,0,5,0,Nash,2022-03-10
3,1,2,0,Nash,2022-03-11
1,0,1,0,Nash,2022-03-12
3,0,3,0,Nash,2022-03-13
3,0,3,0,Nash,2022-03-15
3,0,3,0,Nash,2022-03-16
6,0,6,0,Nash,2022-03-17
2,0,2,0,Nash,2022-03-18
0,0,0,0,Nash,2022-03-19
1,0,1,0,Nash,2022-03-20
4,0,4,0,Nash,2022-03-21
6,0,6,0,Nash,2022-03-23
2,0,2,0,Nash,2022-03-25
0,0,0,0,Nash,2022-03-26
2,0,2,0,Nash,2022-03-27
3,1,2,0,Nash,2022-03-28
1,0,1,0,Nash,2022-03-29
1,0,1,0,Nash,2022-03-30
0,0,0,0,Nash,2022-03-31
1,0,1,0,Nash,2022-04-01
3,1,2,0,Nash,2022-04-02
0,0,0,0,Nash,2022-04-03
2,0,2,0,Nash,2022-04-04
2,0,2,0,Nash,2022-04-05
3,0,3,0,Nash,2022-04-07
1,0,1,0,Nash,2022-04-08
2,0,2,0,Nash,2022-04-09
2,0,2,0,Nash,2022-04-10
9,1,8,0,Nash,2022-04-11
7,0,7,0,Nash,2022-04-13
7,3,4,0,Nash,2022-04-14
4,0,4,0,Nash,2022-04-15
2,0,2,0,Nash,2022-04-17
5,1,4,0,Nash,2022-04-18
7,6,1,0,Nash,2022-04-19
13,2,11,0,Nash,2022-04-20
21,3,18,0,Nash,2022-04-21
6,1,5,0,Nash,2022-04-22
5,1,4,0,Nash,2022-04-23
6,2,4,0,Nash,2022-04-24
5,0,5,0,Nash,2022-04-25
8,2,6,0,Nash,2022-04-27
10,0,10,0,Nash,2022-04-28
12,5,7,0,Nash,2022-04-29
5,0,5,0,Nash,2022-04-30
2,0,2,0,Nash,2022-05-01
10,4,6,0,Nash,2022-05-02
10,0,10,0,Nash,2022-05-03
14,4,10,0,Nash,2022-05-04
9,1,8,0,Nash,2022-05-05
7,3,4,0,Nash,2022-05-06
7,1,6,0,Nash,2022-05-07
18,9,9,0,New Hanover,2021-11-09
21,6,15,0,New Hanover,2021-11-10
15,6,9,0,New Hanover,2021-11-11
14,5,9,0,New Hanover,2021-11-12
11,2,9,0,New Hanover,2021-11-13
9,3,6,0,New Hanover,2021-11-14
21,6,15,0,New Hanover,2021-11-15
25,13,12,0,New Hanover,2021-11-16
23,6,17,0,New Hanover,2021-11-19
23,9,14,0,New Hanover,2021-11-20
10,1,9,0,New Hanover,2021-11-21
43,13,30,0,New Hanover,2021-11-22
26,6,20,0,New Hanover,2021-11-23
36,15,21,0,New Hanover,2021-11-24
21,4,17,0,New Hanover,2021-11-26
11,4,7,0,New Hanover,2021-11-27
22,9,13,0,New Hanover,2021-11-28
57,23,34,0,New Hanover,2021-11-30
47,10,37,0,New Hanover,2021-12-01
40,9,31,0,New Hanover,2021-12-02
44,11,33,0,New Hanover,2021-12-03
41,8,33,0,New Hanover,2021-12-04
19,9,10,0,New Hanover,2021-12-05
61,20,41,0,New Hanover,2021-12-06
51,11,40,0,New Hanover,2021-12-07
40,17,23,0,New Hanover,2021-12-08
45,15,30,0,New Hanover,2021-12-09
33,8,25,0,New Hanover,2021-12-10
25,13,12,0,New Hanover,2021-12-11
20,9,11,0,New Hanover,2021-12-12
49,10,39,0,New Hanover,2021-12-13
57,19,38,0,New Hanover,2021-12-15
68,14,54,0,New Hanover,2021-12-17
50,9,41,0,New Hanover,2021-12-18
37,10,27,0,New Hanover,2021-12-19
124,51,73,0,New Hanover,2021-12-20
154,33,121,0,New Hanover,2021-12-21
195,36,159,0,New Hanover,2021-12-22
200,53,147,0,New Hanover,2021-12-23
104,20,84,0,New Hanover,2021-12-26
395,100,295,0,New Hanover,2021-12-27
472,95,377,0,New Hanover,2021-12-29
480,148,332,0,New Hanover,2021-12-30
191,59,132,0,New Hanover,2022-01-02
656,112,544,0,New Hanover,2022-01-06
569,105,464,0,New Hanover,2022-01-07
682,129,553,0,New Hanover,2022-01-14
259,36,223,0,New Hanover,2022-01-16
766,145,621,0,New Hanover,2022-01-17
888,201,687,0,New Hanover,2022-01-19
257,69,188,0,New Hanover,2022-02-02
84,27,57,0,New Hanover,2022-02-11
70,17,53,0,New Hanover,2022-02-15
37,8,29,0,New Hanover,2022-02-18
38,12,26,0,New Hanover,2022-02-23
32,5,27,0,New Hanover,2022-02-24
12,3,9,0,New Hanover,2022-03-01
17,3,14,0,New Hanover,2022-03-02
5,2,3,0,New Hanover,2022-03-06
14,4,10,0,New Hanover,2022-03-07
6,3,3,0,New Hanover,2022-03-13
8,0,8,0,New Hanover,2022-03-14
11,3,8,0,New Hanover,2022-03-15
6,0,6,0,New Hanover,2022-03-16
3,1,2,0,New Hanover,2022-03-19
8,2,6,0,New Hanover,2022-03-20
6,1,5,0,New Hanover,2022-03-22
16,4,12,0,New Hanover,2022-03-23
8,3,5,0,New Hanover,2022-03-24
7,1,6,0,New Hanover,2022-03-25
0,0,0,0,New Hanover,2022-03-26
5,1,4,0,New Hanover,2022-03-28
10,2,8,0,New Hanover,2022-03-29
10,4,6,0,New Hanover,2022-03-30
8,5,3,0,New Hanover,2022-03-31
9,5,4,0,New Hanover,2022-04-01
6,0,6,0,New Hanover,2022-04-02
5,1,4,0,New Hanover,2022-04-03
17,6,11,0,New Hanover,2022-04-04
14,3,11,0,New Hanover,2022-04-05
11,4,7,0,New Hanover,2022-04-08
8,1,7,0,New Hanover,2022-04-09
6,2,4,0,New Hanover,2022-04-10
16,8,8,0,New Hanover,2022-04-11
20,1,19,0,New Hanover,2022-04-12
36,11,25,0,New Hanover,2022-04-13
24,5,19,0,New Hanover,2022-04-14
18,4,14,0,New Hanover,2022-04-15
8,1,7,0,New Hanover,2022-04-16
5,1,4,0,New Hanover,2022-04-17
36,6,30,0,New Hanover,2022-04-18
26,7,19,0,New Hanover,2022-04-19
31,8,23,0,New Hanover,2022-04-20
24,5,19,0,New Hanover,2022-04-21
26,2,24,0,New Hanover,2022-04-22
27,6,21,0,New Hanover,2022-04-23
16,4,12,0,New Hanover,2022-04-24
49,8,41,0,New Hanover,2022-04-25
40,10,30,0,New Hanover,2022-04-26
39,15,24,0,New Hanover,2022-04-27
37,7,30,0,New Hanover,2022-04-28
41,12,29,0,New Hanover,2022-04-29
11,4,7,0,New Hanover,2022-04-30
21,1,20,0,New Hanover,2022-05-01
55,16,39,0,New Hanover,2022-05-02
40,10,30,0,New Hanover,2022-05-03
59,8,51,0,New Hanover,2022-05-04
46,14,32,0,New Hanover,2022-05-06
18,8,10,0,New Hanover,2022-05-07
0,0,0,0,Northampton,2021-11-09
1,0,1,0,Northampton,2021-11-10
1,0,1,0,Northampton,2021-11-11
1,0,1,0,Northampton,2021-11-12
0,0,0,0,Northampton,2021-11-13
0,0,0,0,Northampton,2021-11-14
4,0,4,0,Northampton,2021-11-15
1,0,1,0,Northampton,2021-11-16
0,0,0,0,Northampton,2021-11-17
0,0,0,0,Northampton,2021-11-18
0,0,0,0,Northampton,2021-11-19
0,0,0,0,Northampton,2021-11-20
3,0,3,0,Northampton,2021-11-21
4,0,4,0,Northampton,2021-11-22
1,0,1,0,Northampton,2021-11-23
0,0,0,0,Northampton,2021-11-24
0,0,0,0,Northampton,2021-11-25
0,0,0,0,Northampton,2021-11-26
2,0,2,0,Northampton,2021-11-27
1,0,1,0,Northampton,2021-11-28
4,1,3,0,Northampton,2021-11-29
1,0,1,0,Northampton,2021-11-30
2,0,2,0,Northampton,2021-12-01
0,0,0,0,Northampton,2021-12-02
2,2,0,0,Northampton,2021-12-03
0,0,0,0,Northampton,2021-12-04
0,0,0,0,Northampton,2021-12-05
7,2,5,0,Northampton,2021-12-06
2,0,2,0,Northampton,2021-12-07
4,2,2,0,Northampton,2021-12-08
1,0,1,0,Northampton,2021-12-09
2,1,1,0,Northampton,2021-12-10
0,0,0,0,Northampton,2021-12-11
0,0,0,0,Northampton,2021-12-12
4,0,4,0,Northampton,2021-12-13
2,0,2,0,Northampton,2021-12-14
2,1,1,0,Northampton,2021-12-15
10,0,10,0,Northampton,2021-12-16
7,1,6,0,Northampton,2021-12-17
3,2,1,0,Northampton,2021-12-18
1,0,1,0,Northampton,2021-12-19
7,2,5,0,Northampton,2021-12-20
8,1,7,0,Northampton,2021-12-21
9,2,7,0,Northampton,2021-12-22
10,2,8,0,Northampton,2021-12-23
2,0,2,0,Northampton,2021-12-24
3,0,3,0,Northampton,2021-12-25
6,0,6,0,Northampton,2021-12-26
29,2,27,0,Northampton,2021-12-27
37,6,31,0,Northampton,2021-12-28
52,11,41,0,Northampton,2021-12-29
63,13,50,0,Northampton,2021-12-30
48,1,47,0,Northampton,2021-12-31
15,3,12,0,Northampton,2022-01-01
18,2,16,0,Northampton,2022-01-02
61,10,51,0,Northampton,2022-01-03
91,10,81,0,Northampton,2022-01-04
67,12,55,0,Northampton,2022-01-05
77,16,61,0,Northampton,2022-01-06
86,12,74,0,Northampton,2022-01-07
26,0,26,0,Northampton,2022-01-08
24,6,18,0,Northampton,2022-01-09
90,16,74,0,Northampton,2022-01-10
59,7,52,0,Northampton,2022-01-13
42,7,35,0,Northampton,2022-01-14
16,3,13,0,Northampton,2022-01-15
5,1,4,0,Northampton,2022-01-16
37,9,28,0,Northampton,2022-01-17
57,4,53,0,Northampton,2022-01-19
51,7,44,0,Northampton,2022-01-20
3,1,2,0,Northampton,2022-01-22
8,0,8,0,Northampton,2022-01-23
46,13,33,0,Northampton,2022-01-25
24,5,19,0,Northampton,2022-01-26
6,1,5,0,Northampton,2022-01-29
20,6,14,0,Northampton,2022-02-01
6,2,4,0,Northampton,2022-02-03
2,1,1,0,Northampton,2022-02-05
4,1,3,0,Northampton,2022-02-06
9,1,8,0,Northampton,2022-02-07
1,0,1,0,Northampton,2022-02-08
6,2,4,0,Northampton,2022-02-09
6,0,6,0,Northampton,2022-02-10
3,0,3,0,Northampton,2022-02-11
1,0,1,0,Northampton,2022-02-13
8,0,8,0,Northampton,2022-02-14
7,0,7,0,Northampton,2022-02-15
2,0,2,0,Northampton,2022-02-16
4,0,4,0,Northampton,2022-02-17
1,0,1,0,Northampton,2022-02-18
0,0,0,0,Northampton,2022-02-19
2,0,2,0,Northampton,2022-02-20
5,2,3,0,Northampton,2022-02-21
1,0,1,0,Northampton,2022-02-23
1,0,1,0,Northampton,2022-02-24
1,0,1,0,Northampton,2022-02-25
1,0,1,0,Northampton,2022-02-26
1,0,1,0,Northampton,2022-02-28
0,0,0,0,Northampton,2022-03-01
1,0,1,0,Northampton,2022-03-02
2,1,1,0,Northampton,2022-03-03
1,1,0,0,Northampton,2022-03-04
0,0,0,0,Northampton,2022-03-05
1,0,1,0,Northampton,2022-03-06
1,0,1,0,Northampton,2022-03-07
0,0,0,0,Northampton,2022-03-08
0,0,0,0,Northampton,2022-03-09
0,0,0,0,Northampton,2022-03-10
0,0,0,0,Northampton,2022-03-11
1,0,1,0,Northampton,2022-03-12
0,0,0,0,Northampton,2022-03-13
0,0,0,0,Northampton,2022-03-14
0,0,0,0,Northampton,2022-03-15
1,0,1,0,Northampton,2022-03-16
0,0,0,0,Northampton,2022-03-17
0,0,0,0,Northampton,2022-03-18
0,0,0,0,Northampton,2022-03-19
0,0,0,0,Northampton,2022-03-20
4,0,4,0,Northampton,2022-03-21
1,0,1,0,Northampton,2022-03-22
0,0,0,0,Northampton,2022-03-23
0,0,0,0,Northampton,2022-03-24
0,0,0,0,Northampton,2022-03-25
0,0,0,0,Northampton,2022-03-26
0,0,0,0,Northampton,2022-03-27
0,0,0,0,Northampton,2022-03-28
0,0,0,0,Northampton,2022-03-29
0,0,0,0,Northampton,2022-03-30
0,0,0,0,Northampton,2022-03-31
0,0,0,0,Northampton,2022-04-01
0,0,0,0,Northampton,2022-04-02
0,0,0,0,Northampton,2022-04-03
0,0,0,0,Northampton,2022-04-04
0,0,0,0,Northampton,2022-04-05
1,1,0,0,Northampton,2022-04-06
0,0,0,0,Northampton,2022-04-07
1,0,1,0,Northampton,2022-04-08
0,0,0,0,Northampton,2022-04-09
0,0,0,0,Northampton,2022-04-10
0,0,0,0,Northampton,2022-04-11
0,0,0,0,Northampton,2022-04-12
1,0,1,0,Northampton,2022-04-13
0,0,0,0,Northampton,2022-04-14
0,0,0,0,Northampton,2022-04-15
1,0,1,0,Northampton,2022-04-16
0,0,0,0,Northampton,2022-04-17
0,0,0,0,Northampton,2022-04-18
1,0,1,0,Northampton,2022-04-19
2,0,2,0,Northampton,2022-04-20
1,0,1,0,Northampton,2022-04-21
1,1,0,0,Northampton,2022-04-22
0,0,0,0,Northampton,2022-04-23
0,0,0,0,Northampton,2022-04-24
3,2,1,0,Northampton,2022-04-25
6,0,6,0,Northampton,2022-04-26
0,0,0,0,Northampton,2022-04-27
1,0,1,0,Northampton,2022-04-28
1,0,1,0,Northampton,2022-04-29
0,0,0,0,Northampton,2022-04-30
0,0,0,0,Northampton,2022-05-01
3,0,3,0,Northampton,2022-05-02
3,0,3,0,Northampton,2022-05-03
4,2,2,0,Northampton,2022-05-04
2,1,1,0,Northampton,2022-05-05
0,0,0,0,Northampton,2022-05-06
1,0,1,0,Northampton,2022-05-07
22,1,21,0,Onslow,2021-11-09
22,3,19,0,Onslow,2021-11-10
18,4,14,0,Onslow,2021-11-11
11,2,9,0,Onslow,2021-11-12
5,0,5,0,Onslow,2021-11-14
35,8,27,0,Onslow,2021-11-15
26,4,22,0,Onslow,2021-11-16
16,2,14,0,Onslow,2021-11-17
26,6,20,0,Onslow,2021-11-18
15,4,11,0,Onslow,2021-11-19
9,1,8,0,Onslow,2021-11-20
10,1,9,0,Onslow,2021-11-21
29,2,27,0,Onslow,2021-11-22
15,2,13,0,Onslow,2021-11-23
17,3,14,0,Onslow,2021-11-24
20,2,18,0,Onslow,2021-11-26
21,3,18,0,Onslow,2021-11-27
15,2,13,0,Onslow,2021-11-28
92,13,79,0,Onslow,2021-11-29
52,4,48,0,Onslow,2021-11-30
50,12,38,0,Onslow,2021-12-01
61,6,55,0,Onslow,2021-12-02
21,3,18,0,Onslow,2021-12-04
21,3,18,0,Onslow,2021-12-05
41,5,36,0,Onslow,2021-12-07
46,7,39,0,Onslow,2021-12-08
43,9,34,0,Onslow,2021-12-09
37,4,33,0,Onslow,2021-12-10
31,2,29,0,Onslow,2021-12-11
18,0,18,0,Onslow,2021-12-12
67,15,52,0,Onslow,2021-12-13
69,12,57,0,Onslow,2021-12-14
58,10,48,0,Onslow,2021-12-15
49,3,46,0,Onslow,2021-12-17
29,4,25,0,Onslow,2021-12-18
14,2,12,0,Onslow,2021-12-19
83,11,72,0,Onslow,2021-12-22
83,14,69,0,Onslow,2021-12-23
47,7,40,0,Onslow,2021-12-24
15,0,15,0,Onslow,2021-12-25
214,25,189,0,Onslow,2021-12-27
338,22,316,0,Onslow,2021-12-28
321,29,292,0,Onslow,2021-12-29
342,57,285,0,Onslow,2021-12-30
162,51,111,0,Onslow,2021-12-31
140,55,85,0,Onslow,2022-01-02
440,91,349,0,Onslow,2022-01-03
841,131,710,0,Onslow,2022-01-04
741,81,660,0,Onslow,2022-01-06
189,51,138,0,Onslow,2022-01-08
224,48,176,0,Onslow,2022-01-09
878,135,743,0,Onslow,2022-01-12
932,127,805,0,Onslow,2022-01-13
704,114,590,0,Onslow,2022-01-17
1152,91,1061,0,Onslow,2022-01-18
129,4,125,0,Onslow,2022-01-30
154,20,134,0,Onslow,2022-02-08
88,11,77,0,Onslow,2022-02-15
16,3,13,0,Onslow,2022-02-19
20,2,18,0,Onslow,2022-02-20
21,0,21,0,Onslow,2022-02-21
37,4,33,0,Onslow,2022-02-23
29,1,28,0,Onslow,2022-02-25
35,7,28,0,Onslow,2022-02-28
18,7,11,0,Onslow,2022-03-01
17,4,13,0,Onslow,2022-03-03
7,1,6,0,Onslow,2022-03-04
6,1,5,0,Onslow,2022-03-06
16,1,15,0,Onslow,2022-03-07
21,4,17,0,Onslow,2022-03-08
5,1,4,0,Onslow,2022-03-09
3,0,3,0,Onslow,2022-03-12
6,1,5,0,Onslow,2022-03-13
5,0,5,0,Onslow,2022-03-15
5,0,5,0,Onslow,2022-03-17
6,0,6,0,Onslow,2022-03-18
3,0,3,0,Onslow,2022-03-19
4,1,3,0,Onslow,2022-03-20
7,0,7,0,Onslow,2022-03-21
4,0,4,0,Onslow,2022-03-22
4,1,3,0,Onslow,2022-03-23
3,0,3,0,Onslow,2022-03-24
4,1,3,0,Onslow,2022-03-25
5,3,2,0,Onslow,2022-03-26
5,4,1,0,Onslow,2022-03-27
3,0,3,0,Onslow,2022-03-28
4,1,3,0,Onslow,2022-03-29
6,2,4,0,Onslow,2022-03-30
5,1,4,0,Onslow,2022-03-31
2,1,1,0,Onslow,2022-04-01
1,0,1,0,Onslow,2022-04-02
0,0,0,0,Onslow,2022-04-03
2,1,1,0,Onslow,2022-04-04
8,0,8,0,Onslow,2022-04-05
6,0,6,0,Onslow,2022-04-06
7,1,6,0,Onslow,2022-04-08
5,0,5,0,Onslow,2022-04-09
8,1,7,0,Onslow,2022-04-10
12,4,8,0,Onslow,2022-04-11
9,0,9,0,Onslow,2022-04-12
11,2,9,0,Onslow,2022-04-13
8,2,6,0,Onslow,2022-04-14
3,0,3,0,Onslow,2022-04-15
8,0,8,0,Onslow,2022-04-16
2,0,2,0,Onslow,2022-04-17
15,2,13,0,Onslow,2022-04-19
15,2,13,0,Onslow,2022-04-20
9,2,7,0,Onslow,2022-04-21
18,1,17,0,Onslow,2022-04-22
9,0,9,0,Onslow,2022-04-23
9,2,7,0,Onslow,2022-04-24
22,4,18,0,Onslow,2022-04-25
18,4,14,0,Onslow,2022-04-26
21,4,17,0,Onslow,2022-04-27
24,0,24,0,Onslow,2022-04-28
21,3,18,0,Onslow,2022-04-29
3,0,3,0,Onslow,2022-04-30
21,3,18,0,Onslow,2022-05-01
42,4,38,0,Onslow,2022-05-02
31,3,28,0,Onslow,2022-05-03
43,9,34,0,Onslow,2022-05-04
48,16,32,0,Onslow,2022-05-05
14,3,11,0,Onslow,2022-05-06
5,0,5,0,Onslow,2022-05-07
17,0,17,0,Orange,2021-11-09
27,0,27,0,Orange,2021-11-10
24,0,24,0,Orange,2021-11-11
8,0,8,0,Orange,2021-11-12
9,0,9,0,Orange,2021-11-13
7,0,7,0,Orange,2021-11-14
14,0,14,0,Orange,2021-11-16
17,2,15,0,Orange,2021-11-17
11,0,11,0,Orange,2021-11-19
8,0,8,0,Orange,2021-11-20
9,0,9,0,Orange,2021-11-21
19,2,17,0,Orange,2021-11-22
13,0,13,0,Orange,2021-11-23
10,0,10,0,Orange,2021-11-24
15,1,14,0,Orange,2021-11-26
9,1,8,0,Orange,2021-11-27
16,0,16,0,Orange,2021-11-28
58,4,54,0,Orange,2021-11-29
36,1,35,0,Orange,2021-11-30
25,1,24,0,Orange,2021-12-02
30,1,29,0,Orange,2021-12-03
32,2,30,0,Orange,2021-12-06
31,1,30,0,Orange,2021-12-07
21,2,19,0,Orange,2021-12-08
25,0,25,0,Orange,2021-12-09
20,2,18,0,Orange,2021-12-10
12,0,12,0,Orange,2021-12-11
10,0,10,0,Orange,2021-12-12
36,1,35,0,Orange,2021-12-13
43,3,40,0,Orange,2021-12-14
44,1,43,0,Orange,2021-12-15
63,2,61,0,Orange,2021-12-16
30,1,29,0,Orange,2021-12-18
31,4,27,0,Orange,2021-12-19
94,2,92,0,Orange,2021-12-20
115,10,105,0,Orange,2021-12-21
120,2,118,0,Orange,2021-12-22
19,4,15,0,Orange,2021-12-25
113,1,112,0,Orange,2021-12-26
245,20,225,0,Orange,2021-12-27
309,14,295,0,Orange,2021-12-28
332,22,310,0,Orange,2021-12-29
287,14,273,0,Orange,2021-12-30
480,28,452,0,Orange,2022-01-03
488,24,464,0,Orange,2022-01-05
480,24,456,0,Orange,2022-01-06
353,14,339,0,Orange,2022-01-07
580,21,559,0,Orange,2022-01-10
484,25,459,0,Orange,2022-01-12
517,25,492,0,Orange,2022-01-13
193,5,188,0,Orange,2022-01-15
209,14,195,0,Orange,2022-01-17
402,13,389,0,Orange,2022-01-20
192,6,186,0,Orange,2022-01-21
49,6,43,0,Orange,2022-01-22
253,10,243,0,Orange,2022-01-26
170,11,159,0,Orange,2022-01-28
75,4,71,0,Orange,2022-01-29
226,11,215,0,Orange,2022-01-31
152,9,143,0,Orange,2022-02-01
127,7,120,0,Orange,2022-02-02
141,9,132,0,Orange,2022-02-03
53,3,50,0,Orange,2022-02-05
134,8,126,0,Orange,2022-02-07
85,3,82,0,Orange,2022-02-08
84,3,81,0,Orange,2022-02-09
58,3,55,0,Orange,2022-02-11
14,2,12,0,Orange,2022-02-13
74,3,71,0,Orange,2022-02-14
42,2,40,0,Orange,2022-02-17
21,2,19,0,Orange,2022-02-19
14,3,11,0,Orange,2022-02-20
28,1,27,0,Orange,2022-02-22
32,2,30,0,Orange,2022-02-23
26,2,24,0,Orange,2022-02-24
5,2,3,0,Orange,2022-02-26
3,1,2,0,Orange,2022-02-27
16,1,15,0,Orange,2022-03-01
12,2,10,0,Orange,2022-03-02
13,3,10,0,Orange,2022-03-04
7,0,7,0,Orange,2022-03-05
7,0,7,0,Orange,2022-03-06
13,1,12,0,Orange,2022-03-08
15,0,15,0,Orange,2022-03-10
9,1,8,0,Orange,2022-03-11
9,3,6,0,Orange,2022-03-12
6,0,6,0,Orange,2022-03-13
6,0,6,0,Orange,2022-03-14
10,2,8,0,Orange,2022-03-15
11,0,11,0,Orange,2022-03-16
8,0,8,0,Orange,2022-03-17
9,1,8,0,Orange,2022-03-18
4,2,2,0,Orange,2022-03-20
21,4,17,0,Orange,2022-03-21
17,3,14,0,Orange,2022-03-22
19,1,18,0,Orange,2022-03-23
13,1,12,0,Orange,2022-03-24
19,6,13,0,Orange,2022-03-25
5,0,5,0,Orange,2022-03-26
10,0,10,0,Orange,2022-03-27
20,1,19,0,Orange,2022-03-28
21,1,20,0,Orange,2022-03-29
20,1,19,0,Orange,2022-03-30
22,2,20,0,Orange,2022-03-31
11,5,6,0,Orange,2022-04-01
7,1,6,0,Orange,2022-04-02
9,2,7,0,Orange,2022-04-03
29,3,26,0,Orange,2022-04-04
29,4,25,0,Orange,2022-04-05
55,4,51,0,Orange,2022-04-07
96,2,94,0,Orange,2022-04-08
24,2,22,0,Orange,2022-04-10
135,6,129,0,Orange,2022-04-11
91,5,86,0,Orange,2022-04-12
97,3,94,0,Orange,2022-04-13
73,4,69,0,Orange,2022-04-14
57,2,55,0,Orange,2022-04-15
9,1,8,0,Orange,2022-04-17
89,4,85,0,Orange,2022-04-18
82,3,79,0,Orange,2022-04-19
51,6,45,0,Orange,2022-04-20
59,7,52,0,Orange,2022-04-21
52,3,49,0,Orange,2022-04-22
31,5,26,0,Orange,2022-04-23
18,5,13,0,Orange,2022-04-24
58,5,53,0,Orange,2022-04-25
53,3,50,0,Orange,2022-04-27
51,6,45,0,Orange,2022-04-28
51,4,47,0,Orange,2022-04-29
32,4,28,0,Orange,2022-04-30
24,2,22,0,Orange,2022-05-01
77,12,65,0,Orange,2022-05-02
92,9,83,0,Orange,2022-05-03
75,7,68,0,Orange,2022-05-05
61,4,57,0,Orange,2022-05-06
0,0,0,0,Pamlico,2021-11-09
0,0,0,0,Pamlico,2021-11-10
0,0,0,0,Pamlico,2021-11-11
0,0,0,0,Pamlico,2021-11-12
0,0,0,0,Pamlico,2021-11-13
1,0,1,0,Pamlico,2021-11-14
5,1,4,0,Pamlico,2021-11-15
2,2,0,0,Pamlico,2021-11-16
3,0,3,0,Pamlico,2021-11-17
4,3,1,0,Pamlico,2021-11-18
0,0,0,0,Pamlico,2021-11-19
2,1,1,0,Pamlico,2021-11-20
0,0,0,0,Pamlico,2021-11-21
2,1,1,0,Pamlico,2021-11-22
4,1,3,0,Pamlico,2021-11-23
1,0,1,0,Pamlico,2021-11-24
0,0,0,0,Pamlico,2021-11-25
0,0,0,0,Pamlico,2021-11-26
0,0,0,0,Pamlico,2021-11-27
1,0,1,0,Pamlico,2021-11-28
2,1,1,0,Pamlico,2021-11-29
0,0,0,0,Pamlico,2021-11-30
1,0,1,0,Pamlico,2021-12-01
1,1,0,0,Pamlico,2021-12-02
0,0,0,0,Pamlico,2021-12-03
2,0,2,0,Pamlico,2021-12-04
1,0,1,0,Pamlico,2021-12-05
3,1,2,0,Pamlico,2021-12-06
1,0,1,0,Pamlico,2021-12-07
3,0,3,0,Pamlico,2021-12-08
2,0,2,0,Pamlico,2021-12-09
4,3,1,0,Pamlico,2021-12-10
0,0,0,0,Pamlico,2021-12-11
0,0,0,0,Pamlico,2021-12-12
3,1,2,0,Pamlico,2021-12-13
3,0,3,0,Pamlico,2021-12-14
1,1,0,0,Pamlico,2021-12-15
1,1,0,0,Pamlico,2021-12-16
3,2,1,0,Pamlico,2021-12-17
1,0,1,0,Pamlico,2021-12-18
4,1,3,0,Pamlico,2021-12-19
5,2,3,0,Pamlico,2021-12-20
4,0,4,0,Pamlico,2021-12-21
2,0,2,0,Pamlico,2021-12-22
2,0,2,0,Pamlico,2021-12-23
3,0,3,0,Pamlico,2021-12-24
0,0,0,0,Pamlico,2021-12-25
5,1,4,0,Pamlico,2021-12-26
10,4,6,0,Pamlico,2021-12-27
6,0,6,0,Pamlico,2021-12-28
5,3,2,0,Pamlico,2021-12-29
6,3,3,0,Pamlico,2021-12-30
5,0,5,0,Pamlico,2021-12-31
3,0,3,0,Pamlico,2022-01-01
7,2,5,0,Pamlico,2022-01-02
21,2,19,0,Pamlico,2022-01-04
18,2,16,0,Pamlico,2022-01-05
22,1,21,0,Pamlico,2022-01-06
31,4,27,0,Pamlico,2022-01-07
5,0,5,0,Pamlico,2022-01-08
4,2,2,0,Pamlico,2022-01-09
34,5,29,0,Pamlico,2022-01-10
47,6,41,0,Pamlico,2022-01-11
23,1,22,0,Pamlico,2022-01-12
36,2,34,0,Pamlico,2022-01-13
33,1,32,0,Pamlico,2022-01-14
9,0,9,0,Pamlico,2022-01-15
8,1,7,0,Pamlico,2022-01-16
24,2,22,0,Pamlico,2022-01-17
40,5,35,0,Pamlico,2022-01-18
45,4,41,0,Pamlico,2022-01-19
32,4,28,0,Pamlico,2022-01-20
5,0,5,0,Pamlico,2022-01-21
1,0,1,0,Pamlico,2022-01-22
5,0,5,0,Pamlico,2022-01-23
39,2,37,0,Pamlico,2022-01-24
22,1,21,0,Pamlico,2022-01-25
13,1,12,0,Pamlico,2022-01-26
17,3,14,0,Pamlico,2022-01-27
9,0,9,0,Pamlico,2022-01-28
5,0,5,0,Pamlico,2022-01-29
6,0,6,0,Pamlico,2022-01-30
18,4,14,0,Pamlico,2022-01-31
13,0,13,0,Pamlico,2022-02-02
9,0,9,0,Pamlico,2022-02-03
6,0,6,0,Pamlico,2022-02-04
2,0,2,0,Pamlico,2022-02-05
8,0,8,0,Pamlico,2022-02-06
11,1,10,0,Pamlico,2022-02-07
16,1,15,0,Pamlico,2022-02-08
4,0,4,0,Pamlico,2022-02-09
4,0,4,0,Pamlico,2022-02-10
5,1,4,0,Pamlico,2022-02-11
7,0,7,0,Pamlico,2022-02-12
2,0,2,0,Pamlico,2022-02-13
3,0,3,0,Pamlico,2022-02-14
6,0,6,0,Pamlico,2022-02-15
6,0,6,0,Pamlico,2022-02-16
5,1,4,0,Pamlico,2022-02-17
2,0,2,0,Pamlico,2022-02-18
1,0,1,0,Pamlico,2022-02-19
0,0,0,0,Pamlico,2022-02-20
4,0,4,0,Pamlico,2022-02-21
3,0,3,0,Pamlico,2022-02-23
2,0,2,0,Pamlico,2022-02-24
1,0,1,0,Pamlico,2022-02-26
0,0,0,0,Pamlico,2022-02-27
0,0,0,0,Pamlico,2022-02-28
2,0,2,0,Pamlico,2022-03-01
1,0,1,0,Pamlico,2022-03-02
1,0,1,0,Pamlico,2022-03-03
1,0,1,0,Pamlico,2022-03-04
0,0,0,0,Pamlico,2022-03-05
0,0,0,0,Pamlico,2022-03-06
1,0,1,0,Pamlico,2022-03-07
0,0,0,0,Pamlico,2022-03-08
2,0,2,0,Pamlico,2022-03-09
0,0,0,0,Pamlico,2022-03-10
0,0,0,0,Pamlico,2022-03-11
0,0,0,0,Pamlico,2022-03-12
0,0,0,0,Pamlico,2022-03-13
0,0,0,0,Pamlico,2022-03-14
0,0,0,0,Pamlico,2022-03-15
2,0,2,0,Pamlico,2022-03-16
0,0,0,0,Pamlico,2022-03-17
0,0,0,0,Pamlico,2022-03-18
0,0,0,0,Pamlico,2022-03-19
0,0,0,0,Pamlico,2022-03-20
1,1,0,0,Pamlico,2022-03-21
0,0,0,0,Pamlico,2022-03-22
0,0,0,0,Pamlico,2022-03-23
0,0,0,0,Pamlico,2022-03-24
0,0,0,0,Pamlico,2022-03-25
0,0,0,0,Pamlico,2022-03-26
0,0,0,0,Pamlico,2022-03-27
0,0,0,0,Pamlico,2022-03-28
0,0,0,0,Pamlico,2022-03-29
1,1,0,0,Pamlico,2022-03-30
0,0,0,0,Pamlico,2022-03-31
0,0,0,0,Pamlico,2022-04-01
0,0,0,0,Pamlico,2022-04-02
0,0,0,0,Pamlico,2022-04-03
0,0,0,0,Pamlico,2022-04-04
1,1,0,0,Pamlico,2022-04-05
0,0,0,0,Pamlico,2022-04-06
0,0,0,0,Pamlico,2022-04-07
3,2,1,0,Pamlico,2022-04-08
0,0,0,0,Pamlico,2022-04-09
0,0,0,0,Pamlico,2022-04-10
0,0,0,0,Pamlico,2022-04-11
0,0,0,0,Pamlico,2022-04-12
2,0,2,0,Pamlico,2022-04-13
3,0,3,0,Pamlico,2022-04-14
0,0,0,0,Pamlico,2022-04-15
0,0,0,0,Pamlico,2022-04-16
1,1,0,0,Pamlico,2022-04-17
3,1,2,0,Pamlico,2022-04-18
3,2,1,0,Pamlico,2022-04-19
1,0,1,0,Pamlico,2022-04-20
0,0,0,0,Pamlico,2022-04-21
2,1,1,0,Pamlico,2022-04-22
0,0,0,0,Pamlico,2022-04-23
0,0,0,0,Pamlico,2022-04-24
2,1,1,0,Pamlico,2022-04-25
0,0,0,0,Pamlico,2022-04-26
0,0,0,0,Pamlico,2022-04-27
1,1,0,0,Pamlico,2022-04-28
0,0,0,0,Pamlico,2022-04-29
1,0,1,0,Pamlico,2022-04-30
2,0,2,0,Pamlico,2022-05-01
6,4,2,0,Pamlico,2022-05-02
0,0,0,0,Pamlico,2022-05-03
1,1,0,0,Pamlico,2022-05-04
2,1,1,0,Pamlico,2022-05-05
1,0,1,0,Pamlico,2022-05-06
7,2,5,0,Pasquotank,2021-11-09
10,4,6,0,Pasquotank,2021-11-10
7,5,2,0,Pasquotank,2021-11-11
2,1,1,0,Pasquotank,2021-11-13
5,2,3,0,Pasquotank,2021-11-14
6,3,3,0,Pasquotank,2021-11-18
10,0,10,0,Pasquotank,2021-11-19
6,0,6,0,Pasquotank,2021-11-20
3,0,3,0,Pasquotank,2021-11-21
16,0,16,0,Pasquotank,2021-11-22
10,3,7,0,Pasquotank,2021-11-23
8,0,8,0,Pasquotank,2021-11-24
1,0,1,0,Pasquotank,2021-11-25
3,1,2,0,Pasquotank,2021-11-28
18,7,11,0,Pasquotank,2021-11-29
21,11,10,0,Pasquotank,2021-11-30
5,1,4,0,Pasquotank,2021-12-01
8,3,5,0,Pasquotank,2021-12-02
8,2,6,0,Pasquotank,2021-12-03
5,2,3,0,Pasquotank,2021-12-04
4,2,2,0,Pasquotank,2021-12-05
12,6,6,0,Pasquotank,2021-12-06
12,3,9,0,Pasquotank,2021-12-07
7,2,5,0,Pasquotank,2021-12-08
10,3,7,0,Pasquotank,2021-12-09
11,4,7,0,Pasquotank,2021-12-10
3,0,3,0,Pasquotank,2021-12-11
3,0,3,0,Pasquotank,2021-12-12
8,3,5,0,Pasquotank,2021-12-13
18,7,11,0,Pasquotank,2021-12-14
13,6,7,0,Pasquotank,2021-12-15
6,1,5,0,Pasquotank,2021-12-16
6,2,4,0,Pasquotank,2021-12-17
4,1,3,0,Pasquotank,2021-12-18
5,2,3,0,Pasquotank,2021-12-19
14,3,11,0,Pasquotank,2021-12-20
14,4,10,0,Pasquotank,2021-12-21
6,2,4,0,Pasquotank,2021-12-22
10,5,5,0,Pasquotank,2021-12-23
6,2,4,0,Pasquotank,2021-12-25
17,3,14,0,Pasquotank,2021-12-26
36,12,24,0,Pasquotank,2021-12-28
57,12,45,0,Pasquotank,2021-12-29
58,12,46,0,Pasquotank,2021-12-30
46,5,41,0,Pasquotank,2021-12-31
35,3,32,0,Pasquotank,2022-01-01
107,23,84,0,Pasquotank,2022-01-04
107,25,82,0,Pasquotank,2022-01-05
101,25,76,0,Pasquotank,2022-01-06
68,25,43,0,Pasquotank,2022-01-07
35,3,32,0,Pasquotank,2022-01-08
33,2,31,0,Pasquotank,2022-01-09
135,38,97,0,Pasquotank,2022-01-10
68,19,49,0,Pasquotank,2022-01-12
65,33,32,0,Pasquotank,2022-01-13
75,31,44,0,Pasquotank,2022-01-14
40,16,24,0,Pasquotank,2022-01-15
45,19,26,0,Pasquotank,2022-01-16
87,21,66,0,Pasquotank,2022-01-17
138,19,119,0,Pasquotank,2022-01-19
101,13,88,0,Pasquotank,2022-01-20
9,0,9,0,Pasquotank,2022-01-22
94,16,78,0,Pasquotank,2022-01-24
67,6,61,0,Pasquotank,2022-01-26
16,2,14,0,Pasquotank,2022-01-29
33,9,24,0,Pasquotank,2022-02-01
4,0,4,0,Pasquotank,2022-02-06
6,4,2,0,Pasquotank,2022-02-08
6,0,6,0,Pasquotank,2022-02-09
8,1,7,0,Pasquotank,2022-02-10
3,0,3,0,Pasquotank,2022-02-11
6,2,4,0,Pasquotank,2022-02-12
2,1,1,0,Pasquotank,2022-02-13
9,2,7,0,Pasquotank,2022-02-14
8,5,3,0,Pasquotank,2022-02-15
27,1,26,0,Pasquotank,2022-02-16
13,4,9,0,Pasquotank,2022-02-17
5,1,4,0,Pasquotank,2022-02-18
2,1,1,0,Pasquotank,2022-02-19
4,0,4,0,Pasquotank,2022-02-20
5,0,5,0,Pasquotank,2022-02-22
7,5,2,0,Pasquotank,2022-02-23
9,2,7,0,Pasquotank,2022-02-24
0,0,0,0,Pasquotank,2022-02-25
2,0,2,0,Pasquotank,2022-02-26
1,0,1,0,Pasquotank,2022-02-27
5,3,2,0,Pasquotank,2022-03-01
2,0,2,0,Pasquotank,2022-03-02
1,0,1,0,Pasquotank,2022-03-03
2,0,2,0,Pasquotank,2022-03-04
0,0,0,0,Pasquotank,2022-03-05
0,0,0,0,Pasquotank,2022-03-06
3,1,2,0,Pasquotank,2022-03-07
1,1,0,0,Pasquotank,2022-03-08
0,0,0,0,Pasquotank,2022-03-09
1,0,1,0,Pasquotank,2022-03-10
2,0,2,0,Pasquotank,2022-03-11
0,0,0,0,Pasquotank,2022-03-12
2,1,1,0,Pasquotank,2022-03-13
0,0,0,0,Pasquotank,2022-03-14
0,0,0,0,Pasquotank,2022-03-15
2,0,2,0,Pasquotank,2022-03-16
3,2,1,0,Pasquotank,2022-03-17
0,0,0,0,Pasquotank,2022-03-18
1,0,1,0,Pasquotank,2022-03-19
0,0,0,0,Pasquotank,2022-03-20
0,0,0,0,Pasquotank,2022-03-21
2,2,0,0,Pasquotank,2022-03-23
0,0,0,0,Pasquotank,2022-03-24
4,2,2,0,Pasquotank,2022-03-25
1,0,1,0,Pasquotank,2022-03-26
0,0,0,0,Pasquotank,2022-03-27
2,1,1,0,Pasquotank,2022-03-28
0,0,0,0,Pasquotank,2022-03-29
1,1,0,0,Pasquotank,2022-03-30
0,0,0,0,Pasquotank,2022-03-31
0,0,0,0,Pasquotank,2022-04-01
0,0,0,0,Pasquotank,2022-04-02
0,0,0,0,Pasquotank,2022-04-03
0,0,0,0,Pasquotank,2022-04-04
1,0,1,0,Pasquotank,2022-04-05
1,0,1,0,Pasquotank,2022-04-06
2,0,2,0,Pasquotank,2022-04-07
1,0,1,0,Pasquotank,2022-04-08
0,0,0,0,Pasquotank,2022-04-09
1,0,1,0,Pasquotank,2022-04-10
2,0,2,0,Pasquotank,2022-04-11
3,0,3,0,Pasquotank,2022-04-12
0,0,0,0,Pasquotank,2022-04-13
0,0,0,0,Pasquotank,2022-04-14
1,1,0,0,Pasquotank,2022-04-15
1,0,1,0,Pasquotank,2022-04-16
1,1,0,0,Pasquotank,2022-04-17
1,0,1,0,Pasquotank,2022-04-18
1,0,1,0,Pasquotank,2022-04-19
2,1,1,0,Pasquotank,2022-04-20
0,0,0,0,Pasquotank,2022-04-21
2,1,1,0,Pasquotank,2022-04-22
1,0,1,0,Pasquotank,2022-04-23
2,0,2,0,Pasquotank,2022-04-24
2,0,2,0,Pasquotank,2022-04-25
2,1,1,0,Pasquotank,2022-04-26
2,1,1,0,Pasquotank,2022-04-27
9,3,6,0,Pasquotank,2022-04-28
3,1,2,0,Pasquotank,2022-04-29
0,0,0,0,Pasquotank,2022-04-30
2,1,1,0,Pasquotank,2022-05-01
1,1,0,0,Pasquotank,2022-05-02
3,2,1,0,Pasquotank,2022-05-03
8,1,7,0,Pasquotank,2022-05-04
4,1,3,0,Pasquotank,2022-05-05
7,2,5,0,Pasquotank,2022-05-06
4,2,2,0,Pasquotank,2022-05-07
12,4,8,0,Pender,2021-11-09
23,4,19,0,Pender,2021-11-10
15,7,8,0,Pender,2021-11-11
15,6,9,0,Pender,2021-11-12
4,2,2,0,Pender,2021-11-13
13,3,10,0,Pender,2021-11-14
23,5,18,0,Pender,2021-11-15
11,2,9,0,Pender,2021-11-16
21,7,14,0,Pender,2021-11-17
15,3,12,0,Pender,2021-11-18
14,0,14,0,Pender,2021-11-19
15,1,14,0,Pender,2021-11-21
23,9,14,0,Pender,2021-11-22
14,3,11,0,Pender,2021-11-23
15,4,11,0,Pender,2021-11-24
0,0,0,0,Pender,2021-11-25
8,3,5,0,Pender,2021-11-26
10,1,9,0,Pender,2021-11-27
24,7,17,0,Pender,2021-11-28
37,7,30,0,Pender,2021-11-30
19,4,15,0,Pender,2021-12-01
18,3,15,0,Pender,2021-12-02
18,4,14,0,Pender,2021-12-03
7,1,6,0,Pender,2021-12-04
3,2,1,0,Pender,2021-12-05
25,10,15,0,Pender,2021-12-06
16,3,13,0,Pender,2021-12-07
14,3,11,0,Pender,2021-12-08
13,2,11,0,Pender,2021-12-09
18,6,12,0,Pender,2021-12-10
6,0,6,0,Pender,2021-12-11
8,5,3,0,Pender,2021-12-12
23,4,19,0,Pender,2021-12-13
27,7,20,0,Pender,2021-12-14
17,2,15,0,Pender,2021-12-15
12,0,12,0,Pender,2021-12-17
15,0,15,0,Pender,2021-12-19
37,4,33,0,Pender,2021-12-20
38,7,31,0,Pender,2021-12-21
31,5,26,0,Pender,2021-12-22
40,7,33,0,Pender,2021-12-23
20,9,11,0,Pender,2021-12-24
13,0,13,0,Pender,2021-12-25
36,10,26,0,Pender,2021-12-26
104,10,94,0,Pender,2021-12-28
92,5,87,0,Pender,2021-12-29
110,19,91,0,Pender,2021-12-30
47,10,37,0,Pender,2021-12-31
26,7,19,0,Pender,2022-01-01
44,10,34,0,Pender,2022-01-02
112,14,98,0,Pender,2022-01-05
155,17,138,0,Pender,2022-01-06
129,14,115,0,Pender,2022-01-07
68,12,56,0,Pender,2022-01-08
250,32,218,0,Pender,2022-01-10
214,27,187,0,Pender,2022-01-12
220,27,193,0,Pender,2022-01-13
345,53,292,0,Pender,2022-01-18
281,42,239,0,Pender,2022-01-19
224,26,198,0,Pender,2022-01-20
36,5,31,0,Pender,2022-01-22
56,17,39,0,Pender,2022-01-23
267,45,222,0,Pender,2022-01-24
104,18,86,0,Pender,2022-01-27
102,14,88,0,Pender,2022-01-28
33,2,31,0,Pender,2022-01-30
78,6,72,0,Pender,2022-02-01
62,14,48,0,Pender,2022-02-02
15,4,11,0,Pender,2022-02-05
83,14,69,0,Pender,2022-02-07
24,1,23,0,Pender,2022-02-10
12,1,11,0,Pender,2022-02-12
14,0,14,0,Pender,2022-02-15
16,1,15,0,Pender,2022-02-16
5,0,5,0,Pender,2022-02-17
9,3,6,0,Pender,2022-02-18
4,1,3,0,Pender,2022-02-20
7,0,7,0,Pender,2022-02-21
11,1,10,0,Pender,2022-02-22
5,0,5,0,Pender,2022-02-23
5,1,4,0,Pender,2022-02-24
7,1,6,0,Pender,2022-02-25
1,0,1,0,Pender,2022-02-26
1,0,1,0,Pender,2022-02-28
5,1,4,0,Pender,2022-03-01
1,0,1,0,Pender,2022-03-02
5,2,3,0,Pender,2022-03-03
2,0,2,0,Pender,2022-03-04
1,0,1,0,Pender,2022-03-05
2,0,2,0,Pender,2022-03-06
3,0,3,0,Pender,2022-03-07
3,0,3,0,Pender,2022-03-08
1,0,1,0,Pender,2022-03-09
0,0,0,0,Pender,2022-03-10
1,0,1,0,Pender,2022-03-11
1,0,1,0,Pender,2022-03-12
0,0,0,0,Pender,2022-03-13
5,4,1,0,Pender,2022-03-14
7,1,6,0,Pender,2022-03-15
2,0,2,0,Pender,2022-03-16
5,0,5,0,Pender,2022-03-17
0,0,0,0,Pender,2022-03-18
1,0,1,0,Pender,2022-03-19
0,0,0,0,Pender,2022-03-20
2,0,2,0,Pender,2022-03-21
1,0,1,0,Pender,2022-03-22
0,0,0,0,Pender,2022-03-23
1,0,1,0,Pender,2022-03-24
0,0,0,0,Pender,2022-03-25
0,0,0,0,Pender,2022-03-27
2,0,2,0,Pender,2022-03-28
1,0,1,0,Pender,2022-03-29
2,0,2,0,Pender,2022-03-30
2,0,2,0,Pender,2022-03-31
2,0,2,0,Pender,2022-04-01
0,0,0,0,Pender,2022-04-02
0,0,0,0,Pender,2022-04-03
4,0,4,0,Pender,2022-04-04
0,0,0,0,Pender,2022-04-05
2,0,2,0,Pender,2022-04-06
5,0,5,0,Pender,2022-04-07
9,0,9,0,Pender,2022-04-08
2,0,2,0,Pender,2022-04-09
0,0,0,0,Pender,2022-04-10
9,2,7,0,Pender,2022-04-11
6,1,5,0,Pender,2022-04-12
8,1,7,0,Pender,2022-04-13
5,2,3,0,Pender,2022-04-14
7,1,6,0,Pender,2022-04-15
1,0,1,0,Pender,2022-04-16
2,0,2,0,Pender,2022-04-17
3,1,2,0,Pender,2022-04-18
3,3,0,0,Pender,2022-04-19
2,0,2,0,Pender,2022-04-20
7,1,6,0,Pender,2022-04-21
5,1,4,0,Pender,2022-04-22
3,0,3,0,Pender,2022-04-23
6,2,4,0,Pender,2022-04-24
13,4,9,0,Pender,2022-04-25
4,1,3,0,Pender,2022-04-26
8,3,5,0,Pender,2022-04-27
4,0,4,0,Pender,2022-04-28
4,1,3,0,Pender,2022-04-29
1,0,1,0,Pender,2022-04-30
0,0,0,0,Pender,2022-05-01
6,1,5,0,Pender,2022-05-02
10,1,9,0,Pender,2022-05-03
10,1,9,0,Pender,2022-05-04
10,1,9,0,Pender,2022-05-05
5,0,5,0,Pender,2022-05-06
3,0,3,0,Pender,2022-05-07
7,5,2,0,Perquimans,2021-11-09
1,1,0,0,Perquimans,2021-11-10
4,1,3,0,Perquimans,2021-11-11
3,1,2,0,Perquimans,2021-11-12
2,0,2,0,Perquimans,2021-11-13
1,0,1,0,Perquimans,2021-11-14
12,8,4,0,Perquimans,2021-11-15
5,1,4,0,Perquimans,2021-11-16
3,0,3,0,Perquimans,2021-11-17
5,1,4,0,Perquimans,2021-11-19
3,0,3,0,Perquimans,2021-11-20
3,0,3,0,Perquimans,2021-11-21
8,0,8,0,Perquimans,2021-11-22
3,0,3,0,Perquimans,2021-11-23
9,1,8,0,Perquimans,2021-11-24
2,0,2,0,Perquimans,2021-11-26
5,0,5,0,Perquimans,2021-11-27
3,0,3,0,Perquimans,2021-11-28
9,2,7,0,Perquimans,2021-11-29
3,0,3,0,Perquimans,2021-11-30
2,0,2,0,Perquimans,2021-12-01
1,1,0,0,Perquimans,2021-12-02
2,0,2,0,Perquimans,2021-12-03
7,0,7,0,Perquimans,2021-12-04
7,0,7,0,Perquimans,2021-12-07
3,1,2,0,Perquimans,2021-12-08
0,0,0,0,Perquimans,2021-12-10
4,0,4,0,Perquimans,2021-12-11
1,0,1,0,Perquimans,2021-12-12
0,0,0,0,Perquimans,2021-12-13
9,1,8,0,Perquimans,2021-12-14
2,0,2,0,Perquimans,2021-12-15
9,3,6,0,Perquimans,2021-12-16
3,2,1,0,Perquimans,2021-12-17
6,1,5,0,Perquimans,2021-12-18
0,0,0,0,Perquimans,2021-12-19
10,5,5,0,Perquimans,2021-12-20
3,1,2,0,Perquimans,2021-12-21
15,6,9,0,Perquimans,2021-12-22
3,0,3,0,Perquimans,2021-12-24
0,0,0,0,Perquimans,2021-12-25
5,1,4,0,Perquimans,2021-12-26
12,1,11,0,Perquimans,2021-12-27
26,0,26,0,Perquimans,2021-12-28
17,1,16,0,Perquimans,2021-12-29
18,5,13,0,Perquimans,2021-12-30
8,0,8,0,Perquimans,2022-01-01
3,0,3,0,Perquimans,2022-01-02
55,10,45,0,Perquimans,2022-01-04
32,4,28,0,Perquimans,2022-01-05
33,8,25,0,Perquimans,2022-01-06
13,0,13,0,Perquimans,2022-01-08
13,0,13,0,Perquimans,2022-01-09
52,19,33,0,Perquimans,2022-01-10
35,7,28,0,Perquimans,2022-01-11
21,6,15,0,Perquimans,2022-01-13
34,6,28,0,Perquimans,2022-01-14
18,2,16,0,Perquimans,2022-01-15
10,3,7,0,Perquimans,2022-01-16
32,4,28,0,Perquimans,2022-01-17
24,5,19,0,Perquimans,2022-01-19
29,7,22,0,Perquimans,2022-01-20
10,1,9,0,Perquimans,2022-01-21
6,1,5,0,Perquimans,2022-01-22
6,0,6,0,Perquimans,2022-01-23
29,4,25,0,Perquimans,2022-01-24
21,7,14,0,Perquimans,2022-01-26
22,6,16,0,Perquimans,2022-01-27
11,1,10,0,Perquimans,2022-01-28
4,0,4,0,Perquimans,2022-01-29
5,0,5,0,Perquimans,2022-01-30
19,3,16,0,Perquimans,2022-01-31
12,4,8,0,Perquimans,2022-02-01
8,1,7,0,Perquimans,2022-02-02
13,0,13,0,Perquimans,2022-02-03
5,3,2,0,Perquimans,2022-02-05
5,1,4,0,Perquimans,2022-02-06
12,3,9,0,Perquimans,2022-02-07
5,1,4,0,Perquimans,2022-02-08
17,0,17,0,Perquimans,2022-02-09
4,2,2,0,Perquimans,2022-02-10
3,0,3,0,Perquimans,2022-02-11
1,0,1,0,Perquimans,2022-02-12
6,1,5,0,Perquimans,2022-02-13
7,3,4,0,Perquimans,2022-02-14
2,0,2,0,Perquimans,2022-02-15
0,0,0,0,Perquimans,2022-02-16
2,0,2,0,Perquimans,2022-02-17
2,0,2,0,Perquimans,2022-02-18
0,0,0,0,Perquimans,2022-02-19
2,0,2,0,Perquimans,2022-02-20
4,0,4,0,Perquimans,2022-02-21
2,2,0,0,Perquimans,2022-02-22
1,1,0,0,Perquimans,2022-02-23
0,0,0,0,Perquimans,2022-02-24
0,0,0,0,Perquimans,2022-02-25
1,0,1,0,Perquimans,2022-02-26
0,0,0,0,Perquimans,2022-02-27
1,0,1,0,Perquimans,2022-02-28
1,0,1,0,Perquimans,2022-03-01
2,0,2,0,Perquimans,2022-03-02
1,0,1,0,Perquimans,2022-03-03
1,1,0,0,Perquimans,2022-03-04
0,0,0,0,Perquimans,2022-03-05
1,0,1,0,Perquimans,2022-03-06
0,0,0,0,Perquimans,2022-03-07
2,0,2,0,Perquimans,2022-03-08
0,0,0,0,Perquimans,2022-03-09
0,0,0,0,Perquimans,2022-03-10
3,0,3,0,Perquimans,2022-03-11
0,0,0,0,Perquimans,2022-03-12
1,0,1,0,Perquimans,2022-03-13
0,0,0,0,Perquimans,2022-03-14
0,0,0,0,Perquimans,2022-03-15
0,0,0,0,Perquimans,2022-03-16
0,0,0,0,Perquimans,2022-03-17
1,1,0,0,Perquimans,2022-03-18
0,0,0,0,Perquimans,2022-03-19
0,0,0,0,Perquimans,2022-03-20
0,0,0,0,Perquimans,2022-03-22
0,0,0,0,Perquimans,2022-03-23
1,0,1,0,Perquimans,2022-03-24
0,0,0,0,Perquimans,2022-03-25
0,0,0,0,Perquimans,2022-03-26
1,1,0,0,Perquimans,2022-03-27
0,0,0,0,Perquimans,2022-03-28
0,0,0,0,Perquimans,2022-03-29
0,0,0,0,Perquimans,2022-03-30
0,0,0,0,Perquimans,2022-03-31
0,0,0,0,Perquimans,2022-04-01
0,0,0,0,Perquimans,2022-04-02
0,0,0,0,Perquimans,2022-04-03
1,0,1,0,Perquimans,2022-04-04
0,0,0,0,Perquimans,2022-04-05
3,2,1,0,Perquimans,2022-04-06
0,0,0,0,Perquimans,2022-04-07
0,0,0,0,Perquimans,2022-04-08
0,0,0,0,Perquimans,2022-04-09
0,0,0,0,Perquimans,2022-04-10
1,1,0,0,Perquimans,2022-04-11
0,0,0,0,Perquimans,2022-04-12
0,0,0,0,Perquimans,2022-04-13
0,0,0,0,Perquimans,2022-04-14
0,0,0,0,Perquimans,2022-04-15
0,0,0,0,Perquimans,2022-04-16
0,0,0,0,Perquimans,2022-04-17
0,0,0,0,Perquimans,2022-04-18
0,0,0,0,Perquimans,2022-04-19
0,0,0,0,Perquimans,2022-04-20
0,0,0,0,Perquimans,2022-04-21
0,0,0,0,Perquimans,2022-04-22
0,0,0,0,Perquimans,2022-04-23
2,2,0,0,Perquimans,2022-04-24
1,0,1,0,Perquimans,2022-04-25
3,0,3,0,Perquimans,2022-04-26
2,2,0,0,Perquimans,2022-04-27
2,1,1,0,Perquimans,2022-04-28
1,0,1,0,Perquimans,2022-04-29
0,0,0,0,Perquimans,2022-04-30
2,0,2,0,Perquimans,2022-05-01
1,1,0,0,Perquimans,2022-05-02
1,0,1,0,Perquimans,2022-05-03
4,0,4,0,Perquimans,2022-05-04
4,3,1,0,Perquimans,2022-05-05
3,1,2,0,Perquimans,2022-05-06
0,0,0,0,Perquimans,2022-05-07
7,3,4,0,Person,2021-11-09
2,1,1,0,Person,2021-11-10
7,3,4,0,Person,2021-11-11
9,3,6,0,Person,2021-11-12
7,1,6,0,Person,2021-11-13
9,1,8,0,Person,2021-11-14
6,1,5,0,Person,2021-11-16
15,1,14,0,Person,2021-11-18
12,7,5,0,Person,2021-11-19
7,1,6,0,Person,2021-11-20
11,4,7,0,Person,2021-11-21
18,4,14,0,Person,2021-11-22
6,1,5,0,Person,2021-11-24
4,2,2,0,Person,2021-11-25
5,0,5,0,Person,2021-11-26
13,3,10,0,Person,2021-11-27
13,4,9,0,Person,2021-11-28
42,13,29,0,Person,2021-11-29
29,3,26,0,Person,2021-11-30
15,5,10,0,Person,2021-12-01
23,5,18,0,Person,2021-12-02
18,2,16,0,Person,2021-12-03
7,1,6,0,Person,2021-12-04
12,4,8,0,Person,2021-12-05
21,3,18,0,Person,2021-12-07
19,4,15,0,Person,2021-12-08
16,6,10,0,Person,2021-12-09
14,2,12,0,Person,2021-12-10
24,3,21,0,Person,2021-12-13
17,1,16,0,Person,2021-12-14
28,10,18,0,Person,2021-12-15
21,9,12,0,Person,2021-12-16
11,6,5,0,Person,2021-12-18
19,2,17,0,Person,2021-12-20
27,10,17,0,Person,2021-12-21
17,2,15,0,Person,2021-12-22
30,4,26,0,Person,2021-12-23
6,1,5,0,Person,2021-12-24
7,0,7,0,Person,2021-12-25
15,4,11,0,Person,2021-12-26
82,11,71,0,Person,2021-12-28
83,16,67,0,Person,2021-12-29
52,13,39,0,Person,2021-12-31
32,12,20,0,Person,2022-01-02
59,27,32,0,Person,2022-01-03
144,16,128,0,Person,2022-01-04
118,23,95,0,Person,2022-01-05
79,15,64,0,Person,2022-01-07
39,6,33,0,Person,2022-01-09
153,12,141,0,Person,2022-01-10
138,23,115,0,Person,2022-01-11
171,26,145,0,Person,2022-01-12
110,6,104,0,Person,2022-01-13
91,5,86,0,Person,2022-01-14
74,8,66,0,Person,2022-01-15
7,0,7,0,Person,2022-01-16
63,3,60,0,Person,2022-01-17
61,15,46,0,Person,2022-01-21
24,1,23,0,Person,2022-01-22
51,3,48,0,Person,2022-01-23
145,23,122,0,Person,2022-01-24
73,12,61,0,Person,2022-01-26
66,8,58,0,Person,2022-01-27
58,16,42,0,Person,2022-01-28
33,11,22,0,Person,2022-01-30
72,14,58,0,Person,2022-01-31
43,5,38,0,Person,2022-02-02
30,6,24,0,Person,2022-02-04
15,3,12,0,Person,2022-02-05
15,1,14,0,Person,2022-02-06
27,4,23,0,Person,2022-02-07
30,6,24,0,Person,2022-02-08
14,2,12,0,Person,2022-02-09
22,6,16,0,Person,2022-02-10
9,2,7,0,Person,2022-02-11
9,2,7,0,Person,2022-02-12
4,0,4,0,Person,2022-02-13
18,4,14,0,Person,2022-02-14
11,2,9,0,Person,2022-02-15
10,2,8,0,Person,2022-02-16
14,2,12,0,Person,2022-02-17
8,2,6,0,Person,2022-02-18
2,0,2,0,Person,2022-02-20
13,2,11,0,Person,2022-02-23
1,0,1,0,Person,2022-02-26
4,0,4,0,Person,2022-02-27
3,1,2,0,Person,2022-02-28
7,2,5,0,Person,2022-03-01
11,3,8,0,Person,2022-03-02
4,0,4,0,Person,2022-03-03
3,0,3,0,Person,2022-03-04
1,0,1,0,Person,2022-03-05
3,3,0,0,Person,2022-03-06
2,1,1,0,Person,2022-03-07
2,1,1,0,Person,2022-03-08
6,1,5,0,Person,2022-03-09
0,0,0,0,Person,2022-03-10
1,0,1,0,Person,2022-03-11
0,0,0,0,Person,2022-03-12
1,0,1,0,Person,2022-03-13
5,0,5,0,Person,2022-03-14
1,1,0,0,Person,2022-03-15
3,0,3,0,Person,2022-03-17
1,1,0,0,Person,2022-03-18
1,0,1,0,Person,2022-03-19
1,1,0,0,Person,2022-03-20
3,0,3,0,Person,2022-03-21
2,0,2,0,Person,2022-03-22
1,1,0,0,Person,2022-03-23
0,0,0,0,Person,2022-03-24
0,0,0,0,Person,2022-03-25
1,0,1,0,Person,2022-03-26
0,0,0,0,Person,2022-03-27
0,0,0,0,Person,2022-03-28
1,1,0,0,Person,2022-03-29
2,0,2,0,Person,2022-03-30
2,1,1,0,Person,2022-03-31
2,0,2,0,Person,2022-04-01
1,1,0,0,Person,2022-04-02
0,0,0,0,Person,2022-04-03
3,0,3,0,Person,2022-04-04
2,1,1,0,Person,2022-04-05
1,0,1,0,Person,2022-04-06
3,0,3,0,Person,2022-04-07
0,0,0,0,Person,2022-04-08
2,1,1,0,Person,2022-04-09
1,0,1,0,Person,2022-04-10
3,0,3,0,Person,2022-04-11
4,1,3,0,Person,2022-04-12
4,1,3,0,Person,2022-04-13
2,0,2,0,Person,2022-04-14
3,0,3,0,Person,2022-04-15
1,0,1,0,Person,2022-04-16
1,0,1,0,Person,2022-04-17
1,1,0,0,Person,2022-04-18
2,2,0,0,Person,2022-04-19
2,0,2,0,Person,2022-04-20
0,0,0,0,Person,2022-04-21
5,3,2,0,Person,2022-04-22
3,1,2,0,Person,2022-04-23
2,1,1,0,Person,2022-04-24
13,3,10,0,Person,2022-04-25
4,3,1,0,Person,2022-04-27
11,1,10,0,Person,2022-04-28
7,2,5,0,Person,2022-04-29
5,1,4,0,Person,2022-04-30
6,3,3,0,Person,2022-05-01
16,6,10,0,Person,2022-05-02
6,2,4,0,Person,2022-05-03
14,2,12,0,Person,2022-05-04
9,3,6,0,Person,2022-05-05
9,1,8,0,Person,2022-05-06
1,0,1,0,Person,2022-05-07
21,2,19,0,Pitt,2021-11-09
30,1,29,0,Pitt,2021-11-10
16,1,15,0,Pitt,2021-11-11
23,9,14,0,Pitt,2021-11-12
7,1,6,0,Pitt,2021-11-13
14,0,14,0,Pitt,2021-11-14
38,4,34,0,Pitt,2021-11-15
29,2,27,0,Pitt,2021-11-17
27,0,27,0,Pitt,2021-11-18
13,0,13,0,Pitt,2021-11-19
19,0,19,0,Pitt,2021-11-21
29,4,25,0,Pitt,2021-11-22
19,0,19,0,Pitt,2021-11-23
28,2,26,0,Pitt,2021-11-24
33,0,33,0,Pitt,2021-11-26
29,1,28,0,Pitt,2021-11-28
64,10,54,0,Pitt,2021-11-29
50,6,44,0,Pitt,2021-11-30
65,8,57,0,Pitt,2021-12-01
65,4,61,0,Pitt,2021-12-02
63,5,58,0,Pitt,2021-12-03
16,0,16,0,Pitt,2021-12-04
44,1,43,0,Pitt,2021-12-05
70,9,61,0,Pitt,2021-12-07
66,4,62,0,Pitt,2021-12-08
66,7,59,0,Pitt,2021-12-09
64,1,63,0,Pitt,2021-12-10
17,2,15,0,Pitt,2021-12-11
34,3,31,0,Pitt,2021-12-12
70,8,62,0,Pitt,2021-12-13
70,8,62,0,Pitt,2021-12-15
54,5,49,0,Pitt,2021-12-16
36,2,34,0,Pitt,2021-12-17
22,5,17,0,Pitt,2021-12-18
41,1,40,0,Pitt,2021-12-19
86,8,78,0,Pitt,2021-12-20
101,5,96,0,Pitt,2021-12-21
130,10,120,0,Pitt,2021-12-22
35,11,24,0,Pitt,2021-12-24
21,5,16,0,Pitt,2021-12-25
52,7,45,0,Pitt,2021-12-26
437,22,415,0,Pitt,2021-12-28
496,34,462,0,Pitt,2021-12-29
521,41,480,0,Pitt,2021-12-30
348,11,337,0,Pitt,2021-12-31
85,12,73,0,Pitt,2022-01-01
217,21,196,0,Pitt,2022-01-02
657,75,582,0,Pitt,2022-01-03
923,74,849,0,Pitt,2022-01-04
272,42,230,0,Pitt,2022-01-08
356,15,341,0,Pitt,2022-01-09
977,58,919,0,Pitt,2022-01-11
911,58,853,0,Pitt,2022-01-12
852,78,774,0,Pitt,2022-01-13
253,44,209,0,Pitt,2022-01-15
132,19,113,0,Pitt,2022-01-16
843,89,754,0,Pitt,2022-01-19
716,65,651,0,Pitt,2022-01-20
109,0,109,0,Pitt,2022-01-21
673,52,621,0,Pitt,2022-01-24
70,12,58,0,Pitt,2022-01-29
129,5,124,0,Pitt,2022-01-30
313,32,281,0,Pitt,2022-01-31
175,12,163,0,Pitt,2022-02-02
157,8,149,0,Pitt,2022-02-04
61,2,59,0,Pitt,2022-02-06
134,14,120,0,Pitt,2022-02-08
93,8,85,0,Pitt,2022-02-10
41,3,38,0,Pitt,2022-02-13
41,2,39,0,Pitt,2022-02-17
41,4,37,0,Pitt,2022-02-21
42,6,36,0,Pitt,2022-02-22
11,1,10,0,Pitt,2022-03-01
11,1,10,0,Pitt,2022-03-02
20,4,16,0,Pitt,2022-03-03
15,3,12,0,Pitt,2022-03-07
4,2,2,0,Pitt,2022-03-08
9,2,7,0,Pitt,2022-03-10
5,1,4,0,Pitt,2022-03-11
1,0,1,0,Pitt,2022-03-12
1,0,1,0,Pitt,2022-03-13
4,0,4,0,Pitt,2022-03-14
4,1,3,0,Pitt,2022-03-15
2,0,2,0,Pitt,2022-03-16
6,1,5,0,Pitt,2022-03-18
2,0,2,0,Pitt,2022-03-20
3,0,3,0,Pitt,2022-03-21
4,1,3,0,Pitt,2022-03-22
5,0,5,0,Pitt,2022-03-23
3,1,2,0,Pitt,2022-03-24
4,0,4,0,Pitt,2022-03-25
4,0,4,0,Pitt,2022-03-26
0,0,0,0,Pitt,2022-03-27
7,0,7,0,Pitt,2022-03-28
3,1,2,0,Pitt,2022-03-29
4,1,3,0,Pitt,2022-03-30
2,0,2,0,Pitt,2022-03-31
4,0,4,0,Pitt,2022-04-01
3,0,3,0,Pitt,2022-04-02
4,0,4,0,Pitt,2022-04-03
9,3,6,0,Pitt,2022-04-04
13,1,12,0,Pitt,2022-04-05
13,0,13,0,Pitt,2022-04-06
11,1,10,0,Pitt,2022-04-07
11,0,11,0,Pitt,2022-04-08
6,0,6,0,Pitt,2022-04-09
5,0,5,0,Pitt,2022-04-10
21,2,19,0,Pitt,2022-04-11
17,4,13,0,Pitt,2022-04-12
15,0,15,0,Pitt,2022-04-13
15,2,13,0,Pitt,2022-04-14
11,0,11,0,Pitt,2022-04-15
4,2,2,0,Pitt,2022-04-17
16,0,16,0,Pitt,2022-04-19
12,5,7,0,Pitt,2022-04-20
11,0,11,0,Pitt,2022-04-21
11,1,10,0,Pitt,2022-04-22
12,4,8,0,Pitt,2022-04-23
2,0,2,0,Pitt,2022-04-24
25,2,23,0,Pitt,2022-04-25
25,7,18,0,Pitt,2022-04-26
28,2,26,0,Pitt,2022-04-27
23,2,21,0,Pitt,2022-04-28
15,3,12,0,Pitt,2022-04-29
9,0,9,0,Pitt,2022-04-30
11,1,10,0,Pitt,2022-05-01
29,2,27,0,Pitt,2022-05-02
32,4,28,0,Pitt,2022-05-03
37,1,36,0,Pitt,2022-05-04
37,1,36,0,Pitt,2022-05-05
28,5,23,0,Pitt,2022-05-06
11,0,11,0,Pitt,2022-05-07
2,1,1,0,Polk,2021-11-09
0,0,0,0,Polk,2021-11-10
3,3,0,0,Polk,2021-11-11
9,4,5,0,Polk,2021-11-12
0,0,0,0,Polk,2021-11-14
3,2,1,0,Polk,2021-11-16
4,2,2,0,Polk,2021-11-17
2,2,0,0,Polk,2021-11-19
1,1,0,0,Polk,2021-11-21
5,3,2,0,Polk,2021-11-22
2,1,1,0,Polk,2021-11-23
5,3,2,0,Polk,2021-11-24
4,1,3,0,Polk,2021-11-26
1,1,0,0,Polk,2021-11-27
2,2,0,0,Polk,2021-11-28
6,1,5,0,Polk,2021-11-29
7,4,3,0,Polk,2021-11-30
0,0,0,0,Polk,2021-12-01
6,3,3,0,Polk,2021-12-02
4,2,2,0,Polk,2021-12-03
2,1,1,0,Polk,2021-12-04
3,2,1,0,Polk,2021-12-07
1,1,0,0,Polk,2021-12-08
3,2,1,0,Polk,2021-12-09
2,2,0,0,Polk,2021-12-10
3,1,2,0,Polk,2021-12-11
1,1,0,0,Polk,2021-12-12
5,2,3,0,Polk,2021-12-13
3,2,1,0,Polk,2021-12-14
3,1,2,0,Polk,2021-12-15
8,1,7,0,Polk,2021-12-16
5,2,3,0,Polk,2021-12-17
3,0,3,0,Polk,2021-12-18
3,3,0,0,Polk,2021-12-19
11,7,4,0,Polk,2021-12-20
3,1,2,0,Polk,2021-12-21
5,3,2,0,Polk,2021-12-22
3,2,1,0,Polk,2021-12-23
5,2,3,0,Polk,2021-12-24
1,0,1,0,Polk,2021-12-25
4,1,3,0,Polk,2021-12-26
21,10,11,0,Polk,2021-12-27
17,3,14,0,Polk,2021-12-28
26,18,8,0,Polk,2021-12-29
12,2,10,0,Polk,2021-12-30
12,7,5,0,Polk,2021-12-31
10,6,4,0,Polk,2022-01-02
35,16,19,0,Polk,2022-01-03
35,16,19,0,Polk,2022-01-05
27,8,19,0,Polk,2022-01-06
33,18,15,0,Polk,2022-01-07
24,4,20,0,Polk,2022-01-08
10,1,9,0,Polk,2022-01-09
66,15,51,0,Polk,2022-01-10
56,26,30,0,Polk,2022-01-12
72,39,33,0,Polk,2022-01-13
52,27,25,0,Polk,2022-01-14
24,15,9,0,Polk,2022-01-15
1,1,0,0,Polk,2022-01-16
41,23,18,0,Polk,2022-01-19
48,27,21,0,Polk,2022-01-20
35,15,20,0,Polk,2022-01-21
16,7,9,0,Polk,2022-01-22
12,6,6,0,Polk,2022-01-23
61,23,38,0,Polk,2022-01-24
28,13,15,0,Polk,2022-01-26
26,15,11,0,Polk,2022-01-27
10,3,7,0,Polk,2022-01-29
29,12,17,0,Polk,2022-01-31
28,14,14,0,Polk,2022-02-01
15,10,5,0,Polk,2022-02-02
9,6,3,0,Polk,2022-02-05
3,1,2,0,Polk,2022-02-06
23,15,8,0,Polk,2022-02-07
14,8,6,0,Polk,2022-02-10
9,4,5,0,Polk,2022-02-11
4,1,3,0,Polk,2022-02-12
1,1,0,0,Polk,2022-02-13
8,3,5,0,Polk,2022-02-14
4,3,1,0,Polk,2022-02-15
5,2,3,0,Polk,2022-02-16
3,1,2,0,Polk,2022-02-18
2,0,2,0,Polk,2022-02-19
1,0,1,0,Polk,2022-02-22
3,2,1,0,Polk,2022-02-23
4,4,0,0,Polk,2022-02-24
5,0,5,0,Polk,2022-02-26
1,1,0,0,Polk,2022-02-28
2,2,0,0,Polk,2022-03-01
1,1,0,0,Polk,2022-03-02
3,1,2,0,Polk,2022-03-04
2,1,1,0,Polk,2022-03-05
0,0,0,0,Polk,2022-03-06
1,1,0,0,Polk,2022-03-07
0,0,0,0,Polk,2022-03-09
1,0,1,0,Polk,2022-03-10
0,0,0,0,Polk,2022-03-11
0,0,0,0,Polk,2022-03-12
0,0,0,0,Polk,2022-03-13
0,0,0,0,Polk,2022-03-15
0,0,0,0,Polk,2022-03-16
0,0,0,0,Polk,2022-03-17
1,1,0,0,Polk,2022-03-18
2,2,0,0,Polk,2022-03-19
0,0,0,0,Polk,2022-03-20
1,0,1,0,Polk,2022-03-21
3,0,3,0,Polk,2022-03-22
2,0,2,0,Polk,2022-03-23
4,1,3,0,Polk,2022-03-24
5,1,4,0,Polk,2022-03-25
2,2,0,0,Polk,2022-03-26
1,1,0,0,Polk,2022-03-27
5,2,3,0,Polk,2022-03-28
5,0,5,0,Polk,2022-03-29
10,4,6,0,Polk,2022-03-30
6,4,2,0,Polk,2022-03-31
3,1,2,0,Polk,2022-04-01
0,0,0,0,Polk,2022-04-02
0,0,0,0,Polk,2022-04-03
5,4,1,0,Polk,2022-04-04
0,0,0,0,Polk,2022-04-05
0,0,0,0,Polk,2022-04-06
2,2,0,0,Polk,2022-04-07
0,0,0,0,Polk,2022-04-08
1,1,0,0,Polk,2022-04-09
0,0,0,0,Polk,2022-04-10
0,0,0,0,Polk,2022-04-12
1,0,1,0,Polk,2022-04-13
0,0,0,0,Polk,2022-04-14
1,1,0,0,Polk,2022-04-15
0,0,0,0,Polk,2022-04-17
1,1,0,0,Polk,2022-04-18
0,0,0,0,Polk,2022-04-20
0,0,0,0,Polk,2022-04-21
1,0,1,0,Polk,2022-04-22
0,0,0,0,Polk,2022-04-23
0,0,0,0,Polk,2022-04-24
1,1,0,0,Polk,2022-04-25
1,0,1,0,Polk,2022-04-26
0,0,0,0,Polk,2022-04-27
1,0,1,0,Polk,2022-04-28
1,0,1,0,Polk,2022-04-29
2,1,1,0,Polk,2022-04-30
1,0,1,0,Polk,2022-05-01
4,3,1,0,Polk,2022-05-02
3,3,0,0,Polk,2022-05-03
0,0,0,0,Polk,2022-05-04
2,2,0,0,Polk,2022-05-05
0,0,0,0,Polk,2022-05-06
1,0,1,0,Polk,2022-05-07
33,11,22,0,Randolph,2021-11-09
31,15,16,0,Randolph,2021-11-10
16,6,10,0,Randolph,2021-11-13
10,5,5,0,Randolph,2021-11-14
47,17,30,0,Randolph,2021-11-16
29,5,24,0,Randolph,2021-11-18
24,11,13,0,Randolph,2021-11-24
36,18,18,0,Randolph,2021-11-26
24,10,14,0,Randolph,2021-11-28
55,22,33,0,Randolph,2021-11-29
47,10,37,0,Randolph,2021-11-30
45,15,30,0,Randolph,2021-12-01
42,19,23,0,Randolph,2021-12-02
36,11,25,0,Randolph,2021-12-04
79,28,51,0,Randolph,2021-12-06
69,22,47,0,Randolph,2021-12-07
45,20,25,0,Randolph,2021-12-08
51,24,27,0,Randolph,2021-12-09
51,21,30,0,Randolph,2021-12-10
36,15,21,0,Randolph,2021-12-12
67,29,38,0,Randolph,2021-12-13
61,32,29,0,Randolph,2021-12-15
40,19,21,0,Randolph,2021-12-18
45,18,27,0,Randolph,2021-12-19
85,23,62,0,Randolph,2021-12-21
90,33,57,0,Randolph,2021-12-23
21,0,21,0,Randolph,2021-12-25
61,28,33,0,Randolph,2021-12-26
188,79,109,0,Randolph,2021-12-27
198,72,126,0,Randolph,2021-12-30
117,53,64,0,Randolph,2021-12-31
312,114,198,0,Randolph,2022-01-04
511,63,448,0,Randolph,2022-01-11
97,19,78,0,Randolph,2022-01-17
60,16,44,0,Randolph,2022-01-29
29,8,21,0,Randolph,2022-02-23
23,11,12,0,Randolph,2022-02-24
21,4,17,0,Randolph,2022-02-25
8,1,7,0,Randolph,2022-02-27
24,9,15,0,Randolph,2022-02-28
16,5,11,0,Randolph,2022-03-01
16,6,10,0,Randolph,2022-03-03
9,3,6,0,Randolph,2022-03-04
11,5,6,0,Randolph,2022-03-05
12,3,9,0,Randolph,2022-03-06
11,1,10,0,Randolph,2022-03-09
5,1,4,0,Randolph,2022-03-10
2,0,2,0,Randolph,2022-03-12
5,3,2,0,Randolph,2022-03-13
7,1,6,0,Randolph,2022-03-14
3,0,3,0,Randolph,2022-03-15
3,1,2,0,Randolph,2022-03-18
3,3,0,0,Randolph,2022-03-19
5,0,5,0,Randolph,2022-03-20
4,0,4,0,Randolph,2022-03-21
5,1,4,0,Randolph,2022-03-22
1,0,1,0,Randolph,2022-03-23
2,0,2,0,Randolph,2022-03-24
2,0,2,0,Randolph,2022-03-25
2,1,1,0,Randolph,2022-03-26
1,0,1,0,Randolph,2022-03-27
3,1,2,0,Randolph,2022-03-28
4,1,3,0,Randolph,2022-03-29
5,1,4,0,Randolph,2022-03-30
2,2,0,0,Randolph,2022-03-31
2,1,1,0,Randolph,2022-04-01
3,0,3,0,Randolph,2022-04-02
3,0,3,0,Randolph,2022-04-03
3,1,2,0,Randolph,2022-04-04
8,2,6,0,Randolph,2022-04-05
7,4,3,0,Randolph,2022-04-06
3,0,3,0,Randolph,2022-04-07
7,3,4,0,Randolph,2022-04-09
2,0,2,0,Randolph,2022-04-10
9,6,3,0,Randolph,2022-04-11
12,1,11,0,Randolph,2022-04-13
11,2,9,0,Randolph,2022-04-14
4,1,3,0,Randolph,2022-04-15
4,1,3,0,Randolph,2022-04-16
2,1,1,0,Randolph,2022-04-17
15,5,10,0,Randolph,2022-04-19
4,1,3,0,Randolph,2022-04-20
11,3,8,0,Randolph,2022-04-21
9,1,8,0,Randolph,2022-04-22
3,1,2,0,Randolph,2022-04-23
4,2,2,0,Randolph,2022-04-24
34,11,23,0,Randolph,2022-04-25
18,8,10,0,Randolph,2022-04-26
22,10,12,0,Randolph,2022-04-27
20,14,6,0,Randolph,2022-04-28
17,7,10,0,Randolph,2022-04-29
5,3,2,0,Randolph,2022-04-30
12,3,9,0,Randolph,2022-05-01
27,15,12,0,Randolph,2022-05-02
18,8,10,0,Randolph,2022-05-03
10,3,7,0,Randolph,2022-05-04
19,8,11,0,Randolph,2022-05-05
13,4,9,0,Randolph,2022-05-06
13,7,6,0,Randolph,2022-05-07
5,0,5,0,Richmond,2021-11-09
5,0,5,0,Richmond,2021-11-10
5,1,4,0,Richmond,2021-11-11
7,1,6,0,Richmond,2021-11-12
2,0,2,0,Richmond,2021-11-13
1,0,1,0,Richmond,2021-11-14
13,9,4,0,Richmond,2021-11-16
5,0,5,0,Richmond,2021-11-19
0,0,0,0,Richmond,2021-11-21
12,7,5,0,Richmond,2021-11-24
2,1,1,0,Richmond,2021-11-25
12,5,7,0,Richmond,2021-11-26
8,3,5,0,Richmond,2021-11-27
21,1,20,0,Richmond,2021-11-29
26,4,22,0,Richmond,2021-11-30
11,2,9,0,Richmond,2021-12-01
21,3,18,0,Richmond,2021-12-02
14,2,12,0,Richmond,2021-12-03
20,5,15,0,Richmond,2021-12-07
11,2,9,0,Richmond,2021-12-08
15,3,12,0,Richmond,2021-12-09
12,2,10,0,Richmond,2021-12-10
8,2,6,0,Richmond,2021-12-11
5,0,5,0,Richmond,2021-12-12
24,7,17,0,Richmond,2021-12-13
19,5,14,0,Richmond,2021-12-14
12,4,8,0,Richmond,2021-12-15
8,4,4,0,Richmond,2021-12-17
8,1,7,0,Richmond,2021-12-18
19,5,14,0,Richmond,2021-12-20
35,10,25,0,Richmond,2021-12-21
20,6,14,0,Richmond,2021-12-22
32,3,29,0,Richmond,2021-12-26
107,8,99,0,Richmond,2021-12-28
107,4,103,0,Richmond,2021-12-29
93,7,86,0,Richmond,2021-12-30
64,3,61,0,Richmond,2022-01-01
202,35,167,0,Richmond,2022-01-06
167,14,153,0,Richmond,2022-01-07
69,7,62,0,Richmond,2022-01-08
319,65,254,0,Richmond,2022-01-10
282,46,236,0,Richmond,2022-01-11
79,11,68,0,Richmond,2022-01-15
29,6,23,0,Richmond,2022-01-16
95,14,81,0,Richmond,2022-01-17
352,61,291,0,Richmond,2022-01-18
41,4,37,0,Richmond,2022-01-23
68,8,60,0,Richmond,2022-01-28
23,5,18,0,Richmond,2022-01-30
78,26,52,0,Richmond,2022-01-31
55,21,34,0,Richmond,2022-02-01
12,2,10,0,Richmond,2022-02-05
23,10,13,0,Richmond,2022-02-10
7,1,6,0,Richmond,2022-02-12
33,9,24,0,Richmond,2022-02-14
14,6,8,0,Richmond,2022-02-16
12,4,8,0,Richmond,2022-02-17
11,1,10,0,Richmond,2022-02-18
8,3,5,0,Richmond,2022-02-19
2,1,1,0,Richmond,2022-02-20
11,1,10,0,Richmond,2022-02-21
12,0,12,0,Richmond,2022-02-22
1,0,1,0,Richmond,2022-02-24
8,0,8,0,Richmond,2022-02-25
2,0,2,0,Richmond,2022-02-26
0,0,0,0,Richmond,2022-02-27
9,1,8,0,Richmond,2022-02-28
1,0,1,0,Richmond,2022-03-01
5,2,3,0,Richmond,2022-03-02
2,1,1,0,Richmond,2022-03-03
0,0,0,0,Richmond,2022-03-06
4,0,4,0,Richmond,2022-03-07
3,0,3,0,Richmond,2022-03-08
4,1,3,0,Richmond,2022-03-09
2,0,2,0,Richmond,2022-03-10
1,0,1,0,Richmond,2022-03-11
0,0,0,0,Richmond,2022-03-12
3,0,3,0,Richmond,2022-03-13
2,0,2,0,Richmond,2022-03-14
0,0,0,0,Richmond,2022-03-15
1,1,0,0,Richmond,2022-03-16
0,0,0,0,Richmond,2022-03-17
0,0,0,0,Richmond,2022-03-18
0,0,0,0,Richmond,2022-03-19
0,0,0,0,Richmond,2022-03-20
1,0,1,0,Richmond,2022-03-21
0,0,0,0,Richmond,2022-03-22
1,0,1,0,Richmond,2022-03-23
4,1,3,0,Richmond,2022-03-24
1,0,1,0,Richmond,2022-03-25
0,0,0,0,Richmond,2022-03-26
0,0,0,0,Richmond,2022-03-27
0,0,0,0,Richmond,2022-03-28
0,0,0,0,Richmond,2022-03-29
0,0,0,0,Richmond,2022-03-30
0,0,0,0,Richmond,2022-03-31
1,1,0,0,Richmond,2022-04-01
0,0,0,0,Richmond,2022-04-02
0,0,0,0,Richmond,2022-04-03
1,0,1,0,Richmond,2022-04-04
1,0,1,0,Richmond,2022-04-05
0,0,0,0,Richmond,2022-04-06
0,0,0,0,Richmond,2022-04-07
0,0,0,0,Richmond,2022-04-08
0,0,0,0,Richmond,2022-04-09
1,0,1,0,Richmond,2022-04-10
1,0,1,0,Richmond,2022-04-11
2,0,2,0,Richmond,2022-04-12
6,4,2,0,Richmond,2022-04-13
4,1,3,0,Richmond,2022-04-14
3,0,3,0,Richmond,2022-04-15
1,1,0,0,Richmond,2022-04-16
0,0,0,0,Richmond,2022-04-17
4,0,4,0,Richmond,2022-04-18
4,1,3,0,Richmond,2022-04-19
7,1,6,0,Richmond,2022-04-20
6,2,4,0,Richmond,2022-04-21
5,3,2,0,Richmond,2022-04-22
1,0,1,0,Richmond,2022-04-23
5,1,4,0,Richmond,2022-04-24
3,2,1,0,Richmond,2022-04-25
3,1,2,0,Richmond,2022-04-26
6,0,6,0,Richmond,2022-04-27
7,1,6,0,Richmond,2022-04-28
5,2,3,0,Richmond,2022-04-29
4,1,3,0,Richmond,2022-04-30
4,0,4,0,Richmond,2022-05-01
13,3,10,0,Richmond,2022-05-02
5,1,4,0,Richmond,2022-05-03
5,3,2,0,Richmond,2022-05-04
10,4,6,0,Richmond,2022-05-05
13,6,7,0,Richmond,2022-05-06
2,0,2,0,Richmond,2022-05-07
25,8,17,0,Robeson,2021-11-09
23,12,11,0,Robeson,2021-11-10
20,6,14,0,Robeson,2021-11-11
11,2,9,0,Robeson,2021-11-14
28,10,18,0,Robeson,2021-11-15
21,6,15,0,Robeson,2021-11-17
19,7,12,0,Robeson,2021-11-19
11,1,10,0,Robeson,2021-11-20
3,2,1,0,Robeson,2021-11-21
28,11,17,0,Robeson,2021-11-22
30,9,21,0,Robeson,2021-11-24
2,1,1,0,Robeson,2021-11-25
9,5,4,0,Robeson,2021-11-26
17,10,7,0,Robeson,2021-11-27
44,9,35,0,Robeson,2021-11-29
53,11,42,0,Robeson,2021-11-30
28,4,24,0,Robeson,2021-12-02
28,9,19,0,Robeson,2021-12-03
23,12,11,0,Robeson,2021-12-04
64,16,48,0,Robeson,2021-12-06
50,22,28,0,Robeson,2021-12-07
57,26,31,0,Robeson,2021-12-08
55,22,33,0,Robeson,2021-12-13
48,18,30,0,Robeson,2021-12-14
38,10,28,0,Robeson,2021-12-15
38,12,26,0,Robeson,2021-12-16
47,14,33,0,Robeson,2021-12-17
55,17,38,0,Robeson,2021-12-20
52,19,33,0,Robeson,2021-12-22
64,28,36,0,Robeson,2021-12-26
52,20,32,0,Robeson,2022-01-01
140,61,79,0,Robeson,2022-01-02
471,202,269,0,Robeson,2022-01-03
496,152,344,0,Robeson,2022-01-04
515,189,326,0,Robeson,2022-01-06
205,88,117,0,Robeson,2022-01-08
197,90,107,0,Robeson,2022-01-09
747,280,467,0,Robeson,2022-01-10
759,287,472,0,Robeson,2022-01-11
717,269,448,0,Robeson,2022-01-12
667,254,413,0,Robeson,2022-01-13
43,26,17,0,Robeson,2022-01-22
500,186,314,0,Robeson,2022-01-24
155,61,94,0,Robeson,2022-02-01
22,5,17,0,Robeson,2022-02-12
33,16,17,0,Robeson,2022-02-14
34,6,28,0,Robeson,2022-02-15
34,12,22,0,Robeson,2022-02-22
4,1,3,0,Robeson,2022-02-26
13,7,6,0,Robeson,2022-03-02
12,3,9,0,Robeson,2022-03-03
7,0,7,0,Robeson,2022-03-04
7,3,4,0,Robeson,2022-03-05
3,2,1,0,Robeson,2022-03-06
6,5,1,0,Robeson,2022-03-07
8,4,4,0,Robeson,2022-03-08
5,4,1,0,Robeson,2022-03-10
3,1,2,0,Robeson,2022-03-11
3,2,1,0,Robeson,2022-03-12
8,2,6,0,Robeson,2022-03-14
6,2,4,0,Robeson,2022-03-15
3,3,0,0,Robeson,2022-03-16
8,3,5,0,Robeson,2022-03-17
2,1,1,0,Robeson,2022-03-18
0,0,0,0,Robeson,2022-03-19
2,0,2,0,Robeson,2022-03-20
4,1,3,0,Robeson,2022-03-21
0,0,0,0,Robeson,2022-03-22
7,3,4,0,Robeson,2022-03-23
3,1,2,0,Robeson,2022-03-24
1,1,0,0,Robeson,2022-03-25
3,0,3,0,Robeson,2022-03-26
1,0,1,0,Robeson,2022-03-27
7,3,4,0,Robeson,2022-03-29
4,0,4,0,Robeson,2022-03-30
3,1,2,0,Robeson,2022-03-31
3,3,0,0,Robeson,2022-04-01
1,1,0,0,Robeson,2022-04-02
2,1,1,0,Robeson,2022-04-03
11,8,3,0,Robeson,2022-04-04
4,2,2,0,Robeson,2022-04-05
10,5,5,0,Robeson,2022-04-06
4,2,2,0,Robeson,2022-04-07
10,5,5,0,Robeson,2022-04-08
3,3,0,0,Robeson,2022-04-09
2,2,0,0,Robeson,2022-04-10
9,6,3,0,Robeson,2022-04-11
11,4,7,0,Robeson,2022-04-12
6,4,2,0,Robeson,2022-04-13
7,4,3,0,Robeson,2022-04-14
9,3,6,0,Robeson,2022-04-15
5,4,1,0,Robeson,2022-04-16
5,1,4,0,Robeson,2022-04-17
10,5,5,0,Robeson,2022-04-19
3,1,2,0,Robeson,2022-04-20
16,13,3,0,Robeson,2022-04-21
7,5,2,0,Robeson,2022-04-22
6,5,1,0,Robeson,2022-04-23
4,1,3,0,Robeson,2022-04-24
21,11,10,0,Robeson,2022-04-25
18,10,8,0,Robeson,2022-04-26
13,8,5,0,Robeson,2022-04-27
15,9,6,0,Robeson,2022-04-28
18,14,4,0,Robeson,2022-04-29
10,4,6,0,Robeson,2022-04-30
10,7,3,0,Robeson,2022-05-01
23,15,8,0,Robeson,2022-05-02
26,17,9,0,Robeson,2022-05-03
27,11,16,0,Robeson,2022-05-04
34,24,10,0,Robeson,2022-05-05
23,10,13,0,Robeson,2022-05-06
28,4,24,0,Rockingham,2021-11-09
23,4,19,0,Rockingham,2021-11-10
16,1,15,0,Rockingham,2021-11-11
24,5,19,0,Rockingham,2021-11-12
19,2,17,0,Rockingham,2021-11-13
15,1,14,0,Rockingham,2021-11-14
43,7,36,0,Rockingham,2021-11-15
32,7,25,0,Rockingham,2021-11-16
33,3,30,0,Rockingham,2021-11-17
15,2,13,0,Rockingham,2021-11-19
13,1,12,0,Rockingham,2021-11-20
26,7,19,0,Rockingham,2021-11-22
3,0,3,0,Rockingham,2021-11-25
17,4,13,0,Rockingham,2021-11-27
15,0,15,0,Rockingham,2021-11-28
50,11,39,0,Rockingham,2021-11-29
50,11,39,0,Rockingham,2021-11-30
39,8,31,0,Rockingham,2021-12-01
46,12,34,0,Rockingham,2021-12-02
47,6,41,0,Rockingham,2021-12-03
19,4,15,0,Rockingham,2021-12-04
24,0,24,0,Rockingham,2021-12-05
64,13,51,0,Rockingham,2021-12-06
47,7,40,0,Rockingham,2021-12-07
34,9,25,0,Rockingham,2021-12-08
25,4,21,0,Rockingham,2021-12-10
25,6,19,0,Rockingham,2021-12-11
23,1,22,0,Rockingham,2021-12-12
31,8,23,0,Rockingham,2021-12-15
29,5,24,0,Rockingham,2021-12-16
40,10,30,0,Rockingham,2021-12-17
69,15,54,0,Rockingham,2021-12-20
48,4,44,0,Rockingham,2021-12-21
50,9,41,0,Rockingham,2021-12-22
48,9,39,0,Rockingham,2021-12-23
162,35,127,0,Rockingham,2021-12-27
143,23,120,0,Rockingham,2021-12-28
59,6,53,0,Rockingham,2022-01-02
190,57,133,0,Rockingham,2022-01-03
264,56,208,0,Rockingham,2022-01-04
330,79,251,0,Rockingham,2022-01-05
115,11,104,0,Rockingham,2022-01-08
316,25,291,0,Rockingham,2022-01-12
83,32,51,0,Rockingham,2022-01-17
291,65,226,0,Rockingham,2022-01-24
195,35,160,0,Rockingham,2022-01-25
42,5,37,0,Rockingham,2022-01-30
101,4,97,0,Rockingham,2022-02-01
28,4,24,0,Rockingham,2022-02-06
60,4,56,0,Rockingham,2022-02-10
11,2,9,0,Rockingham,2022-02-12
25,5,20,0,Rockingham,2022-02-17
10,2,8,0,Rockingham,2022-02-19
27,3,24,0,Rockingham,2022-02-22
11,2,9,0,Rockingham,2022-02-23
12,2,10,0,Rockingham,2022-02-24
9,0,9,0,Rockingham,2022-02-26
9,0,9,0,Rockingham,2022-02-27
23,3,20,0,Rockingham,2022-02-28
11,2,9,0,Rockingham,2022-03-01
8,1,7,0,Rockingham,2022-03-03
4,0,4,0,Rockingham,2022-03-05
3,0,3,0,Rockingham,2022-03-06
12,1,11,0,Rockingham,2022-03-07
5,1,4,0,Rockingham,2022-03-08
6,0,6,0,Rockingham,2022-03-10
2,0,2,0,Rockingham,2022-03-11
0,0,0,0,Rockingham,2022-03-12
1,0,1,0,Rockingham,2022-03-13
3,0,3,0,Rockingham,2022-03-14
4,0,4,0,Rockingham,2022-03-15
1,0,1,0,Rockingham,2022-03-16
0,0,0,0,Rockingham,2022-03-17
7,1,6,0,Rockingham,2022-03-18
5,0,5,0,Rockingham,2022-03-19
1,0,1,0,Rockingham,2022-03-20
3,0,3,0,Rockingham,2022-03-21
2,0,2,0,Rockingham,2022-03-22
3,0,3,0,Rockingham,2022-03-23
3,1,2,0,Rockingham,2022-03-24
3,0,3,0,Rockingham,2022-03-25
1,0,1,0,Rockingham,2022-03-27
7,1,6,0,Rockingham,2022-03-28
6,0,6,0,Rockingham,2022-03-29
2,0,2,0,Rockingham,2022-03-30
3,3,0,0,Rockingham,2022-03-31
1,0,1,0,Rockingham,2022-04-01
0,0,0,0,Rockingham,2022-04-02
2,0,2,0,Rockingham,2022-04-03
4,0,4,0,Rockingham,2022-04-04
4,0,4,0,Rockingham,2022-04-05
4,0,4,0,Rockingham,2022-04-06
1,0,1,0,Rockingham,2022-04-07
3,0,3,0,Rockingham,2022-04-08
3,1,2,0,Rockingham,2022-04-09
6,0,6,0,Rockingham,2022-04-10
10,3,7,0,Rockingham,2022-04-11
5,1,4,0,Rockingham,2022-04-12
1,0,1,0,Rockingham,2022-04-13
1,1,0,0,Rockingham,2022-04-14
4,0,4,0,Rockingham,2022-04-15
1,0,1,0,Rockingham,2022-04-16
1,0,1,0,Rockingham,2022-04-17
12,4,8,0,Rockingham,2022-04-18
6,1,5,0,Rockingham,2022-04-19
5,2,3,0,Rockingham,2022-04-20
6,0,6,0,Rockingham,2022-04-21
7,1,6,0,Rockingham,2022-04-22
3,0,3,0,Rockingham,2022-04-23
6,1,5,0,Rockingham,2022-04-24
12,3,9,0,Rockingham,2022-04-25
8,3,5,0,Rockingham,2022-04-26
6,0,6,0,Rockingham,2022-04-27
13,1,12,0,Rockingham,2022-04-28
6,1,5,0,Rockingham,2022-04-29
5,0,5,0,Rockingham,2022-04-30
7,1,6,0,Rockingham,2022-05-01
14,1,13,0,Rockingham,2022-05-02
9,0,9,0,Rockingham,2022-05-03
14,5,9,0,Rockingham,2022-05-04
18,1,17,0,Rockingham,2022-05-05
16,4,12,0,Rockingham,2022-05-06
7,2,5,0,Rockingham,2022-05-07
31,6,25,0,Rowan,2021-11-09
51,13,38,0,Rowan,2021-11-10
25,3,22,0,Rowan,2021-11-12
14,1,13,0,Rowan,2021-11-14
48,7,41,0,Rowan,2021-11-17
31,2,29,0,Rowan,2021-11-18
13,2,11,0,Rowan,2021-11-20
15,4,11,0,Rowan,2021-11-21
44,7,37,0,Rowan,2021-11-23
21,2,19,0,Rowan,2021-11-26
25,4,21,0,Rowan,2021-11-27
17,1,16,0,Rowan,2021-11-28
75,12,63,0,Rowan,2021-11-29
71,4,67,0,Rowan,2021-11-30
66,5,61,0,Rowan,2021-12-02
65,9,56,0,Rowan,2021-12-03
22,6,16,0,Rowan,2021-12-04
71,7,64,0,Rowan,2021-12-06
61,4,57,0,Rowan,2021-12-10
22,4,18,0,Rowan,2021-12-11
32,5,27,0,Rowan,2021-12-12
59,5,54,0,Rowan,2021-12-14
52,7,45,0,Rowan,2021-12-16
30,5,25,0,Rowan,2021-12-18
25,7,18,0,Rowan,2021-12-19
92,16,76,0,Rowan,2021-12-23
253,39,214,0,Rowan,2021-12-27
295,25,270,0,Rowan,2021-12-29
300,44,256,0,Rowan,2021-12-30
71,14,57,0,Rowan,2022-01-01
108,43,65,0,Rowan,2022-01-02
409,63,346,0,Rowan,2022-01-06
475,65,410,0,Rowan,2022-01-14
317,54,263,0,Rowan,2022-01-25
66,17,49,0,Rowan,2022-01-29
68,10,58,0,Rowan,2022-01-30
247,36,211,0,Rowan,2022-01-31
176,16,160,0,Rowan,2022-02-01
119,15,104,0,Rowan,2022-02-03
103,10,93,0,Rowan,2022-02-08
55,6,49,0,Rowan,2022-02-14
53,5,48,0,Rowan,2022-02-15
48,2,46,0,Rowan,2022-02-16
46,6,40,0,Rowan,2022-02-17
9,0,9,0,Rowan,2022-02-20
31,6,25,0,Rowan,2022-02-22
8,0,8,0,Rowan,2022-02-26
7,0,7,0,Rowan,2022-02-27
21,3,18,0,Rowan,2022-02-28
36,23,13,0,Rowan,2022-03-01
16,1,15,0,Rowan,2022-03-02
2,0,2,0,Rowan,2022-03-03
6,0,6,0,Rowan,2022-03-04
11,3,8,0,Rowan,2022-03-06
4,0,4,0,Rowan,2022-03-11
2,1,1,0,Rowan,2022-03-12
2,0,2,0,Rowan,2022-03-13
10,0,10,0,Rowan,2022-03-14
7,1,6,0,Rowan,2022-03-16
9,1,8,0,Rowan,2022-03-18
3,1,2,0,Rowan,2022-03-21
11,3,8,0,Rowan,2022-03-22
4,0,4,0,Rowan,2022-03-23
5,2,3,0,Rowan,2022-03-24
5,2,3,0,Rowan,2022-03-25
3,1,2,0,Rowan,2022-03-26
0,0,0,0,Rowan,2022-03-27
2,0,2,0,Rowan,2022-03-28
3,1,2,0,Rowan,2022-03-30
2,1,1,0,Rowan,2022-03-31
3,0,3,0,Rowan,2022-04-01
0,0,0,0,Rowan,2022-04-02
4,2,2,0,Rowan,2022-04-03
6,2,4,0,Rowan,2022-04-04
6,1,5,0,Rowan,2022-04-05
6,3,3,0,Rowan,2022-04-06
9,4,5,0,Rowan,2022-04-07
8,2,6,0,Rowan,2022-04-08
3,0,3,0,Rowan,2022-04-09
4,1,3,0,Rowan,2022-04-10
6,0,6,0,Rowan,2022-04-11
12,2,10,0,Rowan,2022-04-12
14,3,11,0,Rowan,2022-04-13
9,1,8,0,Rowan,2022-04-14
11,1,10,0,Rowan,2022-04-15
3,1,2,0,Rowan,2022-04-16
7,2,5,0,Rowan,2022-04-17
11,3,8,0,Rowan,2022-04-18
12,4,8,0,Rowan,2022-04-19
12,1,11,0,Rowan,2022-04-20
12,3,9,0,Rowan,2022-04-21
15,3,12,0,Rowan,2022-04-22
14,3,11,0,Rowan,2022-04-23
13,1,12,0,Rowan,2022-04-24
23,10,13,0,Rowan,2022-04-25
18,1,17,0,Rowan,2022-04-27
17,3,14,0,Rowan,2022-04-28
12,1,11,0,Rowan,2022-04-29
6,0,6,0,Rowan,2022-04-30
6,3,3,0,Rowan,2022-05-01
33,2,31,0,Rowan,2022-05-02
36,4,32,0,Rowan,2022-05-03
28,5,23,0,Rowan,2022-05-04
22,7,15,0,Rowan,2022-05-05
18,5,13,0,Rowan,2022-05-06
12,1,11,0,Rowan,2022-05-07
6,1,5,0,Rutherford,2021-11-10
8,1,7,0,Rutherford,2021-11-12
5,1,4,0,Rutherford,2021-11-13
1,0,1,0,Rutherford,2021-11-14
10,3,7,0,Rutherford,2021-11-15
14,4,10,0,Rutherford,2021-11-16
2,0,2,0,Rutherford,2021-11-18
3,1,2,0,Rutherford,2021-11-21
8,3,5,0,Rutherford,2021-11-22
9,4,5,0,Rutherford,2021-11-23
11,2,9,0,Rutherford,2021-11-24
1,0,1,0,Rutherford,2021-11-25
4,0,4,0,Rutherford,2021-11-26
5,1,4,0,Rutherford,2021-11-27
9,7,2,0,Rutherford,2021-11-29
17,5,12,0,Rutherford,2021-12-01
2,0,2,0,Rutherford,2021-12-04
5,4,1,0,Rutherford,2021-12-07
25,7,18,0,Rutherford,2021-12-09
11,6,5,0,Rutherford,2021-12-10
16,4,12,0,Rutherford,2021-12-11
14,4,10,0,Rutherford,2021-12-12
16,1,15,0,Rutherford,2021-12-13
26,9,17,0,Rutherford,2021-12-15
17,6,11,0,Rutherford,2021-12-16
5,2,3,0,Rutherford,2021-12-18
20,2,18,0,Rutherford,2021-12-20
23,3,20,0,Rutherford,2021-12-22
14,1,13,0,Rutherford,2021-12-24
6,2,4,0,Rutherford,2021-12-25
17,3,14,0,Rutherford,2021-12-26
81,18,63,0,Rutherford,2021-12-28
127,63,64,0,Rutherford,2021-12-29
83,28,55,0,Rutherford,2021-12-30
53,16,37,0,Rutherford,2021-12-31
123,55,68,0,Rutherford,2022-01-03
173,45,128,0,Rutherford,2022-01-06
151,73,78,0,Rutherford,2022-01-07
52,22,30,0,Rutherford,2022-01-08
46,23,23,0,Rutherford,2022-01-09
256,134,122,0,Rutherford,2022-01-10
232,108,124,0,Rutherford,2022-01-12
44,13,31,0,Rutherford,2022-01-17
177,62,115,0,Rutherford,2022-01-19
192,69,123,0,Rutherford,2022-01-20
149,50,99,0,Rutherford,2022-01-21
122,50,72,0,Rutherford,2022-01-26
33,12,21,0,Rutherford,2022-01-30
73,21,52,0,Rutherford,2022-02-02
13,0,13,0,Rutherford,2022-02-06
76,34,42,0,Rutherford,2022-02-07
44,18,26,0,Rutherford,2022-02-10
32,8,24,0,Rutherford,2022-02-16
6,0,6,0,Rutherford,2022-02-20
13,3,10,0,Rutherford,2022-02-21
10,2,8,0,Rutherford,2022-02-22
3,0,3,0,Rutherford,2022-02-25
3,0,3,0,Rutherford,2022-02-26
4,0,4,0,Rutherford,2022-02-27
7,2,5,0,Rutherford,2022-02-28
3,1,2,0,Rutherford,2022-03-03
5,1,4,0,Rutherford,2022-03-04
4,0,4,0,Rutherford,2022-03-05
1,1,0,0,Rutherford,2022-03-06
1,0,1,0,Rutherford,2022-03-07
1,0,1,0,Rutherford,2022-03-08
2,0,2,0,Rutherford,2022-03-09
4,3,1,0,Rutherford,2022-03-10
4,4,0,0,Rutherford,2022-03-11
3,0,3,0,Rutherford,2022-03-12
0,0,0,0,Rutherford,2022-03-13
0,0,0,0,Rutherford,2022-03-14
6,1,5,0,Rutherford,2022-03-16
0,0,0,0,Rutherford,2022-03-17
1,0,1,0,Rutherford,2022-03-18
1,0,1,0,Rutherford,2022-03-19
0,0,0,0,Rutherford,2022-03-20
2,1,1,0,Rutherford,2022-03-21
1,1,0,0,Rutherford,2022-03-22
1,1,0,0,Rutherford,2022-03-23
0,0,0,0,Rutherford,2022-03-24
3,1,2,0,Rutherford,2022-03-25
0,0,0,0,Rutherford,2022-03-26
2,0,2,0,Rutherford,2022-03-27
2,0,2,0,Rutherford,2022-03-28
1,1,0,0,Rutherford,2022-03-29
3,1,2,0,Rutherford,2022-03-30
1,0,1,0,Rutherford,2022-03-31
0,0,0,0,Rutherford,2022-04-01
1,0,1,0,Rutherford,2022-04-02
0,0,0,0,Rutherford,2022-04-03
2,0,2,0,Rutherford,2022-04-04
1,0,1,0,Rutherford,2022-04-05
1,0,1,0,Rutherford,2022-04-06
0,0,0,0,Rutherford,2022-04-07
3,0,3,0,Rutherford,2022-04-08
0,0,0,0,Rutherford,2022-04-09
1,0,1,0,Rutherford,2022-04-10
0,0,0,0,Rutherford,2022-04-11
3,2,1,0,Rutherford,2022-04-12
3,0,3,0,Rutherford,2022-04-13
4,0,4,0,Rutherford,2022-04-14
1,0,1,0,Rutherford,2022-04-15
2,0,2,0,Rutherford,2022-04-16
1,0,1,0,Rutherford,2022-04-17
4,0,4,0,Rutherford,2022-04-18
1,0,1,0,Rutherford,2022-04-19
6,0,6,0,Rutherford,2022-04-20
4,0,4,0,Rutherford,2022-04-21
7,2,5,0,Rutherford,2022-04-22
3,1,2,0,Rutherford,2022-04-23
3,1,2,0,Rutherford,2022-04-24
4,1,3,0,Rutherford,2022-04-25
8,4,4,0,Rutherford,2022-04-27
1,0,1,0,Rutherford,2022-04-28
3,1,2,0,Rutherford,2022-04-29
0,0,0,0,Rutherford,2022-04-30
2,0,2,0,Rutherford,2022-05-01
3,0,3,0,Rutherford,2022-05-03
5,1,4,0,Rutherford,2022-05-05
10,2,8,0,Rutherford,2022-05-06
6,2,4,0,Rutherford,2022-05-07
7,3,4,0,Sampson,2021-11-10
7,2,5,0,Sampson,2021-11-11
0,0,0,0,Sampson,2021-11-13
7,2,5,0,Sampson,2021-11-14
15,8,7,0,Sampson,2021-11-16
9,5,4,0,Sampson,2021-11-17
6,4,2,0,Sampson,2021-11-18
13,7,6,0,Sampson,2021-11-19
5,3,2,0,Sampson,2021-11-20
3,0,3,0,Sampson,2021-11-21
18,11,7,0,Sampson,2021-11-22
13,5,8,0,Sampson,2021-11-23
12,6,6,0,Sampson,2021-11-24
0,0,0,0,Sampson,2021-11-25
7,1,6,0,Sampson,2021-11-26
4,1,3,0,Sampson,2021-11-27
2,0,2,0,Sampson,2021-11-28
24,11,13,0,Sampson,2021-11-29
22,11,11,0,Sampson,2021-11-30
15,8,7,0,Sampson,2021-12-02
8,3,5,0,Sampson,2021-12-03
10,5,5,0,Sampson,2021-12-05
45,24,21,0,Sampson,2021-12-06
35,20,15,0,Sampson,2021-12-07
15,8,7,0,Sampson,2021-12-08
25,11,14,0,Sampson,2021-12-09
9,2,7,0,Sampson,2021-12-11
8,4,4,0,Sampson,2021-12-12
28,14,14,0,Sampson,2021-12-14
13,9,4,0,Sampson,2021-12-15
24,17,7,0,Sampson,2021-12-16
13,7,6,0,Sampson,2021-12-17
5,4,1,0,Sampson,2021-12-18
19,11,8,0,Sampson,2021-12-19
27,14,13,0,Sampson,2021-12-20
26,12,14,0,Sampson,2021-12-22
24,10,14,0,Sampson,2021-12-23
7,2,5,0,Sampson,2021-12-24
5,2,3,0,Sampson,2021-12-25
13,2,11,0,Sampson,2021-12-26
91,48,43,0,Sampson,2021-12-28
97,48,49,0,Sampson,2021-12-29
113,56,57,0,Sampson,2021-12-30
25,12,13,0,Sampson,2022-01-01
45,23,22,0,Sampson,2022-01-02
207,107,100,0,Sampson,2022-01-03
269,117,152,0,Sampson,2022-01-06
191,92,99,0,Sampson,2022-01-07
86,29,57,0,Sampson,2022-01-09
390,142,248,0,Sampson,2022-01-10
386,130,256,0,Sampson,2022-01-11
399,132,267,0,Sampson,2022-01-12
281,68,213,0,Sampson,2022-01-13
259,80,179,0,Sampson,2022-01-14
125,59,66,0,Sampson,2022-01-15
48,17,31,0,Sampson,2022-01-16
59,22,37,0,Sampson,2022-01-21
26,10,16,0,Sampson,2022-01-22
42,6,36,0,Sampson,2022-01-23
101,36,65,0,Sampson,2022-01-28
75,22,53,0,Sampson,2022-02-01
54,17,37,0,Sampson,2022-02-04
43,18,25,0,Sampson,2022-02-09
31,16,15,0,Sampson,2022-02-10
10,4,6,0,Sampson,2022-02-12
16,7,9,0,Sampson,2022-02-15
11,2,9,0,Sampson,2022-02-18
3,1,2,0,Sampson,2022-02-19
12,5,7,0,Sampson,2022-02-22
4,3,1,0,Sampson,2022-02-26
3,1,2,0,Sampson,2022-02-27
8,0,8,0,Sampson,2022-02-28
7,5,2,0,Sampson,2022-03-01
4,1,3,0,Sampson,2022-03-02
3,1,2,0,Sampson,2022-03-04
1,1,0,0,Sampson,2022-03-05
3,1,2,0,Sampson,2022-03-08
1,1,0,0,Sampson,2022-03-09
0,0,0,0,Sampson,2022-03-10
1,0,1,0,Sampson,2022-03-11
1,0,1,0,Sampson,2022-03-12
1,0,1,0,Sampson,2022-03-13
4,3,1,0,Sampson,2022-03-14
6,4,2,0,Sampson,2022-03-15
4,2,2,0,Sampson,2022-03-16
3,1,2,0,Sampson,2022-03-17
2,1,1,0,Sampson,2022-03-18
3,1,2,0,Sampson,2022-03-19
0,0,0,0,Sampson,2022-03-20
3,1,2,0,Sampson,2022-03-22
1,0,1,0,Sampson,2022-03-23
5,3,2,0,Sampson,2022-03-24
1,0,1,0,Sampson,2022-03-25
1,0,1,0,Sampson,2022-03-26
0,0,0,0,Sampson,2022-03-27
2,0,2,0,Sampson,2022-03-28
3,3,0,0,Sampson,2022-03-29
7,5,2,0,Sampson,2022-03-30
10,0,10,0,Sampson,2022-03-31
0,0,0,0,Sampson,2022-04-01
1,1,0,0,Sampson,2022-04-02
3,3,0,0,Sampson,2022-04-03
2,1,1,0,Sampson,2022-04-04
6,6,0,0,Sampson,2022-04-05
4,2,2,0,Sampson,2022-04-07
1,0,1,0,Sampson,2022-04-08
0,0,0,0,Sampson,2022-04-10
4,1,3,0,Sampson,2022-04-11
2,1,1,0,Sampson,2022-04-12
0,0,0,0,Sampson,2022-04-13
9,3,6,0,Sampson,2022-04-14
4,1,3,0,Sampson,2022-04-15
2,2,0,0,Sampson,2022-04-16
0,0,0,0,Sampson,2022-04-17
8,4,4,0,Sampson,2022-04-19
7,6,1,0,Sampson,2022-04-20
6,5,1,0,Sampson,2022-04-21
9,6,3,0,Sampson,2022-04-22
1,0,1,0,Sampson,2022-04-23
2,1,1,0,Sampson,2022-04-24
6,5,1,0,Sampson,2022-04-25
10,3,7,0,Sampson,2022-04-26
1,1,0,0,Sampson,2022-04-27
4,2,2,0,Sampson,2022-04-28
4,2,2,0,Sampson,2022-04-29
1,1,0,0,Sampson,2022-04-30
3,2,1,0,Sampson,2022-05-01
9,6,3,0,Sampson,2022-05-02
8,4,4,0,Sampson,2022-05-03
8,5,3,0,Sampson,2022-05-04
10,7,3,0,Sampson,2022-05-05
1,0,1,0,Sampson,2022-05-06
5,2,3,0,Scotland,2021-11-09
3,1,2,0,Scotland,2021-11-10
4,3,1,0,Scotland,2021-11-11
1,0,1,0,Scotland,2021-11-13
0,0,0,0,Scotland,2021-11-14
5,0,5,0,Scotland,2021-11-15
1,1,0,0,Scotland,2021-11-16
1,0,1,0,Scotland,2021-11-17
6,1,5,0,Scotland,2021-11-19
2,0,2,0,Scotland,2021-11-20
3,1,2,0,Scotland,2021-11-21
8,2,6,0,Scotland,2021-11-22
5,2,3,0,Scotland,2021-11-23
3,3,0,0,Scotland,2021-11-24
0,0,0,0,Scotland,2021-11-25
3,0,3,0,Scotland,2021-11-26
2,0,2,0,Scotland,2021-11-27
3,1,2,0,Scotland,2021-11-28
2,1,1,0,Scotland,2021-11-29
6,4,2,0,Scotland,2021-11-30
7,3,4,0,Scotland,2021-12-01
8,3,5,0,Scotland,2021-12-02
10,7,3,0,Scotland,2021-12-03
4,3,1,0,Scotland,2021-12-04
11,3,8,0,Scotland,2021-12-06
12,2,10,0,Scotland,2021-12-07
11,5,6,0,Scotland,2021-12-08
9,1,8,0,Scotland,2021-12-09
8,3,5,0,Scotland,2021-12-10
1,0,1,0,Scotland,2021-12-11
3,1,2,0,Scotland,2021-12-12
19,3,16,0,Scotland,2021-12-14
10,3,7,0,Scotland,2021-12-15
6,2,4,0,Scotland,2021-12-16
16,3,13,0,Scotland,2021-12-17
4,2,2,0,Scotland,2021-12-18
7,6,1,0,Scotland,2021-12-19
9,2,7,0,Scotland,2021-12-20
16,5,11,0,Scotland,2021-12-21
17,4,13,0,Scotland,2021-12-22
24,9,15,0,Scotland,2021-12-23
8,1,7,0,Scotland,2021-12-24
10,6,4,0,Scotland,2021-12-25
27,10,17,0,Scotland,2021-12-26
63,15,48,0,Scotland,2021-12-27
109,13,96,0,Scotland,2021-12-28
115,20,95,0,Scotland,2021-12-30
46,8,38,0,Scotland,2022-01-01
126,21,105,0,Scotland,2022-01-03
204,56,148,0,Scotland,2022-01-05
206,39,167,0,Scotland,2022-01-06
63,19,44,0,Scotland,2022-01-08
215,40,175,0,Scotland,2022-01-10
214,49,165,0,Scotland,2022-01-12
158,47,111,0,Scotland,2022-01-13
134,35,99,0,Scotland,2022-01-14
86,26,60,0,Scotland,2022-01-15
62,23,39,0,Scotland,2022-01-17
197,55,142,0,Scotland,2022-01-18
116,38,78,0,Scotland,2022-01-20
29,10,19,0,Scotland,2022-01-23
59,19,40,0,Scotland,2022-01-26
62,16,46,0,Scotland,2022-01-27
50,17,33,0,Scotland,2022-01-31
38,10,28,0,Scotland,2022-02-03
12,5,7,0,Scotland,2022-02-05
32,11,21,0,Scotland,2022-02-07
16,2,14,0,Scotland,2022-02-08
7,2,5,0,Scotland,2022-02-11
6,3,3,0,Scotland,2022-02-13
7,3,4,0,Scotland,2022-02-15
10,1,9,0,Scotland,2022-02-16
12,6,6,0,Scotland,2022-02-17
4,2,2,0,Scotland,2022-02-18
2,1,1,0,Scotland,2022-02-19
5,1,4,0,Scotland,2022-02-20
10,5,5,0,Scotland,2022-02-21
2,1,1,0,Scotland,2022-02-22
1,0,1,0,Scotland,2022-02-23
3,2,1,0,Scotland,2022-02-24
6,1,5,0,Scotland,2022-02-25
1,1,0,0,Scotland,2022-02-26
1,1,0,0,Scotland,2022-02-27
1,0,1,0,Scotland,2022-03-01
1,0,1,0,Scotland,2022-03-02
2,2,0,0,Scotland,2022-03-03
1,0,1,0,Scotland,2022-03-04
1,1,0,0,Scotland,2022-03-05
1,1,0,0,Scotland,2022-03-06
9,5,4,0,Scotland,2022-03-07
1,1,0,0,Scotland,2022-03-08
2,0,2,0,Scotland,2022-03-09
1,0,1,0,Scotland,2022-03-10
2,0,2,0,Scotland,2022-03-11
0,0,0,0,Scotland,2022-03-12
0,0,0,0,Scotland,2022-03-13
2,1,1,0,Scotland,2022-03-14
2,1,1,0,Scotland,2022-03-15
2,1,1,0,Scotland,2022-03-16
1,0,1,0,Scotland,2022-03-17
1,0,1,0,Scotland,2022-03-18
1,0,1,0,Scotland,2022-03-19
1,1,0,0,Scotland,2022-03-20
2,1,1,0,Scotland,2022-03-21
1,0,1,0,Scotland,2022-03-22
0,0,0,0,Scotland,2022-03-23
2,2,0,0,Scotland,2022-03-24
2,0,2,0,Scotland,2022-03-25
0,0,0,0,Scotland,2022-03-26
0,0,0,0,Scotland,2022-03-27
1,1,0,0,Scotland,2022-03-28
1,0,1,0,Scotland,2022-03-29
3,1,2,0,Scotland,2022-03-30
0,0,0,0,Scotland,2022-03-31
0,0,0,0,Scotland,2022-04-01
0,0,0,0,Scotland,2022-04-02
0,0,0,0,Scotland,2022-04-03
2,2,0,0,Scotland,2022-04-04
1,1,0,0,Scotland,2022-04-05
0,0,0,0,Scotland,2022-04-06
0,0,0,0,Scotland,2022-04-07
5,0,5,0,Scotland,2022-04-08
1,1,0,0,Scotland,2022-04-09
0,0,0,0,Scotland,2022-04-10
4,2,2,0,Scotland,2022-04-11
3,2,1,0,Scotland,2022-04-12
9,0,9,0,Scotland,2022-04-13
1,1,0,0,Scotland,2022-04-14
8,1,7,0,Scotland,2022-04-15
0,0,0,0,Scotland,2022-04-17
2,2,0,0,Scotland,2022-04-18
2,1,1,0,Scotland,2022-04-19
8,2,6,0,Scotland,2022-04-20
2,1,1,0,Scotland,2022-04-21
9,6,3,0,Scotland,2022-04-22
4,3,1,0,Scotland,2022-04-23
3,1,2,0,Scotland,2022-04-24
4,1,3,0,Scotland,2022-04-25
4,3,1,0,Scotland,2022-04-26
6,3,3,0,Scotland,2022-04-27
5,2,3,0,Scotland,2022-04-28
0,0,0,0,Scotland,2022-04-29
3,3,0,0,Scotland,2022-04-30
3,3,0,0,Scotland,2022-05-01
4,1,3,0,Scotland,2022-05-02
14,6,8,0,Scotland,2022-05-03
7,3,4,0,Scotland,2022-05-04
5,1,4,0,Scotland,2022-05-05
10,4,6,0,Scotland,2022-05-06
7,3,4,0,Scotland,2022-05-07
31,2,29,0,Stanly,2021-11-09
13,1,12,0,Stanly,2021-11-10
19,1,18,0,Stanly,2021-11-11
8,0,8,0,Stanly,2021-11-13
10,0,10,0,Stanly,2021-11-14
17,2,15,0,Stanly,2021-11-16
16,1,15,0,Stanly,2021-11-19
12,0,12,0,Stanly,2021-11-21
26,1,25,0,Stanly,2021-11-22
6,0,6,0,Stanly,2021-11-25
12,1,11,0,Stanly,2021-11-26
34,2,32,0,Stanly,2021-11-29
30,3,27,0,Stanly,2021-11-30
27,6,21,0,Stanly,2021-12-02
21,3,18,0,Stanly,2021-12-03
18,0,18,0,Stanly,2021-12-04
18,0,18,0,Stanly,2021-12-05
48,7,41,0,Stanly,2021-12-06
46,7,39,0,Stanly,2021-12-07
26,2,24,0,Stanly,2021-12-09
15,0,15,0,Stanly,2021-12-11
17,0,17,0,Stanly,2021-12-12
40,7,33,0,Stanly,2021-12-13
30,4,26,0,Stanly,2021-12-16
17,2,15,0,Stanly,2021-12-18
13,1,12,0,Stanly,2021-12-19
36,10,26,0,Stanly,2021-12-20
43,6,37,0,Stanly,2021-12-21
36,2,34,0,Stanly,2021-12-22
37,5,32,0,Stanly,2021-12-23
16,4,12,0,Stanly,2021-12-24
12,3,9,0,Stanly,2021-12-25
16,2,14,0,Stanly,2021-12-26
81,11,70,0,Stanly,2021-12-27
132,19,113,0,Stanly,2021-12-28
114,14,100,0,Stanly,2021-12-29
168,54,114,0,Stanly,2021-12-30
41,14,27,0,Stanly,2022-01-01
180,44,136,0,Stanly,2022-01-06
85,35,50,0,Stanly,2022-01-09
353,85,268,0,Stanly,2022-01-11
119,38,81,0,Stanly,2022-01-15
25,11,14,0,Stanly,2022-01-16
105,29,76,0,Stanly,2022-01-17
256,51,205,0,Stanly,2022-01-20
110,7,103,0,Stanly,2022-01-28
34,9,25,0,Stanly,2022-01-29
67,11,56,0,Stanly,2022-02-01
57,3,54,0,Stanly,2022-02-03
20,0,20,0,Stanly,2022-02-06
11,0,11,0,Stanly,2022-02-12
6,0,6,0,Stanly,2022-02-13
25,2,23,0,Stanly,2022-02-14
13,1,12,0,Stanly,2022-02-16
13,1,12,0,Stanly,2022-02-18
5,0,5,0,Stanly,2022-02-20
6,1,5,0,Stanly,2022-02-23
9,0,9,0,Stanly,2022-02-24
9,1,8,0,Stanly,2022-02-25
1,1,0,0,Stanly,2022-02-26
10,0,10,0,Stanly,2022-03-02
3,1,2,0,Stanly,2022-03-04
0,0,0,0,Stanly,2022-03-06
3,0,3,0,Stanly,2022-03-07
3,0,3,0,Stanly,2022-03-08
0,0,0,0,Stanly,2022-03-09
0,0,0,0,Stanly,2022-03-10
0,0,0,0,Stanly,2022-03-11
1,0,1,0,Stanly,2022-03-12
0,0,0,0,Stanly,2022-03-13
1,0,1,0,Stanly,2022-03-14
1,0,1,0,Stanly,2022-03-16
2,0,2,0,Stanly,2022-03-17
2,0,2,0,Stanly,2022-03-18
1,0,1,0,Stanly,2022-03-19
1,0,1,0,Stanly,2022-03-20
1,0,1,0,Stanly,2022-03-21
1,0,1,0,Stanly,2022-03-22
2,0,2,0,Stanly,2022-03-25
0,0,0,0,Stanly,2022-03-26
3,1,2,0,Stanly,2022-03-27
0,0,0,0,Stanly,2022-03-28
1,0,1,0,Stanly,2022-03-31
0,0,0,0,Stanly,2022-04-01
0,0,0,0,Stanly,2022-04-02
1,0,1,0,Stanly,2022-04-03
0,0,0,0,Stanly,2022-04-04
2,0,2,0,Stanly,2022-04-05
1,0,1,0,Stanly,2022-04-06
2,0,2,0,Stanly,2022-04-07
0,0,0,0,Stanly,2022-04-08
1,0,1,0,Stanly,2022-04-09
1,0,1,0,Stanly,2022-04-10
0,0,0,0,Stanly,2022-04-11
1,0,1,0,Stanly,2022-04-12
2,0,2,0,Stanly,2022-04-13
4,1,3,0,Stanly,2022-04-14
0,0,0,0,Stanly,2022-04-15
3,0,3,0,Stanly,2022-04-16
0,0,0,0,Stanly,2022-04-17
4,0,4,0,Stanly,2022-04-18
4,0,4,0,Stanly,2022-04-19
3,0,3,0,Stanly,2022-04-20
2,0,2,0,Stanly,2022-04-21
2,0,2,0,Stanly,2022-04-22
0,0,0,0,Stanly,2022-04-23
2,1,1,0,Stanly,2022-04-24
4,0,4,0,Stanly,2022-04-25
2,0,2,0,Stanly,2022-04-26
8,0,8,0,Stanly,2022-04-27
2,0,2,0,Stanly,2022-04-28
4,1,3,0,Stanly,2022-04-29
2,1,1,0,Stanly,2022-04-30
1,0,1,0,Stanly,2022-05-01
10,4,6,0,Stanly,2022-05-02
6,0,6,0,Stanly,2022-05-03
8,0,8,0,Stanly,2022-05-04
5,1,4,0,Stanly,2022-05-05
2,0,2,0,Stanly,2022-05-06
17,6,11,0,Stokes,2021-11-10
13,1,12,0,Stokes,2021-11-12
5,0,5,0,Stokes,2021-11-13
14,2,12,0,Stokes,2021-11-14
29,9,20,0,Stokes,2021-11-15
16,5,11,0,Stokes,2021-11-16
14,6,8,0,Stokes,2021-11-17
17,4,13,0,Stokes,2021-11-19
11,2,9,0,Stokes,2021-11-20
8,5,3,0,Stokes,2021-11-21
29,12,17,0,Stokes,2021-11-22
15,8,7,0,Stokes,2021-11-23
17,1,16,0,Stokes,2021-11-24
4,1,3,0,Stokes,2021-11-25
14,3,11,0,Stokes,2021-11-27
8,2,6,0,Stokes,2021-11-28
39,5,34,0,Stokes,2021-11-29
29,8,21,0,Stokes,2021-11-30
42,10,32,0,Stokes,2021-12-01
42,6,36,0,Stokes,2021-12-02
27,4,23,0,Stokes,2021-12-03
21,3,18,0,Stokes,2021-12-04
46,11,35,0,Stokes,2021-12-06
34,4,30,0,Stokes,2021-12-07
36,11,25,0,Stokes,2021-12-08
24,3,21,0,Stokes,2021-12-10
8,2,6,0,Stokes,2021-12-11
11,1,10,0,Stokes,2021-12-12
41,7,34,0,Stokes,2021-12-14
35,8,27,0,Stokes,2021-12-15
34,11,23,0,Stokes,2021-12-16
35,4,31,0,Stokes,2021-12-17
16,1,15,0,Stokes,2021-12-18
20,5,15,0,Stokes,2021-12-19
43,11,32,0,Stokes,2021-12-20
40,5,35,0,Stokes,2021-12-21
24,1,23,0,Stokes,2021-12-23
15,2,13,0,Stokes,2021-12-24
3,0,3,0,Stokes,2021-12-25
9,1,8,0,Stokes,2021-12-26
70,16,54,0,Stokes,2021-12-27
58,8,50,0,Stokes,2021-12-28
91,13,78,0,Stokes,2021-12-29
74,12,62,0,Stokes,2021-12-30
13,6,7,0,Stokes,2022-01-01
28,8,20,0,Stokes,2022-01-02
112,37,75,0,Stokes,2022-01-03
91,20,71,0,Stokes,2022-01-07
33,8,25,0,Stokes,2022-01-09
187,31,156,0,Stokes,2022-01-11
140,33,107,0,Stokes,2022-01-13
138,21,117,0,Stokes,2022-01-19
166,43,123,0,Stokes,2022-01-24
80,12,68,0,Stokes,2022-01-27
90,16,74,0,Stokes,2022-01-31
45,9,36,0,Stokes,2022-02-01
44,6,38,0,Stokes,2022-02-02
17,1,16,0,Stokes,2022-02-05
15,3,12,0,Stokes,2022-02-06
32,4,28,0,Stokes,2022-02-09
13,2,11,0,Stokes,2022-02-13
30,7,23,0,Stokes,2022-02-14
5,1,4,0,Stokes,2022-02-19
6,3,3,0,Stokes,2022-02-20
8,3,5,0,Stokes,2022-02-23
8,1,7,0,Stokes,2022-02-25
3,0,3,0,Stokes,2022-02-26
2,0,2,0,Stokes,2022-02-27
7,1,6,0,Stokes,2022-02-28
2,0,2,0,Stokes,2022-03-02
4,1,3,0,Stokes,2022-03-04
2,0,2,0,Stokes,2022-03-06
5,0,5,0,Stokes,2022-03-07
5,0,5,0,Stokes,2022-03-08
3,1,2,0,Stokes,2022-03-09
2,2,0,0,Stokes,2022-03-10
2,0,2,0,Stokes,2022-03-12
0,0,0,0,Stokes,2022-03-13
3,0,3,0,Stokes,2022-03-14
1,0,1,0,Stokes,2022-03-15
0,0,0,0,Stokes,2022-03-16
0,0,0,0,Stokes,2022-03-17
0,0,0,0,Stokes,2022-03-18
1,0,1,0,Stokes,2022-03-19
0,0,0,0,Stokes,2022-03-20
3,2,1,0,Stokes,2022-03-21
0,0,0,0,Stokes,2022-03-22
2,1,1,0,Stokes,2022-03-23
0,0,0,0,Stokes,2022-03-24
0,0,0,0,Stokes,2022-03-25
4,4,0,0,Stokes,2022-03-26
1,0,1,0,Stokes,2022-03-27
3,1,2,0,Stokes,2022-03-28
2,2,0,0,Stokes,2022-03-29
4,0,4,0,Stokes,2022-03-30
3,3,0,0,Stokes,2022-03-31
1,1,0,0,Stokes,2022-04-01
1,0,1,0,Stokes,2022-04-02
0,0,0,0,Stokes,2022-04-03
5,2,3,0,Stokes,2022-04-04
1,1,0,0,Stokes,2022-04-05
3,0,3,0,Stokes,2022-04-06
0,0,0,0,Stokes,2022-04-07
2,0,2,0,Stokes,2022-04-08
1,1,0,0,Stokes,2022-04-09
2,0,2,0,Stokes,2022-04-11
0,0,0,0,Stokes,2022-04-12
3,1,2,0,Stokes,2022-04-13
2,0,2,0,Stokes,2022-04-14
1,0,1,0,Stokes,2022-04-15
0,0,0,0,Stokes,2022-04-16
0,0,0,0,Stokes,2022-04-17
1,0,1,0,Stokes,2022-04-18
1,0,1,0,Stokes,2022-04-19
3,3,0,0,Stokes,2022-04-20
4,0,4,0,Stokes,2022-04-21
3,1,2,0,Stokes,2022-04-22
2,1,1,0,Stokes,2022-04-23
3,0,3,0,Stokes,2022-04-24
4,1,3,0,Stokes,2022-04-25
6,1,5,0,Stokes,2022-04-26
4,1,3,0,Stokes,2022-04-27
5,1,4,0,Stokes,2022-04-28
5,2,3,0,Stokes,2022-04-29
4,1,3,0,Stokes,2022-04-30
2,1,1,0,Stokes,2022-05-01
10,2,8,0,Stokes,2022-05-02
4,0,4,0,Stokes,2022-05-03
8,0,8,0,Stokes,2022-05-04
16,5,11,0,Stokes,2022-05-05
8,2,6,0,Stokes,2022-05-06
6,1,5,0,Stokes,2022-05-07
31,16,15,0,Surry,2021-11-09
26,12,14,0,Surry,2021-11-10
27,15,12,0,Surry,2021-11-11
19,6,13,0,Surry,2021-11-12
12,5,7,0,Surry,2021-11-13
8,4,4,0,Surry,2021-11-14
54,24,30,0,Surry,2021-11-15
50,11,39,0,Surry,2021-11-16
34,18,16,0,Surry,2021-11-17
22,6,16,0,Surry,2021-11-19
40,13,27,0,Surry,2021-11-22
48,12,36,0,Surry,2021-11-23
32,16,16,0,Surry,2021-11-24
6,3,3,0,Surry,2021-11-28
41,16,25,0,Surry,2021-11-30
44,18,26,0,Surry,2021-12-03
21,15,6,0,Surry,2021-12-04
23,15,8,0,Surry,2021-12-05
80,34,46,0,Surry,2021-12-06
53,25,28,0,Surry,2021-12-07
53,25,28,0,Surry,2021-12-09
20,5,15,0,Surry,2021-12-11
55,19,36,0,Surry,2021-12-16
20,5,15,0,Surry,2021-12-18
60,21,39,0,Surry,2021-12-23
47,23,24,0,Surry,2021-12-24
8,5,3,0,Surry,2021-12-25
57,18,39,0,Surry,2021-12-26
126,42,84,0,Surry,2021-12-29
194,88,106,0,Surry,2022-01-05
154,58,96,0,Surry,2022-01-07
292,105,187,0,Surry,2022-01-11
126,45,81,0,Surry,2022-01-15
219,75,144,0,Surry,2022-01-20
233,86,147,0,Surry,2022-01-24
150,51,99,0,Surry,2022-01-31
142,81,61,0,Surry,2022-02-02
80,27,53,0,Surry,2022-02-03
72,36,36,0,Surry,2022-02-07
62,20,42,0,Surry,2022-02-09
64,29,35,0,Surry,2022-02-10
15,1,14,0,Surry,2022-02-13
58,27,31,0,Surry,2022-02-14
37,10,27,0,Surry,2022-02-16
20,10,10,0,Surry,2022-02-19
30,12,18,0,Surry,2022-02-21
21,7,14,0,Surry,2022-02-23
20,5,15,0,Surry,2022-02-24
13,4,9,0,Surry,2022-02-25
7,3,4,0,Surry,2022-02-26
16,6,10,0,Surry,2022-02-28
9,3,6,0,Surry,2022-03-01
3,1,2,0,Surry,2022-03-05
2,1,1,0,Surry,2022-03-06
6,3,3,0,Surry,2022-03-07
5,2,3,0,Surry,2022-03-08
10,2,8,0,Surry,2022-03-09
6,2,4,0,Surry,2022-03-12
2,1,1,0,Surry,2022-03-13
1,0,1,0,Surry,2022-03-15
2,0,2,0,Surry,2022-03-16
2,0,2,0,Surry,2022-03-17
2,1,1,0,Surry,2022-03-18
4,0,4,0,Surry,2022-03-21
1,1,0,0,Surry,2022-03-23
2,0,2,0,Surry,2022-03-24
0,0,0,0,Surry,2022-03-25
1,1,0,0,Surry,2022-03-26
2,1,1,0,Surry,2022-03-27
1,0,1,0,Surry,2022-03-28
1,0,1,0,Surry,2022-03-29
1,0,1,0,Surry,2022-03-30
1,0,1,0,Surry,2022-03-31
0,0,0,0,Surry,2022-04-01
1,1,0,0,Surry,2022-04-02
1,0,1,0,Surry,2022-04-03
4,1,3,0,Surry,2022-04-04
4,2,2,0,Surry,2022-04-05
3,1,2,0,Surry,2022-04-06
3,1,2,0,Surry,2022-04-07
1,0,1,0,Surry,2022-04-08
4,1,3,0,Surry,2022-04-09
1,0,1,0,Surry,2022-04-10
4,0,4,0,Surry,2022-04-11
2,1,1,0,Surry,2022-04-12
4,0,4,0,Surry,2022-04-13
2,0,2,0,Surry,2022-04-14
1,1,0,0,Surry,2022-04-15
3,1,2,0,Surry,2022-04-16
3,1,2,0,Surry,2022-04-17
7,1,6,0,Surry,2022-04-18
7,0,7,0,Surry,2022-04-19
4,2,2,0,Surry,2022-04-20
11,3,8,0,Surry,2022-04-21
5,0,5,0,Surry,2022-04-22
3,0,3,0,Surry,2022-04-23
1,1,0,0,Surry,2022-04-24
11,4,7,0,Surry,2022-04-25
9,3,6,0,Surry,2022-04-27
9,4,5,0,Surry,2022-04-28
2,0,2,0,Surry,2022-04-29
2,0,2,0,Surry,2022-04-30
7,5,2,0,Surry,2022-05-01
16,6,10,0,Surry,2022-05-02
16,4,12,0,Surry,2022-05-03
9,3,6,0,Surry,2022-05-04
7,2,5,0,Surry,2022-05-05
9,3,6,0,Surry,2022-05-06
8,4,4,0,Surry,2022-05-07
2,1,1,0,Swain,2021-11-09
2,0,2,0,Swain,2021-11-10
3,0,3,0,Swain,2021-11-12
0,0,0,0,Swain,2021-11-13
1,1,0,0,Swain,2021-11-14
3,1,2,0,Swain,2021-11-15
5,2,3,0,Swain,2021-11-16
4,1,3,0,Swain,2021-11-17
4,0,4,0,Swain,2021-11-19
1,0,1,0,Swain,2021-11-20
3,1,2,0,Swain,2021-11-21
2,1,1,0,Swain,2021-11-22
6,2,4,0,Swain,2021-11-23
4,2,2,0,Swain,2021-11-24
5,0,5,0,Swain,2021-11-26
5,2,3,0,Swain,2021-11-27
0,0,0,0,Swain,2021-11-28
20,3,17,0,Swain,2021-11-29
16,6,10,0,Swain,2021-11-30
8,4,4,0,Swain,2021-12-01
9,7,2,0,Swain,2021-12-02
11,2,9,0,Swain,2021-12-03
15,7,8,0,Swain,2021-12-06
9,4,5,0,Swain,2021-12-07
8,5,3,0,Swain,2021-12-08
9,2,7,0,Swain,2021-12-09
4,0,4,0,Swain,2021-12-10
4,0,4,0,Swain,2021-12-12
8,4,4,0,Swain,2021-12-13
9,4,5,0,Swain,2021-12-14
7,1,6,0,Swain,2021-12-15
6,3,3,0,Swain,2021-12-16
4,3,1,0,Swain,2021-12-17
1,1,0,0,Swain,2021-12-18
1,1,0,0,Swain,2021-12-19
3,1,2,0,Swain,2021-12-20
3,1,2,0,Swain,2021-12-22
5,5,0,0,Swain,2021-12-23
3,2,1,0,Swain,2021-12-25
7,3,4,0,Swain,2021-12-26
25,14,11,0,Swain,2021-12-28
24,14,10,0,Swain,2021-12-29
32,29,3,0,Swain,2021-12-30
40,16,24,0,Swain,2022-01-03
56,21,35,0,Swain,2022-01-04
38,20,18,0,Swain,2022-01-05
43,15,28,0,Swain,2022-01-06
41,15,26,0,Swain,2022-01-07
20,12,8,0,Swain,2022-01-09
42,23,19,0,Swain,2022-01-10
41,9,32,0,Swain,2022-01-11
19,8,11,0,Swain,2022-01-12
39,15,24,0,Swain,2022-01-13
8,5,3,0,Swain,2022-01-15
8,2,6,0,Swain,2022-01-16
14,10,4,0,Swain,2022-01-17
40,27,13,0,Swain,2022-01-18
55,26,29,0,Swain,2022-01-19
62,35,27,0,Swain,2022-01-20
44,23,21,0,Swain,2022-01-21
15,8,7,0,Swain,2022-01-22
19,10,9,0,Swain,2022-01-23
44,21,23,0,Swain,2022-01-24
28,14,14,0,Swain,2022-01-26
27,15,12,0,Swain,2022-01-27
11,8,3,0,Swain,2022-01-29
34,21,13,0,Swain,2022-01-31
29,10,19,0,Swain,2022-02-01
24,10,14,0,Swain,2022-02-02
14,13,1,0,Swain,2022-02-03
12,3,9,0,Swain,2022-02-04
4,3,1,0,Swain,2022-02-05
12,5,7,0,Swain,2022-02-07
16,7,9,0,Swain,2022-02-08
6,2,4,0,Swain,2022-02-10
13,7,6,0,Swain,2022-02-11
3,3,0,0,Swain,2022-02-12
1,1,0,0,Swain,2022-02-13
10,5,5,0,Swain,2022-02-14
9,8,1,0,Swain,2022-02-15
5,3,2,0,Swain,2022-02-16
17,15,2,0,Swain,2022-02-17
6,4,2,0,Swain,2022-02-18
7,4,3,0,Swain,2022-02-19
5,5,0,0,Swain,2022-02-20
10,6,4,0,Swain,2022-02-21
12,5,7,0,Swain,2022-02-22
3,3,0,0,Swain,2022-02-23
7,2,5,0,Swain,2022-02-24
6,3,3,0,Swain,2022-02-25
1,1,0,0,Swain,2022-02-26
2,2,0,0,Swain,2022-02-27
4,3,1,0,Swain,2022-02-28
2,0,2,0,Swain,2022-03-01
4,3,1,0,Swain,2022-03-02
3,0,3,0,Swain,2022-03-03
1,0,1,0,Swain,2022-03-04
2,0,2,0,Swain,2022-03-05
2,0,2,0,Swain,2022-03-06
0,0,0,0,Swain,2022-03-09
3,3,0,0,Swain,2022-03-10
1,1,0,0,Swain,2022-03-11
1,1,0,0,Swain,2022-03-12
1,0,1,0,Swain,2022-03-13
0,0,0,0,Swain,2022-03-14
1,1,0,0,Swain,2022-03-15
0,0,0,0,Swain,2022-03-16
1,1,0,0,Swain,2022-03-17
0,0,0,0,Swain,2022-03-18
0,0,0,0,Swain,2022-03-19
0,0,0,0,Swain,2022-03-20
0,0,0,0,Swain,2022-03-21
1,0,1,0,Swain,2022-03-22
1,0,1,0,Swain,2022-03-23
2,1,1,0,Swain,2022-03-24
0,0,0,0,Swain,2022-03-25
0,0,0,0,Swain,2022-03-26
1,1,0,0,Swain,2022-03-27
0,0,0,0,Swain,2022-03-28
1,1,0,0,Swain,2022-03-29
2,2,0,0,Swain,2022-03-30
1,1,0,0,Swain,2022-03-31
0,0,0,0,Swain,2022-04-01
1,1,0,0,Swain,2022-04-02
0,0,0,0,Swain,2022-04-03
0,0,0,0,Swain,2022-04-04
0,0,0,0,Swain,2022-04-05
1,1,0,0,Swain,2022-04-06
2,0,2,0,Swain,2022-04-07
0,0,0,0,Swain,2022-04-08
2,2,0,0,Swain,2022-04-09
0,0,0,0,Swain,2022-04-10
0,0,0,0,Swain,2022-04-11
2,1,1,0,Swain,2022-04-12
0,0,0,0,Swain,2022-04-13
3,1,2,0,Swain,2022-04-14
1,0,1,0,Swain,2022-04-15
0,0,0,0,Swain,2022-04-16
0,0,0,0,Swain,2022-04-17
1,1,0,0,Swain,2022-04-18
2,2,0,0,Swain,2022-04-19
1,1,0,0,Swain,2022-04-20
1,0,1,0,Swain,2022-04-21
4,2,2,0,Swain,2022-04-22
1,0,1,0,Swain,2022-04-23
3,2,1,0,Swain,2022-04-24
2,1,1,0,Swain,2022-04-25
2,1,1,0,Swain,2022-04-26
4,0,4,0,Swain,2022-04-27
1,0,1,0,Swain,2022-04-28
2,1,1,0,Swain,2022-04-29
2,2,0,0,Swain,2022-04-30
2,1,1,0,Swain,2022-05-01
3,3,0,0,Swain,2022-05-02
2,0,2,0,Swain,2022-05-03
3,2,1,0,Swain,2022-05-04
3,2,1,0,Swain,2022-05-05
4,4,0,0,Swain,2022-05-06
1,0,1,0,Swain,2022-05-07
6,3,3,0,Transylvania,2021-11-09
4,3,1,0,Transylvania,2021-11-10
3,2,1,0,Transylvania,2021-11-11
1,1,0,0,Transylvania,2021-11-12
2,1,1,0,Transylvania,2021-11-13
1,0,1,0,Transylvania,2021-11-14
8,7,1,0,Transylvania,2021-11-15
5,5,0,0,Transylvania,2021-11-17
3,1,2,0,Transylvania,2021-11-18
1,1,0,0,Transylvania,2021-11-19
4,3,1,0,Transylvania,2021-11-21
6,2,4,0,Transylvania,2021-11-22
1,1,0,0,Transylvania,2021-11-23
2,0,2,0,Transylvania,2021-11-24
1,1,0,0,Transylvania,2021-11-25
6,1,5,0,Transylvania,2021-11-26
5,2,3,0,Transylvania,2021-11-27
4,3,1,0,Transylvania,2021-11-28
11,5,6,0,Transylvania,2021-11-29
11,6,5,0,Transylvania,2021-11-30
14,8,6,0,Transylvania,2021-12-01
6,5,1,0,Transylvania,2021-12-02
11,8,3,0,Transylvania,2021-12-03
9,7,2,0,Transylvania,2021-12-04
7,5,2,0,Transylvania,2021-12-05
6,2,4,0,Transylvania,2021-12-07
16,7,9,0,Transylvania,2021-12-08
8,6,2,0,Transylvania,2021-12-09
6,3,3,0,Transylvania,2021-12-10
7,5,2,0,Transylvania,2021-12-11
16,12,4,0,Transylvania,2021-12-12
29,18,11,0,Transylvania,2021-12-13
43,13,30,0,Transylvania,2021-12-14
24,13,11,0,Transylvania,2021-12-15
22,12,10,0,Transylvania,2021-12-16
9,5,4,0,Transylvania,2021-12-18
12,6,6,0,Transylvania,2021-12-19
28,16,12,0,Transylvania,2021-12-20
29,19,10,0,Transylvania,2021-12-21
32,18,14,0,Transylvania,2021-12-22
11,7,4,0,Transylvania,2021-12-24
5,2,3,0,Transylvania,2021-12-25
18,15,3,0,Transylvania,2021-12-26
33,12,21,0,Transylvania,2021-12-28
51,22,29,0,Transylvania,2021-12-29
30,16,14,0,Transylvania,2021-12-31
53,25,28,0,Transylvania,2022-01-03
60,24,36,0,Transylvania,2022-01-04
56,25,31,0,Transylvania,2022-01-05
23,14,9,0,Transylvania,2022-01-08
22,14,8,0,Transylvania,2022-01-09
83,32,51,0,Transylvania,2022-01-10
69,34,35,0,Transylvania,2022-01-11
70,33,37,0,Transylvania,2022-01-14
25,8,17,0,Transylvania,2022-01-15
7,6,1,0,Transylvania,2022-01-16
84,32,52,0,Transylvania,2022-01-20
48,18,30,0,Transylvania,2022-01-21
22,14,8,0,Transylvania,2022-01-23
41,15,26,0,Transylvania,2022-01-24
43,15,28,0,Transylvania,2022-01-26
31,12,19,0,Transylvania,2022-01-27
24,6,18,0,Transylvania,2022-01-28
12,5,7,0,Transylvania,2022-01-29
14,4,10,0,Transylvania,2022-01-30
32,9,23,0,Transylvania,2022-02-01
28,17,11,0,Transylvania,2022-02-02
14,5,9,0,Transylvania,2022-02-05
17,7,10,0,Transylvania,2022-02-06
14,5,9,0,Transylvania,2022-02-10
11,6,5,0,Transylvania,2022-02-11
7,5,2,0,Transylvania,2022-02-12
5,5,0,0,Transylvania,2022-02-13
17,11,6,0,Transylvania,2022-02-14
12,4,8,0,Transylvania,2022-02-16
5,3,2,0,Transylvania,2022-02-18
0,0,0,0,Transylvania,2022-02-19
3,2,1,0,Transylvania,2022-02-20
5,3,2,0,Transylvania,2022-02-22
9,4,5,0,Transylvania,2022-02-23
6,0,6,0,Transylvania,2022-02-24
1,1,0,0,Transylvania,2022-02-25
1,1,0,0,Transylvania,2022-02-26
1,1,0,0,Transylvania,2022-02-28
3,1,2,0,Transylvania,2022-03-01
0,0,0,0,Transylvania,2022-03-04
1,1,0,0,Transylvania,2022-03-05
1,1,0,0,Transylvania,2022-03-06
3,2,1,0,Transylvania,2022-03-07
2,2,0,0,Transylvania,2022-03-08
0,0,0,0,Transylvania,2022-03-09
0,0,0,0,Transylvania,2022-03-10
0,0,0,0,Transylvania,2022-03-11
0,0,0,0,Transylvania,2022-03-12
0,0,0,0,Transylvania,2022-03-13
4,1,3,0,Transylvania,2022-03-14
0,0,0,0,Transylvania,2022-03-15
1,1,0,0,Transylvania,2022-03-16
0,0,0,0,Transylvania,2022-03-17
1,1,0,0,Transylvania,2022-03-18
0,0,0,0,Transylvania,2022-03-19
0,0,0,0,Transylvania,2022-03-20
1,1,0,0,Transylvania,2022-03-22
1,0,1,0,Transylvania,2022-03-23
0,0,0,0,Transylvania,2022-03-24
0,0,0,0,Transylvania,2022-03-25
0,0,0,0,Transylvania,2022-03-26
0,0,0,0,Transylvania,2022-03-27
1,0,1,0,Transylvania,2022-03-28
0,0,0,0,Transylvania,2022-03-29
3,2,1,0,Transylvania,2022-03-30
0,0,0,0,Transylvania,2022-03-31
1,0,1,0,Transylvania,2022-04-01
0,0,0,0,Transylvania,2022-04-02
0,0,0,0,Transylvania,2022-04-03
1,0,1,0,Transylvania,2022-04-04
0,0,0,0,Transylvania,2022-04-05
5,2,3,0,Transylvania,2022-04-06
2,2,0,0,Transylvania,2022-04-07
2,1,1,0,Transylvania,2022-04-08
2,1,1,0,Transylvania,2022-04-09
0,0,0,0,Transylvania,2022-04-10
3,3,0,0,Transylvania,2022-04-11
2,0,2,0,Transylvania,2022-04-12
0,0,0,0,Transylvania,2022-04-13
0,0,0,0,Transylvania,2022-04-14
0,0,0,0,Transylvania,2022-04-15
0,0,0,0,Transylvania,2022-04-17
5,2,3,0,Transylvania,2022-04-19
3,1,2,0,Transylvania,2022-04-20
2,2,0,0,Transylvania,2022-04-21
1,0,1,0,Transylvania,2022-04-22
2,1,1,0,Transylvania,2022-04-23
2,1,1,0,Transylvania,2022-04-24
1,0,1,0,Transylvania,2022-04-25
3,1,2,0,Transylvania,2022-04-27
0,0,0,0,Transylvania,2022-04-28
1,1,0,0,Transylvania,2022-04-29
2,1,1,0,Transylvania,2022-04-30
5,2,3,0,Transylvania,2022-05-01
2,0,2,0,Transylvania,2022-05-02
3,2,1,0,Transylvania,2022-05-03
1,1,0,0,Transylvania,2022-05-04
4,1,3,0,Transylvania,2022-05-05
3,2,1,0,Transylvania,2022-05-06
3,3,0,0,Transylvania,2022-05-07
1,0,1,0,Tyrrell,2021-11-09
1,0,1,0,Tyrrell,2021-11-10
1,1,0,0,Tyrrell,2021-11-11
2,0,2,0,Tyrrell,2021-11-12
1,0,1,0,Tyrrell,2021-11-13
0,0,0,0,Tyrrell,2021-11-14
0,0,0,0,Tyrrell,2021-11-15
0,0,0,0,Tyrrell,2021-11-16
0,0,0,0,Tyrrell,2021-11-17
0,0,0,0,Tyrrell,2021-11-18
0,0,0,0,Tyrrell,2021-11-19
0,0,0,0,Tyrrell,2021-11-20
1,0,1,0,Tyrrell,2021-11-21
6,1,5,0,Tyrrell,2021-11-22
1,0,1,0,Tyrrell,2021-11-23
3,2,1,0,Tyrrell,2021-11-24
0,0,0,0,Tyrrell,2021-11-25
2,1,1,0,Tyrrell,2021-11-26
2,2,0,0,Tyrrell,2021-11-27
0,0,0,0,Tyrrell,2021-11-28
1,1,0,0,Tyrrell,2021-11-29
3,0,3,0,Tyrrell,2021-11-30
1,0,1,0,Tyrrell,2021-12-01
0,0,0,0,Tyrrell,2021-12-02
1,0,1,0,Tyrrell,2021-12-03
2,1,1,0,Tyrrell,2021-12-04
1,1,0,0,Tyrrell,2021-12-05
2,1,1,0,Tyrrell,2021-12-06
2,0,2,0,Tyrrell,2021-12-07
0,0,0,0,Tyrrell,2021-12-08
1,0,1,0,Tyrrell,2021-12-09
1,0,1,0,Tyrrell,2021-12-10
0,0,0,0,Tyrrell,2021-12-11
0,0,0,0,Tyrrell,2021-12-12
5,2,3,0,Tyrrell,2021-12-13
1,0,1,0,Tyrrell,2021-12-14
1,0,1,0,Tyrrell,2021-12-15
1,0,1,0,Tyrrell,2021-12-16
0,0,0,0,Tyrrell,2021-12-17
0,0,0,0,Tyrrell,2021-12-18
1,1,0,0,Tyrrell,2021-12-19
2,0,2,0,Tyrrell,2021-12-20
2,0,2,0,Tyrrell,2021-12-21
2,1,1,0,Tyrrell,2021-12-22
1,0,1,0,Tyrrell,2021-12-23
0,0,0,0,Tyrrell,2021-12-24
0,0,0,0,Tyrrell,2021-12-25
1,0,1,0,Tyrrell,2021-12-26
5,1,4,0,Tyrrell,2021-12-28
4,0,4,0,Tyrrell,2021-12-29
7,0,7,0,Tyrrell,2021-12-30
2,0,2,0,Tyrrell,2021-12-31
0,0,0,0,Tyrrell,2022-01-01
0,0,0,0,Tyrrell,2022-01-02
8,4,4,0,Tyrrell,2022-01-03
11,4,7,0,Tyrrell,2022-01-04
4,0,4,0,Tyrrell,2022-01-05
8,2,6,0,Tyrrell,2022-01-06
5,0,5,0,Tyrrell,2022-01-07
9,0,9,0,Tyrrell,2022-01-08
1,0,1,0,Tyrrell,2022-01-09
11,4,7,0,Tyrrell,2022-01-10
30,6,24,0,Tyrrell,2022-01-11
24,8,16,0,Tyrrell,2022-01-12
23,7,16,0,Tyrrell,2022-01-13
16,0,16,0,Tyrrell,2022-01-14
1,0,1,0,Tyrrell,2022-01-15
4,0,4,0,Tyrrell,2022-01-16
9,0,9,0,Tyrrell,2022-01-17
28,4,24,0,Tyrrell,2022-01-18
23,3,20,0,Tyrrell,2022-01-19
14,1,13,0,Tyrrell,2022-01-20
1,0,1,0,Tyrrell,2022-01-21
0,0,0,0,Tyrrell,2022-01-22
2,0,2,0,Tyrrell,2022-01-23
13,3,10,0,Tyrrell,2022-01-24
12,1,11,0,Tyrrell,2022-01-25
8,2,6,0,Tyrrell,2022-01-26
3,1,2,0,Tyrrell,2022-01-27
5,1,4,0,Tyrrell,2022-01-28
3,0,3,0,Tyrrell,2022-01-29
1,0,1,0,Tyrrell,2022-01-30
3,0,3,0,Tyrrell,2022-01-31
6,0,6,0,Tyrrell,2022-02-01
5,3,2,0,Tyrrell,2022-02-02
3,0,3,0,Tyrrell,2022-02-04
0,0,0,0,Tyrrell,2022-02-05
0,0,0,0,Tyrrell,2022-02-06
4,1,3,0,Tyrrell,2022-02-07
4,0,4,0,Tyrrell,2022-02-08
2,1,1,0,Tyrrell,2022-02-10
8,0,8,0,Tyrrell,2022-02-11
4,0,4,0,Tyrrell,2022-02-12
0,0,0,0,Tyrrell,2022-02-13
3,1,2,0,Tyrrell,2022-02-14
2,0,2,0,Tyrrell,2022-02-16
0,0,0,0,Tyrrell,2022-02-17
2,0,2,0,Tyrrell,2022-02-18
0,0,0,0,Tyrrell,2022-02-19
0,0,0,0,Tyrrell,2022-02-20
0,0,0,0,Tyrrell,2022-02-21
1,0,1,0,Tyrrell,2022-02-22
0,0,0,0,Tyrrell,2022-02-23
0,0,0,0,Tyrrell,2022-02-24
0,0,0,0,Tyrrell,2022-02-25
0,0,0,0,Tyrrell,2022-02-26
0,0,0,0,Tyrrell,2022-02-27
0,0,0,0,Tyrrell,2022-02-28
3,0,3,0,Tyrrell,2022-03-01
2,0,2,0,Tyrrell,2022-03-02
3,1,2,0,Tyrrell,2022-03-03
0,0,0,0,Tyrrell,2022-03-04
0,0,0,0,Tyrrell,2022-03-05
0,0,0,0,Tyrrell,2022-03-06
0,0,0,0,Tyrrell,2022-03-07
1,1,0,0,Tyrrell,2022-03-08
0,0,0,0,Tyrrell,2022-03-09
0,0,0,0,Tyrrell,2022-03-10
1,0,1,0,Tyrrell,2022-03-11
0,0,0,0,Tyrrell,2022-03-12
0,0,0,0,Tyrrell,2022-03-13
0,0,0,0,Tyrrell,2022-03-14
0,0,0,0,Tyrrell,2022-03-15
0,0,0,0,Tyrrell,2022-03-16
0,0,0,0,Tyrrell,2022-03-17
0,0,0,0,Tyrrell,2022-03-18
0,0,0,0,Tyrrell,2022-03-19
0,0,0,0,Tyrrell,2022-03-20
0,0,0,0,Tyrrell,2022-03-21
0,0,0,0,Tyrrell,2022-03-22
0,0,0,0,Tyrrell,2022-03-23
0,0,0,0,Tyrrell,2022-03-24
0,0,0,0,Tyrrell,2022-03-25
0,0,0,0,Tyrrell,2022-03-26
0,0,0,0,Tyrrell,2022-03-27
0,0,0,0,Tyrrell,2022-03-28
0,0,0,0,Tyrrell,2022-03-29
0,0,0,0,Tyrrell,2022-03-30
0,0,0,0,Tyrrell,2022-03-31
0,0,0,0,Tyrrell,2022-04-01
0,0,0,0,Tyrrell,2022-04-02
0,0,0,0,Tyrrell,2022-04-03
0,0,0,0,Tyrrell,2022-04-04
0,0,0,0,Tyrrell,2022-04-05
0,0,0,0,Tyrrell,2022-04-06
0,0,0,0,Tyrrell,2022-04-07
0,0,0,0,Tyrrell,2022-04-08
0,0,0,0,Tyrrell,2022-04-09
0,0,0,0,Tyrrell,2022-04-10
0,0,0,0,Tyrrell,2022-04-11
2,0,2,0,Tyrrell,2022-04-12
0,0,0,0,Tyrrell,2022-04-13
0,0,0,0,Tyrrell,2022-04-14
0,0,0,0,Tyrrell,2022-04-15
0,0,0,0,Tyrrell,2022-04-16
0,0,0,0,Tyrrell,2022-04-17
0,0,0,0,Tyrrell,2022-04-18
0,0,0,0,Tyrrell,2022-04-19
0,0,0,0,Tyrrell,2022-04-20
0,0,0,0,Tyrrell,2022-04-21
0,0,0,0,Tyrrell,2022-04-22
0,0,0,0,Tyrrell,2022-04-23
0,0,0,0,Tyrrell,2022-04-24
1,0,1,0,Tyrrell,2022-04-25
0,0,0,0,Tyrrell,2022-04-26
1,1,0,0,Tyrrell,2022-04-27
0,0,0,0,Tyrrell,2022-04-28
1,0,1,0,Tyrrell,2022-04-29
1,0,1,0,Tyrrell,2022-04-30
0,0,0,0,Tyrrell,2022-05-01
0,0,0,0,Tyrrell,2022-05-02
0,0,0,0,Tyrrell,2022-05-03
0,0,0,0,Tyrrell,2022-05-04
0,0,0,0,Tyrrell,2022-05-05
0,0,0,0,Tyrrell,2022-05-06
0,0,0,0,Tyrrell,2022-05-07
72,13,59,0,Union,2021-11-09
70,19,51,0,Union,2021-11-10
62,13,49,0,Union,2021-11-11
46,9,37,0,Union,2021-11-13
46,10,36,0,Union,2021-11-14
108,42,66,0,Union,2021-11-15
67,15,52,0,Union,2021-11-16
66,18,48,0,Union,2021-11-19
37,10,27,0,Union,2021-11-20
90,16,74,0,Union,2021-11-23
74,9,65,0,Union,2021-11-24
69,18,51,0,Union,2021-11-26
59,8,51,0,Union,2021-11-28
118,26,92,0,Union,2021-11-29
114,27,87,0,Union,2021-12-07
112,24,88,0,Union,2021-12-08
81,14,67,0,Union,2021-12-10
58,14,44,0,Union,2021-12-11
103,5,98,0,Union,2021-12-17
83,19,64,0,Union,2021-12-18
150,27,123,0,Union,2021-12-20
204,31,173,0,Union,2021-12-23
34,1,33,0,Union,2021-12-25
435,84,351,0,Union,2021-12-29
205,47,158,0,Union,2022-01-01
233,53,180,0,Union,2022-01-02
380,86,294,0,Union,2022-01-09
892,167,725,0,Union,2022-01-13
764,133,631,0,Union,2022-01-14
88,18,70,0,Union,2022-01-16
824,193,631,0,Union,2022-01-19
132,30,102,0,Union,2022-01-30
311,83,228,0,Union,2022-01-31
87,22,65,0,Union,2022-02-10
41,8,33,0,Union,2022-02-13
68,20,48,0,Union,2022-02-16
31,13,18,0,Union,2022-02-20
37,15,22,0,Union,2022-02-23
18,5,13,0,Union,2022-02-25
27,8,19,0,Union,2022-02-28
18,3,15,0,Union,2022-03-01
14,6,8,0,Union,2022-03-03
15,2,13,0,Union,2022-03-04
5,3,2,0,Union,2022-03-06
6,0,6,0,Union,2022-03-10
9,3,6,0,Union,2022-03-12
8,0,8,0,Union,2022-03-14
5,1,4,0,Union,2022-03-15
8,0,8,0,Union,2022-03-16
2,0,2,0,Union,2022-03-18
3,1,2,0,Union,2022-03-19
0,0,0,0,Union,2022-03-20
9,3,6,0,Union,2022-03-21
9,0,9,0,Union,2022-03-22
12,2,10,0,Union,2022-03-23
8,1,7,0,Union,2022-03-24
9,1,8,0,Union,2022-03-25
4,1,3,0,Union,2022-03-26
7,3,4,0,Union,2022-03-29
8,2,6,0,Union,2022-03-30
4,1,3,0,Union,2022-04-01
9,2,7,0,Union,2022-04-02
6,2,4,0,Union,2022-04-03
13,1,12,0,Union,2022-04-04
10,1,9,0,Union,2022-04-05
22,2,20,0,Union,2022-04-07
13,2,11,0,Union,2022-04-08
3,1,2,0,Union,2022-04-09
8,1,7,0,Union,2022-04-10
18,4,14,0,Union,2022-04-11
22,4,18,0,Union,2022-04-12
30,4,26,0,Union,2022-04-13
30,10,20,0,Union,2022-04-14
30,6,24,0,Union,2022-04-18
35,10,25,0,Union,2022-04-19
38,7,31,0,Union,2022-04-20
39,9,30,0,Union,2022-04-21
27,3,24,0,Union,2022-04-22
19,7,12,0,Union,2022-04-23
38,8,30,0,Union,2022-04-24
52,18,34,0,Union,2022-04-25
48,7,41,0,Union,2022-04-26
58,8,50,0,Union,2022-04-27
53,6,47,0,Union,2022-04-28
46,7,39,0,Union,2022-04-29
31,7,24,0,Union,2022-04-30
34,0,34,0,Union,2022-05-01
48,3,45,0,Union,2022-05-02
70,12,58,0,Union,2022-05-03
69,18,51,0,Union,2022-05-04
54,9,45,0,Union,2022-05-05
57,11,46,0,Union,2022-05-06
35,3,32,0,Union,2022-05-07
5,3,2,0,Vance,2021-11-09
8,5,3,0,Vance,2021-11-10
5,1,4,0,Vance,2021-11-11
14,3,11,0,Vance,2021-11-12
3,1,2,0,Vance,2021-11-13
4,2,2,0,Vance,2021-11-14
3,0,3,0,Vance,2021-11-15
11,2,9,0,Vance,2021-11-16
10,2,8,0,Vance,2021-11-17
10,6,4,0,Vance,2021-11-19
3,1,2,0,Vance,2021-11-20
7,1,6,0,Vance,2021-11-21
16,3,13,0,Vance,2021-11-22
12,2,10,0,Vance,2021-11-23
10,5,5,0,Vance,2021-11-24
1,1,0,0,Vance,2021-11-25
7,4,3,0,Vance,2021-11-26
4,1,3,0,Vance,2021-11-27
6,0,6,0,Vance,2021-11-28
19,2,17,0,Vance,2021-11-29
17,4,13,0,Vance,2021-11-30
28,5,23,0,Vance,2021-12-01
17,5,12,0,Vance,2021-12-02
7,3,4,0,Vance,2021-12-03
7,1,6,0,Vance,2021-12-04
8,1,7,0,Vance,2021-12-05
25,4,21,0,Vance,2021-12-06
14,5,9,0,Vance,2021-12-07
16,2,14,0,Vance,2021-12-08
13,4,9,0,Vance,2021-12-09
13,3,10,0,Vance,2021-12-10
5,1,4,0,Vance,2021-12-11
5,0,5,0,Vance,2021-12-12
28,5,23,0,Vance,2021-12-13
32,10,22,0,Vance,2021-12-14
28,2,26,0,Vance,2021-12-15
34,9,25,0,Vance,2021-12-16
20,4,16,0,Vance,2021-12-17
11,0,11,0,Vance,2021-12-18
15,3,12,0,Vance,2021-12-19
35,2,33,0,Vance,2021-12-20
32,12,20,0,Vance,2021-12-21
40,18,22,0,Vance,2021-12-22
35,5,30,0,Vance,2021-12-23
22,9,13,0,Vance,2021-12-25
34,10,24,0,Vance,2021-12-26
117,26,91,0,Vance,2021-12-27
147,36,111,0,Vance,2021-12-28
180,46,134,0,Vance,2021-12-29
231,68,163,0,Vance,2021-12-30
28,18,10,0,Vance,2022-01-01
52,10,42,0,Vance,2022-01-02
95,16,79,0,Vance,2022-01-07
63,15,48,0,Vance,2022-01-08
45,18,27,0,Vance,2022-01-09
184,38,146,0,Vance,2022-01-10
160,14,146,0,Vance,2022-01-12
114,21,93,0,Vance,2022-01-14
74,10,64,0,Vance,2022-01-15
10,3,7,0,Vance,2022-01-16
117,11,106,0,Vance,2022-01-17
172,27,145,0,Vance,2022-01-18
159,15,144,0,Vance,2022-01-19
59,5,54,0,Vance,2022-01-21
22,3,19,0,Vance,2022-01-22
138,7,131,0,Vance,2022-01-24
91,5,86,0,Vance,2022-01-26
60,6,54,0,Vance,2022-01-27
48,3,45,0,Vance,2022-01-28
18,1,17,0,Vance,2022-01-29
61,4,57,0,Vance,2022-02-01
34,8,26,0,Vance,2022-02-02
10,0,10,0,Vance,2022-02-05
9,1,8,0,Vance,2022-02-06
35,12,23,0,Vance,2022-02-07
41,11,30,0,Vance,2022-02-08
23,4,19,0,Vance,2022-02-09
18,1,17,0,Vance,2022-02-10
20,5,15,0,Vance,2022-02-11
7,1,6,0,Vance,2022-02-12
4,2,2,0,Vance,2022-02-13
22,1,21,0,Vance,2022-02-14
12,1,11,0,Vance,2022-02-16
13,3,10,0,Vance,2022-02-17
9,1,8,0,Vance,2022-02-18
2,0,2,0,Vance,2022-02-20
10,5,5,0,Vance,2022-02-21
6,1,5,0,Vance,2022-02-22
6,0,6,0,Vance,2022-02-23
4,1,3,0,Vance,2022-02-24
0,0,0,0,Vance,2022-02-26
4,1,3,0,Vance,2022-03-01
1,0,1,0,Vance,2022-03-02
6,1,5,0,Vance,2022-03-03
2,0,2,0,Vance,2022-03-04
3,2,1,0,Vance,2022-03-05
0,0,0,0,Vance,2022-03-06
4,0,4,0,Vance,2022-03-07
7,4,3,0,Vance,2022-03-08
4,0,4,0,Vance,2022-03-09
1,0,1,0,Vance,2022-03-10
3,1,2,0,Vance,2022-03-11
0,0,0,0,Vance,2022-03-12
1,1,0,0,Vance,2022-03-13
1,1,0,0,Vance,2022-03-15
0,0,0,0,Vance,2022-03-16
0,0,0,0,Vance,2022-03-17
4,0,4,0,Vance,2022-03-18
0,0,0,0,Vance,2022-03-19
2,0,2,0,Vance,2022-03-20
1,1,0,0,Vance,2022-03-21
2,1,1,0,Vance,2022-03-22
2,0,2,0,Vance,2022-03-23
3,1,2,0,Vance,2022-03-24
2,0,2,0,Vance,2022-03-25
2,1,1,0,Vance,2022-03-26
0,0,0,0,Vance,2022-03-27
1,0,1,0,Vance,2022-03-28
0,0,0,0,Vance,2022-03-29
0,0,0,0,Vance,2022-03-30
2,1,1,0,Vance,2022-03-31
2,0,2,0,Vance,2022-04-01
1,0,1,0,Vance,2022-04-02
1,1,0,0,Vance,2022-04-03
1,1,0,0,Vance,2022-04-04
1,1,0,0,Vance,2022-04-05
5,0,5,0,Vance,2022-04-06
2,0,2,0,Vance,2022-04-07
5,2,3,0,Vance,2022-04-08
3,0,3,0,Vance,2022-04-09
2,1,1,0,Vance,2022-04-10
1,1,0,0,Vance,2022-04-12
2,1,1,0,Vance,2022-04-13
5,2,3,0,Vance,2022-04-14
0,0,0,0,Vance,2022-04-15
2,1,1,0,Vance,2022-04-16
0,0,0,0,Vance,2022-04-17
1,0,1,0,Vance,2022-04-18
3,2,1,0,Vance,2022-04-19
2,1,1,0,Vance,2022-04-20
1,0,1,0,Vance,2022-04-21
5,2,3,0,Vance,2022-04-22
2,0,2,0,Vance,2022-04-23
2,1,1,0,Vance,2022-04-24
8,3,5,0,Vance,2022-04-25
4,0,4,0,Vance,2022-04-26
2,1,1,0,Vance,2022-04-27
4,1,3,0,Vance,2022-04-28
5,3,2,0,Vance,2022-04-29
1,0,1,0,Vance,2022-04-30
4,1,3,0,Vance,2022-05-01
4,0,4,0,Vance,2022-05-02
8,2,6,0,Vance,2022-05-03
9,1,8,0,Vance,2022-05-04
7,2,5,0,Vance,2022-05-05
6,0,6,0,Vance,2022-05-06
4,1,3,0,Vance,2022-05-07
225,11,214,0,Wake,2021-11-12
149,12,137,0,Wake,2021-11-13
66,4,62,0,Wake,2021-11-14
300,28,272,0,Wake,2021-11-15
199,15,184,0,Wake,2021-11-16
78,6,72,0,Wake,2021-11-21
238,23,215,0,Wake,2021-11-23
152,23,129,0,Wake,2021-11-26
202,11,191,0,Wake,2021-11-27
92,19,73,0,Wake,2021-11-28
420,32,388,0,Wake,2021-11-29
328,22,306,0,Wake,2021-11-30
340,39,301,0,Wake,2021-12-01
320,24,296,0,Wake,2021-12-02
281,26,255,0,Wake,2021-12-03
141,21,120,0,Wake,2021-12-05
326,28,298,0,Wake,2021-12-07
319,27,292,0,Wake,2021-12-10
241,18,223,0,Wake,2021-12-11
131,12,119,0,Wake,2021-12-12
445,44,401,0,Wake,2021-12-13
453,36,417,0,Wake,2021-12-16
461,32,429,0,Wake,2021-12-18
1220,121,1099,0,Wake,2021-12-22
220,19,201,0,Wake,2021-12-25
788,113,675,0,Wake,2021-12-26
3998,242,3756,0,Wake,2021-12-29
3899,234,3665,0,Wake,2021-12-30
2629,151,2478,0,Wake,2021-12-31
344,57,287,0,Wake,2022-02-06
456,42,414,0,Wake,2022-02-16
139,25,114,0,Wake,2022-02-20
204,21,183,0,Wake,2022-02-28
154,14,140,0,Wake,2022-03-01
148,17,131,0,Wake,2022-03-02
97,4,93,0,Wake,2022-03-08
96,8,88,0,Wake,2022-03-14
73,16,57,0,Wake,2022-03-22
120,13,107,0,Wake,2022-03-23
60,4,56,0,Wake,2022-03-26
101,14,87,0,Wake,2022-03-28
102,6,96,0,Wake,2022-03-29
107,6,101,0,Wake,2022-04-01
40,2,38,0,Wake,2022-04-03
146,13,133,0,Wake,2022-04-04
150,18,132,0,Wake,2022-04-05
146,21,125,0,Wake,2022-04-07
182,14,168,0,Wake,2022-04-08
134,8,126,0,Wake,2022-04-09
83,13,70,0,Wake,2022-04-10
249,24,225,0,Wake,2022-04-11
227,23,204,0,Wake,2022-04-12
304,37,267,0,Wake,2022-04-13
175,23,152,0,Wake,2022-04-15
106,17,89,0,Wake,2022-04-17
438,41,397,0,Wake,2022-04-18
315,40,275,0,Wake,2022-04-19
358,52,306,0,Wake,2022-04-20
315,35,280,0,Wake,2022-04-21
304,38,266,0,Wake,2022-04-22
238,20,218,0,Wake,2022-04-23
477,68,409,0,Wake,2022-04-25
446,65,381,0,Wake,2022-04-26
482,38,444,0,Wake,2022-04-27
395,39,356,0,Wake,2022-04-29
315,35,280,0,Wake,2022-04-30
199,27,172,0,Wake,2022-05-01
665,64,601,0,Wake,2022-05-02
615,64,551,0,Wake,2022-05-03
497,36,461,0,Wake,2022-05-06
509,38,471,0,Wake,2022-05-07
4,1,3,0,Warren,2021-11-09
4,0,4,0,Warren,2021-11-10
0,0,0,0,Warren,2021-11-11
0,0,0,0,Warren,2021-11-12
0,0,0,0,Warren,2021-11-13
2,1,1,0,Warren,2021-11-14
2,0,2,0,Warren,2021-11-16
5,1,4,0,Warren,2021-11-17
2,1,1,0,Warren,2021-11-18
8,1,7,0,Warren,2021-11-19
0,0,0,0,Warren,2021-11-20
2,1,1,0,Warren,2021-11-21
3,1,2,0,Warren,2021-11-22
2,0,2,0,Warren,2021-11-23
4,0,4,0,Warren,2021-11-24
0,0,0,0,Warren,2021-11-25
3,2,1,0,Warren,2021-11-26
1,1,0,0,Warren,2021-11-27
1,0,1,0,Warren,2021-11-28
9,2,7,0,Warren,2021-11-29
11,2,9,0,Warren,2021-11-30
7,2,5,0,Warren,2021-12-01
3,0,3,0,Warren,2021-12-04
2,0,2,0,Warren,2021-12-05
7,0,7,0,Warren,2021-12-06
4,0,4,0,Warren,2021-12-07
8,2,6,0,Warren,2021-12-08
10,2,8,0,Warren,2021-12-09
10,0,10,0,Warren,2021-12-10
1,0,1,0,Warren,2021-12-11
6,5,1,0,Warren,2021-12-12
10,1,9,0,Warren,2021-12-13
9,2,7,0,Warren,2021-12-14
10,2,8,0,Warren,2021-12-15
6,1,5,0,Warren,2021-12-17
10,3,7,0,Warren,2021-12-18
4,0,4,0,Warren,2021-12-19
9,1,8,0,Warren,2021-12-20
6,1,5,0,Warren,2021-12-21
10,1,9,0,Warren,2021-12-22
14,7,7,0,Warren,2021-12-23
5,3,2,0,Warren,2021-12-24
5,1,4,0,Warren,2021-12-25
6,1,5,0,Warren,2021-12-26
26,6,20,0,Warren,2021-12-27
55,5,50,0,Warren,2021-12-28
59,13,46,0,Warren,2021-12-29
78,23,55,0,Warren,2021-12-30
32,16,16,0,Warren,2021-12-31
4,2,2,0,Warren,2022-01-01
24,11,13,0,Warren,2022-01-02
72,14,58,0,Warren,2022-01-03
97,19,78,0,Warren,2022-01-04
67,11,56,0,Warren,2022-01-05
77,14,63,0,Warren,2022-01-06
62,13,49,0,Warren,2022-01-07
14,1,13,0,Warren,2022-01-09
67,5,62,0,Warren,2022-01-11
81,7,74,0,Warren,2022-01-12
38,8,30,0,Warren,2022-01-13
50,4,46,0,Warren,2022-01-14
16,4,12,0,Warren,2022-01-15
4,1,3,0,Warren,2022-01-16
24,7,17,0,Warren,2022-01-17
59,8,51,0,Warren,2022-01-19
47,15,32,0,Warren,2022-01-20
10,3,7,0,Warren,2022-01-21
7,2,5,0,Warren,2022-01-22
66,7,59,0,Warren,2022-01-24
11,2,9,0,Warren,2022-01-25
19,2,17,0,Warren,2022-01-26
10,0,10,0,Warren,2022-01-29
17,5,12,0,Warren,2022-01-30
25,5,20,0,Warren,2022-01-31
23,2,21,0,Warren,2022-02-01
16,2,14,0,Warren,2022-02-02
12,3,9,0,Warren,2022-02-04
4,1,3,0,Warren,2022-02-05
6,0,6,0,Warren,2022-02-06
11,3,8,0,Warren,2022-02-07
6,0,6,0,Warren,2022-02-08
6,1,5,0,Warren,2022-02-09
7,3,4,0,Warren,2022-02-10
6,0,6,0,Warren,2022-02-11
12,1,11,0,Warren,2022-02-14
6,3,3,0,Warren,2022-02-15
4,0,4,0,Warren,2022-02-16
5,0,5,0,Warren,2022-02-17
1,0,1,0,Warren,2022-02-18
1,0,1,0,Warren,2022-02-19
2,1,1,0,Warren,2022-02-20
2,0,2,0,Warren,2022-02-23
4,1,3,0,Warren,2022-02-24
1,0,1,0,Warren,2022-02-25
0,0,0,0,Warren,2022-02-26
1,0,1,0,Warren,2022-02-27
1,0,1,0,Warren,2022-02-28
1,0,1,0,Warren,2022-03-01
2,0,2,0,Warren,2022-03-02
0,0,0,0,Warren,2022-03-03
1,0,1,0,Warren,2022-03-04
1,1,0,0,Warren,2022-03-05
0,0,0,0,Warren,2022-03-06
0,0,0,0,Warren,2022-03-07
2,1,1,0,Warren,2022-03-08
1,1,0,0,Warren,2022-03-09
0,0,0,0,Warren,2022-03-10
0,0,0,0,Warren,2022-03-11
0,0,0,0,Warren,2022-03-12
0,0,0,0,Warren,2022-03-13
2,0,2,0,Warren,2022-03-14
0,0,0,0,Warren,2022-03-15
1,0,1,0,Warren,2022-03-16
0,0,0,0,Warren,2022-03-17
0,0,0,0,Warren,2022-03-18
0,0,0,0,Warren,2022-03-19
0,0,0,0,Warren,2022-03-20
0,0,0,0,Warren,2022-03-21
1,0,1,0,Warren,2022-03-22
1,1,0,0,Warren,2022-03-23
0,0,0,0,Warren,2022-03-24
3,0,3,0,Warren,2022-03-25
0,0,0,0,Warren,2022-03-26
0,0,0,0,Warren,2022-03-27
0,0,0,0,Warren,2022-03-28
0,0,0,0,Warren,2022-03-29
0,0,0,0,Warren,2022-03-30
0,0,0,0,Warren,2022-03-31
0,0,0,0,Warren,2022-04-01
0,0,0,0,Warren,2022-04-02
0,0,0,0,Warren,2022-04-03
2,0,2,0,Warren,2022-04-04
3,0,3,0,Warren,2022-04-05
1,0,1,0,Warren,2022-04-06
0,0,0,0,Warren,2022-04-07
1,1,0,0,Warren,2022-04-08
0,0,0,0,Warren,2022-04-09
0,0,0,0,Warren,2022-04-10
2,0,2,0,Warren,2022-04-11
1,0,1,0,Warren,2022-04-12
1,1,0,0,Warren,2022-04-13
2,0,2,0,Warren,2022-04-14
0,0,0,0,Warren,2022-04-15
1,0,1,0,Warren,2022-04-16
0,0,0,0,Warren,2022-04-17
2,0,2,0,Warren,2022-04-19
0,0,0,0,Warren,2022-04-20
3,2,1,0,Warren,2022-04-21
4,3,1,0,Warren,2022-04-22
2,0,2,0,Warren,2022-04-23
0,0,0,0,Warren,2022-04-24
5,0,5,0,Warren,2022-04-25
3,0,3,0,Warren,2022-04-26
3,0,3,0,Warren,2022-04-27
1,0,1,0,Warren,2022-04-28
0,0,0,0,Warren,2022-04-29
2,0,2,0,Warren,2022-04-30
1,0,1,0,Warren,2022-05-01
4,2,2,0,Warren,2022-05-02
5,3,2,0,Warren,2022-05-03
4,0,4,0,Warren,2022-05-04
6,1,5,0,Warren,2022-05-05
9,1,8,0,Warren,2022-05-06
3,1,2,0,Warren,2022-05-07
1,0,1,0,Washington,2021-11-09
2,0,2,0,Washington,2021-11-10
3,1,2,0,Washington,2021-11-11
5,0,5,0,Washington,2021-11-12
1,0,1,0,Washington,2021-11-13
2,0,2,0,Washington,2021-11-14
0,0,0,0,Washington,2021-11-15
1,1,0,0,Washington,2021-11-16
2,0,2,0,Washington,2021-11-17
0,0,0,0,Washington,2021-11-18
1,0,1,0,Washington,2021-11-19
0,0,0,0,Washington,2021-11-20
0,0,0,0,Washington,2021-11-21
4,1,3,0,Washington,2021-11-22
4,0,4,0,Washington,2021-11-23
0,0,0,0,Washington,2021-11-24
0,0,0,0,Washington,2021-11-26
0,0,0,0,Washington,2021-11-27
0,0,0,0,Washington,2021-11-28
3,2,1,0,Washington,2021-11-29
8,1,7,0,Washington,2021-11-30
2,0,2,0,Washington,2021-12-01
2,0,2,0,Washington,2021-12-02
4,2,2,0,Washington,2021-12-03
0,0,0,0,Washington,2021-12-05
6,1,5,0,Washington,2021-12-06
4,1,3,0,Washington,2021-12-07
0,0,0,0,Washington,2021-12-08
3,1,2,0,Washington,2021-12-09
2,0,2,0,Washington,2021-12-10
1,0,1,0,Washington,2021-12-11
0,0,0,0,Washington,2021-12-12
2,0,2,0,Washington,2021-12-13
2,0,2,0,Washington,2021-12-14
0,0,0,0,Washington,2021-12-15
0,0,0,0,Washington,2021-12-16
4,1,3,0,Washington,2021-12-17
0,0,0,0,Washington,2021-12-18
0,0,0,0,Washington,2021-12-19
6,1,5,0,Washington,2021-12-20
2,1,1,0,Washington,2021-12-21
5,3,2,0,Washington,2021-12-22
0,0,0,0,Washington,2021-12-24
1,0,1,0,Washington,2021-12-25
24,13,11,0,Washington,2021-12-28
30,19,11,0,Washington,2021-12-29
53,32,21,0,Washington,2021-12-30
12,2,10,0,Washington,2022-01-02
56,5,51,0,Washington,2022-01-05
48,2,46,0,Washington,2022-01-06
38,2,36,0,Washington,2022-01-07
22,4,18,0,Washington,2022-01-08
12,2,10,0,Washington,2022-01-09
62,2,60,0,Washington,2022-01-10
43,9,34,0,Washington,2022-01-11
61,7,54,0,Washington,2022-01-12
49,11,38,0,Washington,2022-01-13
55,7,48,0,Washington,2022-01-14
17,1,16,0,Washington,2022-01-15
10,4,6,0,Washington,2022-01-16
69,6,63,0,Washington,2022-01-18
68,9,59,0,Washington,2022-01-19
32,7,25,0,Washington,2022-01-20
4,3,1,0,Washington,2022-01-21
2,2,0,0,Washington,2022-01-22
9,3,6,0,Washington,2022-01-23
48,26,22,0,Washington,2022-01-24
47,8,39,0,Washington,2022-01-25
29,12,17,0,Washington,2022-01-26
5,2,3,0,Washington,2022-01-29
6,2,4,0,Washington,2022-01-30
13,4,9,0,Washington,2022-02-01
7,0,7,0,Washington,2022-02-03
17,5,12,0,Washington,2022-02-04
13,4,9,0,Washington,2022-02-07
2,0,2,0,Washington,2022-02-10
4,0,4,0,Washington,2022-02-12
1,0,1,0,Washington,2022-02-13
7,2,5,0,Washington,2022-02-14
9,6,3,0,Washington,2022-02-15
6,4,2,0,Washington,2022-02-16
2,1,1,0,Washington,2022-02-17
2,1,1,0,Washington,2022-02-18
1,0,1,0,Washington,2022-02-20
3,0,3,0,Washington,2022-02-22
0,0,0,0,Washington,2022-02-23
2,0,2,0,Washington,2022-02-24
1,1,0,0,Washington,2022-02-25
0,0,0,0,Washington,2022-02-26
1,0,1,0,Washington,2022-02-27
3,2,1,0,Washington,2022-03-02
0,0,0,0,Washington,2022-03-03
2,0,2,0,Washington,2022-03-04
0,0,0,0,Washington,2022-03-05
1,0,1,0,Washington,2022-03-06
1,0,1,0,Washington,2022-03-07
2,0,2,0,Washington,2022-03-08
1,0,1,0,Washington,2022-03-09
0,0,0,0,Washington,2022-03-10
0,0,0,0,Washington,2022-03-11
0,0,0,0,Washington,2022-03-12
0,0,0,0,Washington,2022-03-13
1,0,1,0,Washington,2022-03-14
2,2,0,0,Washington,2022-03-15
0,0,0,0,Washington,2022-03-16
0,0,0,0,Washington,2022-03-17
0,0,0,0,Washington,2022-03-18
0,0,0,0,Washington,2022-03-19
0,0,0,0,Washington,2022-03-20
0,0,0,0,Washington,2022-03-21
0,0,0,0,Washington,2022-03-22
1,0,1,0,Washington,2022-03-23
0,0,0,0,Washington,2022-03-24
0,0,0,0,Washington,2022-03-25
0,0,0,0,Washington,2022-03-26
1,0,1,0,Washington,2022-03-27
0,0,0,0,Washington,2022-03-28
1,1,0,0,Washington,2022-03-29
0,0,0,0,Washington,2022-03-30
0,0,0,0,Washington,2022-03-31
1,0,1,0,Washington,2022-04-01
0,0,0,0,Washington,2022-04-02
3,1,2,0,Washington,2022-04-03
0,0,0,0,Washington,2022-04-04
1,0,1,0,Washington,2022-04-05
0,0,0,0,Washington,2022-04-06
0,0,0,0,Washington,2022-04-07
1,1,0,0,Washington,2022-04-08
0,0,0,0,Washington,2022-04-09
0,0,0,0,Washington,2022-04-10
0,0,0,0,Washington,2022-04-11
0,0,0,0,Washington,2022-04-12
0,0,0,0,Washington,2022-04-13
0,0,0,0,Washington,2022-04-14
0,0,0,0,Washington,2022-04-15
0,0,0,0,Washington,2022-04-16
1,0,1,0,Washington,2022-04-17
1,0,1,0,Washington,2022-04-18
1,1,0,0,Washington,2022-04-19
2,1,1,0,Washington,2022-04-20
0,0,0,0,Washington,2022-04-21
0,0,0,0,Washington,2022-04-22
0,0,0,0,Washington,2022-04-23
0,0,0,0,Washington,2022-04-24
2,1,1,0,Washington,2022-04-25
3,0,3,0,Washington,2022-04-26
1,0,1,0,Washington,2022-04-27
3,1,2,0,Washington,2022-04-28
0,0,0,0,Washington,2022-04-29
1,0,1,0,Washington,2022-04-30
0,0,0,0,Washington,2022-05-01
1,1,0,0,Washington,2022-05-02
0,0,0,0,Washington,2022-05-03
0,0,0,0,Washington,2022-05-04
0,0,0,0,Washington,2022-05-05
0,0,0,0,Washington,2022-05-06
0,0,0,0,Washington,2022-05-07
6,2,4,0,Watauga,2021-11-09
15,4,11,0,Watauga,2021-11-10
4,1,3,0,Watauga,2021-11-11
14,5,9,0,Watauga,2021-11-12
4,2,2,0,Watauga,2021-11-13
4,2,2,0,Watauga,2021-11-14
16,11,5,0,Watauga,2021-11-15
5,2,3,0,Watauga,2021-11-16
6,2,4,0,Watauga,2021-11-17
12,5,7,0,Watauga,2021-11-18
8,3,5,0,Watauga,2021-11-19
2,2,0,0,Watauga,2021-11-21
10,4,6,0,Watauga,2021-11-22
10,2,8,0,Watauga,2021-11-23
5,1,4,0,Watauga,2021-11-24
2,1,1,0,Watauga,2021-11-25
8,2,6,0,Watauga,2021-11-26
8,3,5,0,Watauga,2021-11-27
13,2,11,0,Watauga,2021-11-28
22,8,14,0,Watauga,2021-11-29
26,8,18,0,Watauga,2021-11-30
15,3,12,0,Watauga,2021-12-02
23,4,19,0,Watauga,2021-12-03
4,0,4,0,Watauga,2021-12-05
15,6,9,0,Watauga,2021-12-08
15,5,10,0,Watauga,2021-12-09
6,2,4,0,Watauga,2021-12-10
5,3,2,0,Watauga,2021-12-11
8,4,4,0,Watauga,2021-12-12
20,9,11,0,Watauga,2021-12-13
21,12,9,0,Watauga,2021-12-14
28,15,13,0,Watauga,2021-12-15
17,5,12,0,Watauga,2021-12-16
19,4,15,0,Watauga,2021-12-17
11,3,8,0,Watauga,2021-12-18
20,5,15,0,Watauga,2021-12-19
44,6,38,0,Watauga,2021-12-20
46,15,31,0,Watauga,2021-12-21
30,4,26,0,Watauga,2021-12-22
12,6,6,0,Watauga,2021-12-24
6,0,6,0,Watauga,2021-12-25
25,5,20,0,Watauga,2021-12-26
48,13,35,0,Watauga,2021-12-27
89,24,65,0,Watauga,2021-12-28
69,22,47,0,Watauga,2021-12-29
92,22,70,0,Watauga,2021-12-30
33,14,19,0,Watauga,2021-12-31
52,24,28,0,Watauga,2022-01-03
201,64,137,0,Watauga,2022-01-04
179,56,123,0,Watauga,2022-01-05
136,36,100,0,Watauga,2022-01-06
39,11,28,0,Watauga,2022-01-08
39,11,28,0,Watauga,2022-01-09
208,87,121,0,Watauga,2022-01-10
171,48,123,0,Watauga,2022-01-12
128,55,73,0,Watauga,2022-01-14
44,26,18,0,Watauga,2022-01-15
21,19,2,0,Watauga,2022-01-16
53,46,7,0,Watauga,2022-01-17
122,89,33,0,Watauga,2022-01-18
272,100,172,0,Watauga,2022-01-19
228,82,146,0,Watauga,2022-01-20
179,81,98,0,Watauga,2022-01-24
218,80,138,0,Watauga,2022-01-25
124,69,55,0,Watauga,2022-01-26
128,48,80,0,Watauga,2022-01-27
33,23,10,0,Watauga,2022-01-29
42,22,20,0,Watauga,2022-01-30
121,62,59,0,Watauga,2022-01-31
122,56,66,0,Watauga,2022-02-01
54,29,25,0,Watauga,2022-02-04
20,10,10,0,Watauga,2022-02-05
23,13,10,0,Watauga,2022-02-06
55,29,26,0,Watauga,2022-02-08
32,14,18,0,Watauga,2022-02-11
14,10,4,0,Watauga,2022-02-12
14,9,5,0,Watauga,2022-02-13
48,30,18,0,Watauga,2022-02-14
25,9,16,0,Watauga,2022-02-16
23,8,15,0,Watauga,2022-02-17
19,8,11,0,Watauga,2022-02-18
7,1,6,0,Watauga,2022-02-19
4,1,3,0,Watauga,2022-02-20
26,13,13,0,Watauga,2022-02-22
16,2,14,0,Watauga,2022-02-24
6,1,5,0,Watauga,2022-02-26
3,3,0,0,Watauga,2022-02-27
12,7,5,0,Watauga,2022-02-28
11,5,6,0,Watauga,2022-03-02
15,4,11,0,Watauga,2022-03-03
4,2,2,0,Watauga,2022-03-05
3,1,2,0,Watauga,2022-03-07
3,2,1,0,Watauga,2022-03-08
5,3,2,0,Watauga,2022-03-09
5,1,4,0,Watauga,2022-03-10
4,1,3,0,Watauga,2022-03-11
1,1,0,0,Watauga,2022-03-12
6,2,4,0,Watauga,2022-03-14
4,3,1,0,Watauga,2022-03-15
1,0,1,0,Watauga,2022-03-16
2,0,2,0,Watauga,2022-03-17
4,2,2,0,Watauga,2022-03-18
1,0,1,0,Watauga,2022-03-19
3,3,0,0,Watauga,2022-03-20
5,4,1,0,Watauga,2022-03-21
3,0,3,0,Watauga,2022-03-22
9,3,6,0,Watauga,2022-03-23
3,1,2,0,Watauga,2022-03-24
0,0,0,0,Watauga,2022-03-25
2,0,2,0,Watauga,2022-03-26
2,2,0,0,Watauga,2022-03-27
1,0,1,0,Watauga,2022-03-29
3,0,3,0,Watauga,2022-03-30
1,1,0,0,Watauga,2022-03-31
1,0,1,0,Watauga,2022-04-01
1,1,0,0,Watauga,2022-04-02
4,2,2,0,Watauga,2022-04-03
8,3,5,0,Watauga,2022-04-04
13,7,6,0,Watauga,2022-04-05
13,11,2,0,Watauga,2022-04-07
10,7,3,0,Watauga,2022-04-08
11,5,6,0,Watauga,2022-04-09
7,5,2,0,Watauga,2022-04-10
25,16,9,0,Watauga,2022-04-11
26,15,11,0,Watauga,2022-04-12
18,11,7,0,Watauga,2022-04-13
16,7,9,0,Watauga,2022-04-14
8,8,0,0,Watauga,2022-04-15
4,2,2,0,Watauga,2022-04-17
14,5,9,0,Watauga,2022-04-19
9,3,6,0,Watauga,2022-04-20
13,3,10,0,Watauga,2022-04-21
18,10,8,0,Watauga,2022-04-22
5,3,2,0,Watauga,2022-04-23
11,9,2,0,Watauga,2022-04-24
19,8,11,0,Watauga,2022-04-25
15,5,10,0,Watauga,2022-04-27
13,1,12,0,Watauga,2022-04-28
22,8,14,0,Watauga,2022-04-29
10,5,5,0,Watauga,2022-04-30
9,5,4,0,Watauga,2022-05-01
29,17,12,0,Watauga,2022-05-02
22,11,11,0,Watauga,2022-05-03
17,3,14,0,Watauga,2022-05-04
11,0,11,0,Watauga,2022-05-05
8,3,5,0,Watauga,2022-05-06
5,4,1,0,Watauga,2022-05-07
22,10,12,0,Wayne,2021-11-09
30,18,12,0,Wayne,2021-11-10
9,6,3,0,Wayne,2021-11-11
17,10,7,0,Wayne,2021-11-12
7,0,7,0,Wayne,2021-11-13
7,1,6,0,Wayne,2021-11-14
32,17,15,0,Wayne,2021-11-15
33,15,18,0,Wayne,2021-11-16
18,10,8,0,Wayne,2021-11-18
40,29,11,0,Wayne,2021-11-19
9,5,4,0,Wayne,2021-11-21
28,18,10,0,Wayne,2021-11-23
26,9,17,0,Wayne,2021-11-27
11,5,6,0,Wayne,2021-11-28
45,28,17,0,Wayne,2021-11-29
29,15,14,0,Wayne,2021-11-30
30,22,8,0,Wayne,2021-12-01
14,6,8,0,Wayne,2021-12-04
39,27,12,0,Wayne,2021-12-07
26,13,13,0,Wayne,2021-12-09
16,10,6,0,Wayne,2021-12-10
9,2,7,0,Wayne,2021-12-11
9,3,6,0,Wayne,2021-12-12
31,17,14,0,Wayne,2021-12-13
21,9,12,0,Wayne,2021-12-14
28,13,15,0,Wayne,2021-12-15
18,3,15,0,Wayne,2021-12-18
12,5,7,0,Wayne,2021-12-19
38,20,18,0,Wayne,2021-12-20
44,25,19,0,Wayne,2021-12-21
57,32,25,0,Wayne,2021-12-23
24,10,14,0,Wayne,2021-12-26
165,76,89,0,Wayne,2021-12-28
201,90,111,0,Wayne,2021-12-29
254,141,113,0,Wayne,2021-12-30
77,15,62,0,Wayne,2022-01-01
424,210,214,0,Wayne,2022-01-04
428,232,196,0,Wayne,2022-01-06
355,192,163,0,Wayne,2022-01-07
191,75,116,0,Wayne,2022-01-08
703,323,380,0,Wayne,2022-01-10
269,90,179,0,Wayne,2022-01-15
108,17,91,0,Wayne,2022-01-16
550,223,327,0,Wayne,2022-01-19
458,211,247,0,Wayne,2022-01-20
40,4,36,0,Wayne,2022-01-22
207,96,111,0,Wayne,2022-01-26
185,71,114,0,Wayne,2022-01-27
78,43,35,0,Wayne,2022-02-08
13,2,11,0,Wayne,2022-02-12
14,4,10,0,Wayne,2022-02-13
44,20,24,0,Wayne,2022-02-17
28,13,15,0,Wayne,2022-02-18
9,2,7,0,Wayne,2022-02-19
16,5,11,0,Wayne,2022-02-23
15,6,9,0,Wayne,2022-02-25
3,0,3,0,Wayne,2022-02-26
3,0,3,0,Wayne,2022-02-27
12,6,6,0,Wayne,2022-03-01
7,4,3,0,Wayne,2022-03-03
8,2,6,0,Wayne,2022-03-04
5,0,5,0,Wayne,2022-03-05
12,3,9,0,Wayne,2022-03-08
4,3,1,0,Wayne,2022-03-11
3,1,2,0,Wayne,2022-03-12
1,1,0,0,Wayne,2022-03-13
9,7,2,0,Wayne,2022-03-14
8,7,1,0,Wayne,2022-03-16
11,2,9,0,Wayne,2022-03-17
3,1,2,0,Wayne,2022-03-18
1,0,1,0,Wayne,2022-03-20
5,0,5,0,Wayne,2022-03-22
4,3,1,0,Wayne,2022-03-23
2,2,0,0,Wayne,2022-03-24
0,0,0,0,Wayne,2022-03-26
9,5,4,0,Wayne,2022-03-28
2,1,1,0,Wayne,2022-03-29
9,3,6,0,Wayne,2022-03-30
3,1,2,0,Wayne,2022-03-31
2,0,2,0,Wayne,2022-04-01
6,2,4,0,Wayne,2022-04-02
3,0,3,0,Wayne,2022-04-03
7,4,3,0,Wayne,2022-04-04
1,0,1,0,Wayne,2022-04-05
4,1,3,0,Wayne,2022-04-07
7,4,3,0,Wayne,2022-04-08
1,1,0,0,Wayne,2022-04-09
3,0,3,0,Wayne,2022-04-10
14,9,5,0,Wayne,2022-04-11
8,1,7,0,Wayne,2022-04-12
5,2,3,0,Wayne,2022-04-13
9,6,3,0,Wayne,2022-04-14
4,0,4,0,Wayne,2022-04-15
5,2,3,0,Wayne,2022-04-16
1,0,1,0,Wayne,2022-04-17
9,3,6,0,Wayne,2022-04-18
8,4,4,0,Wayne,2022-04-19
14,4,10,0,Wayne,2022-04-20
12,2,10,0,Wayne,2022-04-21
7,3,4,0,Wayne,2022-04-22
10,6,4,0,Wayne,2022-04-23
17,10,7,0,Wayne,2022-04-25
16,11,5,0,Wayne,2022-04-26
10,4,6,0,Wayne,2022-04-27
6,4,2,0,Wayne,2022-04-28
7,3,4,0,Wayne,2022-04-29
5,3,2,0,Wayne,2022-04-30
6,1,5,0,Wayne,2022-05-01
32,21,11,0,Wayne,2022-05-02
14,8,6,0,Wayne,2022-05-03
21,13,8,0,Wayne,2022-05-04
44,26,18,0,Wayne,2022-05-05
10,5,5,0,Wayne,2022-05-06
12,4,8,0,Wilkes,2021-11-09
28,6,22,0,Wilkes,2021-11-10
24,13,11,0,Wilkes,2021-11-11
21,8,13,0,Wilkes,2021-11-12
16,9,7,0,Wilkes,2021-11-13
33,13,20,0,Wilkes,2021-11-15
18,7,11,0,Wilkes,2021-11-16
18,7,11,0,Wilkes,2021-11-17
19,5,14,0,Wilkes,2021-11-18
17,7,10,0,Wilkes,2021-11-19
8,4,4,0,Wilkes,2021-11-21
25,11,14,0,Wilkes,2021-11-23
17,14,3,0,Wilkes,2021-11-24
26,19,7,0,Wilkes,2021-11-28
62,20,42,0,Wilkes,2021-11-29
36,22,14,0,Wilkes,2021-11-30
22,11,11,0,Wilkes,2021-12-02
20,12,8,0,Wilkes,2021-12-03
25,13,12,0,Wilkes,2021-12-07
34,10,24,0,Wilkes,2021-12-08
36,19,17,0,Wilkes,2021-12-09
18,15,3,0,Wilkes,2021-12-10
10,2,8,0,Wilkes,2021-12-11
41,22,19,0,Wilkes,2021-12-13
33,19,14,0,Wilkes,2021-12-15
24,14,10,0,Wilkes,2021-12-17
17,3,14,0,Wilkes,2021-12-18
18,10,8,0,Wilkes,2021-12-19
49,18,31,0,Wilkes,2021-12-20
12,5,7,0,Wilkes,2021-12-25
97,47,50,0,Wilkes,2021-12-28
97,29,68,0,Wilkes,2021-12-29
100,32,68,0,Wilkes,2021-12-30
55,25,30,0,Wilkes,2021-12-31
131,48,83,0,Wilkes,2022-01-03
160,51,109,0,Wilkes,2022-01-05
157,44,113,0,Wilkes,2022-01-06
110,45,65,0,Wilkes,2022-01-07
245,98,147,0,Wilkes,2022-01-10
182,72,110,0,Wilkes,2022-01-13
174,73,101,0,Wilkes,2022-01-14
116,53,63,0,Wilkes,2022-01-15
252,67,185,0,Wilkes,2022-01-19
56,10,46,0,Wilkes,2022-01-23
79,25,54,0,Wilkes,2022-02-02
38,15,23,0,Wilkes,2022-02-05
54,23,31,0,Wilkes,2022-02-10
22,10,12,0,Wilkes,2022-02-13
66,26,40,0,Wilkes,2022-02-14
31,13,18,0,Wilkes,2022-02-18
21,9,12,0,Wilkes,2022-02-19
15,9,6,0,Wilkes,2022-02-20
24,9,15,0,Wilkes,2022-02-21
41,16,25,0,Wilkes,2022-02-22
16,8,8,0,Wilkes,2022-02-24
30,10,20,0,Wilkes,2022-02-25
4,2,2,0,Wilkes,2022-02-26
9,1,8,0,Wilkes,2022-03-01
18,7,11,0,Wilkes,2022-03-02
8,3,5,0,Wilkes,2022-03-03
11,5,6,0,Wilkes,2022-03-04
4,0,4,0,Wilkes,2022-03-05
2,1,1,0,Wilkes,2022-03-06
5,1,4,0,Wilkes,2022-03-08
4,2,2,0,Wilkes,2022-03-10
3,1,2,0,Wilkes,2022-03-11
4,3,1,0,Wilkes,2022-03-12
3,0,3,0,Wilkes,2022-03-13
8,2,6,0,Wilkes,2022-03-14
2,0,2,0,Wilkes,2022-03-17
2,1,1,0,Wilkes,2022-03-18
0,0,0,0,Wilkes,2022-03-19
1,0,1,0,Wilkes,2022-03-20
2,2,0,0,Wilkes,2022-03-21
1,0,1,0,Wilkes,2022-03-22
1,0,1,0,Wilkes,2022-03-23
2,0,2,0,Wilkes,2022-03-24
2,0,2,0,Wilkes,2022-03-25
0,0,0,0,Wilkes,2022-03-26
0,0,0,0,Wilkes,2022-03-27
2,1,1,0,Wilkes,2022-03-28
0,0,0,0,Wilkes,2022-03-29
1,0,1,0,Wilkes,2022-03-30
1,0,1,0,Wilkes,2022-03-31
1,0,1,0,Wilkes,2022-04-01
1,0,1,0,Wilkes,2022-04-02
1,0,1,0,Wilkes,2022-04-03
3,1,2,0,Wilkes,2022-04-04
0,0,0,0,Wilkes,2022-04-05
2,1,1,0,Wilkes,2022-04-06
2,0,2,0,Wilkes,2022-04-07
5,1,4,0,Wilkes,2022-04-08
1,0,1,0,Wilkes,2022-04-09
1,1,0,0,Wilkes,2022-04-10
1,0,1,0,Wilkes,2022-04-11
5,2,3,0,Wilkes,2022-04-12
1,1,0,0,Wilkes,2022-04-13
1,1,0,0,Wilkes,2022-04-14
0,0,0,0,Wilkes,2022-04-16
0,0,0,0,Wilkes,2022-04-17
5,1,4,0,Wilkes,2022-04-18
2,0,2,0,Wilkes,2022-04-19
4,0,4,0,Wilkes,2022-04-20
6,3,3,0,Wilkes,2022-04-21
5,2,3,0,Wilkes,2022-04-22
4,2,2,0,Wilkes,2022-04-23
4,2,2,0,Wilkes,2022-04-24
4,0,4,0,Wilkes,2022-04-25
2,2,0,0,Wilkes,2022-04-27
3,3,0,0,Wilkes,2022-04-28
9,6,3,0,Wilkes,2022-04-29
4,1,3,0,Wilkes,2022-04-30
3,3,0,0,Wilkes,2022-05-01
8,3,5,0,Wilkes,2022-05-02
9,1,8,0,Wilkes,2022-05-03
16,5,11,0,Wilkes,2022-05-04
12,2,10,0,Wilkes,2022-05-05
14,10,4,0,Wilkes,2022-05-06
9,3,6,0,Wilkes,2022-05-07
20,4,16,0,Wilson,2021-11-09
11,4,7,0,Wilson,2021-11-13
4,2,2,0,Wilson,2021-11-14
17,4,13,0,Wilson,2021-11-15
16,6,10,0,Wilson,2021-11-18
7,0,7,0,Wilson,2021-11-21
5,0,5,0,Wilson,2021-11-22
11,3,8,0,Wilson,2021-11-23
4,3,1,0,Wilson,2021-11-24
1,1,0,0,Wilson,2021-11-25
8,1,7,0,Wilson,2021-11-26
5,2,3,0,Wilson,2021-11-27
5,1,4,0,Wilson,2021-11-28
25,4,21,0,Wilson,2021-11-29
17,6,11,0,Wilson,2021-11-30
16,5,11,0,Wilson,2021-12-02
11,2,9,0,Wilson,2021-12-03
20,6,14,0,Wilson,2021-12-07
25,11,14,0,Wilson,2021-12-08
14,3,11,0,Wilson,2021-12-09
16,7,9,0,Wilson,2021-12-10
7,1,6,0,Wilson,2021-12-11
11,4,7,0,Wilson,2021-12-12
20,5,15,0,Wilson,2021-12-13
30,7,23,0,Wilson,2021-12-14
18,8,10,0,Wilson,2021-12-15
16,10,6,0,Wilson,2021-12-16
21,4,17,0,Wilson,2021-12-17
12,4,8,0,Wilson,2021-12-18
11,2,9,0,Wilson,2021-12-19
26,5,21,0,Wilson,2021-12-20
34,11,23,0,Wilson,2021-12-21
9,4,5,0,Wilson,2021-12-25
25,9,16,0,Wilson,2021-12-26
125,41,84,0,Wilson,2021-12-27
218,45,173,0,Wilson,2021-12-29
333,80,253,0,Wilson,2022-01-03
335,61,274,0,Wilson,2022-01-04
62,7,55,0,Wilson,2022-01-08
241,87,154,0,Wilson,2022-01-17
273,63,210,0,Wilson,2022-01-19
272,50,222,0,Wilson,2022-01-20
23,0,23,0,Wilson,2022-01-22
35,6,29,0,Wilson,2022-01-29
21,5,16,0,Wilson,2022-01-30
82,11,71,0,Wilson,2022-02-01
42,9,33,0,Wilson,2022-02-04
36,14,22,0,Wilson,2022-02-08
8,0,8,0,Wilson,2022-02-12
15,6,9,0,Wilson,2022-02-16
20,7,13,0,Wilson,2022-02-17
10,3,7,0,Wilson,2022-02-20
16,4,12,0,Wilson,2022-02-22
9,0,9,0,Wilson,2022-02-23
3,1,2,0,Wilson,2022-02-27
8,2,6,0,Wilson,2022-02-28
6,2,4,0,Wilson,2022-03-01
8,2,6,0,Wilson,2022-03-02
2,0,2,0,Wilson,2022-03-03
3,1,2,0,Wilson,2022-03-06
3,0,3,0,Wilson,2022-03-08
4,2,2,0,Wilson,2022-03-09
6,3,3,0,Wilson,2022-03-10
3,0,3,0,Wilson,2022-03-12
5,0,5,0,Wilson,2022-03-14
1,0,1,0,Wilson,2022-03-15
1,0,1,0,Wilson,2022-03-16
7,2,5,0,Wilson,2022-03-17
1,1,0,0,Wilson,2022-03-18
2,1,1,0,Wilson,2022-03-21
0,0,0,0,Wilson,2022-03-22
5,1,4,0,Wilson,2022-03-23
0,0,0,0,Wilson,2022-03-24
1,0,1,0,Wilson,2022-03-25
0,0,0,0,Wilson,2022-03-26
0,0,0,0,Wilson,2022-03-27
7,3,4,0,Wilson,2022-03-29
3,3,0,0,Wilson,2022-03-30
4,2,2,0,Wilson,2022-03-31
2,0,2,0,Wilson,2022-04-01
2,0,2,0,Wilson,2022-04-02
0,0,0,0,Wilson,2022-04-03
0,0,0,0,Wilson,2022-04-04
1,1,0,0,Wilson,2022-04-05
1,0,1,0,Wilson,2022-04-06
5,2,3,0,Wilson,2022-04-07
5,0,5,0,Wilson,2022-04-08
2,0,2,0,Wilson,2022-04-09
6,2,4,0,Wilson,2022-04-10
6,1,5,0,Wilson,2022-04-11
9,5,4,0,Wilson,2022-04-12
7,6,1,0,Wilson,2022-04-13
4,3,1,0,Wilson,2022-04-14
5,2,3,0,Wilson,2022-04-15
1,0,1,0,Wilson,2022-04-16
1,1,0,0,Wilson,2022-04-17
4,4,0,0,Wilson,2022-04-18
7,1,6,0,Wilson,2022-04-19
10,3,7,0,Wilson,2022-04-20
8,3,5,0,Wilson,2022-04-21
4,0,4,0,Wilson,2022-04-22
4,1,3,0,Wilson,2022-04-23
3,2,1,0,Wilson,2022-04-24
10,3,7,0,Wilson,2022-04-25
10,6,4,0,Wilson,2022-04-26
14,4,10,0,Wilson,2022-04-27
2,1,1,0,Wilson,2022-04-28
7,4,3,0,Wilson,2022-04-29
5,4,1,0,Wilson,2022-04-30
7,3,4,0,Wilson,2022-05-01
14,5,9,0,Wilson,2022-05-02
11,3,8,0,Wilson,2022-05-03
9,3,6,0,Wilson,2022-05-05
11,4,7,0,Wilson,2022-05-06
7,1,6,0,Wilson,2022-05-07
17,0,17,0,Yadkin,2021-11-09
10,1,9,0,Yadkin,2021-11-10
8,0,8,0,Yadkin,2021-11-12
12,0,12,0,Yadkin,2021-11-13
5,0,5,0,Yadkin,2021-11-14
12,2,10,0,Yadkin,2021-11-15
14,3,11,0,Yadkin,2021-11-16
14,1,13,0,Yadkin,2021-11-17
13,2,11,0,Yadkin,2021-11-18
9,0,9,0,Yadkin,2021-11-19
7,0,7,0,Yadkin,2021-11-20
3,1,2,0,Yadkin,2021-11-21
25,10,15,0,Yadkin,2021-11-22
18,5,13,0,Yadkin,2021-11-23
17,7,10,0,Yadkin,2021-11-24
2,0,2,0,Yadkin,2021-11-25
25,13,12,0,Yadkin,2021-11-26
18,8,10,0,Yadkin,2021-11-27
13,5,8,0,Yadkin,2021-11-28
38,19,19,0,Yadkin,2021-11-29
44,15,29,0,Yadkin,2021-11-30
33,13,20,0,Yadkin,2021-12-02
27,6,21,0,Yadkin,2021-12-03
22,7,15,0,Yadkin,2021-12-06
34,9,25,0,Yadkin,2021-12-07
32,6,26,0,Yadkin,2021-12-10
13,4,9,0,Yadkin,2021-12-12
34,15,19,0,Yadkin,2021-12-13
32,14,18,0,Yadkin,2021-12-14
39,15,24,0,Yadkin,2021-12-15
25,11,14,0,Yadkin,2021-12-16
30,11,19,0,Yadkin,2021-12-17
18,7,11,0,Yadkin,2021-12-18
44,9,35,0,Yadkin,2021-12-21
39,7,32,0,Yadkin,2021-12-22
17,6,11,0,Yadkin,2021-12-24
125,30,95,0,Yadkin,2021-12-28
104,23,81,0,Yadkin,2021-12-29
59,33,26,0,Yadkin,2021-12-31
36,14,22,0,Yadkin,2022-01-01
109,39,70,0,Yadkin,2022-01-03
96,16,80,0,Yadkin,2022-01-06
94,25,69,0,Yadkin,2022-01-07
68,20,48,0,Yadkin,2022-01-09
130,39,91,0,Yadkin,2022-01-10
151,29,122,0,Yadkin,2022-01-13
102,19,83,0,Yadkin,2022-01-14
73,10,63,0,Yadkin,2022-01-15
10,0,10,0,Yadkin,2022-01-16
103,18,85,0,Yadkin,2022-01-18
153,29,124,0,Yadkin,2022-01-19
106,25,81,0,Yadkin,2022-01-21
58,15,43,0,Yadkin,2022-01-22
82,25,57,0,Yadkin,2022-01-24
89,17,72,0,Yadkin,2022-01-26
23,6,17,0,Yadkin,2022-01-29
28,5,23,0,Yadkin,2022-01-30
53,11,42,0,Yadkin,2022-02-01
41,11,30,0,Yadkin,2022-02-03
41,10,31,0,Yadkin,2022-02-04
16,5,11,0,Yadkin,2022-02-05
18,7,11,0,Yadkin,2022-02-06
29,5,24,0,Yadkin,2022-02-07
18,4,14,0,Yadkin,2022-02-10
29,7,22,0,Yadkin,2022-02-11
14,4,10,0,Yadkin,2022-02-12
27,11,16,0,Yadkin,2022-02-16
10,3,7,0,Yadkin,2022-02-17
7,5,2,0,Yadkin,2022-02-18
7,4,3,0,Yadkin,2022-02-19
6,2,4,0,Yadkin,2022-02-20
11,5,6,0,Yadkin,2022-02-22
10,3,7,0,Yadkin,2022-02-23
6,1,5,0,Yadkin,2022-02-24
6,3,3,0,Yadkin,2022-02-25
7,1,6,0,Yadkin,2022-02-26
6,0,6,0,Yadkin,2022-02-28
7,2,5,0,Yadkin,2022-03-01
4,2,2,0,Yadkin,2022-03-02
2,0,2,0,Yadkin,2022-03-03
1,0,1,0,Yadkin,2022-03-05
2,0,2,0,Yadkin,2022-03-06
4,0,4,0,Yadkin,2022-03-07
1,1,0,0,Yadkin,2022-03-09
0,0,0,0,Yadkin,2022-03-11
0,0,0,0,Yadkin,2022-03-12
2,0,2,0,Yadkin,2022-03-13
1,0,1,0,Yadkin,2022-03-15
1,1,0,0,Yadkin,2022-03-17
0,0,0,0,Yadkin,2022-03-18
0,0,0,0,Yadkin,2022-03-19
0,0,0,0,Yadkin,2022-03-20
4,3,1,0,Yadkin,2022-03-21
3,0,3,0,Yadkin,2022-03-23
0,0,0,0,Yadkin,2022-03-24
1,1,0,0,Yadkin,2022-03-25
0,0,0,0,Yadkin,2022-03-26
0,0,0,0,Yadkin,2022-03-27
2,1,1,0,Yadkin,2022-03-28
2,0,2,0,Yadkin,2022-03-29
3,1,2,0,Yadkin,2022-03-30
2,1,1,0,Yadkin,2022-03-31
0,0,0,0,Yadkin,2022-04-02
0,0,0,0,Yadkin,2022-04-03
2,1,1,0,Yadkin,2022-04-04
1,1,0,0,Yadkin,2022-04-05
4,1,3,0,Yadkin,2022-04-06
1,0,1,0,Yadkin,2022-04-07
2,1,1,0,Yadkin,2022-04-08
3,1,2,0,Yadkin,2022-04-09
1,0,1,0,Yadkin,2022-04-10
0,0,0,0,Yadkin,2022-04-11
0,0,0,0,Yadkin,2022-04-12
3,1,2,0,Yadkin,2022-04-13
3,0,3,0,Yadkin,2022-04-14
2,0,2,0,Yadkin,2022-04-15
3,2,1,0,Yadkin,2022-04-17
4,3,1,0,Yadkin,2022-04-18
1,0,1,0,Yadkin,2022-04-19
7,5,2,0,Yadkin,2022-04-20
4,2,2,0,Yadkin,2022-04-21
2,0,2,0,Yadkin,2022-04-22
1,0,1,0,Yadkin,2022-04-23
4,1,3,0,Yadkin,2022-04-24
5,3,2,0,Yadkin,2022-04-25
3,1,2,0,Yadkin,2022-04-26
2,0,2,0,Yadkin,2022-04-27
3,1,2,0,Yadkin,2022-04-28
5,5,0,0,Yadkin,2022-04-29
2,0,2,0,Yadkin,2022-04-30
1,0,1,0,Yadkin,2022-05-01
13,7,6,0,Yadkin,2022-05-02
4,1,3,0,Yadkin,2022-05-03
6,2,4,0,Yadkin,2022-05-05
7,2,5,0,Yadkin,2022-05-06
5,1,4,0,Yadkin,2022-05-07
4,2,2,0,Yancey,2021-11-09
9,3,6,0,Yancey,2021-11-10
2,2,0,0,Yancey,2021-11-11
5,1,4,0,Yancey,2021-11-12
6,2,4,0,Yancey,2021-11-13
3,2,1,0,Yancey,2021-11-14
16,4,12,0,Yancey,2021-11-15
16,6,10,0,Yancey,2021-11-16
9,1,8,0,Yancey,2021-11-17
21,3,18,0,Yancey,2021-11-18
12,4,8,0,Yancey,2021-11-19
6,3,3,0,Yancey,2021-11-20
10,2,8,0,Yancey,2021-11-22
8,5,3,0,Yancey,2021-11-23
12,0,12,0,Yancey,2021-11-24
2,0,2,0,Yancey,2021-11-25
6,3,3,0,Yancey,2021-11-26
6,0,6,0,Yancey,2021-11-27
1,1,0,0,Yancey,2021-11-28
9,1,8,0,Yancey,2021-12-01
18,11,7,0,Yancey,2021-12-02
15,6,9,0,Yancey,2021-12-03
2,0,2,0,Yancey,2021-12-05
25,8,17,0,Yancey,2021-12-06
15,12,3,0,Yancey,2021-12-07
18,10,8,0,Yancey,2021-12-08
17,12,5,0,Yancey,2021-12-09
19,8,11,0,Yancey,2021-12-10
11,7,4,0,Yancey,2021-12-11
7,5,2,0,Yancey,2021-12-12
40,18,22,0,Yancey,2021-12-13
16,14,2,0,Yancey,2021-12-14
26,14,12,0,Yancey,2021-12-15
34,16,18,0,Yancey,2021-12-16
30,24,6,0,Yancey,2021-12-17
14,11,3,0,Yancey,2021-12-18
13,9,4,0,Yancey,2021-12-19
58,37,21,0,Yancey,2021-12-20
22,16,6,0,Yancey,2021-12-21
14,7,7,0,Yancey,2021-12-23
2,0,2,0,Yancey,2021-12-25
12,9,3,0,Yancey,2021-12-26
52,42,10,0,Yancey,2021-12-27
28,21,7,0,Yancey,2021-12-28
45,18,27,0,Yancey,2021-12-29
30,9,21,0,Yancey,2021-12-30
6,5,1,0,Yancey,2022-01-02
26,20,6,0,Yancey,2022-01-03
44,21,23,0,Yancey,2022-01-06
18,11,7,0,Yancey,2022-01-07
30,9,21,0,Yancey,2022-01-08
42,27,15,0,Yancey,2022-01-11
73,27,46,0,Yancey,2022-01-12
64,23,41,0,Yancey,2022-01-13
34,6,28,0,Yancey,2022-01-15
14,7,7,0,Yancey,2022-01-17
51,17,34,0,Yancey,2022-01-20
25,11,14,0,Yancey,2022-01-22
52,20,32,0,Yancey,2022-01-26
33,14,19,0,Yancey,2022-01-28
7,3,4,0,Yancey,2022-01-29
2,1,1,0,Yancey,2022-01-30
47,19,28,0,Yancey,2022-01-31
25,20,5,0,Yancey,2022-02-01
35,14,21,0,Yancey,2022-02-02
23,11,12,0,Yancey,2022-02-03
20,9,11,0,Yancey,2022-02-04
6,3,3,0,Yancey,2022-02-05
13,13,0,0,Yancey,2022-02-06
19,13,6,0,Yancey,2022-02-08
30,13,17,0,Yancey,2022-02-09
15,8,7,0,Yancey,2022-02-10
17,5,12,0,Yancey,2022-02-11
20,6,14,0,Yancey,2022-02-14
9,6,3,0,Yancey,2022-02-15
18,4,14,0,Yancey,2022-02-16
12,5,7,0,Yancey,2022-02-17
8,1,7,0,Yancey,2022-02-18
4,2,2,0,Yancey,2022-02-19
3,3,0,0,Yancey,2022-02-20
11,1,10,0,Yancey,2022-02-21
7,4,3,0,Yancey,2022-02-23
8,4,4,0,Yancey,2022-02-24
5,2,3,0,Yancey,2022-02-25
4,2,2,0,Yancey,2022-02-26
1,0,1,0,Yancey,2022-02-27
4,1,3,0,Yancey,2022-02-28
4,0,4,0,Yancey,2022-03-01
4,2,2,0,Yancey,2022-03-02
4,2,2,0,Yancey,2022-03-03
2,0,2,0,Yancey,2022-03-04
1,0,1,0,Yancey,2022-03-05
2,2,0,0,Yancey,2022-03-06
2,2,0,0,Yancey,2022-03-07
3,0,3,0,Yancey,2022-03-08
1,1,0,0,Yancey,2022-03-09
2,1,1,0,Yancey,2022-03-10
0,0,0,0,Yancey,2022-03-11
1,1,0,0,Yancey,2022-03-12
0,0,0,0,Yancey,2022-03-13
1,0,1,0,Yancey,2022-03-14
5,4,1,0,Yancey,2022-03-15
2,1,1,0,Yancey,2022-03-16
0,0,0,0,Yancey,2022-03-17
2,0,2,0,Yancey,2022-03-18
0,0,0,0,Yancey,2022-03-19
0,0,0,0,Yancey,2022-03-20
2,0,2,0,Yancey,2022-03-21
0,0,0,0,Yancey,2022-03-22
0,0,0,0,Yancey,2022-03-23
1,0,1,0,Yancey,2022-03-24
1,1,0,0,Yancey,2022-03-25
0,0,0,0,Yancey,2022-03-26
0,0,0,0,Yancey,2022-03-27
2,0,2,0,Yancey,2022-03-28
3,0,3,0,Yancey,2022-03-29
0,0,0,0,Yancey,2022-03-30
6,1,5,0,Yancey,2022-03-31
0,0,0,0,Yancey,2022-04-01
1,0,1,0,Yancey,2022-04-02
0,0,0,0,Yancey,2022-04-03
1,0,1,0,Yancey,2022-04-04
1,0,1,0,Yancey,2022-04-05
0,0,0,0,Yancey,2022-04-06
0,0,0,0,Yancey,2022-04-07
2,1,1,0,Yancey,2022-04-08
0,0,0,0,Yancey,2022-04-09
0,0,0,0,Yancey,2022-04-10
0,0,0,0,Yancey,2022-04-11
2,1,1,0,Yancey,2022-04-12
2,2,0,0,Yancey,2022-04-13
1,1,0,0,Yancey,2022-04-14
0,0,0,0,Yancey,2022-04-15
2,2,0,0,Yancey,2022-04-16
0,0,0,0,Yancey,2022-04-17
1,1,0,0,Yancey,2022-04-18
1,1,0,0,Yancey,2022-04-19
1,0,1,0,Yancey,2022-04-20
1,1,0,0,Yancey,2022-04-21
3,2,1,0,Yancey,2022-04-22
1,1,0,0,Yancey,2022-04-23
0,0,0,0,Yancey,2022-04-24
6,4,2,0,Yancey,2022-04-25
6,2,4,0,Yancey,2022-04-26
3,2,1,0,Yancey,2022-04-27
0,0,0,0,Yancey,2022-04-28
4,4,0,0,Yancey,2022-04-29
1,0,1,0,Yancey,2022-04-30
1,0,1,0,Yancey,2022-05-01
2,1,1,0,Yancey,2022-05-02
3,2,1,0,Yancey,2022-05-03
2,2,0,0,Yancey,2022-05-04
3,3,0,0,Yancey,2022-05-05
2,0,2,0,Yancey,2022-05-06
1,0,1,0,Yancey,2022-05-07
26,2,24,1,Alamance,2021-11-11
48,3,45,1,Alamance,2021-11-22
92,11,81,1,Alamance,2021-11-29
84,9,75,1,Alamance,2021-11-30
19,1,18,1,Alamance,2021-12-05
112,10,102,1,Alamance,2021-12-06
35,3,32,1,Alamance,2021-12-11
20,2,18,1,Alamance,2021-12-12
81,6,75,1,Alamance,2021-12-14
75,8,67,1,Alamance,2021-12-16
105,7,98,1,Alamance,2021-12-20
119,4,115,1,Alamance,2021-12-21
57,8,49,1,Alamance,2021-12-24
107,18,89,1,Alamance,2021-12-26
244,53,191,1,Alamance,2021-12-31
193,53,140,1,Alamance,2022-01-02
673,90,583,1,Alamance,2022-01-03
742,89,653,1,Alamance,2022-01-04
279,21,258,1,Alamance,2022-01-08
588,54,534,1,Alamance,2022-01-14
308,12,296,1,Alamance,2022-01-15
123,9,114,1,Alamance,2022-01-23
504,53,451,1,Alamance,2022-01-24
139,21,118,1,Alamance,2022-02-07
102,14,88,1,Alamance,2022-02-08
29,7,22,1,Alamance,2022-02-12
66,7,59,1,Alamance,2022-02-15
23,8,15,1,Alamance,2022-02-20
68,11,57,1,Alamance,2022-02-21
34,3,31,1,Alamance,2022-02-23
14,2,12,1,Alamance,2022-02-27
15,1,14,1,Alamance,2022-03-08
15,3,12,1,Alamance,2022-03-09
4,0,4,1,Alamance,2022-03-13
9,0,9,1,Alamance,2022-03-14
5,1,4,1,Alamance,2022-03-17
1,0,1,1,Alamance,2022-03-20
8,4,4,1,Alamance,2022-03-24
9,2,7,1,Alamance,2022-03-28
12,4,8,1,Alamance,2022-03-31
23,7,16,1,Alamance,2022-04-06
38,7,31,1,Alamance,2022-04-11
38,5,33,1,Alamance,2022-04-26
13,7,6,1,Alexander,2021-12-03
17,10,7,1,Alexander,2021-12-08
17,7,10,1,Alexander,2021-12-24
7,3,4,1,Alexander,2022-01-16
122,47,75,1,Alexander,2022-01-18
50,26,24,1,Alexander,2022-01-23
88,23,65,1,Alexander,2022-01-26
43,12,31,1,Alexander,2022-02-03
28,2,26,1,Alexander,2022-02-09
28,6,22,1,Alexander,2022-02-10
20,7,13,1,Alexander,2022-02-16
14,6,8,1,Alexander,2022-02-18
6,0,6,1,Alexander,2022-02-24
5,2,3,1,Alexander,2022-03-01
4,1,3,1,Alexander,2022-03-07
2,1,1,1,Alexander,2022-03-10
12,4,8,1,Alleghany,2021-12-16
20,6,14,1,Alleghany,2021-12-28
14,4,10,1,Alleghany,2021-12-29
12,6,6,1,Alleghany,2021-12-31
6,2,4,1,Alleghany,2022-01-03
38,10,28,1,Alleghany,2022-01-04
34,7,27,1,Alleghany,2022-01-13
0,0,0,1,Alleghany,2022-03-18
5,1,4,1,Anson,2021-11-13
1,0,1,1,Anson,2021-12-10
6,3,3,1,Anson,2021-12-14
25,6,19,1,Anson,2022-01-02
24,4,20,1,Anson,2022-01-09
110,31,79,1,Anson,2022-01-19
68,16,52,1,Anson,2022-01-20
18,8,10,1,Anson,2022-01-30
15,2,13,1,Anson,2022-02-06
28,6,22,1,Anson,2022-02-08
13,2,11,1,Anson,2022-02-09
19,5,14,1,Anson,2022-02-10
5,2,3,1,Anson,2022-02-13
12,3,9,1,Anson,2022-02-16
7,2,5,1,Anson,2022-02-20
6,0,6,1,Anson,2022-02-23
0,0,0,1,Anson,2022-03-05
1,1,0,1,Anson,2022-03-21
4,0,4,1,Ashe,2021-11-12
1,0,1,1,Ashe,2021-11-14
7,4,3,1,Ashe,2021-11-17
11,7,4,1,Ashe,2021-11-26
17,5,12,1,Ashe,2021-12-03
6,2,4,1,Ashe,2021-12-04
36,11,25,1,Ashe,2021-12-13
15,7,8,1,Ashe,2021-12-16
2,1,1,1,Ashe,2022-01-01
56,17,39,1,Ashe,2022-01-06
58,22,36,1,Ashe,2022-01-11
74,30,44,1,Ashe,2022-01-12
92,50,42,1,Ashe,2022-01-14
112,32,80,1,Ashe,2022-01-19
87,29,58,1,Ashe,2022-01-20
70,31,39,1,Ashe,2022-01-21
13,6,7,1,Ashe,2022-01-22
83,39,44,1,Ashe,2022-01-31
39,12,27,1,Ashe,2022-02-01
10,7,3,1,Ashe,2022-02-06
18,9,9,1,Ashe,2022-02-16
31,12,19,1,Ashe,2022-02-21
9,4,5,1,Ashe,2022-02-24
0,0,0,1,Ashe,2022-02-26
6,2,4,1,Ashe,2022-03-04
3,1,2,1,Ashe,2022-03-10
6,0,6,1,Avery,2022-02-06
6,2,4,1,Avery,2022-02-20
5,1,4,1,Avery,2022-03-04
2,2,0,1,Avery,2022-03-06
4,4,0,1,Avery,2022-03-22
3,0,3,1,Beaufort,2021-11-11
20,3,17,1,Beaufort,2021-12-09
26,7,19,1,Beaufort,2021-12-13
17,4,13,1,Beaufort,2021-12-17
17,2,15,1,Beaufort,2021-12-22
115,24,91,1,Beaufort,2022-01-05
131,11,120,1,Beaufort,2022-01-06
42,2,40,1,Beaufort,2022-01-09
339,34,305,1,Beaufort,2022-01-18
212,40,172,1,Beaufort,2022-01-19
20,5,15,1,Beaufort,2022-01-21
82,14,68,1,Beaufort,2022-01-27
65,12,53,1,Beaufort,2022-01-28
18,1,17,1,Beaufort,2022-01-30
50,7,43,1,Beaufort,2022-02-04
12,0,12,1,Beaufort,2022-02-06
40,8,32,1,Beaufort,2022-02-08
32,4,28,1,Beaufort,2022-02-10
8,1,7,1,Beaufort,2022-02-19
5,1,4,1,Beaufort,2022-02-20
15,2,13,1,Beaufort,2022-02-23
10,1,9,1,Beaufort,2022-02-25
4,0,4,1,Beaufort,2022-02-26
2,0,2,1,Beaufort,2022-02-27
6,0,6,1,Beaufort,2022-03-01
2,0,2,1,Beaufort,2022-03-04
4,0,4,1,Beaufort,2022-03-07
3,0,3,1,Beaufort,2022-03-08
0,0,0,1,Beaufort,2022-03-31
4,0,4,1,Bertie,2021-11-15
6,0,6,1,Bertie,2021-12-09
78,4,74,1,Bertie,2022-01-10
41,5,36,1,Bertie,2022-01-14
11,0,11,1,Bertie,2022-01-21
19,4,15,1,Bertie,2022-01-26
20,2,18,1,Bertie,2022-01-28
26,1,25,1,Bertie,2022-01-31
2,1,1,1,Bertie,2022-02-06
1,0,1,1,Bertie,2022-03-06
1,0,1,1,Bertie,2022-03-11
8,1,7,1,Bladen,2021-12-14
3,0,3,1,Bladen,2021-12-25
11,3,8,1,Bladen,2021-12-26
33,3,30,1,Bladen,2022-01-08
116,14,102,1,Bladen,2022-01-14
171,37,134,1,Bladen,2022-01-19
162,31,131,1,Bladen,2022-01-24
88,18,70,1,Bladen,2022-01-25
47,10,37,1,Bladen,2022-01-28
17,6,11,1,Bladen,2022-01-30
25,4,21,1,Bladen,2022-02-04
3,0,3,1,Bladen,2022-02-05
10,1,9,1,Bladen,2022-02-06
23,10,13,1,Bladen,2022-02-07
15,2,13,1,Bladen,2022-02-09
18,5,13,1,Bladen,2022-02-11
3,1,2,1,Bladen,2022-03-08
4,1,3,1,Bladen,2022-03-12
17,2,15,1,Brunswick,2021-11-21
62,12,50,1,Brunswick,2021-11-29
43,4,39,1,Brunswick,2021-12-09
58,9,49,1,Brunswick,2021-12-13
41,3,38,1,Brunswick,2021-12-18
76,19,57,1,Brunswick,2021-12-20
50,7,43,1,Brunswick,2021-12-26
216,47,169,1,Brunswick,2021-12-30
165,16,149,1,Brunswick,2022-01-08
182,25,157,1,Brunswick,2022-01-09
159,18,141,1,Brunswick,2022-01-16
487,61,426,1,Brunswick,2022-01-18
169,26,143,1,Brunswick,2022-01-28
33,4,29,1,Brunswick,2022-02-12
28,4,24,1,Brunswick,2022-02-13
48,5,43,1,Brunswick,2022-02-16
37,5,32,1,Brunswick,2022-02-18
21,4,17,1,Brunswick,2022-02-24
26,4,22,1,Brunswick,2022-02-25
17,0,17,1,Brunswick,2022-03-02
7,0,7,1,Brunswick,2022-03-03
6,1,5,1,Brunswick,2022-03-05
3,1,2,1,Brunswick,2022-03-10
5,2,3,1,Brunswick,2022-03-13
10,0,10,1,Brunswick,2022-03-18
4,2,2,1,Brunswick,2022-03-25
72,14,58,1,Buncombe,2021-11-19
37,9,28,1,Buncombe,2021-11-21
74,23,51,1,Buncombe,2021-11-22
81,23,58,1,Buncombe,2021-11-24
56,18,38,1,Buncombe,2021-11-26
48,15,33,1,Buncombe,2021-11-27
75,30,45,1,Buncombe,2021-12-08
87,35,52,1,Buncombe,2021-12-09
66,27,39,1,Buncombe,2021-12-10
123,56,67,1,Buncombe,2021-12-13
112,56,56,1,Buncombe,2021-12-14
60,22,38,1,Buncombe,2021-12-19
204,61,143,1,Buncombe,2021-12-23
97,18,79,1,Buncombe,2021-12-26
440,85,355,1,Buncombe,2021-12-28
429,88,341,1,Buncombe,2021-12-29
448,110,338,1,Buncombe,2021-12-30
134,24,110,1,Buncombe,2022-01-01
585,150,435,1,Buncombe,2022-01-07
736,224,512,1,Buncombe,2022-01-12
630,180,450,1,Buncombe,2022-01-14
182,51,131,1,Buncombe,2022-01-17
577,163,414,1,Buncombe,2022-01-18
608,163,445,1,Buncombe,2022-01-19
213,48,165,1,Buncombe,2022-01-23
279,91,188,1,Buncombe,2022-02-01
106,29,77,1,Buncombe,2022-02-06
156,57,99,1,Buncombe,2022-02-10
123,40,83,1,Buncombe,2022-02-11
76,26,50,1,Buncombe,2022-02-12
96,42,54,1,Buncombe,2022-02-17
90,35,55,1,Buncombe,2022-02-18
20,4,16,1,Buncombe,2022-02-26
49,16,33,1,Buncombe,2022-02-28
39,10,29,1,Buncombe,2022-03-03
21,10,11,1,Buncombe,2022-03-08
19,10,9,1,Buncombe,2022-03-10
9,4,5,1,Buncombe,2022-03-13
26,6,20,1,Buncombe,2022-03-14
11,0,11,1,Buncombe,2022-03-15
16,7,9,1,Buncombe,2022-03-16
7,1,6,1,Buncombe,2022-03-19
8,2,6,1,Buncombe,2022-03-20
7,1,6,1,Buncombe,2022-03-25
11,2,9,1,Buncombe,2022-03-26
21,7,14,1,Buncombe,2022-03-29
15,8,7,1,Buncombe,2022-03-30
8,1,7,1,Buncombe,2022-04-03
32,6,26,1,Buncombe,2022-04-06
25,12,13,1,Buncombe,2022-04-07
17,4,13,1,Burke,2021-11-10
10,4,6,1,Burke,2021-11-11
14,5,9,1,Burke,2021-11-16
9,0,9,1,Burke,2021-11-21
24,9,15,1,Burke,2021-12-09
23,7,16,1,Burke,2021-12-11
3,0,3,1,Burke,2021-12-25
134,19,115,1,Burke,2021-12-28
225,72,153,1,Burke,2022-01-03
241,52,189,1,Burke,2022-01-05
118,42,76,1,Burke,2022-01-08
425,144,281,1,Burke,2022-01-11
372,117,255,1,Burke,2022-01-13
148,56,92,1,Burke,2022-01-15
324,97,227,1,Burke,2022-01-19
75,35,40,1,Burke,2022-01-22
63,21,42,1,Burke,2022-01-23
238,112,126,1,Burke,2022-01-25
211,58,153,1,Burke,2022-01-26
35,10,25,1,Burke,2022-01-30
115,44,71,1,Burke,2022-02-01
127,36,91,1,Burke,2022-02-02
35,10,25,1,Burke,2022-02-05
57,16,41,1,Burke,2022-02-15
47,17,30,1,Burke,2022-02-16
13,1,12,1,Burke,2022-02-19
8,0,8,1,Burke,2022-02-20
39,12,27,1,Burke,2022-02-21
21,2,19,1,Burke,2022-02-23
8,1,7,1,Burke,2022-02-26
17,7,10,1,Burke,2022-02-28
1,0,1,1,Burke,2022-03-06
12,4,8,1,Burke,2022-03-09
0,0,0,1,Burke,2022-03-12
4,1,3,1,Burke,2022-03-14
3,2,1,1,Burke,2022-03-22
8,2,6,1,Burke,2022-04-14
1,1,0,1,Burke,2022-04-30
51,12,39,1,Cabarrus,2021-11-16
51,12,39,1,Cabarrus,2021-11-19
73,14,59,1,Cabarrus,2021-11-23
69,12,57,1,Cabarrus,2021-11-26
50,11,39,1,Cabarrus,2021-11-28
82,26,56,1,Cabarrus,2021-11-30
49,12,37,1,Cabarrus,2021-12-04
90,20,70,1,Cabarrus,2021-12-08
58,16,42,1,Cabarrus,2021-12-11
106,25,81,1,Cabarrus,2021-12-15
63,13,50,1,Cabarrus,2021-12-19
175,27,148,1,Cabarrus,2021-12-21
163,58,105,1,Cabarrus,2021-12-26
537,95,442,1,Cabarrus,2021-12-28
552,150,402,1,Cabarrus,2022-01-07
286,87,199,1,Cabarrus,2022-01-08
670,152,518,1,Cabarrus,2022-01-13
46,13,33,1,Cabarrus,2022-01-16
386,99,287,1,Cabarrus,2022-01-25
346,90,256,1,Cabarrus,2022-01-26
117,32,85,1,Cabarrus,2022-01-29
68,15,53,1,Cabarrus,2022-02-06
89,25,64,1,Cabarrus,2022-02-14
65,15,50,1,Cabarrus,2022-02-18
21,5,16,1,Cabarrus,2022-02-24
27,5,22,1,Cabarrus,2022-02-25
16,10,6,1,Cabarrus,2022-02-27
2,0,2,1,Cabarrus,2022-03-06
9,3,6,1,Cabarrus,2022-03-07
13,5,8,1,Cabarrus,2022-03-10
4,1,3,1,Cabarrus,2022-04-02
13,4,9,1,Cabarrus,2022-04-07
35,7,28,1,Cabarrus,2022-04-26
20,5,15,1,Caldwell,2021-11-17
4,1,3,1,Caldwell,2021-11-21
18,1,17,1,Caldwell,2021-11-22
3,0,3,1,Caldwell,2021-11-25
14,0,14,1,Caldwell,2021-11-28
16,2,14,1,Caldwell,2021-12-10
34,5,29,1,Caldwell,2021-12-15
35,8,27,1,Caldwell,2021-12-16
139,22,117,1,Caldwell,2021-12-29
214,36,178,1,Caldwell,2022-01-03
205,48,157,1,Caldwell,2022-01-06
94,20,74,1,Caldwell,2022-01-09
349,89,260,1,Caldwell,2022-01-12
61,24,37,1,Caldwell,2022-01-17
314,65,249,1,Caldwell,2022-01-19
267,46,221,1,Caldwell,2022-01-21
156,47,109,1,Caldwell,2022-01-24
149,24,125,1,Caldwell,2022-01-25
118,14,104,1,Caldwell,2022-01-26
67,6,61,1,Caldwell,2022-01-29
56,12,44,1,Caldwell,2022-01-30
101,16,85,1,Caldwell,2022-02-02
52,12,40,1,Caldwell,2022-02-09
44,11,33,1,Caldwell,2022-02-10
8,2,6,1,Caldwell,2022-02-19
26,5,21,1,Caldwell,2022-02-21
38,8,30,1,Caldwell,2022-02-22
9,0,9,1,Caldwell,2022-02-27
13,2,11,1,Caldwell,2022-03-01
3,0,3,1,Caldwell,2022-03-05
3,0,3,1,Caldwell,2022-03-18
2,0,2,1,Caldwell,2022-03-23
0,0,0,1,Caldwell,2022-03-31
5,2,3,1,Carteret,2021-11-20
12,5,7,1,Carteret,2021-12-01
15,2,13,1,Carteret,2021-12-06
14,5,9,1,Carteret,2021-12-08
14,3,11,1,Carteret,2021-12-13
20,6,14,1,Carteret,2021-12-14
105,36,69,1,Carteret,2022-01-03
197,77,120,1,Carteret,2022-01-12
233,107,126,1,Carteret,2022-01-17
77,25,52,1,Carteret,2022-01-28
30,6,24,1,Carteret,2022-01-29
78,23,55,1,Carteret,2022-02-02
59,22,37,1,Carteret,2022-02-03
30,15,15,1,Carteret,2022-02-11
17,4,13,1,Carteret,2022-02-12
18,1,17,1,Carteret,2022-02-13
27,10,17,1,Carteret,2022-02-14
11,3,8,1,Carteret,2022-02-17
20,11,9,1,Carteret,2022-02-21
3,0,3,1,Carteret,2022-02-25
6,2,4,1,Carteret,2022-02-26
6,3,3,1,Carteret,2022-03-03
6,0,6,1,Carteret,2022-03-07
2,0,2,1,Carteret,2022-04-18
3,0,3,1,Caswell,2021-11-09
7,1,6,1,Caswell,2021-11-18
84,12,72,1,Caswell,2022-01-20
2,2,0,1,Caswell,2022-02-12
12,0,12,1,Caswell,2022-02-14
3,0,3,1,Caswell,2022-02-16
6,1,5,1,Caswell,2022-02-18
3,0,3,1,Caswell,2022-03-02
46,13,33,1,Catawba,2021-11-09
22,9,13,1,Catawba,2021-11-12
34,15,19,1,Catawba,2021-11-16
24,6,18,1,Catawba,2021-11-21
34,10,24,1,Catawba,2021-11-23
9,4,5,1,Catawba,2021-11-25
97,33,64,1,Catawba,2021-11-29
75,23,52,1,Catawba,2021-12-01
64,22,42,1,Catawba,2021-12-02
63,23,40,1,Catawba,2021-12-07
47,15,32,1,Catawba,2021-12-09
62,17,45,1,Catawba,2021-12-17
26,9,17,1,Catawba,2021-12-25
315,78,237,1,Catawba,2021-12-28
330,107,223,1,Catawba,2021-12-30
90,43,47,1,Catawba,2022-01-01
490,182,308,1,Catawba,2022-01-06
168,41,127,1,Catawba,2022-01-09
779,325,454,1,Catawba,2022-01-10
687,263,424,1,Catawba,2022-01-11
758,277,481,1,Catawba,2022-01-12
124,37,87,1,Catawba,2022-01-29
180,68,112,1,Catawba,2022-02-03
176,76,100,1,Catawba,2022-02-04
56,22,34,1,Catawba,2022-02-06
79,34,45,1,Catawba,2022-02-11
38,14,24,1,Catawba,2022-02-13
105,49,56,1,Catawba,2022-02-15
75,36,39,1,Catawba,2022-02-21
46,15,31,1,Catawba,2022-02-22
43,20,23,1,Catawba,2022-02-28
17,4,13,1,Catawba,2022-03-03
8,2,6,1,Catawba,2022-03-15
3,1,2,1,Catawba,2022-03-22
3,1,2,1,Catawba,2022-03-29
19,5,14,1,Catawba,2022-04-20
18,1,17,1,Chatham,2021-11-22
22,7,15,1,Chatham,2021-11-24
16,2,14,1,Chatham,2021-11-30
21,4,17,1,Chatham,2021-12-08
59,0,59,1,Chatham,2021-12-22
213,17,196,1,Chatham,2022-01-13
71,11,60,1,Chatham,2022-01-21
70,13,57,1,Chatham,2022-01-28
28,3,25,1,Chatham,2022-01-29
65,18,47,1,Chatham,2022-02-01
9,5,4,1,Chatham,2022-02-06
32,5,27,1,Chatham,2022-02-09
18,0,18,1,Chatham,2022-02-15
17,7,10,1,Chatham,2022-02-16
15,2,13,1,Chatham,2022-02-18
2,0,2,1,Chatham,2022-03-29
4,1,3,1,Cherokee,2021-11-10
6,2,4,1,Cherokee,2021-12-09
35,4,31,1,Cherokee,2021-12-28
49,12,37,1,Cherokee,2022-01-07
62,15,47,1,Cherokee,2022-01-13
25,1,24,1,Cherokee,2022-01-15
33,10,23,1,Cherokee,2022-01-17
108,29,79,1,Cherokee,2022-01-20
48,9,39,1,Cherokee,2022-01-21
29,8,21,1,Cherokee,2022-01-23
23,2,21,1,Cherokee,2022-02-03
5,0,5,1,Cherokee,2022-02-06
22,4,18,1,Cherokee,2022-02-11
7,0,7,1,Cherokee,2022-02-12
10,4,6,1,Cherokee,2022-02-17
6,2,4,1,Cherokee,2022-02-20
2,0,2,1,Cherokee,2022-03-04
0,0,0,1,Cherokee,2022-03-06
0,0,0,1,Cherokee,2022-03-16
1,0,1,1,Cherokee,2022-03-18
1,0,1,1,Chowan,2021-11-10
2,0,2,1,Chowan,2021-11-16
32,2,30,1,Chowan,2021-12-28
22,0,22,1,Chowan,2022-01-08
96,6,90,1,Chowan,2022-01-10
73,6,67,1,Chowan,2022-01-14
67,6,61,1,Chowan,2022-01-20
18,0,18,1,Chowan,2022-01-28
5,0,5,1,Chowan,2022-01-29
13,0,13,1,Chowan,2022-02-02
4,0,4,1,Chowan,2022-02-06
12,0,12,1,Chowan,2022-02-07
0,0,0,1,Chowan,2022-02-15
2,0,2,1,Chowan,2022-02-24
0,0,0,1,Chowan,2022-03-03
2,1,1,1,Chowan,2022-03-10
16,0,16,1,Clay,2022-01-09
6,2,4,1,Clay,2022-01-23
15,1,14,1,Clay,2022-02-02
16,5,11,1,Clay,2022-02-03
6,2,4,1,Clay,2022-02-05
15,0,15,1,Cleveland,2021-11-20
21,5,16,1,Cleveland,2021-11-29
27,5,22,1,Cleveland,2021-12-19
12,0,12,1,Cleveland,2021-12-25
36,1,35,1,Cleveland,2021-12-26
359,60,299,1,Cleveland,2022-01-05
353,67,286,1,Cleveland,2022-01-06
306,62,244,1,Cleveland,2022-01-07
398,79,319,1,Cleveland,2022-01-13
233,45,188,1,Cleveland,2022-01-15
14,2,12,1,Cleveland,2022-01-16
329,82,247,1,Cleveland,2022-01-18
97,27,70,1,Cleveland,2022-01-22
143,20,123,1,Cleveland,2022-02-01
151,21,130,1,Cleveland,2022-02-02
46,3,43,1,Cleveland,2022-02-06
67,18,49,1,Cleveland,2022-02-10
36,3,33,1,Cleveland,2022-02-12
24,3,21,1,Cleveland,2022-02-13
61,11,50,1,Cleveland,2022-02-14
37,8,29,1,Cleveland,2022-02-17
33,9,24,1,Cleveland,2022-02-18
14,2,12,1,Cleveland,2022-02-19
10,5,5,1,Cleveland,2022-02-20
16,2,14,1,Cleveland,2022-02-23
10,1,9,1,Cleveland,2022-02-26
5,2,3,1,Cleveland,2022-03-07
5,0,5,1,Cleveland,2022-03-16
1,0,1,1,Cleveland,2022-03-24
2,0,2,1,Cleveland,2022-03-26
10,6,4,1,Columbus,2021-11-10
2,0,2,1,Columbus,2021-11-26
8,4,4,1,Columbus,2021-12-09
14,4,10,1,Columbus,2021-12-14
61,8,53,1,Columbus,2021-12-27
205,81,124,1,Columbus,2022-01-06
341,196,145,1,Columbus,2022-01-10
217,42,175,1,Columbus,2022-01-14
25,13,12,1,Columbus,2022-01-22
136,49,87,1,Columbus,2022-01-25
93,37,56,1,Columbus,2022-01-27
104,29,75,1,Columbus,2022-01-28
59,23,36,1,Columbus,2022-02-02
56,15,41,1,Columbus,2022-02-04
8,4,4,1,Columbus,2022-02-06
21,9,12,1,Columbus,2022-02-10
20,10,10,1,Columbus,2022-02-11
14,3,11,1,Columbus,2022-02-15
10,3,7,1,Columbus,2022-02-17
0,0,0,1,Columbus,2022-02-19
0,0,0,1,Columbus,2022-03-12
15,6,9,1,Craven,2021-11-17
14,4,10,1,Craven,2021-11-19
21,5,16,1,Craven,2021-12-03
23,7,16,1,Craven,2021-12-09
18,5,13,1,Craven,2021-12-19
267,71,196,1,Craven,2022-01-04
132,63,69,1,Craven,2022-01-16
86,24,62,1,Craven,2022-01-23
256,66,190,1,Craven,2022-01-26
68,19,49,1,Craven,2022-01-29
72,33,39,1,Craven,2022-01-30
109,27,82,1,Craven,2022-02-04
41,13,28,1,Craven,2022-02-06
140,47,93,1,Craven,2022-02-07
19,6,13,1,Craven,2022-02-12
19,5,14,1,Craven,2022-02-13
38,10,28,1,Craven,2022-02-18
16,5,11,1,Craven,2022-02-19
2,0,2,1,Craven,2022-03-12
6,1,5,1,Craven,2022-03-14
2,2,0,1,Craven,2022-03-20
5,4,1,1,Craven,2022-03-21
10,3,7,1,Craven,2022-04-23
33,4,29,1,Cumberland,2021-11-11
17,1,16,1,Cumberland,2021-11-14
22,3,19,1,Cumberland,2021-11-20
62,9,53,1,Cumberland,2021-11-23
63,9,54,1,Cumberland,2021-11-24
10,2,8,1,Cumberland,2021-11-25
25,5,20,1,Cumberland,2021-11-27
121,10,111,1,Cumberland,2021-12-01
179,28,151,1,Cumberland,2021-12-06
132,17,115,1,Cumberland,2021-12-08
128,23,105,1,Cumberland,2021-12-09
137,23,114,1,Cumberland,2021-12-16
176,17,159,1,Cumberland,2021-12-24
944,123,821,1,Cumberland,2021-12-30
1414,129,1285,1,Cumberland,2022-01-03
976,95,881,1,Cumberland,2022-01-07
1107,159,948,1,Cumberland,2022-01-12
209,12,197,1,Cumberland,2022-01-22
662,98,564,1,Cumberland,2022-01-31
93,18,75,1,Cumberland,2022-02-06
292,72,220,1,Cumberland,2022-02-08
181,18,163,1,Cumberland,2022-02-14
58,12,46,1,Cumberland,2022-02-24
25,8,17,1,Cumberland,2022-02-26
80,11,69,1,Cumberland,2022-02-28
36,7,29,1,Cumberland,2022-03-02
18,2,16,1,Cumberland,2022-03-04
11,3,8,1,Cumberland,2022-03-05
30,2,28,1,Cumberland,2022-03-14
32,8,24,1,Cumberland,2022-03-16
17,5,12,1,Cumberland,2022-03-21
3,0,3,1,Currituck,2021-11-14
19,4,15,1,Currituck,2021-12-22
7,0,7,1,Currituck,2021-12-24
34,5,29,1,Currituck,2021-12-30
73,5,68,1,Currituck,2022-01-11
30,7,23,1,Currituck,2022-02-02
10,2,8,1,Currituck,2022-02-16
0,0,0,1,Currituck,2022-02-24
0,0,0,1,Currituck,2022-03-04
5,0,5,1,Dare,2021-11-18
16,0,16,1,Dare,2021-12-06
34,0,34,1,Dare,2022-01-09
20,0,20,1,Dare,2022-02-03
30,6,24,1,Davidson,2021-11-11
51,6,45,1,Davidson,2021-11-23
48,2,46,1,Davidson,2021-11-24
42,3,39,1,Davidson,2021-11-26
78,8,70,1,Davidson,2021-12-01
94,11,83,1,Davidson,2021-12-02
90,13,77,1,Davidson,2021-12-07
84,9,75,1,Davidson,2021-12-15
67,5,62,1,Davidson,2021-12-16
81,7,74,1,Davidson,2021-12-17
36,2,34,1,Davidson,2021-12-19
78,8,70,1,Davidson,2021-12-21
65,2,63,1,Davidson,2021-12-26
314,36,278,1,Davidson,2021-12-28
299,58,241,1,Davidson,2021-12-30
187,25,162,1,Davidson,2021-12-31
129,12,117,1,Davidson,2022-01-01
470,56,414,1,Davidson,2022-01-04
463,70,393,1,Davidson,2022-01-06
573,112,461,1,Davidson,2022-01-10
532,73,459,1,Davidson,2022-01-20
411,40,371,1,Davidson,2022-01-21
539,56,483,1,Davidson,2022-01-24
310,39,271,1,Davidson,2022-01-26
235,36,199,1,Davidson,2022-01-27
86,6,80,1,Davidson,2022-01-30
46,2,44,1,Davidson,2022-02-05
71,9,62,1,Davidson,2022-02-10
55,11,44,1,Davidson,2022-02-11
53,9,44,1,Davidson,2022-02-15
14,1,13,1,Davidson,2022-02-19
41,8,33,1,Davidson,2022-02-22
13,0,13,1,Davidson,2022-02-26
7,1,6,1,Davidson,2022-02-27
10,3,7,1,Davidson,2022-03-04
12,4,8,1,Davidson,2022-03-08
6,0,6,1,Davidson,2022-03-16
13,5,8,1,Davie,2021-11-17
18,0,18,1,Davie,2021-12-03
37,4,33,1,Davie,2022-01-02
35,0,35,1,Davie,2022-01-08
39,14,25,1,Davie,2022-01-17
69,13,56,1,Davie,2022-01-28
64,16,48,1,Davie,2022-02-02
39,12,27,1,Davie,2022-02-04
18,1,17,1,Davie,2022-02-05
34,5,29,1,Davie,2022-02-08
6,3,3,1,Davie,2022-02-13
12,4,8,1,Davie,2022-02-21
5,2,3,1,Davie,2022-03-07
3,1,2,1,Davie,2022-03-08
4,1,3,1,Davie,2022-03-17
1,0,1,1,Davie,2022-03-19
9,5,4,1,Davie,2022-04-21
4,1,3,1,Davie,2022-04-23
3,2,1,1,Davie,2022-04-24
11,4,7,1,Duplin,2021-11-09
7,5,2,1,Duplin,2021-11-17
7,3,4,1,Duplin,2021-11-19
7,4,3,1,Duplin,2021-11-23
22,8,14,1,Duplin,2021-12-23
86,31,55,1,Duplin,2022-01-09
414,165,249,1,Duplin,2022-01-10
322,132,190,1,Duplin,2022-01-12
49,19,30,1,Duplin,2022-01-16
229,117,112,1,Duplin,2022-01-17
255,117,138,1,Duplin,2022-01-20
16,4,12,1,Duplin,2022-01-22
42,8,34,1,Duplin,2022-01-23
68,20,48,1,Duplin,2022-02-02
38,13,25,1,Duplin,2022-02-04
54,28,26,1,Duplin,2022-02-07
22,13,9,1,Duplin,2022-02-10
11,3,8,1,Duplin,2022-02-12
9,0,9,1,Duplin,2022-02-13
8,3,5,1,Duplin,2022-02-19
5,1,4,1,Duplin,2022-02-20
0,0,0,1,Duplin,2022-02-26
2,0,2,1,Duplin,2022-03-04
5,1,4,1,Duplin,2022-03-05
0,0,0,1,Duplin,2022-03-11
3,0,3,1,Duplin,2022-03-15
2,0,2,1,Duplin,2022-03-16
2,2,0,1,Duplin,2022-03-18
2,2,0,1,Duplin,2022-03-28
76,3,73,1,Durham,2021-11-30
43,3,40,1,Durham,2021-12-05
63,3,60,1,Durham,2021-12-08
70,5,65,1,Durham,2021-12-13
73,6,67,1,Durham,2021-12-14
1203,76,1127,1,Durham,2022-01-03
1383,81,1302,1,Durham,2022-01-05
1392,77,1315,1,Durham,2022-01-10
106,7,99,1,Durham,2022-01-16
1029,54,975,1,Durham,2022-01-19
777,37,740,1,Durham,2022-01-24
191,14,177,1,Durham,2022-01-30
322,19,303,1,Durham,2022-02-01
298,19,279,1,Durham,2022-02-02
197,3,194,1,Durham,2022-02-04
138,7,131,1,Durham,2022-02-05
123,6,117,1,Durham,2022-02-06
72,6,66,1,Durham,2022-02-12
99,4,95,1,Durham,2022-02-15
122,5,117,1,Durham,2022-02-16
49,1,48,1,Durham,2022-02-20
69,4,65,1,Durham,2022-02-22
21,2,19,1,Durham,2022-02-27
45,0,45,1,Durham,2022-03-03
8,1,7,1,Durham,2022-03-05
24,2,22,1,Durham,2022-03-17
15,1,14,1,Durham,2022-03-18
10,1,9,1,Durham,2022-03-19
15,0,15,1,Edgecombe,2021-11-15
9,2,7,1,Edgecombe,2021-12-13
258,5,253,1,Edgecombe,2021-12-30
261,8,253,1,Edgecombe,2022-01-05
46,1,45,1,Edgecombe,2022-01-09
207,4,203,1,Edgecombe,2022-01-11
196,14,182,1,Edgecombe,2022-01-13
66,3,63,1,Edgecombe,2022-01-25
39,2,37,1,Edgecombe,2022-02-01
27,2,25,1,Edgecombe,2022-02-07
20,0,20,1,Edgecombe,2022-02-08
18,4,14,1,Edgecombe,2022-02-21
6,1,5,1,Edgecombe,2022-02-25
0,0,0,1,Edgecombe,2022-04-15
4,0,4,1,Edgecombe,2022-04-27
63,9,54,1,Forsyth,2021-11-11
51,3,48,1,Forsyth,2021-11-21
58,11,47,1,Forsyth,2021-11-27
140,21,119,1,Forsyth,2021-11-30
90,13,77,1,Forsyth,2021-12-04
163,33,130,1,Forsyth,2021-12-06
137,23,114,1,Forsyth,2021-12-07
166,23,143,1,Forsyth,2021-12-08
77,8,69,1,Forsyth,2021-12-11
86,5,81,1,Forsyth,2021-12-12
153,16,137,1,Forsyth,2021-12-17
219,18,201,1,Forsyth,2021-12-20
304,34,270,1,Forsyth,2021-12-22
164,17,147,1,Forsyth,2021-12-24
93,3,90,1,Forsyth,2021-12-25
802,72,730,1,Forsyth,2021-12-28
1048,100,948,1,Forsyth,2021-12-29
280,24,256,1,Forsyth,2022-01-01
423,22,401,1,Forsyth,2022-01-02
1499,135,1364,1,Forsyth,2022-01-12
228,46,182,1,Forsyth,2022-02-08
195,37,158,1,Forsyth,2022-02-09
61,9,52,1,Forsyth,2022-02-13
93,24,69,1,Forsyth,2022-02-17
33,5,28,1,Forsyth,2022-02-19
84,16,68,1,Forsyth,2022-02-21
55,7,48,1,Forsyth,2022-02-23
20,2,18,1,Forsyth,2022-02-27
42,13,29,1,Forsyth,2022-02-28
30,4,26,1,Forsyth,2022-03-02
31,5,26,1,Forsyth,2022-03-07
11,3,8,1,Forsyth,2022-03-08
24,9,15,1,Forsyth,2022-03-09
15,3,12,1,Forsyth,2022-03-11
19,6,13,1,Forsyth,2022-03-12
22,4,18,1,Forsyth,2022-03-14
19,2,17,1,Forsyth,2022-03-15
24,7,17,1,Forsyth,2022-03-17
22,7,15,1,Forsyth,2022-03-23
30,7,23,1,Forsyth,2022-03-30
35,13,22,1,Forsyth,2022-04-04
94,22,72,1,Forsyth,2022-04-25
19,0,19,1,Franklin,2021-11-16
88,7,81,1,Franklin,2022-01-01
313,19,294,1,Franklin,2022-01-14
41,6,35,1,Franklin,2022-01-16
422,21,401,1,Franklin,2022-01-19
29,7,22,1,Franklin,2022-01-30
66,2,64,1,Franklin,2022-02-04
99,30,69,1,Franklin,2022-02-07
45,8,37,1,Franklin,2022-02-09
70,8,62,1,Franklin,2022-02-10
16,0,16,1,Franklin,2022-02-17
3,0,3,1,Franklin,2022-02-27
5,1,4,1,Franklin,2022-03-06
0,0,0,1,Franklin,2022-03-27
65,12,53,1,Gaston,2021-11-12
92,23,69,1,Gaston,2021-11-15
89,21,68,1,Gaston,2021-11-23
72,7,65,1,Gaston,2021-11-24
73,18,55,1,Gaston,2021-11-26
95,19,76,1,Gaston,2021-12-03
121,33,88,1,Gaston,2021-12-06
115,36,79,1,Gaston,2021-12-07
92,28,64,1,Gaston,2021-12-08
139,41,98,1,Gaston,2021-12-13
108,34,74,1,Gaston,2021-12-14
111,19,92,1,Gaston,2021-12-17
69,19,50,1,Gaston,2021-12-19
166,28,138,1,Gaston,2021-12-20
160,35,125,1,Gaston,2021-12-21
42,1,41,1,Gaston,2021-12-25
261,62,199,1,Gaston,2022-01-02
711,117,594,1,Gaston,2022-01-12
58,10,48,1,Gaston,2022-02-21
48,13,35,1,Gaston,2022-02-22
36,8,28,1,Gaston,2022-02-24
14,3,11,1,Gaston,2022-02-25
12,2,10,1,Gaston,2022-02-27
22,9,13,1,Gaston,2022-03-03
13,9,4,1,Gaston,2022-03-06
14,2,12,1,Gaston,2022-03-07
10,3,7,1,Gaston,2022-03-08
2,1,1,1,Gaston,2022-03-11
4,1,3,1,Gaston,2022-03-13
8,1,7,1,Gaston,2022-03-15
11,1,10,1,Gaston,2022-03-16
4,0,4,1,Gaston,2022-03-25
6,2,4,1,Gaston,2022-03-30
11,0,11,1,Gates,2022-01-07
23,8,15,1,Gates,2022-01-14
34,29,5,1,Graham,2022-01-10
13,9,4,1,Graham,2022-01-15
0,0,0,1,Graham,2022-03-24
12,3,9,1,Granville,2021-11-12
8,0,8,1,Granville,2021-11-13
6,0,6,1,Granville,2021-11-28
31,6,25,1,Granville,2021-12-21
155,12,143,1,Granville,2022-01-07
262,19,243,1,Granville,2022-01-18
34,1,33,1,Granville,2022-01-30
59,1,58,1,Granville,2022-02-03
38,5,33,1,Granville,2022-02-14
14,6,8,1,Granville,2022-05-03
8,2,6,1,Greene,2022-01-01
97,41,56,1,Greene,2022-01-19
14,5,9,1,Greene,2022-01-23
31,8,23,1,Greene,2022-02-07
6,0,6,1,Greene,2022-02-12
2,0,2,1,Greene,2022-02-13
5,2,3,1,Greene,2022-02-17
1,0,1,1,Greene,2022-02-23
1,0,1,1,Greene,2022-02-25
118,12,106,1,Guilford,2021-11-09
88,14,74,1,Guilford,2021-11-11
50,0,50,1,Guilford,2021-11-13
50,5,45,1,Guilford,2021-11-14
97,13,84,1,Guilford,2021-11-15
122,17,105,1,Guilford,2021-11-19
55,11,44,1,Guilford,2021-11-20
48,2,46,1,Guilford,2021-11-21
97,12,85,1,Guilford,2021-11-22
179,24,155,1,Guilford,2021-11-30
166,28,138,1,Guilford,2021-12-03
107,12,95,1,Guilford,2021-12-04
80,7,73,1,Guilford,2021-12-05
181,23,158,1,Guilford,2021-12-06
175,28,147,1,Guilford,2021-12-07
152,26,126,1,Guilford,2021-12-09
136,21,115,1,Guilford,2021-12-10
174,30,144,1,Guilford,2021-12-14
192,27,165,1,Guilford,2021-12-15
131,10,121,1,Guilford,2021-12-19
417,70,347,1,Guilford,2021-12-23
983,150,833,1,Guilford,2021-12-27
1152,153,999,1,Guilford,2021-12-28
1246,265,981,1,Guilford,2021-12-30
794,208,586,1,Guilford,2021-12-31
324,69,255,1,Guilford,2022-01-01
1130,74,1056,1,Guilford,2022-01-08
1735,260,1475,1,Guilford,2022-01-13
1427,184,1243,1,Guilford,2022-01-19
900,116,784,1,Guilford,2022-01-21
566,117,449,1,Guilford,2022-01-31
423,81,342,1,Guilford,2022-02-02
113,22,91,1,Guilford,2022-02-17
66,10,56,1,Guilford,2022-02-28
39,8,31,1,Guilford,2022-03-03
36,7,29,1,Guilford,2022-03-07
35,8,27,1,Guilford,2022-03-08
29,8,21,1,Guilford,2022-03-10
23,7,16,1,Guilford,2022-03-11
9,0,9,1,Guilford,2022-03-19
37,11,26,1,Guilford,2022-03-22
37,8,29,1,Guilford,2022-03-23
9,1,8,1,Guilford,2022-03-27
24,2,22,1,Guilford,2022-03-29
26,4,22,1,Guilford,2022-03-30
11,4,7,1,Guilford,2022-04-02
64,7,57,1,Guilford,2022-04-16
153,55,98,1,Guilford,2022-04-18
156,39,117,1,Guilford,2022-04-25
109,31,78,1,Guilford,2022-04-29
64,18,46,1,Guilford,2022-04-30
6,0,6,1,Halifax,2021-12-07
16,4,12,1,Halifax,2021-12-17
27,2,25,1,Halifax,2021-12-23
223,22,201,1,Halifax,2021-12-29
58,4,54,1,Halifax,2022-01-02
304,29,275,1,Halifax,2022-01-04
234,26,208,1,Halifax,2022-01-12
25,1,24,1,Halifax,2022-01-16
146,20,126,1,Halifax,2022-01-20
23,3,20,1,Halifax,2022-01-21
12,1,11,1,Halifax,2022-01-22
96,16,80,1,Halifax,2022-01-25
66,17,49,1,Halifax,2022-01-27
18,5,13,1,Halifax,2022-01-29
9,4,5,1,Halifax,2022-02-05
8,0,8,1,Halifax,2022-02-06
28,7,21,1,Halifax,2022-02-09
8,1,7,1,Halifax,2022-02-12
0,0,0,1,Halifax,2022-02-24
5,0,5,1,Halifax,2022-02-26
2,0,2,1,Halifax,2022-03-26
2,2,0,1,Halifax,2022-04-10
11,2,9,1,Harnett,2021-11-14
17,5,12,1,Harnett,2021-11-17
12,1,11,1,Harnett,2021-11-26
37,3,34,1,Harnett,2021-12-01
47,11,36,1,Harnett,2021-12-08
31,1,30,1,Harnett,2021-12-18
63,11,52,1,Harnett,2021-12-21
192,23,169,1,Harnett,2021-12-27
217,54,163,1,Harnett,2021-12-28
248,44,204,1,Harnett,2021-12-29
115,14,101,1,Harnett,2022-01-02
441,79,362,1,Harnett,2022-01-06
203,17,186,1,Harnett,2022-01-08
149,20,129,1,Harnett,2022-01-09
623,119,504,1,Harnett,2022-01-10
536,138,398,1,Harnett,2022-01-12
510,98,412,1,Harnett,2022-01-13
625,108,517,1,Harnett,2022-01-19
482,68,414,1,Harnett,2022-01-20
174,39,135,1,Harnett,2022-01-21
83,8,75,1,Harnett,2022-01-23
62,8,54,1,Harnett,2022-01-29
77,18,59,1,Harnett,2022-01-30
106,24,82,1,Harnett,2022-02-04
33,5,28,1,Harnett,2022-02-06
95,35,60,1,Harnett,2022-02-08
52,9,43,1,Harnett,2022-02-11
55,14,41,1,Harnett,2022-02-14
31,5,26,1,Harnett,2022-02-18
17,4,13,1,Harnett,2022-02-19
27,1,26,1,Harnett,2022-02-22
21,5,16,1,Harnett,2022-02-28
9,1,8,1,Harnett,2022-03-01
18,8,10,1,Harnett,2022-03-02
17,5,12,1,Harnett,2022-03-07
9,1,8,1,Harnett,2022-03-08
7,0,7,1,Harnett,2022-03-11
14,5,9,1,Harnett,2022-03-14
9,1,8,1,Harnett,2022-03-16
9,1,8,1,Harnett,2022-03-18
26,8,18,1,Harnett,2022-04-25
13,3,10,1,Haywood,2021-11-10
23,5,18,1,Haywood,2021-11-18
7,2,5,1,Haywood,2021-11-20
22,5,17,1,Haywood,2021-11-22
17,5,12,1,Haywood,2021-12-07
19,4,15,1,Haywood,2021-12-10
8,2,6,1,Haywood,2021-12-12
22,6,16,1,Haywood,2021-12-17
9,4,5,1,Haywood,2021-12-18
32,7,25,1,Haywood,2021-12-20
16,1,15,1,Haywood,2021-12-21
20,10,10,1,Haywood,2021-12-22
11,5,6,1,Haywood,2021-12-24
64,21,43,1,Haywood,2021-12-29
59,27,32,1,Haywood,2021-12-31
33,15,18,1,Haywood,2022-01-02
88,23,65,1,Haywood,2022-01-07
143,55,88,1,Haywood,2022-01-11
166,51,115,1,Haywood,2022-01-14
61,5,56,1,Haywood,2022-01-15
61,20,41,1,Haywood,2022-01-17
111,28,83,1,Haywood,2022-01-27
91,28,63,1,Haywood,2022-01-28
20,2,18,1,Haywood,2022-01-29
53,9,44,1,Haywood,2022-01-30
93,48,45,1,Haywood,2022-02-01
87,28,59,1,Haywood,2022-02-02
33,12,21,1,Haywood,2022-02-05
36,13,23,1,Haywood,2022-02-06
49,22,27,1,Haywood,2022-02-07
45,15,30,1,Haywood,2022-02-08
43,19,24,1,Haywood,2022-02-14
14,10,4,1,Haywood,2022-02-22
23,12,11,1,Haywood,2022-02-24
14,1,13,1,Haywood,2022-02-25
8,4,4,1,Haywood,2022-02-26
8,2,6,1,Haywood,2022-03-01
3,1,2,1,Haywood,2022-03-29
22,13,9,1,Henderson,2021-11-11
25,10,15,1,Henderson,2021-11-12
25,10,15,1,Henderson,2021-11-21
46,21,25,1,Henderson,2021-11-22
24,10,14,1,Henderson,2021-11-23
9,6,3,1,Henderson,2021-11-25
27,10,17,1,Henderson,2021-11-26
21,8,13,1,Henderson,2021-11-27
60,24,36,1,Henderson,2021-12-01
56,24,32,1,Henderson,2021-12-07
28,16,12,1,Henderson,2021-12-11
38,19,19,1,Henderson,2021-12-12
62,27,35,1,Henderson,2021-12-15
24,5,19,1,Henderson,2021-12-25
33,13,20,1,Henderson,2021-12-26
165,29,136,1,Henderson,2021-12-29
177,40,137,1,Henderson,2021-12-30
248,89,159,1,Henderson,2022-01-14
230,86,144,1,Henderson,2022-01-18
152,50,102,1,Henderson,2022-01-31
108,34,74,1,Henderson,2022-02-01
49,21,28,1,Henderson,2022-02-05
46,21,25,1,Henderson,2022-02-06
64,18,46,1,Henderson,2022-02-08
67,19,48,1,Henderson,2022-02-10
48,15,33,1,Henderson,2022-02-11
10,4,6,1,Henderson,2022-03-01
4,0,4,1,Henderson,2022-03-06
3,2,1,1,Henderson,2022-03-09
7,5,2,1,Henderson,2022-03-11
1,0,1,1,Henderson,2022-03-17
3,0,3,1,Henderson,2022-03-19
2,1,1,1,Henderson,2022-03-24
3,0,3,1,Hertford,2021-12-15
19,1,18,1,Hertford,2022-01-02
79,18,61,1,Hertford,2022-01-13
48,7,41,1,Hertford,2022-01-19
2,0,2,1,Hertford,2022-01-22
20,3,17,1,Hertford,2022-01-28
13,3,10,1,Hertford,2022-01-31
1,0,1,1,Hertford,2022-02-11
4,1,3,1,Hertford,2022-02-16
11,2,9,1,Hoke,2021-11-18
25,2,23,1,Hoke,2021-12-06
20,1,19,1,Hoke,2021-12-08
308,28,280,1,Hoke,2022-01-05
150,6,144,1,Hoke,2022-01-09
177,8,169,1,Hoke,2022-01-15
310,27,283,1,Hoke,2022-01-19
215,34,181,1,Hoke,2022-01-24
93,17,76,1,Hoke,2022-01-27
77,4,73,1,Hoke,2022-01-28
75,14,61,1,Hoke,2022-02-01
54,4,50,1,Hoke,2022-02-02
55,6,49,1,Hoke,2022-02-04
13,2,11,1,Hoke,2022-02-17
8,1,7,1,Hoke,2022-02-18
2,0,2,1,Hoke,2022-02-20
6,0,6,1,Hoke,2022-02-28
7,2,5,1,Hoke,2022-03-08
1,0,1,1,Hoke,2022-04-04
3,0,3,1,Hyde,2021-12-30
83,32,51,1,Iredell,2021-11-15
54,24,30,1,Iredell,2021-11-18
8,0,8,1,Iredell,2021-11-25
118,43,75,1,Iredell,2021-11-29
101,30,71,1,Iredell,2021-12-01
77,25,52,1,Iredell,2021-12-02
45,20,25,1,Iredell,2021-12-05
87,23,64,1,Iredell,2021-12-07
88,32,56,1,Iredell,2021-12-08
74,20,54,1,Iredell,2021-12-10
53,17,36,1,Iredell,2021-12-12
129,33,96,1,Iredell,2021-12-13
117,24,93,1,Iredell,2021-12-14
158,52,106,1,Iredell,2021-12-20
154,63,91,1,Iredell,2021-12-21
65,22,43,1,Iredell,2021-12-24
428,138,290,1,Iredell,2021-12-28
445,156,289,1,Iredell,2021-12-29
406,135,271,1,Iredell,2021-12-30
141,75,66,1,Iredell,2022-01-01
211,86,125,1,Iredell,2022-01-09
638,193,445,1,Iredell,2022-01-12
638,194,444,1,Iredell,2022-01-13
178,69,109,1,Iredell,2022-01-17
631,239,392,1,Iredell,2022-01-19
275,99,176,1,Iredell,2022-01-27
219,86,133,1,Iredell,2022-02-01
189,59,130,1,Iredell,2022-02-03
67,14,53,1,Iredell,2022-02-05
118,49,69,1,Iredell,2022-02-08
103,37,66,1,Iredell,2022-02-10
58,23,35,1,Iredell,2022-02-15
50,17,33,1,Iredell,2022-02-16
22,8,14,1,Iredell,2022-02-19
25,10,15,1,Iredell,2022-02-20
62,24,38,1,Iredell,2022-02-21
37,13,24,1,Iredell,2022-02-22
28,12,16,1,Iredell,2022-02-23
26,9,17,1,Iredell,2022-02-24
31,10,21,1,Iredell,2022-02-28
18,12,6,1,Iredell,2022-03-03
9,3,6,1,Iredell,2022-03-08
1,0,1,1,Iredell,2022-03-12
4,0,4,1,Jackson,2021-11-11
11,2,9,1,Jackson,2021-12-07
10,0,10,1,Jackson,2021-12-11
20,6,14,1,Jackson,2021-12-16
9,2,7,1,Jackson,2021-12-17
8,3,5,1,Jackson,2021-12-21
17,7,10,1,Jackson,2022-01-01
147,27,120,1,Jackson,2022-01-04
153,36,117,1,Jackson,2022-01-05
117,26,91,1,Jackson,2022-01-06
98,21,77,1,Jackson,2022-01-07
127,39,88,1,Jackson,2022-01-14
70,8,62,1,Jackson,2022-01-21
72,25,47,1,Jackson,2022-01-26
101,38,63,1,Jackson,2022-01-27
42,14,28,1,Jackson,2022-02-04
15,6,9,1,Jackson,2022-02-11
23,10,13,1,Jackson,2022-02-14
10,4,6,1,Jackson,2022-02-22
9,5,4,1,Jackson,2022-02-25
6,4,2,1,Jackson,2022-03-02
7,3,4,1,Jackson,2022-03-03
1,0,1,1,Jackson,2022-03-27
52,15,37,1,Johnston,2021-11-09
41,10,31,1,Johnston,2021-11-11
39,10,29,1,Johnston,2021-11-18
39,10,29,1,Johnston,2021-11-19
50,11,39,1,Johnston,2021-11-22
38,8,30,1,Johnston,2021-11-24
17,4,13,1,Johnston,2021-11-28
91,23,68,1,Johnston,2021-12-08
110,20,90,1,Johnston,2021-12-15
149,17,132,1,Johnston,2021-12-20
153,32,121,1,Johnston,2021-12-22
34,11,23,1,Johnston,2021-12-25
552,76,476,1,Johnston,2021-12-29
615,104,511,1,Johnston,2021-12-30
934,122,812,1,Johnston,2022-01-04
383,24,359,1,Johnston,2022-01-08
359,71,288,1,Johnston,2022-01-09
1024,184,840,1,Johnston,2022-01-11
496,85,411,1,Johnston,2022-01-15
132,28,104,1,Johnston,2022-01-16
979,138,841,1,Johnston,2022-01-19
261,54,207,1,Johnston,2022-01-21
864,150,714,1,Johnston,2022-01-24
364,81,283,1,Johnston,2022-01-31
280,69,211,1,Johnston,2022-02-01
253,60,193,1,Johnston,2022-02-02
99,15,84,1,Johnston,2022-02-05
108,34,74,1,Johnston,2022-02-09
31,8,23,1,Johnston,2022-02-19
29,9,20,1,Johnston,2022-02-23
16,3,13,1,Johnston,2022-02-27
17,0,17,1,Johnston,2022-03-04
17,3,14,1,Johnston,2022-03-07
11,4,7,1,Johnston,2022-03-10
7,1,6,1,Johnston,2022-03-13
9,4,5,1,Johnston,2022-03-15
10,4,6,1,Johnston,2022-03-24
1,1,0,1,Jones,2021-11-16
1,1,0,1,Jones,2021-11-29
5,0,5,1,Jones,2021-12-13
21,15,6,1,Jones,2022-01-26
7,1,6,1,Lee,2021-11-24
10,1,9,1,Lee,2021-11-27
12,0,12,1,Lee,2021-11-30
19,3,16,1,Lee,2021-12-01
12,2,10,1,Lee,2021-12-02
27,3,24,1,Lee,2021-12-15
28,4,24,1,Lee,2021-12-21
13,2,11,1,Lee,2021-12-24
194,39,155,1,Lee,2022-01-04
210,30,180,1,Lee,2022-01-05
163,9,154,1,Lee,2022-01-06
103,7,96,1,Lee,2022-01-08
320,67,253,1,Lee,2022-01-10
307,41,266,1,Lee,2022-01-12
256,46,210,1,Lee,2022-01-14
159,39,120,1,Lee,2022-01-17
69,5,64,1,Lee,2022-01-28
53,10,43,1,Lee,2022-02-01
15,1,14,1,Lee,2022-02-05
30,5,25,1,Lee,2022-02-09
13,4,9,1,Lee,2022-02-14
25,2,23,1,Lee,2022-02-16
16,2,14,1,Lee,2022-02-17
6,0,6,1,Lee,2022-02-22
3,0,3,1,Lee,2022-02-26
3,3,0,1,Lee,2022-03-06
7,1,6,1,Lee,2022-03-08
9,4,5,1,Lee,2022-03-10
4,1,3,1,Lee,2022-03-12
1,0,1,1,Lee,2022-03-23
0,0,0,1,Lee,2022-04-01
1,0,1,1,Lenoir,2021-11-14
1,0,1,1,Lenoir,2021-11-21
11,2,9,1,Lenoir,2021-11-27
123,13,110,1,Lenoir,2021-12-28
35,7,28,1,Lenoir,2022-01-01
50,13,37,1,Lenoir,2022-01-09
277,60,217,1,Lenoir,2022-01-13
352,70,282,1,Lenoir,2022-01-18
254,43,211,1,Lenoir,2022-01-24
137,28,109,1,Lenoir,2022-01-26
25,10,15,1,Lenoir,2022-01-29
15,3,12,1,Lenoir,2022-01-30
58,15,43,1,Lenoir,2022-02-01
17,3,14,1,Lenoir,2022-02-05
10,1,9,1,Lenoir,2022-02-06
51,13,38,1,Lenoir,2022-02-07
19,2,17,1,Lenoir,2022-02-14
14,3,11,1,Lenoir,2022-02-15
2,0,2,1,Lenoir,2022-02-23
6,1,5,1,Lenoir,2022-02-25
1,1,0,1,Lenoir,2022-03-05
1,0,1,1,Lenoir,2022-03-06
3,1,2,1,Lenoir,2022-03-10
0,0,0,1,Lenoir,2022-03-26
32,15,17,1,Lincoln,2021-11-10
20,5,15,1,Lincoln,2021-11-27
28,6,22,1,Lincoln,2021-11-28
39,16,23,1,Lincoln,2021-12-02
27,6,21,1,Lincoln,2021-12-05
43,17,26,1,Lincoln,2021-12-06
29,8,21,1,Lincoln,2021-12-09
147,45,102,1,Lincoln,2021-12-27
270,66,204,1,Lincoln,2022-01-04
94,15,79,1,Lincoln,2022-01-08
213,86,127,1,Lincoln,2022-01-10
283,79,204,1,Lincoln,2022-01-12
253,69,184,1,Lincoln,2022-01-20
71,25,46,1,Lincoln,2022-01-23
40,11,29,1,Lincoln,2022-01-30
130,39,91,1,Lincoln,2022-02-01
31,8,23,1,Lincoln,2022-02-06
41,10,31,1,Lincoln,2022-02-11
23,11,12,1,Lincoln,2022-02-12
37,9,28,1,Lincoln,2022-02-16
20,5,15,1,Lincoln,2022-02-18
14,7,7,1,Lincoln,2022-02-20
12,6,6,1,Lincoln,2022-02-22
7,1,6,1,Lincoln,2022-03-02
2,0,2,1,Lincoln,2022-03-18
7,1,6,1,Macon,2021-11-12
2,0,2,1,Macon,2021-11-21
3,0,3,1,Macon,2021-11-22
15,4,11,1,Macon,2021-12-14
1,0,1,1,Macon,2021-12-18
7,2,5,1,Macon,2021-12-25
33,12,21,1,Macon,2021-12-30
76,16,60,1,Macon,2022-01-06
41,15,26,1,Macon,2022-01-07
18,5,13,1,Macon,2022-01-09
97,6,91,1,Macon,2022-01-14
12,0,12,1,Macon,2022-01-16
108,29,79,1,Macon,2022-01-18
32,11,21,1,Macon,2022-01-27
57,15,42,1,Macon,2022-01-31
8,2,6,1,Macon,2022-02-17
6,2,4,1,Macon,2022-02-22
5,2,3,1,Macon,2022-02-24
1,0,1,1,Macon,2022-02-27
2,0,2,1,Macon,2022-03-02
5,3,2,1,Macon,2022-03-07
1,0,1,1,Macon,2022-03-19
0,0,0,1,Macon,2022-03-21
0,0,0,1,Macon,2022-03-30
0,0,0,1,Macon,2022-04-15
4,1,3,1,Madison,2021-11-09
5,0,5,1,Madison,2021-11-10
2,0,2,1,Madison,2021-11-14
1,0,1,1,Madison,2021-11-16
15,2,13,1,Madison,2021-12-23
7,0,7,1,Madison,2022-01-08
52,3,49,1,Madison,2022-01-14
54,12,42,1,Madison,2022-02-01
4,0,4,1,Madison,2022-02-06
18,2,16,1,Madison,2022-02-08
26,4,22,1,Madison,2022-02-11
5,4,1,1,Madison,2022-02-22
0,0,0,1,Madison,2022-02-26
42,5,37,1,Martin,2021-12-28
9,0,9,1,Martin,2022-01-02
54,5,49,1,Martin,2022-01-07
115,5,110,1,Martin,2022-01-18
16,3,13,1,Martin,2022-01-23
87,7,80,1,Martin,2022-01-24
43,2,41,1,Martin,2022-01-26
35,1,34,1,Martin,2022-01-27
8,1,7,1,Martin,2022-02-09
2,0,2,1,Martin,2022-02-12
1,1,0,1,Martin,2022-02-13
1,0,1,1,Martin,2022-02-25
9,2,7,1,Martin,2022-02-26
3,0,3,1,Martin,2022-02-28
0,0,0,1,Martin,2022-04-26
5,0,5,1,McDowell,2021-11-12
17,6,11,1,McDowell,2021-11-15
8,2,6,1,McDowell,2021-11-19
6,1,5,1,McDowell,2021-11-21
25,8,17,1,McDowell,2021-12-20
29,8,21,1,McDowell,2022-01-01
60,17,43,1,McDowell,2022-01-09
177,53,124,1,McDowell,2022-01-11
132,49,83,1,McDowell,2022-01-13
57,25,32,1,McDowell,2022-01-15
12,7,5,1,McDowell,2022-01-16
98,16,82,1,McDowell,2022-01-18
53,12,41,1,McDowell,2022-01-23
167,60,107,1,McDowell,2022-01-24
126,34,92,1,McDowell,2022-01-25
82,28,54,1,McDowell,2022-02-01
68,19,49,1,McDowell,2022-02-02
76,21,55,1,McDowell,2022-02-03
52,14,38,1,McDowell,2022-02-04
32,10,22,1,McDowell,2022-02-06
42,11,31,1,McDowell,2022-02-14
33,5,28,1,McDowell,2022-02-16
17,7,10,1,McDowell,2022-02-21
6,1,5,1,McDowell,2022-03-02
8,3,5,1,McDowell,2022-03-03
3,0,3,1,McDowell,2022-03-06
2,0,2,1,McDowell,2022-03-08
0,0,0,1,McDowell,2022-03-22
178,35,143,1,Mecklenburg,2021-11-09
197,33,164,1,Mecklenburg,2021-11-10
227,33,194,1,Mecklenburg,2021-11-12
230,33,197,1,Mecklenburg,2021-11-15
225,33,192,1,Mecklenburg,2021-11-16
208,32,176,1,Mecklenburg,2021-11-18
188,28,160,1,Mecklenburg,2021-11-24
209,22,187,1,Mecklenburg,2021-11-26
305,58,247,1,Mecklenburg,2021-11-29
316,40,276,1,Mecklenburg,2021-11-30
325,48,277,1,Mecklenburg,2021-12-01
184,34,150,1,Mecklenburg,2021-12-04
181,26,155,1,Mecklenburg,2021-12-05
334,59,275,1,Mecklenburg,2021-12-06
240,30,210,1,Mecklenburg,2021-12-11
465,48,417,1,Mecklenburg,2021-12-18
1266,234,1032,1,Mecklenburg,2022-01-01
1690,311,1379,1,Mecklenburg,2022-01-09
4081,527,3554,1,Mecklenburg,2022-01-12
139,27,112,1,Mecklenburg,2022-02-19
227,41,186,1,Mecklenburg,2022-02-21
182,31,151,1,Mecklenburg,2022-02-22
135,29,106,1,Mecklenburg,2022-02-24
47,6,41,1,Mecklenburg,2022-03-05
40,6,34,1,Mecklenburg,2022-03-06
81,13,68,1,Mecklenburg,2022-03-07
52,7,45,1,Mecklenburg,2022-03-10
50,11,39,1,Mecklenburg,2022-03-16
29,4,25,1,Mecklenburg,2022-03-19
66,13,53,1,Mecklenburg,2022-03-21
50,12,38,1,Mecklenburg,2022-04-03
124,21,103,1,Mecklenburg,2022-04-08
4,0,4,1,Mitchell,2021-11-19
6,0,6,1,Mitchell,2021-11-26
18,11,7,1,Mitchell,2021-12-01
4,3,1,1,Mitchell,2021-12-26
26,15,11,1,Mitchell,2021-12-30
21,12,9,1,Mitchell,2022-01-03
46,3,43,1,Mitchell,2022-01-11
24,4,20,1,Mitchell,2022-01-13
6,4,2,1,Mitchell,2022-01-16
22,3,19,1,Mitchell,2022-01-19
9,1,8,1,Mitchell,2022-01-22
17,5,12,1,Mitchell,2022-01-28
19,9,10,1,Mitchell,2022-02-03
6,3,3,1,Mitchell,2022-02-18
0,0,0,1,Mitchell,2022-03-21
29,8,21,1,Montgomery,2021-12-30
55,3,52,1,Montgomery,2022-01-07
35,6,29,1,Montgomery,2022-01-09
129,21,108,1,Montgomery,2022-01-13
54,2,52,1,Montgomery,2022-01-15
34,6,28,1,Montgomery,2022-01-28
12,2,10,1,Montgomery,2022-01-29
2,0,2,1,Montgomery,2022-01-30
24,6,18,1,Montgomery,2022-02-02
31,9,22,1,Montgomery,2022-02-03
3,1,2,1,Montgomery,2022-02-06
13,0,13,1,Montgomery,2022-02-07
16,1,15,1,Montgomery,2022-02-08
14,1,13,1,Montgomery,2022-02-09
3,1,2,1,Montgomery,2022-02-12
13,0,13,1,Montgomery,2022-02-14
3,1,2,1,Montgomery,2022-02-19
11,2,9,1,Moore,2021-11-09
11,0,11,1,Moore,2021-11-10
8,1,7,1,Moore,2021-11-27
17,1,16,1,Moore,2021-12-08
37,0,37,1,Moore,2021-12-09
40,2,38,1,Moore,2021-12-13
31,3,28,1,Moore,2021-12-14
27,2,25,1,Moore,2021-12-18
60,4,56,1,Moore,2021-12-22
78,1,77,1,Moore,2021-12-26
294,46,248,1,Moore,2022-01-06
441,30,411,1,Moore,2022-01-10
428,69,359,1,Moore,2022-01-18
92,10,82,1,Moore,2022-01-23
318,39,279,1,Moore,2022-01-24
194,36,158,1,Moore,2022-01-25
133,31,102,1,Moore,2022-01-27
129,25,104,1,Moore,2022-02-01
84,13,71,1,Moore,2022-02-03
74,15,59,1,Moore,2022-02-04
55,7,48,1,Moore,2022-02-14
32,4,28,1,Moore,2022-02-16
23,2,21,1,Moore,2022-02-18
15,5,10,1,Moore,2022-02-19
20,2,18,1,Moore,2022-02-23
23,6,17,1,Moore,2022-02-24
14,2,12,1,Moore,2022-03-01
10,1,9,1,Moore,2022-03-03
5,0,5,1,Moore,2022-03-05
4,2,2,1,Moore,2022-03-06
16,6,10,1,Moore,2022-04-28
13,1,12,1,Nash,2021-11-12
11,2,9,1,Nash,2021-11-16
6,0,6,1,Nash,2021-11-24
15,2,13,1,Nash,2021-11-26
11,1,10,1,Nash,2021-11-27
24,2,22,1,Nash,2021-12-10
42,8,34,1,Nash,2021-12-17
53,15,38,1,Nash,2021-12-23
193,27,166,1,Nash,2021-12-27
171,10,161,1,Nash,2021-12-31
433,28,405,1,Nash,2022-01-06
326,23,303,1,Nash,2022-01-07
108,5,103,1,Nash,2022-01-09
349,32,317,1,Nash,2022-01-13
59,0,59,1,Nash,2022-01-21
49,8,41,1,Nash,2022-01-23
135,14,121,1,Nash,2022-01-26
109,19,90,1,Nash,2022-01-28
38,8,30,1,Nash,2022-01-29
67,14,53,1,Nash,2022-02-04
29,2,27,1,Nash,2022-02-05
69,10,59,1,Nash,2022-02-07
40,8,32,1,Nash,2022-02-08
49,12,37,1,Nash,2022-02-11
14,1,13,1,Nash,2022-02-12
25,4,21,1,Nash,2022-02-16
21,5,16,1,Nash,2022-02-17
14,6,8,1,Nash,2022-02-18
11,3,8,1,Nash,2022-02-19
7,1,6,1,Nash,2022-02-20
19,4,15,1,Nash,2022-02-23
1,0,1,1,Nash,2022-02-26
5,0,5,1,Nash,2022-03-14
2,0,2,1,Nash,2022-03-22
2,1,1,1,Nash,2022-03-24
5,4,1,1,Nash,2022-04-12
27,7,20,1,New Hanover,2021-11-17
59,23,36,1,New Hanover,2021-11-29
57,21,36,1,New Hanover,2021-12-14
74,24,50,1,New Hanover,2021-12-16
26,4,22,1,New Hanover,2021-12-25
464,110,354,1,New Hanover,2021-12-28
553,147,406,1,New Hanover,2022-01-05
265,62,203,1,New Hanover,2022-01-08
289,55,234,1,New Hanover,2022-01-09
671,123,548,1,New Hanover,2022-01-13
337,58,279,1,New Hanover,2022-01-15
652,169,483,1,New Hanover,2022-01-20
228,50,178,1,New Hanover,2022-01-21
122,21,101,1,New Hanover,2022-01-22
191,48,143,1,New Hanover,2022-01-23
399,66,333,1,New Hanover,2022-01-26
102,31,71,1,New Hanover,2022-01-30
79,19,60,1,New Hanover,2022-02-05
74,12,62,1,New Hanover,2022-02-06
172,42,130,1,New Hanover,2022-02-07
90,24,66,1,New Hanover,2022-02-09
119,30,89,1,New Hanover,2022-02-10
34,10,24,1,New Hanover,2022-02-13
55,20,35,1,New Hanover,2022-02-17
21,9,12,1,New Hanover,2022-02-20
13,4,9,1,New Hanover,2022-02-26
18,2,16,1,New Hanover,2022-02-28
13,3,10,1,New Hanover,2022-03-03
3,0,3,1,New Hanover,2022-03-05
7,1,6,1,New Hanover,2022-03-08
10,0,10,1,New Hanover,2022-03-10
5,0,5,1,New Hanover,2022-03-12
9,3,6,1,New Hanover,2022-03-17
4,1,3,1,New Hanover,2022-03-18
5,0,5,1,New Hanover,2022-03-21
14,3,11,1,New Hanover,2022-04-06
19,8,11,1,New Hanover,2022-04-07
50,7,43,1,New Hanover,2022-05-05
68,19,49,1,Northampton,2022-01-11
64,14,50,1,Northampton,2022-01-12
8,1,7,1,Northampton,2022-01-21
27,8,19,1,Northampton,2022-01-28
4,0,4,1,Northampton,2022-01-30
21,3,18,1,Northampton,2022-01-31
15,5,10,1,Northampton,2022-02-02
10,4,6,1,Northampton,2022-02-04
3,0,3,1,Northampton,2022-02-12
6,0,6,1,Northampton,2022-02-22
0,0,0,1,Northampton,2022-02-27
15,1,14,1,Onslow,2021-11-13
0,0,0,1,Onslow,2021-11-25
53,10,43,1,Onslow,2021-12-16
72,4,68,1,Onslow,2021-12-21
53,8,45,1,Onslow,2021-12-26
107,33,74,1,Onslow,2022-01-01
808,157,651,1,Onslow,2022-01-05
994,113,881,1,Onslow,2022-01-11
240,19,221,1,Onslow,2022-01-16
882,113,769,1,Onslow,2022-01-19
179,27,152,1,Onslow,2022-01-21
427,59,368,1,Onslow,2022-01-26
271,31,240,1,Onslow,2022-02-01
62,5,57,1,Onslow,2022-02-17
25,4,21,1,Onslow,2022-02-24
6,1,5,1,Onslow,2022-02-27
15,1,14,1,Onslow,2022-03-05
8,1,7,1,Onslow,2022-03-11
4,1,3,1,Onslow,2022-03-14
3,0,3,1,Onslow,2022-03-16
5,1,4,1,Onslow,2022-04-07
53,2,51,1,Orange,2021-12-17
511,24,487,1,Orange,2022-01-04
211,17,194,1,Orange,2022-01-08
132,9,123,1,Orange,2022-01-09
430,30,400,1,Orange,2022-01-14
32,7,25,1,Orange,2022-01-16
120,4,116,1,Orange,2022-01-23
415,14,401,1,Orange,2022-01-24
55,5,50,1,Orange,2022-01-30
105,3,102,1,Orange,2022-02-04
50,2,48,1,Orange,2022-02-06
72,2,70,1,Orange,2022-02-10
35,3,32,1,Orange,2022-02-12
59,7,52,1,Orange,2022-02-16
36,3,33,1,Orange,2022-02-18
40,3,37,1,Orange,2022-02-21
15,2,13,1,Orange,2022-03-03
19,1,18,1,Orange,2022-03-07
9,0,9,1,Orange,2022-03-19
59,6,53,1,Orange,2022-04-09
24,2,22,1,Pamlico,2022-01-03
16,0,16,1,Pamlico,2022-02-01
16,7,9,1,Pasquotank,2021-11-12
5,2,3,1,Pasquotank,2021-11-16
11,5,6,1,Pasquotank,2021-11-17
12,4,8,1,Pasquotank,2021-11-26
3,0,3,1,Pasquotank,2021-11-27
26,7,19,1,Pasquotank,2022-01-21
29,2,27,1,Pasquotank,2022-01-23
90,24,66,1,Pasquotank,2022-01-25
14,1,13,1,Pasquotank,2022-01-30
30,5,25,1,Pasquotank,2022-02-02
9,1,8,1,Pasquotank,2022-02-05
0,0,0,1,Pasquotank,2022-03-22
2,0,2,1,Pender,2021-11-20
32,8,24,1,Pender,2021-11-29
15,4,11,1,Pender,2021-12-16
8,2,6,1,Pender,2021-12-18
89,15,74,1,Pender,2021-12-27
88,16,72,1,Pender,2022-01-09
221,20,201,1,Pender,2022-01-11
184,23,161,1,Pender,2022-01-14
115,21,94,1,Pender,2022-01-15
63,7,56,1,Pender,2022-01-16
228,42,186,1,Pender,2022-01-17
53,7,46,1,Pender,2022-01-21
165,16,149,1,Pender,2022-01-25
121,13,108,1,Pender,2022-01-26
35,0,35,1,Pender,2022-01-29
116,10,106,1,Pender,2022-01-31
61,9,52,1,Pender,2022-02-03
18,0,18,1,Pender,2022-02-06
35,6,29,1,Pender,2022-02-09
29,7,22,1,Pender,2022-02-14
9,5,4,1,Pender,2022-02-19
0,0,0,1,Pender,2022-03-26
6,0,6,1,Perquimans,2021-12-09
32,16,16,1,Perquimans,2022-01-07
34,6,28,1,Perquimans,2022-01-12
45,7,38,1,Perquimans,2022-01-18
3,1,2,1,Perquimans,2022-02-04
0,0,0,1,Perquimans,2022-03-21
11,6,5,1,Person,2021-11-17
16,6,10,1,Person,2021-11-23
10,6,4,1,Person,2021-12-11
5,3,2,1,Person,2021-12-12
18,7,11,1,Person,2021-12-17
5,1,4,1,Person,2021-12-19
76,21,55,1,Person,2021-12-30
118,19,99,1,Person,2022-01-06
64,8,56,1,Person,2022-01-08
186,14,172,1,Person,2022-01-19
106,23,83,1,Person,2022-01-20
20,5,15,1,Person,2022-01-29
48,18,30,1,Person,2022-02-01
39,11,28,1,Person,2022-02-03
6,2,4,1,Person,2022-02-19
6,1,5,1,Person,2022-02-21
5,3,2,1,Person,2022-02-24
1,1,0,1,Person,2022-03-16
10,0,10,1,Pitt,2021-11-27
67,5,62,1,Pitt,2021-12-14
649,37,612,1,Pitt,2022-01-05
815,58,757,1,Pitt,2022-01-06
823,74,749,1,Pitt,2022-01-14
670,77,593,1,Pitt,2022-01-17
56,1,55,1,Pitt,2022-01-22
246,11,235,1,Pitt,2022-01-23
449,52,397,1,Pitt,2022-01-26
287,26,261,1,Pitt,2022-01-28
242,24,218,1,Pitt,2022-02-01
146,11,135,1,Pitt,2022-02-07
63,7,56,1,Pitt,2022-02-11
20,1,19,1,Pitt,2022-02-12
69,6,63,1,Pitt,2022-02-14
42,7,35,1,Pitt,2022-02-16
44,3,41,1,Pitt,2022-02-18
21,3,18,1,Pitt,2022-02-23
23,6,17,1,Pitt,2022-02-24
20,1,19,1,Pitt,2022-02-25
15,2,13,1,Pitt,2022-03-04
5,2,3,1,Pitt,2022-03-05
3,1,2,1,Pitt,2022-03-06
3,0,3,1,Pitt,2022-03-19
5,1,4,1,Polk,2021-11-13
59,28,31,1,Polk,2022-01-11
18,17,1,1,Polk,2022-01-17
19,9,10,1,Polk,2022-01-28
12,5,7,1,Polk,2022-01-30
17,12,5,1,Polk,2022-02-03
12,5,7,1,Polk,2022-02-04
7,4,3,1,Polk,2022-02-17
2,1,1,1,Polk,2022-02-20
0,0,0,1,Polk,2022-03-03
0,0,0,1,Polk,2022-03-08
1,0,1,1,Polk,2022-03-14
0,0,0,1,Polk,2022-04-11
0,0,0,1,Polk,2022-04-19
39,17,22,1,Randolph,2021-11-11
35,14,21,1,Randolph,2021-11-12
33,8,25,1,Randolph,2021-11-15
25,7,18,1,Randolph,2021-11-17
19,4,15,1,Randolph,2021-11-19
21,8,13,1,Randolph,2021-11-20
15,6,9,1,Randolph,2021-11-21
48,18,30,1,Randolph,2021-11-22
44,22,22,1,Randolph,2021-11-23
8,1,7,1,Randolph,2021-11-25
23,11,12,1,Randolph,2021-11-27
53,12,41,1,Randolph,2021-12-03
29,16,13,1,Randolph,2021-12-05
28,13,15,1,Randolph,2021-12-11
62,29,33,1,Randolph,2021-12-16
59,22,37,1,Randolph,2021-12-17
98,45,53,1,Randolph,2021-12-20
66,24,42,1,Randolph,2021-12-22
47,23,24,1,Randolph,2021-12-24
230,96,134,1,Randolph,2021-12-29
81,31,50,1,Randolph,2022-01-01
320,114,206,1,Randolph,2022-01-03
304,112,192,1,Randolph,2022-01-05
266,63,203,1,Randolph,2022-01-06
284,89,195,1,Randolph,2022-01-07
162,19,143,1,Randolph,2022-01-08
182,34,148,1,Randolph,2022-01-09
580,144,436,1,Randolph,2022-01-10
473,108,365,1,Randolph,2022-01-12
614,148,466,1,Randolph,2022-01-18
630,145,485,1,Randolph,2022-01-19
70,24,46,1,Randolph,2022-01-22
249,83,166,1,Randolph,2022-01-27
169,59,110,1,Randolph,2022-01-28
128,44,84,1,Randolph,2022-02-02
136,32,104,1,Randolph,2022-02-03
116,40,76,1,Randolph,2022-02-07
90,22,68,1,Randolph,2022-02-08
62,16,46,1,Randolph,2022-02-10
56,15,41,1,Randolph,2022-02-11
26,4,22,1,Randolph,2022-02-12
59,14,45,1,Randolph,2022-02-15
42,12,30,1,Randolph,2022-02-16
20,11,9,1,Randolph,2022-02-19
25,5,20,1,Randolph,2022-02-22
8,1,7,1,Randolph,2022-02-26
14,9,5,1,Randolph,2022-03-02
5,1,4,1,Randolph,2022-03-08
7,0,7,1,Randolph,2022-03-11
5,1,4,1,Randolph,2022-03-16
4,2,2,1,Randolph,2022-04-12
10,3,7,1,Richmond,2021-11-15
6,1,5,1,Richmond,2021-11-17
2,0,2,1,Richmond,2021-11-20
14,4,10,1,Richmond,2021-11-22
6,2,4,1,Richmond,2021-11-23
4,2,2,1,Richmond,2021-11-28
36,12,24,1,Richmond,2021-12-06
14,2,12,1,Richmond,2021-12-16
9,3,6,1,Richmond,2021-12-19
20,3,17,1,Richmond,2021-12-23
23,5,18,1,Richmond,2021-12-24
6,1,5,1,Richmond,2021-12-25
51,4,47,1,Richmond,2021-12-27
184,31,153,1,Richmond,2022-01-05
94,10,84,1,Richmond,2022-01-09
231,48,183,1,Richmond,2022-01-12
193,15,178,1,Richmond,2022-01-14
181,29,152,1,Richmond,2022-01-19
36,4,32,1,Richmond,2022-01-21
118,31,87,1,Richmond,2022-01-25
144,80,64,1,Richmond,2022-01-26
81,30,51,1,Richmond,2022-01-27
44,20,24,1,Richmond,2022-02-02
24,6,18,1,Richmond,2022-02-03
32,4,28,1,Richmond,2022-02-04
12,1,11,1,Richmond,2022-02-11
5,0,5,1,Richmond,2022-02-13
10,1,9,1,Richmond,2022-02-15
11,2,9,1,Richmond,2022-02-23
4,1,3,1,Richmond,2022-03-05
17,4,13,1,Robeson,2021-11-12
4,1,3,1,Robeson,2021-11-13
25,6,19,1,Robeson,2021-11-16
26,6,20,1,Robeson,2021-11-18
10,1,9,1,Robeson,2021-11-28
35,13,22,1,Robeson,2021-12-05
62,17,45,1,Robeson,2021-12-09
19,6,13,1,Robeson,2021-12-11
17,10,7,1,Robeson,2021-12-12
22,7,15,1,Robeson,2021-12-18
19,6,13,1,Robeson,2021-12-19
64,23,41,1,Robeson,2021-12-21
66,20,46,1,Robeson,2021-12-23
33,21,12,1,Robeson,2021-12-24
25,10,15,1,Robeson,2021-12-25
177,50,127,1,Robeson,2021-12-27
255,59,196,1,Robeson,2021-12-28
334,96,238,1,Robeson,2021-12-29
297,91,206,1,Robeson,2021-12-30
120,48,72,1,Robeson,2021-12-31
528,194,334,1,Robeson,2022-01-14
325,117,208,1,Robeson,2022-01-15
550,229,321,1,Robeson,2022-01-17
856,302,554,1,Robeson,2022-01-18
628,205,423,1,Robeson,2022-01-19
357,113,244,1,Robeson,2022-01-25
242,99,143,1,Robeson,2022-01-26
109,37,72,1,Robeson,2022-02-02
125,54,71,1,Robeson,2022-02-03
90,33,57,1,Robeson,2022-02-04
35,19,16,1,Robeson,2022-02-06
57,23,34,1,Robeson,2022-02-09
57,18,39,1,Robeson,2022-02-10
21,6,15,1,Robeson,2022-02-13
28,10,18,1,Robeson,2022-02-16
14,5,9,1,Robeson,2022-02-20
19,3,16,1,Robeson,2022-02-24
8,4,4,1,Robeson,2022-02-27
7,3,4,1,Robeson,2022-03-09
6,1,5,1,Robeson,2022-03-28
9,5,4,1,Robeson,2022-05-07
17,1,16,1,Rockingham,2021-11-23
15,5,10,1,Rockingham,2021-11-24
15,4,11,1,Rockingham,2021-11-26
48,11,37,1,Rockingham,2021-12-09
39,8,31,1,Rockingham,2021-12-14
21,4,17,1,Rockingham,2021-12-18
27,1,26,1,Rockingham,2021-12-19
27,3,24,1,Rockingham,2021-12-24
38,4,34,1,Rockingham,2021-12-26
214,50,164,1,Rockingham,2021-12-30
133,42,91,1,Rockingham,2021-12-31
54,6,48,1,Rockingham,2022-01-01
258,50,208,1,Rockingham,2022-01-07
105,13,92,1,Rockingham,2022-01-09
346,30,316,1,Rockingham,2022-01-10
273,29,244,1,Rockingham,2022-01-13
324,50,274,1,Rockingham,2022-01-14
149,26,123,1,Rockingham,2022-01-15
18,6,12,1,Rockingham,2022-01-16
269,63,206,1,Rockingham,2022-01-18
344,64,280,1,Rockingham,2022-01-19
94,9,85,1,Rockingham,2022-01-23
177,27,150,1,Rockingham,2022-01-26
159,24,135,1,Rockingham,2022-01-27
114,8,106,1,Rockingham,2022-01-28
71,7,64,1,Rockingham,2022-02-03
23,1,22,1,Rockingham,2022-02-05
79,6,73,1,Rockingham,2022-02-07
49,5,44,1,Rockingham,2022-02-08
62,9,53,1,Rockingham,2022-02-09
44,7,37,1,Rockingham,2022-02-11
55,8,47,1,Rockingham,2022-02-14
28,5,23,1,Rockingham,2022-02-15
32,2,30,1,Rockingham,2022-02-16
15,2,13,1,Rockingham,2022-02-18
7,1,6,1,Rockingham,2022-02-20
27,6,21,1,Rockingham,2022-02-21
10,1,9,1,Rockingham,2022-03-04
2,0,2,1,Rockingham,2022-03-26
30,7,23,1,Rowan,2021-11-16
27,4,23,1,Rowan,2021-11-24
12,6,6,1,Rowan,2021-11-25
47,10,37,1,Rowan,2021-12-01
48,7,41,1,Rowan,2021-12-07
119,11,108,1,Rowan,2021-12-20
88,10,78,1,Rowan,2021-12-21
79,19,60,1,Rowan,2021-12-22
29,8,21,1,Rowan,2021-12-25
64,3,61,1,Rowan,2021-12-26
270,29,241,1,Rowan,2021-12-28
147,20,127,1,Rowan,2021-12-31
412,66,346,1,Rowan,2022-01-05
348,56,292,1,Rowan,2022-01-07
125,31,94,1,Rowan,2022-01-09
654,116,538,1,Rowan,2022-01-10
579,84,495,1,Rowan,2022-01-13
34,6,28,1,Rowan,2022-01-16
169,59,110,1,Rowan,2022-01-17
480,98,382,1,Rowan,2022-01-18
509,88,421,1,Rowan,2022-01-19
446,72,374,1,Rowan,2022-01-20
226,43,183,1,Rowan,2022-01-27
228,24,204,1,Rowan,2022-01-28
145,21,124,1,Rowan,2022-02-02
44,4,40,1,Rowan,2022-02-05
47,11,36,1,Rowan,2022-02-06
83,7,76,1,Rowan,2022-02-09
26,3,23,1,Rowan,2022-02-12
32,4,28,1,Rowan,2022-02-18
18,5,13,1,Rowan,2022-02-23
13,2,11,1,Rowan,2022-02-25
12,5,7,1,Rowan,2022-03-07
15,5,10,1,Rowan,2022-03-08
9,1,8,1,Rowan,2022-03-09
10,3,7,1,Rowan,2022-03-15
0,0,0,1,Rowan,2022-03-19
4,0,4,1,Rowan,2022-03-20
5,1,4,1,Rowan,2022-03-29
22,2,20,1,Rowan,2022-04-26
12,1,11,1,Rutherford,2021-11-09
10,3,7,1,Rutherford,2021-11-11
17,7,10,1,Rutherford,2021-11-17
10,0,10,1,Rutherford,2021-11-19
6,1,5,1,Rutherford,2021-11-20
7,1,6,1,Rutherford,2021-11-28
19,3,16,1,Rutherford,2021-11-30
12,5,7,1,Rutherford,2021-12-02
8,3,5,1,Rutherford,2021-12-03
6,0,6,1,Rutherford,2021-12-05
12,5,7,1,Rutherford,2021-12-08
10,2,8,1,Rutherford,2021-12-14
10,0,10,1,Rutherford,2021-12-19
142,35,107,1,Rutherford,2022-01-05
203,111,92,1,Rutherford,2022-01-13
169,76,93,1,Rutherford,2022-01-14
84,41,43,1,Rutherford,2022-01-15
187,60,127,1,Rutherford,2022-01-18
69,34,35,1,Rutherford,2022-01-22
57,18,39,1,Rutherford,2022-01-23
93,32,61,1,Rutherford,2022-01-28
44,18,26,1,Rutherford,2022-01-29
21,9,12,1,Rutherford,2022-02-05
59,28,31,1,Rutherford,2022-02-08
26,5,21,1,Rutherford,2022-02-11
6,1,5,1,Rutherford,2022-02-12
26,12,14,1,Rutherford,2022-02-14
16,5,11,1,Rutherford,2022-02-17
12,3,9,1,Rutherford,2022-02-18
10,2,8,1,Rutherford,2022-02-19
7,3,4,1,Rutherford,2022-02-23
14,4,10,1,Rutherford,2022-02-24
9,3,6,1,Rutherford,2022-03-01
0,0,0,1,Rutherford,2022-03-15
4,1,3,1,Rutherford,2022-04-26
6,0,6,1,Rutherford,2022-05-02
11,6,5,1,Sampson,2021-11-09
4,1,3,1,Sampson,2021-11-12
5,1,4,1,Sampson,2021-12-04
11,6,5,1,Sampson,2021-12-10
31,17,14,1,Sampson,2021-12-13
20,15,5,1,Sampson,2021-12-21
276,141,135,1,Sampson,2022-01-04
264,94,170,1,Sampson,2022-01-05
98,35,63,1,Sampson,2022-01-08
257,70,187,1,Sampson,2022-01-17
414,92,322,1,Sampson,2022-01-18
279,76,203,1,Sampson,2022-01-19
268,95,173,1,Sampson,2022-01-20
228,97,131,1,Sampson,2022-01-24
192,73,119,1,Sampson,2022-01-25
15,6,9,1,Sampson,2022-01-29
24,10,14,1,Sampson,2022-01-30
59,18,41,1,Sampson,2022-02-02
51,19,32,1,Sampson,2022-02-03
14,6,8,1,Sampson,2022-02-05
55,23,32,1,Sampson,2022-02-07
28,11,17,1,Sampson,2022-02-11
7,4,3,1,Sampson,2022-02-13
35,14,21,1,Sampson,2022-02-14
20,6,14,1,Sampson,2022-02-17
13,8,5,1,Sampson,2022-02-24
9,4,5,1,Sampson,2022-03-03
2,2,0,1,Sampson,2022-03-06
4,1,3,1,Sampson,2022-03-07
3,1,2,1,Sampson,2022-03-21
0,0,0,1,Sampson,2022-04-09
2,0,2,1,Scotland,2021-11-12
17,7,10,1,Scotland,2021-12-13
86,21,65,1,Scotland,2021-12-29
148,41,107,1,Scotland,2022-01-07
16,5,11,1,Scotland,2022-01-16
133,37,96,1,Scotland,2022-01-19
24,6,18,1,Scotland,2022-01-21
8,2,6,1,Scotland,2022-01-22
38,11,27,1,Scotland,2022-01-28
5,3,2,1,Scotland,2022-01-29
12,7,5,1,Scotland,2022-01-30
25,15,10,1,Scotland,2022-02-02
19,6,13,1,Scotland,2022-02-04
8,3,5,1,Scotland,2022-02-06
11,5,6,1,Scotland,2022-02-10
5,2,3,1,Scotland,2022-02-12
19,5,14,1,Scotland,2022-02-14
18,4,14,1,Stanly,2021-11-12
19,2,17,1,Stanly,2021-11-17
18,4,14,1,Stanly,2021-11-18
19,1,18,1,Stanly,2021-11-23
20,2,18,1,Stanly,2021-11-24
10,0,10,1,Stanly,2021-11-27
37,2,35,1,Stanly,2021-12-08
23,8,15,1,Stanly,2021-12-10
37,5,32,1,Stanly,2021-12-14
28,3,25,1,Stanly,2021-12-15
37,3,34,1,Stanly,2021-12-17
60,22,38,1,Stanly,2021-12-31
59,21,38,1,Stanly,2022-01-02
172,52,120,1,Stanly,2022-01-04
214,64,150,1,Stanly,2022-01-05
187,63,124,1,Stanly,2022-01-07
62,17,45,1,Stanly,2022-01-08
387,108,279,1,Stanly,2022-01-10
291,53,238,1,Stanly,2022-01-19
134,21,113,1,Stanly,2022-01-21
32,5,27,1,Stanly,2022-01-22
252,48,204,1,Stanly,2022-01-24
156,30,126,1,Stanly,2022-01-25
181,31,150,1,Stanly,2022-01-26
114,9,105,1,Stanly,2022-01-27
42,23,19,1,Stanly,2022-01-30
45,3,42,1,Stanly,2022-02-02
17,2,15,1,Stanly,2022-02-05
43,1,42,1,Stanly,2022-02-08
45,3,42,1,Stanly,2022-02-09
37,2,35,1,Stanly,2022-02-10
35,2,33,1,Stanly,2022-02-11
22,1,21,1,Stanly,2022-02-15
12,4,8,1,Stanly,2022-02-17
4,0,4,1,Stanly,2022-02-19
0,0,0,1,Stanly,2022-02-27
3,0,3,1,Stanly,2022-02-28
3,0,3,1,Stanly,2022-03-03
2,0,2,1,Stanly,2022-03-05
2,0,2,1,Stanly,2022-03-15
1,0,1,1,Stanly,2022-03-23
0,0,0,1,Stanly,2022-03-24
1,0,1,1,Stanly,2022-03-29
3,0,3,1,Stanly,2022-03-30
15,2,13,1,Stokes,2021-11-09
15,4,11,1,Stokes,2021-11-11
17,3,14,1,Stokes,2021-11-26
32,2,30,1,Stokes,2021-12-13
36,5,31,1,Stokes,2021-12-22
126,23,103,1,Stokes,2022-01-04
112,33,79,1,Stokes,2022-01-05
48,8,40,1,Stokes,2022-01-08
186,50,136,1,Stokes,2022-01-10
154,25,129,1,Stokes,2022-01-12
107,28,79,1,Stokes,2022-01-14
73,10,63,1,Stokes,2022-01-15
30,13,17,1,Stokes,2022-01-17
90,19,71,1,Stokes,2022-01-21
84,16,68,1,Stokes,2022-01-26
63,4,59,1,Stokes,2022-01-28
12,3,9,1,Stokes,2022-01-30
36,6,30,1,Stokes,2022-02-04
38,6,32,1,Stokes,2022-02-07
23,3,20,1,Stokes,2022-02-11
26,2,24,1,Stokes,2022-02-15
13,2,11,1,Stokes,2022-02-16
20,3,17,1,Stokes,2022-02-21
20,4,16,1,Stokes,2022-02-22
13,2,11,1,Stokes,2022-02-24
6,1,5,1,Stokes,2022-03-01
5,4,1,1,Stokes,2022-03-03
3,0,3,1,Stokes,2022-03-11
0,0,0,1,Stokes,2022-04-10
13,5,8,1,Surry,2021-11-20
6,2,4,1,Surry,2021-11-25
29,5,24,1,Surry,2021-11-26
14,4,10,1,Surry,2021-11-27
53,19,34,1,Surry,2021-11-29
32,16,16,1,Surry,2021-12-01
57,25,32,1,Surry,2021-12-08
47,21,26,1,Surry,2021-12-10
61,25,36,1,Surry,2021-12-13
34,11,23,1,Surry,2021-12-14
42,20,22,1,Surry,2021-12-15
46,14,32,1,Surry,2021-12-17
27,8,19,1,Surry,2021-12-19
72,26,46,1,Surry,2021-12-20
57,22,35,1,Surry,2021-12-21
62,23,39,1,Surry,2021-12-22
121,34,87,1,Surry,2021-12-28
149,55,94,1,Surry,2021-12-30
54,27,27,1,Surry,2022-01-01
160,60,100,1,Surry,2022-01-06
108,21,87,1,Surry,2022-01-09
254,72,182,1,Surry,2022-01-13
102,50,52,1,Surry,2022-01-17
208,67,141,1,Surry,2022-01-18
243,64,179,1,Surry,2022-01-19
156,56,100,1,Surry,2022-01-21
157,53,104,1,Surry,2022-01-25
133,39,94,1,Surry,2022-01-26
120,45,75,1,Surry,2022-01-27
116,44,72,1,Surry,2022-01-28
38,9,29,1,Surry,2022-02-05
27,9,18,1,Surry,2022-02-18
16,5,11,1,Surry,2022-02-20
15,7,8,1,Surry,2022-03-02
4,2,2,1,Surry,2022-03-10
3,2,1,1,Surry,2022-03-11
0,0,0,1,Surry,2022-03-19
2,0,2,1,Surry,2022-03-20
2,2,0,1,Surry,2022-03-22
0,0,0,1,Swain,2021-11-11
1,0,1,1,Swain,2021-12-11
22,11,11,1,Swain,2021-12-27
17,12,5,1,Swain,2022-01-01
17,10,7,1,Swain,2022-01-08
35,8,27,1,Swain,2022-01-14
17,7,10,1,Swain,2022-01-28
13,6,7,1,Swain,2022-01-30
6,2,4,1,Swain,2022-02-06
1,0,1,1,Swain,2022-03-07
0,0,0,1,Swain,2022-03-08
3,2,1,1,Transylvania,2021-11-16
19,11,8,1,Transylvania,2021-12-17
36,15,21,1,Transylvania,2021-12-30
23,17,6,1,Transylvania,2022-01-02
41,18,23,1,Transylvania,2022-01-06
42,15,27,1,Transylvania,2022-01-07
64,28,36,1,Transylvania,2022-01-12
53,15,38,1,Transylvania,2022-01-13
15,7,8,1,Transylvania,2022-01-17
36,22,14,1,Transylvania,2022-01-18
40,13,27,1,Transylvania,2022-01-19
23,14,9,1,Transylvania,2022-01-22
13,6,7,1,Transylvania,2022-02-08
8,5,3,1,Transylvania,2022-02-17
0,0,0,1,Transylvania,2022-02-27
2,0,2,1,Transylvania,2022-03-02
3,2,1,1,Transylvania,2022-03-03
0,0,0,1,Transylvania,2022-03-21
1,0,1,1,Tyrrell,2022-02-09
70,18,52,1,Union,2021-11-17
45,8,37,1,Union,2021-11-21
83,32,51,1,Union,2021-11-22
8,2,6,1,Union,2021-11-25
46,9,37,1,Union,2021-11-27
118,30,88,1,Union,2021-12-01
97,19,78,1,Union,2021-12-02
57,11,46,1,Union,2021-12-04
106,14,92,1,Union,2021-12-06
51,6,45,1,Union,2021-12-12
118,29,89,1,Union,2021-12-13
105,30,75,1,Union,2021-12-15
90,18,72,1,Union,2021-12-16
68,10,58,1,Union,2021-12-19
172,25,147,1,Union,2021-12-21
108,11,97,1,Union,2021-12-24
127,18,109,1,Union,2021-12-26
375,71,304,1,Union,2021-12-27
535,112,423,1,Union,2021-12-30
674,123,551,1,Union,2022-01-05
387,84,303,1,Union,2022-01-08
985,217,768,1,Union,2022-01-10
895,193,702,1,Union,2022-01-18
226,64,162,1,Union,2022-01-23
483,96,387,1,Union,2022-01-25
413,99,314,1,Union,2022-01-26
255,52,203,1,Union,2022-02-01
92,17,75,1,Union,2022-02-05
73,26,47,1,Union,2022-02-15
61,12,49,1,Union,2022-02-17
35,11,24,1,Union,2022-02-19
32,10,22,1,Union,2022-02-22
17,4,13,1,Union,2022-02-24
14,4,10,1,Union,2022-02-26
12,4,8,1,Union,2022-02-27
23,5,18,1,Union,2022-03-02
9,2,7,1,Union,2022-03-05
9,2,7,1,Union,2022-03-07
14,5,9,1,Union,2022-03-08
7,0,7,1,Union,2022-03-09
3,1,2,1,Union,2022-03-13
9,1,8,1,Union,2022-03-31
18,4,14,1,Union,2022-04-15
10,0,10,1,Union,2022-04-17
134,24,110,1,Vance,2022-01-04
181,25,156,1,Vance,2022-01-05
125,25,100,1,Vance,2022-01-06
158,10,148,1,Vance,2022-01-13
119,15,104,1,Vance,2022-01-20
35,4,31,1,Vance,2022-01-23
92,10,82,1,Vance,2022-01-25
26,1,25,1,Vance,2022-02-03
25,3,22,1,Vance,2022-02-04
9,2,7,1,Vance,2022-02-15
1,0,1,1,Vance,2022-03-14
4,2,2,1,Vance,2022-04-11
154,11,143,1,Wake,2021-11-09
198,21,177,1,Wake,2021-11-10
115,25,90,1,Wake,2021-11-11
227,18,209,1,Wake,2021-11-17
217,18,199,1,Wake,2021-11-18
316,29,287,1,Wake,2021-11-22
197,19,178,1,Wake,2021-11-24
365,37,328,1,Wake,2021-12-08
297,25,272,1,Wake,2021-12-09
429,45,384,1,Wake,2021-12-14
510,50,460,1,Wake,2021-12-17
1039,103,936,1,Wake,2021-12-21
1431,123,1308,1,Wake,2021-12-23
1825,71,1754,1,Wake,2022-01-01
5114,351,4763,1,Wake,2022-01-03
4873,199,4674,1,Wake,2022-01-07
1313,116,1197,1,Wake,2022-01-09
6499,352,6147,1,Wake,2022-01-10
1456,122,1334,1,Wake,2022-02-01
610,51,559,1,Wake,2022-02-14
99,14,85,1,Wake,2022-03-04
61,8,53,1,Wake,2022-03-12
28,7,21,1,Wake,2022-03-13
68,7,61,1,Wake,2022-03-15
80,5,75,1,Wake,2022-03-16
31,3,28,1,Wake,2022-03-19
91,14,77,1,Wake,2022-03-24
77,5,72,1,Wake,2022-03-25
100,9,91,1,Wake,2022-03-30
88,13,75,1,Wake,2022-03-31
58,2,56,1,Wake,2022-04-02
244,18,226,1,Wake,2022-04-14
190,37,153,1,Wake,2022-04-24
381,42,339,1,Wake,2022-04-28
571,68,503,1,Wake,2022-05-05
1,0,1,1,Warren,2021-12-02
6,3,3,1,Warren,2021-12-03
7,1,6,1,Warren,2021-12-16
83,20,63,1,Warren,2022-01-10
21,6,15,1,Warren,2022-01-27
26,4,22,1,Warren,2022-01-28
2,0,2,1,Warren,2022-02-12
2,1,1,1,Warren,2022-02-13
0,0,0,1,Washington,2021-12-04
2,0,2,1,Washington,2021-12-26
44,7,37,1,Washington,2022-01-17
18,13,5,1,Washington,2022-01-28
24,11,13,1,Washington,2022-01-31
18,7,11,1,Washington,2022-02-02
4,1,3,1,Washington,2022-02-05
4,0,4,1,Washington,2022-02-06
8,3,5,1,Washington,2022-02-11
0,0,0,1,Washington,2022-02-19
1,0,1,1,Washington,2022-02-21
2,0,2,1,Washington,2022-03-01
3,0,3,1,Watauga,2021-12-04
20,8,12,1,Watauga,2021-12-07
73,42,31,1,Watauga,2022-01-07
197,65,132,1,Watauga,2022-01-11
147,53,94,1,Watauga,2022-01-13
160,70,90,1,Watauga,2022-01-21
101,40,61,1,Watauga,2022-02-02
90,52,38,1,Watauga,2022-02-07
41,20,21,1,Watauga,2022-02-10
18,10,8,1,Watauga,2022-02-23
14,6,8,1,Watauga,2022-03-01
9,1,8,1,Watauga,2022-03-04
6,4,2,1,Watauga,2022-03-06
3,2,1,1,Watauga,2022-03-13
5,2,3,1,Watauga,2022-03-28
27,15,12,1,Wayne,2021-11-17
32,20,12,1,Wayne,2021-11-22
17,12,5,1,Wayne,2021-11-24
21,6,15,1,Wayne,2021-12-02
39,24,15,1,Wayne,2021-12-03
32,18,14,1,Wayne,2021-12-08
31,18,13,1,Wayne,2021-12-16
28,18,10,1,Wayne,2021-12-17
33,15,18,1,Wayne,2021-12-24
11,3,8,1,Wayne,2021-12-25
117,58,59,1,Wayne,2021-12-27
113,51,62,1,Wayne,2021-12-31
334,126,208,1,Wayne,2022-01-03
407,221,186,1,Wayne,2022-01-05
162,43,119,1,Wayne,2022-01-09
630,290,340,1,Wayne,2022-01-12
485,215,270,1,Wayne,2022-01-13
559,281,278,1,Wayne,2022-01-14
419,204,215,1,Wayne,2022-01-17
102,14,88,1,Wayne,2022-01-23
42,1,41,1,Wayne,2022-01-29
152,70,82,1,Wayne,2022-02-01
107,55,52,1,Wayne,2022-02-02
31,7,24,1,Wayne,2022-02-05
32,4,28,1,Wayne,2022-02-06
50,22,28,1,Wayne,2022-02-09
53,17,36,1,Wayne,2022-02-11
53,30,23,1,Wayne,2022-02-14
43,23,20,1,Wayne,2022-02-15
36,23,13,1,Wayne,2022-02-16
5,1,4,1,Wayne,2022-02-20
8,4,4,1,Wayne,2022-02-24
10,7,3,1,Wayne,2022-03-02
3,1,2,1,Wayne,2022-03-06
18,8,10,1,Wayne,2022-03-07
8,4,4,1,Wayne,2022-03-09
7,4,3,1,Wayne,2022-03-10
8,3,5,1,Wayne,2022-03-15
3,2,1,1,Wayne,2022-03-21
3,2,1,1,Wayne,2022-03-25
7,2,5,1,Wayne,2022-04-24
6,1,5,1,Wilkes,2021-11-25
18,10,8,1,Wilkes,2021-11-26
13,9,4,1,Wilkes,2021-11-27
31,13,18,1,Wilkes,2021-12-01
43,12,31,1,Wilkes,2021-12-06
12,7,5,1,Wilkes,2021-12-12
25,5,20,1,Wilkes,2021-12-14
39,19,20,1,Wilkes,2021-12-21
39,10,29,1,Wilkes,2021-12-22
48,16,32,1,Wilkes,2021-12-23
28,15,13,1,Wilkes,2021-12-26
63,41,22,1,Wilkes,2022-01-02
94,32,62,1,Wilkes,2022-01-08
63,35,28,1,Wilkes,2022-01-09
230,75,155,1,Wilkes,2022-01-12
50,7,43,1,Wilkes,2022-01-17
180,61,119,1,Wilkes,2022-01-21
91,29,62,1,Wilkes,2022-01-22
130,30,100,1,Wilkes,2022-01-26
111,54,57,1,Wilkes,2022-01-28
48,19,29,1,Wilkes,2022-01-29
110,42,68,1,Wilkes,2022-02-01
30,22,8,1,Wilkes,2022-02-06
99,69,30,1,Wilkes,2022-02-08
64,24,40,1,Wilkes,2022-02-09
20,5,15,1,Wilkes,2022-02-12
26,12,14,1,Wilkes,2022-02-23
28,9,19,1,Wilkes,2022-02-28
10,1,9,1,Wilkes,2022-03-07
2,0,2,1,Wilkes,2022-03-15
2,1,1,1,Wilkes,2022-03-16
0,0,0,1,Wilkes,2022-04-15
5,1,4,1,Wilson,2021-11-11
13,4,9,1,Wilson,2021-11-12
12,1,11,1,Wilson,2021-11-16
14,7,7,1,Wilson,2021-11-17
17,6,11,1,Wilson,2021-11-19
19,3,16,1,Wilson,2021-12-01
38,8,30,1,Wilson,2021-12-22
29,10,19,1,Wilson,2021-12-23
185,52,133,1,Wilson,2021-12-28
249,46,203,1,Wilson,2021-12-30
415,66,349,1,Wilson,2022-01-05
348,64,284,1,Wilson,2022-01-06
93,37,56,1,Wilson,2022-01-09
303,71,232,1,Wilson,2022-01-11
301,65,236,1,Wilson,2022-01-13
278,59,219,1,Wilson,2022-01-14
81,18,63,1,Wilson,2022-01-15
52,10,42,1,Wilson,2022-01-21
60,19,41,1,Wilson,2022-01-23
258,80,178,1,Wilson,2022-01-24
73,12,61,1,Wilson,2022-02-02
16,6,10,1,Wilson,2022-02-05
20,3,17,1,Wilson,2022-02-06
16,1,15,1,Wilson,2022-02-11
26,6,20,1,Wilson,2022-02-14
30,5,25,1,Wilson,2022-02-15
12,2,10,1,Wilson,2022-02-18
9,6,3,1,Wilson,2022-02-24
7,0,7,1,Wilson,2022-02-25
3,0,3,1,Wilson,2022-02-26
0,0,0,1,Wilson,2022-03-05
6,4,2,1,Wilson,2022-03-07
1,1,0,1,Wilson,2022-03-13
3,1,2,1,Wilson,2022-03-19
0,0,0,1,Wilson,2022-03-20
1,0,1,1,Wilson,2022-03-28
6,2,4,1,Yadkin,2021-11-11
36,12,24,1,Yadkin,2021-12-09
14,5,9,1,Yadkin,2021-12-11
45,17,28,1,Yadkin,2021-12-20
45,13,32,1,Yadkin,2021-12-23
34,17,17,1,Yadkin,2021-12-26
99,36,63,1,Yadkin,2021-12-27
113,33,80,1,Yadkin,2021-12-30
149,16,133,1,Yadkin,2022-01-12
28,6,22,1,Yadkin,2022-01-17
154,42,112,1,Yadkin,2022-01-20
48,19,29,1,Yadkin,2022-01-23
113,27,86,1,Yadkin,2022-01-25
60,17,43,1,Yadkin,2022-01-27
44,11,33,1,Yadkin,2022-01-28
55,17,38,1,Yadkin,2022-01-31
21,9,12,1,Yadkin,2022-02-14
20,1,19,1,Yadkin,2022-02-15
11,2,9,1,Yadkin,2022-02-21
3,0,3,1,Yadkin,2022-03-08
1,1,0,1,Yadkin,2022-03-10
1,1,0,1,Yadkin,2022-03-14
2,1,1,1,Yadkin,2022-03-16
3,0,3,1,Yadkin,2022-04-01
4,2,2,1,Yancey,2021-11-21
19,8,11,1,Yancey,2021-11-29
8,5,3,1,Yancey,2021-11-30
19,14,5,1,Yancey,2021-12-22
12,10,2,1,Yancey,2021-12-24
12,8,4,1,Yancey,2021-12-31
16,7,9,1,Yancey,2022-01-01
34,20,14,1,Yancey,2022-01-04
77,14,63,1,Yancey,2022-01-05
4,2,2,1,Yancey,2022-01-09
86,33,53,1,Yancey,2022-01-10
50,16,34,1,Yancey,2022-01-14
7,6,1,1,Yancey,2022-01-16
89,21,68,1,Yancey,2022-01-19
44,12,32,1,Yancey,2022-01-21
73,22,51,1,Yancey,2022-01-24
35,19,16,1,Yancey,2022-01-25
26,11,15,1,Yancey,2022-01-27
9,6,3,1,Yancey,2022-02-12
47,2,45,2,Alamance,2021-11-17
60,8,52,2,Alamance,2021-11-18
37,4,33,2,Alamance,2021-12-18
667,73,594,2,Alamance,2022-01-06
631,80,551,2,Alamance,2022-01-07
861,87,774,2,Alamance,2022-01-10
29,3,26,2,Alamance,2022-01-16
269,34,235,2,Alamance,2022-01-21
319,31,288,2,Alamance,2022-01-26
86,9,77,2,Alamance,2022-01-29
165,28,137,2,Alamance,2022-02-01
82,9,73,2,Alamance,2022-02-11
69,4,65,2,Alamance,2022-02-16
46,7,39,2,Alamance,2022-02-17
36,5,31,2,Alamance,2022-02-19
111,24,87,2,Alexander,2022-01-24
5,1,4,2,Alexander,2022-02-26
30,13,17,2,Alleghany,2022-02-01
71,17,54,2,Ashe,2022-01-25
213,28,185,2,Beaufort,2022-01-14
117,42,75,2,Beaufort,2022-01-17
111,20,91,2,Beaufort,2022-01-25
46,2,44,2,Bertie,2022-01-07
10,0,10,2,Bertie,2022-01-29
118,43,75,2,Bladen,2022-01-17
73,22,51,2,Bladen,2022-01-26
15,3,12,2,Bladen,2022-02-17
438,61,377,2,Brunswick,2022-01-12
165,24,141,2,Brunswick,2022-01-15
398,65,333,2,Brunswick,2022-01-20
120,17,103,2,Brunswick,2022-01-23
183,23,160,2,Brunswick,2022-02-01
142,15,127,2,Brunswick,2022-02-03
93,15,78,2,Brunswick,2022-02-08
36,4,32,2,Brunswick,2022-02-21
16,3,13,2,Brunswick,2022-03-01
2,0,2,2,Brunswick,2022-03-06
22,3,19,2,Brunswick,2022-03-07
81,21,60,2,Buncombe,2021-11-23
141,27,114,2,Buncombe,2021-12-20
39,7,32,2,Buncombe,2021-12-25
619,169,450,2,Buncombe,2022-01-06
842,289,553,2,Buncombe,2022-01-10
53,7,46,2,Buncombe,2022-01-16
460,114,346,2,Buncombe,2022-01-21
279,76,203,2,Buncombe,2022-01-28
98,21,77,2,Buncombe,2022-01-29
137,24,113,2,Buncombe,2022-01-30
43,10,33,2,Buncombe,2022-02-19
69,26,43,2,Buncombe,2022-02-23
26,4,22,2,Buncombe,2022-03-07
36,6,30,2,Buncombe,2022-05-01
113,55,58,2,Buncombe,2022-05-03
23,8,15,2,Burke,2021-12-14
127,31,96,2,Burke,2021-12-29
226,66,160,2,Burke,2022-01-04
469,164,305,2,Burke,2022-01-10
349,108,241,2,Burke,2022-01-14
137,35,102,2,Burke,2022-01-28
92,31,61,2,Burke,2022-02-10
51,16,35,2,Burke,2022-02-11
32,12,20,2,Burke,2022-02-12
30,11,19,2,Burke,2022-02-17
12,2,10,2,Burke,2022-03-08
37,9,28,2,Cabarrus,2021-11-09
95,27,68,2,Cabarrus,2021-12-13
58,6,52,2,Cabarrus,2021-12-25
646,129,517,2,Cabarrus,2022-01-05
727,173,554,2,Cabarrus,2022-01-11
305,88,217,2,Cabarrus,2022-01-17
611,131,480,2,Cabarrus,2022-01-20
227,67,160,2,Cabarrus,2022-01-23
237,62,175,2,Cabarrus,2022-02-01
97,20,77,2,Cabarrus,2022-02-05
102,30,72,2,Cabarrus,2022-02-10
46,11,35,2,Cabarrus,2022-02-12
15,2,13,2,Cabarrus,2022-02-26
19,5,14,2,Cabarrus,2022-03-01
13,4,9,2,Caldwell,2021-11-18
44,9,35,2,Caldwell,2021-12-26
360,77,283,2,Caldwell,2022-01-11
264,54,210,2,Caldwell,2022-01-14
23,3,20,2,Caldwell,2022-01-16
120,18,102,2,Caldwell,2022-01-22
99,24,75,2,Caldwell,2022-01-28
78,14,64,2,Caldwell,2022-02-04
40,3,37,2,Caldwell,2022-02-06
54,12,42,2,Caldwell,2022-02-14
13,3,10,2,Caldwell,2022-02-23
195,85,110,2,Carteret,2022-01-13
118,57,61,2,Carteret,2022-01-31
24,14,10,2,Carteret,2022-02-16
1,1,0,2,Carteret,2022-03-16
32,3,29,2,Caswell,2022-02-03
38,18,20,2,Catawba,2021-11-19
20,2,18,2,Catawba,2021-11-20
39,10,29,2,Catawba,2021-11-27
50,20,30,2,Catawba,2021-12-10
108,36,72,2,Catawba,2021-12-22
129,27,102,2,Catawba,2021-12-23
185,35,150,2,Catawba,2022-01-02
527,199,328,2,Catawba,2022-01-05
686,236,450,2,Catawba,2022-01-13
282,110,172,2,Catawba,2022-01-15
169,53,116,2,Catawba,2022-01-17
724,274,450,2,Catawba,2022-01-19
605,228,377,2,Catawba,2022-01-20
452,178,274,2,Catawba,2022-01-21
352,139,213,2,Catawba,2022-01-26
318,109,209,2,Catawba,2022-01-27
244,110,134,2,Catawba,2022-02-01
179,65,114,2,Catawba,2022-02-07
45,20,25,2,Catawba,2022-02-12
79,37,42,2,Catawba,2022-02-16
34,9,25,2,Catawba,2022-02-23
30,16,14,2,Catawba,2022-02-24
10,2,8,2,Catawba,2022-02-26
11,7,4,2,Catawba,2022-03-08
6,5,1,2,Catawba,2022-03-23
2,0,2,2,Catawba,2022-03-27
47,7,40,2,Cherokee,2022-01-05
29,1,28,2,Cherokee,2022-02-04
57,6,51,2,Cleveland,2021-12-14
55,9,46,2,Cleveland,2021-12-20
339,54,285,2,Cleveland,2022-01-14
386,69,317,2,Cleveland,2022-01-19
332,51,281,2,Cleveland,2022-01-24
81,14,67,2,Cleveland,2022-02-04
62,8,54,2,Cleveland,2022-02-05
57,10,47,2,Cleveland,2022-02-11
19,8,11,2,Cleveland,2022-02-22
326,156,170,2,Columbus,2022-01-12
326,116,210,2,Columbus,2022-01-18
187,64,123,2,Columbus,2022-01-20
266,107,159,2,Columbus,2022-01-24
25,16,9,2,Columbus,2022-02-14
130,42,88,2,Craven,2022-01-15
328,129,199,2,Craven,2022-01-17
520,149,371,2,Craven,2022-01-18
36,3,33,2,Craven,2022-01-22
397,99,298,2,Craven,2022-01-24
163,36,127,2,Craven,2022-01-28
146,40,106,2,Craven,2022-02-01
124,23,101,2,Craven,2022-02-02
109,33,76,2,Craven,2022-02-03
63,14,49,2,Craven,2022-02-14
41,14,27,2,Craven,2022-02-17
62,13,49,2,Cumberland,2021-11-16
53,2,51,2,Cumberland,2021-11-18
63,8,55,2,Cumberland,2021-12-04
60,12,48,2,Cumberland,2021-12-05
1266,119,1147,2,Cumberland,2022-01-05
1025,125,900,2,Cumberland,2022-01-06
1115,180,935,2,Cumberland,2022-01-13
469,54,415,2,Cumberland,2022-01-15
195,21,174,2,Cumberland,2022-01-16
986,120,866,2,Cumberland,2022-01-17
1462,127,1335,2,Cumberland,2022-01-19
1030,73,957,2,Cumberland,2022-01-25
724,58,666,2,Cumberland,2022-01-26
622,82,540,2,Cumberland,2022-01-28
209,21,188,2,Cumberland,2022-01-29
379,51,328,2,Cumberland,2022-02-03
367,46,321,2,Cumberland,2022-02-04
305,63,242,2,Cumberland,2022-02-07
151,30,121,2,Cumberland,2022-02-11
140,17,123,2,Cumberland,2022-02-16
120,26,94,2,Cumberland,2022-02-17
110,10,100,2,Cumberland,2022-02-18
26,8,18,2,Cumberland,2022-02-20
73,14,59,2,Cumberland,2022-02-23
8,1,7,2,Dare,2021-12-04
7,0,7,2,Dare,2022-02-20
46,7,39,2,Davidson,2021-11-15
29,2,27,2,Davidson,2021-11-27
53,4,49,2,Davidson,2021-12-05
108,16,92,2,Davidson,2021-12-06
66,6,60,2,Davidson,2021-12-09
54,6,48,2,Davidson,2021-12-24
28,2,26,2,Davidson,2021-12-25
480,69,411,2,Davidson,2022-01-05
643,86,557,2,Davidson,2022-01-12
656,116,540,2,Davidson,2022-01-13
29,4,25,2,Davidson,2022-01-16
147,20,127,2,Davidson,2022-01-17
97,16,81,2,Davidson,2022-01-22
150,23,127,2,Davidson,2022-01-23
258,34,224,2,Davidson,2022-01-31
163,27,136,2,Davidson,2022-02-02
129,28,101,2,Davidson,2022-02-07
98,11,87,2,Davidson,2022-02-08
15,4,11,2,Davidson,2022-03-02
93,20,73,2,Davie,2022-01-31
170,60,110,2,Duplin,2022-01-25
99,52,47,2,Duplin,2022-01-28
9,2,7,2,Duplin,2022-02-05
3,1,2,2,Duplin,2022-03-08
22,2,20,2,Durham,2021-11-20
1067,45,1022,2,Durham,2022-01-07
1359,81,1278,2,Durham,2022-01-11
952,66,886,2,Durham,2022-01-14
657,21,636,2,Durham,2022-01-15
900,39,861,2,Durham,2022-01-20
640,43,597,2,Durham,2022-01-26
338,30,308,2,Durham,2022-01-28
176,13,163,2,Durham,2022-02-08
30,1,29,2,Durham,2022-03-21
66,6,60,2,Durham,2022-04-05
182,10,172,2,Edgecombe,2022-01-12
164,10,154,2,Edgecombe,2022-01-14
216,7,209,2,Edgecombe,2022-01-18
43,1,42,2,Edgecombe,2022-01-28
70,9,61,2,Forsyth,2021-11-09
119,10,109,2,Forsyth,2021-11-15
29,2,27,2,Forsyth,2021-11-25
144,25,119,2,Forsyth,2021-12-02
78,11,67,2,Forsyth,2021-12-05
261,30,231,2,Forsyth,2021-12-21
1297,128,1169,2,Forsyth,2022-01-05
1175,119,1056,2,Forsyth,2022-01-06
427,34,393,2,Forsyth,2022-01-09
1514,126,1388,2,Forsyth,2022-01-11
271,55,216,2,Forsyth,2022-01-17
695,73,622,2,Forsyth,2022-01-26
188,19,169,2,Forsyth,2022-01-29
146,13,133,2,Forsyth,2022-02-05
156,25,131,2,Forsyth,2022-02-14
122,24,98,2,Forsyth,2022-02-15
36,6,30,2,Forsyth,2022-02-25
24,1,23,2,Forsyth,2022-02-26
36,5,31,2,Forsyth,2022-03-03
17,3,14,2,Forsyth,2022-03-04
23,2,21,2,Forsyth,2022-03-21
361,27,334,2,Franklin,2022-01-24
57,16,41,2,Gaston,2021-12-04
89,17,72,2,Gaston,2021-12-10
66,15,51,2,Gaston,2021-12-11
121,25,96,2,Gaston,2021-12-15
113,24,89,2,Gaston,2021-12-16
87,27,60,2,Gaston,2021-12-24
584,95,489,2,Gaston,2021-12-30
740,96,644,2,Gaston,2022-01-04
555,84,471,2,Gaston,2022-01-07
913,151,762,2,Gaston,2022-01-10
689,135,554,2,Gaston,2022-01-14
713,141,572,2,Gaston,2022-01-20
525,103,422,2,Gaston,2022-01-21
451,98,353,2,Gaston,2022-01-26
154,31,123,2,Gaston,2022-01-30
358,86,272,2,Gaston,2022-01-31
216,43,173,2,Gaston,2022-02-03
92,19,73,2,Gaston,2022-02-06
51,9,42,2,Gaston,2022-02-13
116,38,78,2,Gaston,2022-02-14
77,13,64,2,Gaston,2022-02-17
18,7,11,2,Gaston,2022-03-01
21,5,16,2,Gaston,2022-03-02
114,10,104,2,Granville,2022-01-25
0,0,0,2,Greene,2022-03-15
83,12,71,2,Guilford,2021-11-10
104,24,80,2,Guilford,2021-11-16
79,11,68,2,Guilford,2021-11-27
168,31,137,2,Guilford,2021-12-02
412,62,350,2,Guilford,2021-12-22
198,43,155,2,Guilford,2021-12-24
394,41,353,2,Guilford,2021-12-26
1244,205,1039,2,Guilford,2021-12-29
1186,160,1026,2,Guilford,2022-01-03
1701,335,1366,2,Guilford,2022-01-06
212,33,179,2,Guilford,2022-01-29
209,42,167,2,Guilford,2022-02-09
105,14,91,2,Guilford,2022-02-12
163,37,126,2,Guilford,2022-02-14
185,36,149,2,Guilford,2022-02-15
47,10,37,2,Guilford,2022-02-25
47,15,32,2,Guilford,2022-03-01
22,5,17,2,Guilford,2022-03-09
7,1,6,2,Guilford,2022-03-13
12,3,9,2,Guilford,2022-03-25
44,10,34,2,Guilford,2022-04-09
89,25,64,2,Guilford,2022-04-13
272,49,223,2,Halifax,2022-01-05
242,23,219,2,Halifax,2022-01-11
203,29,174,2,Halifax,2022-01-14
172,34,138,2,Halifax,2022-01-24
34,8,26,2,Halifax,2022-02-03
29,10,19,2,Halifax,2022-02-04
4,0,4,2,Halifax,2022-02-19
1,0,1,2,Halifax,2022-03-13
16,2,14,2,Harnett,2021-12-04
50,15,35,2,Harnett,2021-12-15
441,90,351,2,Harnett,2022-01-07
539,118,421,2,Harnett,2022-01-14
239,39,200,2,Harnett,2022-01-15
382,97,285,2,Harnett,2022-01-17
497,107,390,2,Harnett,2022-01-24
392,119,273,2,Harnett,2022-01-25
268,54,214,2,Harnett,2022-01-26
177,54,123,2,Harnett,2022-02-01
12,6,6,2,Harnett,2022-04-23
63,19,44,2,Haywood,2021-12-27
134,36,98,2,Haywood,2022-01-05
64,18,46,2,Haywood,2022-02-03
27,10,17,2,Haywood,2022-02-11
22,5,17,2,Haywood,2022-02-15
13,8,5,2,Haywood,2022-02-20
4,1,3,2,Haywood,2022-03-04
12,4,8,2,Haywood,2022-03-07
7,2,5,2,Haywood,2022-03-08
3,1,2,2,Haywood,2022-03-09
43,21,22,2,Henderson,2021-12-03
33,13,20,2,Henderson,2021-12-05
137,18,119,2,Henderson,2021-12-28
184,71,113,2,Henderson,2022-01-03
89,27,62,2,Henderson,2022-01-08
103,37,66,2,Henderson,2022-01-09
277,82,195,2,Henderson,2022-01-13
14,2,12,2,Henderson,2022-01-16
276,100,176,2,Henderson,2022-01-19
78,23,55,2,Henderson,2022-01-22
92,37,55,2,Henderson,2022-01-23
156,50,106,2,Henderson,2022-01-27
137,54,83,2,Henderson,2022-01-28
55,19,36,2,Henderson,2022-01-30
123,40,83,2,Henderson,2022-02-02
22,10,12,2,Henderson,2022-02-13
32,18,14,2,Henderson,2022-02-18
7,2,5,2,Henderson,2022-03-10
127,20,107,2,Hertford,2022-01-05
269,17,252,2,Hoke,2022-01-13
116,19,97,2,Hoke,2022-01-26
50,11,39,2,Hoke,2022-02-03
38,10,28,2,Iredell,2021-11-27
62,19,43,2,Iredell,2021-12-18
64,22,42,2,Iredell,2021-12-19
152,52,100,2,Iredell,2021-12-22
319,108,211,2,Iredell,2021-12-27
192,96,96,2,Iredell,2022-01-02
451,190,261,2,Iredell,2022-01-03
479,168,311,2,Iredell,2022-01-06
633,242,391,2,Iredell,2022-01-10
220,65,155,2,Iredell,2022-01-15
506,159,347,2,Iredell,2022-01-20
334,113,221,2,Iredell,2022-01-21
376,106,270,2,Iredell,2022-01-26
91,21,70,2,Iredell,2022-01-29
101,32,69,2,Iredell,2022-01-30
334,102,232,2,Iredell,2022-01-31
106,45,61,2,Iredell,2022-02-09
37,9,28,2,Iredell,2022-02-12
36,14,22,2,Iredell,2022-02-13
80,30,50,2,Iredell,2022-02-14
43,14,29,2,Iredell,2022-02-18
2,1,1,2,Iredell,2022-03-05
96,27,69,2,Johnston,2021-12-07
204,26,178,2,Johnston,2022-01-02
858,130,728,2,Johnston,2022-01-03
969,159,810,2,Johnston,2022-01-14
852,164,688,2,Johnston,2022-01-17
97,17,80,2,Johnston,2022-01-22
409,59,350,2,Johnston,2022-01-27
330,78,252,2,Johnston,2022-01-28
109,26,83,2,Johnston,2022-02-10
97,24,73,2,Johnston,2022-02-14
88,19,69,2,Johnston,2022-02-15
85,21,64,2,Johnston,2022-02-16
16,3,13,2,Johnston,2022-02-26
24,2,22,2,Johnston,2022-03-01
15,4,11,2,Johnston,2022-03-03
5,3,2,2,Johnston,2022-03-27
20,0,20,2,Lee,2021-12-14
7,1,6,2,Lee,2021-12-25
23,3,20,2,Lee,2022-01-22
25,5,20,2,Lenoir,2021-12-22
105,28,77,2,Lenoir,2022-01-27
100,17,83,2,Lenoir,2022-01-28
33,12,21,2,Lenoir,2022-02-08
6,3,3,2,Lenoir,2022-02-17
9,4,5,2,Lenoir,2022-02-28
4,0,4,2,Lenoir,2022-03-01
45,19,26,2,Lincoln,2021-12-13
306,88,218,2,Lincoln,2022-01-13
286,67,219,2,Lincoln,2022-01-18
185,61,124,2,Lincoln,2022-01-21
45,11,34,2,Lincoln,2022-01-29
163,69,94,2,Lincoln,2022-01-31
78,22,56,2,Lincoln,2022-02-07
49,11,38,2,Lincoln,2022-02-10
1,0,1,2,Lincoln,2022-03-16
9,1,8,2,Macon,2021-11-30
10,1,9,2,Macon,2021-12-16
61,18,43,2,Macon,2022-01-19
16,2,14,2,Macon,2022-02-10
18,0,18,2,Martin,2022-02-03
148,52,96,2,McDowell,2022-01-20
91,28,63,2,McDowell,2022-02-07
60,14,46,2,McDowell,2022-02-08
130,19,111,2,Mecklenburg,2021-11-21
173,17,156,2,Mecklenburg,2021-11-28
364,57,307,2,Mecklenburg,2021-12-02
319,60,259,2,Mecklenburg,2021-12-03
181,29,152,2,Mecklenburg,2021-12-12
459,92,367,2,Mecklenburg,2021-12-14
484,70,414,2,Mecklenburg,2021-12-15
530,72,458,2,Mecklenburg,2021-12-16
635,61,574,2,Mecklenburg,2021-12-17
503,49,454,2,Mecklenburg,2021-12-19
1223,106,1117,2,Mecklenburg,2021-12-20
1420,166,1254,2,Mecklenburg,2021-12-21
367,25,342,2,Mecklenburg,2021-12-25
2941,358,2583,2,Mecklenburg,2021-12-27
3655,649,3006,2,Mecklenburg,2022-01-03
397,69,328,2,Mecklenburg,2022-02-11
361,62,299,2,Mecklenburg,2022-02-14
237,41,196,2,Mecklenburg,2022-02-17
137,28,109,2,Mecklenburg,2022-02-25
82,15,67,2,Mecklenburg,2022-03-03
66,12,54,2,Mecklenburg,2022-03-08
22,4,18,2,Mecklenburg,2022-03-20
10,0,10,2,Montgomery,2022-02-05
316,38,278,2,Moore,2022-01-05
203,23,180,2,Moore,2022-01-09
471,53,418,2,Moore,2022-01-11
26,11,15,2,Moore,2022-01-16
424,62,362,2,Moore,2022-01-19
309,52,257,2,Moore,2022-01-20
26,5,21,2,Moore,2022-01-30
105,18,87,2,Moore,2022-02-02
54,6,48,2,Moore,2022-02-08
48,8,40,2,Moore,2022-02-10
51,15,36,2,Moore,2022-02-11
23,3,20,2,Moore,2022-02-12
46,4,42,2,Nash,2021-12-15
19,1,18,2,Nash,2021-12-19
461,31,430,2,Nash,2022-01-03
605,53,552,2,Nash,2022-01-10
92,7,85,2,Nash,2022-01-15
40,2,38,2,Nash,2022-01-16
388,26,362,2,Nash,2022-01-19
282,34,248,2,Nash,2022-01-24
34,4,30,2,Nash,2022-01-30
82,11,71,2,Nash,2022-02-02
34,3,31,2,Nash,2022-02-10
1,0,1,2,Nash,2022-03-06
88,24,64,2,New Hanover,2022-01-01
689,133,556,2,New Hanover,2022-01-12
872,297,575,2,New Hanover,2022-01-18
300,62,238,2,New Hanover,2022-01-28
113,23,90,2,New Hanover,2022-01-29
249,46,203,2,New Hanover,2022-02-01
208,34,174,2,New Hanover,2022-02-04
66,17,49,2,New Hanover,2022-02-16
20,9,11,2,New Hanover,2022-02-19
53,12,41,2,New Hanover,2022-02-21
18,7,11,2,Northampton,2022-01-27
42,1,41,2,Onslow,2021-12-03
116,10,106,2,Onslow,2021-12-20
573,79,494,2,Onslow,2022-01-07
549,108,441,2,Onslow,2022-01-14
310,9,301,2,Onslow,2022-01-15
756,109,647,2,Onslow,2022-01-20
789,87,702,2,Onslow,2022-01-24
247,35,212,2,Onslow,2022-02-02
46,1,45,2,Onslow,2022-02-05
67,2,65,2,Onslow,2022-02-06
96,13,83,2,Onslow,2022-02-09
147,17,130,2,Onslow,2022-02-10
74,6,68,2,Onslow,2022-02-11
37,4,33,2,Onslow,2022-02-12
32,4,28,2,Onslow,2022-02-13
117,15,102,2,Onslow,2022-02-14
38,5,33,2,Onslow,2022-02-18
54,5,49,2,Onslow,2022-02-22
7,0,7,2,Onslow,2022-02-26
10,4,6,2,Onslow,2022-03-02
550,19,531,2,Orange,2022-01-19
103,20,83,2,Pasquotank,2022-01-18
43,8,35,2,Pasquotank,2022-01-28
19,5,14,2,Pasquotank,2022-02-04
55,6,49,2,Pender,2022-02-04
24,4,20,2,Pender,2022-02-11
0,0,0,2,Perquimans,2021-11-25
73,3,70,2,Person,2022-01-25
30,2,28,2,Pitt,2021-11-16
686,51,635,2,Pitt,2022-01-07
1048,61,987,2,Pitt,2022-01-10
1046,86,960,2,Pitt,2022-01-18
485,39,446,2,Pitt,2022-01-25
48,7,41,2,Pitt,2022-02-05
18,0,18,2,Pitt,2022-02-20
7,1,6,2,Pitt,2022-02-26
77,27,50,2,Randolph,2021-12-14
265,80,185,2,Randolph,2021-12-28
470,94,376,2,Randolph,2022-01-13
405,80,325,2,Randolph,2022-01-14
239,52,187,2,Randolph,2022-01-15
323,108,215,2,Randolph,2022-01-21
396,98,298,2,Randolph,2022-01-24
271,69,202,2,Randolph,2022-01-26
155,39,116,2,Randolph,2022-02-01
83,32,51,2,Randolph,2022-02-04
45,7,38,2,Randolph,2022-02-06
32,9,23,2,Randolph,2022-02-17
16,3,13,2,Randolph,2022-02-20
10,2,8,2,Randolph,2022-03-07
3,0,3,2,Randolph,2022-03-17
3,1,2,2,Randolph,2022-04-08
122,10,112,2,Richmond,2022-01-03
261,57,204,2,Richmond,2022-01-13
148,38,110,2,Richmond,2022-01-20
9,2,7,2,Richmond,2022-01-22
178,47,131,2,Richmond,2022-01-24
14,3,11,2,Richmond,2022-01-29
5,1,4,2,Richmond,2022-02-06
53,22,31,2,Richmond,2022-02-07
55,8,47,2,Robeson,2021-12-10
449,154,295,2,Robeson,2022-01-05
83,58,25,2,Robeson,2022-01-16
87,31,56,2,Robeson,2022-01-21
166,57,109,2,Robeson,2022-01-28
111,50,61,2,Robeson,2022-02-07
74,18,56,2,Robeson,2022-02-08
44,15,29,2,Robeson,2022-02-11
32,9,23,2,Robeson,2022-02-17
23,9,14,2,Robeson,2022-02-18
28,16,12,2,Robeson,2022-02-21
16,7,9,2,Robeson,2022-02-23
12,6,6,2,Robeson,2022-02-25
3,0,3,2,Robeson,2022-03-13
9,1,8,2,Rockingham,2021-11-21
43,11,32,2,Rockingham,2021-12-13
11,0,11,2,Rockingham,2021-12-25
200,38,162,2,Rockingham,2021-12-29
277,54,223,2,Rockingham,2022-01-06
332,27,305,2,Rockingham,2022-01-11
208,21,187,2,Rockingham,2022-01-21
129,8,121,2,Rockingham,2022-01-31
72,8,64,2,Rockingham,2022-02-02
61,4,57,2,Rockingham,2022-02-04
15,1,14,2,Rockingham,2022-02-25
13,0,13,2,Rockingham,2022-03-02
2,0,2,2,Rockingham,2022-03-09
27,4,23,2,Rowan,2021-11-11
37,11,26,2,Rowan,2021-11-15
36,2,34,2,Rowan,2021-11-19
49,2,47,2,Rowan,2021-11-22
70,7,63,2,Rowan,2021-12-08
49,8,41,2,Rowan,2021-12-09
64,9,55,2,Rowan,2021-12-13
65,4,61,2,Rowan,2021-12-15
52,6,46,2,Rowan,2021-12-17
359,88,271,2,Rowan,2022-01-03
161,29,132,2,Rowan,2022-01-08
256,38,218,2,Rowan,2022-01-21
477,89,388,2,Rowan,2022-01-24
104,9,95,2,Rowan,2022-02-04
36,6,30,2,Rowan,2022-02-21
12,1,11,2,Rowan,2022-02-24
0,0,0,2,Rowan,2022-03-05
6,2,4,2,Rowan,2022-03-10
12,5,7,2,Rutherford,2021-12-17
23,3,20,2,Rutherford,2021-12-21
37,13,24,2,Rutherford,2022-01-01
13,8,5,2,Rutherford,2022-01-16
194,75,119,2,Rutherford,2022-01-24
200,123,77,2,Rutherford,2022-01-25
89,37,52,2,Rutherford,2022-02-01
73,14,59,2,Rutherford,2022-02-03
9,2,7,2,Rutherford,2022-02-13
4,1,3,2,Rutherford,2022-03-02
156,55,101,2,Sampson,2022-01-26
7,3,4,2,Sampson,2022-02-06
34,10,24,2,Sampson,2022-02-08
28,13,15,2,Sampson,2022-02-16
2,0,2,2,Sampson,2022-02-20
18,7,11,2,Sampson,2022-02-23
78,13,65,2,Scotland,2022-01-09
115,35,80,2,Scotland,2022-01-24
33,8,25,2,Scotland,2022-02-01
213,85,128,2,Stanly,2022-01-03
358,65,293,2,Stanly,2022-01-12
311,67,244,2,Stanly,2022-01-13
266,40,226,2,Stanly,2022-01-14
61,29,32,2,Stanly,2022-01-23
111,16,95,2,Stanly,2022-01-31
52,3,49,2,Stanly,2022-02-04
5,0,5,2,Stanly,2022-03-01
25,3,22,2,Stokes,2021-12-09
131,19,112,2,Stokes,2022-01-18
106,18,88,2,Stokes,2022-01-25
19,5,14,2,Stokes,2022-01-29
27,2,25,2,Stokes,2022-02-10
12,0,12,2,Stokes,2022-02-12
3,0,3,2,Stokes,2022-03-05
13,5,8,2,Surry,2021-11-21
47,25,22,2,Surry,2021-12-02
15,8,7,2,Surry,2021-12-12
79,34,45,2,Surry,2022-01-02
346,121,225,2,Surry,2022-01-10
321,78,243,2,Surry,2022-01-12
225,72,153,2,Surry,2022-01-14
58,29,29,2,Surry,2022-01-30
46,12,34,2,Surry,2022-02-11
22,7,15,2,Surry,2022-02-22
7,2,5,2,Surry,2022-03-03
7,0,7,2,Surry,2022-03-14
4,0,4,2,Swain,2021-12-21
10,3,7,2,Swain,2022-02-09
25,4,21,2,Transylvania,2022-02-04
71,18,53,2,Union,2021-11-12
86,17,69,2,Union,2021-12-03
86,23,63,2,Union,2021-12-09
188,27,161,2,Union,2021-12-22
523,109,414,2,Union,2021-12-28
862,159,703,2,Union,2022-01-11
890,174,716,2,Union,2022-01-12
383,112,271,2,Union,2022-01-15
673,131,542,2,Union,2022-01-20
568,107,461,2,Union,2022-01-21
297,61,236,2,Union,2022-01-28
180,45,135,2,Union,2022-02-02
170,44,126,2,Union,2022-02-07
88,17,71,2,Union,2022-02-14
53,15,38,2,Union,2022-02-18
41,11,30,2,Union,2022-02-21
14,1,13,2,Union,2022-03-28
23,3,20,2,Vance,2022-01-30
2,2,0,2,Vance,2022-02-19
192,14,178,2,Wake,2021-11-19
170,12,158,2,Wake,2021-11-20
437,42,395,2,Wake,2021-12-15
259,47,212,2,Wake,2021-12-19
789,52,737,2,Wake,2021-12-20
6268,229,6039,2,Wake,2022-01-05
5657,259,5398,2,Wake,2022-01-06
4906,240,4666,2,Wake,2022-01-14
2817,144,2673,2,Wake,2022-01-15
5336,292,5044,2,Wake,2022-01-19
3102,212,2890,2,Wake,2022-01-25
1828,134,1694,2,Wake,2022-01-28
1101,98,1003,2,Wake,2022-02-03
757,46,711,2,Wake,2022-02-05
570,51,519,2,Wake,2022-02-11
384,40,344,2,Wake,2022-02-21
297,31,266,2,Wake,2022-02-22
219,32,187,2,Wake,2022-02-24
126,15,111,2,Wake,2022-02-26
124,12,112,2,Wake,2022-03-03
44,8,36,2,Wake,2022-03-06
83,7,76,2,Wake,2022-03-10
60,8,52,2,Wake,2022-03-11
70,8,62,2,Wake,2022-03-18
45,8,37,2,Wake,2022-03-20
122,13,109,2,Wake,2022-03-21
24,5,19,2,Watauga,2021-12-23
39,21,18,2,Watauga,2022-01-22
55,26,29,2,Watauga,2022-01-23
89,47,42,2,Watauga,2022-01-28
23,7,16,2,Wayne,2021-11-26
46,26,20,2,Wayne,2021-12-22
656,342,314,2,Wayne,2022-01-11
435,206,229,2,Wayne,2022-01-24
165,61,104,2,Wayne,2022-01-28
58,4,54,2,Wayne,2022-01-30
191,82,109,2,Wayne,2022-01-31
1,1,0,2,Wayne,2022-03-19
10,5,5,2,Wilkes,2021-11-14
20,5,15,2,Wilkes,2021-11-22
27,19,8,2,Wilkes,2021-12-16
26,3,23,2,Wilkes,2022-01-16
200,44,156,2,Wilkes,2022-01-24
107,38,69,2,Wilkes,2022-01-27
57,18,39,2,Wilkes,2022-02-07
45,22,23,2,Wilkes,2022-02-11
32,11,21,2,Wilkes,2022-02-16
30,11,19,2,Wilkes,2022-02-17
14,6,8,2,Wilson,2021-11-10
427,91,336,2,Wilson,2022-01-10
342,72,270,2,Wilson,2022-01-12
36,11,25,2,Wilson,2022-01-16
79,22,57,2,Wilson,2022-01-28
95,27,68,2,Wilson,2022-01-31
28,7,21,2,Wilson,2022-02-10
10,1,9,2,Wilson,2022-02-19
38,10,28,2,Yadkin,2021-12-01
29,7,22,2,Yadkin,2021-12-08
15,7,8,2,Yadkin,2021-12-19
21,4,17,2,Yadkin,2021-12-25
96,16,80,2,Yadkin,2022-01-05
70,13,57,2,Yadkin,2022-01-08
49,11,38,2,Yadkin,2022-02-02
2,1,1,2,Yadkin,2022-02-27
2,0,2,2,Yadkin,2022-03-22
50,34,16,2,Yancey,2022-01-18
715,74,641,3,Alamance,2022-01-12
640,61,579,3,Alamance,2022-01-13
556,44,512,3,Alamance,2022-01-19
205,15,190,3,Alamance,2022-01-28
239,27,212,3,Alamance,2022-01-31
141,12,129,3,Alamance,2022-02-02
138,14,124,3,Alamance,2022-02-04
88,10,78,3,Alamance,2022-02-10
482,77,405,3,Brunswick,2022-01-19
392,55,337,3,Brunswick,2022-01-24
88,6,82,3,Brunswick,2022-01-29
87,20,67,3,Brunswick,2022-01-30
114,19,95,3,Brunswick,2022-02-04
71,2,69,3,Brunswick,2022-02-05
59,9,50,3,Brunswick,2022-02-10
28,5,23,3,Brunswick,2022-02-19
289,47,242,3,Buncombe,2022-01-08
697,213,484,3,Buncombe,2022-01-20
235,87,148,3,Buncombe,2022-02-04
217,97,120,3,Buncombe,2022-02-07
209,77,132,3,Buncombe,2022-02-08
177,77,100,3,Buncombe,2022-02-14
292,93,199,3,Burke,2022-01-24
110,31,79,3,Burke,2022-02-03
96,30,66,3,Burke,2022-02-08
51,1,50,3,Cabarrus,2021-12-12
59,7,52,3,Cabarrus,2021-12-18
199,34,165,3,Cabarrus,2021-12-22
209,52,157,3,Cabarrus,2021-12-23
635,175,460,3,Cabarrus,2022-01-06
679,128,551,3,Cabarrus,2022-01-12
46,14,32,3,Cabarrus,2022-02-13
28,10,18,3,Cabarrus,2022-02-19
23,5,18,3,Cabarrus,2022-02-20
14,3,11,3,Cabarrus,2022-03-02
138,28,110,3,Caldwell,2022-02-01
36,3,33,3,Caldwell,2022-02-05
45,8,37,3,Caldwell,2022-02-11
59,22,37,3,Catawba,2021-12-03
97,24,73,3,Catawba,2021-12-21
609,195,414,3,Catawba,2022-01-18
70,24,46,3,Catawba,2022-02-05
114,41,73,3,Catawba,2022-02-10
54,13,41,3,Catawba,2022-02-18
23,10,13,3,Catawba,2022-02-19
324,44,280,3,Cleveland,2022-01-20
107,19,88,3,Cleveland,2022-02-07
93,18,75,3,Cleveland,2022-02-08
59,8,51,3,Cleveland,2022-02-09
123,52,71,3,Columbus,2022-01-26
406,29,377,3,Cumberland,2022-01-08
1544,168,1376,3,Cumberland,2022-01-10
947,129,818,3,Cumberland,2022-01-14
1590,134,1456,3,Cumberland,2022-01-24
685,66,619,3,Cumberland,2022-01-27
438,57,381,3,Cumberland,2022-02-02
174,48,126,3,Cumberland,2022-02-10
89,15,74,3,Cumberland,2022-02-12
35,8,27,3,Cumberland,2022-02-19
94,12,82,3,Davidson,2021-12-22
151,17,134,3,Davidson,2022-01-02
364,49,315,3,Davidson,2022-01-07
629,76,553,3,Davidson,2022-01-14
341,36,305,3,Davidson,2022-01-25
80,7,73,3,Davidson,2022-01-29
196,14,182,3,Davidson,2022-02-01
145,17,128,3,Davidson,2022-02-04
93,14,79,3,Davidson,2022-02-09
34,3,31,3,Davidson,2022-02-12
44,11,33,3,Davidson,2022-02-21
21,6,15,3,Davidson,2022-02-24
351,146,205,3,Duplin,2022-01-19
22,8,14,3,Duplin,2022-02-15
61,5,56,3,Durham,2022-02-13
75,15,60,3,Durham,2022-02-18
4,1,3,3,Edgecombe,2022-02-06
68,6,62,3,Forsyth,2021-11-28
161,20,141,3,Forsyth,2021-12-13
177,25,152,3,Forsyth,2021-12-16
95,3,92,3,Forsyth,2021-12-18
97,14,83,3,Forsyth,2021-12-19
725,94,631,3,Forsyth,2021-12-27
1642,163,1479,3,Forsyth,2022-01-10
1424,150,1274,3,Forsyth,2022-01-13
80,10,70,3,Forsyth,2022-01-16
1005,137,868,3,Forsyth,2022-01-18
343,22,321,3,Forsyth,2022-01-22
788,90,698,3,Forsyth,2022-01-25
166,30,136,3,Forsyth,2022-02-10
131,18,113,3,Forsyth,2022-02-11
615,97,518,3,Gaston,2022-01-03
748,85,663,3,Gaston,2022-01-05
279,47,232,3,Gaston,2022-01-08
839,157,682,3,Gaston,2022-01-11
58,10,48,3,Gaston,2022-01-16
285,63,222,3,Gaston,2022-01-17
212,35,177,3,Gaston,2022-01-22
387,57,330,3,Gaston,2022-01-27
187,40,147,3,Gaston,2022-02-08
168,39,129,3,Gaston,2022-02-09
129,32,97,3,Gaston,2022-02-10
34,12,22,3,Gaston,2022-02-19
46,8,38,3,Gaston,2022-02-23
127,15,112,3,Guilford,2021-11-23
324,54,270,3,Guilford,2021-12-21
782,78,704,3,Guilford,2022-01-09
389,106,283,3,Guilford,2022-01-17
898,85,813,3,Guilford,2022-01-25
439,63,376,3,Guilford,2022-02-01
110,20,90,3,Guilford,2022-02-06
282,47,235,3,Guilford,2022-02-07
222,33,189,3,Guilford,2022-02-08
167,39,128,3,Guilford,2022-02-11
84,21,63,3,Guilford,2022-02-13
148,34,114,3,Guilford,2022-02-16
99,26,73,3,Guilford,2022-02-22
90,33,57,3,Guilford,2022-02-23
44,7,37,3,Guilford,2022-03-02
41,7,34,3,Guilford,2022-03-04
22,2,20,3,Guilford,2022-03-15
15,4,11,3,Halifax,2022-01-30
70,13,57,3,Harnett,2022-02-10
23,6,17,3,Harnett,2022-02-13
187,63,124,3,Haywood,2022-01-10
46,27,19,3,Haywood,2022-02-21
188,35,153,3,Henderson,2022-01-07
70,28,42,3,Henderson,2022-01-15
104,53,51,3,Henderson,2022-01-17
263,118,145,3,Henderson,2022-01-20
147,54,93,3,Henderson,2022-01-26
100,32,68,3,Henderson,2022-02-03
91,34,57,3,Henderson,2022-02-09
104,24,80,3,Iredell,2021-12-17
111,47,64,3,Iredell,2021-12-26
374,99,275,3,Iredell,2022-01-07
218,63,155,3,Iredell,2022-01-08
473,104,369,3,Iredell,2022-01-14
567,220,347,3,Iredell,2022-01-18
175,56,119,3,Iredell,2022-01-22
202,100,102,3,Iredell,2022-01-23
380,151,229,3,Iredell,2022-01-25
47,11,36,3,Iredell,2022-02-17
599,109,490,3,Johnston,2022-01-25
104,21,83,3,Johnston,2022-01-29
125,27,98,3,Johnston,2022-01-30
188,44,144,3,Johnston,2022-02-04
143,32,111,3,Johnston,2022-02-08
99,24,75,3,Johnston,2022-02-11
69,15,54,3,Johnston,2022-02-12
34,7,27,3,Lee,2022-02-08
24,5,19,3,Lenoir,2022-02-09
336,83,253,3,Lincoln,2022-01-19
90,23,67,3,Lincoln,2022-02-04
105,25,80,3,Macon,2022-01-20
12,0,12,3,Madison,2022-01-09
60,21,39,3,McDowell,2022-02-10
37,11,26,3,McDowell,2022-02-11
157,29,128,3,Mecklenburg,2021-11-11
349,63,286,3,Mecklenburg,2021-12-09
1650,196,1454,3,Mecklenburg,2021-12-22
1886,191,1695,3,Mecklenburg,2021-12-23
1141,159,982,3,Mecklenburg,2021-12-24
1159,142,1017,3,Mecklenburg,2021-12-26
1725,325,1400,3,Mecklenburg,2022-01-08
3061,361,2700,3,Mecklenburg,2022-01-14
1334,154,1180,3,Mecklenburg,2022-01-27
354,45,309,3,Mecklenburg,2022-02-05
457,82,375,3,Mecklenburg,2022-02-10
193,24,169,3,Mecklenburg,2022-02-12
177,30,147,3,Mecklenburg,2022-02-13
299,43,256,3,Mecklenburg,2022-02-16
221,37,184,3,Mecklenburg,2022-02-18
122,28,94,3,Mecklenburg,2022-02-20
93,18,75,3,Mecklenburg,2022-03-01
182,34,148,3,Moore,2022-01-26
19,4,15,3,Moore,2022-02-06
35,4,31,3,Nash,2021-12-08
742,132,610,3,New Hanover,2022-01-11
770,217,553,3,New Hanover,2022-01-24
360,77,283,3,New Hanover,2022-01-27
196,53,143,3,New Hanover,2022-02-03
41,15,26,3,New Hanover,2022-02-12
90,28,62,3,New Hanover,2022-02-14
20,3,17,3,New Hanover,2022-02-25
49,12,37,3,Northampton,2022-01-24
1042,137,905,3,Onslow,2022-01-10
273,22,251,3,Onslow,2022-01-23
516,89,427,3,Onslow,2022-01-25
199,37,162,3,Onslow,2022-02-03
159,22,137,3,Onslow,2022-02-04
59,6,53,3,Onslow,2022-02-16
7,2,5,3,Onslow,2022-03-10
11,2,9,3,Pitt,2022-02-19
393,107,286,3,Randolph,2022-01-20
43,15,28,3,Randolph,2022-02-05
80,27,53,3,Randolph,2022-02-09
50,12,38,3,Randolph,2022-02-14
31,7,24,3,Randolph,2022-02-18
36,12,24,3,Randolph,2022-02-21
29,9,20,3,Robeson,2021-11-23
195,60,135,3,Robeson,2022-01-27
53,22,31,3,Robeson,2022-01-29
56,24,32,3,Robeson,2022-01-30
49,27,22,3,Robeson,2022-02-05
8,3,5,3,Robeson,2022-02-19
38,1,37,3,Rockingham,2022-01-29
402,43,359,3,Rowan,2022-01-04
609,96,513,3,Rowan,2022-01-11
561,60,501,3,Rowan,2022-01-12
84,22,62,3,Rowan,2022-01-22
279,43,236,3,Rowan,2022-01-26
82,9,73,3,Rowan,2022-02-10
68,4,64,3,Rowan,2022-02-11
115,42,73,3,Rutherford,2022-01-31
55,12,43,3,Rutherford,2022-02-04
13,2,11,3,Stanly,2021-11-28
79,18,61,3,Stokes,2022-01-06
10,2,8,3,Stokes,2022-01-16
56,9,47,3,Stokes,2022-01-22
14,2,12,3,Stokes,2022-02-18
14,10,4,3,Surry,2022-01-16
62,34,28,3,Surry,2022-01-23
63,25,38,3,Surry,2022-02-04
39,15,24,3,Surry,2022-02-06
75,25,50,3,Surry,2022-02-08
108,20,88,3,Union,2021-11-30
89,16,73,3,Union,2021-12-14
671,145,526,3,Union,2022-01-07
497,93,404,3,Union,2022-01-17
213,38,175,3,Union,2022-01-22
667,121,546,3,Union,2022-01-24
127,33,94,3,Union,2022-01-29
107,22,85,3,Union,2022-02-11
58,17,41,3,Union,2022-02-12
3943,232,3711,3,Wake,2021-12-28
5937,295,5642,3,Wake,2022-01-12
417,41,376,3,Wake,2022-01-16
6158,398,5760,3,Wake,2022-01-18
4134,230,3904,3,Wake,2022-01-20
463,25,438,3,Wake,2022-01-22
2542,162,2380,3,Wake,2022-01-26
529,65,464,3,Wake,2022-01-30
1344,94,1250,3,Wake,2022-02-02
394,49,345,3,Wake,2022-02-17
377,41,336,3,Wake,2022-02-18
241,21,220,3,Wake,2022-02-19
272,27,245,3,Wake,2022-02-23
129,8,121,3,Wake,2022-03-07
35,5,30,3,Warren,2022-01-08
156,36,120,3,Wayne,2022-01-21
82,36,46,3,Wayne,2022-02-10
22,13,9,3,Wayne,2022-02-28
52,32,20,3,Wilkes,2022-01-30
80,29,51,3,Wilkes,2022-02-03
76,31,45,3,Wilkes,2022-02-04
61,5,56,3,Wilson,2022-02-03
13,2,11,3,Wilson,2022-02-13
275,28,247,4,Alamance,2022-01-27
57,9,48,4,Alamance,2022-02-05
11,4,7,4,Bladen,2022-02-10
741,213,528,4,Buncombe,2022-01-13
263,60,203,4,Buncombe,2022-01-15
426,117,309,4,Buncombe,2022-01-26
367,138,229,4,Buncombe,2022-01-31
86,27,59,4,Buncombe,2022-02-13
96,24,72,4,Buncombe,2022-02-16
40,14,26,4,Buncombe,2022-02-20
655,153,502,4,Cabarrus,2022-01-19
75,15,60,4,Cabarrus,2022-02-15
135,23,112,4,Caldwell,2022-01-15
81,22,59,4,Caldwell,2022-02-07
24,8,16,4,Catawba,2021-12-11
664,232,432,4,Catawba,2022-01-14
114,48,66,4,Catawba,2022-02-09
21,10,11,4,Catawba,2022-03-09
563,33,530,4,Durham,2022-01-09
325,20,305,4,Durham,2022-01-21
863,120,743,4,Forsyth,2021-12-30
1023,108,915,4,Forsyth,2022-01-07
662,27,635,4,Forsyth,2022-01-08
751,60,691,4,Forsyth,2022-01-15
543,64,479,4,Forsyth,2022-01-27
551,88,463,4,Forsyth,2022-01-31
286,33,253,4,Forsyth,2022-02-04
64,8,56,4,Forsyth,2022-02-12
100,21,79,4,Forsyth,2022-02-18
32,1,31,4,Forsyth,2022-02-20
34,5,29,4,Forsyth,2022-03-01
21,3,18,4,Forsyth,2022-03-10
656,85,571,4,Gaston,2022-01-06
866,129,737,4,Gaston,2022-01-19
618,110,508,4,Gaston,2022-01-24
310,69,241,4,Gaston,2022-02-01
242,73,169,4,Gaston,2022-02-07
30,7,23,4,Gaston,2022-02-20
1384,218,1166,4,Guilford,2022-01-07
2027,342,1685,4,Guilford,2022-01-10
1606,247,1359,4,Guilford,2022-01-14
857,70,787,4,Guilford,2022-01-15
326,29,297,4,Guilford,2022-01-22
528,72,456,4,Guilford,2022-01-28
234,36,198,4,Guilford,2022-01-30
209,48,161,4,Guilford,2022-02-10
99,22,77,4,Guilford,2022-02-18
60,17,43,4,Guilford,2022-02-24
15,3,12,4,Guilford,2022-03-06
150,54,96,4,Haywood,2022-01-24
576,197,379,4,Iredell,2022-01-04
211,48,163,4,Iredell,2022-01-28
147,48,99,4,Lincoln,2022-01-27
157,28,129,4,Mecklenburg,2021-11-27
3492,568,2924,4,Mecklenburg,2021-12-29
4385,635,3750,4,Mecklenburg,2022-01-05
3480,572,2908,4,Mecklenburg,2022-01-07
4526,715,3811,4,Mecklenburg,2022-01-10
1529,254,1275,4,Mecklenburg,2022-01-17
1755,310,1445,4,Mecklenburg,2022-01-21
2161,336,1825,4,Mecklenburg,2022-01-24
941,138,803,4,Mecklenburg,2022-02-01
910,130,780,4,Mecklenburg,2022-02-02
161,30,131,4,Mecklenburg,2022-02-23
74,14,60,4,Moore,2022-02-07
774,167,607,4,New Hanover,2022-01-10
39,7,32,4,New Hanover,2022-02-22
90,10,80,4,Onslow,2022-01-22
326,37,289,4,Onslow,2022-01-28
26,4,22,4,Randolph,2022-01-16
242,83,159,4,Randolph,2022-01-31
408,129,279,4,Robeson,2022-01-07
529,148,381,4,Robeson,2022-01-20
10,3,7,4,Robeson,2022-03-01
277,40,237,4,Rockingham,2022-01-20
82,13,69,4,Rockingham,2022-01-22
16,1,15,4,Rowan,2021-11-13
219,27,192,4,Rowan,2022-01-15
21,6,15,4,Rowan,2022-02-19
19,1,18,4,Stokes,2022-02-17
81,28,53,4,Surry,2022-01-22
56,17,39,4,Surry,2022-01-29
210,51,159,4,Union,2022-02-03
176,73,103,4,Union,2022-02-04
88,24,64,4,Union,2022-02-06
3209,115,3094,4,Wake,2022-01-08
3184,282,2902,4,Wake,2022-01-17
4428,288,4140,4,Wake,2022-01-24
608,68,540,4,Wake,2022-01-29
1062,90,972,4,Wake,2022-02-04
380,28,352,4,Wake,2022-02-12
453,65,388,4,Wake,2022-02-15
52,8,44,4,Wake,2022-03-05
96,7,89,4,Wake,2022-03-09
93,43,50,4,Wayne,2022-02-04
212,83,129,4,Wilkes,2022-01-20
318,59,259,4,Wilson,2022-01-07
144,28,116,4,Wilson,2022-01-26
768,70,698,5,Alamance,2022-01-11
65,10,55,5,Alamance,2022-02-06
628,218,410,5,Buncombe,2022-01-24
114,24,90,5,Buncombe,2022-02-05
852,214,638,5,Cabarrus,2022-01-10
304,65,239,5,Cabarrus,2022-01-15
235,70,165,5,Cabarrus,2022-02-02
225,61,164,5,Catawba,2022-01-08
286,115,171,5,Catawba,2022-01-28
197,76,121,5,Catawba,2022-02-02
247,42,205,5,Cumberland,2022-01-23
202,28,174,5,Cumberland,2022-01-30
40,7,33,5,Cumberland,2022-02-13
1466,125,1341,5,Forsyth,2022-01-14
1242,123,1119,5,Forsyth,2022-01-19
1153,122,1031,5,Forsyth,2022-01-20
496,65,431,5,Forsyth,2022-01-28
203,26,177,5,Forsyth,2022-01-30
138,38,100,5,Forsyth,2022-02-16
260,46,214,5,Gaston,2022-01-09
201,44,157,5,Gaston,2022-01-23
324,63,261,5,Gaston,2022-01-28
168,46,122,5,Gaston,2022-02-04
110,24,86,5,Gaston,2022-02-05
64,11,53,5,Gaston,2022-02-16
493,94,399,5,Guilford,2022-01-02
1514,222,1292,5,Guilford,2022-01-05
323,58,265,5,Guilford,2022-02-03
138,19,119,5,Guilford,2022-02-05
113,34,79,5,Guilford,2022-02-21
26,8,18,5,Guilford,2022-02-26
22,2,20,5,Guilford,2022-03-05
180,62,118,5,Henderson,2022-01-25
211,70,141,5,Iredell,2022-02-02
154,47,107,5,Iredell,2022-02-04
456,85,371,5,Johnston,2022-01-26
3375,380,2995,5,Mecklenburg,2021-12-28
2792,405,2387,5,Mecklenburg,2022-01-20
341,48,293,5,Mecklenburg,2022-02-06
280,81,199,5,Randolph,2022-01-25
85,31,54,5,Randolph,2022-01-30
111,36,75,5,Surry,2022-02-01
27,9,18,5,Surry,2022-02-17
725,131,594,5,Union,2022-01-06
5083,238,4845,5,Wake,2022-01-13
1105,151,954,5,Wake,2022-01-21
1076,128,948,5,Wake,2022-01-23
1974,126,1848,5,Wake,2022-01-27
1186,98,1088,5,Wake,2022-02-07
619,62,557,5,Wake,2022-02-10
138,42,96,5,Wilkes,2022-01-25
640,174,466,6,Cabarrus,2022-01-14
179,54,125,6,Catawba,2022-01-23
509,49,460,6,Cumberland,2022-01-21
316,61,255,6,Gaston,2022-01-15
168,30,138,6,Gaston,2022-01-29
76,17,59,6,Gaston,2022-02-12
99,33,66,6,Gaston,2022-02-15
1819,213,1606,6,Guilford,2022-01-12
4437,584,3853,6,Mecklenburg,2022-01-04
4093,637,3456,6,Mecklenburg,2022-01-06
236,40,196,6,Mecklenburg,2022-01-16
3258,445,2813,6,Mecklenburg,2022-01-18
767,161,606,6,Mecklenburg,2022-01-22
550,91,459,6,Mecklenburg,2022-01-30
297,33,264,6,Pitt,2022-01-27
137,32,105,6,Stokes,2022-01-20
99,22,77,6,Surry,2022-01-08
232,40,192,6,Wake,2022-02-13
910,87,823,7,Forsyth,2022-01-21
278,50,228,7,Forsyth,2022-02-07
148,26,122,7,Guilford,2022-01-16
1248,211,1037,7,Guilford,2022-01-18
1288,165,1123,7,Guilford,2022-01-20
465,41,424,7,Guilford,2022-01-23
1189,167,1022,7,Guilford,2022-01-24
3533,652,2881,7,Mecklenburg,2021-12-30
1819,305,1514,7,Mecklenburg,2022-01-02
3192,417,2775,7,Mecklenburg,2022-01-19
1585,250,1335,7,Mecklenburg,2022-01-26
1135,138,997,7,Mecklenburg,2022-01-28
20,11,9,7,Surry,2022-02-12
331,82,249,8,Cabarrus,2022-01-28
109,21,88,8,Cleveland,2022-02-03
730,133,597,8,Gaston,2022-01-18
309,41,268,8,Guilford,2022-02-04
1001,169,832,8,Mecklenburg,2022-01-23
514,97,417,8,Mecklenburg,2022-01-29
688,112,576,8,Mecklenburg,2022-02-07
578,109,469,8,Mecklenburg,2022-02-08
110,8,102,9,Forsyth,2022-02-06
751,104,647,9,Guilford,2022-01-26
1010,112,898,10,Forsyth,2022-01-24
653,92,561,10,Guilford,2022-01-27
3722,503,3219,10,Mecklenburg,2022-01-13
1812,305,1507,10,Mecklenburg,2022-01-25
69,9,60,10,Onslow,2022-01-29
669,91,578,11,Mecklenburg,2022-02-04
